Reference_Name	Position	Coverage Depth	Consensus	Deletions	Ambiguous	Consensus_Count	Consensus_Average_Quality
A_NP	1	30	A	0	0	30	37.3
A_NP	2	58	T	0	0	58	35.3
A_NP	3	83	G	0	0	83	37.8
A_NP	4	112	G	0	0	112	35.8
A_NP	5	131	C	0	0	131	37.9
A_NP	6	167	G	0	0	167	36.8
A_NP	7	196	T	0	0	196	34.6
A_NP	8	242	C	0	0	242	37.3
A_NP	9	267	T	0	0	267	36.4
A_NP	10	315	C	0	0	315	36.7
A_NP	11	346	A	0	0	346	34.2
A_NP	12	348	A	0	0	348	37.5
A_NP	13	365	G	0	0	365	34.5
A_NP	14	423	G	0	0	423	37.7
A_NP	15	426	C	0	0	426	34.3
A_NP	16	460	A	0	0	460	34.4
A_NP	17	472	C	0	0	472	34.8
A_NP	18	527	C	0	0	527	36.7
A_NP	19	586	A	0	0	586	34.8
A_NP	20	664	A	0	0	664	35.6
A_NP	21	718	A	0	0	718	37.3
A_NP	22	718	C	0	0	718	34.0
A_NP	23	766	G	0	0	766	34.7
A_NP	24	705	A	0	0	705	36.3
A_NP	25	863	T	0	0	863	34.0
A_NP	26	832	C	0	0	832	34.3
A_NP	27	865	C	0	0	865	35.2
A_NP	28	913	T	0	0	913	38.0
A_NP	29	952	A	0	0	952	36.0
A_NP	30	981	T	0	0	981	36.7
A_NP	31	944	G	0	0	944	34.7
A_NP	32	1056	A	0	0	1056	37.1
A_NP	33	1235	A	0	0	1235	36.0
A_NP	34	1153	C	0	0	1153	37.4
A_NP	35	1209	A	0	0	1209	35.8
A_NP	36	1294	A	0	0	1294	36.0
A_NP	37	1127	A	0	0	1127	34.9
A_NP	38	1242	T	0	0	1242	36.5
A_NP	39	1374	G	0	0	1374	36.2
A_NP	40	1375	G	0	0	1375	35.6
A_NP	41	1646	A	0	0	1646	37.9
A_NP	42	1541	A	0	0	1541	34.2
A_NP	43	1394	A	0	0	1394	34.2
A_NP	44	1723	C	0	0	1723	34.4
A_NP	45	1614	T	0	0	1614	34.3
A_NP	46	1663	G	0	0	1663	38.0
A_NP	47	1645	G	0	0	1645	35.5
A_NP	48	1642	T	0	0	1642	36.0
A_NP	49	1970	G	0	0	1970	34.9
A_NP	50	1944	G	0	0	1944	37.3
A_NP	51	1841	G	0	0	1841	37.0
A_NP	52	2146	G	0	0	2146	36.0
A_NP	53	2128	A	0	0	2128	36.2
A_NP	54	2091	A	0	0	2091	35.4
A_NP	55	2418	C	0	0	2418	34.5
A_NP	56	2055	G	0	0	2055	35.9
A_NP	57	2340	C	0	0	2340	35.4
A_NP	58	2265	C	0	0	2265	36.8
A_NP	59	2574	A	0	0	2574	35.1
A_NP	60	2251	G	0	0	2251	34.9
A_NP	61	2423	A	0	0	2423	35.8
A_NP	62	2738	A	0	0	2738	37.7
A_NP	63	2397	T	0	0	2397	34.6
A_NP	64	2808	G	0	0	2808	34.2
A_NP	65	2728	C	0	0	2728	34.9
A_NP	66	2567	C	0	0	2567	34.2
A_NP	67	2935	A	0	0	2935	34.7
A_NP	68	2629	C	0	0	2629	34.9
A_NP	69	3018	T	0	0	3018	35.9
A_NP	70	3116	G	0	0	3116	36.2
A_NP	71	3232	A	0	0	3232	37.9
A_NP	72	3003	A	0	0	3003	36.5
A_NP	73	3257	A	0	0	3257	34.7
A_NP	74	2771	T	0	0	2771	36.1
A_NP	75	3180	C	0	0	3180	36.7
A_NP	76	3621	A	0	0	3621	35.2
A_NP	77	3461	G	0	0	3461	36.8
A_NP	78	3442	A	0	0	3442	37.4
A_NP	79	3411	G	0	0	3411	35.9
A_NP	80	3298	C	0	0	3298	36.8
A_NP	81	3783	A	0	0	3783	34.6
A_NP	82	3370	T	0	0	3370	37.4
A_NP	83	3743	C	0	0	3743	35.3
A_NP	84	3974	T	0	0	3974	36.8
A_NP	85	3798	G	0	0	3798	35.4
A_NP	86	3623	T	0	0	3623	34.1
A_NP	87	3972	T	0	0	3972	34.5
A_NP	88	3974	G	0	0	3974	38.0
A_NP	89	4015	G	0	0	4015	34.9
A_NP	90	4047	A	0	0	4047	35.9
A_NP	91	4357	A	0	0	4357	36.4
A_NP	92	4296	G	0	0	4296	38.0
A_NP	93	4205	A	0	0	4205	34.1
A_NP	94	4213	A	0	0	4213	35.3
A_NP	95	4365	T	0	0	4365	35.6
A_NP	96	4294	G	0	0	4294	36.6
A_NP	97	4204	G	0	0	4204	34.8
A_NP	98	3830	T	0	0	3830	36.2
A_NP	99	4191	T	0	0	4191	37.6
A_NP	100	3999	G	0	0	3999	35.0
A_NP	101	4163	G	0	0	4163	35.3
A_NP	102	4325	C	0	0	4325	36.7
A_NP	103	4077	G	0	0	4077	35.7
A_NP	104	4125	G	0	0	4125	36.1
A_NP	105	4610	A	0	0	4610	35.2
A_NP	106	3797	A	0	0	3797	37.8
A_NP	107	3839	T	0	0	3839	36.4
A_NP	108	4021	C	0	0	4021	35.9
A_NP	109	4459	G	0	0	4459	37.5
A_NP	110	4445	G	0	0	4445	34.8
A_NP	111	3706	G	0	0	3706	34.1
A_NP	112	4103	A	0	0	4103	34.8
A_NP	113	4250	G	0	0	4250	34.9
A_NP	114	4242	A	0	0	4242	37.0
A_NP	115	4306	T	0	0	4306	35.1
A_NP	116	4448	T	0	0	4448	36.9
A_NP	117	4414	C	0	0	4414	36.7
A_NP	118	3473	T	0	0	3473	34.4
A_NP	119	4205	A	0	0	4205	37.1
A_NP	120	4013	C	0	0	4013	35.8
A_NP	121	3919	A	0	0	3919	34.3
A_NP	122	4290	T	0	0	4290	36.2
A_NP	123	3812	A	0	0	3812	35.6
A_NP	124	4183	C	0	0	4183	36.9
A_NP	125	3780	A	0	0	3780	37.0
A_NP	126	4038	G	0	0	4038	36.9
A_NP	127	4369	A	0	0	4369	36.2
A_NP	128	4090	T	0	0	4090	37.9
A_NP	129	4260	G	0	0	4260	34.7
A_NP	130	3767	T	0	0	3767	35.3
A_NP	131	3816	G	0	0	3816	36.5
A_NP	132	4415	C	0	0	4415	37.6
A_NP	133	4649	A	0	0	4649	37.7
A_NP	134	4160	C	0	0	4160	36.8
A_NP	135	4044	T	0	0	4044	36.5
A_NP	136	4319	G	0	0	4319	35.1
A_NP	137	4174	A	0	0	4174	34.7
A_NP	138	4631	G	0	0	4631	37.2
A_NP	139	4517	C	0	0	4517	36.5
A_NP	140	3842	T	0	0	3842	34.9
A_NP	141	3950	C	0	0	3950	36.5
A_NP	142	4276	A	0	0	4276	37.3
A_NP	143	4110	A	0	0	4110	34.6
A_NP	144	3799	A	0	0	3799	34.7
A_NP	145	4177	C	0	0	4177	34.6
A_NP	146	4176	T	0	0	4176	36.4
A_NP	147	3882	C	0	0	3882	37.7
A_NP	148	3396	A	0	0	3396	34.4
A_NP	149	3865	G	0	0	3865	37.9
A_NP	150	3939	T	0	0	3939	37.0
A_NP	151	3647	G	0	0	3647	36.8
A_NP	152	3827	A	0	0	3827	37.1
A_NP	153	3868	T	0	0	3868	34.2
A_NP	154	3715	T	0	0	3715	36.2
A_NP	155	4025	A	0	0	4025	34.7
A_NP	156	3974	C	0	0	3974	36.1
A_NP	157	4046	G	0	0	4046	35.1
A_NP	158	3726	A	0	0	3726	35.7
A_NP	159	3573	A	0	0	3573	35.1
A_NP	160	3866	G	0	0	3866	35.0
A_NP	161	3847	G	0	0	3847	36.4
A_NP	162	3765	G	0	0	3765	37.0
A_NP	163	3871	A	0	0	3871	34.7
A_NP	164	3657	G	0	0	3657	37.2
A_NP	165	4121	G	0	0	4121	36.6
A_NP	166	3606	C	0	0	3606	34.5
A_NP	167	3415	T	0	0	3415	34.9
A_NP	168	3659	G	0	0	3659	35.9
A_NP	169	3556	A	0	0	3556	37.7
A_NP	170	3582	T	0	0	3582	37.0
A_NP	171	3449	C	0	0	3449	34.1
A_NP	172	3418	C	0	0	3418	35.8
A_NP	173	3821	A	0	0	3821	38.0
A_NP	174	3490	A	0	0	3490	36.7
A_NP	175	3659	A	0	0	3659	34.5
A_NP	176	3599	A	0	0	3599	37.8
A_NP	177	3447	C	0	0	3447	34.8
A_NP	178	3523	A	0	0	3523	36.5
A_NP	179	3494	G	0	0	3494	34.8
A_NP	180	4072	C	0	0	4072	37.5
A_NP	181	3123	A	0	0	3123	34.8
A_NP	182	3382	T	0	0	3382	35.1
A_NP	183	3848	A	0	0	3848	37.4
A_NP	184	3500	A	0	0	3500	34.9
A_NP	185	3247	C	0	0	3247	37.8
A_NP	186	3414	C	0	0	3414	34.7
A_NP	187	3556	A	0	0	3556	37.8
A_NP	188	3706	T	0	0	3706	35.5
A_NP	189	3783	A	0	0	3783	34.2
A_NP	190	3568	G	0	0	3568	36.2
A_NP	191	3665	A	0	0	3665	34.4
A_NP	192	3395	A	0	0	3395	35.3
A_NP	193	3236	A	0	0	3236	35.3
A_NP	194	3485	G	0	0	3485	34.9
A_NP	195	3598	G	0	0	3598	36.2
A_NP	196	3936	A	0	0	3936	36.8
A_NP	197	3262	T	0	0	3262	34.3
A_NP	198	3804	G	0	0	3804	37.7
A_NP	199	3676	G	0	0	3676	35.1
A_NP	200	3330	T	0	0	3330	38.0
A_NP	201	3515	T	0	0	3515	35.7
A_NP	202	3585	C	0	0	3585	34.2
A_NP	203	3243	T	0	0	3243	37.1
A_NP	204	3363	C	0	0	3363	34.2
A_NP	205	3774	T	0	0	3774	36.8
A_NP	206	3355	C	0	0	3355	37.1
A_NP	207	3358	G	0	0	3358	34.8
A_NP	208	3891	G	0	0	3891	36.2
A_NP	209	3351	C	0	0	3351	35.7
A_NP	210	3489	A	0	0	3489	35.7
A_NP	211	3416	T	0	0	3416	35.4
A_NP	212	3238	T	0	0	3238	34.3
A_NP	213	3499	T	0	0	3499	37.2
A_NP	214	3222	G	0	0	3222	36.8
A_NP	215	3824	A	0	0	3824	35.0
A_NP	216	3882	T	0	0	3882	36.5
A_NP	217	3757	G	0	0	3757	35.0
A_NP	218	3871	A	0	0	3871	35.1
A_NP	219	3246	G	0	0	3246	35.5
A_NP	220	3604	A	0	0	3604	35.1
A_NP	221	3805	G	0	0	3805	37.4
A_NP	222	3476	G	0	0	3476	35.7
A_NP	223	3581	A	0	0	3581	38.0
A_NP	224	3438	G	0	0	3438	37.6
A_NP	225	3679	G	0	0	3679	36.2
A_NP	226	3481	A	0	0	3481	35.8
A_NP	227	3367	A	0	0	3367	35.0
A_NP	228	3408	C	0	0	3408	37.1
A_NP	229	3799	A	0	0	3799	36.9
A_NP	230	3448	A	0	0	3448	34.8
A_NP	231	3611	G	0	0	3611	35.2
A_NP	232	3687	T	0	0	3687	37.7
A_NP	233	3347	A	0	0	3347	34.5
A_NP	234	3539	C	0	0	3539	35.4
A_NP	235	3332	C	0	0	3332	37.9
A_NP	236	3438	T	0	0	3438	34.9
A_NP	237	3779	G	0	0	3779	36.0
A_NP	238	3289	G	0	0	3289	36.1
A_NP	239	3654	A	0	0	3654	34.6
A_NP	240	3227	G	0	0	3227	36.3
A_NP	241	3740	G	0	0	3740	36.5
A_NP	242	3685	A	0	0	3685	34.1
A_NP	243	3497	A	0	0	3497	36.9
A_NP	244	3743	C	0	0	3743	35.4
A_NP	245	3391	A	0	0	3391	35.6
A_NP	246	3451	T	0	0	3451	37.7
A_NP	247	3743	C	0	0	3743	37.4
A_NP	248	3888	C	0	0	3888	35.0
A_NP	249	3991	C	0	0	3991	34.4
A_NP	250	3666	A	0	0	3666	34.4
A_NP	251	3396	G	0	0	3396	36.1
A_NP	252	3477	T	0	0	3477	36.8
A_NP	253	3436	G	0	0	3436	35.7
A_NP	254	4117	C	0	0	4117	36.2
A_NP	255	3932	C	0	0	3932	34.0
A_NP	256	4167	G	0	0	4167	35.6
A_NP	257	3777	G	0	0	3777	34.5
A_NP	258	3878	G	0	0	3878	36.3
A_NP	259	3871	A	0	0	3871	34.7
A_NP	260	4094	A	0	0	4094	37.1
A_NP	261	3753	G	0	0	3753	35.3
A_NP	262	3520	G	0	0	3520	37.0
A_NP	263	3828	A	0	0	3828	37.1
A_NP	264	4085	T	0	0	4085	34.7
A_NP	265	3672	C	0	0	3672	34.7
A_NP	266	4017	C	0	0	4017	35.4
A_NP	267	3573	C	0	0	3573	37.2
A_NP	268	3580	A	0	0	3580	34.2
A_NP	269	3326	A	0	0	3326	37.9
A_NP	270	3904	G	0	0	3904	37.2
A_NP	271	3758	A	0	0	3758	37.7
A_NP	272	3834	A	0	0	3834	34.9
A_NP	273	3591	G	0	0	3591	37.0
A_NP	274	3869	A	0	0	3869	35.7
A_NP	275	4071	C	0	0	4071	37.8
A_NP	276	3558	T	0	0	3558	36.1
A_NP	277	3675	G	0	0	3675	36.9
A_NP	278	3907	G	0	0	3907	35.9
A_NP	279	3644	A	0	0	3644	38.0
A_NP	280	4319	G	0	0	4319	37.3
A_NP	281	3731	G	0	0	3731	35.5
A_NP	282	3739	T	0	0	3739	37.6
A_NP	283	3841	C	0	0	3841	36.0
A_NP	284	3982	C	0	0	3982	35.0
A_NP	285	3845	A	0	0	3845	37.4
A_NP	286	3887	A	0	0	3887	37.3
A_NP	287	3995	T	0	0	3995	36.6
A_NP	288	3538	C	0	0	3538	34.9
A_NP	289	4175	T	0	0	4175	37.3
A_NP	290	3976	A	0	0	3976	35.0
A_NP	291	4113	C	0	0	4113	35.9
A_NP	292	3762	A	0	0	3762	36.7
A_NP	293	3848	G	0	0	3848	35.3
A_NP	294	3979	G	0	0	3979	34.0
A_NP	295	3594	A	0	0	3594	36.0
A_NP	296	3745	G	0	0	3745	37.5
A_NP	297	3766	G	0	0	3766	35.6
A_NP	298	3877	A	0	0	3877	38.0
A_NP	299	3462	G	0	0	3462	34.8
A_NP	300	3703	A	0	0	3703	37.7
A_NP	301	3986	G	0	0	3986	34.9
A_NP	302	3493	A	0	0	3493	37.0
A_NP	303	3983	T	0	0	3983	35.4
A_NP	304	4099	G	0	0	4099	35.3
A_NP	305	3895	G	0	0	3895	36.7
A_NP	306	3823	C	0	0	3823	36.9
A_NP	307	3298	A	0	0	3298	37.1
A_NP	308	3906	A	0	0	3906	34.6
A_NP	309	3639	A	0	0	3639	34.5
A_NP	310	3684	T	0	0	3684	37.8
A_NP	311	3720	G	0	0	3720	37.0
A_NP	312	3581	G	0	0	3581	34.6
A_NP	313	3619	G	0	0	3619	37.1
A_NP	314	3764	T	0	0	3764	35.0
A_NP	315	3836	G	0	0	3836	36.8
A_NP	316	3658	A	0	0	3658	35.2
A_NP	317	3636	G	0	0	3636	37.6
A_NP	318	4350	A	0	0	4350	34.6
A_NP	319	3588	G	0	0	3588	35.5
A_NP	320	3285	A	0	0	3285	35.3
A_NP	321	3136	G	0	0	3136	36.6
A_NP	322	3455	T	0	0	3455	36.3
A_NP	323	3395	T	0	0	3395	37.2
A_NP	324	3432	G	0	0	3432	37.6
A_NP	325	3982	A	0	0	3982	34.5
A_NP	326	3600	T	0	0	3600	36.4
A_NP	327	3434	C	0	0	3434	36.3
A_NP	328	3130	C	0	0	3130	36.1
A_NP	329	3078	T	0	0	3078	35.5
A_NP	330	3333	C	0	0	3333	35.4
A_NP	331	3072	T	0	0	3072	37.6
A_NP	332	3366	A	0	0	3366	36.6
A_NP	333	3378	C	0	0	3378	35.5
A_NP	334	3048	G	0	0	3048	36.3
A_NP	335	3723	A	0	0	3723	36.2
A_NP	336	2968	C	0	0	2968	37.2
A_NP	337	3295	A	0	0	3295	35.3
A_NP	338	3063	A	0	0	3063	35.1
A_NP	339	3344	A	0	0	3344	37.5
A_NP	340	3475	G	0	0	3475	34.1
A_NP	341	2940	A	0	0	2940	37.1
A_NP	342	3091	A	0	0	3091	35.3
A_NP	343	2960	G	0	0	2960	37.1
A_NP	344	2965	A	0	0	2965	37.9
A_NP	345	2799	G	0	0	2799	34.7
A_NP	346	2971	A	0	0	2971	34.2
A_NP	347	3119	T	0	0	3119	35.0
A_NP	348	3207	C	0	0	3207	36.8
A_NP	349	3013	A	0	0	3013	34.3
A_NP	350	2824	G	0	0	2824	36.7
A_NP	351	3270	A	0	0	3270	37.0
A_NP	352	3314	A	0	0	3314	37.6
A_NP	353	2966	G	0	0	2966	35.1
A_NP	354	2998	A	0	0	2998	37.9
A_NP	355	3003	A	0	0	3003	36.3
A_NP	356	2784	T	0	0	2784	36.2
A_NP	357	2872	T	0	0	2872	37.4
A_NP	358	2734	T	0	0	2734	37.3
A_NP	359	2728	G	0	0	2728	34.8
A_NP	360	2839	G	0	0	2839	36.9
A_NP	361	2754	C	0	0	2754	36.8
A_NP	362	2647	G	0	0	2647	35.0
A_NP	363	2942	T	0	0	2942	37.0
A_NP	364	2512	C	0	0	2512	37.7
A_NP	365	2556	A	0	0	2556	34.8
A_NP	366	2677	A	0	0	2677	36.6
A_NP	367	2722	G	0	0	2722	37.7
A_NP	368	2447	C	0	0	2447	37.7
A_NP	369	2812	T	0	0	2812	34.1
A_NP	370	2689	A	0	0	2689	35.1
A_NP	371	2497	A	0	0	2497	36.7
A_NP	372	2347	T	0	0	2347	37.6
A_NP	373	2412	A	0	0	2412	34.4
A_NP	374	2630	A	0	0	2630	38.0
A_NP	375	2601	T	0	0	2601	36.3
A_NP	376	2416	G	0	0	2416	37.7
A_NP	377	2732	G	0	0	2732	35.6
A_NP	378	2399	A	0	0	2399	37.7
A_NP	379	2465	G	0	0	2465	35.8
A_NP	380	2220	A	0	0	2220	35.7
A_NP	381	2126	G	0	0	2126	36.1
A_NP	382	2065	G	0	0	2065	35.8
A_NP	383	2325	A	0	0	2325	34.0
A_NP	384	2338	T	0	0	2338	35.9
A_NP	385	2267	G	0	0	2267	37.6
A_NP	386	2446	C	0	0	2446	34.9
A_NP	387	2234	A	0	0	2234	34.7
A_NP	388	2360	A	0	0	2360	36.4
A_NP	389	2527	C	0	0	2527	35.2
A_NP	390	2425	T	0	0	2425	34.2
A_NP	391	2240	G	0	0	2240	36.1
A_NP	392	2319	C	0	0	2319	34.0
A_NP	393	2477	T	0	0	2477	34.9
A_NP	394	2081	G	0	0	2081	35.5
A_NP	395	2042	G	0	0	2042	37.1
A_NP	396	2316	T	0	0	2316	34.9
A_NP	397	2351	C	0	0	2351	34.3
A_NP	398	2134	T	0	0	2134	35.8
A_NP	399	2271	C	0	0	2271	35.5
A_NP	400	2034	A	0	0	2034	35.6
A_NP	401	2201	C	0	0	2201	37.6
A_NP	402	2001	T	0	0	2001	35.8
A_NP	403	2140	C	0	0	2140	35.0
A_NP	404	2277	A	0	0	2277	34.3
A_NP	405	2149	T	0	0	2149	38.0
A_NP	406	1933	T	0	0	1933	36.2
A_NP	407	2225	T	0	0	2225	37.6
A_NP	408	2211	G	0	0	2211	34.9
A_NP	409	1970	A	0	0	1970	34.3
A_NP	410	2205	T	0	0	2205	35.5
A_NP	411	1974	G	0	0	1974	37.0
A_NP	412	2163	A	0	0	2163	37.3
A_NP	413	2011	T	0	0	2011	35.7
A_NP	414	2407	T	0	0	2407	37.8
A_NP	415	2387	T	0	0	2387	35.5
A_NP	416	2105	G	0	0	2105	36.2
A_NP	417	2145	G	0	0	2145	36.3
A_NP	418	2203	C	0	0	2203	35.4
A_NP	419	2357	A	0	0	2357	35.6
A_NP	420	2134	T	0	0	2134	36.2
A_NP	421	2152	T	0	0	2152	36.8
A_NP	422	2111	C	0	0	2111	34.8
A_NP	423	2315	C	0	0	2315	37.4
A_NP	424	2015	A	0	0	2015	34.7
A_NP	425	2146	A	0	0	2146	36.3
A_NP	426	1914	T	0	0	1914	34.2
A_NP	427	2202	C	0	0	2202	34.4
A_NP	428	2126	T	0	0	2126	36.4
A_NP	429	2382	G	0	0	2382	37.3
A_NP	430	2175	A	0	0	2175	35.6
A_NP	431	2128	A	0	0	2128	36.7
A_NP	432	2020	T	0	0	2020	35.1
A_NP	433	2097	G	0	0	2097	36.4
A_NP	434	2319	A	0	0	2319	36.0
A_NP	435	2037	T	0	0	2037	36.8
A_NP	436	2115	G	0	0	2115	35.3
A_NP	437	2213	C	0	0	2213	35.9
A_NP	438	2064	C	0	0	2064	37.5
A_NP	439	2258	A	0	0	2258	35.7
A_NP	440	2264	C	0	0	2264	34.4
A_NP	441	2542	A	0	0	2542	35.0
A_NP	442	2405	T	0	0	2405	35.6
A_NP	443	2300	A	0	0	2300	36.3
A_NP	444	2298	C	0	0	2298	35.4
A_NP	445	2392	C	0	0	2392	36.5
A_NP	446	2328	A	0	0	2328	36.6
A_NP	447	2073	G	0	0	2073	37.6
A_NP	448	2392	A	0	0	2392	34.5
A_NP	449	2460	G	0	0	2460	37.1
A_NP	450	2414	A	0	0	2414	37.8
A_NP	451	2413	A	0	0	2413	37.7
A_NP	452	2298	C	0	0	2298	36.6
A_NP	453	2323	A	0	0	2323	37.8
A_NP	454	2491	A	0	0	2491	36.2
A_NP	455	2501	G	0	0	2501	36.2
A_NP	456	2491	G	0	0	2491	35.9
A_NP	457	2434	G	0	0	2434	36.0
A_NP	458	2628	C	0	0	2628	36.0
A_NP	459	2380	A	0	0	2380	37.2
A_NP	460	2370	C	0	0	2370	37.1
A_NP	461	2532	T	0	0	2532	37.8
A_NP	462	2681	T	0	0	2681	34.6
A_NP	463	2654	G	0	0	2654	36.5
A_NP	464	2613	T	0	0	2613	37.2
A_NP	465	2822	G	0	0	2822	34.1
A_NP	466	2847	C	0	0	2847	35.5
A_NP	467	2606	G	0	0	2606	34.2
A_NP	468	2883	T	0	0	2883	36.2
A_NP	469	2790	A	0	0	2790	34.7
A_NP	470	2603	C	0	0	2603	37.4
A_NP	471	2507	T	0	0	2507	36.5
A_NP	472	2753	G	0	0	2753	35.8
A_NP	473	2590	G	0	0	2590	34.9
A_NP	474	2878	A	0	0	2878	34.1
A_NP	475	2680	A	0	0	2680	35.7
A_NP	476	2748	T	0	0	2748	35.5
A_NP	477	2890	G	0	0	2890	35.1
A_NP	478	2875	G	0	0	2875	37.0
A_NP	479	2835	A	0	0	2835	36.4
A_NP	480	3009	C	0	0	3009	37.7
A_NP	481	2823	C	0	0	2823	36.6
A_NP	482	3003	C	0	0	3003	36.5
A_NP	483	3057	T	0	0	3057	36.8
A_NP	484	2922	A	0	0	2922	35.6
A_NP	485	2965	G	0	0	2965	37.8
A_NP	486	3219	A	0	0	3219	37.6
A_NP	487	3231	A	0	0	3231	37.6
A_NP	488	3467	T	0	0	3467	36.1
A_NP	489	2888	G	0	0	2888	35.2
A_NP	490	3114	T	0	0	3114	34.6
A_NP	491	3071	G	0	0	3071	36.8
A_NP	492	2803	C	0	0	2803	36.9
A_NP	493	2904	T	0	0	2904	37.6
A_NP	494	3047	C	0	0	3047	37.8
A_NP	495	3359	T	0	0	3359	34.6
A_NP	496	3273	C	0	0	3273	35.9
A_NP	497	3068	T	0	0	3068	34.7
A_NP	498	3179	G	0	0	3179	34.1
A_NP	499	3037	A	0	0	3037	35.9
A_NP	500	3289	T	0	0	3289	36.2
A_NP	501	3142	G	0	0	3142	37.7
A_NP	502	3552	C	0	0	3552	35.3
A_NP	503	3162	A	0	0	3162	36.4
A_NP	504	3298	A	0	0	3298	34.7
A_NP	505	3585	G	0	0	3585	36.6
A_NP	506	3526	G	0	0	3526	34.9
A_NP	507	3415	C	0	0	3415	38.0
A_NP	508	3519	T	0	0	3519	36.6
A_NP	509	3498	C	0	0	3498	34.9
A_NP	510	3338	A	0	0	3338	37.6
A_NP	511	3140	A	0	0	3140	36.3
A_NP	512	3403	C	0	0	3403	34.9
A_NP	513	3370	C	0	0	3370	34.6
A_NP	514	3487	C	0	0	3487	36.2
A_NP	515	3421	T	0	0	3421	34.1
A_NP	516	3390	C	0	0	3390	34.2
A_NP	517	3404	C	0	0	3404	35.2
A_NP	518	3282	C	0	0	3282	36.2
A_NP	519	3450	T	0	0	3450	36.0
A_NP	520	3546	A	0	0	3546	36.4
A_NP	521	3694	G	0	0	3694	34.1
A_NP	522	3453	G	0	0	3453	37.6
A_NP	523	3851	A	0	0	3851	34.1
A_NP	524	3305	G	0	0	3305	34.6
A_NP	525	3919	A	0	0	3919	37.4
A_NP	526	3473	T	0	0	3473	36.9
A_NP	527	3526	C	0	0	3526	34.8
A_NP	528	3788	C	0	0	3788	34.0
A_NP	529	3548	G	0	0	3548	35.3
A_NP	530	3358	G	0	0	3358	36.4
A_NP	531	3428	G	0	0	3428	37.5
A_NP	532	3595	G	0	0	3595	37.9
A_NP	533	3470	C	0	0	3470	34.1
A_NP	534	3341	T	0	0	3341	35.3
A_NP	535	3717	G	0	0	3717	37.0
A_NP	536	3687	C	0	0	3687	36.2
A_NP	537	3496	T	0	0	3496	36.8
A_NP	538	3366	G	0	0	3366	37.0
A_NP	539	3743	G	0	0	3743	34.3
A_NP	540	3642	A	0	0	3642	36.7
A_NP	541	3337	G	0	0	3337	36.5
A_NP	542	3676	C	0	0	3676	34.7
A_NP	543	3585	A	0	0	3585	36.0
A_NP	544	3560	G	0	0	3560	35.5
A_NP	545	3685	C	0	0	3685	34.3
A_NP	546	3403	A	0	0	3403	35.0
A_NP	547	3484	G	0	0	3484	38.0
A_NP	548	3501	T	0	0	3501	34.1
A_NP	549	3885	G	0	0	3885	34.9
A_NP	550	3643	A	0	0	3643	37.7
A_NP	551	3567	A	0	0	3567	35.0
A_NP	552	3500	A	0	0	3500	37.4
A_NP	553	3446	G	0	0	3446	37.7
A_NP	554	3375	G	0	0	3375	34.4
A_NP	555	3750	A	0	0	3750	34.8
A_NP	556	3582	G	0	0	3582	36.3
A_NP	557	3546	T	0	0	3546	37.9
A_NP	558	3576	T	0	0	3576	36.1
A_NP	559	3593	G	0	0	3593	36.5
A_NP	560	3489	G	0	0	3489	37.5
A_NP	561	3079	A	0	0	3079	34.7
A_NP	562	3457	A	0	0	3457	34.7
A_NP	563	3298	C	0	0	3298	36.2
A_NP	564	3400	A	0	0	3400	36.9
A_NP	565	3358	A	0	0	3358	35.6
A_NP	566	3379	T	0	0	3379	36.8
A_NP	567	3758	G	0	0	3758	37.9
A_NP	568	3351	G	0	0	3351	36.1
A_NP	569	3633	T	0	0	3633	36.7
A_NP	570	3963	G	0	0	3963	35.0
A_NP	571	3768	A	0	0	3768	36.9
A_NP	572	3715	T	0	0	3715	36.6
A_NP	573	3287	G	0	0	3287	37.0
A_NP	574	3720	G	0	0	3720	34.8
A_NP	575	3694	A	0	0	3694	36.3
A_NP	576	3352	A	0	0	3352	36.7
A_NP	577	3359	C	0	0	3359	34.0
A_NP	578	3148	T	0	0	3148	35.0
A_NP	579	3027	A	0	0	3027	36.5
A_NP	580	3789	A	0	0	3789	36.2
A_NP	581	3538	T	0	0	3538	34.0
A_NP	582	3341	T	0	0	3341	36.4
A_NP	583	3613	C	0	0	3613	37.4
A_NP	584	3365	G	0	0	3365	35.3
A_NP	585	3227	A	0	0	3227	38.0
A_NP	586	3726	A	0	0	3726	36.3
A_NP	587	3436	T	0	0	3436	37.6
A_NP	588	4287	G	0	0	4287	37.6
A_NP	589	3428	A	0	0	3428	35.0
A_NP	590	3650	T	0	0	3650	37.8
A_NP	591	3284	C	0	0	3284	38.0
A_NP	592	3528	A	0	0	3528	34.3
A_NP	593	3278	A	0	0	3278	37.7
A_NP	594	3315	A	0	0	3315	35.8
A_NP	595	3352	C	0	0	3352	34.1
A_NP	596	3418	G	0	0	3418	35.7
A_NP	597	3499	A	0	0	3499	37.0
A_NP	598	3268	G	0	0	3268	36.5
A_NP	599	3293	G	0	0	3293	35.4
A_NP	600	3272	G	0	0	3272	36.9
A_NP	601	3604	A	0	0	3604	37.7
A_NP	602	3244	T	0	0	3244	35.9
A_NP	603	3229	C	0	0	3229	35.7
A_NP	604	3387	A	0	0	3387	35.0
A_NP	605	3292	A	0	0	3292	35.6
A_NP	606	3109	T	0	0	3109	37.0
A_NP	607	3180	G	0	0	3180	34.9
A_NP	608	3667	A	0	0	3667	37.8
A_NP	609	3375	T	0	0	3375	34.1
A_NP	610	3240	C	0	0	3240	37.3
A_NP	611	3430	G	0	0	3430	34.3
A_NP	612	3237	G	0	0	3237	36.0
A_NP	613	3519	A	0	0	3519	37.5
A_NP	614	3657	A	0	0	3657	37.6
A_NP	615	3396	T	0	0	3396	35.5
A_NP	616	3103	T	0	0	3103	37.5
A_NP	617	3274	T	0	0	3274	34.9
A_NP	618	3928	C	0	0	3928	37.5
A_NP	619	3341	T	0	0	3341	34.3
A_NP	620	3302	G	0	0	3302	36.9
A_NP	621	3161	G	0	0	3161	35.7
A_NP	622	3433	A	0	0	3433	35.1
A_NP	623	3297	G	0	0	3297	37.4
A_NP	624	3674	A	0	0	3674	37.3
A_NP	625	3265	G	0	0	3265	35.4
A_NP	626	3353	G	0	0	3353	35.7
A_NP	627	3453	C	0	0	3453	35.5
A_NP	628	3783	G	0	0	3783	35.2
A_NP	629	3449	A	0	0	3449	37.0
A_NP	630	3629	A	0	0	3629	35.5
A_NP	631	3745	A	0	0	3745	37.4
A_NP	632	3631	A	0	0	3631	37.8
A_NP	633	3576	C	0	0	3576	37.0
A_NP	634	3135	G	0	0	3135	36.1
A_NP	635	3335	G	0	0	3335	37.4
A_NP	636	3118	T	0	0	3118	36.5
A_NP	637	3642	C	0	0	3642	37.6
A_NP	638	3623	G	0	0	3623	35.3
A_NP	639	3657	G	0	0	3657	34.7
A_NP	640	4089	A	0	0	4089	37.8
A_NP	641	3903	G	0	0	3903	35.1
A_NP	642	3341	A	0	0	3341	34.1
A_NP	643	3532	A	0	0	3532	34.8
A_NP	644	3767	C	0	0	3767	34.6
A_NP	645	3679	C	0	0	3679	34.1
A_NP	646	3725	A	0	0	3725	34.2
A_NP	647	3647	G	0	0	3647	36.1
A_NP	648	3350	G	0	0	3350	36.5
A_NP	649	3701	A	0	0	3701	36.7
A_NP	650	3388	T	0	0	3388	34.8
A_NP	651	3769	T	0	0	3769	35.2
A_NP	652	3593	G	0	0	3593	37.0
A_NP	653	3756	C	0	0	3756	37.8
A_NP	654	4160	C	0	0	4160	35.3
A_NP	655	4054	T	0	0	4054	37.5
A_NP	656	4352	A	0	0	4352	35.2
A_NP	657	3534	C	0	0	3534	34.0
A_NP	658	3889	G	0	0	3889	35.9
A_NP	659	3628	A	0	0	3628	34.7
A_NP	660	3429	G	0	0	3429	34.4
A_NP	661	3850	A	0	0	3850	34.6
A_NP	662	4065	G	0	0	4065	37.9
A_NP	663	4034	A	0	0	4034	37.4
A_NP	664	3680	A	0	0	3680	35.7
A_NP	665	3919	T	0	0	3919	35.1
A_NP	666	4359	G	0	0	4359	35.5
A_NP	667	3744	T	0	0	3744	36.0
A_NP	668	4132	G	0	0	4132	36.3
A_NP	669	3663	C	0	0	3663	35.5
A_NP	670	3989	A	0	0	3989	36.9
A_NP	671	3664	A	0	0	3664	37.9
A_NP	672	3986	C	0	0	3986	36.9
A_NP	673	3768	A	0	0	3768	36.1
A_NP	674	3907	T	0	0	3907	35.5
A_NP	675	3988	C	0	0	3988	35.4
A_NP	676	3900	C	0	0	3900	37.8
A_NP	677	3926	T	0	0	3926	37.8
A_NP	678	3889	C	0	0	3889	34.3
A_NP	679	4269	A	0	0	4269	35.7
A_NP	680	4046	A	0	0	4046	36.1
A_NP	681	4182	G	0	0	4182	34.3
A_NP	682	4335	G	0	0	4335	34.0
A_NP	683	4318	G	0	0	4318	35.1
A_NP	684	4053	A	0	0	4053	35.8
A_NP	685	3942	A	0	0	3942	35.9
A_NP	686	3835	A	0	0	3835	37.2
A_NP	687	3598	G	0	0	3598	37.3
A_NP	688	4185	T	0	0	4185	35.5
A_NP	689	3823	T	0	0	3823	35.2
A_NP	690	4196	C	0	0	4196	34.7
A_NP	691	4219	C	0	0	4219	35.7
A_NP	692	4151	A	0	0	4151	37.3
A_NP	693	4063	A	0	0	4063	34.7
A_NP	694	3985	A	0	0	3985	36.0
A_NP	695	3689	C	0	0	3689	34.3
A_NP	696	3858	A	0	0	3858	37.7
A_NP	697	3728	G	0	0	3728	36.0
A_NP	698	4302	C	0	0	4302	34.3
A_NP	699	4440	A	0	0	4440	35.2
A_NP	700	4030	G	0	0	4030	35.2
A_NP	701	4288	C	0	0	4288	37.3
A_NP	702	3841	A	0	0	3841	34.7
A_NP	703	4643	C	0	0	4643	34.5
A_NP	704	4734	A	0	0	4734	35.3
A_NP	705	4303	A	0	0	4303	37.3
A_NP	706	4113	C	0	0	4113	34.5
A_NP	707	4163	G	0	0	4163	37.9
A_NP	708	4813	G	0	0	4813	36.8
A_NP	709	4092	G	0	0	4092	35.3
A_NP	710	4612	C	0	0	4612	38.0
A_NP	711	4424	A	0	0	4424	36.5
A_NP	712	4274	A	0	0	4274	35.4
A_NP	713	4595	T	0	0	4595	36.2
A_NP	714	4511	G	0	0	4511	38.0
A_NP	715	4172	A	0	0	4172	37.2
A_NP	716	4048	T	0	0	4048	36.1
A_NP	717	4443	G	0	0	4443	35.5
A_NP	718	4373	G	0	0	4373	35.0
A_NP	719	4581	A	0	0	4581	34.1
A_NP	720	4044	C	0	0	4044	35.9
A_NP	721	4410	C	0	0	4410	37.9
A_NP	722	4456	A	0	0	4456	34.0
A_NP	723	4665	A	0	0	4665	35.6
A_NP	724	4359	G	0	0	4359	38.0
A_NP	725	3847	T	0	0	3847	35.3
A_NP	726	4426	G	0	0	4426	35.4
A_NP	727	4239	A	0	0	4239	36.0
A_NP	728	4466	G	0	0	4466	35.8
A_NP	729	4536	A	0	0	4536	35.6
A_NP	730	4694	G	0	0	4694	36.7
A_NP	731	4080	A	0	0	4080	37.4
A_NP	732	3861	A	0	0	3861	34.9
A_NP	733	4201	A	0	0	4201	36.5
A_NP	734	4222	G	0	0	4222	34.4
A_NP	735	3849	C	0	0	3849	35.8
A_NP	736	3918	C	0	0	3918	35.8
A_NP	737	4068	G	0	0	4068	36.6
A_NP	738	4199	G	0	0	4199	35.0
A_NP	739	4459	A	0	0	4459	37.7
A_NP	740	4406	A	0	0	4406	35.1
A_NP	741	4192	T	0	0	4192	35.4
A_NP	742	4243	C	0	0	4243	36.1
A_NP	743	3984	C	0	0	3984	37.5
A_NP	744	4171	T	0	0	4171	36.4
A_NP	745	4346	G	0	0	4346	35.2
A_NP	746	4056	G	0	0	4056	37.5
A_NP	747	4233	G	0	0	4233	35.9
A_NP	748	3987	A	0	0	3987	36.6
A_NP	749	4265	A	0	0	4265	37.4
A_NP	750	4553	T	0	0	4553	36.9
A_NP	751	3810	G	0	0	3810	37.0
A_NP	752	4029	C	0	0	4029	34.2
A_NP	753	4280	T	0	0	4280	35.2
A_NP	754	4185	G	0	0	4185	37.8
A_NP	755	4399	A	0	0	4399	36.5
A_NP	756	4371	A	0	0	4371	34.7
A_NP	757	3856	A	0	0	3856	34.1
A_NP	758	3917	T	0	0	3917	36.4
A_NP	759	3960	T	0	0	3960	36.5
A_NP	760	3491	G	0	0	3491	35.6
A_NP	761	4174	A	0	0	4174	34.8
A_NP	762	3988	A	0	0	3988	34.4
A_NP	763	3796	G	0	0	3796	36.3
A_NP	764	3692	A	0	0	3692	35.7
A_NP	765	3930	T	0	0	3930	34.7
A_NP	766	3747	C	0	0	3747	34.9
A_NP	767	3579	T	0	0	3579	34.5
A_NP	768	3783	C	0	0	3783	36.5
A_NP	769	4244	A	0	0	4244	36.0
A_NP	770	3665	T	0	0	3665	36.5
A_NP	771	3684	C	0	0	3684	34.8
A_NP	772	3674	T	0	0	3674	34.2
A_NP	773	3474	T	0	0	3474	37.0
A_NP	774	3540	T	0	0	3540	35.0
A_NP	775	3857	C	0	0	3857	34.5
A_NP	776	3451	T	0	0	3451	36.7
A_NP	777	3562	C	0	0	3562	34.4
A_NP	778	3838	G	0	0	3838	37.1
A_NP	779	3456	C	0	0	3456	36.1
A_NP	780	3646	A	0	0	3646	34.6
A_NP	781	3694	C	0	0	3694	37.9
A_NP	782	3384	G	0	0	3384	34.2
A_NP	783	3339	A	0	0	3339	37.1
A_NP	784	3453	T	0	0	3453	36.4
A_NP	785	3573	C	0	0	3573	37.3
A_NP	786	3450	T	0	0	3450	36.3
A_NP	787	3308	G	0	0	3308	36.9
A_NP	788	3523	C	0	0	3523	35.8
A_NP	789	3359	T	0	0	3359	36.6
A_NP	790	3629	C	0	0	3629	34.4
A_NP	791	3133	T	0	0	3133	34.5
A_NP	792	3093	C	0	0	3093	34.6
A_NP	793	2935	A	0	0	2935	34.8
A_NP	794	3040	T	0	0	3040	34.0
A_NP	795	3264	C	0	0	3264	36.2
A_NP	796	3132	C	0	0	3132	37.4
A_NP	797	3431	T	0	0	3431	38.0
A_NP	798	3050	G	0	0	3050	35.5
A_NP	799	3088	A	0	0	3088	37.6
A_NP	800	3294	G	0	0	3294	34.7
A_NP	801	3173	G	0	0	3173	34.6
A_NP	802	2980	G	0	0	2980	34.7
A_NP	803	3024	G	0	0	3024	35.5
A_NP	804	3147	A	0	0	3147	34.4
A_NP	805	2934	T	0	0	2934	36.3
A_NP	806	3611	C	0	0	3611	34.0
A_NP	807	2902	A	0	0	2902	37.5
A_NP	808	3264	G	0	0	3264	37.3
A_NP	809	3116	T	0	0	3116	34.6
A_NP	810	2871	G	0	0	2871	37.2
A_NP	811	2834	G	0	0	2834	36.8
A_NP	812	2894	C	0	0	2894	34.7
A_NP	813	2881	T	0	0	2881	37.8
A_NP	814	2901	C	0	0	2901	37.7
A_NP	815	3007	A	0	0	3007	34.5
A_NP	816	2962	T	0	0	2962	34.9
A_NP	817	2949	A	0	0	2949	37.8
A_NP	818	2962	A	0	0	2962	35.5
A_NP	819	2799	G	0	0	2799	37.8
A_NP	820	2919	T	0	0	2919	34.6
A_NP	821	2586	C	0	0	2586	35.6
A_NP	822	2540	C	0	0	2540	35.3
A_NP	823	2756	T	0	0	2756	37.0
A_NP	824	2641	G	0	0	2641	37.0
A_NP	825	2757	T	0	0	2757	34.9
A_NP	826	2570	C	0	0	2570	35.4
A_NP	827	2761	T	0	0	2761	37.5
A_NP	828	2533	G	0	0	2533	36.9
A_NP	829	2774	C	0	0	2774	37.4
A_NP	830	2426	C	0	0	2426	34.2
A_NP	831	2618	T	0	0	2618	37.4
A_NP	832	2737	G	0	0	2737	35.0
A_NP	833	2882	C	0	0	2882	37.3
A_NP	834	2622	T	0	0	2622	35.8
A_NP	835	2418	T	0	0	2418	35.5
A_NP	836	2378	G	0	0	2378	34.9
A_NP	837	2502	C	0	0	2502	37.7
A_NP	838	2513	G	0	0	2513	34.6
A_NP	839	2447	T	0	0	2447	34.5
A_NP	840	2767	A	0	0	2767	36.4
A_NP	841	2373	T	0	0	2373	36.9
A_NP	842	2305	A	0	0	2305	35.7
A_NP	843	2585	T	0	0	2585	34.1
A_NP	844	2590	G	0	0	2590	36.3
A_NP	845	2475	G	0	0	2475	36.1
A_NP	846	2381	A	0	0	2381	37.5
A_NP	847	2343	C	0	0	2343	35.2
A_NP	848	2500	T	0	0	2500	34.9
A_NP	849	2613	T	0	0	2613	37.8
A_NP	850	2783	G	0	0	2783	35.5
A_NP	851	2335	C	0	0	2335	35.1
A_NP	852	2437	T	0	0	2437	34.7
A_NP	853	2521	G	0	0	2521	34.7
A_NP	854	2250	T	0	0	2250	34.0
A_NP	855	2365	A	0	0	2365	35.5
A_NP	856	2460	G	0	0	2460	37.7
A_NP	857	2344	C	0	0	2344	36.6
A_NP	858	2388	C	0	0	2388	34.6
A_NP	859	2372	A	0	0	2372	37.3
A_NP	860	2484	G	0	0	2484	34.9
A_NP	861	2570	T	0	0	2570	34.2
A_NP	862	2452	G	0	0	2452	37.0
A_NP	863	2517	G	0	0	2517	34.0
A_NP	864	2499	A	0	0	2499	36.3
A_NP	865	2448	T	0	0	2448	37.6
A_NP	866	2493	A	0	0	2493	36.0
A_NP	867	2695	T	0	0	2695	35.4
A_NP	868	2551	G	0	0	2551	37.7
A_NP	869	2256	A	0	0	2256	34.6
A_NP	870	2629	C	0	0	2629	35.6
A_NP	871	2418	T	0	0	2418	36.8
A_NP	872	2306	T	0	0	2306	36.0
A_NP	873	2529	T	0	0	2529	37.7
A_NP	874	2462	G	0	0	2462	37.8
A_NP	875	2315	A	0	0	2315	37.3
A_NP	876	2319	A	0	0	2319	37.6
A_NP	877	2626	A	0	0	2626	36.7
A_NP	878	2838	G	0	0	2838	37.9
A_NP	879	2460	A	0	0	2460	36.1
A_NP	880	2550	G	0	0	2550	37.0
A_NP	881	2412	A	0	0	2412	34.5
A_NP	882	2580	G	0	0	2580	37.5
A_NP	883	2373	G	0	0	2373	37.1
A_NP	884	2537	G	0	0	2537	34.1
A_NP	885	2725	A	0	0	2725	36.7
A_NP	886	2433	T	0	0	2433	36.1
A_NP	887	2838	A	0	0	2838	35.8
A_NP	888	2628	T	0	0	2628	35.4
A_NP	889	2427	T	0	0	2427	37.7
A_NP	890	2765	C	0	0	2765	37.0
A_NP	891	2608	T	0	0	2608	36.4
A_NP	892	2481	C	0	0	2481	37.5
A_NP	893	2711	T	0	0	2711	36.5
A_NP	894	2979	A	0	0	2979	37.8
A_NP	895	2529	G	0	0	2529	36.0
A_NP	896	2906	T	0	0	2906	34.4
A_NP	897	2557	C	0	0	2557	34.8
A_NP	898	2707	G	0	0	2707	35.4
A_NP	899	2637	G	0	0	2637	35.5
A_NP	900	2673	A	0	0	2673	37.0
A_NP	901	2670	A	0	0	2670	35.2
A_NP	902	2749	T	0	0	2749	37.9
A_NP	903	2787	T	0	0	2787	34.2
A_NP	904	2910	G	0	0	2910	37.0
A_NP	905	2671	A	0	0	2671	34.4
A_NP	906	2996	T	0	0	2996	36.3
A_NP	907	2819	C	0	0	2819	36.9
A_NP	908	2873	C	0	0	2873	35.9
A_NP	909	2518	T	0	0	2518	37.8
A_NP	910	2733	T	0	0	2733	37.8
A_NP	911	3204	T	0	0	3204	35.4
A_NP	912	2811	C	0	0	2811	36.5
A_NP	913	2881	C	0	0	2881	36.5
A_NP	914	2583	G	0	0	2583	35.7
A_NP	915	2697	T	0	0	2697	36.6
A_NP	916	2706	C	0	0	2706	34.4
A_NP	917	2807	T	0	0	2807	35.5
A_NP	918	3006	G	0	0	3006	36.2
A_NP	919	3094	C	0	0	3094	35.6
A_NP	920	3219	T	0	0	3219	34.4
A_NP	921	3207	C	0	0	3207	34.8
A_NP	922	3255	C	0	0	3255	37.5
A_NP	923	2958	A	0	0	2958	36.8
A_NP	924	2978	A	0	0	2978	34.7
A_NP	925	2955	A	0	0	2955	34.4
A_NP	926	3014	A	0	0	3014	35.1
A_NP	927	2540	C	0	0	2540	35.0
A_NP	928	2900	A	0	0	2900	37.0
A_NP	929	3282	G	0	0	3282	35.8
A_NP	930	2813	C	0	0	2813	34.5
A_NP	931	3204	C	0	0	3204	35.2
A_NP	932	2948	A	0	0	2948	35.9
A_NP	933	2938	A	0	0	2938	35.8
A_NP	934	3004	G	0	0	3004	36.8
A_NP	935	3264	T	0	0	3264	35.3
A_NP	936	2943	C	0	0	2943	36.7
A_NP	937	2850	T	0	0	2850	36.7
A_NP	938	3031	T	0	0	3031	35.1
A_NP	939	3378	C	0	0	3378	35.6
A_NP	940	3090	A	0	0	3090	37.9
A_NP	941	2895	G	0	0	2895	36.3
A_NP	942	2874	T	0	0	2874	35.2
A_NP	943	3063	C	0	0	3063	37.9
A_NP	944	2941	T	0	0	2941	37.4
A_NP	945	3058	C	0	0	3058	34.6
A_NP	946	3146	A	0	0	3146	35.3
A_NP	947	3070	T	0	0	3070	35.1
A_NP	948	2987	C	0	0	2987	35.9
A_NP	949	3152	A	0	0	3152	37.9
A_NP	950	3122	G	0	0	3122	36.4
A_NP	951	3124	A	0	0	3124	35.6
A_NP	952	3335	C	0	0	3335	35.0
A_NP	953	2686	C	0	0	2686	34.7
A_NP	954	3120	G	0	0	3120	34.6
A_NP	955	3044	A	0	0	3044	34.8
A_NP	956	3024	A	0	0	3024	34.8
A_NP	957	2880	C	0	0	2880	36.3
A_NP	958	2889	G	0	0	2889	37.4
A_NP	959	3180	A	0	0	3180	36.3
A_NP	960	3149	A	0	0	3149	37.6
A_NP	961	2783	A	0	0	2783	36.3
A_NP	962	2972	A	0	0	2972	36.8
A_NP	963	3014	T	0	0	3014	37.9
A_NP	964	3145	C	0	0	3145	37.8
A_NP	965	3195	C	0	0	3195	36.8
A_NP	966	3101	A	0	0	3101	37.1
A_NP	967	3185	G	0	0	3185	36.4
A_NP	968	2915	C	0	0	2915	34.7
A_NP	969	2906	T	0	0	2906	37.7
A_NP	970	2844	C	0	0	2844	35.4
A_NP	971	3066	A	0	0	3066	38.0
A_NP	972	3103	T	0	0	3103	35.0
A_NP	973	3147	A	0	0	3147	36.2
A_NP	974	3103	A	0	0	3103	36.4
A_NP	975	3183	A	0	0	3183	34.2
A_NP	976	2907	A	0	0	2907	34.0
A_NP	977	2850	G	0	0	2850	36.5
A_NP	978	3202	T	0	0	3202	36.4
A_NP	979	3203	C	0	0	3203	35.7
A_NP	980	2863	A	0	0	2863	37.6
A_NP	981	2860	G	0	0	2860	34.3
A_NP	982	3109	C	0	0	3109	36.5
A_NP	983	3087	T	0	0	3087	36.7
A_NP	984	3093	G	0	0	3093	34.2
A_NP	985	2922	G	0	0	2922	35.7
A_NP	986	2826	T	0	0	2826	36.6
A_NP	987	2996	A	0	0	2996	37.6
A_NP	988	3008	T	0	0	3008	34.3
A_NP	989	3147	G	0	0	3147	36.4
A_NP	990	3013	G	0	0	3013	37.9
A_NP	991	2956	A	0	0	2956	34.1
A_NP	992	2937	T	0	0	2937	34.5
A_NP	993	2830	G	0	0	2830	34.7
A_NP	994	2786	G	0	0	2786	37.6
A_NP	995	3185	C	0	0	3185	37.6
A_NP	996	3006	A	0	0	3006	35.0
A_NP	997	2847	T	0	0	2847	35.7
A_NP	998	2963	G	0	0	2963	37.8
A_NP	999	2612	C	0	0	2612	36.8
A_NP	1000	3028	C	0	0	3028	37.4
A_NP	1001	2630	A	0	0	2630	36.5
A_NP	1002	2960	C	0	0	2960	34.5
A_NP	1003	2761	T	0	0	2761	34.3
A_NP	1004	2846	C	0	0	2846	36.2
A_NP	1005	2900	T	0	0	2900	35.3
A_NP	1006	2855	G	0	0	2855	35.1
A_NP	1007	2627	C	0	0	2627	36.3
A_NP	1008	2813	G	0	0	2813	36.6
A_NP	1009	2674	G	0	0	2674	35.0
A_NP	1010	2660	C	0	0	2660	34.3
A_NP	1011	2609	A	0	0	2609	36.9
A_NP	1012	2833	T	0	0	2833	37.0
A_NP	1013	2581	T	0	0	2581	36.8
A_NP	1014	2980	T	0	0	2980	37.3
A_NP	1015	2510	G	0	0	2510	37.1
A_NP	1016	3106	A	0	0	3106	35.4
A_NP	1017	2671	G	0	0	2671	35.9
A_NP	1018	2788	G	0	0	2788	35.3
A_NP	1019	2518	A	0	0	2518	34.8
A_NP	1020	2541	T	0	0	2541	34.8
A_NP	1021	2817	C	0	0	2817	37.4
A_NP	1022	2950	T	0	0	2950	37.4
A_NP	1023	3062	G	0	0	3062	35.0
A_NP	1024	2550	A	0	0	2550	36.3
A_NP	1025	2784	G	0	0	2784	36.3
A_NP	1026	2757	A	0	0	2757	36.6
A_NP	1027	2759	G	0	0	2759	35.9
A_NP	1028	2812	T	0	0	2812	35.9
A_NP	1029	2423	G	0	0	2423	34.9
A_NP	1030	2701	T	0	0	2701	36.4
A_NP	1031	2822	C	0	0	2822	37.7
A_NP	1032	2759	A	0	0	2759	35.1
A_NP	1033	2758	A	0	0	2758	36.8
A_NP	1034	2977	G	0	0	2977	37.1
A_NP	1035	2840	C	0	0	2840	34.3
A_NP	1036	2627	T	0	0	2627	37.1
A_NP	1037	2834	T	0	0	2834	35.9
A_NP	1038	2532	C	0	0	2532	34.9
A_NP	1039	2842	A	0	0	2842	34.5
A_NP	1040	2843	T	0	0	2843	37.7
A_NP	1041	2768	C	0	0	2768	35.3
A_NP	1042	2691	A	0	0	2691	37.5
A_NP	1043	2578	G	0	0	2578	36.9
A_NP	1044	2736	A	0	0	2736	37.3
A_NP	1045	2712	G	0	0	2712	37.7
A_NP	1046	2602	G	0	0	2602	36.5
A_NP	1047	2676	G	0	0	2676	36.6
A_NP	1048	2935	A	0	0	2935	37.9
A_NP	1049	2707	C	0	0	2707	34.8
A_NP	1050	2889	A	0	0	2889	36.5
A_NP	1051	3017	A	0	0	3017	35.0
A_NP	1052	2668	G	0	0	2668	36.1
A_NP	1053	2682	A	0	0	2682	35.2
A_NP	1054	3114	G	0	0	3114	35.5
A_NP	1055	3069	T	0	0	3069	37.0
A_NP	1056	3085	A	0	0	3085	34.4
A_NP	1057	3004	G	0	0	3004	36.1
A_NP	1058	2679	T	0	0	2679	37.4
A_NP	1059	2785	C	0	0	2785	35.6
A_NP	1060	3169	C	0	0	3169	37.4
A_NP	1061	3233	C	0	0	3233	34.6
A_NP	1062	2706	A	0	0	2706	37.0
A_NP	1063	2998	A	0	0	2998	34.8
A_NP	1064	2948	G	0	0	2948	35.4
A_NP	1065	2800	A	0	0	2800	34.7
A_NP	1066	3198	G	0	0	3198	34.2
A_NP	1067	3157	G	0	0	3157	36.5
A_NP	1068	3246	A	0	0	3246	35.8
A_NP	1069	3025	C	0	0	3025	35.3
A_NP	1070	2901	A	0	0	2901	36.9
A_NP	1071	3387	A	0	0	3387	34.9
A_NP	1072	3217	C	0	0	3217	35.0
A_NP	1073	3192	T	0	0	3192	37.5
A_NP	1074	3238	G	0	0	3238	36.8
A_NP	1075	3090	T	0	0	3090	35.4
A_NP	1076	3384	C	0	0	3384	35.6
A_NP	1077	3498	C	0	0	3498	34.2
A_NP	1078	2909	A	0	0	2909	34.2
A_NP	1079	3412	C	0	0	3412	34.7
A_NP	1080	2939	C	0	0	2939	36.2
A_NP	1081	3482	A	0	0	3482	37.5
A_NP	1082	3405	G	0	0	3405	34.8
A_NP	1083	3126	A	0	0	3126	34.1
A_NP	1084	3453	G	0	0	3453	36.6
A_NP	1085	3452	G	0	0	3452	35.7
A_NP	1086	3380	A	0	0	3380	37.0
A_NP	1087	3392	G	0	0	3392	36.7
A_NP	1088	3226	T	0	0	3226	35.8
A_NP	1089	3565	T	0	0	3565	35.4
A_NP	1090	3263	C	0	0	3263	37.6
A_NP	1091	3519	A	0	0	3519	35.7
A_NP	1092	3662	G	0	0	3662	34.5
A_NP	1093	3567	A	0	0	3567	35.1
A_NP	1094	3628	T	0	0	3628	35.7
A_NP	1095	3604	T	0	0	3604	35.8
A_NP	1096	3295	G	0	0	3295	37.4
A_NP	1097	3524	C	0	0	3524	34.8
A_NP	1098	3596	T	0	0	3596	37.7
A_NP	1099	3493	T	0	0	3493	34.2
A_NP	1100	3549	C	0	0	3549	35.5
A_NP	1101	3753	A	0	0	3753	35.9
A_NP	1102	3399	A	0	0	3399	36.8
A_NP	1103	3907	A	0	0	3907	36.3
A_NP	1104	4002	T	0	0	4002	36.4
A_NP	1105	3499	G	0	0	3499	36.5
A_NP	1106	3762	A	0	0	3762	35.6
A_NP	1107	3731	A	0	0	3731	36.5
A_NP	1108	3885	A	0	0	3885	34.3
A_NP	1109	3495	A	0	0	3495	36.8
A_NP	1110	3550	C	0	0	3550	35.5
A_NP	1111	4134	A	0	0	4134	34.3
A_NP	1112	3562	T	0	0	3562	34.2
A_NP	1113	3887	G	0	0	3887	34.5
A_NP	1114	3665	G	0	0	3665	36.6
A_NP	1115	3553	A	0	0	3553	34.4
A_NP	1116	3682	G	0	0	3682	37.3
A_NP	1117	4024	A	0	0	4024	35.6
A_NP	1118	3757	C	0	0	3757	36.4
A_NP	1119	4054	A	0	0	4054	36.4
A_NP	1120	4073	A	0	0	4073	37.1
A_NP	1121	3954	T	0	0	3954	37.6
A_NP	1122	3896	G	0	0	3896	35.9
A_NP	1123	4175	G	0	0	4175	35.9
A_NP	1124	4039	A	0	0	4039	35.9
A_NP	1125	4029	C	0	0	4029	36.6
A_NP	1126	4585	T	0	0	4585	34.7
A_NP	1127	3969	C	0	0	3969	36.6
A_NP	1128	4145	C	0	0	4145	35.9
A_NP	1129	4438	A	0	0	4438	35.6
A_NP	1130	4229	G	0	0	4229	37.5
A_NP	1131	4440	T	0	0	4440	36.5
A_NP	1132	4300	A	0	0	4300	35.7
A_NP	1133	3881	C	0	0	3881	35.4
A_NP	1134	4637	T	0	0	4637	35.4
A_NP	1135	4242	C	0	0	4242	35.3
A_NP	1136	4009	T	0	0	4009	37.4
A_NP	1137	4548	T	0	0	4548	35.5
A_NP	1138	4078	G	0	0	4078	35.3
A_NP	1139	4354	A	0	0	4354	36.2
A_NP	1140	4724	A	0	0	4724	35.3
A_NP	1141	4167	C	0	0	4167	37.7
A_NP	1142	4892	T	0	0	4892	35.8
A_NP	1143	3895	G	0	0	3895	36.9
A_NP	1144	3994	A	0	0	3994	34.1
A_NP	1145	4292	G	0	0	4292	34.2
A_NP	1146	4026	G	0	0	4026	37.0
A_NP	1147	4358	A	0	0	4358	35.4
A_NP	1148	4608	G	0	0	4608	35.7
A_NP	1149	5038	C	0	0	5038	36.1
A_NP	1150	4499	A	0	0	4499	36.5
A_NP	1151	4562	G	0	0	4562	36.4
A_NP	1152	4449	A	0	0	4449	35.5
A_NP	1153	4192	T	0	0	4192	36.1
A_NP	1154	4650	A	0	0	4650	36.3
A_NP	1155	4164	C	0	0	4164	36.5
A_NP	1156	4346	T	0	0	4346	37.2
A_NP	1157	4501	G	0	0	4501	38.0
A_NP	1158	4201	G	0	0	4201	34.9
A_NP	1159	4777	G	0	0	4777	34.7
A_NP	1160	4459	C	0	0	4459	36.2
A_NP	1161	4588	T	0	0	4588	38.0
A_NP	1162	4133	A	0	0	4133	34.6
A_NP	1163	4258	T	0	0	4258	37.0
A_NP	1164	4319	A	0	0	4319	36.6
A_NP	1165	4770	A	0	0	4770	37.1
A_NP	1166	3797	G	0	0	3797	34.4
A_NP	1167	5115	A	0	0	5115	35.7
A_NP	1168	3964	A	0	0	3964	34.9
A_NP	1169	4496	C	0	0	4496	37.3
A_NP	1170	4683	A	0	0	4683	36.8
A_NP	1171	4299	A	0	0	4299	36.3
A_NP	1172	4390	G	0	0	4390	37.2
A_NP	1173	4020	A	0	0	4020	34.2
A_NP	1174	4254	A	0	0	4254	35.6
A_NP	1175	4292	G	0	0	4292	35.7
A_NP	1176	4369	T	0	0	4369	35.0
A_NP	1177	4143	G	0	0	4143	35.6
A_NP	1178	4037	G	0	0	4037	36.6
A_NP	1179	4788	A	0	0	4788	35.5
A_NP	1180	4177	G	0	0	4177	37.8
A_NP	1181	4102	G	0	0	4102	37.3
A_NP	1182	4596	A	0	0	4596	35.7
A_NP	1183	4930	A	0	0	4930	37.0
A_NP	1184	4414	A	0	0	4414	37.6
A_NP	1185	4341	C	0	0	4341	34.5
A_NP	1186	4101	A	0	0	4101	37.3
A_NP	1187	4419	C	0	0	4419	35.9
A_NP	1188	4387	T	0	0	4387	35.3
A_NP	1189	4646	A	0	0	4646	35.6
A_NP	1190	4301	A	0	0	4301	36.8
A_NP	1191	4907	C	0	0	4907	37.5
A_NP	1192	4285	C	0	0	4285	34.9
A_NP	1193	3987	A	0	0	3987	35.1
A_NP	1194	4351	A	0	0	4351	37.7
A_NP	1195	4511	C	0	0	4511	36.6
A_NP	1196	4583	A	0	0	4583	36.1
A_NP	1197	4426	G	0	0	4426	34.8
A_NP	1198	3734	A	0	0	3734	35.2
A_NP	1199	4207	G	0	0	4207	37.1
A_NP	1200	4239	A	0	0	4239	35.9
A_NP	1201	4392	G	0	0	4392	36.3
A_NP	1202	4311	C	0	0	4311	36.1
A_NP	1203	4272	A	0	0	4272	35.4
A_NP	1204	4350	T	0	0	4350	37.5
A_NP	1205	3712	C	0	0	3712	35.9
A_NP	1206	3846	T	0	0	3846	35.3
A_NP	1207	3918	G	0	0	3918	34.2
A_NP	1208	4078	C	0	0	4078	34.4
A_NP	1209	3715	A	0	0	3715	34.3
A_NP	1210	3968	G	0	0	3968	36.0
A_NP	1211	3928	G	0	0	3928	37.8
A_NP	1212	3870	A	0	0	3870	36.2
A_NP	1213	4322	C	0	0	4322	34.7
A_NP	1214	3931	A	0	0	3931	37.8
A_NP	1215	3798	A	0	0	3798	36.5
A_NP	1216	3364	A	0	0	3364	37.4
A_NP	1217	3583	T	0	0	3583	36.4
A_NP	1218	3655	C	0	0	3655	36.8
A_NP	1219	3602	A	0	0	3602	37.2
A_NP	1220	3943	G	0	0	3943	37.5
A_NP	1221	3986	C	0	0	3986	36.8
A_NP	1222	4025	G	0	0	4025	34.9
A_NP	1223	3722	T	0	0	3722	38.0
A_NP	1224	3437	A	0	0	3437	37.8
A_NP	1225	3651	C	0	0	3651	37.6
A_NP	1226	3614	A	0	0	3614	35.3
A_NP	1227	3917	G	0	0	3917	35.0
A_NP	1228	3906	C	0	0	3906	34.8
A_NP	1229	4075	C	0	0	4075	36.7
A_NP	1230	3965	C	0	0	3965	34.8
A_NP	1231	3768	A	0	0	3768	36.0
A_NP	1232	3487	C	0	0	3487	35.6
A_NP	1233	3595	A	0	0	3595	38.0
A_NP	1234	3438	T	0	0	3438	35.7
A_NP	1235	3355	T	0	0	3355	37.6
A_NP	1236	3374	C	0	0	3374	37.4
A_NP	1237	3492	T	0	0	3492	37.2
A_NP	1238	3498	C	0	0	3498	37.0
A_NP	1239	3534	T	0	0	3534	34.9
A_NP	1240	3303	G	0	0	3303	34.7
A_NP	1241	3374	T	0	0	3374	37.9
A_NP	1242	3250	G	0	0	3250	37.7
A_NP	1243	3297	C	0	0	3297	36.4
A_NP	1244	3343	A	0	0	3343	37.3
A_NP	1245	3430	A	0	0	3430	34.4
A_NP	1246	3495	A	0	0	3495	37.2
A_NP	1247	3090	G	0	0	3090	37.6
A_NP	1248	3369	A	0	0	3369	34.0
A_NP	1249	3113	A	0	0	3113	35.8
A_NP	1250	3044	A	0	0	3044	35.9
A_NP	1251	3259	C	0	0	3259	35.8
A_NP	1252	3034	C	0	0	3034	35.9
A_NP	1253	3082	T	0	0	3082	36.0
A_NP	1254	2916	C	0	0	2916	34.4
A_NP	1255	3349	C	0	0	3349	37.2
A_NP	1256	3456	C	0	0	3456	37.8
A_NP	1257	3212	A	0	0	3212	37.0
A_NP	1258	3156	T	0	0	3156	36.0
A_NP	1259	3085	T	0	0	3085	36.5
A_NP	1260	2987	C	0	0	2987	34.8
A_NP	1261	3065	G	0	0	3065	34.3
A_NP	1262	3077	A	0	0	3077	37.1
A_NP	1263	2980	G	0	0	2980	38.0
A_NP	1264	2881	A	0	0	2881	34.8
A_NP	1265	3120	G	0	0	3120	34.5
A_NP	1266	3232	A	0	0	3232	36.2
A_NP	1267	2823	G	0	0	2823	36.1
A_NP	1268	3143	C	0	0	3143	35.0
A_NP	1269	2930	A	0	0	2930	35.3
A_NP	1270	3316	A	0	0	3316	35.6
A_NP	1271	3087	C	0	0	3087	37.2
A_NP	1272	2970	C	0	0	2970	36.3
A_NP	1273	3559	A	0	0	3559	37.0
A_NP	1274	3207	T	0	0	3207	34.0
A_NP	1275	2801	C	0	0	2801	34.0
A_NP	1276	2946	A	0	0	2946	35.8
A_NP	1277	3297	T	0	0	3297	36.4
A_NP	1278	2954	G	0	0	2954	35.4
A_NP	1279	3084	G	0	0	3084	36.6
A_NP	1280	3235	C	0	0	3235	37.1
A_NP	1281	3356	A	0	0	3356	35.1
A_NP	1282	2856	G	0	0	2856	36.0
A_NP	1283	2952	C	0	0	2952	35.6
A_NP	1284	3073	A	0	0	3073	34.7
A_NP	1285	2880	T	0	0	2880	34.7
A_NP	1286	3441	T	0	0	3441	34.3
A_NP	1287	2878	T	0	0	2878	36.9
A_NP	1288	3235	A	0	0	3235	35.1
A_NP	1289	3245	C	0	0	3245	36.5
A_NP	1290	2798	G	0	0	2798	36.2
A_NP	1291	3274	G	0	0	3274	35.0
A_NP	1292	3089	G	0	0	3089	35.5
A_NP	1293	3146	A	0	0	3146	36.1
A_NP	1294	3280	A	0	0	3280	36.7
A_NP	1295	3007	A	0	0	3007	34.3
A_NP	1296	3147	C	0	0	3147	34.2
A_NP	1297	3370	A	0	0	3370	36.5
A_NP	1298	3231	C	0	0	3231	36.4
A_NP	1299	2993	T	0	0	2993	36.2
A_NP	1300	3122	G	0	0	3122	35.4
A_NP	1301	3316	A	0	0	3316	34.1
A_NP	1302	2915	A	0	0	2915	37.8
A_NP	1303	3251	G	0	0	3251	37.3
A_NP	1304	3234	G	0	0	3234	37.2
A_NP	1305	3007	C	0	0	3007	34.6
A_NP	1306	3072	A	0	0	3072	36.9
A_NP	1307	3113	G	0	0	3113	37.8
A_NP	1308	3104	A	0	0	3104	36.3
A_NP	1309	3109	A	0	0	3109	35.9
A_NP	1310	3272	C	0	0	3272	34.5
A_NP	1311	3045	T	0	0	3045	37.2
A_NP	1312	3151	T	0	0	3151	34.3
A_NP	1313	2937	C	0	0	2937	34.9
A_NP	1314	3302	A	0	0	3302	34.3
A_NP	1315	3056	G	0	0	3056	37.4
A_NP	1316	3222	A	0	0	3222	37.0
A_NP	1317	2627	C	0	0	2627	37.9
A_NP	1318	2990	A	0	0	2990	37.2
A_NP	1319	2923	T	0	0	2923	34.8
A_NP	1320	2866	G	0	0	2866	37.1
A_NP	1321	3012	A	0	0	3012	37.7
A_NP	1322	3183	G	0	0	3183	35.9
A_NP	1323	3174	A	0	0	3174	37.4
A_NP	1324	2849	A	0	0	2849	37.2
A_NP	1325	3354	C	0	0	3354	36.8
A_NP	1326	3218	T	0	0	3218	35.6
A_NP	1327	3348	G	0	0	3348	34.4
A_NP	1328	3044	A	0	0	3044	36.8
A_NP	1329	3254	G	0	0	3254	35.5
A_NP	1330	2671	A	0	0	2671	36.0
A_NP	1331	3239	T	0	0	3239	36.0
A_NP	1332	3206	C	0	0	3206	36.9
A_NP	1333	2810	A	0	0	2810	34.1
A_NP	1334	3009	T	0	0	3009	35.3
A_NP	1335	3143	A	0	0	3143	37.9
A_NP	1336	3229	A	0	0	3229	37.4
A_NP	1337	3194	G	0	0	3194	36.6
A_NP	1338	3023	G	0	0	3023	37.4
A_NP	1339	3307	A	0	0	3307	34.4
A_NP	1340	3361	T	0	0	3361	36.1
A_NP	1341	3114	G	0	0	3114	37.8
A_NP	1342	3459	A	0	0	3459	35.7
A_NP	1343	3176	T	0	0	3176	36.9
A_NP	1344	3132	G	0	0	3132	36.4
A_NP	1345	2674	G	0	0	2674	37.4
A_NP	1346	3038	A	0	0	3038	35.5
A_NP	1347	2937	A	0	0	2937	35.1
A_NP	1348	3381	A	0	0	3381	37.4
A_NP	1349	3660	A	0	0	3660	34.3
A_NP	1350	3291	T	0	0	3291	34.5
A_NP	1351	3588	G	0	0	3588	37.7
A_NP	1352	3193	C	0	0	3193	37.9
A_NP	1353	3597	C	0	0	3597	34.3
A_NP	1354	3575	A	0	0	3575	34.5
A_NP	1355	3374	G	0	0	3374	35.5
A_NP	1356	2974	A	0	0	2974	35.4
A_NP	1357	3058	C	0	0	3058	36.4
A_NP	1358	3446	C	0	0	3446	37.5
A_NP	1359	3196	T	0	0	3196	34.6
A_NP	1360	2878	G	0	0	2878	37.1
A_NP	1361	3388	A	0	0	3388	34.8
A_NP	1362	3563	A	0	0	3563	34.4
A_NP	1363	3383	G	0	0	3383	34.8
A_NP	1364	3032	A	0	0	3032	36.1
A_NP	1365	3247	T	0	0	3247	35.5
A_NP	1366	3350	G	0	0	3350	35.8
A_NP	1367	3000	T	0	0	3000	36.0
A_NP	1368	3388	G	0	0	3388	34.4
A_NP	1369	3173	T	0	0	3173	36.6
A_NP	1370	3557	C	0	0	3557	36.1
A_NP	1371	3082	T	0	0	3082	35.6
A_NP	1372	3495	T	0	0	3495	34.5
A_NP	1373	3741	T	0	0	3741	37.4
A_NP	1374	3071	C	0	0	3071	37.9
A_NP	1375	3381	C	0	0	3381	35.7
A_NP	1376	3096	A	0	0	3096	35.7
A_NP	1377	3232	G	0	0	3232	36.5
A_NP	1378	3504	G	0	0	3504	34.3
A_NP	1379	3315	G	0	0	3315	34.7
A_NP	1380	3061	G	0	0	3061	37.5
A_NP	1381	2974	C	0	0	2974	36.6
A_NP	1382	3233	G	0	0	3233	36.9
A_NP	1383	2912	G	0	0	2912	35.7
A_NP	1384	3241	G	0	0	3241	34.5
A_NP	1385	3207	G	0	0	3207	34.8
A_NP	1386	2982	A	0	0	2982	37.3
A_NP	1387	3358	G	0	0	3358	34.2
A_NP	1388	2926	T	0	0	2926	36.1
A_NP	1389	2901	C	0	0	2901	37.8
A_NP	1390	3172	T	0	0	3172	36.6
A_NP	1391	2899	T	0	0	2899	35.5
A_NP	1392	3166	C	0	0	3166	34.8
A_NP	1393	3045	G	0	0	3045	35.8
A_NP	1394	2993	A	0	0	2993	36.8
A_NP	1395	2836	G	0	0	2836	34.9
A_NP	1396	2870	C	0	0	2870	36.0
A_NP	1397	3035	T	0	0	3035	34.1
A_NP	1398	3040	C	0	0	3040	36.0
A_NP	1399	2909	T	0	0	2909	34.1
A_NP	1400	3125	C	0	0	3125	35.1
A_NP	1401	2753	G	0	0	2753	37.5
A_NP	1402	3126	G	0	0	3126	37.7
A_NP	1403	2801	A	0	0	2801	35.3
A_NP	1404	3074	C	0	0	3074	36.1
A_NP	1405	2949	G	0	0	2949	36.5
A_NP	1406	2820	A	0	0	2820	35.4
A_NP	1407	2811	A	0	0	2811	36.7
A_NP	1408	2949	A	0	0	2949	36.1
A_NP	1409	2910	A	0	0	2910	36.7
A_NP	1410	2495	G	0	0	2495	34.6
A_NP	1411	2677	G	0	0	2677	36.9
A_NP	1412	2549	C	0	0	2549	34.2
A_NP	1413	2475	A	0	0	2475	34.7
A_NP	1414	2489	A	0	0	2489	36.0
A_NP	1415	2657	C	0	0	2657	37.1
A_NP	1416	2272	G	0	0	2272	34.6
A_NP	1417	2416	A	0	0	2416	35.0
A_NP	1418	2410	A	0	0	2410	37.8
A_NP	1419	2447	C	0	0	2447	36.2
A_NP	1420	2107	C	0	0	2107	34.9
A_NP	1421	2432	C	0	0	2432	37.2
A_NP	1422	2217	G	0	0	2217	35.4
A_NP	1423	1955	A	0	0	1955	36.4
A_NP	1424	2003	T	0	0	2003	34.2
A_NP	1425	2133	C	0	0	2133	36.8
A_NP	1426	2111	G	0	0	2111	34.1
A_NP	1427	2128	T	0	0	2128	35.0
A_NP	1428	1846	G	0	0	1846	35.8
A_NP	1429	2062	C	0	0	2062	37.4
A_NP	1430	2037	C	0	0	2037	35.8
A_NP	1431	1732	T	0	0	1732	34.5
A_NP	1432	1685	T	0	0	1685	36.4
A_NP	1433	1919	C	0	0	1919	37.4
A_NP	1434	1688	C	0	0	1688	38.0
A_NP	1435	1779	T	0	0	1779	34.5
A_NP	1436	1539	T	0	0	1539	34.7
A_NP	1437	1740	T	0	0	1740	34.2
A_NP	1438	1545	G	0	0	1545	36.8
A_NP	1439	1628	A	0	0	1628	35.2
A_NP	1440	1490	C	0	0	1490	37.8
A_NP	1441	1548	A	0	0	1548	36.4
A_NP	1442	1473	T	0	0	1473	37.8
A_NP	1443	1514	G	0	0	1514	35.7
A_NP	1444	1435	A	0	0	1435	34.9
A_NP	1445	1378	G	0	0	1378	36.7
A_NP	1446	1365	T	0	0	1365	36.3
A_NP	1447	1439	A	0	0	1439	34.3
A_NP	1448	1268	A	0	0	1268	37.2
A_NP	1449	1200	T	0	0	1200	37.8
A_NP	1450	1345	G	0	0	1345	36.7
A_NP	1451	1193	A	0	0	1193	37.7
A_NP	1452	1268	A	0	0	1268	37.0
A_NP	1453	1052	G	0	0	1052	36.6
A_NP	1454	1040	G	0	0	1040	37.8
A_NP	1455	991	A	0	0	991	36.5
A_NP	1456	1044	T	0	0	1044	34.9
A_NP	1457	917	C	0	0	917	37.8
A_NP	1458	1049	T	0	0	1049	36.9
A_NP	1459	995	T	0	0	995	35.9
A_NP	1460	819	A	0	0	819	35.3
A_NP	1461	912	T	0	0	912	37.2
A_NP	1462	938	T	0	0	938	36.5
A_NP	1463	779	T	0	0	779	37.3
A_NP	1464	872	C	0	0	872	36.6
A_NP	1465	699	T	0	0	699	35.5
A_NP	1466	817	T	0	0	817	36.4
A_NP	1467	821	C	0	0	821	35.2
A_NP	1468	618	G	0	0	618	35.3
A_NP	1469	735	G	0	0	735	37.8
A_NP	1470	673	A	0	0	673	34.9
A_NP	1471	696	G	0	0	696	35.5
A_NP	1472	647	A	0	0	647	35.2
A_NP	1473	617	C	0	0	617	35.6
A_NP	1474	531	A	0	0	531	34.2
A_NP	1475	516	A	0	0	516	36.4
A_NP	1476	539	T	0	0	539	37.3
A_NP	1477	486	G	0	0	486	34.7
A_NP	1478	497	C	0	0	497	37.5
A_NP	1479	458	A	0	0	458	34.9
A_NP	1480	418	G	0	0	418	37.9
A_NP	1481	401	A	0	0	401	37.0
A_NP	1482	380	G	0	0	380	35.7
A_NP	1483	368	G	0	0	368	37.5
A_NP	1484	350	A	0	0	350	36.9
A_NP	1485	298	G	0	0	298	34.3
A_NP	1486	267	T	0	0	267	36.0
A_NP	1487	265	A	0	0	265	36.1
A_NP	1488	231	T	0	0	231	37.5
A_NP	1489	215	G	0	0	215	36.3
A_NP	1490	175	A	0	0	175	35.8
A_NP	1491	142	C	0	0	142	36.8
A_NP	1492	133	A	0	0	133	37.2
A_NP	1493	110	A	0	0	110	34.1
A_NP	1494	93	T	0	0	93	37.6
A_NP	1495	52	T	0	0	52	36.1
A_NP	1496	26	A	0	0	26	37.5
A_NP	1497	0	A	0	0	0	34.3
