Reference_Name	Position	Coverage Depth	Consensus	Deletions	Ambiguous	Consensus_Count	Consensus_Average_Quality
A_NS	1	30	A	0	0	30	34.1
A_NS	2	53	T	0	0	53	37.9
A_NS	3	78	G	0	0	78	35.8
A_NS	4	103	G	0	0	103	35.3
A_NS	5	122	A	0	0	122	37.5
A_NS	6	163	T	0	0	163	36.4
A_NS	7	193	T	0	0	193	34.2
A_NS	8	203	C	0	0	203	34.2
A_NS	9	230	C	0	0	230	34.4
A_NS	10	253	A	0	0	253	35.1
A_NS	11	295	A	0	0	295	37.5
A_NS	12	351	C	0	0	351	37.1
A_NS	13	332	A	0	0	332	36.2
A_NS	14	343	C	0	0	343	35.5
A_NS	15	365	G	0	0	365	35.6
A_NS	16	420	A	0	0	420	35.3
A_NS	17	438	T	0	0	438	36.6
A_NS	18	452	A	0	0	452	36.1
A_NS	19	507	A	0	0	507	36.4
A_NS	20	507	C	0	0	507	34.2
A_NS	21	531	C	0	0	531	34.5
A_NS	22	578	T	0	0	578	34.5
A_NS	23	547	C	0	0	547	36.7
A_NS	24	558	G	0	0	558	34.2
A_NS	25	611	T	0	0	611	36.2
A_NS	26	638	T	0	0	638	36.2
A_NS	27	671	C	0	0	671	36.7
A_NS	28	709	C	0	0	709	36.8
A_NS	29	723	A	0	0	723	34.1
A_NS	30	799	G	0	0	799	37.2
A_NS	31	852	G	0	0	852	36.4
A_NS	32	846	T	0	0	846	37.7
A_NS	33	846	A	0	0	846	34.8
A_NS	34	952	G	0	0	952	35.1
A_NS	35	933	A	0	0	933	36.3
A_NS	36	969	T	0	0	969	34.6
A_NS	37	984	T	0	0	984	35.8
A_NS	38	1037	G	0	0	1037	34.8
A_NS	39	1053	C	0	0	1053	35.3
A_NS	40	1070	T	0	0	1070	37.7
A_NS	41	1185	A	0	0	1185	36.6
A_NS	42	1203	T	0	0	1203	37.2
A_NS	43	1269	C	0	0	1269	34.0
A_NS	44	1345	T	0	0	1345	35.8
A_NS	45	1208	A	0	0	1208	36.0
A_NS	46	1242	T	0	0	1242	36.1
A_NS	47	1325	G	0	0	1325	37.9
A_NS	48	1459	G	0	0	1459	35.3
A_NS	49	1381	C	0	0	1381	34.9
A_NS	50	1650	A	0	0	1650	36.6
A_NS	51	1425	C	0	0	1425	35.0
A_NS	52	1563	A	0	0	1563	36.8
A_NS	53	1533	T	0	0	1533	37.5
A_NS	54	1622	A	0	0	1622	35.7
A_NS	55	1370	A	0	0	1370	34.2
A_NS	56	1624	G	0	0	1624	36.0
A_NS	57	1446	A	0	0	1446	37.2
A_NS	58	1561	A	0	0	1561	35.3
A_NS	59	1533	A	0	0	1533	35.4
A_NS	60	1505	G	0	0	1505	36.4
A_NS	61	1583	C	0	0	1583	34.6
A_NS	62	1532	T	0	0	1532	35.5
A_NS	63	1702	G	0	0	1702	34.7
A_NS	64	1605	C	0	0	1605	34.0
A_NS	65	1410	T	0	0	1410	37.2
A_NS	66	1514	C	0	0	1514	34.4
A_NS	67	1584	A	0	0	1584	34.9
A_NS	68	1726	G	0	0	1726	36.3
A_NS	69	1606	C	0	0	1606	38.0
A_NS	70	1674	A	0	0	1674	35.8
A_NS	71	1660	T	0	0	1660	34.8
A_NS	72	1554	G	0	0	1554	37.2
A_NS	73	1774	A	0	0	1774	36.2
A_NS	74	1721	G	0	0	1721	37.7
A_NS	75	1685	A	0	0	1685	34.6
A_NS	76	1628	G	0	0	1628	35.9
A_NS	77	1711	A	0	0	1711	36.1
A_NS	78	1650	C	0	0	1650	37.5
A_NS	79	1500	A	0	0	1500	36.3
A_NS	80	1593	T	0	0	1593	34.6
A_NS	81	1610	G	0	0	1610	35.4
A_NS	82	1671	T	0	0	1671	34.1
A_NS	83	1498	G	0	0	1498	35.1
A_NS	84	1659	T	0	0	1659	36.4
A_NS	85	1690	G	0	0	1690	37.0
A_NS	86	1587	A	0	0	1587	37.6
A_NS	87	1767	T	0	0	1767	36.7
A_NS	88	1740	G	0	0	1740	36.0
A_NS	89	1584	C	0	0	1584	35.5
A_NS	90	1608	T	0	0	1608	34.7
A_NS	91	1436	C	0	0	1436	34.8
A_NS	92	1829	C	0	0	1829	36.2
A_NS	93	1507	C	0	0	1507	36.7
A_NS	94	1572	T	0	0	1572	36.2
A_NS	95	1533	T	0	0	1533	34.3
A_NS	96	1482	T	0	0	1482	35.3
A_NS	97	1678	G	0	0	1678	34.6
A_NS	98	1539	A	0	0	1539	36.2
A_NS	99	1531	T	0	0	1531	34.2
A_NS	100	1726	G	0	0	1726	37.7
A_NS	101	1643	A	0	0	1643	37.8
A_NS	102	1646	T	0	0	1646	36.9
A_NS	103	1556	A	0	0	1556	34.7
A_NS	104	1555	G	0	0	1555	37.2
A_NS	105	1378	A	0	0	1378	35.1
A_NS	106	1391	C	0	0	1391	36.6
A_NS	107	1484	T	0	0	1484	36.2
A_NS	108	1544	C	0	0	1544	36.5
A_NS	109	1378	A	0	0	1378	36.8
A_NS	110	1493	G	0	0	1493	35.3
A_NS	111	1463	A	0	0	1463	34.5
A_NS	112	1466	A	0	0	1466	34.8
A_NS	113	1597	G	0	0	1597	36.7
A_NS	114	1395	A	0	0	1395	36.8
A_NS	115	1638	G	0	0	1638	34.1
A_NS	116	1558	A	0	0	1558	37.7
A_NS	117	1402	T	0	0	1402	36.4
A_NS	118	1736	C	0	0	1736	37.7
A_NS	119	1482	A	0	0	1482	34.8
A_NS	120	1605	G	0	0	1605	36.3
A_NS	121	1622	A	0	0	1622	37.7
A_NS	122	1542	A	0	0	1542	35.1
A_NS	123	1575	G	0	0	1575	37.3
A_NS	124	1444	G	0	0	1444	37.1
A_NS	125	1569	C	0	0	1569	34.6
A_NS	126	1497	A	0	0	1497	37.5
A_NS	127	1602	T	0	0	1602	36.8
A_NS	128	1730	T	0	0	1730	37.5
A_NS	129	1559	A	0	0	1559	36.0
A_NS	130	1736	A	0	0	1736	35.4
A_NS	131	1433	A	0	0	1433	35.6
A_NS	132	1584	G	0	0	1584	34.3
A_NS	133	1614	G	0	0	1614	36.3
A_NS	134	1494	G	0	0	1494	34.1
A_NS	135	1513	A	0	0	1513	37.4
A_NS	136	1741	A	0	0	1741	35.9
A_NS	137	1735	G	0	0	1735	34.5
A_NS	138	1618	A	0	0	1618	37.8
A_NS	139	1665	G	0	0	1665	34.2
A_NS	140	1874	G	0	0	1874	36.4
A_NS	141	1745	C	0	0	1745	36.0
A_NS	142	1868	A	0	0	1868	34.1
A_NS	143	1666	G	0	0	1666	35.8
A_NS	144	1636	C	0	0	1636	36.3
A_NS	145	1782	A	0	0	1782	34.4
A_NS	146	1767	C	0	0	1767	38.0
A_NS	147	1847	A	0	0	1847	37.3
A_NS	148	1904	C	0	0	1904	34.6
A_NS	149	1721	T	0	0	1721	36.4
A_NS	150	1784	T	0	0	1784	34.1
A_NS	151	1888	G	0	0	1888	37.8
A_NS	152	1915	G	0	0	1915	35.9
A_NS	153	1996	A	0	0	1996	36.8
A_NS	154	2011	C	0	0	2011	35.4
A_NS	155	2019	T	0	0	2019	35.9
A_NS	156	1869	C	0	0	1869	37.0
A_NS	157	1956	G	0	0	1956	37.4
A_NS	158	2148	A	0	0	2148	35.4
A_NS	159	2124	C	0	0	2124	37.7
A_NS	160	1949	C	0	0	1949	34.4
A_NS	161	2265	T	0	0	2265	35.0
A_NS	162	2118	G	0	0	2118	37.3
A_NS	163	2109	C	0	0	2109	35.5
A_NS	164	2174	G	0	0	2174	36.9
A_NS	165	2144	A	0	0	2144	34.1
A_NS	166	2298	G	0	0	2298	34.0
A_NS	167	2295	T	0	0	2295	37.8
A_NS	168	2251	G	0	0	2251	36.2
A_NS	169	2279	G	0	0	2279	37.6
A_NS	170	2141	C	0	0	2141	36.4
A_NS	171	2340	C	0	0	2340	35.5
A_NS	172	2419	A	0	0	2419	36.8
A_NS	173	2238	C	0	0	2238	37.2
A_NS	174	2294	A	0	0	2294	35.5
A_NS	175	2521	A	0	0	2521	37.1
A_NS	176	2253	T	0	0	2253	34.8
A_NS	177	2159	G	0	0	2159	34.5
A_NS	178	2344	G	0	0	2344	34.9
A_NS	179	2557	A	0	0	2557	36.6
A_NS	180	2442	G	0	0	2442	37.4
A_NS	181	2274	G	0	0	2274	35.1
A_NS	182	2271	G	0	0	2271	34.4
A_NS	183	2257	C	0	0	2257	34.5
A_NS	184	2446	A	0	0	2446	35.7
A_NS	185	2493	A	0	0	2493	35.1
A_NS	186	2544	A	0	0	2544	34.4
A_NS	187	2632	A	0	0	2632	35.3
A_NS	188	2545	A	0	0	2545	35.6
A_NS	189	2470	G	0	0	2470	36.2
A_NS	190	2381	A	0	0	2381	34.0
A_NS	191	2496	T	0	0	2496	34.7
A_NS	192	2156	T	0	0	2156	36.7
A_NS	193	2393	G	0	0	2393	34.8
A_NS	194	2411	T	0	0	2411	37.5
A_NS	195	2449	T	0	0	2449	37.9
A_NS	196	2461	G	0	0	2461	37.0
A_NS	197	2517	A	0	0	2517	35.4
A_NS	198	2374	G	0	0	2374	37.2
A_NS	199	2498	G	0	0	2498	34.4
A_NS	200	2534	A	0	0	2534	37.0
A_NS	201	2315	C	0	0	2315	37.1
A_NS	202	2302	A	0	0	2302	37.0
A_NS	203	2275	T	0	0	2275	37.8
A_NS	204	2508	C	0	0	2508	35.9
A_NS	205	2248	C	0	0	2248	36.5
A_NS	206	2415	T	0	0	2415	35.4
A_NS	207	2172	A	0	0	2172	34.2
A_NS	208	2215	A	0	0	2215	35.5
A_NS	209	2250	A	0	0	2250	37.0
A_NS	210	2503	G	0	0	2503	36.8
A_NS	211	2257	A	0	0	2257	37.2
A_NS	212	2304	G	0	0	2304	37.4
A_NS	213	2155	T	0	0	2155	34.5
A_NS	214	2073	G	0	0	2073	37.9
A_NS	215	2216	A	0	0	2216	38.0
A_NS	216	2001	A	0	0	2001	36.3
A_NS	217	2082	A	0	0	2082	35.6
A_NS	218	1954	C	0	0	1954	34.9
A_NS	219	2131	G	0	0	2131	35.4
A_NS	220	2291	G	0	0	2291	34.9
A_NS	221	2064	A	0	0	2064	37.9
A_NS	222	1692	T	0	0	1692	34.5
A_NS	223	2085	G	0	0	2085	36.3
A_NS	224	2194	A	0	0	2194	35.4
A_NS	225	1906	A	0	0	1906	35.0
A_NS	226	1956	A	0	0	1956	34.7
A_NS	227	1803	A	0	0	1803	36.6
A_NS	228	1942	C	0	0	1942	37.3
A_NS	229	1762	C	0	0	1762	34.5
A_NS	230	1747	T	0	0	1747	37.0
A_NS	231	1880	C	0	0	1880	36.8
A_NS	232	1630	A	0	0	1630	37.6
A_NS	233	1832	A	0	0	1832	34.5
A_NS	234	1675	A	0	0	1675	35.1
A_NS	235	1757	A	0	0	1757	37.9
A_NS	236	1737	T	0	0	1737	36.8
A_NS	237	1704	T	0	0	1704	36.4
A_NS	238	1865	G	0	0	1865	36.9
A_NS	239	1553	C	0	0	1553	34.7
A_NS	240	1579	A	0	0	1579	35.1
A_NS	241	1692	A	0	0	1692	36.8
A_NS	242	1745	T	0	0	1745	36.7
A_NS	243	1600	T	0	0	1600	36.8
A_NS	244	1635	G	0	0	1635	34.5
A_NS	245	1693	C	0	0	1693	34.2
A_NS	246	1625	G	0	0	1625	35.5
A_NS	247	1709	T	0	0	1709	35.3
A_NS	248	1633	C	0	0	1633	35.2
A_NS	249	1717	C	0	0	1717	37.5
A_NS	250	1511	A	0	0	1511	35.9
A_NS	251	1430	G	0	0	1430	36.7
A_NS	252	1634	C	0	0	1634	34.8
A_NS	253	1837	C	0	0	1837	35.7
A_NS	254	1530	C	0	0	1530	37.1
A_NS	255	1490	T	0	0	1490	37.1
A_NS	256	1581	G	0	0	1581	34.7
A_NS	257	1556	T	0	0	1556	34.6
A_NS	258	1641	T	0	0	1641	37.9
A_NS	259	1765	C	0	0	1765	34.4
A_NS	260	1796	C	0	0	1796	35.4
A_NS	261	1488	T	0	0	1488	35.3
A_NS	262	1634	C	0	0	1634	34.7
A_NS	263	1508	G	0	0	1508	34.1
A_NS	264	1492	G	0	0	1492	37.0
A_NS	265	1589	T	0	0	1589	34.0
A_NS	266	1556	A	0	0	1556	35.0
A_NS	267	1460	C	0	0	1460	34.6
A_NS	268	1557	A	0	0	1557	36.6
A_NS	269	1540	T	0	0	1540	35.8
A_NS	270	1621	C	0	0	1621	35.1
A_NS	271	1478	A	0	0	1478	34.3
A_NS	272	1636	C	0	0	1636	34.3
A_NS	273	1669	T	0	0	1669	36.6
A_NS	274	1619	G	0	0	1619	37.9
A_NS	275	1790	A	0	0	1790	35.6
A_NS	276	1589	T	0	0	1589	37.5
A_NS	277	1715	A	0	0	1715	36.8
A_NS	278	1897	T	0	0	1897	34.3
A_NS	279	1574	G	0	0	1574	35.2
A_NS	280	1651	A	0	0	1651	36.8
A_NS	281	1385	G	0	0	1385	37.1
A_NS	282	1732	C	0	0	1732	36.8
A_NS	283	1759	A	0	0	1759	37.4
A_NS	284	1518	T	0	0	1518	36.0
A_NS	285	1755	A	0	0	1755	36.7
A_NS	286	1800	G	0	0	1800	37.1
A_NS	287	1765	A	0	0	1765	36.3
A_NS	288	1695	G	0	0	1695	37.3
A_NS	289	1480	G	0	0	1480	36.3
A_NS	290	1718	A	0	0	1718	36.3
A_NS	291	1708	A	0	0	1708	35.0
A_NS	292	1635	A	0	0	1635	36.5
A_NS	293	1687	T	0	0	1687	36.0
A_NS	294	1633	A	0	0	1633	36.9
A_NS	295	1940	A	0	0	1940	34.7
A_NS	296	1662	G	0	0	1662	37.2
A_NS	297	1806	C	0	0	1806	37.4
A_NS	298	1801	A	0	0	1801	34.6
A_NS	299	1707	G	0	0	1707	35.9
A_NS	300	1598	G	0	0	1598	37.3
A_NS	301	1643	G	0	0	1643	37.7
A_NS	302	1691	A	0	0	1691	36.4
A_NS	303	1537	G	0	0	1537	37.0
A_NS	304	1888	T	0	0	1888	36.1
A_NS	305	1660	G	0	0	1660	36.3
A_NS	306	1633	G	0	0	1633	36.2
A_NS	307	1897	T	0	0	1897	35.2
A_NS	308	1921	A	0	0	1921	36.5
A_NS	309	1563	C	0	0	1563	34.2
A_NS	310	1790	A	0	0	1790	36.6
A_NS	311	1826	T	0	0	1826	37.2
A_NS	312	1718	G	0	0	1718	34.8
A_NS	313	1602	C	0	0	1602	35.5
A_NS	314	1793	T	0	0	1793	35.4
A_NS	315	1775	C	0	0	1775	35.1
A_NS	316	1723	A	0	0	1723	37.9
A_NS	317	1595	T	0	0	1595	36.2
A_NS	318	1583	G	0	0	1583	34.6
A_NS	319	1739	C	0	0	1739	35.3
A_NS	320	1561	C	0	0	1561	35.4
A_NS	321	1702	A	0	0	1702	35.9
A_NS	322	1500	A	0	0	1500	37.9
A_NS	323	1620	G	0	0	1620	37.4
A_NS	324	1397	G	0	0	1397	34.2
A_NS	325	1684	C	0	0	1684	37.6
A_NS	326	1562	A	0	0	1562	35.1
A_NS	327	1400	G	0	0	1400	34.9
A_NS	328	1519	A	0	0	1519	35.9
A_NS	329	1483	A	0	0	1483	34.8
A_NS	330	1401	A	0	0	1401	35.6
A_NS	331	1488	A	0	0	1488	36.7
A_NS	332	1419	T	0	0	1419	37.6
A_NS	333	1416	A	0	0	1416	34.6
A_NS	334	1453	A	0	0	1453	35.8
A_NS	335	1211	C	0	0	1211	35.7
A_NS	336	1552	A	0	0	1552	36.7
A_NS	337	1374	G	0	0	1374	35.6
A_NS	338	1299	G	0	0	1299	35.7
A_NS	339	1250	G	0	0	1250	37.3
A_NS	340	1372	G	0	0	1372	35.4
A_NS	341	1187	G	0	0	1187	34.8
A_NS	342	1230	T	0	0	1230	36.1
A_NS	343	1272	C	0	0	1272	37.9
A_NS	344	1267	T	0	0	1267	37.3
A_NS	345	1463	G	0	0	1463	36.2
A_NS	346	1283	A	0	0	1283	37.2
A_NS	347	1304	T	0	0	1304	35.3
A_NS	348	1274	G	0	0	1274	37.9
A_NS	349	1238	G	0	0	1238	36.8
A_NS	350	1223	T	0	0	1223	36.1
A_NS	351	1131	G	0	0	1131	37.7
A_NS	352	1265	A	0	0	1265	37.1
A_NS	353	1155	A	0	0	1155	37.1
A_NS	354	1300	A	0	0	1300	37.7
A_NS	355	1270	A	0	0	1270	35.0
A_NS	356	1301	T	0	0	1301	36.7
A_NS	357	1384	G	0	0	1384	34.8
A_NS	358	1199	G	0	0	1199	34.4
A_NS	359	1293	A	0	0	1293	36.3
A_NS	360	1260	T	0	0	1260	34.3
A_NS	361	1160	C	0	0	1160	37.8
A_NS	362	1314	A	0	0	1314	37.7
A_NS	363	1226	G	0	0	1226	36.6
A_NS	364	1258	G	0	0	1258	36.9
A_NS	365	1224	C	0	0	1224	37.2
A_NS	366	1123	C	0	0	1123	37.0
A_NS	367	1299	A	0	0	1299	34.3
A_NS	368	1239	T	0	0	1239	36.5
A_NS	369	1148	C	0	0	1148	34.7
A_NS	370	1340	A	0	0	1340	37.6
A_NS	371	1144	T	0	0	1144	37.1
A_NS	372	1289	G	0	0	1289	36.9
A_NS	373	1135	G	0	0	1135	36.7
A_NS	374	1385	A	0	0	1385	34.7
A_NS	375	1208	C	0	0	1208	34.2
A_NS	376	1212	A	0	0	1212	36.9
A_NS	377	1350	A	0	0	1350	35.5
A_NS	378	1371	G	0	0	1371	36.4
A_NS	379	1220	A	0	0	1220	34.3
A_NS	380	1325	G	0	0	1325	34.8
A_NS	381	1341	G	0	0	1341	37.9
A_NS	382	1509	A	0	0	1509	34.4
A_NS	383	1399	T	0	0	1399	35.2
A_NS	384	1459	A	0	0	1459	35.9
A_NS	385	1607	A	0	0	1607	34.0
A_NS	386	1683	T	0	0	1683	34.6
A_NS	387	1508	A	0	0	1508	35.2
A_NS	388	1698	C	0	0	1698	35.4
A_NS	389	1535	T	0	0	1535	34.3
A_NS	390	1572	C	0	0	1572	36.6
A_NS	391	1599	A	0	0	1599	34.2
A_NS	392	1489	A	0	0	1489	34.3
A_NS	393	1585	G	0	0	1585	37.4
A_NS	394	1647	G	0	0	1647	34.8
A_NS	395	1660	C	0	0	1660	35.5
A_NS	396	1636	A	0	0	1636	34.3
A_NS	397	2043	A	0	0	2043	35.0
A_NS	398	1751	A	0	0	1751	35.7
A_NS	399	1721	C	0	0	1721	35.9
A_NS	400	1725	T	0	0	1725	36.7
A_NS	401	1704	T	0	0	1704	35.8
A_NS	402	1824	C	0	0	1824	35.8
A_NS	403	1692	T	0	0	1692	35.1
A_NS	404	1719	C	0	0	1719	34.4
A_NS	405	1934	T	0	0	1934	34.2
A_NS	406	1903	G	0	0	1903	36.7
A_NS	407	1849	T	0	0	1849	35.2
A_NS	408	1762	C	0	0	1762	35.1
A_NS	409	2041	C	0	0	2041	37.8
A_NS	410	1930	T	0	0	1930	35.6
A_NS	411	1915	A	0	0	1915	35.7
A_NS	412	1921	T	0	0	1921	35.5
A_NS	413	1909	T	0	0	1909	34.5
A_NS	414	2059	T	0	0	2059	37.0
A_NS	415	2102	A	0	0	2102	36.5
A_NS	416	1930	A	0	0	1930	34.6
A_NS	417	2093	T	0	0	2093	36.3
A_NS	418	2178	C	0	0	2178	36.1
A_NS	419	2169	A	0	0	2169	35.9
A_NS	420	2214	A	0	0	2214	36.3
A_NS	421	2322	C	0	0	2322	34.5
A_NS	422	2152	T	0	0	2152	38.0
A_NS	423	2217	G	0	0	2217	34.4
A_NS	424	2303	G	0	0	2303	36.4
A_NS	425	2316	A	0	0	2316	36.7
A_NS	426	2108	A	0	0	2108	35.0
A_NS	427	2060	A	0	0	2060	37.2
A_NS	428	2047	C	0	0	2047	36.8
A_NS	429	2122	A	0	0	2122	36.5
A_NS	430	2281	T	0	0	2281	35.7
A_NS	431	2289	T	0	0	2289	35.2
A_NS	432	2233	A	0	0	2233	36.5
A_NS	433	2257	G	0	0	2257	36.4
A_NS	434	2237	T	0	0	2237	34.9
A_NS	435	2492	C	0	0	2492	36.3
A_NS	436	2614	T	0	0	2614	36.5
A_NS	437	2224	C	0	0	2224	37.8
A_NS	438	2140	A	0	0	2140	36.3
A_NS	439	2080	C	0	0	2080	35.2
A_NS	440	2307	T	0	0	2307	35.8
A_NS	441	2234	G	0	0	2234	35.1
A_NS	442	2395	A	0	0	2395	34.7
A_NS	443	2020	G	0	0	2020	37.5
A_NS	444	2331	G	0	0	2331	34.8
A_NS	445	2559	G	0	0	2559	35.3
A_NS	446	2375	C	0	0	2375	34.1
A_NS	447	2021	T	0	0	2021	34.9
A_NS	448	2241	T	0	0	2241	34.3
A_NS	449	2385	T	0	0	2385	34.4
A_NS	450	2229	C	0	0	2229	37.3
A_NS	451	2116	A	0	0	2116	34.5
A_NS	452	2045	C	0	0	2045	35.3
A_NS	453	2190	A	0	0	2190	35.2
A_NS	454	2362	G	0	0	2362	35.0
A_NS	455	2317	A	0	0	2317	37.2
A_NS	456	2342	A	0	0	2342	36.5
A_NS	457	2029	G	0	0	2029	37.4
A_NS	458	2239	A	0	0	2239	35.7
A_NS	459	2184	T	0	0	2184	37.2
A_NS	460	2107	G	0	0	2107	34.1
A_NS	461	1872	G	0	0	1872	37.3
A_NS	462	1881	C	0	0	1881	35.0
A_NS	463	1995	G	0	0	1995	37.9
A_NS	464	2060	C	0	0	2060	35.2
A_NS	465	2285	C	0	0	2285	34.6
A_NS	466	1960	A	0	0	1960	34.6
A_NS	467	1841	T	0	0	1841	34.3
A_NS	468	1939	T	0	0	1939	36.5
A_NS	469	2176	G	0	0	2176	36.1
A_NS	470	1846	T	0	0	1846	34.9
A_NS	471	1743	G	0	0	1743	35.9
A_NS	472	1970	G	0	0	1970	35.2
A_NS	473	2059	C	0	0	2059	35.9
A_NS	474	1867	T	0	0	1867	36.9
A_NS	475	1882	G	0	0	1882	35.5
A_NS	476	2087	A	0	0	2087	35.5
A_NS	477	2025	A	0	0	2025	37.3
A_NS	478	1789	A	0	0	1789	36.0
A_NS	479	1789	T	0	0	1789	34.1
A_NS	480	2004	A	0	0	2004	35.6
A_NS	481	1786	T	0	0	1786	37.2
A_NS	482	1867	C	0	0	1867	35.0
A_NS	483	1941	T	0	0	1941	35.9
A_NS	484	1890	C	0	0	1890	35.7
A_NS	485	1961	C	0	0	1961	35.2
A_NS	486	1882	T	0	0	1882	34.2
A_NS	487	1930	A	0	0	1930	37.6
A_NS	488	1628	T	0	0	1628	36.6
A_NS	489	1758	T	0	0	1758	34.8
A_NS	490	2154	C	0	0	2154	37.8
A_NS	491	2273	C	0	0	2273	35.4
A_NS	492	1946	T	0	0	1946	35.2
A_NS	493	1730	T	0	0	1730	34.6
A_NS	494	1728	C	0	0	1728	37.3
A_NS	495	1741	C	0	0	1741	35.1
A_NS	496	1835	A	0	0	1835	37.0
A_NS	497	1723	T	0	0	1723	34.2
A_NS	498	1765	G	0	0	1765	38.0
A_NS	499	1722	C	0	0	1722	34.1
A_NS	500	1928	C	0	0	1928	37.7
A_NS	501	1898	A	0	0	1898	36.6
A_NS	502	1696	G	0	0	1696	35.3
A_NS	503	1798	G	0	0	1798	37.7
A_NS	504	1760	A	0	0	1760	36.1
A_NS	505	1928	C	0	0	1928	34.9
A_NS	506	1857	A	0	0	1857	37.3
A_NS	507	1906	T	0	0	1906	36.8
A_NS	508	1969	T	0	0	1969	35.5
A_NS	509	2110	C	0	0	2110	34.0
A_NS	510	1900	T	0	0	1900	35.2
A_NS	511	2251	A	0	0	2251	37.6
A_NS	512	1776	C	0	0	1776	35.5
A_NS	513	1923	A	0	0	1923	34.1
A_NS	514	2100	G	0	0	2100	35.6
A_NS	515	1925	A	0	0	1925	36.1
A_NS	516	1746	G	0	0	1746	37.2
A_NS	517	1891	G	0	0	1891	34.9
A_NS	518	1826	A	0	0	1826	36.3
A_NS	519	1989	T	0	0	1989	35.4
A_NS	520	2108	G	0	0	2108	36.9
A_NS	521	2029	T	0	0	2029	37.8
A_NS	522	1841	C	0	0	1841	34.9
A_NS	523	2266	A	0	0	2266	36.0
A_NS	524	1992	A	0	0	1992	36.1
A_NS	525	1921	A	0	0	1921	36.9
A_NS	526	1970	A	0	0	1970	36.5
A_NS	527	1880	A	0	0	1880	34.5
A_NS	528	2167	T	0	0	2167	37.8
A_NS	529	2018	G	0	0	2018	36.0
A_NS	530	2042	C	0	0	2042	36.9
A_NS	531	2004	A	0	0	2004	34.8
A_NS	532	2029	A	0	0	2029	37.5
A_NS	533	1852	T	0	0	1852	34.7
A_NS	534	2130	T	0	0	2130	35.7
A_NS	535	2165	G	0	0	2165	37.9
A_NS	536	1946	G	0	0	1946	35.1
A_NS	537	2211	A	0	0	2211	35.6
A_NS	538	1929	A	0	0	1929	36.1
A_NS	539	1844	T	0	0	1844	37.4
A_NS	540	2044	C	0	0	2044	36.6
A_NS	541	1952	C	0	0	1952	35.6
A_NS	542	1892	T	0	0	1892	36.6
A_NS	543	1911	C	0	0	1911	37.2
A_NS	544	2105	A	0	0	2105	35.6
A_NS	545	1852	T	0	0	1852	35.4
A_NS	546	2211	C	0	0	2211	36.4
A_NS	547	1676	G	0	0	1676	37.6
A_NS	548	1950	G	0	0	1950	34.7
A_NS	549	1797	T	0	0	1797	35.2
A_NS	550	2122	G	0	0	2122	36.2
A_NS	551	1784	G	0	0	1784	37.9
A_NS	552	1970	A	0	0	1970	36.6
A_NS	553	1854	C	0	0	1854	37.1
A_NS	554	1855	T	0	0	1855	35.2
A_NS	555	1833	T	0	0	1833	37.6
A_NS	556	2003	G	0	0	2003	34.9
A_NS	557	1708	A	0	0	1708	35.6
A_NS	558	1821	A	0	0	1821	37.3
A_NS	559	1796	T	0	0	1796	36.5
A_NS	560	1803	G	0	0	1803	34.7
A_NS	561	1807	G	0	0	1807	37.7
A_NS	562	1842	A	0	0	1842	35.5
A_NS	563	1805	A	0	0	1805	37.3
A_NS	564	1787	T	0	0	1787	37.5
A_NS	565	1850	G	0	0	1850	36.4
A_NS	566	1726	A	0	0	1726	37.7
A_NS	567	1792	T	0	0	1792	34.3
A_NS	568	1678	A	0	0	1678	37.0
A_NS	569	1713	A	0	0	1713	35.1
A_NS	570	1559	C	0	0	1559	34.1
A_NS	571	1613	T	0	0	1613	36.2
A_NS	572	1628	C	0	0	1628	36.7
A_NS	573	1572	A	0	0	1572	37.7
A_NS	574	1545	A	0	0	1545	37.3
A_NS	575	1532	T	0	0	1532	36.6
A_NS	576	1454	T	0	0	1454	37.5
A_NS	577	1506	C	0	0	1506	37.8
A_NS	578	1385	G	0	0	1385	35.6
A_NS	579	1399	A	0	0	1399	35.2
A_NS	580	1482	G	0	0	1482	37.8
A_NS	581	1465	C	0	0	1465	34.7
A_NS	582	1269	G	0	0	1269	36.7
A_NS	583	1319	T	0	0	1319	35.7
A_NS	584	1241	C	0	0	1241	35.2
A_NS	585	1432	T	0	0	1432	37.8
A_NS	586	1400	G	0	0	1400	35.4
A_NS	587	1363	A	0	0	1363	36.6
A_NS	588	1250	A	0	0	1250	36.8
A_NS	589	1222	A	0	0	1222	37.2
A_NS	590	1333	A	0	0	1333	36.7
A_NS	591	1235	T	0	0	1235	36.7
A_NS	592	1279	A	0	0	1279	34.2
A_NS	593	1335	T	0	0	1335	34.2
A_NS	594	1234	A	0	0	1234	36.0
A_NS	595	1202	C	0	0	1202	35.1
A_NS	596	941	A	0	0	941	37.4
A_NS	597	1202	G	0	0	1202	34.1
A_NS	598	1253	A	0	0	1253	34.7
A_NS	599	1141	G	0	0	1141	35.7
A_NS	600	1084	A	0	0	1084	35.5
A_NS	601	1068	T	0	0	1068	35.4
A_NS	602	1222	T	0	0	1222	35.8
A_NS	603	1181	C	0	0	1181	34.4
A_NS	604	1185	G	0	0	1185	34.1
A_NS	605	1202	C	0	0	1202	37.1
A_NS	606	1339	T	0	0	1339	35.9
A_NS	607	1023	T	0	0	1023	37.5
A_NS	608	1268	G	0	0	1268	35.2
A_NS	609	907	G	0	0	907	35.8
A_NS	610	1000	G	0	0	1000	36.7
A_NS	611	1168	G	0	0	1168	37.4
A_NS	612	952	A	0	0	952	37.1
A_NS	613	1205	G	0	0	1205	37.1
A_NS	614	1099	T	0	0	1099	36.8
A_NS	615	1183	C	0	0	1183	35.9
A_NS	616	1153	C	0	0	1153	35.9
A_NS	617	1191	G	0	0	1191	35.3
A_NS	618	1184	T	0	0	1184	37.7
A_NS	619	1196	G	0	0	1196	37.2
A_NS	620	1168	A	0	0	1168	36.9
A_NS	621	1220	T	0	0	1220	34.9
A_NS	622	1299	G	0	0	1299	36.4
A_NS	623	1211	A	0	0	1211	36.8
A_NS	624	1237	G	0	0	1237	37.5
A_NS	625	1319	A	0	0	1319	35.9
A_NS	626	1245	A	0	0	1245	35.7
A_NS	627	1349	T	0	0	1349	37.7
A_NS	628	1406	G	0	0	1406	37.0
A_NS	629	1219	G	0	0	1219	35.4
A_NS	630	1373	G	0	0	1373	37.3
A_NS	631	1358	G	0	0	1358	34.6
A_NS	632	1257	G	0	0	1257	37.2
A_NS	633	1432	A	0	0	1432	37.7
A_NS	634	1360	C	0	0	1360	35.8
A_NS	635	1504	C	0	0	1504	35.2
A_NS	636	1270	T	0	0	1270	35.8
A_NS	637	1475	C	0	0	1475	36.2
A_NS	638	1238	C	0	0	1238	36.4
A_NS	639	1372	A	0	0	1372	34.4
A_NS	640	1597	C	0	0	1597	36.7
A_NS	641	1609	T	0	0	1609	34.9
A_NS	642	1468	C	0	0	1468	38.0
A_NS	643	1470	C	0	0	1470	35.1
A_NS	644	1773	C	0	0	1773	36.7
A_NS	645	1635	T	0	0	1635	36.5
A_NS	646	1686	C	0	0	1686	37.9
A_NS	647	1749	C	0	0	1749	37.1
A_NS	648	1568	A	0	0	1568	37.3
A_NS	649	1879	A	0	0	1879	36.2
A_NS	650	1608	A	0	0	1608	35.1
A_NS	651	1432	G	0	0	1432	37.4
A_NS	652	1718	C	0	0	1718	37.8
A_NS	653	1676	A	0	0	1676	36.0
A_NS	654	1577	G	0	0	1577	36.3
A_NS	655	1593	A	0	0	1593	35.0
A_NS	656	1664	A	0	0	1664	34.1
A_NS	657	1777	A	0	0	1777	35.0
A_NS	658	1763	C	0	0	1763	37.8
A_NS	659	1733	G	0	0	1733	35.6
A_NS	660	1744	C	0	0	1744	36.3
A_NS	661	1781	T	0	0	1781	36.6
A_NS	662	1908	A	0	0	1908	35.2
A_NS	663	1879	C	0	0	1879	34.5
A_NS	664	1758	A	0	0	1758	37.6
A_NS	665	1879	T	0	0	1879	37.5
A_NS	666	1789	G	0	0	1789	35.5
A_NS	667	1860	G	0	0	1860	37.0
A_NS	668	1906	C	0	0	1906	36.7
A_NS	669	1923	G	0	0	1923	34.2
A_NS	670	1951	A	0	0	1951	34.5
A_NS	671	1835	G	0	0	1835	36.6
A_NS	672	2111	A	0	0	2111	35.7
A_NS	673	1853	A	0	0	1853	35.4
A_NS	674	1854	G	0	0	1854	37.5
A_NS	675	2010	A	0	0	2010	37.4
A_NS	676	2073	G	0	0	2073	37.0
A_NS	677	2079	T	0	0	2079	35.3
A_NS	678	1780	T	0	0	1780	38.0
A_NS	679	1922	G	0	0	1922	35.6
A_NS	680	2227	A	0	0	2227	35.3
A_NS	681	2003	G	0	0	2003	36.7
A_NS	682	1897	T	0	0	1897	36.8
A_NS	683	1895	C	0	0	1895	35.6
A_NS	684	1912	A	0	0	1912	35.5
A_NS	685	1893	G	0	0	1893	35.6
A_NS	686	2082	A	0	0	2082	35.1
A_NS	687	1977	A	0	0	1977	36.9
A_NS	688	1766	G	0	0	1766	34.2
A_NS	689	2001	T	0	0	2001	35.1
A_NS	690	1944	T	0	0	1944	35.7
A_NS	691	1964	T	0	0	1964	35.5
A_NS	692	1821	G	0	0	1821	34.2
A_NS	693	1742	A	0	0	1742	37.7
A_NS	694	1878	A	0	0	1878	37.7
A_NS	695	2082	G	0	0	2082	34.7
A_NS	696	1851	A	0	0	1851	34.9
A_NS	697	1822	G	0	0	1822	35.9
A_NS	698	2182	A	0	0	2182	37.6
A_NS	699	1948	T	0	0	1948	37.2
A_NS	700	1887	C	0	0	1887	35.0
A_NS	701	1789	A	0	0	1789	35.8
A_NS	702	1752	G	0	0	1752	34.4
A_NS	703	1884	A	0	0	1884	35.0
A_NS	704	1858	T	0	0	1858	36.3
A_NS	705	1729	G	0	0	1729	36.3
A_NS	706	1804	G	0	0	1804	35.6
A_NS	707	1857	C	0	0	1857	37.9
A_NS	708	1867	T	0	0	1867	35.6
A_NS	709	2004	A	0	0	2004	36.6
A_NS	710	1819	A	0	0	1819	34.8
A_NS	711	1903	T	0	0	1903	36.9
A_NS	712	1812	T	0	0	1812	37.9
A_NS	713	1775	G	0	0	1775	34.4
A_NS	714	1783	C	0	0	1783	34.1
A_NS	715	1623	A	0	0	1623	37.8
A_NS	716	1856	G	0	0	1856	36.7
A_NS	717	1819	A	0	0	1819	37.8
A_NS	718	1871	G	0	0	1871	34.6
A_NS	719	1942	T	0	0	1942	34.2
A_NS	720	2135	G	0	0	2135	36.9
A_NS	721	1744	C	0	0	1744	36.8
A_NS	722	2006	A	0	0	2006	36.6
A_NS	723	1905	G	0	0	1905	36.6
A_NS	724	1931	A	0	0	1931	35.2
A_NS	725	1856	A	0	0	1856	35.6
A_NS	726	1953	A	0	0	1953	38.0
A_NS	727	1967	C	0	0	1967	37.0
A_NS	728	1841	A	0	0	1841	34.8
A_NS	729	1889	T	0	0	1889	37.2
A_NS	730	1624	A	0	0	1624	36.6
A_NS	731	1725	T	0	0	1725	37.7
A_NS	732	2018	T	0	0	2018	36.6
A_NS	733	2137	A	0	0	2137	34.2
A_NS	734	1866	A	0	0	1866	34.9
A_NS	735	1934	C	0	0	1934	35.5
A_NS	736	1806	C	0	0	1806	37.6
A_NS	737	1957	A	0	0	1957	37.4
A_NS	738	2089	A	0	0	2089	36.5
A_NS	739	2083	A	0	0	2083	37.1
A_NS	740	1945	A	0	0	1945	37.8
A_NS	741	2045	C	0	0	2045	37.8
A_NS	742	1857	T	0	0	1857	34.9
A_NS	743	1959	G	0	0	1959	34.8
A_NS	744	1967	A	0	0	1967	34.5
A_NS	745	2169	G	0	0	2169	36.4
A_NS	746	1880	A	0	0	1880	34.9
A_NS	747	1939	A	0	0	1939	34.4
A_NS	748	2413	C	0	0	2413	34.6
A_NS	749	2029	A	0	0	2029	36.1
A_NS	750	2329	G	0	0	2329	34.8
A_NS	751	2170	C	0	0	2170	37.3
A_NS	752	2168	T	0	0	2168	36.0
A_NS	753	2063	T	0	0	2063	37.0
A_NS	754	2298	C	0	0	2298	36.9
A_NS	755	2099	G	0	0	2099	36.4
A_NS	756	2233	A	0	0	2233	37.7
A_NS	757	2180	G	0	0	2180	37.4
A_NS	758	2065	C	0	0	2065	37.1
A_NS	759	2212	A	0	0	2212	34.2
A_NS	760	2472	G	0	0	2472	34.2
A_NS	761	2005	A	0	0	2005	35.8
A_NS	762	2136	T	0	0	2136	34.7
A_NS	763	2159	A	0	0	2159	35.5
A_NS	764	2327	A	0	0	2327	35.9
A_NS	765	2433	C	0	0	2433	35.1
A_NS	766	2239	G	0	0	2239	36.4
A_NS	767	2111	T	0	0	2111	37.3
A_NS	768	2336	T	0	0	2336	36.8
A_NS	769	2146	C	0	0	2146	35.4
A_NS	770	2192	T	0	0	2192	36.6
A_NS	771	2416	T	0	0	2416	36.9
A_NS	772	2244	G	0	0	2244	35.0
A_NS	773	2319	C	0	0	2319	36.5
A_NS	774	2218	A	0	0	2218	34.1
A_NS	775	2361	G	0	0	2361	36.5
A_NS	776	2281	G	0	0	2281	37.8
A_NS	777	2213	C	0	0	2213	36.0
A_NS	778	2027	A	0	0	2027	35.0
A_NS	779	2212	T	0	0	2212	35.3
A_NS	780	2202	T	0	0	2202	34.4
A_NS	781	2333	G	0	0	2333	35.6
A_NS	782	2206	C	0	0	2206	37.5
A_NS	783	2183	A	0	0	2183	36.8
A_NS	784	2046	A	0	0	2046	36.5
A_NS	785	2409	C	0	0	2409	34.1
A_NS	786	2471	T	0	0	2471	36.7
A_NS	787	2368	T	0	0	2368	35.2
A_NS	788	2089	T	0	0	2089	35.2
A_NS	789	2203	T	0	0	2203	35.2
A_NS	790	2107	A	0	0	2107	37.8
A_NS	791	2229	C	0	0	2229	34.7
A_NS	792	1922	T	0	0	1922	36.5
A_NS	793	1826	T	0	0	1826	34.8
A_NS	794	1942	G	0	0	1942	35.7
A_NS	795	2070	A	0	0	2070	36.0
A_NS	796	1876	G	0	0	1876	37.1
A_NS	797	1977	G	0	0	1977	36.3
A_NS	798	1803	T	0	0	1803	34.3
A_NS	799	1617	T	0	0	1617	37.5
A_NS	800	1744	G	0	0	1744	35.7
A_NS	801	1529	A	0	0	1529	37.4
A_NS	802	1525	G	0	0	1525	34.7
A_NS	803	1493	A	0	0	1493	34.9
A_NS	804	1455	G	0	0	1455	34.0
A_NS	805	1434	T	0	0	1434	34.7
A_NS	806	1355	G	0	0	1355	35.8
A_NS	807	1179	A	0	0	1179	37.7
A_NS	808	1092	G	0	0	1092	36.4
A_NS	809	1099	A	0	0	1099	35.8
A_NS	810	1157	T	0	0	1157	36.1
A_NS	811	1013	A	0	0	1013	37.0
A_NS	812	989	A	0	0	989	37.2
A_NS	813	860	G	0	0	860	38.0
A_NS	814	987	G	0	0	987	34.8
A_NS	815	851	A	0	0	851	34.5
A_NS	816	827	C	0	0	827	35.1
A_NS	817	759	A	0	0	759	35.9
A_NS	818	677	T	0	0	677	37.9
A_NS	819	623	T	0	0	623	34.7
A_NS	820	650	T	0	0	650	35.8
A_NS	821	555	T	0	0	555	34.6
A_NS	822	512	C	0	0	512	35.2
A_NS	823	553	T	0	0	553	35.8
A_NS	824	478	T	0	0	478	37.7
A_NS	825	471	T	0	0	471	35.0
A_NS	826	378	T	0	0	378	35.2
A_NS	827	352	C	0	0	352	37.4
A_NS	828	307	A	0	0	307	37.0
A_NS	829	270	G	0	0	270	35.5
A_NS	830	270	C	0	0	270	35.6
A_NS	831	198	T	0	0	198	35.3
A_NS	832	184	T	0	0	184	37.4
A_NS	833	143	A	0	0	143	35.3
A_NS	834	123	T	0	0	123	34.9
A_NS	835	85	T	0	0	85	34.8
A_NS	836	54	T	0	0	54	36.8
A_NS	837	28	A	0	0	28	36.0
A_NS	838	0	G	0	0	0	34.1
