Reference_Name	Position	Coverage Depth	Consensus	Deletions	Ambiguous	Consensus_Count	Consensus_Average_Quality
A_PA	1	22	A	0	0	22	34.2
A_PA	2	42	T	0	0	42	37.0
A_PA	3	66	G	0	0	66	37.1
A_PA	4	75	G	0	0	75	35.4
A_PA	5	108	A	0	0	108	35.0
A_PA	6	135	A	0	0	135	36.2
A_PA	7	169	G	0	0	169	36.0
A_PA	8	180	A	0	0	180	34.2
A_PA	9	215	C	0	0	215	36.5
A_PA	10	242	T	0	0	242	37.5
A_PA	11	246	T	0	0	246	35.9
A_PA	12	275	T	0	0	275	36.8
A_PA	13	281	G	0	0	281	36.7
A_PA	14	304	T	0	0	304	34.7
A_PA	15	385	G	0	0	385	37.8
A_PA	16	410	C	0	0	410	35.5
A_PA	17	388	G	0	0	388	34.7
A_PA	18	405	A	0	0	405	34.1
A_PA	19	449	C	0	0	449	34.6
A_PA	20	456	A	0	0	456	34.5
A_PA	21	484	A	0	0	484	35.3
A_PA	22	515	T	0	0	515	37.4
A_PA	23	559	G	0	0	559	36.9
A_PA	24	590	C	0	0	590	35.4
A_PA	25	572	T	0	0	572	37.3
A_PA	26	706	T	0	0	706	36.3
A_PA	27	638	C	0	0	638	35.1
A_PA	28	671	A	0	0	671	35.8
A_PA	29	707	A	0	0	707	34.3
A_PA	30	658	T	0	0	658	37.1
A_PA	31	747	C	0	0	747	35.8
A_PA	32	723	C	0	0	723	34.2
A_PA	33	839	A	0	0	839	37.6
A_PA	34	760	A	0	0	760	36.6
A_PA	35	761	T	0	0	761	37.6
A_PA	36	937	G	0	0	937	34.7
A_PA	37	967	A	0	0	967	38.0
A_PA	38	991	T	0	0	991	37.7
A_PA	39	1012	T	0	0	1012	34.0
A_PA	40	993	G	0	0	993	35.0
A_PA	41	913	T	0	0	913	35.5
A_PA	42	999	C	0	0	999	35.7
A_PA	43	1007	G	0	0	1007	37.1
A_PA	44	1004	A	0	0	1004	34.7
A_PA	45	1056	G	0	0	1056	37.0
A_PA	46	1147	C	0	0	1147	36.1
A_PA	47	1180	T	0	0	1180	34.5
A_PA	48	1068	T	0	0	1068	34.4
A_PA	49	1248	G	0	0	1248	36.8
A_PA	50	1297	C	0	0	1297	34.6
A_PA	51	1240	G	0	0	1240	34.2
A_PA	52	1207	G	0	0	1207	37.3
A_PA	53	1422	A	0	0	1422	37.9
A_PA	54	1335	A	0	0	1335	37.4
A_PA	55	1508	A	0	0	1508	35.2
A_PA	56	1403	A	0	0	1403	34.4
A_PA	57	1339	A	0	0	1339	34.7
A_PA	58	1445	G	0	0	1445	34.9
A_PA	59	1474	C	0	0	1474	36.1
A_PA	60	1610	A	0	0	1610	35.0
A_PA	61	1542	A	0	0	1542	35.3
A_PA	62	1481	T	0	0	1481	34.7
A_PA	63	1697	G	0	0	1697	34.5
A_PA	64	1632	A	0	0	1632	37.3
A_PA	65	1691	A	0	0	1691	36.4
A_PA	66	1572	A	0	0	1572	34.9
A_PA	67	1763	G	0	0	1763	35.3
A_PA	68	1637	A	0	0	1637	35.8
A_PA	69	1518	A	0	0	1518	34.2
A_PA	70	1815	T	0	0	1815	36.7
A_PA	71	1798	A	0	0	1798	36.9
A_PA	72	2002	T	0	0	2002	36.5
A_PA	73	1813	G	0	0	1813	37.1
A_PA	74	1913	G	0	0	1913	37.6
A_PA	75	1923	G	0	0	1923	34.1
A_PA	76	2119	G	0	0	2119	35.1
A_PA	77	2111	A	0	0	2111	37.3
A_PA	78	1928	A	0	0	1928	34.1
A_PA	79	1907	G	0	0	1907	37.8
A_PA	80	2030	A	0	0	2030	35.0
A_PA	81	1986	T	0	0	1986	37.7
A_PA	82	2345	C	0	0	2345	34.6
A_PA	83	2100	C	0	0	2100	35.1
A_PA	84	2012	G	0	0	2012	36.4
A_PA	85	2218	A	0	0	2218	36.6
A_PA	86	2164	A	0	0	2164	37.4
A_PA	87	2393	A	0	0	2393	34.2
A_PA	88	2229	A	0	0	2229	35.0
A_PA	89	2449	T	0	0	2449	36.4
A_PA	90	2250	C	0	0	2250	35.4
A_PA	91	2306	G	0	0	2306	36.3
A_PA	92	2519	A	0	0	2519	36.8
A_PA	93	2325	G	0	0	2325	34.8
A_PA	94	2460	A	0	0	2460	37.2
A_PA	95	2495	C	0	0	2495	35.0
A_PA	96	2366	A	0	0	2366	36.2
A_PA	97	2433	A	0	0	2433	36.6
A_PA	98	2578	A	0	0	2578	36.9
A_PA	99	2283	C	0	0	2283	35.3
A_PA	100	2508	A	0	0	2508	36.7
A_PA	101	2436	A	0	0	2436	35.8
A_PA	102	2536	A	0	0	2536	37.4
A_PA	103	2724	T	0	0	2724	37.1
A_PA	104	2660	T	0	0	2660	34.5
A_PA	105	2495	T	0	0	2495	37.6
A_PA	106	2787	G	0	0	2787	35.2
A_PA	107	2642	C	0	0	2642	35.6
A_PA	108	2789	C	0	0	2789	36.0
A_PA	109	2836	G	0	0	2836	37.3
A_PA	110	2730	C	0	0	2730	34.8
A_PA	111	2592	A	0	0	2592	34.3
A_PA	112	2641	A	0	0	2641	37.8
A_PA	113	2592	T	0	0	2592	36.4
A_PA	114	3273	A	0	0	3273	36.6
A_PA	115	3110	T	0	0	3110	37.7
A_PA	116	2938	G	0	0	2938	35.6
A_PA	117	2780	C	0	0	2780	36.7
A_PA	118	3112	A	0	0	3112	35.1
A_PA	119	3009	C	0	0	3009	36.1
A_PA	120	2887	A	0	0	2887	35.3
A_PA	121	3215	C	0	0	3215	34.2
A_PA	122	3040	A	0	0	3040	34.0
A_PA	123	2902	C	0	0	2902	37.1
A_PA	124	3434	T	0	0	3434	35.3
A_PA	125	3205	T	0	0	3205	35.3
A_PA	126	3095	A	0	0	3095	36.4
A_PA	127	3686	G	0	0	3686	36.7
A_PA	128	3128	A	0	0	3128	35.0
A_PA	129	3452	A	0	0	3452	36.0
A_PA	130	3393	G	0	0	3393	36.3
A_PA	131	2959	T	0	0	2959	35.8
A_PA	132	3152	C	0	0	3152	34.5
A_PA	133	3171	T	0	0	3171	34.7
A_PA	134	3112	G	0	0	3112	37.8
A_PA	135	2886	T	0	0	2886	35.4
A_PA	136	3243	T	0	0	3243	37.3
A_PA	137	2867	T	0	0	2867	36.5
A_PA	138	3108	C	0	0	3108	35.6
A_PA	139	3040	A	0	0	3040	36.5
A_PA	140	3037	T	0	0	3037	34.9
A_PA	141	3131	G	0	0	3131	37.2
A_PA	142	3211	T	0	0	3211	34.7
A_PA	143	3144	A	0	0	3144	35.2
A_PA	144	3113	T	0	0	3113	37.4
A_PA	145	2829	T	0	0	2829	38.0
A_PA	146	3133	C	0	0	3133	36.6
A_PA	147	3165	G	0	0	3165	34.9
A_PA	148	3245	G	0	0	3245	37.4
A_PA	149	2953	A	0	0	2953	35.6
A_PA	150	3178	T	0	0	3178	36.5
A_PA	151	3111	T	0	0	3111	37.8
A_PA	152	3085	T	0	0	3085	37.9
A_PA	153	3557	C	0	0	3557	34.1
A_PA	154	3011	C	0	0	3011	35.9
A_PA	155	3032	A	0	0	3032	36.3
A_PA	156	3546	T	0	0	3546	35.9
A_PA	157	2994	T	0	0	2994	35.0
A_PA	158	2805	T	0	0	2805	35.3
A_PA	159	3049	T	0	0	3049	35.9
A_PA	160	3306	A	0	0	3306	34.5
A_PA	161	3273	T	0	0	3273	34.2
A_PA	162	3178	T	0	0	3178	34.2
A_PA	163	3238	G	0	0	3238	34.8
A_PA	164	3124	A	0	0	3124	34.8
A_PA	165	2970	T	0	0	2970	36.4
A_PA	166	3008	G	0	0	3008	37.7
A_PA	167	3254	A	0	0	3254	36.0
A_PA	168	3012	A	0	0	3012	34.5
A_PA	169	3213	C	0	0	3213	36.0
A_PA	170	3072	G	0	0	3072	35.6
A_PA	171	3262	A	0	0	3262	37.7
A_PA	172	3164	G	0	0	3164	34.7
A_PA	173	3030	G	0	0	3030	34.6
A_PA	174	3142	C	0	0	3142	36.7
A_PA	175	3237	G	0	0	3237	34.7
A_PA	176	3496	A	0	0	3496	35.1
A_PA	177	3181	A	0	0	3181	35.1
A_PA	178	3175	T	0	0	3175	36.8
A_PA	179	2985	C	0	0	2985	35.8
A_PA	180	3290	A	0	0	3290	35.8
A_PA	181	2955	A	0	0	2955	37.4
A_PA	182	2835	T	0	0	2835	35.4
A_PA	183	2861	G	0	0	2861	37.1
A_PA	184	2960	A	0	0	2960	36.7
A_PA	185	3101	T	0	0	3101	37.2
A_PA	186	3505	T	0	0	3505	35.7
A_PA	187	2968	G	0	0	2968	37.6
A_PA	188	2976	T	0	0	2976	35.8
A_PA	189	3132	A	0	0	3132	36.3
A_PA	190	2785	G	0	0	2785	34.7
A_PA	191	3005	A	0	0	3005	35.0
A_PA	192	2946	A	0	0	2946	37.1
A_PA	193	3229	T	0	0	3229	35.0
A_PA	194	2840	C	0	0	2840	37.3
A_PA	195	3033	T	0	0	3033	34.4
A_PA	196	2903	G	0	0	2903	36.6
A_PA	197	3164	G	0	0	3164	34.8
A_PA	198	2833	C	0	0	2833	35.1
A_PA	199	3106	G	0	0	3106	35.2
A_PA	200	3238	A	0	0	3238	35.0
A_PA	201	2720	T	0	0	2720	35.5
A_PA	202	3099	C	0	0	3099	35.7
A_PA	203	2840	C	0	0	2840	35.1
A_PA	204	2752	A	0	0	2752	36.9
A_PA	205	3120	A	0	0	3120	34.7
A_PA	206	2885	A	0	0	2885	34.5
A_PA	207	3158	T	0	0	3158	36.1
A_PA	208	3150	G	0	0	3150	37.4
A_PA	209	3006	C	0	0	3006	37.3
A_PA	210	3003	A	0	0	3003	35.1
A_PA	211	3286	T	0	0	3286	36.4
A_PA	212	3000	T	0	0	3000	37.0
A_PA	213	3186	A	0	0	3186	36.7
A_PA	214	2981	T	0	0	2981	36.1
A_PA	215	3173	T	0	0	3173	35.6
A_PA	216	2728	G	0	0	2728	37.3
A_PA	217	3192	A	0	0	3192	36.9
A_PA	218	3193	A	0	0	3193	34.1
A_PA	219	3080	A	0	0	3080	36.8
A_PA	220	2846	C	0	0	2846	36.9
A_PA	221	3197	A	0	0	3197	37.8
A_PA	222	3527	C	0	0	3527	36.7
A_PA	223	3176	C	0	0	3176	36.1
A_PA	224	3127	G	0	0	3127	35.4
A_PA	225	3280	A	0	0	3280	34.5
A_PA	226	3188	T	0	0	3188	34.1
A_PA	227	3218	T	0	0	3218	35.4
A_PA	228	3074	T	0	0	3074	37.4
A_PA	229	3105	G	0	0	3105	35.0
A_PA	230	3131	A	0	0	3131	37.8
A_PA	231	3350	G	0	0	3350	36.7
A_PA	232	3512	A	0	0	3512	34.4
A_PA	233	3040	T	0	0	3040	37.3
A_PA	234	3338	A	0	0	3338	36.3
A_PA	235	3087	A	0	0	3087	37.2
A_PA	236	3251	T	0	0	3251	36.2
A_PA	237	3257	C	0	0	3257	36.3
A_PA	238	3490	G	0	0	3490	37.2
A_PA	239	3259	A	0	0	3259	35.3
A_PA	240	3076	A	0	0	3076	35.2
A_PA	241	3059	G	0	0	3059	34.2
A_PA	242	3310	G	0	0	3310	36.1
A_PA	243	2829	G	0	0	2829	34.8
A_PA	244	3162	A	0	0	3162	35.8
A_PA	245	3261	G	0	0	3261	34.4
A_PA	246	2972	A	0	0	2972	34.8
A_PA	247	3449	G	0	0	3449	36.9
A_PA	248	3180	A	0	0	3180	36.9
A_PA	249	3189	C	0	0	3189	35.6
A_PA	250	3307	C	0	0	3307	37.3
A_PA	251	3347	G	0	0	3347	35.4
A_PA	252	3183	A	0	0	3183	36.4
A_PA	253	3443	G	0	0	3443	36.4
A_PA	254	3298	C	0	0	3298	37.9
A_PA	255	3418	A	0	0	3418	34.9
A_PA	256	3197	A	0	0	3197	34.8
A_PA	257	3318	T	0	0	3318	34.3
A_PA	258	3763	G	0	0	3763	36.5
A_PA	259	3318	G	0	0	3318	37.4
A_PA	260	3605	C	0	0	3605	37.8
A_PA	261	3161	C	0	0	3161	37.8
A_PA	262	3341	T	0	0	3341	37.6
A_PA	263	3224	G	0	0	3224	37.2
A_PA	264	3205	G	0	0	3205	34.8
A_PA	265	3385	A	0	0	3385	37.6
A_PA	266	3512	C	0	0	3512	37.3
A_PA	267	3511	A	0	0	3511	35.6
A_PA	268	3718	G	0	0	3718	37.7
A_PA	269	3634	T	0	0	3634	36.5
A_PA	270	3628	G	0	0	3628	37.7
A_PA	271	3202	G	0	0	3202	37.4
A_PA	272	3380	T	0	0	3380	36.6
A_PA	273	3294	G	0	0	3294	35.0
A_PA	274	3576	A	0	0	3576	35.0
A_PA	275	3728	A	0	0	3728	37.0
A_PA	276	3514	T	0	0	3514	36.7
A_PA	277	3667	A	0	0	3667	36.3
A_PA	278	3812	G	0	0	3812	35.0
A_PA	279	3571	T	0	0	3571	36.9
A_PA	280	3219	A	0	0	3219	37.7
A_PA	281	3889	T	0	0	3889	37.4
A_PA	282	3491	C	0	0	3491	37.4
A_PA	283	3437	T	0	0	3437	37.8
A_PA	284	3600	G	0	0	3600	34.8
A_PA	285	3745	C	0	0	3745	35.1
A_PA	286	3479	A	0	0	3479	35.5
A_PA	287	3776	A	0	0	3776	37.8
A_PA	288	3626	C	0	0	3626	37.7
A_PA	289	3555	A	0	0	3555	37.7
A_PA	290	3625	C	0	0	3625	37.6
A_PA	291	3522	C	0	0	3522	34.1
A_PA	292	3495	A	0	0	3495	36.2
A_PA	293	3460	C	0	0	3460	37.1
A_PA	294	3566	A	0	0	3566	35.1
A_PA	295	3450	G	0	0	3450	34.9
A_PA	296	3804	G	0	0	3804	35.3
A_PA	297	3510	G	0	0	3510	36.6
A_PA	298	3663	G	0	0	3663	36.8
A_PA	299	3634	T	0	0	3634	35.1
A_PA	300	3694	C	0	0	3694	37.1
A_PA	301	3623	G	0	0	3623	36.8
A_PA	302	3836	A	0	0	3836	36.1
A_PA	303	3515	A	0	0	3515	36.5
A_PA	304	3836	A	0	0	3836	34.2
A_PA	305	3789	A	0	0	3789	37.9
A_PA	306	3669	G	0	0	3669	35.1
A_PA	307	3758	C	0	0	3758	36.7
A_PA	308	3740	C	0	0	3740	36.2
A_PA	309	3574	C	0	0	3574	37.8
A_PA	310	3905	A	0	0	3905	35.7
A_PA	311	3913	A	0	0	3913	36.9
A_PA	312	3601	A	0	0	3601	35.2
A_PA	313	3420	T	0	0	3420	34.8
A_PA	314	3696	T	0	0	3696	37.5
A_PA	315	3786	C	0	0	3786	35.2
A_PA	316	4029	C	0	0	4029	37.6
A_PA	317	3975	T	0	0	3975	34.8
A_PA	318	3724	C	0	0	3724	34.1
A_PA	319	3778	C	0	0	3778	35.6
A_PA	320	3552	C	0	0	3552	37.9
A_PA	321	3841	T	0	0	3841	35.3
A_PA	322	3575	G	0	0	3575	36.8
A_PA	323	4064	A	0	0	4064	35.6
A_PA	324	4058	T	0	0	4058	36.0
A_PA	325	4076	T	0	0	4076	36.9
A_PA	326	3838	T	0	0	3838	34.4
A_PA	327	3571	G	0	0	3571	36.3
A_PA	328	3733	T	0	0	3733	35.0
A_PA	329	3654	A	0	0	3654	35.1
A_PA	330	3742	T	0	0	3742	37.1
A_PA	331	3534	G	0	0	3534	34.1
A_PA	332	3377	A	0	0	3377	34.9
A_PA	333	3722	C	0	0	3722	34.2
A_PA	334	3619	T	0	0	3619	36.4
A_PA	335	3798	A	0	0	3798	35.7
A_PA	336	3979	C	0	0	3979	35.4
A_PA	337	4094	A	0	0	4094	36.0
A_PA	338	3739	A	0	0	3739	37.1
A_PA	339	3605	A	0	0	3605	37.7
A_PA	340	4009	G	0	0	4009	35.1
A_PA	341	4215	A	0	0	4215	36.7
A_PA	342	3599	G	0	0	3599	36.0
A_PA	343	3339	A	0	0	3339	36.5
A_PA	344	3814	A	0	0	3814	37.4
A_PA	345	3289	C	0	0	3289	35.9
A_PA	346	4131	C	0	0	4131	35.7
A_PA	347	3575	G	0	0	3575	36.7
A_PA	348	4114	A	0	0	4114	36.3
A_PA	349	4458	T	0	0	4458	36.0
A_PA	350	3405	T	0	0	3405	34.7
A_PA	351	3698	C	0	0	3698	36.7
A_PA	352	3502	A	0	0	3502	35.1
A_PA	353	3592	T	0	0	3592	34.2
A_PA	354	3590	T	0	0	3590	35.6
A_PA	355	3642	G	0	0	3642	34.7
A_PA	356	3461	A	0	0	3461	36.8
A_PA	357	3785	A	0	0	3785	36.1
A_PA	358	4129	A	0	0	4129	34.7
A_PA	359	3921	T	0	0	3921	36.4
A_PA	360	3674	T	0	0	3674	36.3
A_PA	361	3943	G	0	0	3943	34.0
A_PA	362	3561	G	0	0	3561	37.1
A_PA	363	3769	A	0	0	3769	36.4
A_PA	364	3609	G	0	0	3609	35.4
A_PA	365	3567	T	0	0	3567	37.3
A_PA	366	3350	A	0	0	3350	37.2
A_PA	367	3638	A	0	0	3638	34.3
A_PA	368	3284	C	0	0	3284	37.5
A_PA	369	3814	G	0	0	3814	36.9
A_PA	370	3556	C	0	0	3556	34.5
A_PA	371	3272	G	0	0	3272	36.6
A_PA	372	4000	A	0	0	4000	37.0
A_PA	373	4038	A	0	0	4038	34.6
A_PA	374	4017	G	0	0	4017	35.8
A_PA	375	3629	G	0	0	3629	34.8
A_PA	376	3548	G	0	0	3548	37.7
A_PA	377	3538	A	0	0	3538	37.4
A_PA	378	3682	A	0	0	3682	36.1
A_PA	379	3614	G	0	0	3614	37.6
A_PA	380	3488	T	0	0	3488	37.7
A_PA	381	3751	T	0	0	3751	37.2
A_PA	382	3296	C	0	0	3296	34.2
A_PA	383	3798	A	0	0	3798	37.9
A_PA	384	3562	C	0	0	3562	35.8
A_PA	385	3377	A	0	0	3377	34.9
A_PA	386	3309	T	0	0	3309	34.6
A_PA	387	4051	A	0	0	4051	36.4
A_PA	388	3430	T	0	0	3430	34.0
A_PA	389	3245	A	0	0	3245	35.0
A_PA	390	3549	C	0	0	3549	37.7
A_PA	391	3495	T	0	0	3495	34.7
A_PA	392	4084	A	0	0	4084	34.3
A_PA	393	3215	T	0	0	3215	36.0
A_PA	394	3411	T	0	0	3411	34.4
A_PA	395	3475	T	0	0	3475	37.8
A_PA	396	3325	A	0	0	3325	36.8
A_PA	397	3358	G	0	0	3358	38.0
A_PA	398	3255	A	0	0	3255	36.6
A_PA	399	3287	A	0	0	3287	37.3
A_PA	400	3195	A	0	0	3195	37.2
A_PA	401	3665	A	0	0	3665	34.1
A_PA	402	3118	A	0	0	3118	36.9
A_PA	403	3395	G	0	0	3395	34.8
A_PA	404	3222	C	0	0	3222	37.6
A_PA	405	3252	C	0	0	3252	36.6
A_PA	406	3265	A	0	0	3265	35.7
A_PA	407	3067	A	0	0	3067	34.6
A_PA	408	3171	C	0	0	3171	36.8
A_PA	409	3048	A	0	0	3048	35.4
A_PA	410	3838	A	0	0	3838	35.5
A_PA	411	3283	G	0	0	3283	37.8
A_PA	412	2874	A	0	0	2874	36.1
A_PA	413	3385	T	0	0	3385	35.7
A_PA	414	3372	A	0	0	3372	35.9
A_PA	415	3421	A	0	0	3421	36.5
A_PA	416	3139	A	0	0	3139	34.7
A_PA	417	2699	A	0	0	2699	36.8
A_PA	418	3233	T	0	0	3233	37.9
A_PA	419	3308	C	0	0	3308	36.3
A_PA	420	2984	A	0	0	2984	37.1
A_PA	421	3167	G	0	0	3167	37.5
A_PA	422	3114	A	0	0	3114	34.3
A_PA	423	3104	G	0	0	3104	35.0
A_PA	424	3049	A	0	0	3049	37.7
A_PA	425	2971	A	0	0	2971	34.5
A_PA	426	2637	A	0	0	2637	34.5
A_PA	427	2806	A	0	0	2806	34.3
A_PA	428	3440	C	0	0	3440	34.6
A_PA	429	2714	A	0	0	2714	35.5
A_PA	430	3124	C	0	0	3124	36.8
A_PA	431	2853	A	0	0	2853	37.1
A_PA	432	2928	T	0	0	2928	34.6
A_PA	433	2538	A	0	0	2538	36.8
A_PA	434	2828	T	0	0	2828	36.2
A_PA	435	2582	T	0	0	2582	36.1
A_PA	436	2721	C	0	0	2721	34.5
A_PA	437	2815	A	0	0	2815	35.8
A_PA	438	2928	C	0	0	2928	34.1
A_PA	439	2852	A	0	0	2852	37.5
A_PA	440	2617	T	0	0	2617	34.4
A_PA	441	2696	A	0	0	2696	35.3
A_PA	442	2628	T	0	0	2628	35.4
A_PA	443	2727	T	0	0	2727	34.2
A_PA	444	2998	C	0	0	2998	35.5
A_PA	445	2830	T	0	0	2830	35.4
A_PA	446	2697	C	0	0	2697	36.1
A_PA	447	2491	A	0	0	2491	36.0
A_PA	448	2889	T	0	0	2889	37.7
A_PA	449	2706	T	0	0	2706	34.8
A_PA	450	2408	C	0	0	2408	37.3
A_PA	451	2708	A	0	0	2708	36.6
A_PA	452	2772	C	0	0	2772	37.7
A_PA	453	2688	T	0	0	2688	36.9
A_PA	454	2532	G	0	0	2532	34.9
A_PA	455	2907	G	0	0	2907	36.9
A_PA	456	2619	A	0	0	2619	37.1
A_PA	457	2672	G	0	0	2672	36.3
A_PA	458	2619	A	0	0	2619	37.3
A_PA	459	2381	G	0	0	2381	35.0
A_PA	460	2845	G	0	0	2845	34.9
A_PA	461	2581	A	0	0	2581	35.1
A_PA	462	2335	A	0	0	2335	34.5
A_PA	463	2592	A	0	0	2592	35.4
A_PA	464	2594	T	0	0	2594	36.8
A_PA	465	2258	G	0	0	2258	35.5
A_PA	466	2632	G	0	0	2632	34.6
A_PA	467	2734	C	0	0	2734	34.2
A_PA	468	2370	C	0	0	2370	34.5
A_PA	469	2745	A	0	0	2745	35.4
A_PA	470	2447	C	0	0	2447	35.9
A_PA	471	2551	C	0	0	2551	37.0
A_PA	472	2338	A	0	0	2338	34.7
A_PA	473	2654	A	0	0	2654	37.1
A_PA	474	2312	G	0	0	2312	34.3
A_PA	475	2618	G	0	0	2618	34.7
A_PA	476	2334	C	0	0	2334	37.2
A_PA	477	2283	G	0	0	2283	34.6
A_PA	478	2305	G	0	0	2305	36.0
A_PA	479	2322	A	0	0	2322	36.3
A_PA	480	2174	C	0	0	2174	35.8
A_PA	481	2159	T	0	0	2159	35.7
A_PA	482	2217	A	0	0	2217	34.9
A_PA	483	2173	C	0	0	2173	35.6
A_PA	484	2310	A	0	0	2310	35.2
A_PA	485	2259	C	0	0	2259	36.1
A_PA	486	2355	C	0	0	2355	34.6
A_PA	487	2195	C	0	0	2195	37.7
A_PA	488	1995	T	0	0	1995	36.6
A_PA	489	2208	T	0	0	2208	36.4
A_PA	490	2357	G	0	0	2357	37.6
A_PA	491	2354	A	0	0	2354	35.3
A_PA	492	2326	T	0	0	2326	36.8
A_PA	493	2299	G	0	0	2299	35.9
A_PA	494	2226	A	0	0	2226	35.9
A_PA	495	2441	A	0	0	2441	36.3
A_PA	496	2204	G	0	0	2204	36.1
A_PA	497	2229	A	0	0	2229	35.3
A_PA	498	2150	G	0	0	2150	37.2
A_PA	499	2294	A	0	0	2294	37.6
A_PA	500	2213	G	0	0	2213	35.9
A_PA	501	2240	C	0	0	2240	36.9
A_PA	502	2380	A	0	0	2380	37.7
A_PA	503	2184	G	0	0	2184	35.2
A_PA	504	2068	A	0	0	2068	36.7
A_PA	505	2287	G	0	0	2287	37.1
A_PA	506	2052	C	0	0	2052	35.5
A_PA	507	2042	A	0	0	2042	36.7
A_PA	508	2197	A	0	0	2197	35.1
A_PA	509	2132	G	0	0	2132	37.8
A_PA	510	2365	A	0	0	2365	34.2
A_PA	511	2221	A	0	0	2221	36.7
A_PA	512	2172	T	0	0	2172	36.1
A_PA	513	2044	A	0	0	2044	34.5
A_PA	514	1953	A	0	0	1953	35.0
A_PA	515	1965	A	0	0	1965	36.6
A_PA	516	2017	A	0	0	2017	35.2
A_PA	517	1998	A	0	0	1998	37.2
A_PA	518	2040	C	0	0	2040	36.4
A_PA	519	1922	C	0	0	1922	36.2
A_PA	520	2169	A	0	0	2169	34.5
A_PA	521	2065	G	0	0	2065	35.6
A_PA	522	2186	A	0	0	2186	34.7
A_PA	523	1870	C	0	0	1870	35.7
A_PA	524	2012	T	0	0	2012	37.9
A_PA	525	2015	G	0	0	2015	35.3
A_PA	526	2101	T	0	0	2101	36.8
A_PA	527	2088	T	0	0	2088	36.1
A_PA	528	1999	C	0	0	1999	34.2
A_PA	529	2112	A	0	0	2112	35.9
A_PA	530	1797	C	0	0	1797	37.8
A_PA	531	2095	T	0	0	2095	37.7
A_PA	532	1929	A	0	0	1929	35.3
A_PA	533	2154	T	0	0	2154	37.7
A_PA	534	2163	A	0	0	2163	36.0
A_PA	535	1987	A	0	0	1987	37.1
A_PA	536	2217	G	0	0	2217	37.2
A_PA	537	2162	A	0	0	2162	34.2
A_PA	538	2124	C	0	0	2124	36.6
A_PA	539	1991	A	0	0	1991	34.1
A_PA	540	2036	A	0	0	2036	36.6
A_PA	541	1989	G	0	0	1989	36.3
A_PA	542	2034	A	0	0	2034	34.2
A_PA	543	2270	A	0	0	2270	36.0
A_PA	544	2054	A	0	0	2054	37.7
A_PA	545	2101	T	0	0	2101	35.5
A_PA	546	2152	G	0	0	2152	35.2
A_PA	547	2000	G	0	0	2000	35.6
A_PA	548	1949	C	0	0	1949	37.5
A_PA	549	1889	C	0	0	1889	37.8
A_PA	550	1758	A	0	0	1758	37.0
A_PA	551	2107	G	0	0	2107	36.7
A_PA	552	2118	T	0	0	2118	37.3
A_PA	553	2040	A	0	0	2040	35.4
A_PA	554	2045	G	0	0	2045	34.7
A_PA	555	1978	A	0	0	1978	34.7
A_PA	556	2252	G	0	0	2252	36.8
A_PA	557	1919	G	0	0	1919	37.9
A_PA	558	2381	T	0	0	2381	37.9
A_PA	559	2356	C	0	0	2356	34.7
A_PA	560	2189	T	0	0	2189	35.4
A_PA	561	1981	A	0	0	1981	34.4
A_PA	562	1992	T	0	0	1992	36.0
A_PA	563	2121	G	0	0	2121	36.2
A_PA	564	2161	G	0	0	2161	36.0
A_PA	565	1989	G	0	0	1989	35.5
A_PA	566	2172	A	0	0	2172	37.6
A_PA	567	1929	T	0	0	1929	36.2
A_PA	568	2069	T	0	0	2069	34.3
A_PA	569	2210	C	0	0	2210	35.6
A_PA	570	2456	C	0	0	2456	37.7
A_PA	571	2084	T	0	0	2084	37.0
A_PA	572	2253	T	0	0	2253	34.7
A_PA	573	2148	T	0	0	2148	37.8
A_PA	574	2187	C	0	0	2187	37.5
A_PA	575	2188	G	0	0	2188	34.4
A_PA	576	2290	T	0	0	2290	36.7
A_PA	577	2303	C	0	0	2303	36.7
A_PA	578	2332	A	0	0	2332	34.1
A_PA	579	2240	A	0	0	2240	35.8
A_PA	580	2230	T	0	0	2230	34.4
A_PA	581	2174	C	0	0	2174	36.6
A_PA	582	2549	C	0	0	2549	34.5
A_PA	583	2350	G	0	0	2350	36.3
A_PA	584	2107	A	0	0	2107	34.2
A_PA	585	2359	G	0	0	2359	35.0
A_PA	586	2437	A	0	0	2437	36.5
A_PA	587	2216	G	0	0	2216	37.9
A_PA	588	2387	A	0	0	2387	37.5
A_PA	589	2321	G	0	0	2321	35.7
A_PA	590	2504	G	0	0	2504	36.3
A_PA	591	2121	C	0	0	2121	36.8
A_PA	592	2296	G	0	0	2296	36.7
A_PA	593	2634	A	0	0	2634	35.2
A_PA	594	2364	A	0	0	2364	34.4
A_PA	595	2281	G	0	0	2281	35.7
A_PA	596	2430	A	0	0	2430	37.7
A_PA	597	2314	G	0	0	2314	35.3
A_PA	598	2424	A	0	0	2424	35.6
A_PA	599	2393	C	0	0	2393	35.0
A_PA	600	2679	A	0	0	2679	36.8
A_PA	601	2328	A	0	0	2328	34.7
A_PA	602	2272	T	0	0	2272	35.5
A_PA	603	2618	T	0	0	2618	35.3
A_PA	604	2282	G	0	0	2282	36.4
A_PA	605	2298	A	0	0	2298	37.1
A_PA	606	2293	A	0	0	2293	35.5
A_PA	607	2281	G	0	0	2281	37.2
A_PA	608	2766	A	0	0	2766	37.9
A_PA	609	2469	A	0	0	2469	34.9
A_PA	610	2589	A	0	0	2589	35.8
A_PA	611	2337	G	0	0	2337	34.4
A_PA	612	2276	A	0	0	2276	34.7
A_PA	613	2469	T	0	0	2469	37.5
A_PA	614	2417	T	0	0	2417	37.6
A_PA	615	2632	T	0	0	2632	35.0
A_PA	616	2547	G	0	0	2547	37.8
A_PA	617	2462	A	0	0	2462	37.3
A_PA	618	2461	A	0	0	2461	34.2
A_PA	619	2524	A	0	0	2524	36.2
A_PA	620	2774	T	0	0	2774	38.0
A_PA	621	2518	C	0	0	2518	37.1
A_PA	622	2285	A	0	0	2285	36.4
A_PA	623	2659	C	0	0	2659	37.5
A_PA	624	2414	A	0	0	2414	36.0
A_PA	625	2706	G	0	0	2706	37.3
A_PA	626	2649	G	0	0	2649	36.4
A_PA	627	2639	A	0	0	2639	34.2
A_PA	628	2566	A	0	0	2566	35.9
A_PA	629	2746	C	0	0	2746	35.1
A_PA	630	2559	C	0	0	2559	35.0
A_PA	631	2660	A	0	0	2660	37.1
A_PA	632	2529	T	0	0	2529	37.6
A_PA	633	2409	G	0	0	2409	37.3
A_PA	634	2618	C	0	0	2618	34.2
A_PA	635	2494	G	0	0	2494	34.1
A_PA	636	2573	C	0	0	2573	36.2
A_PA	637	2612	A	0	0	2612	36.0
A_PA	638	2827	G	0	0	2827	35.6
A_PA	639	2544	G	0	0	2544	34.2
A_PA	640	2460	C	0	0	2460	36.4
A_PA	641	2601	T	0	0	2601	37.6
A_PA	642	2940	T	0	0	2940	34.7
A_PA	643	2632	G	0	0	2632	37.0
A_PA	644	2735	C	0	0	2735	34.9
A_PA	645	2784	C	0	0	2784	34.0
A_PA	646	2616	G	0	0	2616	34.8
A_PA	647	2558	A	0	0	2558	36.0
A_PA	648	2802	C	0	0	2802	36.0
A_PA	649	2608	C	0	0	2608	34.7
A_PA	650	2754	A	0	0	2754	37.5
A_PA	651	2655	A	0	0	2655	35.9
A_PA	652	2861	A	0	0	2861	36.8
A_PA	653	3105	G	0	0	3105	37.4
A_PA	654	2795	T	0	0	2795	34.8
A_PA	655	2563	C	0	0	2563	35.4
A_PA	656	2770	T	0	0	2770	37.7
A_PA	657	2811	T	0	0	2811	36.1
A_PA	658	3057	C	0	0	3057	36.8
A_PA	659	2932	C	0	0	2932	36.0
A_PA	660	2936	A	0	0	2936	36.3
A_PA	661	2624	C	0	0	2624	37.6
A_PA	662	2911	C	0	0	2911	35.0
A_PA	663	2577	G	0	0	2577	36.5
A_PA	664	2690	A	0	0	2690	37.7
A_PA	665	3067	A	0	0	3067	35.1
A_PA	666	3122	C	0	0	3122	36.0
A_PA	667	2699	T	0	0	2699	35.8
A_PA	668	3001	T	0	0	3001	34.2
A_PA	669	2767	C	0	0	2767	34.3
A_PA	670	2694	T	0	0	2694	37.1
A_PA	671	2803	C	0	0	2803	37.5
A_PA	672	2955	C	0	0	2955	34.8
A_PA	673	3059	A	0	0	3059	36.4
A_PA	674	3137	G	0	0	3137	36.6
A_PA	675	2946	C	0	0	2946	35.0
A_PA	676	2823	C	0	0	2823	35.9
A_PA	677	2485	T	0	0	2485	34.1
A_PA	678	2732	T	0	0	2732	34.9
A_PA	679	3040	G	0	0	3040	37.3
A_PA	680	2845	A	0	0	2845	34.4
A_PA	681	2850	A	0	0	2850	37.2
A_PA	682	3042	A	0	0	3042	37.3
A_PA	683	2726	A	0	0	2726	36.8
A_PA	684	2915	C	0	0	2915	37.8
A_PA	685	2839	T	0	0	2839	35.9
A_PA	686	2747	T	0	0	2747	34.3
A_PA	687	2743	T	0	0	2743	37.6
A_PA	688	2788	A	0	0	2788	36.6
A_PA	689	2700	G	0	0	2700	36.9
A_PA	690	2757	A	0	0	2757	34.2
A_PA	691	3218	G	0	0	3218	36.3
A_PA	692	2981	C	0	0	2981	36.5
A_PA	693	2551	C	0	0	2551	36.4
A_PA	694	2510	T	0	0	2510	36.4
A_PA	695	2731	A	0	0	2731	36.0
A_PA	696	2784	T	0	0	2784	34.3
A_PA	697	2873	G	0	0	2873	35.7
A_PA	698	2675	T	0	0	2675	34.8
A_PA	699	3032	G	0	0	3032	37.8
A_PA	700	2767	G	0	0	2767	37.9
A_PA	701	3070	A	0	0	3070	36.3
A_PA	702	2987	T	0	0	2987	34.6
A_PA	703	2777	G	0	0	2777	37.1
A_PA	704	2837	G	0	0	2837	37.7
A_PA	705	2829	A	0	0	2829	35.3
A_PA	706	2548	T	0	0	2548	36.8
A_PA	707	2784	T	0	0	2784	35.9
A_PA	708	2821	C	0	0	2821	34.8
A_PA	709	2952	G	0	0	2952	35.9
A_PA	710	2674	A	0	0	2674	35.3
A_PA	711	2772	A	0	0	2772	34.2
A_PA	712	2802	C	0	0	2802	34.9
A_PA	713	2850	C	0	0	2850	37.1
A_PA	714	2515	G	0	0	2515	36.2
A_PA	715	2996	A	0	0	2996	37.9
A_PA	716	3065	A	0	0	3065	36.3
A_PA	717	2509	C	0	0	2509	35.4
A_PA	718	2646	G	0	0	2646	34.1
A_PA	719	3073	G	0	0	3073	34.9
A_PA	720	2942	C	0	0	2942	36.9
A_PA	721	2476	T	0	0	2476	35.9
A_PA	722	2853	G	0	0	2853	36.8
A_PA	723	3000	C	0	0	3000	36.0
A_PA	724	2541	A	0	0	2541	34.5
A_PA	725	2942	T	0	0	2942	34.8
A_PA	726	2683	T	0	0	2683	34.2
A_PA	727	2883	G	0	0	2883	35.0
A_PA	728	2776	A	0	0	2776	35.3
A_PA	729	2715	G	0	0	2715	36.5
A_PA	730	3075	G	0	0	3075	35.4
A_PA	731	2684	G	0	0	2684	36.3
A_PA	732	2413	C	0	0	2413	37.7
A_PA	733	2543	A	0	0	2543	37.3
A_PA	734	2630	A	0	0	2630	34.7
A_PA	735	2720	A	0	0	2720	37.2
A_PA	736	2789	C	0	0	2789	36.5
A_PA	737	2689	T	0	0	2689	34.2
A_PA	738	2775	T	0	0	2775	36.3
A_PA	739	2898	T	0	0	2898	36.9
A_PA	740	2958	C	0	0	2958	34.3
A_PA	741	2657	T	0	0	2657	37.6
A_PA	742	2673	C	0	0	2673	34.3
A_PA	743	2571	A	0	0	2571	34.7
A_PA	744	2542	A	0	0	2542	34.1
A_PA	745	2685	A	0	0	2685	35.3
A_PA	746	2391	T	0	0	2391	36.7
A_PA	747	2768	G	0	0	2768	34.6
A_PA	748	2536	T	0	0	2536	37.1
A_PA	749	2842	C	0	0	2842	37.4
A_PA	750	2867	A	0	0	2867	37.2
A_PA	751	2359	A	0	0	2359	34.6
A_PA	752	2417	A	0	0	2417	36.8
A_PA	753	2588	A	0	0	2588	36.9
A_PA	754	2797	G	0	0	2797	36.4
A_PA	755	2496	A	0	0	2496	37.0
A_PA	756	2640	A	0	0	2640	35.7
A_PA	757	2569	G	0	0	2569	36.2
A_PA	758	2557	T	0	0	2557	34.5
A_PA	759	2443	G	0	0	2443	37.0
A_PA	760	2752	A	0	0	2752	36.5
A_PA	761	2353	A	0	0	2353	36.2
A_PA	762	2776	C	0	0	2776	34.6
A_PA	763	2434	G	0	0	2434	35.4
A_PA	764	2392	C	0	0	2392	34.0
A_PA	765	2765	C	0	0	2765	37.4
A_PA	766	2456	A	0	0	2456	34.8
A_PA	767	3084	G	0	0	3084	37.6
A_PA	768	2800	A	0	0	2800	36.9
A_PA	769	2449	A	0	0	2449	37.4
A_PA	770	2404	T	0	0	2404	35.4
A_PA	771	2799	T	0	0	2799	37.7
A_PA	772	2693	G	0	0	2693	35.6
A_PA	773	2694	A	0	0	2694	37.5
A_PA	774	2802	G	0	0	2802	38.0
A_PA	775	2718	C	0	0	2718	34.9
A_PA	776	2575	C	0	0	2575	37.1
A_PA	777	2181	A	0	0	2181	36.6
A_PA	778	2457	T	0	0	2457	35.8
A_PA	779	3015	T	0	0	3015	34.5
A_PA	780	2523	T	0	0	2523	36.9
A_PA	781	2449	C	0	0	2449	36.7
A_PA	782	2734	T	0	0	2734	37.0
A_PA	783	2582	G	0	0	2582	37.8
A_PA	784	2665	A	0	0	2665	37.7
A_PA	785	2423	A	0	0	2423	37.7
A_PA	786	2333	G	0	0	2333	36.5
A_PA	787	2589	A	0	0	2589	34.2
A_PA	788	2609	C	0	0	2609	37.1
A_PA	789	2418	A	0	0	2418	36.0
A_PA	790	2767	A	0	0	2767	37.0
A_PA	791	2632	C	0	0	2632	35.4
A_PA	792	2639	A	0	0	2639	35.4
A_PA	793	2814	C	0	0	2814	37.2
A_PA	794	2552	C	0	0	2552	34.1
A_PA	795	2904	A	0	0	2904	36.1
A_PA	796	2479	C	0	0	2479	36.4
A_PA	797	2569	G	0	0	2569	37.4
A_PA	798	2444	C	0	0	2444	37.6
A_PA	799	2677	C	0	0	2677	35.5
A_PA	800	2629	C	0	0	2629	34.3
A_PA	801	2459	T	0	0	2459	35.8
A_PA	802	2805	C	0	0	2805	34.0
A_PA	803	2535	T	0	0	2535	35.7
A_PA	804	2863	C	0	0	2863	37.9
A_PA	805	2531	A	0	0	2531	36.0
A_PA	806	2628	G	0	0	2628	34.7
A_PA	807	2414	A	0	0	2414	37.9
A_PA	808	2725	T	0	0	2725	34.6
A_PA	809	2682	T	0	0	2682	37.4
A_PA	810	2621	A	0	0	2621	34.5
A_PA	811	2673	C	0	0	2673	36.9
A_PA	812	2789	C	0	0	2789	35.6
A_PA	813	2687	T	0	0	2687	34.5
A_PA	814	2372	G	0	0	2372	36.8
A_PA	815	2840	A	0	0	2840	36.2
A_PA	816	2581	T	0	0	2581	36.8
A_PA	817	2449	G	0	0	2449	34.2
A_PA	818	2369	G	0	0	2369	35.6
A_PA	819	2472	G	0	0	2472	34.6
A_PA	820	2802	C	0	0	2802	36.6
A_PA	821	2574	C	0	0	2574	36.2
A_PA	822	2598	T	0	0	2598	36.7
A_PA	823	2612	C	0	0	2612	34.2
A_PA	824	2939	C	0	0	2939	34.2
A_PA	825	2941	C	0	0	2941	35.3
A_PA	826	3052	T	0	0	3052	35.4
A_PA	827	2676	G	0	0	2676	38.0
A_PA	828	2693	T	0	0	2693	34.4
A_PA	829	2985	T	0	0	2985	36.7
A_PA	830	2738	C	0	0	2738	37.8
A_PA	831	2485	T	0	0	2485	34.4
A_PA	832	3139	C	0	0	3139	34.1
A_PA	833	2895	A	0	0	2895	36.2
A_PA	834	2698	G	0	0	2698	36.4
A_PA	835	2782	C	0	0	2782	35.6
A_PA	836	3065	G	0	0	3065	36.5
A_PA	837	2637	G	0	0	2637	35.0
A_PA	838	2799	T	0	0	2799	34.2
A_PA	839	2888	C	0	0	2888	34.6
A_PA	840	2613	G	0	0	2613	34.5
A_PA	841	2852	A	0	0	2852	36.0
A_PA	842	2899	A	0	0	2899	37.6
A_PA	843	3086	G	0	0	3086	36.2
A_PA	844	2970	T	0	0	2970	35.9
A_PA	845	2741	T	0	0	2741	36.0
A_PA	846	2709	C	0	0	2709	35.8
A_PA	847	2783	T	0	0	2783	35.3
A_PA	848	2616	T	0	0	2616	36.1
A_PA	849	2967	G	0	0	2967	36.2
A_PA	850	3022	C	0	0	3022	34.6
A_PA	851	3062	T	0	0	3062	35.8
A_PA	852	2956	G	0	0	2956	35.2
A_PA	853	3098	A	0	0	3098	36.8
A_PA	854	3048	T	0	0	3048	34.6
A_PA	855	3179	G	0	0	3179	36.3
A_PA	856	3476	G	0	0	3476	37.2
A_PA	857	3087	A	0	0	3087	36.4
A_PA	858	3177	T	0	0	3177	36.6
A_PA	859	2991	G	0	0	2991	36.0
A_PA	860	3074	C	0	0	3074	34.9
A_PA	861	2993	C	0	0	2993	36.9
A_PA	862	3169	C	0	0	3169	36.1
A_PA	863	3011	T	0	0	3011	34.5
A_PA	864	2808	T	0	0	2808	36.5
A_PA	865	3053	A	0	0	3053	37.8
A_PA	866	2886	A	0	0	2886	37.2
A_PA	867	2940	G	0	0	2940	36.6
A_PA	868	3006	T	0	0	3006	35.2
A_PA	869	3204	T	0	0	3204	37.8
A_PA	870	2988	G	0	0	2988	36.1
A_PA	871	3063	A	0	0	3063	34.7
A_PA	872	3135	G	0	0	3135	35.2
A_PA	873	3263	C	0	0	3263	36.4
A_PA	874	3695	A	0	0	3695	34.8
A_PA	875	3222	T	0	0	3222	35.0
A_PA	876	3138	C	0	0	3138	35.5
A_PA	877	3154	G	0	0	3154	35.5
A_PA	878	2990	A	0	0	2990	37.7
A_PA	879	2922	A	0	0	2922	36.7
A_PA	880	3144	G	0	0	3144	37.6
A_PA	881	3332	A	0	0	3332	37.8
A_PA	882	3267	C	0	0	3267	34.7
A_PA	883	3287	C	0	0	3287	37.3
A_PA	884	3459	C	0	0	3459	37.3
A_PA	885	3152	T	0	0	3152	37.7
A_PA	886	3359	A	0	0	3359	36.1
A_PA	887	3357	G	0	0	3357	37.4
A_PA	888	3145	C	0	0	3145	35.1
A_PA	889	3992	C	0	0	3992	34.4
A_PA	890	3536	A	0	0	3536	35.8
A_PA	891	3262	T	0	0	3262	36.7
A_PA	892	3180	G	0	0	3180	37.9
A_PA	893	3496	A	0	0	3496	35.2
A_PA	894	3322	G	0	0	3322	36.0
A_PA	895	3386	G	0	0	3386	34.4
A_PA	896	3330	G	0	0	3330	36.2
A_PA	897	3605	G	0	0	3605	34.9
A_PA	898	3398	G	0	0	3398	34.8
A_PA	899	3658	A	0	0	3658	37.0
A_PA	900	3414	G	0	0	3414	35.4
A_PA	901	3239	G	0	0	3239	36.4
A_PA	902	3360	G	0	0	3360	36.7
A_PA	903	3338	C	0	0	3338	34.1
A_PA	904	3429	A	0	0	3429	37.9
A_PA	905	3229	T	0	0	3229	35.9
A_PA	906	3361	A	0	0	3361	35.6
A_PA	907	3725	C	0	0	3725	37.4
A_PA	908	3374	C	0	0	3374	36.5
A_PA	909	3649	G	0	0	3649	35.3
A_PA	910	4138	C	0	0	4138	37.9
A_PA	911	3668	T	0	0	3668	37.6
A_PA	912	3759	G	0	0	3759	34.1
A_PA	913	3894	T	0	0	3894	34.4
A_PA	914	3676	A	0	0	3676	34.8
A_PA	915	3714	T	0	0	3714	35.7
A_PA	916	3993	G	0	0	3993	35.4
A_PA	917	3764	A	0	0	3764	37.8
A_PA	918	3328	T	0	0	3328	35.2
A_PA	919	3712	G	0	0	3712	37.4
A_PA	920	3404	C	0	0	3404	37.9
A_PA	921	3487	A	0	0	3487	35.9
A_PA	922	3631	A	0	0	3631	34.3
A_PA	923	3748	T	0	0	3748	34.8
A_PA	924	3696	C	0	0	3696	34.3
A_PA	925	3786	A	0	0	3786	37.8
A_PA	926	3915	A	0	0	3915	34.0
A_PA	927	3573	A	0	0	3573	35.2
A_PA	928	3963	T	0	0	3963	37.0
A_PA	929	3518	G	0	0	3518	35.7
A_PA	930	3848	C	0	0	3848	36.4
A_PA	931	4091	A	0	0	4091	37.2
A_PA	932	3808	T	0	0	3808	37.0
A_PA	933	3867	G	0	0	3867	37.5
A_PA	934	3687	A	0	0	3687	36.5
A_PA	935	3947	A	0	0	3947	36.3
A_PA	936	3571	G	0	0	3571	35.7
A_PA	937	4049	A	0	0	4049	35.2
A_PA	938	3998	C	0	0	3998	34.3
A_PA	939	3795	A	0	0	3795	34.0
A_PA	940	3816	T	0	0	3816	37.3
A_PA	941	3856	T	0	0	3856	34.9
A_PA	942	3934	T	0	0	3934	34.7
A_PA	943	3768	T	0	0	3768	34.9
A_PA	944	3852	T	0	0	3852	36.1
A_PA	945	4217	T	0	0	4217	35.2
A_PA	946	3661	G	0	0	3661	35.0
A_PA	947	4157	G	0	0	4157	36.0
A_PA	948	3697	C	0	0	3697	34.3
A_PA	949	3785	T	0	0	3785	35.6
A_PA	950	3473	G	0	0	3473	34.3
A_PA	951	4160	G	0	0	4160	36.1
A_PA	952	3808	A	0	0	3808	37.4
A_PA	953	3702	A	0	0	3702	35.3
A_PA	954	4223	A	0	0	4223	36.8
A_PA	955	4220	G	0	0	4220	36.0
A_PA	956	3871	A	0	0	3871	37.5
A_PA	957	4129	G	0	0	4129	35.6
A_PA	958	3860	C	0	0	3860	36.0
A_PA	959	3821	C	0	0	3821	37.7
A_PA	960	3595	C	0	0	3595	35.5
A_PA	961	3906	A	0	0	3906	34.1
A_PA	962	3906	A	0	0	3906	35.3
A_PA	963	4078	C	0	0	4078	35.0
A_PA	964	3934	A	0	0	3934	35.5
A_PA	965	3692	T	0	0	3692	36.2
A_PA	966	4029	C	0	0	4029	34.7
A_PA	967	3937	G	0	0	3937	37.1
A_PA	968	4366	T	0	0	4366	34.6
A_PA	969	4183	A	0	0	4183	36.2
A_PA	970	3543	A	0	0	3543	34.1
A_PA	971	3772	A	0	0	3772	34.8
A_PA	972	3833	G	0	0	3833	37.3
A_PA	973	4063	C	0	0	4063	37.8
A_PA	974	3991	C	0	0	3991	37.2
A_PA	975	4012	G	0	0	4012	34.5
A_PA	976	3739	C	0	0	3739	36.2
A_PA	977	3571	A	0	0	3571	34.7
A_PA	978	3964	T	0	0	3964	36.5
A_PA	979	3864	G	0	0	3864	37.7
A_PA	980	3955	A	0	0	3955	34.0
A_PA	981	4110	G	0	0	4110	34.1
A_PA	982	3938	A	0	0	3938	34.6
A_PA	983	4110	A	0	0	4110	35.8
A_PA	984	4195	A	0	0	4195	36.8
A_PA	985	4330	G	0	0	4330	34.5
A_PA	986	4092	G	0	0	4092	34.8
A_PA	987	3934	C	0	0	3934	37.5
A_PA	988	3830	A	0	0	3830	35.4
A_PA	989	4573	T	0	0	4573	35.4
A_PA	990	4138	A	0	0	4138	37.1
A_PA	991	3817	A	0	0	3817	37.5
A_PA	992	4010	A	0	0	4010	37.1
A_PA	993	3978	C	0	0	3978	37.5
A_PA	994	3920	C	0	0	3920	35.0
A_PA	995	4096	C	0	0	4096	36.1
A_PA	996	4217	T	0	0	4217	36.8
A_PA	997	3966	A	0	0	3966	34.5
A_PA	998	3749	A	0	0	3749	35.5
A_PA	999	3980	T	0	0	3980	35.4
A_PA	1000	4279	T	0	0	4279	37.5
A_PA	1001	3883	A	0	0	3883	34.4
A_PA	1002	3379	C	0	0	3379	35.4
A_PA	1003	4028	C	0	0	4028	34.4
A_PA	1004	4347	T	0	0	4347	37.2
A_PA	1005	3829	C	0	0	3829	36.5
A_PA	1006	3766	C	0	0	3766	37.6
A_PA	1007	4061	T	0	0	4061	36.2
A_PA	1008	3736	G	0	0	3736	34.9
A_PA	1009	3837	G	0	0	3837	34.6
A_PA	1010	3684	C	0	0	3684	35.2
A_PA	1011	3887	T	0	0	3887	34.0
A_PA	1012	3564	T	0	0	3564	36.1
A_PA	1013	3895	G	0	0	3895	36.9
A_PA	1014	3984	G	0	0	3984	37.1
A_PA	1015	3809	A	0	0	3809	35.0
A_PA	1016	3828	A	0	0	3828	34.1
A_PA	1017	3561	G	0	0	3561	34.7
A_PA	1018	3817	C	0	0	3817	36.5
A_PA	1019	3604	A	0	0	3604	34.3
A_PA	1020	3876	G	0	0	3876	36.2
A_PA	1021	3982	G	0	0	3982	36.7
A_PA	1022	3585	T	0	0	3585	36.0
A_PA	1023	3558	G	0	0	3558	36.9
A_PA	1024	3708	C	0	0	3708	35.1
A_PA	1025	3451	T	0	0	3451	35.9
A_PA	1026	3864	G	0	0	3864	35.2
A_PA	1027	3578	G	0	0	3578	37.0
A_PA	1028	3684	C	0	0	3684	36.8
A_PA	1029	3487	A	0	0	3487	35.3
A_PA	1030	3330	G	0	0	3330	34.4
A_PA	1031	3393	A	0	0	3393	36.4
A_PA	1032	3611	A	0	0	3611	35.0
A_PA	1033	3159	C	0	0	3159	35.7
A_PA	1034	3757	T	0	0	3757	35.8
A_PA	1035	3626	T	0	0	3626	36.1
A_PA	1036	3808	C	0	0	3808	34.3
A_PA	1037	3687	A	0	0	3687	34.9
A_PA	1038	3695	A	0	0	3695	37.3
A_PA	1039	3468	G	0	0	3468	35.5
A_PA	1040	3359	A	0	0	3359	35.9
A_PA	1041	3898	C	0	0	3898	34.9
A_PA	1042	3788	A	0	0	3788	37.5
A_PA	1043	3732	T	0	0	3732	36.2
A_PA	1044	3509	T	0	0	3509	38.0
A_PA	1045	3678	G	0	0	3678	35.0
A_PA	1046	3249	A	0	0	3249	34.3
A_PA	1047	3616	A	0	0	3616	36.3
A_PA	1048	3101	A	0	0	3101	37.9
A_PA	1049	3810	A	0	0	3810	37.0
A_PA	1050	3795	T	0	0	3795	34.3
A_PA	1051	3694	G	0	0	3694	34.1
A_PA	1052	3340	A	0	0	3340	36.8
A_PA	1053	3415	G	0	0	3415	37.8
A_PA	1054	3244	G	0	0	3244	37.8
A_PA	1055	3638	A	0	0	3638	34.6
A_PA	1056	3177	G	0	0	3177	36.5
A_PA	1057	3808	A	0	0	3808	36.3
A_PA	1058	3295	A	0	0	3295	38.0
A_PA	1059	3320	A	0	0	3320	35.7
A_PA	1060	3641	A	0	0	3641	36.5
A_PA	1061	3029	T	0	0	3029	35.3
A_PA	1062	3249	T	0	0	3249	37.4
A_PA	1063	3107	C	0	0	3107	34.4
A_PA	1064	3001	C	0	0	3001	34.0
A_PA	1065	3381	A	0	0	3381	37.6
A_PA	1066	3372	A	0	0	3372	37.5
A_PA	1067	3251	A	0	0	3251	36.3
A_PA	1068	3126	A	0	0	3126	35.8
A_PA	1069	3107	A	0	0	3107	36.7
A_PA	1070	3587	C	0	0	3587	36.8
A_PA	1071	2923	A	0	0	2923	36.0
A_PA	1072	2979	A	0	0	2979	37.4
A_PA	1073	2837	A	0	0	2837	34.4
A_PA	1074	3079	G	0	0	3079	37.4
A_PA	1075	3113	A	0	0	3113	35.5
A_PA	1076	3322	A	0	0	3322	37.7
A_PA	1077	2845	C	0	0	2845	34.4
A_PA	1078	3229	A	0	0	3229	34.8
A_PA	1079	2833	T	0	0	2833	36.0
A_PA	1080	3030	G	0	0	3030	35.5
A_PA	1081	3229	A	0	0	3229	37.4
A_PA	1082	2691	A	0	0	2691	37.8
A_PA	1083	3120	G	0	0	3120	37.8
A_PA	1084	3154	A	0	0	3154	34.9
A_PA	1085	3035	A	0	0	3035	37.2
A_PA	1086	3094	A	0	0	3094	36.8
A_PA	1087	2779	A	0	0	2779	34.4
A_PA	1088	2959	C	0	0	2959	35.9
A_PA	1089	2668	A	0	0	2668	37.1
A_PA	1090	2730	A	0	0	2730	37.0
A_PA	1091	2946	G	0	0	2946	35.2
A_PA	1092	3085	C	0	0	3085	35.7
A_PA	1093	2898	C	0	0	2898	37.8
A_PA	1094	2783	A	0	0	2783	37.2
A_PA	1095	2762	A	0	0	2762	34.8
A_PA	1096	2921	T	0	0	2921	35.8
A_PA	1097	3079	T	0	0	3079	35.6
A_PA	1098	3036	G	0	0	3036	37.4
A_PA	1099	2824	A	0	0	2824	34.2
A_PA	1100	2714	A	0	0	2714	36.8
A_PA	1101	2728	G	0	0	2728	36.2
A_PA	1102	3023	T	0	0	3023	35.7
A_PA	1103	2895	G	0	0	2895	35.8
A_PA	1104	2655	G	0	0	2655	34.8
A_PA	1105	2583	G	0	0	2583	35.3
A_PA	1106	2976	C	0	0	2976	36.9
A_PA	1107	2945	A	0	0	2945	35.2
A_PA	1108	2937	C	0	0	2937	34.5
A_PA	1109	2758	T	0	0	2758	37.6
A_PA	1110	2711	T	0	0	2711	35.9
A_PA	1111	2602	G	0	0	2602	37.6
A_PA	1112	2637	G	0	0	2637	34.6
A_PA	1113	2714	T	0	0	2714	36.1
A_PA	1114	2362	G	0	0	2362	36.7
A_PA	1115	2658	A	0	0	2658	37.5
A_PA	1116	3026	G	0	0	3026	36.8
A_PA	1117	2778	A	0	0	2778	36.9
A_PA	1118	2560	A	0	0	2560	36.0
A_PA	1119	2787	C	0	0	2787	34.2
A_PA	1120	2535	A	0	0	2535	35.5
A_PA	1121	2894	T	0	0	2894	35.7
A_PA	1122	2527	G	0	0	2527	37.8
A_PA	1123	2515	G	0	0	2515	34.7
A_PA	1124	2802	C	0	0	2802	36.4
A_PA	1125	2457	T	0	0	2457	36.1
A_PA	1126	2392	C	0	0	2392	37.7
A_PA	1127	2573	C	0	0	2573	35.7
A_PA	1128	2705	A	0	0	2705	36.0
A_PA	1129	2498	G	0	0	2498	37.1
A_PA	1130	2729	A	0	0	2729	37.4
A_PA	1131	2468	A	0	0	2468	34.9
A_PA	1132	2542	A	0	0	2542	34.3
A_PA	1133	2653	A	0	0	2653	34.0
A_PA	1134	2474	A	0	0	2474	35.7
A_PA	1135	2669	G	0	0	2669	37.9
A_PA	1136	2450	T	0	0	2450	35.1
A_PA	1137	2598	G	0	0	2598	34.2
A_PA	1138	2467	G	0	0	2467	35.3
A_PA	1139	2817	A	0	0	2817	34.9
A_PA	1140	2583	C	0	0	2583	36.3
A_PA	1141	2488	T	0	0	2488	36.3
A_PA	1142	2425	T	0	0	2425	35.9
A_PA	1143	2376	T	0	0	2376	37.7
A_PA	1144	2483	G	0	0	2483	37.0
A_PA	1145	2864	A	0	0	2864	37.1
A_PA	1146	2647	G	0	0	2647	37.6
A_PA	1147	2654	G	0	0	2654	37.8
A_PA	1148	2572	A	0	0	2572	36.7
A_PA	1149	2550	C	0	0	2550	34.1
A_PA	1150	2755	T	0	0	2755	35.5
A_PA	1151	2505	G	0	0	2505	35.2
A_PA	1152	2522	C	0	0	2522	35.7
A_PA	1153	2529	A	0	0	2529	34.1
A_PA	1154	2555	A	0	0	2555	34.6
A_PA	1155	2509	A	0	0	2509	36.4
A_PA	1156	2787	G	0	0	2787	34.3
A_PA	1157	2596	A	0	0	2596	37.2
A_PA	1158	2731	T	0	0	2731	35.9
A_PA	1159	2604	G	0	0	2604	36.7
A_PA	1160	2604	T	0	0	2604	37.3
A_PA	1161	2376	T	0	0	2376	35.2
A_PA	1162	2455	A	0	0	2455	36.8
A_PA	1163	2678	G	0	0	2678	37.6
A_PA	1164	2676	C	0	0	2676	37.8
A_PA	1165	2291	G	0	0	2291	34.7
A_PA	1166	2229	A	0	0	2229	36.0
A_PA	1167	2428	T	0	0	2428	34.6
A_PA	1168	2340	C	0	0	2340	34.5
A_PA	1169	2635	T	0	0	2635	37.5
A_PA	1170	2557	A	0	0	2557	35.1
A_PA	1171	2506	A	0	0	2506	34.6
A_PA	1172	2566	G	0	0	2566	34.8
A_PA	1173	2581	A	0	0	2581	36.0
A_PA	1174	2299	C	0	0	2299	37.4
A_PA	1175	2458	A	0	0	2458	35.8
A_PA	1176	2371	G	0	0	2371	37.3
A_PA	1177	2668	T	0	0	2668	35.7
A_PA	1178	2314	A	0	0	2314	34.7
A_PA	1179	2578	C	0	0	2578	34.3
A_PA	1180	2386	G	0	0	2386	34.9
A_PA	1181	2852	A	0	0	2852	34.8
A_PA	1182	2741	C	0	0	2741	36.9
A_PA	1183	2587	A	0	0	2587	36.8
A_PA	1184	2444	G	0	0	2444	36.5
A_PA	1185	2786	T	0	0	2786	35.0
A_PA	1186	2783	G	0	0	2783	36.3
A_PA	1187	2456	A	0	0	2456	36.9
A_PA	1188	2567	C	0	0	2567	36.5
A_PA	1189	2464	G	0	0	2464	35.7
A_PA	1190	2473	A	0	0	2473	35.0
A_PA	1191	2750	A	0	0	2750	35.3
A_PA	1192	2537	C	0	0	2537	36.2
A_PA	1193	2902	C	0	0	2902	34.5
A_PA	1194	2543	A	0	0	2543	37.4
A_PA	1195	2384	G	0	0	2384	36.6
A_PA	1196	2585	A	0	0	2585	37.8
A_PA	1197	2977	G	0	0	2977	35.1
A_PA	1198	2533	T	0	0	2533	37.2
A_PA	1199	2596	C	0	0	2596	37.0
A_PA	1200	2393	T	0	0	2393	38.0
A_PA	1201	2621	A	0	0	2621	34.8
A_PA	1202	2417	G	0	0	2417	35.3
A_PA	1203	2461	A	0	0	2461	34.0
A_PA	1204	2499	T	0	0	2499	35.5
A_PA	1205	2612	C	0	0	2612	37.2
A_PA	1206	2675	A	0	0	2675	35.5
A_PA	1207	2731	C	0	0	2731	37.8
A_PA	1208	2511	T	0	0	2511	35.6
A_PA	1209	2778	A	0	0	2778	37.6
A_PA	1210	2679	G	0	0	2679	37.9
A_PA	1211	2694	C	0	0	2694	35.9
A_PA	1212	2913	A	0	0	2913	37.8
A_PA	1213	2608	A	0	0	2608	36.5
A_PA	1214	2862	G	0	0	2862	35.7
A_PA	1215	2621	C	0	0	2621	34.5
A_PA	1216	2764	T	0	0	2764	34.6
A_PA	1217	2668	G	0	0	2668	36.3
A_PA	1218	2832	G	0	0	2832	34.4
A_PA	1219	2725	A	0	0	2725	34.2
A_PA	1220	2627	T	0	0	2627	36.4
A_PA	1221	2713	T	0	0	2713	35.3
A_PA	1222	2678	C	0	0	2678	37.9
A_PA	1223	2829	A	0	0	2829	37.0
A_PA	1224	2757	G	0	0	2757	35.7
A_PA	1225	2447	A	0	0	2447	36.8
A_PA	1226	2795	G	0	0	2795	37.0
A_PA	1227	2864	T	0	0	2864	37.0
A_PA	1228	2900	G	0	0	2900	34.6
A_PA	1229	2662	A	0	0	2662	36.4
A_PA	1230	2869	A	0	0	2869	35.6
A_PA	1231	2655	T	0	0	2655	37.4
A_PA	1232	2677	T	0	0	2677	36.7
A_PA	1233	2816	C	0	0	2816	37.5
A_PA	1234	2885	A	0	0	2885	34.1
A_PA	1235	3063	A	0	0	3063	35.1
A_PA	1236	2982	C	0	0	2982	34.1
A_PA	1237	2546	A	0	0	2546	37.7
A_PA	1238	2467	A	0	0	2467	36.6
A_PA	1239	2878	G	0	0	2878	36.1
A_PA	1240	2517	G	0	0	2517	35.2
A_PA	1241	2737	C	0	0	2737	37.0
A_PA	1242	2586	A	0	0	2586	36.8
A_PA	1243	2922	T	0	0	2922	37.1
A_PA	1244	2464	G	0	0	2464	37.1
A_PA	1245	2774	C	0	0	2774	37.1
A_PA	1246	2830	G	0	0	2830	35.4
A_PA	1247	2701	A	0	0	2701	35.3
A_PA	1248	2547	A	0	0	2547	34.9
A_PA	1249	2983	C	0	0	2983	36.8
A_PA	1250	2851	T	0	0	2851	37.4
A_PA	1251	2577	G	0	0	2577	35.5
A_PA	1252	3048	A	0	0	3048	34.2
A_PA	1253	2840	C	0	0	2840	36.7
A_PA	1254	2763	A	0	0	2763	36.1
A_PA	1255	2928	G	0	0	2928	36.2
A_PA	1256	2944	A	0	0	2944	37.6
A_PA	1257	3082	T	0	0	3082	34.6
A_PA	1258	2951	T	0	0	2951	36.0
A_PA	1259	2880	C	0	0	2880	37.3
A_PA	1260	2843	G	0	0	2843	34.2
A_PA	1261	2796	A	0	0	2796	34.1
A_PA	1262	2787	G	0	0	2787	36.0
A_PA	1263	2861	T	0	0	2861	34.4
A_PA	1264	2883	T	0	0	2883	34.5
A_PA	1265	2664	G	0	0	2664	35.6
A_PA	1266	2765	G	0	0	2765	34.3
A_PA	1267	2757	A	0	0	2757	34.2
A_PA	1268	2798	T	0	0	2798	36.9
A_PA	1269	2829	T	0	0	2829	36.8
A_PA	1270	2699	G	0	0	2699	36.9
A_PA	1271	2722	A	0	0	2722	36.4
A_PA	1272	2572	A	0	0	2572	34.1
A_PA	1273	2496	C	0	0	2496	34.1
A_PA	1274	3082	T	0	0	3082	34.8
A_PA	1275	2625	T	0	0	2625	36.0
A_PA	1276	2463	G	0	0	2463	36.9
A_PA	1277	2689	A	0	0	2689	37.4
A_PA	1278	2848	T	0	0	2848	34.6
A_PA	1279	2793	G	0	0	2793	34.9
A_PA	1280	2416	A	0	0	2416	35.5
A_PA	1281	2809	G	0	0	2809	34.9
A_PA	1282	2626	A	0	0	2626	35.1
A_PA	1283	2706	T	0	0	2706	34.0
A_PA	1284	2519	A	0	0	2519	34.7
A_PA	1285	2771	G	0	0	2771	34.1
A_PA	1286	2915	G	0	0	2915	37.2
A_PA	1287	3181	G	0	0	3181	34.8
A_PA	1288	2772	G	0	0	2772	34.1
A_PA	1289	2651	A	0	0	2651	35.2
A_PA	1290	2437	A	0	0	2437	36.3
A_PA	1291	2565	G	0	0	2565	36.9
A_PA	1292	2665	A	0	0	2665	37.0
A_PA	1293	2815	C	0	0	2815	36.0
A_PA	1294	2720	G	0	0	2720	36.4
A_PA	1295	2504	T	0	0	2504	35.4
A_PA	1296	2473	T	0	0	2473	37.4
A_PA	1297	2580	G	0	0	2580	37.1
A_PA	1298	2776	C	0	0	2776	35.4
A_PA	1299	2547	T	0	0	2547	36.4
A_PA	1300	2987	C	0	0	2987	37.4
A_PA	1301	2759	C	0	0	2759	34.6
A_PA	1302	2451	A	0	0	2451	34.6
A_PA	1303	2588	A	0	0	2588	34.6
A_PA	1304	2245	T	0	0	2245	36.2
A_PA	1305	2497	C	0	0	2497	36.5
A_PA	1306	2635	G	0	0	2635	36.3
A_PA	1307	2786	A	0	0	2786	34.0
A_PA	1308	2680	A	0	0	2680	37.7
A_PA	1309	2771	C	0	0	2771	37.2
A_PA	1310	2525	A	0	0	2525	37.6
A_PA	1311	2513	C	0	0	2513	37.8
A_PA	1312	2655	A	0	0	2655	35.1
A_PA	1313	2542	T	0	0	2542	34.6
A_PA	1314	2645	T	0	0	2645	34.5
A_PA	1315	2559	G	0	0	2559	35.3
A_PA	1316	2571	C	0	0	2571	36.9
A_PA	1317	2512	G	0	0	2512	35.6
A_PA	1318	2607	A	0	0	2607	35.7
A_PA	1319	2380	G	0	0	2380	34.0
A_PA	1320	2664	T	0	0	2664	37.5
A_PA	1321	2661	G	0	0	2661	36.7
A_PA	1322	2814	T	0	0	2814	35.2
A_PA	1323	2270	G	0	0	2270	36.6
A_PA	1324	2521	A	0	0	2521	34.4
A_PA	1325	2426	G	0	0	2426	37.1
A_PA	1326	2464	G	0	0	2464	34.8
A_PA	1327	2465	A	0	0	2465	37.5
A_PA	1328	2489	G	0	0	2489	36.5
A_PA	1329	2335	G	0	0	2335	37.0
A_PA	1330	2623	A	0	0	2623	35.3
A_PA	1331	2422	A	0	0	2422	35.7
A_PA	1332	2405	C	0	0	2405	37.8
A_PA	1333	2113	T	0	0	2113	37.2
A_PA	1334	2739	A	0	0	2739	37.6
A_PA	1335	2512	T	0	0	2512	35.0
A_PA	1336	2351	T	0	0	2351	36.5
A_PA	1337	2475	T	0	0	2475	36.8
A_PA	1338	2149	C	0	0	2149	35.0
A_PA	1339	2419	A	0	0	2419	35.3
A_PA	1340	2500	C	0	0	2500	34.0
A_PA	1341	2462	A	0	0	2462	35.1
A_PA	1342	2284	G	0	0	2284	36.7
A_PA	1343	2320	C	0	0	2320	36.4
A_PA	1344	2418	G	0	0	2418	37.4
A_PA	1345	2341	G	0	0	2341	36.7
A_PA	1346	2305	A	0	0	2305	34.5
A_PA	1347	2374	G	0	0	2374	37.1
A_PA	1348	2481	G	0	0	2481	37.7
A_PA	1349	2142	T	0	0	2142	37.5
A_PA	1350	2426	A	0	0	2426	34.6
A_PA	1351	2389	T	0	0	2389	35.8
A_PA	1352	2476	C	0	0	2476	34.4
A_PA	1353	2402	C	0	0	2402	37.9
A_PA	1354	2570	C	0	0	2570	36.3
A_PA	1355	2338	A	0	0	2338	35.8
A_PA	1356	2422	T	0	0	2422	35.1
A_PA	1357	2513	T	0	0	2513	35.6
A_PA	1358	2609	G	0	0	2609	35.4
A_PA	1359	2332	C	0	0	2332	38.0
A_PA	1360	2512	A	0	0	2512	37.6
A_PA	1361	2014	G	0	0	2014	37.3
A_PA	1362	2393	G	0	0	2393	34.5
A_PA	1363	2441	G	0	0	2441	34.6
A_PA	1364	2075	C	0	0	2075	36.9
A_PA	1365	2307	C	0	0	2307	34.2
A_PA	1366	2411	A	0	0	2411	37.5
A_PA	1367	2329	C	0	0	2329	35.1
A_PA	1368	2295	T	0	0	2295	37.7
A_PA	1369	2048	G	0	0	2048	37.5
A_PA	1370	2343	A	0	0	2343	35.4
A_PA	1371	2232	A	0	0	2232	34.7
A_PA	1372	2087	T	0	0	2087	37.9
A_PA	1373	2354	A	0	0	2354	37.8
A_PA	1374	2200	C	0	0	2200	36.2
A_PA	1375	2085	A	0	0	2085	36.6
A_PA	1376	1991	T	0	0	1991	34.6
A_PA	1377	2066	A	0	0	2066	36.6
A_PA	1378	2246	A	0	0	2246	34.2
A_PA	1379	2203	T	0	0	2203	36.9
A_PA	1380	2161	G	0	0	2161	36.9
A_PA	1381	2276	A	0	0	2276	36.3
A_PA	1382	2009	A	0	0	2009	37.4
A_PA	1383	2018	G	0	0	2018	36.6
A_PA	1384	2128	G	0	0	2128	35.3
A_PA	1385	2227	G	0	0	2227	36.5
A_PA	1386	1870	A	0	0	1870	35.2
A_PA	1387	2055	G	0	0	2055	37.8
A_PA	1388	2254	T	0	0	2254	37.4
A_PA	1389	1874	A	0	0	1874	35.1
A_PA	1390	2049	T	0	0	2049	36.2
A_PA	1391	2066	A	0	0	2066	34.5
A_PA	1392	2336	C	0	0	2336	37.8
A_PA	1393	2322	A	0	0	2322	35.8
A_PA	1394	2134	T	0	0	2134	35.5
A_PA	1395	2088	A	0	0	2088	34.9
A_PA	1396	2032	A	0	0	2032	36.3
A_PA	1397	1904	A	0	0	1904	36.8
A_PA	1398	2158	C	0	0	2158	34.5
A_PA	1399	2315	A	0	0	2315	38.0
A_PA	1400	2035	C	0	0	2035	35.6
A_PA	1401	2024	A	0	0	2024	34.1
A_PA	1402	1920	G	0	0	1920	35.0
A_PA	1403	2172	C	0	0	2172	35.9
A_PA	1404	2113	C	0	0	2113	36.3
A_PA	1405	2123	C	0	0	2123	34.1
A_PA	1406	2109	T	0	0	2109	35.9
A_PA	1407	2135	A	0	0	2135	34.7
A_PA	1408	1963	T	0	0	1963	34.6
A_PA	1409	2069	T	0	0	2069	34.3
A_PA	1410	2164	G	0	0	2164	35.9
A_PA	1411	1945	A	0	0	1945	34.3
A_PA	1412	2102	A	0	0	2102	34.9
A_PA	1413	1997	T	0	0	1997	36.4
A_PA	1414	1853	G	0	0	1853	37.7
A_PA	1415	1998	C	0	0	1998	35.8
A_PA	1416	2108	A	0	0	2108	35.0
A_PA	1417	2112	T	0	0	2112	36.4
A_PA	1418	2054	C	0	0	2054	37.9
A_PA	1419	2148	C	0	0	2148	34.2
A_PA	1420	2139	T	0	0	2139	35.0
A_PA	1421	2140	G	0	0	2140	35.2
A_PA	1422	1977	T	0	0	1977	36.5
A_PA	1423	1909	G	0	0	1909	34.3
A_PA	1424	1881	C	0	0	1881	34.1
A_PA	1425	2044	A	0	0	2044	34.9
A_PA	1426	1997	G	0	0	1997	34.5
A_PA	1427	1854	C	0	0	1854	36.6
A_PA	1428	1929	C	0	0	1929	36.8
A_PA	1429	2032	A	0	0	2032	37.0
A_PA	1430	2190	T	0	0	2190	36.9
A_PA	1431	2174	G	0	0	2174	37.4
A_PA	1432	2056	G	0	0	2056	37.9
A_PA	1433	2135	A	0	0	2135	35.0
A_PA	1434	1903	T	0	0	1903	34.9
A_PA	1435	2060	G	0	0	2060	35.1
A_PA	1436	2234	A	0	0	2234	35.6
A_PA	1437	1996	C	0	0	1996	36.8
A_PA	1438	2128	T	0	0	2128	37.6
A_PA	1439	2335	T	0	0	2335	35.8
A_PA	1440	2097	C	0	0	2097	34.2
A_PA	1441	2202	C	0	0	2202	35.4
A_PA	1442	2191	A	0	0	2191	37.4
A_PA	1443	2156	A	0	0	2156	36.7
A_PA	1444	2120	T	0	0	2120	37.1
A_PA	1445	2022	T	0	0	2022	37.2
A_PA	1446	1860	G	0	0	1860	35.7
A_PA	1447	2152	A	0	0	2152	34.5
A_PA	1448	2260	T	0	0	2260	36.0
A_PA	1449	2138	T	0	0	2138	34.8
A_PA	1450	1928	C	0	0	1928	36.5
A_PA	1451	2172	C	0	0	2172	37.9
A_PA	1452	2339	A	0	0	2339	37.5
A_PA	1453	2146	A	0	0	2146	35.3
A_PA	1454	2226	T	0	0	2226	36.6
A_PA	1455	2451	G	0	0	2451	37.6
A_PA	1456	2632	A	0	0	2632	35.6
A_PA	1457	2313	T	0	0	2313	34.4
A_PA	1458	2207	A	0	0	2207	35.8
A_PA	1459	2369	A	0	0	2369	37.6
A_PA	1460	2239	G	0	0	2239	34.0
A_PA	1461	2251	T	0	0	2251	34.8
A_PA	1462	2258	A	0	0	2258	35.7
A_PA	1463	2203	A	0	0	2203	35.0
A_PA	1464	2469	G	0	0	2469	35.8
A_PA	1465	2352	T	0	0	2352	37.2
A_PA	1466	2372	G	0	0	2372	36.3
A_PA	1467	2269	C	0	0	2269	37.3
A_PA	1468	2609	A	0	0	2609	35.8
A_PA	1469	2818	G	0	0	2818	35.7
A_PA	1470	2488	A	0	0	2488	35.4
A_PA	1471	2353	A	0	0	2353	35.3
A_PA	1472	2461	C	0	0	2461	34.5
A_PA	1473	2450	T	0	0	2450	35.4
A_PA	1474	2348	A	0	0	2348	36.5
A_PA	1475	2479	A	0	0	2479	36.3
A_PA	1476	2285	A	0	0	2285	36.5
A_PA	1477	2483	G	0	0	2483	37.0
A_PA	1478	2473	A	0	0	2473	37.9
A_PA	1479	2514	A	0	0	2514	35.3
A_PA	1480	2326	G	0	0	2326	36.0
A_PA	1481	2641	G	0	0	2641	35.0
A_PA	1482	2454	A	0	0	2454	35.1
A_PA	1483	2740	A	0	0	2740	35.0
A_PA	1484	2475	G	0	0	2475	34.2
A_PA	1485	2438	A	0	0	2438	36.3
A_PA	1486	2618	C	0	0	2618	35.1
A_PA	1487	2760	G	0	0	2760	37.0
A_PA	1488	3004	G	0	0	3004	37.5
A_PA	1489	2877	A	0	0	2877	35.7
A_PA	1490	2490	A	0	0	2490	34.2
A_PA	1491	2868	G	0	0	2868	37.0
A_PA	1492	2583	A	0	0	2583	35.5
A_PA	1493	2649	C	0	0	2649	35.1
A_PA	1494	3012	A	0	0	3012	36.9
A_PA	1495	2692	A	0	0	2692	34.6
A_PA	1496	2668	A	0	0	2668	34.3
A_PA	1497	2650	T	0	0	2650	35.5
A_PA	1498	2738	C	0	0	2738	34.6
A_PA	1499	2789	T	0	0	2789	35.6
A_PA	1500	2729	G	0	0	2729	36.5
A_PA	1501	2737	T	0	0	2737	34.4
A_PA	1502	3156	A	0	0	3156	34.2
A_PA	1503	2930	T	0	0	2930	37.6
A_PA	1504	2770	G	0	0	2770	37.8
A_PA	1505	2887	G	0	0	2887	37.8
A_PA	1506	3007	A	0	0	3007	36.6
A_PA	1507	2829	T	0	0	2829	35.9
A_PA	1508	3090	T	0	0	3090	34.7
A_PA	1509	2663	C	0	0	2663	37.3
A_PA	1510	2925	A	0	0	2925	37.7
A_PA	1511	3126	T	0	0	3126	36.9
A_PA	1512	3186	T	0	0	3186	37.8
A_PA	1513	2866	A	0	0	2866	34.3
A_PA	1514	3346	T	0	0	3346	35.9
A_PA	1515	2890	A	0	0	2890	36.1
A_PA	1516	2765	A	0	0	2765	37.3
A_PA	1517	3468	A	0	0	3468	34.4
A_PA	1518	2948	A	0	0	2948	34.9
A_PA	1519	3249	G	0	0	3249	36.2
A_PA	1520	2850	G	0	0	2850	35.2
A_PA	1521	3110	A	0	0	3110	36.8
A_PA	1522	2837	A	0	0	2837	35.5
A_PA	1523	3032	G	0	0	3032	37.7
A_PA	1524	3044	A	0	0	3044	36.9
A_PA	1525	3230	T	0	0	3230	36.2
A_PA	1526	3141	C	0	0	3141	34.7
A_PA	1527	3053	C	0	0	3053	37.3
A_PA	1528	3235	C	0	0	3235	37.4
A_PA	1529	3382	A	0	0	3382	36.2
A_PA	1530	3294	T	0	0	3294	34.0
A_PA	1531	3059	T	0	0	3059	37.2
A_PA	1532	3739	T	0	0	3739	35.7
A_PA	1533	3178	G	0	0	3178	38.0
A_PA	1534	3135	A	0	0	3135	37.6
A_PA	1535	3436	G	0	0	3436	37.3
A_PA	1536	3530	G	0	0	3530	34.1
A_PA	1537	3486	A	0	0	3486	36.4
A_PA	1538	3504	A	0	0	3504	36.5
A_PA	1539	3618	T	0	0	3618	34.6
A_PA	1540	3146	G	0	0	3146	36.4
A_PA	1541	3096	A	0	0	3096	37.4
A_PA	1542	3381	C	0	0	3381	34.7
A_PA	1543	3416	A	0	0	3416	34.5
A_PA	1544	3587	C	0	0	3587	36.1
A_PA	1545	3484	C	0	0	3484	36.6
A_PA	1546	3183	G	0	0	3183	35.7
A_PA	1547	3266	A	0	0	3266	36.3
A_PA	1548	3382	T	0	0	3382	36.0
A_PA	1549	3536	G	0	0	3536	34.9
A_PA	1550	3293	T	0	0	3293	35.4
A_PA	1551	3686	G	0	0	3686	37.9
A_PA	1552	3659	G	0	0	3659	34.4
A_PA	1553	3454	T	0	0	3454	36.2
A_PA	1554	3512	A	0	0	3512	35.0
A_PA	1555	3265	A	0	0	3265	37.6
A_PA	1556	3469	A	0	0	3469	35.4
A_PA	1557	3831	C	0	0	3831	34.7
A_PA	1558	3845	T	0	0	3845	37.4
A_PA	1559	3480	T	0	0	3480	36.1
A_PA	1560	3506	T	0	0	3506	34.5
A_PA	1561	3754	G	0	0	3754	34.4
A_PA	1562	3742	T	0	0	3742	34.0
A_PA	1563	3797	G	0	0	3797	37.4
A_PA	1564	3824	A	0	0	3824	37.0
A_PA	1565	3421	G	0	0	3421	37.7
A_PA	1566	3350	C	0	0	3350	35.4
A_PA	1567	3979	A	0	0	3979	36.2
A_PA	1568	3756	T	0	0	3756	36.1
A_PA	1569	3892	G	0	0	3892	35.7
A_PA	1570	3170	G	0	0	3170	37.0
A_PA	1571	3448	A	0	0	3448	36.9
A_PA	1572	3420	A	0	0	3420	35.1
A_PA	1573	3910	T	0	0	3910	35.0
A_PA	1574	3522	T	0	0	3522	35.6
A_PA	1575	3816	C	0	0	3816	35.2
A_PA	1576	3874	T	0	0	3874	35.6
A_PA	1577	3588	C	0	0	3588	37.6
A_PA	1578	3645	T	0	0	3645	34.8
A_PA	1579	3404	C	0	0	3404	36.9
A_PA	1580	3624	T	0	0	3624	37.9
A_PA	1581	3796	A	0	0	3796	34.5
A_PA	1582	3880	A	0	0	3880	36.2
A_PA	1583	3979	C	0	0	3979	34.7
A_PA	1584	3919	T	0	0	3919	34.1
A_PA	1585	4066	G	0	0	4066	34.9
A_PA	1586	3955	A	0	0	3955	37.3
A_PA	1587	3829	C	0	0	3829	34.5
A_PA	1588	3940	C	0	0	3940	34.8
A_PA	1589	3967	C	0	0	3967	36.0
A_PA	1590	4043	G	0	0	4043	35.0
A_PA	1591	3584	A	0	0	3584	36.7
A_PA	1592	3683	G	0	0	3683	35.0
A_PA	1593	3879	G	0	0	3879	37.7
A_PA	1594	3582	C	0	0	3582	37.5
A_PA	1595	4266	T	0	0	4266	35.9
A_PA	1596	3380	A	0	0	3380	36.4
A_PA	1597	3647	G	0	0	3647	37.1
A_PA	1598	3416	A	0	0	3416	36.1
A_PA	1599	3606	G	0	0	3606	37.5
A_PA	1600	4111	C	0	0	4111	37.7
A_PA	1601	4121	C	0	0	4121	35.7
A_PA	1602	3981	A	0	0	3981	36.0
A_PA	1603	3813	C	0	0	3813	37.6
A_PA	1604	3917	A	0	0	3917	34.4
A_PA	1605	3486	C	0	0	3486	36.2
A_PA	1606	4628	A	0	0	4628	34.1
A_PA	1607	3283	A	0	0	3283	35.7
A_PA	1608	3261	A	0	0	3261	37.5
A_PA	1609	3873	T	0	0	3873	36.8
A_PA	1610	3589	G	0	0	3589	34.2
A_PA	1611	4097	G	0	0	4097	35.0
A_PA	1612	3883	G	0	0	3883	37.8
A_PA	1613	3562	A	0	0	3562	36.3
A_PA	1614	4197	A	0	0	4197	34.2
A_PA	1615	4034	A	0	0	4034	34.7
A_PA	1616	3992	A	0	0	3992	35.6
A_PA	1617	3506	G	0	0	3506	35.0
A_PA	1618	3886	T	0	0	3886	35.9
A_PA	1619	4047	A	0	0	4047	35.4
A_PA	1620	4166	C	0	0	4166	36.2
A_PA	1621	3663	T	0	0	3663	34.5
A_PA	1622	3877	G	0	0	3877	37.8
A_PA	1623	3762	T	0	0	3762	35.2
A_PA	1624	3910	G	0	0	3910	34.6
A_PA	1625	3678	T	0	0	3678	37.4
A_PA	1626	3727	T	0	0	3727	37.0
A_PA	1627	3651	C	0	0	3651	35.3
A_PA	1628	3580	T	0	0	3580	35.4
A_PA	1629	3509	T	0	0	3509	35.4
A_PA	1630	3612	G	0	0	3612	36.7
A_PA	1631	3809	A	0	0	3809	35.7
A_PA	1632	3441	G	0	0	3441	35.7
A_PA	1633	3711	A	0	0	3711	34.6
A_PA	1634	3406	T	0	0	3406	37.2
A_PA	1635	3614	A	0	0	3614	35.8
A_PA	1636	3270	G	0	0	3270	36.4
A_PA	1637	4092	G	0	0	4092	36.6
A_PA	1638	3814	A	0	0	3814	35.1
A_PA	1639	3742	G	0	0	3742	36.3
A_PA	1640	3701	A	0	0	3701	37.1
A_PA	1641	3417	C	0	0	3417	36.3
A_PA	1642	3985	A	0	0	3985	37.4
A_PA	1643	3997	T	0	0	3997	37.6
A_PA	1644	3735	G	0	0	3735	36.4
A_PA	1645	4075	C	0	0	4075	36.3
A_PA	1646	3701	T	0	0	3701	37.5
A_PA	1647	3391	C	0	0	3391	37.2
A_PA	1648	3852	C	0	0	3852	36.7
A_PA	1649	3430	T	0	0	3430	37.5
A_PA	1650	3575	A	0	0	3575	37.0
A_PA	1651	3654	C	0	0	3654	35.7
A_PA	1652	3776	G	0	0	3776	37.8
A_PA	1653	3436	G	0	0	3436	34.1
A_PA	1654	3500	A	0	0	3500	34.1
A_PA	1655	3037	C	0	0	3037	35.5
A_PA	1656	3563	T	0	0	3563	35.6
A_PA	1657	3372	G	0	0	3372	36.9
A_PA	1658	3569	C	0	0	3569	34.6
A_PA	1659	3634	A	0	0	3634	36.2
A_PA	1660	3814	A	0	0	3814	36.1
A_PA	1661	3380	T	0	0	3380	34.1
A_PA	1662	3570	A	0	0	3570	35.9
A_PA	1663	3599	G	0	0	3599	35.7
A_PA	1664	3587	G	0	0	3587	35.0
A_PA	1665	3656	C	0	0	3656	36.1
A_PA	1666	3679	C	0	0	3679	37.3
A_PA	1667	3842	A	0	0	3842	35.4
A_PA	1668	3677	A	0	0	3677	34.9
A_PA	1669	3693	G	0	0	3693	34.6
A_PA	1670	3803	T	0	0	3803	35.0
A_PA	1671	3319	G	0	0	3319	35.0
A_PA	1672	3251	T	0	0	3251	36.2
A_PA	1673	3542	C	0	0	3542	37.2
A_PA	1674	3951	G	0	0	3951	35.0
A_PA	1675	3492	A	0	0	3492	37.2
A_PA	1676	3293	G	0	0	3293	35.3
A_PA	1677	3467	G	0	0	3467	36.5
A_PA	1678	3221	C	0	0	3221	36.7
A_PA	1679	3740	C	0	0	3740	37.6
A_PA	1680	3240	C	0	0	3240	35.4
A_PA	1681	3213	A	0	0	3213	36.2
A_PA	1682	3557	T	0	0	3557	36.9
A_PA	1683	3367	G	0	0	3367	35.3
A_PA	1684	3663	T	0	0	3663	37.3
A_PA	1685	3132	T	0	0	3132	37.2
A_PA	1686	3382	C	0	0	3382	35.0
A_PA	1687	3347	C	0	0	3347	36.6
A_PA	1688	3278	T	0	0	3278	36.5
A_PA	1689	3560	G	0	0	3560	35.4
A_PA	1690	3395	T	0	0	3395	37.6
A_PA	1691	3265	A	0	0	3265	36.9
A_PA	1692	3208	T	0	0	3208	37.5
A_PA	1693	3363	G	0	0	3363	37.6
A_PA	1694	3362	T	0	0	3362	34.7
A_PA	1695	3791	G	0	0	3791	37.8
A_PA	1696	3182	A	0	0	3182	34.3
A_PA	1697	3145	G	0	0	3145	35.9
A_PA	1698	3356	A	0	0	3356	35.6
A_PA	1699	3141	A	0	0	3141	34.4
A_PA	1700	3076	C	0	0	3076	36.2
A_PA	1701	3189	C	0	0	3189	37.8
A_PA	1702	3398	A	0	0	3398	34.3
A_PA	1703	3018	A	0	0	3018	36.5
A_PA	1704	3278	T	0	0	3278	36.5
A_PA	1705	3445	G	0	0	3445	37.8
A_PA	1706	3617	G	0	0	3617	38.0
A_PA	1707	3133	G	0	0	3133	35.7
A_PA	1708	3279	A	0	0	3279	37.8
A_PA	1709	3100	C	0	0	3100	36.6
A_PA	1710	3194	T	0	0	3194	37.7
A_PA	1711	3157	T	0	0	3157	34.1
A_PA	1712	3385	C	0	0	3385	37.6
A_PA	1713	3098	C	0	0	3098	34.7
A_PA	1714	3070	A	0	0	3070	35.5
A_PA	1715	3182	A	0	0	3182	34.7
A_PA	1716	3353	G	0	0	3353	34.6
A_PA	1717	3134	A	0	0	3134	34.6
A_PA	1718	3183	T	0	0	3183	37.4
A_PA	1719	3139	C	0	0	3139	36.4
A_PA	1720	3099	A	0	0	3099	34.1
A_PA	1721	3233	A	0	0	3233	36.1
A_PA	1722	3160	A	0	0	3160	37.7
A_PA	1723	2958	A	0	0	2958	36.6
A_PA	1724	3144	T	0	0	3144	36.0
A_PA	1725	3329	G	0	0	3329	34.7
A_PA	1726	3285	A	0	0	3285	35.2
A_PA	1727	3120	A	0	0	3120	35.8
A_PA	1728	2996	A	0	0	2996	38.0
A_PA	1729	3268	T	0	0	3268	34.8
A_PA	1730	2998	G	0	0	2998	35.7
A_PA	1731	3025	G	0	0	3025	37.5
A_PA	1732	3089	G	0	0	3089	34.5
A_PA	1733	3132	G	0	0	3132	36.2
A_PA	1734	3102	C	0	0	3102	37.1
A_PA	1735	3339	A	0	0	3339	36.2
A_PA	1736	3226	T	0	0	3226	35.8
A_PA	1737	2966	G	0	0	2966	36.8
A_PA	1738	3218	G	0	0	3218	37.4
A_PA	1739	3332	A	0	0	3332	34.1
A_PA	1740	2995	G	0	0	2995	35.5
A_PA	1741	2930	A	0	0	2930	34.9
A_PA	1742	3079	T	0	0	3079	35.0
A_PA	1743	3072	G	0	0	3072	36.1
A_PA	1744	3169	A	0	0	3169	35.5
A_PA	1745	2848	G	0	0	2848	37.7
A_PA	1746	3193	G	0	0	3193	35.3
A_PA	1747	3188	C	0	0	3188	35.0
A_PA	1748	2932	G	0	0	2932	34.2
A_PA	1749	3309	A	0	0	3309	37.1
A_PA	1750	3128	T	0	0	3128	34.8
A_PA	1751	3140	G	0	0	3140	34.6
A_PA	1752	3260	C	0	0	3260	34.1
A_PA	1753	3496	C	0	0	3496	35.6
A_PA	1754	3083	T	0	0	3083	35.9
A_PA	1755	2751	T	0	0	2751	35.4
A_PA	1756	3132	C	0	0	3132	34.9
A_PA	1757	3055	T	0	0	3055	37.5
A_PA	1758	2856	T	0	0	2856	35.8
A_PA	1759	3048	C	0	0	3048	36.0
A_PA	1760	3044	A	0	0	3044	36.5
A_PA	1761	3080	G	0	0	3080	37.9
A_PA	1762	2903	T	0	0	2903	34.5
A_PA	1763	3069	C	0	0	3069	34.7
A_PA	1764	3345	C	0	0	3345	34.4
A_PA	1765	2962	C	0	0	2962	34.8
A_PA	1766	3104	T	0	0	3104	37.0
A_PA	1767	3020	T	0	0	3020	37.1
A_PA	1768	3074	C	0	0	3074	37.0
A_PA	1769	3057	A	0	0	3057	37.1
A_PA	1770	2520	A	0	0	2520	35.6
A_PA	1771	2955	C	0	0	2955	37.8
A_PA	1772	3153	A	0	0	3153	37.2
A_PA	1773	3045	A	0	0	3045	34.1
A_PA	1774	3175	A	0	0	3175	34.6
A_PA	1775	3146	T	0	0	3146	34.2
A_PA	1776	3146	T	0	0	3146	34.7
A_PA	1777	2789	G	0	0	2789	36.8
A_PA	1778	3193	A	0	0	3193	34.3
A_PA	1779	3060	G	0	0	3060	36.9
A_PA	1780	3122	A	0	0	3122	36.3
A_PA	1781	3166	G	0	0	3166	34.7
A_PA	1782	2981	C	0	0	2981	34.9
A_PA	1783	2843	A	0	0	2843	34.5
A_PA	1784	2855	T	0	0	2855	34.1
A_PA	1785	3073	G	0	0	3073	37.4
A_PA	1786	2851	A	0	0	2851	36.2
A_PA	1787	2886	T	0	0	2886	37.8
A_PA	1788	3136	T	0	0	3136	34.7
A_PA	1789	3253	G	0	0	3253	35.3
A_PA	1790	2850	A	0	0	2850	36.4
A_PA	1791	3072	G	0	0	3072	35.0
A_PA	1792	2689	G	0	0	2689	34.4
A_PA	1793	3289	C	0	0	3289	35.4
A_PA	1794	3155	C	0	0	3155	34.7
A_PA	1795	2958	G	0	0	2958	36.5
A_PA	1796	2938	A	0	0	2938	37.4
A_PA	1797	3061	A	0	0	3061	37.0
A_PA	1798	3177	T	0	0	3177	35.5
A_PA	1799	3473	C	0	0	3473	37.1
A_PA	1800	3078	T	0	0	3078	37.6
A_PA	1801	2984	T	0	0	2984	35.6
A_PA	1802	3101	C	0	0	3101	34.7
A_PA	1803	3334	T	0	0	3334	35.7
A_PA	1804	3196	G	0	0	3196	34.9
A_PA	1805	2972	T	0	0	2972	34.5
A_PA	1806	3164	C	0	0	3164	35.2
A_PA	1807	3321	A	0	0	3321	37.9
A_PA	1808	2914	A	0	0	2914	37.1
A_PA	1809	3123	A	0	0	3123	37.5
A_PA	1810	3093	G	0	0	3093	35.0
A_PA	1811	3057	A	0	0	3057	37.2
A_PA	1812	3273	G	0	0	3273	34.8
A_PA	1813	2999	A	0	0	2999	35.6
A_PA	1814	3367	A	0	0	3367	35.2
A_PA	1815	3114	G	0	0	3114	37.1
A_PA	1816	2840	G	0	0	2840	35.3
A_PA	1817	3219	A	0	0	3219	36.4
A_PA	1818	3075	C	0	0	3075	37.8
A_PA	1819	3175	A	0	0	3175	35.4
A_PA	1820	3238	T	0	0	3238	36.0
A_PA	1821	3295	G	0	0	3295	35.7
A_PA	1822	3161	T	0	0	3161	35.2
A_PA	1823	3164	C	0	0	3164	34.4
A_PA	1824	3592	C	0	0	3592	35.6
A_PA	1825	3338	A	0	0	3338	36.8
A_PA	1826	3266	A	0	0	3266	37.6
A_PA	1827	3064	G	0	0	3064	34.2
A_PA	1828	3255	G	0	0	3255	37.3
A_PA	1829	3319	A	0	0	3319	36.5
A_PA	1830	3024	A	0	0	3024	36.9
A_PA	1831	3474	T	0	0	3474	36.5
A_PA	1832	3170	T	0	0	3170	37.2
A_PA	1833	3031	C	0	0	3031	37.9
A_PA	1834	2981	T	0	0	2981	35.8
A_PA	1835	3061	T	0	0	3061	36.6
A_PA	1836	3142	T	0	0	3142	37.1
A_PA	1837	3149	G	0	0	3149	36.5
A_PA	1838	3216	A	0	0	3216	34.2
A_PA	1839	3202	A	0	0	3202	36.9
A_PA	1840	3042	A	0	0	3042	35.4
A_PA	1841	3205	A	0	0	3205	34.4
A_PA	1842	3347	C	0	0	3347	37.1
A_PA	1843	3132	A	0	0	3132	36.9
A_PA	1844	3260	A	0	0	3260	37.2
A_PA	1845	3104	A	0	0	3104	37.6
A_PA	1846	3209	T	0	0	3209	37.5
A_PA	1847	3361	C	0	0	3361	35.4
A_PA	1848	3117	A	0	0	3117	34.8
A_PA	1849	3334	G	0	0	3334	34.0
A_PA	1850	3305	A	0	0	3305	34.9
A_PA	1851	3453	A	0	0	3453	35.1
A_PA	1852	3266	A	0	0	3266	35.2
A_PA	1853	3154	C	0	0	3154	35.6
A_PA	1854	3207	A	0	0	3207	37.7
A_PA	1855	3241	T	0	0	3241	37.4
A_PA	1856	3355	G	0	0	3355	34.6
A_PA	1857	3402	G	0	0	3402	34.5
A_PA	1858	3373	C	0	0	3373	36.1
A_PA	1859	3362	C	0	0	3362	34.6
A_PA	1860	3001	A	0	0	3001	34.8
A_PA	1861	3137	A	0	0	3137	34.5
A_PA	1862	3279	T	0	0	3279	35.2
A_PA	1863	2861	T	0	0	2861	36.0
A_PA	1864	3139	G	0	0	3139	34.4
A_PA	1865	3550	G	0	0	3550	35.1
A_PA	1866	3096	A	0	0	3096	34.7
A_PA	1867	3459	G	0	0	3459	36.3
A_PA	1868	3291	A	0	0	3291	36.0
A_PA	1869	3293	A	0	0	3293	36.5
A_PA	1870	3230	T	0	0	3230	38.0
A_PA	1871	3574	C	0	0	3574	37.6
A_PA	1872	3386	A	0	0	3386	36.2
A_PA	1873	3466	C	0	0	3466	37.2
A_PA	1874	3553	C	0	0	3553	35.9
A_PA	1875	3099	C	0	0	3099	37.3
A_PA	1876	2988	A	0	0	2988	35.3
A_PA	1877	3692	A	0	0	3692	37.3
A_PA	1878	3501	A	0	0	3501	35.5
A_PA	1879	3155	G	0	0	3155	35.9
A_PA	1880	3223	G	0	0	3223	37.9
A_PA	1881	3400	G	0	0	3400	36.9
A_PA	1882	2941	G	0	0	2941	36.3
A_PA	1883	3024	T	0	0	3024	35.7
A_PA	1884	3435	G	0	0	3435	37.9
A_PA	1885	3188	G	0	0	3188	37.2
A_PA	1886	3137	A	0	0	3137	36.5
A_PA	1887	3309	G	0	0	3309	35.0
A_PA	1888	3269	G	0	0	3269	37.1
A_PA	1889	3305	A	0	0	3305	37.6
A_PA	1890	3084	A	0	0	3084	34.8
A_PA	1891	3047	G	0	0	3047	37.9
A_PA	1892	3300	G	0	0	3300	37.0
A_PA	1893	3353	C	0	0	3353	35.8
A_PA	1894	3204	T	0	0	3204	35.8
A_PA	1895	3140	C	0	0	3140	35.6
A_PA	1896	2788	T	0	0	2788	34.3
A_PA	1897	2945	A	0	0	2945	36.1
A_PA	1898	3136	T	0	0	3136	34.9
A_PA	1899	3278	T	0	0	3278	34.8
A_PA	1900	2825	G	0	0	2825	34.4
A_PA	1901	3345	G	0	0	3345	34.7
A_PA	1902	3319	G	0	0	3319	34.4
A_PA	1903	3011	A	0	0	3011	34.2
A_PA	1904	3061	A	0	0	3061	36.5
A_PA	1905	3186	A	0	0	3186	36.1
A_PA	1906	3307	G	0	0	3307	34.4
A_PA	1907	3127	T	0	0	3127	34.2
A_PA	1908	3231	A	0	0	3231	35.5
A_PA	1909	3057	T	0	0	3057	34.7
A_PA	1910	3030	G	0	0	3030	36.3
A_PA	1911	3127	C	0	0	3127	35.1
A_PA	1912	3139	A	0	0	3139	35.7
A_PA	1913	3296	G	0	0	3296	34.9
A_PA	1914	2691	A	0	0	2691	35.3
A_PA	1915	2988	A	0	0	2988	36.1
A_PA	1916	3323	C	0	0	3323	37.7
A_PA	1917	3145	A	0	0	3145	35.7
A_PA	1918	3062	T	0	0	3062	34.4
A_PA	1919	2772	T	0	0	2772	34.3
A_PA	1920	2994	G	0	0	2994	36.6
A_PA	1921	2696	C	0	0	2696	36.4
A_PA	1922	3176	T	0	0	3176	37.2
A_PA	1923	2864	A	0	0	2864	37.2
A_PA	1924	2995	G	0	0	2995	34.9
A_PA	1925	3199	C	0	0	3199	36.7
A_PA	1926	3068	A	0	0	3068	35.8
A_PA	1927	2656	A	0	0	2656	34.6
A_PA	1928	2693	A	0	0	2693	36.7
A_PA	1929	2740	G	0	0	2740	35.3
A_PA	1930	2695	T	0	0	2695	36.1
A_PA	1931	3082	C	0	0	3082	35.3
A_PA	1932	2849	T	0	0	2849	37.4
A_PA	1933	2969	G	0	0	2969	36.8
A_PA	1934	3178	T	0	0	3178	36.6
A_PA	1935	2428	G	0	0	2428	34.5
A_PA	1936	2918	T	0	0	2918	34.1
A_PA	1937	2838	T	0	0	2838	35.1
A_PA	1938	2866	C	0	0	2866	34.6
A_PA	1939	2861	A	0	0	2861	37.7
A_PA	1940	2791	A	0	0	2791	36.4
A_PA	1941	2858	C	0	0	2858	36.9
A_PA	1942	2754	A	0	0	2754	34.7
A_PA	1943	2562	G	0	0	2562	36.1
A_PA	1944	2922	C	0	0	2922	35.7
A_PA	1945	2651	C	0	0	2651	37.4
A_PA	1946	2544	T	0	0	2544	35.5
A_PA	1947	2666	A	0	0	2666	36.9
A_PA	1948	2640	T	0	0	2640	37.2
A_PA	1949	2837	A	0	0	2837	35.4
A_PA	1950	2504	T	0	0	2504	36.5
A_PA	1951	2806	G	0	0	2806	35.4
A_PA	1952	2409	C	0	0	2409	37.9
A_PA	1953	2695	A	0	0	2695	37.7
A_PA	1954	2730	T	0	0	2730	37.5
A_PA	1955	2578	C	0	0	2578	37.3
A_PA	1956	2925	T	0	0	2925	37.0
A_PA	1957	2385	C	0	0	2385	36.7
A_PA	1958	2308	C	0	0	2308	34.9
A_PA	1959	2723	A	0	0	2723	35.4
A_PA	1960	2447	C	0	0	2447	37.9
A_PA	1961	2628	A	0	0	2628	34.1
A_PA	1962	2521	A	0	0	2521	36.7
A_PA	1963	2512	C	0	0	2512	35.3
A_PA	1964	2717	T	0	0	2717	37.7
A_PA	1965	2358	C	0	0	2358	34.9
A_PA	1966	2441	G	0	0	2441	34.6
A_PA	1967	2362	A	0	0	2362	36.0
A_PA	1968	2508	G	0	0	2508	36.3
A_PA	1969	2329	G	0	0	2329	36.8
A_PA	1970	2273	G	0	0	2273	36.6
A_PA	1971	2049	G	0	0	2049	37.3
A_PA	1972	2515	T	0	0	2515	36.6
A_PA	1973	2409	T	0	0	2409	34.5
A_PA	1974	2302	T	0	0	2302	36.7
A_PA	1975	2466	T	0	0	2466	35.1
A_PA	1976	2405	C	0	0	2405	34.9
A_PA	1977	2145	A	0	0	2145	35.4
A_PA	1978	2136	G	0	0	2136	35.0
A_PA	1979	2517	C	0	0	2517	34.9
A_PA	1980	2311	T	0	0	2311	38.0
A_PA	1981	2464	G	0	0	2464	34.3
A_PA	1982	2255	A	0	0	2255	34.8
A_PA	1983	2431	A	0	0	2431	36.9
A_PA	1984	2028	T	0	0	2028	36.3
A_PA	1985	2259	C	0	0	2259	36.8
A_PA	1986	2347	A	0	0	2347	37.7
A_PA	1987	2186	A	0	0	2186	35.0
A_PA	1988	2162	G	0	0	2162	34.8
A_PA	1989	2420	A	0	0	2420	34.6
A_PA	1990	2197	A	0	0	2197	38.0
A_PA	1991	2106	A	0	0	2106	36.8
A_PA	1992	2073	A	0	0	2073	36.2
A_PA	1993	2240	T	0	0	2240	37.5
A_PA	1994	2115	T	0	0	2115	37.1
A_PA	1995	2060	G	0	0	2060	34.6
A_PA	1996	2183	C	0	0	2183	37.2
A_PA	1997	2354	T	0	0	2354	36.4
A_PA	1998	2166	T	0	0	2166	34.0
A_PA	1999	2152	C	0	0	2152	34.7
A_PA	2000	1974	T	0	0	1974	37.7
A_PA	2001	2226	C	0	0	2226	36.3
A_PA	2002	1984	A	0	0	1984	36.7
A_PA	2003	2317	T	0	0	2317	37.6
A_PA	2004	2110	T	0	0	2110	36.6
A_PA	2005	2030	G	0	0	2030	37.4
A_PA	2006	1898	T	0	0	1898	34.7
A_PA	2007	2034	T	0	0	2034	37.6
A_PA	2008	1950	C	0	0	1950	34.3
A_PA	2009	2179	A	0	0	2179	34.8
A_PA	2010	1881	G	0	0	1881	37.6
A_PA	2011	1789	G	0	0	1789	36.8
A_PA	2012	2058	C	0	0	2058	34.7
A_PA	2013	2051	A	0	0	2051	36.5
A_PA	2014	1954	C	0	0	1954	34.2
A_PA	2015	1874	T	0	0	1874	36.0
A_PA	2016	1938	T	0	0	1938	37.8
A_PA	2017	2037	A	0	0	2037	34.7
A_PA	2018	1973	G	0	0	1973	35.1
A_PA	2019	2328	G	0	0	2328	35.1
A_PA	2020	1911	G	0	0	1911	34.6
A_PA	2021	2111	A	0	0	2111	37.6
A_PA	2022	2110	C	0	0	2110	37.7
A_PA	2023	1934	A	0	0	1934	34.6
A_PA	2024	2175	A	0	0	2175	34.7
A_PA	2025	1953	C	0	0	1953	34.7
A_PA	2026	1740	C	0	0	1740	37.0
A_PA	2027	1629	T	0	0	1629	34.9
A_PA	2028	1923	G	0	0	1923	34.4
A_PA	2029	1761	G	0	0	1761	35.4
A_PA	2030	1739	A	0	0	1739	35.9
A_PA	2031	1769	A	0	0	1769	35.3
A_PA	2032	1604	C	0	0	1604	35.8
A_PA	2033	1723	C	0	0	1723	34.5
A_PA	2034	1643	T	0	0	1643	34.6
A_PA	2035	1817	G	0	0	1817	37.0
A_PA	2036	1555	G	0	0	1555	37.7
A_PA	2037	1642	A	0	0	1642	35.8
A_PA	2038	1625	A	0	0	1625	36.3
A_PA	2039	1679	C	0	0	1679	37.3
A_PA	2040	1576	C	0	0	1576	36.0
A_PA	2041	1650	T	0	0	1650	36.1
A_PA	2042	1614	T	0	0	1614	35.6
A_PA	2043	1687	C	0	0	1687	38.0
A_PA	2044	1570	G	0	0	1570	36.2
A_PA	2045	1498	A	0	0	1498	35.8
A_PA	2046	1474	T	0	0	1474	34.4
A_PA	2047	1388	C	0	0	1388	35.6
A_PA	2048	1371	T	0	0	1371	36.3
A_PA	2049	1416	T	0	0	1416	35.6
A_PA	2050	1438	G	0	0	1438	35.7
A_PA	2051	1505	G	0	0	1505	35.9
A_PA	2052	1507	G	0	0	1507	35.3
A_PA	2053	1414	G	0	0	1414	34.2
A_PA	2054	1361	G	0	0	1361	37.9
A_PA	2055	1451	G	0	0	1451	37.4
A_PA	2056	1369	C	0	0	1369	34.5
A_PA	2057	1527	T	0	0	1527	34.4
A_PA	2058	1579	A	0	0	1579	35.4
A_PA	2059	1335	T	0	0	1335	34.4
A_PA	2060	1360	A	0	0	1360	35.4
A_PA	2061	1292	T	0	0	1292	34.5
A_PA	2062	1469	G	0	0	1469	35.0
A_PA	2063	1248	A	0	0	1248	37.1
A_PA	2064	1240	A	0	0	1240	35.7
A_PA	2065	1202	G	0	0	1202	36.3
A_PA	2066	1227	C	0	0	1227	34.9
A_PA	2067	1258	A	0	0	1258	36.2
A_PA	2068	1314	A	0	0	1314	35.4
A_PA	2069	1189	T	0	0	1189	36.2
A_PA	2070	1199	T	0	0	1199	37.3
A_PA	2071	1210	G	0	0	1210	36.2
A_PA	2072	1133	A	0	0	1133	37.7
A_PA	2073	1197	G	0	0	1197	34.2
A_PA	2074	1185	G	0	0	1185	36.3
A_PA	2075	1096	A	0	0	1096	36.3
A_PA	2076	962	G	0	0	962	36.9
A_PA	2077	1182	T	0	0	1182	34.9
A_PA	2078	1200	G	0	0	1200	36.6
A_PA	2079	1108	C	0	0	1108	35.3
A_PA	2080	1075	C	0	0	1075	36.7
A_PA	2081	1053	T	0	0	1053	37.4
A_PA	2082	1049	G	0	0	1049	37.0
A_PA	2083	974	A	0	0	974	37.8
A_PA	2084	1069	T	0	0	1069	36.4
A_PA	2085	982	T	0	0	982	35.8
A_PA	2086	1066	A	0	0	1066	37.4
A_PA	2087	1064	A	0	0	1064	35.5
A_PA	2088	994	C	0	0	994	36.3
A_PA	2089	936	G	0	0	936	36.4
A_PA	2090	1030	A	0	0	1030	36.7
A_PA	2091	1005	T	0	0	1005	34.4
A_PA	2092	913	C	0	0	913	34.1
A_PA	2093	1027	C	0	0	1027	36.6
A_PA	2094	867	C	0	0	867	37.1
A_PA	2095	895	T	0	0	895	36.6
A_PA	2096	921	G	0	0	921	37.4
A_PA	2097	861	G	0	0	861	36.8
A_PA	2098	933	G	0	0	933	36.1
A_PA	2099	941	T	0	0	941	34.1
A_PA	2100	885	T	0	0	885	37.8
A_PA	2101	842	T	0	0	842	35.2
A_PA	2102	830	T	0	0	830	35.7
A_PA	2103	833	G	0	0	833	36.3
A_PA	2104	806	C	0	0	806	37.4
A_PA	2105	813	T	0	0	813	37.6
A_PA	2106	778	T	0	0	778	37.7
A_PA	2107	784	A	0	0	784	37.7
A_PA	2108	822	A	0	0	822	37.9
A_PA	2109	716	T	0	0	716	35.6
A_PA	2110	715	G	0	0	715	37.8
A_PA	2111	732	C	0	0	732	35.4
A_PA	2112	675	A	0	0	675	37.4
A_PA	2113	666	T	0	0	666	37.6
A_PA	2114	693	C	0	0	693	35.5
A_PA	2115	606	T	0	0	606	34.2
A_PA	2116	618	T	0	0	618	36.0
A_PA	2117	624	G	0	0	624	35.8
A_PA	2118	635	G	0	0	635	35.1
A_PA	2119	657	T	0	0	657	37.1
A_PA	2120	560	T	0	0	560	37.5
A_PA	2121	556	C	0	0	556	35.0
A_PA	2122	550	A	0	0	550	35.0
A_PA	2123	486	A	0	0	486	35.7
A_PA	2124	536	C	0	0	536	35.4
A_PA	2125	525	T	0	0	525	35.1
A_PA	2126	486	C	0	0	486	37.4
A_PA	2127	474	C	0	0	474	34.9
A_PA	2128	490	T	0	0	490	35.8
A_PA	2129	420	T	0	0	420	36.2
A_PA	2130	413	C	0	0	413	35.4
A_PA	2131	415	C	0	0	415	34.2
A_PA	2132	446	T	0	0	446	35.2
A_PA	2133	342	C	0	0	342	35.2
A_PA	2134	341	A	0	0	341	34.5
A_PA	2135	300	C	0	0	300	37.5
A_PA	2136	313	A	0	0	313	37.7
A_PA	2137	288	C	0	0	288	37.3
A_PA	2138	292	A	0	0	292	37.9
A_PA	2139	234	T	0	0	234	36.8
A_PA	2140	227	G	0	0	227	37.5
A_PA	2141	203	C	0	0	203	36.6
A_PA	2142	175	A	0	0	175	34.0
A_PA	2143	184	C	0	0	184	36.9
A_PA	2144	151	T	0	0	151	37.0
A_PA	2145	137	G	0	0	137	34.8
A_PA	2146	106	A	0	0	106	37.9
A_PA	2147	79	A	0	0	79	34.4
A_PA	2148	61	A	0	0	61	36.7
A_PA	2149	42	T	0	0	42	36.9
A_PA	2150	20	A	0	0	20	37.5
A_PA	2151	0	G	0	0	0	36.4
