Reference_Name	Position	Coverage Depth	Consensus	Deletions	Ambiguous	Consensus_Count	Consensus_Average_Quality
A_PB2	1	25	A	0	0	25	34.1
A_PB2	2	52	T	0	0	52	35.7
A_PB2	3	80	G	0	0	80	35.5
A_PB2	4	102	G	0	0	102	36.7
A_PB2	5	136	A	0	0	136	34.5
A_PB2	6	159	G	0	0	159	37.9
A_PB2	7	166	A	0	0	166	36.4
A_PB2	8	193	G	0	0	193	36.1
A_PB2	9	215	A	0	0	215	34.0
A_PB2	10	244	A	0	0	244	37.7
A_PB2	11	252	T	0	0	252	36.6
A_PB2	12	314	A	0	0	314	37.5
A_PB2	13	309	A	0	0	309	36.7
A_PB2	14	321	A	0	0	321	36.8
A_PB2	15	367	A	0	0	367	35.8
A_PB2	16	349	G	0	0	349	35.8
A_PB2	17	389	A	0	0	389	36.6
A_PB2	18	442	A	0	0	442	36.4
A_PB2	19	439	C	0	0	439	34.2
A_PB2	20	539	T	0	0	539	35.0
A_PB2	21	488	A	0	0	488	37.9
A_PB2	22	506	A	0	0	506	36.3
A_PB2	23	498	G	0	0	498	37.1
A_PB2	24	555	A	0	0	555	37.4
A_PB2	25	583	G	0	0	583	37.4
A_PB2	26	603	A	0	0	603	36.6
A_PB2	27	650	T	0	0	650	37.9
A_PB2	28	671	C	0	0	671	36.5
A_PB2	29	664	T	0	0	664	37.8
A_PB2	30	757	A	0	0	757	34.7
A_PB2	31	684	A	0	0	684	36.1
A_PB2	32	721	T	0	0	721	34.3
A_PB2	33	753	G	0	0	753	37.9
A_PB2	34	780	T	0	0	780	37.1
A_PB2	35	825	C	0	0	825	35.8
A_PB2	36	863	A	0	0	863	36.8
A_PB2	37	752	C	0	0	752	36.8
A_PB2	38	761	A	0	0	761	35.2
A_PB2	39	918	G	0	0	918	34.5
A_PB2	40	812	T	0	0	812	36.1
A_PB2	41	903	C	0	0	903	34.3
A_PB2	42	894	T	0	0	894	37.4
A_PB2	43	893	C	0	0	893	36.8
A_PB2	44	985	G	0	0	985	34.6
A_PB2	45	988	C	0	0	988	35.3
A_PB2	46	1012	A	0	0	1012	35.9
A_PB2	47	1045	C	0	0	1045	35.8
A_PB2	48	1054	T	0	0	1054	34.7
A_PB2	49	1006	C	0	0	1006	37.3
A_PB2	50	1003	G	0	0	1003	37.4
A_PB2	51	1070	C	0	0	1070	34.1
A_PB2	52	1033	G	0	0	1033	34.8
A_PB2	53	1158	A	0	0	1158	35.4
A_PB2	54	1106	G	0	0	1106	34.6
A_PB2	55	1064	A	0	0	1064	34.5
A_PB2	56	1095	T	0	0	1095	37.5
A_PB2	57	1135	A	0	0	1135	37.6
A_PB2	58	1149	C	0	0	1149	35.0
A_PB2	59	1213	T	0	0	1213	36.4
A_PB2	60	1150	G	0	0	1150	36.3
A_PB2	61	1147	A	0	0	1147	36.0
A_PB2	62	1167	C	0	0	1167	34.6
A_PB2	63	1208	C	0	0	1208	36.8
A_PB2	64	1373	A	0	0	1373	35.3
A_PB2	65	1237	A	0	0	1237	35.6
A_PB2	66	1338	A	0	0	1338	35.5
A_PB2	67	1217	A	0	0	1217	36.8
A_PB2	68	1388	C	0	0	1388	34.9
A_PB2	69	1229	C	0	0	1229	34.9
A_PB2	70	1341	A	0	0	1341	37.6
A_PB2	71	1183	C	0	0	1183	36.6
A_PB2	72	1452	T	0	0	1452	36.1
A_PB2	73	1375	G	0	0	1375	37.0
A_PB2	74	1342	T	0	0	1342	36.3
A_PB2	75	1352	T	0	0	1352	36.3
A_PB2	76	1503	G	0	0	1503	37.4
A_PB2	77	1506	A	0	0	1506	35.5
A_PB2	78	1435	C	0	0	1435	35.2
A_PB2	79	1456	C	0	0	1456	35.3
A_PB2	80	1340	A	0	0	1340	34.9
A_PB2	81	1588	C	0	0	1588	35.3
A_PB2	82	1553	A	0	0	1553	37.5
A_PB2	83	1527	T	0	0	1527	34.6
A_PB2	84	1405	G	0	0	1405	34.1
A_PB2	85	1563	G	0	0	1563	38.0
A_PB2	86	1514	C	0	0	1514	34.6
A_PB2	87	1613	C	0	0	1613	35.3
A_PB2	88	1713	A	0	0	1713	35.0
A_PB2	89	1571	T	0	0	1571	37.7
A_PB2	90	1679	A	0	0	1679	34.0
A_PB2	91	1650	A	0	0	1650	35.8
A_PB2	92	1732	T	0	0	1732	35.3
A_PB2	93	1717	C	0	0	1717	37.9
A_PB2	94	1720	A	0	0	1720	35.8
A_PB2	95	1613	A	0	0	1613	35.6
A_PB2	96	1795	A	0	0	1795	35.8
A_PB2	97	1745	A	0	0	1745	37.2
A_PB2	98	1646	A	0	0	1646	35.9
A_PB2	99	1703	G	0	0	1703	36.5
A_PB2	100	1709	T	0	0	1709	35.7
A_PB2	101	1667	A	0	0	1667	34.6
A_PB2	102	1737	C	0	0	1737	35.8
A_PB2	103	1757	A	0	0	1757	35.8
A_PB2	104	1846	C	0	0	1846	35.9
A_PB2	105	1726	A	0	0	1726	37.7
A_PB2	106	1715	T	0	0	1715	35.3
A_PB2	107	1661	C	0	0	1661	36.2
A_PB2	108	1756	G	0	0	1756	34.0
A_PB2	109	1699	G	0	0	1699	37.8
A_PB2	110	1908	G	0	0	1908	36.6
A_PB2	111	1865	A	0	0	1865	35.2
A_PB2	112	1677	A	0	0	1677	37.7
A_PB2	113	1667	G	0	0	1667	35.9
A_PB2	114	1836	G	0	0	1836	37.7
A_PB2	115	1847	C	0	0	1847	36.4
A_PB2	116	1822	A	0	0	1822	34.2
A_PB2	117	2195	A	0	0	2195	34.3
A_PB2	118	2043	G	0	0	2043	34.5
A_PB2	119	1968	A	0	0	1968	34.1
A_PB2	120	1717	G	0	0	1717	35.0
A_PB2	121	2188	A	0	0	2188	37.5
A_PB2	122	2059	A	0	0	2059	34.3
A_PB2	123	2100	G	0	0	2100	34.3
A_PB2	124	2090	A	0	0	2090	34.3
A_PB2	125	1962	A	0	0	1962	36.4
A_PB2	126	2035	C	0	0	2035	35.6
A_PB2	127	2367	C	0	0	2367	36.1
A_PB2	128	2322	C	0	0	2322	34.1
A_PB2	129	2311	C	0	0	2311	36.5
A_PB2	130	2273	G	0	0	2273	34.5
A_PB2	131	2044	C	0	0	2044	36.0
A_PB2	132	1962	A	0	0	1962	35.7
A_PB2	133	2406	C	0	0	2406	36.1
A_PB2	134	2147	T	0	0	2147	35.6
A_PB2	135	2271	C	0	0	2271	37.7
A_PB2	136	2261	A	0	0	2261	37.6
A_PB2	137	2071	G	0	0	2071	37.5
A_PB2	138	2226	A	0	0	2226	37.5
A_PB2	139	2279	A	0	0	2279	37.2
A_PB2	140	2299	T	0	0	2299	35.7
A_PB2	141	2186	G	0	0	2186	36.5
A_PB2	142	2350	A	0	0	2350	37.3
A_PB2	143	2495	A	0	0	2495	36.7
A_PB2	144	2424	A	0	0	2424	35.0
A_PB2	145	2229	T	0	0	2229	35.3
A_PB2	146	2114	G	0	0	2114	37.0
A_PB2	147	2330	G	0	0	2330	35.5
A_PB2	148	2346	A	0	0	2346	36.9
A_PB2	149	2338	T	0	0	2338	35.6
A_PB2	150	2230	G	0	0	2230	35.0
A_PB2	151	2111	A	0	0	2111	34.3
A_PB2	152	2209	T	0	0	2209	36.1
A_PB2	153	2189	G	0	0	2189	37.4
A_PB2	154	2399	G	0	0	2399	37.6
A_PB2	155	2441	C	0	0	2441	36.2
A_PB2	156	2297	A	0	0	2297	37.7
A_PB2	157	2359	A	0	0	2359	35.7
A_PB2	158	2501	T	0	0	2501	34.5
A_PB2	159	2320	G	0	0	2320	35.9
A_PB2	160	2408	A	0	0	2408	35.9
A_PB2	161	2353	A	0	0	2353	37.0
A_PB2	162	2425	A	0	0	2425	36.7
A_PB2	163	2385	T	0	0	2385	35.3
A_PB2	164	2342	A	0	0	2342	37.4
A_PB2	165	2338	T	0	0	2338	36.4
A_PB2	166	2617	C	0	0	2617	36.5
A_PB2	167	2377	C	0	0	2377	37.8
A_PB2	168	2484	A	0	0	2484	35.4
A_PB2	169	2497	A	0	0	2497	35.0
A_PB2	170	2708	T	0	0	2708	37.0
A_PB2	171	2637	T	0	0	2637	35.3
A_PB2	172	2520	A	0	0	2520	35.6
A_PB2	173	2275	C	0	0	2275	35.8
A_PB2	174	2464	A	0	0	2464	35.6
A_PB2	175	2894	G	0	0	2894	36.2
A_PB2	176	2487	C	0	0	2487	35.3
A_PB2	177	2413	A	0	0	2413	36.1
A_PB2	178	2424	G	0	0	2424	37.2
A_PB2	179	2914	A	0	0	2914	34.5
A_PB2	180	2317	T	0	0	2317	36.5
A_PB2	181	2591	A	0	0	2591	34.1
A_PB2	182	2902	A	0	0	2902	36.9
A_PB2	183	2439	G	0	0	2439	36.8
A_PB2	184	2366	C	0	0	2366	37.5
A_PB2	185	2584	G	0	0	2584	37.2
A_PB2	186	2538	A	0	0	2538	34.3
A_PB2	187	2646	A	0	0	2646	34.0
A_PB2	188	2616	T	0	0	2616	37.6
A_PB2	189	2783	A	0	0	2783	36.2
A_PB2	190	2686	A	0	0	2686	37.2
A_PB2	191	2683	T	0	0	2683	36.7
A_PB2	192	2818	G	0	0	2818	36.7
A_PB2	193	2657	G	0	0	2657	35.7
A_PB2	194	2833	A	0	0	2833	37.5
A_PB2	195	2478	A	0	0	2478	37.9
A_PB2	196	2987	A	0	0	2987	37.3
A_PB2	197	2745	T	0	0	2745	35.9
A_PB2	198	2948	G	0	0	2948	36.6
A_PB2	199	2826	A	0	0	2826	37.3
A_PB2	200	2488	T	0	0	2488	34.4
A_PB2	201	2626	C	0	0	2626	36.0
A_PB2	202	2625	C	0	0	2625	34.6
A_PB2	203	2949	C	0	0	2949	37.6
A_PB2	204	2755	T	0	0	2755	35.5
A_PB2	205	2803	G	0	0	2803	37.7
A_PB2	206	2724	A	0	0	2724	34.5
A_PB2	207	3007	G	0	0	3007	37.8
A_PB2	208	3137	A	0	0	3137	34.8
A_PB2	209	2942	G	0	0	2942	36.6
A_PB2	210	2940	G	0	0	2940	35.9
A_PB2	211	3020	A	0	0	3020	34.2
A_PB2	212	2711	A	0	0	2711	37.7
A_PB2	213	2842	T	0	0	2842	35.9
A_PB2	214	2878	G	0	0	2878	37.5
A_PB2	215	2670	A	0	0	2670	34.8
A_PB2	216	3297	A	0	0	3297	37.2
A_PB2	217	3121	C	0	0	3121	36.8
A_PB2	218	3132	A	0	0	3132	37.1
A_PB2	219	2809	A	0	0	2809	35.4
A_PB2	220	3057	G	0	0	3057	36.3
A_PB2	221	2739	G	0	0	2739	36.3
A_PB2	222	3008	G	0	0	3008	36.0
A_PB2	223	3213	C	0	0	3213	35.2
A_PB2	224	3045	A	0	0	3045	34.6
A_PB2	225	3449	A	0	0	3449	35.6
A_PB2	226	3037	A	0	0	3037	35.8
A_PB2	227	3041	C	0	0	3041	37.9
A_PB2	228	3180	T	0	0	3180	37.5
A_PB2	229	3153	C	0	0	3153	36.4
A_PB2	230	3412	T	0	0	3412	36.5
A_PB2	231	3363	C	0	0	3363	36.7
A_PB2	232	2787	T	0	0	2787	34.8
A_PB2	233	3650	G	0	0	3650	37.9
A_PB2	234	3151	G	0	0	3151	35.7
A_PB2	235	3306	A	0	0	3306	37.7
A_PB2	236	3467	G	0	0	3467	34.3
A_PB2	237	2978	C	0	0	2978	34.2
A_PB2	238	3474	A	0	0	3474	37.0
A_PB2	239	3293	A	0	0	3293	34.3
A_PB2	240	3743	A	0	0	3743	35.2
A_PB2	241	3028	A	0	0	3028	36.5
A_PB2	242	3394	C	0	0	3394	37.6
A_PB2	243	3480	A	0	0	3480	37.6
A_PB2	244	3386	A	0	0	3386	37.6
A_PB2	245	3415	A	0	0	3415	35.6
A_PB2	246	3175	C	0	0	3175	35.6
A_PB2	247	3385	G	0	0	3385	36.0
A_PB2	248	3296	A	0	0	3296	36.9
A_PB2	249	3222	T	0	0	3222	36.9
A_PB2	250	3476	G	0	0	3476	35.8
A_PB2	251	3666	C	0	0	3666	34.8
A_PB2	252	3468	C	0	0	3468	35.5
A_PB2	253	3791	G	0	0	3791	34.7
A_PB2	254	3627	G	0	0	3627	37.3
A_PB2	255	3362	A	0	0	3362	34.4
A_PB2	256	3436	T	0	0	3436	37.0
A_PB2	257	3839	C	0	0	3839	37.6
A_PB2	258	3629	A	0	0	3629	37.4
A_PB2	259	3471	G	0	0	3471	35.1
A_PB2	260	3191	A	0	0	3191	34.6
A_PB2	261	3692	C	0	0	3692	37.6
A_PB2	262	3090	C	0	0	3090	37.5
A_PB2	263	3593	G	0	0	3593	37.3
A_PB2	264	3749	A	0	0	3749	37.5
A_PB2	265	3671	G	0	0	3671	35.3
A_PB2	266	3562	T	0	0	3562	35.2
A_PB2	267	3774	G	0	0	3774	36.6
A_PB2	268	3826	A	0	0	3826	36.4
A_PB2	269	3899	T	0	0	3899	36.8
A_PB2	270	3640	G	0	0	3640	34.1
A_PB2	271	3577	G	0	0	3577	36.2
A_PB2	272	3417	T	0	0	3417	37.2
A_PB2	273	3111	A	0	0	3111	37.4
A_PB2	274	4329	T	0	0	4329	34.7
A_PB2	275	3647	C	0	0	3647	34.3
A_PB2	276	3319	A	0	0	3319	37.6
A_PB2	277	3640	C	0	0	3640	36.8
A_PB2	278	4154	C	0	0	4154	36.3
A_PB2	279	3330	C	0	0	3330	35.1
A_PB2	280	3892	C	0	0	3892	34.4
A_PB2	281	3660	T	0	0	3660	36.6
A_PB2	282	3749	G	0	0	3749	35.4
A_PB2	283	3472	G	0	0	3472	36.6
A_PB2	284	3760	C	0	0	3760	37.0
A_PB2	285	3638	T	0	0	3638	34.9
A_PB2	286	3625	G	0	0	3625	37.0
A_PB2	287	3914	T	0	0	3914	34.9
A_PB2	288	3917	G	0	0	3917	36.8
A_PB2	289	3992	A	0	0	3992	35.0
A_PB2	290	4032	C	0	0	4032	37.4
A_PB2	291	4005	A	0	0	4005	37.2
A_PB2	292	3671	T	0	0	3671	35.0
A_PB2	293	4110	G	0	0	4110	35.4
A_PB2	294	3763	G	0	0	3763	35.6
A_PB2	295	4056	T	0	0	4056	36.8
A_PB2	296	3991	G	0	0	3991	35.0
A_PB2	297	4229	G	0	0	4229	35.5
A_PB2	298	3793	A	0	0	3793	36.3
A_PB2	299	3539	A	0	0	3539	35.6
A_PB2	300	3633	C	0	0	3633	37.3
A_PB2	301	3651	A	0	0	3651	34.9
A_PB2	302	3669	G	0	0	3669	36.1
A_PB2	303	3469	G	0	0	3469	35.2
A_PB2	304	4089	A	0	0	4089	34.0
A_PB2	305	3867	A	0	0	3867	36.7
A_PB2	306	4160	C	0	0	4160	35.1
A_PB2	307	4200	G	0	0	4200	35.1
A_PB2	308	3819	G	0	0	3819	37.7
A_PB2	309	3715	A	0	0	3715	35.3
A_PB2	310	3917	C	0	0	3917	34.2
A_PB2	311	3491	C	0	0	3491	37.4
A_PB2	312	4484	A	0	0	4484	37.8
A_PB2	313	3701	A	0	0	3701	37.8
A_PB2	314	3549	C	0	0	3549	34.8
A_PB2	315	3991	A	0	0	3991	34.1
A_PB2	316	4027	A	0	0	4027	37.6
A_PB2	317	4246	C	0	0	4246	37.4
A_PB2	318	4281	A	0	0	4281	36.6
A_PB2	319	3585	A	0	0	3585	34.0
A_PB2	320	4312	G	0	0	4312	37.2
A_PB2	321	3901	T	0	0	3901	36.7
A_PB2	322	3816	A	0	0	3816	37.7
A_PB2	323	3706	C	0	0	3706	37.3
A_PB2	324	4008	A	0	0	4008	37.0
A_PB2	325	3754	G	0	0	3754	36.3
A_PB2	326	3933	T	0	0	3933	36.4
A_PB2	327	4074	C	0	0	4074	34.8
A_PB2	328	3673	C	0	0	3673	37.3
A_PB2	329	3842	A	0	0	3842	34.4
A_PB2	330	3378	C	0	0	3378	34.8
A_PB2	331	3799	T	0	0	3799	37.5
A_PB2	332	4100	A	0	0	4100	37.0
A_PB2	333	4005	C	0	0	4005	36.1
A_PB2	334	3865	C	0	0	3865	37.2
A_PB2	335	3707	C	0	0	3707	37.2
A_PB2	336	3903	A	0	0	3903	35.8
A_PB2	337	3602	A	0	0	3602	35.8
A_PB2	338	3770	A	0	0	3770	35.0
A_PB2	339	3986	G	0	0	3986	36.7
A_PB2	340	3876	G	0	0	3876	38.0
A_PB2	341	4434	T	0	0	4434	35.6
A_PB2	342	3864	A	0	0	3864	35.1
A_PB2	343	3707	T	0	0	3707	35.1
A_PB2	344	3637	A	0	0	3637	35.7
A_PB2	345	4069	T	0	0	4069	34.2
A_PB2	346	4213	A	0	0	4213	34.4
A_PB2	347	3948	A	0	0	3948	36.4
A_PB2	348	4111	A	0	0	4111	36.7
A_PB2	349	4066	A	0	0	4066	34.0
A_PB2	350	4055	C	0	0	4055	36.2
A_PB2	351	3622	T	0	0	3622	36.6
A_PB2	352	3638	T	0	0	3638	35.7
A_PB2	353	3858	A	0	0	3858	37.7
A_PB2	354	3951	T	0	0	3951	36.0
A_PB2	355	3795	T	0	0	3795	36.5
A_PB2	356	3620	T	0	0	3620	35.3
A_PB2	357	3717	C	0	0	3717	37.5
A_PB2	358	3900	G	0	0	3900	37.4
A_PB2	359	4010	A	0	0	4010	37.4
A_PB2	360	4130	A	0	0	4130	35.5
A_PB2	361	4006	A	0	0	4006	36.2
A_PB2	362	3956	A	0	0	3956	34.3
A_PB2	363	3653	A	0	0	3653	37.3
A_PB2	364	3734	G	0	0	3734	37.1
A_PB2	365	3697	T	0	0	3697	35.6
A_PB2	366	4147	T	0	0	4147	35.5
A_PB2	367	3674	G	0	0	3674	35.0
A_PB2	368	4259	A	0	0	4259	36.8
A_PB2	369	3513	A	0	0	3513	38.0
A_PB2	370	3981	A	0	0	3981	37.9
A_PB2	371	3820	G	0	0	3820	37.4
A_PB2	372	4166	G	0	0	4166	36.7
A_PB2	373	4106	T	0	0	4106	37.1
A_PB2	374	4072	T	0	0	4072	34.7
A_PB2	375	3893	G	0	0	3893	35.2
A_PB2	376	3355	A	0	0	3355	37.3
A_PB2	377	3656	A	0	0	3656	37.8
A_PB2	378	3536	A	0	0	3536	37.0
A_PB2	379	3981	C	0	0	3981	37.3
A_PB2	380	3602	A	0	0	3602	34.3
A_PB2	381	3807	C	0	0	3807	36.6
A_PB2	382	4103	G	0	0	4103	35.1
A_PB2	383	3995	G	0	0	3995	36.7
A_PB2	384	4162	G	0	0	4162	36.9
A_PB2	385	4011	A	0	0	4011	35.8
A_PB2	386	3625	C	0	0	3625	34.1
A_PB2	387	3733	C	0	0	3733	36.4
A_PB2	388	4027	T	0	0	4027	37.8
A_PB2	389	4043	T	0	0	4043	38.0
A_PB2	390	3591	T	0	0	3591	34.1
A_PB2	391	3685	G	0	0	3685	34.3
A_PB2	392	3668	G	0	0	3668	35.6
A_PB2	393	4013	C	0	0	4013	35.8
A_PB2	394	3790	C	0	0	3790	35.4
A_PB2	395	4132	C	0	0	4132	36.2
A_PB2	396	3513	T	0	0	3513	34.9
A_PB2	397	3853	G	0	0	3853	36.5
A_PB2	398	3995	T	0	0	3995	35.5
A_PB2	399	3613	G	0	0	3613	34.5
A_PB2	400	3403	C	0	0	3403	36.2
A_PB2	401	3562	A	0	0	3562	34.7
A_PB2	402	3827	C	0	0	3827	34.6
A_PB2	403	3896	T	0	0	3896	34.6
A_PB2	404	3688	T	0	0	3688	36.4
A_PB2	405	3914	C	0	0	3914	36.4
A_PB2	406	3845	A	0	0	3845	37.7
A_PB2	407	3863	G	0	0	3863	34.5
A_PB2	408	3731	A	0	0	3731	36.9
A_PB2	409	3728	A	0	0	3728	36.5
A_PB2	410	3628	A	0	0	3628	34.3
A_PB2	411	3731	C	0	0	3731	35.1
A_PB2	412	3271	C	0	0	3271	37.0
A_PB2	413	3566	A	0	0	3566	35.2
A_PB2	414	3730	A	0	0	3730	37.2
A_PB2	415	3869	G	0	0	3869	35.8
A_PB2	416	3838	T	0	0	3838	36.3
A_PB2	417	3276	T	0	0	3276	37.5
A_PB2	418	3664	A	0	0	3664	36.1
A_PB2	419	3868	A	0	0	3868	36.6
A_PB2	420	3580	G	0	0	3580	34.7
A_PB2	421	3470	A	0	0	3470	37.1
A_PB2	422	3534	T	0	0	3534	34.6
A_PB2	423	3818	A	0	0	3818	34.9
A_PB2	424	3765	A	0	0	3765	37.2
A_PB2	425	4057	G	0	0	4057	34.4
A_PB2	426	3807	A	0	0	3807	37.7
A_PB2	427	3927	C	0	0	3927	36.9
A_PB2	428	3893	G	0	0	3893	34.5
A_PB2	429	3889	G	0	0	3889	35.1
A_PB2	430	3802	A	0	0	3802	36.6
A_PB2	431	3854	G	0	0	3854	37.4
A_PB2	432	4208	G	0	0	4208	34.4
A_PB2	433	3353	G	0	0	3353	36.7
A_PB2	434	3933	T	0	0	3933	34.9
A_PB2	435	3513	C	0	0	3513	34.1
A_PB2	436	3830	G	0	0	3830	34.0
A_PB2	437	3640	A	0	0	3640	35.5
A_PB2	438	3652	T	0	0	3652	37.5
A_PB2	439	3620	A	0	0	3620	34.6
A_PB2	440	3963	T	0	0	3963	36.5
A_PB2	441	3824	A	0	0	3824	37.4
A_PB2	442	3594	A	0	0	3594	37.6
A_PB2	443	3791	A	0	0	3791	35.5
A_PB2	444	4005	C	0	0	4005	36.4
A_PB2	445	3451	C	0	0	3451	35.8
A_PB2	446	4222	C	0	0	4222	34.7
A_PB2	447	3736	G	0	0	3736	37.0
A_PB2	448	3766	G	0	0	3766	36.7
A_PB2	449	4022	G	0	0	4022	37.5
A_PB2	450	3448	C	0	0	3448	37.5
A_PB2	451	3504	C	0	0	3504	34.7
A_PB2	452	3733	A	0	0	3733	36.6
A_PB2	453	3701	T	0	0	3701	36.3
A_PB2	454	4006	G	0	0	4006	36.9
A_PB2	455	3826	C	0	0	3826	36.3
A_PB2	456	4091	T	0	0	4091	35.7
A_PB2	457	3751	G	0	0	3751	35.2
A_PB2	458	3774	A	0	0	3774	37.0
A_PB2	459	3667	C	0	0	3667	37.0
A_PB2	460	3630	C	0	0	3630	37.3
A_PB2	461	3648	T	0	0	3648	34.1
A_PB2	462	3726	C	0	0	3726	35.6
A_PB2	463	4006	A	0	0	4006	37.4
A_PB2	464	4239	G	0	0	4239	37.9
A_PB2	465	3662	T	0	0	3662	35.1
A_PB2	466	4166	G	0	0	4166	36.3
A_PB2	467	3733	C	0	0	3733	35.3
A_PB2	468	4254	C	0	0	4254	34.6
A_PB2	469	3648	A	0	0	3648	37.7
A_PB2	470	3834	A	0	0	3834	35.8
A_PB2	471	4200	A	0	0	4200	37.5
A_PB2	472	4209	G	0	0	4209	34.2
A_PB2	473	3726	A	0	0	3726	36.0
A_PB2	474	3663	G	0	0	3663	36.8
A_PB2	475	4026	G	0	0	4026	34.9
A_PB2	476	3512	C	0	0	3512	35.4
A_PB2	477	3994	G	0	0	3994	35.9
A_PB2	478	4225	C	0	0	4225	35.5
A_PB2	479	3726	A	0	0	3726	37.9
A_PB2	480	4099	G	0	0	4099	36.3
A_PB2	481	4088	G	0	0	4088	37.0
A_PB2	482	4123	A	0	0	4123	36.9
A_PB2	483	4121	T	0	0	4121	34.9
A_PB2	484	4247	G	0	0	4247	35.5
A_PB2	485	3720	T	0	0	3720	35.0
A_PB2	486	3614	A	0	0	3614	36.8
A_PB2	487	3828	A	0	0	3828	35.6
A_PB2	488	3824	T	0	0	3824	37.3
A_PB2	489	4007	C	0	0	4007	34.3
A_PB2	490	3673	A	0	0	3673	35.3
A_PB2	491	3557	T	0	0	3557	34.6
A_PB2	492	4251	G	0	0	4251	35.2
A_PB2	493	4170	G	0	0	4170	36.5
A_PB2	494	3663	A	0	0	3663	34.9
A_PB2	495	3673	A	0	0	3673	34.4
A_PB2	496	3762	G	0	0	3762	35.6
A_PB2	497	3870	T	0	0	3870	36.1
A_PB2	498	3800	C	0	0	3800	34.4
A_PB2	499	3746	G	0	0	3746	34.9
A_PB2	500	4145	T	0	0	4145	36.6
A_PB2	501	4262	C	0	0	4262	35.8
A_PB2	502	3861	T	0	0	3861	35.1
A_PB2	503	4017	T	0	0	4017	34.2
A_PB2	504	4114	C	0	0	4114	36.6
A_PB2	505	3753	C	0	0	3753	37.7
A_PB2	506	3920	C	0	0	3920	35.6
A_PB2	507	4159	A	0	0	4159	36.7
A_PB2	508	3749	A	0	0	3749	37.3
A_PB2	509	4173	A	0	0	4173	35.5
A_PB2	510	4020	T	0	0	4020	37.2
A_PB2	511	4006	G	0	0	4006	34.0
A_PB2	512	3949	A	0	0	3949	35.0
A_PB2	513	4220	A	0	0	4220	35.8
A_PB2	514	3878	G	0	0	3878	37.3
A_PB2	515	4152	T	0	0	4152	36.0
A_PB2	516	4117	G	0	0	4117	36.2
A_PB2	517	4018	G	0	0	4018	35.3
A_PB2	518	4403	G	0	0	4403	35.7
A_PB2	519	4092	A	0	0	4092	35.9
A_PB2	520	4383	G	0	0	4383	35.6
A_PB2	521	4276	C	0	0	4276	35.9
A_PB2	522	3757	A	0	0	3757	35.0
A_PB2	523	4421	A	0	0	4421	35.7
A_PB2	524	4531	G	0	0	4531	37.1
A_PB2	525	4494	G	0	0	4494	34.0
A_PB2	526	4378	A	0	0	4378	35.0
A_PB2	527	3999	T	0	0	3999	36.8
A_PB2	528	4170	A	0	0	4170	34.2
A_PB2	529	4226	T	0	0	4226	35.9
A_PB2	530	3984	T	0	0	3984	34.1
A_PB2	531	4164	G	0	0	4164	37.7
A_PB2	532	4039	A	0	0	4039	36.5
A_PB2	533	4307	C	0	0	4307	36.4
A_PB2	534	3994	G	0	0	3994	34.7
A_PB2	535	3774	T	0	0	3774	35.6
A_PB2	536	4479	C	0	0	4479	35.9
A_PB2	537	4036	G	0	0	4036	35.9
A_PB2	538	4048	G	0	0	4048	37.7
A_PB2	539	4496	A	0	0	4496	36.3
A_PB2	540	4456	G	0	0	4456	35.2
A_PB2	541	4309	T	0	0	4309	34.1
A_PB2	542	4566	C	0	0	4566	35.2
A_PB2	543	4196	A	0	0	4196	36.5
A_PB2	544	4413	C	0	0	4413	37.4
A_PB2	545	4273	A	0	0	4273	34.7
A_PB2	546	4169	A	0	0	4169	35.6
A_PB2	547	4165	C	0	0	4165	35.0
A_PB2	548	4542	T	0	0	4542	34.3
A_PB2	549	4157	G	0	0	4157	34.4
A_PB2	550	4489	A	0	0	4489	35.2
A_PB2	551	4587	C	0	0	4587	35.4
A_PB2	552	4505	G	0	0	4505	34.4
A_PB2	553	4272	A	0	0	4272	37.3
A_PB2	554	4599	T	0	0	4599	36.1
A_PB2	555	4137	A	0	0	4137	37.0
A_PB2	556	4579	A	0	0	4579	34.5
A_PB2	557	4524	C	0	0	4524	37.6
A_PB2	558	4856	A	0	0	4856	37.2
A_PB2	559	4091	A	0	0	4091	37.4
A_PB2	560	4378	A	0	0	4378	36.4
A_PB2	561	4022	G	0	0	4022	34.1
A_PB2	562	4762	G	0	0	4762	36.4
A_PB2	563	4456	A	0	0	4456	35.5
A_PB2	564	4594	G	0	0	4594	36.9
A_PB2	565	4688	A	0	0	4688	34.7
A_PB2	566	4212	A	0	0	4212	35.1
A_PB2	567	4479	A	0	0	4479	35.6
A_PB2	568	4818	A	0	0	4818	35.2
A_PB2	569	4614	A	0	0	4614	36.3
A_PB2	570	4393	G	0	0	4393	34.8
A_PB2	571	4541	G	0	0	4541	37.9
A_PB2	572	4465	A	0	0	4465	34.4
A_PB2	573	4027	A	0	0	4027	37.3
A_PB2	574	4102	G	0	0	4102	37.2
A_PB2	575	4209	A	0	0	4209	34.3
A_PB2	576	4540	A	0	0	4540	36.8
A_PB2	577	4803	C	0	0	4803	34.8
A_PB2	578	4756	T	0	0	4756	36.0
A_PB2	579	4415	C	0	0	4415	37.6
A_PB2	580	4748	C	0	0	4748	37.5
A_PB2	581	4634	A	0	0	4634	35.0
A_PB2	582	4190	G	0	0	4190	37.0
A_PB2	583	4725	G	0	0	4725	34.7
A_PB2	584	4165	A	0	0	4165	35.2
A_PB2	585	4302	C	0	0	4302	35.0
A_PB2	586	4503	T	0	0	4503	37.6
A_PB2	587	5017	G	0	0	5017	35.7
A_PB2	588	4285	C	0	0	4285	34.3
A_PB2	589	4591	A	0	0	4591	37.7
A_PB2	590	4404	A	0	0	4404	34.6
A_PB2	591	4326	A	0	0	4326	34.8
A_PB2	592	4805	A	0	0	4805	36.5
A_PB2	593	4615	T	0	0	4615	34.2
A_PB2	594	4467	C	0	0	4467	37.2
A_PB2	595	4436	G	0	0	4436	35.6
A_PB2	596	4385	C	0	0	4385	36.9
A_PB2	597	4178	T	0	0	4178	37.8
A_PB2	598	4672	C	0	0	4672	34.5
A_PB2	599	5098	C	0	0	5098	34.9
A_PB2	600	4217	T	0	0	4217	34.7
A_PB2	601	4451	C	0	0	4451	34.8
A_PB2	602	4685	T	0	0	4685	35.6
A_PB2	603	4402	G	0	0	4402	34.8
A_PB2	604	4236	A	0	0	4236	35.7
A_PB2	605	4590	T	0	0	4590	36.7
A_PB2	606	4202	G	0	0	4202	36.6
A_PB2	607	4656	G	0	0	4656	35.1
A_PB2	608	4402	T	0	0	4402	37.4
A_PB2	609	4616	T	0	0	4616	36.1
A_PB2	610	4623	G	0	0	4623	34.8
A_PB2	611	4616	C	0	0	4616	37.4
A_PB2	612	4971	A	0	0	4971	37.5
A_PB2	613	4370	T	0	0	4370	35.9
A_PB2	614	4559	A	0	0	4559	37.0
A_PB2	615	4328	C	0	0	4328	34.6
A_PB2	616	4629	A	0	0	4629	37.2
A_PB2	617	4499	T	0	0	4499	34.4
A_PB2	618	4305	G	0	0	4305	36.4
A_PB2	619	4488	C	0	0	4488	36.4
A_PB2	620	4238	T	0	0	4238	36.8
A_PB2	621	4426	A	0	0	4426	35.7
A_PB2	622	4413	G	0	0	4413	35.3
A_PB2	623	4475	A	0	0	4475	36.0
A_PB2	624	4553	A	0	0	4553	35.0
A_PB2	625	3899	A	0	0	3899	35.1
A_PB2	626	4631	G	0	0	4631	37.5
A_PB2	627	4235	A	0	0	4235	37.9
A_PB2	628	4324	G	0	0	4324	34.9
A_PB2	629	4537	A	0	0	4537	34.1
A_PB2	630	4011	G	0	0	4011	36.8
A_PB2	631	4169	T	0	0	4169	37.1
A_PB2	632	4622	T	0	0	4622	36.9
A_PB2	633	4142	G	0	0	4142	36.4
A_PB2	634	3973	G	0	0	3973	36.7
A_PB2	635	4047	T	0	0	4047	37.5
A_PB2	636	4492	T	0	0	4492	35.7
A_PB2	637	4145	C	0	0	4145	35.0
A_PB2	638	4095	G	0	0	4095	35.0
A_PB2	639	4043	C	0	0	4043	37.0
A_PB2	640	4183	A	0	0	4183	34.8
A_PB2	641	3714	A	0	0	3714	37.8
A_PB2	642	4158	G	0	0	4158	34.2
A_PB2	643	4235	A	0	0	4235	37.7
A_PB2	644	4221	C	0	0	4221	36.7
A_PB2	645	4201	G	0	0	4201	37.8
A_PB2	646	4277	A	0	0	4277	37.2
A_PB2	647	4295	G	0	0	4295	34.6
A_PB2	648	4335	G	0	0	4335	34.0
A_PB2	649	4154	T	0	0	4154	37.5
A_PB2	650	3808	T	0	0	3808	34.2
A_PB2	651	4336	T	0	0	4336	36.5
A_PB2	652	3679	C	0	0	3679	34.7
A_PB2	653	3764	T	0	0	3764	34.7
A_PB2	654	4273	C	0	0	4273	34.8
A_PB2	655	3889	C	0	0	3889	37.9
A_PB2	656	4558	C	0	0	4558	37.6
A_PB2	657	4045	A	0	0	4045	34.7
A_PB2	658	3819	G	0	0	3819	34.1
A_PB2	659	4412	T	0	0	4412	35.8
A_PB2	660	4230	T	0	0	4230	36.9
A_PB2	661	3948	G	0	0	3948	36.8
A_PB2	662	4086	C	0	0	4086	35.4
A_PB2	663	3771	T	0	0	3771	37.3
A_PB2	664	3843	G	0	0	3843	34.5
A_PB2	665	3605	G	0	0	3605	37.4
A_PB2	666	4056	T	0	0	4056	34.2
A_PB2	667	4041	G	0	0	4041	34.4
A_PB2	668	3586	G	0	0	3586	37.3
A_PB2	669	3785	G	0	0	3785	37.6
A_PB2	670	4075	A	0	0	4075	35.2
A_PB2	671	3723	C	0	0	3723	35.8
A_PB2	672	3616	A	0	0	3616	35.6
A_PB2	673	3582	A	0	0	3582	35.0
A_PB2	674	3963	G	0	0	3963	37.5
A_PB2	675	3748	C	0	0	3748	36.9
A_PB2	676	3662	A	0	0	3662	34.8
A_PB2	677	3416	G	0	0	3416	35.6
A_PB2	678	3842	T	0	0	3842	36.0
A_PB2	679	4504	G	0	0	4504	36.6
A_PB2	680	4005	T	0	0	4005	34.8
A_PB2	681	3391	C	0	0	3391	36.4
A_PB2	682	4110	T	0	0	4110	35.9
A_PB2	683	3928	A	0	0	3928	34.2
A_PB2	684	3670	C	0	0	3670	34.5
A_PB2	685	3883	A	0	0	3883	37.1
A_PB2	686	4239	T	0	0	4239	37.3
A_PB2	687	3649	T	0	0	3649	36.5
A_PB2	688	3599	G	0	0	3599	34.1
A_PB2	689	3262	A	0	0	3262	35.8
A_PB2	690	3705	G	0	0	3705	36.4
A_PB2	691	3964	G	0	0	3964	36.0
A_PB2	692	3637	T	0	0	3637	35.9
A_PB2	693	3443	G	0	0	3443	34.7
A_PB2	694	3870	C	0	0	3870	34.9
A_PB2	695	3503	T	0	0	3503	37.6
A_PB2	696	3422	G	0	0	3422	37.5
A_PB2	697	3346	C	0	0	3346	35.3
A_PB2	698	3334	A	0	0	3334	34.1
A_PB2	699	3652	T	0	0	3652	37.1
A_PB2	700	3295	T	0	0	3295	36.2
A_PB2	701	3220	T	0	0	3220	34.5
A_PB2	702	3426	G	0	0	3426	37.1
A_PB2	703	3466	A	0	0	3466	36.5
A_PB2	704	3676	C	0	0	3676	35.2
A_PB2	705	3298	C	0	0	3298	34.6
A_PB2	706	3178	C	0	0	3178	34.9
A_PB2	707	3513	A	0	0	3513	37.3
A_PB2	708	3299	G	0	0	3299	34.9
A_PB2	709	3311	G	0	0	3311	35.3
A_PB2	710	3593	G	0	0	3593	35.1
A_PB2	711	3223	G	0	0	3223	34.0
A_PB2	712	3298	A	0	0	3298	34.0
A_PB2	713	3191	C	0	0	3191	35.1
A_PB2	714	3524	A	0	0	3524	36.5
A_PB2	715	3111	T	0	0	3111	34.8
A_PB2	716	3257	G	0	0	3257	37.4
A_PB2	717	3053	C	0	0	3053	37.5
A_PB2	718	3345	T	0	0	3345	36.6
A_PB2	719	3267	G	0	0	3267	37.5
A_PB2	720	3139	G	0	0	3139	36.7
A_PB2	721	2957	G	0	0	2957	34.2
A_PB2	722	3006	A	0	0	3006	36.4
A_PB2	723	3106	G	0	0	3106	36.4
A_PB2	724	3113	C	0	0	3113	34.3
A_PB2	725	3173	A	0	0	3173	36.4
A_PB2	726	2879	G	0	0	2879	35.8
A_PB2	727	3131	A	0	0	3131	34.1
A_PB2	728	3043	T	0	0	3043	37.9
A_PB2	729	3367	G	0	0	3367	36.9
A_PB2	730	2879	T	0	0	2879	35.0
A_PB2	731	3154	A	0	0	3154	34.2
A_PB2	732	3092	C	0	0	3092	36.7
A_PB2	733	3075	A	0	0	3075	37.8
A_PB2	734	3026	C	0	0	3026	34.4
A_PB2	735	3296	T	0	0	3296	34.1
A_PB2	736	3196	C	0	0	3196	35.0
A_PB2	737	2624	C	0	0	2624	36.2
A_PB2	738	2792	G	0	0	2792	37.3
A_PB2	739	2888	G	0	0	2888	36.7
A_PB2	740	3001	G	0	0	3001	37.3
A_PB2	741	3047	A	0	0	3047	36.8
A_PB2	742	2734	G	0	0	2734	37.7
A_PB2	743	2605	G	0	0	2605	34.0
A_PB2	744	2976	A	0	0	2976	37.6
A_PB2	745	2810	G	0	0	2810	35.4
A_PB2	746	2856	A	0	0	2856	36.8
A_PB2	747	2976	A	0	0	2976	35.4
A_PB2	748	3152	G	0	0	3152	35.7
A_PB2	749	3007	T	0	0	3007	36.7
A_PB2	750	2680	G	0	0	2680	34.5
A_PB2	751	2657	A	0	0	2657	35.3
A_PB2	752	2517	G	0	0	2517	35.4
A_PB2	753	2735	G	0	0	2735	37.2
A_PB2	754	2626	A	0	0	2626	34.2
A_PB2	755	2610	A	0	0	2610	35.0
A_PB2	756	2809	C	0	0	2809	34.8
A_PB2	757	2384	G	0	0	2384	34.1
A_PB2	758	2718	A	0	0	2718	34.5
A_PB2	759	2517	T	0	0	2517	36.5
A_PB2	760	2511	G	0	0	2511	37.0
A_PB2	761	2740	A	0	0	2740	37.9
A_PB2	762	2766	T	0	0	2766	37.0
A_PB2	763	2697	G	0	0	2697	36.8
A_PB2	764	2645	T	0	0	2645	36.6
A_PB2	765	2770	A	0	0	2770	34.4
A_PB2	766	2998	G	0	0	2998	35.2
A_PB2	767	2399	A	0	0	2399	37.6
A_PB2	768	2604	C	0	0	2604	37.1
A_PB2	769	3012	C	0	0	3012	36.6
A_PB2	770	2507	A	0	0	2507	34.5
A_PB2	771	2444	A	0	0	2444	37.5
A_PB2	772	2568	A	0	0	2568	36.1
A_PB2	773	2671	G	0	0	2671	37.4
A_PB2	774	2446	C	0	0	2446	34.1
A_PB2	775	2641	T	0	0	2641	37.6
A_PB2	776	2567	T	0	0	2567	37.3
A_PB2	777	2433	G	0	0	2433	34.1
A_PB2	778	2275	A	0	0	2275	35.1
A_PB2	779	2285	T	0	0	2285	38.0
A_PB2	780	2803	C	0	0	2803	36.2
A_PB2	781	2420	A	0	0	2420	37.5
A_PB2	782	2635	T	0	0	2635	35.1
A_PB2	783	2617	T	0	0	2617	36.1
A_PB2	784	2571	G	0	0	2571	35.5
A_PB2	785	2447	C	0	0	2447	34.3
A_PB2	786	2440	T	0	0	2440	37.8
A_PB2	787	2298	G	0	0	2298	36.8
A_PB2	788	2451	C	0	0	2451	35.9
A_PB2	789	2568	C	0	0	2568	35.3
A_PB2	790	2499	A	0	0	2499	34.2
A_PB2	791	2593	G	0	0	2593	36.2
A_PB2	792	2583	G	0	0	2583	34.9
A_PB2	793	2406	A	0	0	2406	35.4
A_PB2	794	2389	A	0	0	2389	34.6
A_PB2	795	2662	T	0	0	2662	37.3
A_PB2	796	2566	A	0	0	2566	36.7
A_PB2	797	2574	T	0	0	2574	36.9
A_PB2	798	2464	A	0	0	2464	34.1
A_PB2	799	2510	G	0	0	2510	34.4
A_PB2	800	2548	T	0	0	2548	35.4
A_PB2	801	2328	A	0	0	2328	34.0
A_PB2	802	2254	A	0	0	2254	35.1
A_PB2	803	2551	G	0	0	2551	37.6
A_PB2	804	2217	A	0	0	2217	36.3
A_PB2	805	2403	A	0	0	2403	36.6
A_PB2	806	2454	G	0	0	2454	35.7
A_PB2	807	2506	A	0	0	2506	37.4
A_PB2	808	2312	G	0	0	2312	37.6
A_PB2	809	2282	C	0	0	2282	36.3
A_PB2	810	2411	A	0	0	2411	36.4
A_PB2	811	2295	A	0	0	2295	36.5
A_PB2	812	2593	C	0	0	2593	36.0
A_PB2	813	2475	A	0	0	2475	37.1
A_PB2	814	2511	G	0	0	2511	37.4
A_PB2	815	2574	T	0	0	2574	37.3
A_PB2	816	2552	A	0	0	2552	36.0
A_PB2	817	2584	T	0	0	2584	37.2
A_PB2	818	2756	C	0	0	2756	35.8
A_PB2	819	2425	A	0	0	2425	37.0
A_PB2	820	2577	G	0	0	2577	35.6
A_PB2	821	2506	C	0	0	2506	37.3
A_PB2	822	2360	A	0	0	2360	34.4
A_PB2	823	2722	G	0	0	2722	37.8
A_PB2	824	2443	A	0	0	2443	36.6
A_PB2	825	2405	T	0	0	2405	37.7
A_PB2	826	2822	C	0	0	2822	34.1
A_PB2	827	2729	C	0	0	2729	34.6
A_PB2	828	2754	A	0	0	2754	37.2
A_PB2	829	2426	T	0	0	2426	37.7
A_PB2	830	2654	T	0	0	2654	35.6
A_PB2	831	2710	A	0	0	2710	35.9
A_PB2	832	2802	G	0	0	2802	35.4
A_PB2	833	2572	C	0	0	2572	37.3
A_PB2	834	2587	A	0	0	2587	36.5
A_PB2	835	2272	T	0	0	2272	34.1
A_PB2	836	2518	C	0	0	2518	36.5
A_PB2	837	2655	T	0	0	2655	36.5
A_PB2	838	2559	C	0	0	2559	35.0
A_PB2	839	2472	T	0	0	2472	36.9
A_PB2	840	2469	A	0	0	2469	37.1
A_PB2	841	2361	T	0	0	2361	36.2
A_PB2	842	2446	T	0	0	2446	34.9
A_PB2	843	2661	G	0	0	2661	35.2
A_PB2	844	2326	G	0	0	2326	36.5
A_PB2	845	2526	A	0	0	2526	35.1
A_PB2	846	2484	G	0	0	2484	34.8
A_PB2	847	2820	A	0	0	2820	34.8
A_PB2	848	2540	T	0	0	2540	34.1
A_PB2	849	2731	G	0	0	2731	35.6
A_PB2	850	2679	T	0	0	2679	37.9
A_PB2	851	2779	G	0	0	2779	36.0
A_PB2	852	2596	T	0	0	2596	36.1
A_PB2	853	2637	C	0	0	2637	38.0
A_PB2	854	2656	A	0	0	2656	38.0
A_PB2	855	2687	C	0	0	2687	34.8
A_PB2	856	2619	A	0	0	2619	37.3
A_PB2	857	2667	G	0	0	2667	34.4
A_PB2	858	3025	C	0	0	3025	34.9
A_PB2	859	2755	A	0	0	2755	37.6
A_PB2	860	2427	C	0	0	2427	36.6
A_PB2	861	3052	A	0	0	3052	35.6
A_PB2	862	2486	C	0	0	2486	35.9
A_PB2	863	2888	A	0	0	2888	36.1
A_PB2	864	2836	A	0	0	2836	35.3
A_PB2	865	2791	A	0	0	2791	37.6
A_PB2	866	3013	T	0	0	3013	36.8
A_PB2	867	2888	T	0	0	2888	34.9
A_PB2	868	2844	G	0	0	2844	34.8
A_PB2	869	2702	G	0	0	2702	37.4
A_PB2	870	2942	G	0	0	2942	34.3
A_PB2	871	2734	G	0	0	2734	36.2
A_PB2	872	2880	G	0	0	2880	37.0
A_PB2	873	3083	A	0	0	3083	34.8
A_PB2	874	2801	A	0	0	2801	35.7
A_PB2	875	2643	T	0	0	2643	36.1
A_PB2	876	2866	A	0	0	2866	36.6
A_PB2	877	2883	A	0	0	2883	37.5
A_PB2	878	2987	G	0	0	2987	37.1
A_PB2	879	3382	G	0	0	3382	34.2
A_PB2	880	2834	A	0	0	2834	34.3
A_PB2	881	3054	T	0	0	3054	36.1
A_PB2	882	2912	G	0	0	2912	36.1
A_PB2	883	3252	G	0	0	3252	34.1
A_PB2	884	2788	T	0	0	2788	35.6
A_PB2	885	2901	A	0	0	2901	34.7
A_PB2	886	2900	G	0	0	2900	36.2
A_PB2	887	3235	A	0	0	3235	34.8
A_PB2	888	3013	C	0	0	3013	35.1
A_PB2	889	3410	A	0	0	3410	36.0
A_PB2	890	3159	T	0	0	3159	36.3
A_PB2	891	2808	C	0	0	2808	37.4
A_PB2	892	3061	C	0	0	3061	34.6
A_PB2	893	3301	T	0	0	3301	37.2
A_PB2	894	3027	T	0	0	3027	34.6
A_PB2	895	2895	C	0	0	2895	36.8
A_PB2	896	3048	G	0	0	3048	36.0
A_PB2	897	2919	G	0	0	2919	36.0
A_PB2	898	3138	C	0	0	3138	36.1
A_PB2	899	2923	A	0	0	2923	36.7
A_PB2	900	3218	A	0	0	3218	35.5
A_PB2	901	3144	A	0	0	3144	36.9
A_PB2	902	2919	A	0	0	2919	37.6
A_PB2	903	2964	T	0	0	2964	37.4
A_PB2	904	2927	C	0	0	2927	35.2
A_PB2	905	2968	C	0	0	2968	37.6
A_PB2	906	3066	A	0	0	3066	35.2
A_PB2	907	2971	A	0	0	2971	36.5
A_PB2	908	3359	C	0	0	3359	35.8
A_PB2	909	2896	A	0	0	2896	35.9
A_PB2	910	3090	G	0	0	3090	36.2
A_PB2	911	3297	A	0	0	3297	37.2
A_PB2	912	2915	G	0	0	2915	36.6
A_PB2	913	3157	G	0	0	3157	36.5
A_PB2	914	3011	A	0	0	3011	34.8
A_PB2	915	3137	A	0	0	3137	35.1
A_PB2	916	3099	C	0	0	3099	37.3
A_PB2	917	3214	A	0	0	3214	35.3
A_PB2	918	3165	A	0	0	3165	37.4
A_PB2	919	3547	G	0	0	3547	36.5
A_PB2	920	2954	C	0	0	2954	37.4
A_PB2	921	3309	C	0	0	3309	35.5
A_PB2	922	3322	G	0	0	3322	37.6
A_PB2	923	3484	T	0	0	3484	34.2
A_PB2	924	3100	G	0	0	3100	37.7
A_PB2	925	3362	G	0	0	3362	37.6
A_PB2	926	3094	A	0	0	3094	37.3
A_PB2	927	3228	T	0	0	3228	35.6
A_PB2	928	3428	A	0	0	3428	38.0
A_PB2	929	3007	T	0	0	3007	36.5
A_PB2	930	3600	A	0	0	3600	36.5
A_PB2	931	3021	T	0	0	3021	37.3
A_PB2	932	3152	G	0	0	3152	38.0
A_PB2	933	3579	C	0	0	3579	34.9
A_PB2	934	3213	A	0	0	3213	35.3
A_PB2	935	3413	A	0	0	3413	35.9
A_PB2	936	3455	G	0	0	3455	35.6
A_PB2	937	3459	G	0	0	3459	36.0
A_PB2	938	3701	C	0	0	3701	34.9
A_PB2	939	3288	A	0	0	3288	36.9
A_PB2	940	3256	G	0	0	3256	35.7
A_PB2	941	3391	C	0	0	3391	34.7
A_PB2	942	3258	A	0	0	3258	36.7
A_PB2	943	3294	A	0	0	3294	34.6
A_PB2	944	3593	T	0	0	3593	35.6
A_PB2	945	3285	G	0	0	3285	34.7
A_PB2	946	3422	G	0	0	3422	37.0
A_PB2	947	3604	G	0	0	3604	36.5
A_PB2	948	3345	C	0	0	3345	36.8
A_PB2	949	3267	T	0	0	3267	34.1
A_PB2	950	3360	T	0	0	3360	35.0
A_PB2	951	3511	G	0	0	3511	37.2
A_PB2	952	3355	A	0	0	3355	36.1
A_PB2	953	3097	G	0	0	3097	37.7
A_PB2	954	3699	G	0	0	3699	37.1
A_PB2	955	3324	A	0	0	3324	34.0
A_PB2	956	3815	T	0	0	3815	36.6
A_PB2	957	3339	T	0	0	3339	36.9
A_PB2	958	3260	A	0	0	3260	35.0
A_PB2	959	3794	G	0	0	3794	34.8
A_PB2	960	3761	C	0	0	3761	34.5
A_PB2	961	3536	T	0	0	3536	36.8
A_PB2	962	3197	C	0	0	3197	37.8
A_PB2	963	3215	A	0	0	3215	35.4
A_PB2	964	3061	T	0	0	3061	36.0
A_PB2	965	3561	C	0	0	3561	36.3
A_PB2	966	3309	T	0	0	3309	35.1
A_PB2	967	3556	T	0	0	3556	36.8
A_PB2	968	3115	T	0	0	3115	34.6
A_PB2	969	3198	C	0	0	3198	35.8
A_PB2	970	3215	A	0	0	3215	35.8
A_PB2	971	3587	G	0	0	3587	35.5
A_PB2	972	2999	C	0	0	2999	34.8
A_PB2	973	3310	T	0	0	3310	34.5
A_PB2	974	3241	T	0	0	3241	36.2
A_PB2	975	3417	T	0	0	3417	37.6
A_PB2	976	3138	G	0	0	3138	36.5
A_PB2	977	3577	G	0	0	3577	36.8
A_PB2	978	2968	T	0	0	2968	36.5
A_PB2	979	3260	G	0	0	3260	36.5
A_PB2	980	3284	G	0	0	3284	36.8
A_PB2	981	3320	A	0	0	3320	36.8
A_PB2	982	3078	T	0	0	3078	37.2
A_PB2	983	3632	T	0	0	3632	34.1
A_PB2	984	3163	C	0	0	3163	36.7
A_PB2	985	2964	A	0	0	2964	35.3
A_PB2	986	3195	C	0	0	3195	35.6
A_PB2	987	2972	T	0	0	2972	37.8
A_PB2	988	3288	T	0	0	3288	36.6
A_PB2	989	3264	T	0	0	3264	37.7
A_PB2	990	3184	T	0	0	3184	35.2
A_PB2	991	3349	A	0	0	3349	34.7
A_PB2	992	3045	A	0	0	3045	36.7
A_PB2	993	3645	A	0	0	3645	37.9
A_PB2	994	3666	A	0	0	3666	36.5
A_PB2	995	3070	G	0	0	3070	35.8
A_PB2	996	3085	A	0	0	3085	34.8
A_PB2	997	3098	A	0	0	3098	36.5
A_PB2	998	3348	C	0	0	3348	36.1
A_PB2	999	3306	A	0	0	3306	37.5
A_PB2	1000	3338	A	0	0	3338	35.1
A_PB2	1001	2916	G	0	0	2916	36.5
A_PB2	1002	3169	T	0	0	3169	37.5
A_PB2	1003	3395	G	0	0	3395	36.6
A_PB2	1004	3284	G	0	0	3284	36.8
A_PB2	1005	3063	A	0	0	3063	34.1
A_PB2	1006	2902	T	0	0	2902	35.5
A_PB2	1007	3303	C	0	0	3303	36.1
A_PB2	1008	3585	G	0	0	3585	34.6
A_PB2	1009	3592	T	0	0	3592	34.5
A_PB2	1010	3709	C	0	0	3709	35.3
A_PB2	1011	2973	A	0	0	2973	37.1
A_PB2	1012	2933	G	0	0	2933	34.2
A_PB2	1013	3169	T	0	0	3169	34.7
A_PB2	1014	3357	C	0	0	3357	36.0
A_PB2	1015	3326	A	0	0	3326	34.1
A_PB2	1016	3245	A	0	0	3245	35.4
A_PB2	1017	3208	A	0	0	3208	35.6
A_PB2	1018	3066	A	0	0	3066	34.7
A_PB2	1019	3148	A	0	0	3148	36.5
A_PB2	1020	3584	A	0	0	3584	36.1
A_PB2	1021	3353	G	0	0	3353	35.7
A_PB2	1022	3541	A	0	0	3541	36.1
A_PB2	1023	3301	A	0	0	3301	35.8
A_PB2	1024	3019	G	0	0	3019	35.0
A_PB2	1025	3191	A	0	0	3191	35.3
A_PB2	1026	3202	A	0	0	3202	37.6
A_PB2	1027	3124	G	0	0	3124	36.1
A_PB2	1028	3481	A	0	0	3481	36.3
A_PB2	1029	3044	A	0	0	3044	36.7
A_PB2	1030	2987	G	0	0	2987	36.2
A_PB2	1031	3560	T	0	0	3560	34.1
A_PB2	1032	3165	G	0	0	3165	36.6
A_PB2	1033	2998	C	0	0	2998	36.1
A_PB2	1034	2976	T	0	0	2976	34.9
A_PB2	1035	2843	A	0	0	2843	37.6
A_PB2	1036	3082	A	0	0	3082	36.0
A_PB2	1037	2966	C	0	0	2966	35.2
A_PB2	1038	3002	A	0	0	3002	36.1
A_PB2	1039	2934	G	0	0	2934	36.7
A_PB2	1040	2925	G	0	0	2925	35.7
A_PB2	1041	2774	C	0	0	2774	37.5
A_PB2	1042	2897	A	0	0	2897	34.3
A_PB2	1043	3135	A	0	0	3135	36.9
A_PB2	1044	2962	C	0	0	2962	35.5
A_PB2	1045	3733	C	0	0	3733	35.1
A_PB2	1046	3422	T	0	0	3422	35.2
A_PB2	1047	3024	T	0	0	3024	35.3
A_PB2	1048	3273	C	0	0	3273	35.3
A_PB2	1049	2877	A	0	0	2877	37.3
A_PB2	1050	3283	A	0	0	3283	36.0
A_PB2	1051	2885	A	0	0	2885	34.2
A_PB2	1052	2988	C	0	0	2988	35.7
A_PB2	1053	3481	A	0	0	3481	36.9
A_PB2	1054	2944	T	0	0	2944	34.9
A_PB2	1055	3204	T	0	0	3204	37.4
A_PB2	1056	3214	G	0	0	3214	35.2
A_PB2	1057	3188	A	0	0	3188	34.9
A_PB2	1058	3303	A	0	0	3303	35.0
A_PB2	1059	3297	A	0	0	3297	34.7
A_PB2	1060	2974	A	0	0	2974	35.9
A_PB2	1061	3006	T	0	0	3006	36.6
A_PB2	1062	3158	A	0	0	3158	35.8
A_PB2	1063	3082	A	0	0	3082	37.7
A_PB2	1064	2897	G	0	0	2897	36.9
A_PB2	1065	3202	A	0	0	3202	37.5
A_PB2	1066	3101	G	0	0	3101	35.3
A_PB2	1067	3100	T	0	0	3100	36.6
A_PB2	1068	3055	A	0	0	3055	34.1
A_PB2	1069	3119	C	0	0	3119	35.0
A_PB2	1070	2967	A	0	0	2967	36.5
A_PB2	1071	2716	T	0	0	2716	36.2
A_PB2	1072	2931	G	0	0	2931	35.8
A_PB2	1073	3049	A	0	0	3049	35.1
A_PB2	1074	3137	G	0	0	3137	37.5
A_PB2	1075	3005	G	0	0	3005	36.5
A_PB2	1076	3406	G	0	0	3406	36.4
A_PB2	1077	3379	G	0	0	3379	37.3
A_PB2	1078	3010	T	0	0	3010	37.2
A_PB2	1079	2993	A	0	0	2993	37.9
A_PB2	1080	3060	T	0	0	3060	35.1
A_PB2	1081	3068	G	0	0	3068	35.9
A_PB2	1082	3043	A	0	0	3043	35.8
A_PB2	1083	3069	A	0	0	3069	37.2
A_PB2	1084	3295	G	0	0	3295	38.0
A_PB2	1085	2767	A	0	0	2767	35.1
A_PB2	1086	3366	G	0	0	3366	35.0
A_PB2	1087	3142	T	0	0	3142	37.1
A_PB2	1088	3317	T	0	0	3317	35.4
A_PB2	1089	2986	C	0	0	2986	37.3
A_PB2	1090	3045	A	0	0	3045	34.3
A_PB2	1091	3067	C	0	0	3067	36.3
A_PB2	1092	3012	A	0	0	3012	35.8
A_PB2	1093	3248	A	0	0	3248	34.2
A_PB2	1094	3249	T	0	0	3249	37.7
A_PB2	1095	3289	G	0	0	3289	34.4
A_PB2	1096	3121	G	0	0	3121	35.3
A_PB2	1097	3143	T	0	0	3143	36.7
A_PB2	1098	2925	T	0	0	2925	35.3
A_PB2	1099	3270	G	0	0	3270	37.8
A_PB2	1100	3044	G	0	0	3044	36.5
A_PB2	1101	3140	G	0	0	3140	36.7
A_PB2	1102	2822	A	0	0	2822	35.7
A_PB2	1103	3140	G	0	0	3140	35.0
A_PB2	1104	3136	A	0	0	3136	36.4
A_PB2	1105	2788	A	0	0	2788	36.4
A_PB2	1106	3171	G	0	0	3171	35.2
A_PB2	1107	3252	A	0	0	3252	34.0
A_PB2	1108	3112	G	0	0	3112	37.6
A_PB2	1109	3674	C	0	0	3674	37.8
A_PB2	1110	3321	A	0	0	3321	36.2
A_PB2	1111	3707	A	0	0	3707	34.3
A_PB2	1112	2876	C	0	0	2876	35.0
A_PB2	1113	3339	G	0	0	3339	37.7
A_PB2	1114	3138	G	0	0	3138	34.3
A_PB2	1115	3172	C	0	0	3172	36.4
A_PB2	1116	3027	C	0	0	3027	37.6
A_PB2	1117	3326	A	0	0	3326	35.5
A_PB2	1118	3083	T	0	0	3083	37.4
A_PB2	1119	3098	T	0	0	3098	37.8
A_PB2	1120	3591	C	0	0	3591	37.8
A_PB2	1121	3115	T	0	0	3115	37.0
A_PB2	1122	3077	C	0	0	3077	35.6
A_PB2	1123	3498	A	0	0	3498	35.3
A_PB2	1124	3537	G	0	0	3537	37.1
A_PB2	1125	3715	G	0	0	3715	36.6
A_PB2	1126	3462	A	0	0	3462	34.4
A_PB2	1127	3851	A	0	0	3851	34.5
A_PB2	1128	3488	A	0	0	3488	35.0
A_PB2	1129	3436	G	0	0	3436	35.6
A_PB2	1130	3549	C	0	0	3549	36.8
A_PB2	1131	3119	A	0	0	3119	37.9
A_PB2	1132	3551	A	0	0	3551	36.7
A_PB2	1133	3380	C	0	0	3380	36.4
A_PB2	1134	3495	C	0	0	3495	34.7
A_PB2	1135	3518	A	0	0	3518	36.3
A_PB2	1136	3067	G	0	0	3067	36.1
A_PB2	1137	3463	A	0	0	3463	37.9
A_PB2	1138	3381	A	0	0	3381	37.2
A_PB2	1139	3326	G	0	0	3326	34.8
A_PB2	1140	3683	G	0	0	3683	36.9
A_PB2	1141	3376	C	0	0	3376	36.3
A_PB2	1142	3196	T	0	0	3196	34.3
A_PB2	1143	3869	G	0	0	3869	37.2
A_PB2	1144	4017	A	0	0	4017	37.3
A_PB2	1145	3485	T	0	0	3485	37.2
A_PB2	1146	3813	C	0	0	3813	36.9
A_PB2	1147	3479	C	0	0	3479	36.0
A_PB2	1148	3765	A	0	0	3765	36.7
A_PB2	1149	3522	G	0	0	3522	35.1
A_PB2	1150	3530	C	0	0	3530	37.0
A_PB2	1151	4129	T	0	0	4129	37.2
A_PB2	1152	3535	A	0	0	3535	36.5
A_PB2	1153	4070	A	0	0	4070	34.0
A_PB2	1154	4072	T	0	0	4072	36.5
A_PB2	1155	3924	A	0	0	3924	35.5
A_PB2	1156	3672	G	0	0	3672	37.7
A_PB2	1157	3733	T	0	0	3733	36.8
A_PB2	1158	3756	A	0	0	3756	34.5
A_PB2	1159	3406	A	0	0	3406	37.7
A_PB2	1160	3758	G	0	0	3758	36.1
A_PB2	1161	4003	T	0	0	4003	35.5
A_PB2	1162	3502	G	0	0	3502	34.9
A_PB2	1163	4122	G	0	0	4122	34.9
A_PB2	1164	3807	G	0	0	3807	36.1
A_PB2	1165	3839	A	0	0	3839	36.1
A_PB2	1166	4047	G	0	0	4047	36.2
A_PB2	1167	3584	A	0	0	3584	35.6
A_PB2	1168	4197	G	0	0	4197	35.5
A_PB2	1169	3954	A	0	0	3954	36.3
A_PB2	1170	4013	C	0	0	4013	35.2
A_PB2	1171	3972	G	0	0	3972	35.1
A_PB2	1172	4094	A	0	0	4094	34.0
A_PB2	1173	3855	G	0	0	3855	36.1
A_PB2	1174	3940	C	0	0	3940	36.6
A_PB2	1175	3972	A	0	0	3972	36.1
A_PB2	1176	3809	G	0	0	3809	34.2
A_PB2	1177	4169	T	0	0	4169	36.2
A_PB2	1178	4353	C	0	0	4353	36.4
A_PB2	1179	3853	A	0	0	3853	36.2
A_PB2	1180	4032	A	0	0	4032	35.3
A_PB2	1181	3771	T	0	0	3771	34.9
A_PB2	1182	4104	T	0	0	4104	34.4
A_PB2	1183	3932	G	0	0	3932	34.1
A_PB2	1184	4266	C	0	0	4266	34.5
A_PB2	1185	4369	T	0	0	4369	35.7
A_PB2	1186	4356	G	0	0	4356	36.9
A_PB2	1187	3992	A	0	0	3992	34.1
A_PB2	1188	3990	A	0	0	3990	37.8
A_PB2	1189	3857	G	0	0	3857	37.4
A_PB2	1190	3971	C	0	0	3971	34.6
A_PB2	1191	3890	A	0	0	3890	37.9
A_PB2	1192	3828	A	0	0	3828	37.7
A_PB2	1193	3853	T	0	0	3853	35.7
A_PB2	1194	4036	A	0	0	4036	35.1
A_PB2	1195	4207	A	0	0	4207	36.3
A_PB2	1196	4084	T	0	0	4084	36.5
A_PB2	1197	4052	T	0	0	4052	37.6
A_PB2	1198	4085	G	0	0	4085	37.7
A_PB2	1199	4359	T	0	0	4359	36.3
A_PB2	1200	4547	G	0	0	4547	36.6
A_PB2	1201	4057	G	0	0	4057	37.2
A_PB2	1202	4121	C	0	0	4121	37.1
A_PB2	1203	4228	C	0	0	4228	35.1
A_PB2	1204	4633	A	0	0	4633	37.7
A_PB2	1205	4394	T	0	0	4394	36.8
A_PB2	1206	4559	G	0	0	4559	36.1
A_PB2	1207	4459	G	0	0	4459	36.1
A_PB2	1208	4650	T	0	0	4650	34.3
A_PB2	1209	4536	A	0	0	4536	35.8
A_PB2	1210	4081	T	0	0	4081	36.2
A_PB2	1211	4394	T	0	0	4394	35.4
A_PB2	1212	4267	C	0	0	4267	34.1
A_PB2	1213	4781	T	0	0	4781	34.0
A_PB2	1214	4459	C	0	0	4459	34.8
A_PB2	1215	4424	A	0	0	4424	34.4
A_PB2	1216	4009	C	0	0	4009	37.0
A_PB2	1217	4322	A	0	0	4322	37.4
A_PB2	1218	4150	A	0	0	4150	36.2
A_PB2	1219	4481	G	0	0	4481	37.8
A_PB2	1220	4756	A	0	0	4756	36.9
A_PB2	1221	4479	G	0	0	4479	37.2
A_PB2	1222	4669	G	0	0	4669	34.4
A_PB2	1223	4570	A	0	0	4570	36.2
A_PB2	1224	4454	C	0	0	4454	36.1
A_PB2	1225	4791	T	0	0	4791	35.1
A_PB2	1226	4635	G	0	0	4635	36.5
A_PB2	1227	4469	C	0	0	4469	36.0
A_PB2	1228	4351	A	0	0	4351	35.0
A_PB2	1229	4698	T	0	0	4698	36.1
A_PB2	1230	4443	G	0	0	4443	36.8
A_PB2	1231	4245	A	0	0	4245	34.4
A_PB2	1232	4882	T	0	0	4882	36.5
A_PB2	1233	4655	T	0	0	4655	35.9
A_PB2	1234	4789	A	0	0	4789	37.2
A_PB2	1235	4883	A	0	0	4883	34.6
A_PB2	1236	4721	A	0	0	4721	37.7
A_PB2	1237	5339	G	0	0	5339	37.3
A_PB2	1238	4489	C	0	0	4489	37.9
A_PB2	1239	4856	A	0	0	4856	34.5
A_PB2	1240	4993	G	0	0	4993	34.8
A_PB2	1241	4788	T	0	0	4788	35.9
A_PB2	1242	5269	T	0	0	5269	34.6
A_PB2	1243	4752	A	0	0	4752	36.6
A_PB2	1244	4712	G	0	0	4712	36.0
A_PB2	1245	4281	A	0	0	4281	37.0
A_PB2	1246	4226	G	0	0	4226	36.4
A_PB2	1247	4510	G	0	0	4510	35.6
A_PB2	1248	4325	T	0	0	4325	37.2
A_PB2	1249	5294	G	0	0	5294	34.9
A_PB2	1250	5283	A	0	0	5283	37.8
A_PB2	1251	4611	C	0	0	4611	35.5
A_PB2	1252	4332	C	0	0	4332	36.1
A_PB2	1253	4642	T	0	0	4642	35.7
A_PB2	1254	4824	G	0	0	4824	36.4
A_PB2	1255	4927	A	0	0	4927	35.2
A_PB2	1256	4711	A	0	0	4711	34.0
A_PB2	1257	4671	T	0	0	4671	37.0
A_PB2	1258	4488	T	0	0	4488	34.3
A_PB2	1259	5100	T	0	0	5100	35.7
A_PB2	1260	5232	T	0	0	5232	35.4
A_PB2	1261	4508	G	0	0	4508	34.5
A_PB2	1262	4394	T	0	0	4394	36.1
A_PB2	1263	4962	C	0	0	4962	35.0
A_PB2	1264	4579	A	0	0	4579	36.3
A_PB2	1265	4891	A	0	0	4891	37.6
A_PB2	1266	4599	T	0	0	4599	34.8
A_PB2	1267	4366	A	0	0	4366	34.0
A_PB2	1268	4752	G	0	0	4752	36.8
A_PB2	1269	4387	G	0	0	4387	37.6
A_PB2	1270	4185	G	0	0	4185	35.9
A_PB2	1271	4692	C	0	0	4692	37.6
A_PB2	1272	5111	G	0	0	5111	34.5
A_PB2	1273	5218	A	0	0	5218	34.4
A_PB2	1274	4578	A	0	0	4578	34.6
A_PB2	1275	4909	C	0	0	4909	34.8
A_PB2	1276	5204	C	0	0	5204	35.6
A_PB2	1277	5169	A	0	0	5169	36.9
A_PB2	1278	4745	G	0	0	4745	34.1
A_PB2	1279	4816	C	0	0	4816	36.6
A_PB2	1280	4499	G	0	0	4499	35.4
A_PB2	1281	4820	A	0	0	4820	34.6
A_PB2	1282	4442	C	0	0	4442	36.8
A_PB2	1283	4697	T	0	0	4697	34.1
A_PB2	1284	4857	A	0	0	4857	35.0
A_PB2	1285	4910	A	0	0	4910	36.2
A_PB2	1286	4559	A	0	0	4559	37.9
A_PB2	1287	4389	C	0	0	4389	36.5
A_PB2	1288	4787	C	0	0	4787	38.0
A_PB2	1289	5111	C	0	0	5111	35.0
A_PB2	1290	4926	A	0	0	4926	35.0
A_PB2	1291	5086	A	0	0	5086	37.3
A_PB2	1292	4744	T	0	0	4744	37.3
A_PB2	1293	5373	G	0	0	5373	34.4
A_PB2	1294	5150	C	0	0	5150	36.2
A_PB2	1295	5279	A	0	0	5279	36.7
A_PB2	1296	4399	T	0	0	4399	37.3
A_PB2	1297	4666	C	0	0	4666	37.3
A_PB2	1298	4798	A	0	0	4798	38.0
A_PB2	1299	4638	A	0	0	4638	35.6
A_PB2	1300	4986	C	0	0	4986	34.5
A_PB2	1301	4860	T	0	0	4860	34.3
A_PB2	1302	4274	C	0	0	4274	35.9
A_PB2	1303	5067	T	0	0	5067	38.0
A_PB2	1304	4741	T	0	0	4741	36.3
A_PB2	1305	4141	G	0	0	4141	34.0
A_PB2	1306	4504	A	0	0	4504	37.5
A_PB2	1307	4893	G	0	0	4893	36.2
A_PB2	1308	4406	G	0	0	4406	36.1
A_PB2	1309	4733	C	0	0	4733	37.0
A_PB2	1310	4898	A	0	0	4898	36.2
A_PB2	1311	4611	T	0	0	4611	35.2
A_PB2	1312	4793	T	0	0	4793	37.3
A_PB2	1313	4259	T	0	0	4259	36.7
A_PB2	1314	4275	C	0	0	4275	35.8
A_PB2	1315	4139	C	0	0	4139	36.6
A_PB2	1316	4691	A	0	0	4691	35.9
A_PB2	1317	4554	A	0	0	4554	36.1
A_PB2	1318	4482	A	0	0	4482	37.7
A_PB2	1319	4235	A	0	0	4235	35.5
A_PB2	1320	4577	G	0	0	4577	34.1
A_PB2	1321	4723	G	0	0	4723	35.2
A_PB2	1322	4715	A	0	0	4715	37.4
A_PB2	1323	4677	T	0	0	4677	37.5
A_PB2	1324	4369	G	0	0	4369	34.6
A_PB2	1325	4266	C	0	0	4266	35.3
A_PB2	1326	4747	A	0	0	4747	35.2
A_PB2	1327	4569	A	0	0	4569	36.6
A_PB2	1328	4920	A	0	0	4920	36.4
A_PB2	1329	4324	G	0	0	4324	36.1
A_PB2	1330	4023	G	0	0	4023	35.8
A_PB2	1331	4024	T	0	0	4024	37.2
A_PB2	1332	4130	G	0	0	4130	37.8
A_PB2	1333	4242	C	0	0	4242	34.8
A_PB2	1334	4252	T	0	0	4252	37.5
A_PB2	1335	4245	T	0	0	4245	34.8
A_PB2	1336	4302	T	0	0	4302	37.8
A_PB2	1337	4604	T	0	0	4604	35.8
A_PB2	1338	4511	C	0	0	4511	34.7
A_PB2	1339	4666	C	0	0	4666	36.9
A_PB2	1340	4084	A	0	0	4084	36.4
A_PB2	1341	4460	A	0	0	4460	36.2
A_PB2	1342	4102	A	0	0	4102	34.5
A_PB2	1343	4344	A	0	0	4344	35.6
A_PB2	1344	3736	T	0	0	3736	36.6
A_PB2	1345	4484	T	0	0	4484	34.3
A_PB2	1346	4199	G	0	0	4199	36.4
A_PB2	1347	4191	G	0	0	4191	36.3
A_PB2	1348	3711	G	0	0	3711	35.9
A_PB2	1349	3961	G	0	0	3961	34.2
A_PB2	1350	3992	A	0	0	3992	37.1
A_PB2	1351	4103	A	0	0	4103	36.8
A_PB2	1352	4053	T	0	0	4053	37.7
A_PB2	1353	4079	T	0	0	4079	35.8
A_PB2	1354	4088	G	0	0	4088	35.8
A_PB2	1355	3650	A	0	0	3650	35.3
A_PB2	1356	4049	A	0	0	4049	36.4
A_PB2	1357	4207	C	0	0	4207	35.5
A_PB2	1358	3832	C	0	0	3832	35.3
A_PB2	1359	4082	C	0	0	4082	36.2
A_PB2	1360	3892	A	0	0	3892	35.9
A_PB2	1361	4098	T	0	0	4098	35.2
A_PB2	1362	4080	T	0	0	4080	34.5
A_PB2	1363	3892	G	0	0	3892	37.4
A_PB2	1364	3979	A	0	0	3979	34.5
A_PB2	1365	3728	C	0	0	3728	34.3
A_PB2	1366	3753	A	0	0	3753	34.5
A_PB2	1367	3954	A	0	0	3954	34.5
A_PB2	1368	3647	T	0	0	3647	36.4
A_PB2	1369	3964	G	0	0	3964	34.4
A_PB2	1370	3763	T	0	0	3763	34.3
A_PB2	1371	3918	G	0	0	3918	35.4
A_PB2	1372	4013	A	0	0	4013	37.2
A_PB2	1373	3957	T	0	0	3957	35.0
A_PB2	1374	3876	G	0	0	3876	35.7
A_PB2	1375	3832	G	0	0	3832	36.5
A_PB2	1376	3570	G	0	0	3570	34.1
A_PB2	1377	3709	A	0	0	3709	36.7
A_PB2	1378	3601	A	0	0	3601	36.4
A_PB2	1379	3808	T	0	0	3808	37.5
A_PB2	1380	3961	G	0	0	3961	34.9
A_PB2	1381	3402	A	0	0	3402	34.2
A_PB2	1382	3812	T	0	0	3812	36.4
A_PB2	1383	3309	C	0	0	3309	34.3
A_PB2	1384	4334	G	0	0	4334	34.1
A_PB2	1385	3603	G	0	0	3603	36.3
A_PB2	1386	3448	G	0	0	3448	34.1
A_PB2	1387	3406	G	0	0	3406	35.2
A_PB2	1388	3438	T	0	0	3438	37.5
A_PB2	1389	3375	A	0	0	3375	36.3
A_PB2	1390	3608	A	0	0	3608	36.0
A_PB2	1391	3457	T	0	0	3457	37.8
A_PB2	1392	3703	G	0	0	3703	35.4
A_PB2	1393	3392	C	0	0	3392	37.1
A_PB2	1394	3619	C	0	0	3619	35.4
A_PB2	1395	3677	C	0	0	3677	37.5
A_PB2	1396	3595	G	0	0	3595	34.2
A_PB2	1397	3527	A	0	0	3527	36.1
A_PB2	1398	3392	C	0	0	3392	34.8
A_PB2	1399	3584	A	0	0	3584	37.0
A_PB2	1400	3377	T	0	0	3377	37.9
A_PB2	1401	3241	G	0	0	3241	35.5
A_PB2	1402	3596	A	0	0	3596	37.8
A_PB2	1403	3730	C	0	0	3730	34.5
A_PB2	1404	3409	C	0	0	3409	36.1
A_PB2	1405	3494	C	0	0	3494	35.7
A_PB2	1406	3373	C	0	0	3373	36.7
A_PB2	1407	3173	A	0	0	3173	37.0
A_PB2	1408	3584	A	0	0	3584	35.5
A_PB2	1409	3008	G	0	0	3008	37.0
A_PB2	1410	3299	T	0	0	3299	35.9
A_PB2	1411	3051	A	0	0	3051	34.6
A_PB2	1412	3246	C	0	0	3246	34.8
A_PB2	1413	3280	T	0	0	3280	37.5
A_PB2	1414	2967	G	0	0	2967	34.1
A_PB2	1415	3120	A	0	0	3120	37.8
A_PB2	1416	3258	G	0	0	3258	36.6
A_PB2	1417	3064	A	0	0	3064	35.9
A_PB2	1418	3215	T	0	0	3215	36.3
A_PB2	1419	3140	G	0	0	3140	34.7
A_PB2	1420	3549	T	0	0	3549	35.2
A_PB2	1421	3031	C	0	0	3031	35.0
A_PB2	1422	3155	G	0	0	3155	36.0
A_PB2	1423	3546	C	0	0	3546	37.1
A_PB2	1424	2873	T	0	0	2873	35.4
A_PB2	1425	3220	G	0	0	3220	37.1
A_PB2	1426	2811	A	0	0	2811	35.2
A_PB2	1427	3342	G	0	0	3342	35.9
A_PB2	1428	3505	G	0	0	3505	37.2
A_PB2	1429	3008	G	0	0	3008	35.4
A_PB2	1430	3072	G	0	0	3072	35.7
A_PB2	1431	3086	A	0	0	3086	37.6
A_PB2	1432	3333	A	0	0	3333	35.8
A_PB2	1433	2956	T	0	0	2956	37.0
A_PB2	1434	3143	A	0	0	3143	36.7
A_PB2	1435	3117	A	0	0	3117	37.8
A_PB2	1436	2990	G	0	0	2990	35.4
A_PB2	1437	3051	A	0	0	3051	34.0
A_PB2	1438	3042	G	0	0	3042	36.5
A_PB2	1439	3003	T	0	0	3003	34.6
A_PB2	1440	3122	C	0	0	3122	35.8
A_PB2	1441	2843	A	0	0	2843	36.2
A_PB2	1442	3069	G	0	0	3069	36.7
A_PB2	1443	2996	T	0	0	2996	36.9
A_PB2	1444	3061	A	0	0	3061	34.9
A_PB2	1445	3243	A	0	0	3243	37.9
A_PB2	1446	2882	G	0	0	2882	34.7
A_PB2	1447	2958	A	0	0	2958	36.5
A_PB2	1448	3050	T	0	0	3050	34.6
A_PB2	1449	3068	G	0	0	3068	35.6
A_PB2	1450	3329	G	0	0	3329	35.5
A_PB2	1451	3223	G	0	0	3223	36.2
A_PB2	1452	3075	A	0	0	3075	35.7
A_PB2	1453	3192	G	0	0	3192	37.8
A_PB2	1454	3140	T	0	0	3140	34.6
A_PB2	1455	3203	A	0	0	3203	34.3
A_PB2	1456	3113	G	0	0	3113	35.6
A_PB2	1457	3036	A	0	0	3036	34.6
A_PB2	1458	3106	T	0	0	3106	37.2
A_PB2	1459	3123	G	0	0	3123	37.3
A_PB2	1460	2954	A	0	0	2954	35.6
A_PB2	1461	3089	A	0	0	3089	37.8
A_PB2	1462	3134	T	0	0	3134	34.9
A_PB2	1463	3258	A	0	0	3258	36.3
A_PB2	1464	2823	C	0	0	2823	35.7
A_PB2	1465	3283	T	0	0	3283	34.2
A_PB2	1466	2987	C	0	0	2987	35.2
A_PB2	1467	3251	A	0	0	3251	36.5
A_PB2	1468	3279	A	0	0	3279	37.9
A_PB2	1469	3060	G	0	0	3060	37.6
A_PB2	1470	3053	T	0	0	3053	36.7
A_PB2	1471	2596	A	0	0	2596	37.3
A_PB2	1472	3566	C	0	0	3566	36.4
A_PB2	1473	3062	A	0	0	3062	35.6
A_PB2	1474	3280	G	0	0	3280	37.3
A_PB2	1475	2944	A	0	0	2944	36.5
A_PB2	1476	3253	G	0	0	3253	37.2
A_PB2	1477	3322	C	0	0	3322	34.4
A_PB2	1478	3127	G	0	0	3127	35.8
A_PB2	1479	3008	A	0	0	3008	34.5
A_PB2	1480	2770	G	0	0	2770	34.3
A_PB2	1481	3165	T	0	0	3165	36.6
A_PB2	1482	3324	A	0	0	3324	37.9
A_PB2	1483	2920	G	0	0	2920	35.7
A_PB2	1484	2745	T	0	0	2745	34.0
A_PB2	1485	3352	A	0	0	3352	36.0
A_PB2	1486	3086	G	0	0	3086	36.0
A_PB2	1487	2922	T	0	0	2922	34.5
A_PB2	1488	3191	A	0	0	3191	37.0
A_PB2	1489	3026	A	0	0	3026	36.8
A_PB2	1490	3429	G	0	0	3429	37.5
A_PB2	1491	3162	C	0	0	3162	35.8
A_PB2	1492	3116	A	0	0	3116	34.9
A_PB2	1493	3123	T	0	0	3123	34.5
A_PB2	1494	3237	C	0	0	3237	34.7
A_PB2	1495	3119	G	0	0	3119	36.9
A_PB2	1496	3241	A	0	0	3241	36.6
A_PB2	1497	3032	C	0	0	3032	37.2
A_PB2	1498	2759	C	0	0	2759	36.3
A_PB2	1499	3222	G	0	0	3222	37.8
A_PB2	1500	2943	G	0	0	2943	34.7
A_PB2	1501	3144	T	0	0	3144	35.4
A_PB2	1502	3146	T	0	0	3146	36.7
A_PB2	1503	3116	T	0	0	3116	35.6
A_PB2	1504	3285	T	0	0	3285	38.0
A_PB2	1505	2959	T	0	0	2959	35.1
A_PB2	1506	3196	A	0	0	3196	37.4
A_PB2	1507	3016	A	0	0	3016	34.7
A_PB2	1508	3077	G	0	0	3077	37.6
A_PB2	1509	3357	A	0	0	3357	34.0
A_PB2	1510	2940	G	0	0	2940	37.7
A_PB2	1511	3206	T	0	0	3206	37.8
A_PB2	1512	2936	T	0	0	2936	36.0
A_PB2	1513	3175	C	0	0	3175	36.0
A_PB2	1514	3081	G	0	0	3081	34.7
A_PB2	1515	3335	A	0	0	3335	34.5
A_PB2	1516	3352	G	0	0	3352	36.3
A_PB2	1517	3197	A	0	0	3197	37.8
A_PB2	1518	3569	C	0	0	3569	34.4
A_PB2	1519	3363	C	0	0	3363	37.5
A_PB2	1520	3288	A	0	0	3288	36.9
A_PB2	1521	3288	A	0	0	3288	35.8
A_PB2	1522	3459	C	0	0	3459	34.1
A_PB2	1523	3507	G	0	0	3507	35.0
A_PB2	1524	3056	G	0	0	3056	35.6
A_PB2	1525	3077	G	0	0	3077	34.6
A_PB2	1526	3310	G	0	0	3310	34.6
A_PB2	1527	3575	G	0	0	3575	36.6
A_PB2	1528	3554	A	0	0	3554	34.8
A_PB2	1529	3210	A	0	0	3210	37.1
A_PB2	1530	3385	C	0	0	3385	36.8
A_PB2	1531	2933	G	0	0	2933	34.6
A_PB2	1532	3504	T	0	0	3504	35.8
A_PB2	1533	3332	A	0	0	3332	37.8
A_PB2	1534	3019	C	0	0	3019	35.8
A_PB2	1535	3175	T	0	0	3175	34.5
A_PB2	1536	3181	A	0	0	3181	35.8
A_PB2	1537	3217	T	0	0	3217	37.5
A_PB2	1538	3409	T	0	0	3409	36.3
A_PB2	1539	3190	A	0	0	3190	34.1
A_PB2	1540	3226	T	0	0	3226	36.6
A_PB2	1541	3511	C	0	0	3511	36.7
A_PB2	1542	3101	A	0	0	3101	34.2
A_PB2	1543	3407	C	0	0	3407	36.2
A_PB2	1544	3234	C	0	0	3234	37.5
A_PB2	1545	3196	C	0	0	3196	34.8
A_PB2	1546	3311	G	0	0	3311	36.6
A_PB2	1547	3233	A	0	0	3233	34.0
A_PB2	1548	3225	A	0	0	3225	34.5
A_PB2	1549	3435	G	0	0	3435	35.0
A_PB2	1550	3026	A	0	0	3026	37.9
A_PB2	1551	3403	G	0	0	3403	35.8
A_PB2	1552	2955	G	0	0	2955	37.6
A_PB2	1553	3318	T	0	0	3318	36.2
A_PB2	1554	3502	C	0	0	3502	37.9
A_PB2	1555	3126	A	0	0	3126	35.8
A_PB2	1556	3207	G	0	0	3207	34.7
A_PB2	1557	3562	T	0	0	3562	34.2
A_PB2	1558	3481	G	0	0	3481	36.5
A_PB2	1559	3305	A	0	0	3305	34.5
A_PB2	1560	3371	G	0	0	3371	35.2
A_PB2	1561	3142	A	0	0	3142	35.6
A_PB2	1562	3573	C	0	0	3573	35.6
A_PB2	1563	3005	A	0	0	3005	37.6
A_PB2	1564	3412	C	0	0	3412	36.6
A_PB2	1565	3183	A	0	0	3183	36.3
A_PB2	1566	3351	A	0	0	3351	34.2
A_PB2	1567	3334	G	0	0	3334	36.0
A_PB2	1568	3459	G	0	0	3459	36.9
A_PB2	1569	3244	A	0	0	3244	36.3
A_PB2	1570	3118	A	0	0	3118	36.0
A_PB2	1571	2977	C	0	0	2977	35.0
A_PB2	1572	3756	G	0	0	3756	35.1
A_PB2	1573	3457	G	0	0	3457	36.7
A_PB2	1574	3217	A	0	0	3217	35.0
A_PB2	1575	3063	G	0	0	3063	36.9
A_PB2	1576	3310	A	0	0	3310	34.8
A_PB2	1577	2939	A	0	0	2939	34.9
A_PB2	1578	3270	A	0	0	3270	34.1
A_PB2	1579	2904	C	0	0	2904	36.7
A_PB2	1580	3500	T	0	0	3500	37.1
A_PB2	1581	3289	G	0	0	3289	36.5
A_PB2	1582	3268	A	0	0	3268	37.0
A_PB2	1583	3460	C	0	0	3460	34.4
A_PB2	1584	3161	A	0	0	3161	36.7
A_PB2	1585	3468	A	0	0	3468	35.5
A_PB2	1586	3693	T	0	0	3693	34.4
A_PB2	1587	3219	C	0	0	3219	34.1
A_PB2	1588	3225	A	0	0	3225	37.0
A_PB2	1589	3363	C	0	0	3363	36.3
A_PB2	1590	3484	T	0	0	3484	35.4
A_PB2	1591	3223	T	0	0	3223	35.1
A_PB2	1592	2958	A	0	0	2958	36.2
A_PB2	1593	3150	T	0	0	3150	36.3
A_PB2	1594	3298	T	0	0	3298	36.6
A_PB2	1595	2919	C	0	0	2919	35.7
A_PB2	1596	3398	G	0	0	3398	36.8
A_PB2	1597	3186	T	0	0	3186	36.2
A_PB2	1598	3146	C	0	0	3146	36.8
A_PB2	1599	3356	A	0	0	3356	36.4
A_PB2	1600	3186	T	0	0	3186	36.5
A_PB2	1601	3284	C	0	0	3284	36.6
A_PB2	1602	3434	A	0	0	3434	36.4
A_PB2	1603	3514	A	0	0	3514	37.3
A_PB2	1604	3146	T	0	0	3146	35.0
A_PB2	1605	3297	G	0	0	3297	34.1
A_PB2	1606	3092	A	0	0	3092	35.2
A_PB2	1607	3234	T	0	0	3234	35.3
A_PB2	1608	3553	G	0	0	3553	35.8
A_PB2	1609	3308	T	0	0	3308	35.6
A_PB2	1610	3378	G	0	0	3378	34.2
A_PB2	1611	3593	G	0	0	3593	34.2
A_PB2	1612	3400	G	0	0	3400	36.8
A_PB2	1613	2972	A	0	0	2972	36.1
A_PB2	1614	3239	G	0	0	3239	34.2
A_PB2	1615	3044	A	0	0	3044	34.6
A_PB2	1616	3310	T	0	0	3310	37.0
A_PB2	1617	2976	C	0	0	2976	35.0
A_PB2	1618	3055	A	0	0	3055	35.8
A_PB2	1619	3065	A	0	0	3065	36.1
A_PB2	1620	3002	T	0	0	3002	35.3
A_PB2	1621	3389	G	0	0	3389	34.7
A_PB2	1622	3329	G	0	0	3329	37.9
A_PB2	1623	3064	T	0	0	3064	35.6
A_PB2	1624	3215	C	0	0	3215	36.4
A_PB2	1625	3426	C	0	0	3426	34.9
A_PB2	1626	3149	T	0	0	3149	35.8
A_PB2	1627	3609	G	0	0	3609	34.2
A_PB2	1628	2734	A	0	0	2734	34.7
A_PB2	1629	2922	G	0	0	2922	37.2
A_PB2	1630	3301	T	0	0	3301	35.1
A_PB2	1631	3250	C	0	0	3250	36.8
A_PB2	1632	3504	G	0	0	3504	37.6
A_PB2	1633	2957	G	0	0	2957	35.7
A_PB2	1634	3326	T	0	0	3326	34.6
A_PB2	1635	3010	G	0	0	3010	34.7
A_PB2	1636	2910	T	0	0	2910	35.3
A_PB2	1637	2882	T	0	0	2882	36.4
A_PB2	1638	2814	G	0	0	2814	36.5
A_PB2	1639	2979	G	0	0	2979	37.4
A_PB2	1640	2710	T	0	0	2710	35.4
A_PB2	1641	3058	C	0	0	3058	34.7
A_PB2	1642	3179	A	0	0	3179	35.4
A_PB2	1643	3169	A	0	0	3169	34.9
A_PB2	1644	2953	T	0	0	2953	35.1
A_PB2	1645	3150	A	0	0	3150	37.7
A_PB2	1646	2682	C	0	0	2682	36.2
A_PB2	1647	2957	T	0	0	2957	37.7
A_PB2	1648	2916	T	0	0	2916	37.6
A_PB2	1649	3076	A	0	0	3076	34.9
A_PB2	1650	2851	C	0	0	2851	35.8
A_PB2	1651	3253	C	0	0	3253	36.2
A_PB2	1652	2788	A	0	0	2788	35.1
A_PB2	1653	2664	G	0	0	2664	37.3
A_PB2	1654	3218	T	0	0	3218	34.5
A_PB2	1655	3056	G	0	0	3056	34.0
A_PB2	1656	2909	G	0	0	2909	34.7
A_PB2	1657	2844	A	0	0	2844	35.2
A_PB2	1658	2740	T	0	0	2740	35.2
A_PB2	1659	2739	A	0	0	2739	37.3
A_PB2	1660	2951	A	0	0	2951	37.9
A_PB2	1661	2676	T	0	0	2676	37.9
A_PB2	1662	2699	T	0	0	2699	34.3
A_PB2	1663	2839	A	0	0	2839	37.3
A_PB2	1664	2702	G	0	0	2702	36.2
A_PB2	1665	2857	A	0	0	2857	34.0
A_PB2	1666	2934	A	0	0	2934	37.6
A_PB2	1667	2929	A	0	0	2929	34.3
A_PB2	1668	2916	C	0	0	2916	34.5
A_PB2	1669	3022	T	0	0	3022	35.3
A_PB2	1670	2734	G	0	0	2734	34.5
A_PB2	1671	2738	G	0	0	2738	37.4
A_PB2	1672	2759	G	0	0	2759	34.1
A_PB2	1673	2817	A	0	0	2817	37.5
A_PB2	1674	2914	A	0	0	2914	34.5
A_PB2	1675	2402	A	0	0	2402	34.1
A_PB2	1676	2660	C	0	0	2660	36.0
A_PB2	1677	3123	T	0	0	3123	36.8
A_PB2	1678	2549	G	0	0	2549	35.5
A_PB2	1679	2742	T	0	0	2742	36.4
A_PB2	1680	2639	A	0	0	2639	35.6
A_PB2	1681	2501	A	0	0	2501	34.4
A_PB2	1682	2605	A	0	0	2605	36.2
A_PB2	1683	2812	A	0	0	2812	36.7
A_PB2	1684	2855	A	0	0	2855	36.7
A_PB2	1685	2692	T	0	0	2692	35.4
A_PB2	1686	2558	T	0	0	2558	35.4
A_PB2	1687	2338	C	0	0	2338	37.4
A_PB2	1688	2625	A	0	0	2625	35.5
A_PB2	1689	2379	A	0	0	2379	37.1
A_PB2	1690	2576	T	0	0	2576	36.9
A_PB2	1691	2569	G	0	0	2569	34.4
A_PB2	1692	2807	G	0	0	2807	36.0
A_PB2	1693	2887	T	0	0	2887	35.5
A_PB2	1694	2588	C	0	0	2588	34.9
A_PB2	1695	2776	A	0	0	2776	34.5
A_PB2	1696	2620	C	0	0	2620	37.0
A_PB2	1697	2596	A	0	0	2596	36.8
A_PB2	1698	2659	G	0	0	2659	35.6
A_PB2	1699	2515	G	0	0	2515	35.7
A_PB2	1700	2589	A	0	0	2589	37.8
A_PB2	1701	2327	T	0	0	2327	34.9
A_PB2	1702	2621	C	0	0	2621	37.0
A_PB2	1703	2551	C	0	0	2551	34.6
A_PB2	1704	2660	C	0	0	2660	35.1
A_PB2	1705	2400	A	0	0	2400	37.3
A_PB2	1706	2438	C	0	0	2438	35.4
A_PB2	1707	2342	A	0	0	2342	36.1
A_PB2	1708	2674	A	0	0	2674	36.5
A_PB2	1709	2478	T	0	0	2478	34.2
A_PB2	1710	2721	G	0	0	2721	34.2
A_PB2	1711	2559	T	0	0	2559	37.3
A_PB2	1712	2678	T	0	0	2678	34.6
A_PB2	1713	2393	G	0	0	2393	34.3
A_PB2	1714	2532	T	0	0	2532	38.0
A_PB2	1715	2908	A	0	0	2908	37.6
A_PB2	1716	2536	T	0	0	2536	35.6
A_PB2	1717	2425	A	0	0	2425	37.2
A_PB2	1718	2824	A	0	0	2824	36.9
A_PB2	1719	2381	T	0	0	2381	36.8
A_PB2	1720	2550	A	0	0	2550	34.7
A_PB2	1721	2636	A	0	0	2636	36.7
A_PB2	1722	2776	G	0	0	2776	35.4
A_PB2	1723	2567	A	0	0	2567	36.5
A_PB2	1724	2670	T	0	0	2670	35.4
A_PB2	1725	2829	G	0	0	2829	36.6
A_PB2	1726	2436	G	0	0	2436	34.7
A_PB2	1727	2533	A	0	0	2533	37.0
A_PB2	1728	2469	A	0	0	2469	35.4
A_PB2	1729	2537	T	0	0	2537	34.8
A_PB2	1730	2493	T	0	0	2493	37.5
A_PB2	1731	2716	C	0	0	2716	35.6
A_PB2	1732	2363	G	0	0	2363	34.4
A_PB2	1733	2579	A	0	0	2579	36.4
A_PB2	1734	2336	G	0	0	2336	34.6
A_PB2	1735	2476	C	0	0	2476	37.0
A_PB2	1736	2201	C	0	0	2201	37.5
A_PB2	1737	2342	A	0	0	2342	36.3
A_PB2	1738	2274	T	0	0	2274	37.6
A_PB2	1739	2275	T	0	0	2275	36.3
A_PB2	1740	2518	C	0	0	2518	37.9
A_PB2	1741	2431	C	0	0	2431	37.8
A_PB2	1742	2568	A	0	0	2568	35.7
A_PB2	1743	2577	G	0	0	2577	36.3
A_PB2	1744	2584	T	0	0	2584	37.5
A_PB2	1745	2245	C	0	0	2245	36.3
A_PB2	1746	2633	T	0	0	2633	34.0
A_PB2	1747	2534	C	0	0	2534	35.6
A_PB2	1748	2475	T	0	0	2475	35.2
A_PB2	1749	2344	A	0	0	2344	34.9
A_PB2	1750	2476	G	0	0	2476	36.6
A_PB2	1751	2711	T	0	0	2711	35.9
A_PB2	1752	2446	C	0	0	2446	37.0
A_PB2	1753	2338	C	0	0	2338	35.3
A_PB2	1754	2432	C	0	0	2432	34.3
A_PB2	1755	2521	T	0	0	2521	37.5
A_PB2	1756	2561	A	0	0	2561	34.3
A_PB2	1757	2337	A	0	0	2337	35.1
A_PB2	1758	2287	G	0	0	2287	36.2
A_PB2	1759	2469	G	0	0	2469	34.5
A_PB2	1760	2515	C	0	0	2515	36.5
A_PB2	1761	2665	A	0	0	2665	37.5
A_PB2	1762	2641	G	0	0	2641	35.9
A_PB2	1763	2636	C	0	0	2636	37.7
A_PB2	1764	2820	C	0	0	2820	36.5
A_PB2	1765	2602	A	0	0	2602	34.5
A_PB2	1766	2573	G	0	0	2573	38.0
A_PB2	1767	2857	A	0	0	2857	35.7
A_PB2	1768	2878	G	0	0	2878	36.2
A_PB2	1769	2770	G	0	0	2770	34.3
A_PB2	1770	2803	T	0	0	2803	37.3
A_PB2	1771	2509	C	0	0	2509	35.8
A_PB2	1772	2525	A	0	0	2525	37.0
A_PB2	1773	2976	A	0	0	2976	35.7
A_PB2	1774	2747	T	0	0	2747	37.5
A_PB2	1775	2540	A	0	0	2540	34.3
A_PB2	1776	2788	C	0	0	2788	34.3
A_PB2	1777	2721	A	0	0	2721	37.2
A_PB2	1778	2904	G	0	0	2904	34.7
A_PB2	1779	2708	T	0	0	2708	36.7
A_PB2	1780	2688	G	0	0	2688	36.0
A_PB2	1781	2592	G	0	0	2592	34.5
A_PB2	1782	2691	G	0	0	2691	35.2
A_PB2	1783	2676	T	0	0	2676	34.5
A_PB2	1784	2597	T	0	0	2597	35.1
A_PB2	1785	2975	T	0	0	2975	37.5
A_PB2	1786	2915	G	0	0	2915	35.8
A_PB2	1787	2710	T	0	0	2710	35.0
A_PB2	1788	2836	G	0	0	2836	37.7
A_PB2	1789	2828	A	0	0	2828	37.0
A_PB2	1790	3010	G	0	0	3010	34.3
A_PB2	1791	3108	A	0	0	3108	35.1
A_PB2	1792	2593	A	0	0	2593	35.7
A_PB2	1793	2924	C	0	0	2924	37.7
A_PB2	1794	2796	A	0	0	2796	35.6
A_PB2	1795	2957	C	0	0	2957	34.5
A_PB2	1796	2796	T	0	0	2796	35.3
A_PB2	1797	2853	A	0	0	2853	35.4
A_PB2	1798	3029	T	0	0	3029	37.2
A_PB2	1799	2787	T	0	0	2787	35.4
A_PB2	1800	2932	C	0	0	2932	36.6
A_PB2	1801	2964	C	0	0	2964	35.8
A_PB2	1802	3154	A	0	0	3154	34.7
A_PB2	1803	2975	G	0	0	2975	36.2
A_PB2	1804	2777	C	0	0	2777	37.3
A_PB2	1805	3140	A	0	0	3140	36.6
A_PB2	1806	3048	A	0	0	3048	34.8
A_PB2	1807	3142	A	0	0	3142	38.0
A_PB2	1808	3256	T	0	0	3256	37.2
A_PB2	1809	3185	G	0	0	3185	36.6
A_PB2	1810	3176	A	0	0	3176	37.3
A_PB2	1811	3156	G	0	0	3156	36.5
A_PB2	1812	2859	A	0	0	2859	36.4
A_PB2	1813	3051	G	0	0	3051	34.9
A_PB2	1814	3531	A	0	0	3531	36.8
A_PB2	1815	3028	T	0	0	3028	35.7
A_PB2	1816	3154	G	0	0	3154	37.6
A_PB2	1817	2971	T	0	0	2971	35.5
A_PB2	1818	3046	G	0	0	3046	37.6
A_PB2	1819	3285	C	0	0	3285	36.6
A_PB2	1820	3385	T	0	0	3385	35.5
A_PB2	1821	3101	T	0	0	3101	34.6
A_PB2	1822	3360	G	0	0	3360	37.5
A_PB2	1823	3094	G	0	0	3094	37.2
A_PB2	1824	3168	A	0	0	3168	37.8
A_PB2	1825	3301	A	0	0	3301	34.3
A_PB2	1826	3227	C	0	0	3227	35.4
A_PB2	1827	2871	A	0	0	2871	35.0
A_PB2	1828	3109	T	0	0	3109	37.4
A_PB2	1829	3561	T	0	0	3561	34.9
A_PB2	1830	3278	T	0	0	3278	36.2
A_PB2	1831	3052	G	0	0	3052	35.1
A_PB2	1832	3283	A	0	0	3283	35.3
A_PB2	1833	3362	C	0	0	3362	34.6
A_PB2	1834	3413	A	0	0	3413	36.0
A_PB2	1835	3564	C	0	0	3564	34.4
A_PB2	1836	3263	T	0	0	3263	36.3
A_PB2	1837	3655	G	0	0	3655	35.5
A_PB2	1838	3498	T	0	0	3498	35.6
A_PB2	1839	3816	T	0	0	3816	36.0
A_PB2	1840	3615	C	0	0	3615	34.1
A_PB2	1841	3626	A	0	0	3626	34.9
A_PB2	1842	3210	G	0	0	3210	37.5
A_PB2	1843	3626	A	0	0	3626	35.7
A_PB2	1844	3537	T	0	0	3537	37.2
A_PB2	1845	3753	A	0	0	3753	36.1
A_PB2	1846	4040	G	0	0	4040	36.7
A_PB2	1847	3775	T	0	0	3775	35.9
A_PB2	1848	3647	A	0	0	3647	35.4
A_PB2	1849	3921	A	0	0	3921	34.5
A_PB2	1850	4040	A	0	0	4040	34.4
A_PB2	1851	3919	A	0	0	3919	34.7
A_PB2	1852	3533	C	0	0	3533	35.1
A_PB2	1853	3882	T	0	0	3882	36.4
A_PB2	1854	3586	C	0	0	3586	36.4
A_PB2	1855	3957	C	0	0	3957	35.7
A_PB2	1856	4369	T	0	0	4369	36.7
A_PB2	1857	3694	C	0	0	3694	36.4
A_PB2	1858	3900	C	0	0	3900	34.6
A_PB2	1859	3967	C	0	0	3967	37.0
A_PB2	1860	3887	C	0	0	3887	34.7
A_PB2	1861	3416	T	0	0	3416	35.3
A_PB2	1862	3903	T	0	0	3903	34.3
A_PB2	1863	3897	T	0	0	3897	35.9
A_PB2	1864	4076	G	0	0	4076	38.0
A_PB2	1865	3813	C	0	0	3813	35.9
A_PB2	1866	4200	T	0	0	4200	37.5
A_PB2	1867	4061	G	0	0	4061	35.2
A_PB2	1868	3839	C	0	0	3839	36.2
A_PB2	1869	4187	C	0	0	4187	35.3
A_PB2	1870	4389	G	0	0	4389	35.8
A_PB2	1871	3512	C	0	0	3512	34.0
A_PB2	1872	4073	C	0	0	4073	34.8
A_PB2	1873	3806	C	0	0	3806	37.6
A_PB2	1874	3995	C	0	0	3995	35.8
A_PB2	1875	4075	A	0	0	4075	36.6
A_PB2	1876	4497	C	0	0	4497	38.0
A_PB2	1877	4050	C	0	0	4050	35.1
A_PB2	1878	3875	G	0	0	3875	34.3
A_PB2	1879	3997	G	0	0	3997	37.3
A_PB2	1880	3675	A	0	0	3675	36.7
A_PB2	1881	4420	A	0	0	4420	37.7
A_PB2	1882	4121	C	0	0	4121	34.3
A_PB2	1883	3990	A	0	0	3990	37.5
A_PB2	1884	4567	A	0	0	4567	35.5
A_PB2	1885	3970	A	0	0	3970	34.4
A_PB2	1886	3809	G	0	0	3809	35.9
A_PB2	1887	4171	T	0	0	4171	37.6
A_PB2	1888	4014	A	0	0	4014	34.1
A_PB2	1889	3796	G	0	0	3796	37.7
A_PB2	1890	4635	G	0	0	4635	35.8
A_PB2	1891	3790	A	0	0	3790	34.8
A_PB2	1892	4382	T	0	0	4382	35.0
A_PB2	1893	4820	G	0	0	4820	37.2
A_PB2	1894	4482	C	0	0	4482	34.1
A_PB2	1895	3937	A	0	0	3937	37.9
A_PB2	1896	4715	G	0	0	4715	37.1
A_PB2	1897	4422	T	0	0	4422	35.1
A_PB2	1898	4114	T	0	0	4114	36.6
A_PB2	1899	4699	C	0	0	4699	35.6
A_PB2	1900	4156	T	0	0	4156	35.2
A_PB2	1901	4057	C	0	0	4057	34.1
A_PB2	1902	3893	C	0	0	3893	36.9
A_PB2	1903	4677	T	0	0	4677	36.1
A_PB2	1904	4360	C	0	0	4360	35.4
A_PB2	1905	4059	C	0	0	4059	35.4
A_PB2	1906	4883	C	0	0	4883	36.3
A_PB2	1907	4195	T	0	0	4195	36.3
A_PB2	1908	4472	G	0	0	4472	35.9
A_PB2	1909	3980	A	0	0	3980	36.0
A_PB2	1910	4513	C	0	0	4513	35.6
A_PB2	1911	4452	T	0	0	4452	36.9
A_PB2	1912	4299	G	0	0	4299	35.6
A_PB2	1913	4347	T	0	0	4347	34.3
A_PB2	1914	4446	G	0	0	4446	38.0
A_PB2	1915	4512	A	0	0	4512	35.1
A_PB2	1916	4910	A	0	0	4910	34.4
A_PB2	1917	4186	T	0	0	4186	35.3
A_PB2	1918	4389	G	0	0	4389	37.7
A_PB2	1919	4855	T	0	0	4855	34.5
A_PB2	1920	4616	A	0	0	4616	36.0
A_PB2	1921	4531	A	0	0	4531	34.5
A_PB2	1922	4057	G	0	0	4057	37.9
A_PB2	1923	4255	A	0	0	4255	35.1
A_PB2	1924	4518	G	0	0	4518	37.2
A_PB2	1925	4319	G	0	0	4319	37.0
A_PB2	1926	4976	A	0	0	4976	35.0
A_PB2	1927	4695	T	0	0	4695	37.1
A_PB2	1928	4381	C	0	0	4381	36.7
A_PB2	1929	4364	A	0	0	4364	36.1
A_PB2	1930	4054	G	0	0	4054	38.0
A_PB2	1931	4811	G	0	0	4811	36.7
A_PB2	1932	4472	A	0	0	4472	34.3
A_PB2	1933	4755	A	0	0	4755	37.1
A_PB2	1934	4959	T	0	0	4959	36.2
A_PB2	1935	4615	G	0	0	4615	37.7
A_PB2	1936	4256	A	0	0	4256	36.9
A_PB2	1937	4804	G	0	0	4804	34.9
A_PB2	1938	4450	G	0	0	4450	34.5
A_PB2	1939	4700	A	0	0	4700	37.1
A_PB2	1940	4418	T	0	0	4418	35.7
A_PB2	1941	5105	A	0	0	5105	37.4
A_PB2	1942	4443	C	0	0	4443	36.2
A_PB2	1943	4090	T	0	0	4090	36.5
A_PB2	1944	4713	G	0	0	4713	36.8
A_PB2	1945	4589	G	0	0	4589	37.9
A_PB2	1946	4468	T	0	0	4468	35.3
A_PB2	1947	4540	A	0	0	4540	37.8
A_PB2	1948	4723	A	0	0	4723	34.3
A_PB2	1949	4470	G	0	0	4470	37.4
A_PB2	1950	4323	A	0	0	4323	34.9
A_PB2	1951	4483	G	0	0	4483	34.2
A_PB2	1952	4216	G	0	0	4216	37.8
A_PB2	1953	4399	C	0	0	4399	34.2
A_PB2	1954	5217	A	0	0	5217	35.2
A_PB2	1955	4428	A	0	0	4428	35.4
A_PB2	1956	4077	T	0	0	4077	34.1
A_PB2	1957	4769	T	0	0	4769	36.6
A_PB2	1958	4314	C	0	0	4314	36.4
A_PB2	1959	4544	A	0	0	4544	34.5
A_PB2	1960	4533	C	0	0	4533	35.1
A_PB2	1961	4253	C	0	0	4253	36.7
A_PB2	1962	4638	A	0	0	4638	36.8
A_PB2	1963	4373	G	0	0	4373	34.6
A_PB2	1964	4566	T	0	0	4566	35.5
A_PB2	1965	4347	C	0	0	4347	36.9
A_PB2	1966	4815	T	0	0	4815	35.7
A_PB2	1967	4849	T	0	0	4849	35.9
A_PB2	1968	4571	C	0	0	4571	34.6
A_PB2	1969	4717	A	0	0	4717	37.0
A_PB2	1970	4645	A	0	0	4645	37.6
A_PB2	1971	4604	T	0	0	4604	34.4
A_PB2	1972	4490	T	0	0	4490	35.8
A_PB2	1973	4162	A	0	0	4162	35.8
A_PB2	1974	4448	C	0	0	4448	34.3
A_PB2	1975	4516	A	0	0	4516	37.0
A_PB2	1976	4810	A	0	0	4810	34.8
A_PB2	1977	5046	C	0	0	5046	37.4
A_PB2	1978	4429	A	0	0	4429	37.6
A_PB2	1979	3986	A	0	0	3986	35.0
A_PB2	1980	4199	G	0	0	4199	36.7
A_PB2	1981	4422	G	0	0	4422	36.6
A_PB2	1982	4885	C	0	0	4885	34.1
A_PB2	1983	4429	C	0	0	4429	36.2
A_PB2	1984	4566	A	0	0	4566	34.1
A_PB2	1985	4486	C	0	0	4486	34.1
A_PB2	1986	4147	C	0	0	4147	35.5
A_PB2	1987	4416	A	0	0	4416	34.9
A_PB2	1988	4595	A	0	0	4595	36.7
A_PB2	1989	4090	G	0	0	4090	34.3
A_PB2	1990	4687	A	0	0	4687	36.6
A_PB2	1991	4361	G	0	0	4361	37.6
A_PB2	1992	3976	G	0	0	3976	36.5
A_PB2	1993	4247	C	0	0	4247	35.2
A_PB2	1994	4308	T	0	0	4308	36.6
A_PB2	1995	4306	C	0	0	4306	36.0
A_PB2	1996	3822	A	0	0	3822	34.4
A_PB2	1997	4235	C	0	0	4235	36.3
A_PB2	1998	4116	A	0	0	4116	36.3
A_PB2	1999	4188	G	0	0	4188	34.6
A_PB2	2000	4102	T	0	0	4102	34.1
A_PB2	2001	4163	T	0	0	4163	37.2
A_PB2	2002	3760	C	0	0	3760	35.3
A_PB2	2003	3906	T	0	0	3906	35.5
A_PB2	2004	3976	C	0	0	3976	36.9
A_PB2	2005	4214	G	0	0	4214	35.5
A_PB2	2006	4229	G	0	0	4229	34.0
A_PB2	2007	4258	G	0	0	4258	36.5
A_PB2	2008	4190	A	0	0	4190	34.8
A_PB2	2009	4450	A	0	0	4450	37.6
A_PB2	2010	4109	A	0	0	4109	34.2
A_PB2	2011	3907	G	0	0	3907	35.6
A_PB2	2012	4609	A	0	0	4609	34.8
A_PB2	2013	4199	T	0	0	4199	36.3
A_PB2	2014	4111	G	0	0	4111	35.3
A_PB2	2015	4626	C	0	0	4626	37.8
A_PB2	2016	4082	A	0	0	4082	37.3
A_PB2	2017	4362	G	0	0	4362	34.4
A_PB2	2018	4326	G	0	0	4326	36.5
A_PB2	2019	3745	T	0	0	3745	36.4
A_PB2	2020	4252	G	0	0	4252	37.2
A_PB2	2021	3900	C	0	0	3900	34.7
A_PB2	2022	3908	A	0	0	3908	35.6
A_PB2	2023	4063	T	0	0	4063	36.2
A_PB2	2024	4305	T	0	0	4305	35.3
A_PB2	2025	4145	G	0	0	4145	35.0
A_PB2	2026	4076	A	0	0	4076	37.3
A_PB2	2027	3749	C	0	0	3749	37.7
A_PB2	2028	3768	C	0	0	3768	34.8
A_PB2	2029	3776	G	0	0	3776	36.6
A_PB2	2030	3925	A	0	0	3925	34.8
A_PB2	2031	3906	A	0	0	3906	36.5
A_PB2	2032	4025	G	0	0	4025	34.4
A_PB2	2033	4209	A	0	0	4209	37.8
A_PB2	2034	4137	T	0	0	4137	34.6
A_PB2	2035	3834	C	0	0	3834	35.3
A_PB2	2036	4071	C	0	0	4071	35.3
A_PB2	2037	4293	A	0	0	4293	37.6
A_PB2	2038	4036	G	0	0	4036	35.3
A_PB2	2039	4126	A	0	0	4126	34.9
A_PB2	2040	3946	T	0	0	3946	36.5
A_PB2	2041	3746	G	0	0	3746	37.5
A_PB2	2042	3752	A	0	0	3752	34.5
A_PB2	2043	4414	A	0	0	4414	35.0
A_PB2	2044	3682	G	0	0	3682	34.5
A_PB2	2045	3777	G	0	0	3777	34.8
A_PB2	2046	3945	C	0	0	3945	36.4
A_PB2	2047	3433	A	0	0	3433	35.3
A_PB2	2048	4026	C	0	0	4026	35.6
A_PB2	2049	3482	A	0	0	3482	37.5
A_PB2	2050	3699	G	0	0	3699	36.0
A_PB2	2051	3364	C	0	0	3364	36.9
A_PB2	2052	3923	T	0	0	3923	36.2
A_PB2	2053	3865	G	0	0	3865	34.4
A_PB2	2054	3691	G	0	0	3691	36.0
A_PB2	2055	3673	A	0	0	3673	35.4
A_PB2	2056	4041	G	0	0	4041	35.2
A_PB2	2057	3327	T	0	0	3327	34.8
A_PB2	2058	3654	G	0	0	3654	37.6
A_PB2	2059	4004	G	0	0	4004	37.6
A_PB2	2060	3169	A	0	0	3169	37.4
A_PB2	2061	3884	G	0	0	3884	36.6
A_PB2	2062	3991	T	0	0	3991	36.5
A_PB2	2063	3615	C	0	0	3615	34.9
A_PB2	2064	3758	T	0	0	3758	35.8
A_PB2	2065	3741	G	0	0	3741	34.0
A_PB2	2066	3627	C	0	0	3627	35.7
A_PB2	2067	3443	T	0	0	3443	36.6
A_PB2	2068	3964	G	0	0	3964	35.2
A_PB2	2069	3784	T	0	0	3784	35.2
A_PB2	2070	3698	T	0	0	3698	35.0
A_PB2	2071	3967	T	0	0	3967	35.9
A_PB2	2072	3918	T	0	0	3918	35.9
A_PB2	2073	3808	A	0	0	3808	34.0
A_PB2	2074	3713	A	0	0	3713	34.5
A_PB2	2075	3793	G	0	0	3793	36.0
A_PB2	2076	3196	A	0	0	3196	37.8
A_PB2	2077	3719	G	0	0	3719	35.6
A_PB2	2078	4098	G	0	0	4098	35.7
A_PB2	2079	3337	A	0	0	3337	34.1
A_PB2	2080	3582	T	0	0	3582	34.6
A_PB2	2081	4274	T	0	0	4274	38.0
A_PB2	2082	3671	C	0	0	3671	36.2
A_PB2	2083	3662	C	0	0	3662	35.1
A_PB2	2084	3671	T	0	0	3671	34.7
A_PB2	2085	3867	C	0	0	3867	35.0
A_PB2	2086	3997	A	0	0	3997	37.6
A_PB2	2087	3678	T	0	0	3678	35.0
A_PB2	2088	3829	T	0	0	3829	34.5
A_PB2	2089	3629	T	0	0	3629	37.8
A_PB2	2090	4133	T	0	0	4133	38.0
A_PB2	2091	3483	G	0	0	3483	34.1
A_PB2	2092	3565	G	0	0	3565	37.0
A_PB2	2093	4350	G	0	0	4350	36.1
A_PB2	2094	3540	C	0	0	3540	35.9
A_PB2	2095	3556	A	0	0	3556	35.4
A_PB2	2096	3628	A	0	0	3628	37.0
A_PB2	2097	4167	A	0	0	4167	34.5
A_PB2	2098	3512	G	0	0	3512	35.6
A_PB2	2099	4109	A	0	0	4109	37.1
A_PB2	2100	3544	A	0	0	3544	37.7
A_PB2	2101	3642	G	0	0	3642	37.8
A_PB2	2102	3672	A	0	0	3672	34.5
A_PB2	2103	3707	C	0	0	3707	35.3
A_PB2	2104	4033	A	0	0	4033	37.7
A_PB2	2105	3665	A	0	0	3665	37.3
A_PB2	2106	3733	G	0	0	3733	36.4
A_PB2	2107	3360	A	0	0	3360	36.8
A_PB2	2108	3403	G	0	0	3403	37.5
A_PB2	2109	3541	A	0	0	3541	37.5
A_PB2	2110	3770	T	0	0	3770	37.1
A_PB2	2111	4004	A	0	0	4004	36.7
A_PB2	2112	3828	T	0	0	3828	35.0
A_PB2	2113	3469	G	0	0	3469	34.1
A_PB2	2114	3199	G	0	0	3199	34.9
A_PB2	2115	3691	C	0	0	3691	34.8
A_PB2	2116	3541	C	0	0	3541	35.5
A_PB2	2117	3275	C	0	0	3275	35.5
A_PB2	2118	3696	A	0	0	3696	35.2
A_PB2	2119	3794	G	0	0	3794	34.2
A_PB2	2120	3760	C	0	0	3760	36.8
A_PB2	2121	3331	A	0	0	3331	34.3
A_PB2	2122	3817	T	0	0	3817	35.6
A_PB2	2123	3613	T	0	0	3613	34.9
A_PB2	2124	3875	G	0	0	3875	34.8
A_PB2	2125	3670	A	0	0	3670	38.0
A_PB2	2126	3974	G	0	0	3974	36.6
A_PB2	2127	3857	C	0	0	3857	34.1
A_PB2	2128	3287	A	0	0	3287	35.4
A_PB2	2129	3654	T	0	0	3654	35.3
A_PB2	2130	3706	C	0	0	3706	36.9
A_PB2	2131	3887	A	0	0	3887	37.1
A_PB2	2132	3483	A	0	0	3483	37.0
A_PB2	2133	3566	T	0	0	3566	35.6
A_PB2	2134	3397	G	0	0	3397	34.9
A_PB2	2135	3579	A	0	0	3579	34.4
A_PB2	2136	3520	G	0	0	3520	37.3
A_PB2	2137	3783	C	0	0	3783	35.5
A_PB2	2138	3692	T	0	0	3692	37.3
A_PB2	2139	3685	G	0	0	3685	35.4
A_PB2	2140	3682	A	0	0	3682	35.2
A_PB2	2141	3916	G	0	0	3916	35.7
A_PB2	2142	3613	C	0	0	3613	37.5
A_PB2	2143	3603	A	0	0	3603	34.7
A_PB2	2144	3447	A	0	0	3447	37.6
A_PB2	2145	3457	T	0	0	3457	35.7
A_PB2	2146	3408	C	0	0	3408	36.7
A_PB2	2147	3851	T	0	0	3851	34.5
A_PB2	2148	3598	T	0	0	3598	34.2
A_PB2	2149	3397	G	0	0	3397	36.0
A_PB2	2150	3877	C	0	0	3877	36.5
A_PB2	2151	3613	A	0	0	3613	34.2
A_PB2	2152	3577	A	0	0	3577	35.8
A_PB2	2153	3845	A	0	0	3845	36.0
A_PB2	2154	3567	G	0	0	3567	37.4
A_PB2	2155	3754	G	0	0	3754	34.7
A_PB2	2156	3305	G	0	0	3305	38.0
A_PB2	2157	3533	A	0	0	3533	37.2
A_PB2	2158	3482	G	0	0	3482	36.2
A_PB2	2159	3246	A	0	0	3246	34.6
A_PB2	2160	3213	G	0	0	3213	35.8
A_PB2	2161	3140	A	0	0	3140	36.1
A_PB2	2162	3238	A	0	0	3238	35.8
A_PB2	2163	3352	G	0	0	3352	36.2
A_PB2	2164	3743	G	0	0	3743	35.2
A_PB2	2165	3082	C	0	0	3082	35.2
A_PB2	2166	3140	T	0	0	3140	37.7
A_PB2	2167	3147	A	0	0	3147	34.1
A_PB2	2168	3214	A	0	0	3214	35.5
A_PB2	2169	3316	T	0	0	3316	34.4
A_PB2	2170	3226	G	0	0	3226	36.9
A_PB2	2171	3514	T	0	0	3514	38.0
A_PB2	2172	3065	G	0	0	3065	35.5
A_PB2	2173	3049	C	0	0	3049	37.8
A_PB2	2174	3089	T	0	0	3089	35.5
A_PB2	2175	3042	A	0	0	3042	34.8
A_PB2	2176	2883	A	0	0	2883	36.8
A_PB2	2177	3268	T	0	0	3268	35.3
A_PB2	2178	3184	T	0	0	3184	35.3
A_PB2	2179	2873	G	0	0	2873	34.7
A_PB2	2180	2839	G	0	0	2839	35.2
A_PB2	2181	3066	G	0	0	3066	37.7
A_PB2	2182	2766	C	0	0	2766	37.8
A_PB2	2183	2678	A	0	0	2678	35.9
A_PB2	2184	2687	A	0	0	2687	36.2
A_PB2	2185	2546	G	0	0	2546	34.3
A_PB2	2186	2767	G	0	0	2767	34.5
A_PB2	2187	2462	A	0	0	2462	37.4
A_PB2	2188	2655	G	0	0	2655	34.3
A_PB2	2189	2716	A	0	0	2716	35.5
A_PB2	2190	2554	C	0	0	2554	35.3
A_PB2	2191	2526	G	0	0	2526	36.9
A_PB2	2192	2663	T	0	0	2663	35.9
A_PB2	2193	2515	A	0	0	2515	36.8
A_PB2	2194	2475	G	0	0	2475	36.5
A_PB2	2195	2773	T	0	0	2773	37.7
A_PB2	2196	2409	G	0	0	2409	37.9
A_PB2	2197	2315	T	0	0	2315	35.3
A_PB2	2198	2544	T	0	0	2544	34.8
A_PB2	2199	2321	G	0	0	2321	35.6
A_PB2	2200	2380	G	0	0	2380	34.3
A_PB2	2201	2254	T	0	0	2254	34.7
A_PB2	2202	2526	G	0	0	2526	35.4
A_PB2	2203	2014	A	0	0	2014	36.1
A_PB2	2204	2000	T	0	0	2000	35.3
A_PB2	2205	2118	G	0	0	2118	34.6
A_PB2	2206	2073	A	0	0	2073	35.9
A_PB2	2207	2018	A	0	0	2018	38.0
A_PB2	2208	1920	A	0	0	1920	34.9
A_PB2	2209	2134	C	0	0	2134	34.3
A_PB2	2210	2121	G	0	0	2121	36.6
A_PB2	2211	2084	G	0	0	2084	35.2
A_PB2	2212	1903	A	0	0	1903	34.8
A_PB2	2213	1779	A	0	0	1779	35.3
A_PB2	2214	1827	A	0	0	1827	35.4
A_PB2	2215	1822	C	0	0	1822	36.8
A_PB2	2216	1684	G	0	0	1684	35.5
A_PB2	2217	1810	G	0	0	1810	36.4
A_PB2	2218	1747	G	0	0	1747	37.0
A_PB2	2219	1817	A	0	0	1817	34.9
A_PB2	2220	1881	C	0	0	1881	37.7
A_PB2	2221	1654	T	0	0	1654	37.8
A_PB2	2222	1652	C	0	0	1652	35.2
A_PB2	2223	1632	T	0	0	1632	35.3
A_PB2	2224	1506	A	0	0	1506	35.1
A_PB2	2225	1588	G	0	0	1588	34.1
A_PB2	2226	1461	C	0	0	1461	35.0
A_PB2	2227	1537	A	0	0	1537	36.3
A_PB2	2228	1570	T	0	0	1570	37.7
A_PB2	2229	1443	A	0	0	1443	35.3
A_PB2	2230	1396	C	0	0	1396	37.3
A_PB2	2231	1288	T	0	0	1288	36.7
A_PB2	2232	1383	T	0	0	1383	34.3
A_PB2	2233	1349	A	0	0	1349	37.3
A_PB2	2234	1423	C	0	0	1423	35.2
A_PB2	2235	1260	T	0	0	1260	37.9
A_PB2	2236	1226	G	0	0	1226	37.4
A_PB2	2237	1226	A	0	0	1226	37.4
A_PB2	2238	1138	C	0	0	1138	35.9
A_PB2	2239	1195	A	0	0	1195	37.9
A_PB2	2240	1011	G	0	0	1011	36.5
A_PB2	2241	1062	C	0	0	1062	36.1
A_PB2	2242	1101	C	0	0	1101	35.4
A_PB2	2243	984	A	0	0	984	34.6
A_PB2	2244	979	G	0	0	979	35.2
A_PB2	2245	1025	A	0	0	1025	37.7
A_PB2	2246	1041	C	0	0	1041	37.1
A_PB2	2247	945	A	0	0	945	36.5
A_PB2	2248	861	G	0	0	861	37.6
A_PB2	2249	800	C	0	0	800	37.2
A_PB2	2250	880	G	0	0	880	36.9
A_PB2	2251	855	A	0	0	855	37.8
A_PB2	2252	778	C	0	0	778	37.9
A_PB2	2253	811	C	0	0	811	35.3
A_PB2	2254	729	A	0	0	729	34.5
A_PB2	2255	749	A	0	0	749	36.1
A_PB2	2256	643	A	0	0	643	35.2
A_PB2	2257	548	A	0	0	548	36.8
A_PB2	2258	555	G	0	0	555	34.5
A_PB2	2259	543	A	0	0	543	35.9
A_PB2	2260	498	A	0	0	498	34.7
A_PB2	2261	476	T	0	0	476	36.8
A_PB2	2262	501	T	0	0	501	35.0
A_PB2	2263	428	C	0	0	428	34.6
A_PB2	2264	440	G	0	0	440	37.2
A_PB2	2265	428	G	0	0	428	34.8
A_PB2	2266	329	A	0	0	329	36.8
A_PB2	2267	340	T	0	0	340	35.4
A_PB2	2268	336	G	0	0	336	36.3
A_PB2	2269	300	G	0	0	300	35.2
A_PB2	2270	275	C	0	0	275	37.7
A_PB2	2271	225	C	0	0	225	35.5
A_PB2	2272	235	A	0	0	235	34.7
A_PB2	2273	178	T	0	0	178	34.5
A_PB2	2274	177	C	0	0	177	37.8
A_PB2	2275	131	A	0	0	131	37.2
A_PB2	2276	105	A	0	0	105	37.5
A_PB2	2277	76	T	0	0	76	38.0
A_PB2	2278	46	T	0	0	46	37.7
A_PB2	2279	24	A	0	0	24	37.3
A_PB2	2280	0	G	0	0	0	37.2
