Reference_Name	Position	Coverage Depth	Consensus	Deletions	Ambiguous	Consensus_Count	Consensus_Average_Quality
A_PB1	1	11	A	0	0	11	34.8
A_PB1	2	25	T	0	0	25	37.7
A_PB1	3	35	G	0	0	35	34.5
A_PB1	4	47	G	0	0	47	35.8
A_PB1	5	56	A	0	0	56	37.0
A_PB1	6	72	T	0	0	72	35.2
A_PB1	7	89	G	0	0	89	35.2
A_PB1	8	98	T	0	0	98	35.9
A_PB1	9	115	C	0	0	115	36.1
A_PB1	10	120	A	0	0	120	37.1
A_PB1	11	130	A	0	0	130	35.2
A_PB1	12	158	T	0	0	158	36.8
A_PB1	13	140	C	0	0	140	37.5
A_PB1	14	164	C	0	0	164	34.8
A_PB1	15	190	G	0	0	190	35.5
A_PB1	16	175	A	0	0	175	37.9
A_PB1	17	207	C	0	0	207	36.1
A_PB1	18	220	T	0	0	220	36.3
A_PB1	19	220	T	0	0	220	37.0
A_PB1	20	231	T	0	0	231	36.7
A_PB1	21	276	A	0	0	276	34.9
A_PB1	22	258	C	0	0	258	37.2
A_PB1	23	284	T	0	0	284	34.7
A_PB1	24	326	T	0	0	326	34.5
A_PB1	25	282	T	0	0	282	35.9
A_PB1	26	343	T	0	0	343	35.9
A_PB1	27	404	C	0	0	404	35.2
A_PB1	28	378	T	0	0	378	36.1
A_PB1	29	384	T	0	0	384	34.9
A_PB1	30	380	G	0	0	380	35.0
A_PB1	31	400	A	0	0	400	34.9
A_PB1	32	456	A	0	0	456	34.9
A_PB1	33	463	A	0	0	463	37.8
A_PB1	34	463	G	0	0	463	36.3
A_PB1	35	469	T	0	0	469	37.7
A_PB1	36	410	T	0	0	410	36.7
A_PB1	37	461	C	0	0	461	35.3
A_PB1	38	527	C	0	0	527	34.1
A_PB1	39	527	A	0	0	527	35.6
A_PB1	40	463	G	0	0	463	34.6
A_PB1	41	557	C	0	0	557	34.4
A_PB1	42	555	G	0	0	555	35.9
A_PB1	43	623	C	0	0	623	34.1
A_PB1	44	636	A	0	0	636	36.3
A_PB1	45	590	A	0	0	590	34.9
A_PB1	46	587	A	0	0	587	34.2
A_PB1	47	683	A	0	0	683	36.5
A_PB1	48	648	T	0	0	648	36.8
A_PB1	49	643	G	0	0	643	37.9
A_PB1	50	679	C	0	0	679	35.2
A_PB1	51	621	C	0	0	621	34.8
A_PB1	52	637	A	0	0	637	34.1
A_PB1	53	688	T	0	0	688	37.2
A_PB1	54	720	A	0	0	720	36.9
A_PB1	55	808	A	0	0	808	37.3
A_PB1	56	796	G	0	0	796	34.4
A_PB1	57	801	C	0	0	801	35.8
A_PB1	58	844	A	0	0	844	36.4
A_PB1	59	805	C	0	0	805	37.7
A_PB1	60	805	C	0	0	805	35.3
A_PB1	61	921	A	0	0	921	34.1
A_PB1	62	783	C	0	0	783	35.6
A_PB1	63	801	A	0	0	801	35.1
A_PB1	64	948	T	0	0	948	35.1
A_PB1	65	989	T	0	0	989	34.0
A_PB1	66	962	C	0	0	962	37.3
A_PB1	67	962	C	0	0	962	37.4
A_PB1	68	1018	C	0	0	1018	35.9
A_PB1	69	944	G	0	0	944	35.5
A_PB1	70	1011	T	0	0	1011	37.2
A_PB1	71	1155	A	0	0	1155	36.9
A_PB1	72	1160	T	0	0	1160	34.5
A_PB1	73	1114	A	0	0	1114	34.2
A_PB1	74	1137	C	0	0	1137	34.2
A_PB1	75	1182	T	0	0	1182	35.2
A_PB1	76	1260	G	0	0	1260	34.3
A_PB1	77	1287	G	0	0	1287	37.8
A_PB1	78	1179	A	0	0	1179	37.3
A_PB1	79	1192	G	0	0	1192	36.3
A_PB1	80	1298	A	0	0	1298	36.5
A_PB1	81	1198	T	0	0	1198	36.3
A_PB1	82	1253	C	0	0	1253	36.3
A_PB1	83	1216	C	0	0	1216	34.4
A_PB1	84	1265	T	0	0	1265	34.4
A_PB1	85	1295	C	0	0	1295	35.3
A_PB1	86	1353	C	0	0	1353	36.1
A_PB1	87	1456	A	0	0	1456	36.1
A_PB1	88	1400	T	0	0	1400	37.4
A_PB1	89	1302	A	0	0	1302	34.8
A_PB1	90	1508	C	0	0	1508	34.4
A_PB1	91	1560	A	0	0	1560	36.7
A_PB1	92	1424	G	0	0	1424	36.8
A_PB1	93	1798	C	0	0	1798	34.1
A_PB1	94	1506	C	0	0	1506	36.5
A_PB1	95	1683	A	0	0	1683	37.9
A_PB1	96	1596	T	0	0	1596	34.3
A_PB1	97	1559	G	0	0	1559	37.9
A_PB1	98	1631	G	0	0	1631	34.6
A_PB1	99	1703	A	0	0	1703	35.2
A_PB1	100	1717	A	0	0	1717	35.3
A_PB1	101	1663	C	0	0	1663	36.9
A_PB1	102	1853	A	0	0	1853	34.6
A_PB1	103	1828	G	0	0	1828	37.7
A_PB1	104	1802	G	0	0	1802	35.4
A_PB1	105	1915	A	0	0	1915	34.4
A_PB1	106	2076	A	0	0	2076	37.1
A_PB1	107	1834	C	0	0	1834	36.4
A_PB1	108	1780	A	0	0	1780	37.3
A_PB1	109	1927	G	0	0	1927	35.1
A_PB1	110	2245	G	0	0	2245	36.1
A_PB1	111	1850	A	0	0	1850	35.9
A_PB1	112	2099	T	0	0	2099	36.9
A_PB1	113	2033	A	0	0	2033	37.6
A_PB1	114	2168	T	0	0	2168	36.8
A_PB1	115	2061	A	0	0	2061	35.4
A_PB1	116	2124	C	0	0	2124	34.9
A_PB1	117	2055	C	0	0	2055	35.8
A_PB1	118	2068	A	0	0	2068	35.0
A_PB1	119	2039	T	0	0	2039	37.7
A_PB1	120	2373	G	0	0	2373	36.6
A_PB1	121	2370	G	0	0	2370	35.2
A_PB1	122	1966	A	0	0	1966	37.3
A_PB1	123	2300	C	0	0	2300	36.2
A_PB1	124	2335	A	0	0	2335	35.3
A_PB1	125	2461	C	0	0	2461	36.4
A_PB1	126	2489	A	0	0	2489	34.0
A_PB1	127	2302	G	0	0	2302	36.0
A_PB1	128	2718	T	0	0	2718	34.7
A_PB1	129	2411	T	0	0	2411	35.9
A_PB1	130	2606	A	0	0	2606	36.3
A_PB1	131	2562	A	0	0	2562	35.6
A_PB1	132	2570	C	0	0	2570	35.3
A_PB1	133	2697	A	0	0	2697	36.6
A_PB1	134	2539	G	0	0	2539	38.0
A_PB1	135	2616	A	0	0	2616	37.5
A_PB1	136	2587	A	0	0	2587	37.9
A_PB1	137	2691	C	0	0	2691	37.6
A_PB1	138	2533	A	0	0	2533	35.8
A_PB1	139	2609	C	0	0	2609	34.2
A_PB1	140	2492	A	0	0	2492	34.4
A_PB1	141	2545	T	0	0	2545	35.2
A_PB1	142	2400	C	0	0	2400	37.3
A_PB1	143	2825	A	0	0	2825	34.3
A_PB1	144	2350	G	0	0	2350	36.6
A_PB1	145	2696	T	0	0	2696	36.6
A_PB1	146	2983	A	0	0	2983	36.3
A_PB1	147	2781	T	0	0	2781	34.0
A_PB1	148	2563	T	0	0	2563	35.6
A_PB1	149	2636	C	0	0	2636	37.8
A_PB1	150	2816	A	0	0	2816	37.7
A_PB1	151	3000	G	0	0	3000	35.4
A_PB1	152	2760	A	0	0	2760	37.5
A_PB1	153	2767	A	0	0	2767	34.7
A_PB1	154	2981	A	0	0	2981	34.4
A_PB1	155	2633	A	0	0	2633	36.2
A_PB1	156	2930	A	0	0	2930	36.7
A_PB1	157	2860	G	0	0	2860	35.5
A_PB1	158	2694	G	0	0	2694	36.0
A_PB1	159	2568	G	0	0	2568	36.4
A_PB1	160	3183	A	0	0	3183	35.5
A_PB1	161	2578	A	0	0	2578	34.8
A_PB1	162	2624	A	0	0	2624	37.7
A_PB1	163	2498	T	0	0	2498	37.6
A_PB1	164	2721	G	0	0	2721	35.5
A_PB1	165	2611	G	0	0	2611	35.0
A_PB1	166	2845	A	0	0	2845	34.9
A_PB1	167	2737	C	0	0	2737	35.9
A_PB1	168	2540	A	0	0	2540	37.4
A_PB1	169	2820	A	0	0	2820	37.8
A_PB1	170	2879	C	0	0	2879	35.3
A_PB1	171	2670	A	0	0	2670	34.0
A_PB1	172	2833	A	0	0	2833	35.7
A_PB1	173	2675	A	0	0	2675	37.7
A_PB1	174	3013	C	0	0	3013	36.0
A_PB1	175	2802	T	0	0	2802	34.3
A_PB1	176	2759	C	0	0	2759	35.8
A_PB1	177	2598	A	0	0	2598	34.6
A_PB1	178	2801	G	0	0	2801	34.9
A_PB1	179	3016	A	0	0	3016	36.2
A_PB1	180	2549	A	0	0	2549	34.6
A_PB1	181	2891	A	0	0	2891	34.2
A_PB1	182	2594	C	0	0	2594	36.8
A_PB1	183	3145	T	0	0	3145	37.2
A_PB1	184	2996	G	0	0	2996	37.6
A_PB1	185	2959	G	0	0	2959	34.1
A_PB1	186	2943	A	0	0	2943	37.0
A_PB1	187	2928	G	0	0	2928	35.9
A_PB1	188	2706	C	0	0	2706	34.4
A_PB1	189	3065	A	0	0	3065	37.8
A_PB1	190	3165	C	0	0	3165	34.6
A_PB1	191	2810	C	0	0	2810	36.5
A_PB1	192	3082	T	0	0	3082	36.8
A_PB1	193	2878	C	0	0	2878	36.8
A_PB1	194	2861	A	0	0	2861	36.6
A_PB1	195	2895	A	0	0	2895	37.4
A_PB1	196	2539	C	0	0	2539	35.4
A_PB1	197	2926	T	0	0	2926	35.8
A_PB1	198	2729	C	0	0	2729	37.8
A_PB1	199	2648	A	0	0	2648	34.7
A_PB1	200	2733	A	0	0	2733	34.3
A_PB1	201	2955	T	0	0	2955	37.0
A_PB1	202	3044	C	0	0	3044	36.5
A_PB1	203	2852	C	0	0	2852	35.2
A_PB1	204	2465	A	0	0	2465	38.0
A_PB1	205	2734	A	0	0	2734	37.6
A_PB1	206	2595	T	0	0	2595	36.2
A_PB1	207	2989	T	0	0	2989	37.2
A_PB1	208	2922	G	0	0	2922	37.1
A_PB1	209	2700	A	0	0	2700	37.8
A_PB1	210	2822	T	0	0	2822	37.0
A_PB1	211	2831	G	0	0	2831	36.7
A_PB1	212	2503	G	0	0	2503	37.2
A_PB1	213	2810	A	0	0	2810	35.1
A_PB1	214	2577	C	0	0	2577	34.0
A_PB1	215	2980	C	0	0	2980	36.9
A_PB1	216	2768	A	0	0	2768	34.1
A_PB1	217	2960	T	0	0	2960	37.3
A_PB1	218	2883	T	0	0	2883	34.3
A_PB1	219	2588	G	0	0	2588	37.4
A_PB1	220	2792	C	0	0	2792	34.5
A_PB1	221	2624	C	0	0	2624	36.8
A_PB1	222	2892	T	0	0	2892	36.9
A_PB1	223	2549	G	0	0	2549	36.9
A_PB1	224	2693	A	0	0	2693	37.5
A_PB1	225	2927	G	0	0	2927	36.6
A_PB1	226	3021	G	0	0	3021	34.2
A_PB1	227	3085	A	0	0	3085	37.1
A_PB1	228	2774	C	0	0	2774	36.7
A_PB1	229	2771	A	0	0	2771	35.6
A_PB1	230	2642	A	0	0	2642	36.6
A_PB1	231	2720	T	0	0	2720	35.4
A_PB1	232	2628	G	0	0	2628	37.4
A_PB1	233	2454	A	0	0	2454	37.4
A_PB1	234	2746	A	0	0	2746	35.0
A_PB1	235	2654	C	0	0	2654	37.1
A_PB1	236	2680	C	0	0	2680	37.3
A_PB1	237	2522	A	0	0	2522	34.4
A_PB1	238	2796	A	0	0	2796	36.6
A_PB1	239	2493	G	0	0	2493	34.2
A_PB1	240	2802	T	0	0	2802	36.6
A_PB1	241	2652	G	0	0	2652	34.4
A_PB1	242	2824	G	0	0	2824	37.0
A_PB1	243	2662	G	0	0	2662	37.7
A_PB1	244	2248	T	0	0	2248	36.6
A_PB1	245	2675	A	0	0	2675	36.6
A_PB1	246	2805	T	0	0	2805	36.9
A_PB1	247	2607	G	0	0	2607	37.3
A_PB1	248	3049	C	0	0	3049	36.0
A_PB1	249	2914	A	0	0	2914	37.3
A_PB1	250	2753	C	0	0	2753	37.3
A_PB1	251	2798	A	0	0	2798	34.4
A_PB1	252	2945	A	0	0	2945	36.2
A_PB1	253	3050	A	0	0	3050	36.8
A_PB1	254	2647	C	0	0	2647	36.1
A_PB1	255	2845	G	0	0	2845	34.9
A_PB1	256	2711	G	0	0	2711	36.6
A_PB1	257	2828	A	0	0	2828	35.9
A_PB1	258	2769	C	0	0	2769	35.9
A_PB1	259	2638	T	0	0	2638	34.4
A_PB1	260	2729	G	0	0	2729	36.1
A_PB1	261	2360	T	0	0	2360	37.8
A_PB1	262	2718	G	0	0	2718	36.7
A_PB1	263	2785	T	0	0	2785	37.9
A_PB1	264	2610	C	0	0	2610	34.5
A_PB1	265	2579	C	0	0	2579	36.3
A_PB1	266	2575	T	0	0	2575	37.7
A_PB1	267	2603	T	0	0	2603	36.4
A_PB1	268	2873	G	0	0	2873	35.0
A_PB1	269	2493	A	0	0	2493	37.9
A_PB1	270	2755	A	0	0	2755	36.2
A_PB1	271	2867	G	0	0	2867	36.1
A_PB1	272	2766	C	0	0	2766	34.1
A_PB1	273	2679	A	0	0	2679	35.3
A_PB1	274	2641	A	0	0	2641	34.5
A_PB1	275	2613	T	0	0	2613	37.9
A_PB1	276	2923	G	0	0	2923	36.9
A_PB1	277	2485	G	0	0	2485	36.4
A_PB1	278	2658	C	0	0	2658	35.8
A_PB1	279	2542	T	0	0	2542	34.5
A_PB1	280	2646	T	0	0	2646	34.1
A_PB1	281	2743	T	0	0	2743	36.1
A_PB1	282	2501	C	0	0	2501	35.4
A_PB1	283	2569	C	0	0	2569	34.6
A_PB1	284	2513	T	0	0	2513	35.4
A_PB1	285	2904	T	0	0	2904	37.8
A_PB1	286	2510	G	0	0	2510	36.5
A_PB1	287	2515	A	0	0	2515	38.0
A_PB1	288	2701	A	0	0	2701	37.7
A_PB1	289	2591	G	0	0	2591	34.9
A_PB1	290	2903	A	0	0	2903	37.4
A_PB1	291	2583	G	0	0	2583	34.6
A_PB1	292	2888	T	0	0	2888	34.8
A_PB1	293	2654	C	0	0	2654	35.9
A_PB1	294	2589	C	0	0	2589	34.8
A_PB1	295	2864	C	0	0	2864	35.0
A_PB1	296	2861	A	0	0	2861	34.3
A_PB1	297	2648	C	0	0	2648	35.3
A_PB1	298	2491	C	0	0	2491	34.2
A_PB1	299	2743	C	0	0	2743	35.6
A_PB1	300	2922	A	0	0	2922	37.2
A_PB1	301	2717	G	0	0	2717	37.6
A_PB1	302	2544	G	0	0	2544	34.4
A_PB1	303	2488	A	0	0	2488	37.5
A_PB1	304	2757	A	0	0	2757	35.0
A_PB1	305	2554	T	0	0	2554	35.5
A_PB1	306	2717	C	0	0	2717	36.3
A_PB1	307	2689	T	0	0	2689	36.3
A_PB1	308	2898	T	0	0	2898	37.7
A_PB1	309	2666	T	0	0	2666	37.7
A_PB1	310	2898	G	0	0	2898	37.0
A_PB1	311	2501	A	0	0	2501	37.6
A_PB1	312	2803	A	0	0	2803	34.2
A_PB1	313	2881	A	0	0	2881	35.5
A_PB1	314	2469	A	0	0	2469	34.6
A_PB1	315	2830	C	0	0	2830	36.5
A_PB1	316	2681	T	0	0	2681	37.2
A_PB1	317	2801	C	0	0	2801	36.3
A_PB1	318	2925	G	0	0	2925	35.8
A_PB1	319	2757	T	0	0	2757	35.4
A_PB1	320	2509	G	0	0	2509	37.3
A_PB1	321	2791	T	0	0	2791	36.8
A_PB1	322	2791	C	0	0	2791	34.1
A_PB1	323	2751	T	0	0	2751	37.5
A_PB1	324	2750	T	0	0	2750	37.0
A_PB1	325	2646	G	0	0	2646	34.8
A_PB1	326	2566	A	0	0	2566	37.2
A_PB1	327	2876	A	0	0	2876	34.8
A_PB1	328	2637	A	0	0	2637	35.3
A_PB1	329	2740	C	0	0	2740	36.2
A_PB1	330	2520	G	0	0	2520	35.8
A_PB1	331	2570	A	0	0	2570	36.2
A_PB1	332	2795	T	0	0	2795	37.3
A_PB1	333	2551	G	0	0	2551	35.7
A_PB1	334	2712	G	0	0	2712	34.4
A_PB1	335	2808	A	0	0	2808	36.7
A_PB1	336	2756	A	0	0	2756	36.0
A_PB1	337	2593	G	0	0	2593	35.5
A_PB1	338	2855	T	0	0	2855	34.1
A_PB1	339	2879	T	0	0	2879	34.3
A_PB1	340	2635	G	0	0	2635	37.5
A_PB1	341	2628	T	0	0	2628	35.0
A_PB1	342	2807	T	0	0	2807	35.6
A_PB1	343	3001	C	0	0	3001	37.6
A_PB1	344	2954	A	0	0	2954	35.1
A_PB1	345	3048	A	0	0	3048	36.2
A_PB1	346	2711	C	0	0	2711	35.6
A_PB1	347	2819	A	0	0	2819	37.4
A_PB1	348	2683	A	0	0	2683	35.2
A_PB1	349	3081	A	0	0	3081	35.1
A_PB1	350	2826	C	0	0	2826	37.1
A_PB1	351	2666	A	0	0	2666	35.7
A_PB1	352	2495	A	0	0	2495	36.3
A_PB1	353	2647	G	0	0	2647	37.0
A_PB1	354	2915	A	0	0	2915	37.2
A_PB1	355	2729	G	0	0	2729	37.5
A_PB1	356	2688	T	0	0	2688	34.3
A_PB1	357	2693	G	0	0	2693	34.4
A_PB1	358	2932	G	0	0	2932	35.5
A_PB1	359	2705	A	0	0	2705	36.2
A_PB1	360	2775	C	0	0	2775	37.7
A_PB1	361	2673	A	0	0	2673	37.7
A_PB1	362	2974	A	0	0	2974	34.7
A_PB1	363	3193	G	0	0	3193	37.6
A_PB1	364	2943	T	0	0	2943	36.6
A_PB1	365	2759	T	0	0	2759	37.9
A_PB1	366	2784	G	0	0	2784	34.4
A_PB1	367	3039	A	0	0	3039	37.6
A_PB1	368	2823	C	0	0	2823	37.6
A_PB1	369	2852	C	0	0	2852	37.3
A_PB1	370	2778	C	0	0	2778	37.6
A_PB1	371	2710	A	0	0	2710	34.3
A_PB1	372	2804	A	0	0	2804	34.8
A_PB1	373	2999	G	0	0	2999	35.0
A_PB1	374	2746	G	0	0	2746	37.4
A_PB1	375	2765	C	0	0	2765	34.1
A_PB1	376	2903	C	0	0	2903	36.1
A_PB1	377	2533	G	0	0	2533	37.2
A_PB1	378	2930	T	0	0	2930	36.1
A_PB1	379	2805	C	0	0	2805	38.0
A_PB1	380	3410	A	0	0	3410	35.8
A_PB1	381	2701	G	0	0	2701	35.0
A_PB1	382	2837	A	0	0	2837	34.4
A_PB1	383	2695	C	0	0	2695	35.9
A_PB1	384	2946	C	0	0	2946	35.9
A_PB1	385	3180	T	0	0	3180	38.0
A_PB1	386	2670	A	0	0	2670	36.0
A_PB1	387	3160	T	0	0	3160	35.2
A_PB1	388	3045	G	0	0	3045	37.7
A_PB1	389	2656	A	0	0	2656	35.6
A_PB1	390	3194	T	0	0	3194	35.6
A_PB1	391	3131	T	0	0	3131	36.3
A_PB1	392	3017	G	0	0	3017	36.4
A_PB1	393	3203	G	0	0	3203	37.0
A_PB1	394	3103	A	0	0	3103	35.3
A_PB1	395	3504	C	0	0	3504	37.8
A_PB1	396	3092	G	0	0	3092	36.5
A_PB1	397	3194	T	0	0	3194	36.0
A_PB1	398	3400	T	0	0	3400	36.9
A_PB1	399	2905	A	0	0	2905	34.0
A_PB1	400	2999	A	0	0	2999	34.5
A_PB1	401	3236	A	0	0	3236	37.4
A_PB1	402	2985	C	0	0	2985	36.2
A_PB1	403	2809	A	0	0	2809	34.8
A_PB1	404	3286	G	0	0	3286	35.6
A_PB1	405	3256	G	0	0	3256	36.8
A_PB1	406	3099	A	0	0	3099	37.3
A_PB1	407	3177	A	0	0	3177	35.7
A_PB1	408	3390	T	0	0	3390	34.3
A_PB1	409	3039	C	0	0	3039	34.5
A_PB1	410	2969	A	0	0	2969	35.9
A_PB1	411	3048	G	0	0	3048	37.0
A_PB1	412	3360	C	0	0	3360	35.2
A_PB1	413	2842	C	0	0	2842	36.6
A_PB1	414	3691	G	0	0	3691	34.7
A_PB1	415	3230	G	0	0	3230	35.5
A_PB1	416	3418	C	0	0	3418	35.6
A_PB1	417	3189	T	0	0	3189	35.1
A_PB1	418	3140	G	0	0	3140	37.5
A_PB1	419	3791	C	0	0	3791	36.3
A_PB1	420	3108	A	0	0	3108	37.9
A_PB1	421	3244	A	0	0	3244	37.4
A_PB1	422	3317	C	0	0	3317	37.4
A_PB1	423	3161	T	0	0	3161	35.4
A_PB1	424	3330	G	0	0	3330	37.9
A_PB1	425	3139	C	0	0	3139	36.2
A_PB1	426	3250	A	0	0	3250	37.6
A_PB1	427	3426	T	0	0	3426	34.9
A_PB1	428	3019	T	0	0	3019	34.2
A_PB1	429	3061	A	0	0	3061	36.1
A_PB1	430	3519	G	0	0	3519	35.1
A_PB1	431	3171	C	0	0	3171	37.4
A_PB1	432	3309	T	0	0	3309	37.5
A_PB1	433	3215	A	0	0	3215	36.1
A_PB1	434	3236	A	0	0	3236	37.2
A_PB1	435	3047	T	0	0	3047	36.7
A_PB1	436	3519	A	0	0	3519	36.0
A_PB1	437	3403	C	0	0	3403	35.4
A_PB1	438	3332	T	0	0	3332	34.6
A_PB1	439	2889	A	0	0	2889	36.4
A_PB1	440	3390	T	0	0	3390	37.5
A_PB1	441	3252	A	0	0	3252	34.0
A_PB1	442	3228	G	0	0	3228	37.1
A_PB1	443	3380	A	0	0	3380	34.8
A_PB1	444	3233	G	0	0	3233	34.6
A_PB1	445	3260	G	0	0	3260	34.4
A_PB1	446	3343	T	0	0	3343	35.1
A_PB1	447	3260	C	0	0	3260	36.3
A_PB1	448	3161	T	0	0	3161	37.4
A_PB1	449	3244	T	0	0	3244	37.1
A_PB1	450	3543	C	0	0	3543	35.7
A_PB1	451	3418	A	0	0	3418	37.2
A_PB1	452	3237	G	0	0	3237	35.6
A_PB1	453	3200	A	0	0	3200	35.0
A_PB1	454	3463	T	0	0	3463	36.4
A_PB1	455	3339	C	0	0	3339	34.5
A_PB1	456	3621	T	0	0	3621	36.2
A_PB1	457	3508	A	0	0	3508	36.2
A_PB1	458	3342	A	0	0	3342	35.3
A_PB1	459	4013	C	0	0	4013	35.2
A_PB1	460	3249	G	0	0	3249	36.1
A_PB1	461	3235	G	0	0	3235	36.0
A_PB1	462	3502	C	0	0	3502	36.1
A_PB1	463	3119	C	0	0	3119	36.4
A_PB1	464	3351	T	0	0	3351	36.7
A_PB1	465	3434	C	0	0	3434	35.3
A_PB1	466	3063	A	0	0	3063	35.9
A_PB1	467	3375	C	0	0	3375	35.0
A_PB1	468	3623	A	0	0	3623	36.8
A_PB1	469	3642	G	0	0	3642	35.8
A_PB1	470	3689	C	0	0	3689	37.0
A_PB1	471	3363	C	0	0	3363	37.5
A_PB1	472	3630	A	0	0	3630	36.8
A_PB1	473	3013	A	0	0	3013	37.2
A_PB1	474	3247	T	0	0	3247	34.3
A_PB1	475	3072	G	0	0	3072	37.4
A_PB1	476	3239	A	0	0	3239	36.8
A_PB1	477	3117	A	0	0	3117	36.2
A_PB1	478	3420	T	0	0	3420	34.9
A_PB1	479	3541	C	0	0	3541	34.1
A_PB1	480	3253	A	0	0	3253	37.6
A_PB1	481	3456	G	0	0	3456	34.2
A_PB1	482	3335	G	0	0	3335	36.7
A_PB1	483	3436	A	0	0	3436	34.3
A_PB1	484	2984	A	0	0	2984	37.3
A_PB1	485	3502	G	0	0	3502	37.1
A_PB1	486	2920	G	0	0	2920	34.3
A_PB1	487	3474	C	0	0	3474	35.5
A_PB1	488	3214	T	0	0	3214	36.9
A_PB1	489	3143	A	0	0	3143	35.8
A_PB1	490	3195	A	0	0	3195	34.2
A_PB1	491	2965	T	0	0	2965	35.0
A_PB1	492	3355	A	0	0	3355	36.9
A_PB1	493	3518	G	0	0	3518	36.4
A_PB1	494	3160	A	0	0	3160	35.0
A_PB1	495	3252	T	0	0	3252	37.8
A_PB1	496	3188	T	0	0	3188	36.1
A_PB1	497	3292	T	0	0	3292	36.3
A_PB1	498	3334	T	0	0	3334	36.1
A_PB1	499	3225	C	0	0	3225	36.5
A_PB1	500	3173	T	0	0	3173	34.1
A_PB1	501	3365	C	0	0	3365	37.7
A_PB1	502	3119	A	0	0	3119	35.7
A_PB1	503	3530	A	0	0	3530	35.3
A_PB1	504	3112	G	0	0	3112	35.6
A_PB1	505	2993	G	0	0	2993	35.3
A_PB1	506	3143	A	0	0	3143	38.0
A_PB1	507	2985	T	0	0	2985	34.4
A_PB1	508	3246	G	0	0	3246	34.5
A_PB1	509	3107	T	0	0	3107	37.8
A_PB1	510	3302	G	0	0	3302	34.5
A_PB1	511	3070	A	0	0	3070	35.8
A_PB1	512	3331	T	0	0	3331	34.7
A_PB1	513	3099	G	0	0	3099	36.1
A_PB1	514	2930	G	0	0	2930	37.8
A_PB1	515	2944	A	0	0	2944	34.2
A_PB1	516	3147	A	0	0	3147	35.0
A_PB1	517	3178	T	0	0	3178	35.1
A_PB1	518	3216	C	0	0	3216	34.1
A_PB1	519	2828	A	0	0	2828	37.7
A_PB1	520	3137	A	0	0	3137	35.9
A_PB1	521	3155	T	0	0	3155	34.5
A_PB1	522	2826	G	0	0	2826	37.7
A_PB1	523	2840	G	0	0	2840	34.3
A_PB1	524	2943	A	0	0	2943	34.6
A_PB1	525	2767	T	0	0	2767	36.0
A_PB1	526	3120	A	0	0	3120	36.8
A_PB1	527	2770	A	0	0	2770	37.0
A_PB1	528	2728	G	0	0	2728	35.9
A_PB1	529	3017	G	0	0	3017	34.3
A_PB1	530	2732	A	0	0	2732	35.2
A_PB1	531	3165	G	0	0	3165	37.8
A_PB1	532	2839	G	0	0	2839	37.4
A_PB1	533	2906	A	0	0	2906	34.4
A_PB1	534	3074	A	0	0	3074	34.5
A_PB1	535	3010	A	0	0	3010	34.5
A_PB1	536	2747	T	0	0	2747	34.9
A_PB1	537	3092	G	0	0	3092	35.6
A_PB1	538	2737	G	0	0	2737	36.6
A_PB1	539	2681	A	0	0	2681	36.0
A_PB1	540	3028	A	0	0	3028	35.0
A_PB1	541	2843	A	0	0	2843	35.6
A_PB1	542	2910	T	0	0	2910	34.1
A_PB1	543	2933	A	0	0	2933	34.8
A_PB1	544	2741	A	0	0	2741	36.7
A_PB1	545	2981	C	0	0	2981	35.9
A_PB1	546	2718	A	0	0	2718	35.9
A_PB1	547	2953	A	0	0	2953	35.4
A_PB1	548	2910	C	0	0	2910	35.5
A_PB1	549	2483	G	0	0	2483	37.3
A_PB1	550	2726	C	0	0	2726	35.6
A_PB1	551	2658	A	0	0	2658	35.4
A_PB1	552	2610	T	0	0	2610	34.0
A_PB1	553	2836	T	0	0	2836	36.4
A_PB1	554	2681	T	0	0	2681	35.9
A_PB1	555	2824	C	0	0	2824	37.9
A_PB1	556	2544	C	0	0	2544	36.5
A_PB1	557	2911	A	0	0	2911	35.6
A_PB1	558	2830	A	0	0	2830	35.2
A_PB1	559	2734	A	0	0	2734	36.7
A_PB1	560	2641	G	0	0	2641	37.2
A_PB1	561	2679	G	0	0	2679	37.6
A_PB1	562	2596	A	0	0	2596	37.4
A_PB1	563	2719	A	0	0	2719	36.1
A_PB1	564	2845	A	0	0	2845	34.9
A_PB1	565	2667	A	0	0	2667	36.3
A_PB1	566	2508	G	0	0	2508	35.4
A_PB1	567	2644	A	0	0	2644	36.7
A_PB1	568	2477	A	0	0	2477	36.6
A_PB1	569	2375	G	0	0	2375	37.4
A_PB1	570	2447	A	0	0	2447	36.9
A_PB1	571	2711	G	0	0	2711	36.2
A_PB1	572	2437	T	0	0	2437	35.6
A_PB1	573	2504	G	0	0	2504	34.6
A_PB1	574	2663	A	0	0	2663	34.3
A_PB1	575	2594	G	0	0	2594	37.5
A_PB1	576	2461	A	0	0	2461	36.3
A_PB1	577	2224	G	0	0	2224	36.6
A_PB1	578	2240	A	0	0	2240	36.6
A_PB1	579	2270	C	0	0	2270	34.6
A_PB1	580	2418	A	0	0	2418	35.4
A_PB1	581	2337	A	0	0	2337	37.6
A_PB1	582	2362	C	0	0	2362	35.9
A_PB1	583	2248	A	0	0	2248	35.6
A_PB1	584	2491	T	0	0	2491	37.6
A_PB1	585	2343	G	0	0	2343	34.2
A_PB1	586	2230	A	0	0	2230	34.7
A_PB1	587	2143	C	0	0	2143	35.4
A_PB1	588	2545	C	0	0	2545	35.3
A_PB1	589	2261	A	0	0	2261	34.8
A_PB1	590	2312	A	0	0	2312	37.8
A_PB1	591	2353	G	0	0	2353	34.2
A_PB1	592	2293	A	0	0	2293	36.9
A_PB1	593	2238	A	0	0	2238	37.9
A_PB1	594	2453	A	0	0	2453	34.6
A_PB1	595	2239	A	0	0	2239	34.3
A_PB1	596	2293	T	0	0	2293	35.7
A_PB1	597	2126	G	0	0	2126	36.6
A_PB1	598	2161	G	0	0	2161	34.6
A_PB1	599	2351	T	0	0	2351	37.3
A_PB1	600	2137	C	0	0	2137	34.9
A_PB1	601	2377	A	0	0	2377	37.2
A_PB1	602	2167	C	0	0	2167	35.8
A_PB1	603	2193	A	0	0	2193	34.0
A_PB1	604	2212	C	0	0	2212	34.8
A_PB1	605	2200	A	0	0	2200	35.5
A_PB1	606	2223	A	0	0	2223	34.3
A_PB1	607	1906	A	0	0	1906	34.6
A_PB1	608	2226	G	0	0	2226	37.2
A_PB1	609	2122	G	0	0	2122	36.6
A_PB1	610	2137	A	0	0	2137	36.6
A_PB1	611	1987	C	0	0	1987	36.4
A_PB1	612	1902	A	0	0	1902	37.5
A_PB1	613	2082	A	0	0	2082	37.3
A_PB1	614	1904	T	0	0	1904	36.1
A_PB1	615	1863	A	0	0	1863	34.8
A_PB1	616	2061	G	0	0	2061	38.0
A_PB1	617	2020	G	0	0	2020	37.6
A_PB1	618	2166	A	0	0	2166	34.8
A_PB1	619	1951	A	0	0	1951	37.4
A_PB1	620	1899	A	0	0	1899	35.4
A_PB1	621	2014	G	0	0	2014	34.4
A_PB1	622	1883	A	0	0	1883	35.2
A_PB1	623	1968	A	0	0	1968	36.8
A_PB1	624	1936	G	0	0	1936	35.5
A_PB1	625	1878	A	0	0	1878	35.6
A_PB1	626	2106	A	0	0	2106	34.5
A_PB1	627	2096	A	0	0	2096	34.8
A_PB1	628	1959	C	0	0	1959	37.8
A_PB1	629	2068	A	0	0	2068	35.7
A_PB1	630	1797	G	0	0	1797	37.6
A_PB1	631	1752	A	0	0	1752	34.3
A_PB1	632	1944	G	0	0	1944	37.6
A_PB1	633	2018	G	0	0	2018	34.1
A_PB1	634	2044	C	0	0	2044	34.8
A_PB1	635	1889	T	0	0	1889	38.0
A_PB1	636	1958	A	0	0	1958	37.1
A_PB1	637	2113	A	0	0	2113	35.1
A_PB1	638	1882	A	0	0	1882	34.8
A_PB1	639	1878	T	0	0	1878	34.3
A_PB1	640	1803	A	0	0	1803	35.6
A_PB1	641	1595	A	0	0	1595	35.6
A_PB1	642	1780	A	0	0	1780	36.0
A_PB1	643	1879	A	0	0	1879	37.2
A_PB1	644	1944	A	0	0	1944	37.7
A_PB1	645	1967	G	0	0	1967	34.6
A_PB1	646	1879	A	0	0	1879	36.4
A_PB1	647	1781	G	0	0	1781	34.3
A_PB1	648	1783	C	0	0	1783	37.0
A_PB1	649	2004	T	0	0	2004	34.9
A_PB1	650	1940	A	0	0	1940	35.7
A_PB1	651	2035	T	0	0	2035	36.1
A_PB1	652	1892	C	0	0	1892	36.5
A_PB1	653	1908	T	0	0	1908	34.9
A_PB1	654	2021	A	0	0	2021	37.6
A_PB1	655	1673	A	0	0	1673	35.2
A_PB1	656	2004	T	0	0	2004	35.6
A_PB1	657	2028	A	0	0	2028	37.0
A_PB1	658	1700	A	0	0	1700	37.0
A_PB1	659	1878	G	0	0	1878	34.8
A_PB1	660	1599	A	0	0	1599	37.6
A_PB1	661	1822	G	0	0	1822	37.6
A_PB1	662	1848	C	0	0	1848	37.2
A_PB1	663	1869	A	0	0	1869	36.3
A_PB1	664	1676	T	0	0	1676	37.1
A_PB1	665	1968	T	0	0	1968	36.2
A_PB1	666	1699	G	0	0	1699	34.8
A_PB1	667	1977	A	0	0	1977	34.8
A_PB1	668	1912	C	0	0	1912	37.1
A_PB1	669	1768	A	0	0	1768	34.9
A_PB1	670	2055	C	0	0	2055	34.9
A_PB1	671	1788	T	0	0	1788	35.4
A_PB1	672	1759	G	0	0	1759	36.6
A_PB1	673	1763	A	0	0	1763	35.6
A_PB1	674	1793	A	0	0	1793	34.1
A_PB1	675	1958	C	0	0	1958	37.0
A_PB1	676	1726	A	0	0	1726	37.4
A_PB1	677	1882	C	0	0	1882	35.3
A_PB1	678	1901	G	0	0	1901	36.9
A_PB1	679	1802	A	0	0	1802	37.5
A_PB1	680	1634	T	0	0	1634	35.2
A_PB1	681	1841	G	0	0	1841	37.3
A_PB1	682	1813	A	0	0	1813	34.8
A_PB1	683	1937	C	0	0	1937	37.6
A_PB1	684	1792	A	0	0	1792	35.6
A_PB1	685	1889	A	0	0	1889	34.7
A_PB1	686	1754	A	0	0	1754	37.3
A_PB1	687	1814	A	0	0	1814	36.4
A_PB1	688	2069	G	0	0	2069	35.2
A_PB1	689	1773	A	0	0	1773	34.0
A_PB1	690	1693	C	0	0	1693	36.1
A_PB1	691	2017	G	0	0	2017	36.1
A_PB1	692	1713	C	0	0	1713	37.9
A_PB1	693	1655	C	0	0	1655	36.3
A_PB1	694	1672	G	0	0	1672	34.7
A_PB1	695	1678	A	0	0	1678	35.9
A_PB1	696	1740	A	0	0	1740	34.5
A_PB1	697	1866	A	0	0	1866	37.9
A_PB1	698	1743	G	0	0	1743	37.7
A_PB1	699	1760	A	0	0	1760	37.8
A_PB1	700	1964	G	0	0	1964	34.5
A_PB1	701	1789	G	0	0	1789	37.2
A_PB1	702	1814	C	0	0	1814	34.9
A_PB1	703	1975	A	0	0	1975	36.0
A_PB1	704	1886	A	0	0	1886	34.0
A_PB1	705	1880	A	0	0	1880	34.2
A_PB1	706	1870	T	0	0	1870	34.7
A_PB1	707	1993	T	0	0	1993	35.9
A_PB1	708	1977	A	0	0	1977	37.8
A_PB1	709	1856	A	0	0	1856	34.9
A_PB1	710	2030	A	0	0	2030	37.6
A_PB1	711	2071	A	0	0	2071	35.3
A_PB1	712	2065	A	0	0	2065	35.9
A_PB1	713	2079	G	0	0	2079	37.0
A_PB1	714	1822	A	0	0	1822	35.7
A_PB1	715	1861	A	0	0	1861	35.6
A_PB1	716	1929	G	0	0	1929	34.1
A_PB1	717	1755	G	0	0	1755	35.1
A_PB1	718	2176	G	0	0	2176	35.3
A_PB1	719	2030	C	0	0	2030	37.0
A_PB1	720	1670	A	0	0	1670	34.6
A_PB1	721	2115	A	0	0	2115	35.8
A_PB1	722	2103	T	0	0	2103	34.9
A_PB1	723	2089	T	0	0	2089	36.8
A_PB1	724	1941	G	0	0	1941	35.0
A_PB1	725	2332	C	0	0	2332	37.1
A_PB1	726	2327	G	0	0	2327	36.8
A_PB1	727	1889	A	0	0	1889	37.3
A_PB1	728	1953	C	0	0	1953	37.2
A_PB1	729	2121	A	0	0	2121	36.7
A_PB1	730	2149	C	0	0	2149	34.2
A_PB1	731	2114	C	0	0	2114	37.3
A_PB1	732	2054	T	0	0	2054	34.9
A_PB1	733	1761	G	0	0	1761	35.3
A_PB1	734	2171	G	0	0	2171	35.9
A_PB1	735	2086	A	0	0	2086	35.1
A_PB1	736	1935	A	0	0	1935	35.2
A_PB1	737	2098	T	0	0	2098	36.3
A_PB1	738	2041	G	0	0	2041	35.7
A_PB1	739	1996	C	0	0	1996	37.3
A_PB1	740	2120	A	0	0	2120	34.1
A_PB1	741	2173	A	0	0	2173	34.4
A_PB1	742	2189	A	0	0	2189	34.7
A_PB1	743	2165	T	0	0	2165	36.5
A_PB1	744	1979	C	0	0	1979	35.0
A_PB1	745	2046	A	0	0	2046	36.0
A_PB1	746	2036	G	0	0	2036	35.1
A_PB1	747	2040	A	0	0	2040	35.8
A_PB1	748	1912	G	0	0	1912	37.8
A_PB1	749	2087	G	0	0	2087	37.3
A_PB1	750	2090	G	0	0	2090	38.0
A_PB1	751	2270	T	0	0	2270	36.4
A_PB1	752	2529	T	0	0	2529	35.2
A_PB1	753	2220	T	0	0	2220	34.2
A_PB1	754	2096	G	0	0	2096	36.5
A_PB1	755	2199	T	0	0	2199	37.5
A_PB1	756	2344	G	0	0	2344	36.0
A_PB1	757	2198	T	0	0	2198	38.0
A_PB1	758	1956	A	0	0	1956	37.6
A_PB1	759	2323	C	0	0	2323	34.5
A_PB1	760	2211	T	0	0	2211	34.1
A_PB1	761	2325	T	0	0	2325	34.8
A_PB1	762	2084	T	0	0	2084	36.5
A_PB1	763	2241	G	0	0	2241	34.7
A_PB1	764	1972	T	0	0	1972	36.8
A_PB1	765	2372	T	0	0	2372	37.9
A_PB1	766	2395	G	0	0	2395	36.8
A_PB1	767	2279	A	0	0	2279	37.6
A_PB1	768	2214	A	0	0	2214	35.1
A_PB1	769	2170	A	0	0	2170	34.3
A_PB1	770	2291	C	0	0	2291	35.7
A_PB1	771	2303	A	0	0	2303	35.4
A_PB1	772	2248	T	0	0	2248	37.4
A_PB1	773	1965	T	0	0	1965	34.7
A_PB1	774	2300	A	0	0	2300	37.0
A_PB1	775	2217	G	0	0	2217	37.1
A_PB1	776	2092	C	0	0	2092	35.9
A_PB1	777	2305	G	0	0	2305	34.8
A_PB1	778	2297	A	0	0	2297	36.9
A_PB1	779	2126	G	0	0	2126	34.3
A_PB1	780	2245	G	0	0	2245	37.4
A_PB1	781	2546	A	0	0	2546	37.7
A_PB1	782	2316	G	0	0	2316	37.6
A_PB1	783	2455	C	0	0	2455	35.2
A_PB1	784	2622	A	0	0	2622	35.8
A_PB1	785	2202	T	0	0	2202	34.3
A_PB1	786	2448	T	0	0	2448	37.9
A_PB1	787	2537	T	0	0	2537	37.2
A_PB1	788	2125	G	0	0	2125	34.9
A_PB1	789	2271	T	0	0	2271	36.5
A_PB1	790	2340	G	0	0	2340	37.0
A_PB1	791	2110	A	0	0	2110	34.0
A_PB1	792	2387	T	0	0	2387	37.4
A_PB1	793	2392	A	0	0	2392	35.5
A_PB1	794	2266	A	0	0	2266	37.3
A_PB1	795	2297	G	0	0	2297	35.5
A_PB1	796	2322	C	0	0	2322	37.8
A_PB1	797	2455	T	0	0	2455	37.9
A_PB1	798	2568	T	0	0	2568	35.5
A_PB1	799	2421	G	0	0	2421	34.9
A_PB1	800	2190	A	0	0	2190	34.7
A_PB1	801	2357	A	0	0	2357	37.2
A_PB1	802	2508	C	0	0	2508	34.5
A_PB1	803	2503	A	0	0	2503	36.8
A_PB1	804	2501	A	0	0	2501	34.0
A_PB1	805	2296	T	0	0	2296	35.9
A_PB1	806	2538	C	0	0	2538	34.4
A_PB1	807	2735	T	0	0	2735	37.2
A_PB1	808	2446	G	0	0	2446	35.0
A_PB1	809	2504	G	0	0	2504	36.9
A_PB1	810	2388	A	0	0	2388	35.5
A_PB1	811	2408	C	0	0	2408	35.8
A_PB1	812	2428	T	0	0	2428	36.7
A_PB1	813	2372	C	0	0	2372	36.1
A_PB1	814	2485	C	0	0	2485	36.0
A_PB1	815	2277	C	0	0	2277	35.1
A_PB1	816	2425	A	0	0	2425	34.4
A_PB1	817	2164	G	0	0	2164	34.5
A_PB1	818	2503	T	0	0	2503	34.1
A_PB1	819	2313	T	0	0	2313	34.3
A_PB1	820	2269	G	0	0	2269	36.1
A_PB1	821	2402	G	0	0	2402	38.0
A_PB1	822	2365	G	0	0	2365	35.8
A_PB1	823	2260	G	0	0	2260	36.8
A_PB1	824	2224	G	0	0	2224	36.7
A_PB1	825	2347	C	0	0	2347	34.7
A_PB1	826	2374	A	0	0	2374	34.7
A_PB1	827	2315	A	0	0	2315	36.1
A_PB1	828	2411	T	0	0	2411	36.2
A_PB1	829	2103	G	0	0	2103	36.1
A_PB1	830	2536	A	0	0	2536	35.2
A_PB1	831	2303	A	0	0	2303	35.3
A_PB1	832	2264	A	0	0	2264	36.3
A_PB1	833	2309	A	0	0	2309	37.1
A_PB1	834	2226	G	0	0	2226	36.9
A_PB1	835	2435	A	0	0	2435	36.2
A_PB1	836	2243	A	0	0	2243	35.3
A_PB1	837	2287	G	0	0	2287	37.3
A_PB1	838	2385	G	0	0	2385	34.7
A_PB1	839	2274	C	0	0	2274	37.1
A_PB1	840	2265	T	0	0	2265	36.8
A_PB1	841	2525	A	0	0	2525	37.1
A_PB1	842	2266	A	0	0	2266	34.5
A_PB1	843	2195	A	0	0	2195	34.5
A_PB1	844	2329	C	0	0	2329	37.3
A_PB1	845	2319	T	0	0	2319	37.6
A_PB1	846	2325	G	0	0	2325	36.7
A_PB1	847	2251	G	0	0	2251	34.5
A_PB1	848	2056	C	0	0	2056	37.0
A_PB1	849	2385	A	0	0	2385	37.4
A_PB1	850	2352	A	0	0	2352	35.8
A_PB1	851	2424	A	0	0	2424	35.4
A_PB1	852	2364	T	0	0	2364	34.2
A_PB1	853	2424	G	0	0	2424	34.8
A_PB1	854	2497	T	0	0	2497	36.3
A_PB1	855	2306	T	0	0	2306	34.5
A_PB1	856	2426	G	0	0	2426	37.0
A_PB1	857	2340	T	0	0	2340	36.7
A_PB1	858	2390	G	0	0	2390	36.5
A_PB1	859	2434	A	0	0	2434	36.7
A_PB1	860	2454	G	0	0	2454	37.4
A_PB1	861	2796	A	0	0	2796	36.4
A_PB1	862	2332	A	0	0	2332	34.3
A_PB1	863	2397	A	0	0	2397	35.0
A_PB1	864	2306	A	0	0	2306	34.2
A_PB1	865	2359	A	0	0	2359	37.4
A_PB1	866	2218	T	0	0	2218	36.4
A_PB1	867	2445	G	0	0	2445	34.7
A_PB1	868	2481	A	0	0	2481	36.3
A_PB1	869	2253	T	0	0	2253	37.8
A_PB1	870	2335	G	0	0	2335	37.9
A_PB1	871	2572	A	0	0	2572	35.7
A_PB1	872	2382	C	0	0	2382	34.8
A_PB1	873	2373	T	0	0	2373	36.5
A_PB1	874	2310	A	0	0	2310	36.9
A_PB1	875	2423	A	0	0	2423	36.0
A_PB1	876	2541	T	0	0	2541	37.7
A_PB1	877	2312	T	0	0	2312	34.5
A_PB1	878	2315	C	0	0	2315	36.9
A_PB1	879	2018	G	0	0	2018	36.1
A_PB1	880	2274	C	0	0	2274	37.9
A_PB1	881	2178	A	0	0	2178	35.8
A_PB1	882	2165	G	0	0	2165	37.5
A_PB1	883	2240	G	0	0	2240	35.5
A_PB1	884	2040	A	0	0	2040	37.1
A_PB1	885	2263	C	0	0	2263	36.3
A_PB1	886	2619	A	0	0	2619	37.2
A_PB1	887	2284	C	0	0	2284	36.4
A_PB1	888	2316	A	0	0	2316	34.6
A_PB1	889	2563	G	0	0	2563	36.9
A_PB1	890	2394	A	0	0	2394	34.4
A_PB1	891	2358	G	0	0	2358	34.9
A_PB1	892	2141	C	0	0	2141	36.6
A_PB1	893	2351	T	0	0	2351	37.1
A_PB1	894	2295	C	0	0	2295	36.8
A_PB1	895	2258	T	0	0	2258	34.8
A_PB1	896	2365	C	0	0	2365	35.9
A_PB1	897	2171	C	0	0	2171	36.6
A_PB1	898	2409	T	0	0	2409	36.5
A_PB1	899	2244	T	0	0	2244	34.3
A_PB1	900	2315	C	0	0	2315	36.1
A_PB1	901	2315	A	0	0	2315	37.5
A_PB1	902	2409	C	0	0	2409	36.4
A_PB1	903	2231	A	0	0	2231	37.2
A_PB1	904	2324	A	0	0	2324	36.0
A_PB1	905	2757	T	0	0	2757	34.8
A_PB1	906	2269	C	0	0	2269	35.8
A_PB1	907	2203	A	0	0	2203	35.3
A_PB1	908	2326	C	0	0	2326	37.2
A_PB1	909	2208	T	0	0	2208	34.8
A_PB1	910	2449	G	0	0	2449	35.0
A_PB1	911	2099	G	0	0	2099	36.9
A_PB1	912	2315	A	0	0	2315	34.6
A_PB1	913	2145	G	0	0	2145	34.5
A_PB1	914	2279	A	0	0	2279	35.1
A_PB1	915	2132	C	0	0	2132	35.4
A_PB1	916	2167	A	0	0	2167	37.4
A_PB1	917	2290	A	0	0	2290	37.4
A_PB1	918	2418	C	0	0	2418	36.8
A_PB1	919	2114	A	0	0	2114	35.7
A_PB1	920	2035	C	0	0	2035	37.6
A_PB1	921	2187	C	0	0	2187	35.4
A_PB1	922	2241	A	0	0	2241	34.1
A_PB1	923	2337	A	0	0	2337	35.6
A_PB1	924	2164	A	0	0	2164	35.1
A_PB1	925	2456	T	0	0	2456	37.4
A_PB1	926	2183	G	0	0	2183	35.8
A_PB1	927	1968	G	0	0	1968	36.8
A_PB1	928	2194	A	0	0	2194	34.3
A_PB1	929	2244	A	0	0	2244	35.7
A_PB1	930	2154	T	0	0	2154	37.5
A_PB1	931	2202	G	0	0	2202	36.7
A_PB1	932	2044	A	0	0	2044	37.7
A_PB1	933	2189	A	0	0	2189	36.0
A_PB1	934	2201	A	0	0	2201	35.9
A_PB1	935	2096	A	0	0	2096	35.7
A_PB1	936	1981	T	0	0	1981	34.6
A_PB1	937	2272	C	0	0	2272	35.9
A_PB1	938	2189	A	0	0	2189	35.5
A_PB1	939	2244	G	0	0	2244	36.9
A_PB1	940	2151	A	0	0	2151	37.0
A_PB1	941	2229	A	0	0	2229	37.3
A_PB1	942	2122	C	0	0	2122	34.5
A_PB1	943	2324	C	0	0	2324	36.1
A_PB1	944	2186	C	0	0	2186	36.5
A_PB1	945	2217	T	0	0	2217	34.1
A_PB1	946	2251	A	0	0	2251	34.8
A_PB1	947	2443	G	0	0	2443	37.1
A_PB1	948	2296	G	0	0	2296	35.7
A_PB1	949	2286	A	0	0	2286	36.3
A_PB1	950	2304	T	0	0	2304	37.3
A_PB1	951	2183	G	0	0	2183	35.1
A_PB1	952	2118	T	0	0	2118	35.2
A_PB1	953	2391	T	0	0	2391	34.5
A_PB1	954	2350	T	0	0	2350	36.5
A_PB1	955	2326	C	0	0	2326	34.2
A_PB1	956	2258	T	0	0	2258	36.1
A_PB1	957	2503	G	0	0	2503	36.1
A_PB1	958	2250	G	0	0	2250	35.6
A_PB1	959	2350	C	0	0	2350	34.1
A_PB1	960	2311	A	0	0	2311	37.5
A_PB1	961	2406	A	0	0	2406	34.0
A_PB1	962	2309	T	0	0	2309	35.0
A_PB1	963	2473	G	0	0	2473	37.9
A_PB1	964	2144	A	0	0	2144	37.8
A_PB1	965	2392	T	0	0	2392	35.1
A_PB1	966	1959	A	0	0	1959	34.8
A_PB1	967	2423	A	0	0	2423	35.2
A_PB1	968	2405	C	0	0	2405	34.9
A_PB1	969	2282	A	0	0	2282	35.2
A_PB1	970	2442	T	0	0	2442	34.1
A_PB1	971	2218	A	0	0	2218	36.5
A_PB1	972	2396	T	0	0	2396	36.8
A_PB1	973	2142	A	0	0	2142	35.2
A_PB1	974	2128	T	0	0	2128	35.5
A_PB1	975	2621	A	0	0	2621	36.6
A_PB1	976	2402	A	0	0	2402	34.4
A_PB1	977	2549	C	0	0	2549	35.0
A_PB1	978	2351	A	0	0	2351	37.1
A_PB1	979	2278	A	0	0	2278	35.5
A_PB1	980	2364	G	0	0	2364	37.5
A_PB1	981	2313	G	0	0	2313	37.3
A_PB1	982	2059	A	0	0	2059	35.1
A_PB1	983	2335	A	0	0	2335	35.1
A_PB1	984	2406	C	0	0	2406	34.2
A_PB1	985	2360	C	0	0	2360	38.0
A_PB1	986	2372	A	0	0	2372	34.9
A_PB1	987	2331	A	0	0	2331	36.9
A_PB1	988	2343	C	0	0	2343	34.3
A_PB1	989	2184	C	0	0	2184	37.6
A_PB1	990	2430	T	0	0	2430	36.3
A_PB1	991	2400	G	0	0	2400	36.2
A_PB1	992	2404	A	0	0	2404	36.7
A_PB1	993	2269	A	0	0	2269	36.7
A_PB1	994	2362	T	0	0	2362	35.9
A_PB1	995	2410	G	0	0	2410	37.3
A_PB1	996	2496	G	0	0	2496	36.9
A_PB1	997	2253	T	0	0	2253	36.3
A_PB1	998	2486	T	0	0	2486	36.1
A_PB1	999	2700	C	0	0	2700	36.8
A_PB1	1000	2542	A	0	0	2542	34.8
A_PB1	1001	2709	G	0	0	2709	35.5
A_PB1	1002	2721	G	0	0	2721	37.2
A_PB1	1003	2684	A	0	0	2684	36.5
A_PB1	1004	2564	A	0	0	2564	34.6
A_PB1	1005	2677	T	0	0	2677	35.8
A_PB1	1006	2430	G	0	0	2430	37.6
A_PB1	1007	2545	T	0	0	2545	35.1
A_PB1	1008	2601	C	0	0	2601	36.3
A_PB1	1009	2557	T	0	0	2557	37.7
A_PB1	1010	2686	T	0	0	2686	37.0
A_PB1	1011	2530	G	0	0	2530	36.3
A_PB1	1012	2417	A	0	0	2417	35.6
A_PB1	1013	2819	G	0	0	2819	36.5
A_PB1	1014	2996	C	0	0	2996	37.5
A_PB1	1015	2519	A	0	0	2519	34.4
A_PB1	1016	2370	T	0	0	2370	37.7
A_PB1	1017	2423	T	0	0	2423	37.5
A_PB1	1018	2670	G	0	0	2670	34.0
A_PB1	1019	2408	C	0	0	2408	37.7
A_PB1	1020	2684	A	0	0	2684	37.8
A_PB1	1021	2845	C	0	0	2845	36.4
A_PB1	1022	2631	C	0	0	2631	37.9
A_PB1	1023	2648	T	0	0	2648	35.1
A_PB1	1024	2398	A	0	0	2398	34.3
A_PB1	1025	2620	T	0	0	2620	34.3
A_PB1	1026	2711	A	0	0	2711	38.0
A_PB1	1027	3024	A	0	0	3024	35.7
A_PB1	1028	2690	T	0	0	2690	34.6
A_PB1	1029	2787	G	0	0	2787	34.2
A_PB1	1030	2981	T	0	0	2981	34.8
A_PB1	1031	2667	T	0	0	2667	35.6
A_PB1	1032	2799	C	0	0	2799	36.5
A_PB1	1033	2775	T	0	0	2775	35.2
A_PB1	1034	2881	C	0	0	2881	36.4
A_PB1	1035	2976	A	0	0	2976	36.6
A_PB1	1036	2584	A	0	0	2584	34.2
A_PB1	1037	3072	A	0	0	3072	37.5
A_PB1	1038	2602	T	0	0	2602	34.8
A_PB1	1039	2930	A	0	0	2930	36.0
A_PB1	1040	2630	A	0	0	2630	37.4
A_PB1	1041	2898	A	0	0	2898	34.4
A_PB1	1042	2903	A	0	0	2903	36.0
A_PB1	1043	2692	T	0	0	2692	37.9
A_PB1	1044	2633	G	0	0	2633	37.9
A_PB1	1045	2471	G	0	0	2471	36.8
A_PB1	1046	2835	C	0	0	2835	35.6
A_PB1	1047	3056	A	0	0	3056	35.4
A_PB1	1048	2786	A	0	0	2786	38.0
A_PB1	1049	2948	G	0	0	2948	36.4
A_PB1	1050	2867	A	0	0	2867	38.0
A_PB1	1051	3014	C	0	0	3014	34.8
A_PB1	1052	2748	T	0	0	2748	34.0
A_PB1	1053	3089	A	0	0	3089	34.1
A_PB1	1054	3196	G	0	0	3196	37.6
A_PB1	1055	3041	G	0	0	3041	34.1
A_PB1	1056	2890	G	0	0	2890	36.6
A_PB1	1057	3066	A	0	0	3066	36.4
A_PB1	1058	2848	A	0	0	2848	35.7
A_PB1	1059	2703	A	0	0	2703	36.5
A_PB1	1060	2749	G	0	0	2749	34.3
A_PB1	1061	2767	G	0	0	2767	36.3
A_PB1	1062	3157	G	0	0	3157	34.4
A_PB1	1063	2799	T	0	0	2799	34.4
A_PB1	1064	3477	A	0	0	3477	34.6
A_PB1	1065	2879	C	0	0	2879	34.7
A_PB1	1066	3078	A	0	0	3078	35.8
A_PB1	1067	3415	T	0	0	3415	37.9
A_PB1	1068	3302	G	0	0	3302	35.7
A_PB1	1069	2996	T	0	0	2996	34.8
A_PB1	1070	3518	T	0	0	3518	34.9
A_PB1	1071	3400	C	0	0	3400	37.6
A_PB1	1072	3475	G	0	0	3475	36.5
A_PB1	1073	3111	A	0	0	3111	35.4
A_PB1	1074	3118	A	0	0	3118	35.0
A_PB1	1075	2919	A	0	0	2919	34.4
A_PB1	1076	3573	G	0	0	3573	37.9
A_PB1	1077	3115	T	0	0	3115	37.1
A_PB1	1078	3084	A	0	0	3084	37.1
A_PB1	1079	3309	A	0	0	3309	37.8
A_PB1	1080	3253	G	0	0	3253	34.4
A_PB1	1081	3106	A	0	0	3106	35.7
A_PB1	1082	3584	G	0	0	3584	37.0
A_PB1	1083	3131	C	0	0	3131	37.2
A_PB1	1084	3037	A	0	0	3037	35.2
A_PB1	1085	3342	T	0	0	3342	37.3
A_PB1	1086	3496	G	0	0	3496	34.2
A_PB1	1087	3174	A	0	0	3174	34.1
A_PB1	1088	3428	A	0	0	3428	37.8
A_PB1	1089	3449	G	0	0	3449	34.5
A_PB1	1090	3372	C	0	0	3372	37.8
A_PB1	1091	3515	T	0	0	3515	35.2
A_PB1	1092	3134	C	0	0	3134	37.3
A_PB1	1093	3565	C	0	0	3565	37.9
A_PB1	1094	3171	G	0	0	3171	34.4
A_PB1	1095	3511	A	0	0	3511	34.2
A_PB1	1096	3589	A	0	0	3589	35.5
A_PB1	1097	3688	C	0	0	3688	35.6
A_PB1	1098	3598	A	0	0	3598	36.5
A_PB1	1099	3342	C	0	0	3342	35.2
A_PB1	1100	3535	A	0	0	3535	37.4
A_PB1	1101	3199	A	0	0	3199	37.4
A_PB1	1102	3506	A	0	0	3506	36.1
A_PB1	1103	3451	T	0	0	3451	34.7
A_PB1	1104	3335	A	0	0	3335	37.9
A_PB1	1105	3104	C	0	0	3104	34.6
A_PB1	1106	3610	C	0	0	3610	34.5
A_PB1	1107	3103	A	0	0	3103	37.7
A_PB1	1108	3610	G	0	0	3610	34.1
A_PB1	1109	3566	C	0	0	3566	36.2
A_PB1	1110	3518	A	0	0	3518	35.1
A_PB1	1111	3611	G	0	0	3611	34.5
A_PB1	1112	3596	A	0	0	3596	34.7
A_PB1	1113	3209	A	0	0	3209	35.2
A_PB1	1114	3304	A	0	0	3304	35.4
A_PB1	1115	3448	T	0	0	3448	36.9
A_PB1	1116	3698	G	0	0	3698	37.9
A_PB1	1117	3617	C	0	0	3617	37.7
A_PB1	1118	3408	T	0	0	3408	36.9
A_PB1	1119	3434	A	0	0	3434	34.5
A_PB1	1120	3184	G	0	0	3184	36.4
A_PB1	1121	3311	C	0	0	3311	35.4
A_PB1	1122	3340	A	0	0	3340	37.2
A_PB1	1123	3067	A	0	0	3067	35.0
A_PB1	1124	3683	G	0	0	3683	36.4
A_PB1	1125	3314	C	0	0	3314	35.9
A_PB1	1126	3529	A	0	0	3529	34.5
A_PB1	1127	3540	T	0	0	3540	37.9
A_PB1	1128	3606	T	0	0	3606	37.5
A_PB1	1129	3614	G	0	0	3614	36.8
A_PB1	1130	3315	A	0	0	3315	34.3
A_PB1	1131	3347	T	0	0	3347	37.6
A_PB1	1132	3442	C	0	0	3442	37.2
A_PB1	1133	3673	T	0	0	3673	36.9
A_PB1	1134	3364	G	0	0	3364	37.0
A_PB1	1135	3481	A	0	0	3481	37.0
A_PB1	1136	3760	A	0	0	3760	37.0
A_PB1	1137	3581	G	0	0	3581	37.0
A_PB1	1138	3342	T	0	0	3342	36.1
A_PB1	1139	3464	A	0	0	3464	36.8
A_PB1	1140	3318	T	0	0	3318	34.3
A_PB1	1141	3350	T	0	0	3350	34.7
A_PB1	1142	3174	T	0	0	3174	34.2
A_PB1	1143	3566	C	0	0	3566	37.7
A_PB1	1144	3969	A	0	0	3969	35.9
A_PB1	1145	3568	A	0	0	3568	35.3
A_PB1	1146	3633	T	0	0	3633	36.3
A_PB1	1147	3388	G	0	0	3388	37.3
A_PB1	1148	3569	A	0	0	3569	37.4
A_PB1	1149	3134	G	0	0	3134	36.7
A_PB1	1150	3428	T	0	0	3428	37.4
A_PB1	1151	3562	C	0	0	3562	34.3
A_PB1	1152	3457	A	0	0	3457	37.1
A_PB1	1153	3234	A	0	0	3234	34.1
A_PB1	1154	3313	C	0	0	3313	37.5
A_PB1	1155	3424	A	0	0	3424	34.8
A_PB1	1156	3500	A	0	0	3500	35.3
A_PB1	1157	3656	G	0	0	3656	34.2
A_PB1	1158	3565	A	0	0	3565	34.1
A_PB1	1159	3362	A	0	0	3362	37.2
A_PB1	1160	3186	A	0	0	3186	35.4
A_PB1	1161	4121	G	0	0	4121	34.6
A_PB1	1162	3461	A	0	0	3461	36.8
A_PB1	1163	3508	A	0	0	3508	37.8
A_PB1	1164	3205	A	0	0	3205	36.4
A_PB1	1165	3147	A	0	0	3147	34.3
A_PB1	1166	3415	T	0	0	3415	36.2
A_PB1	1167	3485	A	0	0	3485	37.7
A_PB1	1168	3197	G	0	0	3197	34.3
A_PB1	1169	3341	A	0	0	3341	36.2
A_PB1	1170	3266	G	0	0	3266	35.9
A_PB1	1171	3309	A	0	0	3309	34.4
A_PB1	1172	3549	A	0	0	3549	36.0
A_PB1	1173	3194	G	0	0	3194	34.8
A_PB1	1174	3533	A	0	0	3533	34.0
A_PB1	1175	3412	T	0	0	3412	36.2
A_PB1	1176	3533	A	0	0	3533	37.2
A_PB1	1177	3263	A	0	0	3263	35.8
A_PB1	1178	3502	G	0	0	3502	35.0
A_PB1	1179	3474	A	0	0	3474	37.0
A_PB1	1180	3570	C	0	0	3570	37.5
A_PB1	1181	3148	C	0	0	3148	34.1
A_PB1	1182	3320	T	0	0	3320	36.7
A_PB1	1183	3130	C	0	0	3130	36.1
A_PB1	1184	3331	T	0	0	3331	35.2
A_PB1	1185	3418	T	0	0	3418	34.5
A_PB1	1186	3365	C	0	0	3365	37.3
A_PB1	1187	3371	T	0	0	3371	37.2
A_PB1	1188	3405	A	0	0	3405	37.1
A_PB1	1189	3517	A	0	0	3517	35.2
A_PB1	1190	2870	T	0	0	2870	36.9
A_PB1	1191	3222	A	0	0	3222	35.1
A_PB1	1192	3151	G	0	0	3151	35.6
A_PB1	1193	3419	A	0	0	3419	37.4
A_PB1	1194	3311	T	0	0	3311	37.3
A_PB1	1195	3619	G	0	0	3619	37.3
A_PB1	1196	3469	G	0	0	3469	37.2
A_PB1	1197	3009	T	0	0	3009	34.8
A_PB1	1198	3277	A	0	0	3277	37.5
A_PB1	1199	2899	C	0	0	2899	37.8
A_PB1	1200	3391	A	0	0	3391	34.2
A_PB1	1201	3088	G	0	0	3088	37.4
A_PB1	1202	2885	C	0	0	2885	37.4
A_PB1	1203	3225	C	0	0	3225	37.1
A_PB1	1204	2968	T	0	0	2968	36.5
A_PB1	1205	3129	C	0	0	3129	34.7
A_PB1	1206	3206	A	0	0	3206	37.9
A_PB1	1207	2801	T	0	0	2801	37.3
A_PB1	1208	3282	T	0	0	3282	36.5
A_PB1	1209	3306	A	0	0	3306	37.7
A_PB1	1210	3332	A	0	0	3332	37.3
A_PB1	1211	3124	G	0	0	3124	35.7
A_PB1	1212	2972	C	0	0	2972	37.6
A_PB1	1213	3149	C	0	0	3149	37.5
A_PB1	1214	2843	C	0	0	2843	34.5
A_PB1	1215	3222	A	0	0	3222	37.4
A_PB1	1216	3429	G	0	0	3429	37.6
A_PB1	1217	2916	G	0	0	2916	37.4
A_PB1	1218	3194	A	0	0	3194	35.9
A_PB1	1219	3310	A	0	0	3310	36.1
A_PB1	1220	2636	T	0	0	2636	35.8
A_PB1	1221	2940	G	0	0	2940	36.3
A_PB1	1222	2470	A	0	0	2470	37.0
A_PB1	1223	2698	T	0	0	2698	37.7
A_PB1	1224	2783	G	0	0	2783	35.5
A_PB1	1225	2837	A	0	0	2837	37.8
A_PB1	1226	3047	T	0	0	3047	37.9
A_PB1	1227	2948	G	0	0	2948	37.3
A_PB1	1228	2722	G	0	0	2722	34.5
A_PB1	1229	2849	G	0	0	2849	34.6
A_PB1	1230	2872	C	0	0	2872	37.4
A_PB1	1231	2612	A	0	0	2612	34.9
A_PB1	1232	2843	T	0	0	2843	34.2
A_PB1	1233	2927	G	0	0	2927	35.3
A_PB1	1234	2932	T	0	0	2932	34.5
A_PB1	1235	2827	T	0	0	2827	34.6
A_PB1	1236	2500	C	0	0	2500	35.2
A_PB1	1237	2868	A	0	0	2868	35.3
A_PB1	1238	2609	A	0	0	2609	37.9
A_PB1	1239	2571	T	0	0	2571	37.7
A_PB1	1240	2408	A	0	0	2408	34.9
A_PB1	1241	2846	T	0	0	2846	37.4
A_PB1	1242	2676	G	0	0	2676	36.4
A_PB1	1243	2752	C	0	0	2752	35.4
A_PB1	1244	2601	T	0	0	2601	37.6
A_PB1	1245	2781	G	0	0	2781	34.2
A_PB1	1246	2604	A	0	0	2604	34.4
A_PB1	1247	2947	G	0	0	2947	35.0
A_PB1	1248	2607	T	0	0	2607	36.9
A_PB1	1249	2391	A	0	0	2391	34.5
A_PB1	1250	2573	C	0	0	2573	37.1
A_PB1	1251	2653	A	0	0	2653	36.6
A_PB1	1252	2606	G	0	0	2606	36.4
A_PB1	1253	2533	T	0	0	2533	37.9
A_PB1	1254	2294	T	0	0	2294	36.1
A_PB1	1255	2707	T	0	0	2707	35.6
A_PB1	1256	2717	T	0	0	2717	37.6
A_PB1	1257	2479	G	0	0	2479	34.7
A_PB1	1258	2543	G	0	0	2543	36.1
A_PB1	1259	2794	G	0	0	2794	34.1
A_PB1	1260	2375	A	0	0	2375	36.9
A_PB1	1261	2415	G	0	0	2415	34.1
A_PB1	1262	2644	T	0	0	2644	37.8
A_PB1	1263	2811	T	0	0	2811	34.8
A_PB1	1264	2548	T	0	0	2548	35.1
A_PB1	1265	2589	C	0	0	2589	37.7
A_PB1	1266	2648	G	0	0	2648	35.3
A_PB1	1267	2645	A	0	0	2645	36.9
A_PB1	1268	2503	T	0	0	2503	34.4
A_PB1	1269	2427	T	0	0	2427	34.3
A_PB1	1270	2464	C	0	0	2464	36.9
A_PB1	1271	2295	T	0	0	2295	36.5
A_PB1	1272	2311	A	0	0	2311	37.5
A_PB1	1273	2692	A	0	0	2692	37.4
A_PB1	1274	2513	A	0	0	2513	37.6
A_PB1	1275	2609	T	0	0	2609	36.2
A_PB1	1276	2363	C	0	0	2363	36.9
A_PB1	1277	2339	T	0	0	2339	37.8
A_PB1	1278	2194	A	0	0	2194	36.8
A_PB1	1279	2375	G	0	0	2375	37.5
A_PB1	1280	2427	G	0	0	2427	37.9
A_PB1	1281	2431	A	0	0	2431	37.5
A_PB1	1282	2303	C	0	0	2303	35.9
A_PB1	1283	2431	A	0	0	2431	35.6
A_PB1	1284	2256	A	0	0	2256	35.6
A_PB1	1285	2350	A	0	0	2350	35.9
A_PB1	1286	2351	G	0	0	2351	37.8
A_PB1	1287	2464	G	0	0	2464	37.5
A_PB1	1288	2358	A	0	0	2358	34.8
A_PB1	1289	2263	G	0	0	2263	34.8
A_PB1	1290	2583	G	0	0	2583	37.1
A_PB1	1291	2488	T	0	0	2488	37.9
A_PB1	1292	2372	A	0	0	2372	37.4
A_PB1	1293	2411	C	0	0	2411	36.8
A_PB1	1294	2604	A	0	0	2604	36.4
A_PB1	1295	2439	C	0	0	2439	35.1
A_PB1	1296	2229	C	0	0	2229	36.9
A_PB1	1297	2204	A	0	0	2204	36.9
A_PB1	1298	2165	A	0	0	2165	35.6
A_PB1	1299	2341	A	0	0	2341	34.4
A_PB1	1300	2491	A	0	0	2491	34.5
A_PB1	1301	2231	C	0	0	2231	37.6
A_PB1	1302	2156	A	0	0	2156	37.1
A_PB1	1303	2305	A	0	0	2305	37.2
A_PB1	1304	2572	C	0	0	2572	36.4
A_PB1	1305	2356	A	0	0	2356	35.1
A_PB1	1306	2461	T	0	0	2461	37.6
A_PB1	1307	2358	A	0	0	2358	35.4
A_PB1	1308	2078	C	0	0	2078	36.0
A_PB1	1309	2303	T	0	0	2303	34.5
A_PB1	1310	2196	G	0	0	2196	34.2
A_PB1	1311	2356	G	0	0	2356	35.2
A_PB1	1312	2345	T	0	0	2345	36.0
A_PB1	1313	2361	G	0	0	2361	34.8
A_PB1	1314	2138	G	0	0	2138	36.6
A_PB1	1315	2389	G	0	0	2389	34.5
A_PB1	1316	2354	A	0	0	2354	36.7
A_PB1	1317	2261	C	0	0	2261	34.1
A_PB1	1318	2312	G	0	0	2312	37.2
A_PB1	1319	2371	G	0	0	2371	36.3
A_PB1	1320	2326	A	0	0	2326	36.7
A_PB1	1321	2046	C	0	0	2046	37.8
A_PB1	1322	2307	T	0	0	2307	37.5
A_PB1	1323	2386	C	0	0	2386	36.4
A_PB1	1324	2254	C	0	0	2254	37.6
A_PB1	1325	2189	A	0	0	2189	34.0
A_PB1	1326	2297	A	0	0	2297	36.9
A_PB1	1327	2200	T	0	0	2200	36.7
A_PB1	1328	2207	C	0	0	2207	34.3
A_PB1	1329	2374	C	0	0	2374	34.5
A_PB1	1330	2251	T	0	0	2251	36.1
A_PB1	1331	2425	C	0	0	2425	35.4
A_PB1	1332	2472	T	0	0	2472	36.8
A_PB1	1333	2156	G	0	0	2156	37.8
A_PB1	1334	2311	A	0	0	2311	36.2
A_PB1	1335	2347	T	0	0	2347	35.6
A_PB1	1336	2298	G	0	0	2298	34.6
A_PB1	1337	2290	A	0	0	2290	35.2
A_PB1	1338	2211	C	0	0	2211	36.1
A_PB1	1339	2352	T	0	0	2352	34.0
A_PB1	1340	2180	T	0	0	2180	37.0
A_PB1	1341	2112	T	0	0	2112	35.2
A_PB1	1342	2471	G	0	0	2471	37.5
A_PB1	1343	2081	C	0	0	2081	37.8
A_PB1	1344	2269	T	0	0	2269	36.5
A_PB1	1345	2371	C	0	0	2371	35.2
A_PB1	1346	2322	T	0	0	2322	35.7
A_PB1	1347	2134	C	0	0	2134	36.1
A_PB1	1348	2045	A	0	0	2045	37.6
A_PB1	1349	2428	T	0	0	2428	34.1
A_PB1	1350	2121	A	0	0	2121	34.5
A_PB1	1351	2171	G	0	0	2171	35.0
A_PB1	1352	2032	T	0	0	2032	36.2
A_PB1	1353	2215	G	0	0	2215	34.7
A_PB1	1354	2149	A	0	0	2149	36.4
A_PB1	1355	2465	A	0	0	2465	36.7
A_PB1	1356	2259	T	0	0	2259	35.0
A_PB1	1357	2143	G	0	0	2143	35.2
A_PB1	1358	2364	C	0	0	2364	34.1
A_PB1	1359	2266	T	0	0	2266	34.4
A_PB1	1360	2378	C	0	0	2378	35.0
A_PB1	1361	2347	C	0	0	2347	37.5
A_PB1	1362	2235	G	0	0	2235	37.0
A_PB1	1363	2294	A	0	0	2294	34.4
A_PB1	1364	2058	A	0	0	2058	34.5
A_PB1	1365	2094	T	0	0	2094	36.6
A_PB1	1366	2093	C	0	0	2093	34.1
A_PB1	1367	2192	A	0	0	2192	36.8
A_PB1	1368	2376	T	0	0	2376	37.1
A_PB1	1369	2224	G	0	0	2224	34.0
A_PB1	1370	2187	A	0	0	2187	37.0
A_PB1	1371	2433	G	0	0	2433	35.9
A_PB1	1372	2415	G	0	0	2415	37.9
A_PB1	1373	2200	G	0	0	2200	36.3
A_PB1	1374	2213	A	0	0	2213	37.3
A_PB1	1375	2589	A	0	0	2589	36.6
A_PB1	1376	2452	T	0	0	2452	34.9
A_PB1	1377	2510	A	0	0	2510	37.3
A_PB1	1378	2350	C	0	0	2350	36.9
A_PB1	1379	2442	A	0	0	2442	35.0
A_PB1	1380	2240	A	0	0	2240	37.6
A_PB1	1381	2466	G	0	0	2466	36.5
A_PB1	1382	2115	C	0	0	2115	35.3
A_PB1	1383	2388	A	0	0	2388	35.9
A_PB1	1384	2370	G	0	0	2370	37.1
A_PB1	1385	2425	G	0	0	2425	37.0
A_PB1	1386	2279	G	0	0	2279	35.0
A_PB1	1387	2387	G	0	0	2387	35.1
A_PB1	1388	2422	T	0	0	2422	35.4
A_PB1	1389	2298	A	0	0	2298	34.7
A_PB1	1390	2634	G	0	0	2634	35.2
A_PB1	1391	2517	A	0	0	2517	38.0
A_PB1	1392	2642	C	0	0	2642	37.7
A_PB1	1393	2665	A	0	0	2665	35.8
A_PB1	1394	2636	G	0	0	2636	35.9
A_PB1	1395	2205	A	0	0	2205	36.8
A_PB1	1396	2325	T	0	0	2325	37.5
A_PB1	1397	2508	T	0	0	2508	37.4
A_PB1	1398	2160	C	0	0	2160	37.2
A_PB1	1399	2295	T	0	0	2295	36.5
A_PB1	1400	2383	A	0	0	2383	36.3
A_PB1	1401	2474	T	0	0	2474	36.0
A_PB1	1402	2301	A	0	0	2301	34.7
A_PB1	1403	2489	G	0	0	2489	34.2
A_PB1	1404	2511	A	0	0	2511	36.7
A_PB1	1405	2354	A	0	0	2354	37.5
A_PB1	1406	2269	C	0	0	2269	37.0
A_PB1	1407	2320	C	0	0	2320	36.2
A_PB1	1408	2377	T	0	0	2377	34.8
A_PB1	1409	2693	G	0	0	2693	35.7
A_PB1	1410	2480	C	0	0	2480	37.1
A_PB1	1411	2253	A	0	0	2253	36.1
A_PB1	1412	2445	A	0	0	2445	35.4
A_PB1	1413	2267	G	0	0	2267	34.1
A_PB1	1414	2387	C	0	0	2387	36.6
A_PB1	1415	2414	T	0	0	2414	34.1
A_PB1	1416	2565	G	0	0	2565	36.9
A_PB1	1417	2444	G	0	0	2444	35.4
A_PB1	1418	2313	T	0	0	2313	37.6
A_PB1	1419	2492	C	0	0	2492	34.2
A_PB1	1420	2230	G	0	0	2230	37.4
A_PB1	1421	2297	G	0	0	2297	35.1
A_PB1	1422	2569	A	0	0	2569	36.4
A_PB1	1423	2548	A	0	0	2548	34.6
A_PB1	1424	2584	T	0	0	2584	36.3
A_PB1	1425	2180	C	0	0	2180	37.3
A_PB1	1426	2091	A	0	0	2091	36.4
A_PB1	1427	2524	A	0	0	2524	37.8
A_PB1	1428	2228	C	0	0	2228	36.4
A_PB1	1429	2367	A	0	0	2367	37.5
A_PB1	1430	2661	T	0	0	2661	34.9
A_PB1	1431	2334	G	0	0	2334	36.4
A_PB1	1432	2663	A	0	0	2663	36.1
A_PB1	1433	2513	G	0	0	2513	37.5
A_PB1	1434	2550	C	0	0	2550	34.1
A_PB1	1435	2503	A	0	0	2503	35.1
A_PB1	1436	2384	A	0	0	2384	36.8
A_PB1	1437	2270	A	0	0	2270	34.2
A_PB1	1438	2583	A	0	0	2583	37.6
A_PB1	1439	2497	A	0	0	2497	37.0
A_PB1	1440	2497	G	0	0	2497	35.6
A_PB1	1441	2553	A	0	0	2553	37.2
A_PB1	1442	2741	A	0	0	2741	38.0
A_PB1	1443	2435	G	0	0	2435	34.1
A_PB1	1444	2474	T	0	0	2474	35.1
A_PB1	1445	2442	C	0	0	2442	35.9
A_PB1	1446	2374	C	0	0	2374	35.5
A_PB1	1447	2603	T	0	0	2603	36.9
A_PB1	1448	2577	A	0	0	2577	37.2
A_PB1	1449	2686	C	0	0	2686	37.6
A_PB1	1450	2403	A	0	0	2403	35.7
A_PB1	1451	2533	T	0	0	2533	36.0
A_PB1	1452	2546	A	0	0	2546	36.4
A_PB1	1453	2529	A	0	0	2529	35.8
A_PB1	1454	2490	A	0	0	2490	38.0
A_PB1	1455	2318	C	0	0	2318	37.7
A_PB1	1456	2533	A	0	0	2533	36.5
A_PB1	1457	2759	G	0	0	2759	35.8
A_PB1	1458	2623	G	0	0	2623	35.6
A_PB1	1459	2434	A	0	0	2434	37.2
A_PB1	1460	2297	C	0	0	2297	35.2
A_PB1	1461	2311	A	0	0	2311	38.0
A_PB1	1462	2543	G	0	0	2543	36.0
A_PB1	1463	2696	G	0	0	2696	34.7
A_PB1	1464	2469	A	0	0	2469	35.4
A_PB1	1465	2506	A	0	0	2506	34.5
A_PB1	1466	2382	C	0	0	2382	37.7
A_PB1	1467	2039	A	0	0	2039	37.1
A_PB1	1468	2315	T	0	0	2315	37.4
A_PB1	1469	2227	T	0	0	2227	35.8
A_PB1	1470	2230	T	0	0	2230	35.9
A_PB1	1471	2328	G	0	0	2328	37.9
A_PB1	1472	2433	A	0	0	2433	36.5
A_PB1	1473	2312	A	0	0	2312	36.6
A_PB1	1474	2288	T	0	0	2288	35.5
A_PB1	1475	2288	T	0	0	2288	35.4
A_PB1	1476	2267	C	0	0	2267	34.2
A_PB1	1477	2141	A	0	0	2141	34.0
A_PB1	1478	2384	C	0	0	2384	34.3
A_PB1	1479	2299	A	0	0	2299	34.3
A_PB1	1480	2328	A	0	0	2328	35.5
A_PB1	1481	2258	G	0	0	2258	36.3
A_PB1	1482	2254	T	0	0	2254	36.5
A_PB1	1483	2463	T	0	0	2463	37.7
A_PB1	1484	2348	T	0	0	2348	34.3
A_PB1	1485	2329	T	0	0	2329	36.8
A_PB1	1486	2359	T	0	0	2359	34.3
A_PB1	1487	2487	T	0	0	2487	34.6
A_PB1	1488	2147	C	0	0	2147	37.1
A_PB1	1489	2444	T	0	0	2444	34.5
A_PB1	1490	2372	A	0	0	2372	36.0
A_PB1	1491	2528	C	0	0	2528	37.1
A_PB1	1492	2069	C	0	0	2069	38.0
A_PB1	1493	2127	G	0	0	2127	35.6
A_PB1	1494	2392	C	0	0	2392	36.1
A_PB1	1495	2080	T	0	0	2080	34.4
A_PB1	1496	1980	A	0	0	1980	36.7
A_PB1	1497	2113	T	0	0	2113	36.9
A_PB1	1498	2315	G	0	0	2315	34.9
A_PB1	1499	2130	G	0	0	2130	35.7
A_PB1	1500	2188	A	0	0	2188	37.1
A_PB1	1501	2130	T	0	0	2130	34.6
A_PB1	1502	2154	T	0	0	2154	36.7
A_PB1	1503	2173	T	0	0	2173	37.2
A_PB1	1504	2369	G	0	0	2369	37.2
A_PB1	1505	2066	T	0	0	2066	36.2
A_PB1	1506	2119	A	0	0	2119	34.8
A_PB1	1507	1990	G	0	0	1990	36.7
A_PB1	1508	2316	C	0	0	2316	37.0
A_PB1	1509	1936	C	0	0	1936	35.2
A_PB1	1510	1961	A	0	0	1961	36.2
A_PB1	1511	2131	A	0	0	2131	34.8
A_PB1	1512	2436	C	0	0	2436	37.3
A_PB1	1513	2371	T	0	0	2371	34.3
A_PB1	1514	2009	T	0	0	2009	35.9
A_PB1	1515	1991	C	0	0	1991	35.3
A_PB1	1516	2127	A	0	0	2127	35.3
A_PB1	1517	2168	G	0	0	2168	35.8
A_PB1	1518	2241	T	0	0	2241	36.2
A_PB1	1519	2045	A	0	0	2045	37.8
A_PB1	1520	2006	T	0	0	2006	34.7
A_PB1	1521	2205	G	0	0	2205	36.8
A_PB1	1522	2258	G	0	0	2258	36.8
A_PB1	1523	2130	A	0	0	2130	34.2
A_PB1	1524	2173	G	0	0	2173	35.0
A_PB1	1525	1988	T	0	0	1988	37.3
A_PB1	1526	1979	T	0	0	1979	37.9
A_PB1	1527	1990	G	0	0	1990	37.5
A_PB1	1528	1917	C	0	0	1917	35.1
A_PB1	1529	1963	C	0	0	1963	36.9
A_PB1	1530	1930	C	0	0	1930	34.0
A_PB1	1531	2083	A	0	0	2083	34.8
A_PB1	1532	2044	G	0	0	2044	34.3
A_PB1	1533	2074	C	0	0	2074	35.1
A_PB1	1534	2106	T	0	0	2106	37.4
A_PB1	1535	1864	T	0	0	1864	36.3
A_PB1	1536	2009	T	0	0	2009	36.9
A_PB1	1537	1919	G	0	0	1919	37.7
A_PB1	1538	1884	G	0	0	1884	36.8
A_PB1	1539	2165	A	0	0	2165	36.2
A_PB1	1540	1917	G	0	0	1917	36.7
A_PB1	1541	1994	T	0	0	1994	36.6
A_PB1	1542	2042	G	0	0	2042	34.1
A_PB1	1543	1878	T	0	0	1878	36.6
A_PB1	1544	2046	C	0	0	2046	37.3
A_PB1	1545	2106	T	0	0	2106	37.5
A_PB1	1546	1945	G	0	0	1945	36.4
A_PB1	1547	1875	G	0	0	1875	36.2
A_PB1	1548	2063	G	0	0	2063	35.0
A_PB1	1549	1947	A	0	0	1947	35.7
A_PB1	1550	1803	T	0	0	1803	37.7
A_PB1	1551	1953	C	0	0	1953	36.5
A_PB1	1552	2058	A	0	0	2058	34.2
A_PB1	1553	1941	A	0	0	1941	37.3
A_PB1	1554	1971	T	0	0	1971	36.4
A_PB1	1555	1971	G	0	0	1971	36.0
A_PB1	1556	1786	A	0	0	1786	35.6
A_PB1	1557	1701	A	0	0	1701	35.3
A_PB1	1558	2049	T	0	0	2049	34.1
A_PB1	1559	1784	C	0	0	1784	37.8
A_PB1	1560	1789	T	0	0	1789	34.6
A_PB1	1561	1834	G	0	0	1834	35.8
A_PB1	1562	1878	C	0	0	1878	37.3
A_PB1	1563	1849	A	0	0	1849	36.4
A_PB1	1564	1825	G	0	0	1825	35.4
A_PB1	1565	1839	A	0	0	1839	37.0
A_PB1	1566	1835	C	0	0	1835	37.0
A_PB1	1567	1714	A	0	0	1714	34.8
A_PB1	1568	1695	T	0	0	1695	37.8
A_PB1	1569	1958	G	0	0	1958	35.7
A_PB1	1570	1953	A	0	0	1953	34.5
A_PB1	1571	1801	G	0	0	1801	36.4
A_PB1	1572	1831	C	0	0	1831	34.2
A_PB1	1573	1864	A	0	0	1864	34.8
A_PB1	1574	1898	T	0	0	1898	35.3
A_PB1	1575	1624	T	0	0	1624	36.7
A_PB1	1576	1923	G	0	0	1923	37.9
A_PB1	1577	1729	G	0	0	1729	36.4
A_PB1	1578	1967	A	0	0	1967	34.1
A_PB1	1579	1777	G	0	0	1777	35.4
A_PB1	1580	1943	T	0	0	1943	35.0
A_PB1	1581	1677	A	0	0	1677	37.2
A_PB1	1582	1847	A	0	0	1847	35.5
A_PB1	1583	1859	C	0	0	1859	36.9
A_PB1	1584	1791	A	0	0	1791	35.2
A_PB1	1585	1856	G	0	0	1856	35.6
A_PB1	1586	1672	T	0	0	1672	34.5
A_PB1	1587	1620	G	0	0	1620	37.3
A_PB1	1588	1776	A	0	0	1776	35.1
A_PB1	1589	1767	T	0	0	1767	37.4
A_PB1	1590	1878	A	0	0	1878	34.4
A_PB1	1591	1724	A	0	0	1724	36.8
A_PB1	1592	1709	A	0	0	1709	36.0
A_PB1	1593	1761	G	0	0	1761	34.3
A_PB1	1594	1655	A	0	0	1655	36.7
A_PB1	1595	1867	A	0	0	1867	35.7
A_PB1	1596	1915	C	0	0	1915	37.1
A_PB1	1597	1893	A	0	0	1893	34.5
A_PB1	1598	1792	A	0	0	1792	36.5
A_PB1	1599	1615	C	0	0	1615	34.3
A_PB1	1600	1749	A	0	0	1749	37.2
A_PB1	1601	1792	T	0	0	1792	37.9
A_PB1	1602	1707	G	0	0	1707	35.1
A_PB1	1603	1628	A	0	0	1628	34.5
A_PB1	1604	1987	T	0	0	1987	37.0
A_PB1	1605	1777	C	0	0	1777	35.2
A_PB1	1606	1792	A	0	0	1792	35.0
A_PB1	1607	1782	A	0	0	1782	37.2
A_PB1	1608	1633	C	0	0	1633	37.3
A_PB1	1609	1778	A	0	0	1778	37.3
A_PB1	1610	1795	A	0	0	1795	36.8
A_PB1	1611	1761	T	0	0	1761	35.9
A_PB1	1612	1714	G	0	0	1714	36.9
A_PB1	1613	2008	A	0	0	2008	36.0
A_PB1	1614	1877	T	0	0	1877	34.1
A_PB1	1615	1578	C	0	0	1578	37.7
A_PB1	1616	1764	T	0	0	1764	34.7
A_PB1	1617	1709	T	0	0	1709	36.8
A_PB1	1618	1866	G	0	0	1866	35.8
A_PB1	1619	1969	G	0	0	1969	36.6
A_PB1	1620	1931	A	0	0	1931	37.1
A_PB1	1621	1877	C	0	0	1877	34.1
A_PB1	1622	1919	C	0	0	1919	36.2
A_PB1	1623	1797	A	0	0	1797	37.8
A_PB1	1624	1831	G	0	0	1831	34.7
A_PB1	1625	1909	C	0	0	1909	36.7
A_PB1	1626	1783	A	0	0	1783	36.9
A_PB1	1627	1917	A	0	0	1917	35.1
A_PB1	1628	1915	C	0	0	1915	34.1
A_PB1	1629	1558	A	0	0	1558	36.8
A_PB1	1630	1751	G	0	0	1751	34.5
A_PB1	1631	1742	C	0	0	1742	36.2
A_PB1	1632	1823	T	0	0	1823	36.3
A_PB1	1633	1895	C	0	0	1895	38.0
A_PB1	1634	1941	A	0	0	1941	34.9
A_PB1	1635	1904	A	0	0	1904	34.2
A_PB1	1636	2016	A	0	0	2016	35.0
A_PB1	1637	1894	T	0	0	1894	37.1
A_PB1	1638	1989	G	0	0	1989	37.0
A_PB1	1639	1835	G	0	0	1835	37.9
A_PB1	1640	1964	C	0	0	1964	35.4
A_PB1	1641	2050	T	0	0	2050	35.8
A_PB1	1642	1943	C	0	0	1943	35.5
A_PB1	1643	1914	T	0	0	1914	34.5
A_PB1	1644	2074	T	0	0	2074	36.1
A_PB1	1645	2165	C	0	0	2165	37.7
A_PB1	1646	1983	A	0	0	1983	35.9
A_PB1	1647	1795	G	0	0	1795	36.2
A_PB1	1648	1906	C	0	0	1906	37.1
A_PB1	1649	2216	T	0	0	2216	37.4
A_PB1	1650	1996	A	0	0	1996	37.2
A_PB1	1651	2094	T	0	0	2094	37.1
A_PB1	1652	1815	T	0	0	1815	35.8
A_PB1	1653	1978	C	0	0	1978	35.2
A_PB1	1654	1829	A	0	0	1829	37.3
A_PB1	1655	2317	T	0	0	2317	34.9
A_PB1	1656	2054	C	0	0	2054	34.7
A_PB1	1657	2182	A	0	0	2182	35.3
A_PB1	1658	2066	A	0	0	2066	34.2
A_PB1	1659	2085	G	0	0	2085	35.3
A_PB1	1660	2117	G	0	0	2117	35.0
A_PB1	1661	2217	A	0	0	2217	36.0
A_PB1	1662	2295	T	0	0	2295	37.3
A_PB1	1663	2032	T	0	0	2032	35.4
A_PB1	1664	2056	A	0	0	2056	34.5
A_PB1	1665	2303	C	0	0	2303	37.5
A_PB1	1666	2162	A	0	0	2162	34.0
A_PB1	1667	2121	G	0	0	2121	36.3
A_PB1	1668	2297	A	0	0	2297	36.2
A_PB1	1669	2076	T	0	0	2076	36.6
A_PB1	1670	2208	A	0	0	2208	37.5
A_PB1	1671	2089	C	0	0	2089	34.4
A_PB1	1672	1980	A	0	0	1980	37.1
A_PB1	1673	1905	C	0	0	1905	34.4
A_PB1	1674	2144	A	0	0	2144	37.3
A_PB1	1675	2165	T	0	0	2165	34.5
A_PB1	1676	2034	A	0	0	2034	35.1
A_PB1	1677	2354	C	0	0	2354	36.1
A_PB1	1678	2181	C	0	0	2181	34.9
A_PB1	1679	1990	G	0	0	1990	36.3
A_PB1	1680	2348	A	0	0	2348	36.3
A_PB1	1681	2543	T	0	0	2543	35.8
A_PB1	1682	2153	G	0	0	2153	34.5
A_PB1	1683	2418	T	0	0	2418	35.2
A_PB1	1684	2352	C	0	0	2352	36.2
A_PB1	1685	2283	A	0	0	2283	36.9
A_PB1	1686	2225	C	0	0	2225	34.2
A_PB1	1687	2256	A	0	0	2256	35.4
A_PB1	1688	2671	G	0	0	2671	36.4
A_PB1	1689	2202	A	0	0	2202	37.2
A_PB1	1690	2671	G	0	0	2671	35.6
A_PB1	1691	2189	G	0	0	2189	36.5
A_PB1	1692	2391	A	0	0	2391	34.4
A_PB1	1693	2593	G	0	0	2593	35.0
A_PB1	1694	2477	A	0	0	2477	35.4
A_PB1	1695	2282	C	0	0	2282	34.8
A_PB1	1696	2671	A	0	0	2671	37.8
A_PB1	1697	2417	C	0	0	2417	36.6
A_PB1	1698	2371	A	0	0	2371	36.7
A_PB1	1699	2394	C	0	0	2394	35.1
A_PB1	1700	2594	A	0	0	2594	35.7
A_PB1	1701	2301	A	0	0	2301	37.6
A_PB1	1702	2316	A	0	0	2316	34.7
A_PB1	1703	2785	T	0	0	2785	36.7
A_PB1	1704	2848	T	0	0	2848	34.5
A_PB1	1705	2568	C	0	0	2568	37.5
A_PB1	1706	2780	A	0	0	2780	37.8
A_PB1	1707	2567	G	0	0	2567	34.5
A_PB1	1708	2579	A	0	0	2579	35.4
A_PB1	1709	2531	C	0	0	2531	34.0
A_PB1	1710	2780	A	0	0	2780	34.8
A_PB1	1711	2742	A	0	0	2742	37.8
A_PB1	1712	2303	G	0	0	2303	37.2
A_PB1	1713	2672	G	0	0	2672	36.4
A_PB1	1714	2660	A	0	0	2660	36.9
A_PB1	1715	2706	G	0	0	2706	35.1
A_PB1	1716	2666	G	0	0	2666	35.6
A_PB1	1717	2684	T	0	0	2684	35.8
A_PB1	1718	2866	C	0	0	2866	35.5
A_PB1	1719	2738	A	0	0	2738	37.6
A_PB1	1720	2601	T	0	0	2601	37.5
A_PB1	1721	2755	T	0	0	2755	37.4
A_PB1	1722	2821	C	0	0	2821	34.7
A_PB1	1723	2745	G	0	0	2745	34.0
A_PB1	1724	2748	A	0	0	2748	35.8
A_PB1	1725	2879	G	0	0	2879	37.8
A_PB1	1726	2689	C	0	0	2689	34.5
A_PB1	1727	2650	T	0	0	2650	37.7
A_PB1	1728	2701	G	0	0	2701	35.3
A_PB1	1729	2751	A	0	0	2751	37.4
A_PB1	1730	2952	A	0	0	2952	36.9
A_PB1	1731	3138	G	0	0	3138	34.1
A_PB1	1732	2917	A	0	0	2917	34.9
A_PB1	1733	2926	A	0	0	2926	37.8
A_PB1	1734	2797	G	0	0	2797	37.0
A_PB1	1735	3098	T	0	0	3098	35.1
A_PB1	1736	2906	T	0	0	2906	37.4
A_PB1	1737	3333	G	0	0	3333	37.1
A_PB1	1738	2780	T	0	0	2780	35.3
A_PB1	1739	2913	G	0	0	2913	36.6
A_PB1	1740	3445	G	0	0	3445	35.1
A_PB1	1741	2837	G	0	0	2837	35.7
A_PB1	1742	3507	A	0	0	3507	37.7
A_PB1	1743	3014	A	0	0	3014	37.1
A_PB1	1744	2788	C	0	0	2788	35.9
A_PB1	1745	2836	A	0	0	2836	35.6
A_PB1	1746	2843	G	0	0	2843	34.5
A_PB1	1747	3060	A	0	0	3060	35.3
A_PB1	1748	2805	C	0	0	2805	36.2
A_PB1	1749	3225	C	0	0	3225	35.0
A_PB1	1750	2911	C	0	0	2911	35.1
A_PB1	1751	3112	G	0	0	3112	37.8
A_PB1	1752	2991	C	0	0	2991	36.9
A_PB1	1753	3183	T	0	0	3183	37.7
A_PB1	1754	3248	C	0	0	3248	34.8
A_PB1	1755	2726	A	0	0	2726	35.8
A_PB1	1756	3047	A	0	0	3047	35.8
A_PB1	1757	3442	A	0	0	3442	35.9
A_PB1	1758	2860	A	0	0	2860	35.3
A_PB1	1759	2992	G	0	0	2992	37.3
A_PB1	1760	2952	C	0	0	2952	37.2
A_PB1	1761	3062	A	0	0	3062	37.5
A_PB1	1762	2944	G	0	0	2944	37.0
A_PB1	1763	2846	G	0	0	2846	34.6
A_PB1	1764	3133	A	0	0	3133	34.5
A_PB1	1765	3271	C	0	0	3271	36.8
A_PB1	1766	2871	T	0	0	2871	35.7
A_PB1	1767	3461	G	0	0	3461	35.5
A_PB1	1768	2936	C	0	0	2936	35.3
A_PB1	1769	3297	T	0	0	3297	34.7
A_PB1	1770	2977	G	0	0	2977	34.1
A_PB1	1771	3155	G	0	0	3155	36.2
A_PB1	1772	3082	T	0	0	3082	34.2
A_PB1	1773	3125	C	0	0	3125	37.4
A_PB1	1774	3238	T	0	0	3238	34.8
A_PB1	1775	3213	C	0	0	3213	37.4
A_PB1	1776	3133	A	0	0	3133	37.3
A_PB1	1777	3575	G	0	0	3575	37.1
A_PB1	1778	3017	A	0	0	3017	35.2
A_PB1	1779	3318	T	0	0	3318	34.6
A_PB1	1780	3105	G	0	0	3105	35.9
A_PB1	1781	3495	G	0	0	3495	37.4
A_PB1	1782	3566	A	0	0	3566	34.5
A_PB1	1783	3406	G	0	0	3406	34.4
A_PB1	1784	3459	G	0	0	3459	34.3
A_PB1	1785	3262	A	0	0	3262	35.0
A_PB1	1786	3248	C	0	0	3248	37.7
A_PB1	1787	3220	C	0	0	3220	36.2
A_PB1	1788	3302	A	0	0	3302	37.1
A_PB1	1789	3201	A	0	0	3201	37.1
A_PB1	1790	3537	A	0	0	3537	34.4
A_PB1	1791	3121	T	0	0	3121	35.9
A_PB1	1792	3158	C	0	0	3158	37.6
A_PB1	1793	3287	T	0	0	3287	36.3
A_PB1	1794	3153	A	0	0	3153	35.3
A_PB1	1795	3010	T	0	0	3010	37.5
A_PB1	1796	3174	A	0	0	3174	37.0
A_PB1	1797	3220	C	0	0	3220	36.4
A_PB1	1798	3081	A	0	0	3081	35.5
A_PB1	1799	3330	A	0	0	3330	37.0
A_PB1	1800	3306	T	0	0	3306	37.5
A_PB1	1801	3498	A	0	0	3498	34.1
A_PB1	1802	2953	T	0	0	2953	35.6
A_PB1	1803	3156	T	0	0	3156	34.2
A_PB1	1804	3345	C	0	0	3345	37.3
A_PB1	1805	3105	G	0	0	3105	37.0
A_PB1	1806	3765	G	0	0	3765	37.0
A_PB1	1807	2881	A	0	0	2881	37.5
A_PB1	1808	3421	A	0	0	3421	36.2
A_PB1	1809	3309	T	0	0	3309	34.2
A_PB1	1810	3279	C	0	0	3279	36.6
A_PB1	1811	3331	T	0	0	3331	37.1
A_PB1	1812	3380	T	0	0	3380	34.7
A_PB1	1813	3695	C	0	0	3695	36.4
A_PB1	1814	2894	A	0	0	2894	34.7
A_PB1	1815	3577	C	0	0	3577	38.0
A_PB1	1816	3037	A	0	0	3037	34.5
A_PB1	1817	2930	T	0	0	2930	35.5
A_PB1	1818	3146	T	0	0	3146	36.7
A_PB1	1819	3189	C	0	0	3189	36.5
A_PB1	1820	3282	C	0	0	3282	34.2
A_PB1	1821	2897	A	0	0	2897	34.9
A_PB1	1822	3190	G	0	0	3190	37.8
A_PB1	1823	3448	A	0	0	3448	35.2
A_PB1	1824	2904	A	0	0	2904	37.2
A_PB1	1825	3323	G	0	0	3323	37.3
A_PB1	1826	3147	T	0	0	3147	36.8
A_PB1	1827	3050	C	0	0	3050	36.1
A_PB1	1828	3382	T	0	0	3382	37.8
A_PB1	1829	2955	G	0	0	2955	34.4
A_PB1	1830	3496	C	0	0	3496	34.1
A_PB1	1831	3352	T	0	0	3352	34.6
A_PB1	1832	3510	T	0	0	3510	36.1
A_PB1	1833	2970	G	0	0	2970	36.5
A_PB1	1834	3171	A	0	0	3171	36.5
A_PB1	1835	3126	A	0	0	3126	37.7
A_PB1	1836	2955	A	0	0	2955	37.1
A_PB1	1837	3167	T	0	0	3167	35.0
A_PB1	1838	3115	G	0	0	3115	37.9
A_PB1	1839	3290	G	0	0	3290	35.5
A_PB1	1840	3640	G	0	0	3640	36.1
A_PB1	1841	3211	A	0	0	3211	36.8
A_PB1	1842	3157	G	0	0	3157	35.9
A_PB1	1843	3665	C	0	0	3665	34.2
A_PB1	1844	3316	T	0	0	3316	36.9
A_PB1	1845	3211	A	0	0	3211	37.3
A_PB1	1846	3174	A	0	0	3174	34.0
A_PB1	1847	3232	T	0	0	3232	37.4
A_PB1	1848	3373	G	0	0	3373	35.0
A_PB1	1849	3197	G	0	0	3197	37.5
A_PB1	1850	2950	A	0	0	2950	34.5
A_PB1	1851	3011	C	0	0	3011	35.3
A_PB1	1852	3162	G	0	0	3162	36.5
A_PB1	1853	3323	A	0	0	3323	37.6
A_PB1	1854	3040	A	0	0	3040	36.4
A_PB1	1855	3111	G	0	0	3111	36.7
A_PB1	1856	3094	A	0	0	3094	35.4
A_PB1	1857	3183	C	0	0	3183	35.3
A_PB1	1858	2907	T	0	0	2907	37.2
A_PB1	1859	2695	A	0	0	2695	35.5
A_PB1	1860	2837	T	0	0	2837	36.0
A_PB1	1861	3293	C	0	0	3293	34.8
A_PB1	1862	3543	A	0	0	3543	35.6
A_PB1	1863	3247	G	0	0	3247	37.3
A_PB1	1864	3449	G	0	0	3449	34.9
A_PB1	1865	3079	G	0	0	3079	34.2
A_PB1	1866	2902	A	0	0	2902	35.0
A_PB1	1867	2945	A	0	0	2945	34.8
A_PB1	1868	2763	G	0	0	2763	36.9
A_PB1	1869	3319	G	0	0	3319	36.6
A_PB1	1870	3370	C	0	0	3370	37.8
A_PB1	1871	2858	T	0	0	2858	36.3
A_PB1	1872	3292	T	0	0	3292	37.2
A_PB1	1873	3247	T	0	0	3247	36.9
A_PB1	1874	2921	G	0	0	2921	36.7
A_PB1	1875	2831	T	0	0	2831	35.7
A_PB1	1876	3086	A	0	0	3086	35.5
A_PB1	1877	3056	A	0	0	3056	36.6
A_PB1	1878	2903	T	0	0	2903	34.3
A_PB1	1879	3042	C	0	0	3042	35.5
A_PB1	1880	2831	C	0	0	2831	35.4
A_PB1	1881	2930	C	0	0	2930	36.1
A_PB1	1882	2897	C	0	0	2897	34.3
A_PB1	1883	2887	T	0	0	2887	34.7
A_PB1	1884	3131	G	0	0	3131	36.0
A_PB1	1885	2851	A	0	0	2851	34.7
A_PB1	1886	3059	A	0	0	3059	34.2
A_PB1	1887	3082	C	0	0	3082	37.6
A_PB1	1888	2927	C	0	0	2927	34.9
A_PB1	1889	2641	C	0	0	2641	35.8
A_PB1	1890	2684	G	0	0	2684	34.1
A_PB1	1891	2933	T	0	0	2933	34.5
A_PB1	1892	2917	T	0	0	2917	35.7
A_PB1	1893	3121	T	0	0	3121	37.8
A_PB1	1894	2685	G	0	0	2685	35.5
A_PB1	1895	2893	T	0	0	2893	36.6
A_PB1	1896	2801	C	0	0	2801	34.4
A_PB1	1897	3112	A	0	0	3112	35.8
A_PB1	1898	2855	G	0	0	2855	34.7
A_PB1	1899	2778	C	0	0	2778	37.0
A_PB1	1900	2761	C	0	0	2761	34.8
A_PB1	1901	3108	A	0	0	3108	35.5
A_PB1	1902	2742	C	0	0	2742	34.4
A_PB1	1903	3009	A	0	0	3009	36.1
A_PB1	1904	2775	A	0	0	2775	34.4
A_PB1	1905	3001	G	0	0	3001	37.3
A_PB1	1906	3009	G	0	0	3009	36.5
A_PB1	1907	3002	A	0	0	3002	34.2
A_PB1	1908	3093	A	0	0	3093	35.0
A_PB1	1909	2811	A	0	0	2811	35.5
A_PB1	1910	2714	T	0	0	2714	36.2
A_PB1	1911	2852	A	0	0	2852	36.9
A_PB1	1912	2990	G	0	0	2990	35.3
A_PB1	1913	2746	A	0	0	2746	35.0
A_PB1	1914	2721	G	0	0	2721	36.7
A_PB1	1915	2745	T	0	0	2745	37.1
A_PB1	1916	2925	C	0	0	2925	34.2
A_PB1	1917	2583	T	0	0	2583	37.3
A_PB1	1918	2787	G	0	0	2787	34.7
A_PB1	1919	2798	T	0	0	2798	34.8
A_PB1	1920	2827	G	0	0	2827	34.2
A_PB1	1921	2729	A	0	0	2729	36.2
A_PB1	1922	2632	A	0	0	2632	34.2
A_PB1	1923	2942	C	0	0	2942	34.5
A_PB1	1924	2759	A	0	0	2759	36.5
A_PB1	1925	2565	A	0	0	2565	35.2
A_PB1	1926	2671	C	0	0	2671	34.7
A_PB1	1927	2783	G	0	0	2783	35.6
A_PB1	1928	2719	C	0	0	2719	34.9
A_PB1	1929	2711	T	0	0	2711	36.2
A_PB1	1930	2793	G	0	0	2793	37.3
A_PB1	1931	2687	T	0	0	2687	35.2
A_PB1	1932	3059	G	0	0	3059	37.1
A_PB1	1933	2926	G	0	0	2926	34.3
A_PB1	1934	2650	T	0	0	2650	37.8
A_PB1	1935	3029	G	0	0	3029	36.5
A_PB1	1936	2805	A	0	0	2805	35.5
A_PB1	1937	2826	T	0	0	2826	36.0
A_PB1	1938	2621	G	0	0	2621	35.7
A_PB1	1939	2806	C	0	0	2806	36.6
A_PB1	1940	2818	C	0	0	2818	34.3
A_PB1	1941	2865	A	0	0	2865	37.6
A_PB1	1942	2648	G	0	0	2648	35.5
A_PB1	1943	2591	C	0	0	2591	34.7
A_PB1	1944	2619	T	0	0	2619	35.4
A_PB1	1945	2726	C	0	0	2726	35.0
A_PB1	1946	2725	A	0	0	2725	37.0
A_PB1	1947	2793	T	0	0	2793	34.2
A_PB1	1948	2647	G	0	0	2647	35.8
A_PB1	1949	2831	G	0	0	2831	37.5
A_PB1	1950	2588	C	0	0	2588	37.7
A_PB1	1951	2772	C	0	0	2772	34.1
A_PB1	1952	2850	C	0	0	2850	37.1
A_PB1	1953	2898	G	0	0	2898	37.1
A_PB1	1954	2730	G	0	0	2730	35.8
A_PB1	1955	2616	C	0	0	2616	37.1
A_PB1	1956	2876	C	0	0	2876	34.2
A_PB1	1957	2944	A	0	0	2944	34.9
A_PB1	1958	2812	A	0	0	2812	35.9
A_PB1	1959	2629	G	0	0	2629	36.2
A_PB1	1960	2554	A	0	0	2554	36.2
A_PB1	1961	2905	G	0	0	2905	34.6
A_PB1	1962	2832	C	0	0	2832	36.1
A_PB1	1963	2756	A	0	0	2756	35.9
A_PB1	1964	2634	T	0	0	2634	35.3
A_PB1	1965	2271	G	0	0	2271	34.1
A_PB1	1966	2891	G	0	0	2891	34.4
A_PB1	1967	2752	A	0	0	2752	36.8
A_PB1	1968	2918	A	0	0	2918	37.6
A_PB1	1969	2661	T	0	0	2661	35.3
A_PB1	1970	3109	A	0	0	3109	36.1
A_PB1	1971	2884	T	0	0	2884	35.3
A_PB1	1972	2728	G	0	0	2728	36.5
A_PB1	1973	2691	A	0	0	2691	34.4
A_PB1	1974	2489	T	0	0	2489	37.1
A_PB1	1975	2843	G	0	0	2843	37.3
A_PB1	1976	2657	C	0	0	2657	34.6
A_PB1	1977	2609	T	0	0	2609	34.4
A_PB1	1978	2807	G	0	0	2807	37.1
A_PB1	1979	2378	T	0	0	2378	37.3
A_PB1	1980	2731	T	0	0	2731	37.9
A_PB1	1981	2770	G	0	0	2770	36.4
A_PB1	1982	2512	C	0	0	2512	36.2
A_PB1	1983	2753	C	0	0	2753	37.7
A_PB1	1984	3150	A	0	0	3150	35.7
A_PB1	1985	2601	C	0	0	2601	34.9
A_PB1	1986	2703	C	0	0	2703	35.8
A_PB1	1987	2391	A	0	0	2391	34.4
A_PB1	1988	2863	C	0	0	2863	35.3
A_PB1	1989	2768	T	0	0	2768	36.3
A_PB1	1990	2926	C	0	0	2926	37.5
A_PB1	1991	2683	A	0	0	2683	34.4
A_PB1	1992	3150	C	0	0	3150	36.4
A_PB1	1993	2630	T	0	0	2630	35.9
A_PB1	1994	2837	C	0	0	2837	37.9
A_PB1	1995	2584	C	0	0	2584	35.3
A_PB1	1996	2789	T	0	0	2789	37.9
A_PB1	1997	2604	G	0	0	2604	37.6
A_PB1	1998	2761	G	0	0	2761	34.4
A_PB1	1999	2816	A	0	0	2816	36.8
A_PB1	2000	2720	T	0	0	2720	37.3
A_PB1	2001	2579	A	0	0	2579	37.6
A_PB1	2002	3045	C	0	0	3045	34.2
A_PB1	2003	2591	C	0	0	2591	35.9
A_PB1	2004	3000	G	0	0	3000	37.1
A_PB1	2005	3127	A	0	0	3127	34.5
A_PB1	2006	3133	A	0	0	3133	37.4
A_PB1	2007	2633	G	0	0	2633	34.9
A_PB1	2008	2616	A	0	0	2616	34.7
A_PB1	2009	2774	G	0	0	2774	34.2
A_PB1	2010	3179	G	0	0	3179	36.2
A_PB1	2011	2967	A	0	0	2967	34.2
A_PB1	2012	2688	A	0	0	2688	34.7
A_PB1	2013	2591	C	0	0	2591	36.9
A_PB1	2014	2769	C	0	0	2769	35.6
A_PB1	2015	2846	G	0	0	2846	35.6
A_PB1	2016	2649	C	0	0	2649	37.1
A_PB1	2017	2847	T	0	0	2847	34.2
A_PB1	2018	2853	C	0	0	2853	38.0
A_PB1	2019	2788	C	0	0	2788	36.1
A_PB1	2020	2851	A	0	0	2851	36.1
A_PB1	2021	2774	T	0	0	2774	36.8
A_PB1	2022	2817	T	0	0	2817	34.1
A_PB1	2023	2903	C	0	0	2903	35.7
A_PB1	2024	2823	T	0	0	2823	35.8
A_PB1	2025	2909	C	0	0	2909	36.2
A_PB1	2026	3002	A	0	0	3002	35.1
A_PB1	2027	2697	A	0	0	2697	37.3
A_PB1	2028	2803	T	0	0	2803	34.5
A_PB1	2029	3222	A	0	0	3222	35.5
A_PB1	2030	2903	C	0	0	2903	37.6
A_PB1	2031	2846	A	0	0	2846	35.1
A_PB1	2032	2910	A	0	0	2910	35.3
A_PB1	2033	2805	G	0	0	2805	35.3
A_PB1	2034	2884	C	0	0	2884	37.0
A_PB1	2035	2945	C	0	0	2945	37.6
A_PB1	2036	2873	A	0	0	2873	34.6
A_PB1	2037	2852	A	0	0	2852	34.1
A_PB1	2038	3024	A	0	0	3024	34.2
A_PB1	2039	2615	G	0	0	2615	34.3
A_PB1	2040	3108	G	0	0	3108	36.7
A_PB1	2041	2851	G	0	0	2851	37.7
A_PB1	2042	3054	G	0	0	3054	34.1
A_PB1	2043	2569	A	0	0	2569	35.4
A_PB1	2044	2917	A	0	0	2917	36.9
A_PB1	2045	2843	T	0	0	2843	36.2
A_PB1	2046	2945	C	0	0	2945	36.5
A_PB1	2047	2667	C	0	0	2667	35.1
A_PB1	2048	2606	T	0	0	2606	35.4
A_PB1	2049	3052	T	0	0	3052	34.1
A_PB1	2050	2883	G	0	0	2883	34.0
A_PB1	2051	2744	A	0	0	2744	35.2
A_PB1	2052	2693	A	0	0	2693	37.0
A_PB1	2053	3047	G	0	0	3047	37.9
A_PB1	2054	2761	A	0	0	2761	34.8
A_PB1	2055	2827	C	0	0	2827	34.8
A_PB1	2056	3072	G	0	0	3072	38.0
A_PB1	2057	2867	A	0	0	2867	37.2
A_PB1	2058	3041	A	0	0	3041	34.6
A_PB1	2059	2821	C	0	0	2821	34.2
A_PB1	2060	2942	A	0	0	2942	34.7
A_PB1	2061	2881	G	0	0	2881	35.7
A_PB1	2062	2980	A	0	0	2980	34.4
A_PB1	2063	2609	T	0	0	2609	37.3
A_PB1	2064	2967	G	0	0	2967	35.1
A_PB1	2065	3187	T	0	0	3187	37.5
A_PB1	2066	2796	A	0	0	2796	37.9
A_PB1	2067	2962	T	0	0	2962	38.0
A_PB1	2068	3032	C	0	0	3032	36.4
A_PB1	2069	2740	A	0	0	2740	36.1
A_PB1	2070	2766	A	0	0	2766	35.2
A_PB1	2071	3035	A	0	0	3035	34.3
A_PB1	2072	3268	A	0	0	3268	34.5
A_PB1	2073	3032	G	0	0	3032	36.2
A_PB1	2074	2866	T	0	0	2866	35.7
A_PB1	2075	2964	G	0	0	2964	37.8
A_PB1	2076	2726	C	0	0	2726	36.1
A_PB1	2077	2928	T	0	0	2928	37.5
A_PB1	2078	2858	G	0	0	2858	36.9
A_PB1	2079	2903	C	0	0	2903	37.8
A_PB1	2080	2693	A	0	0	2693	37.2
A_PB1	2081	2646	A	0	0	2646	34.8
A_PB1	2082	2972	C	0	0	2972	36.5
A_PB1	2083	2901	C	0	0	2901	34.8
A_PB1	2084	2950	T	0	0	2950	34.7
A_PB1	2085	3054	G	0	0	3054	36.9
A_PB1	2086	2852	T	0	0	2852	36.6
A_PB1	2087	2945	T	0	0	2945	36.9
A_PB1	2088	2780	C	0	0	2780	35.1
A_PB1	2089	2895	G	0	0	2895	36.7
A_PB1	2090	3079	A	0	0	3079	34.8
A_PB1	2091	2954	A	0	0	2954	35.7
A_PB1	2092	2453	A	0	0	2453	37.8
A_PB1	2093	2929	A	0	0	2929	35.9
A_PB1	2094	2566	A	0	0	2566	37.0
A_PB1	2095	2615	T	0	0	2615	37.4
A_PB1	2096	2680	T	0	0	2680	35.0
A_PB1	2097	2810	C	0	0	2810	36.0
A_PB1	2098	2882	T	0	0	2882	34.5
A_PB1	2099	2719	T	0	0	2719	36.3
A_PB1	2100	2747	C	0	0	2747	36.6
A_PB1	2101	3287	C	0	0	3287	37.8
A_PB1	2102	2710	C	0	0	2710	37.1
A_PB1	2103	2899	T	0	0	2899	34.0
A_PB1	2104	2951	A	0	0	2951	35.0
A_PB1	2105	2825	G	0	0	2825	36.3
A_PB1	2106	3285	C	0	0	3285	36.9
A_PB1	2107	2684	A	0	0	2684	36.2
A_PB1	2108	2840	G	0	0	2840	35.2
A_PB1	2109	2810	T	0	0	2810	37.6
A_PB1	2110	2961	T	0	0	2961	34.2
A_PB1	2111	2955	C	0	0	2955	36.7
A_PB1	2112	2487	A	0	0	2487	38.0
A_PB1	2113	2901	T	0	0	2901	36.4
A_PB1	2114	2799	A	0	0	2799	37.4
A_PB1	2115	2969	C	0	0	2969	36.6
A_PB1	2116	2661	A	0	0	2661	36.9
A_PB1	2117	2706	G	0	0	2706	36.3
A_PB1	2118	2743	G	0	0	2743	35.4
A_PB1	2119	2752	A	0	0	2752	34.6
A_PB1	2120	2568	G	0	0	2568	35.5
A_PB1	2121	2759	G	0	0	2759	37.8
A_PB1	2122	2309	C	0	0	2309	35.9
A_PB1	2123	3153	C	0	0	3153	36.2
A_PB1	2124	2795	A	0	0	2795	36.7
A_PB1	2125	2620	G	0	0	2620	37.8
A_PB1	2126	2571	T	0	0	2571	37.8
A_PB1	2127	2607	T	0	0	2607	34.2
A_PB1	2128	2774	G	0	0	2774	34.8
A_PB1	2129	2822	G	0	0	2822	36.5
A_PB1	2130	2769	A	0	0	2769	37.1
A_PB1	2131	2952	A	0	0	2952	37.2
A_PB1	2132	2762	T	0	0	2762	35.6
A_PB1	2133	2657	T	0	0	2657	35.0
A_PB1	2134	2717	T	0	0	2717	37.8
A_PB1	2135	2919	C	0	0	2919	36.8
A_PB1	2136	2817	C	0	0	2817	34.6
A_PB1	2137	2745	A	0	0	2745	37.8
A_PB1	2138	2686	G	0	0	2686	34.9
A_PB1	2139	2746	C	0	0	2746	36.3
A_PB1	2140	2542	A	0	0	2542	37.2
A_PB1	2141	2327	T	0	0	2327	38.0
A_PB1	2142	2564	G	0	0	2564	37.0
A_PB1	2143	2324	G	0	0	2324	35.1
A_PB1	2144	2418	T	0	0	2418	37.2
A_PB1	2145	2336	G	0	0	2336	34.1
A_PB1	2146	2696	G	0	0	2696	36.1
A_PB1	2147	2044	A	0	0	2044	36.5
A_PB1	2148	2308	G	0	0	2308	35.1
A_PB1	2149	2595	G	0	0	2595	34.3
A_PB1	2150	2256	C	0	0	2256	35.2
A_PB1	2151	2224	C	0	0	2224	36.5
A_PB1	2152	2355	A	0	0	2355	34.0
A_PB1	2153	2189	T	0	0	2189	36.6
A_PB1	2154	2198	G	0	0	2198	34.4
A_PB1	2155	2238	G	0	0	2238	37.1
A_PB1	2156	2062	T	0	0	2062	35.2
A_PB1	2157	2132	T	0	0	2132	34.2
A_PB1	2158	2147	T	0	0	2147	35.4
A_PB1	2159	1943	C	0	0	1943	37.5
A_PB1	2160	1979	T	0	0	1979	35.1
A_PB1	2161	1988	A	0	0	1988	34.3
A_PB1	2162	2154	G	0	0	2154	37.6
A_PB1	2163	1852	G	0	0	1852	34.6
A_PB1	2164	1892	G	0	0	1892	36.8
A_PB1	2165	1949	C	0	0	1949	37.7
A_PB1	2166	1829	C	0	0	1829	34.2
A_PB1	2167	1796	C	0	0	1796	36.5
A_PB1	2168	1890	G	0	0	1890	34.9
A_PB1	2169	1699	A	0	0	1699	35.4
A_PB1	2170	1850	A	0	0	1850	37.6
A_PB1	2171	1810	T	0	0	1810	35.6
A_PB1	2172	1904	T	0	0	1904	34.7
A_PB1	2173	1971	G	0	0	1971	37.5
A_PB1	2174	1901	A	0	0	1901	37.3
A_PB1	2175	1658	C	0	0	1658	35.6
A_PB1	2176	1859	G	0	0	1859	34.9
A_PB1	2177	1623	C	0	0	1623	34.9
A_PB1	2178	1544	A	0	0	1544	36.7
A_PB1	2179	1555	C	0	0	1555	35.0
A_PB1	2180	1588	G	0	0	1588	34.1
A_PB1	2181	1440	A	0	0	1440	36.9
A_PB1	2182	1271	A	0	0	1271	34.3
A_PB1	2183	1582	T	0	0	1582	36.2
A_PB1	2184	1427	T	0	0	1427	34.1
A_PB1	2185	1361	G	0	0	1361	34.2
A_PB1	2186	1316	A	0	0	1316	35.4
A_PB1	2187	1210	C	0	0	1210	34.1
A_PB1	2188	1394	T	0	0	1394	36.6
A_PB1	2189	1524	T	0	0	1524	34.1
A_PB1	2190	1273	C	0	0	1273	36.5
A_PB1	2191	1263	G	0	0	1263	37.7
A_PB1	2192	1274	A	0	0	1274	34.5
A_PB1	2193	1304	A	0	0	1304	34.7
A_PB1	2194	1210	T	0	0	1210	34.2
A_PB1	2195	1102	C	0	0	1102	34.1
A_PB1	2196	1073	T	0	0	1073	37.4
A_PB1	2197	1128	G	0	0	1128	36.1
A_PB1	2198	1069	G	0	0	1069	36.5
A_PB1	2199	1010	A	0	0	1010	34.0
A_PB1	2200	1045	C	0	0	1045	37.1
A_PB1	2201	991	G	0	0	991	35.9
A_PB1	2202	1001	G	0	0	1001	37.3
A_PB1	2203	1012	A	0	0	1012	35.0
A_PB1	2204	1091	T	0	0	1091	37.8
A_PB1	2205	977	T	0	0	977	36.3
A_PB1	2206	976	A	0	0	976	34.7
A_PB1	2207	892	A	0	0	892	34.6
A_PB1	2208	941	G	0	0	941	36.7
A_PB1	2209	866	A	0	0	866	35.4
A_PB1	2210	931	A	0	0	931	34.2
A_PB1	2211	830	G	0	0	830	35.9
A_PB1	2212	891	G	0	0	891	35.8
A_PB1	2213	804	A	0	0	804	34.3
A_PB1	2214	884	G	0	0	884	36.4
A_PB1	2215	770	G	0	0	770	35.8
A_PB1	2216	810	A	0	0	810	34.4
A_PB1	2217	780	G	0	0	780	38.0
A_PB1	2218	732	T	0	0	732	34.1
A_PB1	2219	805	T	0	0	805	37.4
A_PB1	2220	727	T	0	0	727	35.6
A_PB1	2221	808	G	0	0	808	35.4
A_PB1	2222	773	C	0	0	773	35.1
A_PB1	2223	670	T	0	0	670	34.4
A_PB1	2224	704	G	0	0	704	37.0
A_PB1	2225	687	A	0	0	687	35.8
A_PB1	2226	560	G	0	0	560	35.6
A_PB1	2227	617	A	0	0	617	37.6
A_PB1	2228	556	T	0	0	556	35.3
A_PB1	2229	588	C	0	0	588	37.9
A_PB1	2230	549	A	0	0	549	35.1
A_PB1	2231	533	T	0	0	533	37.5
A_PB1	2232	531	G	0	0	531	37.8
A_PB1	2233	516	A	0	0	516	34.9
A_PB1	2234	492	A	0	0	492	35.1
A_PB1	2235	445	G	0	0	445	35.6
A_PB1	2236	506	A	0	0	506	36.5
A_PB1	2237	429	T	0	0	429	36.4
A_PB1	2238	412	C	0	0	412	35.8
A_PB1	2239	436	T	0	0	436	36.0
A_PB1	2240	449	G	0	0	449	37.2
A_PB1	2241	436	T	0	0	436	37.9
A_PB1	2242	422	T	0	0	422	34.8
A_PB1	2243	356	C	0	0	356	34.6
A_PB1	2244	359	C	0	0	359	36.7
A_PB1	2245	381	A	0	0	381	34.9
A_PB1	2246	327	C	0	0	327	35.1
A_PB1	2247	326	C	0	0	326	35.6
A_PB1	2248	301	A	0	0	301	35.3
A_PB1	2249	328	T	0	0	328	36.1
A_PB1	2250	290	T	0	0	290	37.5
A_PB1	2251	277	G	0	0	277	36.4
A_PB1	2252	274	A	0	0	274	35.5
A_PB1	2253	251	A	0	0	251	37.1
A_PB1	2254	243	G	0	0	243	37.7
A_PB1	2255	244	A	0	0	244	34.8
A_PB1	2256	239	G	0	0	239	36.7
A_PB1	2257	188	C	0	0	188	36.6
A_PB1	2258	200	T	0	0	200	35.9
A_PB1	2259	180	C	0	0	180	35.1
A_PB1	2260	175	A	0	0	175	35.6
A_PB1	2261	167	G	0	0	167	35.6
A_PB1	2262	142	A	0	0	142	35.0
A_PB1	2263	126	C	0	0	126	36.8
A_PB1	2264	120	G	0	0	120	36.7
A_PB1	2265	109	G	0	0	109	35.4
A_PB1	2266	105	C	0	0	105	37.7
A_PB1	2267	86	A	0	0	86	35.1
A_PB1	2268	73	G	0	0	73	34.9
A_PB1	2269	57	A	0	0	57	37.2
A_PB1	2270	48	A	0	0	48	37.3
A_PB1	2271	30	A	0	0	30	36.9
A_PB1	2272	25	T	0	0	25	37.7
A_PB1	2273	13	A	0	0	13	36.9
A_PB1	2274	0	G	0	0	0	34.8
