Reference_Name	Position	Coverage Depth	Consensus	Deletions	Ambiguous	Consensus_Count	Consensus_Average_Quality
A_HA	1	36	A	0	0	36	37.1
A_HA	2	68	T	0	0	68	35.7
A_HA	3	99	G	0	0	99	34.1
A_HA	4	127	G	0	0	127	37.1
A_HA	5	169	A	0	0	169	35.8
A_HA	6	200	G	0	0	200	37.0
A_HA	7	240	A	0	0	240	35.0
A_HA	8	272	A	0	0	272	35.2
A_HA	9	288	C	0	0	288	34.2
A_HA	10	345	A	0	0	345	36.1
A_HA	11	363	T	0	0	363	34.1
A_HA	12	340	A	0	0	340	34.7
A_HA	13	405	G	0	0	405	36.6
A_HA	14	450	T	0	0	450	37.1
A_HA	15	450	A	0	0	450	35.6
A_HA	16	522	C	0	0	522	34.5
A_HA	17	535	T	0	0	535	36.8
A_HA	18	554	A	0	0	554	35.8
A_HA	19	632	C	0	0	632	37.8
A_HA	20	644	T	0	0	644	38.0
A_HA	21	713	T	0	0	713	36.3
A_HA	22	705	C	0	0	705	35.5
A_HA	23	783	T	0	0	783	36.6
A_HA	24	716	T	0	0	716	34.9
A_HA	25	828	G	0	0	828	34.2
A_HA	26	839	C	0	0	839	36.5
A_HA	27	878	A	0	0	878	37.3
A_HA	28	917	A	0	0	917	37.6
A_HA	29	939	T	0	0	939	38.0
A_HA	30	865	A	0	0	865	37.5
A_HA	31	902	G	0	0	902	34.3
A_HA	32	922	T	0	0	922	36.1
A_HA	33	1033	T	0	0	1033	37.1
A_HA	34	1066	A	0	0	1066	37.7
A_HA	35	1054	G	0	0	1054	34.3
A_HA	36	1033	C	0	0	1033	37.0
A_HA	37	1047	C	0	0	1047	36.5
A_HA	38	1051	T	0	0	1051	35.3
A_HA	39	1243	T	0	0	1243	36.1
A_HA	40	1150	G	0	0	1150	35.7
A_HA	41	1093	T	0	0	1093	34.5
A_HA	42	1149	T	0	0	1149	37.4
A_HA	43	1499	A	0	0	1499	35.0
A_HA	44	1304	A	0	0	1304	37.6
A_HA	45	1193	A	0	0	1193	34.7
A_HA	46	1380	A	0	0	1380	36.9
A_HA	47	1332	G	0	0	1332	36.1
A_HA	48	1283	T	0	0	1283	37.0
A_HA	49	1383	G	0	0	1383	37.3
A_HA	50	1268	A	0	0	1268	36.2
A_HA	51	1511	T	0	0	1511	34.9
A_HA	52	1486	C	0	0	1486	36.9
A_HA	53	1481	A	0	0	1481	37.6
A_HA	54	1540	G	0	0	1540	36.0
A_HA	55	1360	A	0	0	1360	35.9
A_HA	56	1398	T	0	0	1398	37.0
A_HA	57	1686	T	0	0	1686	36.4
A_HA	58	1603	T	0	0	1603	34.5
A_HA	59	1617	G	0	0	1617	35.0
A_HA	60	1716	C	0	0	1716	34.7
A_HA	61	1574	A	0	0	1574	37.4
A_HA	62	1774	T	0	0	1774	34.5
A_HA	63	1624	T	0	0	1624	37.2
A_HA	64	1866	G	0	0	1866	37.6
A_HA	65	1781	G	0	0	1781	36.4
A_HA	66	1757	T	0	0	1757	37.0
A_HA	67	1794	T	0	0	1794	34.9
A_HA	68	1662	A	0	0	1662	34.0
A_HA	69	1647	C	0	0	1647	36.4
A_HA	70	1852	C	0	0	1852	34.2
A_HA	71	1782	A	0	0	1782	36.4
A_HA	72	1743	T	0	0	1743	36.2
A_HA	73	2031	G	0	0	2031	34.3
A_HA	74	1922	C	0	0	1922	36.6
A_HA	75	2008	A	0	0	2008	37.4
A_HA	76	1945	A	0	0	1945	36.5
A_HA	77	1948	A	0	0	1948	35.5
A_HA	78	1903	C	0	0	1903	36.5
A_HA	79	2164	A	0	0	2164	36.5
A_HA	80	1991	A	0	0	1991	38.0
A_HA	81	2068	T	0	0	2068	37.0
A_HA	82	2221	T	0	0	2221	36.3
A_HA	83	2326	C	0	0	2326	35.5
A_HA	84	2304	G	0	0	2304	34.0
A_HA	85	2091	A	0	0	2091	37.6
A_HA	86	2220	C	0	0	2220	37.4
A_HA	87	2091	A	0	0	2091	35.7
A_HA	88	2254	G	0	0	2254	37.4
A_HA	89	2245	A	0	0	2245	34.5
A_HA	90	2198	G	0	0	2198	35.7
A_HA	91	2072	C	0	0	2072	35.7
A_HA	92	2113	A	0	0	2113	35.4
A_HA	93	2187	A	0	0	2187	35.5
A_HA	94	2597	G	0	0	2597	36.6
A_HA	95	2311	T	0	0	2311	34.7
A_HA	96	2339	T	0	0	2339	37.3
A_HA	97	2398	G	0	0	2398	36.6
A_HA	98	2295	A	0	0	2295	37.1
A_HA	99	2611	C	0	0	2611	34.0
A_HA	100	2238	A	0	0	2238	37.7
A_HA	101	2442	C	0	0	2442	34.1
A_HA	102	2407	G	0	0	2407	34.4
A_HA	103	2647	A	0	0	2647	35.1
A_HA	104	2624	T	0	0	2624	36.7
A_HA	105	2558	A	0	0	2558	37.1
A_HA	106	2681	A	0	0	2681	37.7
A_HA	107	2667	T	0	0	2667	34.6
A_HA	108	2447	G	0	0	2447	36.9
A_HA	109	2428	G	0	0	2428	37.8
A_HA	110	2597	A	0	0	2597	35.3
A_HA	111	2479	A	0	0	2479	36.4
A_HA	112	2371	A	0	0	2371	37.9
A_HA	113	2548	A	0	0	2548	34.0
A_HA	114	2681	G	0	0	2681	34.9
A_HA	115	2610	A	0	0	2610	34.3
A_HA	116	2284	A	0	0	2284	34.1
A_HA	117	2574	C	0	0	2574	35.6
A_HA	118	2490	G	0	0	2490	35.7
A_HA	119	2352	T	0	0	2352	37.6
A_HA	120	2559	C	0	0	2559	36.0
A_HA	121	2576	A	0	0	2576	37.3
A_HA	122	2430	C	0	0	2430	34.4
A_HA	123	2552	T	0	0	2552	35.4
A_HA	124	2580	G	0	0	2580	36.4
A_HA	125	2431	T	0	0	2431	35.1
A_HA	126	2339	T	0	0	2339	36.9
A_HA	127	2663	A	0	0	2663	34.0
A_HA	128	2672	C	0	0	2672	35.1
A_HA	129	2743	A	0	0	2743	37.0
A_HA	130	2476	C	0	0	2476	34.4
A_HA	131	2843	A	0	0	2843	34.9
A_HA	132	2366	T	0	0	2366	37.8
A_HA	133	2325	G	0	0	2325	37.0
A_HA	134	2568	C	0	0	2568	35.3
A_HA	135	3057	C	0	0	3057	35.7
A_HA	136	2520	C	0	0	2520	37.1
A_HA	137	2457	A	0	0	2457	35.5
A_HA	138	2335	A	0	0	2335	35.5
A_HA	139	2677	G	0	0	2677	34.5
A_HA	140	2402	A	0	0	2402	35.5
A_HA	141	2549	C	0	0	2549	35.2
A_HA	142	2543	A	0	0	2543	34.8
A_HA	143	2695	T	0	0	2695	36.3
A_HA	144	2685	A	0	0	2685	36.6
A_HA	145	2569	C	0	0	2569	34.9
A_HA	146	2299	T	0	0	2299	34.3
A_HA	147	2541	G	0	0	2541	35.7
A_HA	148	2453	G	0	0	2453	36.2
A_HA	149	2374	A	0	0	2374	37.9
A_HA	150	2849	A	0	0	2849	35.1
A_HA	151	2767	A	0	0	2767	36.5
A_HA	152	2743	A	0	0	2743	36.6
A_HA	153	2454	A	0	0	2454	35.0
A_HA	154	2655	A	0	0	2655	37.8
A_HA	155	2478	C	0	0	2478	36.5
A_HA	156	2677	A	0	0	2677	34.3
A_HA	157	2442	C	0	0	2442	37.3
A_HA	158	2564	A	0	0	2564	37.5
A_HA	159	2887	C	0	0	2887	35.1
A_HA	160	2433	A	0	0	2433	37.5
A_HA	161	2733	A	0	0	2733	35.8
A_HA	162	2828	C	0	0	2828	37.9
A_HA	163	2753	G	0	0	2753	35.7
A_HA	164	2433	G	0	0	2433	36.8
A_HA	165	2681	G	0	0	2681	35.9
A_HA	166	2413	A	0	0	2413	34.4
A_HA	167	2676	A	0	0	2676	36.0
A_HA	168	2456	G	0	0	2456	35.1
A_HA	169	2926	C	0	0	2926	37.0
A_HA	170	2718	T	0	0	2718	36.8
A_HA	171	2827	C	0	0	2827	36.4
A_HA	172	2751	T	0	0	2751	36.8
A_HA	173	2634	G	0	0	2634	35.9
A_HA	174	2696	T	0	0	2696	36.3
A_HA	175	2649	G	0	0	2649	37.6
A_HA	176	2428	A	0	0	2428	35.8
A_HA	177	2619	T	0	0	2619	37.2
A_HA	178	2826	T	0	0	2826	35.6
A_HA	179	2555	T	0	0	2555	37.3
A_HA	180	2471	A	0	0	2471	37.5
A_HA	181	2837	A	0	0	2837	34.6
A_HA	182	2867	A	0	0	2867	34.1
A_HA	183	2709	T	0	0	2709	35.7
A_HA	184	2420	G	0	0	2420	36.0
A_HA	185	2667	G	0	0	2667	36.6
A_HA	186	3021	G	0	0	3021	36.6
A_HA	187	2821	G	0	0	2821	35.3
A_HA	188	2562	T	0	0	2562	35.0
A_HA	189	2674	G	0	0	2674	35.7
A_HA	190	2633	A	0	0	2633	37.8
A_HA	191	2845	A	0	0	2845	34.4
A_HA	192	2528	G	0	0	2528	36.5
A_HA	193	2545	C	0	0	2545	35.0
A_HA	194	2853	C	0	0	2853	37.9
A_HA	195	2864	A	0	0	2864	36.6
A_HA	196	2713	C	0	0	2713	37.1
A_HA	197	2605	T	0	0	2605	36.3
A_HA	198	2623	G	0	0	2623	37.8
A_HA	199	2548	A	0	0	2548	37.0
A_HA	200	2438	T	0	0	2438	35.9
A_HA	201	2952	T	0	0	2952	34.7
A_HA	202	2979	T	0	0	2979	35.8
A_HA	203	2876	T	0	0	2876	36.6
A_HA	204	2664	A	0	0	2664	36.6
A_HA	205	2572	A	0	0	2572	35.8
A_HA	206	2619	A	0	0	2619	36.6
A_HA	207	2689	G	0	0	2689	34.5
A_HA	208	2622	G	0	0	2622	35.0
A_HA	209	2620	A	0	0	2620	34.4
A_HA	210	2420	T	0	0	2420	37.9
A_HA	211	2661	T	0	0	2661	37.8
A_HA	212	2577	G	0	0	2577	36.9
A_HA	213	2739	T	0	0	2739	37.5
A_HA	214	2567	A	0	0	2567	37.8
A_HA	215	2801	G	0	0	2801	34.4
A_HA	216	2408	T	0	0	2408	37.8
A_HA	217	2378	G	0	0	2378	35.6
A_HA	218	2597	T	0	0	2597	37.1
A_HA	219	2546	A	0	0	2546	34.0
A_HA	220	2950	G	0	0	2950	37.4
A_HA	221	2366	C	0	0	2366	36.3
A_HA	222	2428	T	0	0	2428	34.2
A_HA	223	2575	G	0	0	2575	37.3
A_HA	224	2249	G	0	0	2249	34.1
A_HA	225	2348	A	0	0	2348	37.2
A_HA	226	2647	T	0	0	2647	36.0
A_HA	227	2555	G	0	0	2555	36.5
A_HA	228	2311	G	0	0	2311	37.2
A_HA	229	2791	C	0	0	2791	35.0
A_HA	230	2188	T	0	0	2188	37.4
A_HA	231	2400	C	0	0	2400	35.8
A_HA	232	2608	C	0	0	2608	35.6
A_HA	233	2488	T	0	0	2488	35.8
A_HA	234	2280	C	0	0	2280	35.3
A_HA	235	2342	G	0	0	2342	38.0
A_HA	236	2196	G	0	0	2196	36.1
A_HA	237	2329	A	0	0	2329	37.1
A_HA	238	2401	A	0	0	2401	37.7
A_HA	239	2341	A	0	0	2341	35.5
A_HA	240	2468	C	0	0	2468	34.3
A_HA	241	2426	C	0	0	2426	36.3
A_HA	242	2567	C	0	0	2567	37.5
A_HA	243	2205	A	0	0	2205	36.2
A_HA	244	2292	A	0	0	2292	37.5
A_HA	245	2199	T	0	0	2199	37.2
A_HA	246	2427	G	0	0	2427	37.1
A_HA	247	2271	T	0	0	2271	36.1
A_HA	248	2423	G	0	0	2423	36.7
A_HA	249	2348	C	0	0	2348	35.4
A_HA	250	2076	G	0	0	2076	37.8
A_HA	251	2389	A	0	0	2389	36.8
A_HA	252	2069	C	0	0	2069	36.3
A_HA	253	2238	G	0	0	2238	36.1
A_HA	254	1982	A	0	0	1982	34.3
A_HA	255	2143	A	0	0	2143	37.1
A_HA	256	2015	T	0	0	2015	35.5
A_HA	257	2215	T	0	0	2215	34.7
A_HA	258	2185	C	0	0	2185	37.8
A_HA	259	2175	A	0	0	2175	34.1
A_HA	260	2072	T	0	0	2072	34.7
A_HA	261	2098	C	0	0	2098	37.7
A_HA	262	1992	A	0	0	1992	35.7
A_HA	263	2149	G	0	0	2149	36.7
A_HA	264	2187	A	0	0	2187	34.0
A_HA	265	2107	G	0	0	2107	35.1
A_HA	266	2084	T	0	0	2084	37.6
A_HA	267	2253	G	0	0	2253	37.4
A_HA	268	2082	C	0	0	2082	35.3
A_HA	269	2061	C	0	0	2061	37.4
A_HA	270	2092	G	0	0	2092	37.9
A_HA	271	1890	G	0	0	1890	36.7
A_HA	272	1958	A	0	0	1958	34.9
A_HA	273	2034	A	0	0	2034	36.3
A_HA	274	1904	T	0	0	1904	35.0
A_HA	275	2080	G	0	0	2080	37.1
A_HA	276	1878	G	0	0	1878	34.7
A_HA	277	1871	T	0	0	1871	34.9
A_HA	278	1924	C	0	0	1924	37.0
A_HA	279	1924	C	0	0	1924	34.0
A_HA	280	2044	T	0	0	2044	35.5
A_HA	281	2034	A	0	0	2034	35.5
A_HA	282	1996	C	0	0	1996	37.4
A_HA	283	1993	A	0	0	1993	35.7
A_HA	284	1776	T	0	0	1776	37.1
A_HA	285	1799	A	0	0	1799	34.7
A_HA	286	1931	G	0	0	1931	34.9
A_HA	287	1971	T	0	0	1971	37.5
A_HA	288	1703	G	0	0	1703	34.4
A_HA	289	2054	G	0	0	2054	34.2
A_HA	290	1898	A	0	0	1898	36.4
A_HA	291	1819	G	0	0	1819	36.3
A_HA	292	1893	C	0	0	1893	37.4
A_HA	293	1792	G	0	0	1792	36.7
A_HA	294	1713	G	0	0	1713	35.1
A_HA	295	1809	G	0	0	1809	37.7
A_HA	296	1754	C	0	0	1754	35.6
A_HA	297	1808	T	0	0	1808	36.2
A_HA	298	1993	A	0	0	1993	37.3
A_HA	299	1777	A	0	0	1777	36.2
A_HA	300	1797	C	0	0	1797	34.7
A_HA	301	1599	C	0	0	1599	35.1
A_HA	302	1712	C	0	0	1712	35.6
A_HA	303	1635	A	0	0	1635	37.8
A_HA	304	1882	G	0	0	1882	35.1
A_HA	305	1790	C	0	0	1790	34.6
A_HA	306	1821	T	0	0	1821	36.8
A_HA	307	1781	A	0	0	1781	36.4
A_HA	308	1907	A	0	0	1907	36.0
A_HA	309	1723	T	0	0	1723	37.8
A_HA	310	1508	G	0	0	1508	36.0
A_HA	311	1802	A	0	0	1802	36.6
A_HA	312	1683	C	0	0	1683	35.4
A_HA	313	1813	C	0	0	1813	34.3
A_HA	314	1800	T	0	0	1800	36.3
A_HA	315	1767	C	0	0	1767	35.1
A_HA	316	1586	T	0	0	1586	35.6
A_HA	317	1708	G	0	0	1708	37.4
A_HA	318	1750	T	0	0	1750	37.6
A_HA	319	1759	T	0	0	1759	37.6
A_HA	320	1762	A	0	0	1762	37.3
A_HA	321	1436	C	0	0	1436	36.6
A_HA	322	1810	C	0	0	1810	35.0
A_HA	323	1725	C	0	0	1725	34.8
A_HA	324	1668	A	0	0	1668	36.7
A_HA	325	1736	G	0	0	1736	34.4
A_HA	326	1837	G	0	0	1837	35.5
A_HA	327	1827	G	0	0	1827	35.3
A_HA	328	1601	A	0	0	1601	35.4
A_HA	329	1720	G	0	0	1720	35.4
A_HA	330	1869	C	0	0	1869	35.3
A_HA	331	1730	C	0	0	1730	35.7
A_HA	332	1838	T	0	0	1838	36.8
A_HA	333	1715	C	0	0	1715	36.5
A_HA	334	1691	A	0	0	1691	37.0
A_HA	335	1670	A	0	0	1670	36.4
A_HA	336	1815	T	0	0	1815	34.0
A_HA	337	1920	G	0	0	1920	37.8
A_HA	338	1882	A	0	0	1882	34.6
A_HA	339	1796	C	0	0	1796	35.9
A_HA	340	2079	T	0	0	2079	34.5
A_HA	341	1894	A	0	0	1894	36.2
A_HA	342	1809	T	0	0	1809	35.4
A_HA	343	1876	G	0	0	1876	36.7
A_HA	344	1886	A	0	0	1886	37.5
A_HA	345	2002	A	0	0	2002	36.8
A_HA	346	1852	G	0	0	1852	37.7
A_HA	347	2098	A	0	0	2098	37.3
A_HA	348	1903	A	0	0	1903	37.9
A_HA	349	1850	C	0	0	1850	35.3
A_HA	350	1928	T	0	0	1928	35.5
A_HA	351	2002	G	0	0	2002	36.4
A_HA	352	1897	A	0	0	1897	34.1
A_HA	353	2031	A	0	0	2031	36.0
A_HA	354	2065	A	0	0	2065	35.2
A_HA	355	2224	C	0	0	2224	35.8
A_HA	356	1968	A	0	0	1968	34.3
A_HA	357	2235	C	0	0	2235	35.7
A_HA	358	2113	A	0	0	2113	34.2
A_HA	359	2019	T	0	0	2019	35.5
A_HA	360	2114	G	0	0	2114	34.1
A_HA	361	1900	T	0	0	1900	35.4
A_HA	362	2013	T	0	0	2013	34.9
A_HA	363	2066	G	0	0	2066	36.7
A_HA	364	1877	A	0	0	1877	34.8
A_HA	365	2302	G	0	0	2302	36.4
A_HA	366	2054	C	0	0	2054	34.8
A_HA	367	2066	A	0	0	2066	37.9
A_HA	368	2136	G	0	0	2136	34.6
A_HA	369	1991	A	0	0	1991	37.3
A_HA	370	1902	A	0	0	1902	35.7
A_HA	371	2236	T	0	0	2236	34.2
A_HA	372	2184	A	0	0	2184	34.0
A_HA	373	2188	A	0	0	2188	37.0
A_HA	374	2146	A	0	0	2146	35.3
A_HA	375	2325	T	0	0	2325	37.9
A_HA	376	2233	C	0	0	2233	34.3
A_HA	377	2250	A	0	0	2250	37.3
A_HA	378	2298	T	0	0	2298	34.4
A_HA	379	2445	T	0	0	2445	37.2
A_HA	380	2470	T	0	0	2470	35.7
A_HA	381	2456	T	0	0	2456	36.1
A_HA	382	2419	G	0	0	2419	37.4
A_HA	383	2328	A	0	0	2328	37.4
A_HA	384	2511	G	0	0	2511	36.5
A_HA	385	2575	A	0	0	2575	37.6
A_HA	386	2631	A	0	0	2631	38.0
A_HA	387	2600	G	0	0	2600	34.8
A_HA	388	2645	A	0	0	2645	35.7
A_HA	389	2575	T	0	0	2575	34.8
A_HA	390	2641	T	0	0	2641	35.6
A_HA	391	2418	C	0	0	2418	36.8
A_HA	392	2722	A	0	0	2722	36.8
A_HA	393	2414	G	0	0	2414	37.8
A_HA	394	2768	A	0	0	2768	37.7
A_HA	395	2313	T	0	0	2313	35.5
A_HA	396	2803	C	0	0	2803	37.1
A_HA	397	2806	A	0	0	2806	36.2
A_HA	398	2547	T	0	0	2547	36.7
A_HA	399	2554	T	0	0	2554	36.6
A_HA	400	2752	C	0	0	2752	34.4
A_HA	401	2595	C	0	0	2595	37.4
A_HA	402	2523	C	0	0	2523	36.7
A_HA	403	2437	A	0	0	2437	34.6
A_HA	404	2393	A	0	0	2393	36.8
A_HA	405	2741	G	0	0	2741	37.6
A_HA	406	2480	A	0	0	2480	36.8
A_HA	407	2600	G	0	0	2600	34.3
A_HA	408	2655	T	0	0	2655	34.1
A_HA	409	2841	T	0	0	2841	36.2
A_HA	410	2974	C	0	0	2974	34.5
A_HA	411	3029	C	0	0	3029	35.5
A_HA	412	2974	T	0	0	2974	37.6
A_HA	413	2710	G	0	0	2710	37.6
A_HA	414	2569	G	0	0	2569	34.6
A_HA	415	2823	C	0	0	2823	35.5
A_HA	416	2980	C	0	0	2980	37.3
A_HA	417	2619	A	0	0	2619	37.4
A_HA	418	3205	A	0	0	3205	36.7
A_HA	419	2759	A	0	0	2759	37.1
A_HA	420	2915	T	0	0	2915	34.6
A_HA	421	2799	C	0	0	2799	36.0
A_HA	422	2832	A	0	0	2832	34.5
A_HA	423	3009	T	0	0	3009	37.8
A_HA	424	2675	G	0	0	2675	34.7
A_HA	425	2760	A	0	0	2760	36.1
A_HA	426	2694	A	0	0	2694	35.6
A_HA	427	2714	A	0	0	2714	35.5
A_HA	428	3218	C	0	0	3218	37.4
A_HA	429	3096	A	0	0	3096	34.6
A_HA	430	3158	T	0	0	3158	36.1
A_HA	431	3117	C	0	0	3117	37.2
A_HA	432	3316	A	0	0	3316	35.6
A_HA	433	3173	C	0	0	3173	36.0
A_HA	434	3209	T	0	0	3209	37.1
A_HA	435	3090	A	0	0	3090	34.1
A_HA	436	3126	G	0	0	3126	36.1
A_HA	437	3267	G	0	0	3267	35.6
A_HA	438	3163	G	0	0	3163	36.9
A_HA	439	3405	G	0	0	3405	34.7
A_HA	440	3136	T	0	0	3136	36.2
A_HA	441	3184	G	0	0	3184	37.2
A_HA	442	3142	A	0	0	3142	37.3
A_HA	443	3337	G	0	0	3337	35.2
A_HA	444	3345	C	0	0	3345	35.1
A_HA	445	3225	G	0	0	3225	34.8
A_HA	446	3253	C	0	0	3253	37.4
A_HA	447	3514	A	0	0	3514	37.8
A_HA	448	3233	G	0	0	3233	35.3
A_HA	449	3242	C	0	0	3242	35.6
A_HA	450	3437	T	0	0	3437	34.0
A_HA	451	3201	T	0	0	3201	38.0
A_HA	452	3135	G	0	0	3135	35.7
A_HA	453	3361	T	0	0	3361	36.9
A_HA	454	3326	C	0	0	3326	34.1
A_HA	455	3305	C	0	0	3305	37.4
A_HA	456	3012	A	0	0	3012	34.3
A_HA	457	3495	T	0	0	3495	36.6
A_HA	458	3593	A	0	0	3593	34.7
A_HA	459	3800	C	0	0	3800	36.0
A_HA	460	2888	C	0	0	2888	34.9
A_HA	461	3541	A	0	0	3541	37.3
A_HA	462	3527	G	0	0	3527	34.2
A_HA	463	3461	G	0	0	3461	35.3
A_HA	464	3254	G	0	0	3254	34.1
A_HA	465	3391	A	0	0	3391	37.6
A_HA	466	3580	G	0	0	3580	35.2
A_HA	467	3135	C	0	0	3135	35.9
A_HA	468	3082	G	0	0	3082	34.2
A_HA	469	3332	C	0	0	3332	34.4
A_HA	470	3600	C	0	0	3600	34.5
A_HA	471	3301	C	0	0	3301	34.9
A_HA	472	3213	T	0	0	3213	37.0
A_HA	473	2989	C	0	0	2989	35.7
A_HA	474	3289	C	0	0	3289	37.3
A_HA	475	3087	T	0	0	3087	36.5
A_HA	476	3466	T	0	0	3466	37.6
A_HA	477	2844	T	0	0	2844	37.8
A_HA	478	3070	T	0	0	3070	34.9
A_HA	479	3204	T	0	0	3204	37.2
A_HA	480	3046	C	0	0	3046	36.3
A_HA	481	3480	A	0	0	3480	34.0
A_HA	482	3210	G	0	0	3210	36.7
A_HA	483	3113	A	0	0	3113	34.5
A_HA	484	3081	A	0	0	3081	37.8
A_HA	485	3094	A	0	0	3094	36.8
A_HA	486	3378	T	0	0	3378	37.2
A_HA	487	2984	G	0	0	2984	35.8
A_HA	488	3207	T	0	0	3207	37.9
A_HA	489	3298	G	0	0	3298	37.9
A_HA	490	3332	G	0	0	3332	36.2
A_HA	491	3285	T	0	0	3285	36.6
A_HA	492	3408	G	0	0	3408	37.4
A_HA	493	2958	T	0	0	2958	37.5
A_HA	494	3512	G	0	0	3512	36.2
A_HA	495	3289	G	0	0	3289	34.3
A_HA	496	3449	C	0	0	3449	36.9
A_HA	497	3284	T	0	0	3284	34.3
A_HA	498	2975	T	0	0	2975	36.2
A_HA	499	3386	A	0	0	3386	35.0
A_HA	500	3255	T	0	0	3255	36.2
A_HA	501	3237	C	0	0	3237	36.4
A_HA	502	3167	A	0	0	3167	34.3
A_HA	503	3324	A	0	0	3324	37.7
A_HA	504	3084	A	0	0	3084	37.4
A_HA	505	3228	A	0	0	3228	36.9
A_HA	506	3102	A	0	0	3102	37.4
A_HA	507	2871	G	0	0	2871	37.3
A_HA	508	3083	A	0	0	3083	37.0
A_HA	509	3144	A	0	0	3144	34.0
A_HA	510	3085	C	0	0	3085	37.8
A_HA	511	3248	G	0	0	3248	34.0
A_HA	512	3050	A	0	0	3050	37.7
A_HA	513	2967	T	0	0	2967	37.9
A_HA	514	3011	G	0	0	3011	35.2
A_HA	515	2712	C	0	0	2712	37.2
A_HA	516	3309	A	0	0	3309	34.2
A_HA	517	3235	T	0	0	3235	35.2
A_HA	518	3310	A	0	0	3310	35.0
A_HA	519	2866	C	0	0	2866	36.3
A_HA	520	3055	C	0	0	3055	37.6
A_HA	521	3210	C	0	0	3210	35.6
A_HA	522	3200	A	0	0	3200	34.1
A_HA	523	3082	A	0	0	3082	35.1
A_HA	524	2766	C	0	0	2766	37.7
A_HA	525	3172	A	0	0	3172	36.8
A_HA	526	2638	A	0	0	2638	37.3
A_HA	527	3026	T	0	0	3026	35.5
A_HA	528	3335	A	0	0	3335	35.0
A_HA	529	3239	A	0	0	3239	34.5
A_HA	530	2481	A	0	0	2481	37.2
A_HA	531	2895	G	0	0	2895	34.6
A_HA	532	2766	A	0	0	2766	37.1
A_HA	533	2913	T	0	0	2913	34.4
A_HA	534	2946	A	0	0	2946	37.5
A_HA	535	3026	A	0	0	3026	34.1
A_HA	536	2742	G	0	0	2742	36.8
A_HA	537	3142	C	0	0	3142	35.7
A_HA	538	3180	T	0	0	3180	37.8
A_HA	539	3242	A	0	0	3242	34.2
A_HA	540	2917	C	0	0	2917	36.3
A_HA	541	2840	A	0	0	2840	35.8
A_HA	542	2793	A	0	0	2793	37.6
A_HA	543	2946	T	0	0	2946	37.0
A_HA	544	2719	A	0	0	2719	34.2
A_HA	545	2787	A	0	0	2787	35.1
A_HA	546	2968	T	0	0	2968	34.9
A_HA	547	3365	A	0	0	3365	35.2
A_HA	548	2705	C	0	0	2705	35.9
A_HA	549	2909	T	0	0	2909	35.9
A_HA	550	2766	A	0	0	2766	36.6
A_HA	551	3052	A	0	0	3052	37.0
A_HA	552	2927	T	0	0	2927	34.8
A_HA	553	3033	C	0	0	3033	35.5
A_HA	554	2773	G	0	0	2773	37.7
A_HA	555	2863	G	0	0	2863	35.3
A_HA	556	2665	G	0	0	2665	36.5
A_HA	557	2935	A	0	0	2935	35.8
A_HA	558	2909	A	0	0	2909	37.2
A_HA	559	2826	G	0	0	2826	34.2
A_HA	560	2906	A	0	0	2906	36.3
A_HA	561	2892	T	0	0	2892	36.5
A_HA	562	3143	C	0	0	3143	37.4
A_HA	563	2993	T	0	0	2993	35.0
A_HA	564	2806	C	0	0	2806	37.6
A_HA	565	3055	T	0	0	3055	37.8
A_HA	566	2947	T	0	0	2947	36.9
A_HA	567	3155	G	0	0	3155	36.2
A_HA	568	2777	A	0	0	2777	36.7
A_HA	569	2982	T	0	0	2982	34.6
A_HA	570	2896	A	0	0	2896	35.7
A_HA	571	2753	C	0	0	2753	35.7
A_HA	572	2868	T	0	0	2868	35.7
A_HA	573	2959	G	0	0	2959	34.4
A_HA	574	2781	T	0	0	2781	34.4
A_HA	575	2906	G	0	0	2906	34.9
A_HA	576	2573	G	0	0	2573	37.2
A_HA	577	2892	G	0	0	2892	37.6
A_HA	578	2810	G	0	0	2810	36.3
A_HA	579	2603	G	0	0	2603	34.4
A_HA	580	2793	A	0	0	2793	35.5
A_HA	581	2860	T	0	0	2860	35.8
A_HA	582	2898	T	0	0	2898	36.4
A_HA	583	2976	C	0	0	2976	35.9
A_HA	584	2926	A	0	0	2926	36.4
A_HA	585	2983	T	0	0	2983	37.7
A_HA	586	2870	C	0	0	2870	34.5
A_HA	587	3090	A	0	0	3090	36.2
A_HA	588	2764	T	0	0	2764	34.2
A_HA	589	2766	T	0	0	2766	35.8
A_HA	590	2923	C	0	0	2923	35.4
A_HA	591	2749	C	0	0	2749	36.0
A_HA	592	2940	A	0	0	2940	35.2
A_HA	593	2812	A	0	0	2812	37.3
A_HA	594	3011	C	0	0	3011	34.1
A_HA	595	2626	A	0	0	2626	36.8
A_HA	596	3046	A	0	0	3046	37.5
A_HA	597	2999	T	0	0	2999	34.5
A_HA	598	2876	G	0	0	2876	36.5
A_HA	599	2863	C	0	0	2863	34.9
A_HA	600	2905	A	0	0	2905	36.2
A_HA	601	2934	G	0	0	2934	36.0
A_HA	602	3055	A	0	0	3055	36.5
A_HA	603	3058	A	0	0	3058	38.0
A_HA	604	3170	G	0	0	3170	34.7
A_HA	605	2807	A	0	0	2807	35.1
A_HA	606	2789	G	0	0	2789	34.9
A_HA	607	3220	C	0	0	3220	37.7
A_HA	608	3027	A	0	0	3027	35.5
A_HA	609	3031	G	0	0	3031	36.7
A_HA	610	2984	A	0	0	2984	36.5
A_HA	611	3032	C	0	0	3032	35.9
A_HA	612	2854	A	0	0	2854	34.5
A_HA	613	2821	A	0	0	2821	34.6
A_HA	614	3482	A	0	0	3482	34.1
A_HA	615	2719	T	0	0	2719	34.2
A_HA	616	3369	C	0	0	3369	35.0
A_HA	617	3194	T	0	0	3194	36.0
A_HA	618	3063	C	0	0	3063	36.4
A_HA	619	2959	T	0	0	2959	37.9
A_HA	620	3043	A	0	0	3043	35.9
A_HA	621	2901	C	0	0	2901	34.1
A_HA	622	2999	A	0	0	2999	37.8
A_HA	623	3129	A	0	0	3129	36.6
A_HA	624	3154	A	0	0	3154	36.7
A_HA	625	3191	A	0	0	3191	37.5
A_HA	626	3047	A	0	0	3047	34.1
A_HA	627	3296	C	0	0	3296	37.9
A_HA	628	3021	C	0	0	3021	36.4
A_HA	629	3230	C	0	0	3230	34.1
A_HA	630	3041	A	0	0	3041	34.7
A_HA	631	3170	A	0	0	3170	37.7
A_HA	632	2998	C	0	0	2998	34.8
A_HA	633	3061	C	0	0	3061	34.4
A_HA	634	3081	A	0	0	3081	35.5
A_HA	635	3020	C	0	0	3020	35.8
A_HA	636	3083	C	0	0	3083	37.0
A_HA	637	3150	T	0	0	3150	34.8
A_HA	638	3281	A	0	0	3281	37.6
A_HA	639	3015	C	0	0	3015	36.0
A_HA	640	2909	A	0	0	2909	37.3
A_HA	641	3166	T	0	0	3166	35.9
A_HA	642	2855	T	0	0	2855	35.0
A_HA	643	3419	T	0	0	3419	37.3
A_HA	644	2962	C	0	0	2962	35.4
A_HA	645	2900	A	0	0	2900	34.2
A_HA	646	3387	G	0	0	3387	37.5
A_HA	647	3227	T	0	0	3227	36.5
A_HA	648	3017	T	0	0	3017	37.7
A_HA	649	3507	G	0	0	3507	34.3
A_HA	650	3415	G	0	0	3415	35.9
A_HA	651	3636	A	0	0	3636	36.2
A_HA	652	3490	A	0	0	3490	35.4
A_HA	653	3427	C	0	0	3427	34.7
A_HA	654	3015	A	0	0	3015	37.3
A_HA	655	3477	T	0	0	3477	35.7
A_HA	656	3649	C	0	0	3649	35.7
A_HA	657	3705	A	0	0	3705	34.5
A_HA	658	3068	A	0	0	3068	37.1
A_HA	659	3221	C	0	0	3221	35.6
A_HA	660	3472	T	0	0	3472	35.5
A_HA	661	3285	T	0	0	3285	36.0
A_HA	662	2877	T	0	0	2877	36.8
A_HA	663	3141	A	0	0	3141	36.7
A_HA	664	3284	A	0	0	3284	37.4
A_HA	665	2838	A	0	0	2838	36.6
A_HA	666	3187	C	0	0	3187	34.6
A_HA	667	3531	C	0	0	3531	36.8
A_HA	668	3275	A	0	0	3275	34.5
A_HA	669	3139	G	0	0	3139	37.9
A_HA	670	3302	A	0	0	3302	37.2
A_HA	671	3183	G	0	0	3183	37.6
A_HA	672	3062	G	0	0	3062	36.6
A_HA	673	3333	T	0	0	3333	34.9
A_HA	674	3095	T	0	0	3095	34.1
A_HA	675	3088	G	0	0	3088	34.7
A_HA	676	3002	G	0	0	3002	34.9
A_HA	677	3183	C	0	0	3183	36.8
A_HA	678	3383	A	0	0	3383	37.2
A_HA	679	3164	C	0	0	3164	35.5
A_HA	680	3322	C	0	0	3322	35.2
A_HA	681	3254	A	0	0	3254	35.5
A_HA	682	3095	A	0	0	3095	36.7
A_HA	683	3111	A	0	0	3111	37.2
A_HA	684	2983	A	0	0	2983	36.5
A_HA	685	3088	A	0	0	3088	35.5
A_HA	686	3193	T	0	0	3193	37.7
A_HA	687	3106	A	0	0	3106	34.8
A_HA	688	3227	G	0	0	3227	35.1
A_HA	689	3260	C	0	0	3260	35.3
A_HA	690	3270	T	0	0	3270	36.8
A_HA	691	3104	A	0	0	3104	35.5
A_HA	692	3145	C	0	0	3145	37.0
A_HA	693	2841	T	0	0	2841	35.8
A_HA	694	3018	A	0	0	3018	36.2
A_HA	695	3145	G	0	0	3145	34.5
A_HA	696	2742	A	0	0	2742	37.2
A_HA	697	3207	T	0	0	3207	35.4
A_HA	698	3131	C	0	0	3131	37.2
A_HA	699	2981	C	0	0	2981	37.8
A_HA	700	2965	C	0	0	2965	37.5
A_HA	701	2859	A	0	0	2859	34.8
A_HA	702	3240	A	0	0	3240	37.8
A_HA	703	3040	G	0	0	3040	38.0
A_HA	704	2881	T	0	0	2881	35.6
A_HA	705	3125	A	0	0	3125	37.2
A_HA	706	3134	A	0	0	3134	34.6
A_HA	707	2883	A	0	0	2883	34.7
A_HA	708	2786	C	0	0	2786	34.5
A_HA	709	2491	G	0	0	2491	38.0
A_HA	710	3049	G	0	0	3049	36.9
A_HA	711	2814	G	0	0	2814	34.7
A_HA	712	2959	C	0	0	2959	35.0
A_HA	713	3004	A	0	0	3004	34.6
A_HA	714	2939	A	0	0	2939	34.5
A_HA	715	2594	C	0	0	2594	35.3
A_HA	716	3103	G	0	0	3103	37.6
A_HA	717	3230	T	0	0	3230	36.4
A_HA	718	2724	G	0	0	2724	37.5
A_HA	719	2630	G	0	0	2630	35.0
A_HA	720	2539	A	0	0	2539	34.7
A_HA	721	2637	A	0	0	2637	37.2
A_HA	722	2937	G	0	0	2937	35.2
A_HA	723	2797	A	0	0	2797	36.4
A_HA	724	2730	A	0	0	2730	34.5
A_HA	725	2648	T	0	0	2648	35.0
A_HA	726	2779	G	0	0	2779	37.7
A_HA	727	2778	G	0	0	2778	36.9
A_HA	728	2629	A	0	0	2629	37.6
A_HA	729	2646	C	0	0	2646	36.2
A_HA	730	2361	T	0	0	2361	34.8
A_HA	731	2837	T	0	0	2837	34.4
A_HA	732	2681	C	0	0	2681	34.4
A_HA	733	2739	T	0	0	2739	36.9
A_HA	734	2410	T	0	0	2410	35.4
A_HA	735	2621	C	0	0	2621	34.3
A_HA	736	2866	T	0	0	2866	35.5
A_HA	737	2737	G	0	0	2737	36.5
A_HA	738	2564	G	0	0	2564	35.6
A_HA	739	2692	A	0	0	2692	36.2
A_HA	740	2608	C	0	0	2608	37.5
A_HA	741	2550	A	0	0	2550	34.4
A_HA	742	2463	A	0	0	2463	34.3
A_HA	743	2596	T	0	0	2596	35.5
A_HA	744	2650	C	0	0	2650	37.4
A_HA	745	2573	T	0	0	2573	36.9
A_HA	746	2324	T	0	0	2324	34.3
A_HA	747	2425	A	0	0	2425	35.2
A_HA	748	2516	A	0	0	2516	35.3
A_HA	749	2438	A	0	0	2438	34.4
A_HA	750	2375	A	0	0	2375	36.3
A_HA	751	2506	C	0	0	2506	36.6
A_HA	752	2474	C	0	0	2474	35.5
A_HA	753	2347	A	0	0	2347	37.5
A_HA	754	2446	G	0	0	2446	36.1
A_HA	755	2457	A	0	0	2457	36.6
A_HA	756	2155	T	0	0	2155	36.0
A_HA	757	2118	G	0	0	2118	36.3
A_HA	758	2442	A	0	0	2442	35.7
A_HA	759	2105	T	0	0	2105	37.7
A_HA	760	2288	G	0	0	2288	35.4
A_HA	761	2119	C	0	0	2119	34.8
A_HA	762	2001	A	0	0	2001	34.4
A_HA	763	2330	A	0	0	2330	35.7
A_HA	764	2224	T	0	0	2224	37.2
A_HA	765	2354	C	0	0	2354	36.4
A_HA	766	2096	C	0	0	2096	37.2
A_HA	767	2327	A	0	0	2327	37.0
A_HA	768	2132	T	0	0	2132	37.0
A_HA	769	2262	T	0	0	2262	36.8
A_HA	770	2029	T	0	0	2029	36.4
A_HA	771	2197	C	0	0	2197	35.5
A_HA	772	1969	G	0	0	1969	35.3
A_HA	773	2179	A	0	0	2179	35.4
A_HA	774	2078	G	0	0	2078	36.4
A_HA	775	1885	A	0	0	1885	37.1
A_HA	776	2114	G	0	0	2114	35.1
A_HA	777	1931	T	0	0	1931	35.8
A_HA	778	1743	A	0	0	1743	37.6
A_HA	779	1875	A	0	0	1875	36.4
A_HA	780	1951	C	0	0	1951	37.0
A_HA	781	2030	G	0	0	2030	35.9
A_HA	782	2020	G	0	0	2020	34.8
A_HA	783	2040	A	0	0	2040	35.0
A_HA	784	1814	A	0	0	1814	35.0
A_HA	785	1975	A	0	0	1975	36.6
A_HA	786	2057	T	0	0	2057	35.8
A_HA	787	2007	T	0	0	2007	35.8
A_HA	788	1919	T	0	0	1919	37.9
A_HA	789	1914	C	0	0	1914	36.8
A_HA	790	1781	A	0	0	1781	36.4
A_HA	791	1917	T	0	0	1917	36.4
A_HA	792	1889	T	0	0	1889	34.4
A_HA	793	1811	G	0	0	1811	35.6
A_HA	794	1729	C	0	0	1729	34.9
A_HA	795	1849	T	0	0	1849	35.0
A_HA	796	1787	C	0	0	1787	35.9
A_HA	797	1925	C	0	0	1925	37.9
A_HA	798	1821	A	0	0	1821	37.5
A_HA	799	1642	G	0	0	1642	37.6
A_HA	800	1857	A	0	0	1857	37.4
A_HA	801	1577	A	0	0	1577	35.7
A_HA	802	1787	T	0	0	1787	36.8
A_HA	803	1721	A	0	0	1721	38.0
A_HA	804	1660	T	0	0	1660	35.7
A_HA	805	1746	G	0	0	1746	36.6
A_HA	806	1727	C	0	0	1727	35.6
A_HA	807	2099	A	0	0	2099	35.7
A_HA	808	1576	T	0	0	1576	37.3
A_HA	809	1718	A	0	0	1718	34.8
A_HA	810	1735	C	0	0	1735	34.2
A_HA	811	1768	A	0	0	1768	35.2
A_HA	812	1716	A	0	0	1716	37.3
A_HA	813	1696	A	0	0	1696	36.4
A_HA	814	1727	A	0	0	1727	37.4
A_HA	815	1738	T	0	0	1738	35.5
A_HA	816	1576	T	0	0	1576	36.0
A_HA	817	1679	G	0	0	1679	37.1
A_HA	818	1652	T	0	0	1652	35.2
A_HA	819	1720	C	0	0	1720	35.5
A_HA	820	1511	A	0	0	1511	35.4
A_HA	821	1765	A	0	0	1765	35.3
A_HA	822	1622	G	0	0	1622	36.3
A_HA	823	1914	A	0	0	1914	37.9
A_HA	824	1600	A	0	0	1600	34.7
A_HA	825	2006	A	0	0	2006	37.7
A_HA	826	1739	G	0	0	1739	34.2
A_HA	827	1702	G	0	0	1702	37.6
A_HA	828	1689	G	0	0	1689	35.9
A_HA	829	1727	G	0	0	1727	35.9
A_HA	830	1604	A	0	0	1604	36.9
A_HA	831	1693	C	0	0	1693	37.1
A_HA	832	1875	T	0	0	1875	37.4
A_HA	833	1573	C	0	0	1573	37.1
A_HA	834	1574	A	0	0	1574	34.7
A_HA	835	1919	A	0	0	1919	36.4
A_HA	836	1916	C	0	0	1916	37.3
A_HA	837	1930	A	0	0	1930	34.2
A_HA	838	1811	A	0	0	1811	37.1
A_HA	839	1845	T	0	0	1845	35.5
A_HA	840	1875	T	0	0	1875	36.4
A_HA	841	1923	A	0	0	1923	35.3
A_HA	842	1857	T	0	0	1857	35.8
A_HA	843	1889	G	0	0	1889	37.8
A_HA	844	1761	A	0	0	1761	37.7
A_HA	845	2030	A	0	0	2030	37.3
A_HA	846	1696	A	0	0	1696	37.3
A_HA	847	1907	A	0	0	1907	35.4
A_HA	848	1881	G	0	0	1881	34.8
A_HA	849	1728	T	0	0	1728	37.0
A_HA	850	1835	G	0	0	1835	37.2
A_HA	851	1869	G	0	0	1869	35.5
A_HA	852	1901	A	0	0	1901	34.2
A_HA	853	1753	A	0	0	1753	36.1
A_HA	854	2008	T	0	0	2008	35.3
A_HA	855	1864	G	0	0	1864	36.0
A_HA	856	1961	G	0	0	1961	37.2
A_HA	857	2082	A	0	0	2082	37.2
A_HA	858	2021	A	0	0	2021	35.8
A_HA	859	2185	T	0	0	2185	34.7
A_HA	860	1940	A	0	0	1940	36.9
A_HA	861	1969	T	0	0	1969	34.9
A_HA	862	1947	G	0	0	1947	36.6
A_HA	863	2088	G	0	0	2088	34.1
A_HA	864	2109	C	0	0	2109	36.7
A_HA	865	2044	C	0	0	2044	37.2
A_HA	866	2013	A	0	0	2013	36.7
A_HA	867	1878	C	0	0	1878	37.2
A_HA	868	1937	T	0	0	1937	37.8
A_HA	869	2136	G	0	0	2136	35.8
A_HA	870	2087	C	0	0	2087	37.3
A_HA	871	2068	A	0	0	2068	37.5
A_HA	872	2034	A	0	0	2034	36.1
A_HA	873	2295	C	0	0	2295	37.9
A_HA	874	2253	A	0	0	2253	34.7
A_HA	875	2113	C	0	0	2113	36.6
A_HA	876	2350	C	0	0	2350	37.0
A_HA	877	2256	A	0	0	2256	36.8
A_HA	878	2148	A	0	0	2148	35.0
A_HA	879	2186	A	0	0	2186	35.4
A_HA	880	2177	T	0	0	2177	35.9
A_HA	881	2133	G	0	0	2133	34.6
A_HA	882	2173	T	0	0	2173	37.9
A_HA	883	2135	C	0	0	2135	34.1
A_HA	884	2278	A	0	0	2278	34.1
A_HA	885	2295	A	0	0	2295	34.5
A_HA	886	2181	A	0	0	2181	35.8
A_HA	887	2180	C	0	0	2180	37.3
A_HA	888	2178	C	0	0	2178	35.7
A_HA	889	2473	C	0	0	2473	37.1
A_HA	890	2138	C	0	0	2138	35.1
A_HA	891	2517	A	0	0	2517	35.0
A_HA	892	2443	G	0	0	2443	35.6
A_HA	893	2272	T	0	0	2272	35.5
A_HA	894	2190	A	0	0	2190	35.2
A_HA	895	2561	G	0	0	2561	34.7
A_HA	896	2366	G	0	0	2366	36.4
A_HA	897	2159	T	0	0	2159	36.6
A_HA	898	2340	G	0	0	2340	37.8
A_HA	899	2340	C	0	0	2340	38.0
A_HA	900	2212	G	0	0	2212	36.0
A_HA	901	2551	A	0	0	2551	34.6
A_HA	902	2629	T	0	0	2629	34.6
A_HA	903	2285	A	0	0	2285	37.9
A_HA	904	2474	A	0	0	2474	35.4
A_HA	905	2414	A	0	0	2414	35.2
A_HA	906	2689	T	0	0	2689	35.4
A_HA	907	2487	T	0	0	2487	37.4
A_HA	908	2627	C	0	0	2627	35.9
A_HA	909	2367	T	0	0	2367	35.9
A_HA	910	2788	A	0	0	2788	37.9
A_HA	911	2502	G	0	0	2502	36.2
A_HA	912	2513	T	0	0	2513	36.7
A_HA	913	2160	A	0	0	2160	35.7
A_HA	914	2578	T	0	0	2578	34.0
A_HA	915	2528	G	0	0	2528	36.2
A_HA	916	2576	C	0	0	2576	36.3
A_HA	917	2733	C	0	0	2733	34.1
A_HA	918	2549	A	0	0	2549	36.4
A_HA	919	2438	T	0	0	2438	37.4
A_HA	920	2739	T	0	0	2739	34.7
A_HA	921	2453	C	0	0	2453	36.6
A_HA	922	2573	C	0	0	2573	37.3
A_HA	923	2321	A	0	0	2321	34.8
A_HA	924	2463	C	0	0	2463	37.9
A_HA	925	2634	A	0	0	2634	36.9
A_HA	926	2981	A	0	0	2981	36.6
A_HA	927	2656	C	0	0	2656	37.4
A_HA	928	2467	A	0	0	2467	37.8
A_HA	929	2594	T	0	0	2594	35.7
A_HA	930	2561	A	0	0	2561	35.8
A_HA	931	2807	C	0	0	2807	36.2
A_HA	932	2539	A	0	0	2539	36.9
A_HA	933	2841	T	0	0	2841	36.4
A_HA	934	2666	C	0	0	2666	34.2
A_HA	935	2771	C	0	0	2771	36.9
A_HA	936	2752	T	0	0	2752	35.3
A_HA	937	2561	C	0	0	2561	35.2
A_HA	938	2737	T	0	0	2737	35.1
A_HA	939	2981	C	0	0	2981	35.3
A_HA	940	2886	A	0	0	2886	36.4
A_HA	941	2912	C	0	0	2912	38.0
A_HA	942	2476	C	0	0	2476	35.8
A_HA	943	2796	A	0	0	2796	37.6
A_HA	944	2905	T	0	0	2905	34.9
A_HA	945	2620	T	0	0	2620	37.9
A_HA	946	2786	G	0	0	2786	36.6
A_HA	947	2897	G	0	0	2897	37.3
A_HA	948	2813	G	0	0	2813	37.2
A_HA	949	3004	G	0	0	3004	37.3
A_HA	950	2950	A	0	0	2950	34.2
A_HA	951	2691	A	0	0	2691	35.1
A_HA	952	2511	T	0	0	2511	35.5
A_HA	953	2749	G	0	0	2749	36.7
A_HA	954	2839	C	0	0	2839	37.0
A_HA	955	2733	C	0	0	2733	34.3
A_HA	956	2950	C	0	0	2950	35.9
A_HA	957	2491	C	0	0	2491	34.3
A_HA	958	2762	A	0	0	2762	35.0
A_HA	959	2857	A	0	0	2857	36.5
A_HA	960	3083	A	0	0	3083	37.3
A_HA	961	2671	T	0	0	2671	35.4
A_HA	962	2868	A	0	0	2868	37.4
A_HA	963	2712	C	0	0	2712	34.0
A_HA	964	2669	G	0	0	2669	34.7
A_HA	965	2608	T	0	0	2608	35.2
A_HA	966	2854	G	0	0	2854	38.0
A_HA	967	2587	A	0	0	2587	36.0
A_HA	968	2736	A	0	0	2736	37.8
A_HA	969	2404	G	0	0	2404	37.1
A_HA	970	2689	T	0	0	2689	37.7
A_HA	971	2796	C	0	0	2796	34.5
A_HA	972	2923	A	0	0	2923	35.8
A_HA	973	2682	A	0	0	2682	36.9
A_HA	974	2896	A	0	0	2896	34.5
A_HA	975	2469	C	0	0	2469	37.0
A_HA	976	2947	A	0	0	2947	37.2
A_HA	977	2883	A	0	0	2883	37.4
A_HA	978	2870	G	0	0	2870	35.5
A_HA	979	2648	T	0	0	2648	34.9
A_HA	980	2571	T	0	0	2571	34.3
A_HA	981	3145	G	0	0	3145	37.5
A_HA	982	3061	G	0	0	3061	37.9
A_HA	983	2883	T	0	0	2883	35.9
A_HA	984	2760	C	0	0	2760	36.9
A_HA	985	2993	C	0	0	2993	36.8
A_HA	986	2479	T	0	0	2479	34.0
A_HA	987	2478	T	0	0	2478	35.7
A_HA	988	2687	G	0	0	2687	34.3
A_HA	989	2512	C	0	0	2512	34.9
A_HA	990	2841	G	0	0	2841	34.3
A_HA	991	2903	A	0	0	2903	34.8
A_HA	992	2823	C	0	0	2823	35.3
A_HA	993	2884	T	0	0	2884	37.4
A_HA	994	2752	G	0	0	2752	35.1
A_HA	995	2743	G	0	0	2743	34.3
A_HA	996	2706	G	0	0	2706	34.2
A_HA	997	2794	C	0	0	2794	36.1
A_HA	998	2646	T	0	0	2646	37.4
A_HA	999	2712	C	0	0	2712	36.1
A_HA	1000	2510	A	0	0	2510	34.5
A_HA	1001	2543	G	0	0	2543	37.2
A_HA	1002	2514	A	0	0	2514	36.2
A_HA	1003	2449	A	0	0	2449	34.5
A_HA	1004	2558	A	0	0	2558	34.7
A_HA	1005	2861	T	0	0	2861	34.9
A_HA	1006	2611	A	0	0	2611	37.6
A_HA	1007	2631	G	0	0	2631	34.6
A_HA	1008	2912	T	0	0	2912	36.4
A_HA	1009	2837	C	0	0	2837	37.8
A_HA	1010	2633	C	0	0	2633	35.0
A_HA	1011	2518	T	0	0	2518	36.9
A_HA	1012	2902	C	0	0	2902	34.9
A_HA	1013	2909	T	0	0	2909	36.6
A_HA	1014	2618	A	0	0	2618	37.1
A_HA	1015	2912	A	0	0	2912	37.7
A_HA	1016	2812	G	0	0	2812	37.4
A_HA	1017	2759	A	0	0	2759	36.8
A_HA	1018	2524	G	0	0	2524	37.7
A_HA	1019	2744	A	0	0	2744	37.0
A_HA	1020	2508	A	0	0	2508	37.7
A_HA	1021	2962	A	0	0	2962	35.7
A_HA	1022	2779	A	0	0	2779	37.9
A_HA	1023	2876	G	0	0	2876	35.7
A_HA	1024	2441	A	0	0	2441	35.6
A_HA	1025	2473	G	0	0	2473	34.8
A_HA	1026	2443	A	0	0	2443	36.8
A_HA	1027	2956	A	0	0	2956	35.3
A_HA	1028	2746	G	0	0	2746	37.7
A_HA	1029	2879	A	0	0	2879	34.5
A_HA	1030	2732	A	0	0	2732	37.1
A_HA	1031	2624	A	0	0	2624	36.6
A_HA	1032	2739	A	0	0	2739	35.5
A_HA	1033	2498	A	0	0	2498	37.9
A_HA	1034	2689	G	0	0	2689	35.2
A_HA	1035	2688	A	0	0	2688	35.0
A_HA	1036	2524	G	0	0	2524	35.0
A_HA	1037	2549	G	0	0	2549	37.5
A_HA	1038	2522	T	0	0	2522	34.6
A_HA	1039	2420	C	0	0	2420	34.5
A_HA	1040	2366	T	0	0	2366	36.1
A_HA	1041	2504	G	0	0	2504	35.1
A_HA	1042	2487	T	0	0	2487	36.9
A_HA	1043	2580	T	0	0	2580	36.7
A_HA	1044	2724	T	0	0	2724	34.4
A_HA	1045	2475	G	0	0	2475	34.5
A_HA	1046	2901	G	0	0	2901	34.9
A_HA	1047	2632	G	0	0	2632	37.5
A_HA	1048	2643	G	0	0	2643	35.2
A_HA	1049	2724	C	0	0	2724	37.5
A_HA	1050	2757	G	0	0	2757	35.4
A_HA	1051	2410	A	0	0	2410	34.0
A_HA	1052	2668	T	0	0	2668	37.5
A_HA	1053	2649	A	0	0	2649	35.8
A_HA	1054	2599	G	0	0	2599	35.5
A_HA	1055	2408	C	0	0	2408	35.7
A_HA	1056	2645	A	0	0	2645	36.0
A_HA	1057	3006	G	0	0	3006	37.4
A_HA	1058	2618	G	0	0	2618	35.4
A_HA	1059	2725	G	0	0	2725	37.0
A_HA	1060	2692	T	0	0	2692	37.0
A_HA	1061	2390	T	0	0	2390	34.6
A_HA	1062	2825	T	0	0	2825	34.4
A_HA	1063	2787	A	0	0	2787	34.4
A_HA	1064	2559	T	0	0	2559	35.0
A_HA	1065	2627	A	0	0	2627	34.4
A_HA	1066	2854	G	0	0	2854	37.1
A_HA	1067	2721	A	0	0	2721	37.6
A_HA	1068	2527	G	0	0	2527	34.8
A_HA	1069	2676	G	0	0	2676	35.4
A_HA	1070	3209	G	0	0	3209	36.3
A_HA	1071	3126	A	0	0	3126	37.4
A_HA	1072	2800	G	0	0	2800	35.5
A_HA	1073	2852	G	0	0	2852	34.0
A_HA	1074	2618	A	0	0	2618	34.4
A_HA	1075	2898	T	0	0	2898	37.5
A_HA	1076	2817	G	0	0	2817	37.0
A_HA	1077	2768	G	0	0	2768	36.7
A_HA	1078	2900	C	0	0	2900	36.7
A_HA	1079	2822	A	0	0	2822	38.0
A_HA	1080	2944	G	0	0	2944	34.8
A_HA	1081	3049	G	0	0	3049	36.0
A_HA	1082	2862	G	0	0	2862	35.3
A_HA	1083	2836	A	0	0	2836	37.4
A_HA	1084	2921	A	0	0	2921	35.0
A_HA	1085	3496	T	0	0	3496	37.1
A_HA	1086	3110	G	0	0	3110	35.0
A_HA	1087	2757	G	0	0	2757	35.6
A_HA	1088	2945	T	0	0	2945	35.4
A_HA	1089	2915	T	0	0	2915	36.1
A_HA	1090	2876	G	0	0	2876	37.3
A_HA	1091	2971	A	0	0	2971	35.2
A_HA	1092	3460	T	0	0	3460	36.2
A_HA	1093	3267	G	0	0	3267	37.9
A_HA	1094	2702	G	0	0	2702	34.8
A_HA	1095	3257	T	0	0	3257	36.6
A_HA	1096	3203	T	0	0	3203	36.4
A_HA	1097	2590	G	0	0	2590	34.8
A_HA	1098	2867	G	0	0	2867	35.5
A_HA	1099	3112	T	0	0	3112	37.6
A_HA	1100	3287	A	0	0	3287	37.3
A_HA	1101	3105	T	0	0	3105	36.7
A_HA	1102	3462	G	0	0	3462	37.2
A_HA	1103	3334	G	0	0	3334	35.2
A_HA	1104	3262	G	0	0	3262	36.3
A_HA	1105	2801	T	0	0	2801	35.6
A_HA	1106	3054	A	0	0	3054	35.4
A_HA	1107	3298	C	0	0	3298	36.9
A_HA	1108	2888	C	0	0	2888	36.6
A_HA	1109	2826	A	0	0	2826	38.0
A_HA	1110	2865	T	0	0	2865	36.6
A_HA	1111	3174	C	0	0	3174	34.4
A_HA	1112	3239	A	0	0	3239	36.6
A_HA	1113	3374	T	0	0	3374	34.7
A_HA	1114	3445	A	0	0	3445	35.2
A_HA	1115	3626	G	0	0	3626	35.8
A_HA	1116	3244	C	0	0	3244	34.9
A_HA	1117	3382	A	0	0	3382	36.9
A_HA	1118	3105	A	0	0	3105	34.3
A_HA	1119	3039	T	0	0	3039	37.3
A_HA	1120	2851	G	0	0	2851	37.5
A_HA	1121	3291	A	0	0	3291	36.1
A_HA	1122	3712	G	0	0	3712	34.1
A_HA	1123	3563	C	0	0	3563	34.4
A_HA	1124	3401	A	0	0	3401	37.5
A_HA	1125	3498	G	0	0	3498	35.9
A_HA	1126	3285	G	0	0	3285	34.5
A_HA	1127	3235	G	0	0	3235	34.8
A_HA	1128	3518	A	0	0	3518	37.0
A_HA	1129	3362	A	0	0	3362	37.2
A_HA	1130	3179	G	0	0	3179	34.9
A_HA	1131	3365	T	0	0	3365	35.9
A_HA	1132	3255	G	0	0	3255	37.7
A_HA	1133	3284	G	0	0	3284	35.1
A_HA	1134	3149	G	0	0	3149	37.8
A_HA	1135	3575	T	0	0	3575	36.5
A_HA	1136	3767	A	0	0	3767	37.9
A_HA	1137	3418	C	0	0	3418	37.4
A_HA	1138	3529	G	0	0	3529	34.6
A_HA	1139	3461	C	0	0	3461	37.0
A_HA	1140	3176	T	0	0	3176	36.2
A_HA	1141	3213	G	0	0	3213	34.5
A_HA	1142	3507	C	0	0	3507	35.3
A_HA	1143	3383	G	0	0	3383	37.0
A_HA	1144	3296	G	0	0	3296	37.5
A_HA	1145	3505	A	0	0	3505	35.0
A_HA	1146	3415	C	0	0	3415	34.9
A_HA	1147	3870	A	0	0	3870	34.3
A_HA	1148	2885	A	0	0	2885	35.9
A_HA	1149	3517	A	0	0	3517	36.0
A_HA	1150	3353	G	0	0	3353	34.6
A_HA	1151	3461	A	0	0	3461	35.4
A_HA	1152	3934	A	0	0	3934	37.1
A_HA	1153	3408	T	0	0	3408	34.3
A_HA	1154	3658	C	0	0	3658	35.0
A_HA	1155	3544	C	0	0	3544	37.6
A_HA	1156	3704	A	0	0	3704	34.1
A_HA	1157	3809	C	0	0	3809	36.9
A_HA	1158	3752	C	0	0	3752	36.4
A_HA	1159	3592	C	0	0	3592	35.0
A_HA	1160	3395	A	0	0	3395	35.2
A_HA	1161	3300	A	0	0	3300	34.8
A_HA	1162	3309	A	0	0	3309	36.6
A_HA	1163	3609	A	0	0	3609	35.7
A_HA	1164	3630	G	0	0	3630	34.5
A_HA	1165	3641	G	0	0	3641	36.0
A_HA	1166	3402	C	0	0	3402	37.4
A_HA	1167	4010	A	0	0	4010	36.7
A_HA	1168	3592	A	0	0	3592	36.2
A_HA	1169	3633	T	0	0	3633	35.4
A_HA	1170	3315	A	0	0	3315	37.1
A_HA	1171	3815	G	0	0	3815	35.2
A_HA	1172	3399	A	0	0	3399	35.3
A_HA	1173	3293	T	0	0	3293	35.9
A_HA	1174	3589	G	0	0	3589	34.1
A_HA	1175	3495	G	0	0	3495	35.7
A_HA	1176	3830	A	0	0	3830	35.2
A_HA	1177	3466	G	0	0	3466	37.2
A_HA	1178	3451	T	0	0	3451	34.7
A_HA	1179	3326	T	0	0	3326	34.1
A_HA	1180	3324	A	0	0	3324	36.9
A_HA	1181	3221	C	0	0	3221	35.0
A_HA	1182	3415	C	0	0	3415	37.3
A_HA	1183	3113	A	0	0	3113	35.6
A_HA	1184	3516	A	0	0	3516	36.9
A_HA	1185	4153	T	0	0	4153	37.5
A_HA	1186	3432	A	0	0	3432	34.9
A_HA	1187	3666	A	0	0	3666	35.5
A_HA	1188	3506	G	0	0	3506	37.9
A_HA	1189	3274	G	0	0	3274	35.6
A_HA	1190	3432	T	0	0	3432	34.3
A_HA	1191	3306	C	0	0	3306	36.5
A_HA	1192	3005	A	0	0	3005	35.0
A_HA	1193	3502	A	0	0	3502	37.7
A_HA	1194	3359	C	0	0	3359	37.2
A_HA	1195	3061	T	0	0	3061	36.2
A_HA	1196	3507	C	0	0	3507	35.9
A_HA	1197	3522	A	0	0	3522	37.2
A_HA	1198	3161	A	0	0	3161	36.1
A_HA	1199	3232	T	0	0	3232	35.8
A_HA	1200	3240	C	0	0	3240	36.7
A_HA	1201	3235	A	0	0	3235	35.8
A_HA	1202	3352	T	0	0	3352	37.3
A_HA	1203	3014	T	0	0	3014	36.6
A_HA	1204	3963	G	0	0	3963	36.4
A_HA	1205	3314	A	0	0	3314	34.4
A_HA	1206	3245	C	0	0	3245	36.9
A_HA	1207	3232	A	0	0	3232	35.7
A_HA	1208	3260	A	0	0	3260	36.9
A_HA	1209	3247	A	0	0	3247	37.4
A_HA	1210	3381	A	0	0	3381	37.4
A_HA	1211	3106	T	0	0	3106	34.3
A_HA	1212	3155	G	0	0	3155	37.8
A_HA	1213	3615	A	0	0	3615	37.0
A_HA	1214	3108	A	0	0	3108	37.3
A_HA	1215	3309	C	0	0	3309	36.3
A_HA	1216	3063	A	0	0	3063	36.4
A_HA	1217	3282	C	0	0	3282	36.8
A_HA	1218	3016	T	0	0	3016	36.3
A_HA	1219	3313	C	0	0	3313	35.9
A_HA	1220	3133	A	0	0	3133	36.9
A_HA	1221	3287	A	0	0	3287	37.3
A_HA	1222	3248	T	0	0	3248	38.0
A_HA	1223	2723	T	0	0	2723	37.1
A_HA	1224	3364	T	0	0	3364	36.0
A_HA	1225	2895	G	0	0	2895	34.4
A_HA	1226	3057	A	0	0	3057	37.6
A_HA	1227	2998	G	0	0	2998	34.2
A_HA	1228	3473	G	0	0	3473	37.0
A_HA	1229	3203	C	0	0	3203	34.7
A_HA	1230	3101	A	0	0	3101	36.1
A_HA	1231	2891	G	0	0	2891	35.6
A_HA	1232	3006	T	0	0	3006	35.1
A_HA	1233	2893	T	0	0	2893	34.0
A_HA	1234	3038	G	0	0	3038	34.4
A_HA	1235	3318	G	0	0	3318	34.9
A_HA	1236	2955	A	0	0	2955	35.7
A_HA	1237	2907	A	0	0	2907	34.9
A_HA	1238	3047	G	0	0	3047	34.7
A_HA	1239	3155	G	0	0	3155	34.2
A_HA	1240	3102	G	0	0	3102	37.1
A_HA	1241	2861	A	0	0	2861	35.3
A_HA	1242	3155	G	0	0	3155	36.3
A_HA	1243	2734	T	0	0	2734	34.0
A_HA	1244	2790	T	0	0	2790	34.8
A_HA	1245	2798	T	0	0	2798	37.3
A_HA	1246	2652	A	0	0	2652	37.1
A_HA	1247	2832	A	0	0	2832	34.7
A_HA	1248	2976	T	0	0	2976	34.6
A_HA	1249	2912	A	0	0	2912	35.3
A_HA	1250	2539	A	0	0	2539	34.7
A_HA	1251	2683	C	0	0	2683	36.3
A_HA	1252	2674	T	0	0	2674	34.8
A_HA	1253	2587	T	0	0	2587	37.7
A_HA	1254	3025	A	0	0	3025	37.3
A_HA	1255	2427	G	0	0	2427	36.9
A_HA	1256	2471	A	0	0	2471	36.3
A_HA	1257	2575	A	0	0	2575	35.4
A_HA	1258	2734	A	0	0	2734	34.3
A_HA	1259	2695	G	0	0	2695	37.8
A_HA	1260	2362	G	0	0	2362	35.7
A_HA	1261	2291	A	0	0	2291	36.9
A_HA	1262	2687	G	0	0	2687	36.9
A_HA	1263	2373	G	0	0	2373	37.6
A_HA	1264	2287	A	0	0	2287	35.0
A_HA	1265	2319	T	0	0	2319	36.8
A_HA	1266	2815	A	0	0	2815	36.3
A_HA	1267	2379	G	0	0	2379	37.0
A_HA	1268	2458	A	0	0	2458	36.2
A_HA	1269	2506	G	0	0	2506	34.3
A_HA	1270	2253	A	0	0	2253	34.5
A_HA	1271	2425	A	0	0	2425	35.3
A_HA	1272	2487	T	0	0	2487	34.6
A_HA	1273	2297	T	0	0	2297	34.1
A_HA	1274	2392	T	0	0	2392	37.7
A_HA	1275	2222	G	0	0	2222	37.5
A_HA	1276	2302	A	0	0	2302	36.7
A_HA	1277	1946	A	0	0	1946	36.7
A_HA	1278	2346	C	0	0	2346	37.1
A_HA	1279	2565	A	0	0	2565	37.5
A_HA	1280	2186	A	0	0	2186	34.2
A_HA	1281	2112	G	0	0	2112	35.6
A_HA	1282	2226	A	0	0	2226	37.6
A_HA	1283	2278	A	0	0	2278	37.8
A_HA	1284	2118	A	0	0	2118	35.1
A_HA	1285	2152	A	0	0	2152	36.1
A_HA	1286	2070	T	0	0	2070	36.5
A_HA	1287	2112	G	0	0	2112	36.5
A_HA	1288	2353	G	0	0	2353	36.0
A_HA	1289	2193	A	0	0	2193	34.4
A_HA	1290	2299	A	0	0	2299	34.8
A_HA	1291	2072	G	0	0	2072	36.2
A_HA	1292	2295	A	0	0	2295	36.8
A_HA	1293	1999	C	0	0	1999	37.0
A_HA	1294	2201	G	0	0	2201	35.0
A_HA	1295	2140	G	0	0	2140	35.4
A_HA	1296	2147	A	0	0	2147	35.9
A_HA	1297	2344	T	0	0	2344	36.7
A_HA	1298	2203	T	0	0	2203	37.6
A_HA	1299	2002	C	0	0	2002	35.4
A_HA	1300	2133	C	0	0	2133	34.6
A_HA	1301	1869	T	0	0	1869	36.2
A_HA	1302	1938	A	0	0	1938	37.7
A_HA	1303	1700	G	0	0	1700	35.6
A_HA	1304	2169	A	0	0	2169	34.6
A_HA	1305	2144	T	0	0	2144	35.1
A_HA	1306	2060	G	0	0	2060	37.9
A_HA	1307	2220	T	0	0	2220	34.5
A_HA	1308	1898	C	0	0	1898	35.2
A_HA	1309	1842	T	0	0	1842	37.0
A_HA	1310	2278	G	0	0	2278	36.4
A_HA	1311	2153	G	0	0	2153	37.3
A_HA	1312	2011	A	0	0	2011	34.5
A_HA	1313	2091	C	0	0	2091	35.3
A_HA	1314	1952	C	0	0	1952	35.9
A_HA	1315	1973	T	0	0	1973	34.5
A_HA	1316	1912	A	0	0	1912	37.5
A_HA	1317	1928	T	0	0	1928	34.6
A_HA	1318	2114	A	0	0	2114	37.0
A_HA	1319	2217	A	0	0	2217	37.4
A_HA	1320	2121	T	0	0	2121	36.4
A_HA	1321	1918	G	0	0	1918	36.3
A_HA	1322	2009	C	0	0	2009	36.2
A_HA	1323	2131	T	0	0	2131	34.5
A_HA	1324	1986	G	0	0	1986	35.6
A_HA	1325	2082	A	0	0	2082	37.9
A_HA	1326	2141	A	0	0	2141	35.4
A_HA	1327	2005	C	0	0	2005	37.3
A_HA	1328	2054	T	0	0	2054	36.0
A_HA	1329	2292	T	0	0	2292	36.2
A_HA	1330	2066	C	0	0	2066	36.9
A_HA	1331	1959	T	0	0	1959	37.5
A_HA	1332	1883	A	0	0	1883	36.6
A_HA	1333	1980	G	0	0	1980	36.3
A_HA	1334	2255	T	0	0	2255	36.7
A_HA	1335	2059	T	0	0	2059	36.3
A_HA	1336	1901	C	0	0	1901	37.5
A_HA	1337	1878	T	0	0	1878	35.9
A_HA	1338	2128	C	0	0	2128	36.0
A_HA	1339	2083	A	0	0	2083	34.5
A_HA	1340	2035	T	0	0	2035	34.1
A_HA	1341	2062	G	0	0	2062	37.9
A_HA	1342	2139	G	0	0	2139	35.8
A_HA	1343	2193	A	0	0	2193	36.8
A_HA	1344	2154	A	0	0	2154	37.1
A_HA	1345	1862	A	0	0	1862	35.2
A_HA	1346	2056	A	0	0	2056	34.6
A_HA	1347	1984	C	0	0	1984	36.3
A_HA	1348	2225	G	0	0	2225	35.1
A_HA	1349	1994	A	0	0	1994	35.9
A_HA	1350	2291	G	0	0	2291	37.1
A_HA	1351	2101	A	0	0	2101	34.4
A_HA	1352	2283	G	0	0	2283	36.8
A_HA	1353	2020	G	0	0	2020	37.6
A_HA	1354	2259	A	0	0	2259	35.7
A_HA	1355	2318	C	0	0	2318	34.5
A_HA	1356	2264	T	0	0	2264	35.1
A_HA	1357	2235	C	0	0	2235	36.6
A_HA	1358	2240	T	0	0	2240	37.5
A_HA	1359	2195	A	0	0	2195	35.2
A_HA	1360	2277	G	0	0	2277	34.4
A_HA	1361	2283	A	0	0	2283	36.4
A_HA	1362	2045	T	0	0	2045	36.6
A_HA	1363	2079	T	0	0	2079	35.4
A_HA	1364	2173	T	0	0	2173	35.3
A_HA	1365	2130	C	0	0	2130	35.9
A_HA	1366	2527	C	0	0	2527	36.2
A_HA	1367	2117	A	0	0	2117	36.1
A_HA	1368	2108	T	0	0	2108	36.7
A_HA	1369	2294	G	0	0	2294	37.1
A_HA	1370	2407	A	0	0	2407	34.7
A_HA	1371	2388	T	0	0	2388	36.0
A_HA	1372	2241	T	0	0	2241	37.0
A_HA	1373	2147	C	0	0	2147	34.1
A_HA	1374	2216	A	0	0	2216	36.4
A_HA	1375	2105	A	0	0	2105	34.8
A_HA	1376	2198	A	0	0	2198	36.2
A_HA	1377	2170	T	0	0	2170	34.2
A_HA	1378	2260	G	0	0	2260	36.4
A_HA	1379	2252	T	0	0	2252	35.1
A_HA	1380	2194	C	0	0	2194	34.6
A_HA	1381	2406	A	0	0	2406	37.1
A_HA	1382	2398	A	0	0	2398	36.5
A_HA	1383	2386	G	0	0	2386	37.9
A_HA	1384	2341	A	0	0	2341	37.2
A_HA	1385	2391	A	0	0	2391	36.2
A_HA	1386	2559	C	0	0	2559	38.0
A_HA	1387	2217	C	0	0	2217	35.3
A_HA	1388	2304	T	0	0	2304	38.0
A_HA	1389	2346	T	0	0	2346	37.3
A_HA	1390	2553	T	0	0	2553	36.9
A_HA	1391	2207	A	0	0	2207	36.1
A_HA	1392	2264	T	0	0	2264	37.9
A_HA	1393	2187	G	0	0	2187	35.2
A_HA	1394	2213	A	0	0	2213	37.3
A_HA	1395	2330	C	0	0	2330	35.5
A_HA	1396	2192	A	0	0	2192	35.4
A_HA	1397	2440	A	0	0	2440	35.2
A_HA	1398	2272	A	0	0	2272	34.0
A_HA	1399	2634	G	0	0	2634	37.5
A_HA	1400	2533	T	0	0	2533	36.7
A_HA	1401	2287	C	0	0	2287	38.0
A_HA	1402	2697	A	0	0	2697	36.2
A_HA	1403	2609	G	0	0	2609	37.4
A_HA	1404	2369	A	0	0	2369	34.5
A_HA	1405	2352	T	0	0	2352	36.2
A_HA	1406	2209	T	0	0	2209	37.3
A_HA	1407	2079	A	0	0	2079	37.0
A_HA	1408	2480	C	0	0	2480	36.1
A_HA	1409	2332	A	0	0	2332	37.6
A_HA	1410	2176	G	0	0	2176	34.6
A_HA	1411	2595	C	0	0	2595	34.5
A_HA	1412	2486	T	0	0	2486	35.0
A_HA	1413	2409	T	0	0	2409	36.9
A_HA	1414	2292	A	0	0	2292	35.1
A_HA	1415	2572	G	0	0	2572	35.1
A_HA	1416	2502	G	0	0	2502	37.1
A_HA	1417	2290	G	0	0	2290	38.0
A_HA	1418	2502	A	0	0	2502	35.7
A_HA	1419	2621	T	0	0	2621	37.9
A_HA	1420	2676	A	0	0	2676	34.5
A_HA	1421	2372	A	0	0	2372	35.0
A_HA	1422	2514	T	0	0	2514	34.8
A_HA	1423	2486	G	0	0	2486	35.6
A_HA	1424	2759	C	0	0	2759	36.8
A_HA	1425	2541	A	0	0	2541	35.3
A_HA	1426	2210	A	0	0	2210	34.2
A_HA	1427	2367	A	0	0	2367	36.9
A_HA	1428	2441	G	0	0	2441	37.3
A_HA	1429	2893	G	0	0	2893	37.9
A_HA	1430	2580	A	0	0	2580	36.1
A_HA	1431	2345	G	0	0	2345	34.8
A_HA	1432	2422	C	0	0	2422	35.2
A_HA	1433	2363	T	0	0	2363	37.6
A_HA	1434	2419	G	0	0	2419	34.5
A_HA	1435	2432	G	0	0	2432	35.9
A_HA	1436	2370	G	0	0	2370	36.8
A_HA	1437	2505	T	0	0	2505	36.0
A_HA	1438	2457	A	0	0	2457	34.3
A_HA	1439	2512	A	0	0	2512	38.0
A_HA	1440	2471	C	0	0	2471	35.2
A_HA	1441	2413	G	0	0	2413	37.2
A_HA	1442	2641	G	0	0	2641	37.7
A_HA	1443	2560	C	0	0	2560	35.8
A_HA	1444	2387	T	0	0	2387	34.3
A_HA	1445	2380	G	0	0	2380	37.3
A_HA	1446	2274	T	0	0	2274	36.7
A_HA	1447	2348	T	0	0	2348	35.2
A_HA	1448	2374	T	0	0	2374	35.3
A_HA	1449	2308	C	0	0	2308	37.8
A_HA	1450	2369	G	0	0	2369	34.7
A_HA	1451	2263	A	0	0	2263	34.6
A_HA	1452	2216	A	0	0	2216	34.6
A_HA	1453	2583	T	0	0	2583	34.2
A_HA	1454	2366	T	0	0	2366	38.0
A_HA	1455	2415	C	0	0	2415	38.0
A_HA	1456	2268	T	0	0	2268	36.8
A_HA	1457	2279	A	0	0	2279	35.5
A_HA	1458	2154	T	0	0	2154	36.4
A_HA	1459	2464	C	0	0	2464	34.5
A_HA	1460	2223	A	0	0	2223	35.0
A_HA	1461	2527	C	0	0	2527	36.1
A_HA	1462	2462	A	0	0	2462	36.8
A_HA	1463	2447	A	0	0	2447	36.2
A_HA	1464	2126	A	0	0	2126	36.2
A_HA	1465	2224	T	0	0	2224	36.4
A_HA	1466	2208	G	0	0	2208	34.3
A_HA	1467	2319	T	0	0	2319	35.0
A_HA	1468	2170	G	0	0	2170	35.0
A_HA	1469	2301	A	0	0	2301	36.9
A_HA	1470	2480	T	0	0	2480	35.4
A_HA	1471	2154	A	0	0	2154	35.0
A_HA	1472	1997	A	0	0	1997	35.2
A_HA	1473	2337	T	0	0	2337	36.0
A_HA	1474	2243	G	0	0	2243	34.6
A_HA	1475	2391	A	0	0	2391	35.7
A_HA	1476	2110	A	0	0	2110	35.2
A_HA	1477	2381	T	0	0	2381	35.6
A_HA	1478	2191	G	0	0	2191	37.6
A_HA	1479	2189	T	0	0	2189	36.0
A_HA	1480	2252	A	0	0	2252	37.6
A_HA	1481	2242	T	0	0	2242	37.9
A_HA	1482	1985	G	0	0	1985	35.1
A_HA	1483	2246	G	0	0	2246	34.5
A_HA	1484	2167	A	0	0	2167	34.2
A_HA	1485	2087	A	0	0	2087	37.0
A_HA	1486	2105	A	0	0	2105	35.9
A_HA	1487	2315	G	0	0	2315	36.1
A_HA	1488	2270	T	0	0	2270	35.8
A_HA	1489	2190	G	0	0	2190	35.2
A_HA	1490	2140	T	0	0	2140	35.4
A_HA	1491	2064	G	0	0	2064	37.2
A_HA	1492	2239	A	0	0	2239	35.6
A_HA	1493	2338	G	0	0	2338	36.2
A_HA	1494	2285	A	0	0	2285	37.3
A_HA	1495	2246	A	0	0	2246	36.3
A_HA	1496	2289	A	0	0	2289	34.0
A_HA	1497	2707	T	0	0	2707	34.8
A_HA	1498	2103	G	0	0	2103	36.6
A_HA	1499	2185	G	0	0	2185	37.5
A_HA	1500	2171	G	0	0	2171	37.6
A_HA	1501	2068	A	0	0	2068	36.2
A_HA	1502	2089	C	0	0	2089	36.7
A_HA	1503	2196	G	0	0	2196	36.3
A_HA	1504	2157	T	0	0	2157	35.0
A_HA	1505	2116	A	0	0	2116	34.9
A_HA	1506	2064	T	0	0	2064	35.4
A_HA	1507	2233	G	0	0	2233	37.7
A_HA	1508	1991	A	0	0	1991	35.2
A_HA	1509	2020	C	0	0	2020	36.6
A_HA	1510	2202	T	0	0	2202	34.6
A_HA	1511	2067	A	0	0	2067	35.4
A_HA	1512	1983	C	0	0	1983	38.0
A_HA	1513	2098	C	0	0	2098	35.5
A_HA	1514	2290	C	0	0	2290	37.3
A_HA	1515	2101	T	0	0	2101	37.8
A_HA	1516	2064	C	0	0	2064	37.3
A_HA	1517	2005	A	0	0	2005	37.6
A_HA	1518	1987	G	0	0	1987	37.4
A_HA	1519	2015	T	0	0	2015	37.2
A_HA	1520	2321	A	0	0	2321	36.6
A_HA	1521	2132	T	0	0	2132	34.6
A_HA	1522	2192	T	0	0	2192	36.8
A_HA	1523	2253	C	0	0	2253	36.9
A_HA	1524	1937	A	0	0	1937	36.2
A_HA	1525	2019	G	0	0	2019	34.6
A_HA	1526	1809	A	0	0	1809	37.3
A_HA	1527	2169	A	0	0	2169	36.4
A_HA	1528	2320	G	0	0	2320	35.3
A_HA	1529	2222	A	0	0	2222	36.3
A_HA	1530	2100	A	0	0	2100	34.3
A_HA	1531	2189	G	0	0	2189	36.4
A_HA	1532	2177	C	0	0	2177	36.7
A_HA	1533	2393	A	0	0	2393	37.2
A_HA	1534	2077	A	0	0	2077	34.3
A_HA	1535	2086	G	0	0	2086	35.2
A_HA	1536	2320	A	0	0	2320	36.6
A_HA	1537	2181	T	0	0	2181	34.2
A_HA	1538	2094	T	0	0	2094	34.9
A_HA	1539	2279	A	0	0	2279	36.5
A_HA	1540	2261	A	0	0	2261	36.7
A_HA	1541	2243	A	0	0	2243	36.0
A_HA	1542	2018	A	0	0	2018	35.1
A_HA	1543	2088	A	0	0	2088	34.4
A_HA	1544	2215	G	0	0	2215	35.9
A_HA	1545	1976	A	0	0	1976	35.8
A_HA	1546	2456	G	0	0	2456	34.8
A_HA	1547	2313	A	0	0	2313	36.1
A_HA	1548	2356	A	0	0	2356	35.3
A_HA	1549	2176	G	0	0	2176	34.0
A_HA	1550	1955	A	0	0	1955	37.6
A_HA	1551	2162	A	0	0	2162	35.0
A_HA	1552	2238	A	0	0	2238	34.6
A_HA	1553	2264	T	0	0	2264	37.6
A_HA	1554	2196	A	0	0	2196	36.3
A_HA	1555	2322	A	0	0	2322	35.5
A_HA	1556	2309	G	0	0	2309	35.2
A_HA	1557	2333	C	0	0	2333	36.6
A_HA	1558	2253	G	0	0	2253	35.0
A_HA	1559	2200	G	0	0	2200	34.6
A_HA	1560	2501	A	0	0	2501	36.0
A_HA	1561	2352	G	0	0	2352	35.8
A_HA	1562	2327	T	0	0	2327	34.3
A_HA	1563	2288	G	0	0	2288	37.2
A_HA	1564	2340	A	0	0	2340	37.6
A_HA	1565	2185	A	0	0	2185	37.3
A_HA	1566	2143	A	0	0	2143	34.8
A_HA	1567	2595	T	0	0	2595	36.6
A_HA	1568	3009	T	0	0	3009	34.3
A_HA	1569	2400	A	0	0	2400	37.9
A_HA	1570	2452	G	0	0	2452	35.9
A_HA	1571	2390	A	0	0	2390	35.8
A_HA	1572	2392	A	0	0	2392	34.4
A_HA	1573	2858	T	0	0	2858	34.5
A_HA	1574	2545	C	0	0	2545	37.0
A_HA	1575	2299	A	0	0	2299	34.6
A_HA	1576	2520	G	0	0	2520	35.8
A_HA	1577	2359	T	0	0	2359	35.7
A_HA	1578	2715	A	0	0	2715	35.6
A_HA	1579	2433	G	0	0	2433	37.7
A_HA	1580	2319	G	0	0	2319	36.3
A_HA	1581	2462	A	0	0	2462	34.1
A_HA	1582	2533	A	0	0	2533	35.7
A_HA	1583	2587	C	0	0	2587	36.7
A_HA	1584	2812	T	0	0	2812	36.5
A_HA	1585	2554	T	0	0	2554	36.6
A_HA	1586	2713	A	0	0	2713	35.5
A_HA	1587	2635	C	0	0	2635	34.1
A_HA	1588	2818	C	0	0	2818	37.2
A_HA	1589	2792	A	0	0	2792	36.0
A_HA	1590	2700	G	0	0	2700	35.8
A_HA	1591	2792	A	0	0	2792	37.1
A_HA	1592	2837	T	0	0	2837	34.1
A_HA	1593	2600	A	0	0	2600	34.6
A_HA	1594	2853	C	0	0	2853	34.2
A_HA	1595	2690	T	0	0	2690	37.7
A_HA	1596	2814	G	0	0	2814	36.0
A_HA	1597	3034	T	0	0	3034	36.8
A_HA	1598	2984	C	0	0	2984	35.2
A_HA	1599	2865	A	0	0	2865	37.8
A_HA	1600	3108	A	0	0	3108	37.2
A_HA	1601	2705	T	0	0	2705	36.1
A_HA	1602	2910	T	0	0	2910	35.8
A_HA	1603	2998	T	0	0	2998	35.7
A_HA	1604	2679	A	0	0	2679	37.8
A_HA	1605	2995	T	0	0	2995	37.8
A_HA	1606	2743	T	0	0	2743	37.1
A_HA	1607	3368	C	0	0	3368	35.5
A_HA	1608	2721	A	0	0	2721	38.0
A_HA	1609	2626	A	0	0	2626	37.7
A_HA	1610	2701	C	0	0	2701	36.0
A_HA	1611	2599	A	0	0	2599	37.6
A_HA	1612	2797	G	0	0	2797	37.1
A_HA	1613	2704	C	0	0	2704	34.7
A_HA	1614	2434	G	0	0	2434	36.0
A_HA	1615	2730	G	0	0	2730	37.4
A_HA	1616	2630	C	0	0	2630	36.4
A_HA	1617	2952	A	0	0	2952	35.6
A_HA	1618	2801	A	0	0	2801	34.7
A_HA	1619	2509	G	0	0	2509	34.5
A_HA	1620	2362	T	0	0	2362	36.3
A_HA	1621	2472	T	0	0	2472	34.2
A_HA	1622	2589	C	0	0	2589	35.8
A_HA	1623	2607	C	0	0	2607	35.9
A_HA	1624	2394	C	0	0	2394	36.6
A_HA	1625	2766	T	0	0	2766	36.6
A_HA	1626	2457	A	0	0	2457	35.9
A_HA	1627	2298	G	0	0	2298	34.4
A_HA	1628	2284	C	0	0	2284	34.0
A_HA	1629	2425	A	0	0	2425	34.1
A_HA	1630	2436	C	0	0	2436	34.5
A_HA	1631	2560	T	0	0	2560	37.1
A_HA	1632	2310	G	0	0	2310	34.1
A_HA	1633	2126	G	0	0	2126	35.8
A_HA	1634	2367	C	0	0	2367	36.5
A_HA	1635	2390	A	0	0	2390	36.3
A_HA	1636	2167	A	0	0	2167	34.9
A_HA	1637	2086	T	0	0	2086	37.4
A_HA	1638	2093	C	0	0	2093	36.2
A_HA	1639	2057	A	0	0	2057	38.0
A_HA	1640	2207	T	0	0	2207	34.4
A_HA	1641	1878	G	0	0	1878	37.9
A_HA	1642	2104	A	0	0	2104	37.0
A_HA	1643	2092	T	0	0	2092	37.6
A_HA	1644	2315	G	0	0	2315	37.0
A_HA	1645	2220	G	0	0	2220	36.6
A_HA	1646	1873	C	0	0	1873	35.2
A_HA	1647	1962	T	0	0	1962	37.5
A_HA	1648	1859	G	0	0	1859	37.4
A_HA	1649	1746	G	0	0	1746	34.1
A_HA	1650	2000	T	0	0	2000	35.8
A_HA	1651	1761	C	0	0	1761	34.3
A_HA	1652	1693	T	0	0	1693	34.3
A_HA	1653	1696	A	0	0	1696	37.0
A_HA	1654	1715	T	0	0	1715	36.7
A_HA	1655	1776	C	0	0	1776	36.3
A_HA	1656	1740	T	0	0	1740	35.5
A_HA	1657	1687	T	0	0	1687	37.3
A_HA	1658	1392	T	0	0	1392	35.8
A_HA	1659	1462	A	0	0	1462	37.8
A_HA	1660	1410	T	0	0	1410	37.0
A_HA	1661	1515	G	0	0	1515	34.6
A_HA	1662	1326	G	0	0	1326	35.3
A_HA	1663	1555	A	0	0	1555	37.1
A_HA	1664	1457	T	0	0	1457	37.6
A_HA	1665	1284	G	0	0	1284	34.8
A_HA	1666	1259	T	0	0	1259	37.0
A_HA	1667	1174	G	0	0	1174	34.1
A_HA	1668	1277	C	0	0	1277	35.3
A_HA	1669	1149	T	0	0	1149	34.6
A_HA	1670	1230	C	0	0	1230	36.1
A_HA	1671	1014	C	0	0	1014	36.0
A_HA	1672	1102	A	0	0	1102	36.5
A_HA	1673	1073	A	0	0	1073	36.8
A_HA	1674	1071	T	0	0	1071	35.1
A_HA	1675	886	G	0	0	886	34.3
A_HA	1676	978	G	0	0	978	36.5
A_HA	1677	912	G	0	0	912	35.2
A_HA	1678	815	T	0	0	815	35.7
A_HA	1679	862	C	0	0	862	37.9
A_HA	1680	823	G	0	0	823	34.4
A_HA	1681	806	T	0	0	806	36.4
A_HA	1682	743	T	0	0	743	34.9
A_HA	1683	751	A	0	0	751	35.8
A_HA	1684	640	C	0	0	640	36.5
A_HA	1685	647	A	0	0	647	35.8
A_HA	1686	618	A	0	0	618	38.0
A_HA	1687	624	T	0	0	624	36.6
A_HA	1688	601	G	0	0	601	36.1
A_HA	1689	559	C	0	0	559	37.4
A_HA	1690	452	A	0	0	452	35.8
A_HA	1691	442	G	0	0	442	35.1
A_HA	1692	387	A	0	0	387	34.9
A_HA	1693	344	A	0	0	344	37.3
A_HA	1694	347	T	0	0	347	37.2
A_HA	1695	334	T	0	0	334	36.8
A_HA	1696	325	T	0	0	325	37.8
A_HA	1697	241	G	0	0	241	34.6
A_HA	1698	202	C	0	0	202	36.8
A_HA	1699	152	A	0	0	152	36.2
A_HA	1700	148	T	0	0	148	35.1
A_HA	1701	98	T	0	0	98	34.8
A_HA	1702	73	T	0	0	73	37.8
A_HA	1703	36	A	0	0	36	35.5
A_HA	1704	0	G	0	0	0	34.1
