Reference_Name	Position	Coverage Depth	Consensus	Deletions	Ambiguous	Consensus_Count	Consensus_Average_Quality
A_MP	1	55	A	0	0	55	35.7
A_MP	2	104	T	0	0	104	35.7
A_MP	3	165	G	0	0	165	35.8
A_MP	4	226	A	0	0	226	37.8
A_MP	5	270	G	0	0	270	34.7
A_MP	6	353	T	0	0	353	34.5
A_MP	7	375	C	0	0	375	37.6
A_MP	8	405	T	0	0	405	37.4
A_MP	9	514	T	0	0	514	36.1
A_MP	10	558	C	0	0	558	36.4
A_MP	11	648	T	0	0	648	35.9
A_MP	12	622	A	0	0	622	36.1
A_MP	13	707	A	0	0	707	34.1
A_MP	14	765	C	0	0	765	35.1
A_MP	15	733	C	0	0	733	36.3
A_MP	16	857	G	0	0	857	34.2
A_MP	17	835	A	0	0	835	36.0
A_MP	18	980	G	0	0	980	35.4
A_MP	19	1003	G	0	0	1003	37.2
A_MP	20	1043	T	0	0	1043	37.7
A_MP	21	1003	C	0	0	1003	35.0
A_MP	22	1252	G	0	0	1252	34.3
A_MP	23	1257	A	0	0	1257	35.4
A_MP	24	1367	A	0	0	1367	37.4
A_MP	25	1414	A	0	0	1414	36.5
A_MP	26	1348	C	0	0	1348	34.6
A_MP	27	1350	G	0	0	1350	36.8
A_MP	28	1463	T	0	0	1463	37.3
A_MP	29	1595	A	0	0	1595	38.0
A_MP	30	1559	C	0	0	1559	35.0
A_MP	31	1473	G	0	0	1473	35.2
A_MP	32	1524	T	0	0	1524	34.3
A_MP	33	1695	T	0	0	1695	37.9
A_MP	34	1866	C	0	0	1866	36.2
A_MP	35	1853	T	0	0	1853	37.8
A_MP	36	1802	C	0	0	1802	34.7
A_MP	37	2127	T	0	0	2127	36.3
A_MP	38	2004	C	0	0	2004	35.6
A_MP	39	1878	T	0	0	1878	36.2
A_MP	40	2103	A	0	0	2103	37.6
A_MP	41	2211	T	0	0	2211	34.3
A_MP	42	2245	C	0	0	2245	37.1
A_MP	43	2082	G	0	0	2082	37.0
A_MP	44	2328	T	0	0	2328	35.1
A_MP	45	2543	C	0	0	2543	36.7
A_MP	46	2372	C	0	0	2372	37.8
A_MP	47	2436	C	0	0	2436	34.8
A_MP	48	2393	G	0	0	2393	34.2
A_MP	49	2482	T	0	0	2482	37.2
A_MP	50	2795	C	0	0	2795	34.5
A_MP	51	2964	G	0	0	2964	36.5
A_MP	52	2531	G	0	0	2531	37.9
A_MP	53	2558	G	0	0	2558	37.2
A_MP	54	2778	C	0	0	2778	37.6
A_MP	55	3111	C	0	0	3111	36.8
A_MP	56	2924	C	0	0	2924	35.6
A_MP	57	2891	C	0	0	2891	37.7
A_MP	58	2805	C	0	0	2805	37.0
A_MP	59	3232	T	0	0	3232	34.7
A_MP	60	3192	C	0	0	3192	35.8
A_MP	61	3252	A	0	0	3252	34.5
A_MP	62	3066	A	0	0	3066	37.4
A_MP	63	3190	A	0	0	3190	35.3
A_MP	64	3233	G	0	0	3233	37.0
A_MP	65	3396	C	0	0	3396	35.1
A_MP	66	3363	C	0	0	3363	37.1
A_MP	67	3222	G	0	0	3222	34.4
A_MP	68	3644	A	0	0	3644	37.7
A_MP	69	3013	G	0	0	3013	34.6
A_MP	70	3128	A	0	0	3128	34.1
A_MP	71	3207	T	0	0	3207	36.1
A_MP	72	3309	C	0	0	3309	34.6
A_MP	73	3473	G	0	0	3473	37.4
A_MP	74	3433	C	0	0	3433	34.2
A_MP	75	3316	G	0	0	3316	35.0
A_MP	76	3372	C	0	0	3372	36.9
A_MP	77	3392	A	0	0	3392	35.1
A_MP	78	3344	G	0	0	3344	36.8
A_MP	79	3346	A	0	0	3346	36.2
A_MP	80	3393	G	0	0	3393	36.0
A_MP	81	3698	A	0	0	3698	35.7
A_MP	82	3417	C	0	0	3417	34.1
A_MP	83	3681	T	0	0	3681	34.8
A_MP	84	3750	T	0	0	3750	37.2
A_MP	85	3978	G	0	0	3978	37.4
A_MP	86	3638	A	0	0	3638	37.9
A_MP	87	3626	A	0	0	3626	37.7
A_MP	88	3723	G	0	0	3723	35.0
A_MP	89	3650	A	0	0	3650	34.1
A_MP	90	3899	T	0	0	3899	36.5
A_MP	91	3501	G	0	0	3501	36.1
A_MP	92	3951	T	0	0	3951	34.3
A_MP	93	3601	C	0	0	3601	34.1
A_MP	94	3831	T	0	0	3831	35.2
A_MP	95	4353	T	0	0	4353	37.2
A_MP	96	3815	T	0	0	3815	34.5
A_MP	97	3568	G	0	0	3568	36.6
A_MP	98	3828	C	0	0	3828	35.9
A_MP	99	3714	A	0	0	3714	34.1
A_MP	100	4269	G	0	0	4269	34.6
A_MP	101	4092	G	0	0	4092	36.4
A_MP	102	3867	G	0	0	3867	34.6
A_MP	103	3882	A	0	0	3882	37.4
A_MP	104	4275	A	0	0	4275	34.2
A_MP	105	4440	G	0	0	4440	34.4
A_MP	106	4312	A	0	0	4312	35.2
A_MP	107	4103	A	0	0	4103	34.8
A_MP	108	4683	C	0	0	4683	37.9
A_MP	109	4335	A	0	0	4335	34.8
A_MP	110	4230	C	0	0	4230	36.5
A_MP	111	4285	C	0	0	4285	35.3
A_MP	112	4361	G	0	0	4361	34.2
A_MP	113	4403	A	0	0	4403	34.3
A_MP	114	4285	T	0	0	4285	36.1
A_MP	115	4741	C	0	0	4741	34.4
A_MP	116	4325	T	0	0	4325	36.5
A_MP	117	4799	T	0	0	4799	37.5
A_MP	118	4634	G	0	0	4634	38.0
A_MP	119	4380	A	0	0	4380	34.8
A_MP	120	4261	G	0	0	4261	36.6
A_MP	121	4774	G	0	0	4774	37.3
A_MP	122	4696	C	0	0	4696	36.0
A_MP	123	4709	T	0	0	4709	37.2
A_MP	124	4568	C	0	0	4568	36.8
A_MP	125	4500	T	0	0	4500	36.5
A_MP	126	4927	C	0	0	4927	36.2
A_MP	127	4449	A	0	0	4449	37.4
A_MP	128	4449	T	0	0	4449	35.6
A_MP	129	4656	G	0	0	4656	36.8
A_MP	130	4468	G	0	0	4468	35.9
A_MP	131	4641	A	0	0	4641	34.1
A_MP	132	4454	A	0	0	4454	35.6
A_MP	133	4849	T	0	0	4849	37.0
A_MP	134	4425	G	0	0	4425	34.5
A_MP	135	4733	G	0	0	4733	34.1
A_MP	136	4463	C	0	0	4463	36.8
A_MP	137	4754	T	0	0	4754	37.4
A_MP	138	4526	A	0	0	4526	37.3
A_MP	139	4403	A	0	0	4403	34.9
A_MP	140	4277	A	0	0	4277	38.0
A_MP	141	4697	G	0	0	4697	37.3
A_MP	142	4615	A	0	0	4615	35.1
A_MP	143	4698	C	0	0	4698	36.7
A_MP	144	4575	A	0	0	4575	37.9
A_MP	145	4248	A	0	0	4248	36.2
A_MP	146	4598	G	0	0	4598	35.3
A_MP	147	4508	A	0	0	4508	37.3
A_MP	148	4251	C	0	0	4251	37.4
A_MP	149	4505	C	0	0	4505	36.2
A_MP	150	4638	A	0	0	4638	35.5
A_MP	151	4430	A	0	0	4430	35.2
A_MP	152	4597	T	0	0	4597	35.0
A_MP	153	4654	C	0	0	4654	36.2
A_MP	154	4430	C	0	0	4430	35.9
A_MP	155	4354	T	0	0	4354	36.2
A_MP	156	4185	G	0	0	4185	34.4
A_MP	157	4448	T	0	0	4448	35.8
A_MP	158	4235	C	0	0	4235	34.9
A_MP	159	4227	A	0	0	4227	36.2
A_MP	160	4112	C	0	0	4112	36.8
A_MP	161	3899	C	0	0	3899	34.7
A_MP	162	3749	T	0	0	3749	35.8
A_MP	163	4008	C	0	0	4008	37.3
A_MP	164	4308	T	0	0	4308	36.5
A_MP	165	3942	G	0	0	3942	35.9
A_MP	166	4306	A	0	0	4306	36.5
A_MP	167	3970	C	0	0	3970	37.4
A_MP	168	3889	T	0	0	3889	34.4
A_MP	169	3716	A	0	0	3716	35.0
A_MP	170	3994	A	0	0	3994	37.4
A_MP	171	4080	G	0	0	4080	37.4
A_MP	172	3931	G	0	0	3931	35.6
A_MP	173	3682	G	0	0	3682	36.6
A_MP	174	3502	G	0	0	3502	37.2
A_MP	175	3099	A	0	0	3099	34.1
A_MP	176	3489	T	0	0	3489	34.7
A_MP	177	3495	T	0	0	3495	35.9
A_MP	178	3763	T	0	0	3763	34.6
A_MP	179	4202	T	0	0	4202	34.9
A_MP	180	3366	G	0	0	3366	34.6
A_MP	181	3208	G	0	0	3208	35.0
A_MP	182	3628	G	0	0	3628	36.5
A_MP	183	3514	A	0	0	3514	36.6
A_MP	184	3384	T	0	0	3384	34.2
A_MP	185	2806	T	0	0	2806	35.9
A_MP	186	2968	T	0	0	2968	35.9
A_MP	187	3183	G	0	0	3183	35.4
A_MP	188	2904	T	0	0	2904	36.9
A_MP	189	3200	G	0	0	3200	35.2
A_MP	190	3184	T	0	0	3184	36.8
A_MP	191	3504	T	0	0	3504	36.1
A_MP	192	2899	C	0	0	2899	37.6
A_MP	193	3144	A	0	0	3144	37.4
A_MP	194	3130	C	0	0	3130	37.4
A_MP	195	3234	G	0	0	3234	34.9
A_MP	196	3382	C	0	0	3382	35.9
A_MP	197	3099	T	0	0	3099	37.7
A_MP	198	3305	C	0	0	3305	35.3
A_MP	199	3159	A	0	0	3159	37.7
A_MP	200	2746	C	0	0	2746	36.5
A_MP	201	3126	C	0	0	3126	36.1
A_MP	202	3351	G	0	0	3351	36.8
A_MP	203	2640	T	0	0	2640	36.9
A_MP	204	3051	G	0	0	3051	36.5
A_MP	205	3089	C	0	0	3089	35.2
A_MP	206	3247	C	0	0	3247	35.6
A_MP	207	3079	C	0	0	3079	34.1
A_MP	208	3041	A	0	0	3041	37.4
A_MP	209	2984	G	0	0	2984	37.6
A_MP	210	2553	T	0	0	2553	35.5
A_MP	211	2977	G	0	0	2977	35.6
A_MP	212	2694	A	0	0	2694	36.2
A_MP	213	2956	G	0	0	2956	34.8
A_MP	214	2786	C	0	0	2786	34.6
A_MP	215	2919	G	0	0	2919	35.2
A_MP	216	3051	A	0	0	3051	35.5
A_MP	217	2951	G	0	0	2951	35.8
A_MP	218	2683	G	0	0	2683	36.5
A_MP	219	2756	A	0	0	2756	34.7
A_MP	220	2948	C	0	0	2948	34.7
A_MP	221	2926	T	0	0	2926	34.5
A_MP	222	3235	G	0	0	3235	37.6
A_MP	223	2737	C	0	0	2737	34.6
A_MP	224	2773	A	0	0	2773	37.0
A_MP	225	2949	G	0	0	2949	35.8
A_MP	226	2976	C	0	0	2976	35.4
A_MP	227	2986	G	0	0	2986	37.9
A_MP	228	3204	T	0	0	3204	35.7
A_MP	229	2779	A	0	0	2779	38.0
A_MP	230	3043	G	0	0	3043	37.5
A_MP	231	3058	A	0	0	3058	35.2
A_MP	232	2890	C	0	0	2890	35.7
A_MP	233	2991	G	0	0	2991	36.5
A_MP	234	3232	C	0	0	3232	37.3
A_MP	235	2959	T	0	0	2959	35.8
A_MP	236	2926	T	0	0	2926	36.4
A_MP	237	2818	T	0	0	2818	34.4
A_MP	238	3247	G	0	0	3247	34.8
A_MP	239	3135	T	0	0	3135	35.4
A_MP	240	3261	C	0	0	3261	35.7
A_MP	241	3148	C	0	0	3148	34.7
A_MP	242	2855	A	0	0	2855	36.4
A_MP	243	3145	A	0	0	3145	36.4
A_MP	244	2927	A	0	0	2927	35.9
A_MP	245	2969	A	0	0	2969	37.8
A_MP	246	3125	T	0	0	3125	35.7
A_MP	247	3424	G	0	0	3424	36.4
A_MP	248	3390	C	0	0	3390	35.3
A_MP	249	3213	T	0	0	3213	36.2
A_MP	250	2887	C	0	0	2887	37.0
A_MP	251	3176	T	0	0	3176	35.6
A_MP	252	2879	A	0	0	2879	36.2
A_MP	253	3221	A	0	0	3221	37.3
A_MP	254	3260	G	0	0	3260	35.6
A_MP	255	3052	T	0	0	3052	34.8
A_MP	256	3269	G	0	0	3269	36.5
A_MP	257	2888	G	0	0	2888	36.7
A_MP	258	3129	A	0	0	3129	35.7
A_MP	259	3268	A	0	0	3268	35.0
A_MP	260	3169	A	0	0	3169	36.4
A_MP	261	2935	T	0	0	2935	36.9
A_MP	262	3173	G	0	0	3173	37.8
A_MP	263	2970	G	0	0	2970	34.6
A_MP	264	3073	A	0	0	3073	36.9
A_MP	265	3320	G	0	0	3320	36.4
A_MP	266	3681	A	0	0	3681	37.2
A_MP	267	3007	C	0	0	3007	37.2
A_MP	268	3421	C	0	0	3421	34.0
A_MP	269	3074	C	0	0	3074	36.6
A_MP	270	3030	A	0	0	3030	34.1
A_MP	271	3182	A	0	0	3182	37.6
A_MP	272	3195	A	0	0	3195	37.2
A_MP	273	3037	C	0	0	3037	34.5
A_MP	274	2872	A	0	0	2872	35.5
A_MP	275	3171	A	0	0	3171	34.8
A_MP	276	3137	C	0	0	3137	35.8
A_MP	277	3220	A	0	0	3220	37.6
A_MP	278	2957	T	0	0	2957	35.3
A_MP	279	3061	G	0	0	3061	37.4
A_MP	280	3038	G	0	0	3038	36.5
A_MP	281	2837	A	0	0	2837	37.4
A_MP	282	3246	C	0	0	3246	36.6
A_MP	283	3036	A	0	0	3036	35.7
A_MP	284	3248	G	0	0	3248	36.5
A_MP	285	2764	G	0	0	2764	35.6
A_MP	286	3003	G	0	0	3003	36.4
A_MP	287	2725	C	0	0	2725	34.4
A_MP	288	3211	A	0	0	3211	37.3
A_MP	289	2844	G	0	0	2844	37.1
A_MP	290	3022	T	0	0	3022	34.1
A_MP	291	2809	C	0	0	2809	37.1
A_MP	292	2984	A	0	0	2984	37.3
A_MP	293	2747	A	0	0	2747	34.2
A_MP	294	3225	G	0	0	3225	37.3
A_MP	295	2895	T	0	0	2895	34.9
A_MP	296	2853	T	0	0	2853	35.1
A_MP	297	2738	G	0	0	2738	34.1
A_MP	298	3121	T	0	0	3121	37.1
A_MP	299	2873	A	0	0	2873	35.1
A_MP	300	2967	C	0	0	2967	37.6
A_MP	301	2699	A	0	0	2699	37.7
A_MP	302	3156	G	0	0	3156	35.1
A_MP	303	2594	G	0	0	2594	36.4
A_MP	304	2977	A	0	0	2977	37.3
A_MP	305	2514	A	0	0	2514	37.8
A_MP	306	2742	A	0	0	2742	37.0
A_MP	307	2673	C	0	0	2673	36.4
A_MP	308	2586	T	0	0	2586	35.7
A_MP	309	2567	G	0	0	2567	35.4
A_MP	310	2848	A	0	0	2848	35.1
A_MP	311	2625	A	0	0	2625	36.4
A_MP	312	2435	G	0	0	2435	36.6
A_MP	313	2690	A	0	0	2690	36.5
A_MP	314	2641	G	0	0	2641	37.1
A_MP	315	2465	A	0	0	2465	35.2
A_MP	316	2471	G	0	0	2471	37.2
A_MP	317	2543	A	0	0	2543	35.4
A_MP	318	2798	G	0	0	2798	34.6
A_MP	319	2443	A	0	0	2443	37.0
A_MP	320	2603	T	0	0	2603	34.9
A_MP	321	2392	A	0	0	2392	35.2
A_MP	322	2513	A	0	0	2513	37.2
A_MP	323	2679	C	0	0	2679	36.4
A_MP	324	2541	A	0	0	2541	35.2
A_MP	325	2327	T	0	0	2327	37.5
A_MP	326	2404	T	0	0	2404	35.6
A_MP	327	2416	C	0	0	2416	37.6
A_MP	328	2544	C	0	0	2544	37.2
A_MP	329	2655	A	0	0	2655	36.7
A_MP	330	2371	T	0	0	2371	36.5
A_MP	331	2402	G	0	0	2402	34.4
A_MP	332	2446	G	0	0	2446	34.6
A_MP	333	2654	G	0	0	2654	34.8
A_MP	334	2425	G	0	0	2425	36.4
A_MP	335	2446	C	0	0	2446	36.8
A_MP	336	2523	T	0	0	2523	34.2
A_MP	337	2441	A	0	0	2441	35.4
A_MP	338	2259	A	0	0	2259	34.9
A_MP	339	2606	A	0	0	2606	37.7
A_MP	340	2250	G	0	0	2250	34.5
A_MP	341	2782	A	0	0	2782	37.2
A_MP	342	2467	A	0	0	2467	36.4
A_MP	343	2671	G	0	0	2671	37.3
A_MP	344	2311	T	0	0	2311	35.4
A_MP	345	2320	T	0	0	2320	34.1
A_MP	346	2505	G	0	0	2505	35.9
A_MP	347	2460	C	0	0	2460	34.6
A_MP	348	2842	A	0	0	2842	35.8
A_MP	349	2724	C	0	0	2724	34.4
A_MP	350	2529	T	0	0	2529	34.3
A_MP	351	2645	C	0	0	2645	35.3
A_MP	352	2956	A	0	0	2956	34.9
A_MP	353	2758	G	0	0	2758	35.2
A_MP	354	2565	T	0	0	2565	34.5
A_MP	355	2807	T	0	0	2807	37.9
A_MP	356	3068	A	0	0	3068	34.6
A_MP	357	2671	C	0	0	2671	37.1
A_MP	358	2929	T	0	0	2929	35.0
A_MP	359	3039	C	0	0	3039	34.9
A_MP	360	2872	A	0	0	2872	37.9
A_MP	361	2917	A	0	0	2917	37.9
A_MP	362	2733	C	0	0	2733	34.4
A_MP	363	3208	C	0	0	3208	37.6
A_MP	364	2878	G	0	0	2878	35.6
A_MP	365	3166	G	0	0	3166	37.4
A_MP	366	2861	T	0	0	2861	34.1
A_MP	367	3046	G	0	0	3046	37.2
A_MP	368	2899	C	0	0	2899	37.6
A_MP	369	3517	A	0	0	3517	34.4
A_MP	370	3068	C	0	0	3068	35.1
A_MP	371	3111	T	0	0	3111	36.3
A_MP	372	3444	T	0	0	3444	34.9
A_MP	373	3169	G	0	0	3169	37.7
A_MP	374	3358	C	0	0	3358	35.5
A_MP	375	3500	C	0	0	3500	37.5
A_MP	376	3594	A	0	0	3594	34.7
A_MP	377	3016	G	0	0	3016	35.8
A_MP	378	3978	T	0	0	3978	37.2
A_MP	379	3416	T	0	0	3416	35.2
A_MP	380	3427	G	0	0	3427	35.7
A_MP	381	3705	T	0	0	3705	37.4
A_MP	382	3705	A	0	0	3705	35.2
A_MP	383	3878	T	0	0	3878	37.8
A_MP	384	3459	G	0	0	3459	35.5
A_MP	385	3689	G	0	0	3689	35.5
A_MP	386	4210	G	0	0	4210	34.6
A_MP	387	4123	T	0	0	4123	37.2
A_MP	388	3650	C	0	0	3650	34.0
A_MP	389	4153	T	0	0	4153	36.9
A_MP	390	3740	C	0	0	3740	36.1
A_MP	391	3826	A	0	0	3826	35.0
A_MP	392	3979	T	0	0	3979	35.3
A_MP	393	3596	A	0	0	3596	35.5
A_MP	394	3845	T	0	0	3845	34.3
A_MP	395	4224	A	0	0	4224	37.4
A_MP	396	4162	C	0	0	4162	35.0
A_MP	397	4255	A	0	0	4255	35.3
A_MP	398	4380	A	0	0	4380	34.9
A_MP	399	4529	C	0	0	4529	37.7
A_MP	400	3805	A	0	0	3805	37.2
A_MP	401	4128	G	0	0	4128	35.8
A_MP	402	3994	G	0	0	3994	37.8
A_MP	403	4118	A	0	0	4118	37.3
A_MP	404	4157	T	0	0	4157	35.2
A_MP	405	4684	G	0	0	4684	37.4
A_MP	406	4330	G	0	0	4330	35.2
A_MP	407	3951	G	0	0	3951	34.8
A_MP	408	4445	G	0	0	4445	36.2
A_MP	409	4349	A	0	0	4349	36.6
A_MP	410	4757	C	0	0	4757	35.4
A_MP	411	4260	G	0	0	4260	37.8
A_MP	412	4566	G	0	0	4566	35.7
A_MP	413	4397	T	0	0	4397	34.4
A_MP	414	4102	G	0	0	4102	34.4
A_MP	415	4012	A	0	0	4012	35.6
A_MP	416	4108	C	0	0	4108	35.3
A_MP	417	4276	C	0	0	4276	34.5
A_MP	418	5164	G	0	0	5164	36.6
A_MP	419	4339	C	0	0	4339	36.9
A_MP	420	4268	A	0	0	4268	34.9
A_MP	421	4638	G	0	0	4638	35.5
A_MP	422	4456	A	0	0	4456	37.5
A_MP	423	5066	A	0	0	5066	35.5
A_MP	424	4223	G	0	0	4223	36.1
A_MP	425	4550	T	0	0	4550	34.1
A_MP	426	3906	G	0	0	3906	36.5
A_MP	427	4236	G	0	0	4236	37.9
A_MP	428	4421	C	0	0	4421	37.0
A_MP	429	4750	A	0	0	4750	36.1
A_MP	430	4206	T	0	0	4206	35.9
A_MP	431	4246	T	0	0	4246	36.1
A_MP	432	4023	G	0	0	4023	35.2
A_MP	433	4309	G	0	0	4309	35.4
A_MP	434	4496	G	0	0	4496	36.5
A_MP	435	4362	C	0	0	4362	35.6
A_MP	436	4662	C	0	0	4662	34.6
A_MP	437	4342	T	0	0	4342	34.5
A_MP	438	4156	A	0	0	4156	34.9
A_MP	439	4669	G	0	0	4669	36.2
A_MP	440	3949	T	0	0	3949	36.7
A_MP	441	4139	G	0	0	4139	36.8
A_MP	442	4229	T	0	0	4229	34.4
A_MP	443	3927	G	0	0	3927	36.5
A_MP	444	4018	T	0	0	4018	37.5
A_MP	445	4047	G	0	0	4047	35.1
A_MP	446	3939	C	0	0	3939	34.0
A_MP	447	4118	C	0	0	4118	36.7
A_MP	448	4258	A	0	0	4258	34.7
A_MP	449	4067	C	0	0	4067	37.2
A_MP	450	3954	C	0	0	3954	37.8
A_MP	451	4049	T	0	0	4049	36.7
A_MP	452	4137	G	0	0	4137	37.6
A_MP	453	3594	T	0	0	3594	36.1
A_MP	454	3903	G	0	0	3903	36.9
A_MP	455	3933	A	0	0	3933	36.5
A_MP	456	3808	G	0	0	3808	36.5
A_MP	457	3906	C	0	0	3906	34.1
A_MP	458	4250	A	0	0	4250	34.6
A_MP	459	3870	G	0	0	3870	34.4
A_MP	460	4085	A	0	0	4085	35.0
A_MP	461	3814	T	0	0	3814	36.4
A_MP	462	4032	T	0	0	4032	37.1
A_MP	463	3552	G	0	0	3552	35.6
A_MP	464	3765	C	0	0	3765	35.7
A_MP	465	4224	T	0	0	4224	34.7
A_MP	466	3896	G	0	0	3896	34.6
A_MP	467	3502	A	0	0	3502	36.2
A_MP	468	3954	T	0	0	3954	36.6
A_MP	469	3947	T	0	0	3947	34.0
A_MP	470	3894	C	0	0	3894	34.4
A_MP	471	3450	A	0	0	3450	34.9
A_MP	472	3615	C	0	0	3615	37.6
A_MP	473	3746	A	0	0	3746	34.6
A_MP	474	4084	G	0	0	4084	35.1
A_MP	475	4031	C	0	0	4031	35.6
A_MP	476	3424	A	0	0	3424	36.6
A_MP	477	3309	T	0	0	3309	36.0
A_MP	478	3699	C	0	0	3699	34.7
A_MP	479	3481	G	0	0	3481	36.0
A_MP	480	3281	G	0	0	3281	35.6
A_MP	481	3277	T	0	0	3277	34.3
A_MP	482	3517	C	0	0	3517	36.9
A_MP	483	3897	T	0	0	3897	35.9
A_MP	484	3272	C	0	0	3272	36.2
A_MP	485	3547	A	0	0	3547	36.5
A_MP	486	3561	C	0	0	3561	34.8
A_MP	487	3464	A	0	0	3464	35.2
A_MP	488	3535	G	0	0	3535	35.5
A_MP	489	3595	A	0	0	3595	37.2
A_MP	490	3300	C	0	0	3300	35.3
A_MP	491	3325	A	0	0	3325	36.4
A_MP	492	3181	G	0	0	3181	36.0
A_MP	493	3783	A	0	0	3783	34.0
A_MP	494	3261	T	0	0	3261	37.3
A_MP	495	3669	A	0	0	3669	36.9
A_MP	496	3752	G	0	0	3752	34.7
A_MP	497	3397	C	0	0	3397	36.0
A_MP	498	3460	T	0	0	3460	37.2
A_MP	499	3315	A	0	0	3315	34.7
A_MP	500	3181	C	0	0	3181	34.3
A_MP	501	3691	C	0	0	3691	37.4
A_MP	502	3654	A	0	0	3654	34.5
A_MP	503	3470	C	0	0	3470	36.5
A_MP	504	3543	C	0	0	3543	34.4
A_MP	505	3741	A	0	0	3741	37.6
A_MP	506	3664	C	0	0	3664	34.5
A_MP	507	3215	C	0	0	3215	34.9
A_MP	508	3221	A	0	0	3221	36.3
A_MP	509	3094	A	0	0	3094	35.2
A_MP	510	3584	C	0	0	3584	37.3
A_MP	511	3563	C	0	0	3563	35.9
A_MP	512	3531	C	0	0	3531	35.4
A_MP	513	3593	A	0	0	3593	36.6
A_MP	514	3574	C	0	0	3574	35.1
A_MP	515	3489	T	0	0	3489	35.3
A_MP	516	3080	G	0	0	3080	36.0
A_MP	517	3786	A	0	0	3786	36.2
A_MP	518	3626	T	0	0	3626	35.6
A_MP	519	3874	C	0	0	3874	37.1
A_MP	520	3888	A	0	0	3888	34.3
A_MP	521	3621	G	0	0	3621	36.4
A_MP	522	3744	A	0	0	3744	34.8
A_MP	523	4017	C	0	0	4017	37.7
A_MP	524	3652	A	0	0	3652	36.5
A_MP	525	3465	T	0	0	3465	34.5
A_MP	526	3247	G	0	0	3247	35.8
A_MP	527	3676	A	0	0	3676	36.1
A_MP	528	3462	A	0	0	3462	37.8
A_MP	529	3633	A	0	0	3633	37.6
A_MP	530	3531	A	0	0	3531	34.9
A_MP	531	3773	C	0	0	3773	37.8
A_MP	532	3558	A	0	0	3558	35.4
A_MP	533	3228	G	0	0	3228	36.4
A_MP	534	3711	A	0	0	3711	37.7
A_MP	535	3601	A	0	0	3601	34.8
A_MP	536	3570	T	0	0	3570	37.9
A_MP	537	4019	G	0	0	4019	36.8
A_MP	538	3793	G	0	0	3793	34.5
A_MP	539	4035	T	0	0	4035	36.1
A_MP	540	3851	T	0	0	3851	36.0
A_MP	541	3740	T	0	0	3740	37.7
A_MP	542	3528	T	0	0	3528	35.9
A_MP	543	3913	G	0	0	3913	35.0
A_MP	544	3652	G	0	0	3652	37.6
A_MP	545	3659	C	0	0	3659	34.2
A_MP	546	3556	C	0	0	3556	35.2
A_MP	547	3901	A	0	0	3901	36.2
A_MP	548	3921	G	0	0	3921	37.9
A_MP	549	3538	T	0	0	3538	34.2
A_MP	550	3879	A	0	0	3879	37.5
A_MP	551	3601	C	0	0	3601	37.4
A_MP	552	3528	T	0	0	3528	35.6
A_MP	553	3347	A	0	0	3347	36.1
A_MP	554	3570	C	0	0	3570	37.6
A_MP	555	3149	A	0	0	3149	36.9
A_MP	556	3681	G	0	0	3681	35.0
A_MP	557	3763	C	0	0	3763	37.2
A_MP	558	3715	T	0	0	3715	36.9
A_MP	559	3812	A	0	0	3812	36.8
A_MP	560	3772	A	0	0	3772	35.5
A_MP	561	3925	G	0	0	3925	37.3
A_MP	562	3232	G	0	0	3232	37.6
A_MP	563	3251	C	0	0	3251	37.1
A_MP	564	3530	T	0	0	3530	35.3
A_MP	565	3661	A	0	0	3661	34.8
A_MP	566	3064	T	0	0	3064	35.4
A_MP	567	3138	G	0	0	3138	34.1
A_MP	568	3395	G	0	0	3395	36.3
A_MP	569	3254	A	0	0	3254	37.3
A_MP	570	3711	G	0	0	3711	35.4
A_MP	571	3056	C	0	0	3056	36.9
A_MP	572	3352	A	0	0	3352	36.1
A_MP	573	3859	G	0	0	3859	37.8
A_MP	574	3272	A	0	0	3272	34.1
A_MP	575	3201	T	0	0	3201	36.2
A_MP	576	2905	G	0	0	2905	36.6
A_MP	577	3160	G	0	0	3160	37.0
A_MP	578	2811	C	0	0	2811	36.8
A_MP	579	2972	T	0	0	2972	37.5
A_MP	580	2965	G	0	0	2965	36.4
A_MP	581	3172	G	0	0	3172	35.3
A_MP	582	3191	A	0	0	3191	36.2
A_MP	583	3130	T	0	0	3130	35.5
A_MP	584	2999	C	0	0	2999	34.9
A_MP	585	2642	G	0	0	2642	35.5
A_MP	586	3177	A	0	0	3177	34.8
A_MP	587	2799	G	0	0	2799	34.9
A_MP	588	3005	T	0	0	3005	36.6
A_MP	589	2628	G	0	0	2628	34.7
A_MP	590	2743	A	0	0	2743	36.0
A_MP	591	2940	G	0	0	2940	34.4
A_MP	592	2900	C	0	0	2900	34.2
A_MP	593	2684	A	0	0	2684	34.8
A_MP	594	2340	A	0	0	2340	37.8
A_MP	595	2690	G	0	0	2690	37.1
A_MP	596	2765	C	0	0	2765	35.1
A_MP	597	2557	A	0	0	2557	36.7
A_MP	598	2335	G	0	0	2335	35.5
A_MP	599	2713	T	0	0	2713	34.3
A_MP	600	2389	G	0	0	2389	37.2
A_MP	601	2421	G	0	0	2421	35.4
A_MP	602	2028	A	0	0	2028	34.2
A_MP	603	2229	A	0	0	2229	34.7
A_MP	604	2422	G	0	0	2422	37.1
A_MP	605	2443	C	0	0	2443	36.3
A_MP	606	2378	C	0	0	2378	35.9
A_MP	607	2231	A	0	0	2231	34.1
A_MP	608	2399	T	0	0	2399	37.8
A_MP	609	2192	G	0	0	2192	37.8
A_MP	610	2359	G	0	0	2359	34.3
A_MP	611	2306	A	0	0	2306	34.7
A_MP	612	2119	G	0	0	2119	35.8
A_MP	613	2241	G	0	0	2241	36.4
A_MP	614	2272	T	0	0	2272	35.9
A_MP	615	2304	T	0	0	2304	36.2
A_MP	616	2151	G	0	0	2151	37.8
A_MP	617	1985	C	0	0	1985	34.8
A_MP	618	2025	T	0	0	2025	37.1
A_MP	619	2018	A	0	0	2018	36.1
A_MP	620	2169	G	0	0	2169	36.3
A_MP	621	2236	T	0	0	2236	37.9
A_MP	622	2387	C	0	0	2387	35.2
A_MP	623	2073	A	0	0	2073	36.0
A_MP	624	2317	G	0	0	2317	36.4
A_MP	625	2443	G	0	0	2443	37.4
A_MP	626	2058	C	0	0	2058	36.5
A_MP	627	1971	T	0	0	1971	36.0
A_MP	628	2186	A	0	0	2186	34.2
A_MP	629	2190	G	0	0	2190	35.1
A_MP	630	2424	G	0	0	2424	37.4
A_MP	631	2254	C	0	0	2254	34.6
A_MP	632	2071	A	0	0	2071	35.3
A_MP	633	2034	G	0	0	2034	35.1
A_MP	634	2126	A	0	0	2126	35.3
A_MP	635	2320	T	0	0	2320	36.9
A_MP	636	2091	G	0	0	2091	37.9
A_MP	637	2264	G	0	0	2264	37.7
A_MP	638	2225	T	0	0	2225	35.1
A_MP	639	2120	G	0	0	2120	37.0
A_MP	640	2409	C	0	0	2409	36.9
A_MP	641	2388	A	0	0	2388	35.7
A_MP	642	2588	G	0	0	2588	36.0
A_MP	643	2263	G	0	0	2263	37.5
A_MP	644	2508	C	0	0	2508	34.6
A_MP	645	2162	G	0	0	2162	37.3
A_MP	646	2478	A	0	0	2478	34.6
A_MP	647	2706	T	0	0	2706	34.1
A_MP	648	2678	G	0	0	2678	35.2
A_MP	649	2525	A	0	0	2525	37.4
A_MP	650	2706	G	0	0	2706	36.4
A_MP	651	2641	G	0	0	2641	35.5
A_MP	652	2774	A	0	0	2774	35.4
A_MP	653	2610	C	0	0	2610	36.5
A_MP	654	2782	C	0	0	2782	35.8
A_MP	655	2990	A	0	0	2990	34.2
A_MP	656	2660	T	0	0	2660	36.9
A_MP	657	2585	T	0	0	2585	37.7
A_MP	658	2713	G	0	0	2713	34.8
A_MP	659	2971	G	0	0	2971	36.1
A_MP	660	3061	A	0	0	3061	34.5
A_MP	661	3183	A	0	0	3183	35.2
A_MP	662	2955	C	0	0	2955	38.0
A_MP	663	2915	T	0	0	2915	34.0
A_MP	664	3225	C	0	0	3225	35.2
A_MP	665	2739	A	0	0	2739	35.4
A_MP	666	3104	T	0	0	3104	35.4
A_MP	667	3365	C	0	0	3365	34.7
A_MP	668	3408	C	0	0	3408	37.6
A_MP	669	3086	T	0	0	3086	34.6
A_MP	670	3082	A	0	0	3082	34.7
A_MP	671	3172	G	0	0	3172	37.4
A_MP	672	3340	C	0	0	3340	35.4
A_MP	673	3300	T	0	0	3300	36.1
A_MP	674	3355	C	0	0	3355	34.1
A_MP	675	3238	C	0	0	3238	36.2
A_MP	676	3231	A	0	0	3231	35.0
A_MP	677	3495	G	0	0	3495	36.4
A_MP	678	3773	T	0	0	3773	35.3
A_MP	679	3602	G	0	0	3602	34.2
A_MP	680	3625	C	0	0	3625	37.5
A_MP	681	3454	C	0	0	3454	35.7
A_MP	682	3562	G	0	0	3562	37.6
A_MP	683	3707	G	0	0	3707	35.3
A_MP	684	3677	T	0	0	3677	37.4
A_MP	685	3490	C	0	0	3490	37.3
A_MP	686	3475	T	0	0	3475	37.3
A_MP	687	3917	G	0	0	3917	36.4
A_MP	688	3761	A	0	0	3761	37.6
A_MP	689	3876	G	0	0	3876	36.8
A_MP	690	3565	A	0	0	3565	36.5
A_MP	691	3558	G	0	0	3558	37.4
A_MP	692	3546	A	0	0	3546	35.5
A_MP	693	3760	T	0	0	3760	37.9
A_MP	694	3766	G	0	0	3766	37.7
A_MP	695	3552	A	0	0	3552	37.9
A_MP	696	3501	T	0	0	3501	35.4
A_MP	697	3720	C	0	0	3720	34.5
A_MP	698	3701	T	0	0	3701	34.8
A_MP	699	4650	C	0	0	4650	35.3
A_MP	700	3958	C	0	0	3958	34.8
A_MP	701	3892	T	0	0	3892	37.0
A_MP	702	3661	T	0	0	3661	34.0
A_MP	703	4038	G	0	0	4038	34.4
A_MP	704	4097	A	0	0	4097	37.0
A_MP	705	4142	A	0	0	4142	35.2
A_MP	706	3845	A	0	0	3845	34.4
A_MP	707	4171	A	0	0	4171	37.3
A_MP	708	3938	T	0	0	3938	37.1
A_MP	709	3979	T	0	0	3979	35.6
A_MP	710	3917	T	0	0	3917	35.7
A_MP	711	4240	G	0	0	4240	35.2
A_MP	712	4107	C	0	0	4107	38.0
A_MP	713	3623	A	0	0	3623	37.5
A_MP	714	3681	G	0	0	3681	34.7
A_MP	715	3516	G	0	0	3516	36.9
A_MP	716	4071	C	0	0	4071	34.0
A_MP	717	3909	C	0	0	3909	37.0
A_MP	718	3724	T	0	0	3724	36.7
A_MP	719	3758	A	0	0	3758	37.3
A_MP	720	3487	C	0	0	3487	35.3
A_MP	721	3882	C	0	0	3882	37.0
A_MP	722	3691	A	0	0	3691	38.0
A_MP	723	3805	A	0	0	3805	37.0
A_MP	724	3815	A	0	0	3815	34.9
A_MP	725	4405	A	0	0	4405	36.2
A_MP	726	3655	A	0	0	3655	36.5
A_MP	727	3810	C	0	0	3810	34.2
A_MP	728	4065	G	0	0	4065	34.5
A_MP	729	4010	G	0	0	4010	35.4
A_MP	730	3801	A	0	0	3801	34.2
A_MP	731	3857	T	0	0	3857	35.0
A_MP	732	3693	G	0	0	3693	37.7
A_MP	733	3938	G	0	0	3938	35.5
A_MP	734	3760	G	0	0	3760	36.2
A_MP	735	3403	A	0	0	3403	34.3
A_MP	736	3693	G	0	0	3693	36.6
A_MP	737	3930	T	0	0	3930	34.2
A_MP	738	3842	G	0	0	3842	36.8
A_MP	739	3622	C	0	0	3622	35.2
A_MP	740	3785	A	0	0	3785	34.3
A_MP	741	3873	A	0	0	3873	36.8
A_MP	742	3635	C	0	0	3635	35.6
A_MP	743	3891	T	0	0	3891	36.8
A_MP	744	3420	G	0	0	3420	35.1
A_MP	745	4029	C	0	0	4029	36.4
A_MP	746	3325	A	0	0	3325	35.0
A_MP	747	3495	G	0	0	3495	37.6
A_MP	748	3520	C	0	0	3520	36.9
A_MP	749	3651	G	0	0	3651	34.9
A_MP	750	3663	A	0	0	3663	37.1
A_MP	751	3610	T	0	0	3610	34.8
A_MP	752	3418	T	0	0	3418	34.1
A_MP	753	3392	C	0	0	3392	36.4
A_MP	754	3594	A	0	0	3594	36.7
A_MP	755	3933	A	0	0	3933	35.3
A_MP	756	3265	G	0	0	3265	34.8
A_MP	757	3840	T	0	0	3840	36.5
A_MP	758	3932	G	0	0	3932	37.4
A_MP	759	3270	A	0	0	3270	36.2
A_MP	760	3164	T	0	0	3164	37.9
A_MP	761	3623	C	0	0	3623	35.6
A_MP	762	3716	C	0	0	3716	35.8
A_MP	763	3503	T	0	0	3503	37.1
A_MP	764	3365	C	0	0	3365	37.7
A_MP	765	3725	T	0	0	3725	34.5
A_MP	766	3593	C	0	0	3593	35.3
A_MP	767	4025	G	0	0	4025	37.5
A_MP	768	3544	T	0	0	3544	36.4
A_MP	769	3573	T	0	0	3573	37.0
A_MP	770	3767	A	0	0	3767	35.5
A_MP	771	3874	T	0	0	3874	35.3
A_MP	772	3693	T	0	0	3693	34.1
A_MP	773	3662	G	0	0	3662	34.5
A_MP	774	3567	C	0	0	3567	35.2
A_MP	775	3652	C	0	0	3652	35.0
A_MP	776	3932	G	0	0	3932	36.0
A_MP	777	3919	C	0	0	3919	34.6
A_MP	778	3650	A	0	0	3650	35.3
A_MP	779	3898	A	0	0	3898	35.7
A_MP	780	3672	G	0	0	3672	36.5
A_MP	781	3792	T	0	0	3792	35.4
A_MP	782	3914	A	0	0	3914	36.7
A_MP	783	3700	T	0	0	3700	37.2
A_MP	784	3648	C	0	0	3648	35.8
A_MP	785	3677	A	0	0	3677	36.9
A_MP	786	3774	T	0	0	3774	36.4
A_MP	787	3961	T	0	0	3961	36.1
A_MP	788	3890	G	0	0	3890	34.2
A_MP	789	3737	G	0	0	3737	36.4
A_MP	790	3997	G	0	0	3997	36.1
A_MP	791	4036	A	0	0	4036	36.6
A_MP	792	4041	T	0	0	4041	37.5
A_MP	793	4057	C	0	0	4057	35.4
A_MP	794	4263	T	0	0	4263	36.8
A_MP	795	3974	T	0	0	3974	36.4
A_MP	796	4382	G	0	0	4382	37.1
A_MP	797	4073	C	0	0	4073	34.3
A_MP	798	4414	A	0	0	4414	36.0
A_MP	799	3989	C	0	0	3989	35.5
A_MP	800	4055	T	0	0	4055	35.6
A_MP	801	4000	T	0	0	4000	36.0
A_MP	802	4218	G	0	0	4218	35.1
A_MP	803	3878	A	0	0	3878	37.1
A_MP	804	3859	T	0	0	3859	34.4
A_MP	805	3986	A	0	0	3986	35.4
A_MP	806	4143	T	0	0	4143	34.2
A_MP	807	4152	T	0	0	4152	37.7
A_MP	808	4170	G	0	0	4170	35.8
A_MP	809	4044	T	0	0	4044	37.8
A_MP	810	4709	G	0	0	4709	34.0
A_MP	811	4138	G	0	0	4138	34.2
A_MP	812	4439	A	0	0	4439	36.7
A_MP	813	4228	T	0	0	4228	34.9
A_MP	814	4336	T	0	0	4336	37.4
A_MP	815	4043	C	0	0	4043	36.8
A_MP	816	4020	T	0	0	4020	34.5
A_MP	817	3703	T	0	0	3703	35.6
A_MP	818	4150	G	0	0	4150	35.4
A_MP	819	3971	A	0	0	3971	34.2
A_MP	820	4439	T	0	0	4439	36.5
A_MP	821	4481	C	0	0	4481	35.6
A_MP	822	4209	G	0	0	4209	35.6
A_MP	823	4280	C	0	0	4280	35.0
A_MP	824	4378	C	0	0	4378	34.2
A_MP	825	4414	T	0	0	4414	37.0
A_MP	826	4069	T	0	0	4069	36.8
A_MP	827	4643	T	0	0	4643	35.2
A_MP	828	4393	T	0	0	4393	35.8
A_MP	829	3974	C	0	0	3974	37.5
A_MP	830	4216	T	0	0	4216	36.5
A_MP	831	4096	T	0	0	4096	35.2
A_MP	832	4439	C	0	0	4439	37.3
A_MP	833	4017	A	0	0	4017	35.9
A_MP	834	3978	A	0	0	3978	37.9
A_MP	835	4437	A	0	0	4437	35.0
A_MP	836	4627	T	0	0	4627	36.9
A_MP	837	4367	G	0	0	4367	36.2
A_MP	838	4511	C	0	0	4511	36.3
A_MP	839	3749	G	0	0	3749	36.9
A_MP	840	4535	T	0	0	4535	36.8
A_MP	841	3727	T	0	0	3727	37.4
A_MP	842	4045	T	0	0	4045	36.4
A_MP	843	4015	A	0	0	4015	36.7
A_MP	844	3952	T	0	0	3952	35.2
A_MP	845	4038	C	0	0	4038	36.1
A_MP	846	3766	G	0	0	3766	37.0
A_MP	847	4489	T	0	0	4489	34.2
A_MP	848	4018	C	0	0	4018	36.8
A_MP	849	4039	G	0	0	4039	36.6
A_MP	850	3687	C	0	0	3687	37.3
A_MP	851	3893	C	0	0	3893	37.7
A_MP	852	4052	T	0	0	4052	35.2
A_MP	853	3651	T	0	0	3651	35.9
A_MP	854	3458	A	0	0	3458	34.3
A_MP	855	3575	A	0	0	3575	34.2
A_MP	856	3924	A	0	0	3924	36.3
A_MP	857	3638	T	0	0	3638	35.1
A_MP	858	3530	A	0	0	3530	36.7
A_MP	859	3252	C	0	0	3252	35.1
A_MP	860	3730	G	0	0	3730	37.5
A_MP	861	3655	G	0	0	3655	34.2
A_MP	862	3559	T	0	0	3559	35.1
A_MP	863	3471	T	0	0	3471	35.3
A_MP	864	3696	C	0	0	3696	35.5
A_MP	865	3170	G	0	0	3170	35.5
A_MP	866	3405	A	0	0	3405	37.1
A_MP	867	3241	A	0	0	3241	36.3
A_MP	868	3183	A	0	0	3183	35.3
A_MP	869	3405	G	0	0	3405	36.4
A_MP	870	3168	G	0	0	3168	34.1
A_MP	871	3159	A	0	0	3159	37.6
A_MP	872	3257	G	0	0	3257	34.4
A_MP	873	3689	G	0	0	3689	36.0
A_MP	874	3106	G	0	0	3106	37.8
A_MP	875	3071	C	0	0	3071	36.1
A_MP	876	3405	C	0	0	3405	35.6
A_MP	877	2746	T	0	0	2746	35.0
A_MP	878	2996	T	0	0	2996	34.1
A_MP	879	3073	C	0	0	3073	36.8
A_MP	880	2752	T	0	0	2752	34.9
A_MP	881	3115	A	0	0	3115	34.4
A_MP	882	2696	C	0	0	2696	35.8
A_MP	883	2769	G	0	0	2769	36.1
A_MP	884	2684	G	0	0	2684	36.8
A_MP	885	2789	A	0	0	2789	37.8
A_MP	886	2735	A	0	0	2735	34.6
A_MP	887	2653	G	0	0	2653	37.7
A_MP	888	2856	G	0	0	2856	36.5
A_MP	889	2807	A	0	0	2807	36.4
A_MP	890	2607	G	0	0	2607	37.9
A_MP	891	2394	T	0	0	2394	35.6
A_MP	892	2356	A	0	0	2356	35.7
A_MP	893	2703	C	0	0	2703	36.5
A_MP	894	2482	C	0	0	2482	35.0
A_MP	895	2475	T	0	0	2475	36.2
A_MP	896	2266	G	0	0	2266	36.2
A_MP	897	2571	A	0	0	2571	35.9
A_MP	898	2403	G	0	0	2403	37.2
A_MP	899	2545	T	0	0	2545	36.3
A_MP	900	2431	C	0	0	2431	37.9
A_MP	901	2346	C	0	0	2346	35.0
A_MP	902	2483	A	0	0	2483	35.7
A_MP	903	2360	T	0	0	2360	37.4
A_MP	904	2593	G	0	0	2593	34.7
A_MP	905	2176	A	0	0	2176	34.1
A_MP	906	2415	G	0	0	2415	36.4
A_MP	907	2445	G	0	0	2445	36.4
A_MP	908	2446	G	0	0	2446	34.8
A_MP	909	2296	A	0	0	2296	34.7
A_MP	910	2225	A	0	0	2225	34.1
A_MP	911	2485	G	0	0	2485	36.8
A_MP	912	2538	A	0	0	2538	37.5
A_MP	913	2478	G	0	0	2478	34.4
A_MP	914	2315	T	0	0	2315	36.0
A_MP	915	2444	A	0	0	2444	34.5
A_MP	916	2481	C	0	0	2481	34.2
A_MP	917	2391	C	0	0	2391	37.7
A_MP	918	2295	G	0	0	2295	34.1
A_MP	919	2400	G	0	0	2400	37.1
A_MP	920	2319	C	0	0	2319	36.2
A_MP	921	2460	A	0	0	2460	34.7
A_MP	922	2200	G	0	0	2200	35.3
A_MP	923	2333	G	0	0	2333	36.6
A_MP	924	2498	A	0	0	2498	37.9
A_MP	925	2366	A	0	0	2366	34.8
A_MP	926	2200	C	0	0	2200	35.0
A_MP	927	2273	A	0	0	2273	35.1
A_MP	928	2133	G	0	0	2133	34.8
A_MP	929	2097	C	0	0	2097	34.4
A_MP	930	2304	A	0	0	2304	37.0
A_MP	931	2008	G	0	0	2008	37.5
A_MP	932	2046	A	0	0	2046	35.4
A_MP	933	2103	G	0	0	2103	37.2
A_MP	934	2008	T	0	0	2008	36.1
A_MP	935	2017	G	0	0	2017	37.7
A_MP	936	1987	C	0	0	1987	35.3
A_MP	937	1823	T	0	0	1823	35.0
A_MP	938	1899	G	0	0	1899	35.3
A_MP	939	2019	T	0	0	2019	36.5
A_MP	940	2003	G	0	0	2003	37.5
A_MP	941	2007	G	0	0	2007	36.1
A_MP	942	1750	G	0	0	1750	34.5
A_MP	943	1846	T	0	0	1846	34.3
A_MP	944	1878	G	0	0	1878	36.8
A_MP	945	1612	T	0	0	1612	36.5
A_MP	946	1780	T	0	0	1780	37.3
A_MP	947	1690	G	0	0	1690	35.3
A_MP	948	1481	A	0	0	1481	37.8
A_MP	949	1573	C	0	0	1573	35.9
A_MP	950	1665	G	0	0	1665	37.2
A_MP	951	1606	A	0	0	1606	37.3
A_MP	952	1498	T	0	0	1498	37.1
A_MP	953	1466	G	0	0	1466	35.4
A_MP	954	1369	G	0	0	1369	36.5
A_MP	955	1254	T	0	0	1254	34.2
A_MP	956	1236	C	0	0	1236	35.4
A_MP	957	1257	A	0	0	1257	34.4
A_MP	958	1177	T	0	0	1177	35.0
A_MP	959	1218	T	0	0	1218	34.6
A_MP	960	1209	T	0	0	1209	34.9
A_MP	961	1094	T	0	0	1094	35.8
A_MP	962	993	G	0	0	993	36.3
A_MP	963	1071	T	0	0	1071	36.2
A_MP	964	847	C	0	0	847	37.8
A_MP	965	988	A	0	0	988	35.5
A_MP	966	817	A	0	0	817	37.2
A_MP	967	818	C	0	0	818	36.8
A_MP	968	729	A	0	0	729	36.7
A_MP	969	752	T	0	0	752	35.4
A_MP	970	671	A	0	0	671	35.6
A_MP	971	606	G	0	0	606	34.2
A_MP	972	510	A	0	0	510	34.3
A_MP	973	454	G	0	0	454	34.1
A_MP	974	474	C	0	0	474	35.0
A_MP	975	345	T	0	0	345	34.6
A_MP	976	342	G	0	0	342	37.1
A_MP	977	269	G	0	0	269	35.5
A_MP	978	222	A	0	0	222	34.8
A_MP	979	176	G	0	0	176	34.9
A_MP	980	111	T	0	0	111	35.2
A_MP	981	57	A	0	0	57	35.4
A_MP	982	0	A	0	0	0	36.9
