Reference_Name	Position	Coverage Depth	Consensus	Deletions	Ambiguous	Consensus_Count	Consensus_Average_Quality
A_NA	1	31	A	0	0	31	36.6
A_NA	2	57	T	0	0	57	37.3
A_NA	3	88	G	0	0	88	36.7
A_NA	4	117	A	0	0	117	36.6
A_NA	5	142	A	0	0	142	35.7
A_NA	6	180	T	0	0	180	36.2
A_NA	7	203	C	0	0	203	35.8
A_NA	8	236	C	0	0	236	35.3
A_NA	9	269	A	0	0	269	35.1
A_NA	10	288	A	0	0	288	36.8
A_NA	11	353	A	0	0	353	35.1
A_NA	12	335	T	0	0	335	37.7
A_NA	13	420	C	0	0	420	36.9
A_NA	14	441	A	0	0	441	34.4
A_NA	15	464	A	0	0	464	34.7
A_NA	16	458	A	0	0	458	34.2
A_NA	17	481	G	0	0	481	36.8
A_NA	18	512	G	0	0	512	37.2
A_NA	19	557	A	0	0	557	37.6
A_NA	20	594	T	0	0	594	36.0
A_NA	21	643	A	0	0	643	34.9
A_NA	22	693	A	0	0	693	37.6
A_NA	23	752	T	0	0	752	35.4
A_NA	24	762	A	0	0	762	37.1
A_NA	25	870	A	0	0	870	35.7
A_NA	26	794	C	0	0	794	35.7
A_NA	27	819	C	0	0	819	34.7
A_NA	28	836	A	0	0	836	37.1
A_NA	29	899	C	0	0	899	37.2
A_NA	30	903	T	0	0	903	34.0
A_NA	31	1050	G	0	0	1050	34.2
A_NA	32	1070	G	0	0	1070	34.4
A_NA	33	980	A	0	0	980	35.0
A_NA	34	1171	T	0	0	1171	35.2
A_NA	35	1081	C	0	0	1081	36.8
A_NA	36	1197	A	0	0	1197	34.2
A_NA	37	1180	A	0	0	1180	34.0
A_NA	38	1236	T	0	0	1236	38.0
A_NA	39	1228	C	0	0	1228	34.3
A_NA	40	1296	T	0	0	1296	34.2
A_NA	41	1197	G	0	0	1197	36.9
A_NA	42	1283	T	0	0	1283	34.8
A_NA	43	1266	A	0	0	1266	34.9
A_NA	44	1406	T	0	0	1406	36.3
A_NA	45	1454	G	0	0	1454	37.1
A_NA	46	1654	G	0	0	1654	36.8
A_NA	47	1519	T	0	0	1519	36.3
A_NA	48	1524	A	0	0	1524	35.3
A_NA	49	1582	A	0	0	1582	36.1
A_NA	50	1510	T	0	0	1510	34.6
A_NA	51	1747	T	0	0	1747	36.1
A_NA	52	1700	G	0	0	1700	36.6
A_NA	53	1856	G	0	0	1856	35.7
A_NA	54	1980	G	0	0	1980	36.0
A_NA	55	1793	A	0	0	1793	34.3
A_NA	56	1784	T	0	0	1784	35.0
A_NA	57	1922	A	0	0	1922	35.7
A_NA	58	1998	G	0	0	1998	34.8
A_NA	59	1804	T	0	0	1804	34.3
A_NA	60	2154	C	0	0	2154	37.6
A_NA	61	2099	A	0	0	2099	36.0
A_NA	62	2110	G	0	0	2110	36.7
A_NA	63	2172	C	0	0	2172	35.9
A_NA	64	2096	T	0	0	2096	34.3
A_NA	65	2284	T	0	0	2284	36.3
A_NA	66	2322	G	0	0	2322	36.8
A_NA	67	1971	A	0	0	1971	35.8
A_NA	68	2470	T	0	0	2470	34.8
A_NA	69	2524	G	0	0	2524	34.1
A_NA	70	2407	C	0	0	2407	35.5
A_NA	71	2264	T	0	0	2264	37.4
A_NA	72	2833	G	0	0	2833	34.2
A_NA	73	2498	C	0	0	2498	35.4
A_NA	74	2677	A	0	0	2677	34.2
A_NA	75	2766	A	0	0	2766	34.0
A_NA	76	2681	A	0	0	2681	37.3
A_NA	77	2797	T	0	0	2797	34.8
A_NA	78	2826	T	0	0	2826	36.5
A_NA	79	2615	G	0	0	2615	36.6
A_NA	80	3310	G	0	0	3310	35.6
A_NA	81	3319	G	0	0	3319	36.3
A_NA	82	2962	A	0	0	2962	35.4
A_NA	83	3062	A	0	0	3062	35.1
A_NA	84	3100	C	0	0	3100	37.8
A_NA	85	3631	A	0	0	3631	37.0
A_NA	86	3071	T	0	0	3071	35.6
A_NA	87	3064	A	0	0	3064	34.7
A_NA	88	3416	A	0	0	3416	35.5
A_NA	89	3015	T	0	0	3015	35.6
A_NA	90	3323	C	0	0	3323	35.4
A_NA	91	3259	T	0	0	3259	35.8
A_NA	92	3365	C	0	0	3365	34.3
A_NA	93	3214	A	0	0	3214	34.6
A_NA	94	3347	A	0	0	3347	37.6
A_NA	95	3195	T	0	0	3195	36.5
A_NA	96	3577	A	0	0	3577	37.7
A_NA	97	3690	T	0	0	3690	34.5
A_NA	98	3508	G	0	0	3508	35.4
A_NA	99	3404	G	0	0	3404	38.0
A_NA	100	3606	G	0	0	3606	35.1
A_NA	101	3598	T	0	0	3598	34.3
A_NA	102	3260	T	0	0	3260	37.2
A_NA	103	3382	A	0	0	3382	34.9
A_NA	104	3196	G	0	0	3196	35.3
A_NA	105	3712	C	0	0	3712	34.7
A_NA	106	3445	C	0	0	3445	34.4
A_NA	107	3591	A	0	0	3591	37.3
A_NA	108	3609	T	0	0	3609	35.9
A_NA	109	3270	T	0	0	3270	35.9
A_NA	110	3538	C	0	0	3538	35.1
A_NA	111	3271	A	0	0	3271	36.4
A_NA	112	3821	A	0	0	3821	34.3
A_NA	113	3744	T	0	0	3744	37.8
A_NA	114	2959	C	0	0	2959	36.4
A_NA	115	3470	C	0	0	3470	34.8
A_NA	116	3358	A	0	0	3358	37.7
A_NA	117	2994	A	0	0	2994	36.7
A_NA	118	3383	A	0	0	3383	37.6
A_NA	119	3691	C	0	0	3691	36.1
A_NA	120	3286	A	0	0	3286	36.4
A_NA	121	3479	G	0	0	3479	37.7
A_NA	122	3571	G	0	0	3571	36.0
A_NA	123	3648	G	0	0	3648	34.4
A_NA	124	3463	A	0	0	3463	34.4
A_NA	125	3861	A	0	0	3861	34.8
A_NA	126	3547	T	0	0	3547	34.5
A_NA	127	3761	C	0	0	3761	35.2
A_NA	128	3375	A	0	0	3375	36.7
A_NA	129	3119	A	0	0	3119	34.5
A_NA	130	3361	T	0	0	3361	35.0
A_NA	131	3237	A	0	0	3237	35.8
A_NA	132	3423	C	0	0	3423	36.4
A_NA	133	3335	C	0	0	3335	36.1
A_NA	134	3341	A	0	0	3341	36.2
A_NA	135	3447	G	0	0	3447	34.3
A_NA	136	3544	C	0	0	3544	34.4
A_NA	137	3759	C	0	0	3759	38.0
A_NA	138	3593	T	0	0	3593	34.0
A_NA	139	3269	G	0	0	3269	36.5
A_NA	140	3654	A	0	0	3654	35.0
A_NA	141	3540	A	0	0	3540	35.7
A_NA	142	3488	C	0	0	3488	37.4
A_NA	143	3260	C	0	0	3260	36.2
A_NA	144	3732	A	0	0	3732	35.7
A_NA	145	3483	T	0	0	3483	36.3
A_NA	146	3207	G	0	0	3207	35.2
A_NA	147	3661	C	0	0	3661	34.2
A_NA	148	3293	A	0	0	3293	34.6
A_NA	149	3631	A	0	0	3631	34.4
A_NA	150	3400	T	0	0	3400	36.9
A_NA	151	3203	C	0	0	3203	38.0
A_NA	152	3430	A	0	0	3430	36.7
A_NA	153	3146	A	0	0	3146	37.2
A_NA	154	3146	A	0	0	3146	36.8
A_NA	155	3355	G	0	0	3355	34.2
A_NA	156	3222	C	0	0	3222	36.8
A_NA	157	2718	A	0	0	2718	35.3
A_NA	158	3661	T	0	0	3661	37.1
A_NA	159	3413	C	0	0	3413	34.4
A_NA	160	3297	A	0	0	3297	37.8
A_NA	161	3336	T	0	0	3336	34.0
A_NA	162	2935	T	0	0	2935	36.6
A_NA	163	3321	G	0	0	3321	34.4
A_NA	164	2982	C	0	0	2982	34.4
A_NA	165	3004	C	0	0	3004	35.5
A_NA	166	3152	T	0	0	3152	37.8
A_NA	167	3008	A	0	0	3008	35.3
A_NA	168	3019	T	0	0	3019	36.2
A_NA	169	2846	G	0	0	2846	35.0
A_NA	170	2935	A	0	0	2935	35.4
A_NA	171	2988	G	0	0	2988	36.6
A_NA	172	2838	A	0	0	2838	37.6
A_NA	173	3383	A	0	0	3383	35.7
A_NA	174	2806	C	0	0	2806	34.3
A_NA	175	3032	A	0	0	3032	37.5
A_NA	176	2885	A	0	0	2885	36.5
A_NA	177	2673	C	0	0	2673	35.0
A_NA	178	2755	A	0	0	2755	35.0
A_NA	179	2628	C	0	0	2628	34.4
A_NA	180	2816	C	0	0	2816	36.0
A_NA	181	2732	T	0	0	2732	34.7
A_NA	182	2864	G	0	0	2864	36.4
A_NA	183	2591	G	0	0	2591	34.4
A_NA	184	2472	G	0	0	2472	35.4
A_NA	185	2812	T	0	0	2812	35.2
A_NA	186	2321	A	0	0	2321	37.8
A_NA	187	2689	A	0	0	2689	37.2
A_NA	188	2878	A	0	0	2878	35.4
A_NA	189	2636	T	0	0	2636	35.1
A_NA	190	2754	C	0	0	2754	35.3
A_NA	191	2646	A	0	0	2646	35.3
A_NA	192	2470	G	0	0	2470	37.1
A_NA	193	2507	A	0	0	2507	36.6
A_NA	194	2664	C	0	0	2664	34.1
A_NA	195	2327	G	0	0	2327	35.7
A_NA	196	2302	T	0	0	2302	35.2
A_NA	197	2622	A	0	0	2622	37.6
A_NA	198	2394	T	0	0	2394	34.3
A_NA	199	2535	G	0	0	2535	34.3
A_NA	200	2516	T	0	0	2516	36.1
A_NA	201	2298	C	0	0	2298	37.5
A_NA	202	2374	A	0	0	2374	36.7
A_NA	203	2319	A	0	0	2319	34.9
A_NA	204	2319	C	0	0	2319	37.3
A_NA	205	2204	A	0	0	2204	34.2
A_NA	206	2571	T	0	0	2571	34.4
A_NA	207	2287	C	0	0	2287	35.0
A_NA	208	2335	A	0	0	2335	34.0
A_NA	209	2176	A	0	0	2176	37.1
A_NA	210	2375	C	0	0	2375	34.8
A_NA	211	2260	A	0	0	2260	36.2
A_NA	212	2287	A	0	0	2287	34.2
A_NA	213	2377	T	0	0	2377	35.3
A_NA	214	2233	A	0	0	2233	36.3
A_NA	215	1935	C	0	0	1935	36.9
A_NA	216	2111	C	0	0	2111	36.8
A_NA	217	2378	A	0	0	2378	36.0
A_NA	218	2428	A	0	0	2428	36.5
A_NA	219	2061	T	0	0	2061	36.7
A_NA	220	2027	T	0	0	2027	36.5
A_NA	221	2080	T	0	0	2080	36.5
A_NA	222	2047	T	0	0	2047	38.0
A_NA	223	1964	C	0	0	1964	37.8
A_NA	224	2439	T	0	0	2439	35.6
A_NA	225	1986	T	0	0	1986	36.9
A_NA	226	1948	G	0	0	1948	34.7
A_NA	227	2143	C	0	0	2143	37.4
A_NA	228	2263	T	0	0	2263	37.2
A_NA	229	2086	G	0	0	2086	34.2
A_NA	230	2142	A	0	0	2142	35.9
A_NA	231	2209	G	0	0	2209	35.1
A_NA	232	2012	C	0	0	2012	37.8
A_NA	233	2326	A	0	0	2326	37.2
A_NA	234	2142	G	0	0	2142	34.1
A_NA	235	1961	G	0	0	1961	37.7
A_NA	236	1905	C	0	0	1905	37.1
A_NA	237	1970	T	0	0	1970	37.4
A_NA	238	1997	G	0	0	1997	34.6
A_NA	239	2019	T	0	0	2019	36.5
A_NA	240	2310	T	0	0	2310	37.4
A_NA	241	2226	A	0	0	2226	37.6
A_NA	242	1933	C	0	0	1933	35.9
A_NA	243	1892	T	0	0	1892	34.7
A_NA	244	1850	T	0	0	1850	36.8
A_NA	245	1865	C	0	0	1865	37.7
A_NA	246	2079	G	0	0	2079	34.4
A_NA	247	2077	G	0	0	2077	35.7
A_NA	248	2026	T	0	0	2026	37.0
A_NA	249	2296	A	0	0	2296	37.6
A_NA	250	2098	A	0	0	2098	37.6
A_NA	251	2115	C	0	0	2115	37.6
A_NA	252	2103	A	0	0	2103	34.7
A_NA	253	1817	T	0	0	1817	35.2
A_NA	254	2030	T	0	0	2030	37.8
A_NA	255	1979	A	0	0	1979	36.2
A_NA	256	2080	G	0	0	2080	36.2
A_NA	257	2182	C	0	0	2182	34.5
A_NA	258	1883	G	0	0	1883	36.9
A_NA	259	2228	G	0	0	2228	34.6
A_NA	260	1897	G	0	0	1897	34.8
A_NA	261	2128	C	0	0	2128	35.2
A_NA	262	1819	A	0	0	1819	36.3
A_NA	263	2128	A	0	0	2128	37.3
A_NA	264	1900	T	0	0	1900	36.0
A_NA	265	2056	T	0	0	2056	34.6
A_NA	266	1907	C	0	0	1907	36.1
A_NA	267	1758	A	0	0	1758	35.4
A_NA	268	1938	T	0	0	1938	36.4
A_NA	269	1919	C	0	0	1919	37.1
A_NA	270	2028	T	0	0	2028	35.5
A_NA	271	2170	C	0	0	2170	35.2
A_NA	272	2052	T	0	0	2052	37.4
A_NA	273	1901	T	0	0	1901	37.1
A_NA	274	2158	T	0	0	2158	36.3
A_NA	275	2084	G	0	0	2084	37.9
A_NA	276	1999	C	0	0	1999	36.9
A_NA	277	1978	C	0	0	1978	37.6
A_NA	278	2226	C	0	0	2226	35.8
A_NA	279	1962	T	0	0	1962	34.4
A_NA	280	2140	A	0	0	2140	34.8
A_NA	281	2417	T	0	0	2417	34.9
A_NA	282	2237	T	0	0	2237	36.0
A_NA	283	2363	A	0	0	2363	35.8
A_NA	284	2174	G	0	0	2174	35.5
A_NA	285	1974	T	0	0	1974	35.4
A_NA	286	2044	G	0	0	2044	34.7
A_NA	287	2057	G	0	0	2057	36.8
A_NA	288	2194	G	0	0	2194	34.8
A_NA	289	2382	T	0	0	2382	35.9
A_NA	290	2163	G	0	0	2163	37.4
A_NA	291	2126	G	0	0	2126	37.2
A_NA	292	2205	G	0	0	2205	35.7
A_NA	293	2423	C	0	0	2423	36.7
A_NA	294	1994	T	0	0	1994	34.6
A_NA	295	2335	A	0	0	2335	34.1
A_NA	296	2269	T	0	0	2269	37.0
A_NA	297	1918	A	0	0	1918	34.3
A_NA	298	2265	T	0	0	2265	34.5
A_NA	299	2353	A	0	0	2353	34.4
A_NA	300	2382	C	0	0	2382	35.9
A_NA	301	2410	A	0	0	2410	37.0
A_NA	302	2118	G	0	0	2118	34.9
A_NA	303	2428	T	0	0	2428	36.3
A_NA	304	2310	A	0	0	2310	34.8
A_NA	305	2468	A	0	0	2468	36.6
A_NA	306	2451	G	0	0	2451	34.5
A_NA	307	2405	G	0	0	2405	37.2
A_NA	308	2248	A	0	0	2248	36.0
A_NA	309	2408	C	0	0	2408	34.4
A_NA	310	2533	A	0	0	2533	34.9
A_NA	311	2280	A	0	0	2280	35.5
A_NA	312	2664	C	0	0	2664	37.6
A_NA	313	2439	G	0	0	2439	37.8
A_NA	314	2335	G	0	0	2335	34.0
A_NA	315	2203	T	0	0	2203	35.2
A_NA	316	2383	A	0	0	2383	35.0
A_NA	317	2467	T	0	0	2467	36.6
A_NA	318	2509	A	0	0	2509	36.4
A_NA	319	2222	A	0	0	2222	37.5
A_NA	320	2500	G	0	0	2500	37.2
A_NA	321	2434	A	0	0	2434	36.4
A_NA	322	2651	A	0	0	2651	34.5
A_NA	323	2397	T	0	0	2397	35.8
A_NA	324	2397	T	0	0	2397	35.0
A_NA	325	2141	G	0	0	2141	35.1
A_NA	326	2064	G	0	0	2064	35.7
A_NA	327	2447	G	0	0	2447	37.8
A_NA	328	2309	T	0	0	2309	36.0
A_NA	329	2381	C	0	0	2381	37.5
A_NA	330	2426	C	0	0	2426	35.7
A_NA	331	2262	A	0	0	2262	35.3
A_NA	332	2488	A	0	0	2488	37.7
A_NA	333	2377	G	0	0	2377	34.7
A_NA	334	2320	G	0	0	2320	36.8
A_NA	335	2540	G	0	0	2540	35.3
A_NA	336	2469	G	0	0	2469	35.1
A_NA	337	2469	G	0	0	2469	35.4
A_NA	338	2297	A	0	0	2297	37.0
A_NA	339	2426	T	0	0	2426	37.8
A_NA	340	2304	G	0	0	2304	35.8
A_NA	341	2631	T	0	0	2631	36.2
A_NA	342	2290	G	0	0	2290	34.9
A_NA	343	2278	T	0	0	2278	36.9
A_NA	344	2613	T	0	0	2613	37.5
A_NA	345	2444	T	0	0	2444	37.9
A_NA	346	2180	G	0	0	2180	36.9
A_NA	347	2244	T	0	0	2244	36.9
A_NA	348	2299	T	0	0	2299	37.9
A_NA	349	2343	A	0	0	2343	34.5
A_NA	350	2180	T	0	0	2180	37.1
A_NA	351	2325	A	0	0	2325	35.7
A_NA	352	2509	A	0	0	2509	35.1
A_NA	353	2349	G	0	0	2349	35.1
A_NA	354	2346	G	0	0	2346	37.7
A_NA	355	2302	G	0	0	2302	34.4
A_NA	356	2084	A	0	0	2084	36.7
A_NA	357	2237	A	0	0	2237	35.2
A_NA	358	2136	C	0	0	2136	34.7
A_NA	359	2244	C	0	0	2244	35.7
A_NA	360	2191	G	0	0	2191	37.4
A_NA	361	2156	T	0	0	2156	34.0
A_NA	362	2116	T	0	0	2116	35.9
A_NA	363	2374	C	0	0	2374	37.5
A_NA	364	2390	A	0	0	2390	34.9
A_NA	365	2395	T	0	0	2395	36.8
A_NA	366	2170	C	0	0	2170	37.5
A_NA	367	2045	T	0	0	2045	35.6
A_NA	368	2290	C	0	0	2290	35.0
A_NA	369	2336	A	0	0	2336	34.7
A_NA	370	2087	T	0	0	2087	35.7
A_NA	371	2611	G	0	0	2611	34.1
A_NA	372	2268	C	0	0	2268	35.2
A_NA	373	2330	T	0	0	2330	36.0
A_NA	374	1995	C	0	0	1995	35.1
A_NA	375	2290	C	0	0	2290	36.0
A_NA	376	2172	C	0	0	2172	35.7
A_NA	377	2297	A	0	0	2297	37.1
A_NA	378	2232	C	0	0	2232	36.1
A_NA	379	2116	T	0	0	2116	36.4
A_NA	380	2229	T	0	0	2229	35.4
A_NA	381	1946	G	0	0	1946	36.0
A_NA	382	2225	G	0	0	2225	34.7
A_NA	383	2133	A	0	0	2133	35.9
A_NA	384	1937	A	0	0	1937	35.2
A_NA	385	2100	T	0	0	2100	36.6
A_NA	386	2368	G	0	0	2368	35.7
A_NA	387	2073	C	0	0	2073	34.4
A_NA	388	2124	A	0	0	2124	34.6
A_NA	389	2185	G	0	0	2185	35.8
A_NA	390	1885	A	0	0	1885	36.3
A_NA	391	2236	A	0	0	2236	34.9
A_NA	392	1953	C	0	0	1953	36.1
A_NA	393	2176	C	0	0	2176	34.5
A_NA	394	2138	T	0	0	2138	35.7
A_NA	395	1997	T	0	0	1997	35.6
A_NA	396	1936	T	0	0	1936	34.5
A_NA	397	1975	T	0	0	1975	36.4
A_NA	398	1929	T	0	0	1929	35.6
A_NA	399	2067	T	0	0	2067	34.1
A_NA	400	2014	C	0	0	2014	35.2
A_NA	401	2157	T	0	0	2157	37.8
A_NA	402	2058	G	0	0	2058	35.9
A_NA	403	2096	A	0	0	2096	37.4
A_NA	404	2156	C	0	0	2156	34.3
A_NA	405	2014	C	0	0	2014	34.2
A_NA	406	2078	C	0	0	2078	34.2
A_NA	407	1966	A	0	0	1966	34.2
A_NA	408	2023	G	0	0	2023	34.7
A_NA	409	1800	G	0	0	1800	37.5
A_NA	410	2007	G	0	0	2007	36.1
A_NA	411	2139	A	0	0	2139	34.8
A_NA	412	2026	G	0	0	2026	37.5
A_NA	413	1990	C	0	0	1990	37.6
A_NA	414	2172	T	0	0	2172	36.8
A_NA	415	2169	C	0	0	2169	34.3
A_NA	416	2063	T	0	0	2063	34.5
A_NA	417	2078	G	0	0	2078	34.6
A_NA	418	1995	C	0	0	1995	36.3
A_NA	419	2112	T	0	0	2112	36.0
A_NA	420	2064	G	0	0	2064	36.3
A_NA	421	1932	A	0	0	1932	37.1
A_NA	422	2109	A	0	0	2109	37.7
A_NA	423	1976	T	0	0	1976	36.9
A_NA	424	2059	G	0	0	2059	35.6
A_NA	425	1981	A	0	0	1981	34.2
A_NA	426	1937	C	0	0	1937	35.7
A_NA	427	2239	A	0	0	2239	36.2
A_NA	428	2330	A	0	0	2330	36.3
A_NA	429	2009	A	0	0	2009	37.1
A_NA	430	2024	C	0	0	2024	36.7
A_NA	431	2057	A	0	0	2057	36.3
A_NA	432	2141	T	0	0	2141	36.7
A_NA	433	1969	T	0	0	1969	35.2
A_NA	434	2186	C	0	0	2186	38.0
A_NA	435	2170	T	0	0	2170	35.5
A_NA	436	2311	A	0	0	2311	34.6
A_NA	437	2110	A	0	0	2110	36.7
A_NA	438	2365	T	0	0	2365	35.7
A_NA	439	2243	G	0	0	2243	36.6
A_NA	440	2200	G	0	0	2200	35.9
A_NA	441	2330	G	0	0	2330	35.7
A_NA	442	2245	A	0	0	2245	34.9
A_NA	443	1975	C	0	0	1975	35.5
A_NA	444	2287	C	0	0	2287	36.0
A_NA	445	2641	G	0	0	2641	37.7
A_NA	446	1926	T	0	0	1926	37.5
A_NA	447	2137	T	0	0	2137	34.3
A_NA	448	2349	A	0	0	2349	35.5
A_NA	449	2177	A	0	0	2177	37.4
A_NA	450	2415	G	0	0	2415	35.2
A_NA	451	2306	G	0	0	2306	36.7
A_NA	452	2269	A	0	0	2269	36.9
A_NA	453	2409	T	0	0	2409	35.3
A_NA	454	2347	A	0	0	2347	37.0
A_NA	455	2316	G	0	0	2316	36.7
A_NA	456	2323	A	0	0	2323	37.5
A_NA	457	2282	A	0	0	2282	34.3
A_NA	458	2236	G	0	0	2236	36.2
A_NA	459	2927	C	0	0	2927	35.8
A_NA	460	2548	C	0	0	2548	37.6
A_NA	461	2462	C	0	0	2462	37.0
A_NA	462	2603	C	0	0	2603	35.8
A_NA	463	2773	T	0	0	2773	35.8
A_NA	464	2556	A	0	0	2556	36.1
A_NA	465	2354	T	0	0	2354	37.5
A_NA	466	2342	A	0	0	2342	37.5
A_NA	467	2463	G	0	0	2463	34.1
A_NA	468	2630	A	0	0	2630	35.7
A_NA	469	2420	A	0	0	2420	35.5
A_NA	470	2731	C	0	0	2731	36.9
A_NA	471	2626	T	0	0	2626	35.9
A_NA	472	2657	T	0	0	2657	36.1
A_NA	473	3006	T	0	0	3006	35.7
A_NA	474	2733	G	0	0	2733	37.9
A_NA	475	2383	A	0	0	2383	34.4
A_NA	476	2437	T	0	0	2437	34.9
A_NA	477	2490	G	0	0	2490	37.3
A_NA	478	2959	A	0	0	2959	35.0
A_NA	479	2580	G	0	0	2580	37.1
A_NA	480	2552	T	0	0	2552	35.0
A_NA	481	2685	T	0	0	2685	36.2
A_NA	482	2466	G	0	0	2466	35.4
A_NA	483	2871	T	0	0	2871	34.3
A_NA	484	2657	C	0	0	2657	34.6
A_NA	485	3101	C	0	0	3101	35.1
A_NA	486	3068	C	0	0	3068	37.4
A_NA	487	2933	G	0	0	2933	35.4
A_NA	488	3002	T	0	0	3002	34.0
A_NA	489	2757	G	0	0	2757	34.7
A_NA	490	3009	G	0	0	3009	34.2
A_NA	491	2911	G	0	0	2911	37.3
A_NA	492	3018	T	0	0	3018	35.1
A_NA	493	2715	G	0	0	2715	34.0
A_NA	494	3016	A	0	0	3016	36.3
A_NA	495	3778	G	0	0	3778	36.8
A_NA	496	2966	G	0	0	2966	36.7
A_NA	497	2954	C	0	0	2954	35.0
A_NA	498	3051	T	0	0	3051	34.2
A_NA	499	3118	C	0	0	3118	34.7
A_NA	500	2892	C	0	0	2892	36.2
A_NA	501	3302	T	0	0	3302	37.7
A_NA	502	3454	T	0	0	3454	34.4
A_NA	503	3181	C	0	0	3181	34.1
A_NA	504	3149	C	0	0	3149	34.0
A_NA	505	2991	C	0	0	2991	35.4
A_NA	506	3086	C	0	0	3086	34.1
A_NA	507	3344	G	0	0	3344	34.4
A_NA	508	3229	T	0	0	3229	34.2
A_NA	509	3356	A	0	0	3356	37.9
A_NA	510	3381	C	0	0	3381	37.2
A_NA	511	3314	A	0	0	3314	36.3
A_NA	512	3318	A	0	0	3318	36.2
A_NA	513	3533	T	0	0	3533	37.8
A_NA	514	3427	T	0	0	3427	37.6
A_NA	515	3432	C	0	0	3432	37.8
A_NA	516	3334	A	0	0	3334	34.6
A_NA	517	3375	A	0	0	3375	35.1
A_NA	518	3387	G	0	0	3387	35.2
A_NA	519	3694	A	0	0	3694	36.0
A_NA	520	3406	T	0	0	3406	35.9
A_NA	521	3595	T	0	0	3595	36.9
A_NA	522	3710	T	0	0	3710	37.4
A_NA	523	3377	G	0	0	3377	37.8
A_NA	524	3240	A	0	0	3240	36.6
A_NA	525	3776	G	0	0	3776	37.6
A_NA	526	3119	T	0	0	3119	34.3
A_NA	527	3304	C	0	0	3304	36.2
A_NA	528	3624	T	0	0	3624	37.1
A_NA	529	3064	G	0	0	3064	37.8
A_NA	530	3561	T	0	0	3561	35.9
A_NA	531	3402	T	0	0	3402	37.7
A_NA	532	3563	G	0	0	3563	34.6
A_NA	533	3688	C	0	0	3688	37.4
A_NA	534	3581	T	0	0	3581	36.2
A_NA	535	3388	T	0	0	3388	34.5
A_NA	536	3309	G	0	0	3309	37.9
A_NA	537	3407	G	0	0	3407	37.4
A_NA	538	4126	T	0	0	4126	36.6
A_NA	539	3601	C	0	0	3601	34.8
A_NA	540	3520	G	0	0	3520	34.7
A_NA	541	3617	G	0	0	3617	37.8
A_NA	542	3170	C	0	0	3170	37.5
A_NA	543	3786	A	0	0	3786	34.1
A_NA	544	3162	A	0	0	3162	36.3
A_NA	545	3252	G	0	0	3252	37.8
A_NA	546	3453	T	0	0	3453	35.1
A_NA	547	3341	G	0	0	3341	35.1
A_NA	548	3443	C	0	0	3443	37.8
A_NA	549	3555	T	0	0	3555	37.3
A_NA	550	3329	T	0	0	3329	38.0
A_NA	551	3535	G	0	0	3535	35.7
A_NA	552	3694	T	0	0	3694	37.8
A_NA	553	3132	C	0	0	3132	37.0
A_NA	554	3219	A	0	0	3219	36.2
A_NA	555	3198	T	0	0	3198	35.0
A_NA	556	3337	G	0	0	3337	34.1
A_NA	557	3703	A	0	0	3703	35.7
A_NA	558	3582	T	0	0	3582	36.1
A_NA	559	3172	G	0	0	3172	34.6
A_NA	560	3368	G	0	0	3368	35.5
A_NA	561	3414	C	0	0	3414	37.0
A_NA	562	3447	A	0	0	3447	36.3
A_NA	563	3243	T	0	0	3243	36.6
A_NA	564	3044	C	0	0	3044	36.9
A_NA	565	3585	A	0	0	3585	36.6
A_NA	566	3483	G	0	0	3483	35.6
A_NA	567	3493	T	0	0	3493	34.4
A_NA	568	3520	T	0	0	3520	36.1
A_NA	569	3340	G	0	0	3340	35.9
A_NA	570	3559	G	0	0	3559	37.6
A_NA	571	3410	T	0	0	3410	35.9
A_NA	572	3256	T	0	0	3256	36.9
A_NA	573	3499	G	0	0	3499	36.5
A_NA	574	3184	A	0	0	3184	37.1
A_NA	575	3083	C	0	0	3083	37.2
A_NA	576	2880	A	0	0	2880	35.6
A_NA	577	3338	A	0	0	3338	36.2
A_NA	578	3044	T	0	0	3044	34.7
A_NA	579	3411	C	0	0	3411	35.8
A_NA	580	3340	G	0	0	3340	35.7
A_NA	581	3425	G	0	0	3425	34.5
A_NA	582	3202	T	0	0	3202	35.9
A_NA	583	3167	A	0	0	3167	36.1
A_NA	584	3065	T	0	0	3065	35.9
A_NA	585	2821	T	0	0	2821	37.6
A_NA	586	2819	T	0	0	2819	35.6
A_NA	587	2923	C	0	0	2923	35.9
A_NA	588	2803	T	0	0	2803	35.8
A_NA	589	3063	G	0	0	3063	34.7
A_NA	590	2987	G	0	0	2987	37.2
A_NA	591	2941	T	0	0	2941	35.2
A_NA	592	3064	C	0	0	3064	34.6
A_NA	593	2919	C	0	0	2919	34.5
A_NA	594	2860	A	0	0	2860	35.8
A_NA	595	3343	G	0	0	3343	35.4
A_NA	596	3003	A	0	0	3003	37.8
A_NA	597	3080	C	0	0	3080	36.2
A_NA	598	3095	A	0	0	3095	37.0
A_NA	599	2721	A	0	0	2721	35.7
A_NA	600	2875	T	0	0	2875	35.2
A_NA	601	2838	G	0	0	2838	37.5
A_NA	602	3129	G	0	0	3129	34.5
A_NA	603	2752	A	0	0	2752	34.0
A_NA	604	2838	G	0	0	2838	34.2
A_NA	605	2716	C	0	0	2716	37.3
A_NA	606	2834	T	0	0	2834	35.4
A_NA	607	2972	G	0	0	2972	35.1
A_NA	608	2660	T	0	0	2660	37.6
A_NA	609	2851	G	0	0	2851	37.2
A_NA	610	2588	G	0	0	2588	36.2
A_NA	611	3196	C	0	0	3196	35.6
A_NA	612	2498	T	0	0	2498	35.1
A_NA	613	2808	G	0	0	2808	34.5
A_NA	614	3087	T	0	0	3087	36.3
A_NA	615	2719	A	0	0	2719	35.6
A_NA	616	2446	T	0	0	2446	37.1
A_NA	617	2794	T	0	0	2794	37.7
A_NA	618	2606	G	0	0	2606	34.8
A_NA	619	2737	A	0	0	2737	34.6
A_NA	620	2763	A	0	0	2763	34.6
A_NA	621	3042	G	0	0	3042	35.8
A_NA	622	2679	T	0	0	2679	37.4
A_NA	623	2734	A	0	0	2734	37.7
A_NA	624	2537	C	0	0	2537	36.1
A_NA	625	2600	A	0	0	2600	36.5
A_NA	626	2935	A	0	0	2935	37.2
A_NA	627	2600	T	0	0	2600	34.2
A_NA	628	2707	G	0	0	2707	35.4
A_NA	629	2612	G	0	0	2612	35.8
A_NA	630	2471	C	0	0	2471	36.5
A_NA	631	2450	A	0	0	2450	34.6
A_NA	632	2614	T	0	0	2614	35.4
A_NA	633	2425	A	0	0	2425	37.1
A_NA	634	2571	A	0	0	2571	34.7
A_NA	635	2420	T	0	0	2420	37.0
A_NA	636	2636	A	0	0	2636	34.1
A_NA	637	2653	A	0	0	2653	34.7
A_NA	638	2579	C	0	0	2579	35.5
A_NA	639	2743	G	0	0	2743	36.3
A_NA	640	2784	G	0	0	2784	36.7
A_NA	641	2542	A	0	0	2542	34.4
A_NA	642	2413	T	0	0	2413	35.7
A_NA	643	2437	A	0	0	2437	37.9
A_NA	644	2477	C	0	0	2477	37.8
A_NA	645	2426	T	0	0	2426	35.6
A_NA	646	2608	A	0	0	2608	37.7
A_NA	647	2631	T	0	0	2631	37.5
A_NA	648	2648	C	0	0	2648	37.6
A_NA	649	2506	A	0	0	2506	37.7
A_NA	650	2551	A	0	0	2551	37.2
A_NA	651	2452	G	0	0	2452	35.2
A_NA	652	2524	A	0	0	2524	35.6
A_NA	653	2468	G	0	0	2468	34.5
A_NA	654	2719	T	0	0	2719	34.8
A_NA	655	2472	T	0	0	2472	35.0
A_NA	656	2429	G	0	0	2429	37.5
A_NA	657	2503	G	0	0	2503	34.9
A_NA	658	2319	A	0	0	2319	34.9
A_NA	659	2743	G	0	0	2743	35.2
A_NA	660	2686	A	0	0	2686	35.1
A_NA	661	2424	A	0	0	2424	36.1
A_NA	662	2401	A	0	0	2401	36.5
A_NA	663	2556	C	0	0	2556	35.4
A_NA	664	2588	A	0	0	2588	35.0
A_NA	665	2287	A	0	0	2287	35.8
A_NA	666	2580	C	0	0	2580	34.4
A_NA	667	2509	A	0	0	2509	36.9
A_NA	668	2596	T	0	0	2596	35.3
A_NA	669	2506	T	0	0	2506	37.0
A_NA	670	2715	T	0	0	2715	37.7
A_NA	671	2521	T	0	0	2521	34.7
A_NA	672	2279	G	0	0	2279	34.7
A_NA	673	2325	A	0	0	2325	36.4
A_NA	674	2589	G	0	0	2589	36.8
A_NA	675	2267	A	0	0	2267	35.4
A_NA	676	2670	A	0	0	2670	36.0
A_NA	677	2428	C	0	0	2428	34.9
A_NA	678	2586	T	0	0	2586	34.7
A_NA	679	2680	C	0	0	2680	37.4
A_NA	680	2250	A	0	0	2250	35.9
A_NA	681	2392	A	0	0	2392	37.1
A_NA	682	2569	G	0	0	2569	36.9
A_NA	683	2205	A	0	0	2205	34.4
A_NA	684	2563	A	0	0	2563	36.9
A_NA	685	2522	T	0	0	2522	37.1
A_NA	686	2557	C	0	0	2557	37.2
A_NA	687	2727	T	0	0	2727	34.2
A_NA	688	2538	G	0	0	2538	35.6
A_NA	689	2655	A	0	0	2655	34.2
A_NA	690	2536	A	0	0	2536	34.4
A_NA	691	2469	T	0	0	2469	37.8
A_NA	692	2529	G	0	0	2529	34.3
A_NA	693	2463	T	0	0	2463	37.2
A_NA	694	2483	G	0	0	2483	34.3
A_NA	695	2592	C	0	0	2592	36.7
A_NA	696	2590	G	0	0	2590	35.2
A_NA	697	2567	T	0	0	2567	36.5
A_NA	698	2620	G	0	0	2620	36.7
A_NA	699	2712	C	0	0	2712	34.9
A_NA	700	2962	G	0	0	2962	34.8
A_NA	701	2917	T	0	0	2917	36.9
A_NA	702	2423	A	0	0	2423	35.7
A_NA	703	2657	A	0	0	2657	36.9
A_NA	704	2808	A	0	0	2808	36.8
A_NA	705	2595	T	0	0	2595	36.2
A_NA	706	2639	G	0	0	2639	35.6
A_NA	707	2563	G	0	0	2563	37.0
A_NA	708	2643	C	0	0	2643	37.5
A_NA	709	2801	T	0	0	2801	35.8
A_NA	710	2458	C	0	0	2458	35.3
A_NA	711	2653	T	0	0	2653	35.2
A_NA	712	2655	T	0	0	2655	36.3
A_NA	713	2440	G	0	0	2440	36.4
A_NA	714	2466	C	0	0	2466	37.3
A_NA	715	2553	T	0	0	2553	37.8
A_NA	716	2496	T	0	0	2496	34.2
A_NA	717	2768	C	0	0	2768	36.2
A_NA	718	2843	A	0	0	2843	34.5
A_NA	719	2550	C	0	0	2550	37.2
A_NA	720	2487	T	0	0	2487	36.4
A_NA	721	2688	G	0	0	2688	34.7
A_NA	722	2574	T	0	0	2574	37.6
A_NA	723	2363	A	0	0	2363	36.2
A_NA	724	2666	A	0	0	2666	36.8
A_NA	725	2492	T	0	0	2492	37.3
A_NA	726	2772	G	0	0	2772	34.6
A_NA	727	2894	A	0	0	2894	37.2
A_NA	728	2507	C	0	0	2507	36.7
A_NA	729	2523	T	0	0	2523	37.0
A_NA	730	2250	G	0	0	2250	36.2
A_NA	731	2667	A	0	0	2667	35.5
A_NA	732	2636	T	0	0	2636	37.7
A_NA	733	2592	G	0	0	2592	34.1
A_NA	734	2541	G	0	0	2541	36.7
A_NA	735	2730	A	0	0	2730	37.5
A_NA	736	2354	C	0	0	2354	34.6
A_NA	737	2348	C	0	0	2348	36.9
A_NA	738	2555	A	0	0	2555	36.3
A_NA	739	2152	A	0	0	2152	34.5
A_NA	740	2613	G	0	0	2613	37.2
A_NA	741	2849	C	0	0	2849	35.7
A_NA	742	2570	A	0	0	2570	36.0
A_NA	743	2546	A	0	0	2546	36.7
A_NA	744	2793	T	0	0	2793	36.1
A_NA	745	2585	G	0	0	2585	36.5
A_NA	746	2793	G	0	0	2793	36.1
A_NA	747	2469	G	0	0	2469	35.5
A_NA	748	2973	C	0	0	2973	34.5
A_NA	749	2480	A	0	0	2480	36.6
A_NA	750	2455	G	0	0	2455	36.7
A_NA	751	2727	G	0	0	2727	36.4
A_NA	752	2441	C	0	0	2441	36.0
A_NA	753	2726	C	0	0	2726	34.8
A_NA	754	2617	T	0	0	2617	36.2
A_NA	755	2283	C	0	0	2283	37.6
A_NA	756	2436	A	0	0	2436	34.4
A_NA	757	2446	T	0	0	2446	36.2
A_NA	758	2391	A	0	0	2391	37.6
A_NA	759	2300	T	0	0	2300	34.6
A_NA	760	2230	A	0	0	2230	36.8
A_NA	761	2376	A	0	0	2376	36.0
A_NA	762	2292	A	0	0	2292	37.4
A_NA	763	2384	A	0	0	2384	35.9
A_NA	764	2362	T	0	0	2362	36.9
A_NA	765	2122	C	0	0	2122	35.8
A_NA	766	2218	T	0	0	2218	34.9
A_NA	767	2175	T	0	0	2175	37.3
A_NA	768	2252	C	0	0	2252	37.2
A_NA	769	2194	A	0	0	2194	34.8
A_NA	770	2069	A	0	0	2069	34.8
A_NA	771	2221	G	0	0	2221	36.8
A_NA	772	2282	A	0	0	2282	35.3
A_NA	773	2051	T	0	0	2051	37.7
A_NA	774	2199	A	0	0	2199	34.8
A_NA	775	1926	G	0	0	1926	35.8
A_NA	776	2212	A	0	0	2212	36.4
A_NA	777	2141	G	0	0	2141	36.0
A_NA	778	2158	A	0	0	2158	35.0
A_NA	779	1847	A	0	0	1847	34.6
A_NA	780	1993	A	0	0	1993	34.1
A_NA	781	2236	G	0	0	2236	37.5
A_NA	782	2107	G	0	0	2107	37.2
A_NA	783	1932	G	0	0	1932	35.3
A_NA	784	1952	A	0	0	1952	37.0
A_NA	785	2089	A	0	0	2089	34.4
A_NA	786	2027	A	0	0	2027	36.2
A_NA	787	1935	G	0	0	1935	35.2
A_NA	788	1870	T	0	0	1870	37.7
A_NA	789	1936	A	0	0	1936	37.6
A_NA	790	2052	G	0	0	2052	34.5
A_NA	791	1903	T	0	0	1903	37.6
A_NA	792	1954	C	0	0	1954	35.9
A_NA	793	1991	A	0	0	1991	38.0
A_NA	794	1673	A	0	0	1673	36.0
A_NA	795	1852	A	0	0	1852	37.2
A_NA	796	1766	T	0	0	1766	35.2
A_NA	797	1797	C	0	0	1797	36.8
A_NA	798	1955	A	0	0	1955	34.8
A_NA	799	1871	G	0	0	1871	36.9
A_NA	800	1953	T	0	0	1953	37.1
A_NA	801	1911	T	0	0	1911	36.0
A_NA	802	1715	G	0	0	1715	35.9
A_NA	803	1996	A	0	0	1996	37.3
A_NA	804	1847	A	0	0	1847	37.7
A_NA	805	1744	T	0	0	1744	38.0
A_NA	806	1598	T	0	0	1598	35.0
A_NA	807	1907	G	0	0	1907	36.7
A_NA	808	1899	A	0	0	1899	35.6
A_NA	809	1791	A	0	0	1791	36.9
A_NA	810	1687	T	0	0	1687	34.2
A_NA	811	1942	G	0	0	1942	36.4
A_NA	812	1770	C	0	0	1770	34.0
A_NA	813	1745	C	0	0	1745	36.0
A_NA	814	1615	C	0	0	1615	36.6
A_NA	815	1614	C	0	0	1614	36.2
A_NA	816	1768	T	0	0	1768	36.7
A_NA	817	1654	A	0	0	1654	37.6
A_NA	818	1716	A	0	0	1716	34.6
A_NA	819	1773	T	0	0	1773	34.2
A_NA	820	1774	T	0	0	1774	37.5
A_NA	821	1742	A	0	0	1742	34.7
A_NA	822	1673	C	0	0	1673	34.4
A_NA	823	1736	C	0	0	1736	35.0
A_NA	824	1730	A	0	0	1730	36.8
A_NA	825	1627	C	0	0	1627	34.2
A_NA	826	1744	T	0	0	1744	35.2
A_NA	827	1780	A	0	0	1780	36.5
A_NA	828	1849	C	0	0	1849	37.3
A_NA	829	1592	G	0	0	1592	34.2
A_NA	830	1681	A	0	0	1681	34.1
A_NA	831	1481	G	0	0	1481	34.7
A_NA	832	1775	G	0	0	1775	34.0
A_NA	833	1580	A	0	0	1580	35.1
A_NA	834	1672	A	0	0	1672	35.8
A_NA	835	1980	T	0	0	1980	36.1
A_NA	836	1824	G	0	0	1824	34.3
A_NA	837	1701	C	0	0	1701	37.1
A_NA	838	1727	T	0	0	1727	37.4
A_NA	839	1865	C	0	0	1865	35.8
A_NA	840	1843	C	0	0	1843	37.8
A_NA	841	1603	T	0	0	1603	34.7
A_NA	842	1654	G	0	0	1654	36.4
A_NA	843	1622	T	0	0	1622	34.7
A_NA	844	1872	T	0	0	1872	36.9
A_NA	845	1955	A	0	0	1955	36.2
A_NA	846	1885	C	0	0	1885	34.2
A_NA	847	1795	C	0	0	1795	36.4
A_NA	848	1895	C	0	0	1895	37.5
A_NA	849	1662	T	0	0	1662	34.2
A_NA	850	1656	G	0	0	1656	35.2
A_NA	851	1876	A	0	0	1876	35.0
A_NA	852	1715	T	0	0	1715	37.1
A_NA	853	1892	G	0	0	1892	34.1
A_NA	854	1934	C	0	0	1934	36.7
A_NA	855	1921	G	0	0	1921	37.2
A_NA	856	1882	G	0	0	1882	36.5
A_NA	857	2014	G	0	0	2014	34.7
A_NA	858	1993	T	0	0	1993	34.6
A_NA	859	1699	G	0	0	1699	34.6
A_NA	860	1924	A	0	0	1924	35.0
A_NA	861	1916	G	0	0	1916	36.0
A_NA	862	2068	A	0	0	2068	34.9
A_NA	863	1966	T	0	0	1966	36.2
A_NA	864	1827	T	0	0	1827	35.5
A_NA	865	1936	A	0	0	1936	37.0
A_NA	866	2068	T	0	0	2068	35.7
A_NA	867	2148	G	0	0	2148	34.3
A_NA	868	2064	T	0	0	2064	35.5
A_NA	869	2114	G	0	0	2114	37.9
A_NA	870	2016	T	0	0	2016	36.9
A_NA	871	2077	G	0	0	2077	34.9
A_NA	872	2189	T	0	0	2189	37.6
A_NA	873	2210	G	0	0	2210	37.1
A_NA	874	2223	T	0	0	2223	34.6
A_NA	875	2069	G	0	0	2069	34.3
A_NA	876	2187	C	0	0	2187	36.9
A_NA	877	2456	A	0	0	2456	34.9
A_NA	878	2375	G	0	0	2375	34.4
A_NA	879	1991	G	0	0	1991	35.4
A_NA	880	1990	G	0	0	1990	34.8
A_NA	881	2233	A	0	0	2233	36.8
A_NA	882	2283	C	0	0	2283	34.3
A_NA	883	2241	A	0	0	2241	35.0
A_NA	884	2428	A	0	0	2428	35.7
A_NA	885	2303	T	0	0	2303	35.0
A_NA	886	2493	T	0	0	2493	37.0
A_NA	887	2752	G	0	0	2752	36.0
A_NA	888	2433	G	0	0	2433	36.5
A_NA	889	2383	C	0	0	2383	37.1
A_NA	890	2516	A	0	0	2516	36.7
A_NA	891	2542	T	0	0	2542	35.4
A_NA	892	2260	G	0	0	2260	37.4
A_NA	893	2394	G	0	0	2394	35.5
A_NA	894	2368	C	0	0	2368	37.7
A_NA	895	2478	T	0	0	2478	36.6
A_NA	896	2970	C	0	0	2970	36.8
A_NA	897	2626	A	0	0	2626	35.8
A_NA	898	2769	A	0	0	2769	36.5
A_NA	899	2553	A	0	0	2553	37.3
A_NA	900	2884	C	0	0	2884	35.4
A_NA	901	2421	C	0	0	2421	37.8
A_NA	902	2635	G	0	0	2635	34.9
A_NA	903	2700	G	0	0	2700	37.3
A_NA	904	2650	C	0	0	2650	34.7
A_NA	905	2867	C	0	0	2867	36.4
A_NA	906	2533	G	0	0	2533	35.2
A_NA	907	2875	T	0	0	2875	36.2
A_NA	908	2676	G	0	0	2676	34.3
A_NA	909	2840	G	0	0	2840	34.4
A_NA	910	2884	G	0	0	2884	37.1
A_NA	911	2787	T	0	0	2787	34.7
A_NA	912	2770	A	0	0	2770	35.0
A_NA	913	2891	T	0	0	2891	36.2
A_NA	914	2980	C	0	0	2980	34.2
A_NA	915	3099	T	0	0	3099	35.4
A_NA	916	2777	T	0	0	2777	35.8
A_NA	917	3090	T	0	0	3090	36.0
A_NA	918	2980	T	0	0	2980	35.9
A_NA	919	2917	A	0	0	2917	37.1
A_NA	920	2870	A	0	0	2870	35.3
A_NA	921	2441	T	0	0	2441	34.9
A_NA	922	3407	C	0	0	3407	34.3
A_NA	923	2936	A	0	0	2936	35.6
A_NA	924	2720	A	0	0	2720	35.2
A_NA	925	2827	A	0	0	2827	37.5
A_NA	926	3085	A	0	0	3085	37.4
A_NA	927	3241	T	0	0	3241	36.6
A_NA	928	3231	C	0	0	3231	35.0
A_NA	929	3299	T	0	0	3299	36.7
A_NA	930	3010	G	0	0	3010	35.8
A_NA	931	3289	G	0	0	3289	35.1
A_NA	932	2901	A	0	0	2901	34.5
A_NA	933	2959	G	0	0	2959	36.9
A_NA	934	3166	T	0	0	3166	38.0
A_NA	935	3176	A	0	0	3176	35.0
A_NA	936	3004	T	0	0	3004	36.0
A_NA	937	3003	C	0	0	3003	37.4
A_NA	938	3444	A	0	0	3444	36.8
A_NA	939	3066	A	0	0	3066	37.9
A_NA	940	3603	A	0	0	3603	37.2
A_NA	941	2977	T	0	0	2977	36.2
A_NA	942	3067	A	0	0	3067	36.2
A_NA	943	2981	G	0	0	2981	37.5
A_NA	944	2874	G	0	0	2874	34.5
A_NA	945	2866	A	0	0	2866	36.0
A_NA	946	3330	T	0	0	3330	37.5
A_NA	947	3195	A	0	0	3195	35.8
A_NA	948	3512	T	0	0	3512	34.6
A_NA	949	2858	A	0	0	2858	36.9
A_NA	950	3300	T	0	0	3300	37.1
A_NA	951	2874	A	0	0	2874	34.7
A_NA	952	2998	T	0	0	2998	35.0
A_NA	953	3366	G	0	0	3366	35.5
A_NA	954	3230	C	0	0	3230	37.7
A_NA	955	3069	A	0	0	3069	37.8
A_NA	956	3289	G	0	0	3289	37.1
A_NA	957	3352	T	0	0	3352	35.3
A_NA	958	3052	G	0	0	3052	34.6
A_NA	959	3199	G	0	0	3199	34.6
A_NA	960	3034	G	0	0	3034	34.5
A_NA	961	3017	G	0	0	3017	34.7
A_NA	962	3551	T	0	0	3551	35.2
A_NA	963	3065	T	0	0	3065	34.8
A_NA	964	3284	T	0	0	3284	36.1
A_NA	965	3343	T	0	0	3343	35.3
A_NA	966	3052	C	0	0	3052	37.4
A_NA	967	3293	G	0	0	3293	35.3
A_NA	968	3200	G	0	0	3200	36.9
A_NA	969	2955	A	0	0	2955	35.3
A_NA	970	2852	G	0	0	2852	34.7
A_NA	971	3331	A	0	0	3331	36.2
A_NA	972	2974	C	0	0	2974	36.1
A_NA	973	3525	A	0	0	3525	34.7
A_NA	974	3012	A	0	0	3012	35.3
A_NA	975	3244	C	0	0	3244	36.0
A_NA	976	2912	C	0	0	2912	37.8
A_NA	977	2960	C	0	0	2960	34.4
A_NA	978	2754	C	0	0	2754	34.2
A_NA	979	3309	C	0	0	3309	35.7
A_NA	980	3084	G	0	0	3084	35.8
A_NA	981	3021	C	0	0	3021	34.6
A_NA	982	3454	C	0	0	3454	34.1
A_NA	983	2873	C	0	0	2873	37.6
A_NA	984	3012	C	0	0	3012	34.4
A_NA	985	3258	A	0	0	3258	37.7
A_NA	986	3360	A	0	0	3360	34.6
A_NA	987	2984	T	0	0	2984	35.7
A_NA	988	2851	G	0	0	2851	34.7
A_NA	989	3184	A	0	0	3184	37.2
A_NA	990	2922	T	0	0	2922	37.5
A_NA	991	2928	G	0	0	2928	34.3
A_NA	992	2800	G	0	0	2800	34.6
A_NA	993	2929	A	0	0	2929	36.0
A_NA	994	2905	A	0	0	2905	34.9
A_NA	995	2899	C	0	0	2899	36.5
A_NA	996	3046	A	0	0	3046	34.4
A_NA	997	2944	G	0	0	2944	35.5
A_NA	998	3140	G	0	0	3140	35.3
A_NA	999	3015	C	0	0	3015	36.4
A_NA	1000	3269	A	0	0	3269	36.9
A_NA	1001	3123	G	0	0	3123	36.4
A_NA	1002	3173	T	0	0	3173	34.3
A_NA	1003	2840	T	0	0	2840	37.8
A_NA	1004	2865	G	0	0	2865	34.8
A_NA	1005	2844	C	0	0	2844	35.1
A_NA	1006	2773	A	0	0	2773	37.5
A_NA	1007	2684	G	0	0	2684	36.4
A_NA	1008	2656	T	0	0	2656	36.6
A_NA	1009	3149	C	0	0	3149	34.4
A_NA	1010	2832	C	0	0	2832	37.8
A_NA	1011	2764	A	0	0	2764	34.6
A_NA	1012	2901	A	0	0	2901	36.8
A_NA	1013	2749	T	0	0	2749	37.1
A_NA	1014	3004	G	0	0	3004	36.9
A_NA	1015	2850	T	0	0	2850	37.9
A_NA	1016	3035	C	0	0	3035	35.3
A_NA	1017	2561	C	0	0	2561	36.2
A_NA	1018	2902	T	0	0	2902	37.6
A_NA	1019	2809	C	0	0	2809	36.5
A_NA	1020	2929	T	0	0	2929	34.1
A_NA	1021	2813	A	0	0	2813	35.3
A_NA	1022	2885	A	0	0	2885	34.4
A_NA	1023	2779	C	0	0	2779	36.5
A_NA	1024	2814	G	0	0	2814	35.4
A_NA	1025	2912	G	0	0	2912	36.8
A_NA	1026	2748	G	0	0	2748	34.0
A_NA	1027	2810	G	0	0	2810	37.6
A_NA	1028	2636	C	0	0	2636	34.8
A_NA	1029	2714	A	0	0	2714	36.0
A_NA	1030	3016	T	0	0	3016	34.6
A_NA	1031	2858	A	0	0	2858	37.5
A_NA	1032	3133	T	0	0	3133	34.6
A_NA	1033	2806	G	0	0	2806	35.2
A_NA	1034	3271	G	0	0	3271	37.9
A_NA	1035	2839	G	0	0	2839	37.5
A_NA	1036	2799	G	0	0	2799	35.6
A_NA	1037	2482	T	0	0	2482	35.2
A_NA	1038	2824	A	0	0	2824	34.7
A_NA	1039	2733	A	0	0	2733	35.1
A_NA	1040	2739	A	0	0	2739	36.0
A_NA	1041	2663	A	0	0	2663	35.4
A_NA	1042	2503	G	0	0	2503	37.5
A_NA	1043	2948	G	0	0	2948	34.9
A_NA	1044	2701	G	0	0	2701	37.5
A_NA	1045	2669	T	0	0	2669	34.2
A_NA	1046	2603	T	0	0	2603	35.0
A_NA	1047	2785	T	0	0	2785	36.4
A_NA	1048	2902	T	0	0	2902	34.9
A_NA	1049	2585	C	0	0	2585	37.4
A_NA	1050	2771	A	0	0	2771	35.8
A_NA	1051	2903	T	0	0	2903	36.0
A_NA	1052	2891	T	0	0	2891	34.1
A_NA	1053	3354	T	0	0	3354	34.2
A_NA	1054	2847	A	0	0	2847	37.0
A_NA	1055	2766	A	0	0	2766	34.6
A_NA	1056	2891	G	0	0	2891	36.1
A_NA	1057	2680	T	0	0	2680	36.7
A_NA	1058	3023	A	0	0	3023	34.5
A_NA	1059	2975	C	0	0	2975	35.3
A_NA	1060	2680	G	0	0	2680	34.1
A_NA	1061	2451	G	0	0	2451	36.4
A_NA	1062	2780	T	0	0	2780	34.5
A_NA	1063	2868	A	0	0	2868	37.4
A_NA	1064	3087	A	0	0	3087	36.6
A_NA	1065	2781	T	0	0	2781	36.5
A_NA	1066	2673	G	0	0	2673	35.7
A_NA	1067	2923	G	0	0	2923	34.4
A_NA	1068	3043	G	0	0	3043	34.7
A_NA	1069	2892	G	0	0	2892	35.2
A_NA	1070	2625	T	0	0	2625	34.9
A_NA	1071	3195	T	0	0	3195	34.3
A_NA	1072	2819	T	0	0	2819	37.3
A_NA	1073	2936	G	0	0	2936	34.5
A_NA	1074	2980	G	0	0	2980	35.4
A_NA	1075	3086	A	0	0	3086	35.6
A_NA	1076	2993	T	0	0	2993	37.6
A_NA	1077	2989	C	0	0	2989	36.2
A_NA	1078	2980	G	0	0	2980	37.8
A_NA	1079	2997	G	0	0	2997	34.5
A_NA	1080	3013	A	0	0	3013	37.4
A_NA	1081	2921	A	0	0	2921	37.3
A_NA	1082	2760	G	0	0	2760	35.1
A_NA	1083	3133	A	0	0	3133	37.1
A_NA	1084	2868	A	0	0	2868	35.3
A_NA	1085	3352	C	0	0	3352	36.2
A_NA	1086	2668	A	0	0	2668	35.8
A_NA	1087	2986	A	0	0	2986	37.7
A_NA	1088	3171	A	0	0	3171	37.7
A_NA	1089	3366	A	0	0	3366	35.3
A_NA	1090	2906	A	0	0	2906	35.8
A_NA	1091	2810	G	0	0	2810	36.0
A_NA	1092	3258	C	0	0	3258	35.1
A_NA	1093	3121	A	0	0	3121	35.0
A_NA	1094	3294	C	0	0	3294	35.7
A_NA	1095	3273	T	0	0	3273	34.1
A_NA	1096	2858	A	0	0	2858	36.3
A_NA	1097	2946	G	0	0	2946	34.1
A_NA	1098	2920	T	0	0	2920	36.8
A_NA	1099	3257	T	0	0	3257	36.1
A_NA	1100	3242	C	0	0	3242	34.7
A_NA	1101	3168	C	0	0	3168	36.3
A_NA	1102	2839	A	0	0	2839	37.1
A_NA	1103	2806	G	0	0	2806	34.5
A_NA	1104	3307	A	0	0	3307	34.2
A_NA	1105	2881	A	0	0	2881	36.1
A_NA	1106	2838	G	0	0	2838	36.8
A_NA	1107	3152	C	0	0	3152	36.0
A_NA	1108	3123	G	0	0	3123	36.1
A_NA	1109	3238	G	0	0	3238	37.2
A_NA	1110	3159	C	0	0	3159	35.9
A_NA	1111	3080	T	0	0	3080	37.1
A_NA	1112	2872	T	0	0	2872	35.4
A_NA	1113	3296	T	0	0	3296	37.9
A_NA	1114	3007	G	0	0	3007	36.5
A_NA	1115	3167	A	0	0	3167	36.5
A_NA	1116	3128	G	0	0	3128	36.8
A_NA	1117	3002	A	0	0	3002	36.0
A_NA	1118	3091	T	0	0	3091	37.2
A_NA	1119	3276	G	0	0	3276	35.6
A_NA	1120	2948	A	0	0	2948	37.6
A_NA	1121	3325	T	0	0	3325	35.8
A_NA	1122	3127	T	0	0	3127	34.0
A_NA	1123	3020	T	0	0	3020	36.3
A_NA	1124	3129	G	0	0	3129	35.9
A_NA	1125	3181	G	0	0	3181	36.4
A_NA	1126	2767	G	0	0	2767	34.4
A_NA	1127	3358	A	0	0	3358	34.7
A_NA	1128	3380	T	0	0	3380	35.1
A_NA	1129	3064	C	0	0	3064	37.4
A_NA	1130	2943	C	0	0	2943	37.7
A_NA	1131	3075	G	0	0	3075	36.0
A_NA	1132	3292	A	0	0	3292	37.4
A_NA	1133	3113	A	0	0	3113	36.9
A_NA	1134	3082	T	0	0	3082	35.6
A_NA	1135	3109	G	0	0	3109	37.0
A_NA	1136	3006	G	0	0	3006	36.9
A_NA	1137	2970	G	0	0	2970	37.4
A_NA	1138	3003	T	0	0	3003	35.6
A_NA	1139	3015	G	0	0	3015	37.4
A_NA	1140	3156	G	0	0	3156	36.1
A_NA	1141	3101	A	0	0	3101	34.3
A_NA	1142	2890	C	0	0	2890	34.8
A_NA	1143	2962	T	0	0	2962	37.4
A_NA	1144	2887	G	0	0	2887	37.2
A_NA	1145	3073	A	0	0	3073	34.0
A_NA	1146	2927	G	0	0	2927	35.7
A_NA	1147	2998	A	0	0	2998	34.6
A_NA	1148	3131	C	0	0	3131	36.3
A_NA	1149	2735	G	0	0	2735	37.5
A_NA	1150	3049	G	0	0	3049	35.4
A_NA	1151	2835	A	0	0	2835	36.3
A_NA	1152	2863	C	0	0	2863	37.7
A_NA	1153	2922	A	0	0	2922	34.6
A_NA	1154	3019	G	0	0	3019	36.5
A_NA	1155	3081	T	0	0	3081	36.5
A_NA	1156	2937	A	0	0	2937	36.8
A_NA	1157	2653	G	0	0	2653	35.7
A_NA	1158	2706	T	0	0	2706	37.3
A_NA	1159	2849	T	0	0	2849	37.9
A_NA	1160	2762	T	0	0	2762	35.1
A_NA	1161	2774	C	0	0	2774	36.7
A_NA	1162	2429	T	0	0	2429	36.7
A_NA	1163	2861	C	0	0	2861	37.0
A_NA	1164	2756	A	0	0	2756	37.5
A_NA	1165	2515	G	0	0	2515	38.0
A_NA	1166	2603	T	0	0	2603	37.3
A_NA	1167	2780	G	0	0	2780	34.9
A_NA	1168	2770	A	0	0	2770	37.4
A_NA	1169	2517	A	0	0	2517	34.3
A_NA	1170	2861	G	0	0	2861	37.7
A_NA	1171	2693	C	0	0	2693	37.5
A_NA	1172	2634	A	0	0	2634	36.5
A_NA	1173	2430	A	0	0	2430	35.1
A_NA	1174	2412	G	0	0	2412	37.8
A_NA	1175	2640	A	0	0	2640	36.7
A_NA	1176	2512	C	0	0	2512	37.4
A_NA	1177	2424	A	0	0	2424	37.3
A_NA	1178	2470	T	0	0	2470	37.7
A_NA	1179	2510	C	0	0	2510	38.0
A_NA	1180	2414	G	0	0	2414	35.9
A_NA	1181	2248	T	0	0	2248	37.6
A_NA	1182	2910	A	0	0	2910	35.5
A_NA	1183	2242	G	0	0	2242	37.7
A_NA	1184	2325	C	0	0	2325	36.6
A_NA	1185	2624	A	0	0	2624	34.7
A_NA	1186	2364	A	0	0	2364	37.9
A_NA	1187	2325	T	0	0	2325	35.4
A_NA	1188	2339	A	0	0	2339	35.8
A_NA	1189	2106	A	0	0	2106	36.3
A_NA	1190	2259	C	0	0	2259	34.3
A_NA	1191	2396	T	0	0	2396	37.0
A_NA	1192	2237	G	0	0	2237	37.6
A_NA	1193	2321	A	0	0	2321	37.8
A_NA	1194	1985	C	0	0	1985	35.5
A_NA	1195	2181	T	0	0	2181	37.0
A_NA	1196	2111	T	0	0	2111	34.1
A_NA	1197	2209	G	0	0	2209	34.9
A_NA	1198	2173	T	0	0	2173	36.8
A_NA	1199	2035	C	0	0	2035	37.3
A_NA	1200	1889	A	0	0	1889	36.8
A_NA	1201	2227	G	0	0	2227	36.5
A_NA	1202	2113	G	0	0	2113	36.8
A_NA	1203	2094	A	0	0	2094	35.3
A_NA	1204	1869	T	0	0	1869	36.7
A_NA	1205	2039	A	0	0	2039	35.1
A_NA	1206	2019	T	0	0	2019	34.7
A_NA	1207	1968	A	0	0	1968	34.8
A_NA	1208	1887	G	0	0	1887	36.6
A_NA	1209	2081	T	0	0	2081	34.6
A_NA	1210	1935	G	0	0	1935	36.9
A_NA	1211	1740	G	0	0	1740	34.3
A_NA	1212	1930	G	0	0	1930	36.1
A_NA	1213	1869	A	0	0	1869	35.9
A_NA	1214	1936	C	0	0	1936	36.5
A_NA	1215	1865	T	0	0	1865	34.9
A_NA	1216	2049	T	0	0	2049	36.3
A_NA	1217	1853	T	0	0	1853	35.1
A_NA	1218	1656	T	0	0	1656	36.5
A_NA	1219	1847	G	0	0	1847	37.7
A_NA	1220	1807	T	0	0	1807	37.9
A_NA	1221	1913	C	0	0	1913	34.9
A_NA	1222	1834	C	0	0	1834	34.3
A_NA	1223	1789	A	0	0	1789	37.0
A_NA	1224	1745	G	0	0	1745	37.7
A_NA	1225	1903	C	0	0	1903	36.1
A_NA	1226	1796	A	0	0	1796	34.7
A_NA	1227	1827	C	0	0	1827	37.2
A_NA	1228	1698	C	0	0	1698	36.2
A_NA	1229	1515	C	0	0	1515	34.3
A_NA	1230	1766	A	0	0	1766	35.5
A_NA	1231	1677	G	0	0	1677	34.8
A_NA	1232	1615	A	0	0	1615	34.7
A_NA	1233	1904	A	0	0	1904	34.4
A_NA	1234	1627	C	0	0	1627	34.7
A_NA	1235	1854	T	0	0	1854	37.4
A_NA	1236	1834	G	0	0	1834	35.2
A_NA	1237	1645	A	0	0	1645	34.9
A_NA	1238	1670	C	0	0	1670	37.4
A_NA	1239	1671	A	0	0	1671	37.4
A_NA	1240	1705	G	0	0	1705	37.1
A_NA	1241	1655	G	0	0	1655	34.6
A_NA	1242	1664	A	0	0	1664	36.4
A_NA	1243	1688	T	0	0	1688	36.4
A_NA	1244	1773	T	0	0	1773	35.0
A_NA	1245	1538	A	0	0	1538	37.7
A_NA	1246	1758	G	0	0	1758	34.2
A_NA	1247	1789	A	0	0	1789	35.2
A_NA	1248	1581	T	0	0	1581	37.2
A_NA	1249	1636	T	0	0	1636	35.3
A_NA	1250	1740	G	0	0	1740	34.1
A_NA	1251	1779	C	0	0	1779	34.2
A_NA	1252	1787	A	0	0	1787	34.5
A_NA	1253	1695	T	0	0	1695	35.1
A_NA	1254	1826	G	0	0	1826	36.4
A_NA	1255	1846	A	0	0	1846	37.9
A_NA	1256	1638	G	0	0	1638	37.3
A_NA	1257	1610	G	0	0	1610	34.6
A_NA	1258	1673	C	0	0	1673	37.9
A_NA	1259	1793	C	0	0	1793	36.9
A_NA	1260	1740	T	0	0	1740	37.7
A_NA	1261	1780	T	0	0	1780	35.5
A_NA	1262	1697	G	0	0	1697	36.3
A_NA	1263	1770	T	0	0	1770	37.3
A_NA	1264	1702	T	0	0	1702	37.9
A_NA	1265	1810	T	0	0	1810	34.5
A_NA	1266	1618	C	0	0	1618	37.8
A_NA	1267	1986	T	0	0	1986	34.2
A_NA	1268	1769	G	0	0	1769	36.3
A_NA	1269	1701	G	0	0	1701	37.2
A_NA	1270	1852	G	0	0	1852	36.9
A_NA	1271	1852	T	0	0	1852	37.6
A_NA	1272	1848	T	0	0	1848	36.3
A_NA	1273	1749	G	0	0	1749	37.7
A_NA	1274	1486	A	0	0	1486	35.5
A_NA	1275	2099	G	0	0	2099	34.3
A_NA	1276	1737	C	0	0	1737	36.7
A_NA	1277	1803	T	0	0	1803	34.6
A_NA	1278	1872	G	0	0	1872	37.3
A_NA	1279	1891	A	0	0	1891	35.3
A_NA	1280	2148	T	0	0	2148	34.4
A_NA	1281	2026	T	0	0	2026	34.6
A_NA	1282	1984	A	0	0	1984	35.4
A_NA	1283	2001	G	0	0	2001	37.0
A_NA	1284	1918	A	0	0	1918	36.7
A_NA	1285	1991	G	0	0	1991	35.2
A_NA	1286	1903	G	0	0	1903	37.9
A_NA	1287	1922	G	0	0	1922	34.7
A_NA	1288	1896	A	0	0	1896	34.4
A_NA	1289	2060	G	0	0	2060	37.1
A_NA	1290	1978	G	0	0	1978	36.3
A_NA	1291	2087	C	0	0	2087	36.9
A_NA	1292	1895	C	0	0	1895	34.1
A_NA	1293	1965	C	0	0	1965	35.6
A_NA	1294	2056	A	0	0	2056	34.4
A_NA	1295	2126	A	0	0	2126	34.9
A_NA	1296	2138	A	0	0	2138	36.4
A_NA	1297	2102	G	0	0	2102	37.0
A_NA	1298	2194	A	0	0	2194	34.8
A_NA	1299	2143	G	0	0	2143	34.6
A_NA	1300	2126	A	0	0	2126	36.2
A_NA	1301	2076	A	0	0	2076	36.2
A_NA	1302	2143	C	0	0	2143	34.9
A_NA	1303	2166	A	0	0	2166	36.0
A_NA	1304	2132	C	0	0	2132	36.7
A_NA	1305	2151	A	0	0	2151	36.5
A_NA	1306	2273	A	0	0	2273	36.8
A_NA	1307	2288	T	0	0	2288	35.0
A_NA	1308	2346	T	0	0	2346	37.6
A_NA	1309	2304	T	0	0	2304	35.7
A_NA	1310	2456	G	0	0	2456	37.5
A_NA	1311	2495	G	0	0	2495	36.8
A_NA	1312	2292	A	0	0	2292	35.0
A_NA	1313	2238	C	0	0	2238	36.8
A_NA	1314	2277	T	0	0	2277	37.0
A_NA	1315	2261	A	0	0	2261	36.9
A_NA	1316	2726	G	0	0	2726	37.4
A_NA	1317	2495	C	0	0	2495	35.3
A_NA	1318	2266	G	0	0	2266	34.5
A_NA	1319	2356	G	0	0	2356	35.7
A_NA	1320	2441	G	0	0	2441	35.1
A_NA	1321	2498	A	0	0	2498	34.0
A_NA	1322	2418	G	0	0	2418	36.4
A_NA	1323	2791	C	0	0	2791	37.3
A_NA	1324	2223	A	0	0	2223	35.8
A_NA	1325	2485	G	0	0	2485	36.5
A_NA	1326	2396	C	0	0	2396	36.8
A_NA	1327	2221	A	0	0	2221	34.2
A_NA	1328	2526	T	0	0	2526	34.4
A_NA	1329	2482	A	0	0	2482	34.1
A_NA	1330	2245	T	0	0	2245	37.2
A_NA	1331	2570	C	0	0	2570	34.2
A_NA	1332	2478	C	0	0	2478	35.6
A_NA	1333	2386	T	0	0	2386	36.0
A_NA	1334	2388	T	0	0	2388	35.9
A_NA	1335	2028	T	0	0	2028	35.7
A_NA	1336	2317	T	0	0	2317	35.0
A_NA	1337	2069	G	0	0	2069	34.4
A_NA	1338	2095	T	0	0	2095	34.8
A_NA	1339	1954	G	0	0	1954	34.7
A_NA	1340	2040	G	0	0	2040	37.0
A_NA	1341	2035	T	0	0	2035	37.6
A_NA	1342	2066	G	0	0	2066	36.9
A_NA	1343	1982	T	0	0	1982	36.4
A_NA	1344	1959	A	0	0	1959	35.0
A_NA	1345	2080	A	0	0	2080	34.3
A_NA	1346	1950	A	0	0	1950	36.7
A_NA	1347	2036	T	0	0	2036	37.9
A_NA	1348	2013	A	0	0	2013	34.3
A_NA	1349	1784	G	0	0	1784	38.0
A_NA	1350	1765	T	0	0	1765	37.2
A_NA	1351	1814	G	0	0	1814	37.8
A_NA	1352	1993	A	0	0	1993	35.1
A_NA	1353	1820	C	0	0	1820	34.5
A_NA	1354	1684	A	0	0	1684	35.0
A_NA	1355	1635	C	0	0	1635	36.4
A_NA	1356	1790	T	0	0	1790	35.5
A_NA	1357	1574	G	0	0	1574	36.6
A_NA	1358	1569	T	0	0	1569	34.0
A_NA	1359	1588	G	0	0	1588	34.5
A_NA	1360	1498	G	0	0	1498	34.6
A_NA	1361	1535	G	0	0	1535	37.2
A_NA	1362	1424	T	0	0	1424	35.8
A_NA	1363	1697	T	0	0	1697	37.5
A_NA	1364	1644	G	0	0	1644	37.6
A_NA	1365	1370	G	0	0	1370	34.4
A_NA	1366	1367	T	0	0	1367	37.1
A_NA	1367	1470	C	0	0	1470	37.4
A_NA	1368	1277	T	0	0	1277	37.7
A_NA	1369	1318	T	0	0	1318	37.7
A_NA	1370	1387	G	0	0	1387	35.3
A_NA	1371	1241	G	0	0	1241	35.3
A_NA	1372	1326	C	0	0	1326	34.6
A_NA	1373	965	C	0	0	965	34.5
A_NA	1374	1094	A	0	0	1094	36.2
A_NA	1375	1355	G	0	0	1355	36.5
A_NA	1376	912	A	0	0	912	34.2
A_NA	1377	928	C	0	0	928	36.1
A_NA	1378	973	G	0	0	973	37.7
A_NA	1379	998	G	0	0	998	34.2
A_NA	1380	1002	T	0	0	1002	36.5
A_NA	1381	964	G	0	0	964	36.5
A_NA	1382	865	C	0	0	865	37.1
A_NA	1383	850	T	0	0	850	34.8
A_NA	1384	760	G	0	0	760	37.2
A_NA	1385	821	A	0	0	821	35.5
A_NA	1386	769	G	0	0	769	34.3
A_NA	1387	662	T	0	0	662	37.3
A_NA	1388	617	T	0	0	617	35.1
A_NA	1389	594	G	0	0	594	35.5
A_NA	1390	536	C	0	0	536	34.1
A_NA	1391	577	C	0	0	577	37.2
A_NA	1392	585	A	0	0	585	36.9
A_NA	1393	572	T	0	0	572	37.0
A_NA	1394	490	T	0	0	490	36.3
A_NA	1395	450	C	0	0	450	35.1
A_NA	1396	446	A	0	0	446	34.1
A_NA	1397	424	C	0	0	424	34.2
A_NA	1398	373	C	0	0	373	37.6
A_NA	1399	347	A	0	0	347	38.0
A_NA	1400	313	T	0	0	313	35.0
A_NA	1401	298	T	0	0	298	37.5
A_NA	1402	234	G	0	0	234	34.3
A_NA	1403	227	A	0	0	227	37.1
A_NA	1404	167	C	0	0	167	34.4
A_NA	1405	159	A	0	0	159	34.2
A_NA	1406	115	A	0	0	115	37.1
A_NA	1407	94	G	0	0	94	34.6
A_NA	1408	56	T	0	0	56	36.2
A_NA	1409	29	A	0	0	29	36.8
A_NA	1410	0	G	0	0	0	34.5
