Reference_Name	Position	Coverage Depth	Consensus	Deletions	Ambiguous	Consensus_Count	Consensus_Average_Quality
A_NS	1	49	A	0	0	49	36.5
A_NS	2	107	T	0	0	107	34.6
A_NS	3	160	G	0	0	160	36.5
A_NS	4	220	G	0	0	220	34.1
A_NS	5	267	A	0	0	267	34.6
A_NS	6	330	T	0	0	330	37.7
A_NS	7	408	T	0	0	408	35.5
A_NS	8	463	C	0	0	463	35.0
A_NS	9	485	C	0	0	485	35.1
A_NS	10	546	A	0	0	546	37.1
A_NS	11	533	A	0	0	533	36.4
A_NS	12	667	C	0	0	667	37.2
A_NS	13	728	A	0	0	728	36.5
A_NS	14	758	C	0	0	758	37.0
A_NS	15	763	G	0	0	763	35.1
A_NS	16	824	A	0	0	824	37.1
A_NS	17	886	T	0	0	886	36.1
A_NS	18	944	A	0	0	944	34.1
A_NS	19	1059	A	0	0	1059	37.3
A_NS	20	1075	C	0	0	1075	36.7
A_NS	21	1120	C	0	0	1120	34.8
A_NS	22	1190	T	0	0	1190	35.9
A_NS	23	1101	C	0	0	1101	36.7
A_NS	24	1274	G	0	0	1274	37.5
A_NS	25	1378	T	0	0	1378	35.7
A_NS	26	1330	T	0	0	1330	37.9
A_NS	27	1548	C	0	0	1548	36.2
A_NS	28	1306	C	0	0	1306	35.3
A_NS	29	1413	A	0	0	1413	35.6
A_NS	30	1609	G	0	0	1609	34.9
A_NS	31	1437	G	0	0	1437	35.6
A_NS	32	1692	T	0	0	1692	36.1
A_NS	33	1718	A	0	0	1718	35.1
A_NS	34	1604	G	0	0	1604	36.0
A_NS	35	1835	A	0	0	1835	36.4
A_NS	36	1834	T	0	0	1834	35.7
A_NS	37	2213	T	0	0	2213	36.2
A_NS	38	1874	G	0	0	1874	35.3
A_NS	39	2043	C	0	0	2043	35.9
A_NS	40	2008	T	0	0	2008	37.5
A_NS	41	1832	A	0	0	1832	37.2
A_NS	42	2150	T	0	0	2150	36.5
A_NS	43	2201	C	0	0	2201	36.3
A_NS	44	2246	T	0	0	2246	37.2
A_NS	45	2088	A	0	0	2088	35.5
A_NS	46	2106	T	0	0	2106	35.2
A_NS	47	2256	G	0	0	2256	37.7
A_NS	48	2402	G	0	0	2402	35.9
A_NS	49	2308	C	0	0	2308	36.4
A_NS	50	2958	A	0	0	2958	36.0
A_NS	51	2484	C	0	0	2484	34.4
A_NS	52	2453	A	0	0	2453	37.6
A_NS	53	2430	T	0	0	2430	34.7
A_NS	54	2279	A	0	0	2279	34.2
A_NS	55	2253	A	0	0	2253	37.0
A_NS	56	2512	G	0	0	2512	36.0
A_NS	57	2290	A	0	0	2290	35.3
A_NS	58	2128	A	0	0	2128	35.9
A_NS	59	2448	A	0	0	2448	34.0
A_NS	60	2335	G	0	0	2335	34.3
A_NS	61	2212	C	0	0	2212	35.1
A_NS	62	2387	T	0	0	2387	35.3
A_NS	63	2373	G	0	0	2373	36.3
A_NS	64	2337	C	0	0	2337	35.4
A_NS	65	2174	T	0	0	2174	34.5
A_NS	66	2372	C	0	0	2372	37.7
A_NS	67	2293	A	0	0	2293	35.1
A_NS	68	2171	G	0	0	2171	36.7
A_NS	69	2146	C	0	0	2146	35.8
A_NS	70	2340	A	0	0	2340	35.2
A_NS	71	2370	T	0	0	2370	35.4
A_NS	72	2447	G	0	0	2447	37.8
A_NS	73	2503	A	0	0	2503	35.8
A_NS	74	2466	G	0	0	2466	35.8
A_NS	75	2470	A	0	0	2470	35.4
A_NS	76	2555	G	0	0	2555	37.6
A_NS	77	2359	A	0	0	2359	34.1
A_NS	78	2750	C	0	0	2750	34.4
A_NS	79	2397	A	0	0	2397	37.0
A_NS	80	2322	T	0	0	2322	35.2
A_NS	81	2594	G	0	0	2594	36.1
A_NS	82	2358	T	0	0	2358	35.8
A_NS	83	2392	G	0	0	2392	37.3
A_NS	84	2565	T	0	0	2565	37.0
A_NS	85	2847	G	0	0	2847	34.8
A_NS	86	2329	A	0	0	2329	35.5
A_NS	87	2646	T	0	0	2646	34.5
A_NS	88	2487	G	0	0	2487	35.7
A_NS	89	2519	C	0	0	2519	35.4
A_NS	90	2674	T	0	0	2674	34.7
A_NS	91	2186	C	0	0	2186	37.5
A_NS	92	2334	C	0	0	2334	34.5
A_NS	93	2351	C	0	0	2351	37.7
A_NS	94	2479	T	0	0	2479	37.0
A_NS	95	2579	T	0	0	2579	34.1
A_NS	96	2883	T	0	0	2883	36.9
A_NS	97	2736	G	0	0	2736	37.2
A_NS	98	2705	A	0	0	2705	35.6
A_NS	99	2510	T	0	0	2510	34.3
A_NS	100	2994	G	0	0	2994	35.9
A_NS	101	2624	A	0	0	2624	37.0
A_NS	102	2630	T	0	0	2630	34.8
A_NS	103	2605	A	0	0	2605	36.7
A_NS	104	2609	G	0	0	2609	36.3
A_NS	105	2573	A	0	0	2573	36.9
A_NS	106	2569	C	0	0	2569	37.1
A_NS	107	2616	T	0	0	2616	35.5
A_NS	108	2572	C	0	0	2572	37.1
A_NS	109	2376	A	0	0	2376	36.2
A_NS	110	2392	G	0	0	2392	35.7
A_NS	111	2576	A	0	0	2576	37.5
A_NS	112	2701	A	0	0	2701	37.2
A_NS	113	2660	G	0	0	2660	36.4
A_NS	114	2629	A	0	0	2629	36.2
A_NS	115	2896	G	0	0	2896	35.0
A_NS	116	2562	A	0	0	2562	36.5
A_NS	117	2376	T	0	0	2376	35.0
A_NS	118	2595	C	0	0	2595	37.3
A_NS	119	2611	A	0	0	2611	36.2
A_NS	120	2551	G	0	0	2551	35.7
A_NS	121	2532	A	0	0	2532	36.8
A_NS	122	2452	A	0	0	2452	35.9
A_NS	123	2530	G	0	0	2530	36.4
A_NS	124	2483	G	0	0	2483	37.5
A_NS	125	2442	C	0	0	2442	35.2
A_NS	126	2533	A	0	0	2533	34.3
A_NS	127	2488	T	0	0	2488	37.9
A_NS	128	2353	T	0	0	2353	34.8
A_NS	129	2391	A	0	0	2391	37.0
A_NS	130	2416	A	0	0	2416	35.0
A_NS	131	2496	A	0	0	2496	36.2
A_NS	132	2347	G	0	0	2347	34.6
A_NS	133	2238	G	0	0	2238	34.5
A_NS	134	2265	G	0	0	2265	37.4
A_NS	135	2064	A	0	0	2064	35.5
A_NS	136	2038	A	0	0	2038	37.3
A_NS	137	2111	G	0	0	2111	37.7
A_NS	138	2059	A	0	0	2059	35.3
A_NS	139	2122	G	0	0	2122	36.4
A_NS	140	2132	G	0	0	2132	36.1
A_NS	141	2046	C	0	0	2046	36.2
A_NS	142	2301	A	0	0	2301	37.5
A_NS	143	2095	G	0	0	2095	34.4
A_NS	144	2064	C	0	0	2064	37.1
A_NS	145	1863	A	0	0	1863	35.9
A_NS	146	2030	C	0	0	2030	36.1
A_NS	147	1923	A	0	0	1923	35.2
A_NS	148	1898	C	0	0	1898	35.3
A_NS	149	2043	T	0	0	2043	36.3
A_NS	150	1816	T	0	0	1816	34.3
A_NS	151	1943	G	0	0	1943	34.9
A_NS	152	2091	G	0	0	2091	36.1
A_NS	153	1731	A	0	0	1731	34.9
A_NS	154	1736	C	0	0	1736	38.0
A_NS	155	1733	T	0	0	1733	34.0
A_NS	156	1775	C	0	0	1775	36.6
A_NS	157	1626	G	0	0	1626	37.0
A_NS	158	1701	A	0	0	1701	36.3
A_NS	159	1815	C	0	0	1815	34.3
A_NS	160	1655	C	0	0	1655	37.0
A_NS	161	1665	T	0	0	1665	37.3
A_NS	162	1466	G	0	0	1466	34.6
A_NS	163	1538	C	0	0	1538	37.0
A_NS	164	1610	G	0	0	1610	36.4
A_NS	165	1589	A	0	0	1589	35.1
A_NS	166	1547	G	0	0	1547	35.5
A_NS	167	1346	T	0	0	1346	35.6
A_NS	168	1422	G	0	0	1422	36.7
A_NS	169	1504	G	0	0	1504	37.8
A_NS	170	1670	C	0	0	1670	36.9
A_NS	171	1528	C	0	0	1528	35.5
A_NS	172	1605	A	0	0	1605	36.1
A_NS	173	1481	C	0	0	1481	34.9
A_NS	174	1396	A	0	0	1396	37.6
A_NS	175	1450	A	0	0	1450	37.9
A_NS	176	1345	T	0	0	1345	35.9
A_NS	177	1440	G	0	0	1440	35.3
A_NS	178	1268	G	0	0	1268	34.0
A_NS	179	1351	A	0	0	1351	36.7
A_NS	180	1544	G	0	0	1544	35.4
A_NS	181	1408	G	0	0	1408	37.2
A_NS	182	1402	G	0	0	1402	37.6
A_NS	183	1378	C	0	0	1378	34.4
A_NS	184	1332	A	0	0	1332	34.4
A_NS	185	1330	A	0	0	1330	34.3
A_NS	186	1536	A	0	0	1536	35.7
A_NS	187	1593	A	0	0	1593	37.5
A_NS	188	1436	A	0	0	1436	35.4
A_NS	189	1479	G	0	0	1479	35.2
A_NS	190	1379	A	0	0	1379	36.0
A_NS	191	1626	T	0	0	1626	35.3
A_NS	192	1526	T	0	0	1526	34.2
A_NS	193	1417	G	0	0	1417	37.9
A_NS	194	1540	T	0	0	1540	37.9
A_NS	195	1688	T	0	0	1688	37.9
A_NS	196	1565	G	0	0	1565	36.9
A_NS	197	1521	A	0	0	1521	37.8
A_NS	198	1715	G	0	0	1715	34.6
A_NS	199	1466	G	0	0	1466	35.6
A_NS	200	1589	A	0	0	1589	34.2
A_NS	201	1568	C	0	0	1568	34.3
A_NS	202	1578	A	0	0	1578	37.0
A_NS	203	1565	T	0	0	1565	34.8
A_NS	204	1584	C	0	0	1584	35.7
A_NS	205	1639	C	0	0	1639	35.4
A_NS	206	1843	T	0	0	1843	37.8
A_NS	207	1567	A	0	0	1567	35.4
A_NS	208	1814	A	0	0	1814	36.3
A_NS	209	1616	A	0	0	1616	34.8
A_NS	210	1904	G	0	0	1904	36.7
A_NS	211	1740	A	0	0	1740	36.8
A_NS	212	1940	G	0	0	1940	34.1
A_NS	213	1916	T	0	0	1916	34.9
A_NS	214	1923	G	0	0	1923	37.8
A_NS	215	1850	A	0	0	1850	35.3
A_NS	216	1959	A	0	0	1959	37.6
A_NS	217	1843	A	0	0	1843	35.3
A_NS	218	1967	C	0	0	1967	35.1
A_NS	219	1981	G	0	0	1981	34.5
A_NS	220	1821	G	0	0	1821	35.5
A_NS	221	2021	A	0	0	2021	35.8
A_NS	222	2152	T	0	0	2152	34.6
A_NS	223	1978	G	0	0	1978	35.4
A_NS	224	2026	A	0	0	2026	34.7
A_NS	225	2297	A	0	0	2297	34.6
A_NS	226	2250	A	0	0	2250	37.5
A_NS	227	2095	A	0	0	2095	34.3
A_NS	228	2275	C	0	0	2275	36.9
A_NS	229	2040	C	0	0	2040	34.6
A_NS	230	2243	T	0	0	2243	36.5
A_NS	231	1917	C	0	0	1917	36.7
A_NS	232	2309	A	0	0	2309	34.7
A_NS	233	2284	A	0	0	2284	37.3
A_NS	234	2202	A	0	0	2202	37.9
A_NS	235	2317	A	0	0	2317	34.1
A_NS	236	2372	T	0	0	2372	36.5
A_NS	237	2183	T	0	0	2183	35.2
A_NS	238	2117	G	0	0	2117	34.6
A_NS	239	2554	C	0	0	2554	34.8
A_NS	240	1951	A	0	0	1951	37.1
A_NS	241	2159	A	0	0	2159	34.0
A_NS	242	2349	T	0	0	2349	36.7
A_NS	243	2377	T	0	0	2377	34.3
A_NS	244	2278	G	0	0	2278	36.0
A_NS	245	1978	C	0	0	1978	37.8
A_NS	246	2063	G	0	0	2063	37.3
A_NS	247	2161	T	0	0	2161	34.2
A_NS	248	2192	C	0	0	2192	35.7
A_NS	249	2396	C	0	0	2396	35.0
A_NS	250	2361	A	0	0	2361	34.9
A_NS	251	2329	G	0	0	2329	36.3
A_NS	252	2496	C	0	0	2496	35.7
A_NS	253	2408	C	0	0	2408	35.9
A_NS	254	2337	C	0	0	2337	35.1
A_NS	255	2369	T	0	0	2369	35.0
A_NS	256	2618	G	0	0	2618	34.6
A_NS	257	2475	T	0	0	2475	35.2
A_NS	258	2241	T	0	0	2241	37.8
A_NS	259	2462	C	0	0	2462	35.5
A_NS	260	2179	C	0	0	2179	35.3
A_NS	261	2479	T	0	0	2479	37.0
A_NS	262	2258	C	0	0	2258	36.7
A_NS	263	2168	G	0	0	2168	36.2
A_NS	264	2207	G	0	0	2207	36.5
A_NS	265	1995	T	0	0	1995	36.0
A_NS	266	2129	A	0	0	2129	35.3
A_NS	267	2340	C	0	0	2340	37.6
A_NS	268	2216	A	0	0	2216	35.9
A_NS	269	2113	T	0	0	2113	35.6
A_NS	270	2252	C	0	0	2252	35.7
A_NS	271	2138	A	0	0	2138	34.7
A_NS	272	2391	C	0	0	2391	35.2
A_NS	273	2269	T	0	0	2269	36.8
A_NS	274	2191	G	0	0	2191	35.9
A_NS	275	2150	A	0	0	2150	34.4
A_NS	276	2376	T	0	0	2376	37.6
A_NS	277	2301	A	0	0	2301	35.7
A_NS	278	2163	T	0	0	2163	35.7
A_NS	279	2044	G	0	0	2044	35.2
A_NS	280	2158	A	0	0	2158	35.3
A_NS	281	2249	G	0	0	2249	36.2
A_NS	282	2273	C	0	0	2273	34.8
A_NS	283	2089	A	0	0	2089	35.3
A_NS	284	2399	T	0	0	2399	37.5
A_NS	285	2170	A	0	0	2170	34.1
A_NS	286	2205	G	0	0	2205	34.7
A_NS	287	2197	A	0	0	2197	36.2
A_NS	288	2065	G	0	0	2065	37.7
A_NS	289	2289	G	0	0	2289	36.5
A_NS	290	2134	A	0	0	2134	34.9
A_NS	291	2106	A	0	0	2106	34.6
A_NS	292	2313	A	0	0	2313	36.5
A_NS	293	1954	T	0	0	1954	35.8
A_NS	294	1910	A	0	0	1910	34.4
A_NS	295	2241	A	0	0	2241	37.2
A_NS	296	2049	G	0	0	2049	34.0
A_NS	297	2246	C	0	0	2246	35.4
A_NS	298	2378	A	0	0	2378	36.8
A_NS	299	2293	G	0	0	2293	35.7
A_NS	300	2036	G	0	0	2036	35.4
A_NS	301	2320	G	0	0	2320	34.8
A_NS	302	2228	A	0	0	2228	37.3
A_NS	303	2214	G	0	0	2214	34.1
A_NS	304	2160	T	0	0	2160	34.6
A_NS	305	2233	G	0	0	2233	34.1
A_NS	306	2452	G	0	0	2452	37.9
A_NS	307	2445	T	0	0	2445	34.7
A_NS	308	2292	A	0	0	2292	37.6
A_NS	309	2239	C	0	0	2239	37.9
A_NS	310	2434	A	0	0	2434	36.5
A_NS	311	2391	T	0	0	2391	37.4
A_NS	312	2461	G	0	0	2461	36.8
A_NS	313	2566	C	0	0	2566	35.3
A_NS	314	2409	T	0	0	2409	34.8
A_NS	315	2430	C	0	0	2430	35.2
A_NS	316	2647	A	0	0	2647	36.1
A_NS	317	2526	T	0	0	2526	35.5
A_NS	318	2462	G	0	0	2462	36.7
A_NS	319	2518	C	0	0	2518	35.0
A_NS	320	2489	C	0	0	2489	36.3
A_NS	321	2673	A	0	0	2673	35.4
A_NS	322	2522	A	0	0	2522	34.1
A_NS	323	2445	G	0	0	2445	36.9
A_NS	324	2440	G	0	0	2440	37.2
A_NS	325	2604	C	0	0	2604	35.9
A_NS	326	2454	A	0	0	2454	34.1
A_NS	327	2653	G	0	0	2653	36.2
A_NS	328	2701	A	0	0	2701	37.2
A_NS	329	2743	A	0	0	2743	36.7
A_NS	330	2747	A	0	0	2747	36.5
A_NS	331	2735	A	0	0	2735	35.2
A_NS	332	2972	T	0	0	2972	35.1
A_NS	333	2368	A	0	0	2368	37.2
A_NS	334	2435	A	0	0	2435	37.9
A_NS	335	2566	C	0	0	2566	35.0
A_NS	336	2619	A	0	0	2619	36.0
A_NS	337	2702	G	0	0	2702	35.5
A_NS	338	2586	G	0	0	2586	35.1
A_NS	339	2772	G	0	0	2772	35.3
A_NS	340	2652	G	0	0	2652	34.4
A_NS	341	2628	G	0	0	2628	36.4
A_NS	342	2747	T	0	0	2747	36.7
A_NS	343	2783	C	0	0	2783	34.1
A_NS	344	2910	T	0	0	2910	37.8
A_NS	345	2977	G	0	0	2977	37.9
A_NS	346	2809	A	0	0	2809	35.8
A_NS	347	2589	T	0	0	2589	37.7
A_NS	348	3168	G	0	0	3168	37.7
A_NS	349	2991	G	0	0	2991	35.5
A_NS	350	3019	T	0	0	3019	34.4
A_NS	351	3112	G	0	0	3112	34.9
A_NS	352	2980	A	0	0	2980	38.0
A_NS	353	3070	A	0	0	3070	37.3
A_NS	354	2657	A	0	0	2657	35.7
A_NS	355	2850	A	0	0	2850	35.2
A_NS	356	2775	T	0	0	2775	35.6
A_NS	357	2776	G	0	0	2776	34.9
A_NS	358	2839	G	0	0	2839	35.5
A_NS	359	3422	A	0	0	3422	37.9
A_NS	360	2737	T	0	0	2737	35.3
A_NS	361	3024	C	0	0	3024	37.5
A_NS	362	3054	A	0	0	3054	37.3
A_NS	363	2934	G	0	0	2934	37.4
A_NS	364	3062	G	0	0	3062	36.1
A_NS	365	2836	C	0	0	2836	34.6
A_NS	366	2643	C	0	0	2643	37.6
A_NS	367	2743	A	0	0	2743	34.1
A_NS	368	2600	T	0	0	2600	34.8
A_NS	369	2957	C	0	0	2957	36.4
A_NS	370	2545	A	0	0	2545	36.5
A_NS	371	2624	T	0	0	2624	36.7
A_NS	372	2724	G	0	0	2724	34.9
A_NS	373	2419	G	0	0	2419	34.7
A_NS	374	2514	A	0	0	2514	35.8
A_NS	375	2634	C	0	0	2634	36.7
A_NS	376	2788	A	0	0	2788	35.6
A_NS	377	2478	A	0	0	2478	37.2
A_NS	378	2367	G	0	0	2367	37.2
A_NS	379	2459	A	0	0	2459	35.5
A_NS	380	2625	G	0	0	2625	34.3
A_NS	381	2936	G	0	0	2936	34.5
A_NS	382	2657	A	0	0	2657	37.5
A_NS	383	2495	T	0	0	2495	34.2
A_NS	384	2363	A	0	0	2363	37.8
A_NS	385	2311	A	0	0	2311	34.4
A_NS	386	2320	T	0	0	2320	34.7
A_NS	387	2323	A	0	0	2323	35.0
A_NS	388	2563	C	0	0	2563	36.8
A_NS	389	2389	T	0	0	2389	34.8
A_NS	390	2344	C	0	0	2344	35.8
A_NS	391	2231	A	0	0	2231	37.8
A_NS	392	2233	A	0	0	2233	37.4
A_NS	393	1945	G	0	0	1945	35.7
A_NS	394	2313	G	0	0	2313	35.3
A_NS	395	2071	C	0	0	2071	35.9
A_NS	396	2099	A	0	0	2099	36.9
A_NS	397	2053	A	0	0	2053	34.5
A_NS	398	2055	A	0	0	2055	35.4
A_NS	399	1924	C	0	0	1924	35.0
A_NS	400	2078	T	0	0	2078	36.8
A_NS	401	2089	T	0	0	2089	35.3
A_NS	402	2032	C	0	0	2032	37.9
A_NS	403	2091	T	0	0	2091	36.0
A_NS	404	1914	C	0	0	1914	37.7
A_NS	405	1834	T	0	0	1834	35.1
A_NS	406	1773	G	0	0	1773	35.3
A_NS	407	1902	T	0	0	1902	34.3
A_NS	408	1864	C	0	0	1864	34.9
A_NS	409	1829	C	0	0	1829	35.7
A_NS	410	1728	T	0	0	1728	36.8
A_NS	411	1814	A	0	0	1814	37.0
A_NS	412	1721	T	0	0	1721	36.4
A_NS	413	1749	T	0	0	1749	36.8
A_NS	414	1658	T	0	0	1658	36.0
A_NS	415	1741	A	0	0	1741	34.2
A_NS	416	1802	A	0	0	1802	36.4
A_NS	417	1577	T	0	0	1577	37.1
A_NS	418	1591	C	0	0	1591	37.6
A_NS	419	1699	A	0	0	1699	37.9
A_NS	420	1803	A	0	0	1803	37.6
A_NS	421	1675	C	0	0	1675	34.2
A_NS	422	1681	T	0	0	1681	37.0
A_NS	423	1695	G	0	0	1695	37.3
A_NS	424	1758	G	0	0	1758	37.7
A_NS	425	1621	A	0	0	1621	36.2
A_NS	426	1685	A	0	0	1685	35.8
A_NS	427	1661	A	0	0	1661	35.9
A_NS	428	1541	C	0	0	1541	36.7
A_NS	429	1599	A	0	0	1599	36.9
A_NS	430	1630	T	0	0	1630	38.0
A_NS	431	1749	T	0	0	1749	35.9
A_NS	432	1660	A	0	0	1660	34.2
A_NS	433	1526	G	0	0	1526	36.4
A_NS	434	1490	T	0	0	1490	34.7
A_NS	435	1642	C	0	0	1642	35.4
A_NS	436	1572	T	0	0	1572	35.8
A_NS	437	1692	C	0	0	1692	35.9
A_NS	438	1756	A	0	0	1756	36.5
A_NS	439	1739	C	0	0	1739	36.5
A_NS	440	1641	T	0	0	1641	36.0
A_NS	441	1697	G	0	0	1697	37.1
A_NS	442	1755	A	0	0	1755	34.0
A_NS	443	1649	G	0	0	1649	36.0
A_NS	444	1571	G	0	0	1571	36.0
A_NS	445	1565	G	0	0	1565	36.7
A_NS	446	1981	C	0	0	1981	35.8
A_NS	447	1811	T	0	0	1811	34.4
A_NS	448	1935	T	0	0	1935	35.9
A_NS	449	1780	T	0	0	1780	35.4
A_NS	450	1817	C	0	0	1817	36.2
A_NS	451	1770	A	0	0	1770	34.9
A_NS	452	1780	C	0	0	1780	38.0
A_NS	453	1805	A	0	0	1805	35.9
A_NS	454	1805	G	0	0	1805	37.4
A_NS	455	1923	A	0	0	1923	38.0
A_NS	456	1871	A	0	0	1871	35.7
A_NS	457	1879	G	0	0	1879	35.8
A_NS	458	2020	A	0	0	2020	35.7
A_NS	459	1863	T	0	0	1863	37.1
A_NS	460	1865	G	0	0	1865	36.8
A_NS	461	1886	G	0	0	1886	35.1
A_NS	462	1888	C	0	0	1888	36.4
A_NS	463	1983	G	0	0	1983	36.5
A_NS	464	1886	C	0	0	1886	35.2
A_NS	465	1977	C	0	0	1977	34.9
A_NS	466	2000	A	0	0	2000	37.7
A_NS	467	2107	T	0	0	2107	37.6
A_NS	468	2129	T	0	0	2129	37.1
A_NS	469	1992	G	0	0	1992	37.0
A_NS	470	1862	T	0	0	1862	37.1
A_NS	471	2131	G	0	0	2131	37.8
A_NS	472	1905	G	0	0	1905	36.9
A_NS	473	2010	C	0	0	2010	37.1
A_NS	474	2031	T	0	0	2031	35.5
A_NS	475	1981	G	0	0	1981	36.3
A_NS	476	2044	A	0	0	2044	35.9
A_NS	477	1969	A	0	0	1969	34.8
A_NS	478	1909	A	0	0	1909	36.1
A_NS	479	2043	T	0	0	2043	35.6
A_NS	480	2000	A	0	0	2000	36.5
A_NS	481	1858	T	0	0	1858	37.5
A_NS	482	1912	C	0	0	1912	38.0
A_NS	483	2051	T	0	0	2051	37.7
A_NS	484	2254	C	0	0	2254	34.9
A_NS	485	1848	C	0	0	1848	36.0
A_NS	486	2069	T	0	0	2069	36.4
A_NS	487	2061	A	0	0	2061	35.6
A_NS	488	2241	T	0	0	2241	34.1
A_NS	489	2037	T	0	0	2037	37.7
A_NS	490	2038	C	0	0	2038	35.4
A_NS	491	1970	C	0	0	1970	37.5
A_NS	492	2118	T	0	0	2118	36.3
A_NS	493	1990	T	0	0	1990	35.3
A_NS	494	1918	C	0	0	1918	37.1
A_NS	495	1897	C	0	0	1897	34.3
A_NS	496	1976	A	0	0	1976	37.9
A_NS	497	1968	T	0	0	1968	37.8
A_NS	498	2237	G	0	0	2237	37.6
A_NS	499	1968	C	0	0	1968	35.0
A_NS	500	1929	C	0	0	1929	36.8
A_NS	501	1880	A	0	0	1880	37.8
A_NS	502	1811	G	0	0	1811	37.6
A_NS	503	1804	G	0	0	1804	34.3
A_NS	504	1769	A	0	0	1769	35.0
A_NS	505	1741	C	0	0	1741	36.3
A_NS	506	2069	A	0	0	2069	37.5
A_NS	507	1888	T	0	0	1888	36.5
A_NS	508	2026	T	0	0	2026	34.7
A_NS	509	1873	C	0	0	1873	35.6
A_NS	510	1827	T	0	0	1827	34.1
A_NS	511	1842	A	0	0	1842	34.3
A_NS	512	1692	C	0	0	1692	34.3
A_NS	513	1956	A	0	0	1956	34.7
A_NS	514	1777	G	0	0	1777	37.3
A_NS	515	1807	A	0	0	1807	36.1
A_NS	516	1991	G	0	0	1991	35.8
A_NS	517	1931	G	0	0	1931	35.3
A_NS	518	1744	A	0	0	1744	37.4
A_NS	519	1800	T	0	0	1800	35.7
A_NS	520	1853	G	0	0	1853	37.5
A_NS	521	1826	T	0	0	1826	35.5
A_NS	522	1676	C	0	0	1676	37.6
A_NS	523	1885	A	0	0	1885	34.8
A_NS	524	1970	A	0	0	1970	35.0
A_NS	525	1786	A	0	0	1786	34.1
A_NS	526	1820	A	0	0	1820	36.0
A_NS	527	1780	A	0	0	1780	35.0
A_NS	528	1736	T	0	0	1736	36.7
A_NS	529	1875	G	0	0	1875	35.1
A_NS	530	1582	C	0	0	1582	35.3
A_NS	531	1647	A	0	0	1647	37.6
A_NS	532	1808	A	0	0	1808	36.0
A_NS	533	1922	T	0	0	1922	37.5
A_NS	534	1929	T	0	0	1929	34.6
A_NS	535	1811	G	0	0	1811	37.9
A_NS	536	1891	G	0	0	1891	35.2
A_NS	537	1784	A	0	0	1784	37.1
A_NS	538	1580	A	0	0	1580	36.8
A_NS	539	1974	T	0	0	1974	37.0
A_NS	540	1958	C	0	0	1958	35.3
A_NS	541	1874	C	0	0	1874	34.6
A_NS	542	1898	T	0	0	1898	36.9
A_NS	543	2054	C	0	0	2054	37.9
A_NS	544	2272	A	0	0	2272	35.6
A_NS	545	1950	T	0	0	1950	34.4
A_NS	546	1876	C	0	0	1876	36.5
A_NS	547	2016	G	0	0	2016	35.5
A_NS	548	2142	G	0	0	2142	34.9
A_NS	549	2147	T	0	0	2147	36.4
A_NS	550	2090	G	0	0	2090	37.3
A_NS	551	1996	G	0	0	1996	35.0
A_NS	552	1956	A	0	0	1956	36.9
A_NS	553	2094	C	0	0	2094	35.2
A_NS	554	2099	T	0	0	2099	37.0
A_NS	555	2181	T	0	0	2181	35.4
A_NS	556	2452	G	0	0	2452	37.3
A_NS	557	2183	A	0	0	2183	35.9
A_NS	558	1859	A	0	0	1859	36.6
A_NS	559	2176	T	0	0	2176	35.7
A_NS	560	2245	G	0	0	2245	34.2
A_NS	561	2245	G	0	0	2245	35.9
A_NS	562	2201	A	0	0	2201	34.4
A_NS	563	2183	A	0	0	2183	35.4
A_NS	564	2462	T	0	0	2462	35.3
A_NS	565	2479	G	0	0	2479	37.7
A_NS	566	2430	A	0	0	2430	36.4
A_NS	567	2428	T	0	0	2428	34.5
A_NS	568	2413	A	0	0	2413	37.1
A_NS	569	2478	A	0	0	2478	35.9
A_NS	570	2464	C	0	0	2464	35.8
A_NS	571	2381	T	0	0	2381	36.5
A_NS	572	2560	C	0	0	2560	36.6
A_NS	573	2516	A	0	0	2516	36.7
A_NS	574	2792	A	0	0	2792	37.8
A_NS	575	2549	T	0	0	2549	35.7
A_NS	576	2539	T	0	0	2539	37.5
A_NS	577	2610	C	0	0	2610	34.2
A_NS	578	3001	G	0	0	3001	34.5
A_NS	579	2694	A	0	0	2694	37.6
A_NS	580	2605	G	0	0	2605	34.4
A_NS	581	2822	C	0	0	2822	34.3
A_NS	582	2697	G	0	0	2697	36.6
A_NS	583	3108	T	0	0	3108	34.0
A_NS	584	2658	C	0	0	2658	36.3
A_NS	585	2808	T	0	0	2808	35.4
A_NS	586	2956	G	0	0	2956	34.5
A_NS	587	2923	A	0	0	2923	37.1
A_NS	588	2946	A	0	0	2946	37.2
A_NS	589	2705	A	0	0	2705	37.5
A_NS	590	2855	A	0	0	2855	34.0
A_NS	591	2655	T	0	0	2655	34.3
A_NS	592	2742	A	0	0	2742	36.3
A_NS	593	3169	T	0	0	3169	34.5
A_NS	594	2857	A	0	0	2857	34.6
A_NS	595	3041	C	0	0	3041	36.1
A_NS	596	2942	A	0	0	2942	34.4
A_NS	597	2823	G	0	0	2823	37.6
A_NS	598	3363	A	0	0	3363	37.6
A_NS	599	2841	G	0	0	2841	37.1
A_NS	600	2837	A	0	0	2837	37.8
A_NS	601	2979	T	0	0	2979	37.3
A_NS	602	3141	T	0	0	3141	34.4
A_NS	603	2640	C	0	0	2640	35.1
A_NS	604	3222	G	0	0	3222	35.7
A_NS	605	2843	C	0	0	2843	35.4
A_NS	606	3195	T	0	0	3195	36.0
A_NS	607	2861	T	0	0	2861	34.1
A_NS	608	2928	G	0	0	2928	35.4
A_NS	609	2996	G	0	0	2996	34.6
A_NS	610	2712	G	0	0	2712	35.3
A_NS	611	3068	G	0	0	3068	36.6
A_NS	612	3121	A	0	0	3121	37.3
A_NS	613	3050	G	0	0	3050	35.3
A_NS	614	3013	T	0	0	3013	35.4
A_NS	615	3042	C	0	0	3042	37.3
A_NS	616	2689	C	0	0	2689	37.0
A_NS	617	2615	G	0	0	2615	34.8
A_NS	618	3034	T	0	0	3034	37.3
A_NS	619	2801	G	0	0	2801	34.7
A_NS	620	2589	A	0	0	2589	38.0
A_NS	621	2419	T	0	0	2419	37.1
A_NS	622	2675	G	0	0	2675	34.1
A_NS	623	2418	A	0	0	2418	34.2
A_NS	624	2802	G	0	0	2802	35.5
A_NS	625	2603	A	0	0	2603	37.9
A_NS	626	2673	A	0	0	2673	34.8
A_NS	627	2547	T	0	0	2547	35.5
A_NS	628	2662	G	0	0	2662	35.4
A_NS	629	2712	G	0	0	2712	37.9
A_NS	630	2742	G	0	0	2742	34.1
A_NS	631	2685	G	0	0	2685	37.0
A_NS	632	2656	G	0	0	2656	35.2
A_NS	633	2598	A	0	0	2598	35.1
A_NS	634	2474	C	0	0	2474	35.8
A_NS	635	2655	C	0	0	2655	35.3
A_NS	636	2582	T	0	0	2582	37.4
A_NS	637	2351	C	0	0	2351	35.7
A_NS	638	2546	C	0	0	2546	35.7
A_NS	639	2613	A	0	0	2613	37.8
A_NS	640	2816	C	0	0	2816	37.0
A_NS	641	2090	T	0	0	2090	37.5
A_NS	642	2355	C	0	0	2355	35.9
A_NS	643	2404	C	0	0	2404	37.9
A_NS	644	2097	C	0	0	2097	34.4
A_NS	645	2380	T	0	0	2380	37.5
A_NS	646	2210	C	0	0	2210	35.1
A_NS	647	2284	C	0	0	2284	34.6
A_NS	648	2169	A	0	0	2169	36.3
A_NS	649	2236	A	0	0	2236	35.3
A_NS	650	2218	A	0	0	2218	37.5
A_NS	651	2112	G	0	0	2112	35.9
A_NS	652	2035	C	0	0	2035	34.4
A_NS	653	2142	A	0	0	2142	36.1
A_NS	654	2111	G	0	0	2111	36.4
A_NS	655	1996	A	0	0	1996	36.9
A_NS	656	2175	A	0	0	2175	35.6
A_NS	657	2070	A	0	0	2070	36.7
A_NS	658	2080	C	0	0	2080	36.4
A_NS	659	2075	G	0	0	2075	36.6
A_NS	660	2168	C	0	0	2168	37.3
A_NS	661	2247	T	0	0	2247	36.7
A_NS	662	2059	A	0	0	2059	34.8
A_NS	663	2002	C	0	0	2002	36.4
A_NS	664	1976	A	0	0	1976	36.3
A_NS	665	2070	T	0	0	2070	36.0
A_NS	666	2308	G	0	0	2308	35.4
A_NS	667	2033	G	0	0	2033	34.1
A_NS	668	1901	C	0	0	1901	37.3
A_NS	669	1913	G	0	0	1913	37.5
A_NS	670	1999	A	0	0	1999	34.2
A_NS	671	2102	G	0	0	2102	36.9
A_NS	672	2348	A	0	0	2348	36.3
A_NS	673	1984	A	0	0	1984	35.2
A_NS	674	2129	G	0	0	2129	37.6
A_NS	675	2294	A	0	0	2294	36.6
A_NS	676	2118	G	0	0	2118	36.5
A_NS	677	2040	T	0	0	2040	37.1
A_NS	678	1985	T	0	0	1985	37.3
A_NS	679	2068	G	0	0	2068	37.5
A_NS	680	2264	A	0	0	2264	36.2
A_NS	681	2044	G	0	0	2044	34.9
A_NS	682	2081	T	0	0	2081	34.1
A_NS	683	2328	C	0	0	2328	37.8
A_NS	684	2217	A	0	0	2217	34.3
A_NS	685	2080	G	0	0	2080	34.1
A_NS	686	1981	A	0	0	1981	35.8
A_NS	687	2303	A	0	0	2303	36.5
A_NS	688	2288	G	0	0	2288	37.2
A_NS	689	2367	T	0	0	2367	35.6
A_NS	690	2160	T	0	0	2160	36.1
A_NS	691	2103	T	0	0	2103	37.4
A_NS	692	2184	G	0	0	2184	35.4
A_NS	693	2271	A	0	0	2271	35.6
A_NS	694	2249	A	0	0	2249	35.1
A_NS	695	2013	G	0	0	2013	35.3
A_NS	696	2242	A	0	0	2242	36.4
A_NS	697	2204	G	0	0	2204	34.1
A_NS	698	2270	A	0	0	2270	34.1
A_NS	699	2162	T	0	0	2162	36.7
A_NS	700	2397	C	0	0	2397	37.1
A_NS	701	2269	A	0	0	2269	36.6
A_NS	702	2113	G	0	0	2113	35.8
A_NS	703	2039	A	0	0	2039	37.9
A_NS	704	2121	T	0	0	2121	36.0
A_NS	705	2549	G	0	0	2549	36.5
A_NS	706	2086	G	0	0	2086	35.3
A_NS	707	2016	C	0	0	2016	35.4
A_NS	708	2468	T	0	0	2468	35.7
A_NS	709	2107	A	0	0	2107	37.7
A_NS	710	2354	A	0	0	2354	35.0
A_NS	711	2140	T	0	0	2140	35.8
A_NS	712	2297	T	0	0	2297	36.4
A_NS	713	2139	G	0	0	2139	37.6
A_NS	714	2278	C	0	0	2278	34.7
A_NS	715	2118	A	0	0	2118	36.3
A_NS	716	2351	G	0	0	2351	38.0
A_NS	717	2161	A	0	0	2161	35.3
A_NS	718	1899	G	0	0	1899	37.6
A_NS	719	2149	T	0	0	2149	36.9
A_NS	720	2080	G	0	0	2080	37.1
A_NS	721	1981	C	0	0	1981	37.1
A_NS	722	2262	A	0	0	2262	37.3
A_NS	723	2012	G	0	0	2012	34.9
A_NS	724	2130	A	0	0	2130	34.0
A_NS	725	1719	A	0	0	1719	35.8
A_NS	726	2249	A	0	0	2249	37.4
A_NS	727	1784	C	0	0	1784	36.6
A_NS	728	2037	A	0	0	2037	37.6
A_NS	729	1984	T	0	0	1984	34.7
A_NS	730	1897	A	0	0	1897	34.4
A_NS	731	2007	T	0	0	2007	37.7
A_NS	732	1905	T	0	0	1905	36.3
A_NS	733	2179	A	0	0	2179	35.9
A_NS	734	1875	A	0	0	1875	36.9
A_NS	735	2094	C	0	0	2094	36.1
A_NS	736	1895	C	0	0	1895	34.8
A_NS	737	1736	A	0	0	1736	34.6
A_NS	738	1959	A	0	0	1959	35.1
A_NS	739	2070	A	0	0	2070	37.8
A_NS	740	2071	A	0	0	2071	37.2
A_NS	741	1850	C	0	0	1850	37.4
A_NS	742	1660	T	0	0	1660	36.4
A_NS	743	1715	G	0	0	1715	35.7
A_NS	744	1763	A	0	0	1763	37.7
A_NS	745	1641	G	0	0	1641	37.2
A_NS	746	1798	A	0	0	1798	35.9
A_NS	747	1737	A	0	0	1737	37.2
A_NS	748	1936	C	0	0	1936	35.7
A_NS	749	1712	A	0	0	1712	34.8
A_NS	750	1520	G	0	0	1520	35.3
A_NS	751	1640	C	0	0	1640	37.2
A_NS	752	1538	T	0	0	1538	37.2
A_NS	753	1799	T	0	0	1799	37.3
A_NS	754	1700	C	0	0	1700	36.6
A_NS	755	1659	G	0	0	1659	36.2
A_NS	756	1584	A	0	0	1584	35.7
A_NS	757	1521	G	0	0	1521	34.2
A_NS	758	1430	C	0	0	1430	34.5
A_NS	759	1561	A	0	0	1561	34.9
A_NS	760	1542	G	0	0	1542	34.6
A_NS	761	1582	A	0	0	1582	34.2
A_NS	762	1498	T	0	0	1498	34.2
A_NS	763	1548	A	0	0	1548	36.5
A_NS	764	1477	A	0	0	1477	34.1
A_NS	765	1527	C	0	0	1527	34.2
A_NS	766	1582	G	0	0	1582	37.7
A_NS	767	1625	T	0	0	1625	34.8
A_NS	768	1569	T	0	0	1569	34.6
A_NS	769	1558	C	0	0	1558	34.3
A_NS	770	1346	T	0	0	1346	35.3
A_NS	771	1528	T	0	0	1528	37.2
A_NS	772	1486	G	0	0	1486	35.0
A_NS	773	1357	C	0	0	1357	37.4
A_NS	774	1575	A	0	0	1575	36.2
A_NS	775	1431	G	0	0	1431	34.7
A_NS	776	1641	G	0	0	1641	37.2
A_NS	777	1627	C	0	0	1627	37.8
A_NS	778	1534	A	0	0	1534	36.3
A_NS	779	1532	T	0	0	1532	34.2
A_NS	780	1477	T	0	0	1477	34.6
A_NS	781	1647	G	0	0	1647	34.9
A_NS	782	1606	C	0	0	1606	34.0
A_NS	783	1511	A	0	0	1511	37.1
A_NS	784	1659	A	0	0	1659	35.0
A_NS	785	1501	C	0	0	1501	36.8
A_NS	786	1511	T	0	0	1511	37.2
A_NS	787	1650	T	0	0	1650	36.0
A_NS	788	1614	T	0	0	1614	36.3
A_NS	789	1437	T	0	0	1437	36.1
A_NS	790	1694	A	0	0	1694	36.8
A_NS	791	1574	C	0	0	1574	37.7
A_NS	792	1628	T	0	0	1628	34.4
A_NS	793	1536	T	0	0	1536	37.1
A_NS	794	1535	G	0	0	1535	35.6
A_NS	795	1426	A	0	0	1426	35.1
A_NS	796	1615	G	0	0	1615	36.6
A_NS	797	1319	G	0	0	1319	37.6
A_NS	798	1443	T	0	0	1443	37.0
A_NS	799	1582	T	0	0	1582	34.4
A_NS	800	1477	G	0	0	1477	34.1
A_NS	801	1555	A	0	0	1555	35.4
A_NS	802	1486	G	0	0	1486	37.5
A_NS	803	1310	A	0	0	1310	34.7
A_NS	804	1327	G	0	0	1327	35.6
A_NS	805	1323	T	0	0	1323	34.4
A_NS	806	1249	G	0	0	1249	38.0
A_NS	807	1322	A	0	0	1322	34.1
A_NS	808	1355	G	0	0	1355	36.3
A_NS	809	1430	A	0	0	1430	35.1
A_NS	810	1148	T	0	0	1148	35.1
A_NS	811	1053	A	0	0	1053	37.7
A_NS	812	1062	A	0	0	1062	36.2
A_NS	813	1017	G	0	0	1017	34.3
A_NS	814	987	G	0	0	987	35.6
A_NS	815	983	A	0	0	983	37.1
A_NS	816	1082	C	0	0	1082	35.3
A_NS	817	983	A	0	0	983	35.8
A_NS	818	905	T	0	0	905	34.7
A_NS	819	916	T	0	0	916	36.7
A_NS	820	768	T	0	0	768	36.8
A_NS	821	779	T	0	0	779	34.0
A_NS	822	757	C	0	0	757	35.0
A_NS	823	701	T	0	0	701	36.1
A_NS	824	681	T	0	0	681	37.9
A_NS	825	687	T	0	0	687	34.9
A_NS	826	633	T	0	0	633	35.9
A_NS	827	533	C	0	0	533	34.3
A_NS	828	536	A	0	0	536	35.0
A_NS	829	458	G	0	0	458	34.3
A_NS	830	429	C	0	0	429	37.8
A_NS	831	373	T	0	0	373	34.7
A_NS	832	305	T	0	0	305	34.1
A_NS	833	239	A	0	0	239	34.0
A_NS	834	205	T	0	0	205	37.6
A_NS	835	175	T	0	0	175	36.0
A_NS	836	121	T	0	0	121	36.5
A_NS	837	52	A	0	0	52	34.6
A_NS	838	0	G	0	0	0	34.9
