Reference_Name	Position	Coverage Depth	Consensus	Deletions	Ambiguous	Consensus_Count	Consensus_Average_Quality
A_PA	1	38	A	0	0	38	37.4
A_PA	2	66	T	0	0	66	36.0
A_PA	3	97	G	0	0	97	35.0
A_PA	4	126	G	0	0	126	35.1
A_PA	5	166	A	0	0	166	35.7
A_PA	6	187	A	0	0	187	36.5
A_PA	7	254	G	0	0	254	37.0
A_PA	8	258	A	0	0	258	36.5
A_PA	9	291	C	0	0	291	36.2
A_PA	10	331	T	0	0	331	37.8
A_PA	11	386	T	0	0	386	36.8
A_PA	12	424	T	0	0	424	36.7
A_PA	13	431	G	0	0	431	34.5
A_PA	14	480	T	0	0	480	37.5
A_PA	15	517	G	0	0	517	36.1
A_PA	16	528	C	0	0	528	35.3
A_PA	17	579	G	0	0	579	34.6
A_PA	18	531	A	0	0	531	35.2
A_PA	19	657	C	0	0	657	36.6
A_PA	20	602	A	0	0	602	36.9
A_PA	21	643	A	0	0	643	35.7
A_PA	22	730	T	0	0	730	37.6
A_PA	23	761	G	0	0	761	37.4
A_PA	24	824	C	0	0	824	35.2
A_PA	25	768	T	0	0	768	35.3
A_PA	26	810	T	0	0	810	37.6
A_PA	27	877	C	0	0	877	36.7
A_PA	28	894	A	0	0	894	36.2
A_PA	29	1006	A	0	0	1006	35.0
A_PA	30	975	T	0	0	975	36.4
A_PA	31	897	C	0	0	897	35.2
A_PA	32	1232	C	0	0	1232	34.5
A_PA	33	1106	A	0	0	1106	35.6
A_PA	34	1208	A	0	0	1208	34.6
A_PA	35	1093	T	0	0	1093	36.6
A_PA	36	1147	G	0	0	1147	36.6
A_PA	37	1224	A	0	0	1224	37.3
A_PA	38	1308	T	0	0	1308	36.9
A_PA	39	1146	T	0	0	1146	35.5
A_PA	40	1277	G	0	0	1277	34.5
A_PA	41	1445	T	0	0	1445	35.7
A_PA	42	1296	C	0	0	1296	35.5
A_PA	43	1548	G	0	0	1548	35.4
A_PA	44	1312	A	0	0	1312	35.2
A_PA	45	1460	G	0	0	1460	37.1
A_PA	46	1523	C	0	0	1523	37.9
A_PA	47	1392	T	0	0	1392	36.4
A_PA	48	1518	T	0	0	1518	34.8
A_PA	49	1313	G	0	0	1313	37.5
A_PA	50	1602	C	0	0	1602	37.1
A_PA	51	1614	G	0	0	1614	37.2
A_PA	52	1455	G	0	0	1455	37.3
A_PA	53	1561	A	0	0	1561	36.1
A_PA	54	1611	A	0	0	1611	36.4
A_PA	55	1771	A	0	0	1771	34.8
A_PA	56	1667	A	0	0	1667	34.7
A_PA	57	1945	A	0	0	1945	36.5
A_PA	58	1919	G	0	0	1919	37.2
A_PA	59	1838	C	0	0	1838	34.4
A_PA	60	1773	A	0	0	1773	36.7
A_PA	61	1900	A	0	0	1900	34.9
A_PA	62	1906	T	0	0	1906	35.8
A_PA	63	2120	G	0	0	2120	36.5
A_PA	64	1984	A	0	0	1984	35.3
A_PA	65	2002	A	0	0	2002	34.7
A_PA	66	1912	A	0	0	1912	34.1
A_PA	67	2105	G	0	0	2105	34.0
A_PA	68	1924	A	0	0	1924	35.6
A_PA	69	1932	A	0	0	1932	36.4
A_PA	70	2015	T	0	0	2015	34.4
A_PA	71	2106	A	0	0	2106	37.8
A_PA	72	1957	T	0	0	1957	34.3
A_PA	73	2099	G	0	0	2099	34.8
A_PA	74	2257	G	0	0	2257	37.0
A_PA	75	2536	G	0	0	2536	37.3
A_PA	76	2081	G	0	0	2081	34.1
A_PA	77	2157	A	0	0	2157	37.0
A_PA	78	2152	A	0	0	2152	35.9
A_PA	79	2221	G	0	0	2221	36.1
A_PA	80	2393	A	0	0	2393	35.0
A_PA	81	2181	T	0	0	2181	37.9
A_PA	82	2482	C	0	0	2482	35.4
A_PA	83	2493	C	0	0	2493	34.6
A_PA	84	2305	G	0	0	2305	37.4
A_PA	85	2309	A	0	0	2309	35.7
A_PA	86	2560	A	0	0	2560	35.7
A_PA	87	2510	A	0	0	2510	34.1
A_PA	88	2269	A	0	0	2269	37.2
A_PA	89	2731	T	0	0	2731	34.0
A_PA	90	2306	C	0	0	2306	35.5
A_PA	91	2759	G	0	0	2759	35.0
A_PA	92	2857	A	0	0	2857	35.2
A_PA	93	2616	G	0	0	2616	36.8
A_PA	94	2394	A	0	0	2394	35.5
A_PA	95	2705	C	0	0	2705	35.5
A_PA	96	2614	A	0	0	2614	36.2
A_PA	97	2453	A	0	0	2453	34.7
A_PA	98	2825	A	0	0	2825	36.7
A_PA	99	2841	C	0	0	2841	36.5
A_PA	100	2805	A	0	0	2805	37.5
A_PA	101	2520	A	0	0	2520	35.5
A_PA	102	2798	A	0	0	2798	37.0
A_PA	103	2783	T	0	0	2783	34.7
A_PA	104	2964	T	0	0	2964	36.0
A_PA	105	2783	T	0	0	2783	36.1
A_PA	106	2519	G	0	0	2519	34.5
A_PA	107	2691	C	0	0	2691	34.9
A_PA	108	2773	C	0	0	2773	35.0
A_PA	109	2984	G	0	0	2984	37.8
A_PA	110	2700	C	0	0	2700	36.9
A_PA	111	2865	A	0	0	2865	34.0
A_PA	112	3031	A	0	0	3031	37.5
A_PA	113	3072	T	0	0	3072	37.4
A_PA	114	3014	A	0	0	3014	35.2
A_PA	115	2753	T	0	0	2753	34.3
A_PA	116	2736	G	0	0	2736	38.0
A_PA	117	2620	C	0	0	2620	35.0
A_PA	118	2920	A	0	0	2920	37.0
A_PA	119	2755	C	0	0	2755	37.0
A_PA	120	3028	A	0	0	3028	36.8
A_PA	121	3003	C	0	0	3003	35.7
A_PA	122	3002	A	0	0	3002	36.0
A_PA	123	3083	C	0	0	3083	37.3
A_PA	124	2927	T	0	0	2927	37.7
A_PA	125	2785	T	0	0	2785	38.0
A_PA	126	2892	A	0	0	2892	36.8
A_PA	127	3140	G	0	0	3140	36.4
A_PA	128	3139	A	0	0	3139	37.9
A_PA	129	2981	A	0	0	2981	35.1
A_PA	130	3238	G	0	0	3238	36.0
A_PA	131	3056	T	0	0	3056	35.5
A_PA	132	3009	C	0	0	3009	34.7
A_PA	133	2983	T	0	0	2983	35.2
A_PA	134	2995	G	0	0	2995	34.2
A_PA	135	2987	T	0	0	2987	34.4
A_PA	136	3011	T	0	0	3011	35.9
A_PA	137	3060	T	0	0	3060	34.2
A_PA	138	2651	C	0	0	2651	34.0
A_PA	139	2624	A	0	0	2624	34.8
A_PA	140	2512	T	0	0	2512	34.8
A_PA	141	2777	G	0	0	2777	37.0
A_PA	142	2716	T	0	0	2716	37.1
A_PA	143	3186	A	0	0	3186	34.4
A_PA	144	2819	T	0	0	2819	35.0
A_PA	145	2885	T	0	0	2885	36.4
A_PA	146	2869	C	0	0	2869	34.1
A_PA	147	2620	G	0	0	2620	35.8
A_PA	148	3199	G	0	0	3199	37.5
A_PA	149	2655	A	0	0	2655	37.0
A_PA	150	2690	T	0	0	2690	36.0
A_PA	151	2816	T	0	0	2816	34.9
A_PA	152	2712	T	0	0	2712	37.8
A_PA	153	2956	C	0	0	2956	37.2
A_PA	154	2597	C	0	0	2597	34.6
A_PA	155	2636	A	0	0	2636	36.1
A_PA	156	2661	T	0	0	2661	37.2
A_PA	157	2596	T	0	0	2596	34.0
A_PA	158	2510	T	0	0	2510	34.9
A_PA	159	2401	T	0	0	2401	36.4
A_PA	160	2535	A	0	0	2535	36.3
A_PA	161	2480	T	0	0	2480	35.9
A_PA	162	2660	T	0	0	2660	36.1
A_PA	163	2458	G	0	0	2458	34.3
A_PA	164	2661	A	0	0	2661	35.8
A_PA	165	2577	T	0	0	2577	35.1
A_PA	166	2223	G	0	0	2223	36.3
A_PA	167	2712	A	0	0	2712	34.6
A_PA	168	2459	A	0	0	2459	36.1
A_PA	169	2496	C	0	0	2496	36.5
A_PA	170	2497	G	0	0	2497	35.3
A_PA	171	2364	A	0	0	2364	37.8
A_PA	172	2354	G	0	0	2354	37.8
A_PA	173	2382	G	0	0	2382	35.4
A_PA	174	2044	C	0	0	2044	37.3
A_PA	175	2459	G	0	0	2459	34.3
A_PA	176	2678	A	0	0	2678	38.0
A_PA	177	2504	A	0	0	2504	35.7
A_PA	178	2561	T	0	0	2561	36.4
A_PA	179	2601	C	0	0	2601	36.4
A_PA	180	2653	A	0	0	2653	37.9
A_PA	181	2315	A	0	0	2315	37.3
A_PA	182	2435	T	0	0	2435	36.9
A_PA	183	2438	G	0	0	2438	36.5
A_PA	184	2343	A	0	0	2343	36.2
A_PA	185	2301	T	0	0	2301	37.3
A_PA	186	2573	T	0	0	2573	34.5
A_PA	187	2260	G	0	0	2260	36.3
A_PA	188	2359	T	0	0	2359	37.1
A_PA	189	2370	A	0	0	2370	36.1
A_PA	190	2292	G	0	0	2292	35.6
A_PA	191	2382	A	0	0	2382	37.0
A_PA	192	2075	A	0	0	2075	37.5
A_PA	193	2219	T	0	0	2219	36.7
A_PA	194	2273	C	0	0	2273	36.6
A_PA	195	2311	T	0	0	2311	35.5
A_PA	196	2404	G	0	0	2404	35.1
A_PA	197	2208	G	0	0	2208	35.6
A_PA	198	2329	C	0	0	2329	34.7
A_PA	199	2358	G	0	0	2358	35.6
A_PA	200	2159	A	0	0	2159	36.1
A_PA	201	2262	T	0	0	2262	35.9
A_PA	202	2426	C	0	0	2426	37.7
A_PA	203	2201	C	0	0	2201	35.5
A_PA	204	2556	A	0	0	2556	37.7
A_PA	205	2329	A	0	0	2329	36.1
A_PA	206	2531	A	0	0	2531	37.3
A_PA	207	2218	T	0	0	2218	34.3
A_PA	208	2298	G	0	0	2298	36.1
A_PA	209	2511	C	0	0	2511	37.9
A_PA	210	2088	A	0	0	2088	37.7
A_PA	211	2550	T	0	0	2550	37.1
A_PA	212	2374	T	0	0	2374	35.1
A_PA	213	2332	A	0	0	2332	35.5
A_PA	214	2286	T	0	0	2286	34.8
A_PA	215	2423	T	0	0	2423	37.8
A_PA	216	2423	G	0	0	2423	36.8
A_PA	217	2342	A	0	0	2342	37.3
A_PA	218	2184	A	0	0	2184	37.4
A_PA	219	2257	A	0	0	2257	36.1
A_PA	220	2327	C	0	0	2327	35.1
A_PA	221	2399	A	0	0	2399	36.8
A_PA	222	2430	C	0	0	2430	36.3
A_PA	223	2137	C	0	0	2137	36.7
A_PA	224	2158	G	0	0	2158	34.1
A_PA	225	2575	A	0	0	2575	37.7
A_PA	226	2471	T	0	0	2471	37.0
A_PA	227	2397	T	0	0	2397	34.1
A_PA	228	2212	T	0	0	2212	37.7
A_PA	229	2427	G	0	0	2427	35.5
A_PA	230	2486	A	0	0	2486	35.8
A_PA	231	2414	G	0	0	2414	35.8
A_PA	232	2314	A	0	0	2314	37.2
A_PA	233	2359	T	0	0	2359	35.3
A_PA	234	2477	A	0	0	2477	36.9
A_PA	235	2705	A	0	0	2705	37.4
A_PA	236	2640	T	0	0	2640	35.0
A_PA	237	2166	C	0	0	2166	34.5
A_PA	238	2383	G	0	0	2383	36.0
A_PA	239	2492	A	0	0	2492	37.3
A_PA	240	2223	A	0	0	2223	36.9
A_PA	241	2442	G	0	0	2442	34.4
A_PA	242	2377	G	0	0	2377	37.8
A_PA	243	2511	G	0	0	2511	36.0
A_PA	244	2529	A	0	0	2529	36.1
A_PA	245	2581	G	0	0	2581	37.5
A_PA	246	2468	A	0	0	2468	38.0
A_PA	247	2612	G	0	0	2612	36.0
A_PA	248	2455	A	0	0	2455	34.7
A_PA	249	2568	C	0	0	2568	37.1
A_PA	250	2460	C	0	0	2460	34.1
A_PA	251	2470	G	0	0	2470	36.5
A_PA	252	2633	A	0	0	2633	36.0
A_PA	253	2676	G	0	0	2676	36.2
A_PA	254	2390	C	0	0	2390	36.0
A_PA	255	2388	A	0	0	2388	36.2
A_PA	256	2368	A	0	0	2368	34.5
A_PA	257	2685	T	0	0	2685	35.2
A_PA	258	2491	G	0	0	2491	34.1
A_PA	259	2845	G	0	0	2845	37.7
A_PA	260	2467	C	0	0	2467	36.2
A_PA	261	2606	C	0	0	2606	35.1
A_PA	262	2541	T	0	0	2541	34.1
A_PA	263	2580	G	0	0	2580	36.6
A_PA	264	2683	G	0	0	2683	37.7
A_PA	265	2576	A	0	0	2576	36.7
A_PA	266	2693	C	0	0	2693	36.0
A_PA	267	2572	A	0	0	2572	34.8
A_PA	268	2759	G	0	0	2759	34.6
A_PA	269	2931	T	0	0	2931	35.8
A_PA	270	2658	G	0	0	2658	35.8
A_PA	271	2687	G	0	0	2687	34.9
A_PA	272	2610	T	0	0	2610	36.8
A_PA	273	2806	G	0	0	2806	37.2
A_PA	274	2824	A	0	0	2824	37.7
A_PA	275	2774	A	0	0	2774	34.4
A_PA	276	2725	T	0	0	2725	37.4
A_PA	277	2516	A	0	0	2516	36.5
A_PA	278	2794	G	0	0	2794	34.7
A_PA	279	2578	T	0	0	2578	34.3
A_PA	280	2846	A	0	0	2846	35.0
A_PA	281	2851	T	0	0	2851	34.9
A_PA	282	2830	C	0	0	2830	36.8
A_PA	283	2853	T	0	0	2853	35.9
A_PA	284	2729	G	0	0	2729	37.1
A_PA	285	2549	C	0	0	2549	35.2
A_PA	286	2965	A	0	0	2965	34.2
A_PA	287	2792	A	0	0	2792	35.5
A_PA	288	2758	C	0	0	2758	37.4
A_PA	289	2350	A	0	0	2350	34.7
A_PA	290	3111	C	0	0	3111	37.5
A_PA	291	3037	C	0	0	3037	37.7
A_PA	292	2939	A	0	0	2939	34.9
A_PA	293	2971	C	0	0	2971	35.6
A_PA	294	3044	A	0	0	3044	37.5
A_PA	295	2843	G	0	0	2843	36.6
A_PA	296	2862	G	0	0	2862	37.8
A_PA	297	2975	G	0	0	2975	36.7
A_PA	298	3214	G	0	0	3214	34.9
A_PA	299	2907	T	0	0	2907	34.6
A_PA	300	3101	C	0	0	3101	37.7
A_PA	301	2650	G	0	0	2650	37.7
A_PA	302	2865	A	0	0	2865	36.7
A_PA	303	2794	A	0	0	2794	37.5
A_PA	304	3278	A	0	0	3278	37.1
A_PA	305	2960	A	0	0	2960	35.5
A_PA	306	3039	G	0	0	3039	36.4
A_PA	307	3101	C	0	0	3101	37.9
A_PA	308	2878	C	0	0	2878	37.9
A_PA	309	2906	C	0	0	2906	37.5
A_PA	310	2893	A	0	0	2893	37.5
A_PA	311	2653	A	0	0	2653	37.4
A_PA	312	2929	A	0	0	2929	34.5
A_PA	313	2759	T	0	0	2759	37.9
A_PA	314	3032	T	0	0	3032	36.2
A_PA	315	3012	C	0	0	3012	37.7
A_PA	316	3086	C	0	0	3086	37.5
A_PA	317	3053	T	0	0	3053	36.4
A_PA	318	3102	C	0	0	3102	36.5
A_PA	319	2922	C	0	0	2922	35.6
A_PA	320	2719	C	0	0	2719	34.2
A_PA	321	2958	T	0	0	2958	36.1
A_PA	322	3254	G	0	0	3254	36.1
A_PA	323	3133	A	0	0	3133	35.7
A_PA	324	3015	T	0	0	3015	36.2
A_PA	325	2940	T	0	0	2940	36.7
A_PA	326	3139	T	0	0	3139	36.2
A_PA	327	3106	G	0	0	3106	38.0
A_PA	328	2990	T	0	0	2990	37.3
A_PA	329	3170	A	0	0	3170	36.4
A_PA	330	3076	T	0	0	3076	36.3
A_PA	331	2756	G	0	0	2756	37.3
A_PA	332	3353	A	0	0	3353	37.0
A_PA	333	3066	C	0	0	3066	35.5
A_PA	334	3096	T	0	0	3096	37.4
A_PA	335	3049	A	0	0	3049	34.7
A_PA	336	3208	C	0	0	3208	34.5
A_PA	337	2971	A	0	0	2971	37.8
A_PA	338	2996	A	0	0	2996	36.0
A_PA	339	2804	A	0	0	2804	35.1
A_PA	340	2901	G	0	0	2901	35.1
A_PA	341	3202	A	0	0	3202	36.4
A_PA	342	3096	G	0	0	3096	36.3
A_PA	343	2813	A	0	0	2813	35.6
A_PA	344	3079	A	0	0	3079	35.6
A_PA	345	3471	C	0	0	3471	35.8
A_PA	346	2759	C	0	0	2759	36.4
A_PA	347	3132	G	0	0	3132	36.8
A_PA	348	3293	A	0	0	3293	35.4
A_PA	349	2997	T	0	0	2997	35.6
A_PA	350	3300	T	0	0	3300	34.4
A_PA	351	2941	C	0	0	2941	37.5
A_PA	352	3186	A	0	0	3186	34.4
A_PA	353	3383	T	0	0	3383	35.8
A_PA	354	3129	T	0	0	3129	37.0
A_PA	355	3246	G	0	0	3246	35.6
A_PA	356	3185	A	0	0	3185	35.4
A_PA	357	3225	A	0	0	3225	34.5
A_PA	358	3037	A	0	0	3037	37.8
A_PA	359	2995	T	0	0	2995	36.1
A_PA	360	3402	T	0	0	3402	37.1
A_PA	361	3125	G	0	0	3125	36.2
A_PA	362	3026	G	0	0	3026	37.3
A_PA	363	3370	A	0	0	3370	36.9
A_PA	364	2994	G	0	0	2994	35.5
A_PA	365	2952	T	0	0	2952	37.4
A_PA	366	3383	A	0	0	3383	35.5
A_PA	367	3140	A	0	0	3140	35.0
A_PA	368	3150	C	0	0	3150	37.1
A_PA	369	3143	G	0	0	3143	36.1
A_PA	370	2750	C	0	0	2750	36.2
A_PA	371	3111	G	0	0	3111	37.7
A_PA	372	3500	A	0	0	3500	37.9
A_PA	373	3053	A	0	0	3053	36.3
A_PA	374	2979	G	0	0	2979	35.1
A_PA	375	2940	G	0	0	2940	35.3
A_PA	376	2699	G	0	0	2699	36.7
A_PA	377	3284	A	0	0	3284	36.1
A_PA	378	3099	A	0	0	3099	37.9
A_PA	379	3166	G	0	0	3166	35.3
A_PA	380	2828	T	0	0	2828	35.0
A_PA	381	2875	T	0	0	2875	35.7
A_PA	382	3020	C	0	0	3020	35.6
A_PA	383	3552	A	0	0	3552	34.3
A_PA	384	3508	C	0	0	3508	37.4
A_PA	385	3601	A	0	0	3601	34.9
A_PA	386	3308	T	0	0	3308	36.5
A_PA	387	3185	A	0	0	3185	35.0
A_PA	388	2995	T	0	0	2995	35.5
A_PA	389	2960	A	0	0	2960	36.5
A_PA	390	2899	C	0	0	2899	37.7
A_PA	391	3255	T	0	0	3255	36.9
A_PA	392	3240	A	0	0	3240	35.7
A_PA	393	2793	T	0	0	2793	34.6
A_PA	394	3097	T	0	0	3097	37.0
A_PA	395	2974	T	0	0	2974	36.4
A_PA	396	3185	A	0	0	3185	34.6
A_PA	397	3186	G	0	0	3186	37.5
A_PA	398	2844	A	0	0	2844	37.9
A_PA	399	3132	A	0	0	3132	35.1
A_PA	400	2887	A	0	0	2887	34.8
A_PA	401	3041	A	0	0	3041	35.0
A_PA	402	2842	A	0	0	2842	36.3
A_PA	403	3024	G	0	0	3024	34.7
A_PA	404	2753	C	0	0	2753	37.2
A_PA	405	2943	C	0	0	2943	37.8
A_PA	406	2822	A	0	0	2822	34.9
A_PA	407	2875	A	0	0	2875	34.7
A_PA	408	2992	C	0	0	2992	37.8
A_PA	409	3203	A	0	0	3203	35.8
A_PA	410	2945	A	0	0	2945	35.0
A_PA	411	2822	G	0	0	2822	37.7
A_PA	412	2916	A	0	0	2916	34.8
A_PA	413	2810	T	0	0	2810	37.5
A_PA	414	2931	A	0	0	2931	36.1
A_PA	415	2824	A	0	0	2824	36.4
A_PA	416	3291	A	0	0	3291	37.7
A_PA	417	3040	A	0	0	3040	36.5
A_PA	418	3054	T	0	0	3054	35.5
A_PA	419	2902	C	0	0	2902	35.3
A_PA	420	3090	A	0	0	3090	35.7
A_PA	421	3168	G	0	0	3168	36.2
A_PA	422	3001	A	0	0	3001	36.7
A_PA	423	2877	G	0	0	2877	36.8
A_PA	424	3253	A	0	0	3253	36.0
A_PA	425	3042	A	0	0	3042	36.7
A_PA	426	2926	A	0	0	2926	34.9
A_PA	427	3277	A	0	0	3277	36.8
A_PA	428	2778	C	0	0	2778	35.3
A_PA	429	2978	A	0	0	2978	36.1
A_PA	430	2923	C	0	0	2923	36.4
A_PA	431	3016	A	0	0	3016	36.1
A_PA	432	2773	T	0	0	2773	36.8
A_PA	433	2922	A	0	0	2922	34.5
A_PA	434	3016	T	0	0	3016	34.9
A_PA	435	3248	T	0	0	3248	36.9
A_PA	436	2845	C	0	0	2845	36.7
A_PA	437	2914	A	0	0	2914	35.4
A_PA	438	2864	C	0	0	2864	37.4
A_PA	439	2798	A	0	0	2798	37.8
A_PA	440	2846	T	0	0	2846	37.0
A_PA	441	2902	A	0	0	2902	37.8
A_PA	442	2892	T	0	0	2892	35.8
A_PA	443	3082	T	0	0	3082	35.3
A_PA	444	3071	C	0	0	3071	37.4
A_PA	445	2782	T	0	0	2782	36.3
A_PA	446	3047	C	0	0	3047	36.2
A_PA	447	2628	A	0	0	2628	36.1
A_PA	448	2647	T	0	0	2647	37.6
A_PA	449	2878	T	0	0	2878	37.4
A_PA	450	2848	C	0	0	2848	34.2
A_PA	451	2966	A	0	0	2966	36.0
A_PA	452	3079	C	0	0	3079	36.9
A_PA	453	2777	T	0	0	2777	36.0
A_PA	454	2696	G	0	0	2696	38.0
A_PA	455	2852	G	0	0	2852	34.1
A_PA	456	2571	A	0	0	2571	36.8
A_PA	457	2775	G	0	0	2775	35.2
A_PA	458	2823	A	0	0	2823	35.1
A_PA	459	3119	G	0	0	3119	35.8
A_PA	460	2691	G	0	0	2691	36.8
A_PA	461	3023	A	0	0	3023	35.7
A_PA	462	2830	A	0	0	2830	37.1
A_PA	463	2955	A	0	0	2955	37.1
A_PA	464	2933	T	0	0	2933	38.0
A_PA	465	2848	G	0	0	2848	35.0
A_PA	466	3071	G	0	0	3071	35.8
A_PA	467	2814	C	0	0	2814	35.4
A_PA	468	3153	C	0	0	3153	34.1
A_PA	469	3081	A	0	0	3081	36.0
A_PA	470	3148	C	0	0	3148	36.3
A_PA	471	2691	C	0	0	2691	36.1
A_PA	472	2670	A	0	0	2670	36.3
A_PA	473	2883	A	0	0	2883	36.0
A_PA	474	3067	G	0	0	3067	37.1
A_PA	475	2870	G	0	0	2870	36.5
A_PA	476	2773	C	0	0	2773	35.4
A_PA	477	2943	G	0	0	2943	36.7
A_PA	478	2796	G	0	0	2796	36.5
A_PA	479	2878	A	0	0	2878	35.7
A_PA	480	2833	C	0	0	2833	34.1
A_PA	481	3396	T	0	0	3396	34.1
A_PA	482	2613	A	0	0	2613	34.1
A_PA	483	3135	C	0	0	3135	38.0
A_PA	484	3055	A	0	0	3055	36.6
A_PA	485	2726	C	0	0	2726	36.6
A_PA	486	2892	C	0	0	2892	36.0
A_PA	487	2970	C	0	0	2970	36.1
A_PA	488	3373	T	0	0	3373	36.4
A_PA	489	3185	T	0	0	3185	34.7
A_PA	490	2976	G	0	0	2976	34.8
A_PA	491	3045	A	0	0	3045	34.4
A_PA	492	3099	T	0	0	3099	34.2
A_PA	493	3299	G	0	0	3299	35.4
A_PA	494	3435	A	0	0	3435	37.3
A_PA	495	3155	A	0	0	3155	37.8
A_PA	496	3138	G	0	0	3138	37.3
A_PA	497	3260	A	0	0	3260	35.5
A_PA	498	3031	G	0	0	3031	34.8
A_PA	499	2953	A	0	0	2953	35.6
A_PA	500	2827	G	0	0	2827	36.9
A_PA	501	2996	C	0	0	2996	37.4
A_PA	502	3136	A	0	0	3136	36.1
A_PA	503	3016	G	0	0	3016	36.7
A_PA	504	3172	A	0	0	3172	36.2
A_PA	505	3100	G	0	0	3100	37.8
A_PA	506	2869	C	0	0	2869	36.4
A_PA	507	3258	A	0	0	3258	37.1
A_PA	508	2908	A	0	0	2908	34.3
A_PA	509	3432	G	0	0	3432	34.6
A_PA	510	3101	A	0	0	3101	37.4
A_PA	511	3409	A	0	0	3409	37.6
A_PA	512	2983	T	0	0	2983	37.9
A_PA	513	2740	A	0	0	2740	37.3
A_PA	514	3279	A	0	0	3279	36.7
A_PA	515	3279	A	0	0	3279	36.8
A_PA	516	3268	A	0	0	3268	36.6
A_PA	517	3299	A	0	0	3299	34.6
A_PA	518	3242	C	0	0	3242	34.1
A_PA	519	3203	C	0	0	3203	34.9
A_PA	520	3550	A	0	0	3550	35.8
A_PA	521	3149	G	0	0	3149	36.0
A_PA	522	3445	A	0	0	3445	35.7
A_PA	523	3199	C	0	0	3199	37.5
A_PA	524	3145	T	0	0	3145	34.6
A_PA	525	3203	G	0	0	3203	37.3
A_PA	526	3390	T	0	0	3390	37.0
A_PA	527	3123	T	0	0	3123	36.9
A_PA	528	3253	C	0	0	3253	36.4
A_PA	529	3074	A	0	0	3074	35.9
A_PA	530	3218	C	0	0	3218	37.9
A_PA	531	3236	T	0	0	3236	34.7
A_PA	532	3276	A	0	0	3276	35.3
A_PA	533	3442	T	0	0	3442	37.4
A_PA	534	3445	A	0	0	3445	35.3
A_PA	535	3231	A	0	0	3231	36.3
A_PA	536	3373	G	0	0	3373	35.4
A_PA	537	3660	A	0	0	3660	37.2
A_PA	538	3594	C	0	0	3594	37.6
A_PA	539	3475	A	0	0	3475	35.9
A_PA	540	3680	A	0	0	3680	36.2
A_PA	541	3166	G	0	0	3166	37.2
A_PA	542	3524	A	0	0	3524	34.4
A_PA	543	4013	A	0	0	4013	35.6
A_PA	544	3877	A	0	0	3877	36.6
A_PA	545	3767	T	0	0	3767	35.8
A_PA	546	3516	G	0	0	3516	36.1
A_PA	547	3632	G	0	0	3632	36.5
A_PA	548	3788	C	0	0	3788	34.8
A_PA	549	3891	C	0	0	3891	36.1
A_PA	550	3708	A	0	0	3708	37.1
A_PA	551	3412	G	0	0	3412	34.7
A_PA	552	3474	T	0	0	3474	35.4
A_PA	553	3595	A	0	0	3595	35.6
A_PA	554	3667	G	0	0	3667	36.4
A_PA	555	3820	A	0	0	3820	35.5
A_PA	556	3699	G	0	0	3699	37.2
A_PA	557	3814	G	0	0	3814	34.1
A_PA	558	3795	T	0	0	3795	36.7
A_PA	559	3954	C	0	0	3954	37.9
A_PA	560	3908	T	0	0	3908	36.5
A_PA	561	3721	A	0	0	3721	35.8
A_PA	562	3602	T	0	0	3602	36.2
A_PA	563	3935	G	0	0	3935	37.6
A_PA	564	3639	G	0	0	3639	37.8
A_PA	565	4267	G	0	0	4267	38.0
A_PA	566	4364	A	0	0	4364	34.8
A_PA	567	3865	T	0	0	3865	34.8
A_PA	568	3502	T	0	0	3502	35.9
A_PA	569	3834	C	0	0	3834	35.3
A_PA	570	3959	C	0	0	3959	34.2
A_PA	571	4101	T	0	0	4101	35.3
A_PA	572	3759	T	0	0	3759	37.6
A_PA	573	3929	T	0	0	3929	34.1
A_PA	574	4086	C	0	0	4086	34.7
A_PA	575	4225	G	0	0	4225	37.5
A_PA	576	4294	T	0	0	4294	37.6
A_PA	577	4447	C	0	0	4447	37.8
A_PA	578	3454	A	0	0	3454	34.6
A_PA	579	4056	A	0	0	4056	35.4
A_PA	580	3899	T	0	0	3899	34.9
A_PA	581	4184	C	0	0	4184	34.3
A_PA	582	4142	C	0	0	4142	34.9
A_PA	583	3810	G	0	0	3810	36.1
A_PA	584	4222	A	0	0	4222	36.6
A_PA	585	3942	G	0	0	3942	34.6
A_PA	586	4367	A	0	0	4367	35.8
A_PA	587	4065	G	0	0	4065	35.7
A_PA	588	4069	A	0	0	4069	35.3
A_PA	589	4127	G	0	0	4127	34.4
A_PA	590	4025	G	0	0	4025	34.2
A_PA	591	3945	C	0	0	3945	37.4
A_PA	592	4246	G	0	0	4246	37.2
A_PA	593	4302	A	0	0	4302	37.8
A_PA	594	4261	A	0	0	4261	34.8
A_PA	595	4210	G	0	0	4210	34.5
A_PA	596	4435	A	0	0	4435	35.3
A_PA	597	4339	G	0	0	4339	37.6
A_PA	598	4095	A	0	0	4095	35.9
A_PA	599	4305	C	0	0	4305	36.1
A_PA	600	4350	A	0	0	4350	36.8
A_PA	601	4585	A	0	0	4585	34.7
A_PA	602	3984	T	0	0	3984	36.0
A_PA	603	4446	T	0	0	4446	35.9
A_PA	604	4018	G	0	0	4018	37.9
A_PA	605	4054	A	0	0	4054	34.0
A_PA	606	4055	A	0	0	4055	37.7
A_PA	607	4397	G	0	0	4397	35.1
A_PA	608	4112	A	0	0	4112	35.5
A_PA	609	4472	A	0	0	4472	34.5
A_PA	610	4506	A	0	0	4506	36.7
A_PA	611	4706	G	0	0	4706	35.7
A_PA	612	4171	A	0	0	4171	34.0
A_PA	613	4076	T	0	0	4076	34.1
A_PA	614	4514	T	0	0	4514	34.1
A_PA	615	4104	T	0	0	4104	37.1
A_PA	616	4474	G	0	0	4474	36.7
A_PA	617	4660	A	0	0	4660	35.5
A_PA	618	4598	A	0	0	4598	34.4
A_PA	619	4290	A	0	0	4290	37.7
A_PA	620	4282	T	0	0	4282	35.6
A_PA	621	4792	C	0	0	4792	36.8
A_PA	622	3981	A	0	0	3981	36.8
A_PA	623	4643	C	0	0	4643	35.3
A_PA	624	4679	A	0	0	4679	36.1
A_PA	625	4327	G	0	0	4327	37.7
A_PA	626	4222	G	0	0	4222	34.2
A_PA	627	4489	A	0	0	4489	34.9
A_PA	628	4585	A	0	0	4585	34.2
A_PA	629	4595	C	0	0	4595	37.6
A_PA	630	4660	C	0	0	4660	35.4
A_PA	631	4547	A	0	0	4547	38.0
A_PA	632	4450	T	0	0	4450	35.1
A_PA	633	4379	G	0	0	4379	35.3
A_PA	634	4778	C	0	0	4778	35.2
A_PA	635	4274	G	0	0	4274	34.9
A_PA	636	4338	C	0	0	4338	37.5
A_PA	637	4391	A	0	0	4391	37.6
A_PA	638	4241	G	0	0	4241	34.1
A_PA	639	4538	G	0	0	4538	36.7
A_PA	640	4038	C	0	0	4038	34.5
A_PA	641	4719	T	0	0	4719	36.2
A_PA	642	4677	T	0	0	4677	34.3
A_PA	643	4451	G	0	0	4451	36.0
A_PA	644	4700	C	0	0	4700	36.9
A_PA	645	4246	C	0	0	4246	34.0
A_PA	646	4653	G	0	0	4653	35.0
A_PA	647	4494	A	0	0	4494	34.4
A_PA	648	5213	C	0	0	5213	36.0
A_PA	649	4217	C	0	0	4217	35.7
A_PA	650	4889	A	0	0	4889	36.0
A_PA	651	4566	A	0	0	4566	35.6
A_PA	652	4746	A	0	0	4746	35.6
A_PA	653	4615	G	0	0	4615	34.9
A_PA	654	4397	T	0	0	4397	34.7
A_PA	655	4298	C	0	0	4298	36.5
A_PA	656	4659	T	0	0	4659	37.5
A_PA	657	4863	T	0	0	4863	35.3
A_PA	658	4298	C	0	0	4298	34.9
A_PA	659	4202	C	0	0	4202	34.7
A_PA	660	4029	A	0	0	4029	35.0
A_PA	661	4539	C	0	0	4539	35.9
A_PA	662	4601	C	0	0	4601	37.7
A_PA	663	4664	G	0	0	4664	34.4
A_PA	664	4644	A	0	0	4644	36.7
A_PA	665	4397	A	0	0	4397	37.8
A_PA	666	4278	C	0	0	4278	36.6
A_PA	667	4168	T	0	0	4168	34.0
A_PA	668	4277	T	0	0	4277	34.3
A_PA	669	4621	C	0	0	4621	35.0
A_PA	670	4923	T	0	0	4923	37.1
A_PA	671	4445	C	0	0	4445	34.5
A_PA	672	4282	C	0	0	4282	35.8
A_PA	673	4525	A	0	0	4525	35.2
A_PA	674	4542	G	0	0	4542	35.9
A_PA	675	4095	C	0	0	4095	34.3
A_PA	676	4285	C	0	0	4285	35.2
A_PA	677	4191	T	0	0	4191	37.5
A_PA	678	4647	T	0	0	4647	37.6
A_PA	679	4576	G	0	0	4576	36.9
A_PA	680	4232	A	0	0	4232	37.5
A_PA	681	4204	A	0	0	4204	37.8
A_PA	682	4235	A	0	0	4235	34.8
A_PA	683	3936	A	0	0	3936	37.5
A_PA	684	4203	C	0	0	4203	34.1
A_PA	685	4391	T	0	0	4391	37.6
A_PA	686	3831	T	0	0	3831	36.8
A_PA	687	4217	T	0	0	4217	36.6
A_PA	688	4290	A	0	0	4290	34.2
A_PA	689	4314	G	0	0	4314	37.2
A_PA	690	3976	A	0	0	3976	36.6
A_PA	691	4432	G	0	0	4432	35.0
A_PA	692	4427	C	0	0	4427	35.8
A_PA	693	4125	C	0	0	4125	37.2
A_PA	694	4555	T	0	0	4555	34.7
A_PA	695	4257	A	0	0	4257	36.4
A_PA	696	3947	T	0	0	3947	35.1
A_PA	697	3829	G	0	0	3829	36.8
A_PA	698	4147	T	0	0	4147	35.3
A_PA	699	4056	G	0	0	4056	36.4
A_PA	700	4073	G	0	0	4073	34.7
A_PA	701	4045	A	0	0	4045	36.0
A_PA	702	4305	T	0	0	4305	37.7
A_PA	703	3930	G	0	0	3930	35.6
A_PA	704	4200	G	0	0	4200	37.6
A_PA	705	4147	A	0	0	4147	36.0
A_PA	706	4328	T	0	0	4328	34.3
A_PA	707	4275	T	0	0	4275	37.1
A_PA	708	3983	C	0	0	3983	36.4
A_PA	709	3788	G	0	0	3788	37.6
A_PA	710	4189	A	0	0	4189	35.3
A_PA	711	4208	A	0	0	4208	37.7
A_PA	712	3650	C	0	0	3650	37.2
A_PA	713	3738	C	0	0	3738	35.9
A_PA	714	3691	G	0	0	3691	34.7
A_PA	715	3860	A	0	0	3860	36.2
A_PA	716	3801	A	0	0	3801	34.1
A_PA	717	4120	C	0	0	4120	37.5
A_PA	718	3593	G	0	0	3593	34.7
A_PA	719	3884	G	0	0	3884	35.2
A_PA	720	3856	C	0	0	3856	35.4
A_PA	721	3925	T	0	0	3925	35.9
A_PA	722	3897	G	0	0	3897	34.7
A_PA	723	3559	C	0	0	3559	37.2
A_PA	724	3580	A	0	0	3580	34.1
A_PA	725	3697	T	0	0	3697	35.7
A_PA	726	3904	T	0	0	3904	35.2
A_PA	727	3457	G	0	0	3457	37.2
A_PA	728	3698	A	0	0	3698	35.1
A_PA	729	3378	G	0	0	3378	37.7
A_PA	730	3629	G	0	0	3629	36.8
A_PA	731	3620	G	0	0	3620	36.6
A_PA	732	3623	C	0	0	3623	35.7
A_PA	733	3987	A	0	0	3987	37.5
A_PA	734	3430	A	0	0	3430	36.9
A_PA	735	3982	A	0	0	3982	35.6
A_PA	736	4111	C	0	0	4111	34.9
A_PA	737	3292	T	0	0	3292	37.1
A_PA	738	3548	T	0	0	3548	34.9
A_PA	739	3936	T	0	0	3936	37.1
A_PA	740	3632	C	0	0	3632	36.1
A_PA	741	3719	T	0	0	3719	37.5
A_PA	742	3487	C	0	0	3487	35.0
A_PA	743	3524	A	0	0	3524	37.4
A_PA	744	3852	A	0	0	3852	36.7
A_PA	745	3271	A	0	0	3271	35.7
A_PA	746	3872	T	0	0	3872	34.9
A_PA	747	3412	G	0	0	3412	34.4
A_PA	748	3473	T	0	0	3473	34.8
A_PA	749	3698	C	0	0	3698	35.1
A_PA	750	3866	A	0	0	3866	37.3
A_PA	751	3675	A	0	0	3675	37.0
A_PA	752	3421	A	0	0	3421	36.7
A_PA	753	3390	A	0	0	3390	36.0
A_PA	754	3171	G	0	0	3171	35.1
A_PA	755	3307	A	0	0	3307	37.6
A_PA	756	3620	A	0	0	3620	35.0
A_PA	757	3488	G	0	0	3488	35.7
A_PA	758	3250	T	0	0	3250	34.7
A_PA	759	3618	G	0	0	3618	36.1
A_PA	760	3591	A	0	0	3591	35.2
A_PA	761	3324	A	0	0	3324	34.3
A_PA	762	3092	C	0	0	3092	37.9
A_PA	763	3450	G	0	0	3450	36.4
A_PA	764	3671	C	0	0	3671	37.3
A_PA	765	3279	C	0	0	3279	35.9
A_PA	766	2960	A	0	0	2960	37.5
A_PA	767	3166	G	0	0	3166	35.6
A_PA	768	3214	A	0	0	3214	37.7
A_PA	769	3198	A	0	0	3198	37.5
A_PA	770	3285	T	0	0	3285	34.5
A_PA	771	3219	T	0	0	3219	37.3
A_PA	772	3125	G	0	0	3125	36.3
A_PA	773	2788	A	0	0	2788	36.9
A_PA	774	3001	G	0	0	3001	36.8
A_PA	775	3476	C	0	0	3476	35.5
A_PA	776	3041	C	0	0	3041	36.4
A_PA	777	3184	A	0	0	3184	34.5
A_PA	778	3361	T	0	0	3361	35.4
A_PA	779	3038	T	0	0	3038	35.0
A_PA	780	2867	T	0	0	2867	36.5
A_PA	781	3088	C	0	0	3088	34.7
A_PA	782	3007	T	0	0	3007	36.7
A_PA	783	3069	G	0	0	3069	37.6
A_PA	784	2774	A	0	0	2774	34.0
A_PA	785	3155	A	0	0	3155	36.5
A_PA	786	3285	G	0	0	3285	36.5
A_PA	787	2865	A	0	0	2865	34.4
A_PA	788	3050	C	0	0	3050	36.0
A_PA	789	2903	A	0	0	2903	36.8
A_PA	790	2968	A	0	0	2968	38.0
A_PA	791	3094	C	0	0	3094	38.0
A_PA	792	2611	A	0	0	2611	37.7
A_PA	793	3041	C	0	0	3041	36.4
A_PA	794	3088	C	0	0	3088	35.5
A_PA	795	2827	A	0	0	2827	37.7
A_PA	796	3075	C	0	0	3075	34.7
A_PA	797	3192	G	0	0	3192	34.1
A_PA	798	3211	C	0	0	3211	37.9
A_PA	799	3117	C	0	0	3117	36.9
A_PA	800	3039	C	0	0	3039	36.8
A_PA	801	3003	T	0	0	3003	36.2
A_PA	802	2905	C	0	0	2905	36.4
A_PA	803	3014	T	0	0	3014	36.6
A_PA	804	3217	C	0	0	3217	35.3
A_PA	805	3092	A	0	0	3092	37.4
A_PA	806	2856	G	0	0	2856	35.4
A_PA	807	2916	A	0	0	2916	37.6
A_PA	808	2747	T	0	0	2747	36.0
A_PA	809	2923	T	0	0	2923	37.2
A_PA	810	2688	A	0	0	2688	37.9
A_PA	811	2675	C	0	0	2675	36.2
A_PA	812	2929	C	0	0	2929	34.9
A_PA	813	3000	T	0	0	3000	35.0
A_PA	814	2912	G	0	0	2912	35.8
A_PA	815	2794	A	0	0	2794	35.9
A_PA	816	2761	T	0	0	2761	34.5
A_PA	817	3163	G	0	0	3163	36.7
A_PA	818	2903	G	0	0	2903	34.4
A_PA	819	2672	G	0	0	2672	36.4
A_PA	820	3112	C	0	0	3112	35.1
A_PA	821	2885	C	0	0	2885	37.6
A_PA	822	2785	T	0	0	2785	37.4
A_PA	823	2876	C	0	0	2876	34.8
A_PA	824	2721	C	0	0	2721	35.3
A_PA	825	2709	C	0	0	2709	36.1
A_PA	826	2643	T	0	0	2643	34.3
A_PA	827	2851	G	0	0	2851	35.7
A_PA	828	2710	T	0	0	2710	37.1
A_PA	829	2971	T	0	0	2971	36.1
A_PA	830	2753	C	0	0	2753	34.9
A_PA	831	3007	T	0	0	3007	37.8
A_PA	832	2715	C	0	0	2715	35.7
A_PA	833	3184	A	0	0	3184	37.2
A_PA	834	2991	G	0	0	2991	35.3
A_PA	835	2615	C	0	0	2615	36.4
A_PA	836	2728	G	0	0	2728	36.6
A_PA	837	3262	G	0	0	3262	37.2
A_PA	838	2987	T	0	0	2987	37.9
A_PA	839	3195	C	0	0	3195	34.2
A_PA	840	2632	G	0	0	2632	36.3
A_PA	841	3154	A	0	0	3154	36.8
A_PA	842	2648	A	0	0	2648	37.0
A_PA	843	2534	G	0	0	2534	37.4
A_PA	844	3087	T	0	0	3087	36.2
A_PA	845	3002	T	0	0	3002	36.4
A_PA	846	3064	C	0	0	3064	36.4
A_PA	847	2922	T	0	0	2922	34.6
A_PA	848	2820	T	0	0	2820	35.4
A_PA	849	2935	G	0	0	2935	34.3
A_PA	850	2912	C	0	0	2912	35.6
A_PA	851	2844	T	0	0	2844	35.3
A_PA	852	2577	G	0	0	2577	37.4
A_PA	853	3030	A	0	0	3030	37.5
A_PA	854	2573	T	0	0	2573	37.8
A_PA	855	2760	G	0	0	2760	34.1
A_PA	856	3095	G	0	0	3095	35.9
A_PA	857	3240	A	0	0	3240	35.4
A_PA	858	3164	T	0	0	3164	34.5
A_PA	859	2595	G	0	0	2595	35.7
A_PA	860	2980	C	0	0	2980	37.6
A_PA	861	2993	C	0	0	2993	36.2
A_PA	862	2872	C	0	0	2872	34.9
A_PA	863	2874	T	0	0	2874	36.2
A_PA	864	2874	T	0	0	2874	36.6
A_PA	865	3393	A	0	0	3393	37.4
A_PA	866	2854	A	0	0	2854	36.0
A_PA	867	2745	G	0	0	2745	34.6
A_PA	868	3231	T	0	0	3231	36.3
A_PA	869	2812	T	0	0	2812	36.8
A_PA	870	2670	G	0	0	2670	37.9
A_PA	871	3073	A	0	0	3073	37.0
A_PA	872	2814	G	0	0	2814	34.8
A_PA	873	3007	C	0	0	3007	36.0
A_PA	874	3217	A	0	0	3217	36.5
A_PA	875	2988	T	0	0	2988	37.1
A_PA	876	3259	C	0	0	3259	36.3
A_PA	877	3308	G	0	0	3308	35.8
A_PA	878	2912	A	0	0	2912	35.0
A_PA	879	2999	A	0	0	2999	36.9
A_PA	880	2989	G	0	0	2989	35.5
A_PA	881	3124	A	0	0	3124	36.2
A_PA	882	2866	C	0	0	2866	36.4
A_PA	883	3326	C	0	0	3326	36.4
A_PA	884	3006	C	0	0	3006	34.8
A_PA	885	2800	T	0	0	2800	35.5
A_PA	886	2717	A	0	0	2717	35.1
A_PA	887	3121	G	0	0	3121	37.8
A_PA	888	2884	C	0	0	2884	34.4
A_PA	889	3331	C	0	0	3331	37.7
A_PA	890	3292	A	0	0	3292	38.0
A_PA	891	2987	T	0	0	2987	35.4
A_PA	892	3663	G	0	0	3663	34.0
A_PA	893	2944	A	0	0	2944	35.6
A_PA	894	3324	G	0	0	3324	37.0
A_PA	895	3508	G	0	0	3508	35.5
A_PA	896	3053	G	0	0	3053	37.7
A_PA	897	3137	G	0	0	3137	34.9
A_PA	898	3117	G	0	0	3117	36.2
A_PA	899	3380	A	0	0	3380	36.1
A_PA	900	3063	G	0	0	3063	37.3
A_PA	901	3095	G	0	0	3095	38.0
A_PA	902	3186	G	0	0	3186	37.5
A_PA	903	2962	C	0	0	2962	35.4
A_PA	904	3362	A	0	0	3362	36.0
A_PA	905	2962	T	0	0	2962	36.4
A_PA	906	3188	A	0	0	3188	36.3
A_PA	907	3353	C	0	0	3353	37.7
A_PA	908	2811	C	0	0	2811	36.6
A_PA	909	3266	G	0	0	3266	36.0
A_PA	910	2982	C	0	0	2982	34.1
A_PA	911	3046	T	0	0	3046	34.2
A_PA	912	3125	G	0	0	3125	36.8
A_PA	913	3014	T	0	0	3014	34.6
A_PA	914	2774	A	0	0	2774	36.2
A_PA	915	2896	T	0	0	2896	36.4
A_PA	916	3104	G	0	0	3104	37.8
A_PA	917	3070	A	0	0	3070	36.0
A_PA	918	3137	T	0	0	3137	36.0
A_PA	919	3110	G	0	0	3110	35.2
A_PA	920	3393	C	0	0	3393	34.2
A_PA	921	3119	A	0	0	3119	35.2
A_PA	922	2905	A	0	0	2905	34.8
A_PA	923	3246	T	0	0	3246	36.7
A_PA	924	3351	C	0	0	3351	35.7
A_PA	925	3038	A	0	0	3038	34.9
A_PA	926	3366	A	0	0	3366	36.2
A_PA	927	3201	A	0	0	3201	36.1
A_PA	928	2957	T	0	0	2957	34.6
A_PA	929	3415	G	0	0	3415	34.7
A_PA	930	3038	C	0	0	3038	34.7
A_PA	931	3184	A	0	0	3184	34.6
A_PA	932	3329	T	0	0	3329	37.2
A_PA	933	3111	G	0	0	3111	36.5
A_PA	934	3175	A	0	0	3175	34.6
A_PA	935	2959	A	0	0	2959	36.3
A_PA	936	3309	G	0	0	3309	34.5
A_PA	937	2890	A	0	0	2890	34.6
A_PA	938	3279	C	0	0	3279	36.5
A_PA	939	3269	A	0	0	3269	34.3
A_PA	940	2984	T	0	0	2984	35.3
A_PA	941	3013	T	0	0	3013	35.1
A_PA	942	3440	T	0	0	3440	37.5
A_PA	943	3055	T	0	0	3055	35.5
A_PA	944	3124	T	0	0	3124	37.1
A_PA	945	3219	T	0	0	3219	37.5
A_PA	946	2965	G	0	0	2965	36.6
A_PA	947	2905	G	0	0	2905	38.0
A_PA	948	3159	C	0	0	3159	36.8
A_PA	949	2991	T	0	0	2991	37.5
A_PA	950	3455	G	0	0	3455	34.3
A_PA	951	3087	G	0	0	3087	34.8
A_PA	952	3093	A	0	0	3093	37.2
A_PA	953	3058	A	0	0	3058	36.5
A_PA	954	3070	A	0	0	3070	37.4
A_PA	955	3108	G	0	0	3108	37.9
A_PA	956	3000	A	0	0	3000	34.3
A_PA	957	3172	G	0	0	3172	37.5
A_PA	958	3083	C	0	0	3083	35.8
A_PA	959	2859	C	0	0	2859	34.3
A_PA	960	3328	C	0	0	3328	35.7
A_PA	961	3057	A	0	0	3057	37.1
A_PA	962	2900	A	0	0	2900	35.8
A_PA	963	2598	C	0	0	2598	35.1
A_PA	964	3231	A	0	0	3231	37.9
A_PA	965	3164	T	0	0	3164	37.7
A_PA	966	3019	C	0	0	3019	37.8
A_PA	967	2985	G	0	0	2985	37.5
A_PA	968	3222	T	0	0	3222	36.7
A_PA	969	2765	A	0	0	2765	36.8
A_PA	970	3042	A	0	0	3042	36.7
A_PA	971	2990	A	0	0	2990	35.4
A_PA	972	3221	G	0	0	3221	35.0
A_PA	973	3121	C	0	0	3121	34.5
A_PA	974	3107	C	0	0	3107	37.2
A_PA	975	3090	G	0	0	3090	34.9
A_PA	976	3293	C	0	0	3293	36.7
A_PA	977	3337	A	0	0	3337	37.3
A_PA	978	2716	T	0	0	2716	38.0
A_PA	979	2821	G	0	0	2821	37.3
A_PA	980	2644	A	0	0	2644	37.9
A_PA	981	2942	G	0	0	2942	34.9
A_PA	982	2894	A	0	0	2894	34.6
A_PA	983	2754	A	0	0	2754	35.7
A_PA	984	3366	A	0	0	3366	36.3
A_PA	985	2544	G	0	0	2544	37.0
A_PA	986	2858	G	0	0	2858	37.3
A_PA	987	2857	C	0	0	2857	35.3
A_PA	988	2975	A	0	0	2975	35.3
A_PA	989	2942	T	0	0	2942	36.0
A_PA	990	2820	A	0	0	2820	36.9
A_PA	991	2656	A	0	0	2656	38.0
A_PA	992	3089	A	0	0	3089	36.2
A_PA	993	2654	C	0	0	2654	36.0
A_PA	994	3206	C	0	0	3206	37.3
A_PA	995	2735	C	0	0	2735	34.2
A_PA	996	2973	T	0	0	2973	36.8
A_PA	997	2921	A	0	0	2921	34.4
A_PA	998	3095	A	0	0	3095	37.2
A_PA	999	2903	T	0	0	2903	34.9
A_PA	1000	2549	T	0	0	2549	37.3
A_PA	1001	2745	A	0	0	2745	37.1
A_PA	1002	2940	C	0	0	2940	37.4
A_PA	1003	2796	C	0	0	2796	34.9
A_PA	1004	2754	T	0	0	2754	34.9
A_PA	1005	2819	C	0	0	2819	36.1
A_PA	1006	2908	C	0	0	2908	35.8
A_PA	1007	2815	T	0	0	2815	35.1
A_PA	1008	2600	G	0	0	2600	35.5
A_PA	1009	2992	G	0	0	2992	36.5
A_PA	1010	2727	C	0	0	2727	35.2
A_PA	1011	2548	T	0	0	2548	34.2
A_PA	1012	2691	T	0	0	2691	37.8
A_PA	1013	2512	G	0	0	2512	37.6
A_PA	1014	2642	G	0	0	2642	37.2
A_PA	1015	2754	A	0	0	2754	37.4
A_PA	1016	2656	A	0	0	2656	35.8
A_PA	1017	2713	G	0	0	2713	36.2
A_PA	1018	2683	C	0	0	2683	35.1
A_PA	1019	2809	A	0	0	2809	34.6
A_PA	1020	2356	G	0	0	2356	36.0
A_PA	1021	2686	G	0	0	2686	37.3
A_PA	1022	2758	T	0	0	2758	36.0
A_PA	1023	2784	G	0	0	2784	34.5
A_PA	1024	2751	C	0	0	2751	34.5
A_PA	1025	2848	T	0	0	2848	35.1
A_PA	1026	2537	G	0	0	2537	34.4
A_PA	1027	2446	G	0	0	2446	35.1
A_PA	1028	2667	C	0	0	2667	34.3
A_PA	1029	2740	A	0	0	2740	36.0
A_PA	1030	2590	G	0	0	2590	36.5
A_PA	1031	2225	A	0	0	2225	34.6
A_PA	1032	2579	A	0	0	2579	35.3
A_PA	1033	2358	C	0	0	2358	37.3
A_PA	1034	2655	T	0	0	2655	34.9
A_PA	1035	2444	T	0	0	2444	36.8
A_PA	1036	2718	C	0	0	2718	36.9
A_PA	1037	2289	A	0	0	2289	36.1
A_PA	1038	2338	A	0	0	2338	35.0
A_PA	1039	2415	G	0	0	2415	34.2
A_PA	1040	2557	A	0	0	2557	34.6
A_PA	1041	2799	C	0	0	2799	35.7
A_PA	1042	2648	A	0	0	2648	34.8
A_PA	1043	2272	T	0	0	2272	35.8
A_PA	1044	2587	T	0	0	2587	37.9
A_PA	1045	2542	G	0	0	2542	35.2
A_PA	1046	2197	A	0	0	2197	37.0
A_PA	1047	2563	A	0	0	2563	38.0
A_PA	1048	2399	A	0	0	2399	35.4
A_PA	1049	2390	A	0	0	2390	37.3
A_PA	1050	2729	T	0	0	2729	34.0
A_PA	1051	2361	G	0	0	2361	36.2
A_PA	1052	2240	A	0	0	2240	36.5
A_PA	1053	2161	G	0	0	2161	35.8
A_PA	1054	2302	G	0	0	2302	37.7
A_PA	1055	2407	A	0	0	2407	34.6
A_PA	1056	2165	G	0	0	2165	34.6
A_PA	1057	2340	A	0	0	2340	35.9
A_PA	1058	2413	A	0	0	2413	37.4
A_PA	1059	2461	A	0	0	2461	36.6
A_PA	1060	2308	A	0	0	2308	36.5
A_PA	1061	2183	T	0	0	2183	35.6
A_PA	1062	2077	T	0	0	2077	34.5
A_PA	1063	2227	C	0	0	2227	37.2
A_PA	1064	2497	C	0	0	2497	34.5
A_PA	1065	2315	A	0	0	2315	37.8
A_PA	1066	2367	A	0	0	2367	34.3
A_PA	1067	2265	A	0	0	2265	37.5
A_PA	1068	2384	A	0	0	2384	35.9
A_PA	1069	2439	A	0	0	2439	37.8
A_PA	1070	2610	C	0	0	2610	36.6
A_PA	1071	2564	A	0	0	2564	36.2
A_PA	1072	2194	A	0	0	2194	34.1
A_PA	1073	2398	A	0	0	2398	36.5
A_PA	1074	2501	G	0	0	2501	34.9
A_PA	1075	2236	A	0	0	2236	37.1
A_PA	1076	2544	A	0	0	2544	36.4
A_PA	1077	2366	C	0	0	2366	35.6
A_PA	1078	2353	A	0	0	2353	35.5
A_PA	1079	2146	T	0	0	2146	37.0
A_PA	1080	2572	G	0	0	2572	34.5
A_PA	1081	2328	A	0	0	2328	36.6
A_PA	1082	2445	A	0	0	2445	35.2
A_PA	1083	2283	G	0	0	2283	35.9
A_PA	1084	2440	A	0	0	2440	35.8
A_PA	1085	2492	A	0	0	2492	36.5
A_PA	1086	2394	A	0	0	2394	34.1
A_PA	1087	2346	A	0	0	2346	34.3
A_PA	1088	2182	C	0	0	2182	34.7
A_PA	1089	2421	A	0	0	2421	37.3
A_PA	1090	2499	A	0	0	2499	34.1
A_PA	1091	2144	G	0	0	2144	34.1
A_PA	1092	2328	C	0	0	2328	34.6
A_PA	1093	2322	C	0	0	2322	35.8
A_PA	1094	2493	A	0	0	2493	38.0
A_PA	1095	2323	A	0	0	2323	36.9
A_PA	1096	2280	T	0	0	2280	36.2
A_PA	1097	2168	T	0	0	2168	36.4
A_PA	1098	2146	G	0	0	2146	37.0
A_PA	1099	2616	A	0	0	2616	34.3
A_PA	1100	2299	A	0	0	2299	35.4
A_PA	1101	2370	G	0	0	2370	34.4
A_PA	1102	2256	T	0	0	2256	35.1
A_PA	1103	2326	G	0	0	2326	36.2
A_PA	1104	2221	G	0	0	2221	36.3
A_PA	1105	2685	G	0	0	2685	36.7
A_PA	1106	2226	C	0	0	2226	34.2
A_PA	1107	2373	A	0	0	2373	37.7
A_PA	1108	2351	C	0	0	2351	35.7
A_PA	1109	2327	T	0	0	2327	37.2
A_PA	1110	2358	T	0	0	2358	34.9
A_PA	1111	2472	G	0	0	2472	37.1
A_PA	1112	2414	G	0	0	2414	34.2
A_PA	1113	2432	T	0	0	2432	34.3
A_PA	1114	2661	G	0	0	2661	37.3
A_PA	1115	2384	A	0	0	2384	37.5
A_PA	1116	2620	G	0	0	2620	37.5
A_PA	1117	2469	A	0	0	2469	37.7
A_PA	1118	2359	A	0	0	2359	34.3
A_PA	1119	2478	C	0	0	2478	35.9
A_PA	1120	2581	A	0	0	2581	35.9
A_PA	1121	2634	T	0	0	2634	35.1
A_PA	1122	2619	G	0	0	2619	34.5
A_PA	1123	2741	G	0	0	2741	34.8
A_PA	1124	2506	C	0	0	2506	37.7
A_PA	1125	2681	T	0	0	2681	34.0
A_PA	1126	2309	C	0	0	2309	36.6
A_PA	1127	2633	C	0	0	2633	34.6
A_PA	1128	2406	A	0	0	2406	37.5
A_PA	1129	2561	G	0	0	2561	35.6
A_PA	1130	2689	A	0	0	2689	37.3
A_PA	1131	2704	A	0	0	2704	35.9
A_PA	1132	2564	A	0	0	2564	37.3
A_PA	1133	2480	A	0	0	2480	36.0
A_PA	1134	2626	A	0	0	2626	37.9
A_PA	1135	3011	G	0	0	3011	36.5
A_PA	1136	2705	T	0	0	2705	36.8
A_PA	1137	2827	G	0	0	2827	34.4
A_PA	1138	2486	G	0	0	2486	37.6
A_PA	1139	2712	A	0	0	2712	37.8
A_PA	1140	2711	C	0	0	2711	35.2
A_PA	1141	2907	T	0	0	2907	34.8
A_PA	1142	2854	T	0	0	2854	37.3
A_PA	1143	2490	T	0	0	2490	36.6
A_PA	1144	2806	G	0	0	2806	37.0
A_PA	1145	2671	A	0	0	2671	35.0
A_PA	1146	2855	G	0	0	2855	36.5
A_PA	1147	2874	G	0	0	2874	34.2
A_PA	1148	2452	A	0	0	2452	34.4
A_PA	1149	2737	C	0	0	2737	35.1
A_PA	1150	2698	T	0	0	2698	35.4
A_PA	1151	2720	G	0	0	2720	37.4
A_PA	1152	2896	C	0	0	2896	34.5
A_PA	1153	2825	A	0	0	2825	35.7
A_PA	1154	2682	A	0	0	2682	34.2
A_PA	1155	3186	A	0	0	3186	36.9
A_PA	1156	3166	G	0	0	3166	35.4
A_PA	1157	2662	A	0	0	2662	36.4
A_PA	1158	2791	T	0	0	2791	37.1
A_PA	1159	2716	G	0	0	2716	35.4
A_PA	1160	3030	T	0	0	3030	37.0
A_PA	1161	2712	T	0	0	2712	37.4
A_PA	1162	3257	A	0	0	3257	36.3
A_PA	1163	2471	G	0	0	2471	35.4
A_PA	1164	2939	C	0	0	2939	34.0
A_PA	1165	2908	G	0	0	2908	36.1
A_PA	1166	2979	A	0	0	2979	36.6
A_PA	1167	2981	T	0	0	2981	35.7
A_PA	1168	3452	C	0	0	3452	37.5
A_PA	1169	3563	T	0	0	3563	37.4
A_PA	1170	2903	A	0	0	2903	36.3
A_PA	1171	2769	A	0	0	2769	34.3
A_PA	1172	2900	G	0	0	2900	36.8
A_PA	1173	3045	A	0	0	3045	37.0
A_PA	1174	3300	C	0	0	3300	35.8
A_PA	1175	3219	A	0	0	3219	35.3
A_PA	1176	3575	G	0	0	3575	37.0
A_PA	1177	3280	T	0	0	3280	34.7
A_PA	1178	3592	A	0	0	3592	35.1
A_PA	1179	3459	C	0	0	3459	37.5
A_PA	1180	3360	G	0	0	3360	36.6
A_PA	1181	3123	A	0	0	3123	36.8
A_PA	1182	3268	C	0	0	3268	36.7
A_PA	1183	3109	A	0	0	3109	35.8
A_PA	1184	3175	G	0	0	3175	37.1
A_PA	1185	2946	T	0	0	2946	34.0
A_PA	1186	3292	G	0	0	3292	36.0
A_PA	1187	3204	A	0	0	3204	34.4
A_PA	1188	3249	C	0	0	3249	37.0
A_PA	1189	3394	G	0	0	3394	34.8
A_PA	1190	3463	A	0	0	3463	36.3
A_PA	1191	3483	A	0	0	3483	35.7
A_PA	1192	3156	C	0	0	3156	37.4
A_PA	1193	3735	C	0	0	3735	35.1
A_PA	1194	3297	A	0	0	3297	37.0
A_PA	1195	3425	G	0	0	3425	35.9
A_PA	1196	3607	A	0	0	3607	36.0
A_PA	1197	3548	G	0	0	3548	34.5
A_PA	1198	3358	T	0	0	3358	37.9
A_PA	1199	3296	C	0	0	3296	35.6
A_PA	1200	3376	T	0	0	3376	36.6
A_PA	1201	3894	A	0	0	3894	36.4
A_PA	1202	3489	G	0	0	3489	37.7
A_PA	1203	3666	A	0	0	3666	37.8
A_PA	1204	3695	T	0	0	3695	35.7
A_PA	1205	3571	C	0	0	3571	37.4
A_PA	1206	3876	A	0	0	3876	36.2
A_PA	1207	3806	C	0	0	3806	34.8
A_PA	1208	3809	T	0	0	3809	34.6
A_PA	1209	3688	A	0	0	3688	37.0
A_PA	1210	3952	G	0	0	3952	37.4
A_PA	1211	3722	C	0	0	3722	37.4
A_PA	1212	3371	A	0	0	3371	34.9
A_PA	1213	3609	A	0	0	3609	36.2
A_PA	1214	3639	G	0	0	3639	36.9
A_PA	1215	3773	C	0	0	3773	36.5
A_PA	1216	3954	T	0	0	3954	35.5
A_PA	1217	3980	G	0	0	3980	34.2
A_PA	1218	3575	G	0	0	3575	37.6
A_PA	1219	3960	A	0	0	3960	37.2
A_PA	1220	3799	T	0	0	3799	35.2
A_PA	1221	3602	T	0	0	3602	37.0
A_PA	1222	3874	C	0	0	3874	34.3
A_PA	1223	4250	A	0	0	4250	37.7
A_PA	1224	4034	G	0	0	4034	36.6
A_PA	1225	4161	A	0	0	4161	35.9
A_PA	1226	3886	G	0	0	3886	34.7
A_PA	1227	3539	T	0	0	3539	37.5
A_PA	1228	4170	G	0	0	4170	37.9
A_PA	1229	4087	A	0	0	4087	37.7
A_PA	1230	4091	A	0	0	4091	37.9
A_PA	1231	4526	T	0	0	4526	37.0
A_PA	1232	3595	T	0	0	3595	35.9
A_PA	1233	3633	C	0	0	3633	36.4
A_PA	1234	4304	A	0	0	4304	37.1
A_PA	1235	4101	A	0	0	4101	34.4
A_PA	1236	3779	C	0	0	3779	34.6
A_PA	1237	4030	A	0	0	4030	34.8
A_PA	1238	3715	A	0	0	3715	36.9
A_PA	1239	4061	G	0	0	4061	36.2
A_PA	1240	4413	G	0	0	4413	35.2
A_PA	1241	3852	C	0	0	3852	36.8
A_PA	1242	4126	A	0	0	4126	35.6
A_PA	1243	4135	T	0	0	4135	36.2
A_PA	1244	4112	G	0	0	4112	36.1
A_PA	1245	3744	C	0	0	3744	37.0
A_PA	1246	3782	G	0	0	3782	34.1
A_PA	1247	4174	A	0	0	4174	35.2
A_PA	1248	3858	A	0	0	3858	35.7
A_PA	1249	4433	C	0	0	4433	36.7
A_PA	1250	3854	T	0	0	3854	36.7
A_PA	1251	4146	G	0	0	4146	37.1
A_PA	1252	3908	A	0	0	3908	35.3
A_PA	1253	4497	C	0	0	4497	35.5
A_PA	1254	4296	A	0	0	4296	37.0
A_PA	1255	3864	G	0	0	3864	34.8
A_PA	1256	4141	A	0	0	4141	35.2
A_PA	1257	4214	T	0	0	4214	37.0
A_PA	1258	4368	T	0	0	4368	35.1
A_PA	1259	4711	C	0	0	4711	34.8
A_PA	1260	4335	G	0	0	4335	37.5
A_PA	1261	4154	A	0	0	4154	35.8
A_PA	1262	4332	G	0	0	4332	36.6
A_PA	1263	4298	T	0	0	4298	37.4
A_PA	1264	4179	T	0	0	4179	37.7
A_PA	1265	4107	G	0	0	4107	35.2
A_PA	1266	4298	G	0	0	4298	34.1
A_PA	1267	4658	A	0	0	4658	36.4
A_PA	1268	3968	T	0	0	3968	36.5
A_PA	1269	4204	T	0	0	4204	34.1
A_PA	1270	4518	G	0	0	4518	37.2
A_PA	1271	3880	A	0	0	3880	36.8
A_PA	1272	4464	A	0	0	4464	35.3
A_PA	1273	4341	C	0	0	4341	36.4
A_PA	1274	4659	T	0	0	4659	37.7
A_PA	1275	4225	T	0	0	4225	34.1
A_PA	1276	4325	G	0	0	4325	35.7
A_PA	1277	4115	A	0	0	4115	35.2
A_PA	1278	4454	T	0	0	4454	36.9
A_PA	1279	4186	G	0	0	4186	35.4
A_PA	1280	4579	A	0	0	4579	35.6
A_PA	1281	4023	G	0	0	4023	35.4
A_PA	1282	3914	A	0	0	3914	34.1
A_PA	1283	4089	T	0	0	4089	38.0
A_PA	1284	4221	A	0	0	4221	34.2
A_PA	1285	4471	G	0	0	4471	37.4
A_PA	1286	4117	G	0	0	4117	36.2
A_PA	1287	4418	G	0	0	4418	35.4
A_PA	1288	4687	G	0	0	4687	35.9
A_PA	1289	4112	A	0	0	4112	34.5
A_PA	1290	3925	A	0	0	3925	34.3
A_PA	1291	4382	G	0	0	4382	35.8
A_PA	1292	4085	A	0	0	4085	36.2
A_PA	1293	4163	C	0	0	4163	36.6
A_PA	1294	4240	G	0	0	4240	36.4
A_PA	1295	4424	T	0	0	4424	35.0
A_PA	1296	4402	T	0	0	4402	37.5
A_PA	1297	4004	G	0	0	4004	37.7
A_PA	1298	4253	C	0	0	4253	37.1
A_PA	1299	5245	T	0	0	5245	37.6
A_PA	1300	4107	C	0	0	4107	35.9
A_PA	1301	4323	C	0	0	4323	34.5
A_PA	1302	4176	A	0	0	4176	34.1
A_PA	1303	4158	A	0	0	4158	35.2
A_PA	1304	4341	T	0	0	4341	37.7
A_PA	1305	4358	C	0	0	4358	34.3
A_PA	1306	4838	G	0	0	4838	35.5
A_PA	1307	3769	A	0	0	3769	37.3
A_PA	1308	3936	A	0	0	3936	35.1
A_PA	1309	3931	C	0	0	3931	34.1
A_PA	1310	4105	A	0	0	4105	38.0
A_PA	1311	4194	C	0	0	4194	36.6
A_PA	1312	4417	A	0	0	4417	34.6
A_PA	1313	4257	T	0	0	4257	34.6
A_PA	1314	4006	T	0	0	4006	34.7
A_PA	1315	4001	G	0	0	4001	36.6
A_PA	1316	3902	C	0	0	3902	35.6
A_PA	1317	4296	G	0	0	4296	36.9
A_PA	1318	3980	A	0	0	3980	35.3
A_PA	1319	4334	G	0	0	4334	34.8
A_PA	1320	3749	T	0	0	3749	34.8
A_PA	1321	4136	G	0	0	4136	36.8
A_PA	1322	4334	T	0	0	4334	36.1
A_PA	1323	4282	G	0	0	4282	36.6
A_PA	1324	4374	A	0	0	4374	34.7
A_PA	1325	4304	G	0	0	4304	37.9
A_PA	1326	4061	G	0	0	4061	34.4
A_PA	1327	3922	A	0	0	3922	35.1
A_PA	1328	4002	G	0	0	4002	34.0
A_PA	1329	3815	G	0	0	3815	36.0
A_PA	1330	4257	A	0	0	4257	37.7
A_PA	1331	4231	A	0	0	4231	35.2
A_PA	1332	4463	C	0	0	4463	35.6
A_PA	1333	4362	T	0	0	4362	34.1
A_PA	1334	3976	A	0	0	3976	35.7
A_PA	1335	4094	T	0	0	4094	35.0
A_PA	1336	4025	T	0	0	4025	36.6
A_PA	1337	4216	T	0	0	4216	35.6
A_PA	1338	3897	C	0	0	3897	37.3
A_PA	1339	3890	A	0	0	3890	37.5
A_PA	1340	4156	C	0	0	4156	36.3
A_PA	1341	4713	A	0	0	4713	34.3
A_PA	1342	4160	G	0	0	4160	35.3
A_PA	1343	3717	C	0	0	3717	34.1
A_PA	1344	4133	G	0	0	4133	37.8
A_PA	1345	3993	G	0	0	3993	36.9
A_PA	1346	3997	A	0	0	3997	35.3
A_PA	1347	3811	G	0	0	3811	36.2
A_PA	1348	3919	G	0	0	3919	34.8
A_PA	1349	3709	T	0	0	3709	37.9
A_PA	1350	4216	A	0	0	4216	37.8
A_PA	1351	3877	T	0	0	3877	35.6
A_PA	1352	3877	C	0	0	3877	37.8
A_PA	1353	4148	C	0	0	4148	36.5
A_PA	1354	3907	C	0	0	3907	38.0
A_PA	1355	3709	A	0	0	3709	34.8
A_PA	1356	3938	T	0	0	3938	35.3
A_PA	1357	3791	T	0	0	3791	34.8
A_PA	1358	3877	G	0	0	3877	37.0
A_PA	1359	3927	C	0	0	3927	36.3
A_PA	1360	3979	A	0	0	3979	34.8
A_PA	1361	3454	G	0	0	3454	36.4
A_PA	1362	3695	G	0	0	3695	34.4
A_PA	1363	3986	G	0	0	3986	34.1
A_PA	1364	3518	C	0	0	3518	37.4
A_PA	1365	3814	C	0	0	3814	35.9
A_PA	1366	3535	A	0	0	3535	35.1
A_PA	1367	4013	C	0	0	4013	36.8
A_PA	1368	3757	T	0	0	3757	35.7
A_PA	1369	3766	G	0	0	3766	35.7
A_PA	1370	4047	A	0	0	4047	36.3
A_PA	1371	3386	A	0	0	3386	34.6
A_PA	1372	4027	T	0	0	4027	37.9
A_PA	1373	3511	A	0	0	3511	35.6
A_PA	1374	3356	C	0	0	3356	35.9
A_PA	1375	3476	A	0	0	3476	35.1
A_PA	1376	3245	T	0	0	3245	36.0
A_PA	1377	3437	A	0	0	3437	36.4
A_PA	1378	3643	A	0	0	3643	34.0
A_PA	1379	3806	T	0	0	3806	35.3
A_PA	1380	3696	G	0	0	3696	37.5
A_PA	1381	3573	A	0	0	3573	38.0
A_PA	1382	3700	A	0	0	3700	37.5
A_PA	1383	3566	G	0	0	3566	36.2
A_PA	1384	3421	G	0	0	3421	37.3
A_PA	1385	4015	G	0	0	4015	36.3
A_PA	1386	3868	A	0	0	3868	36.9
A_PA	1387	3609	G	0	0	3609	36.4
A_PA	1388	3946	T	0	0	3946	35.1
A_PA	1389	3483	A	0	0	3483	35.2
A_PA	1390	3802	T	0	0	3802	37.5
A_PA	1391	3387	A	0	0	3387	36.0
A_PA	1392	4027	C	0	0	4027	37.0
A_PA	1393	3646	A	0	0	3646	34.1
A_PA	1394	3699	T	0	0	3699	38.0
A_PA	1395	3550	A	0	0	3550	34.7
A_PA	1396	3453	A	0	0	3453	34.7
A_PA	1397	3592	A	0	0	3592	37.6
A_PA	1398	3414	C	0	0	3414	37.3
A_PA	1399	3863	A	0	0	3863	36.0
A_PA	1400	3899	C	0	0	3899	37.2
A_PA	1401	3333	A	0	0	3333	36.4
A_PA	1402	3598	G	0	0	3598	35.6
A_PA	1403	3356	C	0	0	3356	34.5
A_PA	1404	3887	C	0	0	3887	34.6
A_PA	1405	3481	C	0	0	3481	34.9
A_PA	1406	3307	T	0	0	3307	36.4
A_PA	1407	3583	A	0	0	3583	34.8
A_PA	1408	3585	T	0	0	3585	35.6
A_PA	1409	3846	T	0	0	3846	34.1
A_PA	1410	3510	G	0	0	3510	34.1
A_PA	1411	3122	A	0	0	3122	36.0
A_PA	1412	3470	A	0	0	3470	36.3
A_PA	1413	3382	T	0	0	3382	34.9
A_PA	1414	3410	G	0	0	3410	35.7
A_PA	1415	3276	C	0	0	3276	36.2
A_PA	1416	3499	A	0	0	3499	35.5
A_PA	1417	3375	T	0	0	3375	35.3
A_PA	1418	3346	C	0	0	3346	37.2
A_PA	1419	3572	C	0	0	3572	36.2
A_PA	1420	3474	T	0	0	3474	35.6
A_PA	1421	3321	G	0	0	3321	35.8
A_PA	1422	3358	T	0	0	3358	38.0
A_PA	1423	3512	G	0	0	3512	35.1
A_PA	1424	3665	C	0	0	3665	37.0
A_PA	1425	3022	A	0	0	3022	36.7
A_PA	1426	3291	G	0	0	3291	35.7
A_PA	1427	3591	C	0	0	3591	34.2
A_PA	1428	2783	C	0	0	2783	36.7
A_PA	1429	3505	A	0	0	3505	35.1
A_PA	1430	3611	T	0	0	3611	37.1
A_PA	1431	3488	G	0	0	3488	36.3
A_PA	1432	3554	G	0	0	3554	34.8
A_PA	1433	3349	A	0	0	3349	37.9
A_PA	1434	3393	T	0	0	3393	35.6
A_PA	1435	3339	G	0	0	3339	37.3
A_PA	1436	3584	A	0	0	3584	37.4
A_PA	1437	3596	C	0	0	3596	36.6
A_PA	1438	3734	T	0	0	3734	34.3
A_PA	1439	3857	T	0	0	3857	36.1
A_PA	1440	3760	C	0	0	3760	35.2
A_PA	1441	3357	C	0	0	3357	37.8
A_PA	1442	3634	A	0	0	3634	36.1
A_PA	1443	3348	A	0	0	3348	35.4
A_PA	1444	3217	T	0	0	3217	35.7
A_PA	1445	3567	T	0	0	3567	35.8
A_PA	1446	3800	G	0	0	3800	36.9
A_PA	1447	3872	A	0	0	3872	34.4
A_PA	1448	3636	T	0	0	3636	37.3
A_PA	1449	3400	T	0	0	3400	36.2
A_PA	1450	3506	C	0	0	3506	35.1
A_PA	1451	3717	C	0	0	3717	34.6
A_PA	1452	3408	A	0	0	3408	34.8
A_PA	1453	3323	A	0	0	3323	34.4
A_PA	1454	3432	T	0	0	3432	37.1
A_PA	1455	3346	G	0	0	3346	34.7
A_PA	1456	3390	A	0	0	3390	36.0
A_PA	1457	3605	T	0	0	3605	37.9
A_PA	1458	3502	A	0	0	3502	36.4
A_PA	1459	3610	A	0	0	3610	37.0
A_PA	1460	3743	G	0	0	3743	35.4
A_PA	1461	3635	T	0	0	3635	37.8
A_PA	1462	3619	A	0	0	3619	36.6
A_PA	1463	3554	A	0	0	3554	35.4
A_PA	1464	3035	G	0	0	3035	37.4
A_PA	1465	3927	T	0	0	3927	35.8
A_PA	1466	3339	G	0	0	3339	35.1
A_PA	1467	3422	C	0	0	3422	36.7
A_PA	1468	3626	A	0	0	3626	34.9
A_PA	1469	3545	G	0	0	3545	34.6
A_PA	1470	3468	A	0	0	3468	35.7
A_PA	1471	3575	A	0	0	3575	34.0
A_PA	1472	4108	C	0	0	4108	36.1
A_PA	1473	3363	T	0	0	3363	34.5
A_PA	1474	3246	A	0	0	3246	34.2
A_PA	1475	3487	A	0	0	3487	37.6
A_PA	1476	3451	A	0	0	3451	34.1
A_PA	1477	3658	G	0	0	3658	35.6
A_PA	1478	3760	A	0	0	3760	34.3
A_PA	1479	3683	A	0	0	3683	35.6
A_PA	1480	3846	G	0	0	3846	34.0
A_PA	1481	4162	G	0	0	4162	36.4
A_PA	1482	3536	A	0	0	3536	34.6
A_PA	1483	3561	A	0	0	3561	36.4
A_PA	1484	3744	G	0	0	3744	35.1
A_PA	1485	3500	A	0	0	3500	36.6
A_PA	1486	3747	C	0	0	3747	35.5
A_PA	1487	3590	G	0	0	3590	37.6
A_PA	1488	4105	G	0	0	4105	36.3
A_PA	1489	3742	A	0	0	3742	34.9
A_PA	1490	3611	A	0	0	3611	37.3
A_PA	1491	3383	G	0	0	3383	38.0
A_PA	1492	3424	A	0	0	3424	34.9
A_PA	1493	4148	C	0	0	4148	36.8
A_PA	1494	3687	A	0	0	3687	34.1
A_PA	1495	3364	A	0	0	3364	35.8
A_PA	1496	3650	A	0	0	3650	34.8
A_PA	1497	3741	T	0	0	3741	34.3
A_PA	1498	3657	C	0	0	3657	34.7
A_PA	1499	3308	T	0	0	3308	35.4
A_PA	1500	4256	G	0	0	4256	35.9
A_PA	1501	3636	T	0	0	3636	34.1
A_PA	1502	3523	A	0	0	3523	34.7
A_PA	1503	3543	T	0	0	3543	36.6
A_PA	1504	3443	G	0	0	3443	35.4
A_PA	1505	3757	G	0	0	3757	37.1
A_PA	1506	3621	A	0	0	3621	35.4
A_PA	1507	3653	T	0	0	3653	34.7
A_PA	1508	3807	T	0	0	3807	35.3
A_PA	1509	3240	C	0	0	3240	34.7
A_PA	1510	3547	A	0	0	3547	37.0
A_PA	1511	3770	T	0	0	3770	36.9
A_PA	1512	3649	T	0	0	3649	36.7
A_PA	1513	4127	A	0	0	4127	34.4
A_PA	1514	3396	T	0	0	3396	34.7
A_PA	1515	3827	A	0	0	3827	36.5
A_PA	1516	3413	A	0	0	3413	34.6
A_PA	1517	4108	A	0	0	4108	38.0
A_PA	1518	3479	A	0	0	3479	34.7
A_PA	1519	3382	G	0	0	3382	35.7
A_PA	1520	3918	G	0	0	3918	36.1
A_PA	1521	3995	A	0	0	3995	36.8
A_PA	1522	3656	A	0	0	3656	36.8
A_PA	1523	3931	G	0	0	3931	36.0
A_PA	1524	3622	A	0	0	3622	35.1
A_PA	1525	3701	T	0	0	3701	37.2
A_PA	1526	3703	C	0	0	3703	37.2
A_PA	1527	4015	C	0	0	4015	35.7
A_PA	1528	3881	C	0	0	3881	37.1
A_PA	1529	3856	A	0	0	3856	35.4
A_PA	1530	4133	T	0	0	4133	34.4
A_PA	1531	3931	T	0	0	3931	35.2
A_PA	1532	3739	T	0	0	3739	37.1
A_PA	1533	3883	G	0	0	3883	36.4
A_PA	1534	3644	A	0	0	3644	37.4
A_PA	1535	3632	G	0	0	3632	35.9
A_PA	1536	3666	G	0	0	3666	37.0
A_PA	1537	3660	A	0	0	3660	34.4
A_PA	1538	3717	A	0	0	3717	35.5
A_PA	1539	3778	T	0	0	3778	36.0
A_PA	1540	3984	G	0	0	3984	37.7
A_PA	1541	3803	A	0	0	3803	37.8
A_PA	1542	3600	C	0	0	3600	35.3
A_PA	1543	3745	A	0	0	3745	37.2
A_PA	1544	3886	C	0	0	3886	35.4
A_PA	1545	3661	C	0	0	3661	34.0
A_PA	1546	3467	G	0	0	3467	34.5
A_PA	1547	3815	A	0	0	3815	36.1
A_PA	1548	3561	T	0	0	3561	36.8
A_PA	1549	3449	G	0	0	3449	36.9
A_PA	1550	3817	T	0	0	3817	35.5
A_PA	1551	3562	G	0	0	3562	34.9
A_PA	1552	3294	G	0	0	3294	36.9
A_PA	1553	3658	T	0	0	3658	34.8
A_PA	1554	3679	A	0	0	3679	34.6
A_PA	1555	3684	A	0	0	3684	36.2
A_PA	1556	4154	A	0	0	4154	35.8
A_PA	1557	3711	C	0	0	3711	34.1
A_PA	1558	3309	T	0	0	3309	34.7
A_PA	1559	3850	T	0	0	3850	37.2
A_PA	1560	3575	T	0	0	3575	37.6
A_PA	1561	3689	G	0	0	3689	36.9
A_PA	1562	3574	T	0	0	3574	36.5
A_PA	1563	3823	G	0	0	3823	36.5
A_PA	1564	3666	A	0	0	3666	37.0
A_PA	1565	3396	G	0	0	3396	36.2
A_PA	1566	3526	C	0	0	3526	36.0
A_PA	1567	3531	A	0	0	3531	35.9
A_PA	1568	3494	T	0	0	3494	34.0
A_PA	1569	3305	G	0	0	3305	35.7
A_PA	1570	3164	G	0	0	3164	36.0
A_PA	1571	3397	A	0	0	3397	36.9
A_PA	1572	3448	A	0	0	3448	37.1
A_PA	1573	3770	T	0	0	3770	35.8
A_PA	1574	3517	T	0	0	3517	35.8
A_PA	1575	3341	C	0	0	3341	36.2
A_PA	1576	3528	T	0	0	3528	36.7
A_PA	1577	3522	C	0	0	3522	37.7
A_PA	1578	3785	T	0	0	3785	37.9
A_PA	1579	3076	C	0	0	3076	36.5
A_PA	1580	3588	T	0	0	3588	36.6
A_PA	1581	3588	A	0	0	3588	37.7
A_PA	1582	3527	A	0	0	3527	35.4
A_PA	1583	3457	C	0	0	3457	34.8
A_PA	1584	4078	T	0	0	4078	35.9
A_PA	1585	3372	G	0	0	3372	36.8
A_PA	1586	3227	A	0	0	3227	35.1
A_PA	1587	3906	C	0	0	3906	36.2
A_PA	1588	3386	C	0	0	3386	35.6
A_PA	1589	3496	C	0	0	3496	34.2
A_PA	1590	3374	G	0	0	3374	35.8
A_PA	1591	3068	A	0	0	3068	35.6
A_PA	1592	3651	G	0	0	3651	34.9
A_PA	1593	3437	G	0	0	3437	37.7
A_PA	1594	2983	C	0	0	2983	35.5
A_PA	1595	3786	T	0	0	3786	34.1
A_PA	1596	3811	A	0	0	3811	36.9
A_PA	1597	3372	G	0	0	3372	34.8
A_PA	1598	3539	A	0	0	3539	35.6
A_PA	1599	3203	G	0	0	3203	36.8
A_PA	1600	3536	C	0	0	3536	36.3
A_PA	1601	3414	C	0	0	3414	35.5
A_PA	1602	3156	A	0	0	3156	36.8
A_PA	1603	3361	C	0	0	3361	36.4
A_PA	1604	3102	A	0	0	3102	34.5
A_PA	1605	3534	C	0	0	3534	35.5
A_PA	1606	3369	A	0	0	3369	36.9
A_PA	1607	3206	A	0	0	3206	34.3
A_PA	1608	2782	A	0	0	2782	35.7
A_PA	1609	3066	T	0	0	3066	36.0
A_PA	1610	3477	G	0	0	3477	34.2
A_PA	1611	3287	G	0	0	3287	34.1
A_PA	1612	3150	G	0	0	3150	36.1
A_PA	1613	3026	A	0	0	3026	37.2
A_PA	1614	3514	A	0	0	3514	37.9
A_PA	1615	3081	A	0	0	3081	38.0
A_PA	1616	2790	A	0	0	2790	34.6
A_PA	1617	3285	G	0	0	3285	37.6
A_PA	1618	3007	T	0	0	3007	37.7
A_PA	1619	2917	A	0	0	2917	37.8
A_PA	1620	2943	C	0	0	2943	36.3
A_PA	1621	2799	T	0	0	2799	35.4
A_PA	1622	2853	G	0	0	2853	35.7
A_PA	1623	2747	T	0	0	2747	34.8
A_PA	1624	2972	G	0	0	2972	37.6
A_PA	1625	2787	T	0	0	2787	35.7
A_PA	1626	2946	T	0	0	2946	36.3
A_PA	1627	3076	C	0	0	3076	37.6
A_PA	1628	3148	T	0	0	3148	34.8
A_PA	1629	3106	T	0	0	3106	36.2
A_PA	1630	3177	G	0	0	3177	37.8
A_PA	1631	3099	A	0	0	3099	36.7
A_PA	1632	3028	G	0	0	3028	37.8
A_PA	1633	3030	A	0	0	3030	37.6
A_PA	1634	3107	T	0	0	3107	35.3
A_PA	1635	2805	A	0	0	2805	34.1
A_PA	1636	2534	G	0	0	2534	35.6
A_PA	1637	2789	G	0	0	2789	35.3
A_PA	1638	2712	A	0	0	2712	34.8
A_PA	1639	2712	G	0	0	2712	37.8
A_PA	1640	2784	A	0	0	2784	37.3
A_PA	1641	2936	C	0	0	2936	34.8
A_PA	1642	2883	A	0	0	2883	36.6
A_PA	1643	2572	T	0	0	2572	35.3
A_PA	1644	3074	G	0	0	3074	35.6
A_PA	1645	2911	C	0	0	2911	35.0
A_PA	1646	2446	T	0	0	2446	35.6
A_PA	1647	2637	C	0	0	2637	37.1
A_PA	1648	3016	C	0	0	3016	34.1
A_PA	1649	2771	T	0	0	2771	37.6
A_PA	1650	2632	A	0	0	2632	35.2
A_PA	1651	2597	C	0	0	2597	37.1
A_PA	1652	2694	G	0	0	2694	35.2
A_PA	1653	2218	G	0	0	2218	36.7
A_PA	1654	2846	A	0	0	2846	36.8
A_PA	1655	2638	C	0	0	2638	34.2
A_PA	1656	2496	T	0	0	2496	34.5
A_PA	1657	2633	G	0	0	2633	34.8
A_PA	1658	2725	C	0	0	2725	34.5
A_PA	1659	2471	A	0	0	2471	37.3
A_PA	1660	2557	A	0	0	2557	36.0
A_PA	1661	2603	T	0	0	2603	37.2
A_PA	1662	2716	A	0	0	2716	37.0
A_PA	1663	2354	G	0	0	2354	37.9
A_PA	1664	2598	G	0	0	2598	36.3
A_PA	1665	2522	C	0	0	2522	37.2
A_PA	1666	2435	C	0	0	2435	38.0
A_PA	1667	2571	A	0	0	2571	34.3
A_PA	1668	2209	A	0	0	2209	36.0
A_PA	1669	2644	G	0	0	2644	35.7
A_PA	1670	2385	T	0	0	2385	37.0
A_PA	1671	2476	G	0	0	2476	35.2
A_PA	1672	2525	T	0	0	2525	36.7
A_PA	1673	2785	C	0	0	2785	37.7
A_PA	1674	2370	G	0	0	2370	37.9
A_PA	1675	2072	A	0	0	2072	34.8
A_PA	1676	2578	G	0	0	2578	37.7
A_PA	1677	2362	G	0	0	2362	35.4
A_PA	1678	2324	C	0	0	2324	37.8
A_PA	1679	2420	C	0	0	2420	36.5
A_PA	1680	2442	C	0	0	2442	35.2
A_PA	1681	2413	A	0	0	2413	37.6
A_PA	1682	2384	T	0	0	2384	35.3
A_PA	1683	2145	G	0	0	2145	37.3
A_PA	1684	2362	T	0	0	2362	35.8
A_PA	1685	2155	T	0	0	2155	37.6
A_PA	1686	2275	C	0	0	2275	35.1
A_PA	1687	2206	C	0	0	2206	34.9
A_PA	1688	2010	T	0	0	2010	36.9
A_PA	1689	2374	G	0	0	2374	36.7
A_PA	1690	2430	T	0	0	2430	35.7
A_PA	1691	2307	A	0	0	2307	35.4
A_PA	1692	2380	T	0	0	2380	37.8
A_PA	1693	2225	G	0	0	2225	36.6
A_PA	1694	2264	T	0	0	2264	37.4
A_PA	1695	2610	G	0	0	2610	37.5
A_PA	1696	2186	A	0	0	2186	35.1
A_PA	1697	2109	G	0	0	2109	34.5
A_PA	1698	2040	A	0	0	2040	34.8
A_PA	1699	2052	A	0	0	2052	36.6
A_PA	1700	2259	C	0	0	2259	34.7
A_PA	1701	2079	C	0	0	2079	35.0
A_PA	1702	1977	A	0	0	1977	34.6
A_PA	1703	2256	A	0	0	2256	35.7
A_PA	1704	1941	T	0	0	1941	36.5
A_PA	1705	2181	G	0	0	2181	34.2
A_PA	1706	2008	G	0	0	2008	37.4
A_PA	1707	1929	G	0	0	1929	35.9
A_PA	1708	2103	A	0	0	2103	37.5
A_PA	1709	2038	C	0	0	2038	36.6
A_PA	1710	1925	T	0	0	1925	36.8
A_PA	1711	2021	T	0	0	2021	34.6
A_PA	1712	2173	C	0	0	2173	36.5
A_PA	1713	2234	C	0	0	2234	36.0
A_PA	1714	2389	A	0	0	2389	36.5
A_PA	1715	2228	A	0	0	2228	36.6
A_PA	1716	2358	G	0	0	2358	34.1
A_PA	1717	2264	A	0	0	2264	34.8
A_PA	1718	2068	T	0	0	2068	35.3
A_PA	1719	2098	C	0	0	2098	36.7
A_PA	1720	2063	A	0	0	2063	35.5
A_PA	1721	2011	A	0	0	2011	34.2
A_PA	1722	2024	A	0	0	2024	37.0
A_PA	1723	2097	A	0	0	2097	35.0
A_PA	1724	2028	T	0	0	2028	37.0
A_PA	1725	1936	G	0	0	1936	37.1
A_PA	1726	2120	A	0	0	2120	35.7
A_PA	1727	2139	A	0	0	2139	36.6
A_PA	1728	2255	A	0	0	2255	35.1
A_PA	1729	2049	T	0	0	2049	36.6
A_PA	1730	1916	G	0	0	1916	37.4
A_PA	1731	2155	G	0	0	2155	36.2
A_PA	1732	2231	G	0	0	2231	37.6
A_PA	1733	2081	G	0	0	2081	34.3
A_PA	1734	2394	C	0	0	2394	35.5
A_PA	1735	2350	A	0	0	2350	36.5
A_PA	1736	2159	T	0	0	2159	34.8
A_PA	1737	2062	G	0	0	2062	37.6
A_PA	1738	1940	G	0	0	1940	37.0
A_PA	1739	1815	A	0	0	1815	36.7
A_PA	1740	2188	G	0	0	2188	35.7
A_PA	1741	2180	A	0	0	2180	35.6
A_PA	1742	2183	T	0	0	2183	36.1
A_PA	1743	2473	G	0	0	2473	36.0
A_PA	1744	2135	A	0	0	2135	37.2
A_PA	1745	2131	G	0	0	2131	36.0
A_PA	1746	2135	G	0	0	2135	36.9
A_PA	1747	1946	C	0	0	1946	36.6
A_PA	1748	2288	G	0	0	2288	35.1
A_PA	1749	2183	A	0	0	2183	37.5
A_PA	1750	2258	T	0	0	2258	34.4
A_PA	1751	2265	G	0	0	2265	35.9
A_PA	1752	2324	C	0	0	2324	36.7
A_PA	1753	2127	C	0	0	2127	35.5
A_PA	1754	2205	T	0	0	2205	36.8
A_PA	1755	2203	T	0	0	2203	37.0
A_PA	1756	2156	C	0	0	2156	37.9
A_PA	1757	2159	T	0	0	2159	35.4
A_PA	1758	2227	T	0	0	2227	37.4
A_PA	1759	1987	C	0	0	1987	35.9
A_PA	1760	2233	A	0	0	2233	36.0
A_PA	1761	2263	G	0	0	2263	37.7
A_PA	1762	2280	T	0	0	2280	36.2
A_PA	1763	2311	C	0	0	2311	34.4
A_PA	1764	2452	C	0	0	2452	37.1
A_PA	1765	2445	C	0	0	2445	37.2
A_PA	1766	2533	T	0	0	2533	34.9
A_PA	1767	2546	T	0	0	2546	37.3
A_PA	1768	2297	C	0	0	2297	35.8
A_PA	1769	2383	A	0	0	2383	34.1
A_PA	1770	2269	A	0	0	2269	34.7
A_PA	1771	2416	C	0	0	2416	37.3
A_PA	1772	2280	A	0	0	2280	35.1
A_PA	1773	2508	A	0	0	2508	35.0
A_PA	1774	2557	A	0	0	2557	34.7
A_PA	1775	2344	T	0	0	2344	37.1
A_PA	1776	2598	T	0	0	2598	36.9
A_PA	1777	2361	G	0	0	2361	34.7
A_PA	1778	2437	A	0	0	2437	35.5
A_PA	1779	2483	G	0	0	2483	34.7
A_PA	1780	2288	A	0	0	2288	37.9
A_PA	1781	2679	G	0	0	2679	35.2
A_PA	1782	2382	C	0	0	2382	34.9
A_PA	1783	2322	A	0	0	2322	36.8
A_PA	1784	2279	T	0	0	2279	37.2
A_PA	1785	2447	G	0	0	2447	34.7
A_PA	1786	2595	A	0	0	2595	34.6
A_PA	1787	2339	T	0	0	2339	35.0
A_PA	1788	2406	T	0	0	2406	35.0
A_PA	1789	2621	G	0	0	2621	37.9
A_PA	1790	2444	A	0	0	2444	37.1
A_PA	1791	2551	G	0	0	2551	35.6
A_PA	1792	2766	G	0	0	2766	36.5
A_PA	1793	2717	C	0	0	2717	35.0
A_PA	1794	2595	C	0	0	2595	34.1
A_PA	1795	2791	G	0	0	2791	37.0
A_PA	1796	2939	A	0	0	2939	35.6
A_PA	1797	3039	A	0	0	3039	35.2
A_PA	1798	2939	T	0	0	2939	36.2
A_PA	1799	3086	C	0	0	3086	35.2
A_PA	1800	2383	T	0	0	2383	36.6
A_PA	1801	2910	T	0	0	2910	34.7
A_PA	1802	3024	C	0	0	3024	35.1
A_PA	1803	3118	T	0	0	3118	36.1
A_PA	1804	3050	G	0	0	3050	35.8
A_PA	1805	2792	T	0	0	2792	37.3
A_PA	1806	2728	C	0	0	2728	35.4
A_PA	1807	2786	A	0	0	2786	35.5
A_PA	1808	2828	A	0	0	2828	35.4
A_PA	1809	2907	A	0	0	2907	38.0
A_PA	1810	2931	G	0	0	2931	34.7
A_PA	1811	2979	A	0	0	2979	37.0
A_PA	1812	2812	G	0	0	2812	35.1
A_PA	1813	3043	A	0	0	3043	35.2
A_PA	1814	3188	A	0	0	3188	37.4
A_PA	1815	2973	G	0	0	2973	35.4
A_PA	1816	3308	G	0	0	3308	35.0
A_PA	1817	3092	A	0	0	3092	36.9
A_PA	1818	3336	C	0	0	3336	36.0
A_PA	1819	2896	A	0	0	2896	35.4
A_PA	1820	3089	T	0	0	3089	37.3
A_PA	1821	3263	G	0	0	3263	35.6
A_PA	1822	2950	T	0	0	2950	36.9
A_PA	1823	2932	C	0	0	2932	35.4
A_PA	1824	2907	C	0	0	2907	35.1
A_PA	1825	3014	A	0	0	3014	34.7
A_PA	1826	3351	A	0	0	3351	35.9
A_PA	1827	2908	G	0	0	2908	35.1
A_PA	1828	2998	G	0	0	2998	35.8
A_PA	1829	3232	A	0	0	3232	34.9
A_PA	1830	3187	A	0	0	3187	35.1
A_PA	1831	3009	T	0	0	3009	36.7
A_PA	1832	3258	T	0	0	3258	35.7
A_PA	1833	3365	C	0	0	3365	36.4
A_PA	1834	3299	T	0	0	3299	36.8
A_PA	1835	3324	T	0	0	3324	35.0
A_PA	1836	3467	T	0	0	3467	36.3
A_PA	1837	3184	G	0	0	3184	37.1
A_PA	1838	3152	A	0	0	3152	36.4
A_PA	1839	3592	A	0	0	3592	36.8
A_PA	1840	3230	A	0	0	3230	37.7
A_PA	1841	3314	A	0	0	3314	35.2
A_PA	1842	3593	C	0	0	3593	34.7
A_PA	1843	3360	A	0	0	3360	35.9
A_PA	1844	3562	A	0	0	3562	34.8
A_PA	1845	3481	A	0	0	3481	37.3
A_PA	1846	3514	T	0	0	3514	35.8
A_PA	1847	3138	C	0	0	3138	36.4
A_PA	1848	3411	A	0	0	3411	34.3
A_PA	1849	3335	G	0	0	3335	37.1
A_PA	1850	3379	A	0	0	3379	34.9
A_PA	1851	3380	A	0	0	3380	37.6
A_PA	1852	3130	A	0	0	3130	34.8
A_PA	1853	3709	C	0	0	3709	37.7
A_PA	1854	3268	A	0	0	3268	34.6
A_PA	1855	3044	T	0	0	3044	36.3
A_PA	1856	3474	G	0	0	3474	37.5
A_PA	1857	3582	G	0	0	3582	36.7
A_PA	1858	3106	C	0	0	3106	36.7
A_PA	1859	3417	C	0	0	3417	36.9
A_PA	1860	3262	A	0	0	3262	36.7
A_PA	1861	3497	A	0	0	3497	34.1
A_PA	1862	3525	T	0	0	3525	37.9
A_PA	1863	3134	T	0	0	3134	34.3
A_PA	1864	3535	G	0	0	3535	35.1
A_PA	1865	3504	G	0	0	3504	35.9
A_PA	1866	3373	A	0	0	3373	37.4
A_PA	1867	3331	G	0	0	3331	34.9
A_PA	1868	3491	A	0	0	3491	37.4
A_PA	1869	3678	A	0	0	3678	34.5
A_PA	1870	3795	T	0	0	3795	36.8
A_PA	1871	3291	C	0	0	3291	35.3
A_PA	1872	3622	A	0	0	3622	36.0
A_PA	1873	3620	C	0	0	3620	36.3
A_PA	1874	3727	C	0	0	3727	34.3
A_PA	1875	3593	C	0	0	3593	35.6
A_PA	1876	3671	A	0	0	3671	37.2
A_PA	1877	3719	A	0	0	3719	36.4
A_PA	1878	3587	A	0	0	3587	35.6
A_PA	1879	3346	G	0	0	3346	38.0
A_PA	1880	3750	G	0	0	3750	34.3
A_PA	1881	3777	G	0	0	3777	37.9
A_PA	1882	3910	G	0	0	3910	34.9
A_PA	1883	3661	T	0	0	3661	35.9
A_PA	1884	3536	G	0	0	3536	36.1
A_PA	1885	3907	G	0	0	3907	35.7
A_PA	1886	3614	A	0	0	3614	34.6
A_PA	1887	3733	G	0	0	3733	35.9
A_PA	1888	3627	G	0	0	3627	36.9
A_PA	1889	3472	A	0	0	3472	34.6
A_PA	1890	3615	A	0	0	3615	34.4
A_PA	1891	3378	G	0	0	3378	34.3
A_PA	1892	3768	G	0	0	3768	36.5
A_PA	1893	3811	C	0	0	3811	34.4
A_PA	1894	3579	T	0	0	3579	37.7
A_PA	1895	3561	C	0	0	3561	34.2
A_PA	1896	3684	T	0	0	3684	34.6
A_PA	1897	3635	A	0	0	3635	36.3
A_PA	1898	3694	T	0	0	3694	36.3
A_PA	1899	3642	T	0	0	3642	34.8
A_PA	1900	3911	G	0	0	3911	36.2
A_PA	1901	3970	G	0	0	3970	35.8
A_PA	1902	3906	G	0	0	3906	35.9
A_PA	1903	3582	A	0	0	3582	35.8
A_PA	1904	3375	A	0	0	3375	35.3
A_PA	1905	3643	A	0	0	3643	34.9
A_PA	1906	3670	G	0	0	3670	36.4
A_PA	1907	3264	T	0	0	3264	35.4
A_PA	1908	3608	A	0	0	3608	36.4
A_PA	1909	3395	T	0	0	3395	36.0
A_PA	1910	3934	G	0	0	3934	36.7
A_PA	1911	3666	C	0	0	3666	37.9
A_PA	1912	3676	A	0	0	3676	35.7
A_PA	1913	3813	G	0	0	3813	35.5
A_PA	1914	3690	A	0	0	3690	35.8
A_PA	1915	3710	A	0	0	3710	36.6
A_PA	1916	4088	C	0	0	4088	35.2
A_PA	1917	3540	A	0	0	3540	37.4
A_PA	1918	3930	T	0	0	3930	37.8
A_PA	1919	4152	T	0	0	4152	36.4
A_PA	1920	4166	G	0	0	4166	37.5
A_PA	1921	3621	C	0	0	3621	34.2
A_PA	1922	3618	T	0	0	3618	34.7
A_PA	1923	3903	A	0	0	3903	38.0
A_PA	1924	3825	G	0	0	3825	37.4
A_PA	1925	4004	C	0	0	4004	35.5
A_PA	1926	3573	A	0	0	3573	37.9
A_PA	1927	3786	A	0	0	3786	34.3
A_PA	1928	3530	A	0	0	3530	37.5
A_PA	1929	3983	G	0	0	3983	34.6
A_PA	1930	3799	T	0	0	3799	35.7
A_PA	1931	3945	C	0	0	3945	37.8
A_PA	1932	3507	T	0	0	3507	34.9
A_PA	1933	3659	G	0	0	3659	34.8
A_PA	1934	3472	T	0	0	3472	35.2
A_PA	1935	3305	G	0	0	3305	35.3
A_PA	1936	3883	T	0	0	3883	37.1
A_PA	1937	3510	T	0	0	3510	35.7
A_PA	1938	3781	C	0	0	3781	34.0
A_PA	1939	3779	A	0	0	3779	35.0
A_PA	1940	3465	A	0	0	3465	35.6
A_PA	1941	3487	C	0	0	3487	34.2
A_PA	1942	3855	A	0	0	3855	35.6
A_PA	1943	3443	G	0	0	3443	35.5
A_PA	1944	3594	C	0	0	3594	34.4
A_PA	1945	3531	C	0	0	3531	34.7
A_PA	1946	3669	T	0	0	3669	37.6
A_PA	1947	3375	A	0	0	3375	37.4
A_PA	1948	3760	T	0	0	3760	36.7
A_PA	1949	3601	A	0	0	3601	36.9
A_PA	1950	3358	T	0	0	3358	36.6
A_PA	1951	3449	G	0	0	3449	35.5
A_PA	1952	3601	C	0	0	3601	36.5
A_PA	1953	3488	A	0	0	3488	34.1
A_PA	1954	3325	T	0	0	3325	36.4
A_PA	1955	3611	C	0	0	3611	34.0
A_PA	1956	3063	T	0	0	3063	34.6
A_PA	1957	3788	C	0	0	3788	37.1
A_PA	1958	3670	C	0	0	3670	37.8
A_PA	1959	3550	A	0	0	3550	34.3
A_PA	1960	3484	C	0	0	3484	37.7
A_PA	1961	3868	A	0	0	3868	35.4
A_PA	1962	3787	A	0	0	3787	37.0
A_PA	1963	3723	C	0	0	3723	34.3
A_PA	1964	3475	T	0	0	3475	34.9
A_PA	1965	3840	C	0	0	3840	35.7
A_PA	1966	4076	G	0	0	4076	37.2
A_PA	1967	3533	A	0	0	3533	37.7
A_PA	1968	3365	G	0	0	3365	37.9
A_PA	1969	3621	G	0	0	3621	37.5
A_PA	1970	3612	G	0	0	3612	34.5
A_PA	1971	3547	G	0	0	3547	36.3
A_PA	1972	3413	T	0	0	3413	38.0
A_PA	1973	3468	T	0	0	3468	36.3
A_PA	1974	3475	T	0	0	3475	34.1
A_PA	1975	3795	T	0	0	3795	37.1
A_PA	1976	3111	C	0	0	3111	36.1
A_PA	1977	3601	A	0	0	3601	36.5
A_PA	1978	4048	G	0	0	4048	34.5
A_PA	1979	3777	C	0	0	3777	37.8
A_PA	1980	3635	T	0	0	3635	37.7
A_PA	1981	3528	G	0	0	3528	36.2
A_PA	1982	3640	A	0	0	3640	34.6
A_PA	1983	3522	A	0	0	3522	37.2
A_PA	1984	3309	T	0	0	3309	34.8
A_PA	1985	3160	C	0	0	3160	35.6
A_PA	1986	3440	A	0	0	3440	38.0
A_PA	1987	3398	A	0	0	3398	34.8
A_PA	1988	3043	G	0	0	3043	37.4
A_PA	1989	3666	A	0	0	3666	35.0
A_PA	1990	3649	A	0	0	3649	35.9
A_PA	1991	3293	A	0	0	3293	35.9
A_PA	1992	3067	A	0	0	3067	36.3
A_PA	1993	3560	T	0	0	3560	37.6
A_PA	1994	3381	T	0	0	3381	36.1
A_PA	1995	3358	G	0	0	3358	37.8
A_PA	1996	3688	C	0	0	3688	37.2
A_PA	1997	3616	T	0	0	3616	34.0
A_PA	1998	3772	T	0	0	3772	36.0
A_PA	1999	3806	C	0	0	3806	36.1
A_PA	2000	3489	T	0	0	3489	37.3
A_PA	2001	3563	C	0	0	3563	36.1
A_PA	2002	3418	A	0	0	3418	34.4
A_PA	2003	3434	T	0	0	3434	35.0
A_PA	2004	3276	T	0	0	3276	37.2
A_PA	2005	3562	G	0	0	3562	35.1
A_PA	2006	3698	T	0	0	3698	34.7
A_PA	2007	3665	T	0	0	3665	34.8
A_PA	2008	3368	C	0	0	3368	34.4
A_PA	2009	3167	A	0	0	3167	36.2
A_PA	2010	3154	G	0	0	3154	36.8
A_PA	2011	3755	G	0	0	3755	34.8
A_PA	2012	3536	C	0	0	3536	37.8
A_PA	2013	3825	A	0	0	3825	35.5
A_PA	2014	3394	C	0	0	3394	36.2
A_PA	2015	3301	T	0	0	3301	37.2
A_PA	2016	3573	T	0	0	3573	37.1
A_PA	2017	3301	A	0	0	3301	35.2
A_PA	2018	3085	G	0	0	3085	34.9
A_PA	2019	3297	G	0	0	3297	36.6
A_PA	2020	3729	G	0	0	3729	37.7
A_PA	2021	3462	A	0	0	3462	34.4
A_PA	2022	3372	C	0	0	3372	37.2
A_PA	2023	3280	A	0	0	3280	35.7
A_PA	2024	3646	A	0	0	3646	36.6
A_PA	2025	3420	C	0	0	3420	35.8
A_PA	2026	3287	C	0	0	3287	37.6
A_PA	2027	3125	T	0	0	3125	36.8
A_PA	2028	3727	G	0	0	3727	37.3
A_PA	2029	3819	G	0	0	3819	37.9
A_PA	2030	3448	A	0	0	3448	35.3
A_PA	2031	3458	A	0	0	3458	37.7
A_PA	2032	3396	C	0	0	3396	34.9
A_PA	2033	2996	C	0	0	2996	34.2
A_PA	2034	2903	T	0	0	2903	35.3
A_PA	2035	3100	G	0	0	3100	38.0
A_PA	2036	3006	G	0	0	3006	35.4
A_PA	2037	3506	A	0	0	3506	34.0
A_PA	2038	3117	A	0	0	3117	37.9
A_PA	2039	3446	C	0	0	3446	34.2
A_PA	2040	3335	C	0	0	3335	34.0
A_PA	2041	2927	T	0	0	2927	36.7
A_PA	2042	2793	T	0	0	2793	34.7
A_PA	2043	3062	C	0	0	3062	37.8
A_PA	2044	3187	G	0	0	3187	36.5
A_PA	2045	2851	A	0	0	2851	36.8
A_PA	2046	2984	T	0	0	2984	34.9
A_PA	2047	2813	C	0	0	2813	35.9
A_PA	2048	2841	T	0	0	2841	37.6
A_PA	2049	2918	T	0	0	2918	35.0
A_PA	2050	2861	G	0	0	2861	34.1
A_PA	2051	2870	G	0	0	2870	34.5
A_PA	2052	2883	G	0	0	2883	35.0
A_PA	2053	2661	G	0	0	2661	36.3
A_PA	2054	2599	G	0	0	2599	36.6
A_PA	2055	2867	G	0	0	2867	35.0
A_PA	2056	2653	C	0	0	2653	36.7
A_PA	2057	2729	T	0	0	2729	36.2
A_PA	2058	2950	A	0	0	2950	35.6
A_PA	2059	2338	T	0	0	2338	36.7
A_PA	2060	2410	A	0	0	2410	34.9
A_PA	2061	2640	T	0	0	2640	37.6
A_PA	2062	2420	G	0	0	2420	36.1
A_PA	2063	2229	A	0	0	2229	37.6
A_PA	2064	2324	A	0	0	2324	35.5
A_PA	2065	2525	G	0	0	2525	36.1
A_PA	2066	2591	C	0	0	2591	35.1
A_PA	2067	2490	A	0	0	2490	36.8
A_PA	2068	2383	A	0	0	2383	36.9
A_PA	2069	2204	T	0	0	2204	36.2
A_PA	2070	2312	T	0	0	2312	34.3
A_PA	2071	2123	G	0	0	2123	36.3
A_PA	2072	2328	A	0	0	2328	35.3
A_PA	2073	2599	G	0	0	2599	34.7
A_PA	2074	2272	G	0	0	2272	37.0
A_PA	2075	2372	A	0	0	2372	35.8
A_PA	2076	2345	G	0	0	2345	34.1
A_PA	2077	2248	T	0	0	2248	35.6
A_PA	2078	2107	G	0	0	2107	34.9
A_PA	2079	2037	C	0	0	2037	34.4
A_PA	2080	1993	C	0	0	1993	36.6
A_PA	2081	2144	T	0	0	2144	37.3
A_PA	2082	2127	G	0	0	2127	37.1
A_PA	2083	2037	A	0	0	2037	36.4
A_PA	2084	1992	T	0	0	1992	34.4
A_PA	2085	1778	T	0	0	1778	35.2
A_PA	2086	2091	A	0	0	2091	35.7
A_PA	2087	1882	A	0	0	1882	37.3
A_PA	2088	1939	C	0	0	1939	35.9
A_PA	2089	2005	G	0	0	2005	36.8
A_PA	2090	1804	A	0	0	1804	34.4
A_PA	2091	1683	T	0	0	1683	34.0
A_PA	2092	1858	C	0	0	1858	37.1
A_PA	2093	1832	C	0	0	1832	36.2
A_PA	2094	1722	C	0	0	1722	36.1
A_PA	2095	1742	T	0	0	1742	38.0
A_PA	2096	1649	G	0	0	1649	36.6
A_PA	2097	1807	G	0	0	1807	35.5
A_PA	2098	1660	G	0	0	1660	37.3
A_PA	2099	1693	T	0	0	1693	37.5
A_PA	2100	1599	T	0	0	1599	37.6
A_PA	2101	1424	T	0	0	1424	36.4
A_PA	2102	1473	T	0	0	1473	37.7
A_PA	2103	1559	G	0	0	1559	35.7
A_PA	2104	1361	C	0	0	1361	34.5
A_PA	2105	1364	T	0	0	1364	34.3
A_PA	2106	1342	T	0	0	1342	34.4
A_PA	2107	1386	A	0	0	1386	35.9
A_PA	2108	1415	A	0	0	1415	37.3
A_PA	2109	1272	T	0	0	1272	34.7
A_PA	2110	1319	G	0	0	1319	37.1
A_PA	2111	1262	C	0	0	1262	34.9
A_PA	2112	1144	A	0	0	1144	36.2
A_PA	2113	1271	T	0	0	1271	36.3
A_PA	2114	1135	C	0	0	1135	35.4
A_PA	2115	1150	T	0	0	1150	37.7
A_PA	2116	1130	T	0	0	1130	36.7
A_PA	2117	1125	G	0	0	1125	35.6
A_PA	2118	981	G	0	0	981	36.7
A_PA	2119	1011	T	0	0	1011	34.1
A_PA	2120	960	T	0	0	960	34.2
A_PA	2121	933	C	0	0	933	37.9
A_PA	2122	984	A	0	0	984	36.1
A_PA	2123	838	A	0	0	838	34.1
A_PA	2124	806	C	0	0	806	35.9
A_PA	2125	848	T	0	0	848	34.5
A_PA	2126	774	C	0	0	774	34.5
A_PA	2127	710	C	0	0	710	37.0
A_PA	2128	750	T	0	0	750	37.6
A_PA	2129	707	T	0	0	707	34.6
A_PA	2130	720	C	0	0	720	34.5
A_PA	2131	601	C	0	0	601	35.9
A_PA	2132	700	T	0	0	700	37.3
A_PA	2133	610	C	0	0	610	37.6
A_PA	2134	543	A	0	0	543	36.4
A_PA	2135	516	C	0	0	516	34.5
A_PA	2136	499	A	0	0	499	37.1
A_PA	2137	442	C	0	0	442	34.3
A_PA	2138	438	A	0	0	438	37.2
A_PA	2139	382	T	0	0	382	35.1
A_PA	2140	365	G	0	0	365	34.4
A_PA	2141	368	C	0	0	368	36.6
A_PA	2142	283	A	0	0	283	36.1
A_PA	2143	234	C	0	0	234	34.3
A_PA	2144	229	T	0	0	229	36.2
A_PA	2145	190	G	0	0	190	35.4
A_PA	2146	155	A	0	0	155	34.8
A_PA	2147	123	A	0	0	123	34.2
A_PA	2148	94	A	0	0	94	35.9
A_PA	2149	69	T	0	0	69	34.7
A_PA	2150	29	A	0	0	29	35.0
A_PA	2151	0	G	0	0	0	37.1
