Reference_Name	Position	Coverage Depth	Consensus	Deletions	Ambiguous	Consensus_Count	Consensus_Average_Quality
A_NA	1	107	A	0	0	107	35
A_NA	2	91	T	0	0	91	35
A_NA	3	92	G	0	0	92	35
A_NA	4	101	A	0	0	101	35
A_NA	5	112	A	0	0	112	35
A_NA	6	114	T	0	0	114	35
A_NA	7	111	C	0	0	111	35
A_NA	8	100	C	0	0	100	35
A_NA	9	96	A	0	0	96	35
A_NA	10	87	A	0	0	87	35
A_NA	11	111	A	0	0	111	35
A_NA	12	103	T	0	0	103	35
A_NA	13	101	C	0	0	101	35
A_NA	14	106	A	0	0	106	35
A_NA	15	94	A	0	0	94	35
A_NA	16	102	A	0	0	102	35
A_NA	17	99	G	0	0	99	35
A_NA	18	93	G	0	0	93	35
A_NA	19	109	A	0	0	109	35
A_NA	20	98	T	0	0	98	35
A_NA	21	98	A	0	0	98	35
A_NA	22	106	A	0	0	106	35
A_NA	23	88	T	0	0	88	35
A_NA	24	88	A	0	0	88	35
A_NA	25	115	A	0	0	115	35
A_NA	26	89	C	0	0	89	35
A_NA	27	106	C	0	0	106	35
A_NA	28	95	A	0	0	95	35
A_NA	29	94	C	0	0	94	35
A_NA	30	114	T	0	0	114	35
A_NA	31	89	G	0	0	89	35
A_NA	32	90	G	0	0	90	35
A_NA	33	110	A	0	0	110	35
A_NA	34	97	T	0	0	97	35
A_NA	35	89	C	0	0	89	35
A_NA	36	114	A	0	0	114	35
A_NA	37	110	A	0	0	110	35
A_NA	38	111	T	0	0	111	35
A_NA	39	111	C	0	0	111	35
A_NA	40	93	T	0	0	93	35
A_NA	41	96	G	0	0	96	35
A_NA	42	100	T	0	0	100	35
A_NA	43	104	A	0	0	104	35
A_NA	44	104	T	0	0	104	35
A_NA	45	99	G	0	0	99	35
A_NA	46	94	G	0	0	94	35
A_NA	47	87	T	0	0	87	35
A_NA	48	87	A	0	0	87	35
A_NA	49	98	A	0	0	98	35
A_NA	50	87	T	0	0	87	35
A_NA	51	110	T	0	0	110	35
A_NA	52	107	G	0	0	107	35
A_NA	53	106	G	0	0	106	35
A_NA	54	105	G	0	0	105	35
A_NA	55	115	A	0	0	115	35
A_NA	56	96	T	0	0	96	35
A_NA	57	103	A	0	0	103	35
A_NA	58	99	G	0	0	99	35
A_NA	59	111	T	0	0	111	35
A_NA	60	113	C	0	0	113	35
A_NA	61	112	A	0	0	112	35
A_NA	62	102	G	0	0	102	35
A_NA	63	94	C	0	0	94	35
A_NA	64	112	T	0	0	112	35
A_NA	65	98	T	0	0	98	35
A_NA	66	110	G	0	0	110	35
A_NA	67	88	A	0	0	88	35
A_NA	68	107	T	0	0	107	35
A_NA	69	106	G	0	0	106	35
A_NA	70	91	C	0	0	91	35
A_NA	71	96	T	0	0	96	35
A_NA	72	101	G	0	0	101	35
A_NA	73	115	C	0	0	115	35
A_NA	74	95	A	0	0	95	35
A_NA	75	105	A	0	0	105	35
A_NA	76	101	A	0	0	101	35
A_NA	77	96	T	0	0	96	35
A_NA	78	95	T	0	0	95	35
A_NA	79	99	G	0	0	99	35
A_NA	80	100	G	0	0	100	35
A_NA	81	85	G	0	0	85	35
A_NA	82	91	A	0	0	91	35
A_NA	83	110	A	0	0	110	35
A_NA	84	85	C	0	0	85	35
A_NA	85	112	A	0	0	112	35
A_NA	86	91	T	0	0	91	35
A_NA	87	95	A	0	0	95	35
A_NA	88	113	A	0	0	113	35
A_NA	89	86	T	0	0	86	35
A_NA	90	95	C	0	0	95	35
A_NA	91	100	T	0	0	100	35
A_NA	92	90	C	0	0	90	35
A_NA	93	100	A	0	0	100	35
A_NA	94	96	A	0	0	96	35
A_NA	95	102	T	0	0	102	35
A_NA	96	90	A	0	0	90	35
A_NA	97	96	T	0	0	96	35
A_NA	98	115	G	0	0	115	35
A_NA	99	112	G	0	0	112	35
A_NA	100	91	G	0	0	91	35
A_NA	101	106	T	0	0	106	35
A_NA	102	115	T	0	0	115	35
A_NA	103	90	A	0	0	90	35
A_NA	104	98	G	0	0	98	35
A_NA	105	85	C	0	0	85	35
A_NA	106	112	C	0	0	112	35
A_NA	107	87	A	0	0	87	35
A_NA	108	85	T	0	0	85	35
A_NA	109	92	T	0	0	92	35
A_NA	110	110	C	0	0	110	35
A_NA	111	89	A	0	0	89	35
A_NA	112	85	A	0	0	85	35
A_NA	113	101	T	0	0	101	35
A_NA	114	106	C	0	0	106	35
A_NA	115	86	C	0	0	86	35
A_NA	116	104	A	0	0	104	35
A_NA	117	89	A	0	0	89	35
A_NA	118	115	A	0	0	115	35
A_NA	119	98	C	0	0	98	35
A_NA	120	87	A	0	0	87	35
A_NA	121	90	G	0	0	90	35
A_NA	122	114	G	0	0	114	35
A_NA	123	92	G	0	0	92	35
A_NA	124	115	A	0	0	115	35
A_NA	125	111	A	0	0	111	35
A_NA	126	110	T	0	0	110	35
A_NA	127	92	C	0	0	92	35
A_NA	128	102	A	0	0	102	35
A_NA	129	109	A	0	0	109	35
A_NA	130	92	T	0	0	92	35
A_NA	131	87	A	0	0	87	35
A_NA	132	103	C	0	0	103	35
A_NA	133	86	C	0	0	86	35
A_NA	134	88	A	0	0	88	35
A_NA	135	99	G	0	0	99	35
A_NA	136	111	C	0	0	111	35
A_NA	137	109	C	0	0	109	35
A_NA	138	108	T	0	0	108	35
A_NA	139	98	G	0	0	98	35
A_NA	140	113	A	0	0	113	35
A_NA	141	94	A	0	0	94	35
A_NA	142	98	C	0	0	98	35
A_NA	143	85	C	0	0	85	35
A_NA	144	88	A	0	0	88	35
A_NA	145	89	T	0	0	89	35
A_NA	146	100	G	0	0	100	35
A_NA	147	90	C	0	0	90	35
A_NA	148	115	A	0	0	115	35
A_NA	149	112	A	0	0	112	35
A_NA	150	100	T	0	0	100	35
A_NA	151	107	C	0	0	107	35
A_NA	152	110	A	0	0	110	35
A_NA	153	91	A	0	0	91	35
A_NA	154	107	A	0	0	107	35
A_NA	155	92	G	0	0	92	35
A_NA	156	85	C	0	0	85	35
A_NA	157	89	A	0	0	89	35
A_NA	158	113	T	0	0	113	35
A_NA	159	105	C	0	0	105	35
A_NA	160	111	A	0	0	111	35
A_NA	161	115	T	0	0	115	35
A_NA	162	106	T	0	0	106	35
A_NA	163	91	G	0	0	91	35
A_NA	164	99	C	0	0	99	35
A_NA	165	105	C	0	0	105	35
A_NA	166	92	T	0	0	92	35
A_NA	167	92	A	0	0	92	35
A_NA	168	106	T	0	0	106	35
A_NA	169	110	G	0	0	110	35
A_NA	170	110	A	0	0	110	35
A_NA	171	105	G	0	0	105	35
A_NA	172	92	A	0	0	92	35
A_NA	173	106	A	0	0	106	35
A_NA	174	85	C	0	0	85	35
A_NA	175	97	A	0	0	97	35
A_NA	176	97	A	0	0	97	35
A_NA	177	99	C	0	0	99	35
A_NA	178	103	A	0	0	103	35
A_NA	179	95	C	0	0	95	35
A_NA	180	98	C	0	0	98	35
A_NA	181	94	T	0	0	94	35
A_NA	182	96	G	0	0	96	35
A_NA	183	103	G	0	0	103	35
A_NA	184	99	G	0	0	99	35
A_NA	185	97	T	0	0	97	35
A_NA	186	87	A	0	0	87	35
A_NA	187	93	A	0	0	93	35
A_NA	188	101	A	0	0	101	35
A_NA	189	107	T	0	0	107	35
A_NA	190	102	C	0	0	102	35
A_NA	191	101	A	0	0	101	35
A_NA	192	94	G	0	0	94	35
A_NA	193	87	A	0	0	87	35
A_NA	194	98	C	0	0	98	35
A_NA	195	108	G	0	0	108	35
A_NA	196	110	T	0	0	110	35
A_NA	197	112	A	0	0	112	35
A_NA	198	87	T	0	0	87	35
A_NA	199	109	G	0	0	109	35
A_NA	200	87	T	0	0	87	35
A_NA	201	87	C	0	0	87	35
A_NA	202	111	A	0	0	111	35
A_NA	203	88	A	0	0	88	35
A_NA	204	104	C	0	0	104	35
A_NA	205	87	A	0	0	87	35
A_NA	206	114	T	0	0	114	35
A_NA	207	105	C	0	0	105	35
A_NA	208	105	A	0	0	105	35
A_NA	209	91	A	0	0	91	35
A_NA	210	113	C	0	0	113	35
A_NA	211	105	A	0	0	105	35
A_NA	212	107	A	0	0	107	35
A_NA	213	87	T	0	0	87	35
A_NA	214	104	A	0	0	104	35
A_NA	215	109	C	0	0	109	35
A_NA	216	102	C	0	0	102	35
A_NA	217	113	A	0	0	113	35
A_NA	218	109	A	0	0	109	35
A_NA	219	98	T	0	0	98	35
A_NA	220	113	T	0	0	113	35
A_NA	221	86	T	0	0	86	35
A_NA	222	109	T	0	0	109	35
A_NA	223	99	C	0	0	99	35
A_NA	224	88	T	0	0	88	35
A_NA	225	91	T	0	0	91	35
A_NA	226	113	G	0	0	113	35
A_NA	227	100	C	0	0	100	35
A_NA	228	88	T	0	0	88	35
A_NA	229	112	G	0	0	112	35
A_NA	230	105	A	0	0	105	35
A_NA	231	92	G	0	0	92	35
A_NA	232	88	C	0	0	88	35
A_NA	233	95	A	0	0	95	35
A_NA	234	112	G	0	0	112	35
A_NA	235	96	G	0	0	96	35
A_NA	236	111	C	0	0	111	35
A_NA	237	102	T	0	0	102	35
A_NA	238	114	G	0	0	114	35
A_NA	239	107	T	0	0	107	35
A_NA	240	92	T	0	0	92	35
A_NA	241	95	A	0	0	95	35
A_NA	242	104	C	0	0	104	35
A_NA	243	99	T	0	0	99	35
A_NA	244	87	T	0	0	87	35
A_NA	245	103	C	0	0	103	35
A_NA	246	115	G	0	0	115	35
A_NA	247	111	G	0	0	111	35
A_NA	248	104	T	0	0	104	35
A_NA	249	95	A	0	0	95	35
A_NA	250	86	A	0	0	86	35
A_NA	251	114	C	0	0	114	35
A_NA	252	112	A	0	0	112	35
A_NA	253	111	T	0	0	111	35
A_NA	254	111	T	0	0	111	35
A_NA	255	94	A	0	0	94	35
A_NA	256	106	G	0	0	106	35
A_NA	257	96	C	0	0	96	35
A_NA	258	109	G	0	0	109	35
A_NA	259	88	G	0	0	88	35
A_NA	260	91	G	0	0	91	35
A_NA	261	86	C	0	0	86	35
A_NA	262	115	A	0	0	115	35
A_NA	263	103	A	0	0	103	35
A_NA	264	90	T	0	0	90	35
A_NA	265	102	T	0	0	102	35
A_NA	266	94	C	0	0	94	35
A_NA	267	104	A	0	0	104	35
A_NA	268	95	T	0	0	95	35
A_NA	269	112	C	0	0	112	35
A_NA	270	87	T	0	0	87	35
A_NA	271	92	C	0	0	92	35
A_NA	272	97	T	0	0	97	35
A_NA	273	103	T	0	0	103	35
A_NA	274	100	T	0	0	100	35
A_NA	275	107	G	0	0	107	35
A_NA	276	88	C	0	0	88	35
A_NA	277	86	C	0	0	86	35
A_NA	278	104	C	0	0	104	35
A_NA	279	94	T	0	0	94	35
A_NA	280	94	A	0	0	94	35
A_NA	281	114	T	0	0	114	35
A_NA	282	95	T	0	0	95	35
A_NA	283	93	A	0	0	93	35
A_NA	284	100	G	0	0	100	35
A_NA	285	103	T	0	0	103	35
A_NA	286	95	G	0	0	95	35
A_NA	287	113	G	0	0	113	35
A_NA	288	87	G	0	0	87	35
A_NA	289	101	T	0	0	101	35
A_NA	290	95	G	0	0	95	35
A_NA	291	91	G	0	0	91	35
A_NA	292	106	G	0	0	106	35
A_NA	293	85	C	0	0	85	35
A_NA	294	100	T	0	0	100	35
A_NA	295	89	A	0	0	89	35
A_NA	296	110	T	0	0	110	35
A_NA	297	99	A	0	0	99	35
A_NA	298	109	T	0	0	109	35
A_NA	299	113	A	0	0	113	35
A_NA	300	115	C	0	0	115	35
A_NA	301	105	A	0	0	105	35
A_NA	302	112	G	0	0	112	35
A_NA	303	89	T	0	0	89	35
A_NA	304	89	A	0	0	89	35
A_NA	305	87	A	0	0	87	35
A_NA	306	114	G	0	0	114	35
A_NA	307	104	G	0	0	104	35
A_NA	308	95	A	0	0	95	35
A_NA	309	105	C	0	0	105	35
A_NA	310	98	A	0	0	98	35
A_NA	311	100	A	0	0	100	35
A_NA	312	98	C	0	0	98	35
A_NA	313	94	G	0	0	94	35
A_NA	314	88	G	0	0	88	35
A_NA	315	109	T	0	0	109	35
A_NA	316	108	A	0	0	108	35
A_NA	317	103	T	0	0	103	35
A_NA	318	102	A	0	0	102	35
A_NA	319	94	A	0	0	94	35
A_NA	320	110	G	0	0	110	35
A_NA	321	107	A	0	0	107	35
A_NA	322	88	A	0	0	88	35
A_NA	323	96	T	0	0	96	35
A_NA	324	99	T	0	0	99	35
A_NA	325	102	G	0	0	102	35
A_NA	326	96	G	0	0	96	35
A_NA	327	102	G	0	0	102	35
A_NA	328	114	T	0	0	114	35
A_NA	329	108	C	0	0	108	35
A_NA	330	115	C	0	0	115	35
A_NA	331	108	A	0	0	108	35
A_NA	332	97	A	0	0	97	35
A_NA	333	97	G	0	0	97	35
A_NA	334	86	G	0	0	86	35
A_NA	335	112	G	0	0	112	35
A_NA	336	106	G	0	0	106	35
A_NA	337	109	G	0	0	109	35
A_NA	338	112	A	0	0	112	35
A_NA	339	93	T	0	0	93	35
A_NA	340	113	G	0	0	113	35
A_NA	341	98	T	0	0	98	35
A_NA	342	112	G	0	0	112	35
A_NA	343	112	T	0	0	112	35
A_NA	344	107	T	0	0	107	35
A_NA	345	92	T	0	0	92	35
A_NA	346	107	G	0	0	107	35
A_NA	347	89	T	0	0	89	35
A_NA	348	91	T	0	0	91	35
A_NA	349	106	A	0	0	106	35
A_NA	350	93	T	0	0	93	35
A_NA	351	87	A	0	0	87	35
A_NA	352	106	A	0	0	106	35
A_NA	353	92	G	0	0	92	35
A_NA	354	89	G	0	0	89	35
A_NA	355	103	G	0	0	103	35
A_NA	356	108	A	0	0	108	35
A_NA	357	113	A	0	0	113	35
A_NA	358	101	C	0	0	101	35
A_NA	359	109	C	0	0	109	35
A_NA	360	99	G	0	0	99	35
A_NA	361	105	T	0	0	105	35
A_NA	362	113	T	0	0	113	35
A_NA	363	96	C	0	0	96	35
A_NA	364	95	A	0	0	95	35
A_NA	365	98	T	0	0	98	35
A_NA	366	93	C	0	0	93	35
A_NA	367	111	T	0	0	111	35
A_NA	368	109	C	0	0	109	35
A_NA	369	103	A	0	0	103	35
A_NA	370	106	T	0	0	106	35
A_NA	371	90	G	0	0	90	35
A_NA	372	105	C	0	0	105	35
A_NA	373	114	T	0	0	114	35
A_NA	374	93	C	0	0	93	35
A_NA	375	100	C	0	0	100	35
A_NA	376	109	C	0	0	109	35
A_NA	377	91	A	0	0	91	35
A_NA	378	93	C	0	0	93	35
A_NA	379	101	T	0	0	101	35
A_NA	380	111	T	0	0	111	35
A_NA	381	111	G	0	0	111	35
A_NA	382	106	G	0	0	106	35
A_NA	383	106	A	0	0	106	35
A_NA	384	89	A	0	0	89	35
A_NA	385	91	T	0	0	91	35
A_NA	386	113	G	0	0	113	35
A_NA	387	111	C	0	0	111	35
A_NA	388	114	A	0	0	114	35
A_NA	389	115	G	0	0	115	35
A_NA	390	96	A	0	0	96	35
A_NA	391	86	A	0	0	86	35
A_NA	392	111	C	0	0	111	35
A_NA	393	86	C	0	0	86	35
A_NA	394	86	T	0	0	86	35
A_NA	395	114	T	0	0	114	35
A_NA	396	92	T	0	0	92	35
A_NA	397	97	T	0	0	97	35
A_NA	398	112	T	0	0	112	35
A_NA	399	107	T	0	0	107	35
A_NA	400	94	C	0	0	94	35
A_NA	401	85	T	0	0	85	35
A_NA	402	88	G	0	0	88	35
A_NA	403	93	A	0	0	93	35
A_NA	404	101	C	0	0	101	35
A_NA	405	115	C	0	0	115	35
A_NA	406	97	C	0	0	97	35
A_NA	407	104	A	0	0	104	35
A_NA	408	109	G	0	0	109	35
A_NA	409	101	G	0	0	101	35
A_NA	410	101	G	0	0	101	35
A_NA	411	100	A	0	0	100	35
A_NA	412	87	G	0	0	87	35
A_NA	413	103	C	0	0	103	35
A_NA	414	91	T	0	0	91	35
A_NA	415	98	C	0	0	98	35
A_NA	416	114	T	0	0	114	35
A_NA	417	99	G	0	0	99	35
A_NA	418	111	C	0	0	111	35
A_NA	419	88	T	0	0	88	35
A_NA	420	94	G	0	0	94	35
A_NA	421	96	A	0	0	96	35
A_NA	422	88	A	0	0	88	35
A_NA	423	99	T	0	0	99	35
A_NA	424	92	G	0	0	92	35
A_NA	425	92	A	0	0	92	35
A_NA	426	99	C	0	0	99	35
A_NA	427	101	A	0	0	101	35
A_NA	428	90	A	0	0	90	35
A_NA	429	93	A	0	0	93	35
A_NA	430	93	C	0	0	93	35
A_NA	431	107	A	0	0	107	35
A_NA	432	90	T	0	0	90	35
A_NA	433	87	T	0	0	87	35
A_NA	434	89	C	0	0	89	35
A_NA	435	99	T	0	0	99	35
A_NA	436	106	A	0	0	106	35
A_NA	437	93	A	0	0	93	35
A_NA	438	85	T	0	0	85	35
A_NA	439	104	G	0	0	104	35
A_NA	440	113	G	0	0	113	35
A_NA	441	85	G	0	0	85	35
A_NA	442	107	A	0	0	107	35
A_NA	443	113	C	0	0	113	35
A_NA	444	111	C	0	0	111	35
A_NA	445	113	G	0	0	113	35
A_NA	446	88	T	0	0	88	35
A_NA	447	113	T	0	0	113	35
A_NA	448	115	A	0	0	115	35
A_NA	449	107	A	0	0	107	35
A_NA	450	101	G	0	0	101	35
A_NA	451	89	G	0	0	89	35
A_NA	452	91	A	0	0	91	35
A_NA	453	86	T	0	0	86	35
A_NA	454	92	A	0	0	92	35
A_NA	455	97	G	0	0	97	35
A_NA	456	97	A	0	0	97	35
A_NA	457	93	A	0	0	93	35
A_NA	458	114	G	0	0	114	35
A_NA	459	109	C	0	0	109	35
A_NA	460	114	C	0	0	114	35
A_NA	461	89	C	0	0	89	35
A_NA	462	88	C	0	0	88	35
A_NA	463	96	T	0	0	96	35
A_NA	464	103	A	0	0	103	35
A_NA	465	98	T	0	0	98	35
A_NA	466	106	A	0	0	106	35
A_NA	467	93	G	0	0	93	35
A_NA	468	107	A	0	0	107	35
A_NA	469	102	A	0	0	102	35
A_NA	470	111	C	0	0	111	35
A_NA	471	92	T	0	0	92	35
A_NA	472	111	T	0	0	111	35
A_NA	473	93	T	0	0	93	35
A_NA	474	90	G	0	0	90	35
A_NA	475	102	A	0	0	102	35
A_NA	476	115	T	0	0	115	35
A_NA	477	85	G	0	0	85	35
A_NA	478	96	A	0	0	96	35
A_NA	479	113	G	0	0	113	35
A_NA	480	89	T	0	0	89	35
A_NA	481	98	T	0	0	98	35
A_NA	482	95	G	0	0	95	35
A_NA	483	107	T	0	0	107	35
A_NA	484	112	C	0	0	112	35
A_NA	485	90	C	0	0	90	35
A_NA	486	112	C	0	0	112	35
A_NA	487	90	G	0	0	90	35
A_NA	488	90	T	0	0	90	35
A_NA	489	99	G	0	0	99	35
A_NA	490	89	G	0	0	89	35
A_NA	491	89	G	0	0	89	35
A_NA	492	98	T	0	0	98	35
A_NA	493	99	G	0	0	99	35
A_NA	494	93	A	0	0	93	35
A_NA	495	91	G	0	0	91	35
A_NA	496	98	G	0	0	98	35
A_NA	497	107	C	0	0	107	35
A_NA	498	104	T	0	0	104	35
A_NA	499	94	C	0	0	94	35
A_NA	500	99	C	0	0	99	35
A_NA	501	111	T	0	0	111	35
A_NA	502	113	T	0	0	113	35
A_NA	503	110	C	0	0	110	35
A_NA	504	111	C	0	0	111	35
A_NA	505	114	C	0	0	114	35
A_NA	506	106	C	0	0	106	35
A_NA	507	100	G	0	0	100	35
A_NA	508	100	T	0	0	100	35
A_NA	509	113	A	0	0	113	35
A_NA	510	86	C	0	0	86	35
A_NA	511	110	A	0	0	110	35
A_NA	512	112	A	0	0	112	35
A_NA	513	91	T	0	0	91	35
A_NA	514	115	T	0	0	115	35
A_NA	515	109	C	0	0	109	35
A_NA	516	112	A	0	0	112	35
A_NA	517	87	A	0	0	87	35
A_NA	518	112	G	0	0	112	35
A_NA	519	99	A	0	0	99	35
A_NA	520	93	T	0	0	93	35
A_NA	521	95	T	0	0	95	35
A_NA	522	107	T	0	0	107	35
A_NA	523	97	G	0	0	97	35
A_NA	524	91	A	0	0	91	35
A_NA	525	96	G	0	0	96	35
A_NA	526	114	T	0	0	114	35
A_NA	527	96	C	0	0	96	35
A_NA	528	103	T	0	0	103	35
A_NA	529	100	G	0	0	100	35
A_NA	530	100	T	0	0	100	35
A_NA	531	106	T	0	0	106	35
A_NA	532	102	G	0	0	102	35
A_NA	533	93	C	0	0	93	35
A_NA	534	115	T	0	0	115	35
A_NA	535	104	T	0	0	104	35
A_NA	536	103	G	0	0	103	35
A_NA	537	93	G	0	0	93	35
A_NA	538	97	T	0	0	97	35
A_NA	539	109	C	0	0	109	35
A_NA	540	113	G	0	0	113	35
A_NA	541	114	G	0	0	114	35
A_NA	542	104	C	0	0	104	35
A_NA	543	110	A	0	0	110	35
A_NA	544	109	A	0	0	109	35
A_NA	545	103	G	0	0	103	35
A_NA	546	114	T	0	0	114	35
A_NA	547	98	G	0	0	98	35
A_NA	548	106	C	0	0	106	35
A_NA	549	104	T	0	0	104	35
A_NA	550	103	T	0	0	103	35
A_NA	551	111	G	0	0	111	35
A_NA	552	106	T	0	0	106	35
A_NA	553	101	C	0	0	101	35
A_NA	554	97	A	0	0	97	35
A_NA	555	106	T	0	0	106	35
A_NA	556	91	G	0	0	91	35
A_NA	557	97	A	0	0	97	35
A_NA	558	86	T	0	0	86	35
A_NA	559	85	G	0	0	85	35
A_NA	560	97	G	0	0	97	35
A_NA	561	94	C	0	0	94	35
A_NA	562	99	A	0	0	99	35
A_NA	563	89	T	0	0	89	35
A_NA	564	92	C	0	0	92	35
A_NA	565	90	A	0	0	90	35
A_NA	566	107	G	0	0	107	35
A_NA	567	104	T	0	0	104	35
A_NA	568	106	T	0	0	106	35
A_NA	569	93	G	0	0	93	35
A_NA	570	100	G	0	0	100	35
A_NA	571	108	T	0	0	108	35
A_NA	572	112	T	0	0	112	35
A_NA	573	106	G	0	0	106	35
A_NA	574	111	A	0	0	111	35
A_NA	575	86	C	0	0	86	35
A_NA	576	114	A	0	0	114	35
A_NA	577	100	A	0	0	100	35
A_NA	578	110	T	0	0	110	35
A_NA	579	92	C	0	0	92	35
A_NA	580	113	G	0	0	113	35
A_NA	581	93	G	0	0	93	35
A_NA	582	108	T	0	0	108	35
A_NA	583	109	A	0	0	109	35
A_NA	584	101	T	0	0	101	35
A_NA	585	105	T	0	0	105	35
A_NA	586	96	T	0	0	96	35
A_NA	587	109	C	0	0	109	35
A_NA	588	110	T	0	0	110	35
A_NA	589	103	G	0	0	103	35
A_NA	590	97	G	0	0	97	35
A_NA	591	99	T	0	0	99	35
A_NA	592	114	C	0	0	114	35
A_NA	593	86	C	0	0	86	35
A_NA	594	113	A	0	0	113	35
A_NA	595	105	G	0	0	105	35
A_NA	596	87	A	0	0	87	35
A_NA	597	102	C	0	0	102	35
A_NA	598	105	A	0	0	105	35
A_NA	599	89	A	0	0	89	35
A_NA	600	114	T	0	0	114	35
A_NA	601	102	G	0	0	102	35
A_NA	602	87	G	0	0	87	35
A_NA	603	87	A	0	0	87	35
A_NA	604	94	G	0	0	94	35
A_NA	605	104	C	0	0	104	35
A_NA	606	94	T	0	0	94	35
A_NA	607	112	G	0	0	112	35
A_NA	608	98	T	0	0	98	35
A_NA	609	101	G	0	0	101	35
A_NA	610	108	G	0	0	108	35
A_NA	611	107	C	0	0	107	35
A_NA	612	88	T	0	0	88	35
A_NA	613	95	G	0	0	95	35
A_NA	614	115	T	0	0	115	35
A_NA	615	85	A	0	0	85	35
A_NA	616	88	T	0	0	88	35
A_NA	617	97	T	0	0	97	35
A_NA	618	97	G	0	0	97	35
A_NA	619	109	A	0	0	109	35
A_NA	620	104	A	0	0	104	35
A_NA	621	88	G	0	0	88	35
A_NA	622	115	T	0	0	115	35
A_NA	623	108	A	0	0	108	35
A_NA	624	93	C	0	0	93	35
A_NA	625	108	A	0	0	108	35
A_NA	626	110	A	0	0	110	35
A_NA	627	115	T	0	0	115	35
A_NA	628	93	G	0	0	93	35
A_NA	629	107	G	0	0	107	35
A_NA	630	102	C	0	0	102	35
A_NA	631	101	A	0	0	101	35
A_NA	632	103	T	0	0	103	35
A_NA	633	114	A	0	0	114	35
A_NA	634	107	A	0	0	107	35
A_NA	635	102	T	0	0	102	35
A_NA	636	86	A	0	0	86	35
A_NA	637	105	A	0	0	105	35
A_NA	638	115	C	0	0	115	35
A_NA	639	87	G	0	0	87	35
A_NA	640	105	G	0	0	105	35
A_NA	641	111	A	0	0	111	35
A_NA	642	87	T	0	0	87	35
A_NA	643	97	A	0	0	97	35
A_NA	644	113	C	0	0	113	35
A_NA	645	115	T	0	0	115	35
A_NA	646	102	A	0	0	102	35
A_NA	647	112	T	0	0	112	35
A_NA	648	100	C	0	0	100	35
A_NA	649	94	A	0	0	94	35
A_NA	650	112	A	0	0	112	35
A_NA	651	110	G	0	0	110	35
A_NA	652	103	A	0	0	103	35
A_NA	653	90	G	0	0	90	35
A_NA	654	92	T	0	0	92	35
A_NA	655	92	T	0	0	92	35
A_NA	656	90	G	0	0	90	35
A_NA	657	105	G	0	0	105	35
A_NA	658	87	A	0	0	87	35
A_NA	659	109	G	0	0	109	35
A_NA	660	104	A	0	0	104	35
A_NA	661	98	A	0	0	98	35
A_NA	662	110	A	0	0	110	35
A_NA	663	96	C	0	0	96	35
A_NA	664	91	A	0	0	91	35
A_NA	665	85	A	0	0	85	35
A_NA	666	86	C	0	0	86	35
A_NA	667	99	A	0	0	99	35
A_NA	668	104	T	0	0	104	35
A_NA	669	97	T	0	0	97	35
A_NA	670	101	T	0	0	101	35
A_NA	671	89	T	0	0	89	35
A_NA	672	91	G	0	0	91	35
A_NA	673	108	A	0	0	108	35
A_NA	674	111	G	0	0	111	35
A_NA	675	97	A	0	0	97	35
A_NA	676	89	A	0	0	89	35
A_NA	677	90	C	0	0	90	35
A_NA	678	103	T	0	0	103	35
A_NA	679	101	C	0	0	101	35
A_NA	680	89	A	0	0	89	35
A_NA	681	114	A	0	0	114	35
A_NA	682	109	G	0	0	109	35
A_NA	683	85	A	0	0	85	35
A_NA	684	95	A	0	0	95	35
A_NA	685	100	T	0	0	100	35
A_NA	686	111	C	0	0	111	35
A_NA	687	95	T	0	0	95	35
A_NA	688	106	G	0	0	106	35
A_NA	689	98	A	0	0	98	35
A_NA	690	92	A	0	0	92	35
A_NA	691	92	T	0	0	92	35
A_NA	692	107	G	0	0	107	35
A_NA	693	104	T	0	0	104	35
A_NA	694	99	G	0	0	99	35
A_NA	695	96	C	0	0	96	35
A_NA	696	95	G	0	0	95	35
A_NA	697	111	T	0	0	111	35
A_NA	698	106	G	0	0	106	35
A_NA	699	100	C	0	0	100	35
A_NA	700	108	G	0	0	108	35
A_NA	701	86	T	0	0	86	35
A_NA	702	106	A	0	0	106	35
A_NA	703	93	A	0	0	93	35
A_NA	704	91	A	0	0	91	35
A_NA	705	96	T	0	0	96	35
A_NA	706	103	G	0	0	103	35
A_NA	707	111	G	0	0	111	35
A_NA	708	87	C	0	0	87	35
A_NA	709	105	T	0	0	105	35
A_NA	710	106	C	0	0	106	35
A_NA	711	106	T	0	0	106	35
A_NA	712	107	T	0	0	107	35
A_NA	713	107	G	0	0	107	35
A_NA	714	105	C	0	0	105	35
A_NA	715	112	T	0	0	112	35
A_NA	716	110	T	0	0	110	35
A_NA	717	96	C	0	0	96	35
A_NA	718	97	A	0	0	97	35
A_NA	719	88	C	0	0	88	35
A_NA	720	107	T	0	0	107	35
A_NA	721	108	G	0	0	108	35
A_NA	722	107	T	0	0	107	35
A_NA	723	102	A	0	0	102	35
A_NA	724	102	A	0	0	102	35
A_NA	725	89	T	0	0	89	35
A_NA	726	112	G	0	0	112	35
A_NA	727	101	A	0	0	101	35
A_NA	728	111	C	0	0	111	35
A_NA	729	100	T	0	0	100	35
A_NA	730	94	G	0	0	94	35
A_NA	731	85	A	0	0	85	35
A_NA	732	114	T	0	0	114	35
A_NA	733	109	G	0	0	109	35
A_NA	734	98	G	0	0	98	35
A_NA	735	86	A	0	0	86	35
A_NA	736	115	C	0	0	115	35
A_NA	737	110	C	0	0	110	35
A_NA	738	112	A	0	0	112	35
A_NA	739	108	A	0	0	108	35
A_NA	740	89	G	0	0	89	35
A_NA	741	105	C	0	0	105	35
A_NA	742	109	A	0	0	109	35
A_NA	743	85	A	0	0	85	35
A_NA	744	95	T	0	0	95	35
A_NA	745	93	G	0	0	93	35
A_NA	746	111	G	0	0	111	35
A_NA	747	112	G	0	0	112	35
A_NA	748	93	C	0	0	93	35
A_NA	749	95	A	0	0	95	35
A_NA	750	111	G	0	0	111	35
A_NA	751	92	G	0	0	92	35
A_NA	752	92	C	0	0	92	35
A_NA	753	107	C	0	0	107	35
A_NA	754	91	T	0	0	91	35
A_NA	755	102	C	0	0	102	35
A_NA	756	113	A	0	0	113	35
A_NA	757	98	T	0	0	98	35
A_NA	758	93	A	0	0	93	35
A_NA	759	97	T	0	0	97	35
A_NA	760	99	A	0	0	99	35
A_NA	761	89	A	0	0	89	35
A_NA	762	106	A	0	0	106	35
A_NA	763	112	A	0	0	112	35
A_NA	764	102	T	0	0	102	35
A_NA	765	113	C	0	0	113	35
A_NA	766	111	T	0	0	111	35
A_NA	767	93	T	0	0	93	35
A_NA	768	99	C	0	0	99	35
A_NA	769	112	A	0	0	112	35
A_NA	770	95	A	0	0	95	35
A_NA	771	106	G	0	0	106	35
A_NA	772	94	A	0	0	94	35
A_NA	773	112	T	0	0	112	35
A_NA	774	111	A	0	0	111	35
A_NA	775	94	G	0	0	94	35
A_NA	776	88	A	0	0	88	35
A_NA	777	95	G	0	0	95	35
A_NA	778	89	A	0	0	89	35
A_NA	779	97	A	0	0	97	35
A_NA	780	115	A	0	0	115	35
A_NA	781	101	G	0	0	101	35
A_NA	782	107	G	0	0	107	35
A_NA	783	93	G	0	0	93	35
A_NA	784	93	A	0	0	93	35
A_NA	785	94	A	0	0	94	35
A_NA	786	98	A	0	0	98	35
A_NA	787	104	G	0	0	104	35
A_NA	788	88	T	0	0	88	35
A_NA	789	112	A	0	0	112	35
A_NA	790	100	G	0	0	100	35
A_NA	791	103	T	0	0	103	35
A_NA	792	99	C	0	0	99	35
A_NA	793	106	A	0	0	106	35
A_NA	794	104	A	0	0	104	35
A_NA	795	88	A	0	0	88	35
A_NA	796	102	T	0	0	102	35
A_NA	797	102	C	0	0	102	35
A_NA	798	109	A	0	0	109	35
A_NA	799	114	G	0	0	114	35
A_NA	800	95	T	0	0	95	35
A_NA	801	99	T	0	0	99	35
A_NA	802	115	G	0	0	115	35
A_NA	803	113	A	0	0	113	35
A_NA	804	86	A	0	0	86	35
A_NA	805	93	T	0	0	93	35
A_NA	806	105	T	0	0	105	35
A_NA	807	85	G	0	0	85	35
A_NA	808	93	A	0	0	93	35
A_NA	809	89	A	0	0	89	35
A_NA	810	90	T	0	0	90	35
A_NA	811	92	G	0	0	92	35
A_NA	812	108	C	0	0	108	35
A_NA	813	96	C	0	0	96	35
A_NA	814	108	C	0	0	108	35
A_NA	815	105	C	0	0	105	35
A_NA	816	94	T	0	0	94	35
A_NA	817	96	A	0	0	96	35
A_NA	818	96	A	0	0	96	35
A_NA	819	112	T	0	0	112	35
A_NA	820	97	T	0	0	97	35
A_NA	821	109	A	0	0	109	35
A_NA	822	91	C	0	0	91	35
A_NA	823	112	C	0	0	112	35
A_NA	824	95	A	0	0	95	35
A_NA	825	91	C	0	0	91	35
A_NA	826	108	T	0	0	108	35
A_NA	827	93	A	0	0	93	35
A_NA	828	103	C	0	0	103	35
A_NA	829	97	G	0	0	97	35
A_NA	830	110	A	0	0	110	35
A_NA	831	113	G	0	0	113	35
A_NA	832	94	G	0	0	94	35
A_NA	833	87	A	0	0	87	35
A_NA	834	90	A	0	0	90	35
A_NA	835	93	T	0	0	93	35
A_NA	836	93	G	0	0	93	35
A_NA	837	94	C	0	0	94	35
A_NA	838	115	T	0	0	115	35
A_NA	839	103	C	0	0	103	35
A_NA	840	87	C	0	0	87	35
A_NA	841	93	T	0	0	93	35
A_NA	842	85	G	0	0	85	35
A_NA	843	107	T	0	0	107	35
A_NA	844	85	T	0	0	85	35
A_NA	845	113	A	0	0	113	35
A_NA	846	101	C	0	0	101	35
A_NA	847	97	C	0	0	97	35
A_NA	848	103	C	0	0	103	35
A_NA	849	100	T	0	0	100	35
A_NA	850	101	G	0	0	101	35
A_NA	851	92	A	0	0	92	35
A_NA	852	97	T	0	0	97	35
A_NA	853	91	G	0	0	91	35
A_NA	854	114	C	0	0	114	35
A_NA	855	86	G	0	0	86	35
A_NA	856	87	G	0	0	87	35
A_NA	857	112	G	0	0	112	35
A_NA	858	94	T	0	0	94	35
A_NA	859	103	G	0	0	103	35
A_NA	860	113	A	0	0	113	35
A_NA	861	94	G	0	0	94	35
A_NA	862	100	A	0	0	100	35
A_NA	863	91	T	0	0	91	35
A_NA	864	102	T	0	0	102	35
A_NA	865	115	A	0	0	115	35
A_NA	866	102	T	0	0	102	35
A_NA	867	112	G	0	0	112	35
A_NA	868	113	T	0	0	113	35
A_NA	869	98	G	0	0	98	35
A_NA	870	107	T	0	0	107	35
A_NA	871	91	G	0	0	91	35
A_NA	872	97	T	0	0	97	35
A_NA	873	110	G	0	0	110	35
A_NA	874	109	T	0	0	109	35
A_NA	875	99	G	0	0	99	35
A_NA	876	109	C	0	0	109	35
A_NA	877	110	A	0	0	110	35
A_NA	878	115	G	0	0	115	35
A_NA	879	88	G	0	0	88	35
A_NA	880	103	G	0	0	103	35
A_NA	881	104	A	0	0	104	35
A_NA	882	90	C	0	0	90	35
A_NA	883	91	A	0	0	91	35
A_NA	884	110	A	0	0	110	35
A_NA	885	99	T	0	0	99	35
A_NA	886	110	T	0	0	110	35
A_NA	887	89	G	0	0	89	35
A_NA	888	95	G	0	0	95	35
A_NA	889	111	C	0	0	111	35
A_NA	890	86	A	0	0	86	35
A_NA	891	89	T	0	0	89	35
A_NA	892	86	G	0	0	86	35
A_NA	893	93	G	0	0	93	35
A_NA	894	90	C	0	0	90	35
A_NA	895	86	T	0	0	86	35
A_NA	896	106	C	0	0	106	35
A_NA	897	89	A	0	0	89	35
A_NA	898	85	A	0	0	85	35
A_NA	899	104	A	0	0	104	35
A_NA	900	96	C	0	0	96	35
A_NA	901	101	C	0	0	101	35
A_NA	902	92	G	0	0	92	35
A_NA	903	102	G	0	0	102	35
A_NA	904	114	C	0	0	114	35
A_NA	905	88	C	0	0	88	35
A_NA	906	114	G	0	0	114	35
A_NA	907	91	T	0	0	91	35
A_NA	908	113	G	0	0	113	35
A_NA	909	100	G	0	0	100	35
A_NA	910	104	G	0	0	104	35
A_NA	911	101	T	0	0	101	35
A_NA	912	91	A	0	0	91	35
A_NA	913	86	T	0	0	86	35
A_NA	914	100	C	0	0	100	35
A_NA	915	103	T	0	0	103	35
A_NA	916	111	T	0	0	111	35
A_NA	917	91	T	0	0	91	35
A_NA	918	92	T	0	0	92	35
A_NA	919	93	A	0	0	93	35
A_NA	920	94	A	0	0	94	35
A_NA	921	110	T	0	0	110	35
A_NA	922	98	C	0	0	98	35
A_NA	923	113	A	0	0	113	35
A_NA	924	88	A	0	0	88	35
A_NA	925	99	A	0	0	99	35
A_NA	926	94	A	0	0	94	35
A_NA	927	102	T	0	0	102	35
A_NA	928	100	C	0	0	100	35
A_NA	929	94	T	0	0	94	35
A_NA	930	90	G	0	0	90	35
A_NA	931	90	G	0	0	90	35
A_NA	932	92	A	0	0	92	35
A_NA	933	85	G	0	0	85	35
A_NA	934	113	T	0	0	113	35
A_NA	935	111	A	0	0	111	35
A_NA	936	105	T	0	0	105	35
A_NA	937	108	C	0	0	108	35
A_NA	938	114	A	0	0	114	35
A_NA	939	93	A	0	0	93	35
A_NA	940	109	A	0	0	109	35
A_NA	941	106	T	0	0	106	35
A_NA	942	92	A	0	0	92	35
A_NA	943	85	G	0	0	85	35
A_NA	944	94	G	0	0	94	35
A_NA	945	87	A	0	0	87	35
A_NA	946	113	T	0	0	113	35
A_NA	947	102	A	0	0	102	35
A_NA	948	107	T	0	0	107	35
A_NA	949	89	A	0	0	89	35
A_NA	950	98	T	0	0	98	35
A_NA	951	104	A	0	0	104	35
A_NA	952	85	T	0	0	85	35
A_NA	953	112	G	0	0	112	35
A_NA	954	92	C	0	0	92	35
A_NA	955	115	A	0	0	115	35
A_NA	956	91	G	0	0	91	35
A_NA	957	94	T	0	0	94	35
A_NA	958	93	G	0	0	93	35
A_NA	959	95	G	0	0	95	35
A_NA	960	89	G	0	0	89	35
A_NA	961	96	G	0	0	96	35
A_NA	962	114	T	0	0	114	35
A_NA	963	95	T	0	0	95	35
A_NA	964	95	T	0	0	95	35
A_NA	965	99	T	0	0	99	35
A_NA	966	105	C	0	0	105	35
A_NA	967	115	G	0	0	115	35
A_NA	968	101	G	0	0	101	35
A_NA	969	88	A	0	0	88	35
A_NA	970	111	G	0	0	111	35
A_NA	971	102	A	0	0	102	35
A_NA	972	115	C	0	0	115	35
A_NA	973	104	A	0	0	104	35
A_NA	974	114	A	0	0	114	35
A_NA	975	92	C	0	0	92	35
A_NA	976	104	C	0	0	104	35
A_NA	977	95	C	0	0	95	35
A_NA	978	87	C	0	0	87	35
A_NA	979	86	C	0	0	86	35
A_NA	980	96	G	0	0	96	35
A_NA	981	85	C	0	0	85	35
A_NA	982	90	C	0	0	90	35
A_NA	983	93	C	0	0	93	35
A_NA	984	113	C	0	0	113	35
A_NA	985	87	A	0	0	87	35
A_NA	986	101	A	0	0	101	35
A_NA	987	93	T	0	0	93	35
A_NA	988	100	G	0	0	100	35
A_NA	989	113	A	0	0	113	35
A_NA	990	85	T	0	0	85	35
A_NA	991	98	G	0	0	98	35
A_NA	992	90	G	0	0	90	35
A_NA	993	113	A	0	0	113	35
A_NA	994	97	A	0	0	97	35
A_NA	995	93	C	0	0	93	35
A_NA	996	87	A	0	0	87	35
A_NA	997	111	G	0	0	111	35
A_NA	998	113	G	0	0	113	35
A_NA	999	103	C	0	0	103	35
A_NA	1000	86	A	0	0	86	35
A_NA	1001	113	G	0	0	113	35
A_NA	1002	105	T	0	0	105	35
A_NA	1003	86	T	0	0	86	35
A_NA	1004	99	G	0	0	99	35
A_NA	1005	107	C	0	0	107	35
A_NA	1006	92	A	0	0	92	35
A_NA	1007	92	G	0	0	92	35
A_NA	1008	88	T	0	0	88	35
A_NA	1009	88	C	0	0	88	35
A_NA	1010	106	C	0	0	106	35
A_NA	1011	99	A	0	0	99	35
A_NA	1012	93	A	0	0	93	35
A_NA	1013	113	T	0	0	113	35
A_NA	1014	87	G	0	0	87	35
A_NA	1015	104	T	0	0	104	35
A_NA	1016	88	C	0	0	88	35
A_NA	1017	86	C	0	0	86	35
A_NA	1018	98	T	0	0	98	35
A_NA	1019	109	C	0	0	109	35
A_NA	1020	112	T	0	0	112	35
A_NA	1021	109	A	0	0	109	35
A_NA	1022	91	A	0	0	91	35
A_NA	1023	96	C	0	0	96	35
A_NA	1024	94	G	0	0	94	35
A_NA	1025	111	G	0	0	111	35
A_NA	1026	85	G	0	0	85	35
A_NA	1027	94	G	0	0	94	35
A_NA	1028	115	C	0	0	115	35
A_NA	1029	85	A	0	0	85	35
A_NA	1030	96	T	0	0	96	35
A_NA	1031	102	A	0	0	102	35
A_NA	1032	103	T	0	0	103	35
A_NA	1033	93	G	0	0	93	35
A_NA	1034	92	G	0	0	92	35
A_NA	1035	110	G	0	0	110	35
A_NA	1036	92	G	0	0	92	35
A_NA	1037	96	T	0	0	96	35
A_NA	1038	89	A	0	0	89	35
A_NA	1039	109	A	0	0	109	35
A_NA	1040	114	A	0	0	114	35
A_NA	1041	112	A	0	0	112	35
A_NA	1042	110	G	0	0	110	35
A_NA	1043	98	G	0	0	98	35
A_NA	1044	96	G	0	0	96	35
A_NA	1045	90	T	0	0	90	35
A_NA	1046	87	T	0	0	87	35
A_NA	1047	93	T	0	0	93	35
A_NA	1048	105	T	0	0	105	35
A_NA	1049	90	C	0	0	90	35
A_NA	1050	96	A	0	0	96	35
A_NA	1051	114	T	0	0	114	35
A_NA	1052	111	T	0	0	111	35
A_NA	1053	94	T	0	0	94	35
A_NA	1054	114	A	0	0	114	35
A_NA	1055	92	A	0	0	92	35
A_NA	1056	112	G	0	0	112	35
A_NA	1057	114	T	0	0	114	35
A_NA	1058	93	A	0	0	93	35
A_NA	1059	87	C	0	0	87	35
A_NA	1060	86	G	0	0	86	35
A_NA	1061	93	G	0	0	93	35
A_NA	1062	100	T	0	0	100	35
A_NA	1063	91	A	0	0	91	35
A_NA	1064	92	A	0	0	92	35
A_NA	1065	97	T	0	0	97	35
A_NA	1066	87	G	0	0	87	35
A_NA	1067	88	G	0	0	88	35
A_NA	1068	105	G	0	0	105	35
A_NA	1069	114	G	0	0	114	35
A_NA	1070	96	T	0	0	96	35
A_NA	1071	95	T	0	0	95	35
A_NA	1072	86	T	0	0	86	35
A_NA	1073	115	G	0	0	115	35
A_NA	1074	88	G	0	0	88	35
A_NA	1075	86	A	0	0	86	35
A_NA	1076	98	T	0	0	98	35
A_NA	1077	104	C	0	0	104	35
A_NA	1078	93	G	0	0	93	35
A_NA	1079	105	G	0	0	105	35
A_NA	1080	115	A	0	0	115	35
A_NA	1081	98	A	0	0	98	35
A_NA	1082	108	G	0	0	108	35
A_NA	1083	97	A	0	0	97	35
A_NA	1084	101	A	0	0	101	35
A_NA	1085	86	C	0	0	86	35
A_NA	1086	91	A	0	0	91	35
A_NA	1087	89	A	0	0	89	35
A_NA	1088	102	A	0	0	102	35
A_NA	1089	109	A	0	0	109	35
A_NA	1090	102	A	0	0	102	35
A_NA	1091	91	G	0	0	91	35
A_NA	1092	102	C	0	0	102	35
A_NA	1093	112	A	0	0	112	35
A_NA	1094	103	C	0	0	103	35
A_NA	1095	100	T	0	0	100	35
A_NA	1096	92	A	0	0	92	35
A_NA	1097	88	G	0	0	88	35
A_NA	1098	88	T	0	0	88	35
A_NA	1099	109	T	0	0	109	35
A_NA	1100	112	C	0	0	112	35
A_NA	1101	97	C	0	0	97	35
A_NA	1102	108	A	0	0	108	35
A_NA	1103	85	G	0	0	85	35
A_NA	1104	100	A	0	0	100	35
A_NA	1105	96	A	0	0	96	35
A_NA	1106	110	G	0	0	110	35
A_NA	1107	104	C	0	0	104	35
A_NA	1108	89	G	0	0	89	35
A_NA	1109	97	G	0	0	97	35
A_NA	1110	107	C	0	0	107	35
A_NA	1111	94	T	0	0	94	35
A_NA	1112	104	T	0	0	104	35
A_NA	1113	95	T	0	0	95	35
A_NA	1114	88	G	0	0	88	35
A_NA	1115	106	A	0	0	106	35
A_NA	1116	89	G	0	0	89	35
A_NA	1117	110	A	0	0	110	35
A_NA	1118	90	T	0	0	90	35
A_NA	1119	115	G	0	0	115	35
A_NA	1120	98	A	0	0	98	35
A_NA	1121	85	T	0	0	85	35
A_NA	1122	85	T	0	0	85	35
A_NA	1123	107	T	0	0	107	35
A_NA	1124	88	G	0	0	88	35
A_NA	1125	102	G	0	0	102	35
A_NA	1126	113	G	0	0	113	35
A_NA	1127	108	A	0	0	108	35
A_NA	1128	104	T	0	0	104	35
A_NA	1129	115	C	0	0	115	35
A_NA	1130	107	C	0	0	107	35
A_NA	1131	97	G	0	0	97	35
A_NA	1132	109	A	0	0	109	35
A_NA	1133	102	A	0	0	102	35
A_NA	1134	104	T	0	0	104	35
A_NA	1135	91	G	0	0	91	35
A_NA	1136	100	G	0	0	100	35
A_NA	1137	97	G	0	0	97	35
A_NA	1138	87	T	0	0	87	35
A_NA	1139	89	G	0	0	89	35
A_NA	1140	89	G	0	0	89	35
A_NA	1141	115	A	0	0	115	35
A_NA	1142	105	C	0	0	105	35
A_NA	1143	106	T	0	0	106	35
A_NA	1144	96	G	0	0	96	35
A_NA	1145	107	A	0	0	107	35
A_NA	1146	95	G	0	0	95	35
A_NA	1147	88	A	0	0	88	35
A_NA	1148	110	C	0	0	110	35
A_NA	1149	106	G	0	0	106	35
A_NA	1150	115	G	0	0	115	35
A_NA	1151	114	A	0	0	114	35
A_NA	1152	85	C	0	0	85	35
A_NA	1153	87	A	0	0	87	35
A_NA	1154	99	G	0	0	99	35
A_NA	1155	92	T	0	0	92	35
A_NA	1156	86	A	0	0	86	35
A_NA	1157	86	G	0	0	86	35
A_NA	1158	93	T	0	0	93	35
A_NA	1159	90	T	0	0	90	35
A_NA	1160	102	T	0	0	102	35
A_NA	1161	100	C	0	0	100	35
A_NA	1162	85	T	0	0	85	35
A_NA	1163	88	C	0	0	88	35
A_NA	1164	88	A	0	0	88	35
A_NA	1165	97	G	0	0	97	35
A_NA	1166	111	T	0	0	111	35
A_NA	1167	108	G	0	0	108	35
A_NA	1168	105	A	0	0	105	35
A_NA	1169	102	A	0	0	102	35
A_NA	1170	92	G	0	0	92	35
A_NA	1171	103	C	0	0	103	35
A_NA	1172	97	A	0	0	97	35
A_NA	1173	115	A	0	0	115	35
A_NA	1174	110	G	0	0	110	35
A_NA	1175	102	A	0	0	102	35
A_NA	1176	101	C	0	0	101	35
A_NA	1177	98	A	0	0	98	35
A_NA	1178	86	T	0	0	86	35
A_NA	1179	87	C	0	0	87	35
A_NA	1180	92	G	0	0	92	35
A_NA	1181	111	T	0	0	111	35
A_NA	1182	95	A	0	0	95	35
A_NA	1183	91	G	0	0	91	35
A_NA	1184	108	C	0	0	108	35
A_NA	1185	105	A	0	0	105	35
A_NA	1186	110	A	0	0	110	35
A_NA	1187	90	T	0	0	90	35
A_NA	1188	96	A	0	0	96	35
A_NA	1189	87	A	0	0	87	35
A_NA	1190	115	C	0	0	115	35
A_NA	1191	86	T	0	0	86	35
A_NA	1192	93	G	0	0	93	35
A_NA	1193	89	A	0	0	89	35
A_NA	1194	92	C	0	0	92	35
A_NA	1195	107	T	0	0	107	35
A_NA	1196	108	T	0	0	108	35
A_NA	1197	115	G	0	0	115	35
A_NA	1198	85	T	0	0	85	35
A_NA	1199	115	C	0	0	115	35
A_NA	1200	102	A	0	0	102	35
A_NA	1201	90	G	0	0	90	35
A_NA	1202	101	G	0	0	101	35
A_NA	1203	102	A	0	0	102	35
A_NA	1204	93	T	0	0	93	35
A_NA	1205	107	A	0	0	107	35
A_NA	1206	107	T	0	0	107	35
A_NA	1207	115	A	0	0	115	35
A_NA	1208	112	G	0	0	112	35
A_NA	1209	102	T	0	0	102	35
A_NA	1210	85	G	0	0	85	35
A_NA	1211	98	G	0	0	98	35
A_NA	1212	106	G	0	0	106	35
A_NA	1213	100	A	0	0	100	35
A_NA	1214	112	C	0	0	112	35
A_NA	1215	112	T	0	0	112	35
A_NA	1216	100	T	0	0	100	35
A_NA	1217	112	T	0	0	112	35
A_NA	1218	99	T	0	0	99	35
A_NA	1219	115	G	0	0	115	35
A_NA	1220	88	T	0	0	88	35
A_NA	1221	91	C	0	0	91	35
A_NA	1222	114	C	0	0	114	35
A_NA	1223	97	A	0	0	97	35
A_NA	1224	107	G	0	0	107	35
A_NA	1225	99	C	0	0	99	35
A_NA	1226	96	A	0	0	96	35
A_NA	1227	94	C	0	0	94	35
A_NA	1228	109	C	0	0	109	35
A_NA	1229	112	C	0	0	112	35
A_NA	1230	97	A	0	0	97	35
A_NA	1231	111	G	0	0	111	35
A_NA	1232	111	A	0	0	111	35
A_NA	1233	108	A	0	0	108	35
A_NA	1234	92	C	0	0	92	35
A_NA	1235	96	T	0	0	96	35
A_NA	1236	106	G	0	0	106	35
A_NA	1237	111	A	0	0	111	35
A_NA	1238	102	C	0	0	102	35
A_NA	1239	112	A	0	0	112	35
A_NA	1240	112	G	0	0	112	35
A_NA	1241	108	G	0	0	108	35
A_NA	1242	88	A	0	0	88	35
A_NA	1243	109	T	0	0	109	35
A_NA	1244	115	T	0	0	115	35
A_NA	1245	114	A	0	0	114	35
A_NA	1246	97	G	0	0	97	35
A_NA	1247	90	A	0	0	90	35
A_NA	1248	105	T	0	0	105	35
A_NA	1249	111	T	0	0	111	35
A_NA	1250	99	G	0	0	99	35
A_NA	1251	96	C	0	0	96	35
A_NA	1252	90	A	0	0	90	35
A_NA	1253	89	T	0	0	89	35
A_NA	1254	101	G	0	0	101	35
A_NA	1255	112	A	0	0	112	35
A_NA	1256	99	G	0	0	99	35
A_NA	1257	88	G	0	0	88	35
A_NA	1258	90	C	0	0	90	35
A_NA	1259	92	C	0	0	92	35
A_NA	1260	98	T	0	0	98	35
A_NA	1261	85	T	0	0	85	35
A_NA	1262	108	G	0	0	108	35
A_NA	1263	85	T	0	0	85	35
A_NA	1264	103	T	0	0	103	35
A_NA	1265	90	T	0	0	90	35
A_NA	1266	112	C	0	0	112	35
A_NA	1267	85	T	0	0	85	35
A_NA	1268	111	G	0	0	111	35
A_NA	1269	94	G	0	0	94	35
A_NA	1270	111	G	0	0	111	35
A_NA	1271	115	T	0	0	115	35
A_NA	1272	107	T	0	0	107	35
A_NA	1273	92	G	0	0	92	35
A_NA	1274	100	A	0	0	100	35
A_NA	1275	105	G	0	0	105	35
A_NA	1276	102	C	0	0	102	35
A_NA	1277	102	T	0	0	102	35
A_NA	1278	95	G	0	0	95	35
A_NA	1279	94	A	0	0	94	35
A_NA	1280	107	T	0	0	107	35
A_NA	1281	89	T	0	0	89	35
A_NA	1282	102	A	0	0	102	35
A_NA	1283	91	G	0	0	91	35
A_NA	1284	110	A	0	0	110	35
A_NA	1285	96	G	0	0	96	35
A_NA	1286	110	G	0	0	110	35
A_NA	1287	110	G	0	0	110	35
A_NA	1288	105	A	0	0	105	35
A_NA	1289	94	G	0	0	94	35
A_NA	1290	114	G	0	0	114	35
A_NA	1291	97	C	0	0	97	35
A_NA	1292	103	C	0	0	103	35
A_NA	1293	103	C	0	0	103	35
A_NA	1294	112	A	0	0	112	35
A_NA	1295	99	A	0	0	99	35
A_NA	1296	100	A	0	0	100	35
A_NA	1297	108	G	0	0	108	35
A_NA	1298	89	A	0	0	89	35
A_NA	1299	104	G	0	0	104	35
A_NA	1300	105	A	0	0	105	35
A_NA	1301	97	A	0	0	97	35
A_NA	1302	85	C	0	0	85	35
A_NA	1303	99	A	0	0	99	35
A_NA	1304	103	C	0	0	103	35
A_NA	1305	107	A	0	0	107	35
A_NA	1306	112	A	0	0	112	35
A_NA	1307	110	T	0	0	110	35
A_NA	1308	96	T	0	0	96	35
A_NA	1309	110	T	0	0	110	35
A_NA	1310	103	G	0	0	103	35
A_NA	1311	114	G	0	0	114	35
A_NA	1312	113	A	0	0	113	35
A_NA	1313	86	C	0	0	86	35
A_NA	1314	109	T	0	0	109	35
A_NA	1315	90	A	0	0	90	35
A_NA	1316	93	G	0	0	93	35
A_NA	1317	97	C	0	0	97	35
A_NA	1318	100	G	0	0	100	35
A_NA	1319	88	G	0	0	88	35
A_NA	1320	95	G	0	0	95	35
A_NA	1321	87	A	0	0	87	35
A_NA	1322	88	G	0	0	88	35
A_NA	1323	106	C	0	0	106	35
A_NA	1324	101	A	0	0	101	35
A_NA	1325	88	G	0	0	88	35
A_NA	1326	90	C	0	0	90	35
A_NA	1327	87	A	0	0	87	35
A_NA	1328	112	T	0	0	112	35
A_NA	1329	92	A	0	0	92	35
A_NA	1330	104	T	0	0	104	35
A_NA	1331	114	C	0	0	114	35
A_NA	1332	107	C	0	0	107	35
A_NA	1333	100	T	0	0	100	35
A_NA	1334	113	T	0	0	113	35
A_NA	1335	92	T	0	0	92	35
A_NA	1336	95	T	0	0	95	35
A_NA	1337	88	G	0	0	88	35
A_NA	1338	104	T	0	0	104	35
A_NA	1339	100	G	0	0	100	35
A_NA	1340	101	G	0	0	101	35
A_NA	1341	86	T	0	0	86	35
A_NA	1342	88	G	0	0	88	35
A_NA	1343	109	T	0	0	109	35
A_NA	1344	87	A	0	0	87	35
A_NA	1345	98	A	0	0	98	35
A_NA	1346	89	A	0	0	89	35
A_NA	1347	114	T	0	0	114	35
A_NA	1348	95	A	0	0	95	35
A_NA	1349	101	G	0	0	101	35
A_NA	1350	94	T	0	0	94	35
A_NA	1351	103	G	0	0	103	35
A_NA	1352	105	A	0	0	105	35
A_NA	1353	106	C	0	0	106	35
A_NA	1354	86	A	0	0	86	35
A_NA	1355	89	C	0	0	89	35
A_NA	1356	87	T	0	0	87	35
A_NA	1357	92	G	0	0	92	35
A_NA	1358	88	T	0	0	88	35
A_NA	1359	98	G	0	0	98	35
A_NA	1360	102	G	0	0	102	35
A_NA	1361	104	G	0	0	104	35
A_NA	1362	111	T	0	0	111	35
A_NA	1363	98	T	0	0	98	35
A_NA	1364	101	G	0	0	101	35
A_NA	1365	94	G	0	0	94	35
A_NA	1366	105	T	0	0	105	35
A_NA	1367	93	C	0	0	93	35
A_NA	1368	97	T	0	0	97	35
A_NA	1369	102	T	0	0	102	35
A_NA	1370	106	G	0	0	106	35
A_NA	1371	97	G	0	0	97	35
A_NA	1372	114	C	0	0	114	35
A_NA	1373	104	C	0	0	104	35
A_NA	1374	105	A	0	0	105	35
A_NA	1375	89	G	0	0	89	35
A_NA	1376	109	A	0	0	109	35
A_NA	1377	102	C	0	0	102	35
A_NA	1378	88	G	0	0	88	35
A_NA	1379	86	G	0	0	86	35
A_NA	1380	99	T	0	0	99	35
A_NA	1381	112	G	0	0	112	35
A_NA	1382	106	C	0	0	106	35
A_NA	1383	94	T	0	0	94	35
A_NA	1384	88	G	0	0	88	35
A_NA	1385	105	A	0	0	105	35
A_NA	1386	105	G	0	0	105	35
A_NA	1387	115	T	0	0	115	35
A_NA	1388	89	T	0	0	89	35
A_NA	1389	86	G	0	0	86	35
A_NA	1390	88	C	0	0	88	35
A_NA	1391	115	C	0	0	115	35
A_NA	1392	99	A	0	0	99	35
A_NA	1393	111	T	0	0	111	35
A_NA	1394	108	T	0	0	108	35
A_NA	1395	88	C	0	0	88	35
A_NA	1396	95	A	0	0	95	35
A_NA	1397	101	C	0	0	101	35
A_NA	1398	102	C	0	0	102	35
A_NA	1399	96	A	0	0	96	35
A_NA	1400	86	T	0	0	86	35
A_NA	1401	114	T	0	0	114	35
A_NA	1402	111	G	0	0	111	35
A_NA	1403	86	A	0	0	86	35
A_NA	1404	96	C	0	0	96	35
A_NA	1405	95	A	0	0	95	35
A_NA	1406	91	A	0	0	91	35
A_NA	1407	90	G	0	0	90	35
A_NA	1408	98	T	0	0	98	35
A_NA	1409	86	A	0	0	86	35
A_NA	1410	101	G	0	0	101	35
