Reference_Name	Position	Coverage Depth	Consensus	Deletions	Ambiguous	Consensus_Count	Consensus_Average_Quality
A_NS	1	88	A	0	0	88	35
A_NS	2	104	T	0	0	104	35
A_NS	3	92	G	0	0	92	35
A_NS	4	89	G	0	0	89	35
A_NS	5	85	A	0	0	85	35
A_NS	6	106	C	0	0	106	35
A_NS	7	86	T	0	0	86	35
A_NS	8	98	C	0	0	98	35
A_NS	9	96	C	0	0	96	35
A_NS	10	111	A	0	0	111	35
A_NS	11	100	A	0	0	100	35
A_NS	12	91	C	0	0	91	35
A_NS	13	95	A	0	0	95	35
A_NS	14	104	C	0	0	104	35
A_NS	15	100	G	0	0	100	35
A_NS	16	97	A	0	0	97	35
A_NS	17	93	T	0	0	93	35
A_NS	18	114	A	0	0	114	35
A_NS	19	113	A	0	0	113	35
A_NS	20	86	C	0	0	86	35
A_NS	21	102	C	0	0	102	35
A_NS	22	89	T	0	0	89	35
A_NS	23	90	C	0	0	90	35
A_NS	24	86	G	0	0	86	35
A_NS	25	88	T	0	0	88	35
A_NS	26	104	T	0	0	104	35
A_NS	27	93	C	0	0	93	35
A_NS	28	97	C	0	0	97	35
A_NS	29	91	A	0	0	91	35
A_NS	30	113	G	0	0	113	35
A_NS	31	90	G	0	0	90	35
A_NS	32	87	T	0	0	87	35
A_NS	33	89	A	0	0	89	35
A_NS	34	97	G	0	0	97	35
A_NS	35	112	A	0	0	112	35
A_NS	36	89	T	0	0	89	35
A_NS	37	99	T	0	0	99	35
A_NS	38	111	G	0	0	111	35
A_NS	39	112	C	0	0	112	35
A_NS	40	89	T	0	0	89	35
A_NS	41	95	A	0	0	95	35
A_NS	42	86	T	0	0	86	35
A_NS	43	104	C	0	0	104	35
A_NS	44	110	T	0	0	110	35
A_NS	45	113	A	0	0	113	35
A_NS	46	90	T	0	0	90	35
A_NS	47	114	G	0	0	114	35
A_NS	48	95	G	0	0	95	35
A_NS	49	101	C	0	0	101	35
A_NS	50	113	A	0	0	113	35
A_NS	51	94	C	0	0	94	35
A_NS	52	108	A	0	0	108	35
A_NS	53	111	T	0	0	111	35
A_NS	54	85	A	0	0	85	35
A_NS	55	107	A	0	0	107	35
A_NS	56	112	G	0	0	112	35
A_NS	57	90	A	0	0	90	35
A_NS	58	86	A	0	0	86	35
A_NS	59	96	A	0	0	96	35
A_NS	60	95	G	0	0	95	35
A_NS	61	108	C	0	0	108	35
A_NS	62	112	T	0	0	112	35
A_NS	63	108	G	0	0	108	35
A_NS	64	94	C	0	0	94	35
A_NS	65	115	T	0	0	115	35
A_NS	66	89	C	0	0	89	35
A_NS	67	109	A	0	0	109	35
A_NS	68	94	G	0	0	94	35
A_NS	69	111	C	0	0	111	35
A_NS	70	110	A	0	0	110	35
A_NS	71	99	T	0	0	99	35
A_NS	72	105	G	0	0	105	35
A_NS	73	93	A	0	0	93	35
A_NS	74	109	G	0	0	109	35
A_NS	75	85	A	0	0	85	35
A_NS	76	98	G	0	0	98	35
A_NS	77	86	A	0	0	86	35
A_NS	78	104	C	0	0	104	35
A_NS	79	115	A	0	0	115	35
A_NS	80	112	T	0	0	112	35
A_NS	81	90	G	0	0	90	35
A_NS	82	99	T	0	0	99	35
A_NS	83	97	G	0	0	97	35
A_NS	84	95	T	0	0	95	35
A_NS	85	100	G	0	0	100	35
A_NS	86	113	A	0	0	113	35
A_NS	87	100	T	0	0	100	35
A_NS	88	109	G	0	0	109	35
A_NS	89	112	C	0	0	112	35
A_NS	90	100	T	0	0	100	35
A_NS	91	95	C	0	0	95	35
A_NS	92	97	C	0	0	97	35
A_NS	93	88	C	0	0	88	35
A_NS	94	108	T	0	0	108	35
A_NS	95	102	T	0	0	102	35
A_NS	96	93	T	0	0	93	35
A_NS	97	101	G	0	0	101	35
A_NS	98	113	A	0	0	113	35
A_NS	99	106	T	0	0	106	35
A_NS	100	107	G	0	0	107	35
A_NS	101	94	A	0	0	94	35
A_NS	102	105	T	0	0	105	35
A_NS	103	108	A	0	0	108	35
A_NS	104	86	G	0	0	86	35
A_NS	105	108	A	0	0	108	35
A_NS	106	91	C	0	0	91	35
A_NS	107	94	T	0	0	94	35
A_NS	108	110	C	0	0	110	35
A_NS	109	100	A	0	0	100	35
A_NS	110	106	G	0	0	106	35
A_NS	111	110	A	0	0	110	35
A_NS	112	98	A	0	0	98	35
A_NS	113	112	G	0	0	112	35
A_NS	114	106	A	0	0	106	35
A_NS	115	102	G	0	0	102	35
A_NS	116	94	A	0	0	94	35
A_NS	117	102	T	0	0	102	35
A_NS	118	98	C	0	0	98	35
A_NS	119	85	A	0	0	85	35
A_NS	120	101	G	0	0	101	35
A_NS	121	101	A	0	0	101	35
A_NS	122	85	A	0	0	85	35
A_NS	123	89	G	0	0	89	35
A_NS	124	100	G	0	0	100	35
A_NS	125	104	C	0	0	104	35
A_NS	126	105	A	0	0	105	35
A_NS	127	87	T	0	0	87	35
A_NS	128	108	T	0	0	108	35
A_NS	129	102	A	0	0	102	35
A_NS	130	108	A	0	0	108	35
A_NS	131	101	A	0	0	101	35
A_NS	132	99	G	0	0	99	35
A_NS	133	88	G	0	0	88	35
A_NS	134	88	G	0	0	88	35
A_NS	135	100	A	0	0	100	35
A_NS	136	104	A	0	0	104	35
A_NS	137	87	G	0	0	87	35
A_NS	138	108	A	0	0	108	35
A_NS	139	90	G	0	0	90	35
A_NS	140	106	G	0	0	106	35
A_NS	141	101	C	0	0	101	35
A_NS	142	105	A	0	0	105	35
A_NS	143	86	G	0	0	86	35
A_NS	144	97	C	0	0	97	35
A_NS	145	110	A	0	0	110	35
A_NS	146	94	C	0	0	94	35
A_NS	147	90	A	0	0	90	35
A_NS	148	90	C	0	0	90	35
A_NS	149	104	T	0	0	104	35
A_NS	150	114	T	0	0	114	35
A_NS	151	115	G	0	0	115	35
A_NS	152	93	G	0	0	93	35
A_NS	153	101	A	0	0	101	35
A_NS	154	102	C	0	0	102	35
A_NS	155	110	T	0	0	110	35
A_NS	156	104	C	0	0	104	35
A_NS	157	113	G	0	0	113	35
A_NS	158	109	A	0	0	109	35
A_NS	159	110	C	0	0	110	35
A_NS	160	85	C	0	0	85	35
A_NS	161	93	T	0	0	93	35
A_NS	162	108	G	0	0	108	35
A_NS	163	102	C	0	0	102	35
A_NS	164	89	G	0	0	89	35
A_NS	165	113	A	0	0	113	35
A_NS	166	98	G	0	0	98	35
A_NS	167	91	T	0	0	91	35
A_NS	168	93	G	0	0	93	35
A_NS	169	109	G	0	0	109	35
A_NS	170	100	C	0	0	100	35
A_NS	171	103	C	0	0	103	35
A_NS	172	99	A	0	0	99	35
A_NS	173	89	C	0	0	89	35
A_NS	174	96	A	0	0	96	35
A_NS	175	94	A	0	0	94	35
A_NS	176	97	T	0	0	97	35
A_NS	177	86	G	0	0	86	35
A_NS	178	108	G	0	0	108	35
A_NS	179	87	A	0	0	87	35
A_NS	180	104	G	0	0	104	35
A_NS	181	100	G	0	0	100	35
A_NS	182	85	G	0	0	85	35
A_NS	183	94	C	0	0	94	35
A_NS	184	112	A	0	0	112	35
A_NS	185	104	A	0	0	104	35
A_NS	186	90	A	0	0	90	35
A_NS	187	114	A	0	0	114	35
A_NS	188	113	A	0	0	113	35
A_NS	189	107	G	0	0	107	35
A_NS	190	104	A	0	0	104	35
A_NS	191	99	T	0	0	99	35
A_NS	192	110	T	0	0	110	35
A_NS	193	99	G	0	0	99	35
A_NS	194	112	T	0	0	112	35
A_NS	195	108	T	0	0	108	35
A_NS	196	115	G	0	0	115	35
A_NS	197	90	A	0	0	90	35
A_NS	198	105	G	0	0	105	35
A_NS	199	87	G	0	0	87	35
A_NS	200	87	A	0	0	87	35
A_NS	201	113	C	0	0	113	35
A_NS	202	108	A	0	0	108	35
A_NS	203	105	T	0	0	105	35
A_NS	204	106	C	0	0	106	35
A_NS	205	94	C	0	0	94	35
A_NS	206	102	T	0	0	102	35
A_NS	207	102	A	0	0	102	35
A_NS	208	106	A	0	0	106	35
A_NS	209	109	A	0	0	109	35
A_NS	210	98	G	0	0	98	35
A_NS	211	88	A	0	0	88	35
A_NS	212	106	G	0	0	106	35
A_NS	213	98	T	0	0	98	35
A_NS	214	105	G	0	0	105	35
A_NS	215	112	A	0	0	112	35
A_NS	216	87	A	0	0	87	35
A_NS	217	99	A	0	0	99	35
A_NS	218	92	C	0	0	92	35
A_NS	219	107	G	0	0	107	35
A_NS	220	114	G	0	0	114	35
A_NS	221	97	A	0	0	97	35
A_NS	222	115	T	0	0	115	35
A_NS	223	85	G	0	0	85	35
A_NS	224	92	A	0	0	92	35
A_NS	225	92	A	0	0	92	35
A_NS	226	104	A	0	0	104	35
A_NS	227	98	A	0	0	98	35
A_NS	228	91	C	0	0	91	35
A_NS	229	90	C	0	0	90	35
A_NS	230	86	T	0	0	86	35
A_NS	231	103	C	0	0	103	35
A_NS	232	109	A	0	0	109	35
A_NS	233	89	A	0	0	89	35
A_NS	234	96	A	0	0	96	35
A_NS	235	103	A	0	0	103	35
A_NS	236	88	T	0	0	88	35
A_NS	237	90	T	0	0	90	35
A_NS	238	102	G	0	0	102	35
A_NS	239	103	C	0	0	103	35
A_NS	240	85	A	0	0	85	35
A_NS	241	101	A	0	0	101	35
A_NS	242	93	T	0	0	93	35
A_NS	243	109	T	0	0	109	35
A_NS	244	87	G	0	0	87	35
A_NS	245	89	C	0	0	89	35
A_NS	246	104	G	0	0	104	35
A_NS	247	105	T	0	0	105	35
A_NS	248	114	C	0	0	114	35
A_NS	249	112	C	0	0	112	35
A_NS	250	92	A	0	0	92	35
A_NS	251	110	G	0	0	110	35
A_NS	252	99	C	0	0	99	35
A_NS	253	109	C	0	0	109	35
A_NS	254	90	C	0	0	90	35
A_NS	255	99	T	0	0	99	35
A_NS	256	108	G	0	0	108	35
A_NS	257	115	T	0	0	115	35
A_NS	258	103	T	0	0	103	35
A_NS	259	96	C	0	0	96	35
A_NS	260	97	C	0	0	97	35
A_NS	261	106	T	0	0	106	35
A_NS	262	87	C	0	0	87	35
A_NS	263	93	G	0	0	93	35
A_NS	264	111	G	0	0	111	35
A_NS	265	106	T	0	0	106	35
A_NS	266	102	A	0	0	102	35
A_NS	267	86	C	0	0	86	35
A_NS	268	87	A	0	0	87	35
A_NS	269	91	T	0	0	91	35
A_NS	270	106	C	0	0	106	35
A_NS	271	111	A	0	0	111	35
A_NS	272	109	C	0	0	109	35
A_NS	273	100	T	0	0	100	35
A_NS	274	99	G	0	0	99	35
A_NS	275	113	A	0	0	113	35
A_NS	276	101	T	0	0	101	35
A_NS	277	105	A	0	0	105	35
A_NS	278	88	T	0	0	88	35
A_NS	279	92	G	0	0	92	35
A_NS	280	92	A	0	0	92	35
A_NS	281	90	G	0	0	90	35
A_NS	282	93	C	0	0	93	35
A_NS	283	108	A	0	0	108	35
A_NS	284	112	T	0	0	112	35
A_NS	285	111	A	0	0	111	35
A_NS	286	92	G	0	0	92	35
A_NS	287	91	A	0	0	91	35
A_NS	288	88	G	0	0	88	35
A_NS	289	93	G	0	0	93	35
A_NS	290	113	A	0	0	113	35
A_NS	291	98	A	0	0	98	35
A_NS	292	109	A	0	0	109	35
A_NS	293	115	T	0	0	115	35
A_NS	294	85	A	0	0	85	35
A_NS	295	101	A	0	0	101	35
A_NS	296	101	G	0	0	101	35
A_NS	297	99	C	0	0	99	35
A_NS	298	101	A	0	0	101	35
A_NS	299	92	G	0	0	92	35
A_NS	300	106	G	0	0	106	35
A_NS	301	111	G	0	0	111	35
A_NS	302	104	A	0	0	104	35
A_NS	303	104	G	0	0	104	35
A_NS	304	111	T	0	0	111	35
A_NS	305	104	G	0	0	104	35
A_NS	306	87	G	0	0	87	35
A_NS	307	106	T	0	0	106	35
A_NS	308	96	A	0	0	96	35
A_NS	309	90	C	0	0	90	35
A_NS	310	111	A	0	0	111	35
A_NS	311	114	T	0	0	114	35
A_NS	312	93	G	0	0	93	35
A_NS	313	114	C	0	0	114	35
A_NS	314	93	T	0	0	93	35
A_NS	315	104	C	0	0	104	35
A_NS	316	107	A	0	0	107	35
A_NS	317	99	T	0	0	99	35
A_NS	318	92	G	0	0	92	35
A_NS	319	101	C	0	0	101	35
A_NS	320	94	C	0	0	94	35
A_NS	321	98	A	0	0	98	35
A_NS	322	94	A	0	0	94	35
A_NS	323	88	G	0	0	88	35
A_NS	324	91	G	0	0	91	35
A_NS	325	95	C	0	0	95	35
A_NS	326	106	A	0	0	106	35
A_NS	327	100	G	0	0	100	35
A_NS	328	93	A	0	0	93	35
A_NS	329	89	A	0	0	89	35
A_NS	330	94	A	0	0	94	35
A_NS	331	92	A	0	0	92	35
A_NS	332	110	T	0	0	110	35
A_NS	333	95	A	0	0	95	35
A_NS	334	87	A	0	0	87	35
A_NS	335	107	C	0	0	107	35
A_NS	336	97	A	0	0	97	35
A_NS	337	101	G	0	0	101	35
A_NS	338	103	G	0	0	103	35
A_NS	339	103	G	0	0	103	35
A_NS	340	99	G	0	0	99	35
A_NS	341	111	G	0	0	111	35
A_NS	342	107	T	0	0	107	35
A_NS	343	88	C	0	0	88	35
A_NS	344	86	T	0	0	86	35
A_NS	345	99	G	0	0	99	35
A_NS	346	114	A	0	0	114	35
A_NS	347	87	T	0	0	87	35
A_NS	348	115	G	0	0	115	35
A_NS	349	115	G	0	0	115	35
A_NS	350	95	T	0	0	95	35
A_NS	351	114	G	0	0	114	35
A_NS	352	108	A	0	0	108	35
A_NS	353	88	A	0	0	88	35
A_NS	354	92	A	0	0	92	35
A_NS	355	114	A	0	0	114	35
A_NS	356	106	T	0	0	106	35
A_NS	357	114	G	0	0	114	35
A_NS	358	91	G	0	0	91	35
A_NS	359	91	A	0	0	91	35
A_NS	360	105	T	0	0	105	35
A_NS	361	105	C	0	0	105	35
A_NS	362	100	A	0	0	100	35
A_NS	363	110	G	0	0	110	35
A_NS	364	85	G	0	0	85	35
A_NS	365	102	C	0	0	102	35
A_NS	366	88	C	0	0	88	35
A_NS	367	105	A	0	0	105	35
A_NS	368	115	T	0	0	115	35
A_NS	369	111	C	0	0	111	35
A_NS	370	90	A	0	0	90	35
A_NS	371	102	T	0	0	102	35
A_NS	372	93	G	0	0	93	35
A_NS	373	88	G	0	0	88	35
A_NS	374	112	A	0	0	112	35
A_NS	375	105	C	0	0	105	35
A_NS	376	114	A	0	0	114	35
A_NS	377	102	A	0	0	102	35
A_NS	378	111	G	0	0	111	35
A_NS	379	103	A	0	0	103	35
A_NS	380	99	G	0	0	99	35
A_NS	381	101	G	0	0	101	35
A_NS	382	96	A	0	0	96	35
A_NS	383	96	T	0	0	96	35
A_NS	384	91	A	0	0	91	35
A_NS	385	107	A	0	0	107	35
A_NS	386	114	T	0	0	114	35
A_NS	387	107	A	0	0	107	35
A_NS	388	110	C	0	0	110	35
A_NS	389	99	T	0	0	99	35
A_NS	390	96	C	0	0	96	35
A_NS	391	109	A	0	0	109	35
A_NS	392	95	A	0	0	95	35
A_NS	393	97	G	0	0	97	35
A_NS	394	110	G	0	0	110	35
A_NS	395	95	C	0	0	95	35
A_NS	396	107	A	0	0	107	35
A_NS	397	106	A	0	0	106	35
A_NS	398	100	A	0	0	100	35
A_NS	399	86	C	0	0	86	35
A_NS	400	95	T	0	0	95	35
A_NS	401	105	T	0	0	105	35
A_NS	402	89	C	0	0	89	35
A_NS	403	96	T	0	0	96	35
A_NS	404	104	C	0	0	104	35
A_NS	405	110	T	0	0	110	35
A_NS	406	89	A	0	0	89	35
A_NS	407	94	T	0	0	94	35
A_NS	408	91	C	0	0	91	35
A_NS	409	92	C	0	0	92	35
A_NS	410	97	T	0	0	97	35
A_NS	411	115	A	0	0	115	35
A_NS	412	91	T	0	0	91	35
A_NS	413	92	T	0	0	92	35
A_NS	414	98	T	0	0	98	35
A_NS	415	92	A	0	0	92	35
A_NS	416	94	A	0	0	94	35
A_NS	417	110	T	0	0	110	35
A_NS	418	88	C	0	0	88	35
A_NS	419	112	A	0	0	112	35
A_NS	420	115	A	0	0	115	35
A_NS	421	114	C	0	0	114	35
A_NS	422	113	T	0	0	113	35
A_NS	423	115	G	0	0	115	35
A_NS	424	103	G	0	0	103	35
A_NS	425	90	A	0	0	90	35
A_NS	426	87	A	0	0	87	35
A_NS	427	85	A	0	0	85	35
A_NS	428	87	C	0	0	87	35
A_NS	429	90	A	0	0	90	35
A_NS	430	94	T	0	0	94	35
A_NS	431	99	T	0	0	99	35
A_NS	432	85	A	0	0	85	35
A_NS	433	103	G	0	0	103	35
A_NS	434	92	T	0	0	92	35
A_NS	435	111	C	0	0	111	35
A_NS	436	115	T	0	0	115	35
A_NS	437	106	C	0	0	106	35
A_NS	438	85	A	0	0	85	35
A_NS	439	90	C	0	0	90	35
A_NS	440	85	T	0	0	85	35
A_NS	441	94	G	0	0	94	35
A_NS	442	88	A	0	0	88	35
A_NS	443	99	G	0	0	99	35
A_NS	444	97	G	0	0	97	35
A_NS	445	94	G	0	0	94	35
A_NS	446	87	C	0	0	87	35
A_NS	447	109	T	0	0	109	35
A_NS	448	109	T	0	0	109	35
A_NS	449	114	T	0	0	114	35
A_NS	450	109	C	0	0	109	35
A_NS	451	89	A	0	0	89	35
A_NS	452	87	C	0	0	87	35
A_NS	453	100	A	0	0	100	35
A_NS	454	97	G	0	0	97	35
A_NS	455	114	A	0	0	114	35
A_NS	456	108	A	0	0	108	35
A_NS	457	86	G	0	0	86	35
A_NS	458	109	A	0	0	109	35
A_NS	459	87	T	0	0	87	35
A_NS	460	110	G	0	0	110	35
A_NS	461	94	G	0	0	94	35
A_NS	462	98	C	0	0	98	35
A_NS	463	85	G	0	0	85	35
A_NS	464	107	C	0	0	107	35
A_NS	465	96	C	0	0	96	35
A_NS	466	99	A	0	0	99	35
A_NS	467	94	T	0	0	94	35
A_NS	468	99	T	0	0	99	35
A_NS	469	89	G	0	0	89	35
A_NS	470	94	T	0	0	94	35
A_NS	471	114	G	0	0	114	35
A_NS	472	86	G	0	0	86	35
A_NS	473	107	C	0	0	107	35
A_NS	474	115	T	0	0	115	35
A_NS	475	89	G	0	0	89	35
A_NS	476	97	A	0	0	97	35
A_NS	477	105	A	0	0	105	35
A_NS	478	107	A	0	0	107	35
A_NS	479	89	T	0	0	89	35
A_NS	480	109	A	0	0	109	35
A_NS	481	92	T	0	0	92	35
A_NS	482	105	C	0	0	105	35
A_NS	483	108	T	0	0	108	35
A_NS	484	87	C	0	0	87	35
A_NS	485	87	C	0	0	87	35
A_NS	486	113	T	0	0	113	35
A_NS	487	86	A	0	0	86	35
A_NS	488	103	T	0	0	103	35
A_NS	489	104	T	0	0	104	35
A_NS	490	91	C	0	0	91	35
A_NS	491	105	C	0	0	105	35
A_NS	492	88	T	0	0	88	35
A_NS	493	99	T	0	0	99	35
A_NS	494	91	C	0	0	91	35
A_NS	495	101	C	0	0	101	35
A_NS	496	114	A	0	0	114	35
A_NS	497	111	T	0	0	111	35
A_NS	498	85	G	0	0	85	35
A_NS	499	114	C	0	0	114	35
A_NS	500	91	C	0	0	91	35
A_NS	501	86	A	0	0	86	35
A_NS	502	99	G	0	0	99	35
A_NS	503	111	G	0	0	111	35
A_NS	504	97	A	0	0	97	35
A_NS	505	115	C	0	0	115	35
A_NS	506	103	A	0	0	103	35
A_NS	507	100	T	0	0	100	35
A_NS	508	102	T	0	0	102	35
A_NS	509	96	C	0	0	96	35
A_NS	510	104	T	0	0	104	35
A_NS	511	113	A	0	0	113	35
A_NS	512	99	C	0	0	99	35
A_NS	513	94	A	0	0	94	35
A_NS	514	111	G	0	0	111	35
A_NS	515	104	A	0	0	104	35
A_NS	516	104	G	0	0	104	35
A_NS	517	89	G	0	0	89	35
A_NS	518	112	A	0	0	112	35
A_NS	519	89	T	0	0	89	35
A_NS	520	115	G	0	0	115	35
A_NS	521	94	T	0	0	94	35
A_NS	522	98	C	0	0	98	35
A_NS	523	90	A	0	0	90	35
A_NS	524	94	A	0	0	94	35
A_NS	525	102	A	0	0	102	35
A_NS	526	114	A	0	0	114	35
A_NS	527	91	A	0	0	91	35
A_NS	528	106	T	0	0	106	35
A_NS	529	107	G	0	0	107	35
A_NS	530	86	C	0	0	86	35
A_NS	531	86	A	0	0	86	35
A_NS	532	85	A	0	0	85	35
A_NS	533	99	T	0	0	99	35
A_NS	534	106	T	0	0	106	35
A_NS	535	109	G	0	0	109	35
A_NS	536	115	G	0	0	115	35
A_NS	537	114	A	0	0	114	35
A_NS	538	104	A	0	0	104	35
A_NS	539	99	T	0	0	99	35
A_NS	540	87	C	0	0	87	35
A_NS	541	91	C	0	0	91	35
A_NS	542	102	T	0	0	102	35
A_NS	543	91	C	0	0	91	35
A_NS	544	96	A	0	0	96	35
A_NS	545	91	T	0	0	91	35
A_NS	546	95	C	0	0	95	35
A_NS	547	114	G	0	0	114	35
A_NS	548	114	G	0	0	114	35
A_NS	549	86	T	0	0	86	35
A_NS	550	101	G	0	0	101	35
A_NS	551	106	G	0	0	106	35
A_NS	552	104	A	0	0	104	35
A_NS	553	113	C	0	0	113	35
A_NS	554	114	T	0	0	114	35
A_NS	555	88	T	0	0	88	35
A_NS	556	85	G	0	0	85	35
A_NS	557	113	A	0	0	113	35
A_NS	558	111	A	0	0	111	35
A_NS	559	89	T	0	0	89	35
A_NS	560	98	G	0	0	98	35
A_NS	561	94	G	0	0	94	35
A_NS	562	111	A	0	0	111	35
A_NS	563	97	A	0	0	97	35
A_NS	564	85	T	0	0	85	35
A_NS	565	87	G	0	0	87	35
A_NS	566	88	A	0	0	88	35
A_NS	567	99	T	0	0	99	35
A_NS	568	96	A	0	0	96	35
A_NS	569	87	A	0	0	87	35
A_NS	570	86	C	0	0	86	35
A_NS	571	112	T	0	0	112	35
A_NS	572	89	C	0	0	89	35
A_NS	573	103	A	0	0	103	35
A_NS	574	101	A	0	0	101	35
A_NS	575	91	T	0	0	91	35
A_NS	576	87	T	0	0	87	35
A_NS	577	112	C	0	0	112	35
A_NS	578	86	G	0	0	86	35
A_NS	579	115	A	0	0	115	35
A_NS	580	99	G	0	0	99	35
A_NS	581	110	C	0	0	110	35
A_NS	582	88	G	0	0	88	35
A_NS	583	92	T	0	0	92	35
A_NS	584	114	C	0	0	114	35
A_NS	585	107	T	0	0	107	35
A_NS	586	98	G	0	0	98	35
A_NS	587	110	A	0	0	110	35
A_NS	588	90	A	0	0	90	35
A_NS	589	106	A	0	0	106	35
A_NS	590	90	A	0	0	90	35
A_NS	591	96	T	0	0	96	35
A_NS	592	114	A	0	0	114	35
A_NS	593	104	T	0	0	104	35
A_NS	594	89	A	0	0	89	35
A_NS	595	85	C	0	0	85	35
A_NS	596	103	A	0	0	103	35
A_NS	597	95	G	0	0	95	35
A_NS	598	92	A	0	0	92	35
A_NS	599	100	G	0	0	100	35
A_NS	600	88	A	0	0	88	35
A_NS	601	91	T	0	0	91	35
A_NS	602	109	T	0	0	109	35
A_NS	603	89	C	0	0	89	35
A_NS	604	86	G	0	0	86	35
A_NS	605	88	C	0	0	88	35
A_NS	606	114	T	0	0	114	35
A_NS	607	88	T	0	0	88	35
A_NS	608	115	G	0	0	115	35
A_NS	609	100	G	0	0	100	35
A_NS	610	96	G	0	0	96	35
A_NS	611	92	G	0	0	92	35
A_NS	612	91	A	0	0	91	35
A_NS	613	97	G	0	0	97	35
A_NS	614	92	T	0	0	92	35
A_NS	615	97	C	0	0	97	35
A_NS	616	100	C	0	0	100	35
A_NS	617	105	G	0	0	105	35
A_NS	618	94	T	0	0	94	35
A_NS	619	88	G	0	0	88	35
A_NS	620	108	A	0	0	108	35
A_NS	621	112	T	0	0	112	35
A_NS	622	111	G	0	0	111	35
A_NS	623	100	A	0	0	100	35
A_NS	624	103	G	0	0	103	35
A_NS	625	109	A	0	0	109	35
A_NS	626	85	A	0	0	85	35
A_NS	627	90	T	0	0	90	35
A_NS	628	104	G	0	0	104	35
A_NS	629	89	G	0	0	89	35
A_NS	630	97	G	0	0	97	35
A_NS	631	115	G	0	0	115	35
A_NS	632	94	G	0	0	94	35
A_NS	633	115	A	0	0	115	35
A_NS	634	107	C	0	0	107	35
A_NS	635	93	C	0	0	93	35
A_NS	636	86	T	0	0	86	35
A_NS	637	91	C	0	0	91	35
A_NS	638	110	C	0	0	110	35
A_NS	639	105	A	0	0	105	35
A_NS	640	97	C	0	0	97	35
A_NS	641	111	T	0	0	111	35
A_NS	642	111	C	0	0	111	35
A_NS	643	85	C	0	0	85	35
A_NS	644	93	C	0	0	93	35
A_NS	645	95	T	0	0	95	35
A_NS	646	98	C	0	0	98	35
A_NS	647	106	C	0	0	106	35
A_NS	648	99	A	0	0	99	35
A_NS	649	101	A	0	0	101	35
A_NS	650	102	A	0	0	102	35
A_NS	651	95	G	0	0	95	35
A_NS	652	85	C	0	0	85	35
A_NS	653	91	A	0	0	91	35
A_NS	654	96	G	0	0	96	35
A_NS	655	96	A	0	0	96	35
A_NS	656	98	A	0	0	98	35
A_NS	657	93	A	0	0	93	35
A_NS	658	85	C	0	0	85	35
A_NS	659	93	G	0	0	93	35
A_NS	660	93	C	0	0	93	35
A_NS	661	108	T	0	0	108	35
A_NS	662	101	A	0	0	101	35
A_NS	663	99	C	0	0	99	35
A_NS	664	92	A	0	0	92	35
A_NS	665	102	T	0	0	102	35
A_NS	666	113	G	0	0	113	35
A_NS	667	102	G	0	0	102	35
A_NS	668	97	C	0	0	97	35
A_NS	669	107	G	0	0	107	35
A_NS	670	104	A	0	0	104	35
A_NS	671	101	G	0	0	101	35
A_NS	672	114	A	0	0	114	35
A_NS	673	114	A	0	0	114	35
A_NS	674	112	G	0	0	112	35
A_NS	675	106	A	0	0	106	35
A_NS	676	109	G	0	0	109	35
A_NS	677	93	T	0	0	93	35
A_NS	678	112	T	0	0	112	35
A_NS	679	97	G	0	0	97	35
A_NS	680	113	A	0	0	113	35
A_NS	681	90	G	0	0	90	35
A_NS	682	109	T	0	0	109	35
A_NS	683	97	C	0	0	97	35
A_NS	684	111	A	0	0	111	35
A_NS	685	100	G	0	0	100	35
A_NS	686	107	A	0	0	107	35
A_NS	687	105	A	0	0	105	35
A_NS	688	89	G	0	0	89	35
A_NS	689	97	T	0	0	97	35
A_NS	690	105	T	0	0	105	35
A_NS	691	103	T	0	0	103	35
A_NS	692	111	G	0	0	111	35
A_NS	693	98	A	0	0	98	35
A_NS	694	114	A	0	0	114	35
A_NS	695	101	G	0	0	101	35
A_NS	696	107	A	0	0	107	35
A_NS	697	94	G	0	0	94	35
A_NS	698	115	A	0	0	115	35
A_NS	699	115	T	0	0	115	35
A_NS	700	98	C	0	0	98	35
A_NS	701	109	A	0	0	109	35
A_NS	702	100	G	0	0	100	35
A_NS	703	109	A	0	0	109	35
A_NS	704	111	T	0	0	111	35
A_NS	705	92	G	0	0	92	35
A_NS	706	97	G	0	0	97	35
A_NS	707	89	C	0	0	89	35
A_NS	708	86	T	0	0	86	35
A_NS	709	106	A	0	0	106	35
A_NS	710	105	A	0	0	105	35
A_NS	711	85	T	0	0	85	35
A_NS	712	114	T	0	0	114	35
A_NS	713	109	G	0	0	109	35
A_NS	714	102	C	0	0	102	35
A_NS	715	92	A	0	0	92	35
A_NS	716	115	G	0	0	115	35
A_NS	717	103	A	0	0	103	35
A_NS	718	100	G	0	0	100	35
A_NS	719	104	T	0	0	104	35
A_NS	720	109	G	0	0	109	35
A_NS	721	100	C	0	0	100	35
A_NS	722	102	A	0	0	102	35
A_NS	723	106	G	0	0	106	35
A_NS	724	96	A	0	0	96	35
A_NS	725	111	A	0	0	111	35
A_NS	726	100	A	0	0	100	35
A_NS	727	87	C	0	0	87	35
A_NS	728	86	A	0	0	86	35
A_NS	729	90	T	0	0	90	35
A_NS	730	87	A	0	0	87	35
A_NS	731	109	T	0	0	109	35
A_NS	732	93	T	0	0	93	35
A_NS	733	106	A	0	0	106	35
A_NS	734	95	A	0	0	95	35
A_NS	735	87	C	0	0	87	35
A_NS	736	96	C	0	0	96	35
A_NS	737	98	A	0	0	98	35
A_NS	738	94	A	0	0	94	35
A_NS	739	93	A	0	0	93	35
A_NS	740	88	A	0	0	88	35
A_NS	741	91	C	0	0	91	35
A_NS	742	101	T	0	0	101	35
A_NS	743	91	G	0	0	91	35
A_NS	744	105	A	0	0	105	35
A_NS	745	106	G	0	0	106	35
A_NS	746	94	A	0	0	94	35
A_NS	747	111	A	0	0	111	35
A_NS	748	86	C	0	0	86	35
A_NS	749	85	A	0	0	85	35
A_NS	750	97	G	0	0	97	35
A_NS	751	92	C	0	0	92	35
A_NS	752	108	T	0	0	108	35
A_NS	753	113	T	0	0	113	35
A_NS	754	109	C	0	0	109	35
A_NS	755	115	G	0	0	115	35
A_NS	756	103	A	0	0	103	35
A_NS	757	95	G	0	0	95	35
A_NS	758	105	C	0	0	105	35
A_NS	759	88	A	0	0	88	35
A_NS	760	103	G	0	0	103	35
A_NS	761	109	A	0	0	109	35
A_NS	762	114	T	0	0	114	35
A_NS	763	85	A	0	0	85	35
A_NS	764	100	A	0	0	100	35
A_NS	765	97	C	0	0	97	35
A_NS	766	94	G	0	0	94	35
A_NS	767	97	T	0	0	97	35
A_NS	768	87	T	0	0	87	35
A_NS	769	109	C	0	0	109	35
A_NS	770	86	T	0	0	86	35
A_NS	771	88	T	0	0	88	35
A_NS	772	115	G	0	0	115	35
A_NS	773	97	C	0	0	97	35
A_NS	774	114	A	0	0	114	35
A_NS	775	103	G	0	0	103	35
A_NS	776	114	G	0	0	114	35
A_NS	777	107	C	0	0	107	35
A_NS	778	94	A	0	0	94	35
A_NS	779	100	T	0	0	100	35
A_NS	780	99	T	0	0	99	35
A_NS	781	103	G	0	0	103	35
A_NS	782	87	C	0	0	87	35
A_NS	783	108	A	0	0	108	35
A_NS	784	108	A	0	0	108	35
A_NS	785	101	C	0	0	101	35
A_NS	786	99	T	0	0	99	35
A_NS	787	89	T	0	0	89	35
A_NS	788	95	T	0	0	95	35
A_NS	789	96	T	0	0	96	35
A_NS	790	114	A	0	0	114	35
A_NS	791	85	C	0	0	85	35
A_NS	792	101	T	0	0	101	35
A_NS	793	89	T	0	0	89	35
A_NS	794	93	G	0	0	93	35
A_NS	795	97	A	0	0	97	35
A_NS	796	114	G	0	0	114	35
A_NS	797	91	G	0	0	91	35
A_NS	798	88	T	0	0	88	35
A_NS	799	95	T	0	0	95	35
A_NS	800	88	G	0	0	88	35
A_NS	801	104	A	0	0	104	35
A_NS	802	104	G	0	0	104	35
A_NS	803	95	A	0	0	95	35
A_NS	804	108	G	0	0	108	35
A_NS	805	100	T	0	0	100	35
A_NS	806	111	G	0	0	111	35
A_NS	807	91	A	0	0	91	35
A_NS	808	92	G	0	0	92	35
A_NS	809	92	A	0	0	92	35
A_NS	810	110	T	0	0	110	35
A_NS	811	96	A	0	0	96	35
A_NS	812	98	A	0	0	98	35
A_NS	813	96	G	0	0	96	35
A_NS	814	102	G	0	0	102	35
A_NS	815	108	A	0	0	108	35
A_NS	816	91	C	0	0	91	35
A_NS	817	85	A	0	0	85	35
A_NS	818	114	T	0	0	114	35
A_NS	819	86	T	0	0	86	35
A_NS	820	106	T	0	0	106	35
A_NS	821	108	T	0	0	108	35
A_NS	822	88	C	0	0	88	35
A_NS	823	90	T	0	0	90	35
A_NS	824	111	T	0	0	111	35
A_NS	825	108	T	0	0	108	35
A_NS	826	110	T	0	0	110	35
A_NS	827	111	C	0	0	111	35
A_NS	828	90	A	0	0	90	35
A_NS	829	107	G	0	0	107	35
A_NS	830	97	C	0	0	97	35
A_NS	831	91	T	0	0	91	35
A_NS	832	102	T	0	0	102	35
A_NS	833	113	A	0	0	113	35
A_NS	834	97	T	0	0	97	35
A_NS	835	111	T	0	0	111	35
A_NS	836	104	T	0	0	104	35
A_NS	837	98	A	0	0	98	35
A_NS	838	87	G	0	0	87	35
