Reference_Name	Position	Coverage Depth	Consensus	Deletions	Ambiguous	Consensus_Count	Consensus_Average_Quality
A_PA	1	85	A	0	0	85	35
A_PA	2	102	T	0	0	102	35
A_PA	3	102	G	0	0	102	35
A_PA	4	99	G	0	0	99	35
A_PA	5	109	A	0	0	109	35
A_PA	6	92	G	0	0	92	35
A_PA	7	91	G	0	0	91	35
A_PA	8	108	A	0	0	108	35
A_PA	9	107	C	0	0	107	35
A_PA	10	95	T	0	0	95	35
A_PA	11	101	T	0	0	101	35
A_PA	12	113	T	0	0	113	35
A_PA	13	88	G	0	0	88	35
A_PA	14	112	T	0	0	112	35
A_PA	15	94	G	0	0	94	35
A_PA	16	111	C	0	0	111	35
A_PA	17	92	G	0	0	92	35
A_PA	18	97	A	0	0	97	35
A_PA	19	106	C	0	0	106	35
A_PA	20	103	A	0	0	103	35
A_PA	21	99	A	0	0	99	35
A_PA	22	98	T	0	0	98	35
A_PA	23	112	G	0	0	112	35
A_PA	24	105	C	0	0	105	35
A_PA	25	109	T	0	0	109	35
A_PA	26	106	T	0	0	106	35
A_PA	27	86	C	0	0	86	35
A_PA	28	104	A	0	0	104	35
A_PA	29	99	A	0	0	99	35
A_PA	30	114	T	0	0	114	35
A_PA	31	100	C	0	0	100	35
A_PA	32	97	C	0	0	97	35
A_PA	33	111	A	0	0	111	35
A_PA	34	111	A	0	0	111	35
A_PA	35	113	T	0	0	113	35
A_PA	36	100	G	0	0	100	35
A_PA	37	98	A	0	0	98	35
A_PA	38	107	T	0	0	107	35
A_PA	39	108	T	0	0	108	35
A_PA	40	93	G	0	0	93	35
A_PA	41	88	T	0	0	88	35
A_PA	42	105	C	0	0	105	35
A_PA	43	89	G	0	0	89	35
A_PA	44	112	A	0	0	112	35
A_PA	45	98	G	0	0	98	35
A_PA	46	97	C	0	0	97	35
A_PA	47	108	T	0	0	108	35
A_PA	48	98	T	0	0	98	35
A_PA	49	87	G	0	0	87	35
A_PA	50	100	C	0	0	100	35
A_PA	51	90	G	0	0	90	35
A_PA	52	106	G	0	0	106	35
A_PA	53	103	A	0	0	103	35
A_PA	54	111	A	0	0	111	35
A_PA	55	90	A	0	0	90	35
A_PA	56	101	A	0	0	101	35
A_PA	57	88	A	0	0	88	35
A_PA	58	115	G	0	0	115	35
A_PA	59	111	C	0	0	111	35
A_PA	60	94	A	0	0	94	35
A_PA	61	101	A	0	0	101	35
A_PA	62	102	T	0	0	102	35
A_PA	63	101	G	0	0	101	35
A_PA	64	105	A	0	0	105	35
A_PA	65	111	A	0	0	111	35
A_PA	66	115	A	0	0	115	35
A_PA	67	93	G	0	0	93	35
A_PA	68	89	A	0	0	89	35
A_PA	69	90	A	0	0	90	35
A_PA	70	109	T	0	0	109	35
A_PA	71	98	A	0	0	98	35
A_PA	72	87	T	0	0	87	35
A_PA	73	92	G	0	0	92	35
A_PA	74	101	G	0	0	101	35
A_PA	75	85	G	0	0	85	35
A_PA	76	89	G	0	0	89	35
A_PA	77	97	A	0	0	97	35
A_PA	78	97	A	0	0	97	35
A_PA	79	93	G	0	0	93	35
A_PA	80	101	A	0	0	101	35
A_PA	81	111	T	0	0	111	35
A_PA	82	87	C	0	0	87	35
A_PA	83	107	C	0	0	107	35
A_PA	84	93	G	0	0	93	35
A_PA	85	96	A	0	0	96	35
A_PA	86	98	A	0	0	98	35
A_PA	87	98	A	0	0	98	35
A_PA	88	90	A	0	0	90	35
A_PA	89	90	T	0	0	90	35
A_PA	90	90	C	0	0	90	35
A_PA	91	96	G	0	0	96	35
A_PA	92	108	A	0	0	108	35
A_PA	93	112	G	0	0	112	35
A_PA	94	89	A	0	0	89	35
A_PA	95	110	C	0	0	110	35
A_PA	96	109	A	0	0	109	35
A_PA	97	88	A	0	0	88	35
A_PA	98	113	A	0	0	113	35
A_PA	99	99	C	0	0	99	35
A_PA	100	110	A	0	0	110	35
A_PA	101	105	A	0	0	105	35
A_PA	102	113	A	0	0	113	35
A_PA	103	112	T	0	0	112	35
A_PA	104	98	T	0	0	98	35
A_PA	105	102	T	0	0	102	35
A_PA	106	101	G	0	0	101	35
A_PA	107	114	C	0	0	114	35
A_PA	108	103	C	0	0	103	35
A_PA	109	87	G	0	0	87	35
A_PA	110	107	C	0	0	107	35
A_PA	111	95	A	0	0	95	35
A_PA	112	99	A	0	0	99	35
A_PA	113	109	T	0	0	109	35
A_PA	114	91	A	0	0	91	35
A_PA	115	101	T	0	0	101	35
A_PA	116	90	G	0	0	90	35
A_PA	117	101	C	0	0	101	35
A_PA	118	106	A	0	0	106	35
A_PA	119	107	C	0	0	107	35
A_PA	120	93	A	0	0	93	35
A_PA	121	114	C	0	0	114	35
A_PA	122	101	A	0	0	101	35
A_PA	123	86	C	0	0	86	35
A_PA	124	111	T	0	0	111	35
A_PA	125	110	T	0	0	110	35
A_PA	126	101	A	0	0	101	35
A_PA	127	113	G	0	0	113	35
A_PA	128	110	A	0	0	110	35
A_PA	129	99	A	0	0	99	35
A_PA	130	93	G	0	0	93	35
A_PA	131	103	T	0	0	103	35
A_PA	132	93	C	0	0	93	35
A_PA	133	91	T	0	0	91	35
A_PA	134	108	G	0	0	108	35
A_PA	135	85	T	0	0	85	35
A_PA	136	110	T	0	0	110	35
A_PA	137	96	T	0	0	96	35
A_PA	138	86	C	0	0	86	35
A_PA	139	92	A	0	0	92	35
A_PA	140	101	T	0	0	101	35
A_PA	141	98	G	0	0	98	35
A_PA	142	110	T	0	0	110	35
A_PA	143	89	A	0	0	89	35
A_PA	144	101	T	0	0	101	35
A_PA	145	97	T	0	0	97	35
A_PA	146	87	C	0	0	87	35
A_PA	147	96	G	0	0	96	35
A_PA	148	86	G	0	0	86	35
A_PA	149	100	A	0	0	100	35
A_PA	150	98	T	0	0	98	35
A_PA	151	108	T	0	0	108	35
A_PA	152	101	T	0	0	101	35
A_PA	153	108	C	0	0	108	35
A_PA	154	88	C	0	0	88	35
A_PA	155	100	A	0	0	100	35
A_PA	156	85	T	0	0	85	35
A_PA	157	99	T	0	0	99	35
A_PA	158	103	T	0	0	103	35
A_PA	159	95	T	0	0	95	35
A_PA	160	92	A	0	0	92	35
A_PA	161	105	T	0	0	105	35
A_PA	162	102	T	0	0	102	35
A_PA	163	113	G	0	0	113	35
A_PA	164	108	A	0	0	108	35
A_PA	165	102	T	0	0	102	35
A_PA	166	113	G	0	0	113	35
A_PA	167	106	A	0	0	106	35
A_PA	168	113	A	0	0	113	35
A_PA	169	88	C	0	0	88	35
A_PA	170	105	G	0	0	105	35
A_PA	171	101	A	0	0	101	35
A_PA	172	108	G	0	0	108	35
A_PA	173	114	G	0	0	114	35
A_PA	174	86	C	0	0	86	35
A_PA	175	110	G	0	0	110	35
A_PA	176	90	A	0	0	90	35
A_PA	177	89	A	0	0	89	35
A_PA	178	85	T	0	0	85	35
A_PA	179	97	C	0	0	97	35
A_PA	180	107	A	0	0	107	35
A_PA	181	87	A	0	0	87	35
A_PA	182	97	T	0	0	97	35
A_PA	183	97	G	0	0	97	35
A_PA	184	99	A	0	0	99	35
A_PA	185	100	T	0	0	100	35
A_PA	186	109	T	0	0	109	35
A_PA	187	114	G	0	0	114	35
A_PA	188	86	T	0	0	86	35
A_PA	189	112	A	0	0	112	35
A_PA	190	85	G	0	0	85	35
A_PA	191	87	A	0	0	87	35
A_PA	192	105	A	0	0	105	35
A_PA	193	98	T	0	0	98	35
A_PA	194	111	C	0	0	111	35
A_PA	195	109	T	0	0	109	35
A_PA	196	88	G	0	0	88	35
A_PA	197	100	G	0	0	100	35
A_PA	198	88	C	0	0	88	35
A_PA	199	89	G	0	0	89	35
A_PA	200	105	A	0	0	105	35
A_PA	201	110	T	0	0	110	35
A_PA	202	92	C	0	0	92	35
A_PA	203	95	C	0	0	95	35
A_PA	204	88	A	0	0	88	35
A_PA	205	93	A	0	0	93	35
A_PA	206	89	A	0	0	89	35
A_PA	207	102	T	0	0	102	35
A_PA	208	112	G	0	0	112	35
A_PA	209	91	C	0	0	91	35
A_PA	210	89	A	0	0	89	35
A_PA	211	90	T	0	0	90	35
A_PA	212	113	T	0	0	113	35
A_PA	213	105	A	0	0	105	35
A_PA	214	115	T	0	0	115	35
A_PA	215	86	T	0	0	86	35
A_PA	216	92	G	0	0	92	35
A_PA	217	91	A	0	0	91	35
A_PA	218	101	A	0	0	101	35
A_PA	219	91	A	0	0	91	35
A_PA	220	109	C	0	0	109	35
A_PA	221	95	A	0	0	95	35
A_PA	222	107	C	0	0	107	35
A_PA	223	104	C	0	0	104	35
A_PA	224	94	G	0	0	94	35
A_PA	225	99	A	0	0	99	35
A_PA	226	93	T	0	0	93	35
A_PA	227	97	T	0	0	97	35
A_PA	228	96	T	0	0	96	35
A_PA	229	89	G	0	0	89	35
A_PA	230	114	A	0	0	114	35
A_PA	231	106	G	0	0	106	35
A_PA	232	99	A	0	0	99	35
A_PA	233	111	T	0	0	111	35
A_PA	234	101	A	0	0	101	35
A_PA	235	102	A	0	0	102	35
A_PA	236	92	T	0	0	92	35
A_PA	237	106	C	0	0	106	35
A_PA	238	93	G	0	0	93	35
A_PA	239	93	A	0	0	93	35
A_PA	240	96	A	0	0	96	35
A_PA	241	94	G	0	0	94	35
A_PA	242	104	G	0	0	104	35
A_PA	243	113	G	0	0	113	35
A_PA	244	108	A	0	0	108	35
A_PA	245	110	G	0	0	110	35
A_PA	246	87	A	0	0	87	35
A_PA	247	92	G	0	0	92	35
A_PA	248	108	A	0	0	108	35
A_PA	249	93	C	0	0	93	35
A_PA	250	112	C	0	0	112	35
A_PA	251	99	G	0	0	99	35
A_PA	252	106	A	0	0	106	35
A_PA	253	103	G	0	0	103	35
A_PA	254	102	C	0	0	102	35
A_PA	255	111	A	0	0	111	35
A_PA	256	110	A	0	0	110	35
A_PA	257	112	T	0	0	112	35
A_PA	258	96	G	0	0	96	35
A_PA	259	93	G	0	0	93	35
A_PA	260	106	C	0	0	106	35
A_PA	261	93	C	0	0	93	35
A_PA	262	93	T	0	0	93	35
A_PA	263	98	G	0	0	98	35
A_PA	264	97	G	0	0	97	35
A_PA	265	102	A	0	0	102	35
A_PA	266	92	C	0	0	92	35
A_PA	267	97	A	0	0	97	35
A_PA	268	107	G	0	0	107	35
A_PA	269	110	T	0	0	110	35
A_PA	270	105	G	0	0	105	35
A_PA	271	104	G	0	0	104	35
A_PA	272	93	T	0	0	93	35
A_PA	273	101	G	0	0	101	35
A_PA	274	96	A	0	0	96	35
A_PA	275	87	A	0	0	87	35
A_PA	276	93	T	0	0	93	35
A_PA	277	85	A	0	0	85	35
A_PA	278	98	G	0	0	98	35
A_PA	279	107	T	0	0	107	35
A_PA	280	100	A	0	0	100	35
A_PA	281	91	T	0	0	91	35
A_PA	282	109	C	0	0	109	35
A_PA	283	88	T	0	0	88	35
A_PA	284	98	G	0	0	98	35
A_PA	285	106	C	0	0	106	35
A_PA	286	85	A	0	0	85	35
A_PA	287	102	A	0	0	102	35
A_PA	288	106	C	0	0	106	35
A_PA	289	88	A	0	0	88	35
A_PA	290	98	C	0	0	98	35
A_PA	291	95	C	0	0	95	35
A_PA	292	114	A	0	0	114	35
A_PA	293	89	C	0	0	89	35
A_PA	294	86	A	0	0	86	35
A_PA	295	88	G	0	0	88	35
A_PA	296	95	G	0	0	95	35
A_PA	297	115	G	0	0	115	35
A_PA	298	97	G	0	0	97	35
A_PA	299	103	T	0	0	103	35
A_PA	300	105	C	0	0	105	35
A_PA	301	97	G	0	0	97	35
A_PA	302	96	A	0	0	96	35
A_PA	303	108	A	0	0	108	35
A_PA	304	99	A	0	0	99	35
A_PA	305	107	A	0	0	107	35
A_PA	306	87	G	0	0	87	35
A_PA	307	103	C	0	0	103	35
A_PA	308	106	C	0	0	106	35
A_PA	309	105	C	0	0	105	35
A_PA	310	85	A	0	0	85	35
A_PA	311	97	A	0	0	97	35
A_PA	312	90	A	0	0	90	35
A_PA	313	113	T	0	0	113	35
A_PA	314	95	T	0	0	95	35
A_PA	315	105	C	0	0	105	35
A_PA	316	113	C	0	0	113	35
A_PA	317	94	T	0	0	94	35
A_PA	318	113	C	0	0	113	35
A_PA	319	94	C	0	0	94	35
A_PA	320	87	C	0	0	87	35
A_PA	321	114	T	0	0	114	35
A_PA	322	108	G	0	0	108	35
A_PA	323	112	A	0	0	112	35
A_PA	324	97	T	0	0	97	35
A_PA	325	87	T	0	0	87	35
A_PA	326	97	T	0	0	97	35
A_PA	327	89	G	0	0	89	35
A_PA	328	85	T	0	0	85	35
A_PA	329	100	A	0	0	100	35
A_PA	330	95	T	0	0	95	35
A_PA	331	107	G	0	0	107	35
A_PA	332	97	A	0	0	97	35
A_PA	333	107	C	0	0	107	35
A_PA	334	94	T	0	0	94	35
A_PA	335	94	A	0	0	94	35
A_PA	336	99	C	0	0	99	35
A_PA	337	108	A	0	0	108	35
A_PA	338	95	A	0	0	95	35
A_PA	339	114	A	0	0	114	35
A_PA	340	105	G	0	0	105	35
A_PA	341	96	A	0	0	96	35
A_PA	342	105	G	0	0	105	35
A_PA	343	107	A	0	0	107	35
A_PA	344	100	A	0	0	100	35
A_PA	345	86	C	0	0	86	35
A_PA	346	113	C	0	0	113	35
A_PA	347	106	G	0	0	106	35
A_PA	348	91	A	0	0	91	35
A_PA	349	86	T	0	0	86	35
A_PA	350	108	T	0	0	108	35
A_PA	351	114	C	0	0	114	35
A_PA	352	87	A	0	0	87	35
A_PA	353	87	T	0	0	87	35
A_PA	354	99	T	0	0	99	35
A_PA	355	115	G	0	0	115	35
A_PA	356	101	A	0	0	101	35
A_PA	357	104	A	0	0	104	35
A_PA	358	115	A	0	0	115	35
A_PA	359	96	T	0	0	96	35
A_PA	360	92	T	0	0	92	35
A_PA	361	107	G	0	0	107	35
A_PA	362	112	G	0	0	112	35
A_PA	363	98	A	0	0	98	35
A_PA	364	107	G	0	0	107	35
A_PA	365	86	T	0	0	86	35
A_PA	366	93	A	0	0	93	35
A_PA	367	100	A	0	0	100	35
A_PA	368	91	C	0	0	91	35
A_PA	369	96	G	0	0	96	35
A_PA	370	100	C	0	0	100	35
A_PA	371	104	G	0	0	104	35
A_PA	372	108	A	0	0	108	35
A_PA	373	101	A	0	0	101	35
A_PA	374	99	G	0	0	99	35
A_PA	375	115	G	0	0	115	35
A_PA	376	85	G	0	0	85	35
A_PA	377	96	A	0	0	96	35
A_PA	378	102	A	0	0	102	35
A_PA	379	102	G	0	0	102	35
A_PA	380	93	T	0	0	93	35
A_PA	381	92	T	0	0	92	35
A_PA	382	107	C	0	0	107	35
A_PA	383	105	A	0	0	105	35
A_PA	384	87	C	0	0	87	35
A_PA	385	95	A	0	0	95	35
A_PA	386	114	T	0	0	114	35
A_PA	387	106	A	0	0	106	35
A_PA	388	103	T	0	0	103	35
A_PA	389	108	A	0	0	108	35
A_PA	390	105	C	0	0	105	35
A_PA	391	115	T	0	0	115	35
A_PA	392	115	A	0	0	115	35
A_PA	393	110	T	0	0	110	35
A_PA	394	87	T	0	0	87	35
A_PA	395	87	T	0	0	87	35
A_PA	396	103	A	0	0	103	35
A_PA	397	96	G	0	0	96	35
A_PA	398	114	A	0	0	114	35
A_PA	399	95	A	0	0	95	35
A_PA	400	115	A	0	0	115	35
A_PA	401	107	A	0	0	107	35
A_PA	402	115	A	0	0	115	35
A_PA	403	101	G	0	0	101	35
A_PA	404	98	C	0	0	98	35
A_PA	405	93	C	0	0	93	35
A_PA	406	109	A	0	0	109	35
A_PA	407	94	A	0	0	94	35
A_PA	408	101	C	0	0	101	35
A_PA	409	102	A	0	0	102	35
A_PA	410	101	A	0	0	101	35
A_PA	411	89	G	0	0	89	35
A_PA	412	111	A	0	0	111	35
A_PA	413	110	T	0	0	110	35
A_PA	414	112	A	0	0	112	35
A_PA	415	105	A	0	0	105	35
A_PA	416	105	A	0	0	105	35
A_PA	417	90	A	0	0	90	35
A_PA	418	115	T	0	0	115	35
A_PA	419	111	C	0	0	111	35
A_PA	420	98	A	0	0	98	35
A_PA	421	113	G	0	0	113	35
A_PA	422	93	A	0	0	93	35
A_PA	423	110	G	0	0	110	35
A_PA	424	89	A	0	0	89	35
A_PA	425	85	A	0	0	85	35
A_PA	426	94	A	0	0	94	35
A_PA	427	111	A	0	0	111	35
A_PA	428	88	C	0	0	88	35
A_PA	429	102	A	0	0	102	35
A_PA	430	113	C	0	0	113	35
A_PA	431	87	A	0	0	87	35
A_PA	432	105	T	0	0	105	35
A_PA	433	93	A	0	0	93	35
A_PA	434	102	T	0	0	102	35
A_PA	435	109	T	0	0	109	35
A_PA	436	105	C	0	0	105	35
A_PA	437	103	A	0	0	103	35
A_PA	438	105	C	0	0	105	35
A_PA	439	87	A	0	0	87	35
A_PA	440	97	T	0	0	97	35
A_PA	441	98	A	0	0	98	35
A_PA	442	103	T	0	0	103	35
A_PA	443	103	T	0	0	103	35
A_PA	444	115	C	0	0	115	35
A_PA	445	105	T	0	0	105	35
A_PA	446	108	C	0	0	108	35
A_PA	447	94	A	0	0	94	35
A_PA	448	110	T	0	0	110	35
A_PA	449	113	T	0	0	113	35
A_PA	450	91	C	0	0	91	35
A_PA	451	98	A	0	0	98	35
A_PA	452	92	C	0	0	92	35
A_PA	453	100	T	0	0	100	35
A_PA	454	94	G	0	0	94	35
A_PA	455	90	G	0	0	90	35
A_PA	456	95	A	0	0	95	35
A_PA	457	88	G	0	0	88	35
A_PA	458	111	A	0	0	111	35
A_PA	459	100	G	0	0	100	35
A_PA	460	98	G	0	0	98	35
A_PA	461	97	A	0	0	97	35
A_PA	462	96	A	0	0	96	35
A_PA	463	113	A	0	0	113	35
A_PA	464	97	T	0	0	97	35
A_PA	465	87	G	0	0	87	35
A_PA	466	107	G	0	0	107	35
A_PA	467	90	C	0	0	90	35
A_PA	468	103	C	0	0	103	35
A_PA	469	111	A	0	0	111	35
A_PA	470	96	C	0	0	96	35
A_PA	471	103	C	0	0	103	35
A_PA	472	88	A	0	0	88	35
A_PA	473	92	A	0	0	92	35
A_PA	474	107	G	0	0	107	35
A_PA	475	90	G	0	0	90	35
A_PA	476	89	C	0	0	89	35
A_PA	477	113	G	0	0	113	35
A_PA	478	98	G	0	0	98	35
A_PA	479	113	A	0	0	113	35
A_PA	480	98	C	0	0	98	35
A_PA	481	95	T	0	0	95	35
A_PA	482	89	A	0	0	89	35
A_PA	483	109	C	0	0	109	35
A_PA	484	86	A	0	0	86	35
A_PA	485	87	C	0	0	87	35
A_PA	486	93	C	0	0	93	35
A_PA	487	105	C	0	0	105	35
A_PA	488	93	T	0	0	93	35
A_PA	489	108	T	0	0	108	35
A_PA	490	99	G	0	0	99	35
A_PA	491	103	A	0	0	103	35
A_PA	492	97	T	0	0	97	35
A_PA	493	100	G	0	0	100	35
A_PA	494	97	A	0	0	97	35
A_PA	495	101	A	0	0	101	35
A_PA	496	104	G	0	0	104	35
A_PA	497	109	A	0	0	109	35
A_PA	498	88	G	0	0	88	35
A_PA	499	100	A	0	0	100	35
A_PA	500	93	G	0	0	93	35
A_PA	501	112	C	0	0	112	35
A_PA	502	96	A	0	0	96	35
A_PA	503	94	G	0	0	94	35
A_PA	504	86	A	0	0	86	35
A_PA	505	86	G	0	0	86	35
A_PA	506	92	C	0	0	92	35
A_PA	507	111	A	0	0	111	35
A_PA	508	99	A	0	0	99	35
A_PA	509	97	G	0	0	97	35
A_PA	510	114	A	0	0	114	35
A_PA	511	115	A	0	0	115	35
A_PA	512	102	T	0	0	102	35
A_PA	513	96	A	0	0	96	35
A_PA	514	106	A	0	0	106	35
A_PA	515	115	A	0	0	115	35
A_PA	516	108	A	0	0	108	35
A_PA	517	93	A	0	0	93	35
A_PA	518	101	C	0	0	101	35
A_PA	519	110	C	0	0	110	35
A_PA	520	115	A	0	0	115	35
A_PA	521	109	G	0	0	109	35
A_PA	522	115	A	0	0	115	35
A_PA	523	104	C	0	0	104	35
A_PA	524	90	T	0	0	90	35
A_PA	525	104	G	0	0	104	35
A_PA	526	98	T	0	0	98	35
A_PA	527	96	T	0	0	96	35
A_PA	528	105	C	0	0	105	35
A_PA	529	95	A	0	0	95	35
A_PA	530	103	C	0	0	103	35
A_PA	531	90	T	0	0	90	35
A_PA	532	93	A	0	0	93	35
A_PA	533	99	T	0	0	99	35
A_PA	534	101	A	0	0	101	35
A_PA	535	96	A	0	0	96	35
A_PA	536	101	G	0	0	101	35
A_PA	537	102	A	0	0	102	35
A_PA	538	113	C	0	0	113	35
A_PA	539	94	A	0	0	94	35
A_PA	540	105	A	0	0	105	35
A_PA	541	96	G	0	0	96	35
A_PA	542	113	A	0	0	113	35
A_PA	543	93	A	0	0	93	35
A_PA	544	94	A	0	0	94	35
A_PA	545	104	T	0	0	104	35
A_PA	546	88	G	0	0	88	35
A_PA	547	101	G	0	0	101	35
A_PA	548	89	C	0	0	89	35
A_PA	549	88	C	0	0	88	35
A_PA	550	102	A	0	0	102	35
A_PA	551	108	G	0	0	108	35
A_PA	552	86	T	0	0	86	35
A_PA	553	92	A	0	0	92	35
A_PA	554	87	G	0	0	87	35
A_PA	555	95	A	0	0	95	35
A_PA	556	113	G	0	0	113	35
A_PA	557	89	G	0	0	89	35
A_PA	558	99	T	0	0	99	35
A_PA	559	108	C	0	0	108	35
A_PA	560	107	T	0	0	107	35
A_PA	561	108	A	0	0	108	35
A_PA	562	98	T	0	0	98	35
A_PA	563	100	G	0	0	100	35
A_PA	564	86	G	0	0	86	35
A_PA	565	97	G	0	0	97	35
A_PA	566	110	A	0	0	110	35
A_PA	567	111	T	0	0	111	35
A_PA	568	114	T	0	0	114	35
A_PA	569	106	C	0	0	106	35
A_PA	570	108	C	0	0	108	35
A_PA	571	110	T	0	0	110	35
A_PA	572	112	T	0	0	112	35
A_PA	573	87	T	0	0	87	35
A_PA	574	99	C	0	0	99	35
A_PA	575	93	G	0	0	93	35
A_PA	576	86	T	0	0	86	35
A_PA	577	85	C	0	0	85	35
A_PA	578	104	A	0	0	104	35
A_PA	579	85	A	0	0	85	35
A_PA	580	89	T	0	0	89	35
A_PA	581	96	C	0	0	96	35
A_PA	582	106	C	0	0	106	35
A_PA	583	103	G	0	0	103	35
A_PA	584	113	A	0	0	113	35
A_PA	585	98	G	0	0	98	35
A_PA	586	111	A	0	0	111	35
A_PA	587	86	G	0	0	86	35
A_PA	588	88	A	0	0	88	35
A_PA	589	100	G	0	0	100	35
A_PA	590	113	G	0	0	113	35
A_PA	591	101	C	0	0	101	35
A_PA	592	88	G	0	0	88	35
A_PA	593	109	A	0	0	109	35
A_PA	594	94	A	0	0	94	35
A_PA	595	92	G	0	0	92	35
A_PA	596	111	A	0	0	111	35
A_PA	597	111	G	0	0	111	35
A_PA	598	88	A	0	0	88	35
A_PA	599	105	C	0	0	105	35
A_PA	600	96	A	0	0	96	35
A_PA	601	104	A	0	0	104	35
A_PA	602	105	T	0	0	105	35
A_PA	603	88	T	0	0	88	35
A_PA	604	93	G	0	0	93	35
A_PA	605	101	A	0	0	101	35
A_PA	606	104	A	0	0	104	35
A_PA	607	115	G	0	0	115	35
A_PA	608	103	A	0	0	103	35
A_PA	609	111	A	0	0	111	35
A_PA	610	100	A	0	0	100	35
A_PA	611	94	G	0	0	94	35
A_PA	612	102	A	0	0	102	35
A_PA	613	86	T	0	0	86	35
A_PA	614	93	T	0	0	93	35
A_PA	615	92	T	0	0	92	35
A_PA	616	103	G	0	0	103	35
A_PA	617	88	A	0	0	88	35
A_PA	618	96	A	0	0	96	35
A_PA	619	107	A	0	0	107	35
A_PA	620	89	T	0	0	89	35
A_PA	621	89	C	0	0	89	35
A_PA	622	109	A	0	0	109	35
A_PA	623	87	C	0	0	87	35
A_PA	624	110	A	0	0	110	35
A_PA	625	100	G	0	0	100	35
A_PA	626	110	G	0	0	110	35
A_PA	627	100	A	0	0	100	35
A_PA	628	103	A	0	0	103	35
A_PA	629	91	C	0	0	91	35
A_PA	630	102	C	0	0	102	35
A_PA	631	92	A	0	0	92	35
A_PA	632	115	T	0	0	115	35
A_PA	633	95	G	0	0	95	35
A_PA	634	111	C	0	0	111	35
A_PA	635	108	G	0	0	108	35
A_PA	636	102	C	0	0	102	35
A_PA	637	110	A	0	0	110	35
A_PA	638	90	G	0	0	90	35
A_PA	639	92	G	0	0	92	35
A_PA	640	94	C	0	0	94	35
A_PA	641	102	T	0	0	102	35
A_PA	642	108	T	0	0	108	35
A_PA	643	114	G	0	0	114	35
A_PA	644	91	C	0	0	91	35
A_PA	645	103	C	0	0	103	35
A_PA	646	88	G	0	0	88	35
A_PA	647	108	A	0	0	108	35
A_PA	648	95	C	0	0	95	35
A_PA	649	86	C	0	0	86	35
A_PA	650	91	A	0	0	91	35
A_PA	651	101	A	0	0	101	35
A_PA	652	89	A	0	0	89	35
A_PA	653	107	G	0	0	107	35
A_PA	654	101	T	0	0	101	35
A_PA	655	96	C	0	0	96	35
A_PA	656	113	T	0	0	113	35
A_PA	657	108	T	0	0	108	35
A_PA	658	85	C	0	0	85	35
A_PA	659	94	C	0	0	94	35
A_PA	660	112	A	0	0	112	35
A_PA	661	106	C	0	0	106	35
A_PA	662	93	C	0	0	93	35
A_PA	663	86	G	0	0	86	35
A_PA	664	104	A	0	0	104	35
A_PA	665	108	A	0	0	108	35
A_PA	666	94	C	0	0	94	35
A_PA	667	115	T	0	0	115	35
A_PA	668	97	T	0	0	97	35
A_PA	669	95	C	0	0	95	35
A_PA	670	88	T	0	0	88	35
A_PA	671	112	C	0	0	112	35
A_PA	672	110	C	0	0	110	35
A_PA	673	110	A	0	0	110	35
A_PA	674	86	G	0	0	86	35
A_PA	675	109	C	0	0	109	35
A_PA	676	104	C	0	0	104	35
A_PA	677	101	T	0	0	101	35
A_PA	678	90	T	0	0	90	35
A_PA	679	110	G	0	0	110	35
A_PA	680	115	A	0	0	115	35
A_PA	681	101	A	0	0	101	35
A_PA	682	86	A	0	0	86	35
A_PA	683	93	A	0	0	93	35
A_PA	684	114	C	0	0	114	35
A_PA	685	111	T	0	0	111	35
A_PA	686	113	T	0	0	113	35
A_PA	687	97	T	0	0	97	35
A_PA	688	89	A	0	0	89	35
A_PA	689	105	G	0	0	105	35
A_PA	690	96	A	0	0	96	35
A_PA	691	115	G	0	0	115	35
A_PA	692	97	C	0	0	97	35
A_PA	693	105	C	0	0	105	35
A_PA	694	90	T	0	0	90	35
A_PA	695	104	A	0	0	104	35
A_PA	696	109	T	0	0	109	35
A_PA	697	90	G	0	0	90	35
A_PA	698	99	T	0	0	99	35
A_PA	699	97	G	0	0	97	35
A_PA	700	101	G	0	0	101	35
A_PA	701	86	A	0	0	86	35
A_PA	702	109	T	0	0	109	35
A_PA	703	92	G	0	0	92	35
A_PA	704	85	G	0	0	85	35
A_PA	705	110	A	0	0	110	35
A_PA	706	109	T	0	0	109	35
A_PA	707	104	T	0	0	104	35
A_PA	708	111	C	0	0	111	35
A_PA	709	101	G	0	0	101	35
A_PA	710	108	A	0	0	108	35
A_PA	711	115	A	0	0	115	35
A_PA	712	100	C	0	0	100	35
A_PA	713	87	C	0	0	87	35
A_PA	714	107	G	0	0	107	35
A_PA	715	97	A	0	0	97	35
A_PA	716	89	A	0	0	89	35
A_PA	717	97	C	0	0	97	35
A_PA	718	89	G	0	0	89	35
A_PA	719	88	G	0	0	88	35
A_PA	720	98	C	0	0	98	35
A_PA	721	94	T	0	0	94	35
A_PA	722	112	G	0	0	112	35
A_PA	723	90	C	0	0	90	35
A_PA	724	107	A	0	0	107	35
A_PA	725	85	T	0	0	85	35
A_PA	726	95	T	0	0	95	35
A_PA	727	93	G	0	0	93	35
A_PA	728	108	A	0	0	108	35
A_PA	729	98	G	0	0	98	35
A_PA	730	92	G	0	0	92	35
A_PA	731	103	G	0	0	103	35
A_PA	732	94	C	0	0	94	35
A_PA	733	93	A	0	0	93	35
A_PA	734	106	A	0	0	106	35
A_PA	735	109	A	0	0	109	35
A_PA	736	93	C	0	0	93	35
A_PA	737	104	T	0	0	104	35
A_PA	738	115	T	0	0	115	35
A_PA	739	86	T	0	0	86	35
A_PA	740	106	C	0	0	106	35
A_PA	741	99	T	0	0	99	35
A_PA	742	111	C	0	0	111	35
A_PA	743	107	A	0	0	107	35
A_PA	744	113	A	0	0	113	35
A_PA	745	104	A	0	0	104	35
A_PA	746	98	T	0	0	98	35
A_PA	747	107	G	0	0	107	35
A_PA	748	102	T	0	0	102	35
A_PA	749	108	C	0	0	108	35
A_PA	750	101	A	0	0	101	35
A_PA	751	96	A	0	0	96	35
A_PA	752	112	A	0	0	112	35
A_PA	753	104	A	0	0	104	35
A_PA	754	111	G	0	0	111	35
A_PA	755	91	A	0	0	91	35
A_PA	756	94	A	0	0	94	35
A_PA	757	106	G	0	0	106	35
A_PA	758	110	T	0	0	110	35
A_PA	759	100	G	0	0	100	35
A_PA	760	102	A	0	0	102	35
A_PA	761	95	A	0	0	95	35
A_PA	762	86	C	0	0	86	35
A_PA	763	103	G	0	0	103	35
A_PA	764	99	C	0	0	99	35
A_PA	765	114	C	0	0	114	35
A_PA	766	112	A	0	0	112	35
A_PA	767	99	G	0	0	99	35
A_PA	768	87	A	0	0	87	35
A_PA	769	113	A	0	0	113	35
A_PA	770	109	T	0	0	109	35
A_PA	771	95	T	0	0	95	35
A_PA	772	111	G	0	0	111	35
A_PA	773	112	A	0	0	112	35
A_PA	774	111	G	0	0	111	35
A_PA	775	107	C	0	0	107	35
A_PA	776	89	C	0	0	89	35
A_PA	777	99	A	0	0	99	35
A_PA	778	96	T	0	0	96	35
A_PA	779	106	T	0	0	106	35
A_PA	780	113	T	0	0	113	35
A_PA	781	108	C	0	0	108	35
A_PA	782	108	T	0	0	108	35
A_PA	783	106	G	0	0	106	35
A_PA	784	91	A	0	0	91	35
A_PA	785	87	A	0	0	87	35
A_PA	786	95	G	0	0	95	35
A_PA	787	107	A	0	0	107	35
A_PA	788	90	C	0	0	90	35
A_PA	789	90	A	0	0	90	35
A_PA	790	86	A	0	0	86	35
A_PA	791	101	C	0	0	101	35
A_PA	792	105	A	0	0	105	35
A_PA	793	85	C	0	0	85	35
A_PA	794	101	C	0	0	101	35
A_PA	795	105	A	0	0	105	35
A_PA	796	110	C	0	0	110	35
A_PA	797	106	G	0	0	106	35
A_PA	798	100	C	0	0	100	35
A_PA	799	89	C	0	0	89	35
A_PA	800	113	C	0	0	113	35
A_PA	801	112	T	0	0	112	35
A_PA	802	89	C	0	0	89	35
A_PA	803	94	T	0	0	94	35
A_PA	804	108	C	0	0	108	35
A_PA	805	109	A	0	0	109	35
A_PA	806	114	G	0	0	114	35
A_PA	807	97	A	0	0	97	35
A_PA	808	111	T	0	0	111	35
A_PA	809	93	T	0	0	93	35
A_PA	810	97	A	0	0	97	35
A_PA	811	110	C	0	0	110	35
A_PA	812	89	C	0	0	89	35
A_PA	813	112	T	0	0	112	35
A_PA	814	90	G	0	0	90	35
A_PA	815	104	A	0	0	104	35
A_PA	816	94	T	0	0	94	35
A_PA	817	87	G	0	0	87	35
A_PA	818	108	G	0	0	108	35
A_PA	819	93	G	0	0	93	35
A_PA	820	101	C	0	0	101	35
A_PA	821	99	C	0	0	99	35
A_PA	822	98	T	0	0	98	35
A_PA	823	89	C	0	0	89	35
A_PA	824	87	C	0	0	87	35
A_PA	825	92	C	0	0	92	35
A_PA	826	103	T	0	0	103	35
A_PA	827	89	G	0	0	89	35
A_PA	828	90	T	0	0	90	35
A_PA	829	98	T	0	0	98	35
A_PA	830	100	C	0	0	100	35
A_PA	831	100	T	0	0	100	35
A_PA	832	88	C	0	0	88	35
A_PA	833	101	A	0	0	101	35
A_PA	834	107	G	0	0	107	35
A_PA	835	90	C	0	0	90	35
A_PA	836	93	G	0	0	93	35
A_PA	837	85	G	0	0	85	35
A_PA	838	94	T	0	0	94	35
A_PA	839	105	C	0	0	105	35
A_PA	840	96	G	0	0	96	35
A_PA	841	102	A	0	0	102	35
A_PA	842	85	A	0	0	85	35
A_PA	843	98	G	0	0	98	35
A_PA	844	108	T	0	0	108	35
A_PA	845	105	T	0	0	105	35
A_PA	846	96	C	0	0	96	35
A_PA	847	102	T	0	0	102	35
A_PA	848	113	T	0	0	113	35
A_PA	849	109	G	0	0	109	35
A_PA	850	87	C	0	0	87	35
A_PA	851	111	T	0	0	111	35
A_PA	852	107	G	0	0	107	35
A_PA	853	88	A	0	0	88	35
A_PA	854	107	T	0	0	107	35
A_PA	855	113	G	0	0	113	35
A_PA	856	95	G	0	0	95	35
A_PA	857	99	A	0	0	99	35
A_PA	858	88	T	0	0	88	35
A_PA	859	90	G	0	0	90	35
A_PA	860	92	C	0	0	92	35
A_PA	861	109	C	0	0	109	35
A_PA	862	112	C	0	0	112	35
A_PA	863	94	T	0	0	94	35
A_PA	864	100	T	0	0	100	35
A_PA	865	107	A	0	0	107	35
A_PA	866	113	A	0	0	113	35
A_PA	867	106	G	0	0	106	35
A_PA	868	93	T	0	0	93	35
A_PA	869	85	T	0	0	85	35
A_PA	870	110	G	0	0	110	35
A_PA	871	87	A	0	0	87	35
A_PA	872	96	G	0	0	96	35
A_PA	873	106	C	0	0	106	35
A_PA	874	109	A	0	0	109	35
A_PA	875	111	T	0	0	111	35
A_PA	876	112	C	0	0	112	35
A_PA	877	114	G	0	0	114	35
A_PA	878	102	A	0	0	102	35
A_PA	879	89	A	0	0	89	35
A_PA	880	115	G	0	0	115	35
A_PA	881	100	A	0	0	100	35
A_PA	882	91	C	0	0	91	35
A_PA	883	86	C	0	0	86	35
A_PA	884	87	C	0	0	87	35
A_PA	885	110	T	0	0	110	35
A_PA	886	96	A	0	0	96	35
A_PA	887	103	G	0	0	103	35
A_PA	888	107	C	0	0	107	35
A_PA	889	93	C	0	0	93	35
A_PA	890	100	A	0	0	100	35
A_PA	891	105	T	0	0	105	35
A_PA	892	101	G	0	0	101	35
A_PA	893	111	A	0	0	111	35
A_PA	894	105	G	0	0	105	35
A_PA	895	87	G	0	0	87	35
A_PA	896	88	G	0	0	88	35
A_PA	897	107	G	0	0	107	35
A_PA	898	114	G	0	0	114	35
A_PA	899	93	A	0	0	93	35
A_PA	900	94	G	0	0	94	35
A_PA	901	112	G	0	0	112	35
A_PA	902	92	G	0	0	92	35
A_PA	903	109	C	0	0	109	35
A_PA	904	97	A	0	0	97	35
A_PA	905	99	T	0	0	99	35
A_PA	906	103	A	0	0	103	35
A_PA	907	102	C	0	0	102	35
A_PA	908	96	C	0	0	96	35
A_PA	909	92	G	0	0	92	35
A_PA	910	87	C	0	0	87	35
A_PA	911	104	T	0	0	104	35
A_PA	912	87	G	0	0	87	35
A_PA	913	113	T	0	0	113	35
A_PA	914	106	A	0	0	106	35
A_PA	915	92	T	0	0	92	35
A_PA	916	107	G	0	0	107	35
A_PA	917	91	A	0	0	91	35
A_PA	918	113	T	0	0	113	35
A_PA	919	91	G	0	0	91	35
A_PA	920	93	C	0	0	93	35
A_PA	921	103	A	0	0	103	35
A_PA	922	115	A	0	0	115	35
A_PA	923	85	T	0	0	85	35
A_PA	924	95	C	0	0	95	35
A_PA	925	100	A	0	0	100	35
A_PA	926	95	A	0	0	95	35
A_PA	927	113	A	0	0	113	35
A_PA	928	99	T	0	0	99	35
A_PA	929	103	G	0	0	103	35
A_PA	930	103	C	0	0	103	35
A_PA	931	92	A	0	0	92	35
A_PA	932	108	T	0	0	108	35
A_PA	933	113	G	0	0	113	35
A_PA	934	115	A	0	0	115	35
A_PA	935	104	A	0	0	104	35
A_PA	936	104	G	0	0	104	35
A_PA	937	90	A	0	0	90	35
A_PA	938	97	C	0	0	97	35
A_PA	939	89	A	0	0	89	35
A_PA	940	109	T	0	0	109	35
A_PA	941	107	T	0	0	107	35
A_PA	942	112	T	0	0	112	35
A_PA	943	100	T	0	0	100	35
A_PA	944	92	T	0	0	92	35
A_PA	945	94	T	0	0	94	35
A_PA	946	109	G	0	0	109	35
A_PA	947	105	G	0	0	105	35
A_PA	948	107	C	0	0	107	35
A_PA	949	96	T	0	0	96	35
A_PA	950	85	G	0	0	85	35
A_PA	951	104	G	0	0	104	35
A_PA	952	111	A	0	0	111	35
A_PA	953	85	A	0	0	85	35
A_PA	954	103	A	0	0	103	35
A_PA	955	109	G	0	0	109	35
A_PA	956	113	A	0	0	113	35
A_PA	957	111	G	0	0	111	35
A_PA	958	86	C	0	0	86	35
A_PA	959	96	C	0	0	96	35
A_PA	960	109	C	0	0	109	35
A_PA	961	104	A	0	0	104	35
A_PA	962	111	A	0	0	111	35
A_PA	963	88	C	0	0	88	35
A_PA	964	112	A	0	0	112	35
A_PA	965	96	T	0	0	96	35
A_PA	966	97	C	0	0	97	35
A_PA	967	87	G	0	0	87	35
A_PA	968	86	T	0	0	86	35
A_PA	969	108	A	0	0	108	35
A_PA	970	106	A	0	0	106	35
A_PA	971	97	A	0	0	97	35
A_PA	972	108	G	0	0	108	35
A_PA	973	113	C	0	0	113	35
A_PA	974	113	C	0	0	113	35
A_PA	975	106	G	0	0	106	35
A_PA	976	114	C	0	0	114	35
A_PA	977	89	A	0	0	89	35
A_PA	978	110	T	0	0	110	35
A_PA	979	97	G	0	0	97	35
A_PA	980	92	A	0	0	92	35
A_PA	981	95	G	0	0	95	35
A_PA	982	95	A	0	0	95	35
A_PA	983	91	A	0	0	91	35
A_PA	984	85	A	0	0	85	35
A_PA	985	111	G	0	0	111	35
A_PA	986	104	G	0	0	104	35
A_PA	987	97	C	0	0	97	35
A_PA	988	101	A	0	0	101	35
A_PA	989	101	T	0	0	101	35
A_PA	990	96	A	0	0	96	35
A_PA	991	106	A	0	0	106	35
A_PA	992	93	A	0	0	93	35
A_PA	993	95	C	0	0	95	35
A_PA	994	95	C	0	0	95	35
A_PA	995	92	C	0	0	92	35
A_PA	996	99	T	0	0	99	35
A_PA	997	91	A	0	0	91	35
A_PA	998	113	A	0	0	113	35
A_PA	999	101	T	0	0	101	35
A_PA	1000	113	T	0	0	113	35
A_PA	1001	106	A	0	0	106	35
A_PA	1002	108	C	0	0	108	35
A_PA	1003	114	C	0	0	114	35
A_PA	1004	105	T	0	0	105	35
A_PA	1005	104	C	0	0	104	35
A_PA	1006	85	C	0	0	85	35
A_PA	1007	110	T	0	0	110	35
A_PA	1008	104	G	0	0	104	35
A_PA	1009	100	G	0	0	100	35
A_PA	1010	107	C	0	0	107	35
A_PA	1011	115	T	0	0	115	35
A_PA	1012	94	T	0	0	94	35
A_PA	1013	106	G	0	0	106	35
A_PA	1014	107	G	0	0	107	35
A_PA	1015	105	A	0	0	105	35
A_PA	1016	102	A	0	0	102	35
A_PA	1017	108	G	0	0	108	35
A_PA	1018	95	C	0	0	95	35
A_PA	1019	98	A	0	0	98	35
A_PA	1020	109	G	0	0	109	35
A_PA	1021	109	G	0	0	109	35
A_PA	1022	89	T	0	0	89	35
A_PA	1023	115	G	0	0	115	35
A_PA	1024	113	C	0	0	113	35
A_PA	1025	101	T	0	0	101	35
A_PA	1026	112	G	0	0	112	35
A_PA	1027	91	G	0	0	91	35
A_PA	1028	106	C	0	0	106	35
A_PA	1029	86	A	0	0	86	35
A_PA	1030	86	G	0	0	86	35
A_PA	1031	92	A	0	0	92	35
A_PA	1032	99	A	0	0	99	35
A_PA	1033	88	C	0	0	88	35
A_PA	1034	92	T	0	0	92	35
A_PA	1035	104	T	0	0	104	35
A_PA	1036	92	C	0	0	92	35
A_PA	1037	114	A	0	0	114	35
A_PA	1038	97	A	0	0	97	35
A_PA	1039	111	G	0	0	111	35
A_PA	1040	98	A	0	0	98	35
A_PA	1041	85	C	0	0	85	35
A_PA	1042	113	A	0	0	113	35
A_PA	1043	97	T	0	0	97	35
A_PA	1044	114	T	0	0	114	35
A_PA	1045	98	G	0	0	98	35
A_PA	1046	111	A	0	0	111	35
A_PA	1047	94	A	0	0	94	35
A_PA	1048	95	A	0	0	95	35
A_PA	1049	92	A	0	0	92	35
A_PA	1050	111	T	0	0	111	35
A_PA	1051	102	G	0	0	102	35
A_PA	1052	86	A	0	0	86	35
A_PA	1053	112	G	0	0	112	35
A_PA	1054	88	G	0	0	88	35
A_PA	1055	111	A	0	0	111	35
A_PA	1056	90	G	0	0	90	35
A_PA	1057	107	A	0	0	107	35
A_PA	1058	113	A	0	0	113	35
A_PA	1059	88	A	0	0	88	35
A_PA	1060	88	A	0	0	88	35
A_PA	1061	93	T	0	0	93	35
A_PA	1062	113	T	0	0	113	35
A_PA	1063	102	C	0	0	102	35
A_PA	1064	104	C	0	0	104	35
A_PA	1065	113	A	0	0	113	35
A_PA	1066	106	A	0	0	106	35
A_PA	1067	95	A	0	0	95	35
A_PA	1068	109	A	0	0	109	35
A_PA	1069	92	A	0	0	92	35
A_PA	1070	109	C	0	0	109	35
A_PA	1071	87	A	0	0	87	35
A_PA	1072	114	A	0	0	114	35
A_PA	1073	100	A	0	0	100	35
A_PA	1074	86	G	0	0	86	35
A_PA	1075	91	A	0	0	91	35
A_PA	1076	106	A	0	0	106	35
A_PA	1077	95	C	0	0	95	35
A_PA	1078	113	A	0	0	113	35
A_PA	1079	97	T	0	0	97	35
A_PA	1080	91	G	0	0	91	35
A_PA	1081	113	A	0	0	113	35
A_PA	1082	92	A	0	0	92	35
A_PA	1083	86	G	0	0	86	35
A_PA	1084	87	A	0	0	87	35
A_PA	1085	104	A	0	0	104	35
A_PA	1086	88	A	0	0	88	35
A_PA	1087	111	A	0	0	111	35
A_PA	1088	91	C	0	0	91	35
A_PA	1089	110	A	0	0	110	35
A_PA	1090	114	A	0	0	114	35
A_PA	1091	85	G	0	0	85	35
A_PA	1092	112	C	0	0	112	35
A_PA	1093	92	C	0	0	92	35
A_PA	1094	112	A	0	0	112	35
A_PA	1095	94	A	0	0	94	35
A_PA	1096	114	T	0	0	114	35
A_PA	1097	91	T	0	0	91	35
A_PA	1098	108	G	0	0	108	35
A_PA	1099	100	A	0	0	100	35
A_PA	1100	86	A	0	0	86	35
A_PA	1101	98	G	0	0	98	35
A_PA	1102	95	T	0	0	95	35
A_PA	1103	88	G	0	0	88	35
A_PA	1104	98	G	0	0	98	35
A_PA	1105	95	G	0	0	95	35
A_PA	1106	115	C	0	0	115	35
A_PA	1107	95	A	0	0	95	35
A_PA	1108	93	C	0	0	93	35
A_PA	1109	92	T	0	0	92	35
A_PA	1110	106	T	0	0	106	35
A_PA	1111	107	G	0	0	107	35
A_PA	1112	104	G	0	0	104	35
A_PA	1113	96	T	0	0	96	35
A_PA	1114	99	G	0	0	99	35
A_PA	1115	115	A	0	0	115	35
A_PA	1116	85	G	0	0	85	35
A_PA	1117	107	A	0	0	107	35
A_PA	1118	90	A	0	0	90	35
A_PA	1119	113	C	0	0	113	35
A_PA	1120	99	A	0	0	99	35
A_PA	1121	111	T	0	0	111	35
A_PA	1122	102	G	0	0	102	35
A_PA	1123	107	G	0	0	107	35
A_PA	1124	112	C	0	0	112	35
A_PA	1125	108	T	0	0	108	35
A_PA	1126	88	C	0	0	88	35
A_PA	1127	111	C	0	0	111	35
A_PA	1128	99	A	0	0	99	35
A_PA	1129	88	G	0	0	88	35
A_PA	1130	86	A	0	0	86	35
A_PA	1131	89	A	0	0	89	35
A_PA	1132	86	A	0	0	86	35
A_PA	1133	114	A	0	0	114	35
A_PA	1134	101	A	0	0	101	35
A_PA	1135	96	G	0	0	96	35
A_PA	1136	103	T	0	0	103	35
A_PA	1137	93	G	0	0	93	35
A_PA	1138	87	G	0	0	87	35
A_PA	1139	108	A	0	0	108	35
A_PA	1140	90	C	0	0	90	35
A_PA	1141	106	T	0	0	106	35
A_PA	1142	106	T	0	0	106	35
A_PA	1143	86	T	0	0	86	35
A_PA	1144	110	G	0	0	110	35
A_PA	1145	111	A	0	0	111	35
A_PA	1146	99	G	0	0	99	35
A_PA	1147	104	G	0	0	104	35
A_PA	1148	102	A	0	0	102	35
A_PA	1149	104	C	0	0	104	35
A_PA	1150	100	T	0	0	100	35
A_PA	1151	87	G	0	0	87	35
A_PA	1152	101	C	0	0	101	35
A_PA	1153	115	A	0	0	115	35
A_PA	1154	108	A	0	0	108	35
A_PA	1155	106	A	0	0	106	35
A_PA	1156	85	G	0	0	85	35
A_PA	1157	98	A	0	0	98	35
A_PA	1158	85	T	0	0	85	35
A_PA	1159	98	G	0	0	98	35
A_PA	1160	107	T	0	0	107	35
A_PA	1161	115	T	0	0	115	35
A_PA	1162	114	A	0	0	114	35
A_PA	1163	115	G	0	0	115	35
A_PA	1164	94	C	0	0	94	35
A_PA	1165	115	G	0	0	115	35
A_PA	1166	110	A	0	0	110	35
A_PA	1167	91	T	0	0	91	35
A_PA	1168	109	C	0	0	109	35
A_PA	1169	115	T	0	0	115	35
A_PA	1170	88	A	0	0	88	35
A_PA	1171	109	A	0	0	109	35
A_PA	1172	104	G	0	0	104	35
A_PA	1173	114	A	0	0	114	35
A_PA	1174	89	C	0	0	89	35
A_PA	1175	91	A	0	0	91	35
A_PA	1176	102	G	0	0	102	35
A_PA	1177	104	T	0	0	104	35
A_PA	1178	93	A	0	0	93	35
A_PA	1179	88	C	0	0	88	35
A_PA	1180	96	G	0	0	96	35
A_PA	1181	107	A	0	0	107	35
A_PA	1182	92	C	0	0	92	35
A_PA	1183	92	A	0	0	92	35
A_PA	1184	101	G	0	0	101	35
A_PA	1185	113	T	0	0	113	35
A_PA	1186	105	G	0	0	105	35
A_PA	1187	109	A	0	0	109	35
A_PA	1188	93	C	0	0	93	35
A_PA	1189	99	G	0	0	99	35
A_PA	1190	109	A	0	0	109	35
A_PA	1191	89	A	0	0	89	35
A_PA	1192	112	C	0	0	112	35
A_PA	1193	90	C	0	0	90	35
A_PA	1194	86	A	0	0	86	35
A_PA	1195	107	G	0	0	107	35
A_PA	1196	92	A	0	0	92	35
A_PA	1197	88	G	0	0	88	35
A_PA	1198	113	T	0	0	113	35
A_PA	1199	104	C	0	0	104	35
A_PA	1200	95	T	0	0	95	35
A_PA	1201	108	A	0	0	108	35
A_PA	1202	106	G	0	0	106	35
A_PA	1203	115	A	0	0	115	35
A_PA	1204	104	T	0	0	104	35
A_PA	1205	108	C	0	0	108	35
A_PA	1206	110	G	0	0	110	35
A_PA	1207	88	C	0	0	88	35
A_PA	1208	108	T	0	0	108	35
A_PA	1209	107	A	0	0	107	35
A_PA	1210	98	G	0	0	98	35
A_PA	1211	96	C	0	0	96	35
A_PA	1212	114	A	0	0	114	35
A_PA	1213	90	A	0	0	90	35
A_PA	1214	107	G	0	0	107	35
A_PA	1215	101	C	0	0	101	35
A_PA	1216	91	T	0	0	91	35
A_PA	1217	113	G	0	0	113	35
A_PA	1218	89	G	0	0	89	35
A_PA	1219	105	A	0	0	105	35
A_PA	1220	96	T	0	0	96	35
A_PA	1221	99	T	0	0	99	35
A_PA	1222	95	C	0	0	95	35
A_PA	1223	102	A	0	0	102	35
A_PA	1224	98	G	0	0	98	35
A_PA	1225	95	A	0	0	95	35
A_PA	1226	107	G	0	0	107	35
A_PA	1227	100	T	0	0	100	35
A_PA	1228	87	G	0	0	87	35
A_PA	1229	90	A	0	0	90	35
A_PA	1230	93	A	0	0	93	35
A_PA	1231	92	T	0	0	92	35
A_PA	1232	105	T	0	0	105	35
A_PA	1233	112	C	0	0	112	35
A_PA	1234	91	A	0	0	91	35
A_PA	1235	103	A	0	0	103	35
A_PA	1236	115	C	0	0	115	35
A_PA	1237	114	A	0	0	114	35
A_PA	1238	92	A	0	0	92	35
A_PA	1239	98	G	0	0	98	35
A_PA	1240	114	G	0	0	114	35
A_PA	1241	93	C	0	0	93	35
A_PA	1242	85	A	0	0	85	35
A_PA	1243	99	T	0	0	99	35
A_PA	1244	111	G	0	0	111	35
A_PA	1245	93	C	0	0	93	35
A_PA	1246	114	G	0	0	114	35
A_PA	1247	112	A	0	0	112	35
A_PA	1248	113	A	0	0	113	35
A_PA	1249	111	C	0	0	111	35
A_PA	1250	113	T	0	0	113	35
A_PA	1251	91	G	0	0	91	35
A_PA	1252	88	A	0	0	88	35
A_PA	1253	93	C	0	0	93	35
A_PA	1254	109	A	0	0	109	35
A_PA	1255	89	G	0	0	89	35
A_PA	1256	94	A	0	0	94	35
A_PA	1257	98	T	0	0	98	35
A_PA	1258	101	T	0	0	101	35
A_PA	1259	93	C	0	0	93	35
A_PA	1260	103	G	0	0	103	35
A_PA	1261	94	A	0	0	94	35
A_PA	1262	102	G	0	0	102	35
A_PA	1263	97	T	0	0	97	35
A_PA	1264	111	T	0	0	111	35
A_PA	1265	98	G	0	0	98	35
A_PA	1266	106	G	0	0	106	35
A_PA	1267	92	A	0	0	92	35
A_PA	1268	112	T	0	0	112	35
A_PA	1269	86	T	0	0	86	35
A_PA	1270	98	G	0	0	98	35
A_PA	1271	92	A	0	0	92	35
A_PA	1272	98	A	0	0	98	35
A_PA	1273	108	C	0	0	108	35
A_PA	1274	101	T	0	0	101	35
A_PA	1275	90	T	0	0	90	35
A_PA	1276	103	G	0	0	103	35
A_PA	1277	106	A	0	0	106	35
A_PA	1278	113	T	0	0	113	35
A_PA	1279	96	G	0	0	96	35
A_PA	1280	93	A	0	0	93	35
A_PA	1281	101	G	0	0	101	35
A_PA	1282	100	A	0	0	100	35
A_PA	1283	106	T	0	0	106	35
A_PA	1284	113	A	0	0	113	35
A_PA	1285	96	G	0	0	96	35
A_PA	1286	91	G	0	0	91	35
A_PA	1287	111	G	0	0	111	35
A_PA	1288	89	G	0	0	89	35
A_PA	1289	112	A	0	0	112	35
A_PA	1290	92	A	0	0	92	35
A_PA	1291	91	G	0	0	91	35
A_PA	1292	111	A	0	0	111	35
A_PA	1293	100	C	0	0	100	35
A_PA	1294	99	G	0	0	99	35
A_PA	1295	111	T	0	0	111	35
A_PA	1296	95	T	0	0	95	35
A_PA	1297	115	G	0	0	115	35
A_PA	1298	115	C	0	0	115	35
A_PA	1299	111	T	0	0	111	35
A_PA	1300	109	C	0	0	109	35
A_PA	1301	100	C	0	0	100	35
A_PA	1302	95	A	0	0	95	35
A_PA	1303	86	A	0	0	86	35
A_PA	1304	88	T	0	0	88	35
A_PA	1305	109	C	0	0	109	35
A_PA	1306	110	G	0	0	110	35
A_PA	1307	115	A	0	0	115	35
A_PA	1308	92	A	0	0	92	35
A_PA	1309	100	C	0	0	100	35
A_PA	1310	85	A	0	0	85	35
A_PA	1311	104	C	0	0	104	35
A_PA	1312	96	A	0	0	96	35
A_PA	1313	94	T	0	0	94	35
A_PA	1314	90	T	0	0	90	35
A_PA	1315	86	G	0	0	86	35
A_PA	1316	90	C	0	0	90	35
A_PA	1317	113	G	0	0	113	35
A_PA	1318	111	A	0	0	111	35
A_PA	1319	96	G	0	0	96	35
A_PA	1320	89	T	0	0	89	35
A_PA	1321	101	G	0	0	101	35
A_PA	1322	106	T	0	0	106	35
A_PA	1323	100	G	0	0	100	35
A_PA	1324	94	A	0	0	94	35
A_PA	1325	109	G	0	0	109	35
A_PA	1326	102	G	0	0	102	35
A_PA	1327	92	A	0	0	92	35
A_PA	1328	99	G	0	0	99	35
A_PA	1329	101	G	0	0	101	35
A_PA	1330	115	A	0	0	115	35
A_PA	1331	96	A	0	0	96	35
A_PA	1332	95	C	0	0	95	35
A_PA	1333	113	T	0	0	113	35
A_PA	1334	110	A	0	0	110	35
A_PA	1335	105	T	0	0	105	35
A_PA	1336	104	T	0	0	104	35
A_PA	1337	91	T	0	0	91	35
A_PA	1338	92	C	0	0	92	35
A_PA	1339	94	A	0	0	94	35
A_PA	1340	115	C	0	0	115	35
A_PA	1341	106	A	0	0	106	35
A_PA	1342	103	G	0	0	103	35
A_PA	1343	102	C	0	0	102	35
A_PA	1344	111	G	0	0	111	35
A_PA	1345	108	G	0	0	108	35
A_PA	1346	103	A	0	0	103	35
A_PA	1347	108	G	0	0	108	35
A_PA	1348	106	G	0	0	106	35
A_PA	1349	87	T	0	0	87	35
A_PA	1350	89	A	0	0	89	35
A_PA	1351	98	T	0	0	98	35
A_PA	1352	113	C	0	0	113	35
A_PA	1353	100	C	0	0	100	35
A_PA	1354	111	C	0	0	111	35
A_PA	1355	96	A	0	0	96	35
A_PA	1356	106	T	0	0	106	35
A_PA	1357	113	T	0	0	113	35
A_PA	1358	101	G	0	0	101	35
A_PA	1359	102	C	0	0	102	35
A_PA	1360	86	A	0	0	86	35
A_PA	1361	97	G	0	0	97	35
A_PA	1362	89	G	0	0	89	35
A_PA	1363	115	G	0	0	115	35
A_PA	1364	114	C	0	0	114	35
A_PA	1365	92	C	0	0	92	35
A_PA	1366	111	A	0	0	111	35
A_PA	1367	98	C	0	0	98	35
A_PA	1368	100	T	0	0	100	35
A_PA	1369	85	G	0	0	85	35
A_PA	1370	111	A	0	0	111	35
A_PA	1371	97	A	0	0	97	35
A_PA	1372	109	T	0	0	109	35
A_PA	1373	106	A	0	0	106	35
A_PA	1374	85	C	0	0	85	35
A_PA	1375	115	A	0	0	115	35
A_PA	1376	103	T	0	0	103	35
A_PA	1377	107	A	0	0	107	35
A_PA	1378	89	A	0	0	89	35
A_PA	1379	91	T	0	0	91	35
A_PA	1380	109	G	0	0	109	35
A_PA	1381	109	A	0	0	109	35
A_PA	1382	102	A	0	0	102	35
A_PA	1383	109	G	0	0	109	35
A_PA	1384	103	G	0	0	103	35
A_PA	1385	86	G	0	0	86	35
A_PA	1386	98	A	0	0	98	35
A_PA	1387	100	G	0	0	100	35
A_PA	1388	87	T	0	0	87	35
A_PA	1389	111	A	0	0	111	35
A_PA	1390	93	T	0	0	93	35
A_PA	1391	92	A	0	0	92	35
A_PA	1392	103	C	0	0	103	35
A_PA	1393	104	A	0	0	104	35
A_PA	1394	109	T	0	0	109	35
A_PA	1395	93	A	0	0	93	35
A_PA	1396	99	A	0	0	99	35
A_PA	1397	95	A	0	0	95	35
A_PA	1398	111	C	0	0	111	35
A_PA	1399	95	A	0	0	95	35
A_PA	1400	103	C	0	0	103	35
A_PA	1401	106	A	0	0	106	35
A_PA	1402	93	G	0	0	93	35
A_PA	1403	102	C	0	0	102	35
A_PA	1404	88	C	0	0	88	35
A_PA	1405	98	C	0	0	98	35
A_PA	1406	87	T	0	0	87	35
A_PA	1407	91	A	0	0	91	35
A_PA	1408	104	T	0	0	104	35
A_PA	1409	112	T	0	0	112	35
A_PA	1410	104	G	0	0	104	35
A_PA	1411	114	A	0	0	114	35
A_PA	1412	114	A	0	0	114	35
A_PA	1413	109	T	0	0	109	35
A_PA	1414	101	G	0	0	101	35
A_PA	1415	85	C	0	0	85	35
A_PA	1416	101	A	0	0	101	35
A_PA	1417	92	T	0	0	92	35
A_PA	1418	90	C	0	0	90	35
A_PA	1419	88	C	0	0	88	35
A_PA	1420	97	T	0	0	97	35
A_PA	1421	95	G	0	0	95	35
A_PA	1422	104	T	0	0	104	35
A_PA	1423	101	G	0	0	101	35
A_PA	1424	113	C	0	0	113	35
A_PA	1425	89	A	0	0	89	35
A_PA	1426	109	G	0	0	109	35
A_PA	1427	101	C	0	0	101	35
A_PA	1428	90	C	0	0	90	35
A_PA	1429	92	A	0	0	92	35
A_PA	1430	107	T	0	0	107	35
A_PA	1431	85	G	0	0	85	35
A_PA	1432	89	G	0	0	89	35
A_PA	1433	110	A	0	0	110	35
A_PA	1434	105	T	0	0	105	35
A_PA	1435	88	G	0	0	88	35
A_PA	1436	94	A	0	0	94	35
A_PA	1437	114	C	0	0	114	35
A_PA	1438	85	T	0	0	85	35
A_PA	1439	98	T	0	0	98	35
A_PA	1440	97	C	0	0	97	35
A_PA	1441	107	C	0	0	107	35
A_PA	1442	113	A	0	0	113	35
A_PA	1443	90	A	0	0	90	35
A_PA	1444	95	T	0	0	95	35
A_PA	1445	87	T	0	0	87	35
A_PA	1446	89	G	0	0	89	35
A_PA	1447	94	A	0	0	94	35
A_PA	1448	104	T	0	0	104	35
A_PA	1449	114	T	0	0	114	35
A_PA	1450	89	C	0	0	89	35
A_PA	1451	103	C	0	0	103	35
A_PA	1452	103	A	0	0	103	35
A_PA	1453	106	A	0	0	106	35
A_PA	1454	110	T	0	0	110	35
A_PA	1455	115	G	0	0	115	35
A_PA	1456	114	A	0	0	114	35
A_PA	1457	110	T	0	0	110	35
A_PA	1458	106	A	0	0	106	35
A_PA	1459	103	A	0	0	103	35
A_PA	1460	111	G	0	0	111	35
A_PA	1461	105	T	0	0	105	35
A_PA	1462	95	A	0	0	95	35
A_PA	1463	99	A	0	0	99	35
A_PA	1464	89	G	0	0	89	35
A_PA	1465	98	T	0	0	98	35
A_PA	1466	114	G	0	0	114	35
A_PA	1467	104	C	0	0	104	35
A_PA	1468	98	A	0	0	98	35
A_PA	1469	89	G	0	0	89	35
A_PA	1470	97	A	0	0	97	35
A_PA	1471	93	A	0	0	93	35
A_PA	1472	115	C	0	0	115	35
A_PA	1473	114	T	0	0	114	35
A_PA	1474	104	A	0	0	104	35
A_PA	1475	104	A	0	0	104	35
A_PA	1476	107	A	0	0	107	35
A_PA	1477	99	G	0	0	99	35
A_PA	1478	91	A	0	0	91	35
A_PA	1479	110	A	0	0	110	35
A_PA	1480	99	G	0	0	99	35
A_PA	1481	104	G	0	0	104	35
A_PA	1482	112	A	0	0	112	35
A_PA	1483	96	A	0	0	96	35
A_PA	1484	91	G	0	0	91	35
A_PA	1485	89	A	0	0	89	35
A_PA	1486	86	C	0	0	86	35
A_PA	1487	102	G	0	0	102	35
A_PA	1488	87	G	0	0	87	35
A_PA	1489	100	A	0	0	100	35
A_PA	1490	94	A	0	0	94	35
A_PA	1491	91	G	0	0	91	35
A_PA	1492	108	A	0	0	108	35
A_PA	1493	101	C	0	0	101	35
A_PA	1494	85	A	0	0	85	35
A_PA	1495	89	A	0	0	89	35
A_PA	1496	99	A	0	0	99	35
A_PA	1497	90	T	0	0	90	35
A_PA	1498	93	C	0	0	93	35
A_PA	1499	104	T	0	0	104	35
A_PA	1500	93	G	0	0	93	35
A_PA	1501	88	T	0	0	88	35
A_PA	1502	98	A	0	0	98	35
A_PA	1503	98	T	0	0	98	35
A_PA	1504	112	G	0	0	112	35
A_PA	1505	102	G	0	0	102	35
A_PA	1506	102	A	0	0	102	35
A_PA	1507	88	T	0	0	88	35
A_PA	1508	106	T	0	0	106	35
A_PA	1509	85	C	0	0	85	35
A_PA	1510	91	A	0	0	91	35
A_PA	1511	98	T	0	0	98	35
A_PA	1512	107	T	0	0	107	35
A_PA	1513	90	A	0	0	90	35
A_PA	1514	104	T	0	0	104	35
A_PA	1515	102	A	0	0	102	35
A_PA	1516	96	A	0	0	96	35
A_PA	1517	97	A	0	0	97	35
A_PA	1518	105	A	0	0	105	35
A_PA	1519	107	G	0	0	107	35
A_PA	1520	102	G	0	0	102	35
A_PA	1521	94	A	0	0	94	35
A_PA	1522	108	A	0	0	108	35
A_PA	1523	87	G	0	0	87	35
A_PA	1524	85	A	0	0	85	35
A_PA	1525	95	T	0	0	95	35
A_PA	1526	90	C	0	0	90	35
A_PA	1527	95	C	0	0	95	35
A_PA	1528	113	C	0	0	113	35
A_PA	1529	92	A	0	0	92	35
A_PA	1530	91	T	0	0	91	35
A_PA	1531	99	T	0	0	99	35
A_PA	1532	90	T	0	0	90	35
A_PA	1533	90	G	0	0	90	35
A_PA	1534	95	A	0	0	95	35
A_PA	1535	94	G	0	0	94	35
A_PA	1536	104	G	0	0	104	35
A_PA	1537	97	A	0	0	97	35
A_PA	1538	109	A	0	0	109	35
A_PA	1539	101	T	0	0	101	35
A_PA	1540	100	G	0	0	100	35
A_PA	1541	105	A	0	0	105	35
A_PA	1542	109	C	0	0	109	35
A_PA	1543	90	A	0	0	90	35
A_PA	1544	114	C	0	0	114	35
A_PA	1545	101	C	0	0	101	35
A_PA	1546	87	G	0	0	87	35
A_PA	1547	111	A	0	0	111	35
A_PA	1548	111	T	0	0	111	35
A_PA	1549	99	G	0	0	99	35
A_PA	1550	105	T	0	0	105	35
A_PA	1551	95	G	0	0	95	35
A_PA	1552	85	G	0	0	85	35
A_PA	1553	93	T	0	0	93	35
A_PA	1554	104	A	0	0	104	35
A_PA	1555	92	A	0	0	92	35
A_PA	1556	87	A	0	0	87	35
A_PA	1557	107	C	0	0	107	35
A_PA	1558	91	T	0	0	91	35
A_PA	1559	105	T	0	0	105	35
A_PA	1560	99	T	0	0	99	35
A_PA	1561	115	G	0	0	115	35
A_PA	1562	93	T	0	0	93	35
A_PA	1563	95	G	0	0	95	35
A_PA	1564	101	A	0	0	101	35
A_PA	1565	92	G	0	0	92	35
A_PA	1566	93	C	0	0	93	35
A_PA	1567	95	A	0	0	95	35
A_PA	1568	110	T	0	0	110	35
A_PA	1569	104	G	0	0	104	35
A_PA	1570	90	G	0	0	90	35
A_PA	1571	89	A	0	0	89	35
A_PA	1572	89	A	0	0	89	35
A_PA	1573	99	T	0	0	99	35
A_PA	1574	90	T	0	0	90	35
A_PA	1575	104	C	0	0	104	35
A_PA	1576	94	T	0	0	94	35
A_PA	1577	87	C	0	0	87	35
A_PA	1578	91	T	0	0	91	35
A_PA	1579	110	C	0	0	110	35
A_PA	1580	109	T	0	0	109	35
A_PA	1581	102	A	0	0	102	35
A_PA	1582	94	A	0	0	94	35
A_PA	1583	96	C	0	0	96	35
A_PA	1584	109	T	0	0	109	35
A_PA	1585	98	G	0	0	98	35
A_PA	1586	108	A	0	0	108	35
A_PA	1587	86	C	0	0	86	35
A_PA	1588	113	C	0	0	113	35
A_PA	1589	115	C	0	0	115	35
A_PA	1590	98	G	0	0	98	35
A_PA	1591	115	A	0	0	115	35
A_PA	1592	92	G	0	0	92	35
A_PA	1593	109	G	0	0	109	35
A_PA	1594	100	C	0	0	100	35
A_PA	1595	104	T	0	0	104	35
A_PA	1596	85	A	0	0	85	35
A_PA	1597	96	G	0	0	96	35
A_PA	1598	85	A	0	0	85	35
A_PA	1599	87	G	0	0	87	35
A_PA	1600	110	C	0	0	110	35
A_PA	1601	87	C	0	0	87	35
A_PA	1602	112	A	0	0	112	35
A_PA	1603	114	C	0	0	114	35
A_PA	1604	103	A	0	0	103	35
A_PA	1605	103	C	0	0	103	35
A_PA	1606	100	A	0	0	100	35
A_PA	1607	102	A	0	0	102	35
A_PA	1608	108	A	0	0	108	35
A_PA	1609	109	T	0	0	109	35
A_PA	1610	114	G	0	0	114	35
A_PA	1611	85	G	0	0	85	35
A_PA	1612	99	G	0	0	99	35
A_PA	1613	112	A	0	0	112	35
A_PA	1614	103	A	0	0	103	35
A_PA	1615	91	A	0	0	91	35
A_PA	1616	106	A	0	0	106	35
A_PA	1617	107	G	0	0	107	35
A_PA	1618	104	T	0	0	104	35
A_PA	1619	90	A	0	0	90	35
A_PA	1620	104	C	0	0	104	35
A_PA	1621	111	T	0	0	111	35
A_PA	1622	91	G	0	0	91	35
A_PA	1623	97	T	0	0	97	35
A_PA	1624	101	G	0	0	101	35
A_PA	1625	111	T	0	0	111	35
A_PA	1626	100	T	0	0	100	35
A_PA	1627	105	C	0	0	105	35
A_PA	1628	91	T	0	0	91	35
A_PA	1629	109	T	0	0	109	35
A_PA	1630	93	G	0	0	93	35
A_PA	1631	115	A	0	0	115	35
A_PA	1632	98	G	0	0	98	35
A_PA	1633	98	A	0	0	98	35
A_PA	1634	104	T	0	0	104	35
A_PA	1635	115	A	0	0	115	35
A_PA	1636	103	G	0	0	103	35
A_PA	1637	108	G	0	0	108	35
A_PA	1638	99	A	0	0	99	35
A_PA	1639	97	G	0	0	97	35
A_PA	1640	100	A	0	0	100	35
A_PA	1641	97	C	0	0	97	35
A_PA	1642	96	A	0	0	96	35
A_PA	1643	108	T	0	0	108	35
A_PA	1644	115	G	0	0	115	35
A_PA	1645	89	C	0	0	89	35
A_PA	1646	111	T	0	0	111	35
A_PA	1647	92	C	0	0	92	35
A_PA	1648	112	C	0	0	112	35
A_PA	1649	102	T	0	0	102	35
A_PA	1650	97	A	0	0	97	35
A_PA	1651	85	C	0	0	85	35
A_PA	1652	88	G	0	0	88	35
A_PA	1653	100	G	0	0	100	35
A_PA	1654	98	A	0	0	98	35
A_PA	1655	93	C	0	0	93	35
A_PA	1656	89	T	0	0	89	35
A_PA	1657	107	G	0	0	107	35
A_PA	1658	114	C	0	0	114	35
A_PA	1659	92	A	0	0	92	35
A_PA	1660	99	A	0	0	99	35
A_PA	1661	107	T	0	0	107	35
A_PA	1662	94	A	0	0	94	35
A_PA	1663	104	G	0	0	104	35
A_PA	1664	112	G	0	0	112	35
A_PA	1665	86	C	0	0	86	35
A_PA	1666	104	C	0	0	104	35
A_PA	1667	87	A	0	0	87	35
A_PA	1668	99	A	0	0	99	35
A_PA	1669	88	G	0	0	88	35
A_PA	1670	101	T	0	0	101	35
A_PA	1671	96	G	0	0	96	35
A_PA	1672	92	T	0	0	92	35
A_PA	1673	109	C	0	0	109	35
A_PA	1674	92	G	0	0	92	35
A_PA	1675	94	A	0	0	94	35
A_PA	1676	115	G	0	0	115	35
A_PA	1677	113	G	0	0	113	35
A_PA	1678	101	C	0	0	101	35
A_PA	1679	115	C	0	0	115	35
A_PA	1680	100	C	0	0	100	35
A_PA	1681	86	A	0	0	86	35
A_PA	1682	88	T	0	0	88	35
A_PA	1683	91	G	0	0	91	35
A_PA	1684	85	T	0	0	85	35
A_PA	1685	110	T	0	0	110	35
A_PA	1686	104	C	0	0	104	35
A_PA	1687	111	C	0	0	111	35
A_PA	1688	90	T	0	0	90	35
A_PA	1689	94	G	0	0	94	35
A_PA	1690	87	T	0	0	87	35
A_PA	1691	98	A	0	0	98	35
A_PA	1692	102	T	0	0	102	35
A_PA	1693	99	G	0	0	99	35
A_PA	1694	108	T	0	0	108	35
A_PA	1695	107	G	0	0	107	35
A_PA	1696	100	A	0	0	100	35
A_PA	1697	103	G	0	0	103	35
A_PA	1698	111	A	0	0	111	35
A_PA	1699	107	A	0	0	107	35
A_PA	1700	98	C	0	0	98	35
A_PA	1701	109	C	0	0	109	35
A_PA	1702	85	A	0	0	85	35
A_PA	1703	115	A	0	0	115	35
A_PA	1704	114	T	0	0	114	35
A_PA	1705	101	G	0	0	101	35
A_PA	1706	92	G	0	0	92	35
A_PA	1707	95	G	0	0	95	35
A_PA	1708	113	A	0	0	113	35
A_PA	1709	108	C	0	0	108	35
A_PA	1710	88	T	0	0	88	35
A_PA	1711	115	T	0	0	115	35
A_PA	1712	85	C	0	0	85	35
A_PA	1713	88	C	0	0	88	35
A_PA	1714	97	A	0	0	97	35
A_PA	1715	107	A	0	0	107	35
A_PA	1716	110	G	0	0	110	35
A_PA	1717	94	A	0	0	94	35
A_PA	1718	99	T	0	0	99	35
A_PA	1719	115	C	0	0	115	35
A_PA	1720	98	A	0	0	98	35
A_PA	1721	85	A	0	0	85	35
A_PA	1722	91	A	0	0	91	35
A_PA	1723	110	A	0	0	110	35
A_PA	1724	88	T	0	0	88	35
A_PA	1725	104	G	0	0	104	35
A_PA	1726	87	A	0	0	87	35
A_PA	1727	87	A	0	0	87	35
A_PA	1728	96	A	0	0	96	35
A_PA	1729	112	T	0	0	112	35
A_PA	1730	114	G	0	0	114	35
A_PA	1731	108	G	0	0	108	35
A_PA	1732	111	G	0	0	111	35
A_PA	1733	98	G	0	0	98	35
A_PA	1734	89	C	0	0	89	35
A_PA	1735	100	A	0	0	100	35
A_PA	1736	103	T	0	0	103	35
A_PA	1737	97	G	0	0	97	35
A_PA	1738	108	G	0	0	108	35
A_PA	1739	111	A	0	0	111	35
A_PA	1740	112	G	0	0	112	35
A_PA	1741	92	A	0	0	92	35
A_PA	1742	87	T	0	0	87	35
A_PA	1743	104	G	0	0	104	35
A_PA	1744	104	A	0	0	104	35
A_PA	1745	91	G	0	0	91	35
A_PA	1746	106	G	0	0	106	35
A_PA	1747	86	C	0	0	86	35
A_PA	1748	109	G	0	0	109	35
A_PA	1749	106	A	0	0	106	35
A_PA	1750	113	T	0	0	113	35
A_PA	1751	86	G	0	0	86	35
A_PA	1752	91	C	0	0	91	35
A_PA	1753	91	C	0	0	91	35
A_PA	1754	99	T	0	0	99	35
A_PA	1755	95	T	0	0	95	35
A_PA	1756	115	C	0	0	115	35
A_PA	1757	103	T	0	0	103	35
A_PA	1758	109	T	0	0	109	35
A_PA	1759	98	C	0	0	98	35
A_PA	1760	101	A	0	0	101	35
A_PA	1761	95	G	0	0	95	35
A_PA	1762	106	T	0	0	106	35
A_PA	1763	93	C	0	0	93	35
A_PA	1764	91	C	0	0	91	35
A_PA	1765	93	C	0	0	93	35
A_PA	1766	89	T	0	0	89	35
A_PA	1767	91	T	0	0	91	35
A_PA	1768	104	C	0	0	104	35
A_PA	1769	95	A	0	0	95	35
A_PA	1770	106	A	0	0	106	35
A_PA	1771	90	C	0	0	90	35
A_PA	1772	113	A	0	0	113	35
A_PA	1773	97	A	0	0	97	35
A_PA	1774	100	A	0	0	100	35
A_PA	1775	93	T	0	0	93	35
A_PA	1776	88	T	0	0	88	35
A_PA	1777	99	G	0	0	99	35
A_PA	1778	111	A	0	0	111	35
A_PA	1779	85	G	0	0	85	35
A_PA	1780	96	A	0	0	96	35
A_PA	1781	113	G	0	0	113	35
A_PA	1782	92	C	0	0	92	35
A_PA	1783	108	A	0	0	108	35
A_PA	1784	109	T	0	0	109	35
A_PA	1785	86	G	0	0	86	35
A_PA	1786	112	A	0	0	112	35
A_PA	1787	107	T	0	0	107	35
A_PA	1788	100	T	0	0	100	35
A_PA	1789	88	G	0	0	88	35
A_PA	1790	115	A	0	0	115	35
A_PA	1791	110	G	0	0	110	35
A_PA	1792	94	G	0	0	94	35
A_PA	1793	115	C	0	0	115	35
A_PA	1794	93	C	0	0	93	35
A_PA	1795	95	G	0	0	95	35
A_PA	1796	109	A	0	0	109	35
A_PA	1797	94	A	0	0	94	35
A_PA	1798	102	T	0	0	102	35
A_PA	1799	104	C	0	0	104	35
A_PA	1800	96	T	0	0	96	35
A_PA	1801	87	T	0	0	87	35
A_PA	1802	104	C	0	0	104	35
A_PA	1803	110	T	0	0	110	35
A_PA	1804	94	G	0	0	94	35
A_PA	1805	95	T	0	0	95	35
A_PA	1806	112	C	0	0	112	35
A_PA	1807	110	A	0	0	110	35
A_PA	1808	110	A	0	0	110	35
A_PA	1809	101	A	0	0	101	35
A_PA	1810	112	G	0	0	112	35
A_PA	1811	90	A	0	0	90	35
A_PA	1812	96	G	0	0	96	35
A_PA	1813	86	A	0	0	86	35
A_PA	1814	96	A	0	0	96	35
A_PA	1815	102	G	0	0	102	35
A_PA	1816	101	G	0	0	101	35
A_PA	1817	93	A	0	0	93	35
A_PA	1818	108	C	0	0	108	35
A_PA	1819	115	A	0	0	115	35
A_PA	1820	85	T	0	0	85	35
A_PA	1821	85	G	0	0	85	35
A_PA	1822	92	T	0	0	92	35
A_PA	1823	97	C	0	0	97	35
A_PA	1824	89	C	0	0	89	35
A_PA	1825	86	A	0	0	86	35
A_PA	1826	89	A	0	0	89	35
A_PA	1827	101	G	0	0	101	35
A_PA	1828	97	G	0	0	97	35
A_PA	1829	108	A	0	0	108	35
A_PA	1830	105	A	0	0	105	35
A_PA	1831	109	T	0	0	109	35
A_PA	1832	108	T	0	0	108	35
A_PA	1833	87	C	0	0	87	35
A_PA	1834	96	T	0	0	96	35
A_PA	1835	90	T	0	0	90	35
A_PA	1836	112	T	0	0	112	35
A_PA	1837	109	G	0	0	109	35
A_PA	1838	93	A	0	0	93	35
A_PA	1839	110	A	0	0	110	35
A_PA	1840	98	A	0	0	98	35
A_PA	1841	94	A	0	0	94	35
A_PA	1842	103	C	0	0	103	35
A_PA	1843	89	A	0	0	89	35
A_PA	1844	97	A	0	0	97	35
A_PA	1845	95	A	0	0	95	35
A_PA	1846	96	T	0	0	96	35
A_PA	1847	100	C	0	0	100	35
A_PA	1848	106	A	0	0	106	35
A_PA	1849	94	G	0	0	94	35
A_PA	1850	92	A	0	0	92	35
A_PA	1851	110	A	0	0	110	35
A_PA	1852	103	A	0	0	103	35
A_PA	1853	108	C	0	0	108	35
A_PA	1854	94	A	0	0	94	35
A_PA	1855	99	T	0	0	99	35
A_PA	1856	98	G	0	0	98	35
A_PA	1857	101	G	0	0	101	35
A_PA	1858	105	C	0	0	105	35
A_PA	1859	105	C	0	0	105	35
A_PA	1860	112	A	0	0	112	35
A_PA	1861	104	A	0	0	104	35
A_PA	1862	108	T	0	0	108	35
A_PA	1863	93	T	0	0	93	35
A_PA	1864	110	G	0	0	110	35
A_PA	1865	96	G	0	0	96	35
A_PA	1866	92	A	0	0	92	35
A_PA	1867	106	G	0	0	106	35
A_PA	1868	92	A	0	0	92	35
A_PA	1869	86	A	0	0	86	35
A_PA	1870	105	T	0	0	105	35
A_PA	1871	86	C	0	0	86	35
A_PA	1872	103	A	0	0	103	35
A_PA	1873	97	C	0	0	97	35
A_PA	1874	112	C	0	0	112	35
A_PA	1875	102	C	0	0	102	35
A_PA	1876	112	A	0	0	112	35
A_PA	1877	103	A	0	0	103	35
A_PA	1878	85	A	0	0	85	35
A_PA	1879	96	G	0	0	96	35
A_PA	1880	101	G	0	0	101	35
A_PA	1881	99	G	0	0	99	35
A_PA	1882	90	G	0	0	90	35
A_PA	1883	86	T	0	0	86	35
A_PA	1884	98	G	0	0	98	35
A_PA	1885	109	G	0	0	109	35
A_PA	1886	109	A	0	0	109	35
A_PA	1887	87	G	0	0	87	35
A_PA	1888	87	G	0	0	87	35
A_PA	1889	92	A	0	0	92	35
A_PA	1890	109	A	0	0	109	35
A_PA	1891	93	G	0	0	93	35
A_PA	1892	106	G	0	0	106	35
A_PA	1893	96	C	0	0	96	35
A_PA	1894	105	T	0	0	105	35
A_PA	1895	85	C	0	0	85	35
A_PA	1896	108	T	0	0	108	35
A_PA	1897	88	A	0	0	88	35
A_PA	1898	95	T	0	0	95	35
A_PA	1899	97	T	0	0	97	35
A_PA	1900	86	G	0	0	86	35
A_PA	1901	107	G	0	0	107	35
A_PA	1902	92	G	0	0	92	35
A_PA	1903	115	A	0	0	115	35
A_PA	1904	96	A	0	0	96	35
A_PA	1905	94	A	0	0	94	35
A_PA	1906	87	G	0	0	87	35
A_PA	1907	100	T	0	0	100	35
A_PA	1908	96	A	0	0	96	35
A_PA	1909	95	T	0	0	95	35
A_PA	1910	96	G	0	0	96	35
A_PA	1911	94	C	0	0	94	35
A_PA	1912	104	A	0	0	104	35
A_PA	1913	104	G	0	0	104	35
A_PA	1914	89	A	0	0	89	35
A_PA	1915	98	A	0	0	98	35
A_PA	1916	110	C	0	0	110	35
A_PA	1917	86	A	0	0	86	35
A_PA	1918	107	T	0	0	107	35
A_PA	1919	110	T	0	0	110	35
A_PA	1920	106	G	0	0	106	35
A_PA	1921	114	C	0	0	114	35
A_PA	1922	92	T	0	0	92	35
A_PA	1923	87	A	0	0	87	35
A_PA	1924	98	G	0	0	98	35
A_PA	1925	94	C	0	0	94	35
A_PA	1926	93	A	0	0	93	35
A_PA	1927	89	A	0	0	89	35
A_PA	1928	98	A	0	0	98	35
A_PA	1929	113	G	0	0	113	35
A_PA	1930	96	T	0	0	96	35
A_PA	1931	105	C	0	0	105	35
A_PA	1932	104	T	0	0	104	35
A_PA	1933	86	G	0	0	86	35
A_PA	1934	96	T	0	0	96	35
A_PA	1935	107	G	0	0	107	35
A_PA	1936	99	T	0	0	99	35
A_PA	1937	113	T	0	0	113	35
A_PA	1938	112	C	0	0	112	35
A_PA	1939	108	A	0	0	108	35
A_PA	1940	85	A	0	0	85	35
A_PA	1941	96	C	0	0	96	35
A_PA	1942	87	A	0	0	87	35
A_PA	1943	98	G	0	0	98	35
A_PA	1944	107	C	0	0	107	35
A_PA	1945	115	C	0	0	115	35
A_PA	1946	87	T	0	0	87	35
A_PA	1947	88	A	0	0	88	35
A_PA	1948	115	T	0	0	115	35
A_PA	1949	94	A	0	0	94	35
A_PA	1950	109	T	0	0	109	35
A_PA	1951	87	G	0	0	87	35
A_PA	1952	104	C	0	0	104	35
A_PA	1953	94	A	0	0	94	35
A_PA	1954	102	T	0	0	102	35
A_PA	1955	87	C	0	0	87	35
A_PA	1956	108	T	0	0	108	35
A_PA	1957	85	C	0	0	85	35
A_PA	1958	105	C	0	0	105	35
A_PA	1959	111	A	0	0	111	35
A_PA	1960	99	C	0	0	99	35
A_PA	1961	88	A	0	0	88	35
A_PA	1962	85	A	0	0	85	35
A_PA	1963	110	C	0	0	110	35
A_PA	1964	91	T	0	0	91	35
A_PA	1965	113	C	0	0	113	35
A_PA	1966	100	G	0	0	100	35
A_PA	1967	104	A	0	0	104	35
A_PA	1968	99	G	0	0	99	35
A_PA	1969	87	G	0	0	87	35
A_PA	1970	88	G	0	0	88	35
A_PA	1971	92	G	0	0	92	35
A_PA	1972	108	T	0	0	108	35
A_PA	1973	110	T	0	0	110	35
A_PA	1974	106	T	0	0	106	35
A_PA	1975	89	T	0	0	89	35
A_PA	1976	113	C	0	0	113	35
A_PA	1977	92	A	0	0	92	35
A_PA	1978	107	G	0	0	107	35
A_PA	1979	105	C	0	0	105	35
A_PA	1980	105	T	0	0	105	35
A_PA	1981	107	G	0	0	107	35
A_PA	1982	111	A	0	0	111	35
A_PA	1983	89	A	0	0	89	35
A_PA	1984	109	T	0	0	109	35
A_PA	1985	101	C	0	0	101	35
A_PA	1986	87	A	0	0	87	35
A_PA	1987	108	A	0	0	108	35
A_PA	1988	107	G	0	0	107	35
A_PA	1989	90	A	0	0	90	35
A_PA	1990	100	A	0	0	100	35
A_PA	1991	104	A	0	0	104	35
A_PA	1992	115	A	0	0	115	35
A_PA	1993	99	T	0	0	99	35
A_PA	1994	97	T	0	0	97	35
A_PA	1995	110	G	0	0	110	35
A_PA	1996	90	C	0	0	90	35
A_PA	1997	107	T	0	0	107	35
A_PA	1998	102	T	0	0	102	35
A_PA	1999	111	C	0	0	111	35
A_PA	2000	103	T	0	0	103	35
A_PA	2001	102	C	0	0	102	35
A_PA	2002	104	A	0	0	104	35
A_PA	2003	115	T	0	0	115	35
A_PA	2004	89	T	0	0	89	35
A_PA	2005	94	G	0	0	94	35
A_PA	2006	111	T	0	0	111	35
A_PA	2007	90	T	0	0	90	35
A_PA	2008	97	C	0	0	97	35
A_PA	2009	108	A	0	0	108	35
A_PA	2010	101	G	0	0	101	35
A_PA	2011	93	G	0	0	93	35
A_PA	2012	111	C	0	0	111	35
A_PA	2013	94	A	0	0	94	35
A_PA	2014	94	C	0	0	94	35
A_PA	2015	85	T	0	0	85	35
A_PA	2016	88	T	0	0	88	35
A_PA	2017	86	A	0	0	86	35
A_PA	2018	111	G	0	0	111	35
A_PA	2019	87	G	0	0	87	35
A_PA	2020	114	G	0	0	114	35
A_PA	2021	102	A	0	0	102	35
A_PA	2022	92	C	0	0	92	35
A_PA	2023	88	A	0	0	88	35
A_PA	2024	93	A	0	0	93	35
A_PA	2025	113	C	0	0	113	35
A_PA	2026	96	C	0	0	96	35
A_PA	2027	105	T	0	0	105	35
A_PA	2028	89	G	0	0	89	35
A_PA	2029	91	G	0	0	91	35
A_PA	2030	107	A	0	0	107	35
A_PA	2031	92	A	0	0	92	35
A_PA	2032	85	C	0	0	85	35
A_PA	2033	104	C	0	0	104	35
A_PA	2034	113	T	0	0	113	35
A_PA	2035	104	G	0	0	104	35
A_PA	2036	113	G	0	0	113	35
A_PA	2037	104	A	0	0	104	35
A_PA	2038	91	A	0	0	91	35
A_PA	2039	108	C	0	0	108	35
A_PA	2040	95	C	0	0	95	35
A_PA	2041	110	T	0	0	110	35
A_PA	2042	105	T	0	0	105	35
A_PA	2043	110	C	0	0	110	35
A_PA	2044	90	G	0	0	90	35
A_PA	2045	109	A	0	0	109	35
A_PA	2046	99	T	0	0	99	35
A_PA	2047	86	C	0	0	86	35
A_PA	2048	113	T	0	0	113	35
A_PA	2049	108	T	0	0	108	35
A_PA	2050	90	G	0	0	90	35
A_PA	2051	96	G	0	0	96	35
A_PA	2052	99	G	0	0	99	35
A_PA	2053	98	G	0	0	98	35
A_PA	2054	87	G	0	0	87	35
A_PA	2055	109	G	0	0	109	35
A_PA	2056	90	C	0	0	90	35
A_PA	2057	93	T	0	0	93	35
A_PA	2058	88	A	0	0	88	35
A_PA	2059	95	T	0	0	95	35
A_PA	2060	95	A	0	0	95	35
A_PA	2061	104	T	0	0	104	35
A_PA	2062	100	G	0	0	100	35
A_PA	2063	91	A	0	0	91	35
A_PA	2064	90	A	0	0	90	35
A_PA	2065	115	G	0	0	115	35
A_PA	2066	96	C	0	0	96	35
A_PA	2067	104	A	0	0	104	35
A_PA	2068	90	A	0	0	90	35
A_PA	2069	93	T	0	0	93	35
A_PA	2070	103	T	0	0	103	35
A_PA	2071	96	G	0	0	96	35
A_PA	2072	104	A	0	0	104	35
A_PA	2073	99	G	0	0	99	35
A_PA	2074	102	G	0	0	102	35
A_PA	2075	102	A	0	0	102	35
A_PA	2076	115	G	0	0	115	35
A_PA	2077	115	T	0	0	115	35
A_PA	2078	102	G	0	0	102	35
A_PA	2079	102	C	0	0	102	35
A_PA	2080	97	C	0	0	97	35
A_PA	2081	99	T	0	0	99	35
A_PA	2082	94	G	0	0	94	35
A_PA	2083	115	A	0	0	115	35
A_PA	2084	108	T	0	0	108	35
A_PA	2085	108	T	0	0	108	35
A_PA	2086	90	A	0	0	90	35
A_PA	2087	103	A	0	0	103	35
A_PA	2088	111	C	0	0	111	35
A_PA	2089	109	G	0	0	109	35
A_PA	2090	93	A	0	0	93	35
A_PA	2091	101	T	0	0	101	35
A_PA	2092	89	C	0	0	89	35
A_PA	2093	86	C	0	0	86	35
A_PA	2094	89	C	0	0	89	35
A_PA	2095	92	T	0	0	92	35
A_PA	2096	110	G	0	0	110	35
A_PA	2097	112	G	0	0	112	35
A_PA	2098	105	G	0	0	105	35
A_PA	2099	110	T	0	0	110	35
A_PA	2100	109	T	0	0	109	35
A_PA	2101	111	T	0	0	111	35
A_PA	2102	86	T	0	0	86	35
A_PA	2103	89	G	0	0	89	35
A_PA	2104	98	C	0	0	98	35
A_PA	2105	88	T	0	0	88	35
A_PA	2106	99	T	0	0	99	35
A_PA	2107	92	A	0	0	92	35
A_PA	2108	94	A	0	0	94	35
A_PA	2109	112	T	0	0	112	35
A_PA	2110	91	G	0	0	91	35
A_PA	2111	103	C	0	0	103	35
A_PA	2112	111	A	0	0	111	35
A_PA	2113	113	T	0	0	113	35
A_PA	2114	106	C	0	0	106	35
A_PA	2115	100	T	0	0	100	35
A_PA	2116	97	T	0	0	97	35
A_PA	2117	88	G	0	0	88	35
A_PA	2118	101	G	0	0	101	35
A_PA	2119	111	T	0	0	111	35
A_PA	2120	102	T	0	0	102	35
A_PA	2121	85	C	0	0	85	35
A_PA	2122	104	A	0	0	104	35
A_PA	2123	93	A	0	0	93	35
A_PA	2124	113	C	0	0	113	35
A_PA	2125	108	T	0	0	108	35
A_PA	2126	91	C	0	0	91	35
A_PA	2127	100	C	0	0	100	35
A_PA	2128	114	T	0	0	114	35
A_PA	2129	94	T	0	0	94	35
A_PA	2130	114	C	0	0	114	35
A_PA	2131	111	C	0	0	111	35
A_PA	2132	99	T	0	0	99	35
A_PA	2133	106	C	0	0	106	35
A_PA	2134	99	A	0	0	99	35
A_PA	2135	114	C	0	0	114	35
A_PA	2136	97	A	0	0	97	35
A_PA	2137	111	C	0	0	111	35
A_PA	2138	85	A	0	0	85	35
A_PA	2139	105	T	0	0	105	35
A_PA	2140	115	G	0	0	115	35
A_PA	2141	110	C	0	0	110	35
A_PA	2142	93	A	0	0	93	35
A_PA	2143	101	C	0	0	101	35
A_PA	2144	101	T	0	0	101	35
A_PA	2145	96	G	0	0	96	35
A_PA	2146	92	A	0	0	92	35
A_PA	2147	114	A	0	0	114	35
A_PA	2148	86	A	0	0	86	35
A_PA	2149	94	T	0	0	94	35
A_PA	2150	114	A	0	0	114	35
A_PA	2151	95	G	0	0	95	35
