Reference_Name	Position	Coverage Depth	Consensus	Deletions	Ambiguous	Consensus_Count	Consensus_Average_Quality
A_PB1	1	113	A	0	0	113	35
A_PB1	2	93	T	0	0	93	35
A_PB1	3	85	G	0	0	85	35
A_PB1	4	104	G	0	0	104	35
A_PB1	5	108	A	0	0	108	35
A_PB1	6	107	T	0	0	107	35
A_PB1	7	105	G	0	0	105	35
A_PB1	8	94	T	0	0	94	35
A_PB1	9	96	C	0	0	96	35
A_PB1	10	98	A	0	0	98	35
A_PB1	11	90	A	0	0	90	35
A_PB1	12	94	T	0	0	94	35
A_PB1	13	90	C	0	0	90	35
A_PB1	14	110	C	0	0	110	35
A_PB1	15	95	G	0	0	95	35
A_PB1	16	97	A	0	0	97	35
A_PB1	17	105	C	0	0	105	35
A_PB1	18	89	T	0	0	89	35
A_PB1	19	114	T	0	0	114	35
A_PB1	20	85	T	0	0	85	35
A_PB1	21	103	A	0	0	103	35
A_PB1	22	100	C	0	0	100	35
A_PB1	23	103	T	0	0	103	35
A_PB1	24	112	T	0	0	112	35
A_PB1	25	87	T	0	0	87	35
A_PB1	26	110	T	0	0	110	35
A_PB1	27	90	C	0	0	90	35
A_PB1	28	109	T	0	0	109	35
A_PB1	29	106	T	0	0	106	35
A_PB1	30	108	G	0	0	108	35
A_PB1	31	109	A	0	0	109	35
A_PB1	32	106	A	0	0	106	35
A_PB1	33	94	A	0	0	94	35
A_PB1	34	101	G	0	0	101	35
A_PB1	35	106	T	0	0	106	35
A_PB1	36	85	T	0	0	85	35
A_PB1	37	105	C	0	0	105	35
A_PB1	38	109	C	0	0	109	35
A_PB1	39	100	A	0	0	100	35
A_PB1	40	85	G	0	0	85	35
A_PB1	41	94	C	0	0	94	35
A_PB1	42	97	G	0	0	97	35
A_PB1	43	102	C	0	0	102	35
A_PB1	44	113	A	0	0	113	35
A_PB1	45	106	A	0	0	106	35
A_PB1	46	107	A	0	0	107	35
A_PB1	47	108	A	0	0	108	35
A_PB1	48	105	T	0	0	105	35
A_PB1	49	87	G	0	0	87	35
A_PB1	50	87	C	0	0	87	35
A_PB1	51	93	C	0	0	93	35
A_PB1	52	105	A	0	0	105	35
A_PB1	53	96	T	0	0	96	35
A_PB1	54	115	A	0	0	115	35
A_PB1	55	93	A	0	0	93	35
A_PB1	56	114	G	0	0	114	35
A_PB1	57	115	C	0	0	115	35
A_PB1	58	104	A	0	0	104	35
A_PB1	59	97	C	0	0	97	35
A_PB1	60	91	C	0	0	91	35
A_PB1	61	85	A	0	0	85	35
A_PB1	62	98	C	0	0	98	35
A_PB1	63	110	A	0	0	110	35
A_PB1	64	100	T	0	0	100	35
A_PB1	65	99	T	0	0	99	35
A_PB1	66	91	C	0	0	91	35
A_PB1	67	106	C	0	0	106	35
A_PB1	68	105	C	0	0	105	35
A_PB1	69	103	G	0	0	103	35
A_PB1	70	98	T	0	0	98	35
A_PB1	71	114	A	0	0	114	35
A_PB1	72	93	T	0	0	93	35
A_PB1	73	112	A	0	0	112	35
A_PB1	74	97	C	0	0	97	35
A_PB1	75	92	T	0	0	92	35
A_PB1	76	98	G	0	0	98	35
A_PB1	77	107	G	0	0	107	35
A_PB1	78	86	A	0	0	86	35
A_PB1	79	106	G	0	0	106	35
A_PB1	80	107	A	0	0	107	35
A_PB1	81	104	T	0	0	104	35
A_PB1	82	104	C	0	0	104	35
A_PB1	83	104	C	0	0	104	35
A_PB1	84	105	T	0	0	105	35
A_PB1	85	92	C	0	0	92	35
A_PB1	86	85	C	0	0	85	35
A_PB1	87	105	A	0	0	105	35
A_PB1	88	86	T	0	0	86	35
A_PB1	89	97	A	0	0	97	35
A_PB1	90	98	C	0	0	98	35
A_PB1	91	113	A	0	0	113	35
A_PB1	92	85	G	0	0	85	35
A_PB1	93	114	C	0	0	114	35
A_PB1	94	110	C	0	0	110	35
A_PB1	95	90	A	0	0	90	35
A_PB1	96	114	T	0	0	114	35
A_PB1	97	89	G	0	0	89	35
A_PB1	98	113	G	0	0	113	35
A_PB1	99	105	A	0	0	105	35
A_PB1	100	113	A	0	0	113	35
A_PB1	101	89	C	0	0	89	35
A_PB1	102	108	A	0	0	108	35
A_PB1	103	98	G	0	0	98	35
A_PB1	104	90	G	0	0	90	35
A_PB1	105	110	A	0	0	110	35
A_PB1	106	98	A	0	0	98	35
A_PB1	107	90	C	0	0	90	35
A_PB1	108	106	A	0	0	106	35
A_PB1	109	93	G	0	0	93	35
A_PB1	110	104	G	0	0	104	35
A_PB1	111	113	A	0	0	113	35
A_PB1	112	86	T	0	0	86	35
A_PB1	113	98	A	0	0	98	35
A_PB1	114	89	T	0	0	89	35
A_PB1	115	98	A	0	0	98	35
A_PB1	116	110	C	0	0	110	35
A_PB1	117	112	C	0	0	112	35
A_PB1	118	112	A	0	0	112	35
A_PB1	119	104	T	0	0	104	35
A_PB1	120	98	G	0	0	98	35
A_PB1	121	100	G	0	0	100	35
A_PB1	122	85	A	0	0	85	35
A_PB1	123	104	C	0	0	104	35
A_PB1	124	113	A	0	0	113	35
A_PB1	125	88	C	0	0	88	35
A_PB1	126	95	A	0	0	95	35
A_PB1	127	102	G	0	0	102	35
A_PB1	128	88	T	0	0	88	35
A_PB1	129	98	T	0	0	98	35
A_PB1	130	102	A	0	0	102	35
A_PB1	131	108	A	0	0	108	35
A_PB1	132	101	C	0	0	101	35
A_PB1	133	100	A	0	0	100	35
A_PB1	134	106	G	0	0	106	35
A_PB1	135	91	A	0	0	91	35
A_PB1	136	108	A	0	0	108	35
A_PB1	137	94	C	0	0	94	35
A_PB1	138	88	A	0	0	88	35
A_PB1	139	104	C	0	0	104	35
A_PB1	140	100	A	0	0	100	35
A_PB1	141	107	T	0	0	107	35
A_PB1	142	105	C	0	0	105	35
A_PB1	143	93	A	0	0	93	35
A_PB1	144	92	G	0	0	92	35
A_PB1	145	96	T	0	0	96	35
A_PB1	146	107	A	0	0	107	35
A_PB1	147	102	T	0	0	102	35
A_PB1	148	113	T	0	0	113	35
A_PB1	149	107	C	0	0	107	35
A_PB1	150	109	A	0	0	109	35
A_PB1	151	87	G	0	0	87	35
A_PB1	152	97	A	0	0	97	35
A_PB1	153	85	A	0	0	85	35
A_PB1	154	93	A	0	0	93	35
A_PB1	155	111	A	0	0	111	35
A_PB1	156	106	A	0	0	106	35
A_PB1	157	93	G	0	0	93	35
A_PB1	158	106	G	0	0	106	35
A_PB1	159	111	G	0	0	111	35
A_PB1	160	101	A	0	0	101	35
A_PB1	161	109	A	0	0	109	35
A_PB1	162	114	A	0	0	114	35
A_PB1	163	108	T	0	0	108	35
A_PB1	164	100	G	0	0	100	35
A_PB1	165	105	G	0	0	105	35
A_PB1	166	102	A	0	0	102	35
A_PB1	167	97	C	0	0	97	35
A_PB1	168	95	A	0	0	95	35
A_PB1	169	112	A	0	0	112	35
A_PB1	170	93	C	0	0	93	35
A_PB1	171	92	A	0	0	92	35
A_PB1	172	101	A	0	0	101	35
A_PB1	173	89	A	0	0	89	35
A_PB1	174	115	C	0	0	115	35
A_PB1	175	91	T	0	0	91	35
A_PB1	176	99	C	0	0	99	35
A_PB1	177	92	A	0	0	92	35
A_PB1	178	115	G	0	0	115	35
A_PB1	179	113	A	0	0	113	35
A_PB1	180	101	A	0	0	101	35
A_PB1	181	112	A	0	0	112	35
A_PB1	182	88	C	0	0	88	35
A_PB1	183	85	T	0	0	85	35
A_PB1	184	92	G	0	0	92	35
A_PB1	185	101	G	0	0	101	35
A_PB1	186	115	A	0	0	115	35
A_PB1	187	109	G	0	0	109	35
A_PB1	188	101	C	0	0	101	35
A_PB1	189	102	A	0	0	102	35
A_PB1	190	103	C	0	0	103	35
A_PB1	191	101	C	0	0	101	35
A_PB1	192	106	T	0	0	106	35
A_PB1	193	91	C	0	0	91	35
A_PB1	194	87	A	0	0	87	35
A_PB1	195	96	A	0	0	96	35
A_PB1	196	90	C	0	0	90	35
A_PB1	197	103	T	0	0	103	35
A_PB1	198	98	C	0	0	98	35
A_PB1	199	97	A	0	0	97	35
A_PB1	200	110	A	0	0	110	35
A_PB1	201	91	T	0	0	91	35
A_PB1	202	86	C	0	0	86	35
A_PB1	203	114	C	0	0	114	35
A_PB1	204	105	A	0	0	105	35
A_PB1	205	97	A	0	0	97	35
A_PB1	206	103	T	0	0	103	35
A_PB1	207	96	T	0	0	96	35
A_PB1	208	115	G	0	0	115	35
A_PB1	209	88	A	0	0	88	35
A_PB1	210	108	T	0	0	108	35
A_PB1	211	106	G	0	0	106	35
A_PB1	212	111	G	0	0	111	35
A_PB1	213	109	A	0	0	109	35
A_PB1	214	102	C	0	0	102	35
A_PB1	215	99	C	0	0	99	35
A_PB1	216	99	A	0	0	99	35
A_PB1	217	110	T	0	0	110	35
A_PB1	218	98	T	0	0	98	35
A_PB1	219	92	G	0	0	92	35
A_PB1	220	102	C	0	0	102	35
A_PB1	221	87	C	0	0	87	35
A_PB1	222	110	T	0	0	110	35
A_PB1	223	85	G	0	0	85	35
A_PB1	224	96	A	0	0	96	35
A_PB1	225	104	G	0	0	104	35
A_PB1	226	101	G	0	0	101	35
A_PB1	227	113	A	0	0	113	35
A_PB1	228	89	C	0	0	89	35
A_PB1	229	107	A	0	0	107	35
A_PB1	230	109	A	0	0	109	35
A_PB1	231	109	T	0	0	109	35
A_PB1	232	107	G	0	0	107	35
A_PB1	233	104	A	0	0	104	35
A_PB1	234	96	A	0	0	96	35
A_PB1	235	88	C	0	0	88	35
A_PB1	236	99	C	0	0	99	35
A_PB1	237	104	A	0	0	104	35
A_PB1	238	113	A	0	0	113	35
A_PB1	239	92	G	0	0	92	35
A_PB1	240	94	T	0	0	94	35
A_PB1	241	90	G	0	0	90	35
A_PB1	242	114	G	0	0	114	35
A_PB1	243	93	G	0	0	93	35
A_PB1	244	88	T	0	0	88	35
A_PB1	245	110	A	0	0	110	35
A_PB1	246	97	T	0	0	97	35
A_PB1	247	93	G	0	0	93	35
A_PB1	248	100	C	0	0	100	35
A_PB1	249	94	A	0	0	94	35
A_PB1	250	100	C	0	0	100	35
A_PB1	251	93	A	0	0	93	35
A_PB1	252	115	A	0	0	115	35
A_PB1	253	109	A	0	0	109	35
A_PB1	254	98	C	0	0	98	35
A_PB1	255	87	G	0	0	87	35
A_PB1	256	97	G	0	0	97	35
A_PB1	257	109	A	0	0	109	35
A_PB1	258	111	C	0	0	111	35
A_PB1	259	87	T	0	0	87	35
A_PB1	260	103	G	0	0	103	35
A_PB1	261	93	T	0	0	93	35
A_PB1	262	99	G	0	0	99	35
A_PB1	263	115	T	0	0	115	35
A_PB1	264	103	C	0	0	103	35
A_PB1	265	102	C	0	0	102	35
A_PB1	266	110	T	0	0	110	35
A_PB1	267	102	T	0	0	102	35
A_PB1	268	88	G	0	0	88	35
A_PB1	269	115	A	0	0	115	35
A_PB1	270	102	A	0	0	102	35
A_PB1	271	95	G	0	0	95	35
A_PB1	272	104	C	0	0	104	35
A_PB1	273	102	A	0	0	102	35
A_PB1	274	95	A	0	0	95	35
A_PB1	275	109	T	0	0	109	35
A_PB1	276	112	G	0	0	112	35
A_PB1	277	93	G	0	0	93	35
A_PB1	278	102	C	0	0	102	35
A_PB1	279	113	T	0	0	113	35
A_PB1	280	88	T	0	0	88	35
A_PB1	281	106	T	0	0	106	35
A_PB1	282	109	C	0	0	109	35
A_PB1	283	115	C	0	0	115	35
A_PB1	284	105	T	0	0	105	35
A_PB1	285	97	T	0	0	97	35
A_PB1	286	95	G	0	0	95	35
A_PB1	287	90	A	0	0	90	35
A_PB1	288	96	A	0	0	96	35
A_PB1	289	102	G	0	0	102	35
A_PB1	290	90	A	0	0	90	35
A_PB1	291	86	G	0	0	86	35
A_PB1	292	115	T	0	0	115	35
A_PB1	293	100	C	0	0	100	35
A_PB1	294	99	C	0	0	99	35
A_PB1	295	91	C	0	0	91	35
A_PB1	296	114	A	0	0	114	35
A_PB1	297	113	C	0	0	113	35
A_PB1	298	93	C	0	0	93	35
A_PB1	299	110	C	0	0	110	35
A_PB1	300	110	A	0	0	110	35
A_PB1	301	91	G	0	0	91	35
A_PB1	302	109	G	0	0	109	35
A_PB1	303	100	A	0	0	100	35
A_PB1	304	108	A	0	0	108	35
A_PB1	305	85	T	0	0	85	35
A_PB1	306	87	C	0	0	87	35
A_PB1	307	115	T	0	0	115	35
A_PB1	308	112	T	0	0	112	35
A_PB1	309	103	T	0	0	103	35
A_PB1	310	110	G	0	0	110	35
A_PB1	311	99	A	0	0	99	35
A_PB1	312	99	A	0	0	99	35
A_PB1	313	115	A	0	0	115	35
A_PB1	314	96	A	0	0	96	35
A_PB1	315	106	C	0	0	106	35
A_PB1	316	86	T	0	0	86	35
A_PB1	317	85	C	0	0	85	35
A_PB1	318	110	G	0	0	110	35
A_PB1	319	96	T	0	0	96	35
A_PB1	320	114	G	0	0	114	35
A_PB1	321	106	T	0	0	106	35
A_PB1	322	99	C	0	0	99	35
A_PB1	323	102	T	0	0	102	35
A_PB1	324	104	T	0	0	104	35
A_PB1	325	94	G	0	0	94	35
A_PB1	326	101	A	0	0	101	35
A_PB1	327	92	A	0	0	92	35
A_PB1	328	109	A	0	0	109	35
A_PB1	329	114	C	0	0	114	35
A_PB1	330	99	G	0	0	99	35
A_PB1	331	115	A	0	0	115	35
A_PB1	332	109	T	0	0	109	35
A_PB1	333	95	G	0	0	95	35
A_PB1	334	85	G	0	0	85	35
A_PB1	335	114	A	0	0	114	35
A_PB1	336	89	A	0	0	89	35
A_PB1	337	94	G	0	0	94	35
A_PB1	338	86	T	0	0	86	35
A_PB1	339	115	T	0	0	115	35
A_PB1	340	98	G	0	0	98	35
A_PB1	341	94	T	0	0	94	35
A_PB1	342	108	T	0	0	108	35
A_PB1	343	98	C	0	0	98	35
A_PB1	344	91	A	0	0	91	35
A_PB1	345	103	A	0	0	103	35
A_PB1	346	98	C	0	0	98	35
A_PB1	347	111	A	0	0	111	35
A_PB1	348	85	A	0	0	85	35
A_PB1	349	89	A	0	0	89	35
A_PB1	350	110	C	0	0	110	35
A_PB1	351	94	A	0	0	94	35
A_PB1	352	114	A	0	0	114	35
A_PB1	353	102	G	0	0	102	35
A_PB1	354	99	A	0	0	99	35
A_PB1	355	94	G	0	0	94	35
A_PB1	356	112	T	0	0	112	35
A_PB1	357	111	G	0	0	111	35
A_PB1	358	92	G	0	0	92	35
A_PB1	359	115	A	0	0	115	35
A_PB1	360	101	C	0	0	101	35
A_PB1	361	86	A	0	0	86	35
A_PB1	362	86	A	0	0	86	35
A_PB1	363	100	G	0	0	100	35
A_PB1	364	89	T	0	0	89	35
A_PB1	365	102	T	0	0	102	35
A_PB1	366	105	G	0	0	105	35
A_PB1	367	101	A	0	0	101	35
A_PB1	368	102	C	0	0	102	35
A_PB1	369	94	C	0	0	94	35
A_PB1	370	95	C	0	0	95	35
A_PB1	371	88	A	0	0	88	35
A_PB1	372	105	A	0	0	105	35
A_PB1	373	90	G	0	0	90	35
A_PB1	374	114	G	0	0	114	35
A_PB1	375	87	C	0	0	87	35
A_PB1	376	113	C	0	0	113	35
A_PB1	377	106	G	0	0	106	35
A_PB1	378	102	T	0	0	102	35
A_PB1	379	97	C	0	0	97	35
A_PB1	380	103	A	0	0	103	35
A_PB1	381	100	G	0	0	100	35
A_PB1	382	87	A	0	0	87	35
A_PB1	383	91	C	0	0	91	35
A_PB1	384	91	C	0	0	91	35
A_PB1	385	106	T	0	0	106	35
A_PB1	386	85	A	0	0	85	35
A_PB1	387	113	T	0	0	113	35
A_PB1	388	107	G	0	0	107	35
A_PB1	389	103	A	0	0	103	35
A_PB1	390	91	T	0	0	91	35
A_PB1	391	86	T	0	0	86	35
A_PB1	392	102	G	0	0	102	35
A_PB1	393	102	G	0	0	102	35
A_PB1	394	111	A	0	0	111	35
A_PB1	395	91	C	0	0	91	35
A_PB1	396	96	G	0	0	96	35
A_PB1	397	96	T	0	0	96	35
A_PB1	398	93	T	0	0	93	35
A_PB1	399	111	A	0	0	111	35
A_PB1	400	98	A	0	0	98	35
A_PB1	401	104	A	0	0	104	35
A_PB1	402	103	C	0	0	103	35
A_PB1	403	111	A	0	0	111	35
A_PB1	404	104	G	0	0	104	35
A_PB1	405	113	G	0	0	113	35
A_PB1	406	108	A	0	0	108	35
A_PB1	407	95	A	0	0	95	35
A_PB1	408	95	T	0	0	95	35
A_PB1	409	93	C	0	0	93	35
A_PB1	410	96	A	0	0	96	35
A_PB1	411	101	G	0	0	101	35
A_PB1	412	99	C	0	0	99	35
A_PB1	413	101	C	0	0	101	35
A_PB1	414	95	G	0	0	95	35
A_PB1	415	103	G	0	0	103	35
A_PB1	416	104	C	0	0	104	35
A_PB1	417	113	T	0	0	113	35
A_PB1	418	99	G	0	0	99	35
A_PB1	419	106	C	0	0	106	35
A_PB1	420	110	A	0	0	110	35
A_PB1	421	109	A	0	0	109	35
A_PB1	422	110	C	0	0	110	35
A_PB1	423	97	T	0	0	97	35
A_PB1	424	86	G	0	0	86	35
A_PB1	425	99	C	0	0	99	35
A_PB1	426	88	A	0	0	88	35
A_PB1	427	110	T	0	0	110	35
A_PB1	428	114	T	0	0	114	35
A_PB1	429	88	A	0	0	88	35
A_PB1	430	97	G	0	0	97	35
A_PB1	431	104	C	0	0	104	35
A_PB1	432	92	T	0	0	92	35
A_PB1	433	101	A	0	0	101	35
A_PB1	434	111	A	0	0	111	35
A_PB1	435	113	T	0	0	113	35
A_PB1	436	112	A	0	0	112	35
A_PB1	437	87	C	0	0	87	35
A_PB1	438	111	T	0	0	111	35
A_PB1	439	99	A	0	0	99	35
A_PB1	440	86	T	0	0	86	35
A_PB1	441	89	A	0	0	89	35
A_PB1	442	109	G	0	0	109	35
A_PB1	443	95	A	0	0	95	35
A_PB1	444	103	G	0	0	103	35
A_PB1	445	105	G	0	0	105	35
A_PB1	446	107	T	0	0	107	35
A_PB1	447	96	C	0	0	96	35
A_PB1	448	96	T	0	0	96	35
A_PB1	449	112	T	0	0	112	35
A_PB1	450	104	C	0	0	104	35
A_PB1	451	115	A	0	0	115	35
A_PB1	452	112	G	0	0	112	35
A_PB1	453	107	A	0	0	107	35
A_PB1	454	88	T	0	0	88	35
A_PB1	455	92	C	0	0	92	35
A_PB1	456	87	T	0	0	87	35
A_PB1	457	96	A	0	0	96	35
A_PB1	458	102	A	0	0	102	35
A_PB1	459	110	C	0	0	110	35
A_PB1	460	88	G	0	0	88	35
A_PB1	461	107	G	0	0	107	35
A_PB1	462	108	C	0	0	108	35
A_PB1	463	111	C	0	0	111	35
A_PB1	464	99	T	0	0	99	35
A_PB1	465	99	C	0	0	99	35
A_PB1	466	107	A	0	0	107	35
A_PB1	467	86	C	0	0	86	35
A_PB1	468	106	A	0	0	106	35
A_PB1	469	114	G	0	0	114	35
A_PB1	470	97	C	0	0	97	35
A_PB1	471	103	C	0	0	103	35
A_PB1	472	86	A	0	0	86	35
A_PB1	473	112	A	0	0	112	35
A_PB1	474	99	T	0	0	99	35
A_PB1	475	100	G	0	0	100	35
A_PB1	476	109	A	0	0	109	35
A_PB1	477	99	A	0	0	99	35
A_PB1	478	94	T	0	0	94	35
A_PB1	479	93	C	0	0	93	35
A_PB1	480	88	A	0	0	88	35
A_PB1	481	85	G	0	0	85	35
A_PB1	482	92	G	0	0	92	35
A_PB1	483	104	A	0	0	104	35
A_PB1	484	109	A	0	0	109	35
A_PB1	485	89	G	0	0	89	35
A_PB1	486	101	G	0	0	101	35
A_PB1	487	106	C	0	0	106	35
A_PB1	488	92	T	0	0	92	35
A_PB1	489	101	A	0	0	101	35
A_PB1	490	109	A	0	0	109	35
A_PB1	491	114	T	0	0	114	35
A_PB1	492	89	A	0	0	89	35
A_PB1	493	92	G	0	0	92	35
A_PB1	494	93	A	0	0	93	35
A_PB1	495	93	T	0	0	93	35
A_PB1	496	111	T	0	0	111	35
A_PB1	497	96	T	0	0	96	35
A_PB1	498	115	T	0	0	115	35
A_PB1	499	111	C	0	0	111	35
A_PB1	500	88	T	0	0	88	35
A_PB1	501	94	C	0	0	94	35
A_PB1	502	91	A	0	0	91	35
A_PB1	503	96	A	0	0	96	35
A_PB1	504	101	G	0	0	101	35
A_PB1	505	103	G	0	0	103	35
A_PB1	506	87	A	0	0	87	35
A_PB1	507	106	T	0	0	106	35
A_PB1	508	115	G	0	0	115	35
A_PB1	509	87	T	0	0	87	35
A_PB1	510	98	G	0	0	98	35
A_PB1	511	113	A	0	0	113	35
A_PB1	512	106	T	0	0	106	35
A_PB1	513	104	G	0	0	104	35
A_PB1	514	100	G	0	0	100	35
A_PB1	515	92	A	0	0	92	35
A_PB1	516	111	A	0	0	111	35
A_PB1	517	110	T	0	0	110	35
A_PB1	518	98	C	0	0	98	35
A_PB1	519	107	A	0	0	107	35
A_PB1	520	109	A	0	0	109	35
A_PB1	521	85	T	0	0	85	35
A_PB1	522	92	G	0	0	92	35
A_PB1	523	94	G	0	0	94	35
A_PB1	524	111	A	0	0	111	35
A_PB1	525	96	T	0	0	96	35
A_PB1	526	110	A	0	0	110	35
A_PB1	527	111	A	0	0	111	35
A_PB1	528	105	G	0	0	105	35
A_PB1	529	101	G	0	0	101	35
A_PB1	530	93	A	0	0	93	35
A_PB1	531	89	G	0	0	89	35
A_PB1	532	98	G	0	0	98	35
A_PB1	533	101	A	0	0	101	35
A_PB1	534	95	A	0	0	95	35
A_PB1	535	114	A	0	0	114	35
A_PB1	536	93	T	0	0	93	35
A_PB1	537	115	G	0	0	115	35
A_PB1	538	104	G	0	0	104	35
A_PB1	539	105	A	0	0	105	35
A_PB1	540	107	A	0	0	107	35
A_PB1	541	101	A	0	0	101	35
A_PB1	542	103	T	0	0	103	35
A_PB1	543	111	A	0	0	111	35
A_PB1	544	112	A	0	0	112	35
A_PB1	545	115	C	0	0	115	35
A_PB1	546	96	A	0	0	96	35
A_PB1	547	114	A	0	0	114	35
A_PB1	548	102	C	0	0	102	35
A_PB1	549	107	G	0	0	107	35
A_PB1	550	97	C	0	0	97	35
A_PB1	551	86	A	0	0	86	35
A_PB1	552	111	T	0	0	111	35
A_PB1	553	114	T	0	0	114	35
A_PB1	554	103	T	0	0	103	35
A_PB1	555	101	C	0	0	101	35
A_PB1	556	90	C	0	0	90	35
A_PB1	557	105	A	0	0	105	35
A_PB1	558	86	A	0	0	86	35
A_PB1	559	100	A	0	0	100	35
A_PB1	560	89	G	0	0	89	35
A_PB1	561	87	G	0	0	87	35
A_PB1	562	110	A	0	0	110	35
A_PB1	563	90	A	0	0	90	35
A_PB1	564	103	A	0	0	103	35
A_PB1	565	100	A	0	0	100	35
A_PB1	566	102	G	0	0	102	35
A_PB1	567	113	A	0	0	113	35
A_PB1	568	89	A	0	0	89	35
A_PB1	569	93	G	0	0	93	35
A_PB1	570	95	A	0	0	95	35
A_PB1	571	98	G	0	0	98	35
A_PB1	572	93	T	0	0	93	35
A_PB1	573	86	G	0	0	86	35
A_PB1	574	98	A	0	0	98	35
A_PB1	575	92	G	0	0	92	35
A_PB1	576	94	A	0	0	94	35
A_PB1	577	115	G	0	0	115	35
A_PB1	578	96	A	0	0	96	35
A_PB1	579	105	C	0	0	105	35
A_PB1	580	87	A	0	0	87	35
A_PB1	581	107	A	0	0	107	35
A_PB1	582	102	C	0	0	102	35
A_PB1	583	112	A	0	0	112	35
A_PB1	584	102	T	0	0	102	35
A_PB1	585	85	G	0	0	85	35
A_PB1	586	86	A	0	0	86	35
A_PB1	587	92	C	0	0	92	35
A_PB1	588	108	C	0	0	108	35
A_PB1	589	114	A	0	0	114	35
A_PB1	590	112	A	0	0	112	35
A_PB1	591	112	G	0	0	112	35
A_PB1	592	114	A	0	0	114	35
A_PB1	593	103	A	0	0	103	35
A_PB1	594	97	A	0	0	97	35
A_PB1	595	103	A	0	0	103	35
A_PB1	596	111	T	0	0	111	35
A_PB1	597	87	G	0	0	87	35
A_PB1	598	94	G	0	0	94	35
A_PB1	599	100	T	0	0	100	35
A_PB1	600	93	C	0	0	93	35
A_PB1	601	95	A	0	0	95	35
A_PB1	602	87	C	0	0	87	35
A_PB1	603	87	A	0	0	87	35
A_PB1	604	113	C	0	0	113	35
A_PB1	605	93	A	0	0	93	35
A_PB1	606	115	A	0	0	115	35
A_PB1	607	100	A	0	0	100	35
A_PB1	608	94	G	0	0	94	35
A_PB1	609	86	G	0	0	86	35
A_PB1	610	94	A	0	0	94	35
A_PB1	611	91	C	0	0	91	35
A_PB1	612	91	A	0	0	91	35
A_PB1	613	98	A	0	0	98	35
A_PB1	614	88	T	0	0	88	35
A_PB1	615	98	A	0	0	98	35
A_PB1	616	105	G	0	0	105	35
A_PB1	617	101	G	0	0	101	35
A_PB1	618	98	A	0	0	98	35
A_PB1	619	86	A	0	0	86	35
A_PB1	620	90	A	0	0	90	35
A_PB1	621	90	G	0	0	90	35
A_PB1	622	85	A	0	0	85	35
A_PB1	623	104	A	0	0	104	35
A_PB1	624	103	G	0	0	103	35
A_PB1	625	111	A	0	0	111	35
A_PB1	626	107	A	0	0	107	35
A_PB1	627	109	A	0	0	109	35
A_PB1	628	88	C	0	0	88	35
A_PB1	629	87	A	0	0	87	35
A_PB1	630	99	G	0	0	99	35
A_PB1	631	112	A	0	0	112	35
A_PB1	632	97	G	0	0	97	35
A_PB1	633	87	G	0	0	87	35
A_PB1	634	102	C	0	0	102	35
A_PB1	635	106	T	0	0	106	35
A_PB1	636	89	A	0	0	89	35
A_PB1	637	112	A	0	0	112	35
A_PB1	638	111	A	0	0	111	35
A_PB1	639	87	T	0	0	87	35
A_PB1	640	85	A	0	0	85	35
A_PB1	641	110	A	0	0	110	35
A_PB1	642	99	A	0	0	99	35
A_PB1	643	105	A	0	0	105	35
A_PB1	644	103	A	0	0	103	35
A_PB1	645	99	G	0	0	99	35
A_PB1	646	86	A	0	0	86	35
A_PB1	647	101	G	0	0	101	35
A_PB1	648	95	C	0	0	95	35
A_PB1	649	93	T	0	0	93	35
A_PB1	650	89	A	0	0	89	35
A_PB1	651	104	T	0	0	104	35
A_PB1	652	94	C	0	0	94	35
A_PB1	653	90	T	0	0	90	35
A_PB1	654	88	A	0	0	88	35
A_PB1	655	93	A	0	0	93	35
A_PB1	656	101	T	0	0	101	35
A_PB1	657	106	A	0	0	106	35
A_PB1	658	99	A	0	0	99	35
A_PB1	659	114	G	0	0	114	35
A_PB1	660	110	A	0	0	110	35
A_PB1	661	101	G	0	0	101	35
A_PB1	662	87	C	0	0	87	35
A_PB1	663	95	A	0	0	95	35
A_PB1	664	95	T	0	0	95	35
A_PB1	665	113	T	0	0	113	35
A_PB1	666	111	G	0	0	111	35
A_PB1	667	95	A	0	0	95	35
A_PB1	668	86	C	0	0	86	35
A_PB1	669	88	A	0	0	88	35
A_PB1	670	97	C	0	0	97	35
A_PB1	671	90	T	0	0	90	35
A_PB1	672	98	G	0	0	98	35
A_PB1	673	91	A	0	0	91	35
A_PB1	674	99	A	0	0	99	35
A_PB1	675	92	C	0	0	92	35
A_PB1	676	110	A	0	0	110	35
A_PB1	677	105	C	0	0	105	35
A_PB1	678	85	G	0	0	85	35
A_PB1	679	112	A	0	0	112	35
A_PB1	680	92	T	0	0	92	35
A_PB1	681	87	G	0	0	87	35
A_PB1	682	101	A	0	0	101	35
A_PB1	683	109	C	0	0	109	35
A_PB1	684	88	A	0	0	88	35
A_PB1	685	105	A	0	0	105	35
A_PB1	686	86	A	0	0	86	35
A_PB1	687	107	A	0	0	107	35
A_PB1	688	104	G	0	0	104	35
A_PB1	689	111	A	0	0	111	35
A_PB1	690	95	C	0	0	95	35
A_PB1	691	87	G	0	0	87	35
A_PB1	692	114	C	0	0	114	35
A_PB1	693	107	C	0	0	107	35
A_PB1	694	105	G	0	0	105	35
A_PB1	695	101	A	0	0	101	35
A_PB1	696	113	A	0	0	113	35
A_PB1	697	91	A	0	0	91	35
A_PB1	698	90	G	0	0	90	35
A_PB1	699	90	A	0	0	90	35
A_PB1	700	97	G	0	0	97	35
A_PB1	701	96	G	0	0	96	35
A_PB1	702	86	C	0	0	86	35
A_PB1	703	99	A	0	0	99	35
A_PB1	704	101	A	0	0	101	35
A_PB1	705	111	A	0	0	111	35
A_PB1	706	92	T	0	0	92	35
A_PB1	707	113	T	0	0	113	35
A_PB1	708	102	A	0	0	102	35
A_PB1	709	102	A	0	0	102	35
A_PB1	710	113	A	0	0	113	35
A_PB1	711	92	A	0	0	92	35
A_PB1	712	98	A	0	0	98	35
A_PB1	713	115	G	0	0	115	35
A_PB1	714	95	A	0	0	95	35
A_PB1	715	101	A	0	0	101	35
A_PB1	716	114	G	0	0	114	35
A_PB1	717	88	G	0	0	88	35
A_PB1	718	109	G	0	0	109	35
A_PB1	719	109	C	0	0	109	35
A_PB1	720	112	A	0	0	112	35
A_PB1	721	92	A	0	0	92	35
A_PB1	722	110	T	0	0	110	35
A_PB1	723	103	T	0	0	103	35
A_PB1	724	110	G	0	0	110	35
A_PB1	725	103	C	0	0	103	35
A_PB1	726	104	G	0	0	104	35
A_PB1	727	94	A	0	0	94	35
A_PB1	728	91	C	0	0	91	35
A_PB1	729	92	A	0	0	92	35
A_PB1	730	114	C	0	0	114	35
A_PB1	731	90	C	0	0	90	35
A_PB1	732	111	T	0	0	111	35
A_PB1	733	110	G	0	0	110	35
A_PB1	734	102	G	0	0	102	35
A_PB1	735	100	A	0	0	100	35
A_PB1	736	110	A	0	0	110	35
A_PB1	737	98	T	0	0	98	35
A_PB1	738	107	G	0	0	107	35
A_PB1	739	95	C	0	0	95	35
A_PB1	740	103	A	0	0	103	35
A_PB1	741	111	A	0	0	111	35
A_PB1	742	98	A	0	0	98	35
A_PB1	743	90	T	0	0	90	35
A_PB1	744	95	C	0	0	95	35
A_PB1	745	109	A	0	0	109	35
A_PB1	746	85	G	0	0	85	35
A_PB1	747	109	A	0	0	109	35
A_PB1	748	108	G	0	0	108	35
A_PB1	749	115	G	0	0	115	35
A_PB1	750	110	G	0	0	110	35
A_PB1	751	97	T	0	0	97	35
A_PB1	752	114	T	0	0	114	35
A_PB1	753	94	T	0	0	94	35
A_PB1	754	90	G	0	0	90	35
A_PB1	755	85	T	0	0	85	35
A_PB1	756	108	G	0	0	108	35
A_PB1	757	104	T	0	0	104	35
A_PB1	758	101	A	0	0	101	35
A_PB1	759	87	C	0	0	87	35
A_PB1	760	94	T	0	0	94	35
A_PB1	761	109	T	0	0	109	35
A_PB1	762	96	T	0	0	96	35
A_PB1	763	93	G	0	0	93	35
A_PB1	764	107	T	0	0	107	35
A_PB1	765	99	T	0	0	99	35
A_PB1	766	90	G	0	0	90	35
A_PB1	767	90	A	0	0	90	35
A_PB1	768	105	A	0	0	105	35
A_PB1	769	114	A	0	0	114	35
A_PB1	770	101	C	0	0	101	35
A_PB1	771	98	A	0	0	98	35
A_PB1	772	85	T	0	0	85	35
A_PB1	773	112	T	0	0	112	35
A_PB1	774	97	A	0	0	97	35
A_PB1	775	96	G	0	0	96	35
A_PB1	776	100	C	0	0	100	35
A_PB1	777	89	G	0	0	89	35
A_PB1	778	89	A	0	0	89	35
A_PB1	779	101	G	0	0	101	35
A_PB1	780	98	G	0	0	98	35
A_PB1	781	101	A	0	0	101	35
A_PB1	782	96	G	0	0	96	35
A_PB1	783	115	C	0	0	115	35
A_PB1	784	87	A	0	0	87	35
A_PB1	785	103	T	0	0	103	35
A_PB1	786	110	T	0	0	110	35
A_PB1	787	90	T	0	0	90	35
A_PB1	788	85	G	0	0	85	35
A_PB1	789	85	T	0	0	85	35
A_PB1	790	107	G	0	0	107	35
A_PB1	791	107	A	0	0	107	35
A_PB1	792	108	T	0	0	108	35
A_PB1	793	99	A	0	0	99	35
A_PB1	794	107	A	0	0	107	35
A_PB1	795	114	G	0	0	114	35
A_PB1	796	103	C	0	0	103	35
A_PB1	797	103	T	0	0	103	35
A_PB1	798	110	T	0	0	110	35
A_PB1	799	87	G	0	0	87	35
A_PB1	800	112	A	0	0	112	35
A_PB1	801	98	A	0	0	98	35
A_PB1	802	87	C	0	0	87	35
A_PB1	803	108	A	0	0	108	35
A_PB1	804	89	A	0	0	89	35
A_PB1	805	112	T	0	0	112	35
A_PB1	806	109	C	0	0	109	35
A_PB1	807	85	T	0	0	85	35
A_PB1	808	88	G	0	0	88	35
A_PB1	809	86	G	0	0	86	35
A_PB1	810	114	A	0	0	114	35
A_PB1	811	100	C	0	0	100	35
A_PB1	812	93	T	0	0	93	35
A_PB1	813	85	C	0	0	85	35
A_PB1	814	103	C	0	0	103	35
A_PB1	815	87	C	0	0	87	35
A_PB1	816	107	A	0	0	107	35
A_PB1	817	93	G	0	0	93	35
A_PB1	818	93	T	0	0	93	35
A_PB1	819	85	T	0	0	85	35
A_PB1	820	114	G	0	0	114	35
A_PB1	821	91	G	0	0	91	35
A_PB1	822	102	G	0	0	102	35
A_PB1	823	86	G	0	0	86	35
A_PB1	824	94	G	0	0	94	35
A_PB1	825	113	C	0	0	113	35
A_PB1	826	87	A	0	0	87	35
A_PB1	827	89	A	0	0	89	35
A_PB1	828	86	T	0	0	86	35
A_PB1	829	105	G	0	0	105	35
A_PB1	830	93	A	0	0	93	35
A_PB1	831	94	A	0	0	94	35
A_PB1	832	113	A	0	0	113	35
A_PB1	833	94	A	0	0	94	35
A_PB1	834	110	G	0	0	110	35
A_PB1	835	98	A	0	0	98	35
A_PB1	836	108	A	0	0	108	35
A_PB1	837	94	G	0	0	94	35
A_PB1	838	96	G	0	0	96	35
A_PB1	839	101	C	0	0	101	35
A_PB1	840	100	T	0	0	100	35
A_PB1	841	114	A	0	0	114	35
A_PB1	842	100	A	0	0	100	35
A_PB1	843	113	A	0	0	113	35
A_PB1	844	103	C	0	0	103	35
A_PB1	845	102	T	0	0	102	35
A_PB1	846	113	G	0	0	113	35
A_PB1	847	87	G	0	0	87	35
A_PB1	848	94	C	0	0	94	35
A_PB1	849	96	A	0	0	96	35
A_PB1	850	111	A	0	0	111	35
A_PB1	851	113	A	0	0	113	35
A_PB1	852	111	T	0	0	111	35
A_PB1	853	98	G	0	0	98	35
A_PB1	854	90	T	0	0	90	35
A_PB1	855	102	T	0	0	102	35
A_PB1	856	94	G	0	0	94	35
A_PB1	857	106	T	0	0	106	35
A_PB1	858	102	G	0	0	102	35
A_PB1	859	110	A	0	0	110	35
A_PB1	860	102	G	0	0	102	35
A_PB1	861	99	A	0	0	99	35
A_PB1	862	94	A	0	0	94	35
A_PB1	863	93	A	0	0	93	35
A_PB1	864	107	A	0	0	107	35
A_PB1	865	103	A	0	0	103	35
A_PB1	866	106	T	0	0	106	35
A_PB1	867	105	G	0	0	105	35
A_PB1	868	114	A	0	0	114	35
A_PB1	869	115	T	0	0	115	35
A_PB1	870	105	G	0	0	105	35
A_PB1	871	92	A	0	0	92	35
A_PB1	872	101	C	0	0	101	35
A_PB1	873	115	T	0	0	115	35
A_PB1	874	112	A	0	0	112	35
A_PB1	875	99	A	0	0	99	35
A_PB1	876	102	T	0	0	102	35
A_PB1	877	93	T	0	0	93	35
A_PB1	878	104	C	0	0	104	35
A_PB1	879	96	G	0	0	96	35
A_PB1	880	104	C	0	0	104	35
A_PB1	881	86	A	0	0	86	35
A_PB1	882	97	G	0	0	97	35
A_PB1	883	100	G	0	0	100	35
A_PB1	884	113	A	0	0	113	35
A_PB1	885	109	C	0	0	109	35
A_PB1	886	89	A	0	0	89	35
A_PB1	887	100	C	0	0	100	35
A_PB1	888	115	A	0	0	115	35
A_PB1	889	105	G	0	0	105	35
A_PB1	890	105	A	0	0	105	35
A_PB1	891	103	G	0	0	103	35
A_PB1	892	95	C	0	0	95	35
A_PB1	893	108	T	0	0	108	35
A_PB1	894	98	C	0	0	98	35
A_PB1	895	104	T	0	0	104	35
A_PB1	896	98	C	0	0	98	35
A_PB1	897	91	C	0	0	91	35
A_PB1	898	90	T	0	0	90	35
A_PB1	899	101	T	0	0	101	35
A_PB1	900	99	C	0	0	99	35
A_PB1	901	103	A	0	0	103	35
A_PB1	902	110	C	0	0	110	35
A_PB1	903	89	A	0	0	89	35
A_PB1	904	111	A	0	0	111	35
A_PB1	905	97	T	0	0	97	35
A_PB1	906	105	C	0	0	105	35
A_PB1	907	113	A	0	0	113	35
A_PB1	908	108	C	0	0	108	35
A_PB1	909	111	T	0	0	111	35
A_PB1	910	115	G	0	0	115	35
A_PB1	911	98	G	0	0	98	35
A_PB1	912	88	A	0	0	88	35
A_PB1	913	85	G	0	0	85	35
A_PB1	914	103	A	0	0	103	35
A_PB1	915	85	C	0	0	85	35
A_PB1	916	91	A	0	0	91	35
A_PB1	917	111	A	0	0	111	35
A_PB1	918	115	C	0	0	115	35
A_PB1	919	107	A	0	0	107	35
A_PB1	920	94	C	0	0	94	35
A_PB1	921	106	C	0	0	106	35
A_PB1	922	100	A	0	0	100	35
A_PB1	923	98	A	0	0	98	35
A_PB1	924	90	A	0	0	90	35
A_PB1	925	114	T	0	0	114	35
A_PB1	926	95	G	0	0	95	35
A_PB1	927	88	G	0	0	88	35
A_PB1	928	100	A	0	0	100	35
A_PB1	929	95	A	0	0	95	35
A_PB1	930	100	T	0	0	100	35
A_PB1	931	102	G	0	0	102	35
A_PB1	932	86	A	0	0	86	35
A_PB1	933	109	A	0	0	109	35
A_PB1	934	94	A	0	0	94	35
A_PB1	935	114	A	0	0	114	35
A_PB1	936	85	T	0	0	85	35
A_PB1	937	105	C	0	0	105	35
A_PB1	938	86	A	0	0	86	35
A_PB1	939	108	G	0	0	108	35
A_PB1	940	101	A	0	0	101	35
A_PB1	941	109	A	0	0	109	35
A_PB1	942	110	C	0	0	110	35
A_PB1	943	91	C	0	0	91	35
A_PB1	944	108	C	0	0	108	35
A_PB1	945	105	T	0	0	105	35
A_PB1	946	103	A	0	0	103	35
A_PB1	947	112	G	0	0	112	35
A_PB1	948	87	G	0	0	87	35
A_PB1	949	111	A	0	0	111	35
A_PB1	950	101	T	0	0	101	35
A_PB1	951	103	G	0	0	103	35
A_PB1	952	90	T	0	0	90	35
A_PB1	953	106	T	0	0	106	35
A_PB1	954	112	T	0	0	112	35
A_PB1	955	112	C	0	0	112	35
A_PB1	956	106	T	0	0	106	35
A_PB1	957	96	G	0	0	96	35
A_PB1	958	113	G	0	0	113	35
A_PB1	959	98	C	0	0	98	35
A_PB1	960	114	A	0	0	114	35
A_PB1	961	112	A	0	0	112	35
A_PB1	962	89	T	0	0	89	35
A_PB1	963	97	G	0	0	97	35
A_PB1	964	87	A	0	0	87	35
A_PB1	965	95	T	0	0	95	35
A_PB1	966	97	A	0	0	97	35
A_PB1	967	88	A	0	0	88	35
A_PB1	968	109	C	0	0	109	35
A_PB1	969	112	A	0	0	112	35
A_PB1	970	107	T	0	0	107	35
A_PB1	971	115	A	0	0	115	35
A_PB1	972	95	T	0	0	95	35
A_PB1	973	96	A	0	0	96	35
A_PB1	974	100	T	0	0	100	35
A_PB1	975	101	A	0	0	101	35
A_PB1	976	93	A	0	0	93	35
A_PB1	977	89	C	0	0	89	35
A_PB1	978	87	A	0	0	87	35
A_PB1	979	98	A	0	0	98	35
A_PB1	980	86	G	0	0	86	35
A_PB1	981	113	G	0	0	113	35
A_PB1	982	87	A	0	0	87	35
A_PB1	983	109	A	0	0	109	35
A_PB1	984	98	C	0	0	98	35
A_PB1	985	96	C	0	0	96	35
A_PB1	986	97	A	0	0	97	35
A_PB1	987	111	A	0	0	111	35
A_PB1	988	89	C	0	0	89	35
A_PB1	989	92	C	0	0	92	35
A_PB1	990	98	T	0	0	98	35
A_PB1	991	90	G	0	0	90	35
A_PB1	992	103	A	0	0	103	35
A_PB1	993	105	A	0	0	105	35
A_PB1	994	106	T	0	0	106	35
A_PB1	995	114	G	0	0	114	35
A_PB1	996	92	G	0	0	92	35
A_PB1	997	97	T	0	0	97	35
A_PB1	998	113	T	0	0	113	35
A_PB1	999	114	C	0	0	114	35
A_PB1	1000	107	A	0	0	107	35
A_PB1	1001	98	G	0	0	98	35
A_PB1	1002	111	G	0	0	111	35
A_PB1	1003	115	A	0	0	115	35
A_PB1	1004	101	A	0	0	101	35
A_PB1	1005	86	T	0	0	86	35
A_PB1	1006	97	G	0	0	97	35
A_PB1	1007	104	T	0	0	104	35
A_PB1	1008	86	C	0	0	86	35
A_PB1	1009	105	T	0	0	105	35
A_PB1	1010	110	T	0	0	110	35
A_PB1	1011	92	G	0	0	92	35
A_PB1	1012	98	A	0	0	98	35
A_PB1	1013	103	G	0	0	103	35
A_PB1	1014	107	C	0	0	107	35
A_PB1	1015	86	A	0	0	86	35
A_PB1	1016	100	T	0	0	100	35
A_PB1	1017	92	T	0	0	92	35
A_PB1	1018	102	G	0	0	102	35
A_PB1	1019	92	C	0	0	92	35
A_PB1	1020	87	A	0	0	87	35
A_PB1	1021	106	C	0	0	106	35
A_PB1	1022	89	C	0	0	89	35
A_PB1	1023	87	T	0	0	87	35
A_PB1	1024	97	A	0	0	97	35
A_PB1	1025	114	T	0	0	114	35
A_PB1	1026	88	A	0	0	88	35
A_PB1	1027	87	A	0	0	87	35
A_PB1	1028	113	T	0	0	113	35
A_PB1	1029	106	G	0	0	106	35
A_PB1	1030	87	T	0	0	87	35
A_PB1	1031	88	T	0	0	88	35
A_PB1	1032	110	C	0	0	110	35
A_PB1	1033	106	T	0	0	106	35
A_PB1	1034	108	C	0	0	108	35
A_PB1	1035	108	A	0	0	108	35
A_PB1	1036	92	A	0	0	92	35
A_PB1	1037	103	A	0	0	103	35
A_PB1	1038	106	T	0	0	106	35
A_PB1	1039	106	A	0	0	106	35
A_PB1	1040	115	A	0	0	115	35
A_PB1	1041	93	A	0	0	93	35
A_PB1	1042	110	A	0	0	110	35
A_PB1	1043	108	T	0	0	108	35
A_PB1	1044	90	G	0	0	90	35
A_PB1	1045	111	G	0	0	111	35
A_PB1	1046	93	C	0	0	93	35
A_PB1	1047	107	A	0	0	107	35
A_PB1	1048	108	A	0	0	108	35
A_PB1	1049	115	G	0	0	115	35
A_PB1	1050	100	A	0	0	100	35
A_PB1	1051	96	C	0	0	96	35
A_PB1	1052	105	T	0	0	105	35
A_PB1	1053	106	A	0	0	106	35
A_PB1	1054	103	G	0	0	103	35
A_PB1	1055	113	G	0	0	113	35
A_PB1	1056	112	G	0	0	112	35
A_PB1	1057	86	A	0	0	86	35
A_PB1	1058	114	A	0	0	114	35
A_PB1	1059	97	A	0	0	97	35
A_PB1	1060	88	G	0	0	88	35
A_PB1	1061	104	G	0	0	104	35
A_PB1	1062	101	G	0	0	101	35
A_PB1	1063	109	T	0	0	109	35
A_PB1	1064	111	A	0	0	111	35
A_PB1	1065	113	C	0	0	113	35
A_PB1	1066	101	A	0	0	101	35
A_PB1	1067	112	T	0	0	112	35
A_PB1	1068	102	G	0	0	102	35
A_PB1	1069	88	T	0	0	88	35
A_PB1	1070	102	T	0	0	102	35
A_PB1	1071	113	C	0	0	113	35
A_PB1	1072	114	G	0	0	114	35
A_PB1	1073	86	A	0	0	86	35
A_PB1	1074	109	A	0	0	109	35
A_PB1	1075	88	A	0	0	88	35
A_PB1	1076	87	G	0	0	87	35
A_PB1	1077	103	T	0	0	103	35
A_PB1	1078	95	A	0	0	95	35
A_PB1	1079	107	A	0	0	107	35
A_PB1	1080	86	G	0	0	86	35
A_PB1	1081	94	A	0	0	94	35
A_PB1	1082	110	G	0	0	110	35
A_PB1	1083	93	C	0	0	93	35
A_PB1	1084	87	A	0	0	87	35
A_PB1	1085	100	T	0	0	100	35
A_PB1	1086	105	G	0	0	105	35
A_PB1	1087	104	A	0	0	104	35
A_PB1	1088	88	A	0	0	88	35
A_PB1	1089	88	G	0	0	88	35
A_PB1	1090	113	C	0	0	113	35
A_PB1	1091	110	T	0	0	110	35
A_PB1	1092	86	C	0	0	86	35
A_PB1	1093	112	C	0	0	112	35
A_PB1	1094	98	G	0	0	98	35
A_PB1	1095	86	A	0	0	86	35
A_PB1	1096	101	A	0	0	101	35
A_PB1	1097	109	C	0	0	109	35
A_PB1	1098	86	A	0	0	86	35
A_PB1	1099	98	C	0	0	98	35
A_PB1	1100	114	A	0	0	114	35
A_PB1	1101	110	A	0	0	110	35
A_PB1	1102	113	A	0	0	113	35
A_PB1	1103	114	T	0	0	114	35
A_PB1	1104	115	A	0	0	115	35
A_PB1	1105	101	C	0	0	101	35
A_PB1	1106	107	C	0	0	107	35
A_PB1	1107	94	A	0	0	94	35
A_PB1	1108	86	G	0	0	86	35
A_PB1	1109	104	C	0	0	104	35
A_PB1	1110	89	A	0	0	89	35
A_PB1	1111	102	G	0	0	102	35
A_PB1	1112	96	A	0	0	96	35
A_PB1	1113	108	A	0	0	108	35
A_PB1	1114	91	A	0	0	91	35
A_PB1	1115	91	T	0	0	91	35
A_PB1	1116	115	G	0	0	115	35
A_PB1	1117	92	C	0	0	92	35
A_PB1	1118	102	T	0	0	102	35
A_PB1	1119	97	A	0	0	97	35
A_PB1	1120	87	G	0	0	87	35
A_PB1	1121	95	C	0	0	95	35
A_PB1	1122	90	A	0	0	90	35
A_PB1	1123	94	A	0	0	94	35
A_PB1	1124	88	G	0	0	88	35
A_PB1	1125	96	C	0	0	96	35
A_PB1	1126	114	A	0	0	114	35
A_PB1	1127	101	T	0	0	101	35
A_PB1	1128	112	T	0	0	112	35
A_PB1	1129	90	G	0	0	90	35
A_PB1	1130	86	A	0	0	86	35
A_PB1	1131	90	T	0	0	90	35
A_PB1	1132	94	C	0	0	94	35
A_PB1	1133	104	T	0	0	104	35
A_PB1	1134	88	G	0	0	88	35
A_PB1	1135	102	A	0	0	102	35
A_PB1	1136	85	A	0	0	85	35
A_PB1	1137	95	G	0	0	95	35
A_PB1	1138	115	T	0	0	115	35
A_PB1	1139	86	A	0	0	86	35
A_PB1	1140	94	T	0	0	94	35
A_PB1	1141	88	T	0	0	88	35
A_PB1	1142	106	T	0	0	106	35
A_PB1	1143	95	C	0	0	95	35
A_PB1	1144	104	A	0	0	104	35
A_PB1	1145	104	A	0	0	104	35
A_PB1	1146	100	T	0	0	100	35
A_PB1	1147	97	G	0	0	97	35
A_PB1	1148	107	A	0	0	107	35
A_PB1	1149	94	G	0	0	94	35
A_PB1	1150	97	T	0	0	97	35
A_PB1	1151	97	C	0	0	97	35
A_PB1	1152	106	A	0	0	106	35
A_PB1	1153	91	A	0	0	91	35
A_PB1	1154	111	C	0	0	111	35
A_PB1	1155	100	A	0	0	100	35
A_PB1	1156	96	A	0	0	96	35
A_PB1	1157	85	G	0	0	85	35
A_PB1	1158	111	A	0	0	111	35
A_PB1	1159	90	A	0	0	90	35
A_PB1	1160	102	A	0	0	102	35
A_PB1	1161	111	G	0	0	111	35
A_PB1	1162	104	A	0	0	104	35
A_PB1	1163	112	A	0	0	112	35
A_PB1	1164	89	A	0	0	89	35
A_PB1	1165	86	A	0	0	86	35
A_PB1	1166	91	T	0	0	91	35
A_PB1	1167	90	A	0	0	90	35
A_PB1	1168	102	G	0	0	102	35
A_PB1	1169	107	A	0	0	107	35
A_PB1	1170	110	G	0	0	110	35
A_PB1	1171	109	A	0	0	109	35
A_PB1	1172	96	A	0	0	96	35
A_PB1	1173	105	G	0	0	105	35
A_PB1	1174	104	A	0	0	104	35
A_PB1	1175	107	T	0	0	107	35
A_PB1	1176	112	A	0	0	112	35
A_PB1	1177	93	A	0	0	93	35
A_PB1	1178	99	G	0	0	99	35
A_PB1	1179	111	A	0	0	111	35
A_PB1	1180	111	C	0	0	111	35
A_PB1	1181	90	C	0	0	90	35
A_PB1	1182	110	T	0	0	110	35
A_PB1	1183	96	C	0	0	96	35
A_PB1	1184	103	T	0	0	103	35
A_PB1	1185	100	T	0	0	100	35
A_PB1	1186	115	C	0	0	115	35
A_PB1	1187	104	T	0	0	104	35
A_PB1	1188	113	A	0	0	113	35
A_PB1	1189	88	A	0	0	88	35
A_PB1	1190	94	T	0	0	94	35
A_PB1	1191	109	A	0	0	109	35
A_PB1	1192	105	G	0	0	105	35
A_PB1	1193	102	A	0	0	102	35
A_PB1	1194	103	T	0	0	103	35
A_PB1	1195	95	G	0	0	95	35
A_PB1	1196	102	G	0	0	102	35
A_PB1	1197	103	T	0	0	103	35
A_PB1	1198	93	A	0	0	93	35
A_PB1	1199	85	C	0	0	85	35
A_PB1	1200	109	A	0	0	109	35
A_PB1	1201	97	G	0	0	97	35
A_PB1	1202	102	C	0	0	102	35
A_PB1	1203	111	C	0	0	111	35
A_PB1	1204	101	T	0	0	101	35
A_PB1	1205	115	C	0	0	115	35
A_PB1	1206	110	A	0	0	110	35
A_PB1	1207	95	T	0	0	95	35
A_PB1	1208	95	T	0	0	95	35
A_PB1	1209	91	A	0	0	91	35
A_PB1	1210	97	A	0	0	97	35
A_PB1	1211	110	G	0	0	110	35
A_PB1	1212	87	C	0	0	87	35
A_PB1	1213	89	C	0	0	89	35
A_PB1	1214	87	C	0	0	87	35
A_PB1	1215	95	A	0	0	95	35
A_PB1	1216	98	G	0	0	98	35
A_PB1	1217	96	G	0	0	96	35
A_PB1	1218	100	A	0	0	100	35
A_PB1	1219	115	A	0	0	115	35
A_PB1	1220	92	T	0	0	92	35
A_PB1	1221	110	G	0	0	110	35
A_PB1	1222	111	A	0	0	111	35
A_PB1	1223	114	T	0	0	114	35
A_PB1	1224	88	G	0	0	88	35
A_PB1	1225	90	A	0	0	90	35
A_PB1	1226	94	T	0	0	94	35
A_PB1	1227	89	G	0	0	89	35
A_PB1	1228	100	G	0	0	100	35
A_PB1	1229	108	G	0	0	108	35
A_PB1	1230	89	C	0	0	89	35
A_PB1	1231	115	A	0	0	115	35
A_PB1	1232	101	T	0	0	101	35
A_PB1	1233	103	G	0	0	103	35
A_PB1	1234	90	T	0	0	90	35
A_PB1	1235	111	T	0	0	111	35
A_PB1	1236	91	C	0	0	91	35
A_PB1	1237	101	A	0	0	101	35
A_PB1	1238	89	A	0	0	89	35
A_PB1	1239	111	T	0	0	111	35
A_PB1	1240	91	A	0	0	91	35
A_PB1	1241	111	T	0	0	111	35
A_PB1	1242	91	G	0	0	91	35
A_PB1	1243	87	C	0	0	87	35
A_PB1	1244	86	T	0	0	86	35
A_PB1	1245	108	G	0	0	108	35
A_PB1	1246	86	A	0	0	86	35
A_PB1	1247	95	G	0	0	95	35
A_PB1	1248	113	T	0	0	113	35
A_PB1	1249	90	A	0	0	90	35
A_PB1	1250	97	C	0	0	97	35
A_PB1	1251	113	A	0	0	113	35
A_PB1	1252	85	G	0	0	85	35
A_PB1	1253	89	T	0	0	89	35
A_PB1	1254	106	T	0	0	106	35
A_PB1	1255	108	T	0	0	108	35
A_PB1	1256	90	T	0	0	90	35
A_PB1	1257	93	G	0	0	93	35
A_PB1	1258	105	G	0	0	105	35
A_PB1	1259	110	G	0	0	110	35
A_PB1	1260	98	A	0	0	98	35
A_PB1	1261	107	G	0	0	107	35
A_PB1	1262	88	T	0	0	88	35
A_PB1	1263	106	T	0	0	106	35
A_PB1	1264	99	T	0	0	99	35
A_PB1	1265	85	C	0	0	85	35
A_PB1	1266	112	G	0	0	112	35
A_PB1	1267	92	A	0	0	92	35
A_PB1	1268	92	T	0	0	92	35
A_PB1	1269	106	T	0	0	106	35
A_PB1	1270	105	C	0	0	105	35
A_PB1	1271	113	T	0	0	113	35
A_PB1	1272	94	A	0	0	94	35
A_PB1	1273	94	A	0	0	94	35
A_PB1	1274	100	A	0	0	100	35
A_PB1	1275	91	T	0	0	91	35
A_PB1	1276	102	C	0	0	102	35
A_PB1	1277	112	T	0	0	112	35
A_PB1	1278	94	A	0	0	94	35
A_PB1	1279	95	G	0	0	95	35
A_PB1	1280	98	G	0	0	98	35
A_PB1	1281	91	A	0	0	91	35
A_PB1	1282	89	C	0	0	89	35
A_PB1	1283	102	A	0	0	102	35
A_PB1	1284	111	A	0	0	111	35
A_PB1	1285	94	A	0	0	94	35
A_PB1	1286	115	G	0	0	115	35
A_PB1	1287	101	G	0	0	101	35
A_PB1	1288	91	A	0	0	91	35
A_PB1	1289	97	G	0	0	97	35
A_PB1	1290	85	G	0	0	85	35
A_PB1	1291	113	T	0	0	113	35
A_PB1	1292	105	A	0	0	105	35
A_PB1	1293	111	C	0	0	111	35
A_PB1	1294	98	A	0	0	98	35
A_PB1	1295	105	C	0	0	105	35
A_PB1	1296	104	C	0	0	104	35
A_PB1	1297	98	A	0	0	98	35
A_PB1	1298	95	A	0	0	95	35
A_PB1	1299	102	A	0	0	102	35
A_PB1	1300	113	A	0	0	113	35
A_PB1	1301	91	C	0	0	91	35
A_PB1	1302	91	A	0	0	91	35
A_PB1	1303	98	A	0	0	98	35
A_PB1	1304	87	C	0	0	87	35
A_PB1	1305	105	A	0	0	105	35
A_PB1	1306	112	T	0	0	112	35
A_PB1	1307	93	A	0	0	93	35
A_PB1	1308	107	C	0	0	107	35
A_PB1	1309	103	T	0	0	103	35
A_PB1	1310	97	G	0	0	97	35
A_PB1	1311	114	G	0	0	114	35
A_PB1	1312	101	T	0	0	101	35
A_PB1	1313	111	G	0	0	111	35
A_PB1	1314	113	G	0	0	113	35
A_PB1	1315	110	G	0	0	110	35
A_PB1	1316	85	A	0	0	85	35
A_PB1	1317	91	C	0	0	91	35
A_PB1	1318	95	G	0	0	95	35
A_PB1	1319	93	G	0	0	93	35
A_PB1	1320	114	A	0	0	114	35
A_PB1	1321	87	C	0	0	87	35
A_PB1	1322	85	T	0	0	85	35
A_PB1	1323	91	C	0	0	91	35
A_PB1	1324	98	C	0	0	98	35
A_PB1	1325	87	A	0	0	87	35
A_PB1	1326	94	A	0	0	94	35
A_PB1	1327	100	T	0	0	100	35
A_PB1	1328	99	C	0	0	99	35
A_PB1	1329	97	C	0	0	97	35
A_PB1	1330	113	T	0	0	113	35
A_PB1	1331	89	C	0	0	89	35
A_PB1	1332	99	T	0	0	99	35
A_PB1	1333	107	G	0	0	107	35
A_PB1	1334	100	A	0	0	100	35
A_PB1	1335	93	T	0	0	93	35
A_PB1	1336	105	G	0	0	105	35
A_PB1	1337	96	A	0	0	96	35
A_PB1	1338	94	C	0	0	94	35
A_PB1	1339	103	T	0	0	103	35
A_PB1	1340	113	T	0	0	113	35
A_PB1	1341	114	T	0	0	114	35
A_PB1	1342	113	G	0	0	113	35
A_PB1	1343	87	C	0	0	87	35
A_PB1	1344	89	T	0	0	89	35
A_PB1	1345	114	C	0	0	114	35
A_PB1	1346	95	T	0	0	95	35
A_PB1	1347	114	C	0	0	114	35
A_PB1	1348	91	A	0	0	91	35
A_PB1	1349	110	T	0	0	110	35
A_PB1	1350	96	A	0	0	96	35
A_PB1	1351	108	G	0	0	108	35
A_PB1	1352	90	T	0	0	90	35
A_PB1	1353	112	G	0	0	112	35
A_PB1	1354	86	A	0	0	86	35
A_PB1	1355	95	A	0	0	95	35
A_PB1	1356	99	T	0	0	99	35
A_PB1	1357	111	G	0	0	111	35
A_PB1	1358	112	C	0	0	112	35
A_PB1	1359	92	T	0	0	92	35
A_PB1	1360	101	C	0	0	101	35
A_PB1	1361	86	C	0	0	86	35
A_PB1	1362	109	G	0	0	109	35
A_PB1	1363	93	A	0	0	93	35
A_PB1	1364	92	A	0	0	92	35
A_PB1	1365	94	T	0	0	94	35
A_PB1	1366	102	C	0	0	102	35
A_PB1	1367	95	A	0	0	95	35
A_PB1	1368	114	T	0	0	114	35
A_PB1	1369	89	G	0	0	89	35
A_PB1	1370	104	A	0	0	104	35
A_PB1	1371	90	G	0	0	90	35
A_PB1	1372	112	G	0	0	112	35
A_PB1	1373	112	G	0	0	112	35
A_PB1	1374	93	A	0	0	93	35
A_PB1	1375	98	A	0	0	98	35
A_PB1	1376	89	T	0	0	89	35
A_PB1	1377	92	A	0	0	92	35
A_PB1	1378	99	C	0	0	99	35
A_PB1	1379	113	A	0	0	113	35
A_PB1	1380	94	A	0	0	94	35
A_PB1	1381	110	G	0	0	110	35
A_PB1	1382	107	C	0	0	107	35
A_PB1	1383	114	A	0	0	114	35
A_PB1	1384	104	G	0	0	104	35
A_PB1	1385	112	G	0	0	112	35
A_PB1	1386	114	G	0	0	114	35
A_PB1	1387	109	G	0	0	109	35
A_PB1	1388	86	T	0	0	86	35
A_PB1	1389	88	A	0	0	88	35
A_PB1	1390	114	G	0	0	114	35
A_PB1	1391	96	A	0	0	96	35
A_PB1	1392	100	C	0	0	100	35
A_PB1	1393	98	A	0	0	98	35
A_PB1	1394	112	G	0	0	112	35
A_PB1	1395	109	A	0	0	109	35
A_PB1	1396	114	T	0	0	114	35
A_PB1	1397	97	T	0	0	97	35
A_PB1	1398	103	C	0	0	103	35
A_PB1	1399	107	T	0	0	107	35
A_PB1	1400	96	A	0	0	96	35
A_PB1	1401	87	T	0	0	87	35
A_PB1	1402	100	A	0	0	100	35
A_PB1	1403	86	G	0	0	86	35
A_PB1	1404	86	A	0	0	86	35
A_PB1	1405	97	A	0	0	97	35
A_PB1	1406	96	C	0	0	96	35
A_PB1	1407	100	C	0	0	100	35
A_PB1	1408	89	T	0	0	89	35
A_PB1	1409	114	G	0	0	114	35
A_PB1	1410	106	C	0	0	106	35
A_PB1	1411	96	A	0	0	96	35
A_PB1	1412	103	A	0	0	103	35
A_PB1	1413	99	G	0	0	99	35
A_PB1	1414	110	C	0	0	110	35
A_PB1	1415	112	T	0	0	112	35
A_PB1	1416	93	G	0	0	93	35
A_PB1	1417	88	G	0	0	88	35
A_PB1	1418	105	T	0	0	105	35
A_PB1	1419	89	C	0	0	89	35
A_PB1	1420	99	G	0	0	99	35
A_PB1	1421	110	G	0	0	110	35
A_PB1	1422	110	A	0	0	110	35
A_PB1	1423	91	A	0	0	91	35
A_PB1	1424	105	T	0	0	105	35
A_PB1	1425	99	C	0	0	99	35
A_PB1	1426	92	A	0	0	92	35
A_PB1	1427	93	A	0	0	93	35
A_PB1	1428	86	C	0	0	86	35
A_PB1	1429	100	A	0	0	100	35
A_PB1	1430	106	T	0	0	106	35
A_PB1	1431	97	G	0	0	97	35
A_PB1	1432	101	A	0	0	101	35
A_PB1	1433	111	G	0	0	111	35
A_PB1	1434	100	C	0	0	100	35
A_PB1	1435	103	A	0	0	103	35
A_PB1	1436	98	A	0	0	98	35
A_PB1	1437	95	A	0	0	95	35
A_PB1	1438	106	A	0	0	106	35
A_PB1	1439	88	A	0	0	88	35
A_PB1	1440	98	G	0	0	98	35
A_PB1	1441	114	A	0	0	114	35
A_PB1	1442	108	A	0	0	108	35
A_PB1	1443	106	G	0	0	106	35
A_PB1	1444	109	T	0	0	109	35
A_PB1	1445	105	C	0	0	105	35
A_PB1	1446	103	C	0	0	103	35
A_PB1	1447	89	T	0	0	89	35
A_PB1	1448	94	A	0	0	94	35
A_PB1	1449	114	C	0	0	114	35
A_PB1	1450	101	A	0	0	101	35
A_PB1	1451	87	T	0	0	87	35
A_PB1	1452	101	A	0	0	101	35
A_PB1	1453	111	A	0	0	111	35
A_PB1	1454	103	A	0	0	103	35
A_PB1	1455	96	C	0	0	96	35
A_PB1	1456	114	A	0	0	114	35
A_PB1	1457	97	G	0	0	97	35
A_PB1	1458	110	G	0	0	110	35
A_PB1	1459	91	A	0	0	91	35
A_PB1	1460	94	C	0	0	94	35
A_PB1	1461	101	A	0	0	101	35
A_PB1	1462	91	G	0	0	91	35
A_PB1	1463	97	G	0	0	97	35
A_PB1	1464	94	A	0	0	94	35
A_PB1	1465	88	A	0	0	88	35
A_PB1	1466	97	C	0	0	97	35
A_PB1	1467	115	A	0	0	115	35
A_PB1	1468	89	T	0	0	89	35
A_PB1	1469	102	T	0	0	102	35
A_PB1	1470	96	T	0	0	96	35
A_PB1	1471	85	G	0	0	85	35
A_PB1	1472	105	A	0	0	105	35
A_PB1	1473	110	A	0	0	110	35
A_PB1	1474	105	T	0	0	105	35
A_PB1	1475	115	T	0	0	115	35
A_PB1	1476	112	C	0	0	112	35
A_PB1	1477	95	A	0	0	95	35
A_PB1	1478	94	C	0	0	94	35
A_PB1	1479	97	A	0	0	97	35
A_PB1	1480	112	A	0	0	112	35
A_PB1	1481	113	G	0	0	113	35
A_PB1	1482	92	T	0	0	92	35
A_PB1	1483	101	T	0	0	101	35
A_PB1	1484	115	T	0	0	115	35
A_PB1	1485	100	T	0	0	100	35
A_PB1	1486	96	T	0	0	96	35
A_PB1	1487	109	T	0	0	109	35
A_PB1	1488	103	C	0	0	103	35
A_PB1	1489	106	T	0	0	106	35
A_PB1	1490	89	A	0	0	89	35
A_PB1	1491	112	C	0	0	112	35
A_PB1	1492	93	C	0	0	93	35
A_PB1	1493	106	G	0	0	106	35
A_PB1	1494	110	C	0	0	110	35
A_PB1	1495	87	T	0	0	87	35
A_PB1	1496	112	A	0	0	112	35
A_PB1	1497	109	T	0	0	109	35
A_PB1	1498	99	G	0	0	99	35
A_PB1	1499	109	G	0	0	109	35
A_PB1	1500	110	A	0	0	110	35
A_PB1	1501	107	T	0	0	107	35
A_PB1	1502	110	T	0	0	110	35
A_PB1	1503	86	T	0	0	86	35
A_PB1	1504	115	G	0	0	115	35
A_PB1	1505	112	T	0	0	112	35
A_PB1	1506	111	A	0	0	111	35
A_PB1	1507	108	G	0	0	108	35
A_PB1	1508	90	C	0	0	90	35
A_PB1	1509	106	C	0	0	106	35
A_PB1	1510	105	A	0	0	105	35
A_PB1	1511	104	A	0	0	104	35
A_PB1	1512	94	C	0	0	94	35
A_PB1	1513	115	T	0	0	115	35
A_PB1	1514	108	T	0	0	108	35
A_PB1	1515	90	C	0	0	90	35
A_PB1	1516	96	A	0	0	96	35
A_PB1	1517	86	G	0	0	86	35
A_PB1	1518	95	T	0	0	95	35
A_PB1	1519	115	A	0	0	115	35
A_PB1	1520	93	T	0	0	93	35
A_PB1	1521	89	G	0	0	89	35
A_PB1	1522	114	G	0	0	114	35
A_PB1	1523	86	A	0	0	86	35
A_PB1	1524	92	G	0	0	92	35
A_PB1	1525	111	T	0	0	111	35
A_PB1	1526	94	T	0	0	94	35
A_PB1	1527	114	G	0	0	114	35
A_PB1	1528	89	C	0	0	89	35
A_PB1	1529	98	C	0	0	98	35
A_PB1	1530	100	C	0	0	100	35
A_PB1	1531	94	A	0	0	94	35
A_PB1	1532	106	G	0	0	106	35
A_PB1	1533	93	C	0	0	93	35
A_PB1	1534	100	T	0	0	100	35
A_PB1	1535	86	T	0	0	86	35
A_PB1	1536	96	T	0	0	96	35
A_PB1	1537	100	G	0	0	100	35
A_PB1	1538	113	G	0	0	113	35
A_PB1	1539	101	A	0	0	101	35
A_PB1	1540	90	G	0	0	90	35
A_PB1	1541	100	T	0	0	100	35
A_PB1	1542	87	G	0	0	87	35
A_PB1	1543	104	T	0	0	104	35
A_PB1	1544	115	C	0	0	115	35
A_PB1	1545	94	T	0	0	94	35
A_PB1	1546	112	G	0	0	112	35
A_PB1	1547	98	G	0	0	98	35
A_PB1	1548	99	G	0	0	99	35
A_PB1	1549	107	A	0	0	107	35
A_PB1	1550	111	T	0	0	111	35
A_PB1	1551	96	C	0	0	96	35
A_PB1	1552	87	A	0	0	87	35
A_PB1	1553	94	A	0	0	94	35
A_PB1	1554	94	T	0	0	94	35
A_PB1	1555	106	G	0	0	106	35
A_PB1	1556	109	A	0	0	109	35
A_PB1	1557	112	A	0	0	112	35
A_PB1	1558	91	T	0	0	91	35
A_PB1	1559	93	C	0	0	93	35
A_PB1	1560	107	T	0	0	107	35
A_PB1	1561	113	G	0	0	113	35
A_PB1	1562	99	C	0	0	99	35
A_PB1	1563	97	A	0	0	97	35
A_PB1	1564	102	G	0	0	102	35
A_PB1	1565	107	A	0	0	107	35
A_PB1	1566	109	C	0	0	109	35
A_PB1	1567	99	A	0	0	99	35
A_PB1	1568	104	T	0	0	104	35
A_PB1	1569	105	G	0	0	105	35
A_PB1	1570	107	A	0	0	107	35
A_PB1	1571	101	G	0	0	101	35
A_PB1	1572	102	C	0	0	102	35
A_PB1	1573	114	A	0	0	114	35
A_PB1	1574	106	T	0	0	106	35
A_PB1	1575	87	T	0	0	87	35
A_PB1	1576	97	G	0	0	97	35
A_PB1	1577	111	G	0	0	111	35
A_PB1	1578	92	A	0	0	92	35
A_PB1	1579	98	G	0	0	98	35
A_PB1	1580	97	T	0	0	97	35
A_PB1	1581	113	A	0	0	113	35
A_PB1	1582	88	A	0	0	88	35
A_PB1	1583	95	C	0	0	95	35
A_PB1	1584	95	A	0	0	95	35
A_PB1	1585	100	G	0	0	100	35
A_PB1	1586	100	T	0	0	100	35
A_PB1	1587	112	G	0	0	112	35
A_PB1	1588	105	A	0	0	105	35
A_PB1	1589	85	T	0	0	85	35
A_PB1	1590	101	A	0	0	101	35
A_PB1	1591	107	A	0	0	107	35
A_PB1	1592	112	A	0	0	112	35
A_PB1	1593	101	G	0	0	101	35
A_PB1	1594	106	A	0	0	106	35
A_PB1	1595	88	A	0	0	88	35
A_PB1	1596	105	C	0	0	105	35
A_PB1	1597	112	A	0	0	112	35
A_PB1	1598	94	A	0	0	94	35
A_PB1	1599	101	C	0	0	101	35
A_PB1	1600	106	A	0	0	106	35
A_PB1	1601	96	T	0	0	96	35
A_PB1	1602	93	G	0	0	93	35
A_PB1	1603	104	A	0	0	104	35
A_PB1	1604	112	T	0	0	112	35
A_PB1	1605	87	C	0	0	87	35
A_PB1	1606	110	G	0	0	110	35
A_PB1	1607	97	A	0	0	97	35
A_PB1	1608	89	C	0	0	89	35
A_PB1	1609	105	A	0	0	105	35
A_PB1	1610	112	A	0	0	112	35
A_PB1	1611	86	T	0	0	86	35
A_PB1	1612	97	G	0	0	97	35
A_PB1	1613	115	A	0	0	115	35
A_PB1	1614	102	T	0	0	102	35
A_PB1	1615	106	C	0	0	106	35
A_PB1	1616	99	T	0	0	99	35
A_PB1	1617	87	T	0	0	87	35
A_PB1	1618	89	G	0	0	89	35
A_PB1	1619	114	G	0	0	114	35
A_PB1	1620	112	A	0	0	112	35
A_PB1	1621	94	C	0	0	94	35
A_PB1	1622	90	C	0	0	90	35
A_PB1	1623	95	A	0	0	95	35
A_PB1	1624	109	G	0	0	109	35
A_PB1	1625	101	C	0	0	101	35
A_PB1	1626	85	A	0	0	85	35
A_PB1	1627	99	A	0	0	99	35
A_PB1	1628	95	C	0	0	95	35
A_PB1	1629	93	A	0	0	93	35
A_PB1	1630	98	G	0	0	98	35
A_PB1	1631	112	C	0	0	112	35
A_PB1	1632	110	T	0	0	110	35
A_PB1	1633	89	C	0	0	89	35
A_PB1	1634	109	A	0	0	109	35
A_PB1	1635	104	A	0	0	104	35
A_PB1	1636	115	A	0	0	115	35
A_PB1	1637	104	T	0	0	104	35
A_PB1	1638	108	G	0	0	108	35
A_PB1	1639	87	G	0	0	87	35
A_PB1	1640	92	C	0	0	92	35
A_PB1	1641	109	T	0	0	109	35
A_PB1	1642	112	C	0	0	112	35
A_PB1	1643	102	T	0	0	102	35
A_PB1	1644	85	T	0	0	85	35
A_PB1	1645	102	C	0	0	102	35
A_PB1	1646	95	A	0	0	95	35
A_PB1	1647	101	G	0	0	101	35
A_PB1	1648	90	C	0	0	90	35
A_PB1	1649	109	T	0	0	109	35
A_PB1	1650	107	A	0	0	107	35
A_PB1	1651	85	T	0	0	85	35
A_PB1	1652	89	T	0	0	89	35
A_PB1	1653	93	C	0	0	93	35
A_PB1	1654	102	A	0	0	102	35
A_PB1	1655	94	T	0	0	94	35
A_PB1	1656	98	C	0	0	98	35
A_PB1	1657	105	A	0	0	105	35
A_PB1	1658	107	A	0	0	107	35
A_PB1	1659	93	G	0	0	93	35
A_PB1	1660	101	G	0	0	101	35
A_PB1	1661	108	A	0	0	108	35
A_PB1	1662	95	T	0	0	95	35
A_PB1	1663	87	T	0	0	87	35
A_PB1	1664	113	A	0	0	113	35
A_PB1	1665	91	C	0	0	91	35
A_PB1	1666	108	A	0	0	108	35
A_PB1	1667	106	G	0	0	106	35
A_PB1	1668	105	A	0	0	105	35
A_PB1	1669	86	T	0	0	86	35
A_PB1	1670	109	A	0	0	109	35
A_PB1	1671	107	C	0	0	107	35
A_PB1	1672	111	A	0	0	111	35
A_PB1	1673	91	C	0	0	91	35
A_PB1	1674	88	A	0	0	88	35
A_PB1	1675	103	T	0	0	103	35
A_PB1	1676	110	A	0	0	110	35
A_PB1	1677	91	C	0	0	91	35
A_PB1	1678	107	C	0	0	107	35
A_PB1	1679	103	G	0	0	103	35
A_PB1	1680	88	A	0	0	88	35
A_PB1	1681	90	T	0	0	90	35
A_PB1	1682	114	G	0	0	114	35
A_PB1	1683	98	T	0	0	98	35
A_PB1	1684	95	C	0	0	95	35
A_PB1	1685	86	A	0	0	86	35
A_PB1	1686	107	C	0	0	107	35
A_PB1	1687	93	A	0	0	93	35
A_PB1	1688	100	G	0	0	100	35
A_PB1	1689	112	A	0	0	112	35
A_PB1	1690	114	G	0	0	114	35
A_PB1	1691	94	G	0	0	94	35
A_PB1	1692	103	A	0	0	103	35
A_PB1	1693	112	G	0	0	112	35
A_PB1	1694	108	A	0	0	108	35
A_PB1	1695	90	C	0	0	90	35
A_PB1	1696	110	A	0	0	110	35
A_PB1	1697	97	C	0	0	97	35
A_PB1	1698	89	A	0	0	89	35
A_PB1	1699	99	C	0	0	99	35
A_PB1	1700	95	A	0	0	95	35
A_PB1	1701	113	A	0	0	113	35
A_PB1	1702	103	A	0	0	103	35
A_PB1	1703	99	T	0	0	99	35
A_PB1	1704	112	T	0	0	112	35
A_PB1	1705	88	C	0	0	88	35
A_PB1	1706	102	A	0	0	102	35
A_PB1	1707	110	G	0	0	110	35
A_PB1	1708	98	A	0	0	98	35
A_PB1	1709	99	C	0	0	99	35
A_PB1	1710	90	A	0	0	90	35
A_PB1	1711	88	A	0	0	88	35
A_PB1	1712	106	G	0	0	106	35
A_PB1	1713	85	G	0	0	85	35
A_PB1	1714	85	A	0	0	85	35
A_PB1	1715	111	G	0	0	111	35
A_PB1	1716	97	G	0	0	97	35
A_PB1	1717	99	T	0	0	99	35
A_PB1	1718	109	C	0	0	109	35
A_PB1	1719	93	A	0	0	93	35
A_PB1	1720	90	T	0	0	90	35
A_PB1	1721	96	T	0	0	96	35
A_PB1	1722	113	C	0	0	113	35
A_PB1	1723	95	G	0	0	95	35
A_PB1	1724	114	A	0	0	114	35
A_PB1	1725	111	G	0	0	111	35
A_PB1	1726	97	C	0	0	97	35
A_PB1	1727	92	T	0	0	92	35
A_PB1	1728	89	G	0	0	89	35
A_PB1	1729	87	A	0	0	87	35
A_PB1	1730	99	A	0	0	99	35
A_PB1	1731	104	G	0	0	104	35
A_PB1	1732	89	A	0	0	89	35
A_PB1	1733	98	A	0	0	98	35
A_PB1	1734	87	G	0	0	87	35
A_PB1	1735	96	T	0	0	96	35
A_PB1	1736	101	T	0	0	101	35
A_PB1	1737	89	G	0	0	89	35
A_PB1	1738	108	T	0	0	108	35
A_PB1	1739	88	G	0	0	88	35
A_PB1	1740	105	G	0	0	105	35
A_PB1	1741	105	G	0	0	105	35
A_PB1	1742	103	A	0	0	103	35
A_PB1	1743	112	A	0	0	112	35
A_PB1	1744	85	C	0	0	85	35
A_PB1	1745	109	A	0	0	109	35
A_PB1	1746	113	G	0	0	113	35
A_PB1	1747	97	A	0	0	97	35
A_PB1	1748	113	C	0	0	113	35
A_PB1	1749	114	C	0	0	114	35
A_PB1	1750	112	C	0	0	112	35
A_PB1	1751	93	G	0	0	93	35
A_PB1	1752	109	C	0	0	109	35
A_PB1	1753	87	T	0	0	87	35
A_PB1	1754	89	C	0	0	89	35
A_PB1	1755	102	A	0	0	102	35
A_PB1	1756	89	A	0	0	89	35
A_PB1	1757	112	A	0	0	112	35
A_PB1	1758	105	A	0	0	105	35
A_PB1	1759	97	G	0	0	97	35
A_PB1	1760	109	C	0	0	109	35
A_PB1	1761	101	A	0	0	101	35
A_PB1	1762	96	G	0	0	96	35
A_PB1	1763	86	G	0	0	86	35
A_PB1	1764	102	A	0	0	102	35
A_PB1	1765	104	C	0	0	104	35
A_PB1	1766	94	T	0	0	94	35
A_PB1	1767	112	G	0	0	112	35
A_PB1	1768	105	C	0	0	105	35
A_PB1	1769	103	T	0	0	103	35
A_PB1	1770	103	G	0	0	103	35
A_PB1	1771	98	G	0	0	98	35
A_PB1	1772	115	T	0	0	115	35
A_PB1	1773	86	C	0	0	86	35
A_PB1	1774	104	T	0	0	104	35
A_PB1	1775	106	C	0	0	106	35
A_PB1	1776	86	A	0	0	86	35
A_PB1	1777	111	G	0	0	111	35
A_PB1	1778	91	A	0	0	91	35
A_PB1	1779	90	T	0	0	90	35
A_PB1	1780	109	G	0	0	109	35
A_PB1	1781	90	G	0	0	90	35
A_PB1	1782	101	A	0	0	101	35
A_PB1	1783	107	G	0	0	107	35
A_PB1	1784	103	G	0	0	103	35
A_PB1	1785	107	A	0	0	107	35
A_PB1	1786	97	C	0	0	97	35
A_PB1	1787	107	C	0	0	107	35
A_PB1	1788	98	A	0	0	98	35
A_PB1	1789	93	A	0	0	93	35
A_PB1	1790	91	A	0	0	91	35
A_PB1	1791	103	T	0	0	103	35
A_PB1	1792	100	C	0	0	100	35
A_PB1	1793	97	T	0	0	97	35
A_PB1	1794	90	A	0	0	90	35
A_PB1	1795	114	T	0	0	114	35
A_PB1	1796	94	A	0	0	94	35
A_PB1	1797	108	C	0	0	108	35
A_PB1	1798	106	A	0	0	106	35
A_PB1	1799	90	A	0	0	90	35
A_PB1	1800	109	T	0	0	109	35
A_PB1	1801	113	A	0	0	113	35
A_PB1	1802	103	T	0	0	103	35
A_PB1	1803	111	T	0	0	111	35
A_PB1	1804	115	C	0	0	115	35
A_PB1	1805	98	G	0	0	98	35
A_PB1	1806	95	G	0	0	95	35
A_PB1	1807	112	A	0	0	112	35
A_PB1	1808	97	A	0	0	97	35
A_PB1	1809	115	T	0	0	115	35
A_PB1	1810	92	C	0	0	92	35
A_PB1	1811	94	T	0	0	94	35
A_PB1	1812	94	T	0	0	94	35
A_PB1	1813	107	C	0	0	107	35
A_PB1	1814	115	A	0	0	115	35
A_PB1	1815	91	C	0	0	91	35
A_PB1	1816	97	A	0	0	97	35
A_PB1	1817	97	T	0	0	97	35
A_PB1	1818	103	T	0	0	103	35
A_PB1	1819	107	C	0	0	107	35
A_PB1	1820	95	C	0	0	95	35
A_PB1	1821	101	A	0	0	101	35
A_PB1	1822	109	G	0	0	109	35
A_PB1	1823	103	A	0	0	103	35
A_PB1	1824	108	A	0	0	108	35
A_PB1	1825	101	G	0	0	101	35
A_PB1	1826	110	T	0	0	110	35
A_PB1	1827	88	C	0	0	88	35
A_PB1	1828	99	T	0	0	99	35
A_PB1	1829	90	G	0	0	90	35
A_PB1	1830	88	C	0	0	88	35
A_PB1	1831	101	T	0	0	101	35
A_PB1	1832	99	T	0	0	99	35
A_PB1	1833	92	G	0	0	92	35
A_PB1	1834	114	A	0	0	114	35
A_PB1	1835	109	A	0	0	109	35
A_PB1	1836	90	A	0	0	90	35
A_PB1	1837	103	T	0	0	103	35
A_PB1	1838	91	G	0	0	91	35
A_PB1	1839	93	G	0	0	93	35
A_PB1	1840	110	G	0	0	110	35
A_PB1	1841	87	A	0	0	87	35
A_PB1	1842	100	G	0	0	100	35
A_PB1	1843	99	C	0	0	99	35
A_PB1	1844	103	T	0	0	103	35
A_PB1	1845	105	A	0	0	105	35
A_PB1	1846	102	A	0	0	102	35
A_PB1	1847	92	T	0	0	92	35
A_PB1	1848	105	G	0	0	105	35
A_PB1	1849	102	G	0	0	102	35
A_PB1	1850	89	A	0	0	89	35
A_PB1	1851	88	C	0	0	88	35
A_PB1	1852	110	G	0	0	110	35
A_PB1	1853	113	A	0	0	113	35
A_PB1	1854	101	A	0	0	101	35
A_PB1	1855	85	G	0	0	85	35
A_PB1	1856	93	A	0	0	93	35
A_PB1	1857	97	C	0	0	97	35
A_PB1	1858	94	T	0	0	94	35
A_PB1	1859	109	A	0	0	109	35
A_PB1	1860	95	T	0	0	95	35
A_PB1	1861	91	C	0	0	91	35
A_PB1	1862	112	A	0	0	112	35
A_PB1	1863	107	G	0	0	107	35
A_PB1	1864	98	G	0	0	98	35
A_PB1	1865	99	G	0	0	99	35
A_PB1	1866	115	A	0	0	115	35
A_PB1	1867	104	A	0	0	104	35
A_PB1	1868	91	G	0	0	91	35
A_PB1	1869	97	G	0	0	97	35
A_PB1	1870	96	C	0	0	96	35
A_PB1	1871	108	T	0	0	108	35
A_PB1	1872	89	T	0	0	89	35
A_PB1	1873	109	T	0	0	109	35
A_PB1	1874	112	G	0	0	112	35
A_PB1	1875	92	T	0	0	92	35
A_PB1	1876	93	A	0	0	93	35
A_PB1	1877	88	A	0	0	88	35
A_PB1	1878	109	T	0	0	109	35
A_PB1	1879	88	C	0	0	88	35
A_PB1	1880	112	C	0	0	112	35
A_PB1	1881	99	C	0	0	99	35
A_PB1	1882	103	C	0	0	103	35
A_PB1	1883	90	T	0	0	90	35
A_PB1	1884	109	G	0	0	109	35
A_PB1	1885	96	A	0	0	96	35
A_PB1	1886	87	A	0	0	87	35
A_PB1	1887	106	C	0	0	106	35
A_PB1	1888	103	C	0	0	103	35
A_PB1	1889	95	C	0	0	95	35
A_PB1	1890	98	G	0	0	98	35
A_PB1	1891	105	T	0	0	105	35
A_PB1	1892	97	T	0	0	97	35
A_PB1	1893	101	T	0	0	101	35
A_PB1	1894	115	G	0	0	115	35
A_PB1	1895	94	T	0	0	94	35
A_PB1	1896	107	C	0	0	107	35
A_PB1	1897	88	A	0	0	88	35
A_PB1	1898	89	G	0	0	89	35
A_PB1	1899	93	C	0	0	93	35
A_PB1	1900	110	C	0	0	110	35
A_PB1	1901	115	A	0	0	115	35
A_PB1	1902	93	C	0	0	93	35
A_PB1	1903	86	A	0	0	86	35
A_PB1	1904	112	A	0	0	112	35
A_PB1	1905	100	G	0	0	100	35
A_PB1	1906	110	G	0	0	110	35
A_PB1	1907	98	A	0	0	98	35
A_PB1	1908	89	A	0	0	89	35
A_PB1	1909	91	A	0	0	91	35
A_PB1	1910	86	T	0	0	86	35
A_PB1	1911	98	A	0	0	98	35
A_PB1	1912	93	G	0	0	93	35
A_PB1	1913	115	A	0	0	115	35
A_PB1	1914	87	G	0	0	87	35
A_PB1	1915	95	T	0	0	95	35
A_PB1	1916	112	C	0	0	112	35
A_PB1	1917	109	T	0	0	109	35
A_PB1	1918	109	G	0	0	109	35
A_PB1	1919	106	T	0	0	106	35
A_PB1	1920	89	G	0	0	89	35
A_PB1	1921	108	A	0	0	108	35
A_PB1	1922	103	A	0	0	103	35
A_PB1	1923	114	C	0	0	114	35
A_PB1	1924	91	A	0	0	91	35
A_PB1	1925	87	A	0	0	87	35
A_PB1	1926	112	C	0	0	112	35
A_PB1	1927	95	G	0	0	95	35
A_PB1	1928	105	C	0	0	105	35
A_PB1	1929	94	T	0	0	94	35
A_PB1	1930	86	G	0	0	86	35
A_PB1	1931	91	T	0	0	91	35
A_PB1	1932	89	G	0	0	89	35
A_PB1	1933	89	G	0	0	89	35
A_PB1	1934	96	T	0	0	96	35
A_PB1	1935	91	G	0	0	91	35
A_PB1	1936	106	A	0	0	106	35
A_PB1	1937	115	T	0	0	115	35
A_PB1	1938	110	G	0	0	110	35
A_PB1	1939	108	C	0	0	108	35
A_PB1	1940	99	C	0	0	99	35
A_PB1	1941	97	A	0	0	97	35
A_PB1	1942	85	G	0	0	85	35
A_PB1	1943	110	C	0	0	110	35
A_PB1	1944	115	T	0	0	115	35
A_PB1	1945	110	C	0	0	110	35
A_PB1	1946	112	A	0	0	112	35
A_PB1	1947	108	T	0	0	108	35
A_PB1	1948	104	G	0	0	104	35
A_PB1	1949	104	G	0	0	104	35
A_PB1	1950	105	C	0	0	105	35
A_PB1	1951	92	C	0	0	92	35
A_PB1	1952	112	C	0	0	112	35
A_PB1	1953	94	G	0	0	94	35
A_PB1	1954	107	G	0	0	107	35
A_PB1	1955	95	C	0	0	95	35
A_PB1	1956	93	C	0	0	93	35
A_PB1	1957	86	A	0	0	86	35
A_PB1	1958	106	A	0	0	106	35
A_PB1	1959	101	G	0	0	101	35
A_PB1	1960	96	A	0	0	96	35
A_PB1	1961	98	G	0	0	98	35
A_PB1	1962	113	C	0	0	113	35
A_PB1	1963	98	A	0	0	98	35
A_PB1	1964	93	T	0	0	93	35
A_PB1	1965	87	G	0	0	87	35
A_PB1	1966	85	G	0	0	85	35
A_PB1	1967	110	A	0	0	110	35
A_PB1	1968	106	A	0	0	106	35
A_PB1	1969	87	T	0	0	87	35
A_PB1	1970	88	A	0	0	88	35
A_PB1	1971	112	T	0	0	112	35
A_PB1	1972	114	G	0	0	114	35
A_PB1	1973	112	A	0	0	112	35
A_PB1	1974	91	T	0	0	91	35
A_PB1	1975	115	G	0	0	115	35
A_PB1	1976	99	C	0	0	99	35
A_PB1	1977	112	T	0	0	112	35
A_PB1	1978	101	G	0	0	101	35
A_PB1	1979	89	T	0	0	89	35
A_PB1	1980	96	T	0	0	96	35
A_PB1	1981	112	G	0	0	112	35
A_PB1	1982	92	C	0	0	92	35
A_PB1	1983	92	C	0	0	92	35
A_PB1	1984	86	A	0	0	86	35
A_PB1	1985	95	C	0	0	95	35
A_PB1	1986	100	C	0	0	100	35
A_PB1	1987	113	A	0	0	113	35
A_PB1	1988	109	C	0	0	109	35
A_PB1	1989	109	T	0	0	109	35
A_PB1	1990	107	C	0	0	107	35
A_PB1	1991	100	A	0	0	100	35
A_PB1	1992	96	C	0	0	96	35
A_PB1	1993	101	T	0	0	101	35
A_PB1	1994	111	C	0	0	111	35
A_PB1	1995	112	C	0	0	112	35
A_PB1	1996	112	T	0	0	112	35
A_PB1	1997	111	G	0	0	111	35
A_PB1	1998	90	G	0	0	90	35
A_PB1	1999	96	A	0	0	96	35
A_PB1	2000	102	T	0	0	102	35
A_PB1	2001	109	A	0	0	109	35
A_PB1	2002	111	C	0	0	111	35
A_PB1	2003	105	C	0	0	105	35
A_PB1	2004	114	G	0	0	114	35
A_PB1	2005	95	A	0	0	95	35
A_PB1	2006	112	A	0	0	112	35
A_PB1	2007	100	G	0	0	100	35
A_PB1	2008	106	A	0	0	106	35
A_PB1	2009	91	G	0	0	91	35
A_PB1	2010	92	G	0	0	92	35
A_PB1	2011	97	A	0	0	97	35
A_PB1	2012	100	A	0	0	100	35
A_PB1	2013	105	C	0	0	105	35
A_PB1	2014	105	C	0	0	105	35
A_PB1	2015	100	G	0	0	100	35
A_PB1	2016	91	C	0	0	91	35
A_PB1	2017	110	T	0	0	110	35
A_PB1	2018	112	C	0	0	112	35
A_PB1	2019	96	C	0	0	96	35
A_PB1	2020	101	A	0	0	101	35
A_PB1	2021	107	T	0	0	107	35
A_PB1	2022	89	T	0	0	89	35
A_PB1	2023	94	C	0	0	94	35
A_PB1	2024	108	T	0	0	108	35
A_PB1	2025	94	C	0	0	94	35
A_PB1	2026	92	A	0	0	92	35
A_PB1	2027	95	A	0	0	95	35
A_PB1	2028	104	T	0	0	104	35
A_PB1	2029	115	A	0	0	115	35
A_PB1	2030	92	C	0	0	92	35
A_PB1	2031	112	A	0	0	112	35
A_PB1	2032	92	A	0	0	92	35
A_PB1	2033	102	G	0	0	102	35
A_PB1	2034	108	C	0	0	108	35
A_PB1	2035	106	C	0	0	106	35
A_PB1	2036	88	A	0	0	88	35
A_PB1	2037	86	A	0	0	86	35
A_PB1	2038	99	A	0	0	99	35
A_PB1	2039	95	G	0	0	95	35
A_PB1	2040	98	G	0	0	98	35
A_PB1	2041	106	G	0	0	106	35
A_PB1	2042	91	G	0	0	91	35
A_PB1	2043	92	A	0	0	92	35
A_PB1	2044	99	A	0	0	99	35
A_PB1	2045	101	T	0	0	101	35
A_PB1	2046	100	C	0	0	100	35
A_PB1	2047	104	C	0	0	104	35
A_PB1	2048	114	T	0	0	114	35
A_PB1	2049	96	T	0	0	96	35
A_PB1	2050	86	G	0	0	86	35
A_PB1	2051	108	A	0	0	108	35
A_PB1	2052	91	A	0	0	91	35
A_PB1	2053	114	G	0	0	114	35
A_PB1	2054	98	A	0	0	98	35
A_PB1	2055	102	C	0	0	102	35
A_PB1	2056	86	G	0	0	86	35
A_PB1	2057	109	A	0	0	109	35
A_PB1	2058	104	A	0	0	104	35
A_PB1	2059	98	C	0	0	98	35
A_PB1	2060	113	A	0	0	113	35
A_PB1	2061	109	G	0	0	109	35
A_PB1	2062	97	A	0	0	97	35
A_PB1	2063	92	T	0	0	92	35
A_PB1	2064	96	G	0	0	96	35
A_PB1	2065	87	T	0	0	87	35
A_PB1	2066	90	A	0	0	90	35
A_PB1	2067	107	T	0	0	107	35
A_PB1	2068	98	C	0	0	98	35
A_PB1	2069	103	A	0	0	103	35
A_PB1	2070	85	A	0	0	85	35
A_PB1	2071	114	A	0	0	114	35
A_PB1	2072	109	A	0	0	109	35
A_PB1	2073	101	G	0	0	101	35
A_PB1	2074	106	T	0	0	106	35
A_PB1	2075	98	G	0	0	98	35
A_PB1	2076	86	C	0	0	86	35
A_PB1	2077	112	T	0	0	112	35
A_PB1	2078	94	G	0	0	94	35
A_PB1	2079	93	C	0	0	93	35
A_PB1	2080	110	A	0	0	110	35
A_PB1	2081	93	A	0	0	93	35
A_PB1	2082	94	C	0	0	94	35
A_PB1	2083	93	C	0	0	93	35
A_PB1	2084	88	T	0	0	88	35
A_PB1	2085	99	G	0	0	99	35
A_PB1	2086	108	T	0	0	108	35
A_PB1	2087	93	T	0	0	93	35
A_PB1	2088	109	C	0	0	109	35
A_PB1	2089	94	G	0	0	94	35
A_PB1	2090	108	A	0	0	108	35
A_PB1	2091	107	A	0	0	107	35
A_PB1	2092	87	A	0	0	87	35
A_PB1	2093	113	A	0	0	113	35
A_PB1	2094	111	A	0	0	111	35
A_PB1	2095	111	T	0	0	111	35
A_PB1	2096	92	T	0	0	92	35
A_PB1	2097	104	C	0	0	104	35
A_PB1	2098	89	T	0	0	89	35
A_PB1	2099	113	T	0	0	113	35
A_PB1	2100	90	C	0	0	90	35
A_PB1	2101	107	C	0	0	107	35
A_PB1	2102	98	C	0	0	98	35
A_PB1	2103	87	T	0	0	87	35
A_PB1	2104	102	A	0	0	102	35
A_PB1	2105	106	G	0	0	106	35
A_PB1	2106	110	C	0	0	110	35
A_PB1	2107	87	A	0	0	87	35
A_PB1	2108	112	G	0	0	112	35
A_PB1	2109	100	T	0	0	100	35
A_PB1	2110	87	T	0	0	87	35
A_PB1	2111	104	C	0	0	104	35
A_PB1	2112	93	A	0	0	93	35
A_PB1	2113	114	T	0	0	114	35
A_PB1	2114	89	A	0	0	89	35
A_PB1	2115	109	C	0	0	109	35
A_PB1	2116	94	A	0	0	94	35
A_PB1	2117	114	G	0	0	114	35
A_PB1	2118	107	G	0	0	107	35
A_PB1	2119	89	A	0	0	89	35
A_PB1	2120	105	G	0	0	105	35
A_PB1	2121	87	G	0	0	87	35
A_PB1	2122	98	C	0	0	98	35
A_PB1	2123	89	C	0	0	89	35
A_PB1	2124	91	A	0	0	91	35
A_PB1	2125	92	G	0	0	92	35
A_PB1	2126	87	T	0	0	87	35
A_PB1	2127	107	T	0	0	107	35
A_PB1	2128	114	G	0	0	114	35
A_PB1	2129	95	G	0	0	95	35
A_PB1	2130	98	A	0	0	98	35
A_PB1	2131	106	A	0	0	106	35
A_PB1	2132	95	T	0	0	95	35
A_PB1	2133	96	T	0	0	96	35
A_PB1	2134	103	T	0	0	103	35
A_PB1	2135	89	C	0	0	89	35
A_PB1	2136	105	C	0	0	105	35
A_PB1	2137	100	A	0	0	100	35
A_PB1	2138	96	G	0	0	96	35
A_PB1	2139	100	C	0	0	100	35
A_PB1	2140	102	A	0	0	102	35
A_PB1	2141	86	T	0	0	86	35
A_PB1	2142	100	G	0	0	100	35
A_PB1	2143	100	G	0	0	100	35
A_PB1	2144	95	T	0	0	95	35
A_PB1	2145	101	G	0	0	101	35
A_PB1	2146	107	G	0	0	107	35
A_PB1	2147	108	A	0	0	108	35
A_PB1	2148	93	G	0	0	93	35
A_PB1	2149	98	G	0	0	98	35
A_PB1	2150	114	C	0	0	114	35
A_PB1	2151	114	C	0	0	114	35
A_PB1	2152	105	A	0	0	105	35
A_PB1	2153	110	T	0	0	110	35
A_PB1	2154	94	G	0	0	94	35
A_PB1	2155	109	G	0	0	109	35
A_PB1	2156	114	T	0	0	114	35
A_PB1	2157	95	T	0	0	95	35
A_PB1	2158	99	T	0	0	99	35
A_PB1	2159	93	C	0	0	93	35
A_PB1	2160	111	T	0	0	111	35
A_PB1	2161	96	A	0	0	96	35
A_PB1	2162	99	G	0	0	99	35
A_PB1	2163	88	G	0	0	88	35
A_PB1	2164	110	G	0	0	110	35
A_PB1	2165	98	C	0	0	98	35
A_PB1	2166	93	C	0	0	93	35
A_PB1	2167	89	C	0	0	89	35
A_PB1	2168	89	G	0	0	89	35
A_PB1	2169	86	A	0	0	86	35
A_PB1	2170	101	A	0	0	101	35
A_PB1	2171	89	T	0	0	89	35
A_PB1	2172	95	T	0	0	95	35
A_PB1	2173	98	G	0	0	98	35
A_PB1	2174	101	A	0	0	101	35
A_PB1	2175	101	C	0	0	101	35
A_PB1	2176	88	G	0	0	88	35
A_PB1	2177	105	C	0	0	105	35
A_PB1	2178	105	A	0	0	105	35
A_PB1	2179	96	C	0	0	96	35
A_PB1	2180	85	G	0	0	85	35
A_PB1	2181	85	A	0	0	85	35
A_PB1	2182	107	A	0	0	107	35
A_PB1	2183	97	T	0	0	97	35
A_PB1	2184	101	T	0	0	101	35
A_PB1	2185	95	G	0	0	95	35
A_PB1	2186	85	A	0	0	85	35
A_PB1	2187	109	C	0	0	109	35
A_PB1	2188	114	T	0	0	114	35
A_PB1	2189	115	T	0	0	115	35
A_PB1	2190	85	C	0	0	85	35
A_PB1	2191	99	G	0	0	99	35
A_PB1	2192	101	A	0	0	101	35
A_PB1	2193	97	A	0	0	97	35
A_PB1	2194	108	T	0	0	108	35
A_PB1	2195	93	C	0	0	93	35
A_PB1	2196	111	T	0	0	111	35
A_PB1	2197	89	G	0	0	89	35
A_PB1	2198	96	G	0	0	96	35
A_PB1	2199	105	A	0	0	105	35
A_PB1	2200	94	C	0	0	94	35
A_PB1	2201	113	G	0	0	113	35
A_PB1	2202	108	G	0	0	108	35
A_PB1	2203	111	A	0	0	111	35
A_PB1	2204	113	T	0	0	113	35
A_PB1	2205	86	T	0	0	86	35
A_PB1	2206	94	A	0	0	94	35
A_PB1	2207	97	A	0	0	97	35
A_PB1	2208	96	G	0	0	96	35
A_PB1	2209	101	A	0	0	101	35
A_PB1	2210	99	A	0	0	99	35
A_PB1	2211	95	G	0	0	95	35
A_PB1	2212	87	G	0	0	87	35
A_PB1	2213	87	A	0	0	87	35
A_PB1	2214	104	G	0	0	104	35
A_PB1	2215	103	G	0	0	103	35
A_PB1	2216	105	A	0	0	105	35
A_PB1	2217	85	G	0	0	85	35
A_PB1	2218	107	T	0	0	107	35
A_PB1	2219	89	T	0	0	89	35
A_PB1	2220	93	T	0	0	93	35
A_PB1	2221	87	G	0	0	87	35
A_PB1	2222	91	C	0	0	91	35
A_PB1	2223	96	T	0	0	96	35
A_PB1	2224	95	G	0	0	95	35
A_PB1	2225	92	A	0	0	92	35
A_PB1	2226	98	G	0	0	98	35
A_PB1	2227	106	A	0	0	106	35
A_PB1	2228	97	T	0	0	97	35
A_PB1	2229	97	C	0	0	97	35
A_PB1	2230	115	A	0	0	115	35
A_PB1	2231	110	T	0	0	110	35
A_PB1	2232	115	G	0	0	115	35
A_PB1	2233	93	A	0	0	93	35
A_PB1	2234	91	A	0	0	91	35
A_PB1	2235	87	G	0	0	87	35
A_PB1	2236	111	A	0	0	111	35
A_PB1	2237	99	T	0	0	99	35
A_PB1	2238	104	C	0	0	104	35
A_PB1	2239	98	T	0	0	98	35
A_PB1	2240	115	G	0	0	115	35
A_PB1	2241	95	T	0	0	95	35
A_PB1	2242	89	T	0	0	89	35
A_PB1	2243	91	C	0	0	91	35
A_PB1	2244	109	C	0	0	109	35
A_PB1	2245	110	A	0	0	110	35
A_PB1	2246	88	C	0	0	88	35
A_PB1	2247	91	C	0	0	91	35
A_PB1	2248	89	A	0	0	89	35
A_PB1	2249	105	T	0	0	105	35
A_PB1	2250	104	T	0	0	104	35
A_PB1	2251	111	G	0	0	111	35
A_PB1	2252	94	A	0	0	94	35
A_PB1	2253	106	A	0	0	106	35
A_PB1	2254	110	G	0	0	110	35
A_PB1	2255	96	A	0	0	96	35
A_PB1	2256	105	G	0	0	105	35
A_PB1	2257	91	C	0	0	91	35
A_PB1	2258	94	T	0	0	94	35
A_PB1	2259	85	C	0	0	85	35
A_PB1	2260	85	A	0	0	85	35
A_PB1	2261	87	G	0	0	87	35
A_PB1	2262	85	A	0	0	85	35
A_PB1	2263	111	C	0	0	111	35
A_PB1	2264	103	G	0	0	103	35
A_PB1	2265	98	G	0	0	98	35
A_PB1	2266	110	C	0	0	110	35
A_PB1	2267	93	A	0	0	93	35
A_PB1	2268	100	G	0	0	100	35
A_PB1	2269	102	A	0	0	102	35
A_PB1	2270	86	A	0	0	86	35
A_PB1	2271	98	A	0	0	98	35
A_PB1	2272	109	T	0	0	109	35
A_PB1	2273	94	A	0	0	94	35
A_PB1	2274	107	G	0	0	107	35
