Reference_Name	Position	Coverage Depth	Consensus	Deletions	Ambiguous	Consensus_Count	Consensus_Average_Quality
A_HA	1	104	A	0	0	104	35
A_HA	2	113	T	0	0	113	35
A_HA	3	112	G	0	0	112	35
A_HA	4	96	G	0	0	96	35
A_HA	5	103	A	0	0	103	35
A_HA	6	91	G	0	0	91	35
A_HA	7	107	A	0	0	107	35
A_HA	8	87	A	0	0	87	35
A_HA	9	86	C	0	0	86	35
A_HA	10	106	A	0	0	106	35
A_HA	11	92	T	0	0	92	35
A_HA	12	109	A	0	0	109	35
A_HA	13	94	G	0	0	94	35
A_HA	14	87	T	0	0	87	35
A_HA	15	112	A	0	0	112	35
A_HA	16	92	C	0	0	92	35
A_HA	17	112	T	0	0	112	35
A_HA	18	88	A	0	0	88	35
A_HA	19	97	C	0	0	97	35
A_HA	20	93	T	0	0	93	35
A_HA	21	99	T	0	0	99	35
A_HA	22	105	C	0	0	105	35
A_HA	23	111	T	0	0	111	35
A_HA	24	96	T	0	0	96	35
A_HA	25	90	G	0	0	90	35
A_HA	26	96	C	0	0	96	35
A_HA	27	96	A	0	0	96	35
A_HA	28	91	A	0	0	91	35
A_HA	29	106	T	0	0	106	35
A_HA	30	93	A	0	0	93	35
A_HA	31	107	G	0	0	107	35
A_HA	32	114	T	0	0	114	35
A_HA	33	106	T	0	0	106	35
A_HA	34	105	A	0	0	105	35
A_HA	35	87	G	0	0	87	35
A_HA	36	104	C	0	0	104	35
A_HA	37	105	C	0	0	105	35
A_HA	38	90	T	0	0	90	35
A_HA	39	102	T	0	0	102	35
A_HA	40	108	G	0	0	108	35
A_HA	41	92	T	0	0	92	35
A_HA	42	90	T	0	0	90	35
A_HA	43	99	A	0	0	99	35
A_HA	44	97	A	0	0	97	35
A_HA	45	93	A	0	0	93	35
A_HA	46	114	A	0	0	114	35
A_HA	47	105	G	0	0	105	35
A_HA	48	107	T	0	0	107	35
A_HA	49	102	G	0	0	102	35
A_HA	50	92	A	0	0	92	35
A_HA	51	106	T	0	0	106	35
A_HA	52	95	C	0	0	95	35
A_HA	53	111	A	0	0	111	35
A_HA	54	109	G	0	0	109	35
A_HA	55	109	A	0	0	109	35
A_HA	56	86	T	0	0	86	35
A_HA	57	92	T	0	0	92	35
A_HA	58	111	T	0	0	111	35
A_HA	59	86	G	0	0	86	35
A_HA	60	110	C	0	0	110	35
A_HA	61	95	A	0	0	95	35
A_HA	62	97	T	0	0	97	35
A_HA	63	93	T	0	0	93	35
A_HA	64	87	G	0	0	87	35
A_HA	65	91	G	0	0	91	35
A_HA	66	114	T	0	0	114	35
A_HA	67	115	T	0	0	115	35
A_HA	68	103	A	0	0	103	35
A_HA	69	113	C	0	0	113	35
A_HA	70	107	C	0	0	107	35
A_HA	71	95	A	0	0	95	35
A_HA	72	91	T	0	0	91	35
A_HA	73	105	G	0	0	105	35
A_HA	74	100	C	0	0	100	35
A_HA	75	97	A	0	0	97	35
A_HA	76	113	A	0	0	113	35
A_HA	77	114	A	0	0	114	35
A_HA	78	105	C	0	0	105	35
A_HA	79	99	A	0	0	99	35
A_HA	80	89	A	0	0	89	35
A_HA	81	93	T	0	0	93	35
A_HA	82	89	T	0	0	89	35
A_HA	83	92	C	0	0	92	35
A_HA	84	108	G	0	0	108	35
A_HA	85	102	A	0	0	102	35
A_HA	86	102	C	0	0	102	35
A_HA	87	93	A	0	0	93	35
A_HA	88	108	G	0	0	108	35
A_HA	89	103	A	0	0	103	35
A_HA	90	98	G	0	0	98	35
A_HA	91	113	C	0	0	113	35
A_HA	92	103	A	0	0	103	35
A_HA	93	97	A	0	0	97	35
A_HA	94	96	G	0	0	96	35
A_HA	95	92	T	0	0	92	35
A_HA	96	89	T	0	0	89	35
A_HA	97	101	G	0	0	101	35
A_HA	98	100	A	0	0	100	35
A_HA	99	87	C	0	0	87	35
A_HA	100	109	A	0	0	109	35
A_HA	101	86	C	0	0	86	35
A_HA	102	112	G	0	0	112	35
A_HA	103	88	A	0	0	88	35
A_HA	104	89	T	0	0	89	35
A_HA	105	105	A	0	0	105	35
A_HA	106	90	A	0	0	90	35
A_HA	107	110	T	0	0	110	35
A_HA	108	106	G	0	0	106	35
A_HA	109	98	G	0	0	98	35
A_HA	110	104	A	0	0	104	35
A_HA	111	87	A	0	0	87	35
A_HA	112	97	A	0	0	97	35
A_HA	113	97	A	0	0	97	35
A_HA	114	104	G	0	0	104	35
A_HA	115	99	A	0	0	99	35
A_HA	116	101	A	0	0	101	35
A_HA	117	93	C	0	0	93	35
A_HA	118	102	G	0	0	102	35
A_HA	119	112	T	0	0	112	35
A_HA	120	115	C	0	0	115	35
A_HA	121	85	A	0	0	85	35
A_HA	122	106	C	0	0	106	35
A_HA	123	108	T	0	0	108	35
A_HA	124	88	G	0	0	88	35
A_HA	125	106	T	0	0	106	35
A_HA	126	113	T	0	0	113	35
A_HA	127	102	A	0	0	102	35
A_HA	128	109	C	0	0	109	35
A_HA	129	93	A	0	0	93	35
A_HA	130	109	C	0	0	109	35
A_HA	131	105	A	0	0	105	35
A_HA	132	95	T	0	0	95	35
A_HA	133	88	G	0	0	88	35
A_HA	134	94	C	0	0	94	35
A_HA	135	98	C	0	0	98	35
A_HA	136	90	C	0	0	90	35
A_HA	137	99	A	0	0	99	35
A_HA	138	85	A	0	0	85	35
A_HA	139	115	G	0	0	115	35
A_HA	140	108	A	0	0	108	35
A_HA	141	113	C	0	0	113	35
A_HA	142	108	A	0	0	108	35
A_HA	143	93	T	0	0	93	35
A_HA	144	101	A	0	0	101	35
A_HA	145	109	C	0	0	109	35
A_HA	146	90	T	0	0	90	35
A_HA	147	101	G	0	0	101	35
A_HA	148	114	G	0	0	114	35
A_HA	149	88	A	0	0	88	35
A_HA	150	112	A	0	0	112	35
A_HA	151	105	A	0	0	105	35
A_HA	152	94	A	0	0	94	35
A_HA	153	111	A	0	0	111	35
A_HA	154	105	A	0	0	105	35
A_HA	155	101	C	0	0	101	35
A_HA	156	104	A	0	0	104	35
A_HA	157	91	C	0	0	91	35
A_HA	158	89	A	0	0	89	35
A_HA	159	96	C	0	0	96	35
A_HA	160	109	A	0	0	109	35
A_HA	161	90	A	0	0	90	35
A_HA	162	102	C	0	0	102	35
A_HA	163	115	G	0	0	115	35
A_HA	164	109	G	0	0	109	35
A_HA	165	114	G	0	0	114	35
A_HA	166	101	A	0	0	101	35
A_HA	167	114	A	0	0	114	35
A_HA	168	85	G	0	0	85	35
A_HA	169	104	C	0	0	104	35
A_HA	170	95	T	0	0	95	35
A_HA	171	100	C	0	0	100	35
A_HA	172	85	T	0	0	85	35
A_HA	173	88	G	0	0	88	35
A_HA	174	114	T	0	0	114	35
A_HA	175	96	G	0	0	96	35
A_HA	176	113	A	0	0	113	35
A_HA	177	111	T	0	0	111	35
A_HA	178	110	T	0	0	110	35
A_HA	179	94	T	0	0	94	35
A_HA	180	92	A	0	0	92	35
A_HA	181	86	A	0	0	86	35
A_HA	182	92	A	0	0	92	35
A_HA	183	113	T	0	0	113	35
A_HA	184	103	G	0	0	103	35
A_HA	185	115	G	0	0	115	35
A_HA	186	87	G	0	0	87	35
A_HA	187	87	G	0	0	87	35
A_HA	188	108	T	0	0	108	35
A_HA	189	100	G	0	0	100	35
A_HA	190	111	A	0	0	111	35
A_HA	191	87	A	0	0	87	35
A_HA	192	109	G	0	0	109	35
A_HA	193	102	C	0	0	102	35
A_HA	194	109	C	0	0	109	35
A_HA	195	89	A	0	0	89	35
A_HA	196	89	C	0	0	89	35
A_HA	197	106	T	0	0	106	35
A_HA	198	100	G	0	0	100	35
A_HA	199	115	A	0	0	115	35
A_HA	200	102	T	0	0	102	35
A_HA	201	90	T	0	0	90	35
A_HA	202	93	T	0	0	93	35
A_HA	203	101	T	0	0	101	35
A_HA	204	112	A	0	0	112	35
A_HA	205	104	A	0	0	104	35
A_HA	206	98	A	0	0	98	35
A_HA	207	115	G	0	0	115	35
A_HA	208	91	G	0	0	91	35
A_HA	209	114	A	0	0	114	35
A_HA	210	102	T	0	0	102	35
A_HA	211	109	T	0	0	109	35
A_HA	212	108	G	0	0	108	35
A_HA	213	107	T	0	0	107	35
A_HA	214	91	A	0	0	91	35
A_HA	215	107	G	0	0	107	35
A_HA	216	94	T	0	0	94	35
A_HA	217	97	G	0	0	97	35
A_HA	218	106	T	0	0	106	35
A_HA	219	105	A	0	0	105	35
A_HA	220	96	G	0	0	96	35
A_HA	221	99	C	0	0	99	35
A_HA	222	113	T	0	0	113	35
A_HA	223	101	G	0	0	101	35
A_HA	224	99	G	0	0	99	35
A_HA	225	88	A	0	0	88	35
A_HA	226	92	T	0	0	92	35
A_HA	227	92	G	0	0	92	35
A_HA	228	87	G	0	0	87	35
A_HA	229	95	C	0	0	95	35
A_HA	230	85	T	0	0	85	35
A_HA	231	103	C	0	0	103	35
A_HA	232	102	C	0	0	102	35
A_HA	233	92	T	0	0	92	35
A_HA	234	103	C	0	0	103	35
A_HA	235	92	G	0	0	92	35
A_HA	236	85	G	0	0	85	35
A_HA	237	87	A	0	0	87	35
A_HA	238	107	A	0	0	107	35
A_HA	239	105	A	0	0	105	35
A_HA	240	86	C	0	0	86	35
A_HA	241	92	C	0	0	92	35
A_HA	242	87	C	0	0	87	35
A_HA	243	113	A	0	0	113	35
A_HA	244	86	A	0	0	86	35
A_HA	245	112	T	0	0	112	35
A_HA	246	95	G	0	0	95	35
A_HA	247	87	T	0	0	87	35
A_HA	248	101	G	0	0	101	35
A_HA	249	92	C	0	0	92	35
A_HA	250	93	G	0	0	93	35
A_HA	251	106	A	0	0	106	35
A_HA	252	100	C	0	0	100	35
A_HA	253	91	G	0	0	91	35
A_HA	254	102	A	0	0	102	35
A_HA	255	89	A	0	0	89	35
A_HA	256	108	T	0	0	108	35
A_HA	257	114	T	0	0	114	35
A_HA	258	113	C	0	0	113	35
A_HA	259	103	A	0	0	103	35
A_HA	260	103	T	0	0	103	35
A_HA	261	100	C	0	0	100	35
A_HA	262	92	A	0	0	92	35
A_HA	263	110	G	0	0	110	35
A_HA	264	100	A	0	0	100	35
A_HA	265	110	G	0	0	110	35
A_HA	266	98	T	0	0	98	35
A_HA	267	91	G	0	0	91	35
A_HA	268	88	C	0	0	88	35
A_HA	269	88	C	0	0	88	35
A_HA	270	106	G	0	0	106	35
A_HA	271	98	G	0	0	98	35
A_HA	272	96	A	0	0	96	35
A_HA	273	98	A	0	0	98	35
A_HA	274	98	T	0	0	98	35
A_HA	275	99	G	0	0	99	35
A_HA	276	112	G	0	0	112	35
A_HA	277	108	T	0	0	108	35
A_HA	278	86	C	0	0	86	35
A_HA	279	106	C	0	0	106	35
A_HA	280	105	T	0	0	105	35
A_HA	281	105	A	0	0	105	35
A_HA	282	88	C	0	0	88	35
A_HA	283	86	A	0	0	86	35
A_HA	284	97	T	0	0	97	35
A_HA	285	108	A	0	0	108	35
A_HA	286	95	G	0	0	95	35
A_HA	287	110	T	0	0	110	35
A_HA	288	112	G	0	0	112	35
A_HA	289	88	G	0	0	88	35
A_HA	290	92	A	0	0	92	35
A_HA	291	91	G	0	0	91	35
A_HA	292	91	C	0	0	91	35
A_HA	293	102	G	0	0	102	35
A_HA	294	99	G	0	0	99	35
A_HA	295	89	G	0	0	89	35
A_HA	296	98	C	0	0	98	35
A_HA	297	90	T	0	0	90	35
A_HA	298	93	A	0	0	93	35
A_HA	299	99	A	0	0	99	35
A_HA	300	92	C	0	0	92	35
A_HA	301	112	C	0	0	112	35
A_HA	302	114	C	0	0	114	35
A_HA	303	87	A	0	0	87	35
A_HA	304	99	G	0	0	99	35
A_HA	305	110	C	0	0	110	35
A_HA	306	112	T	0	0	112	35
A_HA	307	112	A	0	0	112	35
A_HA	308	102	A	0	0	102	35
A_HA	309	88	T	0	0	88	35
A_HA	310	86	G	0	0	86	35
A_HA	311	105	A	0	0	105	35
A_HA	312	102	C	0	0	102	35
A_HA	313	111	C	0	0	111	35
A_HA	314	85	T	0	0	85	35
A_HA	315	87	C	0	0	87	35
A_HA	316	114	T	0	0	114	35
A_HA	317	109	G	0	0	109	35
A_HA	318	112	T	0	0	112	35
A_HA	319	92	T	0	0	92	35
A_HA	320	90	A	0	0	90	35
A_HA	321	98	C	0	0	98	35
A_HA	322	100	C	0	0	100	35
A_HA	323	100	C	0	0	100	35
A_HA	324	91	A	0	0	91	35
A_HA	325	112	G	0	0	112	35
A_HA	326	97	G	0	0	97	35
A_HA	327	113	G	0	0	113	35
A_HA	328	86	A	0	0	86	35
A_HA	329	90	G	0	0	90	35
A_HA	330	97	C	0	0	97	35
A_HA	331	85	C	0	0	85	35
A_HA	332	97	T	0	0	97	35
A_HA	333	93	C	0	0	93	35
A_HA	334	114	A	0	0	114	35
A_HA	335	110	A	0	0	110	35
A_HA	336	110	T	0	0	110	35
A_HA	337	99	G	0	0	99	35
A_HA	338	94	A	0	0	94	35
A_HA	339	98	C	0	0	98	35
A_HA	340	107	T	0	0	107	35
A_HA	341	115	A	0	0	115	35
A_HA	342	108	T	0	0	108	35
A_HA	343	110	G	0	0	110	35
A_HA	344	102	A	0	0	102	35
A_HA	345	106	A	0	0	106	35
A_HA	346	107	G	0	0	107	35
A_HA	347	100	A	0	0	100	35
A_HA	348	89	A	0	0	89	35
A_HA	349	91	C	0	0	91	35
A_HA	350	94	T	0	0	94	35
A_HA	351	91	G	0	0	91	35
A_HA	352	115	A	0	0	115	35
A_HA	353	86	A	0	0	86	35
A_HA	354	103	A	0	0	103	35
A_HA	355	108	C	0	0	108	35
A_HA	356	102	A	0	0	102	35
A_HA	357	86	C	0	0	86	35
A_HA	358	108	A	0	0	108	35
A_HA	359	95	T	0	0	95	35
A_HA	360	86	G	0	0	86	35
A_HA	361	86	T	0	0	86	35
A_HA	362	103	T	0	0	103	35
A_HA	363	100	G	0	0	100	35
A_HA	364	101	A	0	0	101	35
A_HA	365	114	G	0	0	114	35
A_HA	366	112	C	0	0	112	35
A_HA	367	101	A	0	0	101	35
A_HA	368	90	G	0	0	90	35
A_HA	369	86	A	0	0	86	35
A_HA	370	115	A	0	0	115	35
A_HA	371	101	T	0	0	101	35
A_HA	372	87	A	0	0	87	35
A_HA	373	112	A	0	0	112	35
A_HA	374	90	A	0	0	90	35
A_HA	375	87	T	0	0	87	35
A_HA	376	104	C	0	0	104	35
A_HA	377	87	A	0	0	87	35
A_HA	378	106	T	0	0	106	35
A_HA	379	112	T	0	0	112	35
A_HA	380	92	T	0	0	92	35
A_HA	381	97	T	0	0	97	35
A_HA	382	88	G	0	0	88	35
A_HA	383	115	A	0	0	115	35
A_HA	384	113	G	0	0	113	35
A_HA	385	103	A	0	0	103	35
A_HA	386	92	A	0	0	92	35
A_HA	387	103	G	0	0	103	35
A_HA	388	104	A	0	0	104	35
A_HA	389	86	T	0	0	86	35
A_HA	390	104	T	0	0	104	35
A_HA	391	87	C	0	0	87	35
A_HA	392	98	A	0	0	98	35
A_HA	393	106	G	0	0	106	35
A_HA	394	103	A	0	0	103	35
A_HA	395	103	T	0	0	103	35
A_HA	396	101	C	0	0	101	35
A_HA	397	95	A	0	0	95	35
A_HA	398	114	T	0	0	114	35
A_HA	399	93	T	0	0	93	35
A_HA	400	91	C	0	0	91	35
A_HA	401	106	C	0	0	106	35
A_HA	402	107	C	0	0	107	35
A_HA	403	95	A	0	0	95	35
A_HA	404	92	A	0	0	92	35
A_HA	405	93	G	0	0	93	35
A_HA	406	97	G	0	0	97	35
A_HA	407	89	G	0	0	89	35
A_HA	408	106	T	0	0	106	35
A_HA	409	105	T	0	0	105	35
A_HA	410	94	C	0	0	94	35
A_HA	411	99	C	0	0	99	35
A_HA	412	95	T	0	0	95	35
A_HA	413	114	G	0	0	114	35
A_HA	414	109	G	0	0	109	35
A_HA	415	114	C	0	0	114	35
A_HA	416	87	C	0	0	87	35
A_HA	417	85	A	0	0	85	35
A_HA	418	99	A	0	0	99	35
A_HA	419	104	A	0	0	104	35
A_HA	420	103	T	0	0	103	35
A_HA	421	88	C	0	0	88	35
A_HA	422	87	A	0	0	87	35
A_HA	423	102	T	0	0	102	35
A_HA	424	91	G	0	0	91	35
A_HA	425	101	A	0	0	101	35
A_HA	426	93	A	0	0	93	35
A_HA	427	89	A	0	0	89	35
A_HA	428	114	C	0	0	114	35
A_HA	429	96	A	0	0	96	35
A_HA	430	113	T	0	0	113	35
A_HA	431	87	C	0	0	87	35
A_HA	432	113	A	0	0	113	35
A_HA	433	92	C	0	0	92	35
A_HA	434	96	T	0	0	96	35
A_HA	435	94	A	0	0	94	35
A_HA	436	90	G	0	0	90	35
A_HA	437	99	G	0	0	99	35
A_HA	438	111	G	0	0	111	35
A_HA	439	102	G	0	0	102	35
A_HA	440	107	T	0	0	107	35
A_HA	441	94	G	0	0	94	35
A_HA	442	104	A	0	0	104	35
A_HA	443	110	G	0	0	110	35
A_HA	444	105	C	0	0	105	35
A_HA	445	101	G	0	0	101	35
A_HA	446	85	C	0	0	85	35
A_HA	447	106	A	0	0	106	35
A_HA	448	111	G	0	0	111	35
A_HA	449	102	C	0	0	102	35
A_HA	450	94	T	0	0	94	35
A_HA	451	114	T	0	0	114	35
A_HA	452	106	G	0	0	106	35
A_HA	453	88	T	0	0	88	35
A_HA	454	115	C	0	0	115	35
A_HA	455	113	C	0	0	113	35
A_HA	456	89	A	0	0	89	35
A_HA	457	93	T	0	0	93	35
A_HA	458	88	A	0	0	88	35
A_HA	459	113	C	0	0	113	35
A_HA	460	88	C	0	0	88	35
A_HA	461	108	A	0	0	108	35
A_HA	462	102	G	0	0	102	35
A_HA	463	89	G	0	0	89	35
A_HA	464	93	G	0	0	93	35
A_HA	465	94	A	0	0	94	35
A_HA	466	104	G	0	0	104	35
A_HA	467	91	C	0	0	91	35
A_HA	468	107	G	0	0	107	35
A_HA	469	95	C	0	0	95	35
A_HA	470	91	C	0	0	91	35
A_HA	471	106	C	0	0	106	35
A_HA	472	105	T	0	0	105	35
A_HA	473	112	C	0	0	112	35
A_HA	474	93	C	0	0	93	35
A_HA	475	101	T	0	0	101	35
A_HA	476	100	T	0	0	100	35
A_HA	477	93	T	0	0	93	35
A_HA	478	113	T	0	0	113	35
A_HA	479	114	T	0	0	114	35
A_HA	480	112	C	0	0	112	35
A_HA	481	86	A	0	0	86	35
A_HA	482	87	G	0	0	87	35
A_HA	483	105	A	0	0	105	35
A_HA	484	98	A	0	0	98	35
A_HA	485	111	A	0	0	111	35
A_HA	486	93	T	0	0	93	35
A_HA	487	86	G	0	0	86	35
A_HA	488	85	T	0	0	85	35
A_HA	489	95	G	0	0	95	35
A_HA	490	109	G	0	0	109	35
A_HA	491	89	T	0	0	89	35
A_HA	492	105	G	0	0	105	35
A_HA	493	93	T	0	0	93	35
A_HA	494	90	G	0	0	90	35
A_HA	495	108	G	0	0	108	35
A_HA	496	99	C	0	0	99	35
A_HA	497	102	T	0	0	102	35
A_HA	498	107	T	0	0	107	35
A_HA	499	98	A	0	0	98	35
A_HA	500	102	T	0	0	102	35
A_HA	501	85	C	0	0	85	35
A_HA	502	88	A	0	0	88	35
A_HA	503	87	A	0	0	87	35
A_HA	504	115	A	0	0	115	35
A_HA	505	113	A	0	0	113	35
A_HA	506	107	A	0	0	107	35
A_HA	507	113	G	0	0	113	35
A_HA	508	89	A	0	0	89	35
A_HA	509	102	A	0	0	102	35
A_HA	510	86	C	0	0	86	35
A_HA	511	111	G	0	0	111	35
A_HA	512	96	A	0	0	96	35
A_HA	513	103	T	0	0	103	35
A_HA	514	102	G	0	0	102	35
A_HA	515	89	C	0	0	89	35
A_HA	516	98	A	0	0	98	35
A_HA	517	89	T	0	0	89	35
A_HA	518	86	A	0	0	86	35
A_HA	519	94	C	0	0	94	35
A_HA	520	96	C	0	0	96	35
A_HA	521	113	C	0	0	113	35
A_HA	522	114	A	0	0	114	35
A_HA	523	110	A	0	0	110	35
A_HA	524	112	C	0	0	112	35
A_HA	525	86	A	0	0	86	35
A_HA	526	113	A	0	0	113	35
A_HA	527	96	T	0	0	96	35
A_HA	528	91	A	0	0	91	35
A_HA	529	106	A	0	0	106	35
A_HA	530	92	A	0	0	92	35
A_HA	531	106	G	0	0	106	35
A_HA	532	88	A	0	0	88	35
A_HA	533	96	T	0	0	96	35
A_HA	534	109	A	0	0	109	35
A_HA	535	102	A	0	0	102	35
A_HA	536	113	G	0	0	113	35
A_HA	537	112	C	0	0	112	35
A_HA	538	98	T	0	0	98	35
A_HA	539	104	A	0	0	104	35
A_HA	540	108	C	0	0	108	35
A_HA	541	89	A	0	0	89	35
A_HA	542	114	A	0	0	114	35
A_HA	543	114	T	0	0	114	35
A_HA	544	92	A	0	0	92	35
A_HA	545	112	A	0	0	112	35
A_HA	546	90	T	0	0	90	35
A_HA	547	110	A	0	0	110	35
A_HA	548	110	C	0	0	110	35
A_HA	549	90	T	0	0	90	35
A_HA	550	113	A	0	0	113	35
A_HA	551	98	A	0	0	98	35
A_HA	552	85	T	0	0	85	35
A_HA	553	90	C	0	0	90	35
A_HA	554	108	G	0	0	108	35
A_HA	555	114	G	0	0	114	35
A_HA	556	95	G	0	0	95	35
A_HA	557	110	A	0	0	110	35
A_HA	558	114	A	0	0	114	35
A_HA	559	98	G	0	0	98	35
A_HA	560	110	A	0	0	110	35
A_HA	561	106	T	0	0	106	35
A_HA	562	112	C	0	0	112	35
A_HA	563	108	T	0	0	108	35
A_HA	564	110	C	0	0	110	35
A_HA	565	92	T	0	0	92	35
A_HA	566	93	T	0	0	93	35
A_HA	567	90	G	0	0	90	35
A_HA	568	110	A	0	0	110	35
A_HA	569	107	T	0	0	107	35
A_HA	570	88	A	0	0	88	35
A_HA	571	97	C	0	0	97	35
A_HA	572	112	T	0	0	112	35
A_HA	573	86	G	0	0	86	35
A_HA	574	112	T	0	0	112	35
A_HA	575	100	G	0	0	100	35
A_HA	576	92	G	0	0	92	35
A_HA	577	91	G	0	0	91	35
A_HA	578	111	G	0	0	111	35
A_HA	579	114	G	0	0	114	35
A_HA	580	99	A	0	0	99	35
A_HA	581	96	T	0	0	96	35
A_HA	582	94	T	0	0	94	35
A_HA	583	111	C	0	0	111	35
A_HA	584	110	A	0	0	110	35
A_HA	585	112	T	0	0	112	35
A_HA	586	92	C	0	0	92	35
A_HA	587	92	A	0	0	92	35
A_HA	588	85	T	0	0	85	35
A_HA	589	106	T	0	0	106	35
A_HA	590	91	C	0	0	91	35
A_HA	591	97	C	0	0	97	35
A_HA	592	95	A	0	0	95	35
A_HA	593	93	A	0	0	93	35
A_HA	594	112	C	0	0	112	35
A_HA	595	87	A	0	0	87	35
A_HA	596	115	A	0	0	115	35
A_HA	597	109	T	0	0	109	35
A_HA	598	93	G	0	0	93	35
A_HA	599	96	C	0	0	96	35
A_HA	600	105	A	0	0	105	35
A_HA	601	101	G	0	0	101	35
A_HA	602	97	A	0	0	97	35
A_HA	603	106	A	0	0	106	35
A_HA	604	111	G	0	0	111	35
A_HA	605	102	A	0	0	102	35
A_HA	606	95	G	0	0	95	35
A_HA	607	115	C	0	0	115	35
A_HA	608	85	A	0	0	85	35
A_HA	609	88	G	0	0	88	35
A_HA	610	113	A	0	0	113	35
A_HA	611	93	C	0	0	93	35
A_HA	612	90	A	0	0	90	35
A_HA	613	103	A	0	0	103	35
A_HA	614	115	A	0	0	115	35
A_HA	615	93	T	0	0	93	35
A_HA	616	86	C	0	0	86	35
A_HA	617	88	T	0	0	88	35
A_HA	618	104	C	0	0	104	35
A_HA	619	98	T	0	0	98	35
A_HA	620	96	A	0	0	96	35
A_HA	621	108	C	0	0	108	35
A_HA	622	110	A	0	0	110	35
A_HA	623	95	A	0	0	95	35
A_HA	624	98	A	0	0	98	35
A_HA	625	104	A	0	0	104	35
A_HA	626	101	A	0	0	101	35
A_HA	627	88	C	0	0	88	35
A_HA	628	97	C	0	0	97	35
A_HA	629	113	C	0	0	113	35
A_HA	630	103	A	0	0	103	35
A_HA	631	91	A	0	0	91	35
A_HA	632	93	C	0	0	93	35
A_HA	633	86	C	0	0	86	35
A_HA	634	107	A	0	0	107	35
A_HA	635	98	C	0	0	98	35
A_HA	636	85	C	0	0	85	35
A_HA	637	101	T	0	0	101	35
A_HA	638	114	A	0	0	114	35
A_HA	639	110	C	0	0	110	35
A_HA	640	102	A	0	0	102	35
A_HA	641	106	T	0	0	106	35
A_HA	642	108	T	0	0	108	35
A_HA	643	115	T	0	0	115	35
A_HA	644	108	C	0	0	108	35
A_HA	645	108	A	0	0	108	35
A_HA	646	106	G	0	0	106	35
A_HA	647	91	T	0	0	91	35
A_HA	648	96	T	0	0	96	35
A_HA	649	98	G	0	0	98	35
A_HA	650	87	G	0	0	87	35
A_HA	651	115	A	0	0	115	35
A_HA	652	106	A	0	0	106	35
A_HA	653	114	C	0	0	114	35
A_HA	654	95	A	0	0	95	35
A_HA	655	104	T	0	0	104	35
A_HA	656	95	C	0	0	95	35
A_HA	657	106	A	0	0	106	35
A_HA	658	112	A	0	0	112	35
A_HA	659	88	C	0	0	88	35
A_HA	660	108	T	0	0	108	35
A_HA	661	113	T	0	0	113	35
A_HA	662	94	T	0	0	94	35
A_HA	663	101	A	0	0	101	35
A_HA	664	94	A	0	0	94	35
A_HA	665	106	A	0	0	106	35
A_HA	666	98	C	0	0	98	35
A_HA	667	95	C	0	0	95	35
A_HA	668	97	A	0	0	97	35
A_HA	669	107	G	0	0	107	35
A_HA	670	94	A	0	0	94	35
A_HA	671	102	G	0	0	102	35
A_HA	672	89	G	0	0	89	35
A_HA	673	91	T	0	0	91	35
A_HA	674	98	T	0	0	98	35
A_HA	675	106	G	0	0	106	35
A_HA	676	115	G	0	0	115	35
A_HA	677	97	C	0	0	97	35
A_HA	678	106	A	0	0	106	35
A_HA	679	108	C	0	0	108	35
A_HA	680	113	C	0	0	113	35
A_HA	681	90	A	0	0	90	35
A_HA	682	104	A	0	0	104	35
A_HA	683	103	A	0	0	103	35
A_HA	684	94	A	0	0	94	35
A_HA	685	97	A	0	0	97	35
A_HA	686	102	T	0	0	102	35
A_HA	687	111	A	0	0	111	35
A_HA	688	85	G	0	0	85	35
A_HA	689	94	C	0	0	94	35
A_HA	690	94	T	0	0	94	35
A_HA	691	91	A	0	0	91	35
A_HA	692	98	C	0	0	98	35
A_HA	693	110	T	0	0	110	35
A_HA	694	103	A	0	0	103	35
A_HA	695	104	G	0	0	104	35
A_HA	696	105	A	0	0	105	35
A_HA	697	95	T	0	0	95	35
A_HA	698	99	C	0	0	99	35
A_HA	699	99	C	0	0	99	35
A_HA	700	99	C	0	0	99	35
A_HA	701	106	A	0	0	106	35
A_HA	702	91	A	0	0	91	35
A_HA	703	101	G	0	0	101	35
A_HA	704	100	T	0	0	100	35
A_HA	705	110	A	0	0	110	35
A_HA	706	113	A	0	0	113	35
A_HA	707	115	A	0	0	115	35
A_HA	708	110	C	0	0	110	35
A_HA	709	108	G	0	0	108	35
A_HA	710	90	G	0	0	90	35
A_HA	711	106	G	0	0	106	35
A_HA	712	87	C	0	0	87	35
A_HA	713	94	A	0	0	94	35
A_HA	714	101	A	0	0	101	35
A_HA	715	106	C	0	0	106	35
A_HA	716	105	G	0	0	105	35
A_HA	717	104	T	0	0	104	35
A_HA	718	95	G	0	0	95	35
A_HA	719	87	G	0	0	87	35
A_HA	720	111	A	0	0	111	35
A_HA	721	115	A	0	0	115	35
A_HA	722	109	G	0	0	109	35
A_HA	723	92	A	0	0	92	35
A_HA	724	106	A	0	0	106	35
A_HA	725	94	T	0	0	94	35
A_HA	726	92	G	0	0	92	35
A_HA	727	110	G	0	0	110	35
A_HA	728	91	A	0	0	91	35
A_HA	729	89	C	0	0	89	35
A_HA	730	85	T	0	0	85	35
A_HA	731	86	T	0	0	86	35
A_HA	732	92	C	0	0	92	35
A_HA	733	100	T	0	0	100	35
A_HA	734	104	T	0	0	104	35
A_HA	735	112	C	0	0	112	35
A_HA	736	109	T	0	0	109	35
A_HA	737	87	G	0	0	87	35
A_HA	738	99	G	0	0	99	35
A_HA	739	98	A	0	0	98	35
A_HA	740	113	C	0	0	113	35
A_HA	741	105	A	0	0	105	35
A_HA	742	103	A	0	0	103	35
A_HA	743	91	T	0	0	91	35
A_HA	744	107	C	0	0	107	35
A_HA	745	107	T	0	0	107	35
A_HA	746	97	T	0	0	97	35
A_HA	747	100	A	0	0	100	35
A_HA	748	97	A	0	0	97	35
A_HA	749	92	A	0	0	92	35
A_HA	750	89	A	0	0	89	35
A_HA	751	105	C	0	0	105	35
A_HA	752	107	C	0	0	107	35
A_HA	753	85	A	0	0	85	35
A_HA	754	113	G	0	0	113	35
A_HA	755	109	A	0	0	109	35
A_HA	756	112	T	0	0	112	35
A_HA	757	109	G	0	0	109	35
A_HA	758	113	A	0	0	113	35
A_HA	759	88	T	0	0	88	35
A_HA	760	109	G	0	0	109	35
A_HA	761	98	C	0	0	98	35
A_HA	762	92	A	0	0	92	35
A_HA	763	90	A	0	0	90	35
A_HA	764	110	T	0	0	110	35
A_HA	765	115	C	0	0	115	35
A_HA	766	107	C	0	0	107	35
A_HA	767	101	A	0	0	101	35
A_HA	768	99	T	0	0	99	35
A_HA	769	86	T	0	0	86	35
A_HA	770	102	T	0	0	102	35
A_HA	771	92	C	0	0	92	35
A_HA	772	114	G	0	0	114	35
A_HA	773	112	A	0	0	112	35
A_HA	774	88	G	0	0	88	35
A_HA	775	99	A	0	0	99	35
A_HA	776	89	G	0	0	89	35
A_HA	777	110	T	0	0	110	35
A_HA	778	99	A	0	0	99	35
A_HA	779	106	A	0	0	106	35
A_HA	780	101	C	0	0	101	35
A_HA	781	102	G	0	0	102	35
A_HA	782	104	G	0	0	104	35
A_HA	783	95	A	0	0	95	35
A_HA	784	115	A	0	0	115	35
A_HA	785	109	A	0	0	109	35
A_HA	786	113	T	0	0	113	35
A_HA	787	99	T	0	0	99	35
A_HA	788	104	T	0	0	104	35
A_HA	789	111	C	0	0	111	35
A_HA	790	108	A	0	0	108	35
A_HA	791	113	T	0	0	113	35
A_HA	792	101	T	0	0	101	35
A_HA	793	98	G	0	0	98	35
A_HA	794	111	C	0	0	111	35
A_HA	795	114	T	0	0	114	35
A_HA	796	102	C	0	0	102	35
A_HA	797	99	C	0	0	99	35
A_HA	798	113	A	0	0	113	35
A_HA	799	90	G	0	0	90	35
A_HA	800	108	A	0	0	108	35
A_HA	801	112	A	0	0	112	35
A_HA	802	100	T	0	0	100	35
A_HA	803	99	A	0	0	99	35
A_HA	804	93	T	0	0	93	35
A_HA	805	109	G	0	0	109	35
A_HA	806	92	T	0	0	92	35
A_HA	807	111	A	0	0	111	35
A_HA	808	105	T	0	0	105	35
A_HA	809	93	A	0	0	93	35
A_HA	810	109	C	0	0	109	35
A_HA	811	109	A	0	0	109	35
A_HA	812	101	A	0	0	101	35
A_HA	813	100	A	0	0	100	35
A_HA	814	105	A	0	0	105	35
A_HA	815	92	T	0	0	92	35
A_HA	816	93	T	0	0	93	35
A_HA	817	99	G	0	0	99	35
A_HA	818	87	T	0	0	87	35
A_HA	819	107	C	0	0	107	35
A_HA	820	94	A	0	0	94	35
A_HA	821	92	A	0	0	92	35
A_HA	822	93	G	0	0	93	35
A_HA	823	95	A	0	0	95	35
A_HA	824	95	A	0	0	95	35
A_HA	825	113	A	0	0	113	35
A_HA	826	102	G	0	0	102	35
A_HA	827	87	G	0	0	87	35
A_HA	828	89	G	0	0	89	35
A_HA	829	89	G	0	0	89	35
A_HA	830	92	A	0	0	92	35
A_HA	831	97	C	0	0	97	35
A_HA	832	107	T	0	0	107	35
A_HA	833	89	C	0	0	89	35
A_HA	834	107	A	0	0	107	35
A_HA	835	91	A	0	0	91	35
A_HA	836	87	C	0	0	87	35
A_HA	837	98	A	0	0	98	35
A_HA	838	98	A	0	0	98	35
A_HA	839	95	T	0	0	95	35
A_HA	840	102	T	0	0	102	35
A_HA	841	99	A	0	0	99	35
A_HA	842	98	T	0	0	98	35
A_HA	843	86	G	0	0	86	35
A_HA	844	91	A	0	0	91	35
A_HA	845	111	A	0	0	111	35
A_HA	846	98	A	0	0	98	35
A_HA	847	97	A	0	0	97	35
A_HA	848	113	G	0	0	113	35
A_HA	849	109	T	0	0	109	35
A_HA	850	103	G	0	0	103	35
A_HA	851	115	G	0	0	115	35
A_HA	852	107	A	0	0	107	35
A_HA	853	85	A	0	0	85	35
A_HA	854	112	T	0	0	112	35
A_HA	855	113	G	0	0	113	35
A_HA	856	109	G	0	0	109	35
A_HA	857	103	A	0	0	103	35
A_HA	858	97	A	0	0	97	35
A_HA	859	100	T	0	0	100	35
A_HA	860	85	A	0	0	85	35
A_HA	861	115	T	0	0	115	35
A_HA	862	96	G	0	0	96	35
A_HA	863	94	G	0	0	94	35
A_HA	864	109	C	0	0	109	35
A_HA	865	97	C	0	0	97	35
A_HA	866	112	A	0	0	112	35
A_HA	867	113	C	0	0	113	35
A_HA	868	115	T	0	0	115	35
A_HA	869	111	G	0	0	111	35
A_HA	870	98	C	0	0	98	35
A_HA	871	102	A	0	0	102	35
A_HA	872	108	A	0	0	108	35
A_HA	873	108	C	0	0	108	35
A_HA	874	102	A	0	0	102	35
A_HA	875	110	C	0	0	110	35
A_HA	876	104	C	0	0	104	35
A_HA	877	113	A	0	0	113	35
A_HA	878	92	A	0	0	92	35
A_HA	879	100	A	0	0	100	35
A_HA	880	92	T	0	0	92	35
A_HA	881	93	G	0	0	93	35
A_HA	882	98	T	0	0	98	35
A_HA	883	100	C	0	0	100	35
A_HA	884	85	A	0	0	85	35
A_HA	885	97	A	0	0	97	35
A_HA	886	95	A	0	0	95	35
A_HA	887	106	C	0	0	106	35
A_HA	888	106	C	0	0	106	35
A_HA	889	110	C	0	0	110	35
A_HA	890	97	C	0	0	97	35
A_HA	891	108	A	0	0	108	35
A_HA	892	90	G	0	0	90	35
A_HA	893	111	T	0	0	111	35
A_HA	894	99	A	0	0	99	35
A_HA	895	114	G	0	0	114	35
A_HA	896	89	G	0	0	89	35
A_HA	897	104	T	0	0	104	35
A_HA	898	102	G	0	0	102	35
A_HA	899	85	C	0	0	85	35
A_HA	900	114	G	0	0	114	35
A_HA	901	97	A	0	0	97	35
A_HA	902	103	T	0	0	103	35
A_HA	903	103	A	0	0	103	35
A_HA	904	106	A	0	0	106	35
A_HA	905	85	A	0	0	85	35
A_HA	906	87	T	0	0	87	35
A_HA	907	105	T	0	0	105	35
A_HA	908	98	C	0	0	98	35
A_HA	909	89	T	0	0	89	35
A_HA	910	112	A	0	0	112	35
A_HA	911	99	G	0	0	99	35
A_HA	912	90	T	0	0	90	35
A_HA	913	86	A	0	0	86	35
A_HA	914	93	T	0	0	93	35
A_HA	915	97	G	0	0	97	35
A_HA	916	95	C	0	0	95	35
A_HA	917	91	C	0	0	91	35
A_HA	918	99	A	0	0	99	35
A_HA	919	95	T	0	0	95	35
A_HA	920	95	T	0	0	95	35
A_HA	921	109	C	0	0	109	35
A_HA	922	113	C	0	0	113	35
A_HA	923	97	A	0	0	97	35
A_HA	924	93	C	0	0	93	35
A_HA	925	109	A	0	0	109	35
A_HA	926	115	A	0	0	115	35
A_HA	927	111	C	0	0	111	35
A_HA	928	98	A	0	0	98	35
A_HA	929	93	T	0	0	93	35
A_HA	930	111	A	0	0	111	35
A_HA	931	87	C	0	0	87	35
A_HA	932	100	A	0	0	100	35
A_HA	933	85	T	0	0	85	35
A_HA	934	108	C	0	0	108	35
A_HA	935	102	C	0	0	102	35
A_HA	936	86	T	0	0	86	35
A_HA	937	115	C	0	0	115	35
A_HA	938	96	T	0	0	96	35
A_HA	939	92	C	0	0	92	35
A_HA	940	105	A	0	0	105	35
A_HA	941	87	C	0	0	87	35
A_HA	942	109	C	0	0	109	35
A_HA	943	115	A	0	0	115	35
A_HA	944	105	T	0	0	105	35
A_HA	945	86	T	0	0	86	35
A_HA	946	109	G	0	0	109	35
A_HA	947	85	G	0	0	85	35
A_HA	948	115	G	0	0	115	35
A_HA	949	92	G	0	0	92	35
A_HA	950	91	A	0	0	91	35
A_HA	951	111	A	0	0	111	35
A_HA	952	85	T	0	0	85	35
A_HA	953	104	G	0	0	104	35
A_HA	954	89	C	0	0	89	35
A_HA	955	92	C	0	0	92	35
A_HA	956	89	C	0	0	89	35
A_HA	957	100	C	0	0	100	35
A_HA	958	106	A	0	0	106	35
A_HA	959	88	A	0	0	88	35
A_HA	960	103	A	0	0	103	35
A_HA	961	115	T	0	0	115	35
A_HA	962	91	A	0	0	91	35
A_HA	963	99	C	0	0	99	35
A_HA	964	107	G	0	0	107	35
A_HA	965	93	T	0	0	93	35
A_HA	966	109	G	0	0	109	35
A_HA	967	96	A	0	0	96	35
A_HA	968	90	A	0	0	90	35
A_HA	969	104	G	0	0	104	35
A_HA	970	104	T	0	0	104	35
A_HA	971	115	C	0	0	115	35
A_HA	972	108	A	0	0	108	35
A_HA	973	107	A	0	0	107	35
A_HA	974	88	A	0	0	88	35
A_HA	975	109	C	0	0	109	35
A_HA	976	111	A	0	0	111	35
A_HA	977	90	A	0	0	90	35
A_HA	978	115	G	0	0	115	35
A_HA	979	94	T	0	0	94	35
A_HA	980	88	T	0	0	88	35
A_HA	981	103	G	0	0	103	35
A_HA	982	85	G	0	0	85	35
A_HA	983	114	T	0	0	114	35
A_HA	984	94	C	0	0	94	35
A_HA	985	103	C	0	0	103	35
A_HA	986	106	T	0	0	106	35
A_HA	987	114	T	0	0	114	35
A_HA	988	115	G	0	0	115	35
A_HA	989	97	C	0	0	97	35
A_HA	990	97	G	0	0	97	35
A_HA	991	115	A	0	0	115	35
A_HA	992	107	C	0	0	107	35
A_HA	993	91	T	0	0	91	35
A_HA	994	87	G	0	0	87	35
A_HA	995	103	G	0	0	103	35
A_HA	996	107	G	0	0	107	35
A_HA	997	111	C	0	0	111	35
A_HA	998	105	T	0	0	105	35
A_HA	999	92	C	0	0	92	35
A_HA	1000	88	A	0	0	88	35
A_HA	1001	107	G	0	0	107	35
A_HA	1002	109	A	0	0	109	35
A_HA	1003	94	A	0	0	94	35
A_HA	1004	112	A	0	0	112	35
A_HA	1005	106	T	0	0	106	35
A_HA	1006	104	A	0	0	104	35
A_HA	1007	110	G	0	0	110	35
A_HA	1008	88	T	0	0	88	35
A_HA	1009	110	C	0	0	110	35
A_HA	1010	103	C	0	0	103	35
A_HA	1011	110	T	0	0	110	35
A_HA	1012	86	C	0	0	86	35
A_HA	1013	96	T	0	0	96	35
A_HA	1014	102	A	0	0	102	35
A_HA	1015	98	A	0	0	98	35
A_HA	1016	106	G	0	0	106	35
A_HA	1017	96	A	0	0	96	35
A_HA	1018	87	G	0	0	87	35
A_HA	1019	101	A	0	0	101	35
A_HA	1020	105	A	0	0	105	35
A_HA	1021	95	A	0	0	95	35
A_HA	1022	85	A	0	0	85	35
A_HA	1023	112	G	0	0	112	35
A_HA	1024	98	A	0	0	98	35
A_HA	1025	111	G	0	0	111	35
A_HA	1026	100	A	0	0	100	35
A_HA	1027	88	A	0	0	88	35
A_HA	1028	98	G	0	0	98	35
A_HA	1029	115	A	0	0	115	35
A_HA	1030	96	A	0	0	96	35
A_HA	1031	105	A	0	0	105	35
A_HA	1032	113	A	0	0	113	35
A_HA	1033	111	A	0	0	111	35
A_HA	1034	99	G	0	0	99	35
A_HA	1035	107	A	0	0	107	35
A_HA	1036	89	G	0	0	89	35
A_HA	1037	98	G	0	0	98	35
A_HA	1038	90	T	0	0	90	35
A_HA	1039	108	C	0	0	108	35
A_HA	1040	101	T	0	0	101	35
A_HA	1041	115	G	0	0	115	35
A_HA	1042	105	T	0	0	105	35
A_HA	1043	93	T	0	0	93	35
A_HA	1044	104	T	0	0	104	35
A_HA	1045	110	G	0	0	110	35
A_HA	1046	114	G	0	0	114	35
A_HA	1047	102	G	0	0	102	35
A_HA	1048	109	G	0	0	109	35
A_HA	1049	100	C	0	0	100	35
A_HA	1050	99	G	0	0	99	35
A_HA	1051	98	A	0	0	98	35
A_HA	1052	111	T	0	0	111	35
A_HA	1053	108	A	0	0	108	35
A_HA	1054	103	G	0	0	103	35
A_HA	1055	93	C	0	0	93	35
A_HA	1056	95	A	0	0	95	35
A_HA	1057	112	G	0	0	112	35
A_HA	1058	92	G	0	0	92	35
A_HA	1059	111	G	0	0	111	35
A_HA	1060	114	T	0	0	114	35
A_HA	1061	87	T	0	0	87	35
A_HA	1062	93	T	0	0	93	35
A_HA	1063	113	A	0	0	113	35
A_HA	1064	99	T	0	0	99	35
A_HA	1065	92	A	0	0	92	35
A_HA	1066	109	G	0	0	109	35
A_HA	1067	99	A	0	0	99	35
A_HA	1068	103	G	0	0	103	35
A_HA	1069	104	G	0	0	104	35
A_HA	1070	106	G	0	0	106	35
A_HA	1071	97	A	0	0	97	35
A_HA	1072	95	G	0	0	95	35
A_HA	1073	85	G	0	0	85	35
A_HA	1074	100	A	0	0	100	35
A_HA	1075	112	T	0	0	112	35
A_HA	1076	95	G	0	0	95	35
A_HA	1077	90	G	0	0	90	35
A_HA	1078	100	C	0	0	100	35
A_HA	1079	91	A	0	0	91	35
A_HA	1080	96	G	0	0	96	35
A_HA	1081	110	G	0	0	110	35
A_HA	1082	93	G	0	0	93	35
A_HA	1083	95	A	0	0	95	35
A_HA	1084	93	A	0	0	93	35
A_HA	1085	113	T	0	0	113	35
A_HA	1086	104	G	0	0	104	35
A_HA	1087	107	G	0	0	107	35
A_HA	1088	113	T	0	0	113	35
A_HA	1089	93	T	0	0	93	35
A_HA	1090	102	G	0	0	102	35
A_HA	1091	85	A	0	0	85	35
A_HA	1092	101	T	0	0	101	35
A_HA	1093	115	G	0	0	115	35
A_HA	1094	91	G	0	0	91	35
A_HA	1095	87	T	0	0	87	35
A_HA	1096	92	T	0	0	92	35
A_HA	1097	108	G	0	0	108	35
A_HA	1098	98	G	0	0	98	35
A_HA	1099	100	T	0	0	100	35
A_HA	1100	102	A	0	0	102	35
A_HA	1101	109	T	0	0	109	35
A_HA	1102	92	G	0	0	92	35
A_HA	1103	107	G	0	0	107	35
A_HA	1104	100	G	0	0	100	35
A_HA	1105	105	T	0	0	105	35
A_HA	1106	107	A	0	0	107	35
A_HA	1107	100	C	0	0	100	35
A_HA	1108	99	C	0	0	99	35
A_HA	1109	110	A	0	0	110	35
A_HA	1110	85	T	0	0	85	35
A_HA	1111	87	C	0	0	87	35
A_HA	1112	94	A	0	0	94	35
A_HA	1113	92	T	0	0	92	35
A_HA	1114	97	A	0	0	97	35
A_HA	1115	107	G	0	0	107	35
A_HA	1116	92	C	0	0	92	35
A_HA	1117	94	A	0	0	94	35
A_HA	1118	106	A	0	0	106	35
A_HA	1119	103	T	0	0	103	35
A_HA	1120	96	G	0	0	96	35
A_HA	1121	100	A	0	0	100	35
A_HA	1122	102	G	0	0	102	35
A_HA	1123	101	C	0	0	101	35
A_HA	1124	96	A	0	0	96	35
A_HA	1125	98	G	0	0	98	35
A_HA	1126	108	G	0	0	108	35
A_HA	1127	102	G	0	0	102	35
A_HA	1128	95	A	0	0	95	35
A_HA	1129	96	A	0	0	96	35
A_HA	1130	107	G	0	0	107	35
A_HA	1131	99	T	0	0	99	35
A_HA	1132	93	G	0	0	93	35
A_HA	1133	94	G	0	0	94	35
A_HA	1134	93	G	0	0	93	35
A_HA	1135	92	T	0	0	92	35
A_HA	1136	88	A	0	0	88	35
A_HA	1137	108	C	0	0	108	35
A_HA	1138	91	G	0	0	91	35
A_HA	1139	95	C	0	0	95	35
A_HA	1140	88	T	0	0	88	35
A_HA	1141	108	G	0	0	108	35
A_HA	1142	102	C	0	0	102	35
A_HA	1143	115	G	0	0	115	35
A_HA	1144	109	G	0	0	109	35
A_HA	1145	107	A	0	0	107	35
A_HA	1146	90	C	0	0	90	35
A_HA	1147	91	A	0	0	91	35
A_HA	1148	91	A	0	0	91	35
A_HA	1149	108	A	0	0	108	35
A_HA	1150	100	G	0	0	100	35
A_HA	1151	93	A	0	0	93	35
A_HA	1152	108	A	0	0	108	35
A_HA	1153	103	T	0	0	103	35
A_HA	1154	109	C	0	0	109	35
A_HA	1155	101	C	0	0	101	35
A_HA	1156	104	A	0	0	104	35
A_HA	1157	94	C	0	0	94	35
A_HA	1158	88	C	0	0	88	35
A_HA	1159	111	C	0	0	111	35
A_HA	1160	91	A	0	0	91	35
A_HA	1161	94	A	0	0	94	35
A_HA	1162	92	A	0	0	92	35
A_HA	1163	96	A	0	0	96	35
A_HA	1164	90	G	0	0	90	35
A_HA	1165	94	G	0	0	94	35
A_HA	1166	85	C	0	0	85	35
A_HA	1167	107	A	0	0	107	35
A_HA	1168	102	A	0	0	102	35
A_HA	1169	89	T	0	0	89	35
A_HA	1170	93	A	0	0	93	35
A_HA	1171	86	G	0	0	86	35
A_HA	1172	86	A	0	0	86	35
A_HA	1173	102	T	0	0	102	35
A_HA	1174	94	G	0	0	94	35
A_HA	1175	107	G	0	0	107	35
A_HA	1176	115	A	0	0	115	35
A_HA	1177	89	G	0	0	89	35
A_HA	1178	105	T	0	0	105	35
A_HA	1179	112	T	0	0	112	35
A_HA	1180	109	A	0	0	109	35
A_HA	1181	100	C	0	0	100	35
A_HA	1182	88	C	0	0	88	35
A_HA	1183	112	A	0	0	112	35
A_HA	1184	85	A	0	0	85	35
A_HA	1185	103	T	0	0	103	35
A_HA	1186	94	A	0	0	94	35
A_HA	1187	100	A	0	0	100	35
A_HA	1188	100	G	0	0	100	35
A_HA	1189	99	G	0	0	99	35
A_HA	1190	95	T	0	0	95	35
A_HA	1191	90	C	0	0	90	35
A_HA	1192	115	A	0	0	115	35
A_HA	1193	86	A	0	0	86	35
A_HA	1194	93	C	0	0	93	35
A_HA	1195	115	T	0	0	115	35
A_HA	1196	112	C	0	0	112	35
A_HA	1197	100	A	0	0	100	35
A_HA	1198	88	A	0	0	88	35
A_HA	1199	111	T	0	0	111	35
A_HA	1200	87	C	0	0	87	35
A_HA	1201	97	A	0	0	97	35
A_HA	1202	100	T	0	0	100	35
A_HA	1203	87	T	0	0	87	35
A_HA	1204	103	G	0	0	103	35
A_HA	1205	105	A	0	0	105	35
A_HA	1206	106	T	0	0	106	35
A_HA	1207	86	A	0	0	86	35
A_HA	1208	89	A	0	0	89	35
A_HA	1209	89	A	0	0	89	35
A_HA	1210	110	A	0	0	110	35
A_HA	1211	103	T	0	0	103	35
A_HA	1212	115	G	0	0	115	35
A_HA	1213	94	A	0	0	94	35
A_HA	1214	87	A	0	0	87	35
A_HA	1215	92	C	0	0	92	35
A_HA	1216	88	A	0	0	88	35
A_HA	1217	102	C	0	0	102	35
A_HA	1218	109	T	0	0	109	35
A_HA	1219	98	C	0	0	98	35
A_HA	1220	104	A	0	0	104	35
A_HA	1221	104	A	0	0	104	35
A_HA	1222	110	T	0	0	110	35
A_HA	1223	104	T	0	0	104	35
A_HA	1224	92	T	0	0	92	35
A_HA	1225	109	G	0	0	109	35
A_HA	1226	101	A	0	0	101	35
A_HA	1227	97	G	0	0	97	35
A_HA	1228	99	G	0	0	99	35
A_HA	1229	114	C	0	0	114	35
A_HA	1230	99	A	0	0	99	35
A_HA	1231	94	G	0	0	94	35
A_HA	1232	112	T	0	0	112	35
A_HA	1233	103	T	0	0	103	35
A_HA	1234	98	G	0	0	98	35
A_HA	1235	94	G	0	0	94	35
A_HA	1236	103	A	0	0	103	35
A_HA	1237	104	A	0	0	104	35
A_HA	1238	86	G	0	0	86	35
A_HA	1239	104	G	0	0	104	35
A_HA	1240	115	G	0	0	115	35
A_HA	1241	108	A	0	0	108	35
A_HA	1242	88	G	0	0	88	35
A_HA	1243	115	T	0	0	115	35
A_HA	1244	109	T	0	0	109	35
A_HA	1245	91	T	0	0	91	35
A_HA	1246	105	A	0	0	105	35
A_HA	1247	91	A	0	0	91	35
A_HA	1248	93	T	0	0	93	35
A_HA	1249	106	A	0	0	106	35
A_HA	1250	87	A	0	0	87	35
A_HA	1251	90	C	0	0	90	35
A_HA	1252	92	T	0	0	92	35
A_HA	1253	90	T	0	0	90	35
A_HA	1254	102	A	0	0	102	35
A_HA	1255	87	G	0	0	87	35
A_HA	1256	90	A	0	0	90	35
A_HA	1257	85	A	0	0	85	35
A_HA	1258	98	A	0	0	98	35
A_HA	1259	99	G	0	0	99	35
A_HA	1260	107	G	0	0	107	35
A_HA	1261	104	A	0	0	104	35
A_HA	1262	100	G	0	0	100	35
A_HA	1263	94	G	0	0	94	35
A_HA	1264	86	A	0	0	86	35
A_HA	1265	92	T	0	0	92	35
A_HA	1266	94	A	0	0	94	35
A_HA	1267	107	G	0	0	107	35
A_HA	1268	94	A	0	0	94	35
A_HA	1269	107	G	0	0	107	35
A_HA	1270	112	A	0	0	112	35
A_HA	1271	99	A	0	0	99	35
A_HA	1272	87	T	0	0	87	35
A_HA	1273	106	T	0	0	106	35
A_HA	1274	92	T	0	0	92	35
A_HA	1275	114	G	0	0	114	35
A_HA	1276	93	A	0	0	93	35
A_HA	1277	110	A	0	0	110	35
A_HA	1278	110	C	0	0	110	35
A_HA	1279	105	A	0	0	105	35
A_HA	1280	103	A	0	0	103	35
A_HA	1281	106	G	0	0	106	35
A_HA	1282	110	A	0	0	110	35
A_HA	1283	114	A	0	0	114	35
A_HA	1284	91	A	0	0	91	35
A_HA	1285	98	A	0	0	98	35
A_HA	1286	88	T	0	0	88	35
A_HA	1287	102	G	0	0	102	35
A_HA	1288	92	G	0	0	92	35
A_HA	1289	105	A	0	0	105	35
A_HA	1290	89	A	0	0	89	35
A_HA	1291	114	G	0	0	114	35
A_HA	1292	93	A	0	0	93	35
A_HA	1293	111	C	0	0	111	35
A_HA	1294	89	G	0	0	89	35
A_HA	1295	87	G	0	0	87	35
A_HA	1296	86	A	0	0	86	35
A_HA	1297	90	T	0	0	90	35
A_HA	1298	110	T	0	0	110	35
A_HA	1299	94	C	0	0	94	35
A_HA	1300	104	C	0	0	104	35
A_HA	1301	108	T	0	0	108	35
A_HA	1302	111	A	0	0	111	35
A_HA	1303	103	G	0	0	103	35
A_HA	1304	114	A	0	0	114	35
A_HA	1305	94	T	0	0	94	35
A_HA	1306	99	G	0	0	99	35
A_HA	1307	88	T	0	0	88	35
A_HA	1308	99	C	0	0	99	35
A_HA	1309	107	T	0	0	107	35
A_HA	1310	94	G	0	0	94	35
A_HA	1311	107	G	0	0	107	35
A_HA	1312	97	A	0	0	97	35
A_HA	1313	115	C	0	0	115	35
A_HA	1314	93	C	0	0	93	35
A_HA	1315	101	T	0	0	101	35
A_HA	1316	102	A	0	0	102	35
A_HA	1317	100	T	0	0	100	35
A_HA	1318	99	A	0	0	99	35
A_HA	1319	87	A	0	0	87	35
A_HA	1320	104	T	0	0	104	35
A_HA	1321	86	G	0	0	86	35
A_HA	1322	113	C	0	0	113	35
A_HA	1323	98	T	0	0	98	35
A_HA	1324	108	G	0	0	108	35
A_HA	1325	95	A	0	0	95	35
A_HA	1326	104	A	0	0	104	35
A_HA	1327	93	C	0	0	93	35
A_HA	1328	85	T	0	0	85	35
A_HA	1329	87	T	0	0	87	35
A_HA	1330	92	C	0	0	92	35
A_HA	1331	115	T	0	0	115	35
A_HA	1332	106	A	0	0	106	35
A_HA	1333	111	G	0	0	111	35
A_HA	1334	112	T	0	0	112	35
A_HA	1335	103	T	0	0	103	35
A_HA	1336	103	C	0	0	103	35
A_HA	1337	115	T	0	0	115	35
A_HA	1338	85	C	0	0	85	35
A_HA	1339	109	A	0	0	109	35
A_HA	1340	106	T	0	0	106	35
A_HA	1341	111	G	0	0	111	35
A_HA	1342	93	G	0	0	93	35
A_HA	1343	103	A	0	0	103	35
A_HA	1344	86	A	0	0	86	35
A_HA	1345	109	A	0	0	109	35
A_HA	1346	109	A	0	0	109	35
A_HA	1347	90	C	0	0	90	35
A_HA	1348	100	G	0	0	100	35
A_HA	1349	101	A	0	0	101	35
A_HA	1350	105	G	0	0	105	35
A_HA	1351	99	A	0	0	99	35
A_HA	1352	114	G	0	0	114	35
A_HA	1353	93	G	0	0	93	35
A_HA	1354	90	A	0	0	90	35
A_HA	1355	103	C	0	0	103	35
A_HA	1356	98	T	0	0	98	35
A_HA	1357	105	C	0	0	105	35
A_HA	1358	111	T	0	0	111	35
A_HA	1359	100	A	0	0	100	35
A_HA	1360	87	G	0	0	87	35
A_HA	1361	100	A	0	0	100	35
A_HA	1362	96	T	0	0	96	35
A_HA	1363	98	T	0	0	98	35
A_HA	1364	95	T	0	0	95	35
A_HA	1365	95	C	0	0	95	35
A_HA	1366	106	C	0	0	106	35
A_HA	1367	88	A	0	0	88	35
A_HA	1368	112	T	0	0	112	35
A_HA	1369	90	G	0	0	90	35
A_HA	1370	95	A	0	0	95	35
A_HA	1371	98	T	0	0	98	35
A_HA	1372	107	T	0	0	107	35
A_HA	1373	100	C	0	0	100	35
A_HA	1374	94	A	0	0	94	35
A_HA	1375	106	A	0	0	106	35
A_HA	1376	115	A	0	0	115	35
A_HA	1377	97	T	0	0	97	35
A_HA	1378	111	G	0	0	111	35
A_HA	1379	109	T	0	0	109	35
A_HA	1380	102	C	0	0	102	35
A_HA	1381	86	A	0	0	86	35
A_HA	1382	99	A	0	0	99	35
A_HA	1383	87	G	0	0	87	35
A_HA	1384	95	A	0	0	95	35
A_HA	1385	93	A	0	0	93	35
A_HA	1386	95	C	0	0	95	35
A_HA	1387	88	C	0	0	88	35
A_HA	1388	109	T	0	0	109	35
A_HA	1389	97	T	0	0	97	35
A_HA	1390	112	T	0	0	112	35
A_HA	1391	101	A	0	0	101	35
A_HA	1392	111	T	0	0	111	35
A_HA	1393	85	G	0	0	85	35
A_HA	1394	106	A	0	0	106	35
A_HA	1395	112	C	0	0	112	35
A_HA	1396	102	A	0	0	102	35
A_HA	1397	99	A	0	0	99	35
A_HA	1398	98	A	0	0	98	35
A_HA	1399	86	G	0	0	86	35
A_HA	1400	91	T	0	0	91	35
A_HA	1401	101	C	0	0	101	35
A_HA	1402	96	A	0	0	96	35
A_HA	1403	104	G	0	0	104	35
A_HA	1404	109	A	0	0	109	35
A_HA	1405	100	T	0	0	100	35
A_HA	1406	105	T	0	0	105	35
A_HA	1407	99	A	0	0	99	35
A_HA	1408	109	C	0	0	109	35
A_HA	1409	86	A	0	0	86	35
A_HA	1410	91	G	0	0	91	35
A_HA	1411	93	C	0	0	93	35
A_HA	1412	102	T	0	0	102	35
A_HA	1413	89	T	0	0	89	35
A_HA	1414	114	A	0	0	114	35
A_HA	1415	94	G	0	0	94	35
A_HA	1416	99	G	0	0	99	35
A_HA	1417	113	G	0	0	113	35
A_HA	1418	107	A	0	0	107	35
A_HA	1419	100	T	0	0	100	35
A_HA	1420	88	A	0	0	88	35
A_HA	1421	85	A	0	0	85	35
A_HA	1422	105	T	0	0	105	35
A_HA	1423	104	G	0	0	104	35
A_HA	1424	110	C	0	0	110	35
A_HA	1425	92	A	0	0	92	35
A_HA	1426	107	A	0	0	107	35
A_HA	1427	90	A	0	0	90	35
A_HA	1428	94	G	0	0	94	35
A_HA	1429	102	G	0	0	102	35
A_HA	1430	85	A	0	0	85	35
A_HA	1431	102	G	0	0	102	35
A_HA	1432	98	C	0	0	98	35
A_HA	1433	87	T	0	0	87	35
A_HA	1434	92	G	0	0	92	35
A_HA	1435	111	G	0	0	111	35
A_HA	1436	114	G	0	0	114	35
A_HA	1437	88	T	0	0	88	35
A_HA	1438	99	A	0	0	99	35
A_HA	1439	115	A	0	0	115	35
A_HA	1440	88	C	0	0	88	35
A_HA	1441	105	G	0	0	105	35
A_HA	1442	111	G	0	0	111	35
A_HA	1443	89	C	0	0	89	35
A_HA	1444	100	T	0	0	100	35
A_HA	1445	114	G	0	0	114	35
A_HA	1446	107	T	0	0	107	35
A_HA	1447	94	T	0	0	94	35
A_HA	1448	101	T	0	0	101	35
A_HA	1449	107	C	0	0	107	35
A_HA	1450	93	G	0	0	93	35
A_HA	1451	98	A	0	0	98	35
A_HA	1452	111	A	0	0	111	35
A_HA	1453	100	T	0	0	100	35
A_HA	1454	100	T	0	0	100	35
A_HA	1455	92	C	0	0	92	35
A_HA	1456	99	T	0	0	99	35
A_HA	1457	102	A	0	0	102	35
A_HA	1458	89	T	0	0	89	35
A_HA	1459	97	C	0	0	97	35
A_HA	1460	91	A	0	0	91	35
A_HA	1461	114	C	0	0	114	35
A_HA	1462	104	A	0	0	104	35
A_HA	1463	101	A	0	0	101	35
A_HA	1464	108	A	0	0	108	35
A_HA	1465	113	T	0	0	113	35
A_HA	1466	89	G	0	0	89	35
A_HA	1467	112	T	0	0	112	35
A_HA	1468	87	G	0	0	87	35
A_HA	1469	93	A	0	0	93	35
A_HA	1470	109	T	0	0	109	35
A_HA	1471	110	A	0	0	110	35
A_HA	1472	112	A	0	0	112	35
A_HA	1473	98	T	0	0	98	35
A_HA	1474	95	G	0	0	95	35
A_HA	1475	114	A	0	0	114	35
A_HA	1476	110	A	0	0	110	35
A_HA	1477	101	T	0	0	101	35
A_HA	1478	93	G	0	0	93	35
A_HA	1479	111	T	0	0	111	35
A_HA	1480	85	A	0	0	85	35
A_HA	1481	94	T	0	0	94	35
A_HA	1482	108	G	0	0	108	35
A_HA	1483	94	G	0	0	94	35
A_HA	1484	111	A	0	0	111	35
A_HA	1485	103	A	0	0	103	35
A_HA	1486	103	A	0	0	103	35
A_HA	1487	106	G	0	0	106	35
A_HA	1488	100	T	0	0	100	35
A_HA	1489	112	G	0	0	112	35
A_HA	1490	89	T	0	0	89	35
A_HA	1491	99	G	0	0	99	35
A_HA	1492	102	A	0	0	102	35
A_HA	1493	100	G	0	0	100	35
A_HA	1494	96	A	0	0	96	35
A_HA	1495	95	A	0	0	95	35
A_HA	1496	102	A	0	0	102	35
A_HA	1497	109	T	0	0	109	35
A_HA	1498	102	G	0	0	102	35
A_HA	1499	97	G	0	0	97	35
A_HA	1500	99	G	0	0	99	35
A_HA	1501	114	A	0	0	114	35
A_HA	1502	95	C	0	0	95	35
A_HA	1503	112	G	0	0	112	35
A_HA	1504	91	T	0	0	91	35
A_HA	1505	107	A	0	0	107	35
A_HA	1506	92	T	0	0	92	35
A_HA	1507	103	G	0	0	103	35
A_HA	1508	97	A	0	0	97	35
A_HA	1509	92	C	0	0	92	35
A_HA	1510	112	T	0	0	112	35
A_HA	1511	109	A	0	0	109	35
A_HA	1512	98	C	0	0	98	35
A_HA	1513	86	C	0	0	86	35
A_HA	1514	95	C	0	0	95	35
A_HA	1515	108	T	0	0	108	35
A_HA	1516	100	C	0	0	100	35
A_HA	1517	107	A	0	0	107	35
A_HA	1518	114	G	0	0	114	35
A_HA	1519	110	T	0	0	110	35
A_HA	1520	97	A	0	0	97	35
A_HA	1521	97	T	0	0	97	35
A_HA	1522	106	T	0	0	106	35
A_HA	1523	110	C	0	0	110	35
A_HA	1524	111	A	0	0	111	35
A_HA	1525	105	G	0	0	105	35
A_HA	1526	89	A	0	0	89	35
A_HA	1527	100	A	0	0	100	35
A_HA	1528	115	G	0	0	115	35
A_HA	1529	86	A	0	0	86	35
A_HA	1530	89	A	0	0	89	35
A_HA	1531	101	G	0	0	101	35
A_HA	1532	115	C	0	0	115	35
A_HA	1533	103	A	0	0	103	35
A_HA	1534	95	A	0	0	95	35
A_HA	1535	112	G	0	0	112	35
A_HA	1536	88	A	0	0	88	35
A_HA	1537	112	T	0	0	112	35
A_HA	1538	112	T	0	0	112	35
A_HA	1539	99	A	0	0	99	35
A_HA	1540	88	A	0	0	88	35
A_HA	1541	101	A	0	0	101	35
A_HA	1542	114	A	0	0	114	35
A_HA	1543	99	A	0	0	99	35
A_HA	1544	85	G	0	0	85	35
A_HA	1545	108	A	0	0	108	35
A_HA	1546	89	G	0	0	89	35
A_HA	1547	98	A	0	0	98	35
A_HA	1548	112	A	0	0	112	35
A_HA	1549	105	G	0	0	105	35
A_HA	1550	89	A	0	0	89	35
A_HA	1551	87	A	0	0	87	35
A_HA	1552	100	A	0	0	100	35
A_HA	1553	110	T	0	0	110	35
A_HA	1554	93	A	0	0	93	35
A_HA	1555	95	A	0	0	95	35
A_HA	1556	104	G	0	0	104	35
A_HA	1557	107	C	0	0	107	35
A_HA	1558	97	G	0	0	97	35
A_HA	1559	105	G	0	0	105	35
A_HA	1560	87	A	0	0	87	35
A_HA	1561	112	G	0	0	112	35
A_HA	1562	95	T	0	0	95	35
A_HA	1563	112	G	0	0	112	35
A_HA	1564	106	A	0	0	106	35
A_HA	1565	112	A	0	0	112	35
A_HA	1566	102	A	0	0	102	35
A_HA	1567	97	T	0	0	97	35
A_HA	1568	115	T	0	0	115	35
A_HA	1569	95	A	0	0	95	35
A_HA	1570	105	G	0	0	105	35
A_HA	1571	107	A	0	0	107	35
A_HA	1572	113	A	0	0	113	35
A_HA	1573	109	T	0	0	109	35
A_HA	1574	100	C	0	0	100	35
A_HA	1575	112	A	0	0	112	35
A_HA	1576	102	G	0	0	102	35
A_HA	1577	86	T	0	0	86	35
A_HA	1578	104	A	0	0	104	35
A_HA	1579	87	G	0	0	87	35
A_HA	1580	92	G	0	0	92	35
A_HA	1581	105	A	0	0	105	35
A_HA	1582	106	A	0	0	106	35
A_HA	1583	114	C	0	0	114	35
A_HA	1584	94	T	0	0	94	35
A_HA	1585	92	T	0	0	92	35
A_HA	1586	108	A	0	0	108	35
A_HA	1587	87	C	0	0	87	35
A_HA	1588	98	C	0	0	98	35
A_HA	1589	88	A	0	0	88	35
A_HA	1590	109	G	0	0	109	35
A_HA	1591	105	A	0	0	105	35
A_HA	1592	107	T	0	0	107	35
A_HA	1593	112	A	0	0	112	35
A_HA	1594	88	C	0	0	88	35
A_HA	1595	99	T	0	0	99	35
A_HA	1596	90	G	0	0	90	35
A_HA	1597	107	T	0	0	107	35
A_HA	1598	94	C	0	0	94	35
A_HA	1599	113	A	0	0	113	35
A_HA	1600	85	A	0	0	85	35
A_HA	1601	86	T	0	0	86	35
A_HA	1602	95	T	0	0	95	35
A_HA	1603	110	T	0	0	110	35
A_HA	1604	86	A	0	0	86	35
A_HA	1605	94	T	0	0	94	35
A_HA	1606	96	T	0	0	96	35
A_HA	1607	96	C	0	0	96	35
A_HA	1608	98	A	0	0	98	35
A_HA	1609	89	A	0	0	89	35
A_HA	1610	92	C	0	0	92	35
A_HA	1611	101	A	0	0	101	35
A_HA	1612	98	G	0	0	98	35
A_HA	1613	103	C	0	0	103	35
A_HA	1614	106	G	0	0	106	35
A_HA	1615	110	G	0	0	110	35
A_HA	1616	90	C	0	0	90	35
A_HA	1617	90	A	0	0	90	35
A_HA	1618	90	A	0	0	90	35
A_HA	1619	87	G	0	0	87	35
A_HA	1620	104	T	0	0	104	35
A_HA	1621	112	T	0	0	112	35
A_HA	1622	97	C	0	0	97	35
A_HA	1623	104	C	0	0	104	35
A_HA	1624	106	C	0	0	106	35
A_HA	1625	92	T	0	0	92	35
A_HA	1626	100	A	0	0	100	35
A_HA	1627	114	G	0	0	114	35
A_HA	1628	103	C	0	0	103	35
A_HA	1629	89	A	0	0	89	35
A_HA	1630	92	C	0	0	92	35
A_HA	1631	99	T	0	0	99	35
A_HA	1632	105	G	0	0	105	35
A_HA	1633	93	G	0	0	93	35
A_HA	1634	99	C	0	0	99	35
A_HA	1635	93	A	0	0	93	35
A_HA	1636	106	A	0	0	106	35
A_HA	1637	85	T	0	0	85	35
A_HA	1638	113	C	0	0	113	35
A_HA	1639	110	A	0	0	110	35
A_HA	1640	99	T	0	0	99	35
A_HA	1641	113	G	0	0	113	35
A_HA	1642	94	A	0	0	94	35
A_HA	1643	106	T	0	0	106	35
A_HA	1644	102	G	0	0	102	35
A_HA	1645	90	G	0	0	90	35
A_HA	1646	87	C	0	0	87	35
A_HA	1647	99	T	0	0	99	35
A_HA	1648	115	G	0	0	115	35
A_HA	1649	96	G	0	0	96	35
A_HA	1650	103	T	0	0	103	35
A_HA	1651	94	C	0	0	94	35
A_HA	1652	105	T	0	0	105	35
A_HA	1653	115	A	0	0	115	35
A_HA	1654	98	T	0	0	98	35
A_HA	1655	107	C	0	0	107	35
A_HA	1656	93	T	0	0	93	35
A_HA	1657	99	T	0	0	99	35
A_HA	1658	112	T	0	0	112	35
A_HA	1659	94	A	0	0	94	35
A_HA	1660	91	T	0	0	91	35
A_HA	1661	97	G	0	0	97	35
A_HA	1662	112	G	0	0	112	35
A_HA	1663	100	A	0	0	100	35
A_HA	1664	88	T	0	0	88	35
A_HA	1665	92	G	0	0	92	35
A_HA	1666	97	T	0	0	97	35
A_HA	1667	103	G	0	0	103	35
A_HA	1668	96	C	0	0	96	35
A_HA	1669	103	T	0	0	103	35
A_HA	1670	94	C	0	0	94	35
A_HA	1671	107	C	0	0	107	35
A_HA	1672	94	A	0	0	94	35
A_HA	1673	85	A	0	0	85	35
A_HA	1674	111	T	0	0	111	35
A_HA	1675	106	G	0	0	106	35
A_HA	1676	97	G	0	0	97	35
A_HA	1677	93	G	0	0	93	35
A_HA	1678	85	T	0	0	85	35
A_HA	1679	103	C	0	0	103	35
A_HA	1680	112	G	0	0	112	35
A_HA	1681	106	T	0	0	106	35
A_HA	1682	109	T	0	0	109	35
A_HA	1683	108	A	0	0	108	35
A_HA	1684	86	C	0	0	86	35
A_HA	1685	114	A	0	0	114	35
A_HA	1686	104	A	0	0	104	35
A_HA	1687	108	T	0	0	108	35
A_HA	1688	100	G	0	0	100	35
A_HA	1689	111	C	0	0	111	35
A_HA	1690	113	A	0	0	113	35
A_HA	1691	113	G	0	0	113	35
A_HA	1692	94	A	0	0	94	35
A_HA	1693	109	A	0	0	109	35
A_HA	1694	110	T	0	0	110	35
A_HA	1695	92	T	0	0	92	35
A_HA	1696	104	T	0	0	104	35
A_HA	1697	110	G	0	0	110	35
A_HA	1698	96	C	0	0	96	35
A_HA	1699	92	A	0	0	92	35
A_HA	1700	105	T	0	0	105	35
A_HA	1701	91	T	0	0	91	35
A_HA	1702	104	T	0	0	104	35
A_HA	1703	93	A	0	0	93	35
A_HA	1704	106	G	0	0	106	35
