Reference_Name	Position	Coverage Depth	Consensus	Deletions	Ambiguous	Consensus_Count	Consensus_Average_Quality
A_NA	1	108	A	0	0	108	35
A_NA	2	85	T	0	0	85	35
A_NA	3	96	G	0	0	96	35
A_NA	4	110	A	0	0	110	35
A_NA	5	87	A	0	0	87	35
A_NA	6	96	T	0	0	96	35
A_NA	7	92	C	0	0	92	35
A_NA	8	108	C	0	0	108	35
A_NA	9	106	A	0	0	106	35
A_NA	10	105	A	0	0	105	35
A_NA	11	88	A	0	0	88	35
A_NA	12	109	T	0	0	109	35
A_NA	13	103	C	0	0	103	35
A_NA	14	108	A	0	0	108	35
A_NA	15	109	A	0	0	109	35
A_NA	16	95	A	0	0	95	35
A_NA	17	89	G	0	0	89	35
A_NA	18	86	G	0	0	86	35
A_NA	19	96	A	0	0	96	35
A_NA	20	102	T	0	0	102	35
A_NA	21	95	A	0	0	95	35
A_NA	22	111	A	0	0	111	35
A_NA	23	105	T	0	0	105	35
A_NA	24	90	A	0	0	90	35
A_NA	25	111	A	0	0	111	35
A_NA	26	109	C	0	0	109	35
A_NA	27	106	C	0	0	106	35
A_NA	28	99	A	0	0	99	35
A_NA	29	107	C	0	0	107	35
A_NA	30	100	T	0	0	100	35
A_NA	31	105	G	0	0	105	35
A_NA	32	90	G	0	0	90	35
A_NA	33	110	A	0	0	110	35
A_NA	34	89	T	0	0	89	35
A_NA	35	87	C	0	0	87	35
A_NA	36	107	A	0	0	107	35
A_NA	37	109	A	0	0	109	35
A_NA	38	115	T	0	0	115	35
A_NA	39	99	C	0	0	99	35
A_NA	40	86	T	0	0	86	35
A_NA	41	94	G	0	0	94	35
A_NA	42	91	T	0	0	91	35
A_NA	43	86	A	0	0	86	35
A_NA	44	110	T	0	0	110	35
A_NA	45	91	G	0	0	91	35
A_NA	46	113	G	0	0	113	35
A_NA	47	86	T	0	0	86	35
A_NA	48	95	A	0	0	95	35
A_NA	49	114	A	0	0	114	35
A_NA	50	94	T	0	0	94	35
A_NA	51	101	T	0	0	101	35
A_NA	52	97	G	0	0	97	35
A_NA	53	111	G	0	0	111	35
A_NA	54	102	G	0	0	102	35
A_NA	55	100	A	0	0	100	35
A_NA	56	93	T	0	0	93	35
A_NA	57	86	A	0	0	86	35
A_NA	58	109	G	0	0	109	35
A_NA	59	105	T	0	0	105	35
A_NA	60	91	C	0	0	91	35
A_NA	61	94	A	0	0	94	35
A_NA	62	96	G	0	0	96	35
A_NA	63	112	C	0	0	112	35
A_NA	64	109	T	0	0	109	35
A_NA	65	86	T	0	0	86	35
A_NA	66	112	G	0	0	112	35
A_NA	67	105	A	0	0	105	35
A_NA	68	95	T	0	0	95	35
A_NA	69	93	G	0	0	93	35
A_NA	70	88	C	0	0	88	35
A_NA	71	110	T	0	0	110	35
A_NA	72	96	G	0	0	96	35
A_NA	73	98	C	0	0	98	35
A_NA	74	113	A	0	0	113	35
A_NA	75	97	A	0	0	97	35
A_NA	76	108	A	0	0	108	35
A_NA	77	99	T	0	0	99	35
A_NA	78	113	T	0	0	113	35
A_NA	79	115	G	0	0	115	35
A_NA	80	97	G	0	0	97	35
A_NA	81	95	G	0	0	95	35
A_NA	82	90	A	0	0	90	35
A_NA	83	100	A	0	0	100	35
A_NA	84	107	C	0	0	107	35
A_NA	85	100	A	0	0	100	35
A_NA	86	96	T	0	0	96	35
A_NA	87	114	A	0	0	114	35
A_NA	88	110	A	0	0	110	35
A_NA	89	101	T	0	0	101	35
A_NA	90	93	C	0	0	93	35
A_NA	91	110	T	0	0	110	35
A_NA	92	87	C	0	0	87	35
A_NA	93	108	A	0	0	108	35
A_NA	94	98	A	0	0	98	35
A_NA	95	87	T	0	0	87	35
A_NA	96	98	A	0	0	98	35
A_NA	97	104	T	0	0	104	35
A_NA	98	111	G	0	0	111	35
A_NA	99	90	G	0	0	90	35
A_NA	100	102	G	0	0	102	35
A_NA	101	94	T	0	0	94	35
A_NA	102	95	T	0	0	95	35
A_NA	103	88	A	0	0	88	35
A_NA	104	87	G	0	0	87	35
A_NA	105	95	C	0	0	95	35
A_NA	106	106	C	0	0	106	35
A_NA	107	94	A	0	0	94	35
A_NA	108	94	T	0	0	94	35
A_NA	109	99	T	0	0	99	35
A_NA	110	104	C	0	0	104	35
A_NA	111	107	A	0	0	107	35
A_NA	112	98	A	0	0	98	35
A_NA	113	90	T	0	0	90	35
A_NA	114	107	C	0	0	107	35
A_NA	115	99	C	0	0	99	35
A_NA	116	96	A	0	0	96	35
A_NA	117	99	A	0	0	99	35
A_NA	118	86	A	0	0	86	35
A_NA	119	108	C	0	0	108	35
A_NA	120	112	A	0	0	112	35
A_NA	121	114	G	0	0	114	35
A_NA	122	96	G	0	0	96	35
A_NA	123	104	G	0	0	104	35
A_NA	124	98	A	0	0	98	35
A_NA	125	93	A	0	0	93	35
A_NA	126	105	T	0	0	105	35
A_NA	127	110	C	0	0	110	35
A_NA	128	115	A	0	0	115	35
A_NA	129	86	A	0	0	86	35
A_NA	130	87	T	0	0	87	35
A_NA	131	106	A	0	0	106	35
A_NA	132	105	C	0	0	105	35
A_NA	133	97	C	0	0	97	35
A_NA	134	96	A	0	0	96	35
A_NA	135	101	G	0	0	101	35
A_NA	136	110	C	0	0	110	35
A_NA	137	108	C	0	0	108	35
A_NA	138	106	T	0	0	106	35
A_NA	139	90	G	0	0	90	35
A_NA	140	115	A	0	0	115	35
A_NA	141	85	A	0	0	85	35
A_NA	142	89	C	0	0	89	35
A_NA	143	112	C	0	0	112	35
A_NA	144	104	A	0	0	104	35
A_NA	145	106	T	0	0	106	35
A_NA	146	110	G	0	0	110	35
A_NA	147	99	C	0	0	99	35
A_NA	148	86	A	0	0	86	35
A_NA	149	89	A	0	0	89	35
A_NA	150	87	T	0	0	87	35
A_NA	151	92	C	0	0	92	35
A_NA	152	109	A	0	0	109	35
A_NA	153	105	A	0	0	105	35
A_NA	154	96	A	0	0	96	35
A_NA	155	96	G	0	0	96	35
A_NA	156	97	C	0	0	97	35
A_NA	157	115	A	0	0	115	35
A_NA	158	103	T	0	0	103	35
A_NA	159	86	C	0	0	86	35
A_NA	160	104	A	0	0	104	35
A_NA	161	89	T	0	0	89	35
A_NA	162	106	T	0	0	106	35
A_NA	163	99	G	0	0	99	35
A_NA	164	115	C	0	0	115	35
A_NA	165	96	C	0	0	96	35
A_NA	166	96	T	0	0	96	35
A_NA	167	99	A	0	0	99	35
A_NA	168	109	T	0	0	109	35
A_NA	169	87	G	0	0	87	35
A_NA	170	103	A	0	0	103	35
A_NA	171	89	G	0	0	89	35
A_NA	172	101	A	0	0	101	35
A_NA	173	96	A	0	0	96	35
A_NA	174	97	C	0	0	97	35
A_NA	175	95	A	0	0	95	35
A_NA	176	105	A	0	0	105	35
A_NA	177	93	C	0	0	93	35
A_NA	178	92	A	0	0	92	35
A_NA	179	115	C	0	0	115	35
A_NA	180	88	C	0	0	88	35
A_NA	181	85	T	0	0	85	35
A_NA	182	108	G	0	0	108	35
A_NA	183	90	G	0	0	90	35
A_NA	184	100	G	0	0	100	35
A_NA	185	101	T	0	0	101	35
A_NA	186	97	A	0	0	97	35
A_NA	187	114	A	0	0	114	35
A_NA	188	102	A	0	0	102	35
A_NA	189	88	T	0	0	88	35
A_NA	190	93	C	0	0	93	35
A_NA	191	109	A	0	0	109	35
A_NA	192	93	G	0	0	93	35
A_NA	193	107	A	0	0	107	35
A_NA	194	99	C	0	0	99	35
A_NA	195	91	G	0	0	91	35
A_NA	196	104	T	0	0	104	35
A_NA	197	94	A	0	0	94	35
A_NA	198	107	T	0	0	107	35
A_NA	199	114	G	0	0	114	35
A_NA	200	100	T	0	0	100	35
A_NA	201	91	C	0	0	91	35
A_NA	202	88	A	0	0	88	35
A_NA	203	89	A	0	0	89	35
A_NA	204	112	C	0	0	112	35
A_NA	205	87	A	0	0	87	35
A_NA	206	99	T	0	0	99	35
A_NA	207	90	C	0	0	90	35
A_NA	208	113	A	0	0	113	35
A_NA	209	107	A	0	0	107	35
A_NA	210	99	C	0	0	99	35
A_NA	211	87	A	0	0	87	35
A_NA	212	110	A	0	0	110	35
A_NA	213	106	T	0	0	106	35
A_NA	214	115	A	0	0	115	35
A_NA	215	112	C	0	0	112	35
A_NA	216	95	C	0	0	95	35
A_NA	217	106	A	0	0	106	35
A_NA	218	96	A	0	0	96	35
A_NA	219	107	T	0	0	107	35
A_NA	220	87	T	0	0	87	35
A_NA	221	102	T	0	0	102	35
A_NA	222	102	T	0	0	102	35
A_NA	223	94	C	0	0	94	35
A_NA	224	113	T	0	0	113	35
A_NA	225	94	T	0	0	94	35
A_NA	226	112	G	0	0	112	35
A_NA	227	90	C	0	0	90	35
A_NA	228	107	T	0	0	107	35
A_NA	229	107	G	0	0	107	35
A_NA	230	114	A	0	0	114	35
A_NA	231	107	G	0	0	107	35
A_NA	232	105	C	0	0	105	35
A_NA	233	90	A	0	0	90	35
A_NA	234	110	G	0	0	110	35
A_NA	235	96	G	0	0	96	35
A_NA	236	101	C	0	0	101	35
A_NA	237	92	T	0	0	92	35
A_NA	238	88	G	0	0	88	35
A_NA	239	91	T	0	0	91	35
A_NA	240	110	T	0	0	110	35
A_NA	241	89	A	0	0	89	35
A_NA	242	92	C	0	0	92	35
A_NA	243	110	T	0	0	110	35
A_NA	244	100	T	0	0	100	35
A_NA	245	85	C	0	0	85	35
A_NA	246	96	G	0	0	96	35
A_NA	247	102	G	0	0	102	35
A_NA	248	103	T	0	0	103	35
A_NA	249	96	A	0	0	96	35
A_NA	250	99	A	0	0	99	35
A_NA	251	110	C	0	0	110	35
A_NA	252	102	A	0	0	102	35
A_NA	253	89	T	0	0	89	35
A_NA	254	104	T	0	0	104	35
A_NA	255	113	A	0	0	113	35
A_NA	256	87	G	0	0	87	35
A_NA	257	87	C	0	0	87	35
A_NA	258	94	G	0	0	94	35
A_NA	259	97	G	0	0	97	35
A_NA	260	107	G	0	0	107	35
A_NA	261	108	C	0	0	108	35
A_NA	262	100	A	0	0	100	35
A_NA	263	101	A	0	0	101	35
A_NA	264	98	T	0	0	98	35
A_NA	265	109	T	0	0	109	35
A_NA	266	98	C	0	0	98	35
A_NA	267	111	A	0	0	111	35
A_NA	268	103	T	0	0	103	35
A_NA	269	87	C	0	0	87	35
A_NA	270	89	T	0	0	89	35
A_NA	271	95	C	0	0	95	35
A_NA	272	105	T	0	0	105	35
A_NA	273	87	T	0	0	87	35
A_NA	274	99	T	0	0	99	35
A_NA	275	99	G	0	0	99	35
A_NA	276	106	C	0	0	106	35
A_NA	277	101	C	0	0	101	35
A_NA	278	96	C	0	0	96	35
A_NA	279	89	T	0	0	89	35
A_NA	280	113	A	0	0	113	35
A_NA	281	111	T	0	0	111	35
A_NA	282	109	T	0	0	109	35
A_NA	283	102	A	0	0	102	35
A_NA	284	105	G	0	0	105	35
A_NA	285	103	T	0	0	103	35
A_NA	286	90	G	0	0	90	35
A_NA	287	109	G	0	0	109	35
A_NA	288	115	G	0	0	115	35
A_NA	289	89	T	0	0	89	35
A_NA	290	98	G	0	0	98	35
A_NA	291	101	G	0	0	101	35
A_NA	292	114	G	0	0	114	35
A_NA	293	112	C	0	0	112	35
A_NA	294	86	T	0	0	86	35
A_NA	295	111	A	0	0	111	35
A_NA	296	88	T	0	0	88	35
A_NA	297	101	A	0	0	101	35
A_NA	298	89	T	0	0	89	35
A_NA	299	94	A	0	0	94	35
A_NA	300	90	C	0	0	90	35
A_NA	301	90	A	0	0	90	35
A_NA	302	95	G	0	0	95	35
A_NA	303	114	T	0	0	114	35
A_NA	304	107	A	0	0	107	35
A_NA	305	92	A	0	0	92	35
A_NA	306	96	G	0	0	96	35
A_NA	307	115	G	0	0	115	35
A_NA	308	115	A	0	0	115	35
A_NA	309	101	C	0	0	101	35
A_NA	310	113	A	0	0	113	35
A_NA	311	94	A	0	0	94	35
A_NA	312	112	C	0	0	112	35
A_NA	313	87	G	0	0	87	35
A_NA	314	93	G	0	0	93	35
A_NA	315	91	T	0	0	91	35
A_NA	316	105	A	0	0	105	35
A_NA	317	115	T	0	0	115	35
A_NA	318	102	A	0	0	102	35
A_NA	319	93	A	0	0	93	35
A_NA	320	89	G	0	0	89	35
A_NA	321	105	A	0	0	105	35
A_NA	322	94	A	0	0	94	35
A_NA	323	104	T	0	0	104	35
A_NA	324	102	T	0	0	102	35
A_NA	325	87	G	0	0	87	35
A_NA	326	101	G	0	0	101	35
A_NA	327	105	G	0	0	105	35
A_NA	328	90	T	0	0	90	35
A_NA	329	103	C	0	0	103	35
A_NA	330	115	C	0	0	115	35
A_NA	331	103	A	0	0	103	35
A_NA	332	89	A	0	0	89	35
A_NA	333	90	G	0	0	90	35
A_NA	334	106	G	0	0	106	35
A_NA	335	104	G	0	0	104	35
A_NA	336	108	G	0	0	108	35
A_NA	337	113	G	0	0	113	35
A_NA	338	104	A	0	0	104	35
A_NA	339	95	T	0	0	95	35
A_NA	340	111	G	0	0	111	35
A_NA	341	114	T	0	0	114	35
A_NA	342	103	G	0	0	103	35
A_NA	343	86	T	0	0	86	35
A_NA	344	111	T	0	0	111	35
A_NA	345	112	T	0	0	112	35
A_NA	346	85	G	0	0	85	35
A_NA	347	87	T	0	0	87	35
A_NA	348	86	T	0	0	86	35
A_NA	349	115	A	0	0	115	35
A_NA	350	105	T	0	0	105	35
A_NA	351	109	A	0	0	109	35
A_NA	352	103	A	0	0	103	35
A_NA	353	93	G	0	0	93	35
A_NA	354	105	G	0	0	105	35
A_NA	355	91	G	0	0	91	35
A_NA	356	109	A	0	0	109	35
A_NA	357	103	A	0	0	103	35
A_NA	358	98	C	0	0	98	35
A_NA	359	104	C	0	0	104	35
A_NA	360	105	G	0	0	105	35
A_NA	361	85	T	0	0	85	35
A_NA	362	100	T	0	0	100	35
A_NA	363	113	C	0	0	113	35
A_NA	364	105	A	0	0	105	35
A_NA	365	102	T	0	0	102	35
A_NA	366	94	C	0	0	94	35
A_NA	367	105	T	0	0	105	35
A_NA	368	115	C	0	0	115	35
A_NA	369	94	A	0	0	94	35
A_NA	370	100	T	0	0	100	35
A_NA	371	92	G	0	0	92	35
A_NA	372	110	C	0	0	110	35
A_NA	373	110	T	0	0	110	35
A_NA	374	106	C	0	0	106	35
A_NA	375	97	C	0	0	97	35
A_NA	376	94	C	0	0	94	35
A_NA	377	99	A	0	0	99	35
A_NA	378	87	C	0	0	87	35
A_NA	379	107	T	0	0	107	35
A_NA	380	86	T	0	0	86	35
A_NA	381	90	G	0	0	90	35
A_NA	382	99	G	0	0	99	35
A_NA	383	98	A	0	0	98	35
A_NA	384	100	A	0	0	100	35
A_NA	385	99	T	0	0	99	35
A_NA	386	91	G	0	0	91	35
A_NA	387	95	C	0	0	95	35
A_NA	388	104	A	0	0	104	35
A_NA	389	89	G	0	0	89	35
A_NA	390	95	A	0	0	95	35
A_NA	391	112	A	0	0	112	35
A_NA	392	107	C	0	0	107	35
A_NA	393	95	C	0	0	95	35
A_NA	394	108	T	0	0	108	35
A_NA	395	112	T	0	0	112	35
A_NA	396	96	T	0	0	96	35
A_NA	397	97	T	0	0	97	35
A_NA	398	89	T	0	0	89	35
A_NA	399	109	T	0	0	109	35
A_NA	400	96	C	0	0	96	35
A_NA	401	101	T	0	0	101	35
A_NA	402	102	G	0	0	102	35
A_NA	403	88	A	0	0	88	35
A_NA	404	95	C	0	0	95	35
A_NA	405	92	C	0	0	92	35
A_NA	406	99	T	0	0	99	35
A_NA	407	88	A	0	0	88	35
A_NA	408	93	G	0	0	93	35
A_NA	409	99	G	0	0	99	35
A_NA	410	92	G	0	0	92	35
A_NA	411	89	A	0	0	89	35
A_NA	412	88	G	0	0	88	35
A_NA	413	86	C	0	0	86	35
A_NA	414	94	T	0	0	94	35
A_NA	415	115	C	0	0	115	35
A_NA	416	97	T	0	0	97	35
A_NA	417	112	G	0	0	112	35
A_NA	418	104	C	0	0	104	35
A_NA	419	98	T	0	0	98	35
A_NA	420	92	G	0	0	92	35
A_NA	421	115	A	0	0	115	35
A_NA	422	112	A	0	0	112	35
A_NA	423	113	T	0	0	113	35
A_NA	424	90	G	0	0	90	35
A_NA	425	111	A	0	0	111	35
A_NA	426	95	C	0	0	95	35
A_NA	427	114	A	0	0	114	35
A_NA	428	103	A	0	0	103	35
A_NA	429	108	A	0	0	108	35
A_NA	430	95	C	0	0	95	35
A_NA	431	91	A	0	0	91	35
A_NA	432	109	T	0	0	109	35
A_NA	433	90	T	0	0	90	35
A_NA	434	100	C	0	0	100	35
A_NA	435	101	T	0	0	101	35
A_NA	436	99	A	0	0	99	35
A_NA	437	100	A	0	0	100	35
A_NA	438	113	T	0	0	113	35
A_NA	439	94	G	0	0	94	35
A_NA	440	100	G	0	0	100	35
A_NA	441	85	G	0	0	85	35
A_NA	442	87	A	0	0	87	35
A_NA	443	115	C	0	0	115	35
A_NA	444	97	C	0	0	97	35
A_NA	445	101	G	0	0	101	35
A_NA	446	99	T	0	0	99	35
A_NA	447	115	T	0	0	115	35
A_NA	448	92	A	0	0	92	35
A_NA	449	91	A	0	0	91	35
A_NA	450	103	G	0	0	103	35
A_NA	451	96	G	0	0	96	35
A_NA	452	86	A	0	0	86	35
A_NA	453	86	T	0	0	86	35
A_NA	454	94	A	0	0	94	35
A_NA	455	100	G	0	0	100	35
A_NA	456	104	A	0	0	104	35
A_NA	457	113	A	0	0	113	35
A_NA	458	111	G	0	0	111	35
A_NA	459	105	C	0	0	105	35
A_NA	460	106	C	0	0	106	35
A_NA	461	100	C	0	0	100	35
A_NA	462	94	C	0	0	94	35
A_NA	463	102	T	0	0	102	35
A_NA	464	85	A	0	0	85	35
A_NA	465	112	T	0	0	112	35
A_NA	466	88	A	0	0	88	35
A_NA	467	98	G	0	0	98	35
A_NA	468	89	A	0	0	89	35
A_NA	469	113	A	0	0	113	35
A_NA	470	93	C	0	0	93	35
A_NA	471	108	T	0	0	108	35
A_NA	472	96	T	0	0	96	35
A_NA	473	109	T	0	0	109	35
A_NA	474	97	G	0	0	97	35
A_NA	475	96	A	0	0	96	35
A_NA	476	86	T	0	0	86	35
A_NA	477	97	G	0	0	97	35
A_NA	478	86	A	0	0	86	35
A_NA	479	103	G	0	0	103	35
A_NA	480	102	T	0	0	102	35
A_NA	481	91	T	0	0	91	35
A_NA	482	96	G	0	0	96	35
A_NA	483	102	T	0	0	102	35
A_NA	484	94	C	0	0	94	35
A_NA	485	87	C	0	0	87	35
A_NA	486	97	C	0	0	97	35
A_NA	487	101	G	0	0	101	35
A_NA	488	99	T	0	0	99	35
A_NA	489	109	G	0	0	109	35
A_NA	490	102	G	0	0	102	35
A_NA	491	93	G	0	0	93	35
A_NA	492	111	T	0	0	111	35
A_NA	493	104	G	0	0	104	35
A_NA	494	106	A	0	0	106	35
A_NA	495	104	G	0	0	104	35
A_NA	496	88	G	0	0	88	35
A_NA	497	89	C	0	0	89	35
A_NA	498	88	T	0	0	88	35
A_NA	499	97	C	0	0	97	35
A_NA	500	96	C	0	0	96	35
A_NA	501	110	T	0	0	110	35
A_NA	502	95	T	0	0	95	35
A_NA	503	102	C	0	0	102	35
A_NA	504	115	C	0	0	115	35
A_NA	505	96	C	0	0	96	35
A_NA	506	109	C	0	0	109	35
A_NA	507	89	G	0	0	89	35
A_NA	508	91	T	0	0	91	35
A_NA	509	104	A	0	0	104	35
A_NA	510	101	C	0	0	101	35
A_NA	511	97	A	0	0	97	35
A_NA	512	101	A	0	0	101	35
A_NA	513	86	T	0	0	86	35
A_NA	514	86	T	0	0	86	35
A_NA	515	86	C	0	0	86	35
A_NA	516	89	A	0	0	89	35
A_NA	517	107	A	0	0	107	35
A_NA	518	95	G	0	0	95	35
A_NA	519	110	A	0	0	110	35
A_NA	520	100	T	0	0	100	35
A_NA	521	101	T	0	0	101	35
A_NA	522	99	T	0	0	99	35
A_NA	523	89	G	0	0	89	35
A_NA	524	104	A	0	0	104	35
A_NA	525	113	G	0	0	113	35
A_NA	526	101	T	0	0	101	35
A_NA	527	89	C	0	0	89	35
A_NA	528	95	T	0	0	95	35
A_NA	529	114	G	0	0	114	35
A_NA	530	104	T	0	0	104	35
A_NA	531	95	T	0	0	95	35
A_NA	532	90	G	0	0	90	35
A_NA	533	97	C	0	0	97	35
A_NA	534	104	T	0	0	104	35
A_NA	535	108	T	0	0	108	35
A_NA	536	111	G	0	0	111	35
A_NA	537	94	G	0	0	94	35
A_NA	538	103	T	0	0	103	35
A_NA	539	95	C	0	0	95	35
A_NA	540	101	G	0	0	101	35
A_NA	541	111	G	0	0	111	35
A_NA	542	101	C	0	0	101	35
A_NA	543	102	A	0	0	102	35
A_NA	544	100	A	0	0	100	35
A_NA	545	107	G	0	0	107	35
A_NA	546	103	T	0	0	103	35
A_NA	547	94	G	0	0	94	35
A_NA	548	100	C	0	0	100	35
A_NA	549	111	T	0	0	111	35
A_NA	550	85	T	0	0	85	35
A_NA	551	96	G	0	0	96	35
A_NA	552	95	T	0	0	95	35
A_NA	553	106	C	0	0	106	35
A_NA	554	88	A	0	0	88	35
A_NA	555	98	T	0	0	98	35
A_NA	556	103	G	0	0	103	35
A_NA	557	94	A	0	0	94	35
A_NA	558	110	T	0	0	110	35
A_NA	559	113	G	0	0	113	35
A_NA	560	108	G	0	0	108	35
A_NA	561	112	C	0	0	112	35
A_NA	562	107	A	0	0	107	35
A_NA	563	105	T	0	0	105	35
A_NA	564	85	C	0	0	85	35
A_NA	565	104	A	0	0	104	35
A_NA	566	100	G	0	0	100	35
A_NA	567	93	T	0	0	93	35
A_NA	568	115	T	0	0	115	35
A_NA	569	105	G	0	0	105	35
A_NA	570	110	G	0	0	110	35
A_NA	571	109	T	0	0	109	35
A_NA	572	103	T	0	0	103	35
A_NA	573	103	G	0	0	103	35
A_NA	574	92	A	0	0	92	35
A_NA	575	108	C	0	0	108	35
A_NA	576	86	A	0	0	86	35
A_NA	577	103	A	0	0	103	35
A_NA	578	100	T	0	0	100	35
A_NA	579	90	C	0	0	90	35
A_NA	580	101	G	0	0	101	35
A_NA	581	105	G	0	0	105	35
A_NA	582	108	T	0	0	108	35
A_NA	583	104	A	0	0	104	35
A_NA	584	109	T	0	0	109	35
A_NA	585	111	T	0	0	111	35
A_NA	586	97	T	0	0	97	35
A_NA	587	89	C	0	0	89	35
A_NA	588	111	T	0	0	111	35
A_NA	589	106	G	0	0	106	35
A_NA	590	92	G	0	0	92	35
A_NA	591	86	T	0	0	86	35
A_NA	592	103	C	0	0	103	35
A_NA	593	115	C	0	0	115	35
A_NA	594	107	A	0	0	107	35
A_NA	595	88	G	0	0	88	35
A_NA	596	91	A	0	0	91	35
A_NA	597	85	C	0	0	85	35
A_NA	598	99	A	0	0	99	35
A_NA	599	95	A	0	0	95	35
A_NA	600	98	T	0	0	98	35
A_NA	601	89	G	0	0	89	35
A_NA	602	98	G	0	0	98	35
A_NA	603	107	A	0	0	107	35
A_NA	604	91	G	0	0	91	35
A_NA	605	98	C	0	0	98	35
A_NA	606	101	T	0	0	101	35
A_NA	607	109	G	0	0	109	35
A_NA	608	104	T	0	0	104	35
A_NA	609	114	G	0	0	114	35
A_NA	610	100	G	0	0	100	35
A_NA	611	112	C	0	0	112	35
A_NA	612	112	T	0	0	112	35
A_NA	613	108	G	0	0	108	35
A_NA	614	108	T	0	0	108	35
A_NA	615	86	A	0	0	86	35
A_NA	616	107	T	0	0	107	35
A_NA	617	89	T	0	0	89	35
A_NA	618	101	G	0	0	101	35
A_NA	619	91	A	0	0	91	35
A_NA	620	102	A	0	0	102	35
A_NA	621	95	G	0	0	95	35
A_NA	622	106	T	0	0	106	35
A_NA	623	100	A	0	0	100	35
A_NA	624	101	C	0	0	101	35
A_NA	625	97	A	0	0	97	35
A_NA	626	95	A	0	0	95	35
A_NA	627	115	T	0	0	115	35
A_NA	628	90	G	0	0	90	35
A_NA	629	99	G	0	0	99	35
A_NA	630	114	C	0	0	114	35
A_NA	631	102	A	0	0	102	35
A_NA	632	95	T	0	0	95	35
A_NA	633	102	A	0	0	102	35
A_NA	634	96	A	0	0	96	35
A_NA	635	106	T	0	0	106	35
A_NA	636	109	A	0	0	109	35
A_NA	637	112	A	0	0	112	35
A_NA	638	108	C	0	0	108	35
A_NA	639	106	G	0	0	106	35
A_NA	640	105	G	0	0	105	35
A_NA	641	110	A	0	0	110	35
A_NA	642	107	T	0	0	107	35
A_NA	643	93	A	0	0	93	35
A_NA	644	104	C	0	0	104	35
A_NA	645	100	T	0	0	100	35
A_NA	646	91	A	0	0	91	35
A_NA	647	115	T	0	0	115	35
A_NA	648	92	C	0	0	92	35
A_NA	649	93	A	0	0	93	35
A_NA	650	102	A	0	0	102	35
A_NA	651	94	G	0	0	94	35
A_NA	652	92	A	0	0	92	35
A_NA	653	115	G	0	0	115	35
A_NA	654	94	T	0	0	94	35
A_NA	655	109	T	0	0	109	35
A_NA	656	94	G	0	0	94	35
A_NA	657	107	G	0	0	107	35
A_NA	658	91	A	0	0	91	35
A_NA	659	107	G	0	0	107	35
A_NA	660	107	A	0	0	107	35
A_NA	661	100	A	0	0	100	35
A_NA	662	95	A	0	0	95	35
A_NA	663	100	C	0	0	100	35
A_NA	664	96	A	0	0	96	35
A_NA	665	102	A	0	0	102	35
A_NA	666	114	C	0	0	114	35
A_NA	667	114	A	0	0	114	35
A_NA	668	110	T	0	0	110	35
A_NA	669	108	T	0	0	108	35
A_NA	670	93	T	0	0	93	35
A_NA	671	94	T	0	0	94	35
A_NA	672	88	G	0	0	88	35
A_NA	673	103	A	0	0	103	35
A_NA	674	106	G	0	0	106	35
A_NA	675	102	A	0	0	102	35
A_NA	676	97	A	0	0	97	35
A_NA	677	113	C	0	0	113	35
A_NA	678	97	T	0	0	97	35
A_NA	679	111	C	0	0	111	35
A_NA	680	96	A	0	0	96	35
A_NA	681	115	A	0	0	115	35
A_NA	682	109	G	0	0	109	35
A_NA	683	110	A	0	0	110	35
A_NA	684	89	A	0	0	89	35
A_NA	685	94	T	0	0	94	35
A_NA	686	86	C	0	0	86	35
A_NA	687	94	T	0	0	94	35
A_NA	688	115	G	0	0	115	35
A_NA	689	107	A	0	0	107	35
A_NA	690	87	A	0	0	87	35
A_NA	691	96	T	0	0	96	35
A_NA	692	114	G	0	0	114	35
A_NA	693	99	T	0	0	99	35
A_NA	694	105	G	0	0	105	35
A_NA	695	93	C	0	0	93	35
A_NA	696	108	G	0	0	108	35
A_NA	697	100	T	0	0	100	35
A_NA	698	91	G	0	0	91	35
A_NA	699	91	C	0	0	91	35
A_NA	700	111	G	0	0	111	35
A_NA	701	102	T	0	0	102	35
A_NA	702	93	A	0	0	93	35
A_NA	703	114	A	0	0	114	35
A_NA	704	102	A	0	0	102	35
A_NA	705	107	T	0	0	107	35
A_NA	706	93	G	0	0	93	35
A_NA	707	89	G	0	0	89	35
A_NA	708	88	C	0	0	88	35
A_NA	709	104	T	0	0	104	35
A_NA	710	108	C	0	0	108	35
A_NA	711	103	T	0	0	103	35
A_NA	712	92	T	0	0	92	35
A_NA	713	92	G	0	0	92	35
A_NA	714	86	C	0	0	86	35
A_NA	715	106	T	0	0	106	35
A_NA	716	113	T	0	0	113	35
A_NA	717	101	C	0	0	101	35
A_NA	718	92	A	0	0	92	35
A_NA	719	105	C	0	0	105	35
A_NA	720	92	T	0	0	92	35
A_NA	721	86	G	0	0	86	35
A_NA	722	88	T	0	0	88	35
A_NA	723	98	A	0	0	98	35
A_NA	724	95	A	0	0	95	35
A_NA	725	107	T	0	0	107	35
A_NA	726	100	G	0	0	100	35
A_NA	727	88	A	0	0	88	35
A_NA	728	106	C	0	0	106	35
A_NA	729	109	T	0	0	109	35
A_NA	730	89	G	0	0	89	35
A_NA	731	85	A	0	0	85	35
A_NA	732	115	T	0	0	115	35
A_NA	733	102	G	0	0	102	35
A_NA	734	114	G	0	0	114	35
A_NA	735	90	A	0	0	90	35
A_NA	736	98	C	0	0	98	35
A_NA	737	105	C	0	0	105	35
A_NA	738	114	A	0	0	114	35
A_NA	739	113	A	0	0	113	35
A_NA	740	113	G	0	0	113	35
A_NA	741	100	C	0	0	100	35
A_NA	742	100	A	0	0	100	35
A_NA	743	105	A	0	0	105	35
A_NA	744	91	T	0	0	91	35
A_NA	745	109	G	0	0	109	35
A_NA	746	115	G	0	0	115	35
A_NA	747	94	G	0	0	94	35
A_NA	748	95	C	0	0	95	35
A_NA	749	94	A	0	0	94	35
A_NA	750	105	G	0	0	105	35
A_NA	751	86	G	0	0	86	35
A_NA	752	114	C	0	0	114	35
A_NA	753	109	C	0	0	109	35
A_NA	754	87	T	0	0	87	35
A_NA	755	105	C	0	0	105	35
A_NA	756	103	A	0	0	103	35
A_NA	757	92	T	0	0	92	35
A_NA	758	102	A	0	0	102	35
A_NA	759	108	T	0	0	108	35
A_NA	760	108	A	0	0	108	35
A_NA	761	112	A	0	0	112	35
A_NA	762	114	A	0	0	114	35
A_NA	763	86	A	0	0	86	35
A_NA	764	114	T	0	0	114	35
A_NA	765	114	C	0	0	114	35
A_NA	766	90	T	0	0	90	35
A_NA	767	98	T	0	0	98	35
A_NA	768	113	C	0	0	113	35
A_NA	769	111	A	0	0	111	35
A_NA	770	90	A	0	0	90	35
A_NA	771	114	G	0	0	114	35
A_NA	772	114	A	0	0	114	35
A_NA	773	86	T	0	0	86	35
A_NA	774	111	A	0	0	111	35
A_NA	775	97	G	0	0	97	35
A_NA	776	110	A	0	0	110	35
A_NA	777	100	G	0	0	100	35
A_NA	778	90	A	0	0	90	35
A_NA	779	114	A	0	0	114	35
A_NA	780	108	A	0	0	108	35
A_NA	781	115	G	0	0	115	35
A_NA	782	112	G	0	0	112	35
A_NA	783	114	G	0	0	114	35
A_NA	784	94	A	0	0	94	35
A_NA	785	113	A	0	0	113	35
A_NA	786	86	A	0	0	86	35
A_NA	787	85	G	0	0	85	35
A_NA	788	94	T	0	0	94	35
A_NA	789	103	A	0	0	103	35
A_NA	790	104	G	0	0	104	35
A_NA	791	88	T	0	0	88	35
A_NA	792	114	C	0	0	114	35
A_NA	793	95	A	0	0	95	35
A_NA	794	94	A	0	0	94	35
A_NA	795	99	A	0	0	99	35
A_NA	796	105	T	0	0	105	35
A_NA	797	102	C	0	0	102	35
A_NA	798	101	A	0	0	101	35
A_NA	799	100	G	0	0	100	35
A_NA	800	113	T	0	0	113	35
A_NA	801	115	T	0	0	115	35
A_NA	802	89	G	0	0	89	35
A_NA	803	112	A	0	0	112	35
A_NA	804	101	A	0	0	101	35
A_NA	805	99	T	0	0	99	35
A_NA	806	93	C	0	0	93	35
A_NA	807	91	G	0	0	91	35
A_NA	808	110	A	0	0	110	35
A_NA	809	88	A	0	0	88	35
A_NA	810	95	T	0	0	95	35
A_NA	811	90	G	0	0	90	35
A_NA	812	108	C	0	0	108	35
A_NA	813	99	C	0	0	99	35
A_NA	814	105	C	0	0	105	35
A_NA	815	93	C	0	0	93	35
A_NA	816	107	T	0	0	107	35
A_NA	817	90	A	0	0	90	35
A_NA	818	85	A	0	0	85	35
A_NA	819	108	T	0	0	108	35
A_NA	820	95	T	0	0	95	35
A_NA	821	110	A	0	0	110	35
A_NA	822	94	C	0	0	94	35
A_NA	823	103	C	0	0	103	35
A_NA	824	106	A	0	0	106	35
A_NA	825	109	C	0	0	109	35
A_NA	826	91	T	0	0	91	35
A_NA	827	90	A	0	0	90	35
A_NA	828	104	C	0	0	104	35
A_NA	829	112	G	0	0	112	35
A_NA	830	105	A	0	0	105	35
A_NA	831	113	G	0	0	113	35
A_NA	832	97	G	0	0	97	35
A_NA	833	111	A	0	0	111	35
A_NA	834	98	A	0	0	98	35
A_NA	835	101	T	0	0	101	35
A_NA	836	95	G	0	0	95	35
A_NA	837	87	C	0	0	87	35
A_NA	838	97	T	0	0	97	35
A_NA	839	106	C	0	0	106	35
A_NA	840	88	C	0	0	88	35
A_NA	841	90	T	0	0	90	35
A_NA	842	89	G	0	0	89	35
A_NA	843	100	T	0	0	100	35
A_NA	844	95	T	0	0	95	35
A_NA	845	114	A	0	0	114	35
A_NA	846	92	C	0	0	92	35
A_NA	847	85	C	0	0	85	35
A_NA	848	93	C	0	0	93	35
A_NA	849	97	T	0	0	97	35
A_NA	850	92	G	0	0	92	35
A_NA	851	99	A	0	0	99	35
A_NA	852	109	T	0	0	109	35
A_NA	853	93	G	0	0	93	35
A_NA	854	115	C	0	0	115	35
A_NA	855	95	G	0	0	95	35
A_NA	856	94	G	0	0	94	35
A_NA	857	103	G	0	0	103	35
A_NA	858	108	T	0	0	108	35
A_NA	859	103	G	0	0	103	35
A_NA	860	85	A	0	0	85	35
A_NA	861	93	G	0	0	93	35
A_NA	862	105	A	0	0	105	35
A_NA	863	96	T	0	0	96	35
A_NA	864	107	T	0	0	107	35
A_NA	865	92	A	0	0	92	35
A_NA	866	86	T	0	0	86	35
A_NA	867	106	G	0	0	106	35
A_NA	868	88	T	0	0	88	35
A_NA	869	99	G	0	0	99	35
A_NA	870	94	T	0	0	94	35
A_NA	871	90	G	0	0	90	35
A_NA	872	97	T	0	0	97	35
A_NA	873	106	G	0	0	106	35
A_NA	874	101	T	0	0	101	35
A_NA	875	114	G	0	0	114	35
A_NA	876	113	C	0	0	113	35
A_NA	877	113	A	0	0	113	35
A_NA	878	107	G	0	0	107	35
A_NA	879	109	G	0	0	109	35
A_NA	880	94	G	0	0	94	35
A_NA	881	107	A	0	0	107	35
A_NA	882	88	C	0	0	88	35
A_NA	883	105	A	0	0	105	35
A_NA	884	114	A	0	0	114	35
A_NA	885	115	T	0	0	115	35
A_NA	886	94	T	0	0	94	35
A_NA	887	96	G	0	0	96	35
A_NA	888	104	G	0	0	104	35
A_NA	889	92	C	0	0	92	35
A_NA	890	92	A	0	0	92	35
A_NA	891	115	T	0	0	115	35
A_NA	892	89	G	0	0	89	35
A_NA	893	100	G	0	0	100	35
A_NA	894	89	C	0	0	89	35
A_NA	895	99	T	0	0	99	35
A_NA	896	108	C	0	0	108	35
A_NA	897	104	A	0	0	104	35
A_NA	898	96	A	0	0	96	35
A_NA	899	98	A	0	0	98	35
A_NA	900	107	C	0	0	107	35
A_NA	901	102	C	0	0	102	35
A_NA	902	114	G	0	0	114	35
A_NA	903	100	G	0	0	100	35
A_NA	904	109	C	0	0	109	35
A_NA	905	102	C	0	0	102	35
A_NA	906	110	G	0	0	110	35
A_NA	907	106	T	0	0	106	35
A_NA	908	111	G	0	0	111	35
A_NA	909	91	G	0	0	91	35
A_NA	910	109	G	0	0	109	35
A_NA	911	92	T	0	0	92	35
A_NA	912	106	A	0	0	106	35
A_NA	913	109	T	0	0	109	35
A_NA	914	104	C	0	0	104	35
A_NA	915	112	T	0	0	112	35
A_NA	916	110	T	0	0	110	35
A_NA	917	87	T	0	0	87	35
A_NA	918	101	T	0	0	101	35
A_NA	919	99	A	0	0	99	35
A_NA	920	101	A	0	0	101	35
A_NA	921	107	T	0	0	107	35
A_NA	922	96	C	0	0	96	35
A_NA	923	87	A	0	0	87	35
A_NA	924	114	A	0	0	114	35
A_NA	925	103	A	0	0	103	35
A_NA	926	88	A	0	0	88	35
A_NA	927	86	T	0	0	86	35
A_NA	928	111	C	0	0	111	35
A_NA	929	102	T	0	0	102	35
A_NA	930	113	G	0	0	113	35
A_NA	931	101	G	0	0	101	35
A_NA	932	91	A	0	0	91	35
A_NA	933	103	G	0	0	103	35
A_NA	934	102	T	0	0	102	35
A_NA	935	89	A	0	0	89	35
A_NA	936	90	T	0	0	90	35
A_NA	937	95	C	0	0	95	35
A_NA	938	112	A	0	0	112	35
A_NA	939	101	A	0	0	101	35
A_NA	940	99	A	0	0	99	35
A_NA	941	88	T	0	0	88	35
A_NA	942	106	A	0	0	106	35
A_NA	943	91	G	0	0	91	35
A_NA	944	107	G	0	0	107	35
A_NA	945	103	A	0	0	103	35
A_NA	946	100	T	0	0	100	35
A_NA	947	87	A	0	0	87	35
A_NA	948	113	T	0	0	113	35
A_NA	949	101	A	0	0	101	35
A_NA	950	99	T	0	0	99	35
A_NA	951	110	A	0	0	110	35
A_NA	952	86	T	0	0	86	35
A_NA	953	99	G	0	0	99	35
A_NA	954	89	C	0	0	89	35
A_NA	955	101	A	0	0	101	35
A_NA	956	98	G	0	0	98	35
A_NA	957	99	T	0	0	99	35
A_NA	958	103	G	0	0	103	35
A_NA	959	86	G	0	0	86	35
A_NA	960	102	G	0	0	102	35
A_NA	961	99	G	0	0	99	35
A_NA	962	106	T	0	0	106	35
A_NA	963	110	T	0	0	110	35
A_NA	964	94	T	0	0	94	35
A_NA	965	108	T	0	0	108	35
A_NA	966	85	C	0	0	85	35
A_NA	967	97	G	0	0	97	35
A_NA	968	93	G	0	0	93	35
A_NA	969	111	A	0	0	111	35
A_NA	970	85	G	0	0	85	35
A_NA	971	108	A	0	0	108	35
A_NA	972	91	C	0	0	91	35
A_NA	973	103	A	0	0	103	35
A_NA	974	87	A	0	0	87	35
A_NA	975	86	C	0	0	86	35
A_NA	976	98	C	0	0	98	35
A_NA	977	96	C	0	0	96	35
A_NA	978	107	C	0	0	107	35
A_NA	979	87	C	0	0	87	35
A_NA	980	102	G	0	0	102	35
A_NA	981	86	C	0	0	86	35
A_NA	982	114	C	0	0	114	35
A_NA	983	113	C	0	0	113	35
A_NA	984	87	C	0	0	87	35
A_NA	985	114	A	0	0	114	35
A_NA	986	100	A	0	0	100	35
A_NA	987	86	T	0	0	86	35
A_NA	988	94	G	0	0	94	35
A_NA	989	98	A	0	0	98	35
A_NA	990	90	T	0	0	90	35
A_NA	991	109	G	0	0	109	35
A_NA	992	89	G	0	0	89	35
A_NA	993	109	A	0	0	109	35
A_NA	994	105	A	0	0	105	35
A_NA	995	108	C	0	0	108	35
A_NA	996	105	A	0	0	105	35
A_NA	997	115	G	0	0	115	35
A_NA	998	98	G	0	0	98	35
A_NA	999	96	C	0	0	96	35
A_NA	1000	113	A	0	0	113	35
A_NA	1001	97	G	0	0	97	35
A_NA	1002	99	T	0	0	99	35
A_NA	1003	112	T	0	0	112	35
A_NA	1004	114	G	0	0	114	35
A_NA	1005	114	C	0	0	114	35
A_NA	1006	97	A	0	0	97	35
A_NA	1007	97	G	0	0	97	35
A_NA	1008	87	T	0	0	87	35
A_NA	1009	106	C	0	0	106	35
A_NA	1010	115	C	0	0	115	35
A_NA	1011	106	A	0	0	106	35
A_NA	1012	112	A	0	0	112	35
A_NA	1013	102	T	0	0	102	35
A_NA	1014	89	G	0	0	89	35
A_NA	1015	105	T	0	0	105	35
A_NA	1016	112	C	0	0	112	35
A_NA	1017	96	C	0	0	96	35
A_NA	1018	88	T	0	0	88	35
A_NA	1019	90	C	0	0	90	35
A_NA	1020	102	T	0	0	102	35
A_NA	1021	97	A	0	0	97	35
A_NA	1022	101	A	0	0	101	35
A_NA	1023	89	C	0	0	89	35
A_NA	1024	108	G	0	0	108	35
A_NA	1025	92	G	0	0	92	35
A_NA	1026	111	G	0	0	111	35
A_NA	1027	85	G	0	0	85	35
A_NA	1028	109	C	0	0	109	35
A_NA	1029	85	A	0	0	85	35
A_NA	1030	94	T	0	0	94	35
A_NA	1031	99	A	0	0	99	35
A_NA	1032	106	T	0	0	106	35
A_NA	1033	108	G	0	0	108	35
A_NA	1034	102	G	0	0	102	35
A_NA	1035	98	G	0	0	98	35
A_NA	1036	102	G	0	0	102	35
A_NA	1037	97	T	0	0	97	35
A_NA	1038	111	A	0	0	111	35
A_NA	1039	92	A	0	0	92	35
A_NA	1040	92	A	0	0	92	35
A_NA	1041	99	A	0	0	99	35
A_NA	1042	96	G	0	0	96	35
A_NA	1043	89	G	0	0	89	35
A_NA	1044	93	G	0	0	93	35
A_NA	1045	91	T	0	0	91	35
A_NA	1046	114	T	0	0	114	35
A_NA	1047	113	T	0	0	113	35
A_NA	1048	108	T	0	0	108	35
A_NA	1049	109	C	0	0	109	35
A_NA	1050	88	A	0	0	88	35
A_NA	1051	86	T	0	0	86	35
A_NA	1052	110	T	0	0	110	35
A_NA	1053	106	T	0	0	106	35
A_NA	1054	98	A	0	0	98	35
A_NA	1055	104	A	0	0	104	35
A_NA	1056	109	G	0	0	109	35
A_NA	1057	114	T	0	0	114	35
A_NA	1058	113	A	0	0	113	35
A_NA	1059	113	C	0	0	113	35
A_NA	1060	85	G	0	0	85	35
A_NA	1061	92	G	0	0	92	35
A_NA	1062	91	T	0	0	91	35
A_NA	1063	87	A	0	0	87	35
A_NA	1064	88	A	0	0	88	35
A_NA	1065	104	T	0	0	104	35
A_NA	1066	86	G	0	0	86	35
A_NA	1067	99	G	0	0	99	35
A_NA	1068	104	G	0	0	104	35
A_NA	1069	106	G	0	0	106	35
A_NA	1070	107	T	0	0	107	35
A_NA	1071	112	T	0	0	112	35
A_NA	1072	86	T	0	0	86	35
A_NA	1073	92	G	0	0	92	35
A_NA	1074	108	G	0	0	108	35
A_NA	1075	86	A	0	0	86	35
A_NA	1076	97	T	0	0	97	35
A_NA	1077	99	C	0	0	99	35
A_NA	1078	92	G	0	0	92	35
A_NA	1079	102	G	0	0	102	35
A_NA	1080	91	A	0	0	91	35
A_NA	1081	109	A	0	0	109	35
A_NA	1082	112	G	0	0	112	35
A_NA	1083	109	A	0	0	109	35
A_NA	1084	86	A	0	0	86	35
A_NA	1085	89	C	0	0	89	35
A_NA	1086	101	A	0	0	101	35
A_NA	1087	94	A	0	0	94	35
A_NA	1088	92	A	0	0	92	35
A_NA	1089	111	A	0	0	111	35
A_NA	1090	114	A	0	0	114	35
A_NA	1091	108	G	0	0	108	35
A_NA	1092	103	C	0	0	103	35
A_NA	1093	95	A	0	0	95	35
A_NA	1094	103	C	0	0	103	35
A_NA	1095	104	T	0	0	104	35
A_NA	1096	109	A	0	0	109	35
A_NA	1097	106	G	0	0	106	35
A_NA	1098	111	T	0	0	111	35
A_NA	1099	95	T	0	0	95	35
A_NA	1100	92	C	0	0	92	35
A_NA	1101	94	C	0	0	94	35
A_NA	1102	113	A	0	0	113	35
A_NA	1103	89	G	0	0	89	35
A_NA	1104	106	A	0	0	106	35
A_NA	1105	101	A	0	0	101	35
A_NA	1106	92	G	0	0	92	35
A_NA	1107	98	C	0	0	98	35
A_NA	1108	94	G	0	0	94	35
A_NA	1109	93	G	0	0	93	35
A_NA	1110	86	C	0	0	86	35
A_NA	1111	102	T	0	0	102	35
A_NA	1112	115	T	0	0	115	35
A_NA	1113	103	T	0	0	103	35
A_NA	1114	113	G	0	0	113	35
A_NA	1115	108	A	0	0	108	35
A_NA	1116	114	G	0	0	114	35
A_NA	1117	90	A	0	0	90	35
A_NA	1118	105	T	0	0	105	35
A_NA	1119	106	G	0	0	106	35
A_NA	1120	98	A	0	0	98	35
A_NA	1121	102	T	0	0	102	35
A_NA	1122	100	T	0	0	100	35
A_NA	1123	86	T	0	0	86	35
A_NA	1124	96	G	0	0	96	35
A_NA	1125	115	G	0	0	115	35
A_NA	1126	105	G	0	0	105	35
A_NA	1127	106	A	0	0	106	35
A_NA	1128	97	T	0	0	97	35
A_NA	1129	110	C	0	0	110	35
A_NA	1130	101	C	0	0	101	35
A_NA	1131	95	G	0	0	95	35
A_NA	1132	107	A	0	0	107	35
A_NA	1133	98	A	0	0	98	35
A_NA	1134	98	T	0	0	98	35
A_NA	1135	89	G	0	0	89	35
A_NA	1136	94	G	0	0	94	35
A_NA	1137	97	G	0	0	97	35
A_NA	1138	90	T	0	0	90	35
A_NA	1139	109	G	0	0	109	35
A_NA	1140	102	G	0	0	102	35
A_NA	1141	100	A	0	0	100	35
A_NA	1142	92	C	0	0	92	35
A_NA	1143	112	T	0	0	112	35
A_NA	1144	92	G	0	0	92	35
A_NA	1145	94	A	0	0	94	35
A_NA	1146	112	G	0	0	112	35
A_NA	1147	107	A	0	0	107	35
A_NA	1148	89	C	0	0	89	35
A_NA	1149	110	G	0	0	110	35
A_NA	1150	99	G	0	0	99	35
A_NA	1151	114	A	0	0	114	35
A_NA	1152	86	C	0	0	86	35
A_NA	1153	102	A	0	0	102	35
A_NA	1154	98	G	0	0	98	35
A_NA	1155	115	T	0	0	115	35
A_NA	1156	98	A	0	0	98	35
A_NA	1157	102	G	0	0	102	35
A_NA	1158	101	T	0	0	101	35
A_NA	1159	89	T	0	0	89	35
A_NA	1160	97	T	0	0	97	35
A_NA	1161	92	C	0	0	92	35
A_NA	1162	93	T	0	0	93	35
A_NA	1163	91	C	0	0	91	35
A_NA	1164	95	A	0	0	95	35
A_NA	1165	105	G	0	0	105	35
A_NA	1166	87	T	0	0	87	35
A_NA	1167	114	G	0	0	114	35
A_NA	1168	99	A	0	0	99	35
A_NA	1169	112	A	0	0	112	35
A_NA	1170	96	G	0	0	96	35
A_NA	1171	87	C	0	0	87	35
A_NA	1172	102	A	0	0	102	35
A_NA	1173	108	A	0	0	108	35
A_NA	1174	111	G	0	0	111	35
A_NA	1175	91	A	0	0	91	35
A_NA	1176	86	C	0	0	86	35
A_NA	1177	93	A	0	0	93	35
A_NA	1178	97	T	0	0	97	35
A_NA	1179	106	C	0	0	106	35
A_NA	1180	104	G	0	0	104	35
A_NA	1181	104	T	0	0	104	35
A_NA	1182	86	A	0	0	86	35
A_NA	1183	112	G	0	0	112	35
A_NA	1184	87	C	0	0	87	35
A_NA	1185	91	A	0	0	91	35
A_NA	1186	110	A	0	0	110	35
A_NA	1187	109	T	0	0	109	35
A_NA	1188	103	A	0	0	103	35
A_NA	1189	108	A	0	0	108	35
A_NA	1190	106	C	0	0	106	35
A_NA	1191	102	T	0	0	102	35
A_NA	1192	91	G	0	0	91	35
A_NA	1193	100	A	0	0	100	35
A_NA	1194	91	C	0	0	91	35
A_NA	1195	112	T	0	0	112	35
A_NA	1196	114	T	0	0	114	35
A_NA	1197	95	G	0	0	95	35
A_NA	1198	94	T	0	0	94	35
A_NA	1199	115	C	0	0	115	35
A_NA	1200	114	A	0	0	114	35
A_NA	1201	85	G	0	0	85	35
A_NA	1202	91	G	0	0	91	35
A_NA	1203	114	A	0	0	114	35
A_NA	1204	91	T	0	0	91	35
A_NA	1205	115	A	0	0	115	35
A_NA	1206	108	T	0	0	108	35
A_NA	1207	88	A	0	0	88	35
A_NA	1208	108	G	0	0	108	35
A_NA	1209	109	T	0	0	109	35
A_NA	1210	100	G	0	0	100	35
A_NA	1211	114	G	0	0	114	35
A_NA	1212	92	G	0	0	92	35
A_NA	1213	107	A	0	0	107	35
A_NA	1214	104	C	0	0	104	35
A_NA	1215	107	T	0	0	107	35
A_NA	1216	91	T	0	0	91	35
A_NA	1217	97	T	0	0	97	35
A_NA	1218	114	T	0	0	114	35
A_NA	1219	92	G	0	0	92	35
A_NA	1220	102	T	0	0	102	35
A_NA	1221	95	C	0	0	95	35
A_NA	1222	109	C	0	0	109	35
A_NA	1223	94	A	0	0	94	35
A_NA	1224	97	G	0	0	97	35
A_NA	1225	99	C	0	0	99	35
A_NA	1226	102	A	0	0	102	35
A_NA	1227	105	C	0	0	105	35
A_NA	1228	96	C	0	0	96	35
A_NA	1229	94	C	0	0	94	35
A_NA	1230	93	A	0	0	93	35
A_NA	1231	96	G	0	0	96	35
A_NA	1232	101	A	0	0	101	35
A_NA	1233	113	A	0	0	113	35
A_NA	1234	100	C	0	0	100	35
A_NA	1235	99	T	0	0	99	35
A_NA	1236	88	G	0	0	88	35
A_NA	1237	110	A	0	0	110	35
A_NA	1238	108	C	0	0	108	35
A_NA	1239	100	A	0	0	100	35
A_NA	1240	109	G	0	0	109	35
A_NA	1241	111	G	0	0	111	35
A_NA	1242	95	A	0	0	95	35
A_NA	1243	114	T	0	0	114	35
A_NA	1244	91	T	0	0	91	35
A_NA	1245	96	A	0	0	96	35
A_NA	1246	95	G	0	0	95	35
A_NA	1247	98	A	0	0	98	35
A_NA	1248	86	T	0	0	86	35
A_NA	1249	103	T	0	0	103	35
A_NA	1250	112	G	0	0	112	35
A_NA	1251	92	C	0	0	92	35
A_NA	1252	108	A	0	0	108	35
A_NA	1253	89	T	0	0	89	35
A_NA	1254	85	G	0	0	85	35
A_NA	1255	93	A	0	0	93	35
A_NA	1256	102	G	0	0	102	35
A_NA	1257	114	G	0	0	114	35
A_NA	1258	103	C	0	0	103	35
A_NA	1259	103	C	0	0	103	35
A_NA	1260	108	T	0	0	108	35
A_NA	1261	98	T	0	0	98	35
A_NA	1262	94	G	0	0	94	35
A_NA	1263	89	T	0	0	89	35
A_NA	1264	91	T	0	0	91	35
A_NA	1265	95	T	0	0	95	35
A_NA	1266	92	C	0	0	92	35
A_NA	1267	97	T	0	0	97	35
A_NA	1268	103	G	0	0	103	35
A_NA	1269	111	G	0	0	111	35
A_NA	1270	92	G	0	0	92	35
A_NA	1271	100	T	0	0	100	35
A_NA	1272	102	T	0	0	102	35
A_NA	1273	105	G	0	0	105	35
A_NA	1274	115	A	0	0	115	35
A_NA	1275	106	G	0	0	106	35
A_NA	1276	95	C	0	0	95	35
A_NA	1277	93	T	0	0	93	35
A_NA	1278	109	G	0	0	109	35
A_NA	1279	111	A	0	0	111	35
A_NA	1280	100	T	0	0	100	35
A_NA	1281	115	T	0	0	115	35
A_NA	1282	108	A	0	0	108	35
A_NA	1283	105	G	0	0	105	35
A_NA	1284	108	A	0	0	108	35
A_NA	1285	100	G	0	0	100	35
A_NA	1286	99	G	0	0	99	35
A_NA	1287	90	G	0	0	90	35
A_NA	1288	108	A	0	0	108	35
A_NA	1289	110	G	0	0	110	35
A_NA	1290	96	G	0	0	96	35
A_NA	1291	90	C	0	0	90	35
A_NA	1292	89	C	0	0	89	35
A_NA	1293	108	C	0	0	108	35
A_NA	1294	102	A	0	0	102	35
A_NA	1295	100	A	0	0	100	35
A_NA	1296	90	A	0	0	90	35
A_NA	1297	114	G	0	0	114	35
A_NA	1298	113	A	0	0	113	35
A_NA	1299	102	G	0	0	102	35
A_NA	1300	105	A	0	0	105	35
A_NA	1301	115	A	0	0	115	35
A_NA	1302	86	C	0	0	86	35
A_NA	1303	101	A	0	0	101	35
A_NA	1304	86	C	0	0	86	35
A_NA	1305	111	A	0	0	111	35
A_NA	1306	112	A	0	0	112	35
A_NA	1307	87	T	0	0	87	35
A_NA	1308	115	T	0	0	115	35
A_NA	1309	111	T	0	0	111	35
A_NA	1310	106	G	0	0	106	35
A_NA	1311	86	G	0	0	86	35
A_NA	1312	109	A	0	0	109	35
A_NA	1313	85	C	0	0	85	35
A_NA	1314	98	T	0	0	98	35
A_NA	1315	89	A	0	0	89	35
A_NA	1316	111	G	0	0	111	35
A_NA	1317	105	C	0	0	105	35
A_NA	1318	92	G	0	0	92	35
A_NA	1319	87	G	0	0	87	35
A_NA	1320	107	G	0	0	107	35
A_NA	1321	89	A	0	0	89	35
A_NA	1322	85	G	0	0	85	35
A_NA	1323	91	C	0	0	91	35
A_NA	1324	101	A	0	0	101	35
A_NA	1325	99	G	0	0	99	35
A_NA	1326	96	C	0	0	96	35
A_NA	1327	86	A	0	0	86	35
A_NA	1328	104	T	0	0	104	35
A_NA	1329	105	A	0	0	105	35
A_NA	1330	106	T	0	0	106	35
A_NA	1331	114	C	0	0	114	35
A_NA	1332	104	C	0	0	104	35
A_NA	1333	114	T	0	0	114	35
A_NA	1334	100	T	0	0	100	35
A_NA	1335	106	T	0	0	106	35
A_NA	1336	100	T	0	0	100	35
A_NA	1337	85	G	0	0	85	35
A_NA	1338	85	T	0	0	85	35
A_NA	1339	102	G	0	0	102	35
A_NA	1340	102	G	0	0	102	35
A_NA	1341	98	T	0	0	98	35
A_NA	1342	85	G	0	0	85	35
A_NA	1343	85	T	0	0	85	35
A_NA	1344	101	A	0	0	101	35
A_NA	1345	108	A	0	0	108	35
A_NA	1346	93	A	0	0	93	35
A_NA	1347	102	T	0	0	102	35
A_NA	1348	94	A	0	0	94	35
A_NA	1349	85	G	0	0	85	35
A_NA	1350	101	T	0	0	101	35
A_NA	1351	111	G	0	0	111	35
A_NA	1352	107	A	0	0	107	35
A_NA	1353	106	C	0	0	106	35
A_NA	1354	98	A	0	0	98	35
A_NA	1355	110	C	0	0	110	35
A_NA	1356	115	T	0	0	115	35
A_NA	1357	114	G	0	0	114	35
A_NA	1358	90	T	0	0	90	35
A_NA	1359	88	G	0	0	88	35
A_NA	1360	114	G	0	0	114	35
A_NA	1361	88	G	0	0	88	35
A_NA	1362	101	T	0	0	101	35
A_NA	1363	89	T	0	0	89	35
A_NA	1364	92	G	0	0	92	35
A_NA	1365	91	G	0	0	91	35
A_NA	1366	104	T	0	0	104	35
A_NA	1367	101	C	0	0	101	35
A_NA	1368	93	T	0	0	93	35
A_NA	1369	111	T	0	0	111	35
A_NA	1370	96	G	0	0	96	35
A_NA	1371	93	G	0	0	93	35
A_NA	1372	110	C	0	0	110	35
A_NA	1373	97	C	0	0	97	35
A_NA	1374	87	A	0	0	87	35
A_NA	1375	96	G	0	0	96	35
A_NA	1376	115	A	0	0	115	35
A_NA	1377	97	C	0	0	97	35
A_NA	1378	99	G	0	0	99	35
A_NA	1379	103	G	0	0	103	35
A_NA	1380	92	T	0	0	92	35
A_NA	1381	107	G	0	0	107	35
A_NA	1382	92	C	0	0	92	35
A_NA	1383	94	T	0	0	94	35
A_NA	1384	106	G	0	0	106	35
A_NA	1385	111	A	0	0	111	35
A_NA	1386	112	G	0	0	112	35
A_NA	1387	87	T	0	0	87	35
A_NA	1388	105	T	0	0	105	35
A_NA	1389	112	G	0	0	112	35
A_NA	1390	105	C	0	0	105	35
A_NA	1391	109	C	0	0	109	35
A_NA	1392	86	A	0	0	86	35
A_NA	1393	87	T	0	0	87	35
A_NA	1394	97	T	0	0	97	35
A_NA	1395	97	C	0	0	97	35
A_NA	1396	97	A	0	0	97	35
A_NA	1397	102	C	0	0	102	35
A_NA	1398	100	C	0	0	100	35
A_NA	1399	86	A	0	0	86	35
A_NA	1400	105	T	0	0	105	35
A_NA	1401	85	T	0	0	85	35
A_NA	1402	107	G	0	0	107	35
A_NA	1403	90	A	0	0	90	35
A_NA	1404	87	C	0	0	87	35
A_NA	1405	100	A	0	0	100	35
A_NA	1406	112	A	0	0	112	35
A_NA	1407	98	G	0	0	98	35
A_NA	1408	105	T	0	0	105	35
A_NA	1409	110	A	0	0	110	35
A_NA	1410	95	G	0	0	95	35
