Reference_Name	Position	Coverage Depth	Consensus	Deletions	Ambiguous	Consensus_Count	Consensus_Average_Quality
A_NP	1	101	A	0	0	101	35
A_NP	2	114	T	0	0	114	35
A_NP	3	86	G	0	0	86	35
A_NP	4	92	G	0	0	92	35
A_NP	5	91	C	0	0	91	35
A_NP	6	113	A	0	0	113	35
A_NP	7	112	T	0	0	112	35
A_NP	8	107	C	0	0	107	35
A_NP	9	113	T	0	0	113	35
A_NP	10	103	C	0	0	103	35
A_NP	11	100	A	0	0	100	35
A_NP	12	93	A	0	0	93	35
A_NP	13	86	G	0	0	86	35
A_NP	14	114	G	0	0	114	35
A_NP	15	87	C	0	0	87	35
A_NP	16	106	A	0	0	106	35
A_NP	17	114	C	0	0	114	35
A_NP	18	93	C	0	0	93	35
A_NP	19	113	A	0	0	113	35
A_NP	20	102	A	0	0	102	35
A_NP	21	103	A	0	0	103	35
A_NP	22	106	C	0	0	106	35
A_NP	23	86	G	0	0	86	35
A_NP	24	90	A	0	0	90	35
A_NP	25	114	T	0	0	114	35
A_NP	26	112	C	0	0	112	35
A_NP	27	95	C	0	0	95	35
A_NP	28	85	T	0	0	85	35
A_NP	29	115	A	0	0	115	35
A_NP	30	91	T	0	0	91	35
A_NP	31	103	G	0	0	103	35
A_NP	32	89	A	0	0	89	35
A_NP	33	109	A	0	0	109	35
A_NP	34	111	C	0	0	111	35
A_NP	35	107	A	0	0	107	35
A_NP	36	111	A	0	0	111	35
A_NP	37	97	A	0	0	97	35
A_NP	38	114	T	0	0	114	35
A_NP	39	87	G	0	0	87	35
A_NP	40	94	G	0	0	94	35
A_NP	41	90	A	0	0	90	35
A_NP	42	103	A	0	0	103	35
A_NP	43	92	A	0	0	92	35
A_NP	44	103	C	0	0	103	35
A_NP	45	111	T	0	0	111	35
A_NP	46	112	G	0	0	112	35
A_NP	47	97	G	0	0	97	35
A_NP	48	106	T	0	0	106	35
A_NP	49	113	G	0	0	113	35
A_NP	50	102	G	0	0	102	35
A_NP	51	95	G	0	0	95	35
A_NP	52	97	G	0	0	97	35
A_NP	53	109	A	0	0	109	35
A_NP	54	108	A	0	0	108	35
A_NP	55	89	C	0	0	89	35
A_NP	56	110	G	0	0	110	35
A_NP	57	107	C	0	0	107	35
A_NP	58	108	C	0	0	108	35
A_NP	59	87	A	0	0	87	35
A_NP	60	101	G	0	0	101	35
A_NP	61	108	A	0	0	108	35
A_NP	62	96	A	0	0	96	35
A_NP	63	86	T	0	0	86	35
A_NP	64	88	G	0	0	88	35
A_NP	65	98	C	0	0	98	35
A_NP	66	92	C	0	0	92	35
A_NP	67	111	A	0	0	111	35
A_NP	68	87	C	0	0	87	35
A_NP	69	95	T	0	0	95	35
A_NP	70	104	G	0	0	104	35
A_NP	71	109	A	0	0	109	35
A_NP	72	104	A	0	0	104	35
A_NP	73	115	A	0	0	115	35
A_NP	74	104	T	0	0	104	35
A_NP	75	97	C	0	0	97	35
A_NP	76	109	A	0	0	109	35
A_NP	77	95	G	0	0	95	35
A_NP	78	85	A	0	0	85	35
A_NP	79	105	G	0	0	105	35
A_NP	80	93	C	0	0	93	35
A_NP	81	110	A	0	0	110	35
A_NP	82	99	T	0	0	99	35
A_NP	83	100	C	0	0	100	35
A_NP	84	92	T	0	0	92	35
A_NP	85	96	G	0	0	96	35
A_NP	86	102	T	0	0	102	35
A_NP	87	115	T	0	0	115	35
A_NP	88	97	G	0	0	97	35
A_NP	89	98	G	0	0	98	35
A_NP	90	90	A	0	0	90	35
A_NP	91	106	A	0	0	106	35
A_NP	92	103	G	0	0	103	35
A_NP	93	106	A	0	0	106	35
A_NP	94	97	A	0	0	97	35
A_NP	95	87	T	0	0	87	35
A_NP	96	109	G	0	0	109	35
A_NP	97	104	G	0	0	104	35
A_NP	98	94	T	0	0	94	35
A_NP	99	110	T	0	0	110	35
A_NP	100	92	G	0	0	92	35
A_NP	101	107	G	0	0	107	35
A_NP	102	87	C	0	0	87	35
A_NP	103	87	G	0	0	87	35
A_NP	104	93	G	0	0	93	35
A_NP	105	89	A	0	0	89	35
A_NP	106	97	A	0	0	97	35
A_NP	107	107	T	0	0	107	35
A_NP	108	110	C	0	0	110	35
A_NP	109	105	G	0	0	105	35
A_NP	110	89	G	0	0	89	35
A_NP	111	108	G	0	0	108	35
A_NP	112	97	A	0	0	97	35
A_NP	113	95	G	0	0	95	35
A_NP	114	96	A	0	0	96	35
A_NP	115	88	T	0	0	88	35
A_NP	116	87	T	0	0	87	35
A_NP	117	85	C	0	0	85	35
A_NP	118	115	T	0	0	115	35
A_NP	119	94	A	0	0	94	35
A_NP	120	99	C	0	0	99	35
A_NP	121	96	A	0	0	96	35
A_NP	122	109	T	0	0	109	35
A_NP	123	93	A	0	0	93	35
A_NP	124	88	C	0	0	88	35
A_NP	125	89	A	0	0	89	35
A_NP	126	87	G	0	0	87	35
A_NP	127	90	A	0	0	90	35
A_NP	128	98	T	0	0	98	35
A_NP	129	99	G	0	0	99	35
A_NP	130	102	T	0	0	102	35
A_NP	131	102	G	0	0	102	35
A_NP	132	101	C	0	0	101	35
A_NP	133	98	A	0	0	98	35
A_NP	134	88	C	0	0	88	35
A_NP	135	85	T	0	0	85	35
A_NP	136	87	G	0	0	87	35
A_NP	137	96	A	0	0	96	35
A_NP	138	102	G	0	0	102	35
A_NP	139	87	C	0	0	87	35
A_NP	140	104	T	0	0	104	35
A_NP	141	104	C	0	0	104	35
A_NP	142	110	A	0	0	110	35
A_NP	143	95	A	0	0	95	35
A_NP	144	112	A	0	0	112	35
A_NP	145	97	C	0	0	97	35
A_NP	146	85	T	0	0	85	35
A_NP	147	94	C	0	0	94	35
A_NP	148	98	A	0	0	98	35
A_NP	149	97	G	0	0	97	35
A_NP	150	109	T	0	0	109	35
A_NP	151	87	G	0	0	87	35
A_NP	152	108	A	0	0	108	35
A_NP	153	113	T	0	0	113	35
A_NP	154	102	T	0	0	102	35
A_NP	155	113	A	0	0	113	35
A_NP	156	92	C	0	0	92	35
A_NP	157	103	G	0	0	103	35
A_NP	158	101	A	0	0	101	35
A_NP	159	90	A	0	0	90	35
A_NP	160	106	G	0	0	106	35
A_NP	161	97	G	0	0	97	35
A_NP	162	90	G	0	0	90	35
A_NP	163	89	A	0	0	89	35
A_NP	164	93	G	0	0	93	35
A_NP	165	94	G	0	0	94	35
A_NP	166	93	C	0	0	93	35
A_NP	167	100	T	0	0	100	35
A_NP	168	89	G	0	0	89	35
A_NP	169	87	A	0	0	87	35
A_NP	170	90	T	0	0	90	35
A_NP	171	98	C	0	0	98	35
A_NP	172	93	C	0	0	93	35
A_NP	173	98	A	0	0	98	35
A_NP	174	94	A	0	0	94	35
A_NP	175	100	A	0	0	100	35
A_NP	176	110	A	0	0	110	35
A_NP	177	87	C	0	0	87	35
A_NP	178	96	A	0	0	96	35
A_NP	179	93	G	0	0	93	35
A_NP	180	115	C	0	0	115	35
A_NP	181	92	A	0	0	92	35
A_NP	182	108	T	0	0	108	35
A_NP	183	105	A	0	0	105	35
A_NP	184	100	A	0	0	100	35
A_NP	185	104	C	0	0	104	35
A_NP	186	104	C	0	0	104	35
A_NP	187	91	A	0	0	91	35
A_NP	188	99	T	0	0	99	35
A_NP	189	88	A	0	0	88	35
A_NP	190	89	G	0	0	89	35
A_NP	191	94	A	0	0	94	35
A_NP	192	85	A	0	0	85	35
A_NP	193	115	A	0	0	115	35
A_NP	194	97	G	0	0	97	35
A_NP	195	95	G	0	0	95	35
A_NP	196	111	A	0	0	111	35
A_NP	197	104	T	0	0	104	35
A_NP	198	97	G	0	0	97	35
A_NP	199	110	G	0	0	110	35
A_NP	200	112	T	0	0	112	35
A_NP	201	95	T	0	0	95	35
A_NP	202	99	C	0	0	99	35
A_NP	203	95	T	0	0	95	35
A_NP	204	98	C	0	0	98	35
A_NP	205	111	T	0	0	111	35
A_NP	206	111	C	0	0	111	35
A_NP	207	112	G	0	0	112	35
A_NP	208	105	G	0	0	105	35
A_NP	209	104	C	0	0	104	35
A_NP	210	89	A	0	0	89	35
A_NP	211	94	T	0	0	94	35
A_NP	212	95	T	0	0	95	35
A_NP	213	104	T	0	0	104	35
A_NP	214	115	G	0	0	115	35
A_NP	215	107	A	0	0	107	35
A_NP	216	91	T	0	0	91	35
A_NP	217	100	G	0	0	100	35
A_NP	218	95	A	0	0	95	35
A_NP	219	90	G	0	0	90	35
A_NP	220	115	A	0	0	115	35
A_NP	221	97	G	0	0	97	35
A_NP	222	115	G	0	0	115	35
A_NP	223	95	A	0	0	95	35
A_NP	224	94	G	0	0	94	35
A_NP	225	108	G	0	0	108	35
A_NP	226	107	A	0	0	107	35
A_NP	227	105	A	0	0	105	35
A_NP	228	100	C	0	0	100	35
A_NP	229	115	A	0	0	115	35
A_NP	230	103	A	0	0	103	35
A_NP	231	110	G	0	0	110	35
A_NP	232	92	T	0	0	92	35
A_NP	233	95	A	0	0	95	35
A_NP	234	97	C	0	0	97	35
A_NP	235	93	C	0	0	93	35
A_NP	236	111	T	0	0	111	35
A_NP	237	110	G	0	0	110	35
A_NP	238	97	G	0	0	97	35
A_NP	239	96	A	0	0	96	35
A_NP	240	88	G	0	0	88	35
A_NP	241	114	G	0	0	114	35
A_NP	242	103	A	0	0	103	35
A_NP	243	91	A	0	0	91	35
A_NP	244	103	C	0	0	103	35
A_NP	245	102	A	0	0	102	35
A_NP	246	90	T	0	0	90	35
A_NP	247	106	C	0	0	106	35
A_NP	248	109	C	0	0	109	35
A_NP	249	102	C	0	0	102	35
A_NP	250	85	A	0	0	85	35
A_NP	251	115	G	0	0	115	35
A_NP	252	108	T	0	0	108	35
A_NP	253	99	G	0	0	99	35
A_NP	254	115	C	0	0	115	35
A_NP	255	107	C	0	0	107	35
A_NP	256	91	G	0	0	91	35
A_NP	257	99	G	0	0	99	35
A_NP	258	110	G	0	0	110	35
A_NP	259	94	A	0	0	94	35
A_NP	260	111	A	0	0	111	35
A_NP	261	107	G	0	0	107	35
A_NP	262	87	G	0	0	87	35
A_NP	263	111	A	0	0	111	35
A_NP	264	112	T	0	0	112	35
A_NP	265	110	C	0	0	110	35
A_NP	266	110	C	0	0	110	35
A_NP	267	98	C	0	0	98	35
A_NP	268	106	A	0	0	106	35
A_NP	269	100	A	0	0	100	35
A_NP	270	89	G	0	0	89	35
A_NP	271	105	A	0	0	105	35
A_NP	272	94	A	0	0	94	35
A_NP	273	92	G	0	0	92	35
A_NP	274	93	A	0	0	93	35
A_NP	275	106	C	0	0	106	35
A_NP	276	89	T	0	0	89	35
A_NP	277	107	G	0	0	107	35
A_NP	278	98	G	0	0	98	35
A_NP	279	110	A	0	0	110	35
A_NP	280	97	G	0	0	97	35
A_NP	281	87	G	0	0	87	35
A_NP	282	99	T	0	0	99	35
A_NP	283	104	C	0	0	104	35
A_NP	284	100	C	0	0	100	35
A_NP	285	103	A	0	0	103	35
A_NP	286	97	A	0	0	97	35
A_NP	287	102	T	0	0	102	35
A_NP	288	101	C	0	0	101	35
A_NP	289	114	T	0	0	114	35
A_NP	290	114	A	0	0	114	35
A_NP	291	112	C	0	0	112	35
A_NP	292	107	A	0	0	107	35
A_NP	293	98	G	0	0	98	35
A_NP	294	102	G	0	0	102	35
A_NP	295	86	A	0	0	86	35
A_NP	296	110	G	0	0	110	35
A_NP	297	115	G	0	0	115	35
A_NP	298	96	A	0	0	96	35
A_NP	299	107	G	0	0	107	35
A_NP	300	113	A	0	0	113	35
A_NP	301	110	G	0	0	110	35
A_NP	302	102	A	0	0	102	35
A_NP	303	104	T	0	0	104	35
A_NP	304	105	G	0	0	105	35
A_NP	305	114	G	0	0	114	35
A_NP	306	87	C	0	0	87	35
A_NP	307	88	A	0	0	88	35
A_NP	308	109	A	0	0	109	35
A_NP	309	92	A	0	0	92	35
A_NP	310	106	T	0	0	106	35
A_NP	311	106	G	0	0	106	35
A_NP	312	96	G	0	0	96	35
A_NP	313	90	G	0	0	90	35
A_NP	314	105	T	0	0	105	35
A_NP	315	104	G	0	0	104	35
A_NP	316	86	A	0	0	86	35
A_NP	317	103	G	0	0	103	35
A_NP	318	105	A	0	0	105	35
A_NP	319	106	G	0	0	106	35
A_NP	320	105	A	0	0	105	35
A_NP	321	97	G	0	0	97	35
A_NP	322	115	T	0	0	115	35
A_NP	323	109	T	0	0	109	35
A_NP	324	95	G	0	0	95	35
A_NP	325	115	A	0	0	115	35
A_NP	326	110	T	0	0	110	35
A_NP	327	98	C	0	0	98	35
A_NP	328	88	C	0	0	88	35
A_NP	329	85	T	0	0	85	35
A_NP	330	88	C	0	0	88	35
A_NP	331	93	T	0	0	93	35
A_NP	332	92	A	0	0	92	35
A_NP	333	101	C	0	0	101	35
A_NP	334	108	G	0	0	108	35
A_NP	335	101	A	0	0	101	35
A_NP	336	102	C	0	0	102	35
A_NP	337	103	A	0	0	103	35
A_NP	338	107	A	0	0	107	35
A_NP	339	103	A	0	0	103	35
A_NP	340	92	G	0	0	92	35
A_NP	341	99	A	0	0	99	35
A_NP	342	96	A	0	0	96	35
A_NP	343	97	G	0	0	97	35
A_NP	344	99	A	0	0	99	35
A_NP	345	109	G	0	0	109	35
A_NP	346	106	A	0	0	106	35
A_NP	347	103	T	0	0	103	35
A_NP	348	107	C	0	0	107	35
A_NP	349	101	A	0	0	101	35
A_NP	350	89	G	0	0	89	35
A_NP	351	96	A	0	0	96	35
A_NP	352	85	A	0	0	85	35
A_NP	353	100	G	0	0	100	35
A_NP	354	88	A	0	0	88	35
A_NP	355	94	A	0	0	94	35
A_NP	356	98	T	0	0	98	35
A_NP	357	114	T	0	0	114	35
A_NP	358	115	T	0	0	115	35
A_NP	359	87	G	0	0	87	35
A_NP	360	88	G	0	0	88	35
A_NP	361	111	C	0	0	111	35
A_NP	362	115	G	0	0	115	35
A_NP	363	108	T	0	0	108	35
A_NP	364	89	C	0	0	89	35
A_NP	365	96	A	0	0	96	35
A_NP	366	94	A	0	0	94	35
A_NP	367	95	G	0	0	95	35
A_NP	368	99	C	0	0	99	35
A_NP	369	110	T	0	0	110	35
A_NP	370	91	A	0	0	91	35
A_NP	371	101	A	0	0	101	35
A_NP	372	100	T	0	0	100	35
A_NP	373	96	A	0	0	96	35
A_NP	374	100	A	0	0	100	35
A_NP	375	88	T	0	0	88	35
A_NP	376	99	G	0	0	99	35
A_NP	377	108	G	0	0	108	35
A_NP	378	107	A	0	0	107	35
A_NP	379	99	G	0	0	99	35
A_NP	380	95	A	0	0	95	35
A_NP	381	87	G	0	0	87	35
A_NP	382	94	G	0	0	94	35
A_NP	383	86	A	0	0	86	35
A_NP	384	110	T	0	0	110	35
A_NP	385	107	G	0	0	107	35
A_NP	386	88	C	0	0	88	35
A_NP	387	85	A	0	0	85	35
A_NP	388	112	A	0	0	112	35
A_NP	389	95	C	0	0	95	35
A_NP	390	105	T	0	0	105	35
A_NP	391	88	G	0	0	88	35
A_NP	392	106	C	0	0	106	35
A_NP	393	110	T	0	0	110	35
A_NP	394	90	G	0	0	90	35
A_NP	395	114	G	0	0	114	35
A_NP	396	108	T	0	0	108	35
A_NP	397	92	C	0	0	92	35
A_NP	398	101	T	0	0	101	35
A_NP	399	90	C	0	0	90	35
A_NP	400	102	A	0	0	102	35
A_NP	401	90	C	0	0	90	35
A_NP	402	95	T	0	0	95	35
A_NP	403	102	C	0	0	102	35
A_NP	404	98	A	0	0	98	35
A_NP	405	115	T	0	0	115	35
A_NP	406	99	C	0	0	99	35
A_NP	407	92	T	0	0	92	35
A_NP	408	110	G	0	0	110	35
A_NP	409	97	A	0	0	97	35
A_NP	410	105	T	0	0	105	35
A_NP	411	90	G	0	0	90	35
A_NP	412	90	A	0	0	90	35
A_NP	413	105	T	0	0	105	35
A_NP	414	106	T	0	0	106	35
A_NP	415	98	T	0	0	98	35
A_NP	416	97	G	0	0	97	35
A_NP	417	85	G	0	0	85	35
A_NP	418	108	C	0	0	108	35
A_NP	419	104	A	0	0	104	35
A_NP	420	113	T	0	0	113	35
A_NP	421	91	T	0	0	91	35
A_NP	422	99	C	0	0	99	35
A_NP	423	103	C	0	0	103	35
A_NP	424	98	A	0	0	98	35
A_NP	425	97	A	0	0	97	35
A_NP	426	85	T	0	0	85	35
A_NP	427	107	C	0	0	107	35
A_NP	428	91	T	0	0	91	35
A_NP	429	91	G	0	0	91	35
A_NP	430	93	A	0	0	93	35
A_NP	431	109	A	0	0	109	35
A_NP	432	107	T	0	0	107	35
A_NP	433	110	G	0	0	110	35
A_NP	434	110	A	0	0	110	35
A_NP	435	87	T	0	0	87	35
A_NP	436	103	G	0	0	103	35
A_NP	437	88	C	0	0	88	35
A_NP	438	110	C	0	0	110	35
A_NP	439	112	A	0	0	112	35
A_NP	440	102	C	0	0	102	35
A_NP	441	90	A	0	0	90	35
A_NP	442	96	T	0	0	96	35
A_NP	443	95	A	0	0	95	35
A_NP	444	91	C	0	0	91	35
A_NP	445	99	C	0	0	99	35
A_NP	446	88	A	0	0	88	35
A_NP	447	93	G	0	0	93	35
A_NP	448	106	A	0	0	106	35
A_NP	449	112	G	0	0	112	35
A_NP	450	100	A	0	0	100	35
A_NP	451	101	A	0	0	101	35
A_NP	452	115	C	0	0	115	35
A_NP	453	105	A	0	0	105	35
A_NP	454	95	A	0	0	95	35
A_NP	455	104	G	0	0	104	35
A_NP	456	97	G	0	0	97	35
A_NP	457	104	G	0	0	104	35
A_NP	458	97	C	0	0	97	35
A_NP	459	103	A	0	0	103	35
A_NP	460	88	C	0	0	88	35
A_NP	461	96	T	0	0	96	35
A_NP	462	96	T	0	0	96	35
A_NP	463	112	G	0	0	112	35
A_NP	464	99	T	0	0	99	35
A_NP	465	104	G	0	0	104	35
A_NP	466	90	C	0	0	90	35
A_NP	467	111	G	0	0	111	35
A_NP	468	106	T	0	0	106	35
A_NP	469	107	A	0	0	107	35
A_NP	470	110	C	0	0	110	35
A_NP	471	94	T	0	0	94	35
A_NP	472	114	G	0	0	114	35
A_NP	473	104	G	0	0	104	35
A_NP	474	103	A	0	0	103	35
A_NP	475	87	A	0	0	87	35
A_NP	476	106	T	0	0	106	35
A_NP	477	89	G	0	0	89	35
A_NP	478	95	G	0	0	95	35
A_NP	479	88	A	0	0	88	35
A_NP	480	92	C	0	0	92	35
A_NP	481	94	C	0	0	94	35
A_NP	482	88	C	0	0	88	35
A_NP	483	90	T	0	0	90	35
A_NP	484	96	A	0	0	96	35
A_NP	485	107	G	0	0	107	35
A_NP	486	89	A	0	0	89	35
A_NP	487	101	A	0	0	101	35
A_NP	488	97	T	0	0	97	35
A_NP	489	98	G	0	0	98	35
A_NP	490	104	T	0	0	104	35
A_NP	491	89	G	0	0	89	35
A_NP	492	103	C	0	0	103	35
A_NP	493	97	T	0	0	97	35
A_NP	494	98	C	0	0	98	35
A_NP	495	90	T	0	0	90	35
A_NP	496	100	C	0	0	100	35
A_NP	497	105	T	0	0	105	35
A_NP	498	102	G	0	0	102	35
A_NP	499	107	A	0	0	107	35
A_NP	500	114	T	0	0	114	35
A_NP	501	105	G	0	0	105	35
A_NP	502	114	C	0	0	114	35
A_NP	503	90	A	0	0	90	35
A_NP	504	102	A	0	0	102	35
A_NP	505	90	G	0	0	90	35
A_NP	506	100	G	0	0	100	35
A_NP	507	94	C	0	0	94	35
A_NP	508	89	T	0	0	89	35
A_NP	509	90	C	0	0	90	35
A_NP	510	95	A	0	0	95	35
A_NP	511	111	A	0	0	111	35
A_NP	512	99	C	0	0	99	35
A_NP	513	104	C	0	0	104	35
A_NP	514	86	C	0	0	86	35
A_NP	515	112	T	0	0	112	35
A_NP	516	96	C	0	0	96	35
A_NP	517	115	C	0	0	115	35
A_NP	518	85	C	0	0	85	35
A_NP	519	100	T	0	0	100	35
A_NP	520	89	A	0	0	89	35
A_NP	521	91	G	0	0	91	35
A_NP	522	111	G	0	0	111	35
A_NP	523	97	A	0	0	97	35
A_NP	524	115	G	0	0	115	35
A_NP	525	102	A	0	0	102	35
A_NP	526	101	T	0	0	101	35
A_NP	527	105	C	0	0	105	35
A_NP	528	100	C	0	0	100	35
A_NP	529	98	G	0	0	98	35
A_NP	530	106	G	0	0	106	35
A_NP	531	100	G	0	0	100	35
A_NP	532	98	G	0	0	98	35
A_NP	533	107	C	0	0	107	35
A_NP	534	111	T	0	0	111	35
A_NP	535	99	G	0	0	99	35
A_NP	536	100	C	0	0	100	35
A_NP	537	90	T	0	0	90	35
A_NP	538	87	G	0	0	87	35
A_NP	539	103	G	0	0	103	35
A_NP	540	85	A	0	0	85	35
A_NP	541	110	G	0	0	110	35
A_NP	542	109	C	0	0	109	35
A_NP	543	92	A	0	0	92	35
A_NP	544	94	G	0	0	94	35
A_NP	545	86	C	0	0	86	35
A_NP	546	93	A	0	0	93	35
A_NP	547	92	G	0	0	92	35
A_NP	548	102	T	0	0	102	35
A_NP	549	94	G	0	0	94	35
A_NP	550	90	A	0	0	90	35
A_NP	551	109	A	0	0	109	35
A_NP	552	99	A	0	0	99	35
A_NP	553	103	G	0	0	103	35
A_NP	554	108	G	0	0	108	35
A_NP	555	109	A	0	0	109	35
A_NP	556	109	G	0	0	109	35
A_NP	557	100	T	0	0	100	35
A_NP	558	102	T	0	0	102	35
A_NP	559	101	G	0	0	101	35
A_NP	560	88	G	0	0	88	35
A_NP	561	103	A	0	0	103	35
A_NP	562	88	A	0	0	88	35
A_NP	563	93	C	0	0	93	35
A_NP	564	109	A	0	0	109	35
A_NP	565	102	A	0	0	102	35
A_NP	566	111	T	0	0	111	35
A_NP	567	96	G	0	0	96	35
A_NP	568	102	G	0	0	102	35
A_NP	569	111	T	0	0	111	35
A_NP	570	109	G	0	0	109	35
A_NP	571	86	A	0	0	86	35
A_NP	572	109	T	0	0	109	35
A_NP	573	108	G	0	0	108	35
A_NP	574	99	G	0	0	99	35
A_NP	575	102	A	0	0	102	35
A_NP	576	91	A	0	0	91	35
A_NP	577	98	C	0	0	98	35
A_NP	578	88	T	0	0	88	35
A_NP	579	108	A	0	0	108	35
A_NP	580	111	A	0	0	111	35
A_NP	581	105	T	0	0	105	35
A_NP	582	109	T	0	0	109	35
A_NP	583	92	C	0	0	92	35
A_NP	584	94	G	0	0	94	35
A_NP	585	112	A	0	0	112	35
A_NP	586	86	A	0	0	86	35
A_NP	587	99	T	0	0	99	35
A_NP	588	93	G	0	0	93	35
A_NP	589	96	A	0	0	96	35
A_NP	590	112	T	0	0	112	35
A_NP	591	111	C	0	0	111	35
A_NP	592	87	A	0	0	87	35
A_NP	593	99	A	0	0	99	35
A_NP	594	112	A	0	0	112	35
A_NP	595	88	C	0	0	88	35
A_NP	596	109	G	0	0	109	35
A_NP	597	110	A	0	0	110	35
A_NP	598	92	G	0	0	92	35
A_NP	599	91	G	0	0	91	35
A_NP	600	110	G	0	0	110	35
A_NP	601	108	A	0	0	108	35
A_NP	602	103	T	0	0	103	35
A_NP	603	107	C	0	0	107	35
A_NP	604	96	A	0	0	96	35
A_NP	605	112	A	0	0	112	35
A_NP	606	107	T	0	0	107	35
A_NP	607	104	G	0	0	104	35
A_NP	608	105	A	0	0	105	35
A_NP	609	98	T	0	0	98	35
A_NP	610	90	C	0	0	90	35
A_NP	611	104	G	0	0	104	35
A_NP	612	89	G	0	0	89	35
A_NP	613	110	A	0	0	110	35
A_NP	614	91	A	0	0	91	35
A_NP	615	111	T	0	0	111	35
A_NP	616	91	T	0	0	91	35
A_NP	617	110	T	0	0	110	35
A_NP	618	86	C	0	0	86	35
A_NP	619	103	T	0	0	103	35
A_NP	620	96	G	0	0	96	35
A_NP	621	102	G	0	0	102	35
A_NP	622	93	A	0	0	93	35
A_NP	623	104	G	0	0	104	35
A_NP	624	102	A	0	0	102	35
A_NP	625	90	G	0	0	90	35
A_NP	626	95	G	0	0	95	35
A_NP	627	107	C	0	0	107	35
A_NP	628	94	G	0	0	94	35
A_NP	629	94	A	0	0	94	35
A_NP	630	103	A	0	0	103	35
A_NP	631	93	A	0	0	93	35
A_NP	632	115	A	0	0	115	35
A_NP	633	112	C	0	0	112	35
A_NP	634	101	G	0	0	101	35
A_NP	635	113	G	0	0	113	35
A_NP	636	106	T	0	0	106	35
A_NP	637	111	C	0	0	111	35
A_NP	638	88	G	0	0	88	35
A_NP	639	89	G	0	0	89	35
A_NP	640	115	A	0	0	115	35
A_NP	641	109	G	0	0	109	35
A_NP	642	110	A	0	0	110	35
A_NP	643	98	A	0	0	98	35
A_NP	644	114	C	0	0	114	35
A_NP	645	86	C	0	0	86	35
A_NP	646	93	A	0	0	93	35
A_NP	647	112	G	0	0	112	35
A_NP	648	105	G	0	0	105	35
A_NP	649	89	A	0	0	89	35
A_NP	650	107	T	0	0	107	35
A_NP	651	112	T	0	0	112	35
A_NP	652	89	G	0	0	89	35
A_NP	653	92	C	0	0	92	35
A_NP	654	89	C	0	0	89	35
A_NP	655	107	T	0	0	107	35
A_NP	656	95	A	0	0	95	35
A_NP	657	111	C	0	0	111	35
A_NP	658	92	G	0	0	92	35
A_NP	659	109	A	0	0	109	35
A_NP	660	111	G	0	0	111	35
A_NP	661	106	A	0	0	106	35
A_NP	662	97	G	0	0	97	35
A_NP	663	100	A	0	0	100	35
A_NP	664	89	A	0	0	89	35
A_NP	665	103	T	0	0	103	35
A_NP	666	105	G	0	0	105	35
A_NP	667	93	T	0	0	93	35
A_NP	668	105	G	0	0	105	35
A_NP	669	98	C	0	0	98	35
A_NP	670	97	A	0	0	97	35
A_NP	671	99	A	0	0	99	35
A_NP	672	87	C	0	0	87	35
A_NP	673	105	A	0	0	105	35
A_NP	674	110	T	0	0	110	35
A_NP	675	113	C	0	0	113	35
A_NP	676	109	C	0	0	109	35
A_NP	677	87	T	0	0	87	35
A_NP	678	97	C	0	0	97	35
A_NP	679	101	A	0	0	101	35
A_NP	680	108	A	0	0	108	35
A_NP	681	93	G	0	0	93	35
A_NP	682	107	G	0	0	107	35
A_NP	683	114	G	0	0	114	35
A_NP	684	113	A	0	0	113	35
A_NP	685	96	A	0	0	96	35
A_NP	686	99	A	0	0	99	35
A_NP	687	115	G	0	0	115	35
A_NP	688	100	T	0	0	100	35
A_NP	689	95	T	0	0	95	35
A_NP	690	103	C	0	0	103	35
A_NP	691	85	C	0	0	85	35
A_NP	692	112	A	0	0	112	35
A_NP	693	109	A	0	0	109	35
A_NP	694	112	A	0	0	112	35
A_NP	695	108	C	0	0	108	35
A_NP	696	87	A	0	0	87	35
A_NP	697	108	G	0	0	108	35
A_NP	698	99	C	0	0	99	35
A_NP	699	105	A	0	0	105	35
A_NP	700	106	G	0	0	106	35
A_NP	701	107	C	0	0	107	35
A_NP	702	96	A	0	0	96	35
A_NP	703	112	C	0	0	112	35
A_NP	704	87	A	0	0	87	35
A_NP	705	110	A	0	0	110	35
A_NP	706	102	C	0	0	102	35
A_NP	707	97	G	0	0	97	35
A_NP	708	91	G	0	0	91	35
A_NP	709	115	G	0	0	115	35
A_NP	710	98	C	0	0	98	35
A_NP	711	111	A	0	0	111	35
A_NP	712	91	A	0	0	91	35
A_NP	713	100	T	0	0	100	35
A_NP	714	93	G	0	0	93	35
A_NP	715	95	A	0	0	95	35
A_NP	716	111	T	0	0	111	35
A_NP	717	94	G	0	0	94	35
A_NP	718	95	G	0	0	95	35
A_NP	719	102	A	0	0	102	35
A_NP	720	103	C	0	0	103	35
A_NP	721	89	C	0	0	89	35
A_NP	722	103	A	0	0	103	35
A_NP	723	112	A	0	0	112	35
A_NP	724	100	G	0	0	100	35
A_NP	725	110	T	0	0	110	35
A_NP	726	95	G	0	0	95	35
A_NP	727	113	A	0	0	113	35
A_NP	728	106	G	0	0	106	35
A_NP	729	109	A	0	0	109	35
A_NP	730	86	G	0	0	86	35
A_NP	731	86	A	0	0	86	35
A_NP	732	88	A	0	0	88	35
A_NP	733	105	A	0	0	105	35
A_NP	734	110	G	0	0	110	35
A_NP	735	111	C	0	0	111	35
A_NP	736	99	C	0	0	99	35
A_NP	737	85	G	0	0	85	35
A_NP	738	88	G	0	0	88	35
A_NP	739	114	A	0	0	114	35
A_NP	740	112	A	0	0	112	35
A_NP	741	90	T	0	0	90	35
A_NP	742	99	C	0	0	99	35
A_NP	743	99	C	0	0	99	35
A_NP	744	85	T	0	0	85	35
A_NP	745	115	G	0	0	115	35
A_NP	746	98	G	0	0	98	35
A_NP	747	91	G	0	0	91	35
A_NP	748	107	A	0	0	107	35
A_NP	749	114	A	0	0	114	35
A_NP	750	89	T	0	0	89	35
A_NP	751	113	G	0	0	113	35
A_NP	752	105	C	0	0	105	35
A_NP	753	94	T	0	0	94	35
A_NP	754	90	G	0	0	90	35
A_NP	755	112	A	0	0	112	35
A_NP	756	114	A	0	0	114	35
A_NP	757	113	A	0	0	113	35
A_NP	758	93	T	0	0	93	35
A_NP	759	87	T	0	0	87	35
A_NP	760	105	G	0	0	105	35
A_NP	761	96	A	0	0	96	35
A_NP	762	93	A	0	0	93	35
A_NP	763	87	G	0	0	87	35
A_NP	764	96	A	0	0	96	35
A_NP	765	106	T	0	0	106	35
A_NP	766	113	C	0	0	113	35
A_NP	767	105	T	0	0	105	35
A_NP	768	90	C	0	0	90	35
A_NP	769	86	A	0	0	86	35
A_NP	770	97	T	0	0	97	35
A_NP	771	105	C	0	0	105	35
A_NP	772	94	T	0	0	94	35
A_NP	773	108	T	0	0	108	35
A_NP	774	107	T	0	0	107	35
A_NP	775	109	C	0	0	109	35
A_NP	776	92	T	0	0	92	35
A_NP	777	98	C	0	0	98	35
A_NP	778	105	G	0	0	105	35
A_NP	779	87	C	0	0	87	35
A_NP	780	107	A	0	0	107	35
A_NP	781	88	C	0	0	88	35
A_NP	782	85	G	0	0	85	35
A_NP	783	91	A	0	0	91	35
A_NP	784	100	T	0	0	100	35
A_NP	785	87	C	0	0	87	35
A_NP	786	89	T	0	0	89	35
A_NP	787	103	G	0	0	103	35
A_NP	788	92	C	0	0	92	35
A_NP	789	101	T	0	0	101	35
A_NP	790	106	C	0	0	106	35
A_NP	791	99	T	0	0	99	35
A_NP	792	85	C	0	0	85	35
A_NP	793	85	A	0	0	85	35
A_NP	794	107	T	0	0	107	35
A_NP	795	95	C	0	0	95	35
A_NP	796	111	C	0	0	111	35
A_NP	797	88	T	0	0	88	35
A_NP	798	112	G	0	0	112	35
A_NP	799	98	A	0	0	98	35
A_NP	800	107	G	0	0	107	35
A_NP	801	89	G	0	0	89	35
A_NP	802	100	G	0	0	100	35
A_NP	803	87	G	0	0	87	35
A_NP	804	92	A	0	0	92	35
A_NP	805	97	T	0	0	97	35
A_NP	806	87	C	0	0	87	35
A_NP	807	108	A	0	0	108	35
A_NP	808	110	G	0	0	110	35
A_NP	809	88	T	0	0	88	35
A_NP	810	88	G	0	0	88	35
A_NP	811	95	G	0	0	95	35
A_NP	812	96	C	0	0	96	35
A_NP	813	113	T	0	0	113	35
A_NP	814	94	C	0	0	94	35
A_NP	815	89	A	0	0	89	35
A_NP	816	97	T	0	0	97	35
A_NP	817	109	A	0	0	109	35
A_NP	818	111	A	0	0	111	35
A_NP	819	109	G	0	0	109	35
A_NP	820	112	T	0	0	112	35
A_NP	821	89	C	0	0	89	35
A_NP	822	105	C	0	0	105	35
A_NP	823	106	T	0	0	106	35
A_NP	824	89	G	0	0	89	35
A_NP	825	87	T	0	0	87	35
A_NP	826	101	C	0	0	101	35
A_NP	827	103	T	0	0	103	35
A_NP	828	85	G	0	0	85	35
A_NP	829	104	C	0	0	104	35
A_NP	830	105	C	0	0	105	35
A_NP	831	90	T	0	0	90	35
A_NP	832	99	G	0	0	99	35
A_NP	833	96	C	0	0	96	35
A_NP	834	108	T	0	0	108	35
A_NP	835	91	T	0	0	91	35
A_NP	836	105	G	0	0	105	35
A_NP	837	108	C	0	0	108	35
A_NP	838	89	G	0	0	89	35
A_NP	839	114	T	0	0	114	35
A_NP	840	98	A	0	0	98	35
A_NP	841	104	T	0	0	104	35
A_NP	842	106	A	0	0	106	35
A_NP	843	99	T	0	0	99	35
A_NP	844	112	G	0	0	112	35
A_NP	845	91	G	0	0	91	35
A_NP	846	87	A	0	0	87	35
A_NP	847	113	C	0	0	113	35
A_NP	848	88	T	0	0	88	35
A_NP	849	89	T	0	0	89	35
A_NP	850	109	G	0	0	109	35
A_NP	851	88	C	0	0	88	35
A_NP	852	103	T	0	0	103	35
A_NP	853	108	G	0	0	108	35
A_NP	854	97	T	0	0	97	35
A_NP	855	96	A	0	0	96	35
A_NP	856	115	G	0	0	115	35
A_NP	857	98	C	0	0	98	35
A_NP	858	95	C	0	0	95	35
A_NP	859	110	A	0	0	110	35
A_NP	860	89	G	0	0	89	35
A_NP	861	92	T	0	0	92	35
A_NP	862	93	G	0	0	93	35
A_NP	863	105	G	0	0	105	35
A_NP	864	87	A	0	0	87	35
A_NP	865	92	T	0	0	92	35
A_NP	866	102	A	0	0	102	35
A_NP	867	104	T	0	0	104	35
A_NP	868	104	G	0	0	104	35
A_NP	869	108	A	0	0	108	35
A_NP	870	104	C	0	0	104	35
A_NP	871	94	T	0	0	94	35
A_NP	872	109	T	0	0	109	35
A_NP	873	115	T	0	0	115	35
A_NP	874	107	G	0	0	107	35
A_NP	875	85	A	0	0	85	35
A_NP	876	112	A	0	0	112	35
A_NP	877	112	A	0	0	112	35
A_NP	878	106	G	0	0	106	35
A_NP	879	113	A	0	0	113	35
A_NP	880	94	G	0	0	94	35
A_NP	881	91	A	0	0	91	35
A_NP	882	101	G	0	0	101	35
A_NP	883	104	G	0	0	104	35
A_NP	884	101	G	0	0	101	35
A_NP	885	91	A	0	0	91	35
A_NP	886	108	T	0	0	108	35
A_NP	887	97	A	0	0	97	35
A_NP	888	94	T	0	0	94	35
A_NP	889	105	T	0	0	105	35
A_NP	890	86	C	0	0	86	35
A_NP	891	110	T	0	0	110	35
A_NP	892	113	C	0	0	113	35
A_NP	893	110	T	0	0	110	35
A_NP	894	115	A	0	0	115	35
A_NP	895	92	G	0	0	92	35
A_NP	896	100	T	0	0	100	35
A_NP	897	97	C	0	0	97	35
A_NP	898	88	G	0	0	88	35
A_NP	899	92	G	0	0	92	35
A_NP	900	100	A	0	0	100	35
A_NP	901	105	A	0	0	105	35
A_NP	902	104	T	0	0	104	35
A_NP	903	87	T	0	0	87	35
A_NP	904	101	G	0	0	101	35
A_NP	905	113	A	0	0	113	35
A_NP	906	85	T	0	0	85	35
A_NP	907	96	C	0	0	96	35
A_NP	908	114	C	0	0	114	35
A_NP	909	95	T	0	0	95	35
A_NP	910	89	T	0	0	89	35
A_NP	911	97	T	0	0	97	35
A_NP	912	112	C	0	0	112	35
A_NP	913	111	C	0	0	111	35
A_NP	914	103	G	0	0	103	35
A_NP	915	98	T	0	0	98	35
A_NP	916	96	C	0	0	96	35
A_NP	917	102	T	0	0	102	35
A_NP	918	106	G	0	0	106	35
A_NP	919	90	C	0	0	90	35
A_NP	920	109	T	0	0	109	35
A_NP	921	100	C	0	0	100	35
A_NP	922	115	C	0	0	115	35
A_NP	923	109	A	0	0	109	35
A_NP	924	87	A	0	0	87	35
A_NP	925	85	A	0	0	85	35
A_NP	926	103	A	0	0	103	35
A_NP	927	87	C	0	0	87	35
A_NP	928	85	A	0	0	85	35
A_NP	929	93	G	0	0	93	35
A_NP	930	91	C	0	0	91	35
A_NP	931	86	C	0	0	86	35
A_NP	932	114	A	0	0	114	35
A_NP	933	86	A	0	0	86	35
A_NP	934	115	G	0	0	115	35
A_NP	935	110	T	0	0	110	35
A_NP	936	97	C	0	0	97	35
A_NP	937	101	T	0	0	101	35
A_NP	938	94	T	0	0	94	35
A_NP	939	105	C	0	0	105	35
A_NP	940	107	A	0	0	107	35
A_NP	941	101	G	0	0	101	35
A_NP	942	109	T	0	0	109	35
A_NP	943	98	C	0	0	98	35
A_NP	944	98	T	0	0	98	35
A_NP	945	107	C	0	0	107	35
A_NP	946	97	A	0	0	97	35
A_NP	947	87	T	0	0	87	35
A_NP	948	105	C	0	0	105	35
A_NP	949	102	A	0	0	102	35
A_NP	950	102	G	0	0	102	35
A_NP	951	104	A	0	0	104	35
A_NP	952	89	C	0	0	89	35
A_NP	953	93	C	0	0	93	35
A_NP	954	87	G	0	0	87	35
A_NP	955	94	A	0	0	94	35
A_NP	956	87	A	0	0	87	35
A_NP	957	101	C	0	0	101	35
A_NP	958	114	G	0	0	114	35
A_NP	959	91	A	0	0	91	35
A_NP	960	110	A	0	0	110	35
A_NP	961	89	A	0	0	89	35
A_NP	962	102	A	0	0	102	35
A_NP	963	95	T	0	0	95	35
A_NP	964	97	C	0	0	97	35
A_NP	965	103	C	0	0	103	35
A_NP	966	105	A	0	0	105	35
A_NP	967	109	G	0	0	109	35
A_NP	968	111	C	0	0	111	35
A_NP	969	105	T	0	0	105	35
A_NP	970	106	C	0	0	106	35
A_NP	971	105	A	0	0	105	35
A_NP	972	87	T	0	0	87	35
A_NP	973	94	A	0	0	94	35
A_NP	974	107	A	0	0	107	35
A_NP	975	98	A	0	0	98	35
A_NP	976	108	A	0	0	108	35
A_NP	977	115	G	0	0	115	35
A_NP	978	112	T	0	0	112	35
A_NP	979	92	C	0	0	92	35
A_NP	980	86	A	0	0	86	35
A_NP	981	92	G	0	0	92	35
A_NP	982	87	C	0	0	87	35
A_NP	983	114	T	0	0	114	35
A_NP	984	98	G	0	0	98	35
A_NP	985	88	G	0	0	88	35
A_NP	986	99	T	0	0	99	35
A_NP	987	104	A	0	0	104	35
A_NP	988	104	T	0	0	104	35
A_NP	989	86	G	0	0	86	35
A_NP	990	94	G	0	0	94	35
A_NP	991	106	A	0	0	106	35
A_NP	992	108	T	0	0	108	35
A_NP	993	106	G	0	0	106	35
A_NP	994	108	G	0	0	108	35
A_NP	995	90	C	0	0	90	35
A_NP	996	88	A	0	0	88	35
A_NP	997	85	T	0	0	85	35
A_NP	998	107	G	0	0	107	35
A_NP	999	89	C	0	0	89	35
A_NP	1000	107	C	0	0	107	35
A_NP	1001	85	A	0	0	85	35
A_NP	1002	90	C	0	0	90	35
A_NP	1003	100	T	0	0	100	35
A_NP	1004	115	C	0	0	115	35
A_NP	1005	96	T	0	0	96	35
A_NP	1006	101	G	0	0	101	35
A_NP	1007	101	C	0	0	101	35
A_NP	1008	110	G	0	0	110	35
A_NP	1009	111	G	0	0	111	35
A_NP	1010	108	C	0	0	108	35
A_NP	1011	93	A	0	0	93	35
A_NP	1012	90	T	0	0	90	35
A_NP	1013	96	T	0	0	96	35
A_NP	1014	89	T	0	0	89	35
A_NP	1015	108	G	0	0	108	35
A_NP	1016	109	A	0	0	109	35
A_NP	1017	112	G	0	0	112	35
A_NP	1018	93	G	0	0	93	35
A_NP	1019	108	A	0	0	108	35
A_NP	1020	113	T	0	0	113	35
A_NP	1021	88	C	0	0	88	35
A_NP	1022	109	T	0	0	109	35
A_NP	1023	113	G	0	0	113	35
A_NP	1024	85	A	0	0	85	35
A_NP	1025	95	G	0	0	95	35
A_NP	1026	110	A	0	0	110	35
A_NP	1027	98	G	0	0	98	35
A_NP	1028	93	T	0	0	93	35
A_NP	1029	101	G	0	0	101	35
A_NP	1030	87	T	0	0	87	35
A_NP	1031	93	C	0	0	93	35
A_NP	1032	107	A	0	0	107	35
A_NP	1033	103	A	0	0	103	35
A_NP	1034	105	G	0	0	105	35
A_NP	1035	87	C	0	0	87	35
A_NP	1036	100	T	0	0	100	35
A_NP	1037	99	T	0	0	99	35
A_NP	1038	101	C	0	0	101	35
A_NP	1039	96	A	0	0	96	35
A_NP	1040	86	T	0	0	86	35
A_NP	1041	100	C	0	0	100	35
A_NP	1042	112	A	0	0	112	35
A_NP	1043	103	G	0	0	103	35
A_NP	1044	90	A	0	0	90	35
A_NP	1045	96	G	0	0	96	35
A_NP	1046	90	G	0	0	90	35
A_NP	1047	93	G	0	0	93	35
A_NP	1048	109	A	0	0	109	35
A_NP	1049	88	C	0	0	88	35
A_NP	1050	113	A	0	0	113	35
A_NP	1051	103	A	0	0	103	35
A_NP	1052	106	G	0	0	106	35
A_NP	1053	108	A	0	0	108	35
A_NP	1054	88	G	0	0	88	35
A_NP	1055	92	T	0	0	92	35
A_NP	1056	108	A	0	0	108	35
A_NP	1057	101	G	0	0	101	35
A_NP	1058	85	T	0	0	85	35
A_NP	1059	86	C	0	0	86	35
A_NP	1060	112	C	0	0	112	35
A_NP	1061	112	C	0	0	112	35
A_NP	1062	85	A	0	0	85	35
A_NP	1063	92	A	0	0	92	35
A_NP	1064	86	G	0	0	86	35
A_NP	1065	100	A	0	0	100	35
A_NP	1066	96	G	0	0	96	35
A_NP	1067	97	G	0	0	97	35
A_NP	1068	114	A	0	0	114	35
A_NP	1069	89	C	0	0	89	35
A_NP	1070	90	A	0	0	90	35
A_NP	1071	114	A	0	0	114	35
A_NP	1072	115	C	0	0	115	35
A_NP	1073	112	T	0	0	112	35
A_NP	1074	86	G	0	0	86	35
A_NP	1075	102	T	0	0	102	35
A_NP	1076	110	C	0	0	110	35
A_NP	1077	114	C	0	0	114	35
A_NP	1078	107	A	0	0	107	35
A_NP	1079	108	C	0	0	108	35
A_NP	1080	105	C	0	0	105	35
A_NP	1081	98	A	0	0	98	35
A_NP	1082	92	G	0	0	92	35
A_NP	1083	95	A	0	0	95	35
A_NP	1084	92	G	0	0	92	35
A_NP	1085	98	G	0	0	98	35
A_NP	1086	114	A	0	0	114	35
A_NP	1087	108	G	0	0	108	35
A_NP	1088	95	T	0	0	95	35
A_NP	1089	93	T	0	0	93	35
A_NP	1090	111	C	0	0	111	35
A_NP	1091	87	A	0	0	87	35
A_NP	1092	103	G	0	0	103	35
A_NP	1093	96	A	0	0	96	35
A_NP	1094	88	T	0	0	88	35
A_NP	1095	101	T	0	0	101	35
A_NP	1096	106	G	0	0	106	35
A_NP	1097	113	C	0	0	113	35
A_NP	1098	86	T	0	0	86	35
A_NP	1099	90	T	0	0	90	35
A_NP	1100	92	C	0	0	92	35
A_NP	1101	110	A	0	0	110	35
A_NP	1102	101	A	0	0	101	35
A_NP	1103	86	A	0	0	86	35
A_NP	1104	115	T	0	0	115	35
A_NP	1105	97	G	0	0	97	35
A_NP	1106	87	A	0	0	87	35
A_NP	1107	113	A	0	0	113	35
A_NP	1108	99	A	0	0	99	35
A_NP	1109	112	A	0	0	112	35
A_NP	1110	94	C	0	0	94	35
A_NP	1111	109	A	0	0	109	35
A_NP	1112	112	T	0	0	112	35
A_NP	1113	94	G	0	0	94	35
A_NP	1114	95	G	0	0	95	35
A_NP	1115	87	A	0	0	87	35
A_NP	1116	102	G	0	0	102	35
A_NP	1117	99	A	0	0	99	35
A_NP	1118	85	C	0	0	85	35
A_NP	1119	96	A	0	0	96	35
A_NP	1120	91	A	0	0	91	35
A_NP	1121	94	T	0	0	94	35
A_NP	1122	103	G	0	0	103	35
A_NP	1123	110	G	0	0	110	35
A_NP	1124	94	A	0	0	94	35
A_NP	1125	108	C	0	0	108	35
A_NP	1126	104	T	0	0	104	35
A_NP	1127	92	C	0	0	92	35
A_NP	1128	99	C	0	0	99	35
A_NP	1129	96	A	0	0	96	35
A_NP	1130	103	G	0	0	103	35
A_NP	1131	100	T	0	0	100	35
A_NP	1132	109	A	0	0	109	35
A_NP	1133	109	C	0	0	109	35
A_NP	1134	91	T	0	0	91	35
A_NP	1135	108	C	0	0	108	35
A_NP	1136	113	T	0	0	113	35
A_NP	1137	102	T	0	0	102	35
A_NP	1138	109	G	0	0	109	35
A_NP	1139	110	A	0	0	110	35
A_NP	1140	92	A	0	0	92	35
A_NP	1141	89	C	0	0	89	35
A_NP	1142	85	T	0	0	85	35
A_NP	1143	114	G	0	0	114	35
A_NP	1144	98	A	0	0	98	35
A_NP	1145	85	G	0	0	85	35
A_NP	1146	92	G	0	0	92	35
A_NP	1147	102	A	0	0	102	35
A_NP	1148	96	G	0	0	96	35
A_NP	1149	105	C	0	0	105	35
A_NP	1150	111	A	0	0	111	35
A_NP	1151	107	G	0	0	107	35
A_NP	1152	113	A	0	0	113	35
A_NP	1153	85	T	0	0	85	35
A_NP	1154	115	A	0	0	115	35
A_NP	1155	95	C	0	0	95	35
A_NP	1156	85	T	0	0	85	35
A_NP	1157	109	G	0	0	109	35
A_NP	1158	106	G	0	0	106	35
A_NP	1159	97	G	0	0	97	35
A_NP	1160	112	C	0	0	112	35
A_NP	1161	108	T	0	0	108	35
A_NP	1162	108	A	0	0	108	35
A_NP	1163	94	T	0	0	94	35
A_NP	1164	88	A	0	0	88	35
A_NP	1165	91	A	0	0	91	35
A_NP	1166	101	G	0	0	101	35
A_NP	1167	92	A	0	0	92	35
A_NP	1168	98	A	0	0	98	35
A_NP	1169	100	C	0	0	100	35
A_NP	1170	115	A	0	0	115	35
A_NP	1171	86	A	0	0	86	35
A_NP	1172	89	G	0	0	89	35
A_NP	1173	107	A	0	0	107	35
A_NP	1174	93	A	0	0	93	35
A_NP	1175	87	G	0	0	87	35
A_NP	1176	86	T	0	0	86	35
A_NP	1177	114	G	0	0	114	35
A_NP	1178	92	G	0	0	92	35
A_NP	1179	113	A	0	0	113	35
A_NP	1180	112	G	0	0	112	35
A_NP	1181	101	G	0	0	101	35
A_NP	1182	98	A	0	0	98	35
A_NP	1183	107	A	0	0	107	35
A_NP	1184	113	A	0	0	113	35
A_NP	1185	96	C	0	0	96	35
A_NP	1186	99	A	0	0	99	35
A_NP	1187	108	C	0	0	108	35
A_NP	1188	87	T	0	0	87	35
A_NP	1189	103	A	0	0	103	35
A_NP	1190	88	A	0	0	88	35
A_NP	1191	101	C	0	0	101	35
A_NP	1192	89	C	0	0	89	35
A_NP	1193	105	A	0	0	105	35
A_NP	1194	111	A	0	0	111	35
A_NP	1195	97	C	0	0	97	35
A_NP	1196	87	A	0	0	87	35
A_NP	1197	103	G	0	0	103	35
A_NP	1198	103	A	0	0	103	35
A_NP	1199	86	G	0	0	86	35
A_NP	1200	98	A	0	0	98	35
A_NP	1201	106	G	0	0	106	35
A_NP	1202	115	C	0	0	115	35
A_NP	1203	89	A	0	0	89	35
A_NP	1204	92	T	0	0	92	35
A_NP	1205	94	C	0	0	94	35
A_NP	1206	93	T	0	0	93	35
A_NP	1207	112	G	0	0	112	35
A_NP	1208	95	C	0	0	95	35
A_NP	1209	114	A	0	0	114	35
A_NP	1210	110	G	0	0	110	35
A_NP	1211	97	G	0	0	97	35
A_NP	1212	107	A	0	0	107	35
A_NP	1213	111	C	0	0	111	35
A_NP	1214	108	A	0	0	108	35
A_NP	1215	95	A	0	0	95	35
A_NP	1216	95	A	0	0	95	35
A_NP	1217	99	T	0	0	99	35
A_NP	1218	93	C	0	0	93	35
A_NP	1219	92	A	0	0	92	35
A_NP	1220	87	G	0	0	87	35
A_NP	1221	115	C	0	0	115	35
A_NP	1222	91	G	0	0	91	35
A_NP	1223	89	T	0	0	89	35
A_NP	1224	109	A	0	0	109	35
A_NP	1225	109	C	0	0	109	35
A_NP	1226	103	A	0	0	103	35
A_NP	1227	88	G	0	0	88	35
A_NP	1228	89	C	0	0	89	35
A_NP	1229	88	C	0	0	88	35
A_NP	1230	90	C	0	0	90	35
A_NP	1231	99	A	0	0	99	35
A_NP	1232	99	C	0	0	99	35
A_NP	1233	95	A	0	0	95	35
A_NP	1234	98	T	0	0	98	35
A_NP	1235	88	T	0	0	88	35
A_NP	1236	102	C	0	0	102	35
A_NP	1237	96	T	0	0	96	35
A_NP	1238	115	C	0	0	115	35
A_NP	1239	109	T	0	0	109	35
A_NP	1240	91	G	0	0	91	35
A_NP	1241	99	T	0	0	99	35
A_NP	1242	94	G	0	0	94	35
A_NP	1243	99	C	0	0	99	35
A_NP	1244	93	A	0	0	93	35
A_NP	1245	112	A	0	0	112	35
A_NP	1246	88	A	0	0	88	35
A_NP	1247	87	G	0	0	87	35
A_NP	1248	90	A	0	0	90	35
A_NP	1249	110	A	0	0	110	35
A_NP	1250	106	A	0	0	106	35
A_NP	1251	94	C	0	0	94	35
A_NP	1252	111	C	0	0	111	35
A_NP	1253	107	T	0	0	107	35
A_NP	1254	107	C	0	0	107	35
A_NP	1255	104	C	0	0	104	35
A_NP	1256	86	C	0	0	86	35
A_NP	1257	91	A	0	0	91	35
A_NP	1258	111	T	0	0	111	35
A_NP	1259	112	T	0	0	112	35
A_NP	1260	95	C	0	0	95	35
A_NP	1261	89	G	0	0	89	35
A_NP	1262	87	A	0	0	87	35
A_NP	1263	107	G	0	0	107	35
A_NP	1264	92	A	0	0	92	35
A_NP	1265	115	G	0	0	115	35
A_NP	1266	96	A	0	0	96	35
A_NP	1267	97	G	0	0	97	35
A_NP	1268	101	C	0	0	101	35
A_NP	1269	86	A	0	0	86	35
A_NP	1270	106	A	0	0	106	35
A_NP	1271	94	C	0	0	94	35
A_NP	1272	93	C	0	0	93	35
A_NP	1273	111	A	0	0	111	35
A_NP	1274	90	T	0	0	90	35
A_NP	1275	85	C	0	0	85	35
A_NP	1276	115	A	0	0	115	35
A_NP	1277	97	T	0	0	97	35
A_NP	1278	112	G	0	0	112	35
A_NP	1279	99	G	0	0	99	35
A_NP	1280	102	C	0	0	102	35
A_NP	1281	108	A	0	0	108	35
A_NP	1282	102	G	0	0	102	35
A_NP	1283	92	C	0	0	92	35
A_NP	1284	88	A	0	0	88	35
A_NP	1285	99	T	0	0	99	35
A_NP	1286	88	T	0	0	88	35
A_NP	1287	110	T	0	0	110	35
A_NP	1288	110	A	0	0	110	35
A_NP	1289	89	C	0	0	89	35
A_NP	1290	88	G	0	0	88	35
A_NP	1291	85	G	0	0	85	35
A_NP	1292	86	G	0	0	86	35
A_NP	1293	111	A	0	0	111	35
A_NP	1294	109	A	0	0	109	35
A_NP	1295	92	A	0	0	92	35
A_NP	1296	89	C	0	0	89	35
A_NP	1297	91	A	0	0	91	35
A_NP	1298	111	C	0	0	111	35
A_NP	1299	97	T	0	0	97	35
A_NP	1300	96	G	0	0	96	35
A_NP	1301	106	A	0	0	106	35
A_NP	1302	105	A	0	0	105	35
A_NP	1303	115	G	0	0	115	35
A_NP	1304	105	G	0	0	105	35
A_NP	1305	87	C	0	0	87	35
A_NP	1306	103	A	0	0	103	35
A_NP	1307	103	G	0	0	103	35
A_NP	1308	93	A	0	0	93	35
A_NP	1309	114	A	0	0	114	35
A_NP	1310	111	C	0	0	111	35
A_NP	1311	87	T	0	0	87	35
A_NP	1312	85	T	0	0	85	35
A_NP	1313	87	C	0	0	87	35
A_NP	1314	91	A	0	0	91	35
A_NP	1315	113	G	0	0	113	35
A_NP	1316	105	A	0	0	105	35
A_NP	1317	99	C	0	0	99	35
A_NP	1318	110	A	0	0	110	35
A_NP	1319	89	T	0	0	89	35
A_NP	1320	87	G	0	0	87	35
A_NP	1321	113	A	0	0	113	35
A_NP	1322	112	G	0	0	112	35
A_NP	1323	111	A	0	0	111	35
A_NP	1324	110	A	0	0	110	35
A_NP	1325	95	C	0	0	95	35
A_NP	1326	88	T	0	0	88	35
A_NP	1327	86	G	0	0	86	35
A_NP	1328	115	A	0	0	115	35
A_NP	1329	99	G	0	0	99	35
A_NP	1330	86	A	0	0	86	35
A_NP	1331	90	T	0	0	90	35
A_NP	1332	114	C	0	0	114	35
A_NP	1333	103	A	0	0	103	35
A_NP	1334	98	T	0	0	98	35
A_NP	1335	111	A	0	0	111	35
A_NP	1336	108	A	0	0	108	35
A_NP	1337	97	G	0	0	97	35
A_NP	1338	100	G	0	0	100	35
A_NP	1339	85	A	0	0	85	35
A_NP	1340	97	T	0	0	97	35
A_NP	1341	106	G	0	0	106	35
A_NP	1342	98	A	0	0	98	35
A_NP	1343	90	T	0	0	90	35
A_NP	1344	96	G	0	0	96	35
A_NP	1345	91	G	0	0	91	35
A_NP	1346	114	A	0	0	114	35
A_NP	1347	90	A	0	0	90	35
A_NP	1348	93	A	0	0	93	35
A_NP	1349	93	A	0	0	93	35
A_NP	1350	99	T	0	0	99	35
A_NP	1351	113	G	0	0	113	35
A_NP	1352	89	C	0	0	89	35
A_NP	1353	86	C	0	0	86	35
A_NP	1354	104	A	0	0	104	35
A_NP	1355	104	G	0	0	104	35
A_NP	1356	104	A	0	0	104	35
A_NP	1357	92	C	0	0	92	35
A_NP	1358	105	C	0	0	105	35
A_NP	1359	94	T	0	0	94	35
A_NP	1360	100	G	0	0	100	35
A_NP	1361	98	A	0	0	98	35
A_NP	1362	113	A	0	0	113	35
A_NP	1363	102	G	0	0	102	35
A_NP	1364	100	A	0	0	100	35
A_NP	1365	86	T	0	0	86	35
A_NP	1366	87	G	0	0	87	35
A_NP	1367	93	T	0	0	93	35
A_NP	1368	97	G	0	0	97	35
A_NP	1369	89	T	0	0	89	35
A_NP	1370	98	C	0	0	98	35
A_NP	1371	91	T	0	0	91	35
A_NP	1372	105	T	0	0	105	35
A_NP	1373	113	T	0	0	113	35
A_NP	1374	110	C	0	0	110	35
A_NP	1375	101	C	0	0	101	35
A_NP	1376	92	A	0	0	92	35
A_NP	1377	105	G	0	0	105	35
A_NP	1378	110	G	0	0	110	35
A_NP	1379	102	G	0	0	102	35
A_NP	1380	110	G	0	0	110	35
A_NP	1381	85	C	0	0	85	35
A_NP	1382	97	G	0	0	97	35
A_NP	1383	110	G	0	0	110	35
A_NP	1384	107	G	0	0	107	35
A_NP	1385	96	G	0	0	96	35
A_NP	1386	100	A	0	0	100	35
A_NP	1387	102	G	0	0	102	35
A_NP	1388	110	T	0	0	110	35
A_NP	1389	100	C	0	0	100	35
A_NP	1390	96	T	0	0	96	35
A_NP	1391	114	T	0	0	114	35
A_NP	1392	103	C	0	0	103	35
A_NP	1393	101	G	0	0	101	35
A_NP	1394	95	A	0	0	95	35
A_NP	1395	97	G	0	0	97	35
A_NP	1396	93	C	0	0	93	35
A_NP	1397	90	T	0	0	90	35
A_NP	1398	85	C	0	0	85	35
A_NP	1399	95	T	0	0	95	35
A_NP	1400	104	C	0	0	104	35
A_NP	1401	92	G	0	0	92	35
A_NP	1402	85	G	0	0	85	35
A_NP	1403	113	A	0	0	113	35
A_NP	1404	110	C	0	0	110	35
A_NP	1405	109	G	0	0	109	35
A_NP	1406	93	A	0	0	93	35
A_NP	1407	86	A	0	0	86	35
A_NP	1408	110	A	0	0	110	35
A_NP	1409	100	A	0	0	100	35
A_NP	1410	101	G	0	0	101	35
A_NP	1411	96	G	0	0	96	35
A_NP	1412	109	C	0	0	109	35
A_NP	1413	103	A	0	0	103	35
A_NP	1414	92	A	0	0	92	35
A_NP	1415	90	C	0	0	90	35
A_NP	1416	88	G	0	0	88	35
A_NP	1417	92	A	0	0	92	35
A_NP	1418	106	A	0	0	106	35
A_NP	1419	92	C	0	0	92	35
A_NP	1420	93	C	0	0	93	35
A_NP	1421	102	C	0	0	102	35
A_NP	1422	111	G	0	0	111	35
A_NP	1423	110	A	0	0	110	35
A_NP	1424	114	T	0	0	114	35
A_NP	1425	108	C	0	0	108	35
A_NP	1426	86	G	0	0	86	35
A_NP	1427	109	T	0	0	109	35
A_NP	1428	115	G	0	0	115	35
A_NP	1429	92	C	0	0	92	35
A_NP	1430	103	C	0	0	103	35
A_NP	1431	112	T	0	0	112	35
A_NP	1432	110	T	0	0	110	35
A_NP	1433	97	C	0	0	97	35
A_NP	1434	96	C	0	0	96	35
A_NP	1435	114	T	0	0	114	35
A_NP	1436	111	T	0	0	111	35
A_NP	1437	112	T	0	0	112	35
A_NP	1438	90	G	0	0	90	35
A_NP	1439	90	A	0	0	90	35
A_NP	1440	92	C	0	0	92	35
A_NP	1441	103	A	0	0	103	35
A_NP	1442	95	T	0	0	95	35
A_NP	1443	110	G	0	0	110	35
A_NP	1444	108	A	0	0	108	35
A_NP	1445	107	G	0	0	107	35
A_NP	1446	96	T	0	0	96	35
A_NP	1447	114	A	0	0	114	35
A_NP	1448	103	A	0	0	103	35
A_NP	1449	85	T	0	0	85	35
A_NP	1450	107	G	0	0	107	35
A_NP	1451	107	A	0	0	107	35
A_NP	1452	96	A	0	0	96	35
A_NP	1453	115	G	0	0	115	35
A_NP	1454	103	G	0	0	103	35
A_NP	1455	103	A	0	0	103	35
A_NP	1456	89	T	0	0	89	35
A_NP	1457	103	C	0	0	103	35
A_NP	1458	115	T	0	0	115	35
A_NP	1459	91	T	0	0	91	35
A_NP	1460	111	A	0	0	111	35
A_NP	1461	110	T	0	0	110	35
A_NP	1462	113	T	0	0	113	35
A_NP	1463	100	T	0	0	100	35
A_NP	1464	102	C	0	0	102	35
A_NP	1465	94	T	0	0	94	35
A_NP	1466	90	T	0	0	90	35
A_NP	1467	100	C	0	0	100	35
A_NP	1468	86	G	0	0	86	35
A_NP	1469	87	G	0	0	87	35
A_NP	1470	86	A	0	0	86	35
A_NP	1471	92	G	0	0	92	35
A_NP	1472	104	A	0	0	104	35
A_NP	1473	92	C	0	0	92	35
A_NP	1474	85	A	0	0	85	35
A_NP	1475	101	A	0	0	101	35
A_NP	1476	100	T	0	0	100	35
A_NP	1477	85	G	0	0	85	35
A_NP	1478	95	C	0	0	95	35
A_NP	1479	114	A	0	0	114	35
A_NP	1480	104	G	0	0	104	35
A_NP	1481	91	A	0	0	91	35
A_NP	1482	110	G	0	0	110	35
A_NP	1483	89	G	0	0	89	35
A_NP	1484	95	A	0	0	95	35
A_NP	1485	107	G	0	0	107	35
A_NP	1486	90	T	0	0	90	35
A_NP	1487	114	A	0	0	114	35
A_NP	1488	110	T	0	0	110	35
A_NP	1489	112	G	0	0	112	35
A_NP	1490	112	A	0	0	112	35
A_NP	1491	95	C	0	0	95	35
A_NP	1492	86	A	0	0	86	35
A_NP	1493	85	A	0	0	85	35
A_NP	1494	89	T	0	0	89	35
A_NP	1495	103	T	0	0	103	35
A_NP	1496	107	A	0	0	107	35
A_NP	1497	114	A	0	0	114	35
