Reference_Name	Position	Coverage Depth	Consensus	Deletions	Ambiguous	Consensus_Count	Consensus_Average_Quality
A_NS	1	96	A	0	0	96	35
A_NS	2	115	T	0	0	115	35
A_NS	3	87	G	0	0	87	35
A_NS	4	96	G	0	0	96	35
A_NS	5	107	A	0	0	107	35
A_NS	6	115	C	0	0	115	35
A_NS	7	106	T	0	0	106	35
A_NS	8	97	C	0	0	97	35
A_NS	9	103	C	0	0	103	35
A_NS	10	88	A	0	0	88	35
A_NS	11	95	A	0	0	95	35
A_NS	12	94	C	0	0	94	35
A_NS	13	95	A	0	0	95	35
A_NS	14	89	C	0	0	89	35
A_NS	15	90	G	0	0	90	35
A_NS	16	108	A	0	0	108	35
A_NS	17	115	T	0	0	115	35
A_NS	18	98	A	0	0	98	35
A_NS	19	110	A	0	0	110	35
A_NS	20	105	C	0	0	105	35
A_NS	21	115	C	0	0	115	35
A_NS	22	100	T	0	0	100	35
A_NS	23	105	C	0	0	105	35
A_NS	24	95	G	0	0	95	35
A_NS	25	90	T	0	0	90	35
A_NS	26	107	T	0	0	107	35
A_NS	27	115	C	0	0	115	35
A_NS	28	102	C	0	0	102	35
A_NS	29	107	A	0	0	107	35
A_NS	30	113	G	0	0	113	35
A_NS	31	114	G	0	0	114	35
A_NS	32	104	T	0	0	104	35
A_NS	33	110	A	0	0	110	35
A_NS	34	96	G	0	0	96	35
A_NS	35	92	A	0	0	92	35
A_NS	36	106	T	0	0	106	35
A_NS	37	103	T	0	0	103	35
A_NS	38	111	G	0	0	111	35
A_NS	39	90	C	0	0	90	35
A_NS	40	97	T	0	0	97	35
A_NS	41	94	A	0	0	94	35
A_NS	42	108	T	0	0	108	35
A_NS	43	107	C	0	0	107	35
A_NS	44	94	T	0	0	94	35
A_NS	45	89	A	0	0	89	35
A_NS	46	90	T	0	0	90	35
A_NS	47	108	G	0	0	108	35
A_NS	48	85	G	0	0	85	35
A_NS	49	115	C	0	0	115	35
A_NS	50	107	A	0	0	107	35
A_NS	51	115	C	0	0	115	35
A_NS	52	103	A	0	0	103	35
A_NS	53	97	T	0	0	97	35
A_NS	54	112	A	0	0	112	35
A_NS	55	109	A	0	0	109	35
A_NS	56	115	G	0	0	115	35
A_NS	57	103	A	0	0	103	35
A_NS	58	86	A	0	0	86	35
A_NS	59	90	A	0	0	90	35
A_NS	60	104	G	0	0	104	35
A_NS	61	95	C	0	0	95	35
A_NS	62	114	T	0	0	114	35
A_NS	63	110	G	0	0	110	35
A_NS	64	115	C	0	0	115	35
A_NS	65	104	T	0	0	104	35
A_NS	66	92	C	0	0	92	35
A_NS	67	105	A	0	0	105	35
A_NS	68	103	G	0	0	103	35
A_NS	69	88	C	0	0	88	35
A_NS	70	114	A	0	0	114	35
A_NS	71	100	T	0	0	100	35
A_NS	72	89	G	0	0	89	35
A_NS	73	95	A	0	0	95	35
A_NS	74	108	G	0	0	108	35
A_NS	75	87	A	0	0	87	35
A_NS	76	92	G	0	0	92	35
A_NS	77	96	A	0	0	96	35
A_NS	78	95	C	0	0	95	35
A_NS	79	90	A	0	0	90	35
A_NS	80	105	T	0	0	105	35
A_NS	81	113	G	0	0	113	35
A_NS	82	115	T	0	0	115	35
A_NS	83	87	G	0	0	87	35
A_NS	84	111	T	0	0	111	35
A_NS	85	107	G	0	0	107	35
A_NS	86	106	A	0	0	106	35
A_NS	87	105	T	0	0	105	35
A_NS	88	108	G	0	0	108	35
A_NS	89	113	C	0	0	113	35
A_NS	90	95	T	0	0	95	35
A_NS	91	99	C	0	0	99	35
A_NS	92	85	C	0	0	85	35
A_NS	93	93	C	0	0	93	35
A_NS	94	91	T	0	0	91	35
A_NS	95	92	T	0	0	92	35
A_NS	96	107	T	0	0	107	35
A_NS	97	87	G	0	0	87	35
A_NS	98	96	A	0	0	96	35
A_NS	99	93	T	0	0	93	35
A_NS	100	110	G	0	0	110	35
A_NS	101	88	A	0	0	88	35
A_NS	102	108	T	0	0	108	35
A_NS	103	85	A	0	0	85	35
A_NS	104	86	G	0	0	86	35
A_NS	105	97	A	0	0	97	35
A_NS	106	99	C	0	0	99	35
A_NS	107	108	T	0	0	108	35
A_NS	108	98	C	0	0	98	35
A_NS	109	90	A	0	0	90	35
A_NS	110	113	G	0	0	113	35
A_NS	111	98	A	0	0	98	35
A_NS	112	100	A	0	0	100	35
A_NS	113	113	G	0	0	113	35
A_NS	114	97	A	0	0	97	35
A_NS	115	96	G	0	0	96	35
A_NS	116	102	A	0	0	102	35
A_NS	117	97	T	0	0	97	35
A_NS	118	88	C	0	0	88	35
A_NS	119	111	A	0	0	111	35
A_NS	120	100	G	0	0	100	35
A_NS	121	110	A	0	0	110	35
A_NS	122	112	A	0	0	112	35
A_NS	123	103	G	0	0	103	35
A_NS	124	105	G	0	0	105	35
A_NS	125	109	C	0	0	109	35
A_NS	126	106	A	0	0	106	35
A_NS	127	92	T	0	0	92	35
A_NS	128	90	T	0	0	90	35
A_NS	129	99	A	0	0	99	35
A_NS	130	87	A	0	0	87	35
A_NS	131	110	A	0	0	110	35
A_NS	132	112	G	0	0	112	35
A_NS	133	86	G	0	0	86	35
A_NS	134	94	G	0	0	94	35
A_NS	135	85	A	0	0	85	35
A_NS	136	95	A	0	0	95	35
A_NS	137	93	G	0	0	93	35
A_NS	138	115	A	0	0	115	35
A_NS	139	88	G	0	0	88	35
A_NS	140	87	G	0	0	87	35
A_NS	141	95	C	0	0	95	35
A_NS	142	90	A	0	0	90	35
A_NS	143	113	G	0	0	113	35
A_NS	144	97	C	0	0	97	35
A_NS	145	90	A	0	0	90	35
A_NS	146	108	C	0	0	108	35
A_NS	147	87	A	0	0	87	35
A_NS	148	102	C	0	0	102	35
A_NS	149	115	T	0	0	115	35
A_NS	150	113	T	0	0	113	35
A_NS	151	87	G	0	0	87	35
A_NS	152	95	G	0	0	95	35
A_NS	153	104	A	0	0	104	35
A_NS	154	104	C	0	0	104	35
A_NS	155	113	T	0	0	113	35
A_NS	156	100	C	0	0	100	35
A_NS	157	107	G	0	0	107	35
A_NS	158	85	A	0	0	85	35
A_NS	159	98	C	0	0	98	35
A_NS	160	115	C	0	0	115	35
A_NS	161	105	T	0	0	105	35
A_NS	162	90	G	0	0	90	35
A_NS	163	104	C	0	0	104	35
A_NS	164	113	G	0	0	113	35
A_NS	165	98	A	0	0	98	35
A_NS	166	90	G	0	0	90	35
A_NS	167	86	T	0	0	86	35
A_NS	168	88	G	0	0	88	35
A_NS	169	95	G	0	0	95	35
A_NS	170	91	C	0	0	91	35
A_NS	171	91	C	0	0	91	35
A_NS	172	98	A	0	0	98	35
A_NS	173	107	C	0	0	107	35
A_NS	174	102	A	0	0	102	35
A_NS	175	108	A	0	0	108	35
A_NS	176	114	T	0	0	114	35
A_NS	177	108	G	0	0	108	35
A_NS	178	102	G	0	0	102	35
A_NS	179	93	A	0	0	93	35
A_NS	180	106	G	0	0	106	35
A_NS	181	94	G	0	0	94	35
A_NS	182	94	G	0	0	94	35
A_NS	183	92	C	0	0	92	35
A_NS	184	88	A	0	0	88	35
A_NS	185	86	A	0	0	86	35
A_NS	186	97	A	0	0	97	35
A_NS	187	103	A	0	0	103	35
A_NS	188	102	A	0	0	102	35
A_NS	189	111	G	0	0	111	35
A_NS	190	100	A	0	0	100	35
A_NS	191	89	T	0	0	89	35
A_NS	192	86	T	0	0	86	35
A_NS	193	96	G	0	0	96	35
A_NS	194	85	T	0	0	85	35
A_NS	195	98	T	0	0	98	35
A_NS	196	87	G	0	0	87	35
A_NS	197	94	A	0	0	94	35
A_NS	198	111	G	0	0	111	35
A_NS	199	106	G	0	0	106	35
A_NS	200	105	A	0	0	105	35
A_NS	201	104	C	0	0	104	35
A_NS	202	100	A	0	0	100	35
A_NS	203	91	T	0	0	91	35
A_NS	204	88	C	0	0	88	35
A_NS	205	85	C	0	0	85	35
A_NS	206	91	T	0	0	91	35
A_NS	207	90	A	0	0	90	35
A_NS	208	105	A	0	0	105	35
A_NS	209	94	A	0	0	94	35
A_NS	210	87	G	0	0	87	35
A_NS	211	100	A	0	0	100	35
A_NS	212	112	G	0	0	112	35
A_NS	213	88	T	0	0	88	35
A_NS	214	94	G	0	0	94	35
A_NS	215	110	A	0	0	110	35
A_NS	216	97	A	0	0	97	35
A_NS	217	100	A	0	0	100	35
A_NS	218	100	C	0	0	100	35
A_NS	219	113	G	0	0	113	35
A_NS	220	106	G	0	0	106	35
A_NS	221	93	A	0	0	93	35
A_NS	222	87	T	0	0	87	35
A_NS	223	105	G	0	0	105	35
A_NS	224	102	A	0	0	102	35
A_NS	225	97	A	0	0	97	35
A_NS	226	90	A	0	0	90	35
A_NS	227	96	A	0	0	96	35
A_NS	228	113	C	0	0	113	35
A_NS	229	97	C	0	0	97	35
A_NS	230	96	T	0	0	96	35
A_NS	231	90	C	0	0	90	35
A_NS	232	99	A	0	0	99	35
A_NS	233	86	A	0	0	86	35
A_NS	234	93	A	0	0	93	35
A_NS	235	99	A	0	0	99	35
A_NS	236	99	T	0	0	99	35
A_NS	237	93	T	0	0	93	35
A_NS	238	92	G	0	0	92	35
A_NS	239	111	C	0	0	111	35
A_NS	240	93	A	0	0	93	35
A_NS	241	103	A	0	0	103	35
A_NS	242	86	T	0	0	86	35
A_NS	243	89	T	0	0	89	35
A_NS	244	109	G	0	0	109	35
A_NS	245	107	C	0	0	107	35
A_NS	246	106	G	0	0	106	35
A_NS	247	88	T	0	0	88	35
A_NS	248	87	C	0	0	87	35
A_NS	249	106	C	0	0	106	35
A_NS	250	96	A	0	0	96	35
A_NS	251	110	G	0	0	110	35
A_NS	252	102	C	0	0	102	35
A_NS	253	98	C	0	0	98	35
A_NS	254	109	C	0	0	109	35
A_NS	255	103	T	0	0	103	35
A_NS	256	92	G	0	0	92	35
A_NS	257	102	T	0	0	102	35
A_NS	258	86	T	0	0	86	35
A_NS	259	111	C	0	0	111	35
A_NS	260	97	C	0	0	97	35
A_NS	261	111	T	0	0	111	35
A_NS	262	101	C	0	0	101	35
A_NS	263	98	G	0	0	98	35
A_NS	264	115	G	0	0	115	35
A_NS	265	102	T	0	0	102	35
A_NS	266	106	A	0	0	106	35
A_NS	267	112	C	0	0	112	35
A_NS	268	114	A	0	0	114	35
A_NS	269	100	T	0	0	100	35
A_NS	270	103	C	0	0	103	35
A_NS	271	113	A	0	0	113	35
A_NS	272	92	C	0	0	92	35
A_NS	273	100	T	0	0	100	35
A_NS	274	94	G	0	0	94	35
A_NS	275	87	A	0	0	87	35
A_NS	276	97	T	0	0	97	35
A_NS	277	113	A	0	0	113	35
A_NS	278	112	T	0	0	112	35
A_NS	279	107	G	0	0	107	35
A_NS	280	86	A	0	0	86	35
A_NS	281	101	G	0	0	101	35
A_NS	282	103	C	0	0	103	35
A_NS	283	113	A	0	0	113	35
A_NS	284	101	T	0	0	101	35
A_NS	285	110	A	0	0	110	35
A_NS	286	103	G	0	0	103	35
A_NS	287	106	A	0	0	106	35
A_NS	288	104	G	0	0	104	35
A_NS	289	89	G	0	0	89	35
A_NS	290	88	A	0	0	88	35
A_NS	291	115	A	0	0	115	35
A_NS	292	109	A	0	0	109	35
A_NS	293	99	T	0	0	99	35
A_NS	294	90	A	0	0	90	35
A_NS	295	115	A	0	0	115	35
A_NS	296	90	G	0	0	90	35
A_NS	297	91	C	0	0	91	35
A_NS	298	110	A	0	0	110	35
A_NS	299	91	G	0	0	91	35
A_NS	300	89	G	0	0	89	35
A_NS	301	86	G	0	0	86	35
A_NS	302	98	A	0	0	98	35
A_NS	303	87	G	0	0	87	35
A_NS	304	106	T	0	0	106	35
A_NS	305	98	G	0	0	98	35
A_NS	306	91	G	0	0	91	35
A_NS	307	111	T	0	0	111	35
A_NS	308	105	A	0	0	105	35
A_NS	309	89	C	0	0	89	35
A_NS	310	111	A	0	0	111	35
A_NS	311	104	T	0	0	104	35
A_NS	312	93	G	0	0	93	35
A_NS	313	95	C	0	0	95	35
A_NS	314	114	T	0	0	114	35
A_NS	315	108	C	0	0	108	35
A_NS	316	114	A	0	0	114	35
A_NS	317	110	T	0	0	110	35
A_NS	318	87	G	0	0	87	35
A_NS	319	87	C	0	0	87	35
A_NS	320	97	C	0	0	97	35
A_NS	321	102	A	0	0	102	35
A_NS	322	97	A	0	0	97	35
A_NS	323	102	G	0	0	102	35
A_NS	324	95	G	0	0	95	35
A_NS	325	112	C	0	0	112	35
A_NS	326	93	A	0	0	93	35
A_NS	327	101	G	0	0	101	35
A_NS	328	99	A	0	0	99	35
A_NS	329	114	A	0	0	114	35
A_NS	330	112	A	0	0	112	35
A_NS	331	85	A	0	0	85	35
A_NS	332	110	T	0	0	110	35
A_NS	333	107	A	0	0	107	35
A_NS	334	104	A	0	0	104	35
A_NS	335	103	C	0	0	103	35
A_NS	336	101	A	0	0	101	35
A_NS	337	110	G	0	0	110	35
A_NS	338	98	G	0	0	98	35
A_NS	339	88	G	0	0	88	35
A_NS	340	98	G	0	0	98	35
A_NS	341	89	G	0	0	89	35
A_NS	342	89	T	0	0	89	35
A_NS	343	103	C	0	0	103	35
A_NS	344	103	T	0	0	103	35
A_NS	345	103	G	0	0	103	35
A_NS	346	109	A	0	0	109	35
A_NS	347	115	T	0	0	115	35
A_NS	348	115	G	0	0	115	35
A_NS	349	88	G	0	0	88	35
A_NS	350	114	T	0	0	114	35
A_NS	351	88	G	0	0	88	35
A_NS	352	103	A	0	0	103	35
A_NS	353	109	A	0	0	109	35
A_NS	354	88	A	0	0	88	35
A_NS	355	110	A	0	0	110	35
A_NS	356	94	T	0	0	94	35
A_NS	357	112	G	0	0	112	35
A_NS	358	102	G	0	0	102	35
A_NS	359	113	A	0	0	113	35
A_NS	360	96	T	0	0	96	35
A_NS	361	113	C	0	0	113	35
A_NS	362	98	A	0	0	98	35
A_NS	363	93	G	0	0	93	35
A_NS	364	97	G	0	0	97	35
A_NS	365	105	C	0	0	105	35
A_NS	366	100	C	0	0	100	35
A_NS	367	103	A	0	0	103	35
A_NS	368	104	T	0	0	104	35
A_NS	369	100	C	0	0	100	35
A_NS	370	86	A	0	0	86	35
A_NS	371	90	T	0	0	90	35
A_NS	372	93	G	0	0	93	35
A_NS	373	97	G	0	0	97	35
A_NS	374	89	A	0	0	89	35
A_NS	375	104	C	0	0	104	35
A_NS	376	104	A	0	0	104	35
A_NS	377	106	A	0	0	106	35
A_NS	378	107	G	0	0	107	35
A_NS	379	97	A	0	0	97	35
A_NS	380	86	G	0	0	86	35
A_NS	381	97	G	0	0	97	35
A_NS	382	113	A	0	0	113	35
A_NS	383	113	T	0	0	113	35
A_NS	384	95	A	0	0	95	35
A_NS	385	107	A	0	0	107	35
A_NS	386	92	T	0	0	92	35
A_NS	387	86	A	0	0	86	35
A_NS	388	108	C	0	0	108	35
A_NS	389	100	T	0	0	100	35
A_NS	390	114	C	0	0	114	35
A_NS	391	93	A	0	0	93	35
A_NS	392	113	A	0	0	113	35
A_NS	393	96	G	0	0	96	35
A_NS	394	85	G	0	0	85	35
A_NS	395	95	C	0	0	95	35
A_NS	396	111	A	0	0	111	35
A_NS	397	110	A	0	0	110	35
A_NS	398	94	A	0	0	94	35
A_NS	399	94	C	0	0	94	35
A_NS	400	93	T	0	0	93	35
A_NS	401	111	T	0	0	111	35
A_NS	402	100	C	0	0	100	35
A_NS	403	112	T	0	0	112	35
A_NS	404	107	C	0	0	107	35
A_NS	405	106	T	0	0	106	35
A_NS	406	88	G	0	0	88	35
A_NS	407	112	T	0	0	112	35
A_NS	408	92	C	0	0	92	35
A_NS	409	89	C	0	0	89	35
A_NS	410	94	T	0	0	94	35
A_NS	411	108	A	0	0	108	35
A_NS	412	99	T	0	0	99	35
A_NS	413	109	T	0	0	109	35
A_NS	414	111	T	0	0	111	35
A_NS	415	95	A	0	0	95	35
A_NS	416	93	A	0	0	93	35
A_NS	417	108	T	0	0	108	35
A_NS	418	98	C	0	0	98	35
A_NS	419	104	A	0	0	104	35
A_NS	420	105	A	0	0	105	35
A_NS	421	87	C	0	0	87	35
A_NS	422	91	T	0	0	91	35
A_NS	423	99	G	0	0	99	35
A_NS	424	91	G	0	0	91	35
A_NS	425	114	A	0	0	114	35
A_NS	426	111	A	0	0	111	35
A_NS	427	98	A	0	0	98	35
A_NS	428	108	C	0	0	108	35
A_NS	429	100	A	0	0	100	35
A_NS	430	109	T	0	0	109	35
A_NS	431	101	T	0	0	101	35
A_NS	432	112	A	0	0	112	35
A_NS	433	96	G	0	0	96	35
A_NS	434	111	T	0	0	111	35
A_NS	435	86	C	0	0	86	35
A_NS	436	101	T	0	0	101	35
A_NS	437	110	C	0	0	110	35
A_NS	438	90	A	0	0	90	35
A_NS	439	87	C	0	0	87	35
A_NS	440	94	T	0	0	94	35
A_NS	441	107	G	0	0	107	35
A_NS	442	101	A	0	0	101	35
A_NS	443	97	G	0	0	97	35
A_NS	444	89	G	0	0	89	35
A_NS	445	109	G	0	0	109	35
A_NS	446	112	C	0	0	112	35
A_NS	447	101	T	0	0	101	35
A_NS	448	113	T	0	0	113	35
A_NS	449	103	T	0	0	103	35
A_NS	450	85	C	0	0	85	35
A_NS	451	90	A	0	0	90	35
A_NS	452	91	C	0	0	91	35
A_NS	453	113	A	0	0	113	35
A_NS	454	111	G	0	0	111	35
A_NS	455	91	A	0	0	91	35
A_NS	456	111	A	0	0	111	35
A_NS	457	86	G	0	0	86	35
A_NS	458	92	A	0	0	92	35
A_NS	459	86	T	0	0	86	35
A_NS	460	99	G	0	0	99	35
A_NS	461	86	G	0	0	86	35
A_NS	462	114	C	0	0	114	35
A_NS	463	96	G	0	0	96	35
A_NS	464	107	C	0	0	107	35
A_NS	465	91	C	0	0	91	35
A_NS	466	93	A	0	0	93	35
A_NS	467	96	T	0	0	96	35
A_NS	468	111	T	0	0	111	35
A_NS	469	99	G	0	0	99	35
A_NS	470	101	T	0	0	101	35
A_NS	471	97	G	0	0	97	35
A_NS	472	105	G	0	0	105	35
A_NS	473	114	C	0	0	114	35
A_NS	474	88	T	0	0	88	35
A_NS	475	106	G	0	0	106	35
A_NS	476	85	A	0	0	85	35
A_NS	477	92	A	0	0	92	35
A_NS	478	96	A	0	0	96	35
A_NS	479	100	T	0	0	100	35
A_NS	480	104	A	0	0	104	35
A_NS	481	99	T	0	0	99	35
A_NS	482	90	C	0	0	90	35
A_NS	483	115	T	0	0	115	35
A_NS	484	112	C	0	0	112	35
A_NS	485	100	C	0	0	100	35
A_NS	486	103	T	0	0	103	35
A_NS	487	102	A	0	0	102	35
A_NS	488	96	T	0	0	96	35
A_NS	489	96	T	0	0	96	35
A_NS	490	90	C	0	0	90	35
A_NS	491	111	C	0	0	111	35
A_NS	492	113	T	0	0	113	35
A_NS	493	93	T	0	0	93	35
A_NS	494	108	C	0	0	108	35
A_NS	495	111	C	0	0	111	35
A_NS	496	107	A	0	0	107	35
A_NS	497	87	T	0	0	87	35
A_NS	498	94	G	0	0	94	35
A_NS	499	85	C	0	0	85	35
A_NS	500	97	C	0	0	97	35
A_NS	501	86	A	0	0	86	35
A_NS	502	90	G	0	0	90	35
A_NS	503	112	G	0	0	112	35
A_NS	504	103	A	0	0	103	35
A_NS	505	109	C	0	0	109	35
A_NS	506	115	A	0	0	115	35
A_NS	507	91	T	0	0	91	35
A_NS	508	112	T	0	0	112	35
A_NS	509	92	C	0	0	92	35
A_NS	510	105	T	0	0	105	35
A_NS	511	92	A	0	0	92	35
A_NS	512	106	C	0	0	106	35
A_NS	513	91	A	0	0	91	35
A_NS	514	93	G	0	0	93	35
A_NS	515	105	A	0	0	105	35
A_NS	516	98	G	0	0	98	35
A_NS	517	101	G	0	0	101	35
A_NS	518	85	A	0	0	85	35
A_NS	519	112	T	0	0	112	35
A_NS	520	109	G	0	0	109	35
A_NS	521	115	T	0	0	115	35
A_NS	522	109	C	0	0	109	35
A_NS	523	106	A	0	0	106	35
A_NS	524	85	A	0	0	85	35
A_NS	525	100	A	0	0	100	35
A_NS	526	114	A	0	0	114	35
A_NS	527	89	A	0	0	89	35
A_NS	528	105	T	0	0	105	35
A_NS	529	90	G	0	0	90	35
A_NS	530	104	C	0	0	104	35
A_NS	531	110	A	0	0	110	35
A_NS	532	85	A	0	0	85	35
A_NS	533	92	T	0	0	92	35
A_NS	534	93	T	0	0	93	35
A_NS	535	104	G	0	0	104	35
A_NS	536	110	G	0	0	110	35
A_NS	537	115	A	0	0	115	35
A_NS	538	94	A	0	0	94	35
A_NS	539	107	T	0	0	107	35
A_NS	540	115	C	0	0	115	35
A_NS	541	107	C	0	0	107	35
A_NS	542	105	T	0	0	105	35
A_NS	543	93	C	0	0	93	35
A_NS	544	98	A	0	0	98	35
A_NS	545	113	T	0	0	113	35
A_NS	546	97	C	0	0	97	35
A_NS	547	112	G	0	0	112	35
A_NS	548	96	G	0	0	96	35
A_NS	549	99	T	0	0	99	35
A_NS	550	93	G	0	0	93	35
A_NS	551	91	G	0	0	91	35
A_NS	552	99	A	0	0	99	35
A_NS	553	94	C	0	0	94	35
A_NS	554	106	T	0	0	106	35
A_NS	555	101	T	0	0	101	35
A_NS	556	111	G	0	0	111	35
A_NS	557	104	A	0	0	104	35
A_NS	558	97	A	0	0	97	35
A_NS	559	103	T	0	0	103	35
A_NS	560	88	G	0	0	88	35
A_NS	561	85	G	0	0	85	35
A_NS	562	101	A	0	0	101	35
A_NS	563	106	A	0	0	106	35
A_NS	564	115	T	0	0	115	35
A_NS	565	111	G	0	0	111	35
A_NS	566	111	A	0	0	111	35
A_NS	567	96	T	0	0	96	35
A_NS	568	102	A	0	0	102	35
A_NS	569	105	A	0	0	105	35
A_NS	570	104	C	0	0	104	35
A_NS	571	104	T	0	0	104	35
A_NS	572	94	C	0	0	94	35
A_NS	573	94	A	0	0	94	35
A_NS	574	106	A	0	0	106	35
A_NS	575	88	T	0	0	88	35
A_NS	576	100	T	0	0	100	35
A_NS	577	87	C	0	0	87	35
A_NS	578	95	G	0	0	95	35
A_NS	579	93	A	0	0	93	35
A_NS	580	105	G	0	0	105	35
A_NS	581	95	C	0	0	95	35
A_NS	582	112	G	0	0	112	35
A_NS	583	93	T	0	0	93	35
A_NS	584	93	C	0	0	93	35
A_NS	585	105	T	0	0	105	35
A_NS	586	107	G	0	0	107	35
A_NS	587	115	A	0	0	115	35
A_NS	588	113	A	0	0	113	35
A_NS	589	105	A	0	0	105	35
A_NS	590	94	A	0	0	94	35
A_NS	591	91	T	0	0	91	35
A_NS	592	89	A	0	0	89	35
A_NS	593	101	T	0	0	101	35
A_NS	594	109	A	0	0	109	35
A_NS	595	92	C	0	0	92	35
A_NS	596	113	A	0	0	113	35
A_NS	597	86	G	0	0	86	35
A_NS	598	110	A	0	0	110	35
A_NS	599	112	G	0	0	112	35
A_NS	600	110	A	0	0	110	35
A_NS	601	110	T	0	0	110	35
A_NS	602	104	T	0	0	104	35
A_NS	603	97	C	0	0	97	35
A_NS	604	106	G	0	0	106	35
A_NS	605	95	C	0	0	95	35
A_NS	606	106	T	0	0	106	35
A_NS	607	89	T	0	0	89	35
A_NS	608	108	G	0	0	108	35
A_NS	609	85	G	0	0	85	35
A_NS	610	105	G	0	0	105	35
A_NS	611	100	G	0	0	100	35
A_NS	612	94	A	0	0	94	35
A_NS	613	93	G	0	0	93	35
A_NS	614	114	T	0	0	114	35
A_NS	615	98	C	0	0	98	35
A_NS	616	97	C	0	0	97	35
A_NS	617	97	G	0	0	97	35
A_NS	618	108	T	0	0	108	35
A_NS	619	86	G	0	0	86	35
A_NS	620	103	A	0	0	103	35
A_NS	621	107	T	0	0	107	35
A_NS	622	103	G	0	0	103	35
A_NS	623	111	A	0	0	111	35
A_NS	624	91	G	0	0	91	35
A_NS	625	95	A	0	0	95	35
A_NS	626	108	A	0	0	108	35
A_NS	627	107	T	0	0	107	35
A_NS	628	92	G	0	0	92	35
A_NS	629	106	G	0	0	106	35
A_NS	630	102	G	0	0	102	35
A_NS	631	105	G	0	0	105	35
A_NS	632	110	G	0	0	110	35
A_NS	633	100	A	0	0	100	35
A_NS	634	114	C	0	0	114	35
A_NS	635	115	C	0	0	115	35
A_NS	636	106	T	0	0	106	35
A_NS	637	96	C	0	0	96	35
A_NS	638	101	C	0	0	101	35
A_NS	639	94	A	0	0	94	35
A_NS	640	112	C	0	0	112	35
A_NS	641	90	T	0	0	90	35
A_NS	642	111	C	0	0	111	35
A_NS	643	106	C	0	0	106	35
A_NS	644	113	C	0	0	113	35
A_NS	645	102	T	0	0	102	35
A_NS	646	90	C	0	0	90	35
A_NS	647	94	C	0	0	94	35
A_NS	648	88	A	0	0	88	35
A_NS	649	100	A	0	0	100	35
A_NS	650	89	A	0	0	89	35
A_NS	651	108	G	0	0	108	35
A_NS	652	93	C	0	0	93	35
A_NS	653	108	A	0	0	108	35
A_NS	654	110	G	0	0	110	35
A_NS	655	102	A	0	0	102	35
A_NS	656	109	A	0	0	109	35
A_NS	657	114	A	0	0	114	35
A_NS	658	90	C	0	0	90	35
A_NS	659	115	G	0	0	115	35
A_NS	660	106	C	0	0	106	35
A_NS	661	113	T	0	0	113	35
A_NS	662	95	A	0	0	95	35
A_NS	663	105	C	0	0	105	35
A_NS	664	87	A	0	0	87	35
A_NS	665	92	T	0	0	92	35
A_NS	666	96	G	0	0	96	35
A_NS	667	92	G	0	0	92	35
A_NS	668	108	C	0	0	108	35
A_NS	669	112	G	0	0	112	35
A_NS	670	94	A	0	0	94	35
A_NS	671	98	G	0	0	98	35
A_NS	672	110	A	0	0	110	35
A_NS	673	113	A	0	0	113	35
A_NS	674	95	G	0	0	95	35
A_NS	675	96	A	0	0	96	35
A_NS	676	93	G	0	0	93	35
A_NS	677	103	T	0	0	103	35
A_NS	678	94	T	0	0	94	35
A_NS	679	99	G	0	0	99	35
A_NS	680	112	A	0	0	112	35
A_NS	681	88	G	0	0	88	35
A_NS	682	100	T	0	0	100	35
A_NS	683	86	C	0	0	86	35
A_NS	684	112	A	0	0	112	35
A_NS	685	105	G	0	0	105	35
A_NS	686	103	A	0	0	103	35
A_NS	687	103	A	0	0	103	35
A_NS	688	115	G	0	0	115	35
A_NS	689	104	T	0	0	104	35
A_NS	690	87	T	0	0	87	35
A_NS	691	100	T	0	0	100	35
A_NS	692	113	G	0	0	113	35
A_NS	693	91	A	0	0	91	35
A_NS	694	101	A	0	0	101	35
A_NS	695	88	G	0	0	88	35
A_NS	696	112	A	0	0	112	35
A_NS	697	106	G	0	0	106	35
A_NS	698	97	A	0	0	97	35
A_NS	699	101	T	0	0	101	35
A_NS	700	94	C	0	0	94	35
A_NS	701	98	A	0	0	98	35
A_NS	702	86	G	0	0	86	35
A_NS	703	112	A	0	0	112	35
A_NS	704	112	T	0	0	112	35
A_NS	705	89	G	0	0	89	35
A_NS	706	89	G	0	0	89	35
A_NS	707	91	C	0	0	91	35
A_NS	708	95	T	0	0	95	35
A_NS	709	98	A	0	0	98	35
A_NS	710	103	A	0	0	103	35
A_NS	711	113	T	0	0	113	35
A_NS	712	114	T	0	0	114	35
A_NS	713	99	G	0	0	99	35
A_NS	714	89	C	0	0	89	35
A_NS	715	95	A	0	0	95	35
A_NS	716	112	G	0	0	112	35
A_NS	717	107	A	0	0	107	35
A_NS	718	90	G	0	0	90	35
A_NS	719	109	T	0	0	109	35
A_NS	720	87	G	0	0	87	35
A_NS	721	100	C	0	0	100	35
A_NS	722	95	A	0	0	95	35
A_NS	723	105	G	0	0	105	35
A_NS	724	90	A	0	0	90	35
A_NS	725	95	A	0	0	95	35
A_NS	726	105	A	0	0	105	35
A_NS	727	86	C	0	0	86	35
A_NS	728	85	A	0	0	85	35
A_NS	729	99	T	0	0	99	35
A_NS	730	93	A	0	0	93	35
A_NS	731	91	T	0	0	91	35
A_NS	732	109	T	0	0	109	35
A_NS	733	109	A	0	0	109	35
A_NS	734	90	A	0	0	90	35
A_NS	735	103	C	0	0	103	35
A_NS	736	109	C	0	0	109	35
A_NS	737	90	A	0	0	90	35
A_NS	738	100	A	0	0	100	35
A_NS	739	110	A	0	0	110	35
A_NS	740	109	A	0	0	109	35
A_NS	741	109	C	0	0	109	35
A_NS	742	87	T	0	0	87	35
A_NS	743	89	G	0	0	89	35
A_NS	744	104	A	0	0	104	35
A_NS	745	98	G	0	0	98	35
A_NS	746	105	A	0	0	105	35
A_NS	747	98	A	0	0	98	35
A_NS	748	97	C	0	0	97	35
A_NS	749	98	A	0	0	98	35
A_NS	750	115	G	0	0	115	35
A_NS	751	100	C	0	0	100	35
A_NS	752	97	T	0	0	97	35
A_NS	753	85	T	0	0	85	35
A_NS	754	86	C	0	0	86	35
A_NS	755	102	G	0	0	102	35
A_NS	756	91	A	0	0	91	35
A_NS	757	108	G	0	0	108	35
A_NS	758	96	C	0	0	96	35
A_NS	759	115	A	0	0	115	35
A_NS	760	85	G	0	0	85	35
A_NS	761	113	A	0	0	113	35
A_NS	762	95	T	0	0	95	35
A_NS	763	109	A	0	0	109	35
A_NS	764	111	A	0	0	111	35
A_NS	765	101	C	0	0	101	35
A_NS	766	91	G	0	0	91	35
A_NS	767	85	T	0	0	85	35
A_NS	768	106	T	0	0	106	35
A_NS	769	85	C	0	0	85	35
A_NS	770	105	T	0	0	105	35
A_NS	771	108	T	0	0	108	35
A_NS	772	92	G	0	0	92	35
A_NS	773	92	C	0	0	92	35
A_NS	774	107	A	0	0	107	35
A_NS	775	113	G	0	0	113	35
A_NS	776	96	G	0	0	96	35
A_NS	777	94	C	0	0	94	35
A_NS	778	89	A	0	0	89	35
A_NS	779	88	T	0	0	88	35
A_NS	780	97	T	0	0	97	35
A_NS	781	101	G	0	0	101	35
A_NS	782	103	C	0	0	103	35
A_NS	783	94	A	0	0	94	35
A_NS	784	90	A	0	0	90	35
A_NS	785	87	C	0	0	87	35
A_NS	786	111	T	0	0	111	35
A_NS	787	86	T	0	0	86	35
A_NS	788	94	T	0	0	94	35
A_NS	789	115	T	0	0	115	35
A_NS	790	94	A	0	0	94	35
A_NS	791	99	C	0	0	99	35
A_NS	792	108	T	0	0	108	35
A_NS	793	101	T	0	0	101	35
A_NS	794	104	G	0	0	104	35
A_NS	795	101	A	0	0	101	35
A_NS	796	95	G	0	0	95	35
A_NS	797	98	G	0	0	98	35
A_NS	798	113	T	0	0	113	35
A_NS	799	106	T	0	0	106	35
A_NS	800	89	G	0	0	89	35
A_NS	801	95	A	0	0	95	35
A_NS	802	113	G	0	0	113	35
A_NS	803	100	A	0	0	100	35
A_NS	804	96	G	0	0	96	35
A_NS	805	109	T	0	0	109	35
A_NS	806	91	G	0	0	91	35
A_NS	807	90	A	0	0	90	35
A_NS	808	115	G	0	0	115	35
A_NS	809	114	A	0	0	114	35
A_NS	810	114	T	0	0	114	35
A_NS	811	110	A	0	0	110	35
A_NS	812	97	A	0	0	97	35
A_NS	813	85	G	0	0	85	35
A_NS	814	92	G	0	0	92	35
A_NS	815	92	A	0	0	92	35
A_NS	816	108	C	0	0	108	35
A_NS	817	89	A	0	0	89	35
A_NS	818	91	T	0	0	91	35
A_NS	819	108	T	0	0	108	35
A_NS	820	85	T	0	0	85	35
A_NS	821	103	T	0	0	103	35
A_NS	822	101	C	0	0	101	35
A_NS	823	90	T	0	0	90	35
A_NS	824	88	T	0	0	88	35
A_NS	825	96	T	0	0	96	35
A_NS	826	107	T	0	0	107	35
A_NS	827	105	C	0	0	105	35
A_NS	828	110	A	0	0	110	35
A_NS	829	86	G	0	0	86	35
A_NS	830	97	C	0	0	97	35
A_NS	831	113	T	0	0	113	35
A_NS	832	105	T	0	0	105	35
A_NS	833	93	A	0	0	93	35
A_NS	834	109	T	0	0	109	35
A_NS	835	102	T	0	0	102	35
A_NS	836	104	T	0	0	104	35
A_NS	837	86	A	0	0	86	35
A_NS	838	104	G	0	0	104	35
