Reference_Name	Position	Coverage Depth	Consensus	Deletions	Ambiguous	Consensus_Count	Consensus_Average_Quality
A_PA	1	85	A	0	0	85	35
A_PA	2	86	T	0	0	86	35
A_PA	3	107	G	0	0	107	35
A_PA	4	88	G	0	0	88	35
A_PA	5	98	A	0	0	98	35
A_PA	6	99	G	0	0	99	35
A_PA	7	97	G	0	0	97	35
A_PA	8	88	A	0	0	88	35
A_PA	9	102	C	0	0	102	35
A_PA	10	93	T	0	0	93	35
A_PA	11	100	T	0	0	100	35
A_PA	12	107	T	0	0	107	35
A_PA	13	89	G	0	0	89	35
A_PA	14	91	T	0	0	91	35
A_PA	15	107	G	0	0	107	35
A_PA	16	106	C	0	0	106	35
A_PA	17	105	G	0	0	105	35
A_PA	18	85	A	0	0	85	35
A_PA	19	94	C	0	0	94	35
A_PA	20	98	A	0	0	98	35
A_PA	21	106	A	0	0	106	35
A_PA	22	88	T	0	0	88	35
A_PA	23	106	G	0	0	106	35
A_PA	24	101	C	0	0	101	35
A_PA	25	93	T	0	0	93	35
A_PA	26	104	T	0	0	104	35
A_PA	27	104	C	0	0	104	35
A_PA	28	107	A	0	0	107	35
A_PA	29	89	A	0	0	89	35
A_PA	30	98	T	0	0	98	35
A_PA	31	111	C	0	0	111	35
A_PA	32	113	C	0	0	113	35
A_PA	33	88	A	0	0	88	35
A_PA	34	101	A	0	0	101	35
A_PA	35	108	T	0	0	108	35
A_PA	36	104	G	0	0	104	35
A_PA	37	88	A	0	0	88	35
A_PA	38	94	T	0	0	94	35
A_PA	39	88	T	0	0	88	35
A_PA	40	110	G	0	0	110	35
A_PA	41	88	T	0	0	88	35
A_PA	42	100	C	0	0	100	35
A_PA	43	91	G	0	0	91	35
A_PA	44	104	A	0	0	104	35
A_PA	45	91	G	0	0	91	35
A_PA	46	109	C	0	0	109	35
A_PA	47	93	T	0	0	93	35
A_PA	48	111	T	0	0	111	35
A_PA	49	101	G	0	0	101	35
A_PA	50	91	C	0	0	91	35
A_PA	51	96	G	0	0	96	35
A_PA	52	107	G	0	0	107	35
A_PA	53	98	A	0	0	98	35
A_PA	54	94	A	0	0	94	35
A_PA	55	90	A	0	0	90	35
A_PA	56	86	A	0	0	86	35
A_PA	57	102	A	0	0	102	35
A_PA	58	100	G	0	0	100	35
A_PA	59	114	C	0	0	114	35
A_PA	60	91	A	0	0	91	35
A_PA	61	107	A	0	0	107	35
A_PA	62	114	T	0	0	114	35
A_PA	63	100	G	0	0	100	35
A_PA	64	95	A	0	0	95	35
A_PA	65	92	A	0	0	92	35
A_PA	66	85	A	0	0	85	35
A_PA	67	85	G	0	0	85	35
A_PA	68	106	A	0	0	106	35
A_PA	69	87	A	0	0	87	35
A_PA	70	114	T	0	0	114	35
A_PA	71	88	A	0	0	88	35
A_PA	72	111	T	0	0	111	35
A_PA	73	103	G	0	0	103	35
A_PA	74	106	G	0	0	106	35
A_PA	75	100	G	0	0	100	35
A_PA	76	89	G	0	0	89	35
A_PA	77	115	A	0	0	115	35
A_PA	78	87	A	0	0	87	35
A_PA	79	109	G	0	0	109	35
A_PA	80	101	A	0	0	101	35
A_PA	81	87	T	0	0	87	35
A_PA	82	108	C	0	0	108	35
A_PA	83	108	C	0	0	108	35
A_PA	84	88	G	0	0	88	35
A_PA	85	113	A	0	0	113	35
A_PA	86	93	A	0	0	93	35
A_PA	87	105	A	0	0	105	35
A_PA	88	92	A	0	0	92	35
A_PA	89	99	T	0	0	99	35
A_PA	90	94	C	0	0	94	35
A_PA	91	93	G	0	0	93	35
A_PA	92	99	A	0	0	99	35
A_PA	93	86	G	0	0	86	35
A_PA	94	88	A	0	0	88	35
A_PA	95	111	C	0	0	111	35
A_PA	96	90	A	0	0	90	35
A_PA	97	112	A	0	0	112	35
A_PA	98	86	A	0	0	86	35
A_PA	99	112	C	0	0	112	35
A_PA	100	94	A	0	0	94	35
A_PA	101	96	A	0	0	96	35
A_PA	102	110	A	0	0	110	35
A_PA	103	106	T	0	0	106	35
A_PA	104	95	T	0	0	95	35
A_PA	105	98	T	0	0	98	35
A_PA	106	108	G	0	0	108	35
A_PA	107	88	C	0	0	88	35
A_PA	108	88	C	0	0	88	35
A_PA	109	112	G	0	0	112	35
A_PA	110	109	C	0	0	109	35
A_PA	111	113	A	0	0	113	35
A_PA	112	86	A	0	0	86	35
A_PA	113	85	T	0	0	85	35
A_PA	114	112	A	0	0	112	35
A_PA	115	89	T	0	0	89	35
A_PA	116	106	G	0	0	106	35
A_PA	117	105	C	0	0	105	35
A_PA	118	90	A	0	0	90	35
A_PA	119	95	C	0	0	95	35
A_PA	120	96	A	0	0	96	35
A_PA	121	113	C	0	0	113	35
A_PA	122	99	A	0	0	99	35
A_PA	123	115	C	0	0	115	35
A_PA	124	104	T	0	0	104	35
A_PA	125	93	T	0	0	93	35
A_PA	126	113	A	0	0	113	35
A_PA	127	108	G	0	0	108	35
A_PA	128	87	A	0	0	87	35
A_PA	129	96	A	0	0	96	35
A_PA	130	111	G	0	0	111	35
A_PA	131	95	T	0	0	95	35
A_PA	132	90	C	0	0	90	35
A_PA	133	88	T	0	0	88	35
A_PA	134	97	G	0	0	97	35
A_PA	135	97	T	0	0	97	35
A_PA	136	115	T	0	0	115	35
A_PA	137	99	T	0	0	99	35
A_PA	138	93	C	0	0	93	35
A_PA	139	111	A	0	0	111	35
A_PA	140	97	T	0	0	97	35
A_PA	141	107	G	0	0	107	35
A_PA	142	112	T	0	0	112	35
A_PA	143	100	A	0	0	100	35
A_PA	144	110	T	0	0	110	35
A_PA	145	98	T	0	0	98	35
A_PA	146	105	C	0	0	105	35
A_PA	147	113	G	0	0	113	35
A_PA	148	110	G	0	0	110	35
A_PA	149	90	A	0	0	90	35
A_PA	150	88	T	0	0	88	35
A_PA	151	89	T	0	0	89	35
A_PA	152	107	T	0	0	107	35
A_PA	153	108	C	0	0	108	35
A_PA	154	86	C	0	0	86	35
A_PA	155	115	A	0	0	115	35
A_PA	156	112	T	0	0	112	35
A_PA	157	90	T	0	0	90	35
A_PA	158	88	T	0	0	88	35
A_PA	159	98	T	0	0	98	35
A_PA	160	114	A	0	0	114	35
A_PA	161	103	T	0	0	103	35
A_PA	162	100	T	0	0	100	35
A_PA	163	110	G	0	0	110	35
A_PA	164	103	A	0	0	103	35
A_PA	165	106	T	0	0	106	35
A_PA	166	99	G	0	0	99	35
A_PA	167	90	A	0	0	90	35
A_PA	168	104	A	0	0	104	35
A_PA	169	97	C	0	0	97	35
A_PA	170	109	G	0	0	109	35
A_PA	171	96	A	0	0	96	35
A_PA	172	104	G	0	0	104	35
A_PA	173	85	G	0	0	85	35
A_PA	174	112	C	0	0	112	35
A_PA	175	106	G	0	0	106	35
A_PA	176	113	A	0	0	113	35
A_PA	177	111	A	0	0	111	35
A_PA	178	108	T	0	0	108	35
A_PA	179	113	C	0	0	113	35
A_PA	180	89	A	0	0	89	35
A_PA	181	100	A	0	0	100	35
A_PA	182	114	T	0	0	114	35
A_PA	183	100	G	0	0	100	35
A_PA	184	88	A	0	0	88	35
A_PA	185	113	T	0	0	113	35
A_PA	186	98	T	0	0	98	35
A_PA	187	99	G	0	0	99	35
A_PA	188	86	T	0	0	86	35
A_PA	189	87	A	0	0	87	35
A_PA	190	93	G	0	0	93	35
A_PA	191	105	A	0	0	105	35
A_PA	192	95	A	0	0	95	35
A_PA	193	85	T	0	0	85	35
A_PA	194	107	C	0	0	107	35
A_PA	195	112	T	0	0	112	35
A_PA	196	106	G	0	0	106	35
A_PA	197	101	G	0	0	101	35
A_PA	198	109	C	0	0	109	35
A_PA	199	108	G	0	0	108	35
A_PA	200	103	A	0	0	103	35
A_PA	201	108	T	0	0	108	35
A_PA	202	103	C	0	0	103	35
A_PA	203	92	C	0	0	92	35
A_PA	204	115	A	0	0	115	35
A_PA	205	106	A	0	0	106	35
A_PA	206	112	A	0	0	112	35
A_PA	207	95	T	0	0	95	35
A_PA	208	101	G	0	0	101	35
A_PA	209	101	C	0	0	101	35
A_PA	210	107	A	0	0	107	35
A_PA	211	107	T	0	0	107	35
A_PA	212	104	T	0	0	104	35
A_PA	213	88	A	0	0	88	35
A_PA	214	98	T	0	0	98	35
A_PA	215	106	T	0	0	106	35
A_PA	216	108	G	0	0	108	35
A_PA	217	92	A	0	0	92	35
A_PA	218	100	A	0	0	100	35
A_PA	219	96	A	0	0	96	35
A_PA	220	106	C	0	0	106	35
A_PA	221	106	A	0	0	106	35
A_PA	222	105	C	0	0	105	35
A_PA	223	97	C	0	0	97	35
A_PA	224	89	G	0	0	89	35
A_PA	225	111	A	0	0	111	35
A_PA	226	111	T	0	0	111	35
A_PA	227	102	T	0	0	102	35
A_PA	228	113	T	0	0	113	35
A_PA	229	104	G	0	0	104	35
A_PA	230	86	A	0	0	86	35
A_PA	231	85	G	0	0	85	35
A_PA	232	105	A	0	0	105	35
A_PA	233	114	T	0	0	114	35
A_PA	234	90	A	0	0	90	35
A_PA	235	101	A	0	0	101	35
A_PA	236	112	T	0	0	112	35
A_PA	237	100	C	0	0	100	35
A_PA	238	112	G	0	0	112	35
A_PA	239	100	A	0	0	100	35
A_PA	240	112	A	0	0	112	35
A_PA	241	90	G	0	0	90	35
A_PA	242	87	G	0	0	87	35
A_PA	243	109	G	0	0	109	35
A_PA	244	100	A	0	0	100	35
A_PA	245	95	G	0	0	95	35
A_PA	246	92	A	0	0	92	35
A_PA	247	95	G	0	0	95	35
A_PA	248	93	A	0	0	93	35
A_PA	249	86	C	0	0	86	35
A_PA	250	101	C	0	0	101	35
A_PA	251	92	G	0	0	92	35
A_PA	252	102	A	0	0	102	35
A_PA	253	105	G	0	0	105	35
A_PA	254	97	C	0	0	97	35
A_PA	255	97	A	0	0	97	35
A_PA	256	111	A	0	0	111	35
A_PA	257	92	T	0	0	92	35
A_PA	258	87	G	0	0	87	35
A_PA	259	99	G	0	0	99	35
A_PA	260	99	C	0	0	99	35
A_PA	261	110	C	0	0	110	35
A_PA	262	103	T	0	0	103	35
A_PA	263	99	G	0	0	99	35
A_PA	264	87	G	0	0	87	35
A_PA	265	112	A	0	0	112	35
A_PA	266	100	C	0	0	100	35
A_PA	267	99	A	0	0	99	35
A_PA	268	95	G	0	0	95	35
A_PA	269	88	T	0	0	88	35
A_PA	270	100	G	0	0	100	35
A_PA	271	108	G	0	0	108	35
A_PA	272	105	T	0	0	105	35
A_PA	273	85	G	0	0	85	35
A_PA	274	88	A	0	0	88	35
A_PA	275	97	A	0	0	97	35
A_PA	276	98	T	0	0	98	35
A_PA	277	86	A	0	0	86	35
A_PA	278	102	G	0	0	102	35
A_PA	279	102	T	0	0	102	35
A_PA	280	85	A	0	0	85	35
A_PA	281	111	T	0	0	111	35
A_PA	282	87	C	0	0	87	35
A_PA	283	110	T	0	0	110	35
A_PA	284	104	G	0	0	104	35
A_PA	285	115	C	0	0	115	35
A_PA	286	104	A	0	0	104	35
A_PA	287	105	A	0	0	105	35
A_PA	288	94	C	0	0	94	35
A_PA	289	113	A	0	0	113	35
A_PA	290	101	C	0	0	101	35
A_PA	291	102	C	0	0	102	35
A_PA	292	91	A	0	0	91	35
A_PA	293	105	C	0	0	105	35
A_PA	294	106	A	0	0	106	35
A_PA	295	99	G	0	0	99	35
A_PA	296	115	G	0	0	115	35
A_PA	297	95	G	0	0	95	35
A_PA	298	96	G	0	0	96	35
A_PA	299	111	T	0	0	111	35
A_PA	300	86	C	0	0	86	35
A_PA	301	111	G	0	0	111	35
A_PA	302	92	A	0	0	92	35
A_PA	303	112	A	0	0	112	35
A_PA	304	99	A	0	0	99	35
A_PA	305	95	A	0	0	95	35
A_PA	306	102	G	0	0	102	35
A_PA	307	109	C	0	0	109	35
A_PA	308	104	C	0	0	104	35
A_PA	309	104	C	0	0	104	35
A_PA	310	100	A	0	0	100	35
A_PA	311	107	A	0	0	107	35
A_PA	312	106	A	0	0	106	35
A_PA	313	96	T	0	0	96	35
A_PA	314	107	T	0	0	107	35
A_PA	315	99	C	0	0	99	35
A_PA	316	88	C	0	0	88	35
A_PA	317	88	T	0	0	88	35
A_PA	318	109	C	0	0	109	35
A_PA	319	106	C	0	0	106	35
A_PA	320	92	C	0	0	92	35
A_PA	321	85	T	0	0	85	35
A_PA	322	95	G	0	0	95	35
A_PA	323	96	A	0	0	96	35
A_PA	324	111	T	0	0	111	35
A_PA	325	105	T	0	0	105	35
A_PA	326	115	T	0	0	115	35
A_PA	327	110	G	0	0	110	35
A_PA	328	94	T	0	0	94	35
A_PA	329	102	A	0	0	102	35
A_PA	330	101	T	0	0	101	35
A_PA	331	96	G	0	0	96	35
A_PA	332	107	A	0	0	107	35
A_PA	333	88	C	0	0	88	35
A_PA	334	86	T	0	0	86	35
A_PA	335	113	A	0	0	113	35
A_PA	336	90	C	0	0	90	35
A_PA	337	100	A	0	0	100	35
A_PA	338	89	A	0	0	89	35
A_PA	339	111	A	0	0	111	35
A_PA	340	107	G	0	0	107	35
A_PA	341	108	A	0	0	108	35
A_PA	342	108	G	0	0	108	35
A_PA	343	98	A	0	0	98	35
A_PA	344	88	A	0	0	88	35
A_PA	345	93	C	0	0	93	35
A_PA	346	104	C	0	0	104	35
A_PA	347	91	G	0	0	91	35
A_PA	348	91	A	0	0	91	35
A_PA	349	88	T	0	0	88	35
A_PA	350	114	T	0	0	114	35
A_PA	351	112	C	0	0	112	35
A_PA	352	97	A	0	0	97	35
A_PA	353	91	T	0	0	91	35
A_PA	354	99	T	0	0	99	35
A_PA	355	111	G	0	0	111	35
A_PA	356	110	A	0	0	110	35
A_PA	357	91	A	0	0	91	35
A_PA	358	107	A	0	0	107	35
A_PA	359	95	T	0	0	95	35
A_PA	360	88	T	0	0	88	35
A_PA	361	109	G	0	0	109	35
A_PA	362	98	G	0	0	98	35
A_PA	363	86	A	0	0	86	35
A_PA	364	114	G	0	0	114	35
A_PA	365	105	T	0	0	105	35
A_PA	366	111	A	0	0	111	35
A_PA	367	106	A	0	0	106	35
A_PA	368	103	C	0	0	103	35
A_PA	369	88	G	0	0	88	35
A_PA	370	109	C	0	0	109	35
A_PA	371	113	G	0	0	113	35
A_PA	372	99	A	0	0	99	35
A_PA	373	99	A	0	0	99	35
A_PA	374	106	G	0	0	106	35
A_PA	375	103	G	0	0	103	35
A_PA	376	115	G	0	0	115	35
A_PA	377	101	A	0	0	101	35
A_PA	378	89	A	0	0	89	35
A_PA	379	115	G	0	0	115	35
A_PA	380	100	T	0	0	100	35
A_PA	381	85	T	0	0	85	35
A_PA	382	101	C	0	0	101	35
A_PA	383	108	A	0	0	108	35
A_PA	384	86	C	0	0	86	35
A_PA	385	102	A	0	0	102	35
A_PA	386	114	T	0	0	114	35
A_PA	387	98	A	0	0	98	35
A_PA	388	111	T	0	0	111	35
A_PA	389	103	A	0	0	103	35
A_PA	390	100	C	0	0	100	35
A_PA	391	114	T	0	0	114	35
A_PA	392	101	A	0	0	101	35
A_PA	393	109	T	0	0	109	35
A_PA	394	114	T	0	0	114	35
A_PA	395	114	T	0	0	114	35
A_PA	396	90	A	0	0	90	35
A_PA	397	107	G	0	0	107	35
A_PA	398	103	A	0	0	103	35
A_PA	399	90	A	0	0	90	35
A_PA	400	108	A	0	0	108	35
A_PA	401	111	A	0	0	111	35
A_PA	402	89	A	0	0	89	35
A_PA	403	88	G	0	0	88	35
A_PA	404	97	C	0	0	97	35
A_PA	405	106	C	0	0	106	35
A_PA	406	104	A	0	0	104	35
A_PA	407	104	A	0	0	104	35
A_PA	408	113	C	0	0	113	35
A_PA	409	95	A	0	0	95	35
A_PA	410	101	A	0	0	101	35
A_PA	411	113	G	0	0	113	35
A_PA	412	97	A	0	0	97	35
A_PA	413	98	T	0	0	98	35
A_PA	414	104	A	0	0	104	35
A_PA	415	114	A	0	0	114	35
A_PA	416	107	A	0	0	107	35
A_PA	417	109	A	0	0	109	35
A_PA	418	92	T	0	0	92	35
A_PA	419	93	C	0	0	93	35
A_PA	420	97	A	0	0	97	35
A_PA	421	115	G	0	0	115	35
A_PA	422	95	A	0	0	95	35
A_PA	423	94	G	0	0	94	35
A_PA	424	99	A	0	0	99	35
A_PA	425	110	A	0	0	110	35
A_PA	426	89	A	0	0	89	35
A_PA	427	89	A	0	0	89	35
A_PA	428	98	C	0	0	98	35
A_PA	429	104	A	0	0	104	35
A_PA	430	107	C	0	0	107	35
A_PA	431	113	A	0	0	113	35
A_PA	432	108	T	0	0	108	35
A_PA	433	101	A	0	0	101	35
A_PA	434	94	T	0	0	94	35
A_PA	435	111	T	0	0	111	35
A_PA	436	107	C	0	0	107	35
A_PA	437	102	A	0	0	102	35
A_PA	438	112	C	0	0	112	35
A_PA	439	95	A	0	0	95	35
A_PA	440	107	T	0	0	107	35
A_PA	441	108	A	0	0	108	35
A_PA	442	114	T	0	0	114	35
A_PA	443	102	T	0	0	102	35
A_PA	444	105	C	0	0	105	35
A_PA	445	91	T	0	0	91	35
A_PA	446	91	C	0	0	91	35
A_PA	447	91	A	0	0	91	35
A_PA	448	104	T	0	0	104	35
A_PA	449	107	T	0	0	107	35
A_PA	450	94	C	0	0	94	35
A_PA	451	106	A	0	0	106	35
A_PA	452	96	C	0	0	96	35
A_PA	453	114	T	0	0	114	35
A_PA	454	106	G	0	0	106	35
A_PA	455	89	G	0	0	89	35
A_PA	456	107	A	0	0	107	35
A_PA	457	105	G	0	0	105	35
A_PA	458	115	A	0	0	115	35
A_PA	459	90	G	0	0	90	35
A_PA	460	101	G	0	0	101	35
A_PA	461	102	A	0	0	102	35
A_PA	462	107	A	0	0	107	35
A_PA	463	105	A	0	0	105	35
A_PA	464	95	T	0	0	95	35
A_PA	465	107	G	0	0	107	35
A_PA	466	88	G	0	0	88	35
A_PA	467	109	C	0	0	109	35
A_PA	468	96	C	0	0	96	35
A_PA	469	102	A	0	0	102	35
A_PA	470	100	C	0	0	100	35
A_PA	471	103	C	0	0	103	35
A_PA	472	103	A	0	0	103	35
A_PA	473	115	A	0	0	115	35
A_PA	474	106	G	0	0	106	35
A_PA	475	107	G	0	0	107	35
A_PA	476	98	C	0	0	98	35
A_PA	477	106	G	0	0	106	35
A_PA	478	108	G	0	0	108	35
A_PA	479	113	A	0	0	113	35
A_PA	480	111	C	0	0	111	35
A_PA	481	102	T	0	0	102	35
A_PA	482	94	A	0	0	94	35
A_PA	483	113	C	0	0	113	35
A_PA	484	112	A	0	0	112	35
A_PA	485	98	C	0	0	98	35
A_PA	486	110	C	0	0	110	35
A_PA	487	85	C	0	0	85	35
A_PA	488	101	T	0	0	101	35
A_PA	489	88	T	0	0	88	35
A_PA	490	85	G	0	0	85	35
A_PA	491	97	A	0	0	97	35
A_PA	492	89	T	0	0	89	35
A_PA	493	86	G	0	0	86	35
A_PA	494	106	A	0	0	106	35
A_PA	495	86	A	0	0	86	35
A_PA	496	91	G	0	0	91	35
A_PA	497	93	A	0	0	93	35
A_PA	498	109	G	0	0	109	35
A_PA	499	110	A	0	0	110	35
A_PA	500	90	G	0	0	90	35
A_PA	501	94	C	0	0	94	35
A_PA	502	106	A	0	0	106	35
A_PA	503	93	G	0	0	93	35
A_PA	504	89	A	0	0	89	35
A_PA	505	111	G	0	0	111	35
A_PA	506	86	C	0	0	86	35
A_PA	507	107	A	0	0	107	35
A_PA	508	110	A	0	0	110	35
A_PA	509	94	G	0	0	94	35
A_PA	510	91	A	0	0	91	35
A_PA	511	109	A	0	0	109	35
A_PA	512	102	T	0	0	102	35
A_PA	513	86	A	0	0	86	35
A_PA	514	96	A	0	0	96	35
A_PA	515	111	A	0	0	111	35
A_PA	516	99	A	0	0	99	35
A_PA	517	88	A	0	0	88	35
A_PA	518	104	C	0	0	104	35
A_PA	519	112	C	0	0	112	35
A_PA	520	106	A	0	0	106	35
A_PA	521	108	G	0	0	108	35
A_PA	522	102	A	0	0	102	35
A_PA	523	112	C	0	0	112	35
A_PA	524	92	T	0	0	92	35
A_PA	525	108	G	0	0	108	35
A_PA	526	105	T	0	0	105	35
A_PA	527	102	T	0	0	102	35
A_PA	528	97	C	0	0	97	35
A_PA	529	92	A	0	0	92	35
A_PA	530	101	C	0	0	101	35
A_PA	531	110	T	0	0	110	35
A_PA	532	110	A	0	0	110	35
A_PA	533	110	T	0	0	110	35
A_PA	534	107	A	0	0	107	35
A_PA	535	94	A	0	0	94	35
A_PA	536	107	G	0	0	107	35
A_PA	537	106	A	0	0	106	35
A_PA	538	86	C	0	0	86	35
A_PA	539	114	A	0	0	114	35
A_PA	540	97	A	0	0	97	35
A_PA	541	97	G	0	0	97	35
A_PA	542	98	A	0	0	98	35
A_PA	543	115	A	0	0	115	35
A_PA	544	110	A	0	0	110	35
A_PA	545	106	T	0	0	106	35
A_PA	546	95	G	0	0	95	35
A_PA	547	115	G	0	0	115	35
A_PA	548	102	C	0	0	102	35
A_PA	549	86	C	0	0	86	35
A_PA	550	85	A	0	0	85	35
A_PA	551	108	G	0	0	108	35
A_PA	552	93	T	0	0	93	35
A_PA	553	91	A	0	0	91	35
A_PA	554	104	G	0	0	104	35
A_PA	555	112	A	0	0	112	35
A_PA	556	109	G	0	0	109	35
A_PA	557	112	G	0	0	112	35
A_PA	558	112	T	0	0	112	35
A_PA	559	99	C	0	0	99	35
A_PA	560	111	T	0	0	111	35
A_PA	561	92	A	0	0	92	35
A_PA	562	114	T	0	0	114	35
A_PA	563	105	G	0	0	105	35
A_PA	564	107	G	0	0	107	35
A_PA	565	107	G	0	0	107	35
A_PA	566	105	A	0	0	105	35
A_PA	567	96	T	0	0	96	35
A_PA	568	109	T	0	0	109	35
A_PA	569	103	C	0	0	103	35
A_PA	570	102	C	0	0	102	35
A_PA	571	108	T	0	0	108	35
A_PA	572	104	T	0	0	104	35
A_PA	573	91	T	0	0	91	35
A_PA	574	109	C	0	0	109	35
A_PA	575	108	G	0	0	108	35
A_PA	576	115	T	0	0	115	35
A_PA	577	91	C	0	0	91	35
A_PA	578	94	A	0	0	94	35
A_PA	579	99	A	0	0	99	35
A_PA	580	90	T	0	0	90	35
A_PA	581	106	C	0	0	106	35
A_PA	582	87	C	0	0	87	35
A_PA	583	90	G	0	0	90	35
A_PA	584	115	A	0	0	115	35
A_PA	585	90	G	0	0	90	35
A_PA	586	108	A	0	0	108	35
A_PA	587	101	G	0	0	101	35
A_PA	588	88	A	0	0	88	35
A_PA	589	97	G	0	0	97	35
A_PA	590	86	G	0	0	86	35
A_PA	591	98	C	0	0	98	35
A_PA	592	93	G	0	0	93	35
A_PA	593	102	A	0	0	102	35
A_PA	594	93	A	0	0	93	35
A_PA	595	89	G	0	0	89	35
A_PA	596	90	A	0	0	90	35
A_PA	597	103	G	0	0	103	35
A_PA	598	112	A	0	0	112	35
A_PA	599	93	C	0	0	93	35
A_PA	600	85	A	0	0	85	35
A_PA	601	95	A	0	0	95	35
A_PA	602	99	T	0	0	99	35
A_PA	603	107	T	0	0	107	35
A_PA	604	114	G	0	0	114	35
A_PA	605	89	A	0	0	89	35
A_PA	606	86	A	0	0	86	35
A_PA	607	89	G	0	0	89	35
A_PA	608	114	A	0	0	114	35
A_PA	609	95	A	0	0	95	35
A_PA	610	104	A	0	0	104	35
A_PA	611	86	G	0	0	86	35
A_PA	612	109	A	0	0	109	35
A_PA	613	114	T	0	0	114	35
A_PA	614	105	T	0	0	105	35
A_PA	615	104	T	0	0	104	35
A_PA	616	111	G	0	0	111	35
A_PA	617	106	A	0	0	106	35
A_PA	618	94	A	0	0	94	35
A_PA	619	100	A	0	0	100	35
A_PA	620	110	T	0	0	110	35
A_PA	621	103	C	0	0	103	35
A_PA	622	102	A	0	0	102	35
A_PA	623	96	C	0	0	96	35
A_PA	624	87	A	0	0	87	35
A_PA	625	110	G	0	0	110	35
A_PA	626	107	G	0	0	107	35
A_PA	627	95	A	0	0	95	35
A_PA	628	101	A	0	0	101	35
A_PA	629	92	C	0	0	92	35
A_PA	630	115	C	0	0	115	35
A_PA	631	90	A	0	0	90	35
A_PA	632	101	T	0	0	101	35
A_PA	633	87	G	0	0	87	35
A_PA	634	110	C	0	0	110	35
A_PA	635	101	G	0	0	101	35
A_PA	636	90	C	0	0	90	35
A_PA	637	98	A	0	0	98	35
A_PA	638	102	G	0	0	102	35
A_PA	639	102	G	0	0	102	35
A_PA	640	97	C	0	0	97	35
A_PA	641	87	T	0	0	87	35
A_PA	642	96	T	0	0	96	35
A_PA	643	92	G	0	0	92	35
A_PA	644	113	C	0	0	113	35
A_PA	645	91	C	0	0	91	35
A_PA	646	106	G	0	0	106	35
A_PA	647	95	A	0	0	95	35
A_PA	648	95	C	0	0	95	35
A_PA	649	96	C	0	0	96	35
A_PA	650	94	A	0	0	94	35
A_PA	651	91	A	0	0	91	35
A_PA	652	115	A	0	0	115	35
A_PA	653	109	G	0	0	109	35
A_PA	654	104	T	0	0	104	35
A_PA	655	101	C	0	0	101	35
A_PA	656	100	T	0	0	100	35
A_PA	657	102	T	0	0	102	35
A_PA	658	111	C	0	0	111	35
A_PA	659	109	C	0	0	109	35
A_PA	660	105	A	0	0	105	35
A_PA	661	85	C	0	0	85	35
A_PA	662	88	C	0	0	88	35
A_PA	663	106	G	0	0	106	35
A_PA	664	96	A	0	0	96	35
A_PA	665	99	A	0	0	99	35
A_PA	666	92	C	0	0	92	35
A_PA	667	113	T	0	0	113	35
A_PA	668	105	T	0	0	105	35
A_PA	669	104	C	0	0	104	35
A_PA	670	114	T	0	0	114	35
A_PA	671	104	C	0	0	104	35
A_PA	672	92	C	0	0	92	35
A_PA	673	115	A	0	0	115	35
A_PA	674	86	G	0	0	86	35
A_PA	675	106	C	0	0	106	35
A_PA	676	113	C	0	0	113	35
A_PA	677	95	T	0	0	95	35
A_PA	678	97	T	0	0	97	35
A_PA	679	114	G	0	0	114	35
A_PA	680	110	A	0	0	110	35
A_PA	681	115	A	0	0	115	35
A_PA	682	88	A	0	0	88	35
A_PA	683	97	A	0	0	97	35
A_PA	684	93	C	0	0	93	35
A_PA	685	102	T	0	0	102	35
A_PA	686	108	T	0	0	108	35
A_PA	687	94	T	0	0	94	35
A_PA	688	85	A	0	0	85	35
A_PA	689	114	G	0	0	114	35
A_PA	690	101	A	0	0	101	35
A_PA	691	111	G	0	0	111	35
A_PA	692	109	C	0	0	109	35
A_PA	693	96	C	0	0	96	35
A_PA	694	101	T	0	0	101	35
A_PA	695	110	A	0	0	110	35
A_PA	696	101	T	0	0	101	35
A_PA	697	99	G	0	0	99	35
A_PA	698	100	T	0	0	100	35
A_PA	699	86	G	0	0	86	35
A_PA	700	94	G	0	0	94	35
A_PA	701	113	A	0	0	113	35
A_PA	702	105	T	0	0	105	35
A_PA	703	91	G	0	0	91	35
A_PA	704	95	G	0	0	95	35
A_PA	705	101	A	0	0	101	35
A_PA	706	87	T	0	0	87	35
A_PA	707	115	T	0	0	115	35
A_PA	708	88	C	0	0	88	35
A_PA	709	90	G	0	0	90	35
A_PA	710	115	A	0	0	115	35
A_PA	711	109	A	0	0	109	35
A_PA	712	102	C	0	0	102	35
A_PA	713	102	C	0	0	102	35
A_PA	714	85	G	0	0	85	35
A_PA	715	105	A	0	0	105	35
A_PA	716	87	A	0	0	87	35
A_PA	717	91	C	0	0	91	35
A_PA	718	106	G	0	0	106	35
A_PA	719	105	G	0	0	105	35
A_PA	720	109	C	0	0	109	35
A_PA	721	91	T	0	0	91	35
A_PA	722	112	G	0	0	112	35
A_PA	723	106	C	0	0	106	35
A_PA	724	98	A	0	0	98	35
A_PA	725	111	T	0	0	111	35
A_PA	726	88	T	0	0	88	35
A_PA	727	91	G	0	0	91	35
A_PA	728	102	A	0	0	102	35
A_PA	729	111	G	0	0	111	35
A_PA	730	107	G	0	0	107	35
A_PA	731	113	G	0	0	113	35
A_PA	732	108	C	0	0	108	35
A_PA	733	109	A	0	0	109	35
A_PA	734	98	A	0	0	98	35
A_PA	735	105	A	0	0	105	35
A_PA	736	111	C	0	0	111	35
A_PA	737	115	T	0	0	115	35
A_PA	738	87	T	0	0	87	35
A_PA	739	108	T	0	0	108	35
A_PA	740	106	C	0	0	106	35
A_PA	741	89	T	0	0	89	35
A_PA	742	85	C	0	0	85	35
A_PA	743	99	A	0	0	99	35
A_PA	744	107	A	0	0	107	35
A_PA	745	95	A	0	0	95	35
A_PA	746	86	T	0	0	86	35
A_PA	747	87	G	0	0	87	35
A_PA	748	87	T	0	0	87	35
A_PA	749	86	C	0	0	86	35
A_PA	750	90	A	0	0	90	35
A_PA	751	110	A	0	0	110	35
A_PA	752	93	A	0	0	93	35
A_PA	753	102	A	0	0	102	35
A_PA	754	87	G	0	0	87	35
A_PA	755	103	A	0	0	103	35
A_PA	756	111	A	0	0	111	35
A_PA	757	92	G	0	0	92	35
A_PA	758	114	T	0	0	114	35
A_PA	759	93	G	0	0	93	35
A_PA	760	98	A	0	0	98	35
A_PA	761	97	A	0	0	97	35
A_PA	762	99	C	0	0	99	35
A_PA	763	105	G	0	0	105	35
A_PA	764	97	C	0	0	97	35
A_PA	765	98	C	0	0	98	35
A_PA	766	95	A	0	0	95	35
A_PA	767	85	G	0	0	85	35
A_PA	768	97	A	0	0	97	35
A_PA	769	106	A	0	0	106	35
A_PA	770	88	T	0	0	88	35
A_PA	771	102	T	0	0	102	35
A_PA	772	85	G	0	0	85	35
A_PA	773	105	A	0	0	105	35
A_PA	774	108	G	0	0	108	35
A_PA	775	104	C	0	0	104	35
A_PA	776	87	C	0	0	87	35
A_PA	777	109	A	0	0	109	35
A_PA	778	108	T	0	0	108	35
A_PA	779	103	T	0	0	103	35
A_PA	780	86	T	0	0	86	35
A_PA	781	107	C	0	0	107	35
A_PA	782	112	T	0	0	112	35
A_PA	783	87	G	0	0	87	35
A_PA	784	96	A	0	0	96	35
A_PA	785	114	A	0	0	114	35
A_PA	786	101	G	0	0	101	35
A_PA	787	88	A	0	0	88	35
A_PA	788	94	C	0	0	94	35
A_PA	789	110	A	0	0	110	35
A_PA	790	106	A	0	0	106	35
A_PA	791	94	C	0	0	94	35
A_PA	792	104	A	0	0	104	35
A_PA	793	87	C	0	0	87	35
A_PA	794	94	C	0	0	94	35
A_PA	795	109	A	0	0	109	35
A_PA	796	114	C	0	0	114	35
A_PA	797	99	G	0	0	99	35
A_PA	798	97	C	0	0	97	35
A_PA	799	97	C	0	0	97	35
A_PA	800	111	C	0	0	111	35
A_PA	801	106	T	0	0	106	35
A_PA	802	85	C	0	0	85	35
A_PA	803	100	T	0	0	100	35
A_PA	804	90	C	0	0	90	35
A_PA	805	102	A	0	0	102	35
A_PA	806	92	G	0	0	92	35
A_PA	807	89	A	0	0	89	35
A_PA	808	108	T	0	0	108	35
A_PA	809	97	T	0	0	97	35
A_PA	810	110	A	0	0	110	35
A_PA	811	110	C	0	0	110	35
A_PA	812	112	C	0	0	112	35
A_PA	813	102	T	0	0	102	35
A_PA	814	94	G	0	0	94	35
A_PA	815	115	A	0	0	115	35
A_PA	816	105	T	0	0	105	35
A_PA	817	89	G	0	0	89	35
A_PA	818	94	G	0	0	94	35
A_PA	819	106	G	0	0	106	35
A_PA	820	113	C	0	0	113	35
A_PA	821	114	C	0	0	114	35
A_PA	822	115	T	0	0	115	35
A_PA	823	110	C	0	0	110	35
A_PA	824	112	C	0	0	112	35
A_PA	825	108	C	0	0	108	35
A_PA	826	105	T	0	0	105	35
A_PA	827	96	G	0	0	96	35
A_PA	828	115	T	0	0	115	35
A_PA	829	115	T	0	0	115	35
A_PA	830	85	C	0	0	85	35
A_PA	831	102	T	0	0	102	35
A_PA	832	112	C	0	0	112	35
A_PA	833	102	A	0	0	102	35
A_PA	834	89	G	0	0	89	35
A_PA	835	88	C	0	0	88	35
A_PA	836	86	G	0	0	86	35
A_PA	837	85	G	0	0	85	35
A_PA	838	103	T	0	0	103	35
A_PA	839	104	C	0	0	104	35
A_PA	840	97	G	0	0	97	35
A_PA	841	102	A	0	0	102	35
A_PA	842	102	A	0	0	102	35
A_PA	843	115	G	0	0	115	35
A_PA	844	87	T	0	0	87	35
A_PA	845	94	T	0	0	94	35
A_PA	846	91	C	0	0	91	35
A_PA	847	108	T	0	0	108	35
A_PA	848	108	T	0	0	108	35
A_PA	849	113	G	0	0	113	35
A_PA	850	108	C	0	0	108	35
A_PA	851	96	T	0	0	96	35
A_PA	852	91	G	0	0	91	35
A_PA	853	98	A	0	0	98	35
A_PA	854	113	T	0	0	113	35
A_PA	855	105	G	0	0	105	35
A_PA	856	112	G	0	0	112	35
A_PA	857	101	A	0	0	101	35
A_PA	858	89	T	0	0	89	35
A_PA	859	90	G	0	0	90	35
A_PA	860	90	C	0	0	90	35
A_PA	861	92	C	0	0	92	35
A_PA	862	104	C	0	0	104	35
A_PA	863	111	T	0	0	111	35
A_PA	864	93	T	0	0	93	35
A_PA	865	91	A	0	0	91	35
A_PA	866	88	A	0	0	88	35
A_PA	867	90	G	0	0	90	35
A_PA	868	106	T	0	0	106	35
A_PA	869	110	T	0	0	110	35
A_PA	870	103	G	0	0	103	35
A_PA	871	112	A	0	0	112	35
A_PA	872	86	G	0	0	86	35
A_PA	873	112	C	0	0	112	35
A_PA	874	109	A	0	0	109	35
A_PA	875	114	T	0	0	114	35
A_PA	876	102	C	0	0	102	35
A_PA	877	99	G	0	0	99	35
A_PA	878	105	A	0	0	105	35
A_PA	879	102	A	0	0	102	35
A_PA	880	87	G	0	0	87	35
A_PA	881	94	A	0	0	94	35
A_PA	882	106	C	0	0	106	35
A_PA	883	87	C	0	0	87	35
A_PA	884	93	C	0	0	93	35
A_PA	885	88	T	0	0	88	35
A_PA	886	91	A	0	0	91	35
A_PA	887	108	G	0	0	108	35
A_PA	888	103	C	0	0	103	35
A_PA	889	100	C	0	0	100	35
A_PA	890	115	A	0	0	115	35
A_PA	891	95	T	0	0	95	35
A_PA	892	96	G	0	0	96	35
A_PA	893	89	A	0	0	89	35
A_PA	894	106	G	0	0	106	35
A_PA	895	105	G	0	0	105	35
A_PA	896	92	G	0	0	92	35
A_PA	897	88	G	0	0	88	35
A_PA	898	94	G	0	0	94	35
A_PA	899	104	A	0	0	104	35
A_PA	900	87	G	0	0	87	35
A_PA	901	113	G	0	0	113	35
A_PA	902	91	G	0	0	91	35
A_PA	903	95	C	0	0	95	35
A_PA	904	100	A	0	0	100	35
A_PA	905	99	T	0	0	99	35
A_PA	906	95	A	0	0	95	35
A_PA	907	104	C	0	0	104	35
A_PA	908	106	C	0	0	106	35
A_PA	909	94	G	0	0	94	35
A_PA	910	107	C	0	0	107	35
A_PA	911	103	T	0	0	103	35
A_PA	912	89	G	0	0	89	35
A_PA	913	103	T	0	0	103	35
A_PA	914	103	A	0	0	103	35
A_PA	915	96	T	0	0	96	35
A_PA	916	110	G	0	0	110	35
A_PA	917	95	A	0	0	95	35
A_PA	918	115	T	0	0	115	35
A_PA	919	98	G	0	0	98	35
A_PA	920	90	C	0	0	90	35
A_PA	921	85	A	0	0	85	35
A_PA	922	95	A	0	0	95	35
A_PA	923	92	T	0	0	92	35
A_PA	924	110	C	0	0	110	35
A_PA	925	92	A	0	0	92	35
A_PA	926	107	A	0	0	107	35
A_PA	927	108	A	0	0	108	35
A_PA	928	105	T	0	0	105	35
A_PA	929	98	G	0	0	98	35
A_PA	930	93	C	0	0	93	35
A_PA	931	111	A	0	0	111	35
A_PA	932	96	T	0	0	96	35
A_PA	933	89	G	0	0	89	35
A_PA	934	106	A	0	0	106	35
A_PA	935	108	A	0	0	108	35
A_PA	936	95	G	0	0	95	35
A_PA	937	113	A	0	0	113	35
A_PA	938	100	C	0	0	100	35
A_PA	939	99	A	0	0	99	35
A_PA	940	99	T	0	0	99	35
A_PA	941	96	T	0	0	96	35
A_PA	942	109	T	0	0	109	35
A_PA	943	94	T	0	0	94	35
A_PA	944	100	T	0	0	100	35
A_PA	945	102	T	0	0	102	35
A_PA	946	88	G	0	0	88	35
A_PA	947	90	G	0	0	90	35
A_PA	948	105	C	0	0	105	35
A_PA	949	104	T	0	0	104	35
A_PA	950	87	G	0	0	87	35
A_PA	951	111	G	0	0	111	35
A_PA	952	93	A	0	0	93	35
A_PA	953	112	A	0	0	112	35
A_PA	954	111	A	0	0	111	35
A_PA	955	89	G	0	0	89	35
A_PA	956	113	A	0	0	113	35
A_PA	957	102	G	0	0	102	35
A_PA	958	91	C	0	0	91	35
A_PA	959	93	C	0	0	93	35
A_PA	960	108	C	0	0	108	35
A_PA	961	113	A	0	0	113	35
A_PA	962	105	A	0	0	105	35
A_PA	963	87	C	0	0	87	35
A_PA	964	108	A	0	0	108	35
A_PA	965	87	T	0	0	87	35
A_PA	966	113	C	0	0	113	35
A_PA	967	85	G	0	0	85	35
A_PA	968	112	T	0	0	112	35
A_PA	969	101	A	0	0	101	35
A_PA	970	105	A	0	0	105	35
A_PA	971	85	A	0	0	85	35
A_PA	972	111	G	0	0	111	35
A_PA	973	103	C	0	0	103	35
A_PA	974	103	C	0	0	103	35
A_PA	975	97	G	0	0	97	35
A_PA	976	109	C	0	0	109	35
A_PA	977	103	A	0	0	103	35
A_PA	978	91	T	0	0	91	35
A_PA	979	114	G	0	0	114	35
A_PA	980	86	A	0	0	86	35
A_PA	981	102	G	0	0	102	35
A_PA	982	93	A	0	0	93	35
A_PA	983	102	A	0	0	102	35
A_PA	984	113	A	0	0	113	35
A_PA	985	102	G	0	0	102	35
A_PA	986	100	G	0	0	100	35
A_PA	987	105	C	0	0	105	35
A_PA	988	109	A	0	0	109	35
A_PA	989	89	T	0	0	89	35
A_PA	990	96	A	0	0	96	35
A_PA	991	97	A	0	0	97	35
A_PA	992	92	A	0	0	92	35
A_PA	993	113	C	0	0	113	35
A_PA	994	109	C	0	0	109	35
A_PA	995	103	C	0	0	103	35
A_PA	996	108	T	0	0	108	35
A_PA	997	112	A	0	0	112	35
A_PA	998	94	A	0	0	94	35
A_PA	999	89	T	0	0	89	35
A_PA	1000	99	T	0	0	99	35
A_PA	1001	101	A	0	0	101	35
A_PA	1002	101	C	0	0	101	35
A_PA	1003	87	C	0	0	87	35
A_PA	1004	97	T	0	0	97	35
A_PA	1005	96	C	0	0	96	35
A_PA	1006	101	C	0	0	101	35
A_PA	1007	85	T	0	0	85	35
A_PA	1008	106	G	0	0	106	35
A_PA	1009	92	G	0	0	92	35
A_PA	1010	112	C	0	0	112	35
A_PA	1011	115	T	0	0	115	35
A_PA	1012	110	T	0	0	110	35
A_PA	1013	104	G	0	0	104	35
A_PA	1014	106	G	0	0	106	35
A_PA	1015	90	A	0	0	90	35
A_PA	1016	109	A	0	0	109	35
A_PA	1017	101	G	0	0	101	35
A_PA	1018	89	C	0	0	89	35
A_PA	1019	99	A	0	0	99	35
A_PA	1020	90	G	0	0	90	35
A_PA	1021	90	G	0	0	90	35
A_PA	1022	103	T	0	0	103	35
A_PA	1023	115	G	0	0	115	35
A_PA	1024	103	C	0	0	103	35
A_PA	1025	106	T	0	0	106	35
A_PA	1026	112	G	0	0	112	35
A_PA	1027	115	G	0	0	115	35
A_PA	1028	89	C	0	0	89	35
A_PA	1029	108	A	0	0	108	35
A_PA	1030	108	G	0	0	108	35
A_PA	1031	100	A	0	0	100	35
A_PA	1032	115	A	0	0	115	35
A_PA	1033	96	C	0	0	96	35
A_PA	1034	86	T	0	0	86	35
A_PA	1035	92	T	0	0	92	35
A_PA	1036	109	C	0	0	109	35
A_PA	1037	100	A	0	0	100	35
A_PA	1038	92	A	0	0	92	35
A_PA	1039	87	G	0	0	87	35
A_PA	1040	93	A	0	0	93	35
A_PA	1041	96	C	0	0	96	35
A_PA	1042	92	A	0	0	92	35
A_PA	1043	86	T	0	0	86	35
A_PA	1044	106	T	0	0	106	35
A_PA	1045	91	G	0	0	91	35
A_PA	1046	101	A	0	0	101	35
A_PA	1047	114	A	0	0	114	35
A_PA	1048	110	A	0	0	110	35
A_PA	1049	96	A	0	0	96	35
A_PA	1050	97	T	0	0	97	35
A_PA	1051	100	G	0	0	100	35
A_PA	1052	114	A	0	0	114	35
A_PA	1053	99	G	0	0	99	35
A_PA	1054	113	G	0	0	113	35
A_PA	1055	86	A	0	0	86	35
A_PA	1056	86	G	0	0	86	35
A_PA	1057	105	A	0	0	105	35
A_PA	1058	95	A	0	0	95	35
A_PA	1059	88	A	0	0	88	35
A_PA	1060	107	A	0	0	107	35
A_PA	1061	115	T	0	0	115	35
A_PA	1062	101	T	0	0	101	35
A_PA	1063	105	C	0	0	105	35
A_PA	1064	111	C	0	0	111	35
A_PA	1065	93	A	0	0	93	35
A_PA	1066	111	A	0	0	111	35
A_PA	1067	108	A	0	0	108	35
A_PA	1068	93	A	0	0	93	35
A_PA	1069	103	A	0	0	103	35
A_PA	1070	102	C	0	0	102	35
A_PA	1071	103	A	0	0	103	35
A_PA	1072	90	A	0	0	90	35
A_PA	1073	97	A	0	0	97	35
A_PA	1074	105	G	0	0	105	35
A_PA	1075	97	A	0	0	97	35
A_PA	1076	96	A	0	0	96	35
A_PA	1077	103	C	0	0	103	35
A_PA	1078	105	A	0	0	105	35
A_PA	1079	113	T	0	0	113	35
A_PA	1080	111	G	0	0	111	35
A_PA	1081	87	A	0	0	87	35
A_PA	1082	101	A	0	0	101	35
A_PA	1083	93	G	0	0	93	35
A_PA	1084	97	A	0	0	97	35
A_PA	1085	114	A	0	0	114	35
A_PA	1086	92	A	0	0	92	35
A_PA	1087	101	A	0	0	101	35
A_PA	1088	97	C	0	0	97	35
A_PA	1089	96	A	0	0	96	35
A_PA	1090	111	A	0	0	111	35
A_PA	1091	112	G	0	0	112	35
A_PA	1092	96	C	0	0	96	35
A_PA	1093	100	C	0	0	100	35
A_PA	1094	110	A	0	0	110	35
A_PA	1095	100	A	0	0	100	35
A_PA	1096	113	T	0	0	113	35
A_PA	1097	104	T	0	0	104	35
A_PA	1098	85	G	0	0	85	35
A_PA	1099	101	A	0	0	101	35
A_PA	1100	113	A	0	0	113	35
A_PA	1101	89	G	0	0	89	35
A_PA	1102	99	T	0	0	99	35
A_PA	1103	90	G	0	0	90	35
A_PA	1104	92	G	0	0	92	35
A_PA	1105	87	G	0	0	87	35
A_PA	1106	101	C	0	0	101	35
A_PA	1107	105	A	0	0	105	35
A_PA	1108	93	C	0	0	93	35
A_PA	1109	91	T	0	0	91	35
A_PA	1110	89	T	0	0	89	35
A_PA	1111	90	G	0	0	90	35
A_PA	1112	90	G	0	0	90	35
A_PA	1113	96	T	0	0	96	35
A_PA	1114	104	G	0	0	104	35
A_PA	1115	107	A	0	0	107	35
A_PA	1116	111	G	0	0	111	35
A_PA	1117	88	A	0	0	88	35
A_PA	1118	106	A	0	0	106	35
A_PA	1119	92	C	0	0	92	35
A_PA	1120	98	A	0	0	98	35
A_PA	1121	110	T	0	0	110	35
A_PA	1122	95	G	0	0	95	35
A_PA	1123	108	G	0	0	108	35
A_PA	1124	88	C	0	0	88	35
A_PA	1125	100	T	0	0	100	35
A_PA	1126	106	C	0	0	106	35
A_PA	1127	100	C	0	0	100	35
A_PA	1128	100	A	0	0	100	35
A_PA	1129	91	G	0	0	91	35
A_PA	1130	103	A	0	0	103	35
A_PA	1131	90	A	0	0	90	35
A_PA	1132	105	A	0	0	105	35
A_PA	1133	111	A	0	0	111	35
A_PA	1134	98	A	0	0	98	35
A_PA	1135	85	G	0	0	85	35
A_PA	1136	92	T	0	0	92	35
A_PA	1137	86	G	0	0	86	35
A_PA	1138	89	G	0	0	89	35
A_PA	1139	103	A	0	0	103	35
A_PA	1140	103	C	0	0	103	35
A_PA	1141	90	T	0	0	90	35
A_PA	1142	89	T	0	0	89	35
A_PA	1143	105	T	0	0	105	35
A_PA	1144	101	G	0	0	101	35
A_PA	1145	86	A	0	0	86	35
A_PA	1146	113	G	0	0	113	35
A_PA	1147	103	G	0	0	103	35
A_PA	1148	89	A	0	0	89	35
A_PA	1149	86	C	0	0	86	35
A_PA	1150	90	T	0	0	90	35
A_PA	1151	93	G	0	0	93	35
A_PA	1152	114	C	0	0	114	35
A_PA	1153	90	A	0	0	90	35
A_PA	1154	101	A	0	0	101	35
A_PA	1155	115	A	0	0	115	35
A_PA	1156	97	G	0	0	97	35
A_PA	1157	104	A	0	0	104	35
A_PA	1158	103	T	0	0	103	35
A_PA	1159	105	G	0	0	105	35
A_PA	1160	85	T	0	0	85	35
A_PA	1161	113	T	0	0	113	35
A_PA	1162	108	A	0	0	108	35
A_PA	1163	108	G	0	0	108	35
A_PA	1164	106	C	0	0	106	35
A_PA	1165	111	G	0	0	111	35
A_PA	1166	94	A	0	0	94	35
A_PA	1167	115	T	0	0	115	35
A_PA	1168	87	C	0	0	87	35
A_PA	1169	91	T	0	0	91	35
A_PA	1170	99	A	0	0	99	35
A_PA	1171	104	A	0	0	104	35
A_PA	1172	100	G	0	0	100	35
A_PA	1173	112	A	0	0	112	35
A_PA	1174	100	C	0	0	100	35
A_PA	1175	90	A	0	0	90	35
A_PA	1176	92	G	0	0	92	35
A_PA	1177	111	T	0	0	111	35
A_PA	1178	98	A	0	0	98	35
A_PA	1179	104	C	0	0	104	35
A_PA	1180	89	G	0	0	89	35
A_PA	1181	110	A	0	0	110	35
A_PA	1182	103	C	0	0	103	35
A_PA	1183	111	A	0	0	111	35
A_PA	1184	109	G	0	0	109	35
A_PA	1185	90	T	0	0	90	35
A_PA	1186	104	G	0	0	104	35
A_PA	1187	106	A	0	0	106	35
A_PA	1188	101	C	0	0	101	35
A_PA	1189	93	G	0	0	93	35
A_PA	1190	90	A	0	0	90	35
A_PA	1191	108	A	0	0	108	35
A_PA	1192	106	C	0	0	106	35
A_PA	1193	95	C	0	0	95	35
A_PA	1194	114	A	0	0	114	35
A_PA	1195	99	G	0	0	99	35
A_PA	1196	104	A	0	0	104	35
A_PA	1197	103	G	0	0	103	35
A_PA	1198	87	T	0	0	87	35
A_PA	1199	92	C	0	0	92	35
A_PA	1200	97	T	0	0	97	35
A_PA	1201	97	A	0	0	97	35
A_PA	1202	89	G	0	0	89	35
A_PA	1203	88	A	0	0	88	35
A_PA	1204	85	T	0	0	85	35
A_PA	1205	91	C	0	0	91	35
A_PA	1206	101	A	0	0	101	35
A_PA	1207	112	C	0	0	112	35
A_PA	1208	114	T	0	0	114	35
A_PA	1209	101	A	0	0	101	35
A_PA	1210	106	G	0	0	106	35
A_PA	1211	98	C	0	0	98	35
A_PA	1212	111	A	0	0	111	35
A_PA	1213	89	A	0	0	89	35
A_PA	1214	104	G	0	0	104	35
A_PA	1215	88	C	0	0	88	35
A_PA	1216	90	T	0	0	90	35
A_PA	1217	100	G	0	0	100	35
A_PA	1218	113	G	0	0	113	35
A_PA	1219	104	A	0	0	104	35
A_PA	1220	104	T	0	0	104	35
A_PA	1221	86	T	0	0	86	35
A_PA	1222	113	C	0	0	113	35
A_PA	1223	110	A	0	0	110	35
A_PA	1224	102	G	0	0	102	35
A_PA	1225	101	A	0	0	101	35
A_PA	1226	109	G	0	0	109	35
A_PA	1227	88	T	0	0	88	35
A_PA	1228	87	G	0	0	87	35
A_PA	1229	100	A	0	0	100	35
A_PA	1230	106	A	0	0	106	35
A_PA	1231	89	T	0	0	89	35
A_PA	1232	113	T	0	0	113	35
A_PA	1233	104	C	0	0	104	35
A_PA	1234	102	A	0	0	102	35
A_PA	1235	111	A	0	0	111	35
A_PA	1236	85	C	0	0	85	35
A_PA	1237	113	A	0	0	113	35
A_PA	1238	115	A	0	0	115	35
A_PA	1239	109	G	0	0	109	35
A_PA	1240	106	G	0	0	106	35
A_PA	1241	105	C	0	0	105	35
A_PA	1242	98	A	0	0	98	35
A_PA	1243	101	T	0	0	101	35
A_PA	1244	98	G	0	0	98	35
A_PA	1245	96	C	0	0	96	35
A_PA	1246	112	G	0	0	112	35
A_PA	1247	86	A	0	0	86	35
A_PA	1248	107	A	0	0	107	35
A_PA	1249	101	C	0	0	101	35
A_PA	1250	98	T	0	0	98	35
A_PA	1251	92	G	0	0	92	35
A_PA	1252	115	A	0	0	115	35
A_PA	1253	110	C	0	0	110	35
A_PA	1254	100	A	0	0	100	35
A_PA	1255	110	G	0	0	110	35
A_PA	1256	109	A	0	0	109	35
A_PA	1257	97	T	0	0	97	35
A_PA	1258	96	T	0	0	96	35
A_PA	1259	103	C	0	0	103	35
A_PA	1260	110	G	0	0	110	35
A_PA	1261	108	A	0	0	108	35
A_PA	1262	114	G	0	0	114	35
A_PA	1263	109	T	0	0	109	35
A_PA	1264	111	T	0	0	111	35
A_PA	1265	107	G	0	0	107	35
A_PA	1266	103	G	0	0	103	35
A_PA	1267	88	A	0	0	88	35
A_PA	1268	98	T	0	0	98	35
A_PA	1269	89	T	0	0	89	35
A_PA	1270	93	G	0	0	93	35
A_PA	1271	100	A	0	0	100	35
A_PA	1272	109	A	0	0	109	35
A_PA	1273	92	C	0	0	92	35
A_PA	1274	114	T	0	0	114	35
A_PA	1275	112	T	0	0	112	35
A_PA	1276	87	G	0	0	87	35
A_PA	1277	94	A	0	0	94	35
A_PA	1278	104	T	0	0	104	35
A_PA	1279	113	G	0	0	113	35
A_PA	1280	102	A	0	0	102	35
A_PA	1281	98	G	0	0	98	35
A_PA	1282	93	A	0	0	93	35
A_PA	1283	91	T	0	0	91	35
A_PA	1284	85	A	0	0	85	35
A_PA	1285	107	G	0	0	107	35
A_PA	1286	108	G	0	0	108	35
A_PA	1287	110	G	0	0	110	35
A_PA	1288	85	G	0	0	85	35
A_PA	1289	103	A	0	0	103	35
A_PA	1290	101	A	0	0	101	35
A_PA	1291	88	G	0	0	88	35
A_PA	1292	101	A	0	0	101	35
A_PA	1293	85	C	0	0	85	35
A_PA	1294	97	G	0	0	97	35
A_PA	1295	105	T	0	0	105	35
A_PA	1296	91	T	0	0	91	35
A_PA	1297	107	G	0	0	107	35
A_PA	1298	110	C	0	0	110	35
A_PA	1299	95	T	0	0	95	35
A_PA	1300	98	C	0	0	98	35
A_PA	1301	96	C	0	0	96	35
A_PA	1302	88	A	0	0	88	35
A_PA	1303	89	A	0	0	89	35
A_PA	1304	98	T	0	0	98	35
A_PA	1305	105	C	0	0	105	35
A_PA	1306	103	G	0	0	103	35
A_PA	1307	93	A	0	0	93	35
A_PA	1308	93	A	0	0	93	35
A_PA	1309	112	C	0	0	112	35
A_PA	1310	102	A	0	0	102	35
A_PA	1311	98	C	0	0	98	35
A_PA	1312	103	A	0	0	103	35
A_PA	1313	96	T	0	0	96	35
A_PA	1314	104	T	0	0	104	35
A_PA	1315	93	G	0	0	93	35
A_PA	1316	106	C	0	0	106	35
A_PA	1317	97	G	0	0	97	35
A_PA	1318	109	A	0	0	109	35
A_PA	1319	91	G	0	0	91	35
A_PA	1320	98	T	0	0	98	35
A_PA	1321	102	G	0	0	102	35
A_PA	1322	110	T	0	0	110	35
A_PA	1323	102	G	0	0	102	35
A_PA	1324	100	A	0	0	100	35
A_PA	1325	90	G	0	0	90	35
A_PA	1326	96	G	0	0	96	35
A_PA	1327	102	A	0	0	102	35
A_PA	1328	102	G	0	0	102	35
A_PA	1329	100	G	0	0	100	35
A_PA	1330	93	A	0	0	93	35
A_PA	1331	94	A	0	0	94	35
A_PA	1332	103	C	0	0	103	35
A_PA	1333	96	T	0	0	96	35
A_PA	1334	109	A	0	0	109	35
A_PA	1335	107	T	0	0	107	35
A_PA	1336	97	T	0	0	97	35
A_PA	1337	108	T	0	0	108	35
A_PA	1338	89	C	0	0	89	35
A_PA	1339	112	A	0	0	112	35
A_PA	1340	112	C	0	0	112	35
A_PA	1341	106	A	0	0	106	35
A_PA	1342	88	G	0	0	88	35
A_PA	1343	108	C	0	0	108	35
A_PA	1344	92	G	0	0	92	35
A_PA	1345	99	G	0	0	99	35
A_PA	1346	110	A	0	0	110	35
A_PA	1347	107	G	0	0	107	35
A_PA	1348	115	G	0	0	115	35
A_PA	1349	90	T	0	0	90	35
A_PA	1350	88	A	0	0	88	35
A_PA	1351	91	T	0	0	91	35
A_PA	1352	101	C	0	0	101	35
A_PA	1353	97	C	0	0	97	35
A_PA	1354	110	C	0	0	110	35
A_PA	1355	95	A	0	0	95	35
A_PA	1356	110	T	0	0	110	35
A_PA	1357	102	T	0	0	102	35
A_PA	1358	104	G	0	0	104	35
A_PA	1359	107	C	0	0	107	35
A_PA	1360	106	A	0	0	106	35
A_PA	1361	107	G	0	0	107	35
A_PA	1362	86	G	0	0	86	35
A_PA	1363	90	G	0	0	90	35
A_PA	1364	97	C	0	0	97	35
A_PA	1365	115	C	0	0	115	35
A_PA	1366	105	A	0	0	105	35
A_PA	1367	85	C	0	0	85	35
A_PA	1368	110	T	0	0	110	35
A_PA	1369	87	G	0	0	87	35
A_PA	1370	111	A	0	0	111	35
A_PA	1371	89	A	0	0	89	35
A_PA	1372	100	T	0	0	100	35
A_PA	1373	114	A	0	0	114	35
A_PA	1374	104	C	0	0	104	35
A_PA	1375	98	A	0	0	98	35
A_PA	1376	87	T	0	0	87	35
A_PA	1377	87	A	0	0	87	35
A_PA	1378	93	A	0	0	93	35
A_PA	1379	92	T	0	0	92	35
A_PA	1380	96	G	0	0	96	35
A_PA	1381	87	A	0	0	87	35
A_PA	1382	104	A	0	0	104	35
A_PA	1383	86	G	0	0	86	35
A_PA	1384	108	G	0	0	108	35
A_PA	1385	97	G	0	0	97	35
A_PA	1386	114	A	0	0	114	35
A_PA	1387	97	G	0	0	97	35
A_PA	1388	104	T	0	0	104	35
A_PA	1389	105	A	0	0	105	35
A_PA	1390	101	T	0	0	101	35
A_PA	1391	94	A	0	0	94	35
A_PA	1392	107	C	0	0	107	35
A_PA	1393	115	A	0	0	115	35
A_PA	1394	104	T	0	0	104	35
A_PA	1395	86	A	0	0	86	35
A_PA	1396	115	A	0	0	115	35
A_PA	1397	109	A	0	0	109	35
A_PA	1398	111	C	0	0	111	35
A_PA	1399	90	A	0	0	90	35
A_PA	1400	105	C	0	0	105	35
A_PA	1401	100	A	0	0	100	35
A_PA	1402	99	G	0	0	99	35
A_PA	1403	85	C	0	0	85	35
A_PA	1404	91	C	0	0	91	35
A_PA	1405	112	C	0	0	112	35
A_PA	1406	106	T	0	0	106	35
A_PA	1407	114	A	0	0	114	35
A_PA	1408	110	T	0	0	110	35
A_PA	1409	101	T	0	0	101	35
A_PA	1410	94	G	0	0	94	35
A_PA	1411	91	A	0	0	91	35
A_PA	1412	86	A	0	0	86	35
A_PA	1413	110	T	0	0	110	35
A_PA	1414	104	G	0	0	104	35
A_PA	1415	101	C	0	0	101	35
A_PA	1416	101	A	0	0	101	35
A_PA	1417	107	T	0	0	107	35
A_PA	1418	92	C	0	0	92	35
A_PA	1419	104	C	0	0	104	35
A_PA	1420	90	T	0	0	90	35
A_PA	1421	106	G	0	0	106	35
A_PA	1422	86	T	0	0	86	35
A_PA	1423	96	G	0	0	96	35
A_PA	1424	92	C	0	0	92	35
A_PA	1425	105	A	0	0	105	35
A_PA	1426	85	G	0	0	85	35
A_PA	1427	90	C	0	0	90	35
A_PA	1428	87	C	0	0	87	35
A_PA	1429	93	A	0	0	93	35
A_PA	1430	109	T	0	0	109	35
A_PA	1431	97	G	0	0	97	35
A_PA	1432	96	G	0	0	96	35
A_PA	1433	106	A	0	0	106	35
A_PA	1434	97	T	0	0	97	35
A_PA	1435	97	G	0	0	97	35
A_PA	1436	103	A	0	0	103	35
A_PA	1437	91	C	0	0	91	35
A_PA	1438	101	T	0	0	101	35
A_PA	1439	85	T	0	0	85	35
A_PA	1440	108	C	0	0	108	35
A_PA	1441	107	C	0	0	107	35
A_PA	1442	87	A	0	0	87	35
A_PA	1443	114	A	0	0	114	35
A_PA	1444	87	T	0	0	87	35
A_PA	1445	102	T	0	0	102	35
A_PA	1446	94	G	0	0	94	35
A_PA	1447	108	A	0	0	108	35
A_PA	1448	111	T	0	0	111	35
A_PA	1449	102	T	0	0	102	35
A_PA	1450	114	C	0	0	114	35
A_PA	1451	103	C	0	0	103	35
A_PA	1452	96	A	0	0	96	35
A_PA	1453	96	A	0	0	96	35
A_PA	1454	115	T	0	0	115	35
A_PA	1455	111	G	0	0	111	35
A_PA	1456	93	A	0	0	93	35
A_PA	1457	92	T	0	0	92	35
A_PA	1458	104	A	0	0	104	35
A_PA	1459	115	A	0	0	115	35
A_PA	1460	91	G	0	0	91	35
A_PA	1461	99	T	0	0	99	35
A_PA	1462	114	A	0	0	114	35
A_PA	1463	97	A	0	0	97	35
A_PA	1464	103	G	0	0	103	35
A_PA	1465	85	T	0	0	85	35
A_PA	1466	93	G	0	0	93	35
A_PA	1467	90	C	0	0	90	35
A_PA	1468	98	A	0	0	98	35
A_PA	1469	101	G	0	0	101	35
A_PA	1470	88	A	0	0	88	35
A_PA	1471	102	A	0	0	102	35
A_PA	1472	87	C	0	0	87	35
A_PA	1473	101	T	0	0	101	35
A_PA	1474	94	A	0	0	94	35
A_PA	1475	95	A	0	0	95	35
A_PA	1476	115	A	0	0	115	35
A_PA	1477	88	G	0	0	88	35
A_PA	1478	110	A	0	0	110	35
A_PA	1479	101	A	0	0	101	35
A_PA	1480	115	G	0	0	115	35
A_PA	1481	93	G	0	0	93	35
A_PA	1482	113	A	0	0	113	35
A_PA	1483	102	A	0	0	102	35
A_PA	1484	111	G	0	0	111	35
A_PA	1485	110	A	0	0	110	35
A_PA	1486	103	C	0	0	103	35
A_PA	1487	93	G	0	0	93	35
A_PA	1488	107	G	0	0	107	35
A_PA	1489	99	A	0	0	99	35
A_PA	1490	115	A	0	0	115	35
A_PA	1491	97	G	0	0	97	35
A_PA	1492	103	A	0	0	103	35
A_PA	1493	100	C	0	0	100	35
A_PA	1494	109	A	0	0	109	35
A_PA	1495	92	A	0	0	92	35
A_PA	1496	109	A	0	0	109	35
A_PA	1497	95	T	0	0	95	35
A_PA	1498	115	C	0	0	115	35
A_PA	1499	109	T	0	0	109	35
A_PA	1500	99	G	0	0	99	35
A_PA	1501	106	T	0	0	106	35
A_PA	1502	99	A	0	0	99	35
A_PA	1503	113	T	0	0	113	35
A_PA	1504	103	G	0	0	103	35
A_PA	1505	112	G	0	0	112	35
A_PA	1506	85	A	0	0	85	35
A_PA	1507	100	T	0	0	100	35
A_PA	1508	88	T	0	0	88	35
A_PA	1509	93	C	0	0	93	35
A_PA	1510	87	A	0	0	87	35
A_PA	1511	97	T	0	0	97	35
A_PA	1512	105	T	0	0	105	35
A_PA	1513	110	A	0	0	110	35
A_PA	1514	92	T	0	0	92	35
A_PA	1515	106	A	0	0	106	35
A_PA	1516	107	A	0	0	107	35
A_PA	1517	92	A	0	0	92	35
A_PA	1518	110	A	0	0	110	35
A_PA	1519	95	G	0	0	95	35
A_PA	1520	98	G	0	0	98	35
A_PA	1521	115	A	0	0	115	35
A_PA	1522	96	A	0	0	96	35
A_PA	1523	101	G	0	0	101	35
A_PA	1524	102	A	0	0	102	35
A_PA	1525	85	T	0	0	85	35
A_PA	1526	107	C	0	0	107	35
A_PA	1527	111	C	0	0	111	35
A_PA	1528	93	C	0	0	93	35
A_PA	1529	92	A	0	0	92	35
A_PA	1530	94	T	0	0	94	35
A_PA	1531	87	T	0	0	87	35
A_PA	1532	97	T	0	0	97	35
A_PA	1533	106	G	0	0	106	35
A_PA	1534	108	A	0	0	108	35
A_PA	1535	111	G	0	0	111	35
A_PA	1536	95	G	0	0	95	35
A_PA	1537	87	A	0	0	87	35
A_PA	1538	102	A	0	0	102	35
A_PA	1539	114	T	0	0	114	35
A_PA	1540	90	G	0	0	90	35
A_PA	1541	100	A	0	0	100	35
A_PA	1542	95	C	0	0	95	35
A_PA	1543	96	A	0	0	96	35
A_PA	1544	91	C	0	0	91	35
A_PA	1545	113	C	0	0	113	35
A_PA	1546	103	G	0	0	103	35
A_PA	1547	93	A	0	0	93	35
A_PA	1548	90	T	0	0	90	35
A_PA	1549	115	G	0	0	115	35
A_PA	1550	108	T	0	0	108	35
A_PA	1551	106	G	0	0	106	35
A_PA	1552	114	G	0	0	114	35
A_PA	1553	114	T	0	0	114	35
A_PA	1554	91	A	0	0	91	35
A_PA	1555	100	A	0	0	100	35
A_PA	1556	108	A	0	0	108	35
A_PA	1557	91	C	0	0	91	35
A_PA	1558	92	T	0	0	92	35
A_PA	1559	108	T	0	0	108	35
A_PA	1560	92	T	0	0	92	35
A_PA	1561	112	G	0	0	112	35
A_PA	1562	93	T	0	0	93	35
A_PA	1563	91	G	0	0	91	35
A_PA	1564	92	A	0	0	92	35
A_PA	1565	91	G	0	0	91	35
A_PA	1566	111	C	0	0	111	35
A_PA	1567	92	A	0	0	92	35
A_PA	1568	111	T	0	0	111	35
A_PA	1569	104	G	0	0	104	35
A_PA	1570	96	G	0	0	96	35
A_PA	1571	89	A	0	0	89	35
A_PA	1572	109	A	0	0	109	35
A_PA	1573	88	T	0	0	88	35
A_PA	1574	88	T	0	0	88	35
A_PA	1575	114	C	0	0	114	35
A_PA	1576	87	T	0	0	87	35
A_PA	1577	106	C	0	0	106	35
A_PA	1578	115	T	0	0	115	35
A_PA	1579	106	C	0	0	106	35
A_PA	1580	100	T	0	0	100	35
A_PA	1581	104	A	0	0	104	35
A_PA	1582	85	A	0	0	85	35
A_PA	1583	109	C	0	0	109	35
A_PA	1584	112	T	0	0	112	35
A_PA	1585	102	G	0	0	102	35
A_PA	1586	115	A	0	0	115	35
A_PA	1587	86	C	0	0	86	35
A_PA	1588	112	C	0	0	112	35
A_PA	1589	100	C	0	0	100	35
A_PA	1590	96	G	0	0	96	35
A_PA	1591	104	A	0	0	104	35
A_PA	1592	95	G	0	0	95	35
A_PA	1593	100	G	0	0	100	35
A_PA	1594	113	C	0	0	113	35
A_PA	1595	113	T	0	0	113	35
A_PA	1596	113	A	0	0	113	35
A_PA	1597	103	G	0	0	103	35
A_PA	1598	112	A	0	0	112	35
A_PA	1599	93	G	0	0	93	35
A_PA	1600	100	C	0	0	100	35
A_PA	1601	90	C	0	0	90	35
A_PA	1602	109	A	0	0	109	35
A_PA	1603	114	C	0	0	114	35
A_PA	1604	101	A	0	0	101	35
A_PA	1605	93	C	0	0	93	35
A_PA	1606	97	G	0	0	97	35
A_PA	1607	92	A	0	0	92	35
A_PA	1608	109	A	0	0	109	35
A_PA	1609	103	T	0	0	103	35
A_PA	1610	89	G	0	0	89	35
A_PA	1611	86	G	0	0	86	35
A_PA	1612	101	G	0	0	101	35
A_PA	1613	110	A	0	0	110	35
A_PA	1614	98	A	0	0	98	35
A_PA	1615	100	A	0	0	100	35
A_PA	1616	115	A	0	0	115	35
A_PA	1617	102	G	0	0	102	35
A_PA	1618	86	T	0	0	86	35
A_PA	1619	101	A	0	0	101	35
A_PA	1620	96	C	0	0	96	35
A_PA	1621	97	T	0	0	97	35
A_PA	1622	112	G	0	0	112	35
A_PA	1623	106	T	0	0	106	35
A_PA	1624	109	G	0	0	109	35
A_PA	1625	90	T	0	0	90	35
A_PA	1626	99	T	0	0	99	35
A_PA	1627	88	C	0	0	88	35
A_PA	1628	107	T	0	0	107	35
A_PA	1629	101	T	0	0	101	35
A_PA	1630	99	G	0	0	99	35
A_PA	1631	95	A	0	0	95	35
A_PA	1632	107	G	0	0	107	35
A_PA	1633	85	A	0	0	85	35
A_PA	1634	85	T	0	0	85	35
A_PA	1635	106	A	0	0	106	35
A_PA	1636	91	G	0	0	91	35
A_PA	1637	97	G	0	0	97	35
A_PA	1638	103	A	0	0	103	35
A_PA	1639	88	G	0	0	88	35
A_PA	1640	95	A	0	0	95	35
A_PA	1641	96	C	0	0	96	35
A_PA	1642	104	A	0	0	104	35
A_PA	1643	112	T	0	0	112	35
A_PA	1644	93	G	0	0	93	35
A_PA	1645	90	C	0	0	90	35
A_PA	1646	102	T	0	0	102	35
A_PA	1647	93	C	0	0	93	35
A_PA	1648	92	C	0	0	92	35
A_PA	1649	93	T	0	0	93	35
A_PA	1650	100	A	0	0	100	35
A_PA	1651	115	C	0	0	115	35
A_PA	1652	104	G	0	0	104	35
A_PA	1653	95	G	0	0	95	35
A_PA	1654	96	A	0	0	96	35
A_PA	1655	90	C	0	0	90	35
A_PA	1656	100	T	0	0	100	35
A_PA	1657	98	G	0	0	98	35
A_PA	1658	91	C	0	0	91	35
A_PA	1659	98	A	0	0	98	35
A_PA	1660	107	A	0	0	107	35
A_PA	1661	109	T	0	0	109	35
A_PA	1662	96	A	0	0	96	35
A_PA	1663	96	G	0	0	96	35
A_PA	1664	112	G	0	0	112	35
A_PA	1665	97	C	0	0	97	35
A_PA	1666	93	C	0	0	93	35
A_PA	1667	99	A	0	0	99	35
A_PA	1668	90	A	0	0	90	35
A_PA	1669	103	G	0	0	103	35
A_PA	1670	89	T	0	0	89	35
A_PA	1671	103	G	0	0	103	35
A_PA	1672	106	T	0	0	106	35
A_PA	1673	92	C	0	0	92	35
A_PA	1674	111	G	0	0	111	35
A_PA	1675	88	A	0	0	88	35
A_PA	1676	108	G	0	0	108	35
A_PA	1677	93	G	0	0	93	35
A_PA	1678	110	C	0	0	110	35
A_PA	1679	92	C	0	0	92	35
A_PA	1680	102	C	0	0	102	35
A_PA	1681	98	A	0	0	98	35
A_PA	1682	112	T	0	0	112	35
A_PA	1683	97	G	0	0	97	35
A_PA	1684	91	T	0	0	91	35
A_PA	1685	89	T	0	0	89	35
A_PA	1686	110	C	0	0	110	35
A_PA	1687	115	C	0	0	115	35
A_PA	1688	108	T	0	0	108	35
A_PA	1689	89	G	0	0	89	35
A_PA	1690	100	T	0	0	100	35
A_PA	1691	110	A	0	0	110	35
A_PA	1692	85	T	0	0	85	35
A_PA	1693	90	G	0	0	90	35
A_PA	1694	98	T	0	0	98	35
A_PA	1695	100	G	0	0	100	35
A_PA	1696	89	A	0	0	89	35
A_PA	1697	113	G	0	0	113	35
A_PA	1698	112	A	0	0	112	35
A_PA	1699	105	A	0	0	105	35
A_PA	1700	101	C	0	0	101	35
A_PA	1701	102	C	0	0	102	35
A_PA	1702	108	A	0	0	108	35
A_PA	1703	95	A	0	0	95	35
A_PA	1704	110	T	0	0	110	35
A_PA	1705	100	G	0	0	100	35
A_PA	1706	94	G	0	0	94	35
A_PA	1707	93	G	0	0	93	35
A_PA	1708	102	A	0	0	102	35
A_PA	1709	112	C	0	0	112	35
A_PA	1710	103	T	0	0	103	35
A_PA	1711	86	T	0	0	86	35
A_PA	1712	97	C	0	0	97	35
A_PA	1713	88	C	0	0	88	35
A_PA	1714	107	A	0	0	107	35
A_PA	1715	90	A	0	0	90	35
A_PA	1716	86	G	0	0	86	35
A_PA	1717	91	A	0	0	91	35
A_PA	1718	111	T	0	0	111	35
A_PA	1719	93	C	0	0	93	35
A_PA	1720	100	A	0	0	100	35
A_PA	1721	111	A	0	0	111	35
A_PA	1722	105	A	0	0	105	35
A_PA	1723	88	A	0	0	88	35
A_PA	1724	99	T	0	0	99	35
A_PA	1725	108	G	0	0	108	35
A_PA	1726	95	A	0	0	95	35
A_PA	1727	93	A	0	0	93	35
A_PA	1728	96	A	0	0	96	35
A_PA	1729	96	T	0	0	96	35
A_PA	1730	102	G	0	0	102	35
A_PA	1731	102	G	0	0	102	35
A_PA	1732	114	G	0	0	114	35
A_PA	1733	110	G	0	0	110	35
A_PA	1734	93	C	0	0	93	35
A_PA	1735	96	A	0	0	96	35
A_PA	1736	85	T	0	0	85	35
A_PA	1737	98	G	0	0	98	35
A_PA	1738	88	G	0	0	88	35
A_PA	1739	96	A	0	0	96	35
A_PA	1740	112	G	0	0	112	35
A_PA	1741	106	A	0	0	106	35
A_PA	1742	115	T	0	0	115	35
A_PA	1743	104	G	0	0	104	35
A_PA	1744	91	A	0	0	91	35
A_PA	1745	103	G	0	0	103	35
A_PA	1746	103	G	0	0	103	35
A_PA	1747	105	C	0	0	105	35
A_PA	1748	105	G	0	0	105	35
A_PA	1749	102	A	0	0	102	35
A_PA	1750	90	T	0	0	90	35
A_PA	1751	109	G	0	0	109	35
A_PA	1752	94	C	0	0	94	35
A_PA	1753	96	C	0	0	96	35
A_PA	1754	95	T	0	0	95	35
A_PA	1755	106	T	0	0	106	35
A_PA	1756	101	C	0	0	101	35
A_PA	1757	100	T	0	0	100	35
A_PA	1758	109	T	0	0	109	35
A_PA	1759	108	C	0	0	108	35
A_PA	1760	99	A	0	0	99	35
A_PA	1761	113	G	0	0	113	35
A_PA	1762	87	T	0	0	87	35
A_PA	1763	97	C	0	0	97	35
A_PA	1764	104	C	0	0	104	35
A_PA	1765	94	C	0	0	94	35
A_PA	1766	99	T	0	0	99	35
A_PA	1767	105	T	0	0	105	35
A_PA	1768	115	C	0	0	115	35
A_PA	1769	89	A	0	0	89	35
A_PA	1770	112	A	0	0	112	35
A_PA	1771	90	C	0	0	90	35
A_PA	1772	105	A	0	0	105	35
A_PA	1773	110	A	0	0	110	35
A_PA	1774	114	A	0	0	114	35
A_PA	1775	95	T	0	0	95	35
A_PA	1776	98	T	0	0	98	35
A_PA	1777	105	G	0	0	105	35
A_PA	1778	104	A	0	0	104	35
A_PA	1779	103	G	0	0	103	35
A_PA	1780	97	A	0	0	97	35
A_PA	1781	112	G	0	0	112	35
A_PA	1782	114	C	0	0	114	35
A_PA	1783	87	A	0	0	87	35
A_PA	1784	87	T	0	0	87	35
A_PA	1785	90	G	0	0	90	35
A_PA	1786	95	A	0	0	95	35
A_PA	1787	92	T	0	0	92	35
A_PA	1788	95	T	0	0	95	35
A_PA	1789	95	G	0	0	95	35
A_PA	1790	105	A	0	0	105	35
A_PA	1791	94	G	0	0	94	35
A_PA	1792	107	G	0	0	107	35
A_PA	1793	93	C	0	0	93	35
A_PA	1794	104	C	0	0	104	35
A_PA	1795	105	G	0	0	105	35
A_PA	1796	97	A	0	0	97	35
A_PA	1797	93	A	0	0	93	35
A_PA	1798	113	T	0	0	113	35
A_PA	1799	99	C	0	0	99	35
A_PA	1800	109	T	0	0	109	35
A_PA	1801	112	T	0	0	112	35
A_PA	1802	115	C	0	0	115	35
A_PA	1803	96	T	0	0	96	35
A_PA	1804	108	G	0	0	108	35
A_PA	1805	103	T	0	0	103	35
A_PA	1806	101	C	0	0	101	35
A_PA	1807	115	A	0	0	115	35
A_PA	1808	99	A	0	0	99	35
A_PA	1809	98	A	0	0	98	35
A_PA	1810	90	G	0	0	90	35
A_PA	1811	90	A	0	0	90	35
A_PA	1812	112	G	0	0	112	35
A_PA	1813	85	A	0	0	85	35
A_PA	1814	89	A	0	0	89	35
A_PA	1815	108	G	0	0	108	35
A_PA	1816	92	G	0	0	92	35
A_PA	1817	106	A	0	0	106	35
A_PA	1818	93	C	0	0	93	35
A_PA	1819	115	A	0	0	115	35
A_PA	1820	108	T	0	0	108	35
A_PA	1821	107	G	0	0	107	35
A_PA	1822	108	T	0	0	108	35
A_PA	1823	87	C	0	0	87	35
A_PA	1824	91	C	0	0	91	35
A_PA	1825	90	A	0	0	90	35
A_PA	1826	97	A	0	0	97	35
A_PA	1827	88	G	0	0	88	35
A_PA	1828	88	G	0	0	88	35
A_PA	1829	87	A	0	0	87	35
A_PA	1830	114	A	0	0	114	35
A_PA	1831	113	T	0	0	113	35
A_PA	1832	100	T	0	0	100	35
A_PA	1833	102	C	0	0	102	35
A_PA	1834	86	T	0	0	86	35
A_PA	1835	85	T	0	0	85	35
A_PA	1836	109	T	0	0	109	35
A_PA	1837	97	G	0	0	97	35
A_PA	1838	101	A	0	0	101	35
A_PA	1839	109	A	0	0	109	35
A_PA	1840	87	A	0	0	87	35
A_PA	1841	88	A	0	0	88	35
A_PA	1842	93	C	0	0	93	35
A_PA	1843	104	A	0	0	104	35
A_PA	1844	89	A	0	0	89	35
A_PA	1845	87	A	0	0	87	35
A_PA	1846	105	T	0	0	105	35
A_PA	1847	114	C	0	0	114	35
A_PA	1848	113	A	0	0	113	35
A_PA	1849	97	G	0	0	97	35
A_PA	1850	94	A	0	0	94	35
A_PA	1851	92	A	0	0	92	35
A_PA	1852	92	A	0	0	92	35
A_PA	1853	108	C	0	0	108	35
A_PA	1854	94	A	0	0	94	35
A_PA	1855	99	T	0	0	99	35
A_PA	1856	105	G	0	0	105	35
A_PA	1857	89	G	0	0	89	35
A_PA	1858	89	C	0	0	89	35
A_PA	1859	101	C	0	0	101	35
A_PA	1860	111	A	0	0	111	35
A_PA	1861	90	A	0	0	90	35
A_PA	1862	85	T	0	0	85	35
A_PA	1863	86	T	0	0	86	35
A_PA	1864	106	G	0	0	106	35
A_PA	1865	96	G	0	0	96	35
A_PA	1866	112	A	0	0	112	35
A_PA	1867	114	G	0	0	114	35
A_PA	1868	95	A	0	0	95	35
A_PA	1869	112	A	0	0	112	35
A_PA	1870	100	T	0	0	100	35
A_PA	1871	99	C	0	0	99	35
A_PA	1872	112	A	0	0	112	35
A_PA	1873	102	C	0	0	102	35
A_PA	1874	114	C	0	0	114	35
A_PA	1875	93	C	0	0	93	35
A_PA	1876	102	A	0	0	102	35
A_PA	1877	99	A	0	0	99	35
A_PA	1878	89	A	0	0	89	35
A_PA	1879	115	G	0	0	115	35
A_PA	1880	107	G	0	0	107	35
A_PA	1881	102	G	0	0	102	35
A_PA	1882	90	G	0	0	90	35
A_PA	1883	103	T	0	0	103	35
A_PA	1884	104	G	0	0	104	35
A_PA	1885	99	G	0	0	99	35
A_PA	1886	105	A	0	0	105	35
A_PA	1887	108	G	0	0	108	35
A_PA	1888	105	G	0	0	105	35
A_PA	1889	113	A	0	0	113	35
A_PA	1890	103	A	0	0	103	35
A_PA	1891	98	G	0	0	98	35
A_PA	1892	101	G	0	0	101	35
A_PA	1893	105	C	0	0	105	35
A_PA	1894	105	T	0	0	105	35
A_PA	1895	102	C	0	0	102	35
A_PA	1896	94	T	0	0	94	35
A_PA	1897	114	A	0	0	114	35
A_PA	1898	96	T	0	0	96	35
A_PA	1899	100	T	0	0	100	35
A_PA	1900	102	G	0	0	102	35
A_PA	1901	92	G	0	0	92	35
A_PA	1902	110	G	0	0	110	35
A_PA	1903	87	A	0	0	87	35
A_PA	1904	99	A	0	0	99	35
A_PA	1905	94	A	0	0	94	35
A_PA	1906	96	G	0	0	96	35
A_PA	1907	98	T	0	0	98	35
A_PA	1908	93	A	0	0	93	35
A_PA	1909	89	T	0	0	89	35
A_PA	1910	94	G	0	0	94	35
A_PA	1911	85	C	0	0	85	35
A_PA	1912	85	A	0	0	85	35
A_PA	1913	101	G	0	0	101	35
A_PA	1914	111	A	0	0	111	35
A_PA	1915	109	A	0	0	109	35
A_PA	1916	112	C	0	0	112	35
A_PA	1917	89	A	0	0	89	35
A_PA	1918	96	T	0	0	96	35
A_PA	1919	94	T	0	0	94	35
A_PA	1920	100	G	0	0	100	35
A_PA	1921	102	C	0	0	102	35
A_PA	1922	85	T	0	0	85	35
A_PA	1923	107	A	0	0	107	35
A_PA	1924	114	G	0	0	114	35
A_PA	1925	100	C	0	0	100	35
A_PA	1926	115	A	0	0	115	35
A_PA	1927	109	A	0	0	109	35
A_PA	1928	100	A	0	0	100	35
A_PA	1929	94	G	0	0	94	35
A_PA	1930	85	T	0	0	85	35
A_PA	1931	109	C	0	0	109	35
A_PA	1932	98	T	0	0	98	35
A_PA	1933	110	G	0	0	110	35
A_PA	1934	94	T	0	0	94	35
A_PA	1935	104	G	0	0	104	35
A_PA	1936	92	T	0	0	92	35
A_PA	1937	110	T	0	0	110	35
A_PA	1938	85	C	0	0	85	35
A_PA	1939	102	A	0	0	102	35
A_PA	1940	96	A	0	0	96	35
A_PA	1941	91	C	0	0	91	35
A_PA	1942	98	A	0	0	98	35
A_PA	1943	113	G	0	0	113	35
A_PA	1944	102	C	0	0	102	35
A_PA	1945	98	C	0	0	98	35
A_PA	1946	97	T	0	0	97	35
A_PA	1947	92	A	0	0	92	35
A_PA	1948	90	T	0	0	90	35
A_PA	1949	107	A	0	0	107	35
A_PA	1950	108	T	0	0	108	35
A_PA	1951	105	G	0	0	105	35
A_PA	1952	97	C	0	0	97	35
A_PA	1953	111	A	0	0	111	35
A_PA	1954	97	T	0	0	97	35
A_PA	1955	92	C	0	0	92	35
A_PA	1956	93	T	0	0	93	35
A_PA	1957	87	C	0	0	87	35
A_PA	1958	98	C	0	0	98	35
A_PA	1959	105	A	0	0	105	35
A_PA	1960	92	C	0	0	92	35
A_PA	1961	101	A	0	0	101	35
A_PA	1962	109	A	0	0	109	35
A_PA	1963	110	C	0	0	110	35
A_PA	1964	114	T	0	0	114	35
A_PA	1965	104	C	0	0	104	35
A_PA	1966	110	G	0	0	110	35
A_PA	1967	107	A	0	0	107	35
A_PA	1968	106	G	0	0	106	35
A_PA	1969	93	G	0	0	93	35
A_PA	1970	94	G	0	0	94	35
A_PA	1971	105	G	0	0	105	35
A_PA	1972	108	T	0	0	108	35
A_PA	1973	102	T	0	0	102	35
A_PA	1974	110	T	0	0	110	35
A_PA	1975	93	T	0	0	93	35
A_PA	1976	98	C	0	0	98	35
A_PA	1977	91	A	0	0	91	35
A_PA	1978	112	G	0	0	112	35
A_PA	1979	87	C	0	0	87	35
A_PA	1980	90	T	0	0	90	35
A_PA	1981	89	G	0	0	89	35
A_PA	1982	94	A	0	0	94	35
A_PA	1983	88	A	0	0	88	35
A_PA	1984	105	T	0	0	105	35
A_PA	1985	99	C	0	0	99	35
A_PA	1986	104	A	0	0	104	35
A_PA	1987	99	A	0	0	99	35
A_PA	1988	93	G	0	0	93	35
A_PA	1989	107	A	0	0	107	35
A_PA	1990	104	A	0	0	104	35
A_PA	1991	100	A	0	0	100	35
A_PA	1992	91	A	0	0	91	35
A_PA	1993	95	T	0	0	95	35
A_PA	1994	85	T	0	0	85	35
A_PA	1995	89	G	0	0	89	35
A_PA	1996	86	C	0	0	86	35
A_PA	1997	102	T	0	0	102	35
A_PA	1998	85	T	0	0	85	35
A_PA	1999	90	C	0	0	90	35
A_PA	2000	88	T	0	0	88	35
A_PA	2001	94	C	0	0	94	35
A_PA	2002	93	A	0	0	93	35
A_PA	2003	89	T	0	0	89	35
A_PA	2004	107	T	0	0	107	35
A_PA	2005	99	G	0	0	99	35
A_PA	2006	108	T	0	0	108	35
A_PA	2007	85	T	0	0	85	35
A_PA	2008	92	C	0	0	92	35
A_PA	2009	87	A	0	0	87	35
A_PA	2010	89	G	0	0	89	35
A_PA	2011	85	G	0	0	85	35
A_PA	2012	100	C	0	0	100	35
A_PA	2013	91	A	0	0	91	35
A_PA	2014	95	C	0	0	95	35
A_PA	2015	98	T	0	0	98	35
A_PA	2016	94	T	0	0	94	35
A_PA	2017	110	A	0	0	110	35
A_PA	2018	110	G	0	0	110	35
A_PA	2019	100	G	0	0	100	35
A_PA	2020	96	G	0	0	96	35
A_PA	2021	99	A	0	0	99	35
A_PA	2022	107	C	0	0	107	35
A_PA	2023	110	A	0	0	110	35
A_PA	2024	86	A	0	0	86	35
A_PA	2025	95	C	0	0	95	35
A_PA	2026	87	C	0	0	87	35
A_PA	2027	111	T	0	0	111	35
A_PA	2028	109	G	0	0	109	35
A_PA	2029	115	G	0	0	115	35
A_PA	2030	89	A	0	0	89	35
A_PA	2031	86	A	0	0	86	35
A_PA	2032	93	C	0	0	93	35
A_PA	2033	109	C	0	0	109	35
A_PA	2034	97	T	0	0	97	35
A_PA	2035	87	G	0	0	87	35
A_PA	2036	102	G	0	0	102	35
A_PA	2037	100	A	0	0	100	35
A_PA	2038	90	A	0	0	90	35
A_PA	2039	91	C	0	0	91	35
A_PA	2040	113	C	0	0	113	35
A_PA	2041	111	T	0	0	111	35
A_PA	2042	93	T	0	0	93	35
A_PA	2043	111	C	0	0	111	35
A_PA	2044	97	G	0	0	97	35
A_PA	2045	111	A	0	0	111	35
A_PA	2046	85	T	0	0	85	35
A_PA	2047	88	C	0	0	88	35
A_PA	2048	109	T	0	0	109	35
A_PA	2049	107	T	0	0	107	35
A_PA	2050	92	G	0	0	92	35
A_PA	2051	97	G	0	0	97	35
A_PA	2052	109	G	0	0	109	35
A_PA	2053	99	G	0	0	99	35
A_PA	2054	92	G	0	0	92	35
A_PA	2055	108	G	0	0	108	35
A_PA	2056	86	C	0	0	86	35
A_PA	2057	91	T	0	0	91	35
A_PA	2058	99	A	0	0	99	35
A_PA	2059	108	T	0	0	108	35
A_PA	2060	109	A	0	0	109	35
A_PA	2061	88	T	0	0	88	35
A_PA	2062	101	G	0	0	101	35
A_PA	2063	106	A	0	0	106	35
A_PA	2064	91	A	0	0	91	35
A_PA	2065	100	G	0	0	100	35
A_PA	2066	97	C	0	0	97	35
A_PA	2067	106	A	0	0	106	35
A_PA	2068	115	A	0	0	115	35
A_PA	2069	94	T	0	0	94	35
A_PA	2070	114	T	0	0	114	35
A_PA	2071	95	G	0	0	95	35
A_PA	2072	90	A	0	0	90	35
A_PA	2073	105	G	0	0	105	35
A_PA	2074	108	G	0	0	108	35
A_PA	2075	86	A	0	0	86	35
A_PA	2076	108	G	0	0	108	35
A_PA	2077	114	T	0	0	114	35
A_PA	2078	102	G	0	0	102	35
A_PA	2079	101	C	0	0	101	35
A_PA	2080	88	C	0	0	88	35
A_PA	2081	93	T	0	0	93	35
A_PA	2082	100	G	0	0	100	35
A_PA	2083	105	A	0	0	105	35
A_PA	2084	94	T	0	0	94	35
A_PA	2085	91	T	0	0	91	35
A_PA	2086	96	A	0	0	96	35
A_PA	2087	113	A	0	0	113	35
A_PA	2088	86	C	0	0	86	35
A_PA	2089	112	G	0	0	112	35
A_PA	2090	106	A	0	0	106	35
A_PA	2091	91	T	0	0	91	35
A_PA	2092	88	C	0	0	88	35
A_PA	2093	92	C	0	0	92	35
A_PA	2094	105	C	0	0	105	35
A_PA	2095	98	T	0	0	98	35
A_PA	2096	95	G	0	0	95	35
A_PA	2097	85	G	0	0	85	35
A_PA	2098	90	G	0	0	90	35
A_PA	2099	110	T	0	0	110	35
A_PA	2100	93	T	0	0	93	35
A_PA	2101	103	T	0	0	103	35
A_PA	2102	88	T	0	0	88	35
A_PA	2103	97	G	0	0	97	35
A_PA	2104	110	C	0	0	110	35
A_PA	2105	92	T	0	0	92	35
A_PA	2106	85	T	0	0	85	35
A_PA	2107	86	A	0	0	86	35
A_PA	2108	103	A	0	0	103	35
A_PA	2109	110	T	0	0	110	35
A_PA	2110	107	G	0	0	107	35
A_PA	2111	100	C	0	0	100	35
A_PA	2112	107	A	0	0	107	35
A_PA	2113	104	T	0	0	104	35
A_PA	2114	89	C	0	0	89	35
A_PA	2115	96	T	0	0	96	35
A_PA	2116	109	T	0	0	109	35
A_PA	2117	87	G	0	0	87	35
A_PA	2118	92	G	0	0	92	35
A_PA	2119	90	T	0	0	90	35
A_PA	2120	100	T	0	0	100	35
A_PA	2121	87	C	0	0	87	35
A_PA	2122	106	A	0	0	106	35
A_PA	2123	104	A	0	0	104	35
A_PA	2124	95	C	0	0	95	35
A_PA	2125	114	T	0	0	114	35
A_PA	2126	109	C	0	0	109	35
A_PA	2127	105	C	0	0	105	35
A_PA	2128	86	T	0	0	86	35
A_PA	2129	86	T	0	0	86	35
A_PA	2130	96	C	0	0	96	35
A_PA	2131	105	C	0	0	105	35
A_PA	2132	89	T	0	0	89	35
A_PA	2133	107	C	0	0	107	35
A_PA	2134	102	A	0	0	102	35
A_PA	2135	110	C	0	0	110	35
A_PA	2136	88	A	0	0	88	35
A_PA	2137	89	C	0	0	89	35
A_PA	2138	100	A	0	0	100	35
A_PA	2139	92	T	0	0	92	35
A_PA	2140	95	G	0	0	95	35
A_PA	2141	102	C	0	0	102	35
A_PA	2142	110	A	0	0	110	35
A_PA	2143	105	C	0	0	105	35
A_PA	2144	109	T	0	0	109	35
A_PA	2145	96	G	0	0	96	35
A_PA	2146	110	A	0	0	110	35
A_PA	2147	113	A	0	0	113	35
A_PA	2148	99	A	0	0	99	35
A_PA	2149	108	T	0	0	108	35
A_PA	2150	91	A	0	0	91	35
A_PA	2151	85	G	0	0	85	35
