Reference_Name	Position	Coverage Depth	Consensus	Deletions	Ambiguous	Consensus_Count	Consensus_Average_Quality
A_PB1	1	113	A	0	0	113	35
A_PB1	2	86	T	0	0	86	35
A_PB1	3	100	G	0	0	100	35
A_PB1	4	107	G	0	0	107	35
A_PB1	5	99	A	0	0	99	35
A_PB1	6	102	T	0	0	102	35
A_PB1	7	94	G	0	0	94	35
A_PB1	8	102	T	0	0	102	35
A_PB1	9	107	C	0	0	107	35
A_PB1	10	100	A	0	0	100	35
A_PB1	11	91	A	0	0	91	35
A_PB1	12	103	T	0	0	103	35
A_PB1	13	90	C	0	0	90	35
A_PB1	14	102	C	0	0	102	35
A_PB1	15	96	G	0	0	96	35
A_PB1	16	95	A	0	0	95	35
A_PB1	17	108	C	0	0	108	35
A_PB1	18	99	T	0	0	99	35
A_PB1	19	93	T	0	0	93	35
A_PB1	20	112	T	0	0	112	35
A_PB1	21	111	A	0	0	111	35
A_PB1	22	104	C	0	0	104	35
A_PB1	23	114	T	0	0	114	35
A_PB1	24	112	T	0	0	112	35
A_PB1	25	102	T	0	0	102	35
A_PB1	26	90	T	0	0	90	35
A_PB1	27	87	C	0	0	87	35
A_PB1	28	101	T	0	0	101	35
A_PB1	29	89	T	0	0	89	35
A_PB1	30	99	G	0	0	99	35
A_PB1	31	94	A	0	0	94	35
A_PB1	32	111	A	0	0	111	35
A_PB1	33	93	A	0	0	93	35
A_PB1	34	102	G	0	0	102	35
A_PB1	35	96	T	0	0	96	35
A_PB1	36	99	T	0	0	99	35
A_PB1	37	85	C	0	0	85	35
A_PB1	38	109	C	0	0	109	35
A_PB1	39	105	A	0	0	105	35
A_PB1	40	101	G	0	0	101	35
A_PB1	41	97	C	0	0	97	35
A_PB1	42	108	G	0	0	108	35
A_PB1	43	90	C	0	0	90	35
A_PB1	44	113	A	0	0	113	35
A_PB1	45	85	A	0	0	85	35
A_PB1	46	104	A	0	0	104	35
A_PB1	47	112	A	0	0	112	35
A_PB1	48	96	T	0	0	96	35
A_PB1	49	109	G	0	0	109	35
A_PB1	50	104	C	0	0	104	35
A_PB1	51	92	C	0	0	92	35
A_PB1	52	95	A	0	0	95	35
A_PB1	53	108	T	0	0	108	35
A_PB1	54	87	A	0	0	87	35
A_PB1	55	106	A	0	0	106	35
A_PB1	56	115	G	0	0	115	35
A_PB1	57	102	C	0	0	102	35
A_PB1	58	111	A	0	0	111	35
A_PB1	59	97	C	0	0	97	35
A_PB1	60	91	C	0	0	91	35
A_PB1	61	101	A	0	0	101	35
A_PB1	62	106	C	0	0	106	35
A_PB1	63	100	A	0	0	100	35
A_PB1	64	109	T	0	0	109	35
A_PB1	65	102	T	0	0	102	35
A_PB1	66	89	C	0	0	89	35
A_PB1	67	104	C	0	0	104	35
A_PB1	68	94	C	0	0	94	35
A_PB1	69	95	G	0	0	95	35
A_PB1	70	98	T	0	0	98	35
A_PB1	71	105	A	0	0	105	35
A_PB1	72	95	T	0	0	95	35
A_PB1	73	88	A	0	0	88	35
A_PB1	74	88	C	0	0	88	35
A_PB1	75	101	T	0	0	101	35
A_PB1	76	106	G	0	0	106	35
A_PB1	77	87	G	0	0	87	35
A_PB1	78	86	A	0	0	86	35
A_PB1	79	111	G	0	0	111	35
A_PB1	80	115	A	0	0	115	35
A_PB1	81	89	T	0	0	89	35
A_PB1	82	90	C	0	0	90	35
A_PB1	83	112	C	0	0	112	35
A_PB1	84	86	T	0	0	86	35
A_PB1	85	91	C	0	0	91	35
A_PB1	86	88	C	0	0	88	35
A_PB1	87	100	A	0	0	100	35
A_PB1	88	91	T	0	0	91	35
A_PB1	89	88	A	0	0	88	35
A_PB1	90	86	C	0	0	86	35
A_PB1	91	103	A	0	0	103	35
A_PB1	92	105	G	0	0	105	35
A_PB1	93	111	C	0	0	111	35
A_PB1	94	97	C	0	0	97	35
A_PB1	95	106	A	0	0	106	35
A_PB1	96	100	T	0	0	100	35
A_PB1	97	101	G	0	0	101	35
A_PB1	98	104	G	0	0	104	35
A_PB1	99	107	A	0	0	107	35
A_PB1	100	103	A	0	0	103	35
A_PB1	101	93	C	0	0	93	35
A_PB1	102	86	A	0	0	86	35
A_PB1	103	96	G	0	0	96	35
A_PB1	104	92	G	0	0	92	35
A_PB1	105	104	A	0	0	104	35
A_PB1	106	107	A	0	0	107	35
A_PB1	107	87	C	0	0	87	35
A_PB1	108	85	A	0	0	85	35
A_PB1	109	114	G	0	0	114	35
A_PB1	110	114	G	0	0	114	35
A_PB1	111	91	A	0	0	91	35
A_PB1	112	105	T	0	0	105	35
A_PB1	113	100	A	0	0	100	35
A_PB1	114	114	T	0	0	114	35
A_PB1	115	113	A	0	0	113	35
A_PB1	116	111	C	0	0	111	35
A_PB1	117	87	C	0	0	87	35
A_PB1	118	99	A	0	0	99	35
A_PB1	119	110	T	0	0	110	35
A_PB1	120	105	G	0	0	105	35
A_PB1	121	86	G	0	0	86	35
A_PB1	122	96	A	0	0	96	35
A_PB1	123	102	C	0	0	102	35
A_PB1	124	108	A	0	0	108	35
A_PB1	125	115	C	0	0	115	35
A_PB1	126	113	A	0	0	113	35
A_PB1	127	98	G	0	0	98	35
A_PB1	128	111	T	0	0	111	35
A_PB1	129	96	T	0	0	96	35
A_PB1	130	110	A	0	0	110	35
A_PB1	131	107	A	0	0	107	35
A_PB1	132	86	C	0	0	86	35
A_PB1	133	111	A	0	0	111	35
A_PB1	134	104	G	0	0	104	35
A_PB1	135	93	A	0	0	93	35
A_PB1	136	101	A	0	0	101	35
A_PB1	137	86	C	0	0	86	35
A_PB1	138	108	A	0	0	108	35
A_PB1	139	87	C	0	0	87	35
A_PB1	140	111	A	0	0	111	35
A_PB1	141	94	T	0	0	94	35
A_PB1	142	87	C	0	0	87	35
A_PB1	143	115	A	0	0	115	35
A_PB1	144	91	G	0	0	91	35
A_PB1	145	115	T	0	0	115	35
A_PB1	146	101	A	0	0	101	35
A_PB1	147	88	T	0	0	88	35
A_PB1	148	88	T	0	0	88	35
A_PB1	149	108	C	0	0	108	35
A_PB1	150	92	A	0	0	92	35
A_PB1	151	102	G	0	0	102	35
A_PB1	152	97	A	0	0	97	35
A_PB1	153	91	A	0	0	91	35
A_PB1	154	91	A	0	0	91	35
A_PB1	155	101	A	0	0	101	35
A_PB1	156	106	A	0	0	106	35
A_PB1	157	92	G	0	0	92	35
A_PB1	158	103	G	0	0	103	35
A_PB1	159	105	G	0	0	105	35
A_PB1	160	115	A	0	0	115	35
A_PB1	161	90	A	0	0	90	35
A_PB1	162	102	A	0	0	102	35
A_PB1	163	108	T	0	0	108	35
A_PB1	164	102	G	0	0	102	35
A_PB1	165	98	G	0	0	98	35
A_PB1	166	108	A	0	0	108	35
A_PB1	167	88	C	0	0	88	35
A_PB1	168	109	A	0	0	109	35
A_PB1	169	105	A	0	0	105	35
A_PB1	170	103	C	0	0	103	35
A_PB1	171	96	A	0	0	96	35
A_PB1	172	106	A	0	0	106	35
A_PB1	173	99	A	0	0	99	35
A_PB1	174	107	C	0	0	107	35
A_PB1	175	106	T	0	0	106	35
A_PB1	176	98	C	0	0	98	35
A_PB1	177	113	A	0	0	113	35
A_PB1	178	88	G	0	0	88	35
A_PB1	179	90	A	0	0	90	35
A_PB1	180	110	A	0	0	110	35
A_PB1	181	90	A	0	0	90	35
A_PB1	182	102	C	0	0	102	35
A_PB1	183	97	T	0	0	97	35
A_PB1	184	101	G	0	0	101	35
A_PB1	185	95	G	0	0	95	35
A_PB1	186	106	A	0	0	106	35
A_PB1	187	90	G	0	0	90	35
A_PB1	188	102	C	0	0	102	35
A_PB1	189	104	A	0	0	104	35
A_PB1	190	99	C	0	0	99	35
A_PB1	191	114	C	0	0	114	35
A_PB1	192	96	T	0	0	96	35
A_PB1	193	113	C	0	0	113	35
A_PB1	194	95	A	0	0	95	35
A_PB1	195	102	A	0	0	102	35
A_PB1	196	95	C	0	0	95	35
A_PB1	197	112	T	0	0	112	35
A_PB1	198	96	C	0	0	96	35
A_PB1	199	98	A	0	0	98	35
A_PB1	200	109	A	0	0	109	35
A_PB1	201	105	T	0	0	105	35
A_PB1	202	98	C	0	0	98	35
A_PB1	203	111	C	0	0	111	35
A_PB1	204	108	A	0	0	108	35
A_PB1	205	95	A	0	0	95	35
A_PB1	206	104	T	0	0	104	35
A_PB1	207	92	T	0	0	92	35
A_PB1	208	103	G	0	0	103	35
A_PB1	209	102	A	0	0	102	35
A_PB1	210	91	T	0	0	91	35
A_PB1	211	97	G	0	0	97	35
A_PB1	212	109	G	0	0	109	35
A_PB1	213	102	A	0	0	102	35
A_PB1	214	114	C	0	0	114	35
A_PB1	215	108	C	0	0	108	35
A_PB1	216	93	A	0	0	93	35
A_PB1	217	96	T	0	0	96	35
A_PB1	218	115	T	0	0	115	35
A_PB1	219	99	G	0	0	99	35
A_PB1	220	99	C	0	0	99	35
A_PB1	221	115	C	0	0	115	35
A_PB1	222	97	T	0	0	97	35
A_PB1	223	85	G	0	0	85	35
A_PB1	224	108	A	0	0	108	35
A_PB1	225	86	G	0	0	86	35
A_PB1	226	94	G	0	0	94	35
A_PB1	227	104	A	0	0	104	35
A_PB1	228	85	C	0	0	85	35
A_PB1	229	101	A	0	0	101	35
A_PB1	230	89	A	0	0	89	35
A_PB1	231	113	T	0	0	113	35
A_PB1	232	94	G	0	0	94	35
A_PB1	233	85	A	0	0	85	35
A_PB1	234	94	A	0	0	94	35
A_PB1	235	92	C	0	0	92	35
A_PB1	236	91	C	0	0	91	35
A_PB1	237	112	A	0	0	112	35
A_PB1	238	95	A	0	0	95	35
A_PB1	239	85	G	0	0	85	35
A_PB1	240	109	T	0	0	109	35
A_PB1	241	111	G	0	0	111	35
A_PB1	242	115	G	0	0	115	35
A_PB1	243	107	G	0	0	107	35
A_PB1	244	111	T	0	0	111	35
A_PB1	245	93	A	0	0	93	35
A_PB1	246	114	T	0	0	114	35
A_PB1	247	102	G	0	0	102	35
A_PB1	248	101	C	0	0	101	35
A_PB1	249	102	A	0	0	102	35
A_PB1	250	103	C	0	0	103	35
A_PB1	251	114	A	0	0	114	35
A_PB1	252	103	A	0	0	103	35
A_PB1	253	89	A	0	0	89	35
A_PB1	254	88	C	0	0	88	35
A_PB1	255	86	G	0	0	86	35
A_PB1	256	99	G	0	0	99	35
A_PB1	257	96	A	0	0	96	35
A_PB1	258	89	C	0	0	89	35
A_PB1	259	89	T	0	0	89	35
A_PB1	260	93	G	0	0	93	35
A_PB1	261	96	T	0	0	96	35
A_PB1	262	113	G	0	0	113	35
A_PB1	263	103	T	0	0	103	35
A_PB1	264	92	C	0	0	92	35
A_PB1	265	92	C	0	0	92	35
A_PB1	266	93	T	0	0	93	35
A_PB1	267	110	T	0	0	110	35
A_PB1	268	94	G	0	0	94	35
A_PB1	269	87	A	0	0	87	35
A_PB1	270	103	A	0	0	103	35
A_PB1	271	97	G	0	0	97	35
A_PB1	272	103	C	0	0	103	35
A_PB1	273	114	A	0	0	114	35
A_PB1	274	91	A	0	0	91	35
A_PB1	275	108	T	0	0	108	35
A_PB1	276	87	G	0	0	87	35
A_PB1	277	108	G	0	0	108	35
A_PB1	278	95	C	0	0	95	35
A_PB1	279	110	T	0	0	110	35
A_PB1	280	100	T	0	0	100	35
A_PB1	281	90	T	0	0	90	35
A_PB1	282	100	C	0	0	100	35
A_PB1	283	111	C	0	0	111	35
A_PB1	284	113	T	0	0	113	35
A_PB1	285	107	T	0	0	107	35
A_PB1	286	107	G	0	0	107	35
A_PB1	287	103	A	0	0	103	35
A_PB1	288	111	A	0	0	111	35
A_PB1	289	114	G	0	0	114	35
A_PB1	290	88	A	0	0	88	35
A_PB1	291	104	G	0	0	104	35
A_PB1	292	105	T	0	0	105	35
A_PB1	293	94	C	0	0	94	35
A_PB1	294	86	C	0	0	86	35
A_PB1	295	108	C	0	0	108	35
A_PB1	296	110	A	0	0	110	35
A_PB1	297	103	C	0	0	103	35
A_PB1	298	97	C	0	0	97	35
A_PB1	299	87	C	0	0	87	35
A_PB1	300	109	A	0	0	109	35
A_PB1	301	86	G	0	0	86	35
A_PB1	302	114	G	0	0	114	35
A_PB1	303	109	A	0	0	109	35
A_PB1	304	95	A	0	0	95	35
A_PB1	305	96	T	0	0	96	35
A_PB1	306	113	C	0	0	113	35
A_PB1	307	111	T	0	0	111	35
A_PB1	308	98	T	0	0	98	35
A_PB1	309	98	T	0	0	98	35
A_PB1	310	114	G	0	0	114	35
A_PB1	311	112	A	0	0	112	35
A_PB1	312	88	A	0	0	88	35
A_PB1	313	112	A	0	0	112	35
A_PB1	314	109	A	0	0	109	35
A_PB1	315	92	C	0	0	92	35
A_PB1	316	108	T	0	0	108	35
A_PB1	317	105	C	0	0	105	35
A_PB1	318	112	G	0	0	112	35
A_PB1	319	104	T	0	0	104	35
A_PB1	320	114	G	0	0	114	35
A_PB1	321	85	T	0	0	85	35
A_PB1	322	105	C	0	0	105	35
A_PB1	323	109	T	0	0	109	35
A_PB1	324	105	T	0	0	105	35
A_PB1	325	97	G	0	0	97	35
A_PB1	326	86	A	0	0	86	35
A_PB1	327	94	A	0	0	94	35
A_PB1	328	101	A	0	0	101	35
A_PB1	329	86	C	0	0	86	35
A_PB1	330	95	G	0	0	95	35
A_PB1	331	102	A	0	0	102	35
A_PB1	332	103	T	0	0	103	35
A_PB1	333	89	G	0	0	89	35
A_PB1	334	95	G	0	0	95	35
A_PB1	335	101	A	0	0	101	35
A_PB1	336	107	A	0	0	107	35
A_PB1	337	92	G	0	0	92	35
A_PB1	338	89	T	0	0	89	35
A_PB1	339	86	T	0	0	86	35
A_PB1	340	106	G	0	0	106	35
A_PB1	341	108	T	0	0	108	35
A_PB1	342	97	T	0	0	97	35
A_PB1	343	99	C	0	0	99	35
A_PB1	344	109	A	0	0	109	35
A_PB1	345	104	A	0	0	104	35
A_PB1	346	103	C	0	0	103	35
A_PB1	347	101	A	0	0	101	35
A_PB1	348	87	A	0	0	87	35
A_PB1	349	92	A	0	0	92	35
A_PB1	350	98	C	0	0	98	35
A_PB1	351	94	A	0	0	94	35
A_PB1	352	110	A	0	0	110	35
A_PB1	353	97	G	0	0	97	35
A_PB1	354	89	A	0	0	89	35
A_PB1	355	89	G	0	0	89	35
A_PB1	356	95	T	0	0	95	35
A_PB1	357	87	G	0	0	87	35
A_PB1	358	100	G	0	0	100	35
A_PB1	359	103	A	0	0	103	35
A_PB1	360	108	C	0	0	108	35
A_PB1	361	86	A	0	0	86	35
A_PB1	362	102	A	0	0	102	35
A_PB1	363	97	G	0	0	97	35
A_PB1	364	93	T	0	0	93	35
A_PB1	365	87	T	0	0	87	35
A_PB1	366	97	G	0	0	97	35
A_PB1	367	101	A	0	0	101	35
A_PB1	368	98	C	0	0	98	35
A_PB1	369	109	C	0	0	109	35
A_PB1	370	107	C	0	0	107	35
A_PB1	371	89	A	0	0	89	35
A_PB1	372	109	A	0	0	109	35
A_PB1	373	89	G	0	0	89	35
A_PB1	374	100	G	0	0	100	35
A_PB1	375	102	C	0	0	102	35
A_PB1	376	91	C	0	0	91	35
A_PB1	377	100	G	0	0	100	35
A_PB1	378	97	T	0	0	97	35
A_PB1	379	105	C	0	0	105	35
A_PB1	380	103	A	0	0	103	35
A_PB1	381	91	G	0	0	91	35
A_PB1	382	102	A	0	0	102	35
A_PB1	383	104	C	0	0	104	35
A_PB1	384	108	C	0	0	108	35
A_PB1	385	101	T	0	0	101	35
A_PB1	386	92	A	0	0	92	35
A_PB1	387	92	T	0	0	92	35
A_PB1	388	87	G	0	0	87	35
A_PB1	389	93	A	0	0	93	35
A_PB1	390	109	T	0	0	109	35
A_PB1	391	98	T	0	0	98	35
A_PB1	392	95	G	0	0	95	35
A_PB1	393	106	G	0	0	106	35
A_PB1	394	114	A	0	0	114	35
A_PB1	395	103	C	0	0	103	35
A_PB1	396	87	G	0	0	87	35
A_PB1	397	88	T	0	0	88	35
A_PB1	398	106	T	0	0	106	35
A_PB1	399	98	A	0	0	98	35
A_PB1	400	98	A	0	0	98	35
A_PB1	401	96	A	0	0	96	35
A_PB1	402	96	C	0	0	96	35
A_PB1	403	91	A	0	0	91	35
A_PB1	404	95	G	0	0	95	35
A_PB1	405	96	G	0	0	96	35
A_PB1	406	104	G	0	0	104	35
A_PB1	407	105	A	0	0	105	35
A_PB1	408	85	T	0	0	85	35
A_PB1	409	109	C	0	0	109	35
A_PB1	410	94	A	0	0	94	35
A_PB1	411	90	G	0	0	90	35
A_PB1	412	96	C	0	0	96	35
A_PB1	413	104	C	0	0	104	35
A_PB1	414	111	G	0	0	111	35
A_PB1	415	110	G	0	0	110	35
A_PB1	416	99	C	0	0	99	35
A_PB1	417	104	T	0	0	104	35
A_PB1	418	89	G	0	0	89	35
A_PB1	419	99	C	0	0	99	35
A_PB1	420	86	A	0	0	86	35
A_PB1	421	114	A	0	0	114	35
A_PB1	422	111	C	0	0	111	35
A_PB1	423	92	T	0	0	92	35
A_PB1	424	91	G	0	0	91	35
A_PB1	425	106	C	0	0	106	35
A_PB1	426	96	A	0	0	96	35
A_PB1	427	89	T	0	0	89	35
A_PB1	428	109	T	0	0	109	35
A_PB1	429	108	A	0	0	108	35
A_PB1	430	112	G	0	0	112	35
A_PB1	431	87	C	0	0	87	35
A_PB1	432	88	T	0	0	88	35
A_PB1	433	108	A	0	0	108	35
A_PB1	434	86	A	0	0	86	35
A_PB1	435	92	T	0	0	92	35
A_PB1	436	115	A	0	0	115	35
A_PB1	437	104	C	0	0	104	35
A_PB1	438	114	T	0	0	114	35
A_PB1	439	89	A	0	0	89	35
A_PB1	440	112	T	0	0	112	35
A_PB1	441	111	A	0	0	111	35
A_PB1	442	111	G	0	0	111	35
A_PB1	443	94	A	0	0	94	35
A_PB1	444	85	G	0	0	85	35
A_PB1	445	95	G	0	0	95	35
A_PB1	446	107	T	0	0	107	35
A_PB1	447	110	C	0	0	110	35
A_PB1	448	88	T	0	0	88	35
A_PB1	449	94	T	0	0	94	35
A_PB1	450	99	C	0	0	99	35
A_PB1	451	100	A	0	0	100	35
A_PB1	452	85	G	0	0	85	35
A_PB1	453	95	A	0	0	95	35
A_PB1	454	91	T	0	0	91	35
A_PB1	455	108	C	0	0	108	35
A_PB1	456	102	T	0	0	102	35
A_PB1	457	91	A	0	0	91	35
A_PB1	458	91	A	0	0	91	35
A_PB1	459	102	C	0	0	102	35
A_PB1	460	101	G	0	0	101	35
A_PB1	461	109	G	0	0	109	35
A_PB1	462	93	C	0	0	93	35
A_PB1	463	102	C	0	0	102	35
A_PB1	464	100	T	0	0	100	35
A_PB1	465	104	C	0	0	104	35
A_PB1	466	108	A	0	0	108	35
A_PB1	467	89	C	0	0	89	35
A_PB1	468	107	A	0	0	107	35
A_PB1	469	107	G	0	0	107	35
A_PB1	470	106	C	0	0	106	35
A_PB1	471	85	C	0	0	85	35
A_PB1	472	97	A	0	0	97	35
A_PB1	473	103	A	0	0	103	35
A_PB1	474	113	T	0	0	113	35
A_PB1	475	106	G	0	0	106	35
A_PB1	476	101	A	0	0	101	35
A_PB1	477	86	A	0	0	86	35
A_PB1	478	93	T	0	0	93	35
A_PB1	479	90	C	0	0	90	35
A_PB1	480	86	A	0	0	86	35
A_PB1	481	94	G	0	0	94	35
A_PB1	482	91	G	0	0	91	35
A_PB1	483	110	A	0	0	110	35
A_PB1	484	107	A	0	0	107	35
A_PB1	485	104	G	0	0	104	35
A_PB1	486	93	G	0	0	93	35
A_PB1	487	86	C	0	0	86	35
A_PB1	488	99	T	0	0	99	35
A_PB1	489	105	A	0	0	105	35
A_PB1	490	115	A	0	0	115	35
A_PB1	491	85	T	0	0	85	35
A_PB1	492	87	A	0	0	87	35
A_PB1	493	97	G	0	0	97	35
A_PB1	494	106	A	0	0	106	35
A_PB1	495	93	T	0	0	93	35
A_PB1	496	106	T	0	0	106	35
A_PB1	497	112	T	0	0	112	35
A_PB1	498	114	T	0	0	114	35
A_PB1	499	106	C	0	0	106	35
A_PB1	500	96	T	0	0	96	35
A_PB1	501	112	C	0	0	112	35
A_PB1	502	88	A	0	0	88	35
A_PB1	503	85	A	0	0	85	35
A_PB1	504	94	G	0	0	94	35
A_PB1	505	112	G	0	0	112	35
A_PB1	506	113	A	0	0	113	35
A_PB1	507	105	T	0	0	105	35
A_PB1	508	97	G	0	0	97	35
A_PB1	509	92	T	0	0	92	35
A_PB1	510	97	G	0	0	97	35
A_PB1	511	101	A	0	0	101	35
A_PB1	512	107	T	0	0	107	35
A_PB1	513	88	G	0	0	88	35
A_PB1	514	113	G	0	0	113	35
A_PB1	515	95	A	0	0	95	35
A_PB1	516	100	A	0	0	100	35
A_PB1	517	112	T	0	0	112	35
A_PB1	518	104	C	0	0	104	35
A_PB1	519	102	A	0	0	102	35
A_PB1	520	87	A	0	0	87	35
A_PB1	521	90	T	0	0	90	35
A_PB1	522	91	G	0	0	91	35
A_PB1	523	101	G	0	0	101	35
A_PB1	524	115	A	0	0	115	35
A_PB1	525	99	T	0	0	99	35
A_PB1	526	102	A	0	0	102	35
A_PB1	527	114	A	0	0	114	35
A_PB1	528	107	G	0	0	107	35
A_PB1	529	85	G	0	0	85	35
A_PB1	530	86	A	0	0	86	35
A_PB1	531	92	G	0	0	92	35
A_PB1	532	114	G	0	0	114	35
A_PB1	533	101	A	0	0	101	35
A_PB1	534	94	A	0	0	94	35
A_PB1	535	95	A	0	0	95	35
A_PB1	536	100	T	0	0	100	35
A_PB1	537	97	G	0	0	97	35
A_PB1	538	108	G	0	0	108	35
A_PB1	539	90	A	0	0	90	35
A_PB1	540	85	A	0	0	85	35
A_PB1	541	96	A	0	0	96	35
A_PB1	542	106	T	0	0	106	35
A_PB1	543	96	A	0	0	96	35
A_PB1	544	96	A	0	0	96	35
A_PB1	545	105	C	0	0	105	35
A_PB1	546	94	A	0	0	94	35
A_PB1	547	92	A	0	0	92	35
A_PB1	548	101	C	0	0	101	35
A_PB1	549	93	G	0	0	93	35
A_PB1	550	110	C	0	0	110	35
A_PB1	551	86	A	0	0	86	35
A_PB1	552	105	T	0	0	105	35
A_PB1	553	93	T	0	0	93	35
A_PB1	554	113	T	0	0	113	35
A_PB1	555	97	C	0	0	97	35
A_PB1	556	113	C	0	0	113	35
A_PB1	557	111	A	0	0	111	35
A_PB1	558	85	A	0	0	85	35
A_PB1	559	115	A	0	0	115	35
A_PB1	560	102	G	0	0	102	35
A_PB1	561	115	G	0	0	115	35
A_PB1	562	93	A	0	0	93	35
A_PB1	563	92	A	0	0	92	35
A_PB1	564	89	A	0	0	89	35
A_PB1	565	95	A	0	0	95	35
A_PB1	566	113	G	0	0	113	35
A_PB1	567	97	A	0	0	97	35
A_PB1	568	106	A	0	0	106	35
A_PB1	569	89	G	0	0	89	35
A_PB1	570	87	A	0	0	87	35
A_PB1	571	108	G	0	0	108	35
A_PB1	572	97	T	0	0	97	35
A_PB1	573	101	G	0	0	101	35
A_PB1	574	115	A	0	0	115	35
A_PB1	575	106	G	0	0	106	35
A_PB1	576	104	A	0	0	104	35
A_PB1	577	112	G	0	0	112	35
A_PB1	578	105	A	0	0	105	35
A_PB1	579	106	C	0	0	106	35
A_PB1	580	92	A	0	0	92	35
A_PB1	581	98	A	0	0	98	35
A_PB1	582	92	C	0	0	92	35
A_PB1	583	103	A	0	0	103	35
A_PB1	584	89	T	0	0	89	35
A_PB1	585	98	G	0	0	98	35
A_PB1	586	94	A	0	0	94	35
A_PB1	587	114	C	0	0	114	35
A_PB1	588	104	C	0	0	104	35
A_PB1	589	95	A	0	0	95	35
A_PB1	590	99	A	0	0	99	35
A_PB1	591	102	G	0	0	102	35
A_PB1	592	89	A	0	0	89	35
A_PB1	593	91	A	0	0	91	35
A_PB1	594	105	A	0	0	105	35
A_PB1	595	89	A	0	0	89	35
A_PB1	596	103	T	0	0	103	35
A_PB1	597	102	G	0	0	102	35
A_PB1	598	106	G	0	0	106	35
A_PB1	599	110	T	0	0	110	35
A_PB1	600	91	C	0	0	91	35
A_PB1	601	112	A	0	0	112	35
A_PB1	602	89	C	0	0	89	35
A_PB1	603	94	A	0	0	94	35
A_PB1	604	107	C	0	0	107	35
A_PB1	605	107	A	0	0	107	35
A_PB1	606	113	A	0	0	113	35
A_PB1	607	101	A	0	0	101	35
A_PB1	608	114	G	0	0	114	35
A_PB1	609	89	G	0	0	89	35
A_PB1	610	98	A	0	0	98	35
A_PB1	611	114	C	0	0	114	35
A_PB1	612	109	A	0	0	109	35
A_PB1	613	89	A	0	0	89	35
A_PB1	614	105	T	0	0	105	35
A_PB1	615	114	A	0	0	114	35
A_PB1	616	103	G	0	0	103	35
A_PB1	617	114	G	0	0	114	35
A_PB1	618	90	A	0	0	90	35
A_PB1	619	95	A	0	0	95	35
A_PB1	620	87	A	0	0	87	35
A_PB1	621	102	G	0	0	102	35
A_PB1	622	102	A	0	0	102	35
A_PB1	623	115	A	0	0	115	35
A_PB1	624	108	G	0	0	108	35
A_PB1	625	88	A	0	0	88	35
A_PB1	626	90	A	0	0	90	35
A_PB1	627	95	A	0	0	95	35
A_PB1	628	111	C	0	0	111	35
A_PB1	629	113	A	0	0	113	35
A_PB1	630	89	G	0	0	89	35
A_PB1	631	108	A	0	0	108	35
A_PB1	632	85	G	0	0	85	35
A_PB1	633	109	G	0	0	109	35
A_PB1	634	95	C	0	0	95	35
A_PB1	635	113	T	0	0	113	35
A_PB1	636	98	A	0	0	98	35
A_PB1	637	115	A	0	0	115	35
A_PB1	638	98	A	0	0	98	35
A_PB1	639	94	T	0	0	94	35
A_PB1	640	99	A	0	0	99	35
A_PB1	641	108	A	0	0	108	35
A_PB1	642	114	A	0	0	114	35
A_PB1	643	111	A	0	0	111	35
A_PB1	644	113	A	0	0	113	35
A_PB1	645	105	G	0	0	105	35
A_PB1	646	114	A	0	0	114	35
A_PB1	647	108	G	0	0	108	35
A_PB1	648	93	C	0	0	93	35
A_PB1	649	89	T	0	0	89	35
A_PB1	650	109	A	0	0	109	35
A_PB1	651	91	T	0	0	91	35
A_PB1	652	88	C	0	0	88	35
A_PB1	653	89	T	0	0	89	35
A_PB1	654	90	A	0	0	90	35
A_PB1	655	85	A	0	0	85	35
A_PB1	656	109	T	0	0	109	35
A_PB1	657	104	A	0	0	104	35
A_PB1	658	104	A	0	0	104	35
A_PB1	659	93	G	0	0	93	35
A_PB1	660	104	A	0	0	104	35
A_PB1	661	103	G	0	0	103	35
A_PB1	662	104	C	0	0	104	35
A_PB1	663	92	A	0	0	92	35
A_PB1	664	104	T	0	0	104	35
A_PB1	665	92	T	0	0	92	35
A_PB1	666	92	G	0	0	92	35
A_PB1	667	106	A	0	0	106	35
A_PB1	668	85	C	0	0	85	35
A_PB1	669	96	A	0	0	96	35
A_PB1	670	87	C	0	0	87	35
A_PB1	671	107	T	0	0	107	35
A_PB1	672	109	G	0	0	109	35
A_PB1	673	100	A	0	0	100	35
A_PB1	674	89	A	0	0	89	35
A_PB1	675	101	C	0	0	101	35
A_PB1	676	112	A	0	0	112	35
A_PB1	677	104	C	0	0	104	35
A_PB1	678	100	G	0	0	100	35
A_PB1	679	107	A	0	0	107	35
A_PB1	680	105	T	0	0	105	35
A_PB1	681	96	G	0	0	96	35
A_PB1	682	90	A	0	0	90	35
A_PB1	683	112	C	0	0	112	35
A_PB1	684	97	A	0	0	97	35
A_PB1	685	100	A	0	0	100	35
A_PB1	686	100	A	0	0	100	35
A_PB1	687	89	A	0	0	89	35
A_PB1	688	90	G	0	0	90	35
A_PB1	689	91	A	0	0	91	35
A_PB1	690	92	C	0	0	92	35
A_PB1	691	86	G	0	0	86	35
A_PB1	692	98	C	0	0	98	35
A_PB1	693	109	C	0	0	109	35
A_PB1	694	85	G	0	0	85	35
A_PB1	695	114	A	0	0	114	35
A_PB1	696	93	A	0	0	93	35
A_PB1	697	115	A	0	0	115	35
A_PB1	698	98	G	0	0	98	35
A_PB1	699	92	A	0	0	92	35
A_PB1	700	108	G	0	0	108	35
A_PB1	701	106	G	0	0	106	35
A_PB1	702	91	C	0	0	91	35
A_PB1	703	109	A	0	0	109	35
A_PB1	704	91	A	0	0	91	35
A_PB1	705	87	A	0	0	87	35
A_PB1	706	90	T	0	0	90	35
A_PB1	707	114	T	0	0	114	35
A_PB1	708	115	A	0	0	115	35
A_PB1	709	99	A	0	0	99	35
A_PB1	710	112	A	0	0	112	35
A_PB1	711	104	A	0	0	104	35
A_PB1	712	100	A	0	0	100	35
A_PB1	713	107	G	0	0	107	35
A_PB1	714	95	A	0	0	95	35
A_PB1	715	112	A	0	0	112	35
A_PB1	716	99	G	0	0	99	35
A_PB1	717	113	G	0	0	113	35
A_PB1	718	92	G	0	0	92	35
A_PB1	719	98	C	0	0	98	35
A_PB1	720	97	A	0	0	97	35
A_PB1	721	109	A	0	0	109	35
A_PB1	722	86	T	0	0	86	35
A_PB1	723	104	T	0	0	104	35
A_PB1	724	108	G	0	0	108	35
A_PB1	725	111	C	0	0	111	35
A_PB1	726	97	G	0	0	97	35
A_PB1	727	108	A	0	0	108	35
A_PB1	728	95	C	0	0	95	35
A_PB1	729	97	A	0	0	97	35
A_PB1	730	104	C	0	0	104	35
A_PB1	731	115	C	0	0	115	35
A_PB1	732	108	T	0	0	108	35
A_PB1	733	103	G	0	0	103	35
A_PB1	734	104	G	0	0	104	35
A_PB1	735	102	A	0	0	102	35
A_PB1	736	101	A	0	0	101	35
A_PB1	737	105	T	0	0	105	35
A_PB1	738	113	G	0	0	113	35
A_PB1	739	107	C	0	0	107	35
A_PB1	740	110	A	0	0	110	35
A_PB1	741	86	A	0	0	86	35
A_PB1	742	101	A	0	0	101	35
A_PB1	743	88	T	0	0	88	35
A_PB1	744	99	C	0	0	99	35
A_PB1	745	99	A	0	0	99	35
A_PB1	746	111	G	0	0	111	35
A_PB1	747	113	A	0	0	113	35
A_PB1	748	86	G	0	0	86	35
A_PB1	749	113	G	0	0	113	35
A_PB1	750	92	G	0	0	92	35
A_PB1	751	101	T	0	0	101	35
A_PB1	752	102	T	0	0	102	35
A_PB1	753	97	T	0	0	97	35
A_PB1	754	108	G	0	0	108	35
A_PB1	755	86	T	0	0	86	35
A_PB1	756	102	G	0	0	102	35
A_PB1	757	97	T	0	0	97	35
A_PB1	758	101	A	0	0	101	35
A_PB1	759	109	C	0	0	109	35
A_PB1	760	105	T	0	0	105	35
A_PB1	761	115	T	0	0	115	35
A_PB1	762	86	T	0	0	86	35
A_PB1	763	91	G	0	0	91	35
A_PB1	764	94	T	0	0	94	35
A_PB1	765	99	T	0	0	99	35
A_PB1	766	97	G	0	0	97	35
A_PB1	767	113	A	0	0	113	35
A_PB1	768	94	A	0	0	94	35
A_PB1	769	109	A	0	0	109	35
A_PB1	770	111	C	0	0	111	35
A_PB1	771	94	A	0	0	94	35
A_PB1	772	99	T	0	0	99	35
A_PB1	773	90	T	0	0	90	35
A_PB1	774	98	A	0	0	98	35
A_PB1	775	94	G	0	0	94	35
A_PB1	776	104	C	0	0	104	35
A_PB1	777	114	G	0	0	114	35
A_PB1	778	86	A	0	0	86	35
A_PB1	779	107	G	0	0	107	35
A_PB1	780	101	G	0	0	101	35
A_PB1	781	113	A	0	0	113	35
A_PB1	782	89	G	0	0	89	35
A_PB1	783	99	C	0	0	99	35
A_PB1	784	111	A	0	0	111	35
A_PB1	785	105	T	0	0	105	35
A_PB1	786	99	T	0	0	99	35
A_PB1	787	87	T	0	0	87	35
A_PB1	788	108	G	0	0	108	35
A_PB1	789	101	T	0	0	101	35
A_PB1	790	88	G	0	0	88	35
A_PB1	791	90	A	0	0	90	35
A_PB1	792	109	T	0	0	109	35
A_PB1	793	103	A	0	0	103	35
A_PB1	794	115	A	0	0	115	35
A_PB1	795	113	G	0	0	113	35
A_PB1	796	107	C	0	0	107	35
A_PB1	797	102	T	0	0	102	35
A_PB1	798	89	T	0	0	89	35
A_PB1	799	97	G	0	0	97	35
A_PB1	800	98	A	0	0	98	35
A_PB1	801	95	A	0	0	95	35
A_PB1	802	99	C	0	0	99	35
A_PB1	803	85	A	0	0	85	35
A_PB1	804	90	A	0	0	90	35
A_PB1	805	99	T	0	0	99	35
A_PB1	806	103	T	0	0	103	35
A_PB1	807	113	T	0	0	113	35
A_PB1	808	107	G	0	0	107	35
A_PB1	809	113	G	0	0	113	35
A_PB1	810	91	A	0	0	91	35
A_PB1	811	113	C	0	0	113	35
A_PB1	812	99	T	0	0	99	35
A_PB1	813	87	C	0	0	87	35
A_PB1	814	93	C	0	0	93	35
A_PB1	815	95	C	0	0	95	35
A_PB1	816	107	A	0	0	107	35
A_PB1	817	105	G	0	0	105	35
A_PB1	818	114	T	0	0	114	35
A_PB1	819	107	T	0	0	107	35
A_PB1	820	110	G	0	0	110	35
A_PB1	821	90	G	0	0	90	35
A_PB1	822	107	G	0	0	107	35
A_PB1	823	108	G	0	0	108	35
A_PB1	824	88	G	0	0	88	35
A_PB1	825	87	C	0	0	87	35
A_PB1	826	88	A	0	0	88	35
A_PB1	827	107	A	0	0	107	35
A_PB1	828	99	T	0	0	99	35
A_PB1	829	105	G	0	0	105	35
A_PB1	830	96	A	0	0	96	35
A_PB1	831	87	A	0	0	87	35
A_PB1	832	101	A	0	0	101	35
A_PB1	833	107	A	0	0	107	35
A_PB1	834	97	G	0	0	97	35
A_PB1	835	108	A	0	0	108	35
A_PB1	836	110	A	0	0	110	35
A_PB1	837	101	G	0	0	101	35
A_PB1	838	104	G	0	0	104	35
A_PB1	839	115	C	0	0	115	35
A_PB1	840	90	T	0	0	90	35
A_PB1	841	97	A	0	0	97	35
A_PB1	842	102	A	0	0	102	35
A_PB1	843	97	A	0	0	97	35
A_PB1	844	86	C	0	0	86	35
A_PB1	845	109	T	0	0	109	35
A_PB1	846	90	G	0	0	90	35
A_PB1	847	114	G	0	0	114	35
A_PB1	848	95	C	0	0	95	35
A_PB1	849	103	A	0	0	103	35
A_PB1	850	112	A	0	0	112	35
A_PB1	851	106	A	0	0	106	35
A_PB1	852	112	T	0	0	112	35
A_PB1	853	89	G	0	0	89	35
A_PB1	854	90	T	0	0	90	35
A_PB1	855	112	T	0	0	112	35
A_PB1	856	89	G	0	0	89	35
A_PB1	857	90	T	0	0	90	35
A_PB1	858	109	G	0	0	109	35
A_PB1	859	107	A	0	0	107	35
A_PB1	860	86	G	0	0	86	35
A_PB1	861	98	A	0	0	98	35
A_PB1	862	94	A	0	0	94	35
A_PB1	863	94	A	0	0	94	35
A_PB1	864	108	A	0	0	108	35
A_PB1	865	109	A	0	0	109	35
A_PB1	866	115	T	0	0	115	35
A_PB1	867	99	G	0	0	99	35
A_PB1	868	94	A	0	0	94	35
A_PB1	869	105	T	0	0	105	35
A_PB1	870	90	G	0	0	90	35
A_PB1	871	88	A	0	0	88	35
A_PB1	872	113	C	0	0	113	35
A_PB1	873	89	T	0	0	89	35
A_PB1	874	115	A	0	0	115	35
A_PB1	875	91	A	0	0	91	35
A_PB1	876	85	T	0	0	85	35
A_PB1	877	104	T	0	0	104	35
A_PB1	878	109	C	0	0	109	35
A_PB1	879	93	G	0	0	93	35
A_PB1	880	85	C	0	0	85	35
A_PB1	881	99	A	0	0	99	35
A_PB1	882	100	G	0	0	100	35
A_PB1	883	112	G	0	0	112	35
A_PB1	884	100	A	0	0	100	35
A_PB1	885	102	C	0	0	102	35
A_PB1	886	110	A	0	0	110	35
A_PB1	887	85	C	0	0	85	35
A_PB1	888	104	A	0	0	104	35
A_PB1	889	113	G	0	0	113	35
A_PB1	890	100	A	0	0	100	35
A_PB1	891	92	G	0	0	92	35
A_PB1	892	91	C	0	0	91	35
A_PB1	893	103	T	0	0	103	35
A_PB1	894	106	C	0	0	106	35
A_PB1	895	100	T	0	0	100	35
A_PB1	896	99	C	0	0	99	35
A_PB1	897	98	C	0	0	98	35
A_PB1	898	99	T	0	0	99	35
A_PB1	899	87	T	0	0	87	35
A_PB1	900	104	C	0	0	104	35
A_PB1	901	104	A	0	0	104	35
A_PB1	902	85	C	0	0	85	35
A_PB1	903	92	A	0	0	92	35
A_PB1	904	113	A	0	0	113	35
A_PB1	905	102	T	0	0	102	35
A_PB1	906	93	C	0	0	93	35
A_PB1	907	104	A	0	0	104	35
A_PB1	908	105	C	0	0	105	35
A_PB1	909	102	T	0	0	102	35
A_PB1	910	111	G	0	0	111	35
A_PB1	911	111	G	0	0	111	35
A_PB1	912	91	A	0	0	91	35
A_PB1	913	86	G	0	0	86	35
A_PB1	914	90	A	0	0	90	35
A_PB1	915	89	C	0	0	89	35
A_PB1	916	86	A	0	0	86	35
A_PB1	917	105	A	0	0	105	35
A_PB1	918	96	C	0	0	96	35
A_PB1	919	86	A	0	0	86	35
A_PB1	920	89	C	0	0	89	35
A_PB1	921	112	C	0	0	112	35
A_PB1	922	86	A	0	0	86	35
A_PB1	923	106	A	0	0	106	35
A_PB1	924	103	A	0	0	103	35
A_PB1	925	111	T	0	0	111	35
A_PB1	926	104	G	0	0	104	35
A_PB1	927	94	G	0	0	94	35
A_PB1	928	95	A	0	0	95	35
A_PB1	929	114	A	0	0	114	35
A_PB1	930	87	T	0	0	87	35
A_PB1	931	86	G	0	0	86	35
A_PB1	932	88	A	0	0	88	35
A_PB1	933	98	A	0	0	98	35
A_PB1	934	90	A	0	0	90	35
A_PB1	935	90	A	0	0	90	35
A_PB1	936	106	T	0	0	106	35
A_PB1	937	94	C	0	0	94	35
A_PB1	938	104	A	0	0	104	35
A_PB1	939	106	G	0	0	106	35
A_PB1	940	107	A	0	0	107	35
A_PB1	941	107	A	0	0	107	35
A_PB1	942	104	C	0	0	104	35
A_PB1	943	103	C	0	0	103	35
A_PB1	944	110	C	0	0	110	35
A_PB1	945	102	T	0	0	102	35
A_PB1	946	90	A	0	0	90	35
A_PB1	947	115	G	0	0	115	35
A_PB1	948	99	G	0	0	99	35
A_PB1	949	108	A	0	0	108	35
A_PB1	950	103	T	0	0	103	35
A_PB1	951	96	G	0	0	96	35
A_PB1	952	114	T	0	0	114	35
A_PB1	953	86	T	0	0	86	35
A_PB1	954	87	T	0	0	87	35
A_PB1	955	109	C	0	0	109	35
A_PB1	956	94	T	0	0	94	35
A_PB1	957	95	G	0	0	95	35
A_PB1	958	96	G	0	0	96	35
A_PB1	959	113	C	0	0	113	35
A_PB1	960	97	A	0	0	97	35
A_PB1	961	111	A	0	0	111	35
A_PB1	962	87	T	0	0	87	35
A_PB1	963	109	G	0	0	109	35
A_PB1	964	98	A	0	0	98	35
A_PB1	965	111	T	0	0	111	35
A_PB1	966	102	A	0	0	102	35
A_PB1	967	87	A	0	0	87	35
A_PB1	968	94	C	0	0	94	35
A_PB1	969	100	A	0	0	100	35
A_PB1	970	89	T	0	0	89	35
A_PB1	971	88	A	0	0	88	35
A_PB1	972	107	T	0	0	107	35
A_PB1	973	112	A	0	0	112	35
A_PB1	974	93	T	0	0	93	35
A_PB1	975	95	A	0	0	95	35
A_PB1	976	101	A	0	0	101	35
A_PB1	977	98	C	0	0	98	35
A_PB1	978	101	A	0	0	101	35
A_PB1	979	91	A	0	0	91	35
A_PB1	980	107	G	0	0	107	35
A_PB1	981	91	G	0	0	91	35
A_PB1	982	104	A	0	0	104	35
A_PB1	983	86	A	0	0	86	35
A_PB1	984	88	C	0	0	88	35
A_PB1	985	103	C	0	0	103	35
A_PB1	986	108	A	0	0	108	35
A_PB1	987	105	A	0	0	105	35
A_PB1	988	101	C	0	0	101	35
A_PB1	989	87	C	0	0	87	35
A_PB1	990	100	T	0	0	100	35
A_PB1	991	108	G	0	0	108	35
A_PB1	992	107	A	0	0	107	35
A_PB1	993	104	A	0	0	104	35
A_PB1	994	114	T	0	0	114	35
A_PB1	995	110	G	0	0	110	35
A_PB1	996	107	G	0	0	107	35
A_PB1	997	94	T	0	0	94	35
A_PB1	998	98	T	0	0	98	35
A_PB1	999	104	C	0	0	104	35
A_PB1	1000	112	A	0	0	112	35
A_PB1	1001	95	G	0	0	95	35
A_PB1	1002	93	G	0	0	93	35
A_PB1	1003	101	A	0	0	101	35
A_PB1	1004	103	A	0	0	103	35
A_PB1	1005	104	T	0	0	104	35
A_PB1	1006	96	G	0	0	96	35
A_PB1	1007	114	T	0	0	114	35
A_PB1	1008	89	C	0	0	89	35
A_PB1	1009	104	T	0	0	104	35
A_PB1	1010	103	T	0	0	103	35
A_PB1	1011	100	G	0	0	100	35
A_PB1	1012	101	A	0	0	101	35
A_PB1	1013	108	G	0	0	108	35
A_PB1	1014	105	C	0	0	105	35
A_PB1	1015	100	A	0	0	100	35
A_PB1	1016	100	T	0	0	100	35
A_PB1	1017	110	T	0	0	110	35
A_PB1	1018	90	G	0	0	90	35
A_PB1	1019	113	C	0	0	113	35
A_PB1	1020	104	A	0	0	104	35
A_PB1	1021	92	C	0	0	92	35
A_PB1	1022	107	C	0	0	107	35
A_PB1	1023	94	T	0	0	94	35
A_PB1	1024	91	A	0	0	91	35
A_PB1	1025	85	T	0	0	85	35
A_PB1	1026	88	A	0	0	88	35
A_PB1	1027	85	A	0	0	85	35
A_PB1	1028	99	T	0	0	99	35
A_PB1	1029	105	G	0	0	105	35
A_PB1	1030	110	T	0	0	110	35
A_PB1	1031	88	T	0	0	88	35
A_PB1	1032	108	C	0	0	108	35
A_PB1	1033	112	T	0	0	112	35
A_PB1	1034	91	C	0	0	91	35
A_PB1	1035	110	A	0	0	110	35
A_PB1	1036	104	A	0	0	104	35
A_PB1	1037	98	A	0	0	98	35
A_PB1	1038	98	T	0	0	98	35
A_PB1	1039	86	A	0	0	86	35
A_PB1	1040	95	A	0	0	95	35
A_PB1	1041	96	A	0	0	96	35
A_PB1	1042	102	A	0	0	102	35
A_PB1	1043	110	T	0	0	110	35
A_PB1	1044	105	G	0	0	105	35
A_PB1	1045	91	G	0	0	91	35
A_PB1	1046	85	C	0	0	85	35
A_PB1	1047	105	A	0	0	105	35
A_PB1	1048	91	A	0	0	91	35
A_PB1	1049	107	G	0	0	107	35
A_PB1	1050	94	A	0	0	94	35
A_PB1	1051	93	C	0	0	93	35
A_PB1	1052	110	T	0	0	110	35
A_PB1	1053	87	A	0	0	87	35
A_PB1	1054	94	G	0	0	94	35
A_PB1	1055	94	G	0	0	94	35
A_PB1	1056	101	G	0	0	101	35
A_PB1	1057	102	A	0	0	102	35
A_PB1	1058	95	A	0	0	95	35
A_PB1	1059	109	A	0	0	109	35
A_PB1	1060	85	G	0	0	85	35
A_PB1	1061	88	G	0	0	88	35
A_PB1	1062	106	G	0	0	106	35
A_PB1	1063	95	T	0	0	95	35
A_PB1	1064	95	A	0	0	95	35
A_PB1	1065	97	C	0	0	97	35
A_PB1	1066	108	A	0	0	108	35
A_PB1	1067	103	T	0	0	103	35
A_PB1	1068	104	G	0	0	104	35
A_PB1	1069	115	T	0	0	115	35
A_PB1	1070	85	T	0	0	85	35
A_PB1	1071	111	C	0	0	111	35
A_PB1	1072	90	G	0	0	90	35
A_PB1	1073	91	A	0	0	91	35
A_PB1	1074	95	A	0	0	95	35
A_PB1	1075	111	A	0	0	111	35
A_PB1	1076	95	G	0	0	95	35
A_PB1	1077	114	T	0	0	114	35
A_PB1	1078	106	A	0	0	106	35
A_PB1	1079	100	A	0	0	100	35
A_PB1	1080	114	G	0	0	114	35
A_PB1	1081	100	A	0	0	100	35
A_PB1	1082	110	G	0	0	110	35
A_PB1	1083	86	C	0	0	86	35
A_PB1	1084	105	A	0	0	105	35
A_PB1	1085	89	T	0	0	89	35
A_PB1	1086	100	G	0	0	100	35
A_PB1	1087	89	A	0	0	89	35
A_PB1	1088	105	A	0	0	105	35
A_PB1	1089	99	G	0	0	99	35
A_PB1	1090	113	C	0	0	113	35
A_PB1	1091	112	T	0	0	112	35
A_PB1	1092	102	C	0	0	102	35
A_PB1	1093	113	C	0	0	113	35
A_PB1	1094	95	G	0	0	95	35
A_PB1	1095	99	A	0	0	99	35
A_PB1	1096	110	A	0	0	110	35
A_PB1	1097	111	C	0	0	111	35
A_PB1	1098	98	A	0	0	98	35
A_PB1	1099	114	C	0	0	114	35
A_PB1	1100	108	A	0	0	108	35
A_PB1	1101	86	A	0	0	86	35
A_PB1	1102	111	A	0	0	111	35
A_PB1	1103	101	T	0	0	101	35
A_PB1	1104	94	A	0	0	94	35
A_PB1	1105	103	C	0	0	103	35
A_PB1	1106	108	C	0	0	108	35
A_PB1	1107	106	A	0	0	106	35
A_PB1	1108	95	G	0	0	95	35
A_PB1	1109	102	C	0	0	102	35
A_PB1	1110	102	A	0	0	102	35
A_PB1	1111	85	G	0	0	85	35
A_PB1	1112	91	A	0	0	91	35
A_PB1	1113	103	A	0	0	103	35
A_PB1	1114	106	A	0	0	106	35
A_PB1	1115	95	T	0	0	95	35
A_PB1	1116	110	G	0	0	110	35
A_PB1	1117	114	C	0	0	114	35
A_PB1	1118	113	T	0	0	113	35
A_PB1	1119	110	A	0	0	110	35
A_PB1	1120	96	G	0	0	96	35
A_PB1	1121	87	C	0	0	87	35
A_PB1	1122	89	A	0	0	89	35
A_PB1	1123	93	A	0	0	93	35
A_PB1	1124	111	G	0	0	111	35
A_PB1	1125	85	C	0	0	85	35
A_PB1	1126	95	A	0	0	95	35
A_PB1	1127	97	T	0	0	97	35
A_PB1	1128	105	T	0	0	105	35
A_PB1	1129	102	G	0	0	102	35
A_PB1	1130	111	A	0	0	111	35
A_PB1	1131	90	T	0	0	90	35
A_PB1	1132	103	C	0	0	103	35
A_PB1	1133	104	T	0	0	104	35
A_PB1	1134	97	G	0	0	97	35
A_PB1	1135	90	A	0	0	90	35
A_PB1	1136	104	A	0	0	104	35
A_PB1	1137	88	G	0	0	88	35
A_PB1	1138	112	T	0	0	112	35
A_PB1	1139	110	A	0	0	110	35
A_PB1	1140	109	T	0	0	109	35
A_PB1	1141	94	T	0	0	94	35
A_PB1	1142	107	T	0	0	107	35
A_PB1	1143	112	C	0	0	112	35
A_PB1	1144	95	A	0	0	95	35
A_PB1	1145	107	A	0	0	107	35
A_PB1	1146	86	T	0	0	86	35
A_PB1	1147	93	G	0	0	93	35
A_PB1	1148	98	A	0	0	98	35
A_PB1	1149	87	G	0	0	87	35
A_PB1	1150	100	T	0	0	100	35
A_PB1	1151	113	C	0	0	113	35
A_PB1	1152	92	A	0	0	92	35
A_PB1	1153	96	A	0	0	96	35
A_PB1	1154	99	C	0	0	99	35
A_PB1	1155	111	A	0	0	111	35
A_PB1	1156	115	A	0	0	115	35
A_PB1	1157	94	G	0	0	94	35
A_PB1	1158	91	A	0	0	91	35
A_PB1	1159	101	A	0	0	101	35
A_PB1	1160	94	A	0	0	94	35
A_PB1	1161	90	G	0	0	90	35
A_PB1	1162	88	A	0	0	88	35
A_PB1	1163	96	A	0	0	96	35
A_PB1	1164	110	A	0	0	110	35
A_PB1	1165	86	A	0	0	86	35
A_PB1	1166	109	T	0	0	109	35
A_PB1	1167	91	A	0	0	91	35
A_PB1	1168	114	G	0	0	114	35
A_PB1	1169	87	A	0	0	87	35
A_PB1	1170	99	G	0	0	99	35
A_PB1	1171	101	A	0	0	101	35
A_PB1	1172	85	A	0	0	85	35
A_PB1	1173	110	G	0	0	110	35
A_PB1	1174	100	A	0	0	100	35
A_PB1	1175	113	T	0	0	113	35
A_PB1	1176	101	A	0	0	101	35
A_PB1	1177	89	A	0	0	89	35
A_PB1	1178	91	G	0	0	91	35
A_PB1	1179	95	A	0	0	95	35
A_PB1	1180	114	C	0	0	114	35
A_PB1	1181	100	C	0	0	100	35
A_PB1	1182	108	T	0	0	108	35
A_PB1	1183	112	C	0	0	112	35
A_PB1	1184	101	T	0	0	101	35
A_PB1	1185	94	T	0	0	94	35
A_PB1	1186	109	C	0	0	109	35
A_PB1	1187	95	T	0	0	95	35
A_PB1	1188	89	A	0	0	89	35
A_PB1	1189	109	A	0	0	109	35
A_PB1	1190	112	T	0	0	112	35
A_PB1	1191	88	A	0	0	88	35
A_PB1	1192	111	G	0	0	111	35
A_PB1	1193	115	A	0	0	115	35
A_PB1	1194	101	T	0	0	101	35
A_PB1	1195	106	G	0	0	106	35
A_PB1	1196	89	G	0	0	89	35
A_PB1	1197	91	T	0	0	91	35
A_PB1	1198	108	A	0	0	108	35
A_PB1	1199	86	C	0	0	86	35
A_PB1	1200	99	A	0	0	99	35
A_PB1	1201	97	G	0	0	97	35
A_PB1	1202	107	C	0	0	107	35
A_PB1	1203	112	C	0	0	112	35
A_PB1	1204	101	T	0	0	101	35
A_PB1	1205	88	C	0	0	88	35
A_PB1	1206	85	A	0	0	85	35
A_PB1	1207	94	T	0	0	94	35
A_PB1	1208	114	T	0	0	114	35
A_PB1	1209	86	A	0	0	86	35
A_PB1	1210	106	A	0	0	106	35
A_PB1	1211	112	G	0	0	112	35
A_PB1	1212	104	C	0	0	104	35
A_PB1	1213	112	C	0	0	112	35
A_PB1	1214	87	C	0	0	87	35
A_PB1	1215	95	A	0	0	95	35
A_PB1	1216	99	G	0	0	99	35
A_PB1	1217	113	G	0	0	113	35
A_PB1	1218	86	A	0	0	86	35
A_PB1	1219	88	A	0	0	88	35
A_PB1	1220	101	T	0	0	101	35
A_PB1	1221	109	G	0	0	109	35
A_PB1	1222	106	A	0	0	106	35
A_PB1	1223	108	T	0	0	108	35
A_PB1	1224	94	G	0	0	94	35
A_PB1	1225	85	A	0	0	85	35
A_PB1	1226	103	T	0	0	103	35
A_PB1	1227	109	G	0	0	109	35
A_PB1	1228	94	G	0	0	94	35
A_PB1	1229	105	G	0	0	105	35
A_PB1	1230	113	C	0	0	113	35
A_PB1	1231	91	A	0	0	91	35
A_PB1	1232	95	T	0	0	95	35
A_PB1	1233	91	G	0	0	91	35
A_PB1	1234	91	T	0	0	91	35
A_PB1	1235	94	T	0	0	94	35
A_PB1	1236	93	C	0	0	93	35
A_PB1	1237	102	A	0	0	102	35
A_PB1	1238	95	A	0	0	95	35
A_PB1	1239	109	T	0	0	109	35
A_PB1	1240	99	A	0	0	99	35
A_PB1	1241	106	T	0	0	106	35
A_PB1	1242	88	G	0	0	88	35
A_PB1	1243	93	C	0	0	93	35
A_PB1	1244	89	T	0	0	89	35
A_PB1	1245	90	G	0	0	90	35
A_PB1	1246	93	A	0	0	93	35
A_PB1	1247	88	G	0	0	88	35
A_PB1	1248	85	T	0	0	85	35
A_PB1	1249	115	A	0	0	115	35
A_PB1	1250	104	C	0	0	104	35
A_PB1	1251	102	A	0	0	102	35
A_PB1	1252	101	G	0	0	101	35
A_PB1	1253	88	T	0	0	88	35
A_PB1	1254	91	T	0	0	91	35
A_PB1	1255	102	T	0	0	102	35
A_PB1	1256	96	T	0	0	96	35
A_PB1	1257	102	G	0	0	102	35
A_PB1	1258	95	G	0	0	95	35
A_PB1	1259	93	G	0	0	93	35
A_PB1	1260	89	A	0	0	89	35
A_PB1	1261	115	G	0	0	115	35
A_PB1	1262	107	T	0	0	107	35
A_PB1	1263	110	T	0	0	110	35
A_PB1	1264	94	T	0	0	94	35
A_PB1	1265	103	C	0	0	103	35
A_PB1	1266	92	G	0	0	92	35
A_PB1	1267	90	A	0	0	90	35
A_PB1	1268	87	T	0	0	87	35
A_PB1	1269	94	T	0	0	94	35
A_PB1	1270	104	C	0	0	104	35
A_PB1	1271	113	T	0	0	113	35
A_PB1	1272	95	A	0	0	95	35
A_PB1	1273	102	A	0	0	102	35
A_PB1	1274	99	A	0	0	99	35
A_PB1	1275	86	T	0	0	86	35
A_PB1	1276	89	C	0	0	89	35
A_PB1	1277	85	T	0	0	85	35
A_PB1	1278	100	A	0	0	100	35
A_PB1	1279	113	G	0	0	113	35
A_PB1	1280	106	G	0	0	106	35
A_PB1	1281	86	A	0	0	86	35
A_PB1	1282	88	C	0	0	88	35
A_PB1	1283	97	A	0	0	97	35
A_PB1	1284	86	A	0	0	86	35
A_PB1	1285	87	A	0	0	87	35
A_PB1	1286	98	G	0	0	98	35
A_PB1	1287	97	G	0	0	97	35
A_PB1	1288	90	A	0	0	90	35
A_PB1	1289	107	G	0	0	107	35
A_PB1	1290	104	G	0	0	104	35
A_PB1	1291	113	T	0	0	113	35
A_PB1	1292	103	A	0	0	103	35
A_PB1	1293	105	C	0	0	105	35
A_PB1	1294	111	A	0	0	111	35
A_PB1	1295	107	C	0	0	107	35
A_PB1	1296	107	C	0	0	107	35
A_PB1	1297	99	A	0	0	99	35
A_PB1	1298	104	A	0	0	104	35
A_PB1	1299	96	A	0	0	96	35
A_PB1	1300	94	A	0	0	94	35
A_PB1	1301	95	C	0	0	95	35
A_PB1	1302	111	A	0	0	111	35
A_PB1	1303	91	A	0	0	91	35
A_PB1	1304	107	C	0	0	107	35
A_PB1	1305	109	A	0	0	109	35
A_PB1	1306	106	T	0	0	106	35
A_PB1	1307	110	A	0	0	110	35
A_PB1	1308	102	C	0	0	102	35
A_PB1	1309	87	T	0	0	87	35
A_PB1	1310	114	G	0	0	114	35
A_PB1	1311	109	G	0	0	109	35
A_PB1	1312	109	T	0	0	109	35
A_PB1	1313	99	G	0	0	99	35
A_PB1	1314	103	G	0	0	103	35
A_PB1	1315	89	G	0	0	89	35
A_PB1	1316	87	A	0	0	87	35
A_PB1	1317	111	C	0	0	111	35
A_PB1	1318	110	G	0	0	110	35
A_PB1	1319	114	G	0	0	114	35
A_PB1	1320	107	A	0	0	107	35
A_PB1	1321	99	C	0	0	99	35
A_PB1	1322	88	T	0	0	88	35
A_PB1	1323	99	C	0	0	99	35
A_PB1	1324	94	C	0	0	94	35
A_PB1	1325	106	A	0	0	106	35
A_PB1	1326	105	A	0	0	105	35
A_PB1	1327	107	T	0	0	107	35
A_PB1	1328	109	C	0	0	109	35
A_PB1	1329	99	C	0	0	99	35
A_PB1	1330	100	T	0	0	100	35
A_PB1	1331	92	C	0	0	92	35
A_PB1	1332	115	T	0	0	115	35
A_PB1	1333	92	G	0	0	92	35
A_PB1	1334	89	A	0	0	89	35
A_PB1	1335	112	T	0	0	112	35
A_PB1	1336	113	G	0	0	113	35
A_PB1	1337	104	A	0	0	104	35
A_PB1	1338	93	C	0	0	93	35
A_PB1	1339	114	T	0	0	114	35
A_PB1	1340	96	T	0	0	96	35
A_PB1	1341	97	T	0	0	97	35
A_PB1	1342	90	G	0	0	90	35
A_PB1	1343	107	C	0	0	107	35
A_PB1	1344	114	T	0	0	114	35
A_PB1	1345	106	C	0	0	106	35
A_PB1	1346	95	T	0	0	95	35
A_PB1	1347	110	C	0	0	110	35
A_PB1	1348	112	A	0	0	112	35
A_PB1	1349	113	T	0	0	113	35
A_PB1	1350	95	A	0	0	95	35
A_PB1	1351	99	G	0	0	99	35
A_PB1	1352	100	T	0	0	100	35
A_PB1	1353	85	G	0	0	85	35
A_PB1	1354	87	A	0	0	87	35
A_PB1	1355	100	A	0	0	100	35
A_PB1	1356	88	T	0	0	88	35
A_PB1	1357	96	G	0	0	96	35
A_PB1	1358	100	C	0	0	100	35
A_PB1	1359	99	T	0	0	99	35
A_PB1	1360	112	C	0	0	112	35
A_PB1	1361	90	C	0	0	90	35
A_PB1	1362	94	G	0	0	94	35
A_PB1	1363	109	A	0	0	109	35
A_PB1	1364	96	A	0	0	96	35
A_PB1	1365	104	T	0	0	104	35
A_PB1	1366	103	C	0	0	103	35
A_PB1	1367	89	A	0	0	89	35
A_PB1	1368	101	T	0	0	101	35
A_PB1	1369	88	G	0	0	88	35
A_PB1	1370	97	A	0	0	97	35
A_PB1	1371	111	G	0	0	111	35
A_PB1	1372	107	G	0	0	107	35
A_PB1	1373	110	G	0	0	110	35
A_PB1	1374	88	A	0	0	88	35
A_PB1	1375	95	A	0	0	95	35
A_PB1	1376	102	T	0	0	102	35
A_PB1	1377	105	A	0	0	105	35
A_PB1	1378	87	C	0	0	87	35
A_PB1	1379	110	A	0	0	110	35
A_PB1	1380	94	A	0	0	94	35
A_PB1	1381	102	G	0	0	102	35
A_PB1	1382	99	C	0	0	99	35
A_PB1	1383	97	A	0	0	97	35
A_PB1	1384	103	G	0	0	103	35
A_PB1	1385	98	G	0	0	98	35
A_PB1	1386	92	G	0	0	92	35
A_PB1	1387	104	G	0	0	104	35
A_PB1	1388	92	T	0	0	92	35
A_PB1	1389	102	A	0	0	102	35
A_PB1	1390	90	G	0	0	90	35
A_PB1	1391	100	A	0	0	100	35
A_PB1	1392	97	C	0	0	97	35
A_PB1	1393	87	A	0	0	87	35
A_PB1	1394	95	G	0	0	95	35
A_PB1	1395	91	A	0	0	91	35
A_PB1	1396	111	T	0	0	111	35
A_PB1	1397	107	T	0	0	107	35
A_PB1	1398	103	C	0	0	103	35
A_PB1	1399	98	T	0	0	98	35
A_PB1	1400	110	A	0	0	110	35
A_PB1	1401	98	T	0	0	98	35
A_PB1	1402	103	A	0	0	103	35
A_PB1	1403	110	G	0	0	110	35
A_PB1	1404	95	A	0	0	95	35
A_PB1	1405	102	A	0	0	102	35
A_PB1	1406	107	C	0	0	107	35
A_PB1	1407	92	C	0	0	92	35
A_PB1	1408	90	T	0	0	90	35
A_PB1	1409	106	G	0	0	106	35
A_PB1	1410	106	C	0	0	106	35
A_PB1	1411	87	A	0	0	87	35
A_PB1	1412	108	A	0	0	108	35
A_PB1	1413	114	G	0	0	114	35
A_PB1	1414	107	C	0	0	107	35
A_PB1	1415	103	T	0	0	103	35
A_PB1	1416	111	G	0	0	111	35
A_PB1	1417	100	G	0	0	100	35
A_PB1	1418	88	T	0	0	88	35
A_PB1	1419	103	C	0	0	103	35
A_PB1	1420	104	G	0	0	104	35
A_PB1	1421	99	G	0	0	99	35
A_PB1	1422	95	A	0	0	95	35
A_PB1	1423	102	A	0	0	102	35
A_PB1	1424	88	T	0	0	88	35
A_PB1	1425	111	C	0	0	111	35
A_PB1	1426	99	A	0	0	99	35
A_PB1	1427	90	A	0	0	90	35
A_PB1	1428	94	C	0	0	94	35
A_PB1	1429	115	A	0	0	115	35
A_PB1	1430	97	T	0	0	97	35
A_PB1	1431	87	G	0	0	87	35
A_PB1	1432	104	A	0	0	104	35
A_PB1	1433	88	G	0	0	88	35
A_PB1	1434	106	C	0	0	106	35
A_PB1	1435	111	A	0	0	111	35
A_PB1	1436	104	A	0	0	104	35
A_PB1	1437	109	A	0	0	109	35
A_PB1	1438	111	A	0	0	111	35
A_PB1	1439	97	A	0	0	97	35
A_PB1	1440	95	G	0	0	95	35
A_PB1	1441	100	A	0	0	100	35
A_PB1	1442	105	A	0	0	105	35
A_PB1	1443	106	G	0	0	106	35
A_PB1	1444	86	T	0	0	86	35
A_PB1	1445	87	C	0	0	87	35
A_PB1	1446	91	C	0	0	91	35
A_PB1	1447	111	T	0	0	111	35
A_PB1	1448	89	A	0	0	89	35
A_PB1	1449	113	C	0	0	113	35
A_PB1	1450	103	A	0	0	103	35
A_PB1	1451	113	T	0	0	113	35
A_PB1	1452	109	A	0	0	109	35
A_PB1	1453	105	A	0	0	105	35
A_PB1	1454	110	A	0	0	110	35
A_PB1	1455	85	C	0	0	85	35
A_PB1	1456	109	A	0	0	109	35
A_PB1	1457	89	G	0	0	89	35
A_PB1	1458	106	G	0	0	106	35
A_PB1	1459	89	A	0	0	89	35
A_PB1	1460	99	C	0	0	99	35
A_PB1	1461	102	A	0	0	102	35
A_PB1	1462	94	G	0	0	94	35
A_PB1	1463	97	G	0	0	97	35
A_PB1	1464	104	A	0	0	104	35
A_PB1	1465	103	A	0	0	103	35
A_PB1	1466	99	C	0	0	99	35
A_PB1	1467	91	A	0	0	91	35
A_PB1	1468	91	T	0	0	91	35
A_PB1	1469	106	T	0	0	106	35
A_PB1	1470	113	T	0	0	113	35
A_PB1	1471	95	G	0	0	95	35
A_PB1	1472	94	A	0	0	94	35
A_PB1	1473	103	A	0	0	103	35
A_PB1	1474	110	T	0	0	110	35
A_PB1	1475	114	T	0	0	114	35
A_PB1	1476	106	C	0	0	106	35
A_PB1	1477	94	A	0	0	94	35
A_PB1	1478	114	C	0	0	114	35
A_PB1	1479	115	A	0	0	115	35
A_PB1	1480	114	A	0	0	114	35
A_PB1	1481	98	G	0	0	98	35
A_PB1	1482	107	T	0	0	107	35
A_PB1	1483	114	T	0	0	114	35
A_PB1	1484	96	T	0	0	96	35
A_PB1	1485	87	T	0	0	87	35
A_PB1	1486	103	T	0	0	103	35
A_PB1	1487	85	T	0	0	85	35
A_PB1	1488	104	C	0	0	104	35
A_PB1	1489	101	T	0	0	101	35
A_PB1	1490	97	A	0	0	97	35
A_PB1	1491	112	C	0	0	112	35
A_PB1	1492	89	C	0	0	89	35
A_PB1	1493	112	G	0	0	112	35
A_PB1	1494	94	C	0	0	94	35
A_PB1	1495	86	T	0	0	86	35
A_PB1	1496	96	A	0	0	96	35
A_PB1	1497	113	T	0	0	113	35
A_PB1	1498	102	G	0	0	102	35
A_PB1	1499	115	G	0	0	115	35
A_PB1	1500	86	A	0	0	86	35
A_PB1	1501	85	T	0	0	85	35
A_PB1	1502	107	T	0	0	107	35
A_PB1	1503	102	T	0	0	102	35
A_PB1	1504	111	G	0	0	111	35
A_PB1	1505	96	T	0	0	96	35
A_PB1	1506	88	A	0	0	88	35
A_PB1	1507	112	G	0	0	112	35
A_PB1	1508	94	C	0	0	94	35
A_PB1	1509	112	C	0	0	112	35
A_PB1	1510	85	A	0	0	85	35
A_PB1	1511	92	A	0	0	92	35
A_PB1	1512	98	C	0	0	98	35
A_PB1	1513	107	T	0	0	107	35
A_PB1	1514	103	T	0	0	103	35
A_PB1	1515	97	C	0	0	97	35
A_PB1	1516	105	A	0	0	105	35
A_PB1	1517	95	G	0	0	95	35
A_PB1	1518	107	T	0	0	107	35
A_PB1	1519	97	A	0	0	97	35
A_PB1	1520	97	T	0	0	97	35
A_PB1	1521	97	G	0	0	97	35
A_PB1	1522	98	G	0	0	98	35
A_PB1	1523	102	A	0	0	102	35
A_PB1	1524	91	G	0	0	91	35
A_PB1	1525	106	T	0	0	106	35
A_PB1	1526	90	T	0	0	90	35
A_PB1	1527	100	G	0	0	100	35
A_PB1	1528	89	C	0	0	89	35
A_PB1	1529	91	C	0	0	91	35
A_PB1	1530	102	C	0	0	102	35
A_PB1	1531	97	A	0	0	97	35
A_PB1	1532	111	G	0	0	111	35
A_PB1	1533	114	C	0	0	114	35
A_PB1	1534	96	T	0	0	96	35
A_PB1	1535	111	T	0	0	111	35
A_PB1	1536	98	T	0	0	98	35
A_PB1	1537	89	G	0	0	89	35
A_PB1	1538	94	G	0	0	94	35
A_PB1	1539	112	A	0	0	112	35
A_PB1	1540	106	G	0	0	106	35
A_PB1	1541	89	T	0	0	89	35
A_PB1	1542	89	G	0	0	89	35
A_PB1	1543	85	T	0	0	85	35
A_PB1	1544	87	C	0	0	87	35
A_PB1	1545	105	T	0	0	105	35
A_PB1	1546	85	G	0	0	85	35
A_PB1	1547	89	G	0	0	89	35
A_PB1	1548	108	G	0	0	108	35
A_PB1	1549	113	A	0	0	113	35
A_PB1	1550	100	T	0	0	100	35
A_PB1	1551	106	C	0	0	106	35
A_PB1	1552	98	A	0	0	98	35
A_PB1	1553	89	A	0	0	89	35
A_PB1	1554	87	T	0	0	87	35
A_PB1	1555	89	G	0	0	89	35
A_PB1	1556	105	A	0	0	105	35
A_PB1	1557	110	A	0	0	110	35
A_PB1	1558	98	T	0	0	98	35
A_PB1	1559	112	C	0	0	112	35
A_PB1	1560	99	T	0	0	99	35
A_PB1	1561	113	G	0	0	113	35
A_PB1	1562	110	C	0	0	110	35
A_PB1	1563	107	A	0	0	107	35
A_PB1	1564	104	G	0	0	104	35
A_PB1	1565	114	A	0	0	114	35
A_PB1	1566	98	C	0	0	98	35
A_PB1	1567	104	A	0	0	104	35
A_PB1	1568	90	T	0	0	90	35
A_PB1	1569	99	G	0	0	99	35
A_PB1	1570	101	A	0	0	101	35
A_PB1	1571	98	G	0	0	98	35
A_PB1	1572	102	C	0	0	102	35
A_PB1	1573	111	A	0	0	111	35
A_PB1	1574	99	T	0	0	99	35
A_PB1	1575	97	T	0	0	97	35
A_PB1	1576	96	G	0	0	96	35
A_PB1	1577	92	G	0	0	92	35
A_PB1	1578	90	A	0	0	90	35
A_PB1	1579	98	G	0	0	98	35
A_PB1	1580	104	T	0	0	104	35
A_PB1	1581	85	A	0	0	85	35
A_PB1	1582	103	A	0	0	103	35
A_PB1	1583	100	C	0	0	100	35
A_PB1	1584	112	A	0	0	112	35
A_PB1	1585	108	G	0	0	108	35
A_PB1	1586	92	T	0	0	92	35
A_PB1	1587	107	G	0	0	107	35
A_PB1	1588	101	A	0	0	101	35
A_PB1	1589	93	T	0	0	93	35
A_PB1	1590	98	A	0	0	98	35
A_PB1	1591	114	A	0	0	114	35
A_PB1	1592	102	A	0	0	102	35
A_PB1	1593	103	G	0	0	103	35
A_PB1	1594	96	A	0	0	96	35
A_PB1	1595	86	A	0	0	86	35
A_PB1	1596	86	C	0	0	86	35
A_PB1	1597	103	A	0	0	103	35
A_PB1	1598	100	A	0	0	100	35
A_PB1	1599	107	C	0	0	107	35
A_PB1	1600	96	A	0	0	96	35
A_PB1	1601	88	T	0	0	88	35
A_PB1	1602	103	G	0	0	103	35
A_PB1	1603	100	A	0	0	100	35
A_PB1	1604	115	T	0	0	115	35
A_PB1	1605	107	C	0	0	107	35
A_PB1	1606	87	A	0	0	87	35
A_PB1	1607	89	A	0	0	89	35
A_PB1	1608	108	C	0	0	108	35
A_PB1	1609	108	A	0	0	108	35
A_PB1	1610	101	A	0	0	101	35
A_PB1	1611	112	T	0	0	112	35
A_PB1	1612	109	G	0	0	109	35
A_PB1	1613	109	A	0	0	109	35
A_PB1	1614	93	T	0	0	93	35
A_PB1	1615	99	C	0	0	99	35
A_PB1	1616	101	T	0	0	101	35
A_PB1	1617	87	T	0	0	87	35
A_PB1	1618	101	G	0	0	101	35
A_PB1	1619	113	G	0	0	113	35
A_PB1	1620	104	A	0	0	104	35
A_PB1	1621	87	C	0	0	87	35
A_PB1	1622	92	C	0	0	92	35
A_PB1	1623	100	A	0	0	100	35
A_PB1	1624	105	G	0	0	105	35
A_PB1	1625	108	C	0	0	108	35
A_PB1	1626	106	A	0	0	106	35
A_PB1	1627	115	A	0	0	115	35
A_PB1	1628	106	C	0	0	106	35
A_PB1	1629	87	A	0	0	87	35
A_PB1	1630	106	G	0	0	106	35
A_PB1	1631	105	C	0	0	105	35
A_PB1	1632	102	T	0	0	102	35
A_PB1	1633	110	C	0	0	110	35
A_PB1	1634	103	A	0	0	103	35
A_PB1	1635	94	A	0	0	94	35
A_PB1	1636	104	A	0	0	104	35
A_PB1	1637	86	T	0	0	86	35
A_PB1	1638	113	G	0	0	113	35
A_PB1	1639	95	G	0	0	95	35
A_PB1	1640	102	C	0	0	102	35
A_PB1	1641	109	T	0	0	109	35
A_PB1	1642	85	C	0	0	85	35
A_PB1	1643	100	T	0	0	100	35
A_PB1	1644	99	T	0	0	99	35
A_PB1	1645	101	C	0	0	101	35
A_PB1	1646	113	A	0	0	113	35
A_PB1	1647	100	G	0	0	100	35
A_PB1	1648	103	C	0	0	103	35
A_PB1	1649	108	T	0	0	108	35
A_PB1	1650	95	A	0	0	95	35
A_PB1	1651	98	T	0	0	98	35
A_PB1	1652	96	T	0	0	96	35
A_PB1	1653	115	C	0	0	115	35
A_PB1	1654	110	A	0	0	110	35
A_PB1	1655	94	T	0	0	94	35
A_PB1	1656	94	C	0	0	94	35
A_PB1	1657	90	A	0	0	90	35
A_PB1	1658	86	A	0	0	86	35
A_PB1	1659	107	G	0	0	107	35
A_PB1	1660	114	G	0	0	114	35
A_PB1	1661	104	A	0	0	104	35
A_PB1	1662	108	T	0	0	108	35
A_PB1	1663	94	T	0	0	94	35
A_PB1	1664	108	A	0	0	108	35
A_PB1	1665	110	C	0	0	110	35
A_PB1	1666	103	A	0	0	103	35
A_PB1	1667	93	G	0	0	93	35
A_PB1	1668	86	A	0	0	86	35
A_PB1	1669	105	T	0	0	105	35
A_PB1	1670	100	A	0	0	100	35
A_PB1	1671	103	C	0	0	103	35
A_PB1	1672	90	A	0	0	90	35
A_PB1	1673	103	C	0	0	103	35
A_PB1	1674	86	A	0	0	86	35
A_PB1	1675	106	T	0	0	106	35
A_PB1	1676	94	A	0	0	94	35
A_PB1	1677	110	C	0	0	110	35
A_PB1	1678	108	C	0	0	108	35
A_PB1	1679	104	G	0	0	104	35
A_PB1	1680	85	A	0	0	85	35
A_PB1	1681	94	T	0	0	94	35
A_PB1	1682	100	G	0	0	100	35
A_PB1	1683	87	T	0	0	87	35
A_PB1	1684	89	C	0	0	89	35
A_PB1	1685	101	A	0	0	101	35
A_PB1	1686	87	C	0	0	87	35
A_PB1	1687	112	A	0	0	112	35
A_PB1	1688	110	G	0	0	110	35
A_PB1	1689	93	A	0	0	93	35
A_PB1	1690	93	G	0	0	93	35
A_PB1	1691	89	G	0	0	89	35
A_PB1	1692	104	A	0	0	104	35
A_PB1	1693	93	G	0	0	93	35
A_PB1	1694	93	A	0	0	93	35
A_PB1	1695	112	C	0	0	112	35
A_PB1	1696	93	A	0	0	93	35
A_PB1	1697	85	C	0	0	85	35
A_PB1	1698	108	A	0	0	108	35
A_PB1	1699	88	C	0	0	88	35
A_PB1	1700	104	A	0	0	104	35
A_PB1	1701	90	A	0	0	90	35
A_PB1	1702	114	A	0	0	114	35
A_PB1	1703	103	T	0	0	103	35
A_PB1	1704	108	T	0	0	108	35
A_PB1	1705	89	C	0	0	89	35
A_PB1	1706	106	A	0	0	106	35
A_PB1	1707	99	G	0	0	99	35
A_PB1	1708	96	A	0	0	96	35
A_PB1	1709	110	C	0	0	110	35
A_PB1	1710	90	A	0	0	90	35
A_PB1	1711	93	A	0	0	93	35
A_PB1	1712	110	G	0	0	110	35
A_PB1	1713	107	G	0	0	107	35
A_PB1	1714	92	A	0	0	92	35
A_PB1	1715	100	G	0	0	100	35
A_PB1	1716	90	G	0	0	90	35
A_PB1	1717	110	T	0	0	110	35
A_PB1	1718	101	C	0	0	101	35
A_PB1	1719	112	A	0	0	112	35
A_PB1	1720	86	T	0	0	86	35
A_PB1	1721	95	T	0	0	95	35
A_PB1	1722	87	C	0	0	87	35
A_PB1	1723	115	G	0	0	115	35
A_PB1	1724	89	A	0	0	89	35
A_PB1	1725	104	G	0	0	104	35
A_PB1	1726	114	C	0	0	114	35
A_PB1	1727	111	T	0	0	111	35
A_PB1	1728	89	G	0	0	89	35
A_PB1	1729	111	A	0	0	111	35
A_PB1	1730	100	A	0	0	100	35
A_PB1	1731	109	G	0	0	109	35
A_PB1	1732	98	A	0	0	98	35
A_PB1	1733	109	A	0	0	109	35
A_PB1	1734	97	G	0	0	97	35
A_PB1	1735	92	T	0	0	92	35
A_PB1	1736	106	T	0	0	106	35
A_PB1	1737	99	G	0	0	99	35
A_PB1	1738	108	T	0	0	108	35
A_PB1	1739	105	G	0	0	105	35
A_PB1	1740	90	G	0	0	90	35
A_PB1	1741	91	G	0	0	91	35
A_PB1	1742	103	A	0	0	103	35
A_PB1	1743	108	A	0	0	108	35
A_PB1	1744	111	C	0	0	111	35
A_PB1	1745	96	A	0	0	96	35
A_PB1	1746	86	G	0	0	86	35
A_PB1	1747	105	A	0	0	105	35
A_PB1	1748	93	C	0	0	93	35
A_PB1	1749	109	C	0	0	109	35
A_PB1	1750	111	C	0	0	111	35
A_PB1	1751	88	G	0	0	88	35
A_PB1	1752	86	C	0	0	86	35
A_PB1	1753	90	T	0	0	90	35
A_PB1	1754	99	C	0	0	99	35
A_PB1	1755	97	A	0	0	97	35
A_PB1	1756	100	A	0	0	100	35
A_PB1	1757	94	A	0	0	94	35
A_PB1	1758	100	A	0	0	100	35
A_PB1	1759	108	G	0	0	108	35
A_PB1	1760	115	C	0	0	115	35
A_PB1	1761	109	A	0	0	109	35
A_PB1	1762	114	G	0	0	114	35
A_PB1	1763	102	G	0	0	102	35
A_PB1	1764	92	A	0	0	92	35
A_PB1	1765	97	C	0	0	97	35
A_PB1	1766	106	T	0	0	106	35
A_PB1	1767	107	G	0	0	107	35
A_PB1	1768	97	C	0	0	97	35
A_PB1	1769	100	T	0	0	100	35
A_PB1	1770	93	G	0	0	93	35
A_PB1	1771	89	G	0	0	89	35
A_PB1	1772	101	T	0	0	101	35
A_PB1	1773	112	C	0	0	112	35
A_PB1	1774	98	T	0	0	98	35
A_PB1	1775	85	C	0	0	85	35
A_PB1	1776	94	A	0	0	94	35
A_PB1	1777	114	G	0	0	114	35
A_PB1	1778	110	A	0	0	110	35
A_PB1	1779	99	T	0	0	99	35
A_PB1	1780	97	G	0	0	97	35
A_PB1	1781	106	G	0	0	106	35
A_PB1	1782	95	A	0	0	95	35
A_PB1	1783	115	G	0	0	115	35
A_PB1	1784	101	G	0	0	101	35
A_PB1	1785	106	A	0	0	106	35
A_PB1	1786	115	C	0	0	115	35
A_PB1	1787	86	C	0	0	86	35
A_PB1	1788	88	A	0	0	88	35
A_PB1	1789	114	A	0	0	114	35
A_PB1	1790	102	A	0	0	102	35
A_PB1	1791	105	T	0	0	105	35
A_PB1	1792	96	C	0	0	96	35
A_PB1	1793	115	T	0	0	115	35
A_PB1	1794	112	A	0	0	112	35
A_PB1	1795	98	T	0	0	98	35
A_PB1	1796	104	A	0	0	104	35
A_PB1	1797	114	C	0	0	114	35
A_PB1	1798	105	A	0	0	105	35
A_PB1	1799	112	A	0	0	112	35
A_PB1	1800	93	T	0	0	93	35
A_PB1	1801	95	A	0	0	95	35
A_PB1	1802	93	T	0	0	93	35
A_PB1	1803	93	T	0	0	93	35
A_PB1	1804	110	C	0	0	110	35
A_PB1	1805	88	G	0	0	88	35
A_PB1	1806	93	G	0	0	93	35
A_PB1	1807	105	A	0	0	105	35
A_PB1	1808	103	A	0	0	103	35
A_PB1	1809	97	T	0	0	97	35
A_PB1	1810	99	C	0	0	99	35
A_PB1	1811	109	T	0	0	109	35
A_PB1	1812	106	T	0	0	106	35
A_PB1	1813	108	C	0	0	108	35
A_PB1	1814	92	A	0	0	92	35
A_PB1	1815	108	C	0	0	108	35
A_PB1	1816	106	A	0	0	106	35
A_PB1	1817	103	T	0	0	103	35
A_PB1	1818	109	T	0	0	109	35
A_PB1	1819	91	C	0	0	91	35
A_PB1	1820	101	C	0	0	101	35
A_PB1	1821	95	A	0	0	95	35
A_PB1	1822	106	G	0	0	106	35
A_PB1	1823	107	A	0	0	107	35
A_PB1	1824	90	A	0	0	90	35
A_PB1	1825	95	G	0	0	95	35
A_PB1	1826	102	T	0	0	102	35
A_PB1	1827	85	C	0	0	85	35
A_PB1	1828	106	T	0	0	106	35
A_PB1	1829	85	G	0	0	85	35
A_PB1	1830	111	C	0	0	111	35
A_PB1	1831	87	T	0	0	87	35
A_PB1	1832	85	T	0	0	85	35
A_PB1	1833	98	G	0	0	98	35
A_PB1	1834	88	A	0	0	88	35
A_PB1	1835	101	A	0	0	101	35
A_PB1	1836	88	A	0	0	88	35
A_PB1	1837	106	T	0	0	106	35
A_PB1	1838	99	G	0	0	99	35
A_PB1	1839	96	G	0	0	96	35
A_PB1	1840	92	G	0	0	92	35
A_PB1	1841	108	A	0	0	108	35
A_PB1	1842	94	G	0	0	94	35
A_PB1	1843	93	C	0	0	93	35
A_PB1	1844	91	T	0	0	91	35
A_PB1	1845	86	A	0	0	86	35
A_PB1	1846	85	A	0	0	85	35
A_PB1	1847	104	T	0	0	104	35
A_PB1	1848	87	G	0	0	87	35
A_PB1	1849	86	G	0	0	86	35
A_PB1	1850	115	A	0	0	115	35
A_PB1	1851	104	C	0	0	104	35
A_PB1	1852	106	G	0	0	106	35
A_PB1	1853	113	A	0	0	113	35
A_PB1	1854	111	A	0	0	111	35
A_PB1	1855	91	G	0	0	91	35
A_PB1	1856	115	A	0	0	115	35
A_PB1	1857	104	C	0	0	104	35
A_PB1	1858	105	T	0	0	105	35
A_PB1	1859	88	A	0	0	88	35
A_PB1	1860	107	T	0	0	107	35
A_PB1	1861	115	C	0	0	115	35
A_PB1	1862	88	A	0	0	88	35
A_PB1	1863	87	G	0	0	87	35
A_PB1	1864	112	G	0	0	112	35
A_PB1	1865	104	G	0	0	104	35
A_PB1	1866	89	A	0	0	89	35
A_PB1	1867	97	A	0	0	97	35
A_PB1	1868	106	G	0	0	106	35
A_PB1	1869	109	G	0	0	109	35
A_PB1	1870	113	C	0	0	113	35
A_PB1	1871	105	T	0	0	105	35
A_PB1	1872	103	T	0	0	103	35
A_PB1	1873	110	T	0	0	110	35
A_PB1	1874	115	G	0	0	115	35
A_PB1	1875	90	T	0	0	90	35
A_PB1	1876	113	A	0	0	113	35
A_PB1	1877	88	A	0	0	88	35
A_PB1	1878	107	T	0	0	107	35
A_PB1	1879	90	C	0	0	90	35
A_PB1	1880	93	C	0	0	93	35
A_PB1	1881	94	C	0	0	94	35
A_PB1	1882	99	C	0	0	99	35
A_PB1	1883	106	T	0	0	106	35
A_PB1	1884	114	G	0	0	114	35
A_PB1	1885	87	A	0	0	87	35
A_PB1	1886	105	A	0	0	105	35
A_PB1	1887	99	C	0	0	99	35
A_PB1	1888	114	C	0	0	114	35
A_PB1	1889	93	C	0	0	93	35
A_PB1	1890	109	G	0	0	109	35
A_PB1	1891	98	T	0	0	98	35
A_PB1	1892	107	T	0	0	107	35
A_PB1	1893	113	T	0	0	113	35
A_PB1	1894	106	G	0	0	106	35
A_PB1	1895	109	T	0	0	109	35
A_PB1	1896	109	C	0	0	109	35
A_PB1	1897	95	A	0	0	95	35
A_PB1	1898	93	G	0	0	93	35
A_PB1	1899	90	C	0	0	90	35
A_PB1	1900	109	C	0	0	109	35
A_PB1	1901	87	A	0	0	87	35
A_PB1	1902	93	C	0	0	93	35
A_PB1	1903	109	A	0	0	109	35
A_PB1	1904	86	A	0	0	86	35
A_PB1	1905	97	G	0	0	97	35
A_PB1	1906	97	G	0	0	97	35
A_PB1	1907	95	A	0	0	95	35
A_PB1	1908	86	A	0	0	86	35
A_PB1	1909	93	A	0	0	93	35
A_PB1	1910	115	T	0	0	115	35
A_PB1	1911	111	A	0	0	111	35
A_PB1	1912	93	G	0	0	93	35
A_PB1	1913	90	A	0	0	90	35
A_PB1	1914	99	G	0	0	99	35
A_PB1	1915	87	T	0	0	87	35
A_PB1	1916	100	C	0	0	100	35
A_PB1	1917	114	T	0	0	114	35
A_PB1	1918	91	G	0	0	91	35
A_PB1	1919	104	T	0	0	104	35
A_PB1	1920	97	G	0	0	97	35
A_PB1	1921	90	A	0	0	90	35
A_PB1	1922	105	A	0	0	105	35
A_PB1	1923	100	C	0	0	100	35
A_PB1	1924	88	A	0	0	88	35
A_PB1	1925	89	A	0	0	89	35
A_PB1	1926	102	C	0	0	102	35
A_PB1	1927	109	G	0	0	109	35
A_PB1	1928	98	C	0	0	98	35
A_PB1	1929	91	T	0	0	91	35
A_PB1	1930	104	G	0	0	104	35
A_PB1	1931	105	T	0	0	105	35
A_PB1	1932	88	G	0	0	88	35
A_PB1	1933	114	G	0	0	114	35
A_PB1	1934	99	T	0	0	99	35
A_PB1	1935	107	G	0	0	107	35
A_PB1	1936	93	A	0	0	93	35
A_PB1	1937	88	T	0	0	88	35
A_PB1	1938	86	G	0	0	86	35
A_PB1	1939	87	C	0	0	87	35
A_PB1	1940	87	C	0	0	87	35
A_PB1	1941	103	A	0	0	103	35
A_PB1	1942	108	G	0	0	108	35
A_PB1	1943	93	C	0	0	93	35
A_PB1	1944	109	T	0	0	109	35
A_PB1	1945	99	C	0	0	99	35
A_PB1	1946	85	A	0	0	85	35
A_PB1	1947	113	T	0	0	113	35
A_PB1	1948	100	G	0	0	100	35
A_PB1	1949	89	G	0	0	89	35
A_PB1	1950	105	C	0	0	105	35
A_PB1	1951	105	C	0	0	105	35
A_PB1	1952	85	C	0	0	85	35
A_PB1	1953	114	G	0	0	114	35
A_PB1	1954	86	G	0	0	86	35
A_PB1	1955	106	C	0	0	106	35
A_PB1	1956	97	C	0	0	97	35
A_PB1	1957	93	A	0	0	93	35
A_PB1	1958	89	A	0	0	89	35
A_PB1	1959	107	G	0	0	107	35
A_PB1	1960	95	A	0	0	95	35
A_PB1	1961	113	G	0	0	113	35
A_PB1	1962	97	C	0	0	97	35
A_PB1	1963	103	A	0	0	103	35
A_PB1	1964	85	T	0	0	85	35
A_PB1	1965	101	G	0	0	101	35
A_PB1	1966	107	G	0	0	107	35
A_PB1	1967	115	A	0	0	115	35
A_PB1	1968	109	A	0	0	109	35
A_PB1	1969	100	T	0	0	100	35
A_PB1	1970	100	A	0	0	100	35
A_PB1	1971	98	T	0	0	98	35
A_PB1	1972	97	G	0	0	97	35
A_PB1	1973	112	A	0	0	112	35
A_PB1	1974	108	T	0	0	108	35
A_PB1	1975	109	G	0	0	109	35
A_PB1	1976	110	C	0	0	110	35
A_PB1	1977	110	T	0	0	110	35
A_PB1	1978	87	G	0	0	87	35
A_PB1	1979	102	T	0	0	102	35
A_PB1	1980	92	T	0	0	92	35
A_PB1	1981	85	G	0	0	85	35
A_PB1	1982	97	C	0	0	97	35
A_PB1	1983	115	C	0	0	115	35
A_PB1	1984	107	A	0	0	107	35
A_PB1	1985	111	C	0	0	111	35
A_PB1	1986	109	C	0	0	109	35
A_PB1	1987	100	A	0	0	100	35
A_PB1	1988	88	C	0	0	88	35
A_PB1	1989	103	T	0	0	103	35
A_PB1	1990	102	C	0	0	102	35
A_PB1	1991	114	A	0	0	114	35
A_PB1	1992	96	C	0	0	96	35
A_PB1	1993	95	T	0	0	95	35
A_PB1	1994	106	C	0	0	106	35
A_PB1	1995	94	C	0	0	94	35
A_PB1	1996	97	T	0	0	97	35
A_PB1	1997	86	G	0	0	86	35
A_PB1	1998	105	G	0	0	105	35
A_PB1	1999	115	A	0	0	115	35
A_PB1	2000	105	T	0	0	105	35
A_PB1	2001	87	A	0	0	87	35
A_PB1	2002	96	C	0	0	96	35
A_PB1	2003	102	C	0	0	102	35
A_PB1	2004	112	G	0	0	112	35
A_PB1	2005	115	A	0	0	115	35
A_PB1	2006	95	A	0	0	95	35
A_PB1	2007	87	G	0	0	87	35
A_PB1	2008	111	A	0	0	111	35
A_PB1	2009	99	G	0	0	99	35
A_PB1	2010	109	G	0	0	109	35
A_PB1	2011	109	A	0	0	109	35
A_PB1	2012	94	A	0	0	94	35
A_PB1	2013	105	C	0	0	105	35
A_PB1	2014	91	C	0	0	91	35
A_PB1	2015	90	G	0	0	90	35
A_PB1	2016	102	C	0	0	102	35
A_PB1	2017	86	T	0	0	86	35
A_PB1	2018	115	C	0	0	115	35
A_PB1	2019	97	C	0	0	97	35
A_PB1	2020	106	A	0	0	106	35
A_PB1	2021	91	T	0	0	91	35
A_PB1	2022	94	T	0	0	94	35
A_PB1	2023	107	C	0	0	107	35
A_PB1	2024	97	T	0	0	97	35
A_PB1	2025	113	C	0	0	113	35
A_PB1	2026	88	A	0	0	88	35
A_PB1	2027	105	A	0	0	105	35
A_PB1	2028	107	T	0	0	107	35
A_PB1	2029	96	A	0	0	96	35
A_PB1	2030	100	C	0	0	100	35
A_PB1	2031	87	A	0	0	87	35
A_PB1	2032	113	A	0	0	113	35
A_PB1	2033	105	G	0	0	105	35
A_PB1	2034	99	C	0	0	99	35
A_PB1	2035	108	C	0	0	108	35
A_PB1	2036	91	A	0	0	91	35
A_PB1	2037	89	A	0	0	89	35
A_PB1	2038	86	A	0	0	86	35
A_PB1	2039	91	G	0	0	91	35
A_PB1	2040	85	G	0	0	85	35
A_PB1	2041	108	G	0	0	108	35
A_PB1	2042	103	G	0	0	103	35
A_PB1	2043	92	A	0	0	92	35
A_PB1	2044	100	A	0	0	100	35
A_PB1	2045	97	T	0	0	97	35
A_PB1	2046	87	C	0	0	87	35
A_PB1	2047	110	C	0	0	110	35
A_PB1	2048	102	T	0	0	102	35
A_PB1	2049	105	T	0	0	105	35
A_PB1	2050	94	G	0	0	94	35
A_PB1	2051	100	A	0	0	100	35
A_PB1	2052	102	A	0	0	102	35
A_PB1	2053	115	G	0	0	115	35
A_PB1	2054	111	A	0	0	111	35
A_PB1	2055	110	C	0	0	110	35
A_PB1	2056	99	G	0	0	99	35
A_PB1	2057	115	A	0	0	115	35
A_PB1	2058	85	A	0	0	85	35
A_PB1	2059	86	C	0	0	86	35
A_PB1	2060	95	A	0	0	95	35
A_PB1	2061	86	G	0	0	86	35
A_PB1	2062	95	A	0	0	95	35
A_PB1	2063	110	T	0	0	110	35
A_PB1	2064	108	G	0	0	108	35
A_PB1	2065	86	T	0	0	86	35
A_PB1	2066	97	A	0	0	97	35
A_PB1	2067	88	T	0	0	88	35
A_PB1	2068	91	C	0	0	91	35
A_PB1	2069	110	A	0	0	110	35
A_PB1	2070	105	A	0	0	105	35
A_PB1	2071	106	A	0	0	106	35
A_PB1	2072	101	A	0	0	101	35
A_PB1	2073	99	G	0	0	99	35
A_PB1	2074	115	T	0	0	115	35
A_PB1	2075	106	G	0	0	106	35
A_PB1	2076	112	C	0	0	112	35
A_PB1	2077	112	T	0	0	112	35
A_PB1	2078	102	G	0	0	102	35
A_PB1	2079	89	C	0	0	89	35
A_PB1	2080	108	A	0	0	108	35
A_PB1	2081	103	A	0	0	103	35
A_PB1	2082	92	C	0	0	92	35
A_PB1	2083	114	C	0	0	114	35
A_PB1	2084	87	T	0	0	87	35
A_PB1	2085	86	G	0	0	86	35
A_PB1	2086	108	T	0	0	108	35
A_PB1	2087	89	T	0	0	89	35
A_PB1	2088	100	C	0	0	100	35
A_PB1	2089	105	G	0	0	105	35
A_PB1	2090	85	A	0	0	85	35
A_PB1	2091	100	A	0	0	100	35
A_PB1	2092	114	A	0	0	114	35
A_PB1	2093	114	A	0	0	114	35
A_PB1	2094	104	A	0	0	104	35
A_PB1	2095	86	T	0	0	86	35
A_PB1	2096	92	T	0	0	92	35
A_PB1	2097	107	C	0	0	107	35
A_PB1	2098	105	T	0	0	105	35
A_PB1	2099	89	T	0	0	89	35
A_PB1	2100	85	C	0	0	85	35
A_PB1	2101	90	C	0	0	90	35
A_PB1	2102	105	C	0	0	105	35
A_PB1	2103	86	T	0	0	86	35
A_PB1	2104	113	A	0	0	113	35
A_PB1	2105	94	G	0	0	94	35
A_PB1	2106	111	C	0	0	111	35
A_PB1	2107	110	A	0	0	110	35
A_PB1	2108	88	G	0	0	88	35
A_PB1	2109	99	T	0	0	99	35
A_PB1	2110	104	T	0	0	104	35
A_PB1	2111	90	C	0	0	90	35
A_PB1	2112	111	A	0	0	111	35
A_PB1	2113	103	T	0	0	103	35
A_PB1	2114	87	A	0	0	87	35
A_PB1	2115	111	C	0	0	111	35
A_PB1	2116	111	A	0	0	111	35
A_PB1	2117	88	G	0	0	88	35
A_PB1	2118	88	G	0	0	88	35
A_PB1	2119	100	A	0	0	100	35
A_PB1	2120	104	G	0	0	104	35
A_PB1	2121	110	G	0	0	110	35
A_PB1	2122	104	C	0	0	104	35
A_PB1	2123	92	C	0	0	92	35
A_PB1	2124	87	A	0	0	87	35
A_PB1	2125	110	G	0	0	110	35
A_PB1	2126	91	T	0	0	91	35
A_PB1	2127	98	T	0	0	98	35
A_PB1	2128	95	G	0	0	95	35
A_PB1	2129	110	G	0	0	110	35
A_PB1	2130	111	A	0	0	111	35
A_PB1	2131	108	A	0	0	108	35
A_PB1	2132	106	T	0	0	106	35
A_PB1	2133	97	T	0	0	97	35
A_PB1	2134	95	T	0	0	95	35
A_PB1	2135	88	C	0	0	88	35
A_PB1	2136	106	C	0	0	106	35
A_PB1	2137	103	A	0	0	103	35
A_PB1	2138	102	G	0	0	102	35
A_PB1	2139	89	C	0	0	89	35
A_PB1	2140	95	A	0	0	95	35
A_PB1	2141	111	T	0	0	111	35
A_PB1	2142	115	G	0	0	115	35
A_PB1	2143	110	G	0	0	110	35
A_PB1	2144	91	T	0	0	91	35
A_PB1	2145	109	G	0	0	109	35
A_PB1	2146	86	G	0	0	86	35
A_PB1	2147	103	A	0	0	103	35
A_PB1	2148	90	G	0	0	90	35
A_PB1	2149	95	G	0	0	95	35
A_PB1	2150	87	C	0	0	87	35
A_PB1	2151	88	C	0	0	88	35
A_PB1	2152	93	A	0	0	93	35
A_PB1	2153	89	T	0	0	89	35
A_PB1	2154	109	G	0	0	109	35
A_PB1	2155	98	G	0	0	98	35
A_PB1	2156	90	T	0	0	90	35
A_PB1	2157	107	T	0	0	107	35
A_PB1	2158	96	T	0	0	96	35
A_PB1	2159	102	C	0	0	102	35
A_PB1	2160	90	T	0	0	90	35
A_PB1	2161	99	A	0	0	99	35
A_PB1	2162	92	G	0	0	92	35
A_PB1	2163	114	G	0	0	114	35
A_PB1	2164	103	G	0	0	103	35
A_PB1	2165	86	C	0	0	86	35
A_PB1	2166	89	C	0	0	89	35
A_PB1	2167	88	C	0	0	88	35
A_PB1	2168	110	G	0	0	110	35
A_PB1	2169	112	A	0	0	112	35
A_PB1	2170	105	A	0	0	105	35
A_PB1	2171	104	T	0	0	104	35
A_PB1	2172	97	T	0	0	97	35
A_PB1	2173	109	G	0	0	109	35
A_PB1	2174	90	A	0	0	90	35
A_PB1	2175	85	C	0	0	85	35
A_PB1	2176	113	G	0	0	113	35
A_PB1	2177	100	C	0	0	100	35
A_PB1	2178	87	A	0	0	87	35
A_PB1	2179	85	C	0	0	85	35
A_PB1	2180	85	G	0	0	85	35
A_PB1	2181	90	A	0	0	90	35
A_PB1	2182	114	A	0	0	114	35
A_PB1	2183	87	T	0	0	87	35
A_PB1	2184	107	T	0	0	107	35
A_PB1	2185	105	G	0	0	105	35
A_PB1	2186	103	A	0	0	103	35
A_PB1	2187	113	C	0	0	113	35
A_PB1	2188	94	T	0	0	94	35
A_PB1	2189	98	T	0	0	98	35
A_PB1	2190	107	C	0	0	107	35
A_PB1	2191	110	G	0	0	110	35
A_PB1	2192	110	A	0	0	110	35
A_PB1	2193	109	A	0	0	109	35
A_PB1	2194	100	T	0	0	100	35
A_PB1	2195	107	C	0	0	107	35
A_PB1	2196	89	T	0	0	89	35
A_PB1	2197	91	G	0	0	91	35
A_PB1	2198	89	G	0	0	89	35
A_PB1	2199	105	A	0	0	105	35
A_PB1	2200	93	C	0	0	93	35
A_PB1	2201	101	G	0	0	101	35
A_PB1	2202	99	G	0	0	99	35
A_PB1	2203	98	A	0	0	98	35
A_PB1	2204	92	T	0	0	92	35
A_PB1	2205	115	T	0	0	115	35
A_PB1	2206	90	A	0	0	90	35
A_PB1	2207	104	A	0	0	104	35
A_PB1	2208	107	G	0	0	107	35
A_PB1	2209	86	A	0	0	86	35
A_PB1	2210	104	A	0	0	104	35
A_PB1	2211	90	G	0	0	90	35
A_PB1	2212	107	G	0	0	107	35
A_PB1	2213	100	A	0	0	100	35
A_PB1	2214	104	G	0	0	104	35
A_PB1	2215	115	G	0	0	115	35
A_PB1	2216	87	A	0	0	87	35
A_PB1	2217	105	G	0	0	105	35
A_PB1	2218	111	T	0	0	111	35
A_PB1	2219	110	T	0	0	110	35
A_PB1	2220	94	T	0	0	94	35
A_PB1	2221	96	G	0	0	96	35
A_PB1	2222	98	C	0	0	98	35
A_PB1	2223	85	T	0	0	85	35
A_PB1	2224	102	G	0	0	102	35
A_PB1	2225	92	A	0	0	92	35
A_PB1	2226	91	G	0	0	91	35
A_PB1	2227	88	A	0	0	88	35
A_PB1	2228	101	T	0	0	101	35
A_PB1	2229	88	C	0	0	88	35
A_PB1	2230	104	A	0	0	104	35
A_PB1	2231	96	T	0	0	96	35
A_PB1	2232	112	G	0	0	112	35
A_PB1	2233	109	A	0	0	109	35
A_PB1	2234	102	A	0	0	102	35
A_PB1	2235	101	G	0	0	101	35
A_PB1	2236	92	A	0	0	92	35
A_PB1	2237	99	T	0	0	99	35
A_PB1	2238	109	C	0	0	109	35
A_PB1	2239	105	T	0	0	105	35
A_PB1	2240	106	G	0	0	106	35
A_PB1	2241	91	T	0	0	91	35
A_PB1	2242	93	T	0	0	93	35
A_PB1	2243	86	C	0	0	86	35
A_PB1	2244	91	C	0	0	91	35
A_PB1	2245	88	A	0	0	88	35
A_PB1	2246	110	C	0	0	110	35
A_PB1	2247	89	C	0	0	89	35
A_PB1	2248	106	A	0	0	106	35
A_PB1	2249	112	T	0	0	112	35
A_PB1	2250	115	T	0	0	115	35
A_PB1	2251	114	G	0	0	114	35
A_PB1	2252	100	A	0	0	100	35
A_PB1	2253	100	A	0	0	100	35
A_PB1	2254	90	G	0	0	90	35
A_PB1	2255	90	A	0	0	90	35
A_PB1	2256	106	G	0	0	106	35
A_PB1	2257	114	C	0	0	114	35
A_PB1	2258	86	T	0	0	86	35
A_PB1	2259	86	C	0	0	86	35
A_PB1	2260	105	A	0	0	105	35
A_PB1	2261	96	G	0	0	96	35
A_PB1	2262	94	A	0	0	94	35
A_PB1	2263	91	C	0	0	91	35
A_PB1	2264	98	G	0	0	98	35
A_PB1	2265	93	G	0	0	93	35
A_PB1	2266	95	C	0	0	95	35
A_PB1	2267	104	A	0	0	104	35
A_PB1	2268	110	G	0	0	110	35
A_PB1	2269	113	A	0	0	113	35
A_PB1	2270	109	A	0	0	109	35
A_PB1	2271	99	A	0	0	99	35
A_PB1	2272	86	T	0	0	86	35
A_PB1	2273	88	A	0	0	88	35
A_PB1	2274	108	G	0	0	108	35
