Reference_Name	Position	Coverage Depth	Consensus	Deletions	Ambiguous	Consensus_Count	Consensus_Average_Quality
A_PB2	1	85	A	0	0	85	35
A_PB2	2	100	T	0	0	100	35
A_PB2	3	101	G	0	0	101	35
A_PB2	4	88	G	0	0	88	35
A_PB2	5	87	A	0	0	87	35
A_PB2	6	113	G	0	0	113	35
A_PB2	7	92	A	0	0	92	35
A_PB2	8	108	G	0	0	108	35
A_PB2	9	99	A	0	0	99	35
A_PB2	10	103	A	0	0	103	35
A_PB2	11	103	T	0	0	103	35
A_PB2	12	95	A	0	0	95	35
A_PB2	13	98	A	0	0	98	35
A_PB2	14	91	A	0	0	91	35
A_PB2	15	108	A	0	0	108	35
A_PB2	16	106	G	0	0	106	35
A_PB2	17	113	A	0	0	113	35
A_PB2	18	95	A	0	0	95	35
A_PB2	19	92	C	0	0	92	35
A_PB2	20	109	T	0	0	109	35
A_PB2	21	88	A	0	0	88	35
A_PB2	22	95	A	0	0	95	35
A_PB2	23	92	G	0	0	92	35
A_PB2	24	88	A	0	0	88	35
A_PB2	25	92	G	0	0	92	35
A_PB2	26	108	A	0	0	108	35
A_PB2	27	98	T	0	0	98	35
A_PB2	28	112	C	0	0	112	35
A_PB2	29	91	T	0	0	91	35
A_PB2	30	97	A	0	0	97	35
A_PB2	31	113	A	0	0	113	35
A_PB2	32	92	T	0	0	92	35
A_PB2	33	87	G	0	0	87	35
A_PB2	34	100	T	0	0	100	35
A_PB2	35	103	C	0	0	103	35
A_PB2	36	100	A	0	0	100	35
A_PB2	37	86	C	0	0	86	35
A_PB2	38	113	A	0	0	113	35
A_PB2	39	98	G	0	0	98	35
A_PB2	40	89	T	0	0	89	35
A_PB2	41	91	C	0	0	91	35
A_PB2	42	114	T	0	0	114	35
A_PB2	43	104	C	0	0	104	35
A_PB2	44	99	G	0	0	99	35
A_PB2	45	90	C	0	0	90	35
A_PB2	46	97	A	0	0	97	35
A_PB2	47	96	C	0	0	96	35
A_PB2	48	89	T	0	0	89	35
A_PB2	49	99	C	0	0	99	35
A_PB2	50	108	G	0	0	108	35
A_PB2	51	91	C	0	0	91	35
A_PB2	52	105	G	0	0	105	35
A_PB2	53	96	A	0	0	96	35
A_PB2	54	93	G	0	0	93	35
A_PB2	55	91	A	0	0	91	35
A_PB2	56	95	T	0	0	95	35
A_PB2	57	89	A	0	0	89	35
A_PB2	58	86	C	0	0	86	35
A_PB2	59	107	T	0	0	107	35
A_PB2	60	103	G	0	0	103	35
A_PB2	61	86	A	0	0	86	35
A_PB2	62	93	C	0	0	93	35
A_PB2	63	89	C	0	0	89	35
A_PB2	64	88	A	0	0	88	35
A_PB2	65	112	A	0	0	112	35
A_PB2	66	99	A	0	0	99	35
A_PB2	67	99	A	0	0	99	35
A_PB2	68	98	C	0	0	98	35
A_PB2	69	90	C	0	0	90	35
A_PB2	70	109	A	0	0	109	35
A_PB2	71	95	C	0	0	95	35
A_PB2	72	92	T	0	0	92	35
A_PB2	73	113	G	0	0	113	35
A_PB2	74	94	T	0	0	94	35
A_PB2	75	104	T	0	0	104	35
A_PB2	76	90	G	0	0	90	35
A_PB2	77	110	A	0	0	110	35
A_PB2	78	110	C	0	0	110	35
A_PB2	79	105	C	0	0	105	35
A_PB2	80	115	A	0	0	115	35
A_PB2	81	104	C	0	0	104	35
A_PB2	82	113	A	0	0	113	35
A_PB2	83	90	T	0	0	90	35
A_PB2	84	103	G	0	0	103	35
A_PB2	85	102	G	0	0	102	35
A_PB2	86	112	C	0	0	112	35
A_PB2	87	92	C	0	0	92	35
A_PB2	88	87	A	0	0	87	35
A_PB2	89	98	T	0	0	98	35
A_PB2	90	112	A	0	0	112	35
A_PB2	91	101	A	0	0	101	35
A_PB2	92	100	T	0	0	100	35
A_PB2	93	112	C	0	0	112	35
A_PB2	94	91	A	0	0	91	35
A_PB2	95	103	A	0	0	103	35
A_PB2	96	100	A	0	0	100	35
A_PB2	97	111	A	0	0	111	35
A_PB2	98	99	A	0	0	99	35
A_PB2	99	93	G	0	0	93	35
A_PB2	100	85	T	0	0	85	35
A_PB2	101	108	A	0	0	108	35
A_PB2	102	98	C	0	0	98	35
A_PB2	103	108	A	0	0	108	35
A_PB2	104	112	C	0	0	112	35
A_PB2	105	92	A	0	0	92	35
A_PB2	106	92	T	0	0	92	35
A_PB2	107	95	C	0	0	95	35
A_PB2	108	98	G	0	0	98	35
A_PB2	109	103	G	0	0	103	35
A_PB2	110	92	G	0	0	92	35
A_PB2	111	113	A	0	0	113	35
A_PB2	112	114	A	0	0	114	35
A_PB2	113	103	G	0	0	103	35
A_PB2	114	115	G	0	0	115	35
A_PB2	115	89	C	0	0	89	35
A_PB2	116	114	A	0	0	114	35
A_PB2	117	103	A	0	0	103	35
A_PB2	118	113	G	0	0	113	35
A_PB2	119	85	A	0	0	85	35
A_PB2	120	98	G	0	0	98	35
A_PB2	121	86	A	0	0	86	35
A_PB2	122	86	A	0	0	86	35
A_PB2	123	100	G	0	0	100	35
A_PB2	124	108	A	0	0	108	35
A_PB2	125	109	A	0	0	109	35
A_PB2	126	101	C	0	0	101	35
A_PB2	127	86	C	0	0	86	35
A_PB2	128	98	C	0	0	98	35
A_PB2	129	101	C	0	0	101	35
A_PB2	130	97	G	0	0	97	35
A_PB2	131	100	C	0	0	100	35
A_PB2	132	110	A	0	0	110	35
A_PB2	133	110	C	0	0	110	35
A_PB2	134	107	T	0	0	107	35
A_PB2	135	111	C	0	0	111	35
A_PB2	136	88	A	0	0	88	35
A_PB2	137	99	G	0	0	99	35
A_PB2	138	100	A	0	0	100	35
A_PB2	139	92	A	0	0	92	35
A_PB2	140	87	T	0	0	87	35
A_PB2	141	102	G	0	0	102	35
A_PB2	142	109	A	0	0	109	35
A_PB2	143	85	A	0	0	85	35
A_PB2	144	107	A	0	0	107	35
A_PB2	145	108	T	0	0	108	35
A_PB2	146	98	G	0	0	98	35
A_PB2	147	115	G	0	0	115	35
A_PB2	148	91	A	0	0	91	35
A_PB2	149	89	T	0	0	89	35
A_PB2	150	96	G	0	0	96	35
A_PB2	151	94	A	0	0	94	35
A_PB2	152	92	T	0	0	92	35
A_PB2	153	105	G	0	0	105	35
A_PB2	154	87	G	0	0	87	35
A_PB2	155	85	C	0	0	85	35
A_PB2	156	100	A	0	0	100	35
A_PB2	157	106	A	0	0	106	35
A_PB2	158	94	T	0	0	94	35
A_PB2	159	90	G	0	0	90	35
A_PB2	160	107	A	0	0	107	35
A_PB2	161	99	A	0	0	99	35
A_PB2	162	112	A	0	0	112	35
A_PB2	163	103	T	0	0	103	35
A_PB2	164	108	A	0	0	108	35
A_PB2	165	103	T	0	0	103	35
A_PB2	166	85	C	0	0	85	35
A_PB2	167	99	C	0	0	99	35
A_PB2	168	99	A	0	0	99	35
A_PB2	169	109	A	0	0	109	35
A_PB2	170	89	T	0	0	89	35
A_PB2	171	112	T	0	0	112	35
A_PB2	172	107	A	0	0	107	35
A_PB2	173	97	C	0	0	97	35
A_PB2	174	90	A	0	0	90	35
A_PB2	175	110	G	0	0	110	35
A_PB2	176	112	C	0	0	112	35
A_PB2	177	96	A	0	0	96	35
A_PB2	178	105	G	0	0	105	35
A_PB2	179	99	A	0	0	99	35
A_PB2	180	107	T	0	0	107	35
A_PB2	181	105	A	0	0	105	35
A_PB2	182	85	A	0	0	85	35
A_PB2	183	112	G	0	0	112	35
A_PB2	184	105	C	0	0	105	35
A_PB2	185	87	G	0	0	87	35
A_PB2	186	97	A	0	0	97	35
A_PB2	187	113	A	0	0	113	35
A_PB2	188	107	T	0	0	107	35
A_PB2	189	95	A	0	0	95	35
A_PB2	190	101	A	0	0	101	35
A_PB2	191	86	T	0	0	86	35
A_PB2	192	94	G	0	0	94	35
A_PB2	193	98	G	0	0	98	35
A_PB2	194	109	A	0	0	109	35
A_PB2	195	93	A	0	0	93	35
A_PB2	196	107	A	0	0	107	35
A_PB2	197	115	T	0	0	115	35
A_PB2	198	104	G	0	0	104	35
A_PB2	199	102	A	0	0	102	35
A_PB2	200	103	T	0	0	103	35
A_PB2	201	110	C	0	0	110	35
A_PB2	202	91	C	0	0	91	35
A_PB2	203	110	C	0	0	110	35
A_PB2	204	106	T	0	0	106	35
A_PB2	205	87	G	0	0	87	35
A_PB2	206	104	A	0	0	104	35
A_PB2	207	113	G	0	0	113	35
A_PB2	208	95	A	0	0	95	35
A_PB2	209	108	G	0	0	108	35
A_PB2	210	114	G	0	0	114	35
A_PB2	211	86	A	0	0	86	35
A_PB2	212	101	A	0	0	101	35
A_PB2	213	115	T	0	0	115	35
A_PB2	214	114	G	0	0	114	35
A_PB2	215	106	A	0	0	106	35
A_PB2	216	96	A	0	0	96	35
A_PB2	217	113	C	0	0	113	35
A_PB2	218	86	A	0	0	86	35
A_PB2	219	88	A	0	0	88	35
A_PB2	220	97	G	0	0	97	35
A_PB2	221	96	G	0	0	96	35
A_PB2	222	99	G	0	0	99	35
A_PB2	223	104	C	0	0	104	35
A_PB2	224	86	A	0	0	86	35
A_PB2	225	96	A	0	0	96	35
A_PB2	226	96	A	0	0	96	35
A_PB2	227	90	C	0	0	90	35
A_PB2	228	105	T	0	0	105	35
A_PB2	229	102	C	0	0	102	35
A_PB2	230	107	T	0	0	107	35
A_PB2	231	87	C	0	0	87	35
A_PB2	232	102	T	0	0	102	35
A_PB2	233	107	G	0	0	107	35
A_PB2	234	109	G	0	0	109	35
A_PB2	235	91	A	0	0	91	35
A_PB2	236	89	G	0	0	89	35
A_PB2	237	95	C	0	0	95	35
A_PB2	238	92	A	0	0	92	35
A_PB2	239	102	A	0	0	102	35
A_PB2	240	88	A	0	0	88	35
A_PB2	241	105	A	0	0	105	35
A_PB2	242	100	C	0	0	100	35
A_PB2	243	108	A	0	0	108	35
A_PB2	244	115	A	0	0	115	35
A_PB2	245	109	A	0	0	109	35
A_PB2	246	103	C	0	0	103	35
A_PB2	247	112	G	0	0	112	35
A_PB2	248	115	A	0	0	115	35
A_PB2	249	107	T	0	0	107	35
A_PB2	250	91	G	0	0	91	35
A_PB2	251	109	C	0	0	109	35
A_PB2	252	108	C	0	0	108	35
A_PB2	253	109	G	0	0	109	35
A_PB2	254	92	G	0	0	92	35
A_PB2	255	95	A	0	0	95	35
A_PB2	256	96	T	0	0	96	35
A_PB2	257	113	C	0	0	113	35
A_PB2	258	93	A	0	0	93	35
A_PB2	259	101	G	0	0	101	35
A_PB2	260	106	A	0	0	106	35
A_PB2	261	98	C	0	0	98	35
A_PB2	262	93	C	0	0	93	35
A_PB2	263	86	G	0	0	86	35
A_PB2	264	87	A	0	0	87	35
A_PB2	265	96	G	0	0	96	35
A_PB2	266	96	T	0	0	96	35
A_PB2	267	99	G	0	0	99	35
A_PB2	268	100	A	0	0	100	35
A_PB2	269	101	T	0	0	101	35
A_PB2	270	101	G	0	0	101	35
A_PB2	271	111	G	0	0	111	35
A_PB2	272	88	T	0	0	88	35
A_PB2	273	100	A	0	0	100	35
A_PB2	274	107	T	0	0	107	35
A_PB2	275	102	C	0	0	102	35
A_PB2	276	106	A	0	0	106	35
A_PB2	277	111	C	0	0	111	35
A_PB2	278	102	C	0	0	102	35
A_PB2	279	113	C	0	0	113	35
A_PB2	280	94	C	0	0	94	35
A_PB2	281	99	T	0	0	99	35
A_PB2	282	104	G	0	0	104	35
A_PB2	283	96	G	0	0	96	35
A_PB2	284	110	C	0	0	110	35
A_PB2	285	106	T	0	0	106	35
A_PB2	286	115	G	0	0	115	35
A_PB2	287	107	T	0	0	107	35
A_PB2	288	110	G	0	0	110	35
A_PB2	289	115	A	0	0	115	35
A_PB2	290	113	C	0	0	113	35
A_PB2	291	87	A	0	0	87	35
A_PB2	292	91	T	0	0	91	35
A_PB2	293	113	G	0	0	113	35
A_PB2	294	113	G	0	0	113	35
A_PB2	295	99	T	0	0	99	35
A_PB2	296	87	G	0	0	87	35
A_PB2	297	87	G	0	0	87	35
A_PB2	298	97	A	0	0	97	35
A_PB2	299	113	A	0	0	113	35
A_PB2	300	90	C	0	0	90	35
A_PB2	301	94	A	0	0	94	35
A_PB2	302	115	G	0	0	115	35
A_PB2	303	115	G	0	0	115	35
A_PB2	304	87	A	0	0	87	35
A_PB2	305	88	A	0	0	88	35
A_PB2	306	90	C	0	0	90	35
A_PB2	307	93	G	0	0	93	35
A_PB2	308	88	G	0	0	88	35
A_PB2	309	107	A	0	0	107	35
A_PB2	310	89	C	0	0	89	35
A_PB2	311	100	C	0	0	100	35
A_PB2	312	89	A	0	0	89	35
A_PB2	313	112	A	0	0	112	35
A_PB2	314	91	C	0	0	91	35
A_PB2	315	101	A	0	0	101	35
A_PB2	316	115	A	0	0	115	35
A_PB2	317	105	C	0	0	105	35
A_PB2	318	85	A	0	0	85	35
A_PB2	319	94	A	0	0	94	35
A_PB2	320	98	G	0	0	98	35
A_PB2	321	106	T	0	0	106	35
A_PB2	322	102	A	0	0	102	35
A_PB2	323	114	C	0	0	114	35
A_PB2	324	89	A	0	0	89	35
A_PB2	325	100	G	0	0	100	35
A_PB2	326	96	T	0	0	96	35
A_PB2	327	98	C	0	0	98	35
A_PB2	328	99	C	0	0	99	35
A_PB2	329	108	A	0	0	108	35
A_PB2	330	105	C	0	0	105	35
A_PB2	331	85	T	0	0	85	35
A_PB2	332	94	A	0	0	94	35
A_PB2	333	91	C	0	0	91	35
A_PB2	334	87	C	0	0	87	35
A_PB2	335	85	C	0	0	85	35
A_PB2	336	112	A	0	0	112	35
A_PB2	337	110	A	0	0	110	35
A_PB2	338	92	A	0	0	92	35
A_PB2	339	111	G	0	0	111	35
A_PB2	340	115	G	0	0	115	35
A_PB2	341	101	T	0	0	101	35
A_PB2	342	105	A	0	0	105	35
A_PB2	343	95	T	0	0	95	35
A_PB2	344	98	A	0	0	98	35
A_PB2	345	103	T	0	0	103	35
A_PB2	346	95	A	0	0	95	35
A_PB2	347	105	A	0	0	105	35
A_PB2	348	105	A	0	0	105	35
A_PB2	349	110	A	0	0	110	35
A_PB2	350	95	C	0	0	95	35
A_PB2	351	100	T	0	0	100	35
A_PB2	352	103	T	0	0	103	35
A_PB2	353	106	A	0	0	106	35
A_PB2	354	107	T	0	0	107	35
A_PB2	355	101	T	0	0	101	35
A_PB2	356	111	T	0	0	111	35
A_PB2	357	102	C	0	0	102	35
A_PB2	358	99	G	0	0	99	35
A_PB2	359	99	A	0	0	99	35
A_PB2	360	94	A	0	0	94	35
A_PB2	361	103	A	0	0	103	35
A_PB2	362	89	A	0	0	89	35
A_PB2	363	113	A	0	0	113	35
A_PB2	364	110	G	0	0	110	35
A_PB2	365	94	T	0	0	94	35
A_PB2	366	90	T	0	0	90	35
A_PB2	367	110	G	0	0	110	35
A_PB2	368	93	A	0	0	93	35
A_PB2	369	92	A	0	0	92	35
A_PB2	370	100	A	0	0	100	35
A_PB2	371	96	G	0	0	96	35
A_PB2	372	94	G	0	0	94	35
A_PB2	373	109	T	0	0	109	35
A_PB2	374	112	T	0	0	112	35
A_PB2	375	86	G	0	0	86	35
A_PB2	376	89	A	0	0	89	35
A_PB2	377	96	A	0	0	96	35
A_PB2	378	94	A	0	0	94	35
A_PB2	379	99	C	0	0	99	35
A_PB2	380	115	A	0	0	115	35
A_PB2	381	90	C	0	0	90	35
A_PB2	382	104	G	0	0	104	35
A_PB2	383	114	G	0	0	114	35
A_PB2	384	90	G	0	0	90	35
A_PB2	385	107	A	0	0	107	35
A_PB2	386	102	C	0	0	102	35
A_PB2	387	94	C	0	0	94	35
A_PB2	388	90	T	0	0	90	35
A_PB2	389	90	T	0	0	90	35
A_PB2	390	111	T	0	0	111	35
A_PB2	391	107	G	0	0	107	35
A_PB2	392	107	G	0	0	107	35
A_PB2	393	113	C	0	0	113	35
A_PB2	394	106	C	0	0	106	35
A_PB2	395	110	C	0	0	110	35
A_PB2	396	89	T	0	0	89	35
A_PB2	397	90	G	0	0	90	35
A_PB2	398	92	T	0	0	92	35
A_PB2	399	88	G	0	0	88	35
A_PB2	400	86	C	0	0	86	35
A_PB2	401	95	A	0	0	95	35
A_PB2	402	103	C	0	0	103	35
A_PB2	403	89	T	0	0	89	35
A_PB2	404	99	T	0	0	99	35
A_PB2	405	93	C	0	0	93	35
A_PB2	406	96	A	0	0	96	35
A_PB2	407	90	G	0	0	90	35
A_PB2	408	91	A	0	0	91	35
A_PB2	409	102	A	0	0	102	35
A_PB2	410	107	A	0	0	107	35
A_PB2	411	86	C	0	0	86	35
A_PB2	412	106	C	0	0	106	35
A_PB2	413	95	A	0	0	95	35
A_PB2	414	96	A	0	0	96	35
A_PB2	415	89	G	0	0	89	35
A_PB2	416	96	T	0	0	96	35
A_PB2	417	99	T	0	0	99	35
A_PB2	418	102	A	0	0	102	35
A_PB2	419	90	A	0	0	90	35
A_PB2	420	102	G	0	0	102	35
A_PB2	421	94	A	0	0	94	35
A_PB2	422	88	T	0	0	88	35
A_PB2	423	114	A	0	0	114	35
A_PB2	424	85	A	0	0	85	35
A_PB2	425	97	G	0	0	97	35
A_PB2	426	114	A	0	0	114	35
A_PB2	427	100	C	0	0	100	35
A_PB2	428	109	G	0	0	109	35
A_PB2	429	89	G	0	0	89	35
A_PB2	430	115	A	0	0	115	35
A_PB2	431	99	G	0	0	99	35
A_PB2	432	114	G	0	0	114	35
A_PB2	433	95	G	0	0	95	35
A_PB2	434	89	T	0	0	89	35
A_PB2	435	85	C	0	0	85	35
A_PB2	436	108	G	0	0	108	35
A_PB2	437	102	A	0	0	102	35
A_PB2	438	101	T	0	0	101	35
A_PB2	439	95	A	0	0	95	35
A_PB2	440	105	T	0	0	105	35
A_PB2	441	107	A	0	0	107	35
A_PB2	442	94	A	0	0	94	35
A_PB2	443	100	A	0	0	100	35
A_PB2	444	113	C	0	0	113	35
A_PB2	445	94	C	0	0	94	35
A_PB2	446	115	C	0	0	115	35
A_PB2	447	109	G	0	0	109	35
A_PB2	448	103	G	0	0	103	35
A_PB2	449	106	G	0	0	106	35
A_PB2	450	89	C	0	0	89	35
A_PB2	451	110	C	0	0	110	35
A_PB2	452	103	A	0	0	103	35
A_PB2	453	108	T	0	0	108	35
A_PB2	454	114	G	0	0	114	35
A_PB2	455	114	C	0	0	114	35
A_PB2	456	99	T	0	0	99	35
A_PB2	457	95	G	0	0	95	35
A_PB2	458	107	A	0	0	107	35
A_PB2	459	88	C	0	0	88	35
A_PB2	460	108	C	0	0	108	35
A_PB2	461	100	T	0	0	100	35
A_PB2	462	113	C	0	0	113	35
A_PB2	463	86	A	0	0	86	35
A_PB2	464	89	G	0	0	89	35
A_PB2	465	106	T	0	0	106	35
A_PB2	466	102	G	0	0	102	35
A_PB2	467	88	C	0	0	88	35
A_PB2	468	94	C	0	0	94	35
A_PB2	469	85	A	0	0	85	35
A_PB2	470	97	A	0	0	97	35
A_PB2	471	104	A	0	0	104	35
A_PB2	472	111	G	0	0	111	35
A_PB2	473	92	A	0	0	92	35
A_PB2	474	99	G	0	0	99	35
A_PB2	475	96	G	0	0	96	35
A_PB2	476	87	C	0	0	87	35
A_PB2	477	95	G	0	0	95	35
A_PB2	478	86	C	0	0	86	35
A_PB2	479	104	A	0	0	104	35
A_PB2	480	105	G	0	0	105	35
A_PB2	481	91	G	0	0	91	35
A_PB2	482	103	A	0	0	103	35
A_PB2	483	101	T	0	0	101	35
A_PB2	484	92	G	0	0	92	35
A_PB2	485	110	T	0	0	110	35
A_PB2	486	114	A	0	0	114	35
A_PB2	487	109	A	0	0	109	35
A_PB2	488	93	T	0	0	93	35
A_PB2	489	91	C	0	0	91	35
A_PB2	490	85	A	0	0	85	35
A_PB2	491	87	T	0	0	87	35
A_PB2	492	102	G	0	0	102	35
A_PB2	493	112	G	0	0	112	35
A_PB2	494	99	A	0	0	99	35
A_PB2	495	106	A	0	0	106	35
A_PB2	496	106	G	0	0	106	35
A_PB2	497	115	T	0	0	115	35
A_PB2	498	87	C	0	0	87	35
A_PB2	499	101	G	0	0	101	35
A_PB2	500	97	T	0	0	97	35
A_PB2	501	91	C	0	0	91	35
A_PB2	502	100	T	0	0	100	35
A_PB2	503	95	T	0	0	95	35
A_PB2	504	104	C	0	0	104	35
A_PB2	505	104	C	0	0	104	35
A_PB2	506	101	C	0	0	101	35
A_PB2	507	115	A	0	0	115	35
A_PB2	508	86	A	0	0	86	35
A_PB2	509	114	A	0	0	114	35
A_PB2	510	106	T	0	0	106	35
A_PB2	511	96	G	0	0	96	35
A_PB2	512	97	A	0	0	97	35
A_PB2	513	89	A	0	0	89	35
A_PB2	514	107	G	0	0	107	35
A_PB2	515	112	T	0	0	112	35
A_PB2	516	98	G	0	0	98	35
A_PB2	517	96	G	0	0	96	35
A_PB2	518	97	G	0	0	97	35
A_PB2	519	96	A	0	0	96	35
A_PB2	520	85	G	0	0	85	35
A_PB2	521	94	C	0	0	94	35
A_PB2	522	96	A	0	0	96	35
A_PB2	523	96	A	0	0	96	35
A_PB2	524	94	G	0	0	94	35
A_PB2	525	99	G	0	0	99	35
A_PB2	526	112	A	0	0	112	35
A_PB2	527	102	T	0	0	102	35
A_PB2	528	87	A	0	0	87	35
A_PB2	529	91	T	0	0	91	35
A_PB2	530	108	T	0	0	108	35
A_PB2	531	113	G	0	0	113	35
A_PB2	532	99	A	0	0	99	35
A_PB2	533	108	C	0	0	108	35
A_PB2	534	98	G	0	0	98	35
A_PB2	535	110	T	0	0	110	35
A_PB2	536	99	C	0	0	99	35
A_PB2	537	94	G	0	0	94	35
A_PB2	538	90	G	0	0	90	35
A_PB2	539	110	A	0	0	110	35
A_PB2	540	108	G	0	0	108	35
A_PB2	541	113	T	0	0	113	35
A_PB2	542	98	C	0	0	98	35
A_PB2	543	108	A	0	0	108	35
A_PB2	544	113	C	0	0	113	35
A_PB2	545	98	A	0	0	98	35
A_PB2	546	89	A	0	0	89	35
A_PB2	547	111	C	0	0	111	35
A_PB2	548	103	T	0	0	103	35
A_PB2	549	104	G	0	0	104	35
A_PB2	550	87	A	0	0	87	35
A_PB2	551	89	C	0	0	89	35
A_PB2	552	91	G	0	0	91	35
A_PB2	553	94	A	0	0	94	35
A_PB2	554	100	T	0	0	100	35
A_PB2	555	112	A	0	0	112	35
A_PB2	556	101	A	0	0	101	35
A_PB2	557	95	C	0	0	95	35
A_PB2	558	87	A	0	0	87	35
A_PB2	559	114	A	0	0	114	35
A_PB2	560	115	A	0	0	115	35
A_PB2	561	103	G	0	0	103	35
A_PB2	562	109	G	0	0	109	35
A_PB2	563	97	A	0	0	97	35
A_PB2	564	87	G	0	0	87	35
A_PB2	565	85	A	0	0	85	35
A_PB2	566	98	A	0	0	98	35
A_PB2	567	105	A	0	0	105	35
A_PB2	568	114	A	0	0	114	35
A_PB2	569	93	A	0	0	93	35
A_PB2	570	98	G	0	0	98	35
A_PB2	571	90	G	0	0	90	35
A_PB2	572	102	A	0	0	102	35
A_PB2	573	99	A	0	0	99	35
A_PB2	574	107	G	0	0	107	35
A_PB2	575	103	A	0	0	103	35
A_PB2	576	109	A	0	0	109	35
A_PB2	577	114	C	0	0	114	35
A_PB2	578	89	T	0	0	89	35
A_PB2	579	91	C	0	0	91	35
A_PB2	580	90	C	0	0	90	35
A_PB2	581	111	A	0	0	111	35
A_PB2	582	97	G	0	0	97	35
A_PB2	583	94	G	0	0	94	35
A_PB2	584	102	A	0	0	102	35
A_PB2	585	100	C	0	0	100	35
A_PB2	586	86	T	0	0	86	35
A_PB2	587	111	G	0	0	111	35
A_PB2	588	111	C	0	0	111	35
A_PB2	589	94	A	0	0	94	35
A_PB2	590	111	A	0	0	111	35
A_PB2	591	103	A	0	0	103	35
A_PB2	592	94	A	0	0	94	35
A_PB2	593	100	T	0	0	100	35
A_PB2	594	102	C	0	0	102	35
A_PB2	595	108	G	0	0	108	35
A_PB2	596	99	C	0	0	99	35
A_PB2	597	92	T	0	0	92	35
A_PB2	598	85	C	0	0	85	35
A_PB2	599	110	C	0	0	110	35
A_PB2	600	85	T	0	0	85	35
A_PB2	601	89	C	0	0	89	35
A_PB2	602	93	T	0	0	93	35
A_PB2	603	94	G	0	0	94	35
A_PB2	604	115	A	0	0	115	35
A_PB2	605	105	T	0	0	105	35
A_PB2	606	111	G	0	0	111	35
A_PB2	607	105	G	0	0	105	35
A_PB2	608	100	T	0	0	100	35
A_PB2	609	88	T	0	0	88	35
A_PB2	610	105	G	0	0	105	35
A_PB2	611	106	C	0	0	106	35
A_PB2	612	113	A	0	0	113	35
A_PB2	613	94	T	0	0	94	35
A_PB2	614	98	A	0	0	98	35
A_PB2	615	90	C	0	0	90	35
A_PB2	616	100	A	0	0	100	35
A_PB2	617	114	T	0	0	114	35
A_PB2	618	107	G	0	0	107	35
A_PB2	619	105	C	0	0	105	35
A_PB2	620	92	T	0	0	92	35
A_PB2	621	85	A	0	0	85	35
A_PB2	622	88	G	0	0	88	35
A_PB2	623	109	A	0	0	109	35
A_PB2	624	93	A	0	0	93	35
A_PB2	625	100	A	0	0	100	35
A_PB2	626	87	G	0	0	87	35
A_PB2	627	104	A	0	0	104	35
A_PB2	628	108	G	0	0	108	35
A_PB2	629	96	A	0	0	96	35
A_PB2	630	103	G	0	0	103	35
A_PB2	631	100	T	0	0	100	35
A_PB2	632	103	T	0	0	103	35
A_PB2	633	98	G	0	0	98	35
A_PB2	634	112	G	0	0	112	35
A_PB2	635	93	T	0	0	93	35
A_PB2	636	105	T	0	0	105	35
A_PB2	637	106	C	0	0	106	35
A_PB2	638	100	G	0	0	100	35
A_PB2	639	107	C	0	0	107	35
A_PB2	640	111	A	0	0	111	35
A_PB2	641	88	A	0	0	88	35
A_PB2	642	96	G	0	0	96	35
A_PB2	643	101	A	0	0	101	35
A_PB2	644	108	C	0	0	108	35
A_PB2	645	103	G	0	0	103	35
A_PB2	646	85	A	0	0	85	35
A_PB2	647	112	G	0	0	112	35
A_PB2	648	93	G	0	0	93	35
A_PB2	649	90	T	0	0	90	35
A_PB2	650	103	T	0	0	103	35
A_PB2	651	86	T	0	0	86	35
A_PB2	652	89	C	0	0	89	35
A_PB2	653	95	T	0	0	95	35
A_PB2	654	99	C	0	0	99	35
A_PB2	655	113	C	0	0	113	35
A_PB2	656	107	C	0	0	107	35
A_PB2	657	89	A	0	0	89	35
A_PB2	658	96	G	0	0	96	35
A_PB2	659	90	T	0	0	90	35
A_PB2	660	86	T	0	0	86	35
A_PB2	661	93	G	0	0	93	35
A_PB2	662	96	C	0	0	96	35
A_PB2	663	98	T	0	0	98	35
A_PB2	664	105	G	0	0	105	35
A_PB2	665	114	G	0	0	114	35
A_PB2	666	115	T	0	0	115	35
A_PB2	667	96	G	0	0	96	35
A_PB2	668	86	G	0	0	86	35
A_PB2	669	94	G	0	0	94	35
A_PB2	670	94	A	0	0	94	35
A_PB2	671	101	C	0	0	101	35
A_PB2	672	105	A	0	0	105	35
A_PB2	673	114	A	0	0	114	35
A_PB2	674	87	G	0	0	87	35
A_PB2	675	101	C	0	0	101	35
A_PB2	676	91	A	0	0	91	35
A_PB2	677	109	G	0	0	109	35
A_PB2	678	105	T	0	0	105	35
A_PB2	679	90	G	0	0	90	35
A_PB2	680	109	T	0	0	109	35
A_PB2	681	88	C	0	0	88	35
A_PB2	682	104	T	0	0	104	35
A_PB2	683	109	A	0	0	109	35
A_PB2	684	90	C	0	0	90	35
A_PB2	685	102	A	0	0	102	35
A_PB2	686	95	T	0	0	95	35
A_PB2	687	112	T	0	0	112	35
A_PB2	688	95	G	0	0	95	35
A_PB2	689	111	A	0	0	111	35
A_PB2	690	112	G	0	0	112	35
A_PB2	691	106	G	0	0	106	35
A_PB2	692	110	T	0	0	110	35
A_PB2	693	94	G	0	0	94	35
A_PB2	694	93	C	0	0	93	35
A_PB2	695	106	T	0	0	106	35
A_PB2	696	107	G	0	0	107	35
A_PB2	697	107	C	0	0	107	35
A_PB2	698	96	A	0	0	96	35
A_PB2	699	88	T	0	0	88	35
A_PB2	700	102	T	0	0	102	35
A_PB2	701	103	T	0	0	103	35
A_PB2	702	96	G	0	0	96	35
A_PB2	703	111	A	0	0	111	35
A_PB2	704	89	C	0	0	89	35
A_PB2	705	85	C	0	0	85	35
A_PB2	706	89	C	0	0	89	35
A_PB2	707	101	A	0	0	101	35
A_PB2	708	94	G	0	0	94	35
A_PB2	709	96	G	0	0	96	35
A_PB2	710	109	G	0	0	109	35
A_PB2	711	100	G	0	0	100	35
A_PB2	712	98	A	0	0	98	35
A_PB2	713	95	C	0	0	95	35
A_PB2	714	114	A	0	0	114	35
A_PB2	715	114	T	0	0	114	35
A_PB2	716	90	G	0	0	90	35
A_PB2	717	88	C	0	0	88	35
A_PB2	718	91	T	0	0	91	35
A_PB2	719	89	G	0	0	89	35
A_PB2	720	101	G	0	0	101	35
A_PB2	721	92	G	0	0	92	35
A_PB2	722	111	A	0	0	111	35
A_PB2	723	91	G	0	0	91	35
A_PB2	724	110	C	0	0	110	35
A_PB2	725	113	A	0	0	113	35
A_PB2	726	102	G	0	0	102	35
A_PB2	727	104	A	0	0	104	35
A_PB2	728	107	T	0	0	107	35
A_PB2	729	111	G	0	0	111	35
A_PB2	730	115	T	0	0	115	35
A_PB2	731	101	A	0	0	101	35
A_PB2	732	112	C	0	0	112	35
A_PB2	733	102	A	0	0	102	35
A_PB2	734	107	C	0	0	107	35
A_PB2	735	102	T	0	0	102	35
A_PB2	736	107	C	0	0	107	35
A_PB2	737	109	C	0	0	109	35
A_PB2	738	110	G	0	0	110	35
A_PB2	739	88	G	0	0	88	35
A_PB2	740	98	G	0	0	98	35
A_PB2	741	99	A	0	0	99	35
A_PB2	742	114	G	0	0	114	35
A_PB2	743	87	G	0	0	87	35
A_PB2	744	88	A	0	0	88	35
A_PB2	745	111	G	0	0	111	35
A_PB2	746	89	A	0	0	89	35
A_PB2	747	114	A	0	0	114	35
A_PB2	748	85	G	0	0	85	35
A_PB2	749	100	T	0	0	100	35
A_PB2	750	96	G	0	0	96	35
A_PB2	751	94	A	0	0	94	35
A_PB2	752	107	G	0	0	107	35
A_PB2	753	96	G	0	0	96	35
A_PB2	754	89	A	0	0	89	35
A_PB2	755	111	A	0	0	111	35
A_PB2	756	99	C	0	0	99	35
A_PB2	757	113	G	0	0	113	35
A_PB2	758	104	A	0	0	104	35
A_PB2	759	101	T	0	0	101	35
A_PB2	760	109	G	0	0	109	35
A_PB2	761	95	A	0	0	95	35
A_PB2	762	90	T	0	0	90	35
A_PB2	763	107	G	0	0	107	35
A_PB2	764	94	T	0	0	94	35
A_PB2	765	85	A	0	0	85	35
A_PB2	766	108	G	0	0	108	35
A_PB2	767	111	A	0	0	111	35
A_PB2	768	88	C	0	0	88	35
A_PB2	769	92	C	0	0	92	35
A_PB2	770	89	A	0	0	89	35
A_PB2	771	112	A	0	0	112	35
A_PB2	772	107	A	0	0	107	35
A_PB2	773	89	G	0	0	89	35
A_PB2	774	107	C	0	0	107	35
A_PB2	775	92	T	0	0	92	35
A_PB2	776	94	T	0	0	94	35
A_PB2	777	89	G	0	0	89	35
A_PB2	778	91	A	0	0	91	35
A_PB2	779	89	T	0	0	89	35
A_PB2	780	87	C	0	0	87	35
A_PB2	781	98	A	0	0	98	35
A_PB2	782	107	T	0	0	107	35
A_PB2	783	109	T	0	0	109	35
A_PB2	784	110	G	0	0	110	35
A_PB2	785	88	C	0	0	88	35
A_PB2	786	87	T	0	0	87	35
A_PB2	787	85	G	0	0	85	35
A_PB2	788	109	C	0	0	109	35
A_PB2	789	100	C	0	0	100	35
A_PB2	790	109	A	0	0	109	35
A_PB2	791	98	G	0	0	98	35
A_PB2	792	86	G	0	0	86	35
A_PB2	793	91	A	0	0	91	35
A_PB2	794	88	A	0	0	88	35
A_PB2	795	86	T	0	0	86	35
A_PB2	796	110	A	0	0	110	35
A_PB2	797	106	T	0	0	106	35
A_PB2	798	101	A	0	0	101	35
A_PB2	799	103	G	0	0	103	35
A_PB2	800	86	T	0	0	86	35
A_PB2	801	100	A	0	0	100	35
A_PB2	802	88	A	0	0	88	35
A_PB2	803	114	G	0	0	114	35
A_PB2	804	93	A	0	0	93	35
A_PB2	805	86	A	0	0	86	35
A_PB2	806	87	G	0	0	87	35
A_PB2	807	94	A	0	0	94	35
A_PB2	808	106	G	0	0	106	35
A_PB2	809	85	C	0	0	85	35
A_PB2	810	109	A	0	0	109	35
A_PB2	811	88	A	0	0	88	35
A_PB2	812	110	C	0	0	110	35
A_PB2	813	88	A	0	0	88	35
A_PB2	814	114	G	0	0	114	35
A_PB2	815	104	T	0	0	104	35
A_PB2	816	91	A	0	0	91	35
A_PB2	817	103	T	0	0	103	35
A_PB2	818	113	C	0	0	113	35
A_PB2	819	91	A	0	0	91	35
A_PB2	820	90	G	0	0	90	35
A_PB2	821	106	C	0	0	106	35
A_PB2	822	96	A	0	0	96	35
A_PB2	823	85	G	0	0	85	35
A_PB2	824	87	A	0	0	87	35
A_PB2	825	89	T	0	0	89	35
A_PB2	826	112	C	0	0	112	35
A_PB2	827	108	C	0	0	108	35
A_PB2	828	115	A	0	0	115	35
A_PB2	829	93	T	0	0	93	35
A_PB2	830	115	T	0	0	115	35
A_PB2	831	103	A	0	0	103	35
A_PB2	832	96	G	0	0	96	35
A_PB2	833	96	C	0	0	96	35
A_PB2	834	90	A	0	0	90	35
A_PB2	835	112	T	0	0	112	35
A_PB2	836	101	C	0	0	101	35
A_PB2	837	109	T	0	0	109	35
A_PB2	838	108	C	0	0	108	35
A_PB2	839	104	T	0	0	104	35
A_PB2	840	92	A	0	0	92	35
A_PB2	841	101	T	0	0	101	35
A_PB2	842	103	T	0	0	103	35
A_PB2	843	87	G	0	0	87	35
A_PB2	844	88	G	0	0	88	35
A_PB2	845	111	A	0	0	111	35
A_PB2	846	103	G	0	0	103	35
A_PB2	847	109	A	0	0	109	35
A_PB2	848	85	T	0	0	85	35
A_PB2	849	101	G	0	0	101	35
A_PB2	850	91	T	0	0	91	35
A_PB2	851	107	G	0	0	107	35
A_PB2	852	91	T	0	0	91	35
A_PB2	853	115	C	0	0	115	35
A_PB2	854	94	A	0	0	94	35
A_PB2	855	90	C	0	0	90	35
A_PB2	856	113	A	0	0	113	35
A_PB2	857	109	G	0	0	109	35
A_PB2	858	102	C	0	0	102	35
A_PB2	859	85	A	0	0	85	35
A_PB2	860	108	C	0	0	108	35
A_PB2	861	88	A	0	0	88	35
A_PB2	862	114	C	0	0	114	35
A_PB2	863	91	A	0	0	91	35
A_PB2	864	114	A	0	0	114	35
A_PB2	865	101	A	0	0	101	35
A_PB2	866	112	T	0	0	112	35
A_PB2	867	107	T	0	0	107	35
A_PB2	868	100	G	0	0	100	35
A_PB2	869	96	G	0	0	96	35
A_PB2	870	107	G	0	0	107	35
A_PB2	871	103	G	0	0	103	35
A_PB2	872	90	G	0	0	90	35
A_PB2	873	99	A	0	0	99	35
A_PB2	874	106	A	0	0	106	35
A_PB2	875	115	T	0	0	115	35
A_PB2	876	88	A	0	0	88	35
A_PB2	877	90	A	0	0	90	35
A_PB2	878	111	G	0	0	111	35
A_PB2	879	96	G	0	0	96	35
A_PB2	880	97	A	0	0	97	35
A_PB2	881	98	T	0	0	98	35
A_PB2	882	91	G	0	0	91	35
A_PB2	883	101	G	0	0	101	35
A_PB2	884	92	T	0	0	92	35
A_PB2	885	98	A	0	0	98	35
A_PB2	886	88	G	0	0	88	35
A_PB2	887	109	A	0	0	109	35
A_PB2	888	95	C	0	0	95	35
A_PB2	889	88	A	0	0	88	35
A_PB2	890	99	T	0	0	99	35
A_PB2	891	88	C	0	0	88	35
A_PB2	892	101	C	0	0	101	35
A_PB2	893	89	T	0	0	89	35
A_PB2	894	100	T	0	0	100	35
A_PB2	895	109	C	0	0	109	35
A_PB2	896	96	G	0	0	96	35
A_PB2	897	107	G	0	0	107	35
A_PB2	898	94	C	0	0	94	35
A_PB2	899	102	A	0	0	102	35
A_PB2	900	108	A	0	0	108	35
A_PB2	901	86	A	0	0	86	35
A_PB2	902	87	A	0	0	87	35
A_PB2	903	95	T	0	0	95	35
A_PB2	904	100	C	0	0	100	35
A_PB2	905	88	C	0	0	88	35
A_PB2	906	97	A	0	0	97	35
A_PB2	907	94	A	0	0	94	35
A_PB2	908	99	C	0	0	99	35
A_PB2	909	104	A	0	0	104	35
A_PB2	910	108	G	0	0	108	35
A_PB2	911	94	A	0	0	94	35
A_PB2	912	106	G	0	0	106	35
A_PB2	913	111	G	0	0	111	35
A_PB2	914	99	A	0	0	99	35
A_PB2	915	92	A	0	0	92	35
A_PB2	916	102	C	0	0	102	35
A_PB2	917	98	A	0	0	98	35
A_PB2	918	94	A	0	0	94	35
A_PB2	919	112	G	0	0	112	35
A_PB2	920	98	C	0	0	98	35
A_PB2	921	91	C	0	0	91	35
A_PB2	922	112	G	0	0	112	35
A_PB2	923	87	T	0	0	87	35
A_PB2	924	113	G	0	0	113	35
A_PB2	925	111	G	0	0	111	35
A_PB2	926	110	A	0	0	110	35
A_PB2	927	100	T	0	0	100	35
A_PB2	928	115	A	0	0	115	35
A_PB2	929	106	T	0	0	106	35
A_PB2	930	96	A	0	0	96	35
A_PB2	931	90	T	0	0	90	35
A_PB2	932	85	G	0	0	85	35
A_PB2	933	106	C	0	0	106	35
A_PB2	934	100	A	0	0	100	35
A_PB2	935	106	A	0	0	106	35
A_PB2	936	88	G	0	0	88	35
A_PB2	937	97	G	0	0	97	35
A_PB2	938	99	C	0	0	99	35
A_PB2	939	101	A	0	0	101	35
A_PB2	940	106	G	0	0	106	35
A_PB2	941	106	C	0	0	106	35
A_PB2	942	87	A	0	0	87	35
A_PB2	943	88	A	0	0	88	35
A_PB2	944	89	T	0	0	89	35
A_PB2	945	97	G	0	0	97	35
A_PB2	946	97	G	0	0	97	35
A_PB2	947	107	G	0	0	107	35
A_PB2	948	103	C	0	0	103	35
A_PB2	949	88	T	0	0	88	35
A_PB2	950	108	T	0	0	108	35
A_PB2	951	114	G	0	0	114	35
A_PB2	952	113	A	0	0	113	35
A_PB2	953	90	G	0	0	90	35
A_PB2	954	87	G	0	0	87	35
A_PB2	955	96	A	0	0	96	35
A_PB2	956	91	T	0	0	91	35
A_PB2	957	95	T	0	0	95	35
A_PB2	958	91	A	0	0	91	35
A_PB2	959	104	G	0	0	104	35
A_PB2	960	112	C	0	0	112	35
A_PB2	961	97	T	0	0	97	35
A_PB2	962	88	C	0	0	88	35
A_PB2	963	92	A	0	0	92	35
A_PB2	964	111	T	0	0	111	35
A_PB2	965	98	C	0	0	98	35
A_PB2	966	108	T	0	0	108	35
A_PB2	967	100	T	0	0	100	35
A_PB2	968	93	T	0	0	93	35
A_PB2	969	109	C	0	0	109	35
A_PB2	970	107	A	0	0	107	35
A_PB2	971	109	G	0	0	109	35
A_PB2	972	103	C	0	0	103	35
A_PB2	973	103	T	0	0	103	35
A_PB2	974	93	T	0	0	93	35
A_PB2	975	109	T	0	0	109	35
A_PB2	976	110	G	0	0	110	35
A_PB2	977	110	G	0	0	110	35
A_PB2	978	105	T	0	0	105	35
A_PB2	979	115	G	0	0	115	35
A_PB2	980	97	G	0	0	97	35
A_PB2	981	96	A	0	0	96	35
A_PB2	982	100	T	0	0	100	35
A_PB2	983	106	T	0	0	106	35
A_PB2	984	104	C	0	0	104	35
A_PB2	985	115	A	0	0	115	35
A_PB2	986	97	C	0	0	97	35
A_PB2	987	100	T	0	0	100	35
A_PB2	988	101	T	0	0	101	35
A_PB2	989	93	T	0	0	93	35
A_PB2	990	89	T	0	0	89	35
A_PB2	991	109	A	0	0	109	35
A_PB2	992	99	A	0	0	99	35
A_PB2	993	88	A	0	0	88	35
A_PB2	994	88	A	0	0	88	35
A_PB2	995	93	G	0	0	93	35
A_PB2	996	100	A	0	0	100	35
A_PB2	997	100	A	0	0	100	35
A_PB2	998	92	C	0	0	92	35
A_PB2	999	105	A	0	0	105	35
A_PB2	1000	115	A	0	0	115	35
A_PB2	1001	89	G	0	0	89	35
A_PB2	1002	85	T	0	0	85	35
A_PB2	1003	88	G	0	0	88	35
A_PB2	1004	108	G	0	0	108	35
A_PB2	1005	86	A	0	0	86	35
A_PB2	1006	111	T	0	0	111	35
A_PB2	1007	87	C	0	0	87	35
A_PB2	1008	100	G	0	0	100	35
A_PB2	1009	106	T	0	0	106	35
A_PB2	1010	85	C	0	0	85	35
A_PB2	1011	90	A	0	0	90	35
A_PB2	1012	97	G	0	0	97	35
A_PB2	1013	104	T	0	0	104	35
A_PB2	1014	106	C	0	0	106	35
A_PB2	1015	95	A	0	0	95	35
A_PB2	1016	89	A	0	0	89	35
A_PB2	1017	94	A	0	0	94	35
A_PB2	1018	104	A	0	0	104	35
A_PB2	1019	104	A	0	0	104	35
A_PB2	1020	88	A	0	0	88	35
A_PB2	1021	109	G	0	0	109	35
A_PB2	1022	87	A	0	0	87	35
A_PB2	1023	106	A	0	0	106	35
A_PB2	1024	109	G	0	0	109	35
A_PB2	1025	101	A	0	0	101	35
A_PB2	1026	109	A	0	0	109	35
A_PB2	1027	100	G	0	0	100	35
A_PB2	1028	110	A	0	0	110	35
A_PB2	1029	99	A	0	0	99	35
A_PB2	1030	91	G	0	0	91	35
A_PB2	1031	94	T	0	0	94	35
A_PB2	1032	106	G	0	0	106	35
A_PB2	1033	100	C	0	0	100	35
A_PB2	1034	100	T	0	0	100	35
A_PB2	1035	101	A	0	0	101	35
A_PB2	1036	93	A	0	0	93	35
A_PB2	1037	102	C	0	0	102	35
A_PB2	1038	95	A	0	0	95	35
A_PB2	1039	110	G	0	0	110	35
A_PB2	1040	112	G	0	0	112	35
A_PB2	1041	102	C	0	0	102	35
A_PB2	1042	102	A	0	0	102	35
A_PB2	1043	85	A	0	0	85	35
A_PB2	1044	115	C	0	0	115	35
A_PB2	1045	109	C	0	0	109	35
A_PB2	1046	86	T	0	0	86	35
A_PB2	1047	98	T	0	0	98	35
A_PB2	1048	113	C	0	0	113	35
A_PB2	1049	114	A	0	0	114	35
A_PB2	1050	88	A	0	0	88	35
A_PB2	1051	97	A	0	0	97	35
A_PB2	1052	99	C	0	0	99	35
A_PB2	1053	95	A	0	0	95	35
A_PB2	1054	112	T	0	0	112	35
A_PB2	1055	97	T	0	0	97	35
A_PB2	1056	99	G	0	0	99	35
A_PB2	1057	99	A	0	0	99	35
A_PB2	1058	86	A	0	0	86	35
A_PB2	1059	86	A	0	0	86	35
A_PB2	1060	90	A	0	0	90	35
A_PB2	1061	102	T	0	0	102	35
A_PB2	1062	106	A	0	0	106	35
A_PB2	1063	112	A	0	0	112	35
A_PB2	1064	109	G	0	0	109	35
A_PB2	1065	94	A	0	0	94	35
A_PB2	1066	113	G	0	0	113	35
A_PB2	1067	107	T	0	0	107	35
A_PB2	1068	90	A	0	0	90	35
A_PB2	1069	100	C	0	0	100	35
A_PB2	1070	98	A	0	0	98	35
A_PB2	1071	89	T	0	0	89	35
A_PB2	1072	94	G	0	0	94	35
A_PB2	1073	107	A	0	0	107	35
A_PB2	1074	97	G	0	0	97	35
A_PB2	1075	100	G	0	0	100	35
A_PB2	1076	109	G	0	0	109	35
A_PB2	1077	88	G	0	0	88	35
A_PB2	1078	103	T	0	0	103	35
A_PB2	1079	106	A	0	0	106	35
A_PB2	1080	100	T	0	0	100	35
A_PB2	1081	106	G	0	0	106	35
A_PB2	1082	102	A	0	0	102	35
A_PB2	1083	106	A	0	0	106	35
A_PB2	1084	102	G	0	0	102	35
A_PB2	1085	103	A	0	0	103	35
A_PB2	1086	100	G	0	0	100	35
A_PB2	1087	100	T	0	0	100	35
A_PB2	1088	102	T	0	0	102	35
A_PB2	1089	112	C	0	0	112	35
A_PB2	1090	90	A	0	0	90	35
A_PB2	1091	101	C	0	0	101	35
A_PB2	1092	86	A	0	0	86	35
A_PB2	1093	97	A	0	0	97	35
A_PB2	1094	93	T	0	0	93	35
A_PB2	1095	100	G	0	0	100	35
A_PB2	1096	103	G	0	0	103	35
A_PB2	1097	97	T	0	0	97	35
A_PB2	1098	104	T	0	0	104	35
A_PB2	1099	106	G	0	0	106	35
A_PB2	1100	96	G	0	0	96	35
A_PB2	1101	109	G	0	0	109	35
A_PB2	1102	94	A	0	0	94	35
A_PB2	1103	95	G	0	0	95	35
A_PB2	1104	86	A	0	0	86	35
A_PB2	1105	85	A	0	0	85	35
A_PB2	1106	103	G	0	0	103	35
A_PB2	1107	86	A	0	0	86	35
A_PB2	1108	89	G	0	0	89	35
A_PB2	1109	111	C	0	0	111	35
A_PB2	1110	96	A	0	0	96	35
A_PB2	1111	96	A	0	0	96	35
A_PB2	1112	110	C	0	0	110	35
A_PB2	1113	108	G	0	0	108	35
A_PB2	1114	103	G	0	0	103	35
A_PB2	1115	85	C	0	0	85	35
A_PB2	1116	109	C	0	0	109	35
A_PB2	1117	113	A	0	0	113	35
A_PB2	1118	105	T	0	0	105	35
A_PB2	1119	95	T	0	0	95	35
A_PB2	1120	97	C	0	0	97	35
A_PB2	1121	88	T	0	0	88	35
A_PB2	1122	98	C	0	0	98	35
A_PB2	1123	96	A	0	0	96	35
A_PB2	1124	96	G	0	0	96	35
A_PB2	1125	98	G	0	0	98	35
A_PB2	1126	96	A	0	0	96	35
A_PB2	1127	86	A	0	0	86	35
A_PB2	1128	106	A	0	0	106	35
A_PB2	1129	92	G	0	0	92	35
A_PB2	1130	92	C	0	0	92	35
A_PB2	1131	92	A	0	0	92	35
A_PB2	1132	105	A	0	0	105	35
A_PB2	1133	94	C	0	0	94	35
A_PB2	1134	103	C	0	0	103	35
A_PB2	1135	87	A	0	0	87	35
A_PB2	1136	114	G	0	0	114	35
A_PB2	1137	107	A	0	0	107	35
A_PB2	1138	87	A	0	0	87	35
A_PB2	1139	112	G	0	0	112	35
A_PB2	1140	94	G	0	0	94	35
A_PB2	1141	88	C	0	0	88	35
A_PB2	1142	95	T	0	0	95	35
A_PB2	1143	90	G	0	0	90	35
A_PB2	1144	85	A	0	0	85	35
A_PB2	1145	102	T	0	0	102	35
A_PB2	1146	95	C	0	0	95	35
A_PB2	1147	86	C	0	0	86	35
A_PB2	1148	99	A	0	0	99	35
A_PB2	1149	106	G	0	0	106	35
A_PB2	1150	112	C	0	0	112	35
A_PB2	1151	98	T	0	0	98	35
A_PB2	1152	103	A	0	0	103	35
A_PB2	1153	101	A	0	0	101	35
A_PB2	1154	113	T	0	0	113	35
A_PB2	1155	98	A	0	0	98	35
A_PB2	1156	93	G	0	0	93	35
A_PB2	1157	85	T	0	0	85	35
A_PB2	1158	107	A	0	0	107	35
A_PB2	1159	100	A	0	0	100	35
A_PB2	1160	103	G	0	0	103	35
A_PB2	1161	85	T	0	0	85	35
A_PB2	1162	95	G	0	0	95	35
A_PB2	1163	97	G	0	0	97	35
A_PB2	1164	103	G	0	0	103	35
A_PB2	1165	97	A	0	0	97	35
A_PB2	1166	95	G	0	0	95	35
A_PB2	1167	103	A	0	0	103	35
A_PB2	1168	88	G	0	0	88	35
A_PB2	1169	110	A	0	0	110	35
A_PB2	1170	100	C	0	0	100	35
A_PB2	1171	88	G	0	0	88	35
A_PB2	1172	107	A	0	0	107	35
A_PB2	1173	106	G	0	0	106	35
A_PB2	1174	91	C	0	0	91	35
A_PB2	1175	95	A	0	0	95	35
A_PB2	1176	100	G	0	0	100	35
A_PB2	1177	101	T	0	0	101	35
A_PB2	1178	110	C	0	0	110	35
A_PB2	1179	109	A	0	0	109	35
A_PB2	1180	106	A	0	0	106	35
A_PB2	1181	95	T	0	0	95	35
A_PB2	1182	90	T	0	0	90	35
A_PB2	1183	104	G	0	0	104	35
A_PB2	1184	94	C	0	0	94	35
A_PB2	1185	96	T	0	0	96	35
A_PB2	1186	98	G	0	0	98	35
A_PB2	1187	91	A	0	0	91	35
A_PB2	1188	100	A	0	0	100	35
A_PB2	1189	105	G	0	0	105	35
A_PB2	1190	112	C	0	0	112	35
A_PB2	1191	110	A	0	0	110	35
A_PB2	1192	87	A	0	0	87	35
A_PB2	1193	111	T	0	0	111	35
A_PB2	1194	112	A	0	0	112	35
A_PB2	1195	102	A	0	0	102	35
A_PB2	1196	91	T	0	0	91	35
A_PB2	1197	94	T	0	0	94	35
A_PB2	1198	93	G	0	0	93	35
A_PB2	1199	86	T	0	0	86	35
A_PB2	1200	94	G	0	0	94	35
A_PB2	1201	103	G	0	0	103	35
A_PB2	1202	97	C	0	0	97	35
A_PB2	1203	110	C	0	0	110	35
A_PB2	1204	92	A	0	0	92	35
A_PB2	1205	104	T	0	0	104	35
A_PB2	1206	108	G	0	0	108	35
A_PB2	1207	115	G	0	0	115	35
A_PB2	1208	87	T	0	0	87	35
A_PB2	1209	107	A	0	0	107	35
A_PB2	1210	112	T	0	0	112	35
A_PB2	1211	103	T	0	0	103	35
A_PB2	1212	88	C	0	0	88	35
A_PB2	1213	103	T	0	0	103	35
A_PB2	1214	95	C	0	0	95	35
A_PB2	1215	93	A	0	0	93	35
A_PB2	1216	87	C	0	0	87	35
A_PB2	1217	103	A	0	0	103	35
A_PB2	1218	110	A	0	0	110	35
A_PB2	1219	101	G	0	0	101	35
A_PB2	1220	100	A	0	0	100	35
A_PB2	1221	98	G	0	0	98	35
A_PB2	1222	91	G	0	0	91	35
A_PB2	1223	96	A	0	0	96	35
A_PB2	1224	110	C	0	0	110	35
A_PB2	1225	87	T	0	0	87	35
A_PB2	1226	105	G	0	0	105	35
A_PB2	1227	111	C	0	0	111	35
A_PB2	1228	94	A	0	0	94	35
A_PB2	1229	101	T	0	0	101	35
A_PB2	1230	110	G	0	0	110	35
A_PB2	1231	94	A	0	0	94	35
A_PB2	1232	98	T	0	0	98	35
A_PB2	1233	106	T	0	0	106	35
A_PB2	1234	102	A	0	0	102	35
A_PB2	1235	95	A	0	0	95	35
A_PB2	1236	91	A	0	0	91	35
A_PB2	1237	98	G	0	0	98	35
A_PB2	1238	97	C	0	0	97	35
A_PB2	1239	93	A	0	0	93	35
A_PB2	1240	104	G	0	0	104	35
A_PB2	1241	101	T	0	0	101	35
A_PB2	1242	99	T	0	0	99	35
A_PB2	1243	106	A	0	0	106	35
A_PB2	1244	109	G	0	0	109	35
A_PB2	1245	102	A	0	0	102	35
A_PB2	1246	90	G	0	0	90	35
A_PB2	1247	113	G	0	0	113	35
A_PB2	1248	85	T	0	0	85	35
A_PB2	1249	105	G	0	0	105	35
A_PB2	1250	107	A	0	0	107	35
A_PB2	1251	101	C	0	0	101	35
A_PB2	1252	112	C	0	0	112	35
A_PB2	1253	90	T	0	0	90	35
A_PB2	1254	103	G	0	0	103	35
A_PB2	1255	100	A	0	0	100	35
A_PB2	1256	91	A	0	0	91	35
A_PB2	1257	106	T	0	0	106	35
A_PB2	1258	115	T	0	0	115	35
A_PB2	1259	111	T	0	0	111	35
A_PB2	1260	108	T	0	0	108	35
A_PB2	1261	115	G	0	0	115	35
A_PB2	1262	99	T	0	0	99	35
A_PB2	1263	93	C	0	0	93	35
A_PB2	1264	114	A	0	0	114	35
A_PB2	1265	105	A	0	0	105	35
A_PB2	1266	102	T	0	0	102	35
A_PB2	1267	110	A	0	0	110	35
A_PB2	1268	104	G	0	0	104	35
A_PB2	1269	112	G	0	0	112	35
A_PB2	1270	109	G	0	0	109	35
A_PB2	1271	114	C	0	0	114	35
A_PB2	1272	98	G	0	0	98	35
A_PB2	1273	114	A	0	0	114	35
A_PB2	1274	103	A	0	0	103	35
A_PB2	1275	108	C	0	0	108	35
A_PB2	1276	105	C	0	0	105	35
A_PB2	1277	86	A	0	0	86	35
A_PB2	1278	101	G	0	0	101	35
A_PB2	1279	91	C	0	0	91	35
A_PB2	1280	96	G	0	0	96	35
A_PB2	1281	99	A	0	0	99	35
A_PB2	1282	89	C	0	0	89	35
A_PB2	1283	92	T	0	0	92	35
A_PB2	1284	89	A	0	0	89	35
A_PB2	1285	108	A	0	0	108	35
A_PB2	1286	106	A	0	0	106	35
A_PB2	1287	109	C	0	0	109	35
A_PB2	1288	94	C	0	0	94	35
A_PB2	1289	112	C	0	0	112	35
A_PB2	1290	98	A	0	0	98	35
A_PB2	1291	98	A	0	0	98	35
A_PB2	1292	95	T	0	0	95	35
A_PB2	1293	112	G	0	0	112	35
A_PB2	1294	111	C	0	0	111	35
A_PB2	1295	114	A	0	0	114	35
A_PB2	1296	87	T	0	0	87	35
A_PB2	1297	105	C	0	0	105	35
A_PB2	1298	91	A	0	0	91	35
A_PB2	1299	112	A	0	0	112	35
A_PB2	1300	98	C	0	0	98	35
A_PB2	1301	93	T	0	0	93	35
A_PB2	1302	111	C	0	0	111	35
A_PB2	1303	94	T	0	0	94	35
A_PB2	1304	105	T	0	0	105	35
A_PB2	1305	90	G	0	0	90	35
A_PB2	1306	93	A	0	0	93	35
A_PB2	1307	106	G	0	0	106	35
A_PB2	1308	104	G	0	0	104	35
A_PB2	1309	92	C	0	0	92	35
A_PB2	1310	97	A	0	0	97	35
A_PB2	1311	92	T	0	0	92	35
A_PB2	1312	88	T	0	0	88	35
A_PB2	1313	89	T	0	0	89	35
A_PB2	1314	91	C	0	0	91	35
A_PB2	1315	85	C	0	0	85	35
A_PB2	1316	92	A	0	0	92	35
A_PB2	1317	110	A	0	0	110	35
A_PB2	1318	111	A	0	0	111	35
A_PB2	1319	94	A	0	0	94	35
A_PB2	1320	99	G	0	0	99	35
A_PB2	1321	100	G	0	0	100	35
A_PB2	1322	102	A	0	0	102	35
A_PB2	1323	98	T	0	0	98	35
A_PB2	1324	98	G	0	0	98	35
A_PB2	1325	105	C	0	0	105	35
A_PB2	1326	113	A	0	0	113	35
A_PB2	1327	86	A	0	0	86	35
A_PB2	1328	91	A	0	0	91	35
A_PB2	1329	90	G	0	0	90	35
A_PB2	1330	93	G	0	0	93	35
A_PB2	1331	89	T	0	0	89	35
A_PB2	1332	85	G	0	0	85	35
A_PB2	1333	93	C	0	0	93	35
A_PB2	1334	110	T	0	0	110	35
A_PB2	1335	110	T	0	0	110	35
A_PB2	1336	93	T	0	0	93	35
A_PB2	1337	106	T	0	0	106	35
A_PB2	1338	102	C	0	0	102	35
A_PB2	1339	90	C	0	0	90	35
A_PB2	1340	105	A	0	0	105	35
A_PB2	1341	112	A	0	0	112	35
A_PB2	1342	86	A	0	0	86	35
A_PB2	1343	115	A	0	0	115	35
A_PB2	1344	108	T	0	0	108	35
A_PB2	1345	100	T	0	0	100	35
A_PB2	1346	110	G	0	0	110	35
A_PB2	1347	85	G	0	0	85	35
A_PB2	1348	86	G	0	0	86	35
A_PB2	1349	112	G	0	0	112	35
A_PB2	1350	113	A	0	0	113	35
A_PB2	1351	87	A	0	0	87	35
A_PB2	1352	95	T	0	0	95	35
A_PB2	1353	104	T	0	0	104	35
A_PB2	1354	94	G	0	0	94	35
A_PB2	1355	112	A	0	0	112	35
A_PB2	1356	87	A	0	0	87	35
A_PB2	1357	113	C	0	0	113	35
A_PB2	1358	115	C	0	0	115	35
A_PB2	1359	98	C	0	0	98	35
A_PB2	1360	113	A	0	0	113	35
A_PB2	1361	96	T	0	0	96	35
A_PB2	1362	106	T	0	0	106	35
A_PB2	1363	106	G	0	0	106	35
A_PB2	1364	113	A	0	0	113	35
A_PB2	1365	87	C	0	0	87	35
A_PB2	1366	97	A	0	0	97	35
A_PB2	1367	115	A	0	0	115	35
A_PB2	1368	111	T	0	0	111	35
A_PB2	1369	108	G	0	0	108	35
A_PB2	1370	111	T	0	0	111	35
A_PB2	1371	89	G	0	0	89	35
A_PB2	1372	92	A	0	0	92	35
A_PB2	1373	88	T	0	0	88	35
A_PB2	1374	103	G	0	0	103	35
A_PB2	1375	108	G	0	0	108	35
A_PB2	1376	101	G	0	0	101	35
A_PB2	1377	114	A	0	0	114	35
A_PB2	1378	88	A	0	0	88	35
A_PB2	1379	101	T	0	0	101	35
A_PB2	1380	106	G	0	0	106	35
A_PB2	1381	111	A	0	0	111	35
A_PB2	1382	103	T	0	0	103	35
A_PB2	1383	115	C	0	0	115	35
A_PB2	1384	109	G	0	0	109	35
A_PB2	1385	114	G	0	0	114	35
A_PB2	1386	101	G	0	0	101	35
A_PB2	1387	93	G	0	0	93	35
A_PB2	1388	100	T	0	0	100	35
A_PB2	1389	113	A	0	0	113	35
A_PB2	1390	87	A	0	0	87	35
A_PB2	1391	92	T	0	0	92	35
A_PB2	1392	104	G	0	0	104	35
A_PB2	1393	88	C	0	0	88	35
A_PB2	1394	109	C	0	0	109	35
A_PB2	1395	110	C	0	0	110	35
A_PB2	1396	95	G	0	0	95	35
A_PB2	1397	95	A	0	0	95	35
A_PB2	1398	111	C	0	0	111	35
A_PB2	1399	103	A	0	0	103	35
A_PB2	1400	108	T	0	0	108	35
A_PB2	1401	97	G	0	0	97	35
A_PB2	1402	110	A	0	0	110	35
A_PB2	1403	108	C	0	0	108	35
A_PB2	1404	108	C	0	0	108	35
A_PB2	1405	92	C	0	0	92	35
A_PB2	1406	114	C	0	0	114	35
A_PB2	1407	98	A	0	0	98	35
A_PB2	1408	91	A	0	0	91	35
A_PB2	1409	89	G	0	0	89	35
A_PB2	1410	88	T	0	0	88	35
A_PB2	1411	90	A	0	0	90	35
A_PB2	1412	91	C	0	0	91	35
A_PB2	1413	93	T	0	0	93	35
A_PB2	1414	99	G	0	0	99	35
A_PB2	1415	98	A	0	0	98	35
A_PB2	1416	93	G	0	0	93	35
A_PB2	1417	112	A	0	0	112	35
A_PB2	1418	103	T	0	0	103	35
A_PB2	1419	86	G	0	0	86	35
A_PB2	1420	100	T	0	0	100	35
A_PB2	1421	102	C	0	0	102	35
A_PB2	1422	96	G	0	0	96	35
A_PB2	1423	107	C	0	0	107	35
A_PB2	1424	115	T	0	0	115	35
A_PB2	1425	88	G	0	0	88	35
A_PB2	1426	95	A	0	0	95	35
A_PB2	1427	102	G	0	0	102	35
A_PB2	1428	98	G	0	0	98	35
A_PB2	1429	100	G	0	0	100	35
A_PB2	1430	106	G	0	0	106	35
A_PB2	1431	92	A	0	0	92	35
A_PB2	1432	115	A	0	0	115	35
A_PB2	1433	93	T	0	0	93	35
A_PB2	1434	113	A	0	0	113	35
A_PB2	1435	110	A	0	0	110	35
A_PB2	1436	114	G	0	0	114	35
A_PB2	1437	89	A	0	0	89	35
A_PB2	1438	96	G	0	0	96	35
A_PB2	1439	100	T	0	0	100	35
A_PB2	1440	107	C	0	0	107	35
A_PB2	1441	96	A	0	0	96	35
A_PB2	1442	111	G	0	0	111	35
A_PB2	1443	94	T	0	0	94	35
A_PB2	1444	85	A	0	0	85	35
A_PB2	1445	105	A	0	0	105	35
A_PB2	1446	115	G	0	0	115	35
A_PB2	1447	113	A	0	0	113	35
A_PB2	1448	104	T	0	0	104	35
A_PB2	1449	86	G	0	0	86	35
A_PB2	1450	111	G	0	0	111	35
A_PB2	1451	108	G	0	0	108	35
A_PB2	1452	106	A	0	0	106	35
A_PB2	1453	110	G	0	0	110	35
A_PB2	1454	115	T	0	0	115	35
A_PB2	1455	86	A	0	0	86	35
A_PB2	1456	107	G	0	0	107	35
A_PB2	1457	114	A	0	0	114	35
A_PB2	1458	110	T	0	0	110	35
A_PB2	1459	106	G	0	0	106	35
A_PB2	1460	92	A	0	0	92	35
A_PB2	1461	93	A	0	0	93	35
A_PB2	1462	102	T	0	0	102	35
A_PB2	1463	97	A	0	0	97	35
A_PB2	1464	94	C	0	0	94	35
A_PB2	1465	105	T	0	0	105	35
A_PB2	1466	115	C	0	0	115	35
A_PB2	1467	107	A	0	0	107	35
A_PB2	1468	96	A	0	0	96	35
A_PB2	1469	113	G	0	0	113	35
A_PB2	1470	110	T	0	0	110	35
A_PB2	1471	106	A	0	0	106	35
A_PB2	1472	88	C	0	0	88	35
A_PB2	1473	102	A	0	0	102	35
A_PB2	1474	112	G	0	0	112	35
A_PB2	1475	92	A	0	0	92	35
A_PB2	1476	112	G	0	0	112	35
A_PB2	1477	99	C	0	0	99	35
A_PB2	1478	97	G	0	0	97	35
A_PB2	1479	85	A	0	0	85	35
A_PB2	1480	114	G	0	0	114	35
A_PB2	1481	115	T	0	0	115	35
A_PB2	1482	97	A	0	0	97	35
A_PB2	1483	114	G	0	0	114	35
A_PB2	1484	114	T	0	0	114	35
A_PB2	1485	93	A	0	0	93	35
A_PB2	1486	94	G	0	0	94	35
A_PB2	1487	87	T	0	0	87	35
A_PB2	1488	114	A	0	0	114	35
A_PB2	1489	111	A	0	0	111	35
A_PB2	1490	109	G	0	0	109	35
A_PB2	1491	92	C	0	0	92	35
A_PB2	1492	94	A	0	0	94	35
A_PB2	1493	91	T	0	0	91	35
A_PB2	1494	112	C	0	0	112	35
A_PB2	1495	113	G	0	0	113	35
A_PB2	1496	90	A	0	0	90	35
A_PB2	1497	114	C	0	0	114	35
A_PB2	1498	99	C	0	0	99	35
A_PB2	1499	105	G	0	0	105	35
A_PB2	1500	95	G	0	0	95	35
A_PB2	1501	113	T	0	0	113	35
A_PB2	1502	110	T	0	0	110	35
A_PB2	1503	109	T	0	0	109	35
A_PB2	1504	105	T	0	0	105	35
A_PB2	1505	98	T	0	0	98	35
A_PB2	1506	110	A	0	0	110	35
A_PB2	1507	86	A	0	0	86	35
A_PB2	1508	93	G	0	0	93	35
A_PB2	1509	112	A	0	0	112	35
A_PB2	1510	87	G	0	0	87	35
A_PB2	1511	111	T	0	0	111	35
A_PB2	1512	109	T	0	0	109	35
A_PB2	1513	115	C	0	0	115	35
A_PB2	1514	100	G	0	0	100	35
A_PB2	1515	100	A	0	0	100	35
A_PB2	1516	108	G	0	0	108	35
A_PB2	1517	98	A	0	0	98	35
A_PB2	1518	114	C	0	0	114	35
A_PB2	1519	111	C	0	0	111	35
A_PB2	1520	95	A	0	0	95	35
A_PB2	1521	107	A	0	0	107	35
A_PB2	1522	98	C	0	0	98	35
A_PB2	1523	113	G	0	0	113	35
A_PB2	1524	114	G	0	0	114	35
A_PB2	1525	111	G	0	0	111	35
A_PB2	1526	88	G	0	0	88	35
A_PB2	1527	111	G	0	0	111	35
A_PB2	1528	90	A	0	0	90	35
A_PB2	1529	107	A	0	0	107	35
A_PB2	1530	93	C	0	0	93	35
A_PB2	1531	101	G	0	0	101	35
A_PB2	1532	87	T	0	0	87	35
A_PB2	1533	96	A	0	0	96	35
A_PB2	1534	98	C	0	0	98	35
A_PB2	1535	104	T	0	0	104	35
A_PB2	1536	108	A	0	0	108	35
A_PB2	1537	111	T	0	0	111	35
A_PB2	1538	102	T	0	0	102	35
A_PB2	1539	108	A	0	0	108	35
A_PB2	1540	95	T	0	0	95	35
A_PB2	1541	99	C	0	0	99	35
A_PB2	1542	107	A	0	0	107	35
A_PB2	1543	85	C	0	0	85	35
A_PB2	1544	109	C	0	0	109	35
A_PB2	1545	86	C	0	0	86	35
A_PB2	1546	105	G	0	0	105	35
A_PB2	1547	105	A	0	0	105	35
A_PB2	1548	90	A	0	0	90	35
A_PB2	1549	105	G	0	0	105	35
A_PB2	1550	99	A	0	0	99	35
A_PB2	1551	110	G	0	0	110	35
A_PB2	1552	105	G	0	0	105	35
A_PB2	1553	89	T	0	0	89	35
A_PB2	1554	85	C	0	0	85	35
A_PB2	1555	97	A	0	0	97	35
A_PB2	1556	91	G	0	0	91	35
A_PB2	1557	105	T	0	0	105	35
A_PB2	1558	94	G	0	0	94	35
A_PB2	1559	95	A	0	0	95	35
A_PB2	1560	103	G	0	0	103	35
A_PB2	1561	87	A	0	0	87	35
A_PB2	1562	88	C	0	0	88	35
A_PB2	1563	90	A	0	0	90	35
A_PB2	1564	92	C	0	0	92	35
A_PB2	1565	101	A	0	0	101	35
A_PB2	1566	107	A	0	0	107	35
A_PB2	1567	109	G	0	0	109	35
A_PB2	1568	111	G	0	0	111	35
A_PB2	1569	105	A	0	0	105	35
A_PB2	1570	109	A	0	0	109	35
A_PB2	1571	89	C	0	0	89	35
A_PB2	1572	112	G	0	0	112	35
A_PB2	1573	104	G	0	0	104	35
A_PB2	1574	106	A	0	0	106	35
A_PB2	1575	98	G	0	0	98	35
A_PB2	1576	110	A	0	0	110	35
A_PB2	1577	115	A	0	0	115	35
A_PB2	1578	95	A	0	0	95	35
A_PB2	1579	99	C	0	0	99	35
A_PB2	1580	100	T	0	0	100	35
A_PB2	1581	112	G	0	0	112	35
A_PB2	1582	108	A	0	0	108	35
A_PB2	1583	89	C	0	0	89	35
A_PB2	1584	93	A	0	0	93	35
A_PB2	1585	90	A	0	0	90	35
A_PB2	1586	106	T	0	0	106	35
A_PB2	1587	103	C	0	0	103	35
A_PB2	1588	111	A	0	0	111	35
A_PB2	1589	95	C	0	0	95	35
A_PB2	1590	110	T	0	0	110	35
A_PB2	1591	94	T	0	0	94	35
A_PB2	1592	91	A	0	0	91	35
A_PB2	1593	87	T	0	0	87	35
A_PB2	1594	98	T	0	0	98	35
A_PB2	1595	96	C	0	0	96	35
A_PB2	1596	90	G	0	0	90	35
A_PB2	1597	97	T	0	0	97	35
A_PB2	1598	113	C	0	0	113	35
A_PB2	1599	97	A	0	0	97	35
A_PB2	1600	115	T	0	0	115	35
A_PB2	1601	111	C	0	0	111	35
A_PB2	1602	113	A	0	0	113	35
A_PB2	1603	103	A	0	0	103	35
A_PB2	1604	92	T	0	0	92	35
A_PB2	1605	85	G	0	0	85	35
A_PB2	1606	115	A	0	0	115	35
A_PB2	1607	85	T	0	0	85	35
A_PB2	1608	114	G	0	0	114	35
A_PB2	1609	102	T	0	0	102	35
A_PB2	1610	105	G	0	0	105	35
A_PB2	1611	104	G	0	0	104	35
A_PB2	1612	105	G	0	0	105	35
A_PB2	1613	92	A	0	0	92	35
A_PB2	1614	114	G	0	0	114	35
A_PB2	1615	87	A	0	0	87	35
A_PB2	1616	99	T	0	0	99	35
A_PB2	1617	91	C	0	0	91	35
A_PB2	1618	93	A	0	0	93	35
A_PB2	1619	107	A	0	0	107	35
A_PB2	1620	112	T	0	0	112	35
A_PB2	1621	90	G	0	0	90	35
A_PB2	1622	86	G	0	0	86	35
A_PB2	1623	97	T	0	0	97	35
A_PB2	1624	104	C	0	0	104	35
A_PB2	1625	98	C	0	0	98	35
A_PB2	1626	104	T	0	0	104	35
A_PB2	1627	93	G	0	0	93	35
A_PB2	1628	89	A	0	0	89	35
A_PB2	1629	87	G	0	0	87	35
A_PB2	1630	115	T	0	0	115	35
A_PB2	1631	96	C	0	0	96	35
A_PB2	1632	90	G	0	0	90	35
A_PB2	1633	115	G	0	0	115	35
A_PB2	1634	103	T	0	0	103	35
A_PB2	1635	88	G	0	0	88	35
A_PB2	1636	85	T	0	0	85	35
A_PB2	1637	107	T	0	0	107	35
A_PB2	1638	101	G	0	0	101	35
A_PB2	1639	98	G	0	0	98	35
A_PB2	1640	109	T	0	0	109	35
A_PB2	1641	114	C	0	0	114	35
A_PB2	1642	114	A	0	0	114	35
A_PB2	1643	99	A	0	0	99	35
A_PB2	1644	111	T	0	0	111	35
A_PB2	1645	106	A	0	0	106	35
A_PB2	1646	100	C	0	0	100	35
A_PB2	1647	88	T	0	0	88	35
A_PB2	1648	92	T	0	0	92	35
A_PB2	1649	107	A	0	0	107	35
A_PB2	1650	91	C	0	0	91	35
A_PB2	1651	91	C	0	0	91	35
A_PB2	1652	115	A	0	0	115	35
A_PB2	1653	112	G	0	0	112	35
A_PB2	1654	111	T	0	0	111	35
A_PB2	1655	110	G	0	0	110	35
A_PB2	1656	93	G	0	0	93	35
A_PB2	1657	94	A	0	0	94	35
A_PB2	1658	108	T	0	0	108	35
A_PB2	1659	100	A	0	0	100	35
A_PB2	1660	97	A	0	0	97	35
A_PB2	1661	89	T	0	0	89	35
A_PB2	1662	98	T	0	0	98	35
A_PB2	1663	112	A	0	0	112	35
A_PB2	1664	91	G	0	0	91	35
A_PB2	1665	104	A	0	0	104	35
A_PB2	1666	91	A	0	0	91	35
A_PB2	1667	111	A	0	0	111	35
A_PB2	1668	94	C	0	0	94	35
A_PB2	1669	108	T	0	0	108	35
A_PB2	1670	106	G	0	0	106	35
A_PB2	1671	91	G	0	0	91	35
A_PB2	1672	98	G	0	0	98	35
A_PB2	1673	90	A	0	0	90	35
A_PB2	1674	98	A	0	0	98	35
A_PB2	1675	110	A	0	0	110	35
A_PB2	1676	89	C	0	0	89	35
A_PB2	1677	85	T	0	0	85	35
A_PB2	1678	94	G	0	0	94	35
A_PB2	1679	93	T	0	0	93	35
A_PB2	1680	92	A	0	0	92	35
A_PB2	1681	104	A	0	0	104	35
A_PB2	1682	99	A	0	0	99	35
A_PB2	1683	114	A	0	0	114	35
A_PB2	1684	92	A	0	0	92	35
A_PB2	1685	96	T	0	0	96	35
A_PB2	1686	103	T	0	0	103	35
A_PB2	1687	106	C	0	0	106	35
A_PB2	1688	105	A	0	0	105	35
A_PB2	1689	99	A	0	0	99	35
A_PB2	1690	87	T	0	0	87	35
A_PB2	1691	85	G	0	0	85	35
A_PB2	1692	100	G	0	0	100	35
A_PB2	1693	89	T	0	0	89	35
A_PB2	1694	112	C	0	0	112	35
A_PB2	1695	95	A	0	0	95	35
A_PB2	1696	107	C	0	0	107	35
A_PB2	1697	97	A	0	0	97	35
A_PB2	1698	106	G	0	0	106	35
A_PB2	1699	91	G	0	0	91	35
A_PB2	1700	107	A	0	0	107	35
A_PB2	1701	97	T	0	0	97	35
A_PB2	1702	107	C	0	0	107	35
A_PB2	1703	98	C	0	0	98	35
A_PB2	1704	108	C	0	0	108	35
A_PB2	1705	104	A	0	0	104	35
A_PB2	1706	93	C	0	0	93	35
A_PB2	1707	87	A	0	0	87	35
A_PB2	1708	88	A	0	0	88	35
A_PB2	1709	102	T	0	0	102	35
A_PB2	1710	86	G	0	0	86	35
A_PB2	1711	86	T	0	0	86	35
A_PB2	1712	95	T	0	0	95	35
A_PB2	1713	114	G	0	0	114	35
A_PB2	1714	92	T	0	0	92	35
A_PB2	1715	100	A	0	0	100	35
A_PB2	1716	114	T	0	0	114	35
A_PB2	1717	96	A	0	0	96	35
A_PB2	1718	104	A	0	0	104	35
A_PB2	1719	115	T	0	0	115	35
A_PB2	1720	106	A	0	0	106	35
A_PB2	1721	115	A	0	0	115	35
A_PB2	1722	110	G	0	0	110	35
A_PB2	1723	104	A	0	0	104	35
A_PB2	1724	107	T	0	0	107	35
A_PB2	1725	108	G	0	0	108	35
A_PB2	1726	110	G	0	0	110	35
A_PB2	1727	86	A	0	0	86	35
A_PB2	1728	85	A	0	0	85	35
A_PB2	1729	93	T	0	0	93	35
A_PB2	1730	101	T	0	0	101	35
A_PB2	1731	104	C	0	0	104	35
A_PB2	1732	97	G	0	0	97	35
A_PB2	1733	94	A	0	0	94	35
A_PB2	1734	97	G	0	0	97	35
A_PB2	1735	106	C	0	0	106	35
A_PB2	1736	96	C	0	0	96	35
A_PB2	1737	89	A	0	0	89	35
A_PB2	1738	115	T	0	0	115	35
A_PB2	1739	113	T	0	0	113	35
A_PB2	1740	102	C	0	0	102	35
A_PB2	1741	86	C	0	0	86	35
A_PB2	1742	103	A	0	0	103	35
A_PB2	1743	90	G	0	0	90	35
A_PB2	1744	93	T	0	0	93	35
A_PB2	1745	90	C	0	0	90	35
A_PB2	1746	101	T	0	0	101	35
A_PB2	1747	100	C	0	0	100	35
A_PB2	1748	114	T	0	0	114	35
A_PB2	1749	95	A	0	0	95	35
A_PB2	1750	113	G	0	0	113	35
A_PB2	1751	99	T	0	0	99	35
A_PB2	1752	89	C	0	0	89	35
A_PB2	1753	87	C	0	0	87	35
A_PB2	1754	95	C	0	0	95	35
A_PB2	1755	107	T	0	0	107	35
A_PB2	1756	101	A	0	0	101	35
A_PB2	1757	98	A	0	0	98	35
A_PB2	1758	89	G	0	0	89	35
A_PB2	1759	93	G	0	0	93	35
A_PB2	1760	88	C	0	0	88	35
A_PB2	1761	95	A	0	0	95	35
A_PB2	1762	86	G	0	0	86	35
A_PB2	1763	89	C	0	0	89	35
A_PB2	1764	100	C	0	0	100	35
A_PB2	1765	112	A	0	0	112	35
A_PB2	1766	111	G	0	0	111	35
A_PB2	1767	93	A	0	0	93	35
A_PB2	1768	108	G	0	0	108	35
A_PB2	1769	96	G	0	0	96	35
A_PB2	1770	114	T	0	0	114	35
A_PB2	1771	98	C	0	0	98	35
A_PB2	1772	94	A	0	0	94	35
A_PB2	1773	113	A	0	0	113	35
A_PB2	1774	113	T	0	0	113	35
A_PB2	1775	93	A	0	0	93	35
A_PB2	1776	104	C	0	0	104	35
A_PB2	1777	111	A	0	0	111	35
A_PB2	1778	109	G	0	0	109	35
A_PB2	1779	114	T	0	0	114	35
A_PB2	1780	93	G	0	0	93	35
A_PB2	1781	101	G	0	0	101	35
A_PB2	1782	95	G	0	0	95	35
A_PB2	1783	98	T	0	0	98	35
A_PB2	1784	113	T	0	0	113	35
A_PB2	1785	90	T	0	0	90	35
A_PB2	1786	95	G	0	0	95	35
A_PB2	1787	108	T	0	0	108	35
A_PB2	1788	100	G	0	0	100	35
A_PB2	1789	109	A	0	0	109	35
A_PB2	1790	115	G	0	0	115	35
A_PB2	1791	89	A	0	0	89	35
A_PB2	1792	102	A	0	0	102	35
A_PB2	1793	112	C	0	0	112	35
A_PB2	1794	114	A	0	0	114	35
A_PB2	1795	106	C	0	0	106	35
A_PB2	1796	105	T	0	0	105	35
A_PB2	1797	110	A	0	0	110	35
A_PB2	1798	99	T	0	0	99	35
A_PB2	1799	86	T	0	0	86	35
A_PB2	1800	91	C	0	0	91	35
A_PB2	1801	89	C	0	0	89	35
A_PB2	1802	86	A	0	0	86	35
A_PB2	1803	92	G	0	0	92	35
A_PB2	1804	90	C	0	0	90	35
A_PB2	1805	86	A	0	0	86	35
A_PB2	1806	100	A	0	0	100	35
A_PB2	1807	93	A	0	0	93	35
A_PB2	1808	90	T	0	0	90	35
A_PB2	1809	107	G	0	0	107	35
A_PB2	1810	99	A	0	0	99	35
A_PB2	1811	98	G	0	0	98	35
A_PB2	1812	88	A	0	0	88	35
A_PB2	1813	113	G	0	0	113	35
A_PB2	1814	114	A	0	0	114	35
A_PB2	1815	100	T	0	0	100	35
A_PB2	1816	86	G	0	0	86	35
A_PB2	1817	99	T	0	0	99	35
A_PB2	1818	96	G	0	0	96	35
A_PB2	1819	107	C	0	0	107	35
A_PB2	1820	102	T	0	0	102	35
A_PB2	1821	100	T	0	0	100	35
A_PB2	1822	99	G	0	0	99	35
A_PB2	1823	100	G	0	0	100	35
A_PB2	1824	88	A	0	0	88	35
A_PB2	1825	112	A	0	0	112	35
A_PB2	1826	108	C	0	0	108	35
A_PB2	1827	112	A	0	0	112	35
A_PB2	1828	89	T	0	0	89	35
A_PB2	1829	88	T	0	0	88	35
A_PB2	1830	96	T	0	0	96	35
A_PB2	1831	87	G	0	0	87	35
A_PB2	1832	91	A	0	0	91	35
A_PB2	1833	112	C	0	0	112	35
A_PB2	1834	94	A	0	0	94	35
A_PB2	1835	90	C	0	0	90	35
A_PB2	1836	111	T	0	0	111	35
A_PB2	1837	90	G	0	0	90	35
A_PB2	1838	108	T	0	0	108	35
A_PB2	1839	101	T	0	0	101	35
A_PB2	1840	111	C	0	0	111	35
A_PB2	1841	93	A	0	0	93	35
A_PB2	1842	103	G	0	0	103	35
A_PB2	1843	113	A	0	0	113	35
A_PB2	1844	106	T	0	0	106	35
A_PB2	1845	103	A	0	0	103	35
A_PB2	1846	91	G	0	0	91	35
A_PB2	1847	103	T	0	0	103	35
A_PB2	1848	85	A	0	0	85	35
A_PB2	1849	101	A	0	0	101	35
A_PB2	1850	109	A	0	0	109	35
A_PB2	1851	103	A	0	0	103	35
A_PB2	1852	90	C	0	0	90	35
A_PB2	1853	98	T	0	0	98	35
A_PB2	1854	114	C	0	0	114	35
A_PB2	1855	87	C	0	0	87	35
A_PB2	1856	92	T	0	0	92	35
A_PB2	1857	109	C	0	0	109	35
A_PB2	1858	100	C	0	0	100	35
A_PB2	1859	106	C	0	0	106	35
A_PB2	1860	88	C	0	0	88	35
A_PB2	1861	113	T	0	0	113	35
A_PB2	1862	95	T	0	0	95	35
A_PB2	1863	85	T	0	0	85	35
A_PB2	1864	94	G	0	0	94	35
A_PB2	1865	106	C	0	0	106	35
A_PB2	1866	106	T	0	0	106	35
A_PB2	1867	88	G	0	0	88	35
A_PB2	1868	97	C	0	0	97	35
A_PB2	1869	96	C	0	0	96	35
A_PB2	1870	103	G	0	0	103	35
A_PB2	1871	114	C	0	0	114	35
A_PB2	1872	115	C	0	0	115	35
A_PB2	1873	88	C	0	0	88	35
A_PB2	1874	111	C	0	0	111	35
A_PB2	1875	95	A	0	0	95	35
A_PB2	1876	89	C	0	0	89	35
A_PB2	1877	85	C	0	0	85	35
A_PB2	1878	87	G	0	0	87	35
A_PB2	1879	99	G	0	0	99	35
A_PB2	1880	111	A	0	0	111	35
A_PB2	1881	107	A	0	0	107	35
A_PB2	1882	106	C	0	0	106	35
A_PB2	1883	100	A	0	0	100	35
A_PB2	1884	99	A	0	0	99	35
A_PB2	1885	105	A	0	0	105	35
A_PB2	1886	115	G	0	0	115	35
A_PB2	1887	93	T	0	0	93	35
A_PB2	1888	104	A	0	0	104	35
A_PB2	1889	106	G	0	0	106	35
A_PB2	1890	85	G	0	0	85	35
A_PB2	1891	95	A	0	0	95	35
A_PB2	1892	86	T	0	0	86	35
A_PB2	1893	105	G	0	0	105	35
A_PB2	1894	104	C	0	0	104	35
A_PB2	1895	115	A	0	0	115	35
A_PB2	1896	99	G	0	0	99	35
A_PB2	1897	95	T	0	0	95	35
A_PB2	1898	115	T	0	0	115	35
A_PB2	1899	108	C	0	0	108	35
A_PB2	1900	108	T	0	0	108	35
A_PB2	1901	114	C	0	0	114	35
A_PB2	1902	115	C	0	0	115	35
A_PB2	1903	110	T	0	0	110	35
A_PB2	1904	103	C	0	0	103	35
A_PB2	1905	89	C	0	0	89	35
A_PB2	1906	91	C	0	0	91	35
A_PB2	1907	112	T	0	0	112	35
A_PB2	1908	86	G	0	0	86	35
A_PB2	1909	110	A	0	0	110	35
A_PB2	1910	105	C	0	0	105	35
A_PB2	1911	94	T	0	0	94	35
A_PB2	1912	95	G	0	0	95	35
A_PB2	1913	110	T	0	0	110	35
A_PB2	1914	86	G	0	0	86	35
A_PB2	1915	108	A	0	0	108	35
A_PB2	1916	87	A	0	0	87	35
A_PB2	1917	102	T	0	0	102	35
A_PB2	1918	115	G	0	0	115	35
A_PB2	1919	104	T	0	0	104	35
A_PB2	1920	97	A	0	0	97	35
A_PB2	1921	87	A	0	0	87	35
A_PB2	1922	97	G	0	0	97	35
A_PB2	1923	93	A	0	0	93	35
A_PB2	1924	90	G	0	0	90	35
A_PB2	1925	92	G	0	0	92	35
A_PB2	1926	115	A	0	0	115	35
A_PB2	1927	109	T	0	0	109	35
A_PB2	1928	112	C	0	0	112	35
A_PB2	1929	97	A	0	0	97	35
A_PB2	1930	87	G	0	0	87	35
A_PB2	1931	85	G	0	0	85	35
A_PB2	1932	112	A	0	0	112	35
A_PB2	1933	91	A	0	0	91	35
A_PB2	1934	90	T	0	0	90	35
A_PB2	1935	97	G	0	0	97	35
A_PB2	1936	109	A	0	0	109	35
A_PB2	1937	97	G	0	0	97	35
A_PB2	1938	94	G	0	0	94	35
A_PB2	1939	105	A	0	0	105	35
A_PB2	1940	109	T	0	0	109	35
A_PB2	1941	115	A	0	0	115	35
A_PB2	1942	105	C	0	0	105	35
A_PB2	1943	89	T	0	0	89	35
A_PB2	1944	88	G	0	0	88	35
A_PB2	1945	94	G	0	0	94	35
A_PB2	1946	100	T	0	0	100	35
A_PB2	1947	110	A	0	0	110	35
A_PB2	1948	98	A	0	0	98	35
A_PB2	1949	108	G	0	0	108	35
A_PB2	1950	110	A	0	0	110	35
A_PB2	1951	114	G	0	0	114	35
A_PB2	1952	94	G	0	0	94	35
A_PB2	1953	113	C	0	0	113	35
A_PB2	1954	106	A	0	0	106	35
A_PB2	1955	104	A	0	0	104	35
A_PB2	1956	89	T	0	0	89	35
A_PB2	1957	96	T	0	0	96	35
A_PB2	1958	106	C	0	0	106	35
A_PB2	1959	88	A	0	0	88	35
A_PB2	1960	111	C	0	0	111	35
A_PB2	1961	96	C	0	0	96	35
A_PB2	1962	101	A	0	0	101	35
A_PB2	1963	91	G	0	0	91	35
A_PB2	1964	100	T	0	0	100	35
A_PB2	1965	99	C	0	0	99	35
A_PB2	1966	113	T	0	0	113	35
A_PB2	1967	97	T	0	0	97	35
A_PB2	1968	100	C	0	0	100	35
A_PB2	1969	93	A	0	0	93	35
A_PB2	1970	103	A	0	0	103	35
A_PB2	1971	104	T	0	0	104	35
A_PB2	1972	98	T	0	0	98	35
A_PB2	1973	87	A	0	0	87	35
A_PB2	1974	109	C	0	0	109	35
A_PB2	1975	98	A	0	0	98	35
A_PB2	1976	110	A	0	0	110	35
A_PB2	1977	96	C	0	0	96	35
A_PB2	1978	104	A	0	0	104	35
A_PB2	1979	90	A	0	0	90	35
A_PB2	1980	98	G	0	0	98	35
A_PB2	1981	105	G	0	0	105	35
A_PB2	1982	98	C	0	0	98	35
A_PB2	1983	87	C	0	0	87	35
A_PB2	1984	86	A	0	0	86	35
A_PB2	1985	101	C	0	0	101	35
A_PB2	1986	95	C	0	0	95	35
A_PB2	1987	99	A	0	0	99	35
A_PB2	1988	106	A	0	0	106	35
A_PB2	1989	92	G	0	0	92	35
A_PB2	1990	105	A	0	0	105	35
A_PB2	1991	106	G	0	0	106	35
A_PB2	1992	107	G	0	0	107	35
A_PB2	1993	89	C	0	0	89	35
A_PB2	1994	114	T	0	0	114	35
A_PB2	1995	100	C	0	0	100	35
A_PB2	1996	101	A	0	0	101	35
A_PB2	1997	105	C	0	0	105	35
A_PB2	1998	105	A	0	0	105	35
A_PB2	1999	101	G	0	0	101	35
A_PB2	2000	87	T	0	0	87	35
A_PB2	2001	94	T	0	0	94	35
A_PB2	2002	99	C	0	0	99	35
A_PB2	2003	98	T	0	0	98	35
A_PB2	2004	87	C	0	0	87	35
A_PB2	2005	114	G	0	0	114	35
A_PB2	2006	110	G	0	0	110	35
A_PB2	2007	100	G	0	0	100	35
A_PB2	2008	94	A	0	0	94	35
A_PB2	2009	89	A	0	0	89	35
A_PB2	2010	89	A	0	0	89	35
A_PB2	2011	106	G	0	0	106	35
A_PB2	2012	113	A	0	0	113	35
A_PB2	2013	94	T	0	0	94	35
A_PB2	2014	111	G	0	0	111	35
A_PB2	2015	92	C	0	0	92	35
A_PB2	2016	101	A	0	0	101	35
A_PB2	2017	98	G	0	0	98	35
A_PB2	2018	94	G	0	0	94	35
A_PB2	2019	103	T	0	0	103	35
A_PB2	2020	86	G	0	0	86	35
A_PB2	2021	102	C	0	0	102	35
A_PB2	2022	87	A	0	0	87	35
A_PB2	2023	114	T	0	0	114	35
A_PB2	2024	86	T	0	0	86	35
A_PB2	2025	101	G	0	0	101	35
A_PB2	2026	88	A	0	0	88	35
A_PB2	2027	101	C	0	0	101	35
A_PB2	2028	98	C	0	0	98	35
A_PB2	2029	98	G	0	0	98	35
A_PB2	2030	88	A	0	0	88	35
A_PB2	2031	99	A	0	0	99	35
A_PB2	2032	106	G	0	0	106	35
A_PB2	2033	108	A	0	0	108	35
A_PB2	2034	103	T	0	0	103	35
A_PB2	2035	111	C	0	0	111	35
A_PB2	2036	93	C	0	0	93	35
A_PB2	2037	96	A	0	0	96	35
A_PB2	2038	93	G	0	0	93	35
A_PB2	2039	103	A	0	0	103	35
A_PB2	2040	87	T	0	0	87	35
A_PB2	2041	109	G	0	0	109	35
A_PB2	2042	101	A	0	0	101	35
A_PB2	2043	85	A	0	0	85	35
A_PB2	2044	88	G	0	0	88	35
A_PB2	2045	108	G	0	0	108	35
A_PB2	2046	106	C	0	0	106	35
A_PB2	2047	99	A	0	0	99	35
A_PB2	2048	90	C	0	0	90	35
A_PB2	2049	110	A	0	0	110	35
A_PB2	2050	90	G	0	0	90	35
A_PB2	2051	111	C	0	0	111	35
A_PB2	2052	97	T	0	0	97	35
A_PB2	2053	86	G	0	0	86	35
A_PB2	2054	87	G	0	0	87	35
A_PB2	2055	98	A	0	0	98	35
A_PB2	2056	113	G	0	0	113	35
A_PB2	2057	107	T	0	0	107	35
A_PB2	2058	94	G	0	0	94	35
A_PB2	2059	95	G	0	0	95	35
A_PB2	2060	103	A	0	0	103	35
A_PB2	2061	108	G	0	0	108	35
A_PB2	2062	99	T	0	0	99	35
A_PB2	2063	109	C	0	0	109	35
A_PB2	2064	106	T	0	0	106	35
A_PB2	2065	99	G	0	0	99	35
A_PB2	2066	104	C	0	0	104	35
A_PB2	2067	110	T	0	0	110	35
A_PB2	2068	93	G	0	0	93	35
A_PB2	2069	95	T	0	0	95	35
A_PB2	2070	115	T	0	0	115	35
A_PB2	2071	114	T	0	0	114	35
A_PB2	2072	112	T	0	0	112	35
A_PB2	2073	110	A	0	0	110	35
A_PB2	2074	90	A	0	0	90	35
A_PB2	2075	91	G	0	0	91	35
A_PB2	2076	90	A	0	0	90	35
A_PB2	2077	87	G	0	0	87	35
A_PB2	2078	108	G	0	0	108	35
A_PB2	2079	104	A	0	0	104	35
A_PB2	2080	93	T	0	0	93	35
A_PB2	2081	112	T	0	0	112	35
A_PB2	2082	106	C	0	0	106	35
A_PB2	2083	88	C	0	0	88	35
A_PB2	2084	98	T	0	0	98	35
A_PB2	2085	102	C	0	0	102	35
A_PB2	2086	85	A	0	0	85	35
A_PB2	2087	85	T	0	0	85	35
A_PB2	2088	97	T	0	0	97	35
A_PB2	2089	88	T	0	0	88	35
A_PB2	2090	85	T	0	0	85	35
A_PB2	2091	90	G	0	0	90	35
A_PB2	2092	105	G	0	0	105	35
A_PB2	2093	100	G	0	0	100	35
A_PB2	2094	99	C	0	0	99	35
A_PB2	2095	107	A	0	0	107	35
A_PB2	2096	97	A	0	0	97	35
A_PB2	2097	112	A	0	0	112	35
A_PB2	2098	106	G	0	0	106	35
A_PB2	2099	115	A	0	0	115	35
A_PB2	2100	108	A	0	0	108	35
A_PB2	2101	104	G	0	0	104	35
A_PB2	2102	108	A	0	0	108	35
A_PB2	2103	100	C	0	0	100	35
A_PB2	2104	94	A	0	0	94	35
A_PB2	2105	104	A	0	0	104	35
A_PB2	2106	111	G	0	0	111	35
A_PB2	2107	104	A	0	0	104	35
A_PB2	2108	96	G	0	0	96	35
A_PB2	2109	107	A	0	0	107	35
A_PB2	2110	106	T	0	0	106	35
A_PB2	2111	115	A	0	0	115	35
A_PB2	2112	107	T	0	0	107	35
A_PB2	2113	106	G	0	0	106	35
A_PB2	2114	97	G	0	0	97	35
A_PB2	2115	110	C	0	0	110	35
A_PB2	2116	94	C	0	0	94	35
A_PB2	2117	87	C	0	0	87	35
A_PB2	2118	89	A	0	0	89	35
A_PB2	2119	89	G	0	0	89	35
A_PB2	2120	85	C	0	0	85	35
A_PB2	2121	91	A	0	0	91	35
A_PB2	2122	88	T	0	0	88	35
A_PB2	2123	111	T	0	0	111	35
A_PB2	2124	85	G	0	0	85	35
A_PB2	2125	107	A	0	0	107	35
A_PB2	2126	91	G	0	0	91	35
A_PB2	2127	112	C	0	0	112	35
A_PB2	2128	85	A	0	0	85	35
A_PB2	2129	91	T	0	0	91	35
A_PB2	2130	100	C	0	0	100	35
A_PB2	2131	105	A	0	0	105	35
A_PB2	2132	89	A	0	0	89	35
A_PB2	2133	105	T	0	0	105	35
A_PB2	2134	92	G	0	0	92	35
A_PB2	2135	98	A	0	0	98	35
A_PB2	2136	111	G	0	0	111	35
A_PB2	2137	105	C	0	0	105	35
A_PB2	2138	112	T	0	0	112	35
A_PB2	2139	110	G	0	0	110	35
A_PB2	2140	102	A	0	0	102	35
A_PB2	2141	91	G	0	0	91	35
A_PB2	2142	87	C	0	0	87	35
A_PB2	2143	94	A	0	0	94	35
A_PB2	2144	109	A	0	0	109	35
A_PB2	2145	99	T	0	0	99	35
A_PB2	2146	89	C	0	0	89	35
A_PB2	2147	100	T	0	0	100	35
A_PB2	2148	98	T	0	0	98	35
A_PB2	2149	85	G	0	0	85	35
A_PB2	2150	88	C	0	0	88	35
A_PB2	2151	90	A	0	0	90	35
A_PB2	2152	113	A	0	0	113	35
A_PB2	2153	89	A	0	0	89	35
A_PB2	2154	108	G	0	0	108	35
A_PB2	2155	107	G	0	0	107	35
A_PB2	2156	99	G	0	0	99	35
A_PB2	2157	115	A	0	0	115	35
A_PB2	2158	100	G	0	0	100	35
A_PB2	2159	100	A	0	0	100	35
A_PB2	2160	85	G	0	0	85	35
A_PB2	2161	112	A	0	0	112	35
A_PB2	2162	99	A	0	0	99	35
A_PB2	2163	103	G	0	0	103	35
A_PB2	2164	92	G	0	0	92	35
A_PB2	2165	91	C	0	0	91	35
A_PB2	2166	94	T	0	0	94	35
A_PB2	2167	103	A	0	0	103	35
A_PB2	2168	111	A	0	0	111	35
A_PB2	2169	111	T	0	0	111	35
A_PB2	2170	97	G	0	0	97	35
A_PB2	2171	86	T	0	0	86	35
A_PB2	2172	95	G	0	0	95	35
A_PB2	2173	85	C	0	0	85	35
A_PB2	2174	88	T	0	0	88	35
A_PB2	2175	105	A	0	0	105	35
A_PB2	2176	112	A	0	0	112	35
A_PB2	2177	107	T	0	0	107	35
A_PB2	2178	98	T	0	0	98	35
A_PB2	2179	98	G	0	0	98	35
A_PB2	2180	112	G	0	0	112	35
A_PB2	2181	100	G	0	0	100	35
A_PB2	2182	108	C	0	0	108	35
A_PB2	2183	103	A	0	0	103	35
A_PB2	2184	104	A	0	0	104	35
A_PB2	2185	108	G	0	0	108	35
A_PB2	2186	102	G	0	0	102	35
A_PB2	2187	94	A	0	0	94	35
A_PB2	2188	86	G	0	0	86	35
A_PB2	2189	100	A	0	0	100	35
A_PB2	2190	97	C	0	0	97	35
A_PB2	2191	100	G	0	0	100	35
A_PB2	2192	101	T	0	0	101	35
A_PB2	2193	103	A	0	0	103	35
A_PB2	2194	108	G	0	0	108	35
A_PB2	2195	104	T	0	0	104	35
A_PB2	2196	114	G	0	0	114	35
A_PB2	2197	106	T	0	0	106	35
A_PB2	2198	113	T	0	0	113	35
A_PB2	2199	111	G	0	0	111	35
A_PB2	2200	112	G	0	0	112	35
A_PB2	2201	100	T	0	0	100	35
A_PB2	2202	92	G	0	0	92	35
A_PB2	2203	107	A	0	0	107	35
A_PB2	2204	86	T	0	0	86	35
A_PB2	2205	101	G	0	0	101	35
A_PB2	2206	85	A	0	0	85	35
A_PB2	2207	98	A	0	0	98	35
A_PB2	2208	103	A	0	0	103	35
A_PB2	2209	95	C	0	0	95	35
A_PB2	2210	102	G	0	0	102	35
A_PB2	2211	87	G	0	0	87	35
A_PB2	2212	93	A	0	0	93	35
A_PB2	2213	113	A	0	0	113	35
A_PB2	2214	105	A	0	0	105	35
A_PB2	2215	98	C	0	0	98	35
A_PB2	2216	113	G	0	0	113	35
A_PB2	2217	100	G	0	0	100	35
A_PB2	2218	88	G	0	0	88	35
A_PB2	2219	100	A	0	0	100	35
A_PB2	2220	104	C	0	0	104	35
A_PB2	2221	115	T	0	0	115	35
A_PB2	2222	105	C	0	0	105	35
A_PB2	2223	96	T	0	0	96	35
A_PB2	2224	99	A	0	0	99	35
A_PB2	2225	107	G	0	0	107	35
A_PB2	2226	98	C	0	0	98	35
A_PB2	2227	85	A	0	0	85	35
A_PB2	2228	90	T	0	0	90	35
A_PB2	2229	94	A	0	0	94	35
A_PB2	2230	108	C	0	0	108	35
A_PB2	2231	91	T	0	0	91	35
A_PB2	2232	100	T	0	0	100	35
A_PB2	2233	96	A	0	0	96	35
A_PB2	2234	99	C	0	0	99	35
A_PB2	2235	92	T	0	0	92	35
A_PB2	2236	101	G	0	0	101	35
A_PB2	2237	92	A	0	0	92	35
A_PB2	2238	103	C	0	0	103	35
A_PB2	2239	114	A	0	0	114	35
A_PB2	2240	106	G	0	0	106	35
A_PB2	2241	95	C	0	0	95	35
A_PB2	2242	114	C	0	0	114	35
A_PB2	2243	104	A	0	0	104	35
A_PB2	2244	112	G	0	0	112	35
A_PB2	2245	111	A	0	0	111	35
A_PB2	2246	107	C	0	0	107	35
A_PB2	2247	106	A	0	0	106	35
A_PB2	2248	99	G	0	0	99	35
A_PB2	2249	89	C	0	0	89	35
A_PB2	2250	113	G	0	0	113	35
A_PB2	2251	94	A	0	0	94	35
A_PB2	2252	108	C	0	0	108	35
A_PB2	2253	107	C	0	0	107	35
A_PB2	2254	97	A	0	0	97	35
A_PB2	2255	115	A	0	0	115	35
A_PB2	2256	98	A	0	0	98	35
A_PB2	2257	111	A	0	0	111	35
A_PB2	2258	115	G	0	0	115	35
A_PB2	2259	106	A	0	0	106	35
A_PB2	2260	105	A	0	0	105	35
A_PB2	2261	108	T	0	0	108	35
A_PB2	2262	96	T	0	0	96	35
A_PB2	2263	110	C	0	0	110	35
A_PB2	2264	100	G	0	0	100	35
A_PB2	2265	110	G	0	0	110	35
A_PB2	2266	112	A	0	0	112	35
A_PB2	2267	90	T	0	0	90	35
A_PB2	2268	104	G	0	0	104	35
A_PB2	2269	91	G	0	0	91	35
A_PB2	2270	94	C	0	0	94	35
A_PB2	2271	107	C	0	0	107	35
A_PB2	2272	108	A	0	0	108	35
A_PB2	2273	87	T	0	0	87	35
A_PB2	2274	106	C	0	0	106	35
A_PB2	2275	100	A	0	0	100	35
A_PB2	2276	89	A	0	0	89	35
A_PB2	2277	90	T	0	0	90	35
A_PB2	2278	91	T	0	0	91	35
A_PB2	2279	90	A	0	0	90	35
A_PB2	2280	104	G	0	0	104	35
