Reference_Name	Position	Coverage Depth	Consensus	Deletions	Ambiguous	Consensus_Count	Consensus_Average_Quality
A_NA	1	36	A	0	0	36	37.2
A_NA	2	70	T	0	0	70	35.5
A_NA	3	102	G	0	0	102	35.6
A_NA	4	132	A	0	0	132	35.0
A_NA	5	178	A	0	0	178	35.4
A_NA	6	232	T	0	0	232	36.5
A_NA	7	274	C	0	0	274	34.0
A_NA	8	283	C	0	0	283	37.5
A_NA	9	276	A	0	0	276	35.2
A_NA	10	321	A	0	0	321	37.6
A_NA	11	421	A	0	0	421	34.7
A_NA	12	404	T	0	0	404	34.6
A_NA	13	422	C	0	0	422	35.9
A_NA	14	466	A	0	0	466	35.9
A_NA	15	557	A	0	0	557	35.9
A_NA	16	673	A	0	0	673	34.8
A_NA	17	622	G	0	0	622	37.5
A_NA	18	613	G	0	0	613	35.6
A_NA	19	615	A	0	0	615	36.8
A_NA	20	705	T	0	0	705	36.0
A_NA	21	728	A	0	0	728	34.8
A_NA	22	818	A	0	0	818	34.5
A_NA	23	787	T	0	0	787	34.1
A_NA	24	906	A	0	0	906	37.0
A_NA	25	856	A	0	0	856	34.7
A_NA	26	886	C	0	0	886	36.3
A_NA	27	1001	C	0	0	1001	36.0
A_NA	28	1028	A	0	0	1028	34.3
A_NA	29	1175	C	0	0	1175	34.6
A_NA	30	1107	T	0	0	1107	35.5
A_NA	31	1151	G	0	0	1151	36.6
A_NA	32	1112	G	0	0	1112	36.2
A_NA	33	1128	A	0	0	1128	36.4
A_NA	34	1284	T	0	0	1284	37.4
A_NA	35	1166	C	0	0	1166	35.9
A_NA	36	1266	A	0	0	1266	34.2
A_NA	37	1214	A	0	0	1214	36.8
A_NA	38	1405	T	0	0	1405	36.5
A_NA	39	1467	C	0	0	1467	34.6
A_NA	40	1263	T	0	0	1263	35.3
A_NA	41	1606	G	0	0	1606	36.2
A_NA	42	1470	T	0	0	1470	37.4
A_NA	43	1689	A	0	0	1689	36.1
A_NA	44	1576	T	0	0	1576	37.0
A_NA	45	1644	G	0	0	1644	35.4
A_NA	46	1685	G	0	0	1685	37.8
A_NA	47	1610	T	0	0	1610	34.6
A_NA	48	2076	A	0	0	2076	37.6
A_NA	49	1828	A	0	0	1828	37.8
A_NA	50	1868	T	0	0	1868	36.5
A_NA	51	1961	T	0	0	1961	36.8
A_NA	52	2142	G	0	0	2142	34.1
A_NA	53	2091	G	0	0	2091	36.0
A_NA	54	2227	G	0	0	2227	34.1
A_NA	55	2171	A	0	0	2171	36.9
A_NA	56	2204	T	0	0	2204	35.7
A_NA	57	2323	A	0	0	2323	34.4
A_NA	58	2076	G	0	0	2076	34.1
A_NA	59	2201	T	0	0	2201	36.0
A_NA	60	2604	C	0	0	2604	37.7
A_NA	61	2201	A	0	0	2201	34.1
A_NA	62	2330	G	0	0	2330	36.5
A_NA	63	2671	C	0	0	2671	36.8
A_NA	64	2608	T	0	0	2608	35.5
A_NA	65	2786	T	0	0	2786	37.3
A_NA	66	3051	G	0	0	3051	35.0
A_NA	67	2881	A	0	0	2881	34.3
A_NA	68	2978	T	0	0	2978	34.1
A_NA	69	2798	G	0	0	2798	37.3
A_NA	70	2641	C	0	0	2641	34.9
A_NA	71	2907	T	0	0	2907	35.2
A_NA	72	2726	G	0	0	2726	34.3
A_NA	73	2762	C	0	0	2762	37.3
A_NA	74	3153	A	0	0	3153	35.6
A_NA	75	3004	A	0	0	3004	34.9
A_NA	76	3211	A	0	0	3211	37.4
A_NA	77	3122	T	0	0	3122	37.4
A_NA	78	3197	T	0	0	3197	37.4
A_NA	79	3433	G	0	0	3433	34.6
A_NA	80	3669	G	0	0	3669	36.2
A_NA	81	3685	G	0	0	3685	36.7
A_NA	82	3946	A	0	0	3946	34.1
A_NA	83	3528	A	0	0	3528	36.0
A_NA	84	3827	C	0	0	3827	37.6
A_NA	85	3599	A	0	0	3599	36.3
A_NA	86	3703	T	0	0	3703	35.3
A_NA	87	3859	A	0	0	3859	37.5
A_NA	88	3727	A	0	0	3727	37.3
A_NA	89	3538	T	0	0	3538	35.4
A_NA	90	3552	C	0	0	3552	36.6
A_NA	91	3268	T	0	0	3268	34.4
A_NA	92	3350	C	0	0	3350	35.6
A_NA	93	4125	A	0	0	4125	37.5
A_NA	94	3621	A	0	0	3621	34.1
A_NA	95	3723	T	0	0	3723	36.2
A_NA	96	3389	A	0	0	3389	34.2
A_NA	97	3331	T	0	0	3331	36.8
A_NA	98	3850	G	0	0	3850	35.6
A_NA	99	3936	G	0	0	3936	35.7
A_NA	100	3332	G	0	0	3332	36.0
A_NA	101	3516	T	0	0	3516	37.5
A_NA	102	3513	T	0	0	3513	36.0
A_NA	103	3478	A	0	0	3478	37.1
A_NA	104	3636	G	0	0	3636	37.3
A_NA	105	3854	C	0	0	3854	35.3
A_NA	106	3471	C	0	0	3471	36.2
A_NA	107	3597	A	0	0	3597	35.1
A_NA	108	3660	T	0	0	3660	36.7
A_NA	109	3842	T	0	0	3842	34.8
A_NA	110	3757	C	0	0	3757	34.4
A_NA	111	3277	A	0	0	3277	34.2
A_NA	112	3599	A	0	0	3599	37.1
A_NA	113	3215	T	0	0	3215	37.3
A_NA	114	3606	C	0	0	3606	35.7
A_NA	115	3884	C	0	0	3884	36.4
A_NA	116	3445	A	0	0	3445	35.5
A_NA	117	3519	A	0	0	3519	35.0
A_NA	118	3493	A	0	0	3493	36.1
A_NA	119	3300	C	0	0	3300	36.7
A_NA	120	3171	A	0	0	3171	35.1
A_NA	121	3815	G	0	0	3815	37.6
A_NA	122	3310	G	0	0	3310	35.6
A_NA	123	3640	G	0	0	3640	34.3
A_NA	124	3642	A	0	0	3642	37.2
A_NA	125	3525	A	0	0	3525	35.3
A_NA	126	3852	T	0	0	3852	35.8
A_NA	127	3579	C	0	0	3579	38.0
A_NA	128	3231	A	0	0	3231	37.6
A_NA	129	3157	A	0	0	3157	34.7
A_NA	130	3616	T	0	0	3616	37.3
A_NA	131	3320	A	0	0	3320	37.2
A_NA	132	3693	C	0	0	3693	34.8
A_NA	133	3393	C	0	0	3393	37.2
A_NA	134	3371	A	0	0	3371	36.8
A_NA	135	3193	G	0	0	3193	37.3
A_NA	136	3179	C	0	0	3179	35.6
A_NA	137	3133	C	0	0	3133	36.8
A_NA	138	3197	T	0	0	3197	35.8
A_NA	139	3401	G	0	0	3401	37.7
A_NA	140	3371	A	0	0	3371	37.5
A_NA	141	3073	A	0	0	3073	37.9
A_NA	142	2955	C	0	0	2955	34.9
A_NA	143	3172	C	0	0	3172	34.1
A_NA	144	3660	A	0	0	3660	37.3
A_NA	145	3076	T	0	0	3076	37.5
A_NA	146	3081	G	0	0	3081	36.5
A_NA	147	3175	C	0	0	3175	35.0
A_NA	148	3059	A	0	0	3059	36.2
A_NA	149	3126	A	0	0	3126	34.2
A_NA	150	3206	T	0	0	3206	34.7
A_NA	151	2967	C	0	0	2967	35.4
A_NA	152	3144	A	0	0	3144	35.0
A_NA	153	3315	A	0	0	3315	36.0
A_NA	154	2891	A	0	0	2891	34.2
A_NA	155	2678	G	0	0	2678	36.8
A_NA	156	2900	C	0	0	2900	35.2
A_NA	157	2746	A	0	0	2746	34.9
A_NA	158	3135	T	0	0	3135	35.4
A_NA	159	2953	C	0	0	2953	35.8
A_NA	160	2466	A	0	0	2466	37.1
A_NA	161	2709	T	0	0	2709	35.3
A_NA	162	2848	T	0	0	2848	35.4
A_NA	163	2670	G	0	0	2670	37.7
A_NA	164	2756	C	0	0	2756	34.6
A_NA	165	2650	C	0	0	2650	36.4
A_NA	166	2777	T	0	0	2777	37.8
A_NA	167	2767	A	0	0	2767	35.0
A_NA	168	2445	T	0	0	2445	37.2
A_NA	169	2436	G	0	0	2436	34.9
A_NA	170	2461	A	0	0	2461	34.7
A_NA	171	2580	G	0	0	2580	35.4
A_NA	172	2798	A	0	0	2798	34.3
A_NA	173	2815	A	0	0	2815	37.4
A_NA	174	2440	C	0	0	2440	36.0
A_NA	175	2403	A	0	0	2403	35.6
A_NA	176	2649	A	0	0	2649	36.9
A_NA	177	2406	C	0	0	2406	37.9
A_NA	178	2576	A	0	0	2576	37.1
A_NA	179	2558	C	0	0	2558	37.7
A_NA	180	2522	C	0	0	2522	34.2
A_NA	181	2487	T	0	0	2487	35.1
A_NA	182	2341	G	0	0	2341	36.2
A_NA	183	2444	G	0	0	2444	34.3
A_NA	184	2136	G	0	0	2136	38.0
A_NA	185	2402	T	0	0	2402	35.4
A_NA	186	2647	A	0	0	2647	36.4
A_NA	187	2426	A	0	0	2426	35.5
A_NA	188	2262	A	0	0	2262	37.9
A_NA	189	2294	T	0	0	2294	37.6
A_NA	190	2171	C	0	0	2171	36.6
A_NA	191	2079	A	0	0	2079	37.9
A_NA	192	2071	G	0	0	2071	37.7
A_NA	193	2177	A	0	0	2177	37.4
A_NA	194	1986	C	0	0	1986	34.3
A_NA	195	2399	G	0	0	2399	35.2
A_NA	196	2361	T	0	0	2361	34.6
A_NA	197	2222	A	0	0	2222	34.3
A_NA	198	2054	T	0	0	2054	37.8
A_NA	199	2331	G	0	0	2331	36.6
A_NA	200	2035	T	0	0	2035	36.2
A_NA	201	2178	C	0	0	2178	34.7
A_NA	202	2134	A	0	0	2134	37.0
A_NA	203	2207	A	0	0	2207	38.0
A_NA	204	2088	C	0	0	2088	37.9
A_NA	205	2163	A	0	0	2163	36.3
A_NA	206	2129	T	0	0	2129	35.9
A_NA	207	2233	C	0	0	2233	37.8
A_NA	208	2302	A	0	0	2302	36.8
A_NA	209	1971	A	0	0	1971	34.6
A_NA	210	2110	C	0	0	2110	37.4
A_NA	211	2022	A	0	0	2022	37.4
A_NA	212	2276	A	0	0	2276	36.3
A_NA	213	1875	T	0	0	1875	35.0
A_NA	214	2027	A	0	0	2027	36.4
A_NA	215	1836	C	0	0	1836	36.6
A_NA	216	2144	C	0	0	2144	34.6
A_NA	217	2267	A	0	0	2267	36.1
A_NA	218	2104	A	0	0	2104	36.8
A_NA	219	1987	T	0	0	1987	37.6
A_NA	220	2120	T	0	0	2120	35.2
A_NA	221	2299	T	0	0	2299	36.3
A_NA	222	1853	T	0	0	1853	37.5
A_NA	223	1999	C	0	0	1999	34.4
A_NA	224	2086	T	0	0	2086	36.6
A_NA	225	1858	T	0	0	1858	37.9
A_NA	226	1995	G	0	0	1995	34.1
A_NA	227	1864	C	0	0	1864	36.1
A_NA	228	2078	T	0	0	2078	36.2
A_NA	229	1976	G	0	0	1976	35.4
A_NA	230	2020	A	0	0	2020	35.2
A_NA	231	2060	G	0	0	2060	35.1
A_NA	232	1948	C	0	0	1948	35.7
A_NA	233	1960	A	0	0	1960	37.3
A_NA	234	2215	G	0	0	2215	35.7
A_NA	235	1893	G	0	0	1893	37.0
A_NA	236	1917	C	0	0	1917	37.6
A_NA	237	2044	T	0	0	2044	37.3
A_NA	238	1879	G	0	0	1879	34.5
A_NA	239	1919	T	0	0	1919	36.8
A_NA	240	2043	T	0	0	2043	35.9
A_NA	241	1970	A	0	0	1970	35.5
A_NA	242	2138	C	0	0	2138	37.0
A_NA	243	2047	T	0	0	2047	34.1
A_NA	244	2183	T	0	0	2183	35.9
A_NA	245	2030	C	0	0	2030	37.4
A_NA	246	2412	G	0	0	2412	36.3
A_NA	247	2021	G	0	0	2021	36.5
A_NA	248	1886	T	0	0	1886	34.5
A_NA	249	2060	A	0	0	2060	35.1
A_NA	250	2354	A	0	0	2354	37.4
A_NA	251	2099	C	0	0	2099	36.2
A_NA	252	1891	A	0	0	1891	35.7
A_NA	253	2313	T	0	0	2313	36.1
A_NA	254	2342	T	0	0	2342	36.3
A_NA	255	2342	A	0	0	2342	35.1
A_NA	256	2231	G	0	0	2231	35.4
A_NA	257	2170	C	0	0	2170	37.2
A_NA	258	2309	G	0	0	2309	37.6
A_NA	259	2486	G	0	0	2486	34.1
A_NA	260	2218	G	0	0	2218	37.2
A_NA	261	2224	C	0	0	2224	37.2
A_NA	262	2341	A	0	0	2341	35.2
A_NA	263	2033	A	0	0	2033	34.6
A_NA	264	2122	T	0	0	2122	35.5
A_NA	265	2236	T	0	0	2236	35.5
A_NA	266	2443	C	0	0	2443	37.8
A_NA	267	2088	A	0	0	2088	38.0
A_NA	268	2301	T	0	0	2301	37.0
A_NA	269	2424	C	0	0	2424	36.3
A_NA	270	2694	T	0	0	2694	35.9
A_NA	271	2346	C	0	0	2346	35.3
A_NA	272	2078	T	0	0	2078	35.3
A_NA	273	2302	T	0	0	2302	36.3
A_NA	274	2353	T	0	0	2353	35.6
A_NA	275	2152	G	0	0	2152	37.8
A_NA	276	2273	C	0	0	2273	35.4
A_NA	277	2431	C	0	0	2431	37.6
A_NA	278	2309	C	0	0	2309	34.8
A_NA	279	2453	T	0	0	2453	36.6
A_NA	280	2393	A	0	0	2393	35.1
A_NA	281	2387	T	0	0	2387	37.2
A_NA	282	2685	T	0	0	2685	34.3
A_NA	283	2497	A	0	0	2497	35.5
A_NA	284	2192	G	0	0	2192	37.5
A_NA	285	2432	T	0	0	2432	35.3
A_NA	286	2488	G	0	0	2488	35.4
A_NA	287	2416	G	0	0	2416	34.9
A_NA	288	2276	G	0	0	2276	36.6
A_NA	289	2559	T	0	0	2559	37.6
A_NA	290	2912	G	0	0	2912	35.8
A_NA	291	2510	G	0	0	2510	35.1
A_NA	292	2476	G	0	0	2476	35.9
A_NA	293	2577	C	0	0	2577	35.2
A_NA	294	2419	T	0	0	2419	35.8
A_NA	295	2565	A	0	0	2565	34.6
A_NA	296	2920	T	0	0	2920	36.7
A_NA	297	2407	A	0	0	2407	35.5
A_NA	298	2560	T	0	0	2560	34.9
A_NA	299	2565	A	0	0	2565	37.8
A_NA	300	2597	C	0	0	2597	36.0
A_NA	301	2289	A	0	0	2289	36.5
A_NA	302	2473	G	0	0	2473	34.0
A_NA	303	2780	T	0	0	2780	36.4
A_NA	304	2339	A	0	0	2339	35.3
A_NA	305	2893	A	0	0	2893	35.9
A_NA	306	2443	G	0	0	2443	34.1
A_NA	307	2560	G	0	0	2560	36.7
A_NA	308	2630	A	0	0	2630	37.0
A_NA	309	2887	C	0	0	2887	37.5
A_NA	310	2630	A	0	0	2630	36.2
A_NA	311	2607	A	0	0	2607	35.2
A_NA	312	2591	C	0	0	2591	37.8
A_NA	313	2760	G	0	0	2760	36.7
A_NA	314	2518	G	0	0	2518	35.7
A_NA	315	2336	T	0	0	2336	37.1
A_NA	316	2496	A	0	0	2496	34.4
A_NA	317	2720	T	0	0	2720	34.3
A_NA	318	2562	A	0	0	2562	38.0
A_NA	319	2495	A	0	0	2495	36.2
A_NA	320	2383	G	0	0	2383	35.3
A_NA	321	2714	A	0	0	2714	36.9
A_NA	322	2872	A	0	0	2872	36.8
A_NA	323	2492	T	0	0	2492	34.8
A_NA	324	2471	T	0	0	2471	37.3
A_NA	325	2764	G	0	0	2764	37.7
A_NA	326	2664	G	0	0	2664	35.7
A_NA	327	2561	G	0	0	2561	37.7
A_NA	328	2406	T	0	0	2406	34.9
A_NA	329	2832	C	0	0	2832	35.0
A_NA	330	2480	C	0	0	2480	36.0
A_NA	331	2811	A	0	0	2811	34.3
A_NA	332	2517	A	0	0	2517	34.3
A_NA	333	2618	G	0	0	2618	36.8
A_NA	334	2527	G	0	0	2527	35.1
A_NA	335	2441	G	0	0	2441	34.7
A_NA	336	2470	G	0	0	2470	37.6
A_NA	337	2426	G	0	0	2426	37.1
A_NA	338	2338	A	0	0	2338	35.1
A_NA	339	2505	T	0	0	2505	37.9
A_NA	340	2515	G	0	0	2515	36.2
A_NA	341	2680	T	0	0	2680	34.1
A_NA	342	2471	G	0	0	2471	34.9
A_NA	343	2581	T	0	0	2581	34.2
A_NA	344	2727	T	0	0	2727	37.5
A_NA	345	2489	T	0	0	2489	36.6
A_NA	346	2774	G	0	0	2774	37.8
A_NA	347	2458	T	0	0	2458	37.2
A_NA	348	2556	T	0	0	2556	35.0
A_NA	349	2280	A	0	0	2280	35.4
A_NA	350	2807	T	0	0	2807	34.6
A_NA	351	2506	A	0	0	2506	37.6
A_NA	352	2630	A	0	0	2630	35.0
A_NA	353	2683	G	0	0	2683	34.2
A_NA	354	2340	G	0	0	2340	34.4
A_NA	355	2348	G	0	0	2348	35.6
A_NA	356	2374	A	0	0	2374	36.2
A_NA	357	2368	A	0	0	2368	35.9
A_NA	358	2552	C	0	0	2552	37.2
A_NA	359	2677	C	0	0	2677	34.9
A_NA	360	2562	G	0	0	2562	34.0
A_NA	361	2548	T	0	0	2548	35.3
A_NA	362	2625	T	0	0	2625	34.5
A_NA	363	2705	C	0	0	2705	35.8
A_NA	364	2402	A	0	0	2402	34.8
A_NA	365	2307	T	0	0	2307	37.3
A_NA	366	2442	C	0	0	2442	37.5
A_NA	367	2412	T	0	0	2412	37.0
A_NA	368	2368	C	0	0	2368	36.3
A_NA	369	2518	A	0	0	2518	35.9
A_NA	370	2441	T	0	0	2441	35.7
A_NA	371	2680	G	0	0	2680	34.9
A_NA	372	2170	C	0	0	2170	37.1
A_NA	373	2473	T	0	0	2473	34.7
A_NA	374	2344	C	0	0	2344	37.2
A_NA	375	2467	C	0	0	2467	36.1
A_NA	376	2126	C	0	0	2126	36.9
A_NA	377	2481	A	0	0	2481	35.6
A_NA	378	2659	C	0	0	2659	36.1
A_NA	379	2687	T	0	0	2687	38.0
A_NA	380	2196	T	0	0	2196	36.5
A_NA	381	2331	G	0	0	2331	34.9
A_NA	382	2346	G	0	0	2346	35.8
A_NA	383	2216	A	0	0	2216	34.8
A_NA	384	2465	A	0	0	2465	34.6
A_NA	385	2216	T	0	0	2216	34.1
A_NA	386	2398	G	0	0	2398	35.1
A_NA	387	2450	C	0	0	2450	37.5
A_NA	388	2374	A	0	0	2374	36.7
A_NA	389	2197	G	0	0	2197	35.0
A_NA	390	2609	A	0	0	2609	37.7
A_NA	391	2474	A	0	0	2474	35.4
A_NA	392	2557	C	0	0	2557	37.0
A_NA	393	2598	C	0	0	2598	37.8
A_NA	394	2253	T	0	0	2253	34.1
A_NA	395	2587	T	0	0	2587	37.6
A_NA	396	2251	T	0	0	2251	34.3
A_NA	397	2561	T	0	0	2561	34.0
A_NA	398	2251	T	0	0	2251	35.5
A_NA	399	2205	T	0	0	2205	35.6
A_NA	400	2492	C	0	0	2492	36.7
A_NA	401	2395	T	0	0	2395	34.9
A_NA	402	2286	G	0	0	2286	35.4
A_NA	403	2357	A	0	0	2357	36.6
A_NA	404	2621	C	0	0	2621	35.3
A_NA	405	2312	C	0	0	2312	37.9
A_NA	406	2451	C	0	0	2451	35.6
A_NA	407	2224	A	0	0	2224	36.7
A_NA	408	2515	G	0	0	2515	36.8
A_NA	409	2411	G	0	0	2411	35.8
A_NA	410	2617	G	0	0	2617	35.9
A_NA	411	2588	A	0	0	2588	35.8
A_NA	412	2247	G	0	0	2247	36.8
A_NA	413	2572	C	0	0	2572	36.6
A_NA	414	2464	T	0	0	2464	35.8
A_NA	415	2491	C	0	0	2491	34.6
A_NA	416	2470	T	0	0	2470	36.4
A_NA	417	2496	G	0	0	2496	37.7
A_NA	418	2237	C	0	0	2237	36.3
A_NA	419	2394	T	0	0	2394	37.1
A_NA	420	2272	G	0	0	2272	35.9
A_NA	421	2580	A	0	0	2580	36.4
A_NA	422	2489	A	0	0	2489	37.9
A_NA	423	2674	T	0	0	2674	36.3
A_NA	424	2538	G	0	0	2538	36.9
A_NA	425	2763	A	0	0	2763	35.3
A_NA	426	2602	C	0	0	2602	34.9
A_NA	427	2702	A	0	0	2702	34.1
A_NA	428	2651	A	0	0	2651	34.6
A_NA	429	2806	A	0	0	2806	35.1
A_NA	430	2289	C	0	0	2289	37.0
A_NA	431	2756	A	0	0	2756	37.5
A_NA	432	2560	T	0	0	2560	35.1
A_NA	433	2538	T	0	0	2538	34.5
A_NA	434	2678	C	0	0	2678	36.8
A_NA	435	2946	T	0	0	2946	37.3
A_NA	436	2622	A	0	0	2622	37.2
A_NA	437	2905	A	0	0	2905	36.1
A_NA	438	2592	T	0	0	2592	34.1
A_NA	439	2890	G	0	0	2890	36.1
A_NA	440	2971	G	0	0	2971	37.4
A_NA	441	3005	G	0	0	3005	36.0
A_NA	442	2800	A	0	0	2800	34.4
A_NA	443	2657	C	0	0	2657	36.4
A_NA	444	2882	C	0	0	2882	35.0
A_NA	445	3008	G	0	0	3008	37.7
A_NA	446	2895	T	0	0	2895	37.9
A_NA	447	3059	T	0	0	3059	35.7
A_NA	448	3020	A	0	0	3020	36.2
A_NA	449	2930	A	0	0	2930	34.7
A_NA	450	3056	G	0	0	3056	37.8
A_NA	451	2933	G	0	0	2933	35.5
A_NA	452	3070	A	0	0	3070	36.0
A_NA	453	3334	T	0	0	3334	35.6
A_NA	454	3224	A	0	0	3224	35.6
A_NA	455	3117	G	0	0	3117	36.1
A_NA	456	3235	A	0	0	3235	35.0
A_NA	457	3023	A	0	0	3023	37.2
A_NA	458	3557	G	0	0	3557	35.5
A_NA	459	3045	C	0	0	3045	34.4
A_NA	460	3101	C	0	0	3101	35.0
A_NA	461	3229	C	0	0	3229	34.2
A_NA	462	3663	C	0	0	3663	36.4
A_NA	463	3157	T	0	0	3157	37.7
A_NA	464	3703	A	0	0	3703	34.6
A_NA	465	3341	T	0	0	3341	34.4
A_NA	466	3016	A	0	0	3016	34.5
A_NA	467	3639	G	0	0	3639	36.1
A_NA	468	3543	A	0	0	3543	36.6
A_NA	469	3968	A	0	0	3968	34.4
A_NA	470	3415	C	0	0	3415	37.2
A_NA	471	3721	T	0	0	3721	38.0
A_NA	472	3602	T	0	0	3602	34.4
A_NA	473	3151	T	0	0	3151	35.0
A_NA	474	3524	G	0	0	3524	37.7
A_NA	475	3324	A	0	0	3324	34.9
A_NA	476	3830	T	0	0	3830	37.3
A_NA	477	3997	G	0	0	3997	36.3
A_NA	478	3880	A	0	0	3880	37.8
A_NA	479	3691	G	0	0	3691	35.5
A_NA	480	3445	T	0	0	3445	35.0
A_NA	481	3455	T	0	0	3455	37.4
A_NA	482	3731	G	0	0	3731	35.7
A_NA	483	3728	T	0	0	3728	35.5
A_NA	484	3586	C	0	0	3586	35.6
A_NA	485	3839	C	0	0	3839	36.8
A_NA	486	3697	C	0	0	3697	34.7
A_NA	487	3453	G	0	0	3453	34.7
A_NA	488	3823	T	0	0	3823	34.8
A_NA	489	3717	G	0	0	3717	36.1
A_NA	490	4005	G	0	0	4005	36.8
A_NA	491	3811	G	0	0	3811	34.6
A_NA	492	3770	T	0	0	3770	37.4
A_NA	493	3921	G	0	0	3921	34.8
A_NA	494	3408	A	0	0	3408	37.1
A_NA	495	3760	G	0	0	3760	34.3
A_NA	496	3444	G	0	0	3444	37.9
A_NA	497	3637	C	0	0	3637	35.3
A_NA	498	3285	T	0	0	3285	37.3
A_NA	499	3682	C	0	0	3682	34.1
A_NA	500	3549	C	0	0	3549	35.0
A_NA	501	3599	T	0	0	3599	36.0
A_NA	502	3790	T	0	0	3790	36.8
A_NA	503	3659	C	0	0	3659	35.2
A_NA	504	4045	C	0	0	4045	35.7
A_NA	505	3803	C	0	0	3803	36.9
A_NA	506	3848	C	0	0	3848	37.6
A_NA	507	3331	G	0	0	3331	34.6
A_NA	508	4029	T	0	0	4029	36.8
A_NA	509	3935	A	0	0	3935	35.2
A_NA	510	4207	C	0	0	4207	35.3
A_NA	511	4055	A	0	0	4055	35.3
A_NA	512	3873	A	0	0	3873	34.2
A_NA	513	4111	T	0	0	4111	34.8
A_NA	514	3594	T	0	0	3594	36.9
A_NA	515	3629	C	0	0	3629	34.4
A_NA	516	4293	A	0	0	4293	34.8
A_NA	517	3635	A	0	0	3635	36.7
A_NA	518	3727	G	0	0	3727	34.5
A_NA	519	3796	A	0	0	3796	36.0
A_NA	520	4125	T	0	0	4125	34.5
A_NA	521	4038	T	0	0	4038	34.4
A_NA	522	3607	T	0	0	3607	37.4
A_NA	523	4100	G	0	0	4100	34.6
A_NA	524	3719	A	0	0	3719	37.8
A_NA	525	3782	G	0	0	3782	37.4
A_NA	526	3971	T	0	0	3971	37.4
A_NA	527	3703	C	0	0	3703	37.0
A_NA	528	3689	T	0	0	3689	36.3
A_NA	529	3760	G	0	0	3760	35.9
A_NA	530	3738	T	0	0	3738	36.3
A_NA	531	3903	T	0	0	3903	34.2
A_NA	532	3520	G	0	0	3520	37.1
A_NA	533	3693	C	0	0	3693	36.6
A_NA	534	3533	T	0	0	3533	35.5
A_NA	535	3490	T	0	0	3490	35.6
A_NA	536	3658	G	0	0	3658	37.5
A_NA	537	3494	G	0	0	3494	36.8
A_NA	538	3737	T	0	0	3737	34.6
A_NA	539	3759	C	0	0	3759	34.3
A_NA	540	3628	G	0	0	3628	34.0
A_NA	541	3337	G	0	0	3337	36.3
A_NA	542	3606	C	0	0	3606	38.0
A_NA	543	4012	A	0	0	4012	34.3
A_NA	544	3310	A	0	0	3310	35.3
A_NA	545	3378	G	0	0	3378	35.8
A_NA	546	3694	T	0	0	3694	37.7
A_NA	547	3357	G	0	0	3357	35.7
A_NA	548	3429	C	0	0	3429	36.7
A_NA	549	3287	T	0	0	3287	34.2
A_NA	550	3660	T	0	0	3660	35.0
A_NA	551	3329	G	0	0	3329	34.5
A_NA	552	3547	T	0	0	3547	37.0
A_NA	553	3122	C	0	0	3122	37.0
A_NA	554	2976	A	0	0	2976	34.7
A_NA	555	3525	T	0	0	3525	36.5
A_NA	556	3078	G	0	0	3078	37.4
A_NA	557	3452	A	0	0	3452	37.4
A_NA	558	3810	T	0	0	3810	36.0
A_NA	559	3300	G	0	0	3300	37.7
A_NA	560	3297	G	0	0	3297	37.0
A_NA	561	3132	C	0	0	3132	37.8
A_NA	562	3054	A	0	0	3054	36.6
A_NA	563	3075	T	0	0	3075	35.1
A_NA	564	3811	C	0	0	3811	36.2
A_NA	565	3449	A	0	0	3449	35.2
A_NA	566	3161	G	0	0	3161	35.2
A_NA	567	2856	T	0	0	2856	35.0
A_NA	568	3220	T	0	0	3220	34.4
A_NA	569	3195	G	0	0	3195	37.2
A_NA	570	3203	G	0	0	3203	37.0
A_NA	571	3190	T	0	0	3190	36.5
A_NA	572	3362	T	0	0	3362	34.9
A_NA	573	3067	G	0	0	3067	37.8
A_NA	574	3392	A	0	0	3392	35.3
A_NA	575	3060	C	0	0	3060	37.6
A_NA	576	3043	A	0	0	3043	35.4
A_NA	577	3015	A	0	0	3015	37.6
A_NA	578	2955	T	0	0	2955	36.9
A_NA	579	3127	C	0	0	3127	34.3
A_NA	580	3163	G	0	0	3163	37.8
A_NA	581	3210	G	0	0	3210	34.3
A_NA	582	2768	T	0	0	2768	34.5
A_NA	583	2974	A	0	0	2974	35.4
A_NA	584	3156	T	0	0	3156	35.3
A_NA	585	2985	T	0	0	2985	34.3
A_NA	586	2991	T	0	0	2991	36.8
A_NA	587	2633	C	0	0	2633	37.1
A_NA	588	2789	T	0	0	2789	34.5
A_NA	589	2912	G	0	0	2912	36.3
A_NA	590	3163	G	0	0	3163	36.8
A_NA	591	2814	T	0	0	2814	35.4
A_NA	592	2937	C	0	0	2937	37.6
A_NA	593	2692	C	0	0	2692	37.2
A_NA	594	2697	A	0	0	2697	34.5
A_NA	595	2701	G	0	0	2701	37.5
A_NA	596	2805	A	0	0	2805	37.1
A_NA	597	2533	C	0	0	2533	34.2
A_NA	598	2718	A	0	0	2718	35.2
A_NA	599	2777	A	0	0	2777	34.3
A_NA	600	2730	T	0	0	2730	36.7
A_NA	601	2540	G	0	0	2540	37.5
A_NA	602	2556	G	0	0	2556	35.4
A_NA	603	2990	A	0	0	2990	36.7
A_NA	604	2523	G	0	0	2523	37.6
A_NA	605	2716	C	0	0	2716	36.8
A_NA	606	2741	T	0	0	2741	34.4
A_NA	607	2907	G	0	0	2907	34.3
A_NA	608	2556	T	0	0	2556	35.2
A_NA	609	2893	G	0	0	2893	34.9
A_NA	610	2718	G	0	0	2718	35.7
A_NA	611	2583	C	0	0	2583	34.2
A_NA	612	2613	T	0	0	2613	37.7
A_NA	613	2784	G	0	0	2784	36.6
A_NA	614	2737	T	0	0	2737	34.7
A_NA	615	2707	A	0	0	2707	36.4
A_NA	616	2461	T	0	0	2461	35.0
A_NA	617	2662	T	0	0	2662	36.5
A_NA	618	2642	G	0	0	2642	34.9
A_NA	619	2665	A	0	0	2665	37.6
A_NA	620	2351	A	0	0	2351	34.5
A_NA	621	2579	G	0	0	2579	36.8
A_NA	622	2560	T	0	0	2560	37.8
A_NA	623	2532	A	0	0	2532	36.6
A_NA	624	2603	C	0	0	2603	36.6
A_NA	625	2207	A	0	0	2207	38.0
A_NA	626	2567	A	0	0	2567	37.4
A_NA	627	2502	T	0	0	2502	36.1
A_NA	628	2638	G	0	0	2638	34.3
A_NA	629	2512	G	0	0	2512	36.3
A_NA	630	2365	C	0	0	2365	34.0
A_NA	631	2874	A	0	0	2874	36.0
A_NA	632	2727	T	0	0	2727	37.1
A_NA	633	2590	A	0	0	2590	35.4
A_NA	634	2569	A	0	0	2569	37.1
A_NA	635	2442	T	0	0	2442	37.4
A_NA	636	2369	A	0	0	2369	35.6
A_NA	637	2429	A	0	0	2429	36.7
A_NA	638	2191	C	0	0	2191	36.0
A_NA	639	2645	G	0	0	2645	35.5
A_NA	640	2457	G	0	0	2457	34.3
A_NA	641	2301	A	0	0	2301	34.4
A_NA	642	2499	T	0	0	2499	36.8
A_NA	643	2576	A	0	0	2576	34.3
A_NA	644	2418	C	0	0	2418	36.5
A_NA	645	2476	T	0	0	2476	36.2
A_NA	646	2515	A	0	0	2515	35.2
A_NA	647	2477	T	0	0	2477	37.2
A_NA	648	2588	C	0	0	2588	34.7
A_NA	649	2530	A	0	0	2530	34.1
A_NA	650	2511	A	0	0	2511	34.5
A_NA	651	2459	G	0	0	2459	35.8
A_NA	652	2424	A	0	0	2424	36.6
A_NA	653	2701	G	0	0	2701	35.0
A_NA	654	2702	T	0	0	2702	34.4
A_NA	655	2575	T	0	0	2575	35.8
A_NA	656	2266	G	0	0	2266	35.5
A_NA	657	2924	G	0	0	2924	37.6
A_NA	658	2474	A	0	0	2474	34.5
A_NA	659	2884	G	0	0	2884	36.7
A_NA	660	2513	A	0	0	2513	36.5
A_NA	661	2480	A	0	0	2480	36.4
A_NA	662	2490	A	0	0	2490	35.1
A_NA	663	2818	C	0	0	2818	37.4
A_NA	664	2562	A	0	0	2562	34.6
A_NA	665	2697	A	0	0	2697	35.4
A_NA	666	2748	C	0	0	2748	36.0
A_NA	667	2449	A	0	0	2449	37.4
A_NA	668	2687	T	0	0	2687	34.8
A_NA	669	2665	T	0	0	2665	36.3
A_NA	670	2524	T	0	0	2524	35.7
A_NA	671	2789	T	0	0	2789	35.6
A_NA	672	2186	G	0	0	2186	37.8
A_NA	673	2582	A	0	0	2582	35.0
A_NA	674	3025	G	0	0	3025	36.9
A_NA	675	2863	A	0	0	2863	35.3
A_NA	676	2701	A	0	0	2701	35.5
A_NA	677	2577	C	0	0	2577	36.7
A_NA	678	2462	T	0	0	2462	37.1
A_NA	679	3074	C	0	0	3074	36.1
A_NA	680	2804	A	0	0	2804	35.9
A_NA	681	2604	A	0	0	2604	37.1
A_NA	682	2692	G	0	0	2692	35.1
A_NA	683	2739	A	0	0	2739	34.5
A_NA	684	3130	A	0	0	3130	37.6
A_NA	685	2778	T	0	0	2778	35.0
A_NA	686	2578	C	0	0	2578	37.6
A_NA	687	2685	T	0	0	2685	36.5
A_NA	688	2554	G	0	0	2554	37.4
A_NA	689	2626	A	0	0	2626	36.4
A_NA	690	2843	A	0	0	2843	36.5
A_NA	691	2544	T	0	0	2544	35.0
A_NA	692	2884	G	0	0	2884	37.4
A_NA	693	2602	T	0	0	2602	35.8
A_NA	694	2627	G	0	0	2627	37.3
A_NA	695	3036	C	0	0	3036	36.4
A_NA	696	3031	G	0	0	3031	35.1
A_NA	697	2676	T	0	0	2676	37.3
A_NA	698	2521	G	0	0	2521	36.6
A_NA	699	2778	C	0	0	2778	36.8
A_NA	700	2613	G	0	0	2613	36.0
A_NA	701	2622	T	0	0	2622	34.6
A_NA	702	2772	A	0	0	2772	35.8
A_NA	703	2727	A	0	0	2727	36.2
A_NA	704	2685	A	0	0	2685	35.3
A_NA	705	2700	T	0	0	2700	37.7
A_NA	706	2473	G	0	0	2473	37.1
A_NA	707	2692	G	0	0	2692	37.9
A_NA	708	2752	C	0	0	2752	35.8
A_NA	709	2600	T	0	0	2600	35.0
A_NA	710	2860	C	0	0	2860	34.1
A_NA	711	2576	T	0	0	2576	36.2
A_NA	712	2303	T	0	0	2303	36.2
A_NA	713	2539	G	0	0	2539	35.8
A_NA	714	2480	C	0	0	2480	36.0
A_NA	715	2666	T	0	0	2666	37.5
A_NA	716	2529	T	0	0	2529	36.4
A_NA	717	2668	C	0	0	2668	34.6
A_NA	718	2456	A	0	0	2456	36.0
A_NA	719	2654	C	0	0	2654	36.7
A_NA	720	2467	T	0	0	2467	34.9
A_NA	721	2482	G	0	0	2482	36.5
A_NA	722	2902	T	0	0	2902	35.8
A_NA	723	2547	A	0	0	2547	35.8
A_NA	724	2637	A	0	0	2637	35.0
A_NA	725	2568	T	0	0	2568	37.4
A_NA	726	2577	G	0	0	2577	34.5
A_NA	727	2400	A	0	0	2400	37.1
A_NA	728	2500	C	0	0	2500	34.3
A_NA	729	2417	T	0	0	2417	37.5
A_NA	730	2612	G	0	0	2612	36.5
A_NA	731	2320	A	0	0	2320	34.7
A_NA	732	2344	T	0	0	2344	36.2
A_NA	733	2381	G	0	0	2381	37.0
A_NA	734	2372	G	0	0	2372	37.8
A_NA	735	2425	A	0	0	2425	35.6
A_NA	736	2373	C	0	0	2373	35.3
A_NA	737	2445	C	0	0	2445	34.8
A_NA	738	2374	A	0	0	2374	37.9
A_NA	739	2549	A	0	0	2549	35.8
A_NA	740	2400	G	0	0	2400	37.6
A_NA	741	2410	C	0	0	2410	35.7
A_NA	742	2323	A	0	0	2323	35.5
A_NA	743	2665	A	0	0	2665	36.1
A_NA	744	2587	T	0	0	2587	37.7
A_NA	745	2338	G	0	0	2338	35.6
A_NA	746	2291	G	0	0	2291	35.2
A_NA	747	2326	G	0	0	2326	36.1
A_NA	748	2211	C	0	0	2211	36.4
A_NA	749	2125	A	0	0	2125	36.8
A_NA	750	2060	G	0	0	2060	36.1
A_NA	751	2397	G	0	0	2397	36.2
A_NA	752	2104	C	0	0	2104	35.5
A_NA	753	2380	C	0	0	2380	34.3
A_NA	754	2199	T	0	0	2199	34.2
A_NA	755	2484	C	0	0	2484	37.0
A_NA	756	2207	A	0	0	2207	36.5
A_NA	757	2236	T	0	0	2236	36.7
A_NA	758	2288	A	0	0	2288	34.1
A_NA	759	2001	T	0	0	2001	35.9
A_NA	760	2477	A	0	0	2477	37.1
A_NA	761	2089	A	0	0	2089	36.6
A_NA	762	2161	A	0	0	2161	36.1
A_NA	763	2057	A	0	0	2057	37.2
A_NA	764	2061	T	0	0	2061	37.4
A_NA	765	2140	C	0	0	2140	35.1
A_NA	766	2048	T	0	0	2048	34.8
A_NA	767	2252	T	0	0	2252	36.8
A_NA	768	2143	C	0	0	2143	35.2
A_NA	769	2168	A	0	0	2168	34.5
A_NA	770	2325	A	0	0	2325	35.3
A_NA	771	2121	G	0	0	2121	35.2
A_NA	772	2065	A	0	0	2065	35.9
A_NA	773	2156	T	0	0	2156	35.4
A_NA	774	1828	A	0	0	1828	35.7
A_NA	775	2233	G	0	0	2233	34.2
A_NA	776	1982	A	0	0	1982	34.5
A_NA	777	2061	G	0	0	2061	35.7
A_NA	778	2348	A	0	0	2348	37.8
A_NA	779	2053	A	0	0	2053	37.4
A_NA	780	1716	A	0	0	1716	37.2
A_NA	781	2110	G	0	0	2110	37.1
A_NA	782	2046	G	0	0	2046	37.4
A_NA	783	1961	G	0	0	1961	35.5
A_NA	784	1883	A	0	0	1883	35.5
A_NA	785	2077	A	0	0	2077	38.0
A_NA	786	2225	A	0	0	2225	35.0
A_NA	787	2315	G	0	0	2315	37.5
A_NA	788	1991	T	0	0	1991	35.4
A_NA	789	2077	A	0	0	2077	35.2
A_NA	790	2090	G	0	0	2090	36.4
A_NA	791	1856	T	0	0	1856	35.2
A_NA	792	1955	C	0	0	1955	35.9
A_NA	793	2040	A	0	0	2040	37.5
A_NA	794	1764	A	0	0	1764	35.3
A_NA	795	1992	A	0	0	1992	34.5
A_NA	796	1878	T	0	0	1878	36.1
A_NA	797	1945	C	0	0	1945	34.5
A_NA	798	1886	A	0	0	1886	37.0
A_NA	799	2115	G	0	0	2115	37.7
A_NA	800	1886	T	0	0	1886	36.8
A_NA	801	1941	T	0	0	1941	36.7
A_NA	802	1802	G	0	0	1802	37.7
A_NA	803	2214	A	0	0	2214	34.3
A_NA	804	1857	A	0	0	1857	36.5
A_NA	805	2174	T	0	0	2174	34.8
A_NA	806	2066	T	0	0	2066	37.9
A_NA	807	1958	G	0	0	1958	36.2
A_NA	808	2017	A	0	0	2017	34.7
A_NA	809	1959	A	0	0	1959	34.7
A_NA	810	1980	T	0	0	1980	35.5
A_NA	811	2169	G	0	0	2169	36.9
A_NA	812	1963	C	0	0	1963	37.7
A_NA	813	2115	C	0	0	2115	36.5
A_NA	814	1969	C	0	0	1969	36.4
A_NA	815	2127	C	0	0	2127	35.7
A_NA	816	2051	T	0	0	2051	34.7
A_NA	817	1861	A	0	0	1861	36.1
A_NA	818	1878	A	0	0	1878	34.8
A_NA	819	2119	T	0	0	2119	37.8
A_NA	820	2184	T	0	0	2184	36.9
A_NA	821	2090	A	0	0	2090	35.3
A_NA	822	2093	C	0	0	2093	37.8
A_NA	823	2204	C	0	0	2204	35.9
A_NA	824	1937	A	0	0	1937	34.3
A_NA	825	2267	C	0	0	2267	37.1
A_NA	826	2167	T	0	0	2167	37.7
A_NA	827	2006	A	0	0	2006	34.6
A_NA	828	2023	C	0	0	2023	35.7
A_NA	829	2072	G	0	0	2072	37.7
A_NA	830	2085	A	0	0	2085	34.4
A_NA	831	2115	G	0	0	2115	37.0
A_NA	832	2281	G	0	0	2281	36.1
A_NA	833	2068	A	0	0	2068	34.2
A_NA	834	2396	A	0	0	2396	35.4
A_NA	835	2267	T	0	0	2267	37.6
A_NA	836	2464	G	0	0	2464	34.5
A_NA	837	2008	C	0	0	2008	36.1
A_NA	838	2048	T	0	0	2048	34.0
A_NA	839	2612	C	0	0	2612	34.1
A_NA	840	2035	C	0	0	2035	36.7
A_NA	841	2195	T	0	0	2195	36.2
A_NA	842	2034	G	0	0	2034	34.7
A_NA	843	2514	T	0	0	2514	35.8
A_NA	844	2245	T	0	0	2245	37.4
A_NA	845	2431	A	0	0	2431	36.5
A_NA	846	2449	C	0	0	2449	35.3
A_NA	847	2260	C	0	0	2260	35.1
A_NA	848	2469	C	0	0	2469	35.2
A_NA	849	2244	T	0	0	2244	35.1
A_NA	850	2239	G	0	0	2239	36.1
A_NA	851	2667	A	0	0	2667	36.4
A_NA	852	2396	T	0	0	2396	35.7
A_NA	853	2591	G	0	0	2591	37.9
A_NA	854	2512	C	0	0	2512	37.4
A_NA	855	2275	G	0	0	2275	36.8
A_NA	856	2426	G	0	0	2426	34.2
A_NA	857	2629	G	0	0	2629	38.0
A_NA	858	2570	T	0	0	2570	37.7
A_NA	859	2428	G	0	0	2428	35.6
A_NA	860	2580	A	0	0	2580	36.2
A_NA	861	2944	G	0	0	2944	35.4
A_NA	862	2566	A	0	0	2566	36.0
A_NA	863	2746	T	0	0	2746	35.4
A_NA	864	2802	T	0	0	2802	35.8
A_NA	865	2825	A	0	0	2825	36.9
A_NA	866	2722	T	0	0	2722	34.8
A_NA	867	2549	G	0	0	2549	35.3
A_NA	868	3018	T	0	0	3018	34.7
A_NA	869	3022	G	0	0	3022	35.8
A_NA	870	2892	T	0	0	2892	36.8
A_NA	871	2987	G	0	0	2987	35.1
A_NA	872	2889	T	0	0	2889	35.5
A_NA	873	3334	G	0	0	3334	35.0
A_NA	874	2850	T	0	0	2850	35.5
A_NA	875	2881	G	0	0	2881	36.6
A_NA	876	2699	C	0	0	2699	36.3
A_NA	877	3136	A	0	0	3136	35.4
A_NA	878	3089	G	0	0	3089	36.7
A_NA	879	2714	G	0	0	2714	36.1
A_NA	880	3007	G	0	0	3007	36.2
A_NA	881	2922	A	0	0	2922	34.6
A_NA	882	3136	C	0	0	3136	36.7
A_NA	883	3132	A	0	0	3132	35.8
A_NA	884	2957	A	0	0	2957	34.0
A_NA	885	3166	T	0	0	3166	36.4
A_NA	886	3485	T	0	0	3485	34.9
A_NA	887	2984	G	0	0	2984	36.1
A_NA	888	2921	G	0	0	2921	36.5
A_NA	889	3111	C	0	0	3111	35.9
A_NA	890	3410	A	0	0	3410	37.5
A_NA	891	3275	T	0	0	3275	35.1
A_NA	892	3363	G	0	0	3363	37.1
A_NA	893	3109	G	0	0	3109	36.9
A_NA	894	3060	C	0	0	3060	35.4
A_NA	895	3682	T	0	0	3682	37.3
A_NA	896	3375	C	0	0	3375	37.4
A_NA	897	3148	A	0	0	3148	34.2
A_NA	898	3310	A	0	0	3310	37.5
A_NA	899	3401	A	0	0	3401	34.2
A_NA	900	3369	C	0	0	3369	35.2
A_NA	901	3509	C	0	0	3509	34.2
A_NA	902	3289	G	0	0	3289	36.1
A_NA	903	3678	G	0	0	3678	37.5
A_NA	904	3556	C	0	0	3556	34.3
A_NA	905	3521	C	0	0	3521	36.8
A_NA	906	3025	G	0	0	3025	37.7
A_NA	907	3468	T	0	0	3468	37.0
A_NA	908	3638	G	0	0	3638	36.9
A_NA	909	3504	G	0	0	3504	35.0
A_NA	910	3386	G	0	0	3386	36.1
A_NA	911	3474	T	0	0	3474	35.5
A_NA	912	3332	A	0	0	3332	36.7
A_NA	913	3502	T	0	0	3502	37.6
A_NA	914	3462	C	0	0	3462	37.9
A_NA	915	3091	T	0	0	3091	34.4
A_NA	916	3420	T	0	0	3420	35.7
A_NA	917	3219	T	0	0	3219	36.5
A_NA	918	3428	T	0	0	3428	36.8
A_NA	919	3610	A	0	0	3610	35.2
A_NA	920	3465	A	0	0	3465	37.4
A_NA	921	3786	T	0	0	3786	34.4
A_NA	922	3451	C	0	0	3451	36.8
A_NA	923	3406	A	0	0	3406	37.2
A_NA	924	3556	A	0	0	3556	34.1
A_NA	925	3637	A	0	0	3637	36.7
A_NA	926	3803	A	0	0	3803	34.5
A_NA	927	3478	T	0	0	3478	35.7
A_NA	928	3827	C	0	0	3827	35.7
A_NA	929	3383	T	0	0	3383	37.0
A_NA	930	3509	G	0	0	3509	37.2
A_NA	931	4160	G	0	0	4160	34.9
A_NA	932	3367	A	0	0	3367	37.3
A_NA	933	3533	G	0	0	3533	34.8
A_NA	934	3354	T	0	0	3354	36.1
A_NA	935	3497	A	0	0	3497	35.3
A_NA	936	3645	T	0	0	3645	38.0
A_NA	937	3434	C	0	0	3434	36.6
A_NA	938	3579	A	0	0	3579	35.5
A_NA	939	3785	A	0	0	3785	34.3
A_NA	940	3561	A	0	0	3561	34.4
A_NA	941	3591	T	0	0	3591	37.1
A_NA	942	3505	A	0	0	3505	34.6
A_NA	943	3456	G	0	0	3456	37.7
A_NA	944	3388	G	0	0	3388	35.6
A_NA	945	3805	A	0	0	3805	34.7
A_NA	946	3671	T	0	0	3671	34.4
A_NA	947	3527	A	0	0	3527	37.3
A_NA	948	3781	T	0	0	3781	37.8
A_NA	949	3855	A	0	0	3855	35.1
A_NA	950	3465	T	0	0	3465	34.0
A_NA	951	3592	A	0	0	3592	36.4
A_NA	952	3311	T	0	0	3311	34.5
A_NA	953	3394	G	0	0	3394	37.3
A_NA	954	3866	C	0	0	3866	36.3
A_NA	955	3518	A	0	0	3518	35.8
A_NA	956	3550	G	0	0	3550	37.9
A_NA	957	3650	T	0	0	3650	37.2
A_NA	958	3388	G	0	0	3388	34.7
A_NA	959	3631	G	0	0	3631	35.2
A_NA	960	3201	G	0	0	3201	34.5
A_NA	961	3199	G	0	0	3199	37.3
A_NA	962	3454	T	0	0	3454	34.9
A_NA	963	3495	T	0	0	3495	38.0
A_NA	964	3295	T	0	0	3295	35.0
A_NA	965	3097	T	0	0	3097	36.3
A_NA	966	3460	C	0	0	3460	35.9
A_NA	967	3377	G	0	0	3377	35.9
A_NA	968	3413	G	0	0	3413	36.4
A_NA	969	3205	A	0	0	3205	36.6
A_NA	970	3376	G	0	0	3376	36.5
A_NA	971	3485	A	0	0	3485	34.7
A_NA	972	3572	C	0	0	3572	37.5
A_NA	973	3623	A	0	0	3623	35.3
A_NA	974	3250	A	0	0	3250	36.6
A_NA	975	3315	C	0	0	3315	37.2
A_NA	976	3312	C	0	0	3312	37.5
A_NA	977	3239	C	0	0	3239	34.0
A_NA	978	3444	C	0	0	3444	35.2
A_NA	979	3179	C	0	0	3179	35.1
A_NA	980	3272	G	0	0	3272	36.1
A_NA	981	3135	C	0	0	3135	35.4
A_NA	982	3589	C	0	0	3589	36.5
A_NA	983	3540	C	0	0	3540	35.8
A_NA	984	3264	C	0	0	3264	36.9
A_NA	985	3103	A	0	0	3103	36.7
A_NA	986	3179	A	0	0	3179	35.7
A_NA	987	3122	T	0	0	3122	37.6
A_NA	988	3121	G	0	0	3121	34.4
A_NA	989	3014	A	0	0	3014	36.3
A_NA	990	3192	T	0	0	3192	34.4
A_NA	991	3425	G	0	0	3425	34.1
A_NA	992	3104	G	0	0	3104	35.1
A_NA	993	3039	A	0	0	3039	35.8
A_NA	994	3157	A	0	0	3157	36.1
A_NA	995	2892	C	0	0	2892	34.8
A_NA	996	2943	A	0	0	2943	37.5
A_NA	997	3045	G	0	0	3045	36.7
A_NA	998	2826	G	0	0	2826	37.6
A_NA	999	3102	C	0	0	3102	34.1
A_NA	1000	3288	A	0	0	3288	34.3
A_NA	1001	3114	G	0	0	3114	36.3
A_NA	1002	3005	T	0	0	3005	36.9
A_NA	1003	2914	T	0	0	2914	36.7
A_NA	1004	2780	G	0	0	2780	36.7
A_NA	1005	2916	C	0	0	2916	36.1
A_NA	1006	3015	A	0	0	3015	36.3
A_NA	1007	2951	G	0	0	2951	37.0
A_NA	1008	3232	T	0	0	3232	35.3
A_NA	1009	2727	C	0	0	2727	34.4
A_NA	1010	3254	C	0	0	3254	34.7
A_NA	1011	2722	A	0	0	2722	36.9
A_NA	1012	2969	A	0	0	2969	37.0
A_NA	1013	3091	T	0	0	3091	36.0
A_NA	1014	2764	G	0	0	2764	37.7
A_NA	1015	2825	T	0	0	2825	35.7
A_NA	1016	2828	C	0	0	2828	34.9
A_NA	1017	2941	C	0	0	2941	37.5
A_NA	1018	2857	T	0	0	2857	37.9
A_NA	1019	3207	C	0	0	3207	37.6
A_NA	1020	2911	T	0	0	2911	35.1
A_NA	1021	3010	A	0	0	3010	37.4
A_NA	1022	2860	A	0	0	2860	35.1
A_NA	1023	2957	C	0	0	2957	36.6
A_NA	1024	2834	G	0	0	2834	35.4
A_NA	1025	3173	G	0	0	3173	36.1
A_NA	1026	2991	G	0	0	2991	35.3
A_NA	1027	3106	G	0	0	3106	37.9
A_NA	1028	2933	C	0	0	2933	37.2
A_NA	1029	2902	A	0	0	2902	37.9
A_NA	1030	3153	T	0	0	3153	36.8
A_NA	1031	3009	A	0	0	3009	36.7
A_NA	1032	2790	T	0	0	2790	34.2
A_NA	1033	2942	G	0	0	2942	34.3
A_NA	1034	3104	G	0	0	3104	36.6
A_NA	1035	2941	G	0	0	2941	36.8
A_NA	1036	3328	G	0	0	3328	38.0
A_NA	1037	3102	T	0	0	3102	35.9
A_NA	1038	2893	A	0	0	2893	36.9
A_NA	1039	2977	A	0	0	2977	36.3
A_NA	1040	2830	A	0	0	2830	36.1
A_NA	1041	3254	A	0	0	3254	37.6
A_NA	1042	3179	G	0	0	3179	35.5
A_NA	1043	2912	G	0	0	2912	36.5
A_NA	1044	3206	G	0	0	3206	36.6
A_NA	1045	3036	T	0	0	3036	34.3
A_NA	1046	3114	T	0	0	3114	37.7
A_NA	1047	3287	T	0	0	3287	36.5
A_NA	1048	3228	T	0	0	3228	34.4
A_NA	1049	3049	C	0	0	3049	37.0
A_NA	1050	2878	A	0	0	2878	37.8
A_NA	1051	2744	T	0	0	2744	35.8
A_NA	1052	3252	T	0	0	3252	37.8
A_NA	1053	3210	T	0	0	3210	34.4
A_NA	1054	3271	A	0	0	3271	37.5
A_NA	1055	2912	A	0	0	2912	36.3
A_NA	1056	3200	G	0	0	3200	35.8
A_NA	1057	2933	T	0	0	2933	35.4
A_NA	1058	2984	A	0	0	2984	36.2
A_NA	1059	3185	C	0	0	3185	36.2
A_NA	1060	3001	G	0	0	3001	37.1
A_NA	1061	2963	G	0	0	2963	34.0
A_NA	1062	3125	T	0	0	3125	37.1
A_NA	1063	2982	A	0	0	2982	37.0
A_NA	1064	2896	A	0	0	2896	36.2
A_NA	1065	3115	T	0	0	3115	34.5
A_NA	1066	3101	G	0	0	3101	36.6
A_NA	1067	3297	G	0	0	3297	37.6
A_NA	1068	3146	G	0	0	3146	36.1
A_NA	1069	3616	G	0	0	3616	34.4
A_NA	1070	3209	T	0	0	3209	36.7
A_NA	1071	3142	T	0	0	3142	34.4
A_NA	1072	3356	T	0	0	3356	37.7
A_NA	1073	3217	G	0	0	3217	35.1
A_NA	1074	3475	G	0	0	3475	34.7
A_NA	1075	3081	A	0	0	3081	37.2
A_NA	1076	3396	T	0	0	3396	37.6
A_NA	1077	3570	C	0	0	3570	37.1
A_NA	1078	3608	G	0	0	3608	37.6
A_NA	1079	3082	G	0	0	3082	35.4
A_NA	1080	3040	A	0	0	3040	34.2
A_NA	1081	3060	A	0	0	3060	35.5
A_NA	1082	3226	G	0	0	3226	36.5
A_NA	1083	3430	A	0	0	3430	34.4
A_NA	1084	3155	A	0	0	3155	34.7
A_NA	1085	3228	C	0	0	3228	34.5
A_NA	1086	3124	A	0	0	3124	37.3
A_NA	1087	3503	A	0	0	3503	37.9
A_NA	1088	2867	A	0	0	2867	34.7
A_NA	1089	2925	A	0	0	2925	36.3
A_NA	1090	3495	A	0	0	3495	37.3
A_NA	1091	3595	G	0	0	3595	36.7
A_NA	1092	3200	C	0	0	3200	36.5
A_NA	1093	3375	A	0	0	3375	36.8
A_NA	1094	3296	C	0	0	3296	34.8
A_NA	1095	3119	T	0	0	3119	34.5
A_NA	1096	3653	A	0	0	3653	35.7
A_NA	1097	3538	G	0	0	3538	36.9
A_NA	1098	3482	T	0	0	3482	35.8
A_NA	1099	3044	T	0	0	3044	34.9
A_NA	1100	3207	C	0	0	3207	36.9
A_NA	1101	3225	C	0	0	3225	37.6
A_NA	1102	3315	A	0	0	3315	37.2
A_NA	1103	3162	G	0	0	3162	36.7
A_NA	1104	2885	A	0	0	2885	36.5
A_NA	1105	3109	A	0	0	3109	35.1
A_NA	1106	2773	G	0	0	2773	36.6
A_NA	1107	2929	C	0	0	2929	37.6
A_NA	1108	3092	G	0	0	3092	34.2
A_NA	1109	3187	G	0	0	3187	36.6
A_NA	1110	3477	C	0	0	3477	36.9
A_NA	1111	3650	T	0	0	3650	34.6
A_NA	1112	3229	T	0	0	3229	37.6
A_NA	1113	3029	T	0	0	3029	34.7
A_NA	1114	3346	G	0	0	3346	36.2
A_NA	1115	2799	A	0	0	2799	35.8
A_NA	1116	3354	G	0	0	3354	35.6
A_NA	1117	2914	A	0	0	2914	37.2
A_NA	1118	3186	T	0	0	3186	36.2
A_NA	1119	3179	G	0	0	3179	34.2
A_NA	1120	2900	A	0	0	2900	36.8
A_NA	1121	3316	T	0	0	3316	36.5
A_NA	1122	3028	T	0	0	3028	37.2
A_NA	1123	3297	T	0	0	3297	37.3
A_NA	1124	2854	G	0	0	2854	34.2
A_NA	1125	3058	G	0	0	3058	34.5
A_NA	1126	3114	G	0	0	3114	37.1
A_NA	1127	3060	A	0	0	3060	36.6
A_NA	1128	3141	T	0	0	3141	34.2
A_NA	1129	2823	C	0	0	2823	35.5
A_NA	1130	3357	C	0	0	3357	37.4
A_NA	1131	2959	G	0	0	2959	34.9
A_NA	1132	3037	A	0	0	3037	36.7
A_NA	1133	2824	A	0	0	2824	36.5
A_NA	1134	2722	T	0	0	2722	36.1
A_NA	1135	2697	G	0	0	2697	34.8
A_NA	1136	2800	G	0	0	2800	36.7
A_NA	1137	3062	G	0	0	3062	37.6
A_NA	1138	3009	T	0	0	3009	37.3
A_NA	1139	2845	G	0	0	2845	35.8
A_NA	1140	2772	G	0	0	2772	34.9
A_NA	1141	2707	A	0	0	2707	36.4
A_NA	1142	2728	C	0	0	2728	34.7
A_NA	1143	2646	T	0	0	2646	36.7
A_NA	1144	2705	G	0	0	2705	34.1
A_NA	1145	2730	A	0	0	2730	37.1
A_NA	1146	2716	G	0	0	2716	35.4
A_NA	1147	2679	A	0	0	2679	38.0
A_NA	1148	2776	C	0	0	2776	36.9
A_NA	1149	2392	G	0	0	2392	36.4
A_NA	1150	2622	G	0	0	2622	35.3
A_NA	1151	2311	A	0	0	2311	37.6
A_NA	1152	3019	C	0	0	3019	35.3
A_NA	1153	2547	A	0	0	2547	38.0
A_NA	1154	2677	G	0	0	2677	35.4
A_NA	1155	2769	T	0	0	2769	35.0
A_NA	1156	2445	A	0	0	2445	35.8
A_NA	1157	2485	G	0	0	2485	34.8
A_NA	1158	2484	T	0	0	2484	36.0
A_NA	1159	2458	T	0	0	2458	36.8
A_NA	1160	2288	T	0	0	2288	36.4
A_NA	1161	2409	C	0	0	2409	35.9
A_NA	1162	2339	T	0	0	2339	36.6
A_NA	1163	2401	C	0	0	2401	37.9
A_NA	1164	2629	A	0	0	2629	34.2
A_NA	1165	2181	G	0	0	2181	34.0
A_NA	1166	2465	T	0	0	2465	36.9
A_NA	1167	2124	G	0	0	2124	35.6
A_NA	1168	2252	A	0	0	2252	35.2
A_NA	1169	2239	A	0	0	2239	35.2
A_NA	1170	2157	G	0	0	2157	35.0
A_NA	1171	2219	C	0	0	2219	34.1
A_NA	1172	1960	A	0	0	1960	36.8
A_NA	1173	2257	A	0	0	2257	35.1
A_NA	1174	2113	G	0	0	2113	37.1
A_NA	1175	2276	A	0	0	2276	37.4
A_NA	1176	1969	C	0	0	1969	35.0
A_NA	1177	2047	A	0	0	2047	35.9
A_NA	1178	2096	T	0	0	2096	37.1
A_NA	1179	2209	C	0	0	2209	36.7
A_NA	1180	2099	G	0	0	2099	37.4
A_NA	1181	2214	T	0	0	2214	37.8
A_NA	1182	2253	A	0	0	2253	37.1
A_NA	1183	2131	G	0	0	2131	35.4
A_NA	1184	1917	C	0	0	1917	37.5
A_NA	1185	2275	A	0	0	2275	37.1
A_NA	1186	1936	A	0	0	1936	37.6
A_NA	1187	2065	T	0	0	2065	35.5
A_NA	1188	2065	A	0	0	2065	35.0
A_NA	1189	1883	A	0	0	1883	38.0
A_NA	1190	1759	C	0	0	1759	35.2
A_NA	1191	1901	T	0	0	1901	36.8
A_NA	1192	1944	G	0	0	1944	35.1
A_NA	1193	1859	A	0	0	1859	37.8
A_NA	1194	1932	C	0	0	1932	37.2
A_NA	1195	1929	T	0	0	1929	36.7
A_NA	1196	1716	T	0	0	1716	37.0
A_NA	1197	1768	G	0	0	1768	36.5
A_NA	1198	1899	T	0	0	1899	37.1
A_NA	1199	1770	C	0	0	1770	37.6
A_NA	1200	1994	A	0	0	1994	37.3
A_NA	1201	1741	G	0	0	1741	37.1
A_NA	1202	1838	G	0	0	1838	36.0
A_NA	1203	1779	A	0	0	1779	37.1
A_NA	1204	1864	T	0	0	1864	34.0
A_NA	1205	1727	A	0	0	1727	37.1
A_NA	1206	1680	T	0	0	1680	35.3
A_NA	1207	1707	A	0	0	1707	37.8
A_NA	1208	1854	G	0	0	1854	34.8
A_NA	1209	1920	T	0	0	1920	34.7
A_NA	1210	1634	G	0	0	1634	34.6
A_NA	1211	1562	G	0	0	1562	35.2
A_NA	1212	1702	G	0	0	1702	34.7
A_NA	1213	1762	A	0	0	1762	37.6
A_NA	1214	1688	C	0	0	1688	35.9
A_NA	1215	1927	T	0	0	1927	36.3
A_NA	1216	1823	T	0	0	1823	35.9
A_NA	1217	1765	T	0	0	1765	34.8
A_NA	1218	1804	T	0	0	1804	35.3
A_NA	1219	1688	G	0	0	1688	37.3
A_NA	1220	1868	T	0	0	1868	36.5
A_NA	1221	1861	C	0	0	1861	34.3
A_NA	1222	1751	C	0	0	1751	34.0
A_NA	1223	1659	A	0	0	1659	36.9
A_NA	1224	1845	G	0	0	1845	35.0
A_NA	1225	1901	C	0	0	1901	34.1
A_NA	1226	1758	A	0	0	1758	36.7
A_NA	1227	1741	C	0	0	1741	37.8
A_NA	1228	1899	C	0	0	1899	36.5
A_NA	1229	1714	C	0	0	1714	35.7
A_NA	1230	1752	A	0	0	1752	35.9
A_NA	1231	1796	G	0	0	1796	34.4
A_NA	1232	1866	A	0	0	1866	34.5
A_NA	1233	2042	A	0	0	2042	35.6
A_NA	1234	1774	C	0	0	1774	34.8
A_NA	1235	1973	T	0	0	1973	34.6
A_NA	1236	1789	G	0	0	1789	37.8
A_NA	1237	1941	A	0	0	1941	35.6
A_NA	1238	1837	C	0	0	1837	37.1
A_NA	1239	1765	A	0	0	1765	36.1
A_NA	1240	1916	G	0	0	1916	35.2
A_NA	1241	1959	G	0	0	1959	34.2
A_NA	1242	1862	A	0	0	1862	34.6
A_NA	1243	2026	T	0	0	2026	36.2
A_NA	1244	1933	T	0	0	1933	34.3
A_NA	1245	2036	A	0	0	2036	36.4
A_NA	1246	2088	G	0	0	2088	37.4
A_NA	1247	1774	A	0	0	1774	36.9
A_NA	1248	1982	T	0	0	1982	37.6
A_NA	1249	2116	T	0	0	2116	38.0
A_NA	1250	1820	G	0	0	1820	37.9
A_NA	1251	2275	C	0	0	2275	34.6
A_NA	1252	2230	A	0	0	2230	34.2
A_NA	1253	2024	T	0	0	2024	38.0
A_NA	1254	2286	G	0	0	2286	35.7
A_NA	1255	1808	A	0	0	1808	35.3
A_NA	1256	2211	G	0	0	2211	34.9
A_NA	1257	2017	G	0	0	2017	37.0
A_NA	1258	2030	C	0	0	2030	36.2
A_NA	1259	2213	C	0	0	2213	34.7
A_NA	1260	2340	T	0	0	2340	34.0
A_NA	1261	2149	T	0	0	2149	34.0
A_NA	1262	2322	G	0	0	2322	36.7
A_NA	1263	1939	T	0	0	1939	35.5
A_NA	1264	2252	T	0	0	2252	34.0
A_NA	1265	2293	T	0	0	2293	35.4
A_NA	1266	2259	C	0	0	2259	37.9
A_NA	1267	2483	T	0	0	2483	36.6
A_NA	1268	2440	G	0	0	2440	36.7
A_NA	1269	2101	G	0	0	2101	34.6
A_NA	1270	2305	G	0	0	2305	34.0
A_NA	1271	2586	T	0	0	2586	35.9
A_NA	1272	2127	T	0	0	2127	37.4
A_NA	1273	2598	G	0	0	2598	34.6
A_NA	1274	2399	A	0	0	2399	34.2
A_NA	1275	2264	G	0	0	2264	37.3
A_NA	1276	2475	C	0	0	2475	34.5
A_NA	1277	2303	T	0	0	2303	37.3
A_NA	1278	2560	G	0	0	2560	36.0
A_NA	1279	2584	A	0	0	2584	37.2
A_NA	1280	2418	T	0	0	2418	36.8
A_NA	1281	2394	T	0	0	2394	35.2
A_NA	1282	2526	A	0	0	2526	35.6
A_NA	1283	2486	G	0	0	2486	37.2
A_NA	1284	2501	A	0	0	2501	34.1
A_NA	1285	2881	G	0	0	2881	36.8
A_NA	1286	2395	G	0	0	2395	35.2
A_NA	1287	2610	G	0	0	2610	37.0
A_NA	1288	2568	A	0	0	2568	36.1
A_NA	1289	2798	G	0	0	2798	35.7
A_NA	1290	2768	G	0	0	2768	35.2
A_NA	1291	2613	C	0	0	2613	36.7
A_NA	1292	2468	C	0	0	2468	36.0
A_NA	1293	2732	C	0	0	2732	36.9
A_NA	1294	2730	A	0	0	2730	36.0
A_NA	1295	2444	A	0	0	2444	34.1
A_NA	1296	2698	A	0	0	2698	34.7
A_NA	1297	2711	G	0	0	2711	37.2
A_NA	1298	2897	A	0	0	2897	35.9
A_NA	1299	2640	G	0	0	2640	36.4
A_NA	1300	2681	A	0	0	2681	37.0
A_NA	1301	2551	A	0	0	2551	34.7
A_NA	1302	2653	C	0	0	2653	38.0
A_NA	1303	2517	A	0	0	2517	34.1
A_NA	1304	2829	C	0	0	2829	36.1
A_NA	1305	3198	A	0	0	3198	34.3
A_NA	1306	2852	A	0	0	2852	34.5
A_NA	1307	2692	T	0	0	2692	36.6
A_NA	1308	2995	T	0	0	2995	35.5
A_NA	1309	3348	T	0	0	3348	35.2
A_NA	1310	3094	G	0	0	3094	37.0
A_NA	1311	2949	G	0	0	2949	37.2
A_NA	1312	2915	A	0	0	2915	37.6
A_NA	1313	3111	C	0	0	3111	37.5
A_NA	1314	2582	T	0	0	2582	34.8
A_NA	1315	2818	A	0	0	2818	37.7
A_NA	1316	2849	G	0	0	2849	37.7
A_NA	1317	2708	C	0	0	2708	36.9
A_NA	1318	3230	G	0	0	3230	36.0
A_NA	1319	3128	G	0	0	3128	37.5
A_NA	1320	3026	G	0	0	3026	37.3
A_NA	1321	3204	A	0	0	3204	36.9
A_NA	1322	3207	G	0	0	3207	35.1
A_NA	1323	2964	C	0	0	2964	35.9
A_NA	1324	2906	A	0	0	2906	37.1
A_NA	1325	2624	G	0	0	2624	37.3
A_NA	1326	3083	C	0	0	3083	35.8
A_NA	1327	3217	A	0	0	3217	36.0
A_NA	1328	2855	T	0	0	2855	37.4
A_NA	1329	3107	A	0	0	3107	34.7
A_NA	1330	2733	T	0	0	2733	37.5
A_NA	1331	3184	C	0	0	3184	37.0
A_NA	1332	2804	C	0	0	2804	36.2
A_NA	1333	2773	T	0	0	2773	35.0
A_NA	1334	2546	T	0	0	2546	35.7
A_NA	1335	2635	T	0	0	2635	35.7
A_NA	1336	2782	T	0	0	2782	36.6
A_NA	1337	2600	G	0	0	2600	35.2
A_NA	1338	2717	T	0	0	2717	36.7
A_NA	1339	2609	G	0	0	2609	35.8
A_NA	1340	2532	G	0	0	2532	34.7
A_NA	1341	2677	T	0	0	2677	35.5
A_NA	1342	2528	G	0	0	2528	35.1
A_NA	1343	2500	T	0	0	2500	37.9
A_NA	1344	2300	A	0	0	2300	37.2
A_NA	1345	2342	A	0	0	2342	36.0
A_NA	1346	2182	A	0	0	2182	34.8
A_NA	1347	2074	T	0	0	2074	37.5
A_NA	1348	2423	A	0	0	2423	34.2
A_NA	1349	2142	G	0	0	2142	36.8
A_NA	1350	2322	T	0	0	2322	35.7
A_NA	1351	2128	G	0	0	2128	35.6
A_NA	1352	1968	A	0	0	1968	34.4
A_NA	1353	2141	C	0	0	2141	34.1
A_NA	1354	2118	A	0	0	2118	37.5
A_NA	1355	2064	C	0	0	2064	35.7
A_NA	1356	2070	T	0	0	2070	37.4
A_NA	1357	1784	G	0	0	1784	35.5
A_NA	1358	1888	T	0	0	1888	35.5
A_NA	1359	1984	G	0	0	1984	34.9
A_NA	1360	1763	G	0	0	1763	36.4
A_NA	1361	1616	G	0	0	1616	35.1
A_NA	1362	1677	T	0	0	1677	36.2
A_NA	1363	1729	T	0	0	1729	35.3
A_NA	1364	1608	G	0	0	1608	35.8
A_NA	1365	1618	G	0	0	1618	35.5
A_NA	1366	1361	T	0	0	1361	37.8
A_NA	1367	1451	C	0	0	1451	34.8
A_NA	1368	1655	T	0	0	1655	36.7
A_NA	1369	1361	T	0	0	1361	34.3
A_NA	1370	1453	G	0	0	1453	37.1
A_NA	1371	1421	G	0	0	1421	37.0
A_NA	1372	1372	C	0	0	1372	37.2
A_NA	1373	1331	C	0	0	1331	35.2
A_NA	1374	1194	A	0	0	1194	34.9
A_NA	1375	1398	G	0	0	1398	37.9
A_NA	1376	1136	A	0	0	1136	35.8
A_NA	1377	1030	C	0	0	1030	37.5
A_NA	1378	1043	G	0	0	1043	34.5
A_NA	1379	940	G	0	0	940	36.4
A_NA	1380	982	T	0	0	982	36.6
A_NA	1381	926	G	0	0	926	36.7
A_NA	1382	964	C	0	0	964	34.2
A_NA	1383	941	T	0	0	941	34.1
A_NA	1384	817	G	0	0	817	36.4
A_NA	1385	868	A	0	0	868	36.4
A_NA	1386	752	G	0	0	752	34.9
A_NA	1387	747	T	0	0	747	36.5
A_NA	1388	807	T	0	0	807	36.0
A_NA	1389	762	G	0	0	762	37.1
A_NA	1390	618	C	0	0	618	37.9
A_NA	1391	616	C	0	0	616	34.4
A_NA	1392	615	A	0	0	615	37.4
A_NA	1393	637	T	0	0	637	37.4
A_NA	1394	536	T	0	0	536	35.7
A_NA	1395	537	C	0	0	537	37.7
A_NA	1396	463	A	0	0	463	35.8
A_NA	1397	402	C	0	0	402	36.2
A_NA	1398	444	C	0	0	444	34.6
A_NA	1399	356	A	0	0	356	36.5
A_NA	1400	363	T	0	0	363	36.3
A_NA	1401	310	T	0	0	310	36.5
A_NA	1402	244	G	0	0	244	35.8
A_NA	1403	231	A	0	0	231	36.6
A_NA	1404	205	C	0	0	205	35.0
A_NA	1405	175	A	0	0	175	35.4
A_NA	1406	125	A	0	0	125	36.8
A_NA	1407	97	G	0	0	97	37.5
A_NA	1408	68	T	0	0	68	37.5
A_NA	1409	35	A	0	0	35	38.0
A_NA	1410	0	G	0	0	0	36.7
