Reference_Name	Position	Coverage Depth	Consensus	Deletions	Ambiguous	Consensus_Count	Consensus_Average_Quality
A_NP	1	34	A	0	0	34	35.4
A_NP	2	74	T	0	0	74	35.5
A_NP	3	121	G	0	0	121	35.2
A_NP	4	133	G	0	0	133	34.6
A_NP	5	183	C	0	0	183	37.4
A_NP	6	203	G	0	0	203	34.4
A_NP	7	253	T	0	0	253	34.8
A_NP	8	309	C	0	0	309	36.8
A_NP	9	390	T	0	0	390	36.9
A_NP	10	385	C	0	0	385	35.3
A_NP	11	440	A	0	0	440	35.6
A_NP	12	474	A	0	0	474	34.1
A_NP	13	519	G	0	0	519	35.5
A_NP	14	533	G	0	0	533	37.0
A_NP	15	654	C	0	0	654	36.2
A_NP	16	620	A	0	0	620	36.7
A_NP	17	734	C	0	0	734	37.8
A_NP	18	672	C	0	0	672	36.4
A_NP	19	778	A	0	0	778	37.5
A_NP	20	769	A	0	0	769	36.0
A_NP	21	746	A	0	0	746	37.7
A_NP	22	784	C	0	0	784	37.6
A_NP	23	897	G	0	0	897	37.6
A_NP	24	1013	A	0	0	1013	34.1
A_NP	25	938	T	0	0	938	37.6
A_NP	26	1111	C	0	0	1111	35.6
A_NP	27	1212	C	0	0	1212	37.2
A_NP	28	1200	T	0	0	1200	36.2
A_NP	29	1057	A	0	0	1057	36.4
A_NP	30	1333	T	0	0	1333	34.9
A_NP	31	1356	G	0	0	1356	37.9
A_NP	32	1405	A	0	0	1405	34.7
A_NP	33	1439	A	0	0	1439	37.9
A_NP	34	1492	C	0	0	1492	34.4
A_NP	35	1565	A	0	0	1565	37.1
A_NP	36	1516	A	0	0	1516	36.2
A_NP	37	1811	A	0	0	1811	36.1
A_NP	38	1724	T	0	0	1724	37.8
A_NP	39	1830	G	0	0	1830	36.2
A_NP	40	1837	G	0	0	1837	36.7
A_NP	41	1922	A	0	0	1922	34.4
A_NP	42	2112	A	0	0	2112	36.6
A_NP	43	1856	A	0	0	1856	37.8
A_NP	44	2091	C	0	0	2091	34.4
A_NP	45	2281	T	0	0	2281	36.8
A_NP	46	2240	G	0	0	2240	34.9
A_NP	47	2129	G	0	0	2129	34.5
A_NP	48	2505	T	0	0	2505	36.2
A_NP	49	2376	G	0	0	2376	34.2
A_NP	50	2372	G	0	0	2372	36.4
A_NP	51	2619	G	0	0	2619	35.3
A_NP	52	2592	G	0	0	2592	35.7
A_NP	53	2360	A	0	0	2360	34.7
A_NP	54	2753	A	0	0	2753	37.2
A_NP	55	2600	C	0	0	2600	34.3
A_NP	56	2794	G	0	0	2794	35.9
A_NP	57	3005	C	0	0	3005	34.4
A_NP	58	3165	C	0	0	3165	34.8
A_NP	59	2877	A	0	0	2877	35.6
A_NP	60	3205	G	0	0	3205	34.2
A_NP	61	3234	A	0	0	3234	34.6
A_NP	62	3107	A	0	0	3107	34.5
A_NP	63	3067	T	0	0	3067	37.2
A_NP	64	2919	G	0	0	2919	36.2
A_NP	65	3661	C	0	0	3661	37.0
A_NP	66	3405	C	0	0	3405	36.7
A_NP	67	3606	A	0	0	3606	34.9
A_NP	68	3568	C	0	0	3568	36.2
A_NP	69	3771	T	0	0	3771	34.1
A_NP	70	3663	G	0	0	3663	35.9
A_NP	71	3735	A	0	0	3735	37.7
A_NP	72	3451	A	0	0	3451	36.0
A_NP	73	3813	A	0	0	3813	36.7
A_NP	74	4439	T	0	0	4439	34.8
A_NP	75	4727	C	0	0	4727	36.9
A_NP	76	4037	A	0	0	4037	37.4
A_NP	77	4367	G	0	0	4367	34.1
A_NP	78	4623	A	0	0	4623	36.7
A_NP	79	4762	G	0	0	4762	34.1
A_NP	80	4311	C	0	0	4311	37.8
A_NP	81	4944	A	0	0	4944	37.2
A_NP	82	5287	T	0	0	5287	35.1
A_NP	83	4717	C	0	0	4717	37.0
A_NP	84	4918	T	0	0	4918	37.1
A_NP	85	5006	G	0	0	5006	36.9
A_NP	86	4877	T	0	0	4877	37.1
A_NP	87	5406	T	0	0	5406	38.0
A_NP	88	5368	G	0	0	5368	36.7
A_NP	89	5282	G	0	0	5282	36.3
A_NP	90	5632	A	0	0	5632	38.0
A_NP	91	4780	A	0	0	4780	35.1
A_NP	92	5613	G	0	0	5613	37.2
A_NP	93	4732	A	0	0	4732	35.8
A_NP	94	5831	A	0	0	5831	36.3
A_NP	95	5172	T	0	0	5172	35.4
A_NP	96	5493	G	0	0	5493	34.3
A_NP	97	5078	G	0	0	5078	37.4
A_NP	98	5586	T	0	0	5586	36.4
A_NP	99	5184	T	0	0	5184	37.9
A_NP	100	4855	G	0	0	4855	35.9
A_NP	101	5163	G	0	0	5163	35.4
A_NP	102	5243	C	0	0	5243	37.8
A_NP	103	5102	G	0	0	5102	37.3
A_NP	104	5206	G	0	0	5206	34.7
A_NP	105	5761	A	0	0	5761	34.8
A_NP	106	5399	A	0	0	5399	35.9
A_NP	107	5199	T	0	0	5199	37.7
A_NP	108	5007	C	0	0	5007	37.3
A_NP	109	5377	G	0	0	5377	34.6
A_NP	110	5590	G	0	0	5590	37.6
A_NP	111	5383	G	0	0	5383	34.6
A_NP	112	5221	A	0	0	5221	36.7
A_NP	113	4812	G	0	0	4812	34.4
A_NP	114	4998	A	0	0	4998	36.6
A_NP	115	5383	T	0	0	5383	34.3
A_NP	116	5274	T	0	0	5274	34.0
A_NP	117	5602	C	0	0	5602	36.7
A_NP	118	5611	T	0	0	5611	36.2
A_NP	119	5510	A	0	0	5510	35.4
A_NP	120	5670	C	0	0	5670	34.6
A_NP	121	5503	A	0	0	5503	37.7
A_NP	122	5008	T	0	0	5008	36.2
A_NP	123	5523	A	0	0	5523	37.3
A_NP	124	5596	C	0	0	5596	34.9
A_NP	125	5279	A	0	0	5279	36.4
A_NP	126	5328	G	0	0	5328	35.6
A_NP	127	4947	A	0	0	4947	37.5
A_NP	128	5691	T	0	0	5691	36.1
A_NP	129	5070	G	0	0	5070	37.3
A_NP	130	4768	T	0	0	4768	36.9
A_NP	131	5293	G	0	0	5293	34.8
A_NP	132	5154	C	0	0	5154	35.4
A_NP	133	5066	A	0	0	5066	35.7
A_NP	134	5177	C	0	0	5177	34.3
A_NP	135	4941	T	0	0	4941	36.8
A_NP	136	4979	G	0	0	4979	35.7
A_NP	137	4897	A	0	0	4897	35.2
A_NP	138	5133	G	0	0	5133	37.9
A_NP	139	5084	C	0	0	5084	35.4
A_NP	140	4571	T	0	0	4571	34.6
A_NP	141	5470	C	0	0	5470	35.6
A_NP	142	4635	A	0	0	4635	37.4
A_NP	143	4782	A	0	0	4782	36.8
A_NP	144	4806	A	0	0	4806	36.2
A_NP	145	5113	C	0	0	5113	36.7
A_NP	146	4653	T	0	0	4653	37.3
A_NP	147	4947	C	0	0	4947	37.5
A_NP	148	4784	A	0	0	4784	35.3
A_NP	149	4749	G	0	0	4749	34.5
A_NP	150	5011	T	0	0	5011	35.6
A_NP	151	4785	G	0	0	4785	37.4
A_NP	152	4935	A	0	0	4935	36.4
A_NP	153	4730	T	0	0	4730	37.0
A_NP	154	5092	T	0	0	5092	35.5
A_NP	155	4740	A	0	0	4740	37.8
A_NP	156	4416	C	0	0	4416	36.6
A_NP	157	5355	G	0	0	5355	34.3
A_NP	158	4211	A	0	0	4211	37.8
A_NP	159	4782	A	0	0	4782	37.4
A_NP	160	4421	G	0	0	4421	35.5
A_NP	161	4788	G	0	0	4788	34.5
A_NP	162	5291	G	0	0	5291	36.4
A_NP	163	4402	A	0	0	4402	36.7
A_NP	164	4755	G	0	0	4755	35.5
A_NP	165	4610	G	0	0	4610	36.6
A_NP	166	4735	C	0	0	4735	36.8
A_NP	167	4533	T	0	0	4533	37.9
A_NP	168	5169	G	0	0	5169	36.9
A_NP	169	4623	A	0	0	4623	34.2
A_NP	170	4677	T	0	0	4677	37.6
A_NP	171	4199	C	0	0	4199	35.0
A_NP	172	3962	C	0	0	3962	34.2
A_NP	173	4067	A	0	0	4067	34.1
A_NP	174	4129	A	0	0	4129	37.5
A_NP	175	4613	A	0	0	4613	35.3
A_NP	176	4290	A	0	0	4290	34.2
A_NP	177	4204	C	0	0	4204	35.9
A_NP	178	5035	A	0	0	5035	36.7
A_NP	179	4811	G	0	0	4811	34.4
A_NP	180	4087	C	0	0	4087	35.2
A_NP	181	4232	A	0	0	4232	36.2
A_NP	182	4807	T	0	0	4807	34.3
A_NP	183	4499	A	0	0	4499	34.7
A_NP	184	4421	A	0	0	4421	37.3
A_NP	185	4647	C	0	0	4647	37.0
A_NP	186	4425	C	0	0	4425	37.0
A_NP	187	3822	A	0	0	3822	36.3
A_NP	188	4357	T	0	0	4357	34.1
A_NP	189	4322	A	0	0	4322	35.6
A_NP	190	4458	G	0	0	4458	34.7
A_NP	191	4269	A	0	0	4269	37.0
A_NP	192	4132	A	0	0	4132	36.0
A_NP	193	3967	A	0	0	3967	36.6
A_NP	194	4320	G	0	0	4320	34.1
A_NP	195	4544	G	0	0	4544	34.9
A_NP	196	4216	A	0	0	4216	37.9
A_NP	197	4516	T	0	0	4516	35.2
A_NP	198	4363	G	0	0	4363	34.3
A_NP	199	4706	G	0	0	4706	34.6
A_NP	200	4402	T	0	0	4402	35.3
A_NP	201	4078	T	0	0	4078	37.0
A_NP	202	4644	C	0	0	4644	38.0
A_NP	203	4525	T	0	0	4525	34.2
A_NP	204	4600	C	0	0	4600	34.1
A_NP	205	4433	T	0	0	4433	35.6
A_NP	206	4457	C	0	0	4457	36.2
A_NP	207	5170	G	0	0	5170	37.7
A_NP	208	4198	G	0	0	4198	35.5
A_NP	209	4311	C	0	0	4311	35.1
A_NP	210	3814	A	0	0	3814	35.3
A_NP	211	4328	T	0	0	4328	37.3
A_NP	212	4905	T	0	0	4905	35.2
A_NP	213	4342	T	0	0	4342	36.8
A_NP	214	4514	G	0	0	4514	34.3
A_NP	215	4478	A	0	0	4478	34.5
A_NP	216	4471	T	0	0	4471	35.6
A_NP	217	4322	G	0	0	4322	37.0
A_NP	218	4564	A	0	0	4564	35.2
A_NP	219	4501	G	0	0	4501	35.8
A_NP	220	4748	A	0	0	4748	34.5
A_NP	221	4192	G	0	0	4192	37.1
A_NP	222	4560	G	0	0	4560	34.7
A_NP	223	4338	A	0	0	4338	37.7
A_NP	224	4795	G	0	0	4795	34.6
A_NP	225	4166	G	0	0	4166	36.6
A_NP	226	4236	A	0	0	4236	36.0
A_NP	227	4334	A	0	0	4334	37.8
A_NP	228	5006	C	0	0	5006	35.5
A_NP	229	4296	A	0	0	4296	37.5
A_NP	230	4198	A	0	0	4198	35.7
A_NP	231	4495	G	0	0	4495	35.1
A_NP	232	5001	T	0	0	5001	34.6
A_NP	233	4244	A	0	0	4244	37.9
A_NP	234	4527	C	0	0	4527	36.0
A_NP	235	4612	C	0	0	4612	34.1
A_NP	236	4277	T	0	0	4277	34.4
A_NP	237	4695	G	0	0	4695	35.6
A_NP	238	4662	G	0	0	4662	34.0
A_NP	239	4949	A	0	0	4949	36.5
A_NP	240	4531	G	0	0	4531	36.0
A_NP	241	4564	G	0	0	4564	34.0
A_NP	242	4639	A	0	0	4639	36.9
A_NP	243	4626	A	0	0	4626	36.0
A_NP	244	4688	C	0	0	4688	35.1
A_NP	245	4478	A	0	0	4478	34.2
A_NP	246	4667	T	0	0	4667	35.0
A_NP	247	4589	C	0	0	4589	34.0
A_NP	248	4273	C	0	0	4273	37.5
A_NP	249	4302	C	0	0	4302	36.8
A_NP	250	4531	A	0	0	4531	36.1
A_NP	251	4505	G	0	0	4505	35.7
A_NP	252	4940	T	0	0	4940	36.0
A_NP	253	4441	G	0	0	4441	34.7
A_NP	254	4940	C	0	0	4940	34.2
A_NP	255	4351	C	0	0	4351	35.2
A_NP	256	4650	G	0	0	4650	37.5
A_NP	257	5025	G	0	0	5025	37.9
A_NP	258	5032	G	0	0	5032	34.8
A_NP	259	4424	A	0	0	4424	37.9
A_NP	260	5118	A	0	0	5118	34.9
A_NP	261	4628	G	0	0	4628	36.0
A_NP	262	5179	G	0	0	5179	34.8
A_NP	263	5127	A	0	0	5127	36.7
A_NP	264	5033	T	0	0	5033	36.1
A_NP	265	4859	C	0	0	4859	37.9
A_NP	266	4926	C	0	0	4926	34.8
A_NP	267	4526	C	0	0	4526	34.8
A_NP	268	5210	A	0	0	5210	35.3
A_NP	269	4768	A	0	0	4768	37.2
A_NP	270	4729	G	0	0	4729	35.3
A_NP	271	4367	A	0	0	4367	37.9
A_NP	272	4785	A	0	0	4785	35.3
A_NP	273	4473	G	0	0	4473	37.9
A_NP	274	4976	A	0	0	4976	35.5
A_NP	275	5078	C	0	0	5078	37.5
A_NP	276	5022	T	0	0	5022	36.2
A_NP	277	4889	G	0	0	4889	35.0
A_NP	278	5048	G	0	0	5048	36.3
A_NP	279	5186	A	0	0	5186	34.7
A_NP	280	4877	G	0	0	4877	37.1
A_NP	281	4678	G	0	0	4678	36.0
A_NP	282	4304	T	0	0	4304	36.2
A_NP	283	4877	C	0	0	4877	37.5
A_NP	284	4622	C	0	0	4622	35.3
A_NP	285	5177	A	0	0	5177	36.9
A_NP	286	4836	A	0	0	4836	34.4
A_NP	287	4801	T	0	0	4801	36.6
A_NP	288	4771	C	0	0	4771	35.5
A_NP	289	4687	T	0	0	4687	37.1
A_NP	290	4796	A	0	0	4796	36.7
A_NP	291	4980	C	0	0	4980	36.9
A_NP	292	4886	A	0	0	4886	37.7
A_NP	293	4386	G	0	0	4386	35.9
A_NP	294	4832	G	0	0	4832	37.6
A_NP	295	5064	A	0	0	5064	36.9
A_NP	296	4530	G	0	0	4530	34.7
A_NP	297	4526	G	0	0	4526	37.6
A_NP	298	4624	A	0	0	4624	37.7
A_NP	299	4647	G	0	0	4647	34.9
A_NP	300	4599	A	0	0	4599	36.2
A_NP	301	4345	G	0	0	4345	34.8
A_NP	302	4719	A	0	0	4719	34.1
A_NP	303	4447	T	0	0	4447	35.0
A_NP	304	4624	G	0	0	4624	34.7
A_NP	305	4810	G	0	0	4810	36.1
A_NP	306	4698	C	0	0	4698	37.2
A_NP	307	4981	A	0	0	4981	34.1
A_NP	308	4370	A	0	0	4370	35.7
A_NP	309	4317	A	0	0	4317	36.0
A_NP	310	4413	T	0	0	4413	34.6
A_NP	311	4354	G	0	0	4354	37.9
A_NP	312	4210	G	0	0	4210	34.1
A_NP	313	4944	G	0	0	4944	36.7
A_NP	314	4366	T	0	0	4366	35.5
A_NP	315	4621	G	0	0	4621	36.7
A_NP	316	4636	A	0	0	4636	37.0
A_NP	317	4262	G	0	0	4262	36.6
A_NP	318	4165	A	0	0	4165	35.1
A_NP	319	4043	G	0	0	4043	35.6
A_NP	320	4510	A	0	0	4510	34.3
A_NP	321	4368	G	0	0	4368	34.7
A_NP	322	4306	T	0	0	4306	34.0
A_NP	323	4446	T	0	0	4446	34.6
A_NP	324	4170	G	0	0	4170	37.9
A_NP	325	4147	A	0	0	4147	37.4
A_NP	326	4104	T	0	0	4104	35.9
A_NP	327	3971	C	0	0	3971	36.4
A_NP	328	4300	C	0	0	4300	36.6
A_NP	329	4214	T	0	0	4214	34.9
A_NP	330	4503	C	0	0	4503	37.4
A_NP	331	4350	T	0	0	4350	36.9
A_NP	332	4043	A	0	0	4043	37.1
A_NP	333	4134	C	0	0	4134	35.4
A_NP	334	4128	G	0	0	4128	36.2
A_NP	335	4109	A	0	0	4109	37.8
A_NP	336	3509	C	0	0	3509	34.5
A_NP	337	3818	A	0	0	3818	34.9
A_NP	338	4198	A	0	0	4198	36.1
A_NP	339	3750	A	0	0	3750	36.2
A_NP	340	4191	G	0	0	4191	35.9
A_NP	341	3895	A	0	0	3895	37.7
A_NP	342	4425	A	0	0	4425	34.4
A_NP	343	4115	G	0	0	4115	37.2
A_NP	344	3997	A	0	0	3997	36.3
A_NP	345	3811	G	0	0	3811	36.5
A_NP	346	3990	A	0	0	3990	35.9
A_NP	347	3744	T	0	0	3744	34.7
A_NP	348	3546	C	0	0	3546	36.4
A_NP	349	3929	A	0	0	3929	37.0
A_NP	350	3314	G	0	0	3314	34.8
A_NP	351	3627	A	0	0	3627	36.3
A_NP	352	4120	A	0	0	4120	36.8
A_NP	353	3658	G	0	0	3658	34.3
A_NP	354	3407	A	0	0	3407	38.0
A_NP	355	3070	A	0	0	3070	37.5
A_NP	356	3420	T	0	0	3420	35.7
A_NP	357	3583	T	0	0	3583	36.2
A_NP	358	3444	T	0	0	3444	35.9
A_NP	359	3248	G	0	0	3248	35.1
A_NP	360	3482	G	0	0	3482	34.9
A_NP	361	3393	C	0	0	3393	34.2
A_NP	362	3486	G	0	0	3486	35.7
A_NP	363	3334	T	0	0	3334	38.0
A_NP	364	3445	C	0	0	3445	36.4
A_NP	365	3198	A	0	0	3198	38.0
A_NP	366	3122	A	0	0	3122	37.9
A_NP	367	3242	G	0	0	3242	36.9
A_NP	368	3273	C	0	0	3273	34.1
A_NP	369	3314	T	0	0	3314	37.6
A_NP	370	3089	A	0	0	3089	34.2
A_NP	371	3254	A	0	0	3254	34.7
A_NP	372	2978	T	0	0	2978	34.2
A_NP	373	3291	A	0	0	3291	35.7
A_NP	374	2848	A	0	0	2848	35.8
A_NP	375	3022	T	0	0	3022	36.2
A_NP	376	3142	G	0	0	3142	35.5
A_NP	377	3061	G	0	0	3061	34.4
A_NP	378	3071	A	0	0	3071	35.3
A_NP	379	3040	G	0	0	3040	36.5
A_NP	380	2788	A	0	0	2788	36.2
A_NP	381	2682	G	0	0	2682	37.1
A_NP	382	3322	G	0	0	3322	35.1
A_NP	383	2773	A	0	0	2773	34.5
A_NP	384	3032	T	0	0	3032	37.5
A_NP	385	2861	G	0	0	2861	34.3
A_NP	386	2673	C	0	0	2673	34.5
A_NP	387	2964	A	0	0	2964	34.0
A_NP	388	2712	A	0	0	2712	34.5
A_NP	389	2837	C	0	0	2837	34.8
A_NP	390	2781	T	0	0	2781	37.2
A_NP	391	2657	G	0	0	2657	36.1
A_NP	392	2846	C	0	0	2846	37.9
A_NP	393	2645	T	0	0	2645	36.7
A_NP	394	2902	G	0	0	2902	37.9
A_NP	395	2658	G	0	0	2658	36.6
A_NP	396	2932	T	0	0	2932	36.4
A_NP	397	2464	C	0	0	2464	36.1
A_NP	398	2511	T	0	0	2511	35.7
A_NP	399	2635	C	0	0	2635	37.7
A_NP	400	2387	A	0	0	2387	36.6
A_NP	401	2776	C	0	0	2776	35.4
A_NP	402	2435	T	0	0	2435	37.5
A_NP	403	2684	C	0	0	2684	34.2
A_NP	404	2540	A	0	0	2540	36.2
A_NP	405	2682	T	0	0	2682	34.6
A_NP	406	2509	T	0	0	2509	37.6
A_NP	407	2326	T	0	0	2326	35.1
A_NP	408	2539	G	0	0	2539	35.0
A_NP	409	2793	A	0	0	2793	34.8
A_NP	410	2630	T	0	0	2630	37.1
A_NP	411	2712	G	0	0	2712	37.6
A_NP	412	2835	A	0	0	2835	36.2
A_NP	413	2512	T	0	0	2512	35.5
A_NP	414	2484	T	0	0	2484	38.0
A_NP	415	2572	T	0	0	2572	36.0
A_NP	416	2666	G	0	0	2666	34.8
A_NP	417	2752	G	0	0	2752	37.8
A_NP	418	2554	C	0	0	2554	36.6
A_NP	419	2638	A	0	0	2638	35.8
A_NP	420	2746	T	0	0	2746	35.6
A_NP	421	2758	T	0	0	2758	35.4
A_NP	422	2920	C	0	0	2920	34.8
A_NP	423	2726	C	0	0	2726	34.1
A_NP	424	2877	A	0	0	2877	37.9
A_NP	425	2653	A	0	0	2653	34.5
A_NP	426	2929	T	0	0	2929	36.7
A_NP	427	2887	C	0	0	2887	35.5
A_NP	428	2776	T	0	0	2776	34.5
A_NP	429	2873	G	0	0	2873	34.3
A_NP	430	2586	A	0	0	2586	34.2
A_NP	431	2691	A	0	0	2691	36.1
A_NP	432	2603	T	0	0	2603	37.2
A_NP	433	2627	G	0	0	2627	36.4
A_NP	434	2930	A	0	0	2930	35.0
A_NP	435	2711	T	0	0	2711	37.3
A_NP	436	2841	G	0	0	2841	36.8
A_NP	437	2720	C	0	0	2720	34.8
A_NP	438	2902	C	0	0	2902	37.6
A_NP	439	2895	A	0	0	2895	34.8
A_NP	440	2735	C	0	0	2735	35.8
A_NP	441	2880	A	0	0	2880	35.8
A_NP	442	2692	T	0	0	2692	36.1
A_NP	443	2802	A	0	0	2802	35.5
A_NP	444	2651	C	0	0	2651	35.7
A_NP	445	3328	C	0	0	3328	37.1
A_NP	446	2892	A	0	0	2892	34.6
A_NP	447	2907	G	0	0	2907	35.8
A_NP	448	3117	A	0	0	3117	35.3
A_NP	449	2674	G	0	0	2674	35.4
A_NP	450	3480	A	0	0	3480	36.4
A_NP	451	2883	A	0	0	2883	37.6
A_NP	452	3019	C	0	0	3019	34.3
A_NP	453	3387	A	0	0	3387	37.3
A_NP	454	2982	A	0	0	2982	34.6
A_NP	455	2957	G	0	0	2957	37.1
A_NP	456	3334	G	0	0	3334	35.9
A_NP	457	3154	G	0	0	3154	35.1
A_NP	458	3228	C	0	0	3228	37.8
A_NP	459	3293	A	0	0	3293	36.8
A_NP	460	3098	C	0	0	3098	35.7
A_NP	461	3486	T	0	0	3486	36.2
A_NP	462	2751	T	0	0	2751	36.3
A_NP	463	3559	G	0	0	3559	36.5
A_NP	464	3066	T	0	0	3066	35.3
A_NP	465	3891	G	0	0	3891	34.8
A_NP	466	3336	C	0	0	3336	34.1
A_NP	467	3285	G	0	0	3285	36.6
A_NP	468	3498	T	0	0	3498	36.0
A_NP	469	3284	A	0	0	3284	35.2
A_NP	470	3814	C	0	0	3814	37.8
A_NP	471	3610	T	0	0	3610	37.9
A_NP	472	3531	G	0	0	3531	36.3
A_NP	473	3890	G	0	0	3890	35.6
A_NP	474	3845	A	0	0	3845	34.1
A_NP	475	3623	A	0	0	3623	35.2
A_NP	476	3514	T	0	0	3514	37.4
A_NP	477	3619	G	0	0	3619	36.1
A_NP	478	3719	G	0	0	3719	36.8
A_NP	479	4042	A	0	0	4042	36.8
A_NP	480	3409	C	0	0	3409	36.1
A_NP	481	3956	C	0	0	3956	37.6
A_NP	482	4016	C	0	0	4016	37.6
A_NP	483	4228	T	0	0	4228	34.5
A_NP	484	3948	A	0	0	3948	35.3
A_NP	485	4090	G	0	0	4090	36.1
A_NP	486	4275	A	0	0	4275	35.9
A_NP	487	4136	A	0	0	4136	34.7
A_NP	488	3387	T	0	0	3387	34.6
A_NP	489	3841	G	0	0	3841	37.7
A_NP	490	3512	T	0	0	3512	34.6
A_NP	491	4066	G	0	0	4066	34.7
A_NP	492	3982	C	0	0	3982	36.2
A_NP	493	4485	T	0	0	4485	37.2
A_NP	494	4419	C	0	0	4419	36.1
A_NP	495	4110	T	0	0	4110	37.4
A_NP	496	4244	C	0	0	4244	34.5
A_NP	497	3652	T	0	0	3652	35.2
A_NP	498	4086	G	0	0	4086	36.2
A_NP	499	3969	A	0	0	3969	35.1
A_NP	500	4119	T	0	0	4119	35.2
A_NP	501	4091	G	0	0	4091	34.4
A_NP	502	4594	C	0	0	4594	35.2
A_NP	503	4408	A	0	0	4408	36.5
A_NP	504	4184	A	0	0	4184	36.2
A_NP	505	4497	G	0	0	4497	37.9
A_NP	506	4302	G	0	0	4302	34.9
A_NP	507	4168	C	0	0	4168	37.6
A_NP	508	3995	T	0	0	3995	37.9
A_NP	509	4517	C	0	0	4517	34.9
A_NP	510	4017	A	0	0	4017	36.5
A_NP	511	4367	A	0	0	4367	37.9
A_NP	512	4212	C	0	0	4212	35.0
A_NP	513	4100	C	0	0	4100	34.5
A_NP	514	4645	C	0	0	4645	35.6
A_NP	515	4621	T	0	0	4621	36.8
A_NP	516	4631	C	0	0	4631	36.1
A_NP	517	4154	C	0	0	4154	37.0
A_NP	518	4570	C	0	0	4570	35.7
A_NP	519	4331	T	0	0	4331	36.3
A_NP	520	4471	A	0	0	4471	35.5
A_NP	521	5124	G	0	0	5124	37.4
A_NP	522	4656	G	0	0	4656	36.8
A_NP	523	4454	A	0	0	4454	37.5
A_NP	524	4414	G	0	0	4414	36.6
A_NP	525	5468	A	0	0	5468	34.2
A_NP	526	4295	T	0	0	4295	34.1
A_NP	527	4667	C	0	0	4667	37.9
A_NP	528	4350	C	0	0	4350	36.0
A_NP	529	4760	G	0	0	4760	35.5
A_NP	530	4081	G	0	0	4081	36.9
A_NP	531	4481	G	0	0	4481	36.4
A_NP	532	4331	G	0	0	4331	35.4
A_NP	533	4367	C	0	0	4367	36.3
A_NP	534	4131	T	0	0	4131	37.3
A_NP	535	4201	G	0	0	4201	37.2
A_NP	536	4169	C	0	0	4169	37.7
A_NP	537	4650	T	0	0	4650	36.1
A_NP	538	4552	G	0	0	4552	35.6
A_NP	539	4694	G	0	0	4694	36.3
A_NP	540	4092	A	0	0	4092	35.0
A_NP	541	4455	G	0	0	4455	34.7
A_NP	542	4727	C	0	0	4727	34.2
A_NP	543	4664	A	0	0	4664	37.8
A_NP	544	4431	G	0	0	4431	36.7
A_NP	545	4752	C	0	0	4752	37.1
A_NP	546	4652	A	0	0	4652	34.3
A_NP	547	5406	G	0	0	5406	35.2
A_NP	548	4611	T	0	0	4611	36.4
A_NP	549	4607	G	0	0	4607	36.8
A_NP	550	5006	A	0	0	5006	36.5
A_NP	551	4544	A	0	0	4544	35.9
A_NP	552	4273	A	0	0	4273	37.4
A_NP	553	4335	G	0	0	4335	37.6
A_NP	554	4577	G	0	0	4577	36.5
A_NP	555	4597	A	0	0	4597	35.7
A_NP	556	5271	G	0	0	5271	36.6
A_NP	557	4465	T	0	0	4465	37.8
A_NP	558	4666	T	0	0	4666	34.5
A_NP	559	4673	G	0	0	4673	37.2
A_NP	560	4917	G	0	0	4917	34.2
A_NP	561	4554	A	0	0	4554	37.4
A_NP	562	4351	A	0	0	4351	37.7
A_NP	563	4837	C	0	0	4837	37.7
A_NP	564	4327	A	0	0	4327	38.0
A_NP	565	4366	A	0	0	4366	34.5
A_NP	566	4481	T	0	0	4481	36.8
A_NP	567	4528	G	0	0	4528	37.1
A_NP	568	4691	G	0	0	4691	37.1
A_NP	569	4910	T	0	0	4910	37.5
A_NP	570	4402	G	0	0	4402	35.7
A_NP	571	4267	A	0	0	4267	36.3
A_NP	572	4504	T	0	0	4504	35.5
A_NP	573	4128	G	0	0	4128	36.8
A_NP	574	4702	G	0	0	4702	37.2
A_NP	575	4554	A	0	0	4554	34.9
A_NP	576	4451	A	0	0	4451	35.0
A_NP	577	4549	C	0	0	4549	37.7
A_NP	578	4246	T	0	0	4246	34.1
A_NP	579	4405	A	0	0	4405	37.2
A_NP	580	4626	A	0	0	4626	37.9
A_NP	581	4276	T	0	0	4276	36.1
A_NP	582	3986	T	0	0	3986	36.8
A_NP	583	4292	C	0	0	4292	37.1
A_NP	584	4578	G	0	0	4578	34.1
A_NP	585	4285	A	0	0	4285	34.3
A_NP	586	4937	A	0	0	4937	34.4
A_NP	587	4610	T	0	0	4610	34.1
A_NP	588	4384	G	0	0	4384	35.1
A_NP	589	3976	A	0	0	3976	37.1
A_NP	590	4244	T	0	0	4244	36.8
A_NP	591	4177	C	0	0	4177	37.5
A_NP	592	3951	A	0	0	3951	37.6
A_NP	593	4511	A	0	0	4511	36.1
A_NP	594	4090	A	0	0	4090	35.3
A_NP	595	4230	C	0	0	4230	36.6
A_NP	596	4017	G	0	0	4017	37.1
A_NP	597	4249	A	0	0	4249	34.0
A_NP	598	4380	G	0	0	4380	36.1
A_NP	599	4222	G	0	0	4222	36.9
A_NP	600	4157	G	0	0	4157	34.5
A_NP	601	3484	A	0	0	3484	34.5
A_NP	602	4407	T	0	0	4407	37.0
A_NP	603	4377	C	0	0	4377	35.1
A_NP	604	3878	A	0	0	3878	35.4
A_NP	605	4218	A	0	0	4218	35.7
A_NP	606	3962	T	0	0	3962	36.0
A_NP	607	4263	G	0	0	4263	37.5
A_NP	608	4483	A	0	0	4483	35.1
A_NP	609	4196	T	0	0	4196	35.8
A_NP	610	4398	C	0	0	4398	36.5
A_NP	611	4637	G	0	0	4637	35.0
A_NP	612	4317	G	0	0	4317	37.4
A_NP	613	4106	A	0	0	4106	36.7
A_NP	614	4358	A	0	0	4358	37.5
A_NP	615	3958	T	0	0	3958	36.0
A_NP	616	4335	T	0	0	4335	37.6
A_NP	617	4248	T	0	0	4248	36.2
A_NP	618	4357	C	0	0	4357	34.4
A_NP	619	4348	T	0	0	4348	37.3
A_NP	620	4449	G	0	0	4449	36.7
A_NP	621	4050	G	0	0	4050	37.1
A_NP	622	4464	A	0	0	4464	35.4
A_NP	623	3944	G	0	0	3944	35.9
A_NP	624	4188	A	0	0	4188	35.4
A_NP	625	4222	G	0	0	4222	36.2
A_NP	626	4458	G	0	0	4458	35.2
A_NP	627	4628	C	0	0	4628	35.9
A_NP	628	4226	G	0	0	4226	35.5
A_NP	629	4673	A	0	0	4673	36.8
A_NP	630	4071	A	0	0	4071	37.5
A_NP	631	4320	A	0	0	4320	36.9
A_NP	632	4224	A	0	0	4224	35.3
A_NP	633	4909	C	0	0	4909	35.2
A_NP	634	4693	G	0	0	4693	35.4
A_NP	635	4882	G	0	0	4882	35.0
A_NP	636	4576	T	0	0	4576	35.1
A_NP	637	4480	C	0	0	4480	35.1
A_NP	638	4575	G	0	0	4575	36.1
A_NP	639	3758	G	0	0	3758	36.4
A_NP	640	4841	A	0	0	4841	36.1
A_NP	641	4598	G	0	0	4598	34.1
A_NP	642	4307	A	0	0	4307	35.5
A_NP	643	4760	A	0	0	4760	36.3
A_NP	644	4724	C	0	0	4724	36.5
A_NP	645	4711	C	0	0	4711	35.9
A_NP	646	4220	A	0	0	4220	35.6
A_NP	647	4604	G	0	0	4604	35.1
A_NP	648	4320	G	0	0	4320	36.5
A_NP	649	4341	A	0	0	4341	37.6
A_NP	650	4431	T	0	0	4431	36.5
A_NP	651	4205	T	0	0	4205	35.3
A_NP	652	4822	G	0	0	4822	36.3
A_NP	653	4516	C	0	0	4516	36.3
A_NP	654	4846	C	0	0	4846	35.4
A_NP	655	5105	T	0	0	5105	34.9
A_NP	656	4634	A	0	0	4634	34.5
A_NP	657	4511	C	0	0	4511	35.4
A_NP	658	4511	G	0	0	4511	36.4
A_NP	659	4399	A	0	0	4399	37.5
A_NP	660	4787	G	0	0	4787	36.4
A_NP	661	4291	A	0	0	4291	35.5
A_NP	662	4566	G	0	0	4566	35.6
A_NP	663	4437	A	0	0	4437	35.3
A_NP	664	4617	A	0	0	4617	35.6
A_NP	665	4614	T	0	0	4614	36.7
A_NP	666	4934	G	0	0	4934	35.4
A_NP	667	4722	T	0	0	4722	37.1
A_NP	668	4830	G	0	0	4830	34.6
A_NP	669	4734	C	0	0	4734	36.9
A_NP	670	4692	A	0	0	4692	35.1
A_NP	671	4339	A	0	0	4339	35.2
A_NP	672	4774	C	0	0	4774	36.7
A_NP	673	4965	A	0	0	4965	37.8
A_NP	674	4842	T	0	0	4842	35.5
A_NP	675	5228	C	0	0	5228	36.7
A_NP	676	4934	C	0	0	4934	36.6
A_NP	677	4951	T	0	0	4951	35.2
A_NP	678	5749	C	0	0	5749	37.4
A_NP	679	5569	A	0	0	5569	35.2
A_NP	680	4772	A	0	0	4772	37.8
A_NP	681	5509	G	0	0	5509	38.0
A_NP	682	5260	G	0	0	5260	34.7
A_NP	683	4738	G	0	0	4738	36.2
A_NP	684	4903	A	0	0	4903	37.4
A_NP	685	5054	A	0	0	5054	36.5
A_NP	686	4889	A	0	0	4889	35.4
A_NP	687	5479	G	0	0	5479	36.5
A_NP	688	5139	T	0	0	5139	37.9
A_NP	689	5199	T	0	0	5199	37.5
A_NP	690	5559	C	0	0	5559	35.2
A_NP	691	5202	C	0	0	5202	35.0
A_NP	692	5021	A	0	0	5021	36.1
A_NP	693	5573	A	0	0	5573	36.0
A_NP	694	5009	A	0	0	5009	34.4
A_NP	695	5733	C	0	0	5733	35.6
A_NP	696	5047	A	0	0	5047	36.5
A_NP	697	5714	G	0	0	5714	36.5
A_NP	698	4950	C	0	0	4950	37.9
A_NP	699	5317	A	0	0	5317	34.7
A_NP	700	5763	G	0	0	5763	36.6
A_NP	701	5196	C	0	0	5196	36.7
A_NP	702	5465	A	0	0	5465	37.1
A_NP	703	5588	C	0	0	5588	37.4
A_NP	704	5275	A	0	0	5275	36.6
A_NP	705	5374	A	0	0	5374	34.5
A_NP	706	4798	C	0	0	4798	37.4
A_NP	707	5998	G	0	0	5998	37.6
A_NP	708	5681	G	0	0	5681	36.4
A_NP	709	5405	G	0	0	5405	35.3
A_NP	710	5963	C	0	0	5963	35.3
A_NP	711	4949	A	0	0	4949	37.4
A_NP	712	5245	A	0	0	5245	37.4
A_NP	713	5087	T	0	0	5087	37.6
A_NP	714	5255	G	0	0	5255	34.2
A_NP	715	5273	A	0	0	5273	37.4
A_NP	716	5429	T	0	0	5429	35.7
A_NP	717	5597	G	0	0	5597	34.7
A_NP	718	5265	G	0	0	5265	35.3
A_NP	719	5509	A	0	0	5509	37.2
A_NP	720	5576	C	0	0	5576	37.2
A_NP	721	4947	C	0	0	4947	34.5
A_NP	722	5442	A	0	0	5442	35.5
A_NP	723	6060	A	0	0	6060	35.8
A_NP	724	5378	G	0	0	5378	36.4
A_NP	725	5188	T	0	0	5188	37.2
A_NP	726	5530	G	0	0	5530	35.8
A_NP	727	5156	A	0	0	5156	37.6
A_NP	728	5785	G	0	0	5785	35.1
A_NP	729	5521	A	0	0	5521	37.2
A_NP	730	5610	G	0	0	5610	37.9
A_NP	731	5406	A	0	0	5406	34.6
A_NP	732	5546	A	0	0	5546	36.0
A_NP	733	5868	A	0	0	5868	35.9
A_NP	734	4981	G	0	0	4981	34.3
A_NP	735	5136	C	0	0	5136	37.3
A_NP	736	5427	C	0	0	5427	36.4
A_NP	737	5037	G	0	0	5037	37.3
A_NP	738	5144	G	0	0	5144	37.1
A_NP	739	4933	A	0	0	4933	36.8
A_NP	740	5526	A	0	0	5526	34.5
A_NP	741	5108	T	0	0	5108	36.2
A_NP	742	5530	C	0	0	5530	36.6
A_NP	743	5733	C	0	0	5733	34.3
A_NP	744	5151	T	0	0	5151	37.1
A_NP	745	4899	G	0	0	4899	36.6
A_NP	746	5072	G	0	0	5072	37.2
A_NP	747	5185	G	0	0	5185	35.3
A_NP	748	5227	A	0	0	5227	36.3
A_NP	749	5064	A	0	0	5064	37.4
A_NP	750	5093	T	0	0	5093	37.5
A_NP	751	5933	G	0	0	5933	35.2
A_NP	752	4923	C	0	0	4923	37.7
A_NP	753	4974	T	0	0	4974	36.4
A_NP	754	4856	G	0	0	4856	36.5
A_NP	755	4690	A	0	0	4690	36.0
A_NP	756	4996	A	0	0	4996	37.5
A_NP	757	5331	A	0	0	5331	36.1
A_NP	758	4968	T	0	0	4968	36.8
A_NP	759	4856	T	0	0	4856	37.0
A_NP	760	4369	G	0	0	4369	37.9
A_NP	761	4631	A	0	0	4631	37.7
A_NP	762	4702	A	0	0	4702	37.7
A_NP	763	4882	G	0	0	4882	36.9
A_NP	764	5181	A	0	0	5181	35.4
A_NP	765	5084	T	0	0	5084	34.1
A_NP	766	4409	C	0	0	4409	37.2
A_NP	767	4708	T	0	0	4708	34.8
A_NP	768	4273	C	0	0	4273	35.5
A_NP	769	4725	A	0	0	4725	37.0
A_NP	770	4932	T	0	0	4932	37.4
A_NP	771	4668	C	0	0	4668	37.5
A_NP	772	4403	T	0	0	4403	36.8
A_NP	773	4507	T	0	0	4507	37.6
A_NP	774	4708	T	0	0	4708	34.2
A_NP	775	4923	C	0	0	4923	37.2
A_NP	776	4418	T	0	0	4418	34.1
A_NP	777	4557	C	0	0	4557	35.5
A_NP	778	4770	G	0	0	4770	37.1
A_NP	779	3966	C	0	0	3966	37.8
A_NP	780	4031	A	0	0	4031	35.2
A_NP	781	4234	C	0	0	4234	34.2
A_NP	782	4102	G	0	0	4102	35.6
A_NP	783	4279	A	0	0	4279	36.9
A_NP	784	4596	T	0	0	4596	34.4
A_NP	785	4027	C	0	0	4027	34.7
A_NP	786	4270	T	0	0	4270	35.3
A_NP	787	4391	G	0	0	4391	34.2
A_NP	788	4155	C	0	0	4155	35.1
A_NP	789	4233	T	0	0	4233	36.5
A_NP	790	3938	C	0	0	3938	37.6
A_NP	791	3621	T	0	0	3621	37.8
A_NP	792	3985	C	0	0	3985	34.3
A_NP	793	4199	A	0	0	4199	35.5
A_NP	794	4045	T	0	0	4045	36.9
A_NP	795	4001	C	0	0	4001	35.9
A_NP	796	3779	C	0	0	3779	37.3
A_NP	797	3629	T	0	0	3629	34.7
A_NP	798	3853	G	0	0	3853	34.0
A_NP	799	4042	A	0	0	4042	36.3
A_NP	800	3797	G	0	0	3797	34.7
A_NP	801	3675	G	0	0	3675	36.7
A_NP	802	3552	G	0	0	3552	34.0
A_NP	803	4017	G	0	0	4017	37.9
A_NP	804	3385	A	0	0	3385	36.2
A_NP	805	3701	T	0	0	3701	34.6
A_NP	806	3647	C	0	0	3647	36.3
A_NP	807	3733	A	0	0	3733	37.8
A_NP	808	3441	G	0	0	3441	37.6
A_NP	809	3552	T	0	0	3552	38.0
A_NP	810	3463	G	0	0	3463	37.3
A_NP	811	3471	G	0	0	3471	37.9
A_NP	812	3546	C	0	0	3546	38.0
A_NP	813	3257	T	0	0	3257	35.8
A_NP	814	3571	C	0	0	3571	36.2
A_NP	815	3271	A	0	0	3271	36.7
A_NP	816	3233	T	0	0	3233	34.0
A_NP	817	3614	A	0	0	3614	37.0
A_NP	818	3355	A	0	0	3355	38.0
A_NP	819	3351	G	0	0	3351	37.4
A_NP	820	3512	T	0	0	3512	36.0
A_NP	821	3222	C	0	0	3222	38.0
A_NP	822	3227	C	0	0	3227	36.8
A_NP	823	3432	T	0	0	3432	37.8
A_NP	824	3353	G	0	0	3353	36.1
A_NP	825	3503	T	0	0	3503	35.7
A_NP	826	3163	C	0	0	3163	36.6
A_NP	827	3341	T	0	0	3341	37.6
A_NP	828	3352	G	0	0	3352	35.1
A_NP	829	3290	C	0	0	3290	36.3
A_NP	830	2898	C	0	0	2898	34.6
A_NP	831	2961	T	0	0	2961	36.3
A_NP	832	3297	G	0	0	3297	35.1
A_NP	833	3164	C	0	0	3164	35.1
A_NP	834	2847	T	0	0	2847	36.0
A_NP	835	3051	T	0	0	3051	36.5
A_NP	836	3183	G	0	0	3183	34.8
A_NP	837	3213	C	0	0	3213	36.3
A_NP	838	2840	G	0	0	2840	34.4
A_NP	839	3421	T	0	0	3421	35.4
A_NP	840	2888	A	0	0	2888	36.5
A_NP	841	3151	T	0	0	3151	34.3
A_NP	842	3093	A	0	0	3093	36.2
A_NP	843	2727	T	0	0	2727	35.3
A_NP	844	2935	G	0	0	2935	35.8
A_NP	845	3091	G	0	0	3091	34.1
A_NP	846	2949	A	0	0	2949	37.1
A_NP	847	2949	C	0	0	2949	37.6
A_NP	848	2827	T	0	0	2827	34.3
A_NP	849	3207	T	0	0	3207	34.5
A_NP	850	3164	G	0	0	3164	34.6
A_NP	851	3126	C	0	0	3126	36.2
A_NP	852	2959	T	0	0	2959	37.9
A_NP	853	2902	G	0	0	2902	34.2
A_NP	854	2777	T	0	0	2777	37.8
A_NP	855	2681	A	0	0	2681	34.9
A_NP	856	2803	G	0	0	2803	37.8
A_NP	857	3026	C	0	0	3026	36.5
A_NP	858	3204	C	0	0	3204	38.0
A_NP	859	2521	A	0	0	2521	34.5
A_NP	860	2901	G	0	0	2901	36.0
A_NP	861	2947	T	0	0	2947	36.9
A_NP	862	3052	G	0	0	3052	36.4
A_NP	863	3042	G	0	0	3042	34.4
A_NP	864	2984	A	0	0	2984	36.6
A_NP	865	3079	T	0	0	3079	37.0
A_NP	866	2675	A	0	0	2675	36.0
A_NP	867	3035	T	0	0	3035	37.0
A_NP	868	3050	G	0	0	3050	36.7
A_NP	869	2985	A	0	0	2985	37.1
A_NP	870	3210	C	0	0	3210	34.2
A_NP	871	3192	T	0	0	3192	35.1
A_NP	872	3022	T	0	0	3022	35.2
A_NP	873	2928	T	0	0	2928	35.1
A_NP	874	3234	G	0	0	3234	36.4
A_NP	875	2870	A	0	0	2870	34.7
A_NP	876	3120	A	0	0	3120	35.1
A_NP	877	3025	A	0	0	3025	37.0
A_NP	878	3241	G	0	0	3241	34.3
A_NP	879	3296	A	0	0	3296	36.9
A_NP	880	3133	G	0	0	3133	34.4
A_NP	881	3127	A	0	0	3127	36.7
A_NP	882	2867	G	0	0	2867	36.9
A_NP	883	3271	G	0	0	3271	37.8
A_NP	884	2908	G	0	0	2908	36.9
A_NP	885	3236	A	0	0	3236	36.5
A_NP	886	3113	T	0	0	3113	35.7
A_NP	887	3227	A	0	0	3227	34.3
A_NP	888	3013	T	0	0	3013	37.9
A_NP	889	3107	T	0	0	3107	37.9
A_NP	890	3475	C	0	0	3475	37.7
A_NP	891	3226	T	0	0	3226	37.8
A_NP	892	3318	C	0	0	3318	37.8
A_NP	893	3040	T	0	0	3040	35.3
A_NP	894	3221	A	0	0	3221	37.1
A_NP	895	3170	G	0	0	3170	37.8
A_NP	896	3315	T	0	0	3315	34.5
A_NP	897	3585	C	0	0	3585	35.5
A_NP	898	3362	G	0	0	3362	35.4
A_NP	899	3724	G	0	0	3724	37.7
A_NP	900	3062	A	0	0	3062	36.6
A_NP	901	3676	A	0	0	3676	35.4
A_NP	902	3399	T	0	0	3399	34.6
A_NP	903	3405	T	0	0	3405	37.3
A_NP	904	3707	G	0	0	3707	37.7
A_NP	905	3352	A	0	0	3352	37.8
A_NP	906	3617	T	0	0	3617	37.8
A_NP	907	3501	C	0	0	3501	35.2
A_NP	908	3609	C	0	0	3609	34.4
A_NP	909	3425	T	0	0	3425	34.4
A_NP	910	3405	T	0	0	3405	37.3
A_NP	911	3545	T	0	0	3545	36.0
A_NP	912	3647	C	0	0	3647	37.4
A_NP	913	3716	C	0	0	3716	36.6
A_NP	914	3381	G	0	0	3381	34.7
A_NP	915	3417	T	0	0	3417	35.2
A_NP	916	3729	C	0	0	3729	37.4
A_NP	917	3905	T	0	0	3905	35.4
A_NP	918	3604	G	0	0	3604	35.6
A_NP	919	3400	C	0	0	3400	37.6
A_NP	920	3412	T	0	0	3412	36.2
A_NP	921	3399	C	0	0	3399	34.3
A_NP	922	3276	C	0	0	3276	35.8
A_NP	923	3824	A	0	0	3824	36.7
A_NP	924	3650	A	0	0	3650	37.4
A_NP	925	3715	A	0	0	3715	36.7
A_NP	926	3853	A	0	0	3853	36.2
A_NP	927	4082	C	0	0	4082	36.1
A_NP	928	3518	A	0	0	3518	37.5
A_NP	929	3605	G	0	0	3605	35.6
A_NP	930	3805	C	0	0	3805	36.2
A_NP	931	3569	C	0	0	3569	35.7
A_NP	932	3675	A	0	0	3675	34.5
A_NP	933	3814	A	0	0	3814	36.9
A_NP	934	3720	G	0	0	3720	37.9
A_NP	935	3876	T	0	0	3876	35.6
A_NP	936	4159	C	0	0	4159	34.2
A_NP	937	3820	T	0	0	3820	35.5
A_NP	938	3723	T	0	0	3723	36.6
A_NP	939	4274	C	0	0	4274	35.6
A_NP	940	3623	A	0	0	3623	36.5
A_NP	941	3816	G	0	0	3816	37.9
A_NP	942	3786	T	0	0	3786	37.9
A_NP	943	3074	C	0	0	3074	37.2
A_NP	944	3871	T	0	0	3871	34.9
A_NP	945	4040	C	0	0	4040	34.6
A_NP	946	3680	A	0	0	3680	34.7
A_NP	947	4175	T	0	0	4175	34.4
A_NP	948	4059	C	0	0	4059	36.8
A_NP	949	3925	A	0	0	3925	35.7
A_NP	950	3990	G	0	0	3990	37.8
A_NP	951	4042	A	0	0	4042	37.0
A_NP	952	3694	C	0	0	3694	34.3
A_NP	953	4040	C	0	0	4040	36.8
A_NP	954	3830	G	0	0	3830	36.1
A_NP	955	3701	A	0	0	3701	35.2
A_NP	956	4198	A	0	0	4198	36.7
A_NP	957	3792	C	0	0	3792	34.6
A_NP	958	3565	G	0	0	3565	34.7
A_NP	959	3974	A	0	0	3974	34.4
A_NP	960	3625	A	0	0	3625	36.5
A_NP	961	3775	A	0	0	3775	36.5
A_NP	962	3695	A	0	0	3695	36.4
A_NP	963	3778	T	0	0	3778	36.8
A_NP	964	3712	C	0	0	3712	35.1
A_NP	965	3702	C	0	0	3702	34.5
A_NP	966	3697	A	0	0	3697	34.4
A_NP	967	3947	G	0	0	3947	34.6
A_NP	968	3869	C	0	0	3869	37.0
A_NP	969	4173	T	0	0	4173	34.0
A_NP	970	4043	C	0	0	4043	37.1
A_NP	971	4114	A	0	0	4114	35.7
A_NP	972	3691	T	0	0	3691	34.8
A_NP	973	4033	A	0	0	4033	35.5
A_NP	974	3579	A	0	0	3579	37.9
A_NP	975	3599	A	0	0	3599	37.9
A_NP	976	3296	A	0	0	3296	36.6
A_NP	977	3814	G	0	0	3814	35.3
A_NP	978	3501	T	0	0	3501	37.7
A_NP	979	3604	C	0	0	3604	37.1
A_NP	980	3626	A	0	0	3626	36.5
A_NP	981	3885	G	0	0	3885	35.9
A_NP	982	3780	C	0	0	3780	36.9
A_NP	983	3496	T	0	0	3496	37.4
A_NP	984	3810	G	0	0	3810	35.5
A_NP	985	3680	G	0	0	3680	35.3
A_NP	986	4201	T	0	0	4201	37.8
A_NP	987	3773	A	0	0	3773	35.5
A_NP	988	3917	T	0	0	3917	35.1
A_NP	989	3907	G	0	0	3907	36.3
A_NP	990	3517	G	0	0	3517	34.9
A_NP	991	3389	A	0	0	3389	36.6
A_NP	992	3640	T	0	0	3640	36.1
A_NP	993	3813	G	0	0	3813	35.9
A_NP	994	3972	G	0	0	3972	36.8
A_NP	995	3470	C	0	0	3470	37.0
A_NP	996	3349	A	0	0	3349	37.9
A_NP	997	3740	T	0	0	3740	34.5
A_NP	998	3391	G	0	0	3391	36.2
A_NP	999	3988	C	0	0	3988	35.3
A_NP	1000	3574	C	0	0	3574	37.0
A_NP	1001	3967	A	0	0	3967	35.1
A_NP	1002	3826	C	0	0	3826	36.0
A_NP	1003	3611	T	0	0	3611	34.3
A_NP	1004	3473	C	0	0	3473	36.2
A_NP	1005	3707	T	0	0	3707	35.2
A_NP	1006	3835	G	0	0	3835	37.9
A_NP	1007	3675	C	0	0	3675	36.8
A_NP	1008	3826	G	0	0	3826	34.6
A_NP	1009	3664	G	0	0	3664	36.1
A_NP	1010	3687	C	0	0	3687	35.7
A_NP	1011	3790	A	0	0	3790	35.4
A_NP	1012	3516	T	0	0	3516	36.9
A_NP	1013	3862	T	0	0	3862	37.8
A_NP	1014	3601	T	0	0	3601	35.4
A_NP	1015	3377	G	0	0	3377	34.0
A_NP	1016	3343	A	0	0	3343	36.9
A_NP	1017	3490	G	0	0	3490	36.6
A_NP	1018	3620	G	0	0	3620	37.2
A_NP	1019	3369	A	0	0	3369	37.2
A_NP	1020	3418	T	0	0	3418	36.4
A_NP	1021	3868	C	0	0	3868	34.9
A_NP	1022	3684	T	0	0	3684	36.6
A_NP	1023	3423	G	0	0	3423	37.3
A_NP	1024	3859	A	0	0	3859	37.5
A_NP	1025	3509	G	0	0	3509	35.8
A_NP	1026	3211	A	0	0	3211	36.3
A_NP	1027	3477	G	0	0	3477	37.5
A_NP	1028	2850	T	0	0	2850	36.6
A_NP	1029	3781	G	0	0	3781	35.1
A_NP	1030	3090	T	0	0	3090	34.5
A_NP	1031	3408	C	0	0	3408	36.4
A_NP	1032	3432	A	0	0	3432	37.8
A_NP	1033	3449	A	0	0	3449	37.3
A_NP	1034	3478	G	0	0	3478	37.3
A_NP	1035	3485	C	0	0	3485	36.6
A_NP	1036	3190	T	0	0	3190	35.3
A_NP	1037	3685	T	0	0	3685	36.6
A_NP	1038	3850	C	0	0	3850	36.6
A_NP	1039	3643	A	0	0	3643	37.0
A_NP	1040	3738	T	0	0	3738	37.9
A_NP	1041	3748	C	0	0	3748	34.5
A_NP	1042	3479	A	0	0	3479	34.1
A_NP	1043	3509	G	0	0	3509	34.9
A_NP	1044	3435	A	0	0	3435	35.5
A_NP	1045	3787	G	0	0	3787	34.0
A_NP	1046	3471	G	0	0	3471	34.8
A_NP	1047	3873	G	0	0	3873	34.2
A_NP	1048	3782	A	0	0	3782	36.2
A_NP	1049	3689	C	0	0	3689	36.6
A_NP	1050	3774	A	0	0	3774	35.6
A_NP	1051	3660	A	0	0	3660	34.6
A_NP	1052	3362	G	0	0	3362	34.5
A_NP	1053	3754	A	0	0	3754	36.3
A_NP	1054	3948	G	0	0	3948	36.7
A_NP	1055	3511	T	0	0	3511	35.7
A_NP	1056	3651	A	0	0	3651	34.2
A_NP	1057	3574	G	0	0	3574	37.0
A_NP	1058	3900	T	0	0	3900	34.5
A_NP	1059	3841	C	0	0	3841	34.4
A_NP	1060	4287	C	0	0	4287	36.2
A_NP	1061	3299	C	0	0	3299	36.3
A_NP	1062	3910	A	0	0	3910	35.8
A_NP	1063	3593	A	0	0	3593	37.4
A_NP	1064	3823	G	0	0	3823	34.9
A_NP	1065	3611	A	0	0	3611	35.8
A_NP	1066	3612	G	0	0	3612	37.2
A_NP	1067	3605	G	0	0	3605	37.9
A_NP	1068	3711	A	0	0	3711	34.8
A_NP	1069	3457	C	0	0	3457	37.5
A_NP	1070	3740	A	0	0	3740	36.4
A_NP	1071	3976	A	0	0	3976	35.5
A_NP	1072	3768	C	0	0	3768	36.6
A_NP	1073	4233	T	0	0	4233	37.8
A_NP	1074	4451	G	0	0	4451	37.3
A_NP	1075	4011	T	0	0	4011	36.1
A_NP	1076	4089	C	0	0	4089	34.1
A_NP	1077	3644	C	0	0	3644	36.3
A_NP	1078	3967	A	0	0	3967	35.8
A_NP	1079	4408	C	0	0	4408	34.5
A_NP	1080	4337	C	0	0	4337	34.6
A_NP	1081	4142	A	0	0	4142	35.4
A_NP	1082	4377	G	0	0	4377	34.4
A_NP	1083	4091	A	0	0	4091	35.6
A_NP	1084	4554	G	0	0	4554	37.0
A_NP	1085	4271	G	0	0	4271	36.6
A_NP	1086	4094	A	0	0	4094	37.8
A_NP	1087	4380	G	0	0	4380	35.0
A_NP	1088	4508	T	0	0	4508	34.6
A_NP	1089	4781	T	0	0	4781	34.4
A_NP	1090	4488	C	0	0	4488	37.8
A_NP	1091	4793	A	0	0	4793	35.1
A_NP	1092	4335	G	0	0	4335	35.0
A_NP	1093	4956	A	0	0	4956	36.8
A_NP	1094	4505	T	0	0	4505	37.3
A_NP	1095	4588	T	0	0	4588	34.6
A_NP	1096	5082	G	0	0	5082	35.1
A_NP	1097	4918	C	0	0	4918	37.5
A_NP	1098	4911	T	0	0	4911	36.9
A_NP	1099	4347	T	0	0	4347	35.0
A_NP	1100	4673	C	0	0	4673	37.0
A_NP	1101	4731	A	0	0	4731	34.8
A_NP	1102	4980	A	0	0	4980	36.6
A_NP	1103	4469	A	0	0	4469	35.5
A_NP	1104	4586	T	0	0	4586	37.5
A_NP	1105	5335	G	0	0	5335	34.8
A_NP	1106	4858	A	0	0	4858	36.0
A_NP	1107	4958	A	0	0	4958	35.3
A_NP	1108	4620	A	0	0	4620	37.4
A_NP	1109	4959	A	0	0	4959	34.1
A_NP	1110	5138	C	0	0	5138	35.5
A_NP	1111	5371	A	0	0	5371	37.6
A_NP	1112	5067	T	0	0	5067	37.4
A_NP	1113	5089	G	0	0	5089	36.2
A_NP	1114	4849	G	0	0	4849	34.5
A_NP	1115	4780	A	0	0	4780	37.6
A_NP	1116	5217	G	0	0	5217	35.6
A_NP	1117	4904	A	0	0	4904	34.2
A_NP	1118	4970	C	0	0	4970	37.0
A_NP	1119	4931	A	0	0	4931	37.3
A_NP	1120	4879	A	0	0	4879	34.0
A_NP	1121	5187	T	0	0	5187	34.1
A_NP	1122	5488	G	0	0	5488	37.3
A_NP	1123	5316	G	0	0	5316	36.5
A_NP	1124	5293	A	0	0	5293	35.7
A_NP	1125	5052	C	0	0	5052	37.5
A_NP	1126	4996	T	0	0	4996	37.0
A_NP	1127	5230	C	0	0	5230	35.3
A_NP	1128	5817	C	0	0	5817	34.3
A_NP	1129	5469	A	0	0	5469	34.0
A_NP	1130	5630	G	0	0	5630	34.8
A_NP	1131	6349	T	0	0	6349	36.8
A_NP	1132	5512	A	0	0	5512	34.6
A_NP	1133	5152	C	0	0	5152	34.8
A_NP	1134	5950	T	0	0	5950	35.8
A_NP	1135	6202	C	0	0	6202	37.3
A_NP	1136	4935	T	0	0	4935	37.8
A_NP	1137	5416	T	0	0	5416	34.6
A_NP	1138	5495	G	0	0	5495	36.7
A_NP	1139	5049	A	0	0	5049	34.3
A_NP	1140	5576	A	0	0	5576	36.3
A_NP	1141	5254	C	0	0	5254	35.6
A_NP	1142	5329	T	0	0	5329	34.6
A_NP	1143	5726	G	0	0	5726	37.8
A_NP	1144	5831	A	0	0	5831	37.6
A_NP	1145	5584	G	0	0	5584	36.8
A_NP	1146	5696	G	0	0	5696	35.1
A_NP	1147	5440	A	0	0	5440	36.8
A_NP	1148	5719	G	0	0	5719	35.3
A_NP	1149	5483	C	0	0	5483	34.9
A_NP	1150	5229	A	0	0	5229	37.1
A_NP	1151	5609	G	0	0	5609	35.5
A_NP	1152	5977	A	0	0	5977	36.8
A_NP	1153	5586	T	0	0	5586	37.6
A_NP	1154	5480	A	0	0	5480	37.9
A_NP	1155	5112	C	0	0	5112	34.8
A_NP	1156	6232	T	0	0	6232	35.4
A_NP	1157	5618	G	0	0	5618	35.2
A_NP	1158	5319	G	0	0	5319	37.1
A_NP	1159	5526	G	0	0	5526	37.8
A_NP	1160	5755	C	0	0	5755	37.3
A_NP	1161	5837	T	0	0	5837	34.1
A_NP	1162	6023	A	0	0	6023	35.8
A_NP	1163	6117	T	0	0	6117	34.8
A_NP	1164	5680	A	0	0	5680	34.3
A_NP	1165	5261	A	0	0	5261	36.5
A_NP	1166	5739	G	0	0	5739	37.5
A_NP	1167	5673	A	0	0	5673	35.4
A_NP	1168	5466	A	0	0	5466	37.6
A_NP	1169	5275	C	0	0	5275	35.6
A_NP	1170	6229	A	0	0	6229	37.9
A_NP	1171	5492	A	0	0	5492	35.3
A_NP	1172	5806	G	0	0	5806	35.5
A_NP	1173	5185	A	0	0	5185	35.1
A_NP	1174	5240	A	0	0	5240	35.3
A_NP	1175	5776	G	0	0	5776	35.6
A_NP	1176	4907	T	0	0	4907	34.8
A_NP	1177	5313	G	0	0	5313	37.4
A_NP	1178	5301	G	0	0	5301	36.1
A_NP	1179	5563	A	0	0	5563	34.1
A_NP	1180	5470	G	0	0	5470	34.9
A_NP	1181	5725	G	0	0	5725	35.9
A_NP	1182	5404	A	0	0	5404	37.5
A_NP	1183	5279	A	0	0	5279	35.0
A_NP	1184	5822	A	0	0	5822	37.6
A_NP	1185	5281	C	0	0	5281	36.1
A_NP	1186	6190	A	0	0	6190	36.5
A_NP	1187	5199	C	0	0	5199	36.1
A_NP	1188	5480	T	0	0	5480	35.0
A_NP	1189	5978	A	0	0	5978	34.3
A_NP	1190	5278	A	0	0	5278	35.9
A_NP	1191	5376	C	0	0	5376	35.3
A_NP	1192	5564	C	0	0	5564	36.0
A_NP	1193	5176	A	0	0	5176	36.8
A_NP	1194	4647	A	0	0	4647	34.1
A_NP	1195	5073	C	0	0	5073	35.7
A_NP	1196	5096	A	0	0	5096	34.1
A_NP	1197	4680	G	0	0	4680	37.2
A_NP	1198	5211	A	0	0	5211	37.6
A_NP	1199	4975	G	0	0	4975	35.5
A_NP	1200	5198	A	0	0	5198	36.6
A_NP	1201	5041	G	0	0	5041	34.3
A_NP	1202	5277	C	0	0	5277	35.9
A_NP	1203	5054	A	0	0	5054	36.1
A_NP	1204	5113	T	0	0	5113	38.0
A_NP	1205	4836	C	0	0	4836	35.2
A_NP	1206	5129	T	0	0	5129	36.5
A_NP	1207	5025	G	0	0	5025	36.7
A_NP	1208	5282	C	0	0	5282	37.2
A_NP	1209	4757	A	0	0	4757	37.2
A_NP	1210	4909	G	0	0	4909	34.1
A_NP	1211	4844	G	0	0	4844	35.6
A_NP	1212	4831	A	0	0	4831	34.0
A_NP	1213	5705	C	0	0	5705	37.1
A_NP	1214	5023	A	0	0	5023	34.8
A_NP	1215	4460	A	0	0	4460	36.5
A_NP	1216	5128	A	0	0	5128	36.8
A_NP	1217	5586	T	0	0	5586	37.7
A_NP	1218	4447	C	0	0	4447	35.5
A_NP	1219	4651	A	0	0	4651	35.4
A_NP	1220	5161	G	0	0	5161	35.7
A_NP	1221	5371	C	0	0	5371	34.7
A_NP	1222	4986	G	0	0	4986	36.4
A_NP	1223	4537	T	0	0	4537	37.4
A_NP	1224	5238	A	0	0	5238	37.0
A_NP	1225	4588	C	0	0	4588	36.5
A_NP	1226	4681	A	0	0	4681	36.9
A_NP	1227	5019	G	0	0	5019	37.8
A_NP	1228	4374	C	0	0	4374	37.0
A_NP	1229	4809	C	0	0	4809	34.1
A_NP	1230	4248	C	0	0	4248	35.0
A_NP	1231	4560	A	0	0	4560	35.4
A_NP	1232	4425	C	0	0	4425	38.0
A_NP	1233	4298	A	0	0	4298	34.8
A_NP	1234	3957	T	0	0	3957	34.9
A_NP	1235	4771	T	0	0	4771	34.2
A_NP	1236	4890	C	0	0	4890	35.5
A_NP	1237	4353	T	0	0	4353	37.5
A_NP	1238	5002	C	0	0	5002	35.6
A_NP	1239	3998	T	0	0	3998	35.6
A_NP	1240	3843	G	0	0	3843	37.9
A_NP	1241	4174	T	0	0	4174	34.2
A_NP	1242	3920	G	0	0	3920	35.8
A_NP	1243	4638	C	0	0	4638	35.3
A_NP	1244	4145	A	0	0	4145	34.8
A_NP	1245	3580	A	0	0	3580	35.2
A_NP	1246	4213	A	0	0	4213	34.3
A_NP	1247	4260	G	0	0	4260	35.4
A_NP	1248	4293	A	0	0	4293	34.2
A_NP	1249	4124	A	0	0	4124	36.2
A_NP	1250	3843	A	0	0	3843	34.8
A_NP	1251	4188	C	0	0	4188	36.1
A_NP	1252	4179	C	0	0	4179	37.6
A_NP	1253	3829	T	0	0	3829	36.2
A_NP	1254	3863	C	0	0	3863	37.2
A_NP	1255	3863	C	0	0	3863	34.8
A_NP	1256	3590	C	0	0	3590	37.6
A_NP	1257	4316	A	0	0	4316	37.3
A_NP	1258	4133	T	0	0	4133	36.7
A_NP	1259	4325	T	0	0	4325	37.4
A_NP	1260	3659	C	0	0	3659	35.7
A_NP	1261	4162	G	0	0	4162	35.8
A_NP	1262	4081	A	0	0	4081	37.9
A_NP	1263	3951	G	0	0	3951	36.9
A_NP	1264	3901	A	0	0	3901	36.8
A_NP	1265	3818	G	0	0	3818	35.7
A_NP	1266	3774	A	0	0	3774	35.6
A_NP	1267	4280	G	0	0	4280	35.8
A_NP	1268	4138	C	0	0	4138	35.8
A_NP	1269	4072	A	0	0	4072	34.8
A_NP	1270	3782	A	0	0	3782	35.4
A_NP	1271	3713	C	0	0	3713	36.7
A_NP	1272	4283	C	0	0	4283	35.2
A_NP	1273	3747	A	0	0	3747	37.1
A_NP	1274	3823	T	0	0	3823	36.6
A_NP	1275	3923	C	0	0	3923	36.4
A_NP	1276	3635	A	0	0	3635	36.3
A_NP	1277	3456	T	0	0	3456	37.4
A_NP	1278	3702	G	0	0	3702	36.7
A_NP	1279	3692	G	0	0	3692	35.1
A_NP	1280	3873	C	0	0	3873	37.7
A_NP	1281	3799	A	0	0	3799	34.4
A_NP	1282	3836	G	0	0	3836	37.2
A_NP	1283	3547	C	0	0	3547	34.3
A_NP	1284	4068	A	0	0	4068	37.0
A_NP	1285	4018	T	0	0	4018	36.7
A_NP	1286	3402	T	0	0	3402	35.2
A_NP	1287	3445	T	0	0	3445	35.6
A_NP	1288	3723	A	0	0	3723	35.8
A_NP	1289	4036	C	0	0	4036	35.3
A_NP	1290	3729	G	0	0	3729	34.0
A_NP	1291	3538	G	0	0	3538	37.6
A_NP	1292	3937	G	0	0	3937	34.7
A_NP	1293	4142	A	0	0	4142	34.0
A_NP	1294	3593	A	0	0	3593	34.4
A_NP	1295	4035	A	0	0	4035	36.9
A_NP	1296	3575	C	0	0	3575	37.7
A_NP	1297	3942	A	0	0	3942	37.7
A_NP	1298	3914	C	0	0	3914	34.7
A_NP	1299	3808	T	0	0	3808	36.8
A_NP	1300	3775	G	0	0	3775	37.0
A_NP	1301	3644	A	0	0	3644	34.1
A_NP	1302	3529	A	0	0	3529	35.7
A_NP	1303	3597	G	0	0	3597	36.6
A_NP	1304	3814	G	0	0	3814	37.7
A_NP	1305	3704	C	0	0	3704	36.5
A_NP	1306	3841	A	0	0	3841	35.3
A_NP	1307	3948	G	0	0	3948	34.8
A_NP	1308	3603	A	0	0	3603	36.5
A_NP	1309	3896	A	0	0	3896	37.5
A_NP	1310	3933	C	0	0	3933	35.2
A_NP	1311	3700	T	0	0	3700	34.3
A_NP	1312	3581	T	0	0	3581	37.3
A_NP	1313	4314	C	0	0	4314	34.2
A_NP	1314	3571	A	0	0	3571	36.8
A_NP	1315	3728	G	0	0	3728	36.7
A_NP	1316	3834	A	0	0	3834	34.3
A_NP	1317	4351	C	0	0	4351	37.1
A_NP	1318	3707	A	0	0	3707	37.9
A_NP	1319	3921	T	0	0	3921	35.9
A_NP	1320	3782	G	0	0	3782	34.2
A_NP	1321	3922	A	0	0	3922	37.1
A_NP	1322	4056	G	0	0	4056	34.1
A_NP	1323	4193	A	0	0	4193	34.2
A_NP	1324	3948	A	0	0	3948	37.5
A_NP	1325	3679	C	0	0	3679	35.6
A_NP	1326	4067	T	0	0	4067	36.8
A_NP	1327	3903	G	0	0	3903	35.5
A_NP	1328	3821	A	0	0	3821	34.9
A_NP	1329	4173	G	0	0	4173	36.8
A_NP	1330	3877	A	0	0	3877	34.7
A_NP	1331	3865	T	0	0	3865	35.0
A_NP	1332	3920	C	0	0	3920	35.0
A_NP	1333	4478	A	0	0	4478	37.8
A_NP	1334	3629	T	0	0	3629	36.1
A_NP	1335	3531	A	0	0	3531	37.6
A_NP	1336	4247	A	0	0	4247	34.2
A_NP	1337	3850	G	0	0	3850	37.6
A_NP	1338	3541	G	0	0	3541	35.1
A_NP	1339	3989	A	0	0	3989	34.2
A_NP	1340	3965	T	0	0	3965	34.8
A_NP	1341	4043	G	0	0	4043	34.1
A_NP	1342	3922	A	0	0	3922	37.0
A_NP	1343	4120	T	0	0	4120	38.0
A_NP	1344	4097	G	0	0	4097	34.9
A_NP	1345	4503	G	0	0	4503	34.8
A_NP	1346	3591	A	0	0	3591	37.5
A_NP	1347	3859	A	0	0	3859	37.5
A_NP	1348	3814	A	0	0	3814	37.8
A_NP	1349	3821	A	0	0	3821	35.8
A_NP	1350	4457	T	0	0	4457	37.7
A_NP	1351	4106	G	0	0	4106	38.0
A_NP	1352	3764	C	0	0	3764	36.6
A_NP	1353	3897	C	0	0	3897	35.4
A_NP	1354	3716	A	0	0	3716	36.6
A_NP	1355	4091	G	0	0	4091	36.8
A_NP	1356	3873	A	0	0	3873	35.5
A_NP	1357	4108	C	0	0	4108	36.0
A_NP	1358	3779	C	0	0	3779	37.6
A_NP	1359	4068	T	0	0	4068	36.7
A_NP	1360	4116	G	0	0	4116	35.5
A_NP	1361	4101	A	0	0	4101	37.1
A_NP	1362	3980	A	0	0	3980	35.4
A_NP	1363	4103	G	0	0	4103	35.7
A_NP	1364	3951	A	0	0	3951	35.7
A_NP	1365	3655	T	0	0	3655	36.1
A_NP	1366	3673	G	0	0	3673	34.7
A_NP	1367	4593	T	0	0	4593	34.3
A_NP	1368	3881	G	0	0	3881	36.2
A_NP	1369	4161	T	0	0	4161	37.4
A_NP	1370	3683	C	0	0	3683	36.9
A_NP	1371	3892	T	0	0	3892	35.4
A_NP	1372	3719	T	0	0	3719	37.6
A_NP	1373	4028	T	0	0	4028	34.4
A_NP	1374	3898	C	0	0	3898	36.6
A_NP	1375	4194	C	0	0	4194	36.1
A_NP	1376	4088	A	0	0	4088	35.8
A_NP	1377	3828	G	0	0	3828	35.7
A_NP	1378	4282	G	0	0	4282	35.7
A_NP	1379	3538	G	0	0	3538	36.3
A_NP	1380	3966	G	0	0	3966	35.7
A_NP	1381	4042	C	0	0	4042	35.4
A_NP	1382	3740	G	0	0	3740	34.0
A_NP	1383	3961	G	0	0	3961	37.6
A_NP	1384	3929	G	0	0	3929	34.9
A_NP	1385	3752	G	0	0	3752	37.1
A_NP	1386	3794	A	0	0	3794	36.5
A_NP	1387	3820	G	0	0	3820	34.2
A_NP	1388	3908	T	0	0	3908	35.3
A_NP	1389	3960	C	0	0	3960	37.7
A_NP	1390	3496	T	0	0	3496	37.0
A_NP	1391	3656	T	0	0	3656	34.1
A_NP	1392	3847	C	0	0	3847	35.2
A_NP	1393	3783	G	0	0	3783	37.9
A_NP	1394	3911	A	0	0	3911	35.1
A_NP	1395	3782	G	0	0	3782	37.2
A_NP	1396	4046	C	0	0	4046	37.8
A_NP	1397	3823	T	0	0	3823	37.3
A_NP	1398	3957	C	0	0	3957	35.0
A_NP	1399	3746	T	0	0	3746	37.9
A_NP	1400	3292	C	0	0	3292	34.9
A_NP	1401	3692	G	0	0	3692	34.4
A_NP	1402	3873	G	0	0	3873	34.7
A_NP	1403	3554	A	0	0	3554	37.4
A_NP	1404	3848	C	0	0	3848	37.1
A_NP	1405	3526	G	0	0	3526	35.8
A_NP	1406	3296	A	0	0	3296	35.8
A_NP	1407	3181	A	0	0	3181	36.0
A_NP	1408	4020	A	0	0	4020	36.6
A_NP	1409	3775	A	0	0	3775	36.8
A_NP	1410	3359	G	0	0	3359	34.9
A_NP	1411	3249	G	0	0	3249	34.1
A_NP	1412	3498	C	0	0	3498	34.2
A_NP	1413	2967	A	0	0	2967	34.9
A_NP	1414	3158	A	0	0	3158	35.5
A_NP	1415	3172	C	0	0	3172	37.6
A_NP	1416	3132	G	0	0	3132	35.1
A_NP	1417	2827	A	0	0	2827	34.5
A_NP	1418	2760	A	0	0	2760	35.5
A_NP	1419	3157	C	0	0	3157	37.9
A_NP	1420	2660	C	0	0	2660	34.9
A_NP	1421	2719	C	0	0	2719	35.9
A_NP	1422	2731	G	0	0	2731	35.3
A_NP	1423	2860	A	0	0	2860	35.5
A_NP	1424	2558	T	0	0	2558	36.2
A_NP	1425	2713	C	0	0	2713	37.3
A_NP	1426	2629	G	0	0	2629	37.3
A_NP	1427	2563	T	0	0	2563	35.8
A_NP	1428	2695	G	0	0	2695	36.0
A_NP	1429	2376	C	0	0	2376	37.6
A_NP	1430	2301	C	0	0	2301	35.4
A_NP	1431	2374	T	0	0	2374	35.7
A_NP	1432	2229	T	0	0	2229	36.8
A_NP	1433	2307	C	0	0	2307	36.6
A_NP	1434	2022	C	0	0	2022	34.9
A_NP	1435	2000	T	0	0	2000	36.1
A_NP	1436	2146	T	0	0	2146	35.5
A_NP	1437	2285	T	0	0	2285	35.9
A_NP	1438	2006	G	0	0	2006	36.7
A_NP	1439	2115	A	0	0	2115	35.1
A_NP	1440	1808	C	0	0	1808	37.5
A_NP	1441	1981	A	0	0	1981	37.9
A_NP	1442	1923	T	0	0	1923	37.0
A_NP	1443	1816	G	0	0	1816	37.0
A_NP	1444	1800	A	0	0	1800	37.3
A_NP	1445	1764	G	0	0	1764	35.1
A_NP	1446	1607	T	0	0	1607	34.4
A_NP	1447	1713	A	0	0	1713	35.1
A_NP	1448	1529	A	0	0	1529	35.5
A_NP	1449	1627	T	0	0	1627	34.2
A_NP	1450	1505	G	0	0	1505	35.6
A_NP	1451	1626	A	0	0	1626	36.8
A_NP	1452	1420	A	0	0	1420	37.0
A_NP	1453	1396	G	0	0	1396	36.6
A_NP	1454	1378	G	0	0	1378	37.9
A_NP	1455	1322	A	0	0	1322	36.1
A_NP	1456	1203	T	0	0	1203	36.2
A_NP	1457	1270	C	0	0	1270	35.7
A_NP	1458	1154	T	0	0	1154	37.2
A_NP	1459	1147	T	0	0	1147	35.5
A_NP	1460	1114	A	0	0	1114	34.8
A_NP	1461	1116	T	0	0	1116	34.1
A_NP	1462	1125	T	0	0	1125	37.7
A_NP	1463	1087	T	0	0	1087	35.6
A_NP	1464	1047	C	0	0	1047	35.9
A_NP	1465	958	T	0	0	958	34.8
A_NP	1466	1116	T	0	0	1116	36.7
A_NP	1467	970	C	0	0	970	34.4
A_NP	1468	935	G	0	0	935	34.0
A_NP	1469	900	G	0	0	900	34.5
A_NP	1470	833	A	0	0	833	35.6
A_NP	1471	842	G	0	0	842	34.0
A_NP	1472	739	A	0	0	739	34.8
A_NP	1473	879	C	0	0	879	34.1
A_NP	1474	760	A	0	0	760	37.8
A_NP	1475	653	A	0	0	653	36.7
A_NP	1476	650	T	0	0	650	37.0
A_NP	1477	710	G	0	0	710	37.3
A_NP	1478	666	C	0	0	666	34.6
A_NP	1479	497	A	0	0	497	37.3
A_NP	1480	581	G	0	0	581	36.0
A_NP	1481	542	A	0	0	542	34.5
A_NP	1482	503	G	0	0	503	37.0
A_NP	1483	481	G	0	0	481	36.8
A_NP	1484	467	A	0	0	467	34.3
A_NP	1485	384	G	0	0	384	35.5
A_NP	1486	354	T	0	0	354	34.0
A_NP	1487	320	A	0	0	320	37.1
A_NP	1488	303	T	0	0	303	34.2
A_NP	1489	268	G	0	0	268	37.5
A_NP	1490	225	A	0	0	225	35.7
A_NP	1491	210	C	0	0	210	35.2
A_NP	1492	170	A	0	0	170	34.5
A_NP	1493	125	A	0	0	125	35.7
A_NP	1494	107	T	0	0	107	34.7
A_NP	1495	64	T	0	0	64	36.2
A_NP	1496	32	A	0	0	32	35.2
A_NP	1497	0	A	0	0	0	35.6
