Reference_Name	Position	Coverage Depth	Consensus	Deletions	Ambiguous	Consensus_Count	Consensus_Average_Quality
A_NS	1	51	A	0	0	51	34.1
A_NS	2	103	T	0	0	103	37.4
A_NS	3	161	G	0	0	161	34.9
A_NS	4	210	G	0	0	210	36.3
A_NS	5	297	A	0	0	297	34.6
A_NS	6	315	T	0	0	315	36.6
A_NS	7	386	T	0	0	386	37.8
A_NS	8	413	C	0	0	413	34.1
A_NS	9	451	C	0	0	451	34.1
A_NS	10	539	A	0	0	539	36.3
A_NS	11	595	A	0	0	595	35.9
A_NS	12	663	C	0	0	663	36.8
A_NS	13	555	A	0	0	555	34.0
A_NS	14	776	C	0	0	776	35.7
A_NS	15	818	G	0	0	818	36.1
A_NS	16	825	A	0	0	825	35.1
A_NS	17	992	T	0	0	992	35.1
A_NS	18	903	A	0	0	903	36.5
A_NS	19	964	A	0	0	964	36.3
A_NS	20	1073	C	0	0	1073	35.9
A_NS	21	1036	C	0	0	1036	34.9
A_NS	22	1120	T	0	0	1120	37.1
A_NS	23	1094	C	0	0	1094	37.0
A_NS	24	1166	G	0	0	1166	37.9
A_NS	25	1379	T	0	0	1379	35.3
A_NS	26	1456	T	0	0	1456	34.7
A_NS	27	1456	C	0	0	1456	36.2
A_NS	28	1341	C	0	0	1341	34.3
A_NS	29	1352	A	0	0	1352	35.9
A_NS	30	1599	G	0	0	1599	34.4
A_NS	31	1747	G	0	0	1747	34.5
A_NS	32	1420	T	0	0	1420	37.8
A_NS	33	1648	A	0	0	1648	34.9
A_NS	34	1772	G	0	0	1772	34.5
A_NS	35	1470	A	0	0	1470	35.5
A_NS	36	1860	T	0	0	1860	37.6
A_NS	37	1812	T	0	0	1812	34.5
A_NS	38	1741	G	0	0	1741	34.2
A_NS	39	1824	C	0	0	1824	34.9
A_NS	40	1781	T	0	0	1781	34.1
A_NS	41	1816	A	0	0	1816	37.7
A_NS	42	1741	T	0	0	1741	35.7
A_NS	43	1916	C	0	0	1916	37.5
A_NS	44	2051	T	0	0	2051	36.9
A_NS	45	1910	A	0	0	1910	36.2
A_NS	46	2016	T	0	0	2016	35.5
A_NS	47	1953	G	0	0	1953	35.7
A_NS	48	1830	G	0	0	1830	35.9
A_NS	49	1796	C	0	0	1796	34.5
A_NS	50	1907	A	0	0	1907	34.3
A_NS	51	2144	C	0	0	2144	34.9
A_NS	52	2083	A	0	0	2083	35.9
A_NS	53	1823	T	0	0	1823	34.6
A_NS	54	1789	A	0	0	1789	36.1
A_NS	55	1692	A	0	0	1692	36.7
A_NS	56	2105	G	0	0	2105	36.9
A_NS	57	1969	A	0	0	1969	37.6
A_NS	58	1884	A	0	0	1884	34.8
A_NS	59	1771	A	0	0	1771	35.6
A_NS	60	1886	G	0	0	1886	35.5
A_NS	61	1877	C	0	0	1877	35.4
A_NS	62	1956	T	0	0	1956	35.4
A_NS	63	1885	G	0	0	1885	34.8
A_NS	64	1803	C	0	0	1803	35.4
A_NS	65	1950	T	0	0	1950	37.3
A_NS	66	1739	C	0	0	1739	35.4
A_NS	67	1551	A	0	0	1551	37.7
A_NS	68	1640	G	0	0	1640	35.9
A_NS	69	1759	C	0	0	1759	37.8
A_NS	70	1647	A	0	0	1647	37.4
A_NS	71	1837	T	0	0	1837	35.7
A_NS	72	1775	G	0	0	1775	34.7
A_NS	73	1498	A	0	0	1498	35.7
A_NS	74	1683	G	0	0	1683	37.2
A_NS	75	1727	A	0	0	1727	34.7
A_NS	76	1781	G	0	0	1781	34.1
A_NS	77	1632	A	0	0	1632	34.3
A_NS	78	1754	C	0	0	1754	36.6
A_NS	79	1557	A	0	0	1557	37.9
A_NS	80	1588	T	0	0	1588	36.2
A_NS	81	1760	G	0	0	1760	34.4
A_NS	82	1670	T	0	0	1670	36.3
A_NS	83	1683	G	0	0	1683	34.6
A_NS	84	1479	T	0	0	1479	35.7
A_NS	85	1624	G	0	0	1624	35.0
A_NS	86	1748	A	0	0	1748	36.8
A_NS	87	1782	T	0	0	1782	35.7
A_NS	88	1659	G	0	0	1659	34.0
A_NS	89	1644	C	0	0	1644	36.0
A_NS	90	1845	T	0	0	1845	35.7
A_NS	91	1846	C	0	0	1846	37.8
A_NS	92	1790	C	0	0	1790	37.6
A_NS	93	1873	C	0	0	1873	37.5
A_NS	94	1742	T	0	0	1742	37.8
A_NS	95	1742	T	0	0	1742	34.8
A_NS	96	1913	T	0	0	1913	34.4
A_NS	97	1795	G	0	0	1795	35.5
A_NS	98	2099	A	0	0	2099	36.4
A_NS	99	2035	T	0	0	2035	37.0
A_NS	100	2154	G	0	0	2154	37.8
A_NS	101	1953	A	0	0	1953	37.6
A_NS	102	2158	T	0	0	2158	37.6
A_NS	103	1913	A	0	0	1913	37.0
A_NS	104	1929	G	0	0	1929	35.9
A_NS	105	2078	A	0	0	2078	36.7
A_NS	106	2172	C	0	0	2172	35.0
A_NS	107	2046	T	0	0	2046	36.6
A_NS	108	1997	C	0	0	1997	36.7
A_NS	109	2096	A	0	0	2096	35.5
A_NS	110	2336	G	0	0	2336	34.6
A_NS	111	2321	A	0	0	2321	35.6
A_NS	112	2201	A	0	0	2201	36.8
A_NS	113	2485	G	0	0	2485	35.1
A_NS	114	2440	A	0	0	2440	37.5
A_NS	115	2180	G	0	0	2180	36.5
A_NS	116	2498	A	0	0	2498	34.2
A_NS	117	2498	T	0	0	2498	35.2
A_NS	118	2437	C	0	0	2437	34.1
A_NS	119	2540	A	0	0	2540	35.1
A_NS	120	2694	G	0	0	2694	37.5
A_NS	121	2471	A	0	0	2471	36.9
A_NS	122	2443	A	0	0	2443	37.3
A_NS	123	2230	G	0	0	2230	36.4
A_NS	124	2441	G	0	0	2441	36.5
A_NS	125	2643	C	0	0	2643	34.4
A_NS	126	2649	A	0	0	2649	34.2
A_NS	127	2615	T	0	0	2615	35.7
A_NS	128	2687	T	0	0	2687	36.1
A_NS	129	2753	A	0	0	2753	35.8
A_NS	130	2778	A	0	0	2778	36.0
A_NS	131	2515	A	0	0	2515	37.6
A_NS	132	2776	G	0	0	2776	37.8
A_NS	133	2687	G	0	0	2687	36.4
A_NS	134	2681	G	0	0	2681	36.4
A_NS	135	2998	A	0	0	2998	34.7
A_NS	136	3157	A	0	0	3157	38.0
A_NS	137	2976	G	0	0	2976	34.2
A_NS	138	3102	A	0	0	3102	36.7
A_NS	139	2843	G	0	0	2843	35.3
A_NS	140	2995	G	0	0	2995	36.5
A_NS	141	3379	C	0	0	3379	34.5
A_NS	142	3235	A	0	0	3235	37.3
A_NS	143	2863	G	0	0	2863	36.1
A_NS	144	3016	C	0	0	3016	36.6
A_NS	145	3051	A	0	0	3051	34.4
A_NS	146	2961	C	0	0	2961	36.6
A_NS	147	3044	A	0	0	3044	37.7
A_NS	148	2974	C	0	0	2974	37.4
A_NS	149	3066	T	0	0	3066	37.7
A_NS	150	2997	T	0	0	2997	36.2
A_NS	151	2960	G	0	0	2960	35.6
A_NS	152	3119	G	0	0	3119	35.0
A_NS	153	2979	A	0	0	2979	36.6
A_NS	154	3229	C	0	0	3229	35.2
A_NS	155	3029	T	0	0	3029	35.9
A_NS	156	2980	C	0	0	2980	34.5
A_NS	157	2978	G	0	0	2978	37.5
A_NS	158	2852	A	0	0	2852	37.2
A_NS	159	3248	C	0	0	3248	37.4
A_NS	160	2881	C	0	0	2881	34.6
A_NS	161	3293	T	0	0	3293	35.5
A_NS	162	2982	G	0	0	2982	37.9
A_NS	163	3338	C	0	0	3338	34.5
A_NS	164	3170	G	0	0	3170	35.8
A_NS	165	2735	A	0	0	2735	37.2
A_NS	166	3138	G	0	0	3138	35.8
A_NS	167	3084	T	0	0	3084	37.2
A_NS	168	2755	G	0	0	2755	37.7
A_NS	169	2778	G	0	0	2778	36.4
A_NS	170	2763	C	0	0	2763	37.9
A_NS	171	2897	C	0	0	2897	35.7
A_NS	172	2841	A	0	0	2841	34.4
A_NS	173	3021	C	0	0	3021	37.8
A_NS	174	2753	A	0	0	2753	37.0
A_NS	175	3050	A	0	0	3050	36.6
A_NS	176	2797	T	0	0	2797	36.3
A_NS	177	2848	G	0	0	2848	34.9
A_NS	178	3097	G	0	0	3097	37.4
A_NS	179	2835	A	0	0	2835	37.1
A_NS	180	2893	G	0	0	2893	36.9
A_NS	181	2841	G	0	0	2841	36.6
A_NS	182	2694	G	0	0	2694	38.0
A_NS	183	3046	C	0	0	3046	35.6
A_NS	184	2740	A	0	0	2740	37.5
A_NS	185	2671	A	0	0	2671	35.8
A_NS	186	2588	A	0	0	2588	34.6
A_NS	187	2873	A	0	0	2873	34.1
A_NS	188	2768	A	0	0	2768	36.2
A_NS	189	2423	G	0	0	2423	37.8
A_NS	190	2986	A	0	0	2986	35.2
A_NS	191	2532	T	0	0	2532	34.8
A_NS	192	2807	T	0	0	2807	34.1
A_NS	193	2927	G	0	0	2927	35.4
A_NS	194	2594	T	0	0	2594	35.7
A_NS	195	2971	T	0	0	2971	36.8
A_NS	196	2687	G	0	0	2687	34.9
A_NS	197	2671	A	0	0	2671	35.2
A_NS	198	2555	G	0	0	2555	37.7
A_NS	199	2738	G	0	0	2738	36.9
A_NS	200	2815	A	0	0	2815	37.3
A_NS	201	2624	C	0	0	2624	37.0
A_NS	202	2467	A	0	0	2467	34.9
A_NS	203	3045	T	0	0	3045	34.8
A_NS	204	2607	C	0	0	2607	37.2
A_NS	205	2721	C	0	0	2721	34.3
A_NS	206	2764	T	0	0	2764	37.0
A_NS	207	2514	A	0	0	2514	36.1
A_NS	208	2783	A	0	0	2783	35.8
A_NS	209	2638	A	0	0	2638	34.6
A_NS	210	2903	G	0	0	2903	34.3
A_NS	211	2617	A	0	0	2617	35.5
A_NS	212	2654	G	0	0	2654	37.0
A_NS	213	2635	T	0	0	2635	34.7
A_NS	214	2802	G	0	0	2802	35.6
A_NS	215	2872	A	0	0	2872	34.4
A_NS	216	2705	A	0	0	2705	37.1
A_NS	217	2884	A	0	0	2884	35.9
A_NS	218	2822	C	0	0	2822	37.6
A_NS	219	2840	G	0	0	2840	34.7
A_NS	220	2734	G	0	0	2734	34.6
A_NS	221	2925	A	0	0	2925	36.2
A_NS	222	3093	T	0	0	3093	34.1
A_NS	223	3400	G	0	0	3400	35.5
A_NS	224	2925	A	0	0	2925	36.1
A_NS	225	2678	A	0	0	2678	37.4
A_NS	226	2923	A	0	0	2923	36.5
A_NS	227	3035	A	0	0	3035	37.0
A_NS	228	3376	C	0	0	3376	36.4
A_NS	229	2793	C	0	0	2793	36.5
A_NS	230	2925	T	0	0	2925	34.9
A_NS	231	3162	C	0	0	3162	36.7
A_NS	232	3010	A	0	0	3010	35.7
A_NS	233	3153	A	0	0	3153	35.4
A_NS	234	3397	A	0	0	3397	36.5
A_NS	235	2921	A	0	0	2921	35.3
A_NS	236	3302	T	0	0	3302	37.0
A_NS	237	2997	T	0	0	2997	34.9
A_NS	238	3081	G	0	0	3081	34.0
A_NS	239	3313	C	0	0	3313	34.9
A_NS	240	3029	A	0	0	3029	35.2
A_NS	241	3026	A	0	0	3026	34.5
A_NS	242	3409	T	0	0	3409	35.2
A_NS	243	2979	T	0	0	2979	36.9
A_NS	244	3073	G	0	0	3073	34.4
A_NS	245	3204	C	0	0	3204	37.7
A_NS	246	3200	G	0	0	3200	36.1
A_NS	247	2984	T	0	0	2984	36.8
A_NS	248	3160	C	0	0	3160	36.9
A_NS	249	3175	C	0	0	3175	37.1
A_NS	250	3185	A	0	0	3185	37.9
A_NS	251	3461	G	0	0	3461	35.4
A_NS	252	3118	C	0	0	3118	35.0
A_NS	253	3162	C	0	0	3162	37.0
A_NS	254	2625	C	0	0	2625	37.9
A_NS	255	3166	T	0	0	3166	34.6
A_NS	256	3381	G	0	0	3381	35.2
A_NS	257	2903	T	0	0	2903	35.8
A_NS	258	3397	T	0	0	3397	34.6
A_NS	259	3110	C	0	0	3110	37.8
A_NS	260	3044	C	0	0	3044	38.0
A_NS	261	3058	T	0	0	3058	35.8
A_NS	262	3227	C	0	0	3227	34.4
A_NS	263	2933	G	0	0	2933	36.6
A_NS	264	3404	G	0	0	3404	34.7
A_NS	265	3045	T	0	0	3045	34.8
A_NS	266	2879	A	0	0	2879	35.6
A_NS	267	2807	C	0	0	2807	36.9
A_NS	268	2827	A	0	0	2827	37.4
A_NS	269	2879	T	0	0	2879	35.2
A_NS	270	2954	C	0	0	2954	34.8
A_NS	271	2646	A	0	0	2646	36.7
A_NS	272	3032	C	0	0	3032	36.4
A_NS	273	2892	T	0	0	2892	34.2
A_NS	274	2890	G	0	0	2890	36.7
A_NS	275	3266	A	0	0	3266	36.9
A_NS	276	2682	T	0	0	2682	36.2
A_NS	277	3201	A	0	0	3201	34.0
A_NS	278	2733	T	0	0	2733	35.6
A_NS	279	2576	G	0	0	2576	34.0
A_NS	280	2738	A	0	0	2738	37.4
A_NS	281	2514	G	0	0	2514	35.8
A_NS	282	2557	C	0	0	2557	37.7
A_NS	283	2654	A	0	0	2654	35.2
A_NS	284	2355	T	0	0	2355	37.6
A_NS	285	2180	A	0	0	2180	36.4
A_NS	286	2403	G	0	0	2403	35.7
A_NS	287	2353	A	0	0	2353	35.3
A_NS	288	2163	G	0	0	2163	37.9
A_NS	289	2704	G	0	0	2704	36.8
A_NS	290	2348	A	0	0	2348	37.6
A_NS	291	2695	A	0	0	2695	37.2
A_NS	292	2315	A	0	0	2315	34.1
A_NS	293	2156	T	0	0	2156	37.9
A_NS	294	2154	A	0	0	2154	34.7
A_NS	295	2316	A	0	0	2316	36.3
A_NS	296	2193	G	0	0	2193	35.8
A_NS	297	2149	C	0	0	2149	37.5
A_NS	298	2084	A	0	0	2084	34.7
A_NS	299	2200	G	0	0	2200	34.7
A_NS	300	2015	G	0	0	2015	34.8
A_NS	301	1919	G	0	0	1919	37.2
A_NS	302	1812	A	0	0	1812	34.9
A_NS	303	1944	G	0	0	1944	37.8
A_NS	304	1997	T	0	0	1997	34.8
A_NS	305	1919	G	0	0	1919	34.6
A_NS	306	1671	G	0	0	1671	36.0
A_NS	307	1871	T	0	0	1871	35.7
A_NS	308	2018	A	0	0	2018	35.9
A_NS	309	1971	C	0	0	1971	36.3
A_NS	310	1793	A	0	0	1793	34.1
A_NS	311	1857	T	0	0	1857	37.6
A_NS	312	1939	G	0	0	1939	35.9
A_NS	313	1856	C	0	0	1856	34.3
A_NS	314	1729	T	0	0	1729	34.3
A_NS	315	1723	C	0	0	1723	34.1
A_NS	316	1783	A	0	0	1783	34.0
A_NS	317	1791	T	0	0	1791	35.9
A_NS	318	1677	G	0	0	1677	34.2
A_NS	319	1693	C	0	0	1693	37.6
A_NS	320	1783	C	0	0	1783	36.7
A_NS	321	1835	A	0	0	1835	36.8
A_NS	322	1627	A	0	0	1627	36.2
A_NS	323	1857	G	0	0	1857	38.0
A_NS	324	1798	G	0	0	1798	36.5
A_NS	325	1697	C	0	0	1697	36.8
A_NS	326	1824	A	0	0	1824	37.3
A_NS	327	1882	G	0	0	1882	35.4
A_NS	328	1609	A	0	0	1609	34.9
A_NS	329	1627	A	0	0	1627	34.4
A_NS	330	1633	A	0	0	1633	37.9
A_NS	331	1861	A	0	0	1861	34.2
A_NS	332	1776	T	0	0	1776	36.5
A_NS	333	1849	A	0	0	1849	37.7
A_NS	334	1726	A	0	0	1726	36.8
A_NS	335	1890	C	0	0	1890	35.7
A_NS	336	1787	A	0	0	1787	36.5
A_NS	337	1808	G	0	0	1808	35.1
A_NS	338	1663	G	0	0	1663	35.7
A_NS	339	1555	G	0	0	1555	34.8
A_NS	340	1851	G	0	0	1851	37.8
A_NS	341	1789	G	0	0	1789	37.1
A_NS	342	1800	T	0	0	1800	34.4
A_NS	343	1832	C	0	0	1832	36.5
A_NS	344	1913	T	0	0	1913	36.7
A_NS	345	1762	G	0	0	1762	35.0
A_NS	346	2031	A	0	0	2031	37.0
A_NS	347	2171	T	0	0	2171	36.2
A_NS	348	2014	G	0	0	2014	36.3
A_NS	349	2064	G	0	0	2064	36.2
A_NS	350	1948	T	0	0	1948	38.0
A_NS	351	1909	G	0	0	1909	34.0
A_NS	352	2075	A	0	0	2075	34.7
A_NS	353	2057	A	0	0	2057	36.5
A_NS	354	1988	A	0	0	1988	36.1
A_NS	355	1940	A	0	0	1940	37.0
A_NS	356	2070	T	0	0	2070	35.2
A_NS	357	2132	G	0	0	2132	37.8
A_NS	358	2184	G	0	0	2184	35.4
A_NS	359	2163	A	0	0	2163	35.4
A_NS	360	2184	T	0	0	2184	37.9
A_NS	361	2139	C	0	0	2139	34.1
A_NS	362	2162	A	0	0	2162	34.6
A_NS	363	2057	G	0	0	2057	36.3
A_NS	364	2228	G	0	0	2228	35.8
A_NS	365	2267	C	0	0	2267	37.3
A_NS	366	2494	C	0	0	2494	34.2
A_NS	367	2279	A	0	0	2279	37.4
A_NS	368	2505	T	0	0	2505	36.9
A_NS	369	2029	C	0	0	2029	37.1
A_NS	370	2550	A	0	0	2550	34.9
A_NS	371	2558	T	0	0	2558	35.1
A_NS	372	2322	G	0	0	2322	34.9
A_NS	373	2563	G	0	0	2563	37.2
A_NS	374	2424	A	0	0	2424	38.0
A_NS	375	2824	C	0	0	2824	35.8
A_NS	376	2361	A	0	0	2361	35.8
A_NS	377	2515	A	0	0	2515	37.7
A_NS	378	2518	G	0	0	2518	34.8
A_NS	379	2436	A	0	0	2436	35.6
A_NS	380	2241	G	0	0	2241	37.7
A_NS	381	2616	G	0	0	2616	36.0
A_NS	382	2471	A	0	0	2471	34.9
A_NS	383	2506	T	0	0	2506	37.3
A_NS	384	2618	A	0	0	2618	35.6
A_NS	385	2571	A	0	0	2571	34.7
A_NS	386	2709	T	0	0	2709	37.0
A_NS	387	2395	A	0	0	2395	37.4
A_NS	388	2501	C	0	0	2501	35.8
A_NS	389	2339	T	0	0	2339	36.5
A_NS	390	2861	C	0	0	2861	34.3
A_NS	391	2490	A	0	0	2490	37.7
A_NS	392	2547	A	0	0	2547	35.8
A_NS	393	2528	G	0	0	2528	34.5
A_NS	394	2673	G	0	0	2673	36.4
A_NS	395	2448	C	0	0	2448	35.7
A_NS	396	2493	A	0	0	2493	37.2
A_NS	397	2768	A	0	0	2768	34.1
A_NS	398	2833	A	0	0	2833	37.3
A_NS	399	2511	C	0	0	2511	36.5
A_NS	400	2526	T	0	0	2526	37.9
A_NS	401	2390	T	0	0	2390	34.9
A_NS	402	2544	C	0	0	2544	34.4
A_NS	403	2688	T	0	0	2688	36.3
A_NS	404	2374	C	0	0	2374	38.0
A_NS	405	2684	T	0	0	2684	35.5
A_NS	406	2685	G	0	0	2685	35.6
A_NS	407	2510	T	0	0	2510	35.4
A_NS	408	2318	C	0	0	2318	35.4
A_NS	409	2370	C	0	0	2370	35.6
A_NS	410	2377	T	0	0	2377	36.1
A_NS	411	2429	A	0	0	2429	37.3
A_NS	412	2398	T	0	0	2398	38.0
A_NS	413	2405	T	0	0	2405	37.4
A_NS	414	2316	T	0	0	2316	37.6
A_NS	415	2395	A	0	0	2395	36.0
A_NS	416	2337	A	0	0	2337	37.0
A_NS	417	2433	T	0	0	2433	34.4
A_NS	418	2357	C	0	0	2357	37.3
A_NS	419	2386	A	0	0	2386	36.2
A_NS	420	2540	A	0	0	2540	37.8
A_NS	421	2506	C	0	0	2506	35.2
A_NS	422	2615	T	0	0	2615	37.5
A_NS	423	2589	G	0	0	2589	36.8
A_NS	424	2369	G	0	0	2369	35.6
A_NS	425	2431	A	0	0	2431	35.9
A_NS	426	2506	A	0	0	2506	35.3
A_NS	427	2307	A	0	0	2307	35.4
A_NS	428	2116	C	0	0	2116	35.2
A_NS	429	2355	A	0	0	2355	37.8
A_NS	430	2204	T	0	0	2204	36.3
A_NS	431	2291	T	0	0	2291	36.7
A_NS	432	2345	A	0	0	2345	37.0
A_NS	433	2643	G	0	0	2643	37.0
A_NS	434	2468	T	0	0	2468	36.1
A_NS	435	2519	C	0	0	2519	34.8
A_NS	436	2342	T	0	0	2342	35.8
A_NS	437	2586	C	0	0	2586	35.1
A_NS	438	2480	A	0	0	2480	35.3
A_NS	439	2541	C	0	0	2541	35.4
A_NS	440	2598	T	0	0	2598	36.7
A_NS	441	2527	G	0	0	2527	34.8
A_NS	442	2581	A	0	0	2581	36.2
A_NS	443	2556	G	0	0	2556	35.9
A_NS	444	2494	G	0	0	2494	34.2
A_NS	445	2430	G	0	0	2430	35.1
A_NS	446	2605	C	0	0	2605	36.0
A_NS	447	2743	T	0	0	2743	37.4
A_NS	448	2401	T	0	0	2401	36.0
A_NS	449	2609	T	0	0	2609	37.3
A_NS	450	2778	C	0	0	2778	34.4
A_NS	451	2790	A	0	0	2790	37.7
A_NS	452	2384	C	0	0	2384	35.2
A_NS	453	2484	A	0	0	2484	34.3
A_NS	454	2900	G	0	0	2900	34.6
A_NS	455	2675	A	0	0	2675	36.9
A_NS	456	2655	A	0	0	2655	34.4
A_NS	457	2756	G	0	0	2756	37.7
A_NS	458	2895	A	0	0	2895	36.4
A_NS	459	2719	T	0	0	2719	35.0
A_NS	460	2986	G	0	0	2986	35.9
A_NS	461	2885	G	0	0	2885	36.2
A_NS	462	3056	C	0	0	3056	35.9
A_NS	463	2906	G	0	0	2906	37.5
A_NS	464	2876	C	0	0	2876	36.4
A_NS	465	3033	C	0	0	3033	34.4
A_NS	466	3402	A	0	0	3402	36.1
A_NS	467	3042	T	0	0	3042	37.9
A_NS	468	3295	T	0	0	3295	36.6
A_NS	469	2861	G	0	0	2861	36.3
A_NS	470	2930	T	0	0	2930	34.4
A_NS	471	3077	G	0	0	3077	36.0
A_NS	472	2681	G	0	0	2681	37.0
A_NS	473	2900	C	0	0	2900	35.8
A_NS	474	3041	T	0	0	3041	35.5
A_NS	475	3216	G	0	0	3216	35.7
A_NS	476	3488	A	0	0	3488	37.8
A_NS	477	3341	A	0	0	3341	37.9
A_NS	478	3028	A	0	0	3028	35.0
A_NS	479	3405	T	0	0	3405	37.7
A_NS	480	2992	A	0	0	2992	35.9
A_NS	481	3484	T	0	0	3484	37.8
A_NS	482	3109	C	0	0	3109	34.8
A_NS	483	3320	T	0	0	3320	37.9
A_NS	484	3467	C	0	0	3467	35.2
A_NS	485	3160	C	0	0	3160	35.3
A_NS	486	3237	T	0	0	3237	37.1
A_NS	487	3409	A	0	0	3409	35.3
A_NS	488	3540	T	0	0	3540	36.9
A_NS	489	3371	T	0	0	3371	34.9
A_NS	490	3209	C	0	0	3209	37.8
A_NS	491	3718	C	0	0	3718	34.7
A_NS	492	3578	T	0	0	3578	36.6
A_NS	493	3728	T	0	0	3728	37.9
A_NS	494	3202	C	0	0	3202	34.7
A_NS	495	3405	C	0	0	3405	36.5
A_NS	496	3402	A	0	0	3402	34.1
A_NS	497	3516	T	0	0	3516	36.7
A_NS	498	3437	G	0	0	3437	35.7
A_NS	499	3389	C	0	0	3389	34.6
A_NS	500	3143	C	0	0	3143	36.8
A_NS	501	3382	A	0	0	3382	37.1
A_NS	502	3275	G	0	0	3275	35.1
A_NS	503	3466	G	0	0	3466	37.6
A_NS	504	3583	A	0	0	3583	37.5
A_NS	505	3854	C	0	0	3854	36.8
A_NS	506	3595	A	0	0	3595	34.2
A_NS	507	3471	T	0	0	3471	36.5
A_NS	508	3461	T	0	0	3461	36.2
A_NS	509	3354	C	0	0	3354	35.4
A_NS	510	3352	T	0	0	3352	36.9
A_NS	511	3794	A	0	0	3794	36.5
A_NS	512	3696	C	0	0	3696	35.0
A_NS	513	3342	A	0	0	3342	34.1
A_NS	514	3202	G	0	0	3202	37.8
A_NS	515	3324	A	0	0	3324	37.3
A_NS	516	3262	G	0	0	3262	36.3
A_NS	517	3161	G	0	0	3161	34.2
A_NS	518	2969	A	0	0	2969	36.5
A_NS	519	3290	T	0	0	3290	36.7
A_NS	520	2927	G	0	0	2927	37.2
A_NS	521	3386	T	0	0	3386	36.7
A_NS	522	3274	C	0	0	3274	34.8
A_NS	523	2741	A	0	0	2741	35.4
A_NS	524	3124	A	0	0	3124	35.9
A_NS	525	3087	A	0	0	3087	37.7
A_NS	526	2796	A	0	0	2796	35.9
A_NS	527	2707	A	0	0	2707	35.7
A_NS	528	2875	T	0	0	2875	38.0
A_NS	529	2784	G	0	0	2784	37.9
A_NS	530	2652	C	0	0	2652	35.3
A_NS	531	2850	A	0	0	2850	34.1
A_NS	532	2779	A	0	0	2779	34.5
A_NS	533	2662	T	0	0	2662	34.9
A_NS	534	2779	T	0	0	2779	36.9
A_NS	535	2847	G	0	0	2847	34.6
A_NS	536	2661	G	0	0	2661	35.0
A_NS	537	2631	A	0	0	2631	34.5
A_NS	538	2676	A	0	0	2676	36.7
A_NS	539	2603	T	0	0	2603	35.6
A_NS	540	2393	C	0	0	2393	35.6
A_NS	541	2592	C	0	0	2592	36.5
A_NS	542	2518	T	0	0	2518	37.0
A_NS	543	2180	C	0	0	2180	37.0
A_NS	544	2325	A	0	0	2325	35.3
A_NS	545	2505	T	0	0	2505	36.2
A_NS	546	2258	C	0	0	2258	36.1
A_NS	547	2536	G	0	0	2536	34.7
A_NS	548	2351	G	0	0	2351	36.8
A_NS	549	2344	T	0	0	2344	34.3
A_NS	550	2241	G	0	0	2241	37.0
A_NS	551	2373	G	0	0	2373	36.2
A_NS	552	2197	A	0	0	2197	38.0
A_NS	553	2432	C	0	0	2432	37.1
A_NS	554	2334	T	0	0	2334	36.5
A_NS	555	2010	T	0	0	2010	36.3
A_NS	556	2125	G	0	0	2125	34.7
A_NS	557	2062	A	0	0	2062	35.6
A_NS	558	2017	A	0	0	2017	37.3
A_NS	559	2160	T	0	0	2160	36.5
A_NS	560	2173	G	0	0	2173	35.9
A_NS	561	2113	G	0	0	2113	37.7
A_NS	562	2264	A	0	0	2264	37.1
A_NS	563	2211	A	0	0	2211	35.6
A_NS	564	2144	T	0	0	2144	37.2
A_NS	565	1901	G	0	0	1901	36.1
A_NS	566	1965	A	0	0	1965	34.8
A_NS	567	1939	T	0	0	1939	38.0
A_NS	568	1694	A	0	0	1694	36.8
A_NS	569	2149	A	0	0	2149	35.5
A_NS	570	1879	C	0	0	1879	36.0
A_NS	571	1888	T	0	0	1888	36.5
A_NS	572	1950	C	0	0	1950	35.4
A_NS	573	1855	A	0	0	1855	34.2
A_NS	574	2049	A	0	0	2049	37.1
A_NS	575	2149	T	0	0	2149	37.3
A_NS	576	1913	T	0	0	1913	34.8
A_NS	577	1987	C	0	0	1987	36.0
A_NS	578	2225	G	0	0	2225	38.0
A_NS	579	1972	A	0	0	1972	34.4
A_NS	580	2032	G	0	0	2032	37.1
A_NS	581	2065	C	0	0	2065	36.8
A_NS	582	2087	G	0	0	2087	35.4
A_NS	583	2051	T	0	0	2051	35.4
A_NS	584	2007	C	0	0	2007	34.5
A_NS	585	2195	T	0	0	2195	37.7
A_NS	586	2277	G	0	0	2277	35.6
A_NS	587	2089	A	0	0	2089	37.8
A_NS	588	2106	A	0	0	2106	36.9
A_NS	589	2072	A	0	0	2072	36.2
A_NS	590	2204	A	0	0	2204	37.9
A_NS	591	2129	T	0	0	2129	34.2
A_NS	592	2047	A	0	0	2047	34.1
A_NS	593	2031	T	0	0	2031	34.2
A_NS	594	2368	A	0	0	2368	36.9
A_NS	595	2351	C	0	0	2351	36.8
A_NS	596	2296	A	0	0	2296	34.5
A_NS	597	2253	G	0	0	2253	38.0
A_NS	598	2389	A	0	0	2389	34.4
A_NS	599	2217	G	0	0	2217	36.8
A_NS	600	2108	A	0	0	2108	35.2
A_NS	601	2181	T	0	0	2181	34.7
A_NS	602	2225	T	0	0	2225	35.9
A_NS	603	2144	C	0	0	2144	35.0
A_NS	604	2351	G	0	0	2351	37.5
A_NS	605	2014	C	0	0	2014	34.5
A_NS	606	2292	T	0	0	2292	35.3
A_NS	607	2384	T	0	0	2384	37.7
A_NS	608	2262	G	0	0	2262	36.4
A_NS	609	2466	G	0	0	2466	36.9
A_NS	610	2447	G	0	0	2447	37.9
A_NS	611	2281	G	0	0	2281	37.0
A_NS	612	2300	A	0	0	2300	34.4
A_NS	613	2481	G	0	0	2481	35.2
A_NS	614	2446	T	0	0	2446	35.9
A_NS	615	2260	C	0	0	2260	35.2
A_NS	616	2254	C	0	0	2254	35.4
A_NS	617	2011	G	0	0	2011	37.4
A_NS	618	2351	T	0	0	2351	37.8
A_NS	619	2303	G	0	0	2303	36.2
A_NS	620	2367	A	0	0	2367	35.6
A_NS	621	2299	T	0	0	2299	34.9
A_NS	622	2243	G	0	0	2243	36.8
A_NS	623	2478	A	0	0	2478	34.2
A_NS	624	2377	G	0	0	2377	34.6
A_NS	625	2321	A	0	0	2321	35.0
A_NS	626	2396	A	0	0	2396	37.9
A_NS	627	2524	T	0	0	2524	37.9
A_NS	628	2245	G	0	0	2245	35.8
A_NS	629	2279	G	0	0	2279	37.8
A_NS	630	2289	G	0	0	2289	36.5
A_NS	631	2488	G	0	0	2488	35.1
A_NS	632	2243	G	0	0	2243	36.1
A_NS	633	2232	A	0	0	2232	36.6
A_NS	634	2393	C	0	0	2393	36.6
A_NS	635	2378	C	0	0	2378	34.1
A_NS	636	2226	T	0	0	2226	37.0
A_NS	637	2202	C	0	0	2202	37.9
A_NS	638	2071	C	0	0	2071	36.6
A_NS	639	2149	A	0	0	2149	37.6
A_NS	640	2174	C	0	0	2174	36.5
A_NS	641	2290	T	0	0	2290	36.5
A_NS	642	1964	C	0	0	1964	37.3
A_NS	643	2526	C	0	0	2526	35.0
A_NS	644	2163	C	0	0	2163	35.9
A_NS	645	2085	T	0	0	2085	36.7
A_NS	646	2093	C	0	0	2093	35.3
A_NS	647	2183	C	0	0	2183	37.4
A_NS	648	1982	A	0	0	1982	37.4
A_NS	649	2327	A	0	0	2327	36.8
A_NS	650	1997	A	0	0	1997	37.1
A_NS	651	2050	G	0	0	2050	34.0
A_NS	652	2142	C	0	0	2142	37.0
A_NS	653	2199	A	0	0	2199	34.3
A_NS	654	1883	G	0	0	1883	37.0
A_NS	655	2120	A	0	0	2120	36.2
A_NS	656	2061	A	0	0	2061	37.5
A_NS	657	2043	A	0	0	2043	37.7
A_NS	658	1963	C	0	0	1963	34.4
A_NS	659	2068	G	0	0	2068	36.6
A_NS	660	2005	C	0	0	2005	36.7
A_NS	661	1936	T	0	0	1936	37.1
A_NS	662	1950	A	0	0	1950	36.9
A_NS	663	1987	C	0	0	1987	37.8
A_NS	664	1919	A	0	0	1919	37.6
A_NS	665	1884	T	0	0	1884	34.6
A_NS	666	1830	G	0	0	1830	34.6
A_NS	667	2276	G	0	0	2276	36.2
A_NS	668	1926	C	0	0	1926	36.3
A_NS	669	2039	G	0	0	2039	36.7
A_NS	670	1980	A	0	0	1980	34.2
A_NS	671	1859	G	0	0	1859	37.5
A_NS	672	1982	A	0	0	1982	35.2
A_NS	673	2022	A	0	0	2022	36.1
A_NS	674	1845	G	0	0	1845	36.1
A_NS	675	1970	A	0	0	1970	37.6
A_NS	676	1994	G	0	0	1994	34.2
A_NS	677	1880	T	0	0	1880	37.9
A_NS	678	2130	T	0	0	2130	35.5
A_NS	679	2020	G	0	0	2020	38.0
A_NS	680	1922	A	0	0	1922	35.5
A_NS	681	2004	G	0	0	2004	36.0
A_NS	682	2060	T	0	0	2060	35.0
A_NS	683	2224	C	0	0	2224	37.1
A_NS	684	2176	A	0	0	2176	35.3
A_NS	685	2128	G	0	0	2128	34.6
A_NS	686	2181	A	0	0	2181	37.5
A_NS	687	2044	A	0	0	2044	35.3
A_NS	688	2177	G	0	0	2177	35.4
A_NS	689	2113	T	0	0	2113	37.6
A_NS	690	2342	T	0	0	2342	37.3
A_NS	691	2345	T	0	0	2345	37.8
A_NS	692	2257	G	0	0	2257	37.5
A_NS	693	2330	A	0	0	2330	34.5
A_NS	694	2409	A	0	0	2409	34.4
A_NS	695	2156	G	0	0	2156	36.9
A_NS	696	2256	A	0	0	2256	34.4
A_NS	697	2384	G	0	0	2384	34.2
A_NS	698	2438	A	0	0	2438	38.0
A_NS	699	2217	T	0	0	2217	34.2
A_NS	700	2500	C	0	0	2500	36.2
A_NS	701	2414	A	0	0	2414	35.5
A_NS	702	2398	G	0	0	2398	35.7
A_NS	703	2558	A	0	0	2558	35.4
A_NS	704	2478	T	0	0	2478	37.5
A_NS	705	2699	G	0	0	2699	35.9
A_NS	706	2528	G	0	0	2528	36.2
A_NS	707	2745	C	0	0	2745	34.6
A_NS	708	2648	T	0	0	2648	37.4
A_NS	709	2535	A	0	0	2535	34.7
A_NS	710	2980	A	0	0	2980	36.3
A_NS	711	2765	T	0	0	2765	34.7
A_NS	712	3106	T	0	0	3106	36.5
A_NS	713	3160	G	0	0	3160	37.6
A_NS	714	2821	C	0	0	2821	36.3
A_NS	715	3049	A	0	0	3049	37.5
A_NS	716	3061	G	0	0	3061	34.6
A_NS	717	2816	A	0	0	2816	34.8
A_NS	718	2802	G	0	0	2802	37.2
A_NS	719	2760	T	0	0	2760	35.7
A_NS	720	2893	G	0	0	2893	36.9
A_NS	721	2926	C	0	0	2926	36.6
A_NS	722	3125	A	0	0	3125	35.3
A_NS	723	3063	G	0	0	3063	37.6
A_NS	724	3063	A	0	0	3063	34.4
A_NS	725	3275	A	0	0	3275	34.1
A_NS	726	3519	A	0	0	3519	34.7
A_NS	727	3030	C	0	0	3030	35.3
A_NS	728	3282	A	0	0	3282	37.4
A_NS	729	3100	T	0	0	3100	35.1
A_NS	730	3083	A	0	0	3083	34.7
A_NS	731	3721	T	0	0	3721	34.2
A_NS	732	3015	T	0	0	3015	34.8
A_NS	733	3245	A	0	0	3245	37.5
A_NS	734	3428	A	0	0	3428	37.3
A_NS	735	3208	C	0	0	3208	37.5
A_NS	736	3465	C	0	0	3465	35.2
A_NS	737	3480	A	0	0	3480	35.6
A_NS	738	3319	A	0	0	3319	36.3
A_NS	739	3530	A	0	0	3530	36.8
A_NS	740	3193	A	0	0	3193	37.0
A_NS	741	3324	C	0	0	3324	34.0
A_NS	742	3500	T	0	0	3500	36.8
A_NS	743	3324	G	0	0	3324	34.9
A_NS	744	3169	A	0	0	3169	36.9
A_NS	745	3361	G	0	0	3361	34.9
A_NS	746	3267	A	0	0	3267	37.3
A_NS	747	3670	A	0	0	3670	37.9
A_NS	748	3363	C	0	0	3363	35.3
A_NS	749	3527	A	0	0	3527	35.1
A_NS	750	3781	G	0	0	3781	36.6
A_NS	751	3224	C	0	0	3224	34.3
A_NS	752	3093	T	0	0	3093	38.0
A_NS	753	3323	T	0	0	3323	36.2
A_NS	754	3833	C	0	0	3833	36.0
A_NS	755	3408	G	0	0	3408	37.4
A_NS	756	3256	A	0	0	3256	36.0
A_NS	757	3122	G	0	0	3122	37.4
A_NS	758	3446	C	0	0	3446	34.0
A_NS	759	3333	A	0	0	3333	36.8
A_NS	760	3384	G	0	0	3384	37.1
A_NS	761	3028	A	0	0	3028	35.1
A_NS	762	3352	T	0	0	3352	35.5
A_NS	763	3409	A	0	0	3409	37.3
A_NS	764	2949	A	0	0	2949	35.8
A_NS	765	3370	C	0	0	3370	34.4
A_NS	766	2993	G	0	0	2993	36.6
A_NS	767	2988	T	0	0	2988	36.4
A_NS	768	3357	T	0	0	3357	34.3
A_NS	769	3159	C	0	0	3159	36.7
A_NS	770	3090	T	0	0	3090	36.3
A_NS	771	2913	T	0	0	2913	34.4
A_NS	772	3245	G	0	0	3245	35.7
A_NS	773	2806	C	0	0	2806	37.8
A_NS	774	2933	A	0	0	2933	35.4
A_NS	775	3082	G	0	0	3082	36.1
A_NS	776	3150	G	0	0	3150	37.8
A_NS	777	2873	C	0	0	2873	34.9
A_NS	778	3012	A	0	0	3012	36.7
A_NS	779	2846	T	0	0	2846	36.4
A_NS	780	2841	T	0	0	2841	35.5
A_NS	781	2670	G	0	0	2670	37.8
A_NS	782	2600	C	0	0	2600	36.0
A_NS	783	2853	A	0	0	2853	34.5
A_NS	784	2880	A	0	0	2880	35.4
A_NS	785	2799	C	0	0	2799	37.5
A_NS	786	2600	T	0	0	2600	36.3
A_NS	787	2599	T	0	0	2599	35.9
A_NS	788	2743	T	0	0	2743	37.5
A_NS	789	2650	T	0	0	2650	35.4
A_NS	790	2668	A	0	0	2668	34.3
A_NS	791	2314	C	0	0	2314	36.4
A_NS	792	2392	T	0	0	2392	38.0
A_NS	793	2219	T	0	0	2219	36.2
A_NS	794	2179	G	0	0	2179	34.9
A_NS	795	2276	A	0	0	2276	35.8
A_NS	796	2150	G	0	0	2150	36.2
A_NS	797	2159	G	0	0	2159	36.3
A_NS	798	2136	T	0	0	2136	35.5
A_NS	799	2049	T	0	0	2049	37.3
A_NS	800	1833	G	0	0	1833	37.4
A_NS	801	1954	A	0	0	1954	36.9
A_NS	802	2011	G	0	0	2011	36.1
A_NS	803	1771	A	0	0	1771	37.6
A_NS	804	1773	G	0	0	1773	35.1
A_NS	805	1741	T	0	0	1741	34.2
A_NS	806	1764	G	0	0	1764	36.1
A_NS	807	1600	A	0	0	1600	36.8
A_NS	808	1569	G	0	0	1569	37.3
A_NS	809	1460	A	0	0	1460	35.7
A_NS	810	1293	T	0	0	1293	34.7
A_NS	811	1318	A	0	0	1318	37.2
A_NS	812	1187	A	0	0	1187	37.9
A_NS	813	1384	G	0	0	1384	34.4
A_NS	814	1254	G	0	0	1254	34.6
A_NS	815	1201	A	0	0	1201	35.2
A_NS	816	1279	C	0	0	1279	34.6
A_NS	817	968	A	0	0	968	36.5
A_NS	818	994	T	0	0	994	35.4
A_NS	819	929	T	0	0	929	34.8
A_NS	820	885	T	0	0	885	35.3
A_NS	821	885	T	0	0	885	35.8
A_NS	822	780	C	0	0	780	37.4
A_NS	823	725	T	0	0	725	35.2
A_NS	824	788	T	0	0	788	35.1
A_NS	825	734	T	0	0	734	34.6
A_NS	826	609	T	0	0	609	36.3
A_NS	827	662	C	0	0	662	35.5
A_NS	828	479	A	0	0	479	35.9
A_NS	829	472	G	0	0	472	36.5
A_NS	830	438	C	0	0	438	35.2
A_NS	831	370	T	0	0	370	37.8
A_NS	832	311	T	0	0	311	34.5
A_NS	833	270	A	0	0	270	37.7
A_NS	834	208	T	0	0	208	35.5
A_NS	835	154	T	0	0	154	36.1
A_NS	836	119	T	0	0	119	34.0
A_NS	837	56	A	0	0	56	36.5
A_NS	838	0	G	0	0	0	37.3
