Reference_Name	Position	Coverage Depth	Consensus	Deletions	Ambiguous	Consensus_Count	Consensus_Average_Quality
A_PA	1	28	A	0	0	28	35.7
A_PA	2	55	T	0	0	55	34.9
A_PA	3	81	G	0	0	81	36.8
A_PA	4	111	G	0	0	111	36.1
A_PA	5	142	A	0	0	142	36.1
A_PA	6	182	A	0	0	182	34.7
A_PA	7	187	G	0	0	187	36.2
A_PA	8	225	A	0	0	225	37.2
A_PA	9	276	C	0	0	276	37.8
A_PA	10	264	T	0	0	264	35.7
A_PA	11	312	T	0	0	312	35.0
A_PA	12	332	T	0	0	332	36.5
A_PA	13	345	G	0	0	345	35.9
A_PA	14	414	T	0	0	414	34.4
A_PA	15	432	G	0	0	432	36.3
A_PA	16	469	C	0	0	469	36.4
A_PA	17	455	G	0	0	455	37.7
A_PA	18	543	A	0	0	543	37.3
A_PA	19	572	C	0	0	572	35.0
A_PA	20	566	A	0	0	566	35.9
A_PA	21	577	A	0	0	577	34.8
A_PA	22	630	T	0	0	630	34.0
A_PA	23	639	G	0	0	639	36.1
A_PA	24	654	C	0	0	654	34.0
A_PA	25	693	T	0	0	693	34.3
A_PA	26	817	T	0	0	817	36.0
A_PA	27	780	C	0	0	780	36.0
A_PA	28	799	A	0	0	799	36.3
A_PA	29	763	A	0	0	763	36.4
A_PA	30	819	T	0	0	819	37.5
A_PA	31	854	C	0	0	854	37.6
A_PA	32	788	C	0	0	788	36.8
A_PA	33	939	A	0	0	939	37.9
A_PA	34	897	A	0	0	897	37.9
A_PA	35	1014	T	0	0	1014	37.0
A_PA	36	1025	G	0	0	1025	37.2
A_PA	37	1085	A	0	0	1085	35.6
A_PA	38	1061	T	0	0	1061	37.3
A_PA	39	1140	T	0	0	1140	38.0
A_PA	40	1143	G	0	0	1143	34.7
A_PA	41	1111	T	0	0	1111	35.7
A_PA	42	1211	C	0	0	1211	34.3
A_PA	43	1129	G	0	0	1129	37.4
A_PA	44	1297	A	0	0	1297	35.6
A_PA	45	1276	G	0	0	1276	37.9
A_PA	46	1248	C	0	0	1248	37.8
A_PA	47	1249	T	0	0	1249	34.8
A_PA	48	1364	T	0	0	1364	34.1
A_PA	49	1406	G	0	0	1406	34.2
A_PA	50	1494	C	0	0	1494	37.6
A_PA	51	1408	G	0	0	1408	34.4
A_PA	52	1411	G	0	0	1411	37.2
A_PA	53	1458	A	0	0	1458	35.6
A_PA	54	1326	A	0	0	1326	36.2
A_PA	55	1411	A	0	0	1411	35.2
A_PA	56	1688	A	0	0	1688	37.4
A_PA	57	1697	A	0	0	1697	34.5
A_PA	58	1652	G	0	0	1652	36.6
A_PA	59	1718	C	0	0	1718	36.3
A_PA	60	1542	A	0	0	1542	34.6
A_PA	61	1657	A	0	0	1657	37.3
A_PA	62	1555	T	0	0	1555	34.9
A_PA	63	1818	G	0	0	1818	37.7
A_PA	64	1845	A	0	0	1845	37.8
A_PA	65	1709	A	0	0	1709	35.2
A_PA	66	1806	A	0	0	1806	37.5
A_PA	67	1829	G	0	0	1829	37.7
A_PA	68	1775	A	0	0	1775	34.5
A_PA	69	1875	A	0	0	1875	35.2
A_PA	70	1789	T	0	0	1789	37.7
A_PA	71	1800	A	0	0	1800	37.2
A_PA	72	2107	T	0	0	2107	37.1
A_PA	73	1859	G	0	0	1859	35.1
A_PA	74	1888	G	0	0	1888	35.4
A_PA	75	1967	G	0	0	1967	35.0
A_PA	76	2237	G	0	0	2237	37.8
A_PA	77	2083	A	0	0	2083	35.8
A_PA	78	1985	A	0	0	1985	34.9
A_PA	79	2322	G	0	0	2322	34.5
A_PA	80	2062	A	0	0	2062	37.3
A_PA	81	2070	T	0	0	2070	37.3
A_PA	82	2173	C	0	0	2173	36.9
A_PA	83	2263	C	0	0	2263	35.9
A_PA	84	2185	G	0	0	2185	36.8
A_PA	85	2036	A	0	0	2036	36.5
A_PA	86	2207	A	0	0	2207	34.0
A_PA	87	2217	A	0	0	2217	34.4
A_PA	88	2169	A	0	0	2169	37.8
A_PA	89	2371	T	0	0	2371	37.3
A_PA	90	2274	C	0	0	2274	37.6
A_PA	91	2336	G	0	0	2336	35.2
A_PA	92	2297	A	0	0	2297	34.3
A_PA	93	2360	G	0	0	2360	36.4
A_PA	94	2363	A	0	0	2363	35.1
A_PA	95	2501	C	0	0	2501	35.4
A_PA	96	2208	A	0	0	2208	34.6
A_PA	97	2368	A	0	0	2368	37.9
A_PA	98	2230	A	0	0	2230	36.8
A_PA	99	2461	C	0	0	2461	35.1
A_PA	100	2473	A	0	0	2473	35.5
A_PA	101	2266	A	0	0	2266	36.1
A_PA	102	2515	A	0	0	2515	36.4
A_PA	103	2622	T	0	0	2622	37.9
A_PA	104	2822	T	0	0	2822	34.1
A_PA	105	2545	T	0	0	2545	34.3
A_PA	106	2597	G	0	0	2597	35.2
A_PA	107	2811	C	0	0	2811	35.0
A_PA	108	2721	C	0	0	2721	34.9
A_PA	109	2683	G	0	0	2683	35.6
A_PA	110	2453	C	0	0	2453	34.8
A_PA	111	2494	A	0	0	2494	34.8
A_PA	112	2668	A	0	0	2668	34.8
A_PA	113	2619	T	0	0	2619	37.3
A_PA	114	2894	A	0	0	2894	34.6
A_PA	115	2331	T	0	0	2331	36.3
A_PA	116	2753	G	0	0	2753	37.6
A_PA	117	2992	C	0	0	2992	37.3
A_PA	118	2876	A	0	0	2876	37.3
A_PA	119	2715	C	0	0	2715	38.0
A_PA	120	2611	A	0	0	2611	36.0
A_PA	121	2773	C	0	0	2773	35.2
A_PA	122	2683	A	0	0	2683	37.6
A_PA	123	2681	C	0	0	2681	36.0
A_PA	124	2829	T	0	0	2829	37.9
A_PA	125	2822	T	0	0	2822	34.0
A_PA	126	2938	A	0	0	2938	35.2
A_PA	127	2886	G	0	0	2886	35.5
A_PA	128	3034	A	0	0	3034	35.6
A_PA	129	2881	A	0	0	2881	36.7
A_PA	130	2742	G	0	0	2742	37.6
A_PA	131	3024	T	0	0	3024	36.4
A_PA	132	2837	C	0	0	2837	36.7
A_PA	133	2701	T	0	0	2701	37.3
A_PA	134	2874	G	0	0	2874	34.7
A_PA	135	2585	T	0	0	2585	35.0
A_PA	136	2658	T	0	0	2658	34.8
A_PA	137	2415	T	0	0	2415	34.1
A_PA	138	2754	C	0	0	2754	37.7
A_PA	139	2678	A	0	0	2678	36.5
A_PA	140	2707	T	0	0	2707	34.6
A_PA	141	2787	G	0	0	2787	36.0
A_PA	142	2425	T	0	0	2425	36.3
A_PA	143	2538	A	0	0	2538	34.3
A_PA	144	2761	T	0	0	2761	37.2
A_PA	145	2715	T	0	0	2715	35.4
A_PA	146	2514	C	0	0	2514	37.8
A_PA	147	2333	G	0	0	2333	34.5
A_PA	148	2546	G	0	0	2546	36.7
A_PA	149	2579	A	0	0	2579	35.4
A_PA	150	2885	T	0	0	2885	37.8
A_PA	151	2693	T	0	0	2693	37.1
A_PA	152	2404	T	0	0	2404	36.7
A_PA	153	2306	C	0	0	2306	37.8
A_PA	154	2545	C	0	0	2545	37.1
A_PA	155	2381	A	0	0	2381	36.9
A_PA	156	2329	T	0	0	2329	36.6
A_PA	157	2629	T	0	0	2629	37.6
A_PA	158	2352	T	0	0	2352	37.1
A_PA	159	2122	T	0	0	2122	36.4
A_PA	160	2282	A	0	0	2282	35.3
A_PA	161	2146	T	0	0	2146	37.3
A_PA	162	2526	T	0	0	2526	37.8
A_PA	163	2270	G	0	0	2270	34.7
A_PA	164	2425	A	0	0	2425	36.0
A_PA	165	2231	T	0	0	2231	36.2
A_PA	166	2371	G	0	0	2371	35.0
A_PA	167	2520	A	0	0	2520	36.2
A_PA	168	2299	A	0	0	2299	36.5
A_PA	169	2471	C	0	0	2471	34.0
A_PA	170	2488	G	0	0	2488	34.7
A_PA	171	2270	A	0	0	2270	36.4
A_PA	172	2101	G	0	0	2101	36.4
A_PA	173	2304	G	0	0	2304	35.2
A_PA	174	2221	C	0	0	2221	36.1
A_PA	175	2365	G	0	0	2365	36.6
A_PA	176	2312	A	0	0	2312	35.4
A_PA	177	2241	A	0	0	2241	37.3
A_PA	178	2394	T	0	0	2394	37.1
A_PA	179	2457	C	0	0	2457	36.9
A_PA	180	2267	A	0	0	2267	35.3
A_PA	181	2286	A	0	0	2286	34.1
A_PA	182	2156	T	0	0	2156	37.2
A_PA	183	2425	G	0	0	2425	36.7
A_PA	184	2223	A	0	0	2223	34.8
A_PA	185	2100	T	0	0	2100	37.8
A_PA	186	2352	T	0	0	2352	34.6
A_PA	187	2133	G	0	0	2133	35.5
A_PA	188	2246	T	0	0	2246	35.7
A_PA	189	2234	A	0	0	2234	36.3
A_PA	190	2322	G	0	0	2322	37.0
A_PA	191	2109	A	0	0	2109	35.7
A_PA	192	2106	A	0	0	2106	36.5
A_PA	193	2204	T	0	0	2204	37.6
A_PA	194	1942	C	0	0	1942	34.6
A_PA	195	2115	T	0	0	2115	35.7
A_PA	196	2249	G	0	0	2249	34.1
A_PA	197	2080	G	0	0	2080	36.4
A_PA	198	1892	C	0	0	1892	36.0
A_PA	199	1995	G	0	0	1995	35.3
A_PA	200	2214	A	0	0	2214	37.7
A_PA	201	2383	T	0	0	2383	35.6
A_PA	202	2200	C	0	0	2200	35.7
A_PA	203	2119	C	0	0	2119	35.5
A_PA	204	1721	A	0	0	1721	37.1
A_PA	205	2220	A	0	0	2220	35.5
A_PA	206	2217	A	0	0	2217	36.4
A_PA	207	2155	T	0	0	2155	36.7
A_PA	208	1967	G	0	0	1967	36.7
A_PA	209	2110	C	0	0	2110	35.7
A_PA	210	1960	A	0	0	1960	36.4
A_PA	211	1965	T	0	0	1965	35.4
A_PA	212	2119	T	0	0	2119	35.9
A_PA	213	2050	A	0	0	2050	35.6
A_PA	214	1880	T	0	0	1880	35.6
A_PA	215	1965	T	0	0	1965	36.1
A_PA	216	2071	G	0	0	2071	34.7
A_PA	217	1857	A	0	0	1857	37.7
A_PA	218	2071	A	0	0	2071	37.9
A_PA	219	2006	A	0	0	2006	35.3
A_PA	220	1999	C	0	0	1999	36.7
A_PA	221	2139	A	0	0	2139	34.4
A_PA	222	2061	C	0	0	2061	34.5
A_PA	223	1929	C	0	0	1929	34.1
A_PA	224	1999	G	0	0	1999	37.0
A_PA	225	1872	A	0	0	1872	34.6
A_PA	226	2148	T	0	0	2148	34.2
A_PA	227	1968	T	0	0	1968	35.9
A_PA	228	1961	T	0	0	1961	37.5
A_PA	229	2056	G	0	0	2056	35.5
A_PA	230	2028	A	0	0	2028	37.2
A_PA	231	1995	G	0	0	1995	37.9
A_PA	232	2081	A	0	0	2081	36.6
A_PA	233	1822	T	0	0	1822	37.8
A_PA	234	2212	A	0	0	2212	37.3
A_PA	235	2123	A	0	0	2123	36.6
A_PA	236	1953	T	0	0	1953	36.7
A_PA	237	1885	C	0	0	1885	34.4
A_PA	238	2016	G	0	0	2016	37.5
A_PA	239	2198	A	0	0	2198	34.3
A_PA	240	2165	A	0	0	2165	37.9
A_PA	241	1785	G	0	0	1785	35.2
A_PA	242	2202	G	0	0	2202	34.1
A_PA	243	2140	G	0	0	2140	37.4
A_PA	244	2042	A	0	0	2042	34.3
A_PA	245	2280	G	0	0	2280	37.0
A_PA	246	2071	A	0	0	2071	34.9
A_PA	247	2094	G	0	0	2094	37.8
A_PA	248	2121	A	0	0	2121	34.8
A_PA	249	2300	C	0	0	2300	34.3
A_PA	250	2045	C	0	0	2045	37.8
A_PA	251	2064	G	0	0	2064	36.1
A_PA	252	2057	A	0	0	2057	35.9
A_PA	253	2310	G	0	0	2310	36.2
A_PA	254	2030	C	0	0	2030	34.4
A_PA	255	1978	A	0	0	1978	37.3
A_PA	256	2139	A	0	0	2139	34.1
A_PA	257	1989	T	0	0	1989	34.2
A_PA	258	2079	G	0	0	2079	36.2
A_PA	259	2177	G	0	0	2177	37.5
A_PA	260	1948	C	0	0	1948	36.1
A_PA	261	2008	C	0	0	2008	37.0
A_PA	262	2346	T	0	0	2346	36.6
A_PA	263	2178	G	0	0	2178	34.4
A_PA	264	1903	G	0	0	1903	35.6
A_PA	265	2223	A	0	0	2223	36.7
A_PA	266	2147	C	0	0	2147	37.6
A_PA	267	2384	A	0	0	2384	34.4
A_PA	268	1982	G	0	0	1982	35.0
A_PA	269	2097	T	0	0	2097	36.4
A_PA	270	2287	G	0	0	2287	34.0
A_PA	271	1938	G	0	0	1938	37.1
A_PA	272	2063	T	0	0	2063	37.2
A_PA	273	2168	G	0	0	2168	38.0
A_PA	274	2104	A	0	0	2104	34.1
A_PA	275	1970	A	0	0	1970	37.4
A_PA	276	2068	T	0	0	2068	36.6
A_PA	277	2154	A	0	0	2154	35.8
A_PA	278	2213	G	0	0	2213	36.4
A_PA	279	1984	T	0	0	1984	34.7
A_PA	280	2125	A	0	0	2125	35.4
A_PA	281	2395	T	0	0	2395	37.5
A_PA	282	2417	C	0	0	2417	34.6
A_PA	283	2382	T	0	0	2382	35.9
A_PA	284	2228	G	0	0	2228	35.2
A_PA	285	2133	C	0	0	2133	34.7
A_PA	286	2220	A	0	0	2220	36.0
A_PA	287	2107	A	0	0	2107	36.8
A_PA	288	2030	C	0	0	2030	37.1
A_PA	289	2522	A	0	0	2522	36.6
A_PA	290	2472	C	0	0	2472	37.9
A_PA	291	2331	C	0	0	2331	34.2
A_PA	292	2413	A	0	0	2413	37.9
A_PA	293	2300	C	0	0	2300	34.5
A_PA	294	2102	A	0	0	2102	34.3
A_PA	295	2135	G	0	0	2135	37.5
A_PA	296	2297	G	0	0	2297	36.6
A_PA	297	2494	G	0	0	2494	36.6
A_PA	298	2321	G	0	0	2321	36.8
A_PA	299	2354	T	0	0	2354	35.8
A_PA	300	2207	C	0	0	2207	35.4
A_PA	301	2461	G	0	0	2461	36.8
A_PA	302	2425	A	0	0	2425	37.9
A_PA	303	2306	A	0	0	2306	35.6
A_PA	304	2280	A	0	0	2280	37.9
A_PA	305	2228	A	0	0	2228	37.8
A_PA	306	2386	G	0	0	2386	34.8
A_PA	307	2443	C	0	0	2443	34.1
A_PA	308	2547	C	0	0	2547	36.9
A_PA	309	2303	C	0	0	2303	34.7
A_PA	310	2614	A	0	0	2614	36.3
A_PA	311	2497	A	0	0	2497	34.8
A_PA	312	2519	A	0	0	2519	34.2
A_PA	313	2432	T	0	0	2432	36.7
A_PA	314	2488	T	0	0	2488	36.5
A_PA	315	2317	C	0	0	2317	36.4
A_PA	316	2411	C	0	0	2411	35.6
A_PA	317	2408	T	0	0	2408	37.6
A_PA	318	2271	C	0	0	2271	34.4
A_PA	319	2491	C	0	0	2491	37.7
A_PA	320	2370	C	0	0	2370	36.2
A_PA	321	2720	T	0	0	2720	37.2
A_PA	322	2317	G	0	0	2317	34.6
A_PA	323	2873	A	0	0	2873	35.3
A_PA	324	2464	T	0	0	2464	35.8
A_PA	325	2514	T	0	0	2514	34.6
A_PA	326	2577	T	0	0	2577	34.8
A_PA	327	2862	G	0	0	2862	37.6
A_PA	328	2244	T	0	0	2244	36.4
A_PA	329	2495	A	0	0	2495	35.8
A_PA	330	2436	T	0	0	2436	34.6
A_PA	331	2457	G	0	0	2457	35.7
A_PA	332	2702	A	0	0	2702	34.3
A_PA	333	2503	C	0	0	2503	35.7
A_PA	334	2644	T	0	0	2644	36.5
A_PA	335	2522	A	0	0	2522	35.1
A_PA	336	2452	C	0	0	2452	36.3
A_PA	337	2526	A	0	0	2526	37.4
A_PA	338	2637	A	0	0	2637	37.4
A_PA	339	2508	A	0	0	2508	36.9
A_PA	340	2388	G	0	0	2388	36.9
A_PA	341	2469	A	0	0	2469	37.3
A_PA	342	2621	G	0	0	2621	37.1
A_PA	343	2551	A	0	0	2551	34.6
A_PA	344	2503	A	0	0	2503	35.2
A_PA	345	2892	C	0	0	2892	36.1
A_PA	346	2424	C	0	0	2424	37.7
A_PA	347	2379	G	0	0	2379	34.7
A_PA	348	2512	A	0	0	2512	36.2
A_PA	349	2665	T	0	0	2665	35.4
A_PA	350	2563	T	0	0	2563	36.5
A_PA	351	2429	C	0	0	2429	34.1
A_PA	352	2754	A	0	0	2754	36.6
A_PA	353	2630	T	0	0	2630	35.8
A_PA	354	2483	T	0	0	2483	35.4
A_PA	355	2578	G	0	0	2578	37.3
A_PA	356	2429	A	0	0	2429	35.3
A_PA	357	2617	A	0	0	2617	37.0
A_PA	358	2535	A	0	0	2535	36.2
A_PA	359	2708	T	0	0	2708	37.1
A_PA	360	2864	T	0	0	2864	34.0
A_PA	361	2585	G	0	0	2585	35.9
A_PA	362	2686	G	0	0	2686	35.5
A_PA	363	2641	A	0	0	2641	37.1
A_PA	364	2635	G	0	0	2635	34.6
A_PA	365	2844	T	0	0	2844	34.4
A_PA	366	2660	A	0	0	2660	37.0
A_PA	367	2527	A	0	0	2527	37.8
A_PA	368	2509	C	0	0	2509	34.3
A_PA	369	2618	G	0	0	2618	36.0
A_PA	370	2618	C	0	0	2618	37.2
A_PA	371	2562	G	0	0	2562	35.5
A_PA	372	2664	A	0	0	2664	37.5
A_PA	373	2700	A	0	0	2700	35.9
A_PA	374	2724	G	0	0	2724	37.4
A_PA	375	2661	G	0	0	2661	36.9
A_PA	376	2723	G	0	0	2723	37.3
A_PA	377	2510	A	0	0	2510	37.4
A_PA	378	2389	A	0	0	2389	34.0
A_PA	379	2852	G	0	0	2852	35.3
A_PA	380	2957	T	0	0	2957	36.4
A_PA	381	2900	T	0	0	2900	34.8
A_PA	382	3025	C	0	0	3025	37.5
A_PA	383	2632	A	0	0	2632	37.9
A_PA	384	2487	C	0	0	2487	36.0
A_PA	385	2722	A	0	0	2722	35.3
A_PA	386	2358	T	0	0	2358	37.6
A_PA	387	2634	A	0	0	2634	34.7
A_PA	388	2735	T	0	0	2735	37.7
A_PA	389	2568	A	0	0	2568	36.2
A_PA	390	2542	C	0	0	2542	35.0
A_PA	391	2618	T	0	0	2618	34.8
A_PA	392	2552	A	0	0	2552	35.4
A_PA	393	2848	T	0	0	2848	36.2
A_PA	394	2451	T	0	0	2451	36.4
A_PA	395	2672	T	0	0	2672	35.1
A_PA	396	2454	A	0	0	2454	35.6
A_PA	397	2576	G	0	0	2576	36.7
A_PA	398	2551	A	0	0	2551	36.7
A_PA	399	2546	A	0	0	2546	36.9
A_PA	400	2300	A	0	0	2300	36.1
A_PA	401	2465	A	0	0	2465	34.2
A_PA	402	2639	A	0	0	2639	38.0
A_PA	403	2834	G	0	0	2834	35.5
A_PA	404	2621	C	0	0	2621	35.1
A_PA	405	2417	C	0	0	2417	35.9
A_PA	406	2607	A	0	0	2607	34.6
A_PA	407	2500	A	0	0	2500	36.8
A_PA	408	2548	C	0	0	2548	36.5
A_PA	409	2394	A	0	0	2394	36.3
A_PA	410	2469	A	0	0	2469	35.6
A_PA	411	2590	G	0	0	2590	35.2
A_PA	412	2585	A	0	0	2585	35.1
A_PA	413	2688	T	0	0	2688	35.4
A_PA	414	2638	A	0	0	2638	35.3
A_PA	415	2614	A	0	0	2614	37.1
A_PA	416	2458	A	0	0	2458	37.5
A_PA	417	2571	A	0	0	2571	37.4
A_PA	418	2571	T	0	0	2571	34.8
A_PA	419	2567	C	0	0	2567	35.5
A_PA	420	2480	A	0	0	2480	35.7
A_PA	421	2425	G	0	0	2425	35.8
A_PA	422	2512	A	0	0	2512	35.0
A_PA	423	2491	G	0	0	2491	36.5
A_PA	424	2473	A	0	0	2473	34.5
A_PA	425	2590	A	0	0	2590	35.4
A_PA	426	2473	A	0	0	2473	36.0
A_PA	427	2458	A	0	0	2458	35.7
A_PA	428	2639	C	0	0	2639	37.4
A_PA	429	2333	A	0	0	2333	35.1
A_PA	430	2378	C	0	0	2378	36.8
A_PA	431	2390	A	0	0	2390	36.7
A_PA	432	2506	T	0	0	2506	36.3
A_PA	433	2574	A	0	0	2574	34.1
A_PA	434	2370	T	0	0	2370	35.3
A_PA	435	2567	T	0	0	2567	37.1
A_PA	436	2482	C	0	0	2482	35.0
A_PA	437	2318	A	0	0	2318	36.0
A_PA	438	2568	C	0	0	2568	37.4
A_PA	439	2758	A	0	0	2758	37.5
A_PA	440	2544	T	0	0	2544	35.1
A_PA	441	2568	A	0	0	2568	37.9
A_PA	442	2510	T	0	0	2510	36.2
A_PA	443	2317	T	0	0	2317	36.9
A_PA	444	2595	C	0	0	2595	37.5
A_PA	445	2333	T	0	0	2333	36.1
A_PA	446	2422	C	0	0	2422	34.2
A_PA	447	2533	A	0	0	2533	35.2
A_PA	448	2570	T	0	0	2570	36.4
A_PA	449	2249	T	0	0	2249	34.1
A_PA	450	2363	C	0	0	2363	34.4
A_PA	451	2415	A	0	0	2415	34.3
A_PA	452	2550	C	0	0	2550	34.6
A_PA	453	2447	T	0	0	2447	35.3
A_PA	454	2479	G	0	0	2479	35.7
A_PA	455	2345	G	0	0	2345	36.0
A_PA	456	2391	A	0	0	2391	35.6
A_PA	457	2403	G	0	0	2403	37.5
A_PA	458	2339	A	0	0	2339	36.9
A_PA	459	2249	G	0	0	2249	35.3
A_PA	460	2453	G	0	0	2453	34.5
A_PA	461	2385	A	0	0	2385	37.3
A_PA	462	2412	A	0	0	2412	36.2
A_PA	463	2127	A	0	0	2127	36.0
A_PA	464	2377	T	0	0	2377	36.7
A_PA	465	2425	G	0	0	2425	35.7
A_PA	466	2102	G	0	0	2102	36.8
A_PA	467	2523	C	0	0	2523	34.8
A_PA	468	2127	C	0	0	2127	37.0
A_PA	469	2302	A	0	0	2302	34.3
A_PA	470	2730	C	0	0	2730	37.0
A_PA	471	2752	C	0	0	2752	37.7
A_PA	472	2532	A	0	0	2532	35.2
A_PA	473	2425	A	0	0	2425	37.4
A_PA	474	2335	G	0	0	2335	36.4
A_PA	475	2587	G	0	0	2587	35.1
A_PA	476	2260	C	0	0	2260	34.8
A_PA	477	2467	G	0	0	2467	37.5
A_PA	478	2562	G	0	0	2562	36.3
A_PA	479	2105	A	0	0	2105	35.7
A_PA	480	2396	C	0	0	2396	34.2
A_PA	481	2469	T	0	0	2469	34.2
A_PA	482	2702	A	0	0	2702	37.2
A_PA	483	2392	C	0	0	2392	37.0
A_PA	484	2324	A	0	0	2324	35.7
A_PA	485	2152	C	0	0	2152	37.3
A_PA	486	2289	C	0	0	2289	34.6
A_PA	487	2474	C	0	0	2474	34.5
A_PA	488	2439	T	0	0	2439	35.4
A_PA	489	2241	T	0	0	2241	35.9
A_PA	490	2434	G	0	0	2434	34.7
A_PA	491	2346	A	0	0	2346	37.3
A_PA	492	2259	T	0	0	2259	38.0
A_PA	493	2425	G	0	0	2425	34.7
A_PA	494	2417	A	0	0	2417	36.1
A_PA	495	2611	A	0	0	2611	35.0
A_PA	496	2437	G	0	0	2437	36.3
A_PA	497	2678	A	0	0	2678	36.1
A_PA	498	2418	G	0	0	2418	34.2
A_PA	499	2516	A	0	0	2516	35.3
A_PA	500	2454	G	0	0	2454	36.5
A_PA	501	2768	C	0	0	2768	34.8
A_PA	502	2520	A	0	0	2520	37.2
A_PA	503	2447	G	0	0	2447	36.8
A_PA	504	2451	A	0	0	2451	36.1
A_PA	505	2530	G	0	0	2530	36.3
A_PA	506	2274	C	0	0	2274	35.9
A_PA	507	2701	A	0	0	2701	36.0
A_PA	508	2617	A	0	0	2617	34.7
A_PA	509	2644	G	0	0	2644	36.7
A_PA	510	2184	A	0	0	2184	36.5
A_PA	511	2426	A	0	0	2426	37.0
A_PA	512	2606	T	0	0	2606	35.8
A_PA	513	2492	A	0	0	2492	35.0
A_PA	514	2476	A	0	0	2476	35.7
A_PA	515	2455	A	0	0	2455	35.4
A_PA	516	2320	A	0	0	2320	37.2
A_PA	517	2363	A	0	0	2363	35.3
A_PA	518	2845	C	0	0	2845	36.7
A_PA	519	2361	C	0	0	2361	37.2
A_PA	520	2662	A	0	0	2662	34.7
A_PA	521	2447	G	0	0	2447	34.2
A_PA	522	2486	A	0	0	2486	37.9
A_PA	523	2352	C	0	0	2352	36.6
A_PA	524	2572	T	0	0	2572	37.9
A_PA	525	2652	G	0	0	2652	37.9
A_PA	526	2399	T	0	0	2399	35.7
A_PA	527	2618	T	0	0	2618	37.9
A_PA	528	2701	C	0	0	2701	34.4
A_PA	529	2492	A	0	0	2492	37.5
A_PA	530	2398	C	0	0	2398	34.7
A_PA	531	2452	T	0	0	2452	34.7
A_PA	532	2506	A	0	0	2506	37.2
A_PA	533	2566	T	0	0	2566	34.0
A_PA	534	2706	A	0	0	2706	35.0
A_PA	535	2963	A	0	0	2963	34.4
A_PA	536	2517	G	0	0	2517	35.1
A_PA	537	2961	A	0	0	2961	35.6
A_PA	538	2596	C	0	0	2596	36.3
A_PA	539	2767	A	0	0	2767	34.9
A_PA	540	2391	A	0	0	2391	34.7
A_PA	541	2645	G	0	0	2645	37.8
A_PA	542	2830	A	0	0	2830	36.2
A_PA	543	2631	A	0	0	2631	37.2
A_PA	544	2846	A	0	0	2846	34.8
A_PA	545	2734	T	0	0	2734	36.5
A_PA	546	3067	G	0	0	3067	35.5
A_PA	547	3054	G	0	0	3054	37.4
A_PA	548	2905	C	0	0	2905	34.3
A_PA	549	2912	C	0	0	2912	36.7
A_PA	550	2737	A	0	0	2737	35.0
A_PA	551	3096	G	0	0	3096	34.6
A_PA	552	2901	T	0	0	2901	36.8
A_PA	553	2817	A	0	0	2817	37.1
A_PA	554	2911	G	0	0	2911	38.0
A_PA	555	2557	A	0	0	2557	34.9
A_PA	556	2572	G	0	0	2572	36.1
A_PA	557	2821	G	0	0	2821	36.4
A_PA	558	2829	T	0	0	2829	36.6
A_PA	559	2637	C	0	0	2637	34.3
A_PA	560	2834	T	0	0	2834	37.7
A_PA	561	2947	A	0	0	2947	36.1
A_PA	562	3148	T	0	0	3148	35.1
A_PA	563	3020	G	0	0	3020	36.9
A_PA	564	3230	G	0	0	3230	35.7
A_PA	565	2782	G	0	0	2782	34.9
A_PA	566	2884	A	0	0	2884	37.6
A_PA	567	2802	T	0	0	2802	36.1
A_PA	568	3093	T	0	0	3093	35.8
A_PA	569	3121	C	0	0	3121	36.0
A_PA	570	3436	C	0	0	3436	36.3
A_PA	571	3217	T	0	0	3217	35.1
A_PA	572	2947	T	0	0	2947	35.4
A_PA	573	3063	T	0	0	3063	37.4
A_PA	574	3397	C	0	0	3397	37.9
A_PA	575	3233	G	0	0	3233	37.7
A_PA	576	3101	T	0	0	3101	35.2
A_PA	577	3223	C	0	0	3223	34.7
A_PA	578	3619	A	0	0	3619	36.0
A_PA	579	3201	A	0	0	3201	35.6
A_PA	580	2810	T	0	0	2810	37.0
A_PA	581	3482	C	0	0	3482	34.8
A_PA	582	3276	C	0	0	3276	35.9
A_PA	583	3259	G	0	0	3259	36.9
A_PA	584	3658	A	0	0	3658	37.9
A_PA	585	3243	G	0	0	3243	37.7
A_PA	586	3042	A	0	0	3042	37.5
A_PA	587	2961	G	0	0	2961	37.5
A_PA	588	3481	A	0	0	3481	37.1
A_PA	589	3253	G	0	0	3253	34.8
A_PA	590	3267	G	0	0	3267	36.4
A_PA	591	3183	C	0	0	3183	36.8
A_PA	592	3278	G	0	0	3278	37.5
A_PA	593	3257	A	0	0	3257	34.3
A_PA	594	3234	A	0	0	3234	37.3
A_PA	595	3581	G	0	0	3581	36.6
A_PA	596	3251	A	0	0	3251	36.5
A_PA	597	3159	G	0	0	3159	36.2
A_PA	598	3361	A	0	0	3361	36.5
A_PA	599	3306	C	0	0	3306	37.7
A_PA	600	3678	A	0	0	3678	36.5
A_PA	601	3536	A	0	0	3536	35.4
A_PA	602	3601	T	0	0	3601	37.2
A_PA	603	3403	T	0	0	3403	36.9
A_PA	604	3196	G	0	0	3196	34.9
A_PA	605	3212	A	0	0	3212	34.2
A_PA	606	3563	A	0	0	3563	35.5
A_PA	607	3409	G	0	0	3409	37.7
A_PA	608	3313	A	0	0	3313	37.3
A_PA	609	3529	A	0	0	3529	37.9
A_PA	610	3173	A	0	0	3173	35.4
A_PA	611	3589	G	0	0	3589	37.0
A_PA	612	3891	A	0	0	3891	35.5
A_PA	613	3574	T	0	0	3574	37.5
A_PA	614	3478	T	0	0	3478	34.6
A_PA	615	3401	T	0	0	3401	35.6
A_PA	616	3517	G	0	0	3517	37.3
A_PA	617	3392	A	0	0	3392	35.3
A_PA	618	3390	A	0	0	3390	35.0
A_PA	619	3500	A	0	0	3500	35.5
A_PA	620	3508	T	0	0	3508	35.5
A_PA	621	3445	C	0	0	3445	36.8
A_PA	622	3513	A	0	0	3513	36.8
A_PA	623	3438	C	0	0	3438	34.1
A_PA	624	3765	A	0	0	3765	34.5
A_PA	625	4397	G	0	0	4397	36.7
A_PA	626	3803	G	0	0	3803	38.0
A_PA	627	3503	A	0	0	3503	34.0
A_PA	628	4174	A	0	0	4174	34.2
A_PA	629	3674	C	0	0	3674	34.4
A_PA	630	4304	C	0	0	4304	34.0
A_PA	631	3559	A	0	0	3559	37.5
A_PA	632	3522	T	0	0	3522	36.6
A_PA	633	3437	G	0	0	3437	35.6
A_PA	634	3749	C	0	0	3749	35.4
A_PA	635	3892	G	0	0	3892	36.0
A_PA	636	3546	C	0	0	3546	35.2
A_PA	637	3662	A	0	0	3662	34.3
A_PA	638	3839	G	0	0	3839	37.7
A_PA	639	3778	G	0	0	3778	34.1
A_PA	640	3782	C	0	0	3782	34.6
A_PA	641	3208	T	0	0	3208	34.3
A_PA	642	3813	T	0	0	3813	35.3
A_PA	643	3786	G	0	0	3786	34.8
A_PA	644	4128	C	0	0	4128	35.1
A_PA	645	3953	C	0	0	3953	37.3
A_PA	646	3784	G	0	0	3784	35.9
A_PA	647	3855	A	0	0	3855	34.3
A_PA	648	3689	C	0	0	3689	34.9
A_PA	649	3590	C	0	0	3590	37.3
A_PA	650	3750	A	0	0	3750	35.8
A_PA	651	3668	A	0	0	3668	36.1
A_PA	652	3922	A	0	0	3922	37.9
A_PA	653	4020	G	0	0	4020	35.7
A_PA	654	3574	T	0	0	3574	37.1
A_PA	655	3650	C	0	0	3650	37.1
A_PA	656	4012	T	0	0	4012	37.0
A_PA	657	3782	T	0	0	3782	37.8
A_PA	658	4051	C	0	0	4051	37.0
A_PA	659	3630	C	0	0	3630	37.3
A_PA	660	3684	A	0	0	3684	38.0
A_PA	661	3877	C	0	0	3877	37.5
A_PA	662	3927	C	0	0	3927	37.6
A_PA	663	3667	G	0	0	3667	37.3
A_PA	664	3542	A	0	0	3542	37.9
A_PA	665	4777	A	0	0	4777	35.3
A_PA	666	3619	C	0	0	3619	36.7
A_PA	667	4082	T	0	0	4082	34.1
A_PA	668	3620	T	0	0	3620	37.9
A_PA	669	3496	C	0	0	3496	34.0
A_PA	670	4056	T	0	0	4056	36.0
A_PA	671	4249	C	0	0	4249	34.2
A_PA	672	3677	C	0	0	3677	36.7
A_PA	673	3990	A	0	0	3990	34.6
A_PA	674	3854	G	0	0	3854	35.9
A_PA	675	3954	C	0	0	3954	36.7
A_PA	676	3942	C	0	0	3942	35.9
A_PA	677	3726	T	0	0	3726	37.4
A_PA	678	3542	T	0	0	3542	34.8
A_PA	679	3759	G	0	0	3759	37.9
A_PA	680	3758	A	0	0	3758	34.6
A_PA	681	3740	A	0	0	3740	38.0
A_PA	682	3589	A	0	0	3589	36.1
A_PA	683	3428	A	0	0	3428	34.6
A_PA	684	3444	C	0	0	3444	36.1
A_PA	685	4047	T	0	0	4047	35.1
A_PA	686	3757	T	0	0	3757	35.1
A_PA	687	3793	T	0	0	3793	36.4
A_PA	688	3323	A	0	0	3323	37.8
A_PA	689	3504	G	0	0	3504	36.6
A_PA	690	4163	A	0	0	4163	37.1
A_PA	691	3386	G	0	0	3386	34.4
A_PA	692	3476	C	0	0	3476	35.8
A_PA	693	3897	C	0	0	3897	37.1
A_PA	694	3952	T	0	0	3952	37.7
A_PA	695	3815	A	0	0	3815	37.7
A_PA	696	3460	T	0	0	3460	35.6
A_PA	697	3786	G	0	0	3786	34.1
A_PA	698	3581	T	0	0	3581	37.7
A_PA	699	3569	G	0	0	3569	37.3
A_PA	700	3831	G	0	0	3831	35.3
A_PA	701	3715	A	0	0	3715	36.3
A_PA	702	3548	T	0	0	3548	35.0
A_PA	703	3537	G	0	0	3537	35.7
A_PA	704	3551	G	0	0	3551	37.2
A_PA	705	3480	A	0	0	3480	34.9
A_PA	706	3371	T	0	0	3371	35.7
A_PA	707	3664	T	0	0	3664	35.4
A_PA	708	4010	C	0	0	4010	36.4
A_PA	709	3598	G	0	0	3598	37.0
A_PA	710	3632	A	0	0	3632	34.6
A_PA	711	3797	A	0	0	3797	34.7
A_PA	712	3583	C	0	0	3583	35.9
A_PA	713	3582	C	0	0	3582	34.6
A_PA	714	3573	G	0	0	3573	35.1
A_PA	715	3180	A	0	0	3180	34.2
A_PA	716	3671	A	0	0	3671	36.6
A_PA	717	3313	C	0	0	3313	34.7
A_PA	718	3421	G	0	0	3421	35.4
A_PA	719	3530	G	0	0	3530	34.9
A_PA	720	3346	C	0	0	3346	34.6
A_PA	721	3385	T	0	0	3385	37.6
A_PA	722	3474	G	0	0	3474	35.3
A_PA	723	3577	C	0	0	3577	34.3
A_PA	724	3435	A	0	0	3435	36.0
A_PA	725	3244	T	0	0	3244	35.5
A_PA	726	3375	T	0	0	3375	37.1
A_PA	727	3452	G	0	0	3452	36.8
A_PA	728	3591	A	0	0	3591	36.6
A_PA	729	3275	G	0	0	3275	34.2
A_PA	730	3058	G	0	0	3058	35.7
A_PA	731	3279	G	0	0	3279	37.8
A_PA	732	3514	C	0	0	3514	36.6
A_PA	733	3348	A	0	0	3348	36.0
A_PA	734	3266	A	0	0	3266	36.1
A_PA	735	2939	A	0	0	2939	37.2
A_PA	736	3486	C	0	0	3486	34.6
A_PA	737	3179	T	0	0	3179	37.0
A_PA	738	3427	T	0	0	3427	37.2
A_PA	739	3554	T	0	0	3554	37.7
A_PA	740	2973	C	0	0	2973	34.0
A_PA	741	3213	T	0	0	3213	36.0
A_PA	742	3518	C	0	0	3518	35.7
A_PA	743	3261	A	0	0	3261	35.9
A_PA	744	3023	A	0	0	3023	34.9
A_PA	745	3158	A	0	0	3158	35.8
A_PA	746	3449	T	0	0	3449	34.8
A_PA	747	3045	G	0	0	3045	37.2
A_PA	748	2979	T	0	0	2979	36.0
A_PA	749	3059	C	0	0	3059	37.0
A_PA	750	3484	A	0	0	3484	35.4
A_PA	751	3092	A	0	0	3092	34.8
A_PA	752	3018	A	0	0	3018	35.5
A_PA	753	3384	A	0	0	3384	34.9
A_PA	754	3097	G	0	0	3097	35.0
A_PA	755	2915	A	0	0	2915	34.3
A_PA	756	3196	A	0	0	3196	35.0
A_PA	757	3355	G	0	0	3355	37.6
A_PA	758	2939	T	0	0	2939	36.1
A_PA	759	2947	G	0	0	2947	36.6
A_PA	760	3124	A	0	0	3124	37.8
A_PA	761	3021	A	0	0	3021	35.2
A_PA	762	3067	C	0	0	3067	34.8
A_PA	763	2875	G	0	0	2875	36.9
A_PA	764	3214	C	0	0	3214	36.4
A_PA	765	2912	C	0	0	2912	37.8
A_PA	766	2618	A	0	0	2618	36.5
A_PA	767	2873	G	0	0	2873	36.7
A_PA	768	3234	A	0	0	3234	36.6
A_PA	769	3024	A	0	0	3024	34.2
A_PA	770	2882	T	0	0	2882	37.1
A_PA	771	2906	T	0	0	2906	34.2
A_PA	772	2960	G	0	0	2960	37.0
A_PA	773	2691	A	0	0	2691	34.6
A_PA	774	2925	G	0	0	2925	35.8
A_PA	775	3076	C	0	0	3076	35.6
A_PA	776	2646	C	0	0	2646	35.4
A_PA	777	2970	A	0	0	2970	36.0
A_PA	778	3012	T	0	0	3012	37.2
A_PA	779	2909	T	0	0	2909	35.7
A_PA	780	2804	T	0	0	2804	36.7
A_PA	781	3006	C	0	0	3006	37.3
A_PA	782	2697	T	0	0	2697	37.1
A_PA	783	2930	G	0	0	2930	35.5
A_PA	784	3252	A	0	0	3252	34.3
A_PA	785	2903	A	0	0	2903	35.1
A_PA	786	2713	G	0	0	2713	37.4
A_PA	787	2496	A	0	0	2496	36.5
A_PA	788	2451	C	0	0	2451	34.9
A_PA	789	2834	A	0	0	2834	34.1
A_PA	790	2849	A	0	0	2849	37.5
A_PA	791	2440	C	0	0	2440	34.1
A_PA	792	2625	A	0	0	2625	36.0
A_PA	793	2559	C	0	0	2559	34.2
A_PA	794	2515	C	0	0	2515	37.7
A_PA	795	2650	A	0	0	2650	37.1
A_PA	796	2569	C	0	0	2569	37.5
A_PA	797	2838	G	0	0	2838	35.3
A_PA	798	2484	C	0	0	2484	34.1
A_PA	799	2744	C	0	0	2744	36.5
A_PA	800	2708	C	0	0	2708	37.5
A_PA	801	2806	T	0	0	2806	37.7
A_PA	802	2801	C	0	0	2801	37.1
A_PA	803	2467	T	0	0	2467	35.6
A_PA	804	2535	C	0	0	2535	34.1
A_PA	805	2626	A	0	0	2626	34.6
A_PA	806	3111	G	0	0	3111	36.8
A_PA	807	2462	A	0	0	2462	35.8
A_PA	808	2601	T	0	0	2601	35.3
A_PA	809	2679	T	0	0	2679	34.2
A_PA	810	2790	A	0	0	2790	35.9
A_PA	811	2477	C	0	0	2477	37.9
A_PA	812	2598	C	0	0	2598	35.3
A_PA	813	2734	T	0	0	2734	36.3
A_PA	814	2581	G	0	0	2581	36.9
A_PA	815	2559	A	0	0	2559	36.1
A_PA	816	2621	T	0	0	2621	36.5
A_PA	817	2528	G	0	0	2528	36.5
A_PA	818	2707	G	0	0	2707	36.0
A_PA	819	2490	G	0	0	2490	37.3
A_PA	820	2688	C	0	0	2688	34.6
A_PA	821	2581	C	0	0	2581	35.3
A_PA	822	2261	T	0	0	2261	34.8
A_PA	823	2849	C	0	0	2849	36.4
A_PA	824	2972	C	0	0	2972	36.8
A_PA	825	2655	C	0	0	2655	37.2
A_PA	826	2470	T	0	0	2470	36.0
A_PA	827	2740	G	0	0	2740	36.4
A_PA	828	2255	T	0	0	2255	36.2
A_PA	829	2591	T	0	0	2591	34.8
A_PA	830	3043	C	0	0	3043	36.8
A_PA	831	2599	T	0	0	2599	37.8
A_PA	832	2273	C	0	0	2273	36.4
A_PA	833	2428	A	0	0	2428	37.7
A_PA	834	2725	G	0	0	2725	36.8
A_PA	835	2826	C	0	0	2826	34.3
A_PA	836	2521	G	0	0	2521	35.6
A_PA	837	2608	G	0	0	2608	35.2
A_PA	838	2794	T	0	0	2794	34.8
A_PA	839	2557	C	0	0	2557	35.0
A_PA	840	2546	G	0	0	2546	34.8
A_PA	841	2521	A	0	0	2521	35.4
A_PA	842	2580	A	0	0	2580	36.9
A_PA	843	2642	G	0	0	2642	34.1
A_PA	844	2089	T	0	0	2089	34.5
A_PA	845	2641	T	0	0	2641	37.3
A_PA	846	2726	C	0	0	2726	34.0
A_PA	847	2741	T	0	0	2741	37.2
A_PA	848	2237	T	0	0	2237	34.9
A_PA	849	2699	G	0	0	2699	37.9
A_PA	850	2577	C	0	0	2577	34.0
A_PA	851	2751	T	0	0	2751	35.1
A_PA	852	2539	G	0	0	2539	36.6
A_PA	853	2614	A	0	0	2614	34.4
A_PA	854	2580	T	0	0	2580	34.0
A_PA	855	2580	G	0	0	2580	34.3
A_PA	856	2468	G	0	0	2468	34.2
A_PA	857	2423	A	0	0	2423	37.0
A_PA	858	2584	T	0	0	2584	34.4
A_PA	859	2498	G	0	0	2498	36.4
A_PA	860	2618	C	0	0	2618	34.3
A_PA	861	2501	C	0	0	2501	34.5
A_PA	862	2348	C	0	0	2348	34.9
A_PA	863	2412	T	0	0	2412	37.4
A_PA	864	2444	T	0	0	2444	36.3
A_PA	865	2345	A	0	0	2345	37.9
A_PA	866	2732	A	0	0	2732	36.4
A_PA	867	2600	G	0	0	2600	34.7
A_PA	868	2581	T	0	0	2581	35.8
A_PA	869	2643	T	0	0	2643	35.8
A_PA	870	2678	G	0	0	2678	35.3
A_PA	871	2421	A	0	0	2421	36.6
A_PA	872	2881	G	0	0	2881	34.9
A_PA	873	2584	C	0	0	2584	34.0
A_PA	874	2401	A	0	0	2401	34.8
A_PA	875	2867	T	0	0	2867	35.6
A_PA	876	2358	C	0	0	2358	36.7
A_PA	877	2700	G	0	0	2700	35.9
A_PA	878	2837	A	0	0	2837	35.4
A_PA	879	2473	A	0	0	2473	37.3
A_PA	880	2362	G	0	0	2362	35.1
A_PA	881	2698	A	0	0	2698	34.9
A_PA	882	2428	C	0	0	2428	36.0
A_PA	883	2673	C	0	0	2673	35.4
A_PA	884	2312	C	0	0	2312	36.6
A_PA	885	2594	T	0	0	2594	35.8
A_PA	886	2458	A	0	0	2458	37.4
A_PA	887	2452	G	0	0	2452	35.1
A_PA	888	2517	C	0	0	2517	34.2
A_PA	889	2496	C	0	0	2496	35.2
A_PA	890	2574	A	0	0	2574	37.1
A_PA	891	2604	T	0	0	2604	35.8
A_PA	892	2796	G	0	0	2796	37.5
A_PA	893	2405	A	0	0	2405	36.2
A_PA	894	2577	G	0	0	2577	35.6
A_PA	895	2526	G	0	0	2526	37.2
A_PA	896	2511	G	0	0	2511	34.5
A_PA	897	2667	G	0	0	2667	34.7
A_PA	898	2733	G	0	0	2733	36.4
A_PA	899	2819	A	0	0	2819	36.5
A_PA	900	2690	G	0	0	2690	34.2
A_PA	901	3175	G	0	0	3175	37.6
A_PA	902	2791	G	0	0	2791	36.9
A_PA	903	2682	C	0	0	2682	35.1
A_PA	904	2703	A	0	0	2703	34.7
A_PA	905	2433	T	0	0	2433	34.8
A_PA	906	2518	A	0	0	2518	35.3
A_PA	907	2575	C	0	0	2575	35.2
A_PA	908	2806	C	0	0	2806	37.3
A_PA	909	2501	G	0	0	2501	37.4
A_PA	910	2759	C	0	0	2759	35.0
A_PA	911	2587	T	0	0	2587	35.7
A_PA	912	2427	G	0	0	2427	34.8
A_PA	913	2558	T	0	0	2558	35.2
A_PA	914	2475	A	0	0	2475	36.9
A_PA	915	2767	T	0	0	2767	37.8
A_PA	916	2501	G	0	0	2501	36.3
A_PA	917	2920	A	0	0	2920	34.8
A_PA	918	2797	T	0	0	2797	35.0
A_PA	919	2625	G	0	0	2625	35.9
A_PA	920	2494	C	0	0	2494	35.9
A_PA	921	2559	A	0	0	2559	37.1
A_PA	922	2721	A	0	0	2721	37.7
A_PA	923	2990	T	0	0	2990	36.4
A_PA	924	2506	C	0	0	2506	35.5
A_PA	925	2841	A	0	0	2841	37.1
A_PA	926	2544	A	0	0	2544	37.8
A_PA	927	2676	A	0	0	2676	35.9
A_PA	928	2983	T	0	0	2983	36.3
A_PA	929	2678	G	0	0	2678	34.5
A_PA	930	2838	C	0	0	2838	36.8
A_PA	931	2939	A	0	0	2939	35.4
A_PA	932	2770	T	0	0	2770	34.6
A_PA	933	2893	G	0	0	2893	36.7
A_PA	934	2547	A	0	0	2547	37.8
A_PA	935	2804	A	0	0	2804	34.4
A_PA	936	2356	G	0	0	2356	37.7
A_PA	937	2909	A	0	0	2909	37.8
A_PA	938	2584	C	0	0	2584	36.5
A_PA	939	2884	A	0	0	2884	35.1
A_PA	940	2903	T	0	0	2903	36.0
A_PA	941	2632	T	0	0	2632	34.1
A_PA	942	2658	T	0	0	2658	35.0
A_PA	943	2660	T	0	0	2660	34.0
A_PA	944	2617	T	0	0	2617	34.2
A_PA	945	2981	T	0	0	2981	34.0
A_PA	946	2768	G	0	0	2768	37.1
A_PA	947	2816	G	0	0	2816	37.0
A_PA	948	2823	C	0	0	2823	37.1
A_PA	949	2994	T	0	0	2994	34.2
A_PA	950	2650	G	0	0	2650	35.2
A_PA	951	2809	G	0	0	2809	36.9
A_PA	952	2659	A	0	0	2659	36.3
A_PA	953	2819	A	0	0	2819	35.6
A_PA	954	2710	A	0	0	2710	36.4
A_PA	955	2704	G	0	0	2704	37.0
A_PA	956	2935	A	0	0	2935	34.2
A_PA	957	2545	G	0	0	2545	35.2
A_PA	958	2566	C	0	0	2566	37.9
A_PA	959	2984	C	0	0	2984	36.8
A_PA	960	2922	C	0	0	2922	34.3
A_PA	961	3001	A	0	0	3001	37.4
A_PA	962	2652	A	0	0	2652	36.5
A_PA	963	2420	C	0	0	2420	34.4
A_PA	964	2509	A	0	0	2509	34.5
A_PA	965	2684	T	0	0	2684	37.0
A_PA	966	2518	C	0	0	2518	35.6
A_PA	967	2893	G	0	0	2893	36.7
A_PA	968	2533	T	0	0	2533	36.1
A_PA	969	2547	A	0	0	2547	37.8
A_PA	970	2416	A	0	0	2416	35.7
A_PA	971	2499	A	0	0	2499	36.9
A_PA	972	2734	G	0	0	2734	36.5
A_PA	973	2830	C	0	0	2830	36.2
A_PA	974	2574	C	0	0	2574	36.1
A_PA	975	2630	G	0	0	2630	35.4
A_PA	976	2631	C	0	0	2631	37.5
A_PA	977	2691	A	0	0	2691	37.3
A_PA	978	2469	T	0	0	2469	36.6
A_PA	979	2558	G	0	0	2558	36.0
A_PA	980	2556	A	0	0	2556	35.1
A_PA	981	2603	G	0	0	2603	37.4
A_PA	982	2704	A	0	0	2704	34.5
A_PA	983	2549	A	0	0	2549	34.1
A_PA	984	2532	A	0	0	2532	34.2
A_PA	985	2697	G	0	0	2697	35.2
A_PA	986	2476	G	0	0	2476	35.6
A_PA	987	2689	C	0	0	2689	36.8
A_PA	988	2687	A	0	0	2687	35.1
A_PA	989	2400	T	0	0	2400	36.4
A_PA	990	2229	A	0	0	2229	34.4
A_PA	991	2500	A	0	0	2500	36.8
A_PA	992	2202	A	0	0	2202	37.6
A_PA	993	2564	C	0	0	2564	36.1
A_PA	994	2606	C	0	0	2606	34.4
A_PA	995	2822	C	0	0	2822	36.8
A_PA	996	2556	T	0	0	2556	34.9
A_PA	997	2424	A	0	0	2424	36.3
A_PA	998	2613	A	0	0	2613	34.7
A_PA	999	2793	T	0	0	2793	35.2
A_PA	1000	2554	T	0	0	2554	37.3
A_PA	1001	2650	A	0	0	2650	37.5
A_PA	1002	2505	C	0	0	2505	34.0
A_PA	1003	2659	C	0	0	2659	35.1
A_PA	1004	2531	T	0	0	2531	37.9
A_PA	1005	2565	C	0	0	2565	36.0
A_PA	1006	2693	C	0	0	2693	34.4
A_PA	1007	2487	T	0	0	2487	34.2
A_PA	1008	2515	G	0	0	2515	36.0
A_PA	1009	2439	G	0	0	2439	37.2
A_PA	1010	2634	C	0	0	2634	37.6
A_PA	1011	2401	T	0	0	2401	36.4
A_PA	1012	2288	T	0	0	2288	35.1
A_PA	1013	2384	G	0	0	2384	34.0
A_PA	1014	2559	G	0	0	2559	37.7
A_PA	1015	2228	A	0	0	2228	35.3
A_PA	1016	2386	A	0	0	2386	34.8
A_PA	1017	2371	G	0	0	2371	34.5
A_PA	1018	2479	C	0	0	2479	34.1
A_PA	1019	2386	A	0	0	2386	35.0
A_PA	1020	2447	G	0	0	2447	34.9
A_PA	1021	2140	G	0	0	2140	36.8
A_PA	1022	2412	T	0	0	2412	35.8
A_PA	1023	2485	G	0	0	2485	34.9
A_PA	1024	2237	C	0	0	2237	35.7
A_PA	1025	2261	T	0	0	2261	36.3
A_PA	1026	2282	G	0	0	2282	36.2
A_PA	1027	2351	G	0	0	2351	36.2
A_PA	1028	2170	C	0	0	2170	36.8
A_PA	1029	2346	A	0	0	2346	36.8
A_PA	1030	2697	G	0	0	2697	35.1
A_PA	1031	2130	A	0	0	2130	36.5
A_PA	1032	2254	A	0	0	2254	37.6
A_PA	1033	2353	C	0	0	2353	34.3
A_PA	1034	2271	T	0	0	2271	37.4
A_PA	1035	2206	T	0	0	2206	35.4
A_PA	1036	2258	C	0	0	2258	35.8
A_PA	1037	2435	A	0	0	2435	34.7
A_PA	1038	2196	A	0	0	2196	34.5
A_PA	1039	2105	G	0	0	2105	34.4
A_PA	1040	2227	A	0	0	2227	34.3
A_PA	1041	2530	C	0	0	2530	34.7
A_PA	1042	2111	A	0	0	2111	35.3
A_PA	1043	1957	T	0	0	1957	34.9
A_PA	1044	2282	T	0	0	2282	36.5
A_PA	1045	2337	G	0	0	2337	34.3
A_PA	1046	2249	A	0	0	2249	34.6
A_PA	1047	2248	A	0	0	2248	35.1
A_PA	1048	2168	A	0	0	2168	35.9
A_PA	1049	2200	A	0	0	2200	36.1
A_PA	1050	2162	T	0	0	2162	35.3
A_PA	1051	2335	G	0	0	2335	35.4
A_PA	1052	1987	A	0	0	1987	34.8
A_PA	1053	2296	G	0	0	2296	34.1
A_PA	1054	2130	G	0	0	2130	37.8
A_PA	1055	2131	A	0	0	2131	36.5
A_PA	1056	2227	G	0	0	2227	34.0
A_PA	1057	2246	A	0	0	2246	36.5
A_PA	1058	2261	A	0	0	2261	34.0
A_PA	1059	1986	A	0	0	1986	37.1
A_PA	1060	2030	A	0	0	2030	36.6
A_PA	1061	1841	T	0	0	1841	35.7
A_PA	1062	2205	T	0	0	2205	34.1
A_PA	1063	2112	C	0	0	2112	37.1
A_PA	1064	1954	C	0	0	1954	36.2
A_PA	1065	2021	A	0	0	2021	35.6
A_PA	1066	2107	A	0	0	2107	35.3
A_PA	1067	2227	A	0	0	2227	36.6
A_PA	1068	2014	A	0	0	2014	37.8
A_PA	1069	1971	A	0	0	1971	36.6
A_PA	1070	2048	C	0	0	2048	36.9
A_PA	1071	2124	A	0	0	2124	36.5
A_PA	1072	2105	A	0	0	2105	35.3
A_PA	1073	2158	A	0	0	2158	37.0
A_PA	1074	2142	G	0	0	2142	36.4
A_PA	1075	2017	A	0	0	2017	34.2
A_PA	1076	1957	A	0	0	1957	34.8
A_PA	1077	2019	C	0	0	2019	35.0
A_PA	1078	2060	A	0	0	2060	34.2
A_PA	1079	2197	T	0	0	2197	37.3
A_PA	1080	1963	G	0	0	1963	37.8
A_PA	1081	1922	A	0	0	1922	37.1
A_PA	1082	1759	A	0	0	1759	35.7
A_PA	1083	2021	G	0	0	2021	34.1
A_PA	1084	2085	A	0	0	2085	35.0
A_PA	1085	1859	A	0	0	1859	37.9
A_PA	1086	2181	A	0	0	2181	34.2
A_PA	1087	1946	A	0	0	1946	36.2
A_PA	1088	2113	C	0	0	2113	37.7
A_PA	1089	1861	A	0	0	1861	36.2
A_PA	1090	2002	A	0	0	2002	35.8
A_PA	1091	2025	G	0	0	2025	35.6
A_PA	1092	2080	C	0	0	2080	35.6
A_PA	1093	1932	C	0	0	1932	35.8
A_PA	1094	1775	A	0	0	1775	35.0
A_PA	1095	1971	A	0	0	1971	37.8
A_PA	1096	1900	T	0	0	1900	37.9
A_PA	1097	2071	T	0	0	2071	35.1
A_PA	1098	1829	G	0	0	1829	34.5
A_PA	1099	1888	A	0	0	1888	34.9
A_PA	1100	1830	A	0	0	1830	35.9
A_PA	1101	2013	G	0	0	2013	37.1
A_PA	1102	1923	T	0	0	1923	35.8
A_PA	1103	2037	G	0	0	2037	35.1
A_PA	1104	1972	G	0	0	1972	35.0
A_PA	1105	2048	G	0	0	2048	34.1
A_PA	1106	2016	C	0	0	2016	37.6
A_PA	1107	2168	A	0	0	2168	35.8
A_PA	1108	1851	C	0	0	1851	36.6
A_PA	1109	1904	T	0	0	1904	37.1
A_PA	1110	1860	T	0	0	1860	35.7
A_PA	1111	1947	G	0	0	1947	37.7
A_PA	1112	1958	G	0	0	1958	35.8
A_PA	1113	1933	T	0	0	1933	37.1
A_PA	1114	2144	G	0	0	2144	37.8
A_PA	1115	2120	A	0	0	2120	34.4
A_PA	1116	1904	G	0	0	1904	34.1
A_PA	1117	1952	A	0	0	1952	36.4
A_PA	1118	1971	A	0	0	1971	35.4
A_PA	1119	2043	C	0	0	2043	36.1
A_PA	1120	1929	A	0	0	1929	36.1
A_PA	1121	2049	T	0	0	2049	35.6
A_PA	1122	1924	G	0	0	1924	35.6
A_PA	1123	2226	G	0	0	2226	36.5
A_PA	1124	2063	C	0	0	2063	34.4
A_PA	1125	1782	T	0	0	1782	36.5
A_PA	1126	2105	C	0	0	2105	37.1
A_PA	1127	2267	C	0	0	2267	35.1
A_PA	1128	2034	A	0	0	2034	37.5
A_PA	1129	2144	G	0	0	2144	34.2
A_PA	1130	1782	A	0	0	1782	37.7
A_PA	1131	1904	A	0	0	1904	35.9
A_PA	1132	1886	A	0	0	1886	35.5
A_PA	1133	2126	A	0	0	2126	35.4
A_PA	1134	1980	A	0	0	1980	36.7
A_PA	1135	1854	G	0	0	1854	37.5
A_PA	1136	2211	T	0	0	2211	36.5
A_PA	1137	1959	G	0	0	1959	37.4
A_PA	1138	1987	G	0	0	1987	34.7
A_PA	1139	2039	A	0	0	2039	37.9
A_PA	1140	2039	C	0	0	2039	34.2
A_PA	1141	2303	T	0	0	2303	37.7
A_PA	1142	2007	T	0	0	2007	34.6
A_PA	1143	2054	T	0	0	2054	35.2
A_PA	1144	1985	G	0	0	1985	36.8
A_PA	1145	2143	A	0	0	2143	37.2
A_PA	1146	2204	G	0	0	2204	36.2
A_PA	1147	1916	G	0	0	1916	37.6
A_PA	1148	2277	A	0	0	2277	36.3
A_PA	1149	2120	C	0	0	2120	34.2
A_PA	1150	2098	T	0	0	2098	35.3
A_PA	1151	2111	G	0	0	2111	34.1
A_PA	1152	2095	C	0	0	2095	34.2
A_PA	1153	1923	A	0	0	1923	34.2
A_PA	1154	2155	A	0	0	2155	34.3
A_PA	1155	2114	A	0	0	2114	35.4
A_PA	1156	2179	G	0	0	2179	37.3
A_PA	1157	2276	A	0	0	2276	35.1
A_PA	1158	2269	T	0	0	2269	37.8
A_PA	1159	2314	G	0	0	2314	34.1
A_PA	1160	2037	T	0	0	2037	37.7
A_PA	1161	2302	T	0	0	2302	36.9
A_PA	1162	2310	A	0	0	2310	34.8
A_PA	1163	2382	G	0	0	2382	34.3
A_PA	1164	2218	C	0	0	2218	36.9
A_PA	1165	2386	G	0	0	2386	36.5
A_PA	1166	2344	A	0	0	2344	34.4
A_PA	1167	2431	T	0	0	2431	34.2
A_PA	1168	2209	C	0	0	2209	37.1
A_PA	1169	2452	T	0	0	2452	36.6
A_PA	1170	2418	A	0	0	2418	34.8
A_PA	1171	2255	A	0	0	2255	36.0
A_PA	1172	2586	G	0	0	2586	37.7
A_PA	1173	2636	A	0	0	2636	35.9
A_PA	1174	2542	C	0	0	2542	35.5
A_PA	1175	2618	A	0	0	2618	35.1
A_PA	1176	2354	G	0	0	2354	37.6
A_PA	1177	2392	T	0	0	2392	35.4
A_PA	1178	2167	A	0	0	2167	34.1
A_PA	1179	2508	C	0	0	2508	37.5
A_PA	1180	2404	G	0	0	2404	36.5
A_PA	1181	2264	A	0	0	2264	34.5
A_PA	1182	2394	C	0	0	2394	37.0
A_PA	1183	2375	A	0	0	2375	35.3
A_PA	1184	2668	G	0	0	2668	37.6
A_PA	1185	2165	T	0	0	2165	34.4
A_PA	1186	2523	G	0	0	2523	35.9
A_PA	1187	2599	A	0	0	2599	37.4
A_PA	1188	2486	C	0	0	2486	36.7
A_PA	1189	2538	G	0	0	2538	34.0
A_PA	1190	2456	A	0	0	2456	36.6
A_PA	1191	2717	A	0	0	2717	35.3
A_PA	1192	2650	C	0	0	2650	34.8
A_PA	1193	2739	C	0	0	2739	34.9
A_PA	1194	2580	A	0	0	2580	36.4
A_PA	1195	2776	G	0	0	2776	34.2
A_PA	1196	2839	A	0	0	2839	37.6
A_PA	1197	2820	G	0	0	2820	36.6
A_PA	1198	2514	T	0	0	2514	37.8
A_PA	1199	2657	C	0	0	2657	34.4
A_PA	1200	2439	T	0	0	2439	35.5
A_PA	1201	2636	A	0	0	2636	35.5
A_PA	1202	2677	G	0	0	2677	37.7
A_PA	1203	2592	A	0	0	2592	36.2
A_PA	1204	2764	T	0	0	2764	34.9
A_PA	1205	2642	C	0	0	2642	35.0
A_PA	1206	2681	A	0	0	2681	36.2
A_PA	1207	2692	C	0	0	2692	37.0
A_PA	1208	2896	T	0	0	2896	37.2
A_PA	1209	2646	A	0	0	2646	36.6
A_PA	1210	2941	G	0	0	2941	36.6
A_PA	1211	2816	C	0	0	2816	36.1
A_PA	1212	2949	A	0	0	2949	36.1
A_PA	1213	2873	A	0	0	2873	37.9
A_PA	1214	2873	G	0	0	2873	37.8
A_PA	1215	3065	C	0	0	3065	36.5
A_PA	1216	3119	T	0	0	3119	34.3
A_PA	1217	2878	G	0	0	2878	35.3
A_PA	1218	2683	G	0	0	2683	37.1
A_PA	1219	3122	A	0	0	3122	37.1
A_PA	1220	2993	T	0	0	2993	36.4
A_PA	1221	3055	T	0	0	3055	37.6
A_PA	1222	3190	C	0	0	3190	36.4
A_PA	1223	2958	A	0	0	2958	36.6
A_PA	1224	2882	G	0	0	2882	36.7
A_PA	1225	3223	A	0	0	3223	34.1
A_PA	1226	3326	G	0	0	3326	35.0
A_PA	1227	3018	T	0	0	3018	36.5
A_PA	1228	2990	G	0	0	2990	34.6
A_PA	1229	3037	A	0	0	3037	35.3
A_PA	1230	3259	A	0	0	3259	36.9
A_PA	1231	3296	T	0	0	3296	36.9
A_PA	1232	3244	T	0	0	3244	37.0
A_PA	1233	2855	C	0	0	2855	34.7
A_PA	1234	3091	A	0	0	3091	35.1
A_PA	1235	3247	A	0	0	3247	36.0
A_PA	1236	3103	C	0	0	3103	37.1
A_PA	1237	3009	A	0	0	3009	37.1
A_PA	1238	3309	A	0	0	3309	34.5
A_PA	1239	3058	G	0	0	3058	36.5
A_PA	1240	3054	G	0	0	3054	36.5
A_PA	1241	3261	C	0	0	3261	36.7
A_PA	1242	3529	A	0	0	3529	37.5
A_PA	1243	3089	T	0	0	3089	36.3
A_PA	1244	3148	G	0	0	3148	35.8
A_PA	1245	3514	C	0	0	3514	36.7
A_PA	1246	3143	G	0	0	3143	37.7
A_PA	1247	3228	A	0	0	3228	37.1
A_PA	1248	3095	A	0	0	3095	34.4
A_PA	1249	3097	C	0	0	3097	37.1
A_PA	1250	3227	T	0	0	3227	35.0
A_PA	1251	3162	G	0	0	3162	37.5
A_PA	1252	3656	A	0	0	3656	36.9
A_PA	1253	3479	C	0	0	3479	37.3
A_PA	1254	3599	A	0	0	3599	36.3
A_PA	1255	3074	G	0	0	3074	37.2
A_PA	1256	3186	A	0	0	3186	35.8
A_PA	1257	3311	T	0	0	3311	37.5
A_PA	1258	3506	T	0	0	3506	34.5
A_PA	1259	3455	C	0	0	3455	35.1
A_PA	1260	3185	G	0	0	3185	37.6
A_PA	1261	3712	A	0	0	3712	36.7
A_PA	1262	3727	G	0	0	3727	36.2
A_PA	1263	3293	T	0	0	3293	35.4
A_PA	1264	3261	T	0	0	3261	35.8
A_PA	1265	3563	G	0	0	3563	35.6
A_PA	1266	3030	G	0	0	3030	35.2
A_PA	1267	3311	A	0	0	3311	36.2
A_PA	1268	3273	T	0	0	3273	35.3
A_PA	1269	3496	T	0	0	3496	36.8
A_PA	1270	3316	G	0	0	3316	34.4
A_PA	1271	3202	A	0	0	3202	36.4
A_PA	1272	3166	A	0	0	3166	37.2
A_PA	1273	3426	C	0	0	3426	34.2
A_PA	1274	3728	T	0	0	3728	34.1
A_PA	1275	3511	T	0	0	3511	37.4
A_PA	1276	3494	G	0	0	3494	34.9
A_PA	1277	3776	A	0	0	3776	35.2
A_PA	1278	3814	T	0	0	3814	35.3
A_PA	1279	3371	G	0	0	3371	36.7
A_PA	1280	3284	A	0	0	3284	34.6
A_PA	1281	3807	G	0	0	3807	37.4
A_PA	1282	3230	A	0	0	3230	36.3
A_PA	1283	3339	T	0	0	3339	37.7
A_PA	1284	3845	A	0	0	3845	34.5
A_PA	1285	3512	G	0	0	3512	37.2
A_PA	1286	3373	G	0	0	3373	37.7
A_PA	1287	3099	G	0	0	3099	35.4
A_PA	1288	3377	G	0	0	3377	37.7
A_PA	1289	3177	A	0	0	3177	36.4
A_PA	1290	3519	A	0	0	3519	35.2
A_PA	1291	3554	G	0	0	3554	35.3
A_PA	1292	3656	A	0	0	3656	34.7
A_PA	1293	3476	C	0	0	3476	36.9
A_PA	1294	3513	G	0	0	3513	37.9
A_PA	1295	3754	T	0	0	3754	37.2
A_PA	1296	3796	T	0	0	3796	34.5
A_PA	1297	3456	G	0	0	3456	34.6
A_PA	1298	3713	C	0	0	3713	36.1
A_PA	1299	3514	T	0	0	3514	35.1
A_PA	1300	3833	C	0	0	3833	34.7
A_PA	1301	3515	C	0	0	3515	37.2
A_PA	1302	3706	A	0	0	3706	36.2
A_PA	1303	3423	A	0	0	3423	34.3
A_PA	1304	3642	T	0	0	3642	34.6
A_PA	1305	3406	C	0	0	3406	35.0
A_PA	1306	3179	G	0	0	3179	34.9
A_PA	1307	3163	A	0	0	3163	36.3
A_PA	1308	3321	A	0	0	3321	36.0
A_PA	1309	3782	C	0	0	3782	36.8
A_PA	1310	3560	A	0	0	3560	37.3
A_PA	1311	3604	C	0	0	3604	37.5
A_PA	1312	3742	A	0	0	3742	34.2
A_PA	1313	3444	T	0	0	3444	34.5
A_PA	1314	3160	T	0	0	3160	34.2
A_PA	1315	3043	G	0	0	3043	35.6
A_PA	1316	3617	C	0	0	3617	35.8
A_PA	1317	3498	G	0	0	3498	35.3
A_PA	1318	3435	A	0	0	3435	36.8
A_PA	1319	3255	G	0	0	3255	37.0
A_PA	1320	3715	T	0	0	3715	34.5
A_PA	1321	3579	G	0	0	3579	36.5
A_PA	1322	3527	T	0	0	3527	34.7
A_PA	1323	3307	G	0	0	3307	34.5
A_PA	1324	3926	A	0	0	3926	34.4
A_PA	1325	3756	G	0	0	3756	34.4
A_PA	1326	3424	G	0	0	3424	37.0
A_PA	1327	3129	A	0	0	3129	36.4
A_PA	1328	3611	G	0	0	3611	36.3
A_PA	1329	3457	G	0	0	3457	35.5
A_PA	1330	3528	A	0	0	3528	35.0
A_PA	1331	3643	A	0	0	3643	36.2
A_PA	1332	3214	C	0	0	3214	37.9
A_PA	1333	3539	T	0	0	3539	34.6
A_PA	1334	3413	A	0	0	3413	36.9
A_PA	1335	3430	T	0	0	3430	35.9
A_PA	1336	3090	T	0	0	3090	36.7
A_PA	1337	3437	T	0	0	3437	37.6
A_PA	1338	3096	C	0	0	3096	36.7
A_PA	1339	3660	A	0	0	3660	37.0
A_PA	1340	3368	C	0	0	3368	35.8
A_PA	1341	3448	A	0	0	3448	38.0
A_PA	1342	3379	G	0	0	3379	36.1
A_PA	1343	3131	C	0	0	3131	36.0
A_PA	1344	3348	G	0	0	3348	34.6
A_PA	1345	3443	G	0	0	3443	36.0
A_PA	1346	3356	A	0	0	3356	36.9
A_PA	1347	3273	G	0	0	3273	36.0
A_PA	1348	3522	G	0	0	3522	37.4
A_PA	1349	3594	T	0	0	3594	36.7
A_PA	1350	3402	A	0	0	3402	37.1
A_PA	1351	3379	T	0	0	3379	37.2
A_PA	1352	3140	C	0	0	3140	37.7
A_PA	1353	3375	C	0	0	3375	36.8
A_PA	1354	3488	C	0	0	3488	36.9
A_PA	1355	3214	A	0	0	3214	34.2
A_PA	1356	2852	T	0	0	2852	38.0
A_PA	1357	3882	T	0	0	3882	34.6
A_PA	1358	3184	G	0	0	3184	34.3
A_PA	1359	3364	C	0	0	3364	37.8
A_PA	1360	3247	A	0	0	3247	37.1
A_PA	1361	3396	G	0	0	3396	36.0
A_PA	1362	2697	G	0	0	2697	34.4
A_PA	1363	3485	G	0	0	3485	34.1
A_PA	1364	3699	C	0	0	3699	37.8
A_PA	1365	3071	C	0	0	3071	35.5
A_PA	1366	3153	A	0	0	3153	37.5
A_PA	1367	3208	C	0	0	3208	35.6
A_PA	1368	3222	T	0	0	3222	38.0
A_PA	1369	3193	G	0	0	3193	36.9
A_PA	1370	3084	A	0	0	3084	34.9
A_PA	1371	3837	A	0	0	3837	34.3
A_PA	1372	3032	T	0	0	3032	34.1
A_PA	1373	3427	A	0	0	3427	35.2
A_PA	1374	3331	C	0	0	3331	37.9
A_PA	1375	3433	A	0	0	3433	36.0
A_PA	1376	3093	T	0	0	3093	35.3
A_PA	1377	3180	A	0	0	3180	35.3
A_PA	1378	3310	A	0	0	3310	36.2
A_PA	1379	3244	T	0	0	3244	37.2
A_PA	1380	3172	G	0	0	3172	35.7
A_PA	1381	3308	A	0	0	3308	35.8
A_PA	1382	3223	A	0	0	3223	34.4
A_PA	1383	3536	G	0	0	3536	37.8
A_PA	1384	2970	G	0	0	2970	35.7
A_PA	1385	2861	G	0	0	2861	35.7
A_PA	1386	3213	A	0	0	3213	36.5
A_PA	1387	2944	G	0	0	2944	37.0
A_PA	1388	2968	T	0	0	2968	37.8
A_PA	1389	3342	A	0	0	3342	34.6
A_PA	1390	3291	T	0	0	3291	35.8
A_PA	1391	3071	A	0	0	3071	34.6
A_PA	1392	2984	C	0	0	2984	37.3
A_PA	1393	2991	A	0	0	2991	34.9
A_PA	1394	2789	T	0	0	2789	36.9
A_PA	1395	3104	A	0	0	3104	34.5
A_PA	1396	3150	A	0	0	3150	35.5
A_PA	1397	3319	A	0	0	3319	35.5
A_PA	1398	3030	C	0	0	3030	37.5
A_PA	1399	2940	A	0	0	2940	37.7
A_PA	1400	2778	C	0	0	2778	36.2
A_PA	1401	3177	A	0	0	3177	35.6
A_PA	1402	3122	G	0	0	3122	36.5
A_PA	1403	3000	C	0	0	3000	37.4
A_PA	1404	3199	C	0	0	3199	37.8
A_PA	1405	3231	C	0	0	3231	35.7
A_PA	1406	3240	T	0	0	3240	36.7
A_PA	1407	3062	A	0	0	3062	36.9
A_PA	1408	3147	T	0	0	3147	35.0
A_PA	1409	3055	T	0	0	3055	34.1
A_PA	1410	3058	G	0	0	3058	36.4
A_PA	1411	2848	A	0	0	2848	35.2
A_PA	1412	3001	A	0	0	3001	37.8
A_PA	1413	3053	T	0	0	3053	36.7
A_PA	1414	3263	G	0	0	3263	34.0
A_PA	1415	3066	C	0	0	3066	36.4
A_PA	1416	2932	A	0	0	2932	36.1
A_PA	1417	2766	T	0	0	2766	34.8
A_PA	1418	2991	C	0	0	2991	37.8
A_PA	1419	3114	C	0	0	3114	34.8
A_PA	1420	2872	T	0	0	2872	36.2
A_PA	1421	3073	G	0	0	3073	37.2
A_PA	1422	3172	T	0	0	3172	37.6
A_PA	1423	3126	G	0	0	3126	37.0
A_PA	1424	2633	C	0	0	2633	35.7
A_PA	1425	2732	A	0	0	2732	35.9
A_PA	1426	2922	G	0	0	2922	37.7
A_PA	1427	2941	C	0	0	2941	35.3
A_PA	1428	2810	C	0	0	2810	37.7
A_PA	1429	2618	A	0	0	2618	37.7
A_PA	1430	2791	T	0	0	2791	37.0
A_PA	1431	3016	G	0	0	3016	35.0
A_PA	1432	2888	G	0	0	2888	35.4
A_PA	1433	2930	A	0	0	2930	37.7
A_PA	1434	3118	T	0	0	3118	37.9
A_PA	1435	2860	G	0	0	2860	34.1
A_PA	1436	2874	A	0	0	2874	38.0
A_PA	1437	2978	C	0	0	2978	37.6
A_PA	1438	2982	T	0	0	2982	35.1
A_PA	1439	2959	T	0	0	2959	35.3
A_PA	1440	2901	C	0	0	2901	36.1
A_PA	1441	2760	C	0	0	2760	35.7
A_PA	1442	2718	A	0	0	2718	36.7
A_PA	1443	2854	A	0	0	2854	34.6
A_PA	1444	3147	T	0	0	3147	34.7
A_PA	1445	2689	T	0	0	2689	36.8
A_PA	1446	2819	G	0	0	2819	35.1
A_PA	1447	3202	A	0	0	3202	37.2
A_PA	1448	2880	T	0	0	2880	35.5
A_PA	1449	2963	T	0	0	2963	35.9
A_PA	1450	3181	C	0	0	3181	36.6
A_PA	1451	2939	C	0	0	2939	36.9
A_PA	1452	3272	A	0	0	3272	37.4
A_PA	1453	2666	A	0	0	2666	34.5
A_PA	1454	2734	T	0	0	2734	35.5
A_PA	1455	3054	G	0	0	3054	37.4
A_PA	1456	3180	A	0	0	3180	34.7
A_PA	1457	2781	T	0	0	2781	36.1
A_PA	1458	2885	A	0	0	2885	37.9
A_PA	1459	3097	A	0	0	3097	37.0
A_PA	1460	2611	G	0	0	2611	37.7
A_PA	1461	3152	T	0	0	3152	35.8
A_PA	1462	3077	A	0	0	3077	35.3
A_PA	1463	2934	A	0	0	2934	37.0
A_PA	1464	2943	G	0	0	2943	37.3
A_PA	1465	3219	T	0	0	3219	36.1
A_PA	1466	3093	G	0	0	3093	36.3
A_PA	1467	3335	C	0	0	3335	37.9
A_PA	1468	2811	A	0	0	2811	37.1
A_PA	1469	2903	G	0	0	2903	35.4
A_PA	1470	3032	A	0	0	3032	36.4
A_PA	1471	2934	A	0	0	2934	34.8
A_PA	1472	2822	C	0	0	2822	36.3
A_PA	1473	3041	T	0	0	3041	35.5
A_PA	1474	3234	A	0	0	3234	37.2
A_PA	1475	3123	A	0	0	3123	35.1
A_PA	1476	3393	A	0	0	3393	35.0
A_PA	1477	3034	G	0	0	3034	37.8
A_PA	1478	3182	A	0	0	3182	35.8
A_PA	1479	2942	A	0	0	2942	37.0
A_PA	1480	2874	G	0	0	2874	37.5
A_PA	1481	3157	G	0	0	3157	35.4
A_PA	1482	2940	A	0	0	2940	37.1
A_PA	1483	2790	A	0	0	2790	34.7
A_PA	1484	2968	G	0	0	2968	34.3
A_PA	1485	3096	A	0	0	3096	34.3
A_PA	1486	3164	C	0	0	3164	36.0
A_PA	1487	2970	G	0	0	2970	37.1
A_PA	1488	3035	G	0	0	3035	35.0
A_PA	1489	3281	A	0	0	3281	35.2
A_PA	1490	2753	A	0	0	2753	35.3
A_PA	1491	3198	G	0	0	3198	37.6
A_PA	1492	2971	A	0	0	2971	34.5
A_PA	1493	3114	C	0	0	3114	35.9
A_PA	1494	2872	A	0	0	2872	36.4
A_PA	1495	3196	A	0	0	3196	34.2
A_PA	1496	3389	A	0	0	3389	36.1
A_PA	1497	3132	T	0	0	3132	37.3
A_PA	1498	3383	C	0	0	3383	37.7
A_PA	1499	2845	T	0	0	2845	37.7
A_PA	1500	3175	G	0	0	3175	36.9
A_PA	1501	2865	T	0	0	2865	38.0
A_PA	1502	3227	A	0	0	3227	35.6
A_PA	1503	2857	T	0	0	2857	37.2
A_PA	1504	3356	G	0	0	3356	37.8
A_PA	1505	2859	G	0	0	2859	36.3
A_PA	1506	3035	A	0	0	3035	36.0
A_PA	1507	3166	T	0	0	3166	34.9
A_PA	1508	3527	T	0	0	3527	38.0
A_PA	1509	3092	C	0	0	3092	37.0
A_PA	1510	2881	A	0	0	2881	36.5
A_PA	1511	2953	T	0	0	2953	37.7
A_PA	1512	2917	T	0	0	2917	36.4
A_PA	1513	3032	A	0	0	3032	37.5
A_PA	1514	3204	T	0	0	3204	35.7
A_PA	1515	3054	A	0	0	3054	35.4
A_PA	1516	3203	A	0	0	3203	37.6
A_PA	1517	3066	A	0	0	3066	34.0
A_PA	1518	3025	A	0	0	3025	37.6
A_PA	1519	3022	G	0	0	3022	37.9
A_PA	1520	3385	G	0	0	3385	34.3
A_PA	1521	3179	A	0	0	3179	37.0
A_PA	1522	2960	A	0	0	2960	35.3
A_PA	1523	3264	G	0	0	3264	34.3
A_PA	1524	3151	A	0	0	3151	35.1
A_PA	1525	3185	T	0	0	3185	34.4
A_PA	1526	3471	C	0	0	3471	35.4
A_PA	1527	3132	C	0	0	3132	36.9
A_PA	1528	3134	C	0	0	3134	34.2
A_PA	1529	2854	A	0	0	2854	36.0
A_PA	1530	3047	T	0	0	3047	37.3
A_PA	1531	3400	T	0	0	3400	37.6
A_PA	1532	3050	T	0	0	3050	34.7
A_PA	1533	3392	G	0	0	3392	35.8
A_PA	1534	3463	A	0	0	3463	37.1
A_PA	1535	2922	G	0	0	2922	37.3
A_PA	1536	2918	G	0	0	2918	35.1
A_PA	1537	3133	A	0	0	3133	36.2
A_PA	1538	3246	A	0	0	3246	34.0
A_PA	1539	3300	T	0	0	3300	35.5
A_PA	1540	3612	G	0	0	3612	36.2
A_PA	1541	3186	A	0	0	3186	35.9
A_PA	1542	3152	C	0	0	3152	37.0
A_PA	1543	3171	A	0	0	3171	36.4
A_PA	1544	3427	C	0	0	3427	36.7
A_PA	1545	2735	C	0	0	2735	35.6
A_PA	1546	3102	G	0	0	3102	36.2
A_PA	1547	3149	A	0	0	3149	34.1
A_PA	1548	3412	T	0	0	3412	37.1
A_PA	1549	3240	G	0	0	3240	36.8
A_PA	1550	3178	T	0	0	3178	37.6
A_PA	1551	3092	G	0	0	3092	35.2
A_PA	1552	3210	G	0	0	3210	34.7
A_PA	1553	2826	T	0	0	2826	36.1
A_PA	1554	3467	A	0	0	3467	35.0
A_PA	1555	3436	A	0	0	3436	34.3
A_PA	1556	3015	A	0	0	3015	36.7
A_PA	1557	2913	C	0	0	2913	34.6
A_PA	1558	3108	T	0	0	3108	36.6
A_PA	1559	3150	T	0	0	3150	35.6
A_PA	1560	3532	T	0	0	3532	34.1
A_PA	1561	3000	G	0	0	3000	35.4
A_PA	1562	3266	T	0	0	3266	36.4
A_PA	1563	2992	G	0	0	2992	37.8
A_PA	1564	3087	A	0	0	3087	36.0
A_PA	1565	2815	G	0	0	2815	35.4
A_PA	1566	3161	C	0	0	3161	34.7
A_PA	1567	3289	A	0	0	3289	37.9
A_PA	1568	3143	T	0	0	3143	35.2
A_PA	1569	3233	G	0	0	3233	35.8
A_PA	1570	3425	G	0	0	3425	35.1
A_PA	1571	3023	A	0	0	3023	35.2
A_PA	1572	3607	A	0	0	3607	34.7
A_PA	1573	2895	T	0	0	2895	37.0
A_PA	1574	3374	T	0	0	3374	34.7
A_PA	1575	3227	C	0	0	3227	37.7
A_PA	1576	3260	T	0	0	3260	34.5
A_PA	1577	2947	C	0	0	2947	38.0
A_PA	1578	3039	T	0	0	3039	34.4
A_PA	1579	3179	C	0	0	3179	36.5
A_PA	1580	2920	T	0	0	2920	36.8
A_PA	1581	3266	A	0	0	3266	37.3
A_PA	1582	3488	A	0	0	3488	38.0
A_PA	1583	3417	C	0	0	3417	34.4
A_PA	1584	3349	T	0	0	3349	34.1
A_PA	1585	3299	G	0	0	3299	35.9
A_PA	1586	3173	A	0	0	3173	36.2
A_PA	1587	3095	C	0	0	3095	37.6
A_PA	1588	2910	C	0	0	2910	38.0
A_PA	1589	3573	C	0	0	3573	34.9
A_PA	1590	3098	G	0	0	3098	36.5
A_PA	1591	2887	A	0	0	2887	34.6
A_PA	1592	3174	G	0	0	3174	34.4
A_PA	1593	3100	G	0	0	3100	34.1
A_PA	1594	2936	C	0	0	2936	37.3
A_PA	1595	3100	T	0	0	3100	36.9
A_PA	1596	2773	A	0	0	2773	34.7
A_PA	1597	2781	G	0	0	2781	37.1
A_PA	1598	2941	A	0	0	2941	35.2
A_PA	1599	3214	G	0	0	3214	37.5
A_PA	1600	2802	C	0	0	2802	37.3
A_PA	1601	3039	C	0	0	3039	38.0
A_PA	1602	2986	A	0	0	2986	35.3
A_PA	1603	2892	C	0	0	2892	37.8
A_PA	1604	3156	A	0	0	3156	38.0
A_PA	1605	2746	C	0	0	2746	37.0
A_PA	1606	2923	A	0	0	2923	36.6
A_PA	1607	3027	A	0	0	3027	36.5
A_PA	1608	2943	A	0	0	2943	37.3
A_PA	1609	3072	T	0	0	3072	37.5
A_PA	1610	3058	G	0	0	3058	34.1
A_PA	1611	2735	G	0	0	2735	36.9
A_PA	1612	2990	G	0	0	2990	34.5
A_PA	1613	2951	A	0	0	2951	34.5
A_PA	1614	2885	A	0	0	2885	36.5
A_PA	1615	3254	A	0	0	3254	36.7
A_PA	1616	3100	A	0	0	3100	36.3
A_PA	1617	2824	G	0	0	2824	36.3
A_PA	1618	2627	T	0	0	2627	36.9
A_PA	1619	3054	A	0	0	3054	37.4
A_PA	1620	2723	C	0	0	2723	37.5
A_PA	1621	2924	T	0	0	2924	36.4
A_PA	1622	3016	G	0	0	3016	37.8
A_PA	1623	2529	T	0	0	2529	35.0
A_PA	1624	2823	G	0	0	2823	35.0
A_PA	1625	2873	T	0	0	2873	37.9
A_PA	1626	2609	T	0	0	2609	35.1
A_PA	1627	2763	C	0	0	2763	37.0
A_PA	1628	3145	T	0	0	3145	34.6
A_PA	1629	2576	T	0	0	2576	34.4
A_PA	1630	2675	G	0	0	2675	35.7
A_PA	1631	2518	A	0	0	2518	37.0
A_PA	1632	2558	G	0	0	2558	37.6
A_PA	1633	2459	A	0	0	2459	35.3
A_PA	1634	2644	T	0	0	2644	34.2
A_PA	1635	2594	A	0	0	2594	37.0
A_PA	1636	2354	G	0	0	2354	34.9
A_PA	1637	2609	G	0	0	2609	37.1
A_PA	1638	2532	A	0	0	2532	36.0
A_PA	1639	2676	G	0	0	2676	35.0
A_PA	1640	2675	A	0	0	2675	37.4
A_PA	1641	2489	C	0	0	2489	36.5
A_PA	1642	2511	A	0	0	2511	37.7
A_PA	1643	2359	T	0	0	2359	36.8
A_PA	1644	2718	G	0	0	2718	36.4
A_PA	1645	2467	C	0	0	2467	34.2
A_PA	1646	2673	T	0	0	2673	36.3
A_PA	1647	2558	C	0	0	2558	34.6
A_PA	1648	2488	C	0	0	2488	35.4
A_PA	1649	2493	T	0	0	2493	37.3
A_PA	1650	2327	A	0	0	2327	34.7
A_PA	1651	2419	C	0	0	2419	36.7
A_PA	1652	2247	G	0	0	2247	35.7
A_PA	1653	2454	G	0	0	2454	35.2
A_PA	1654	2502	A	0	0	2502	37.6
A_PA	1655	2360	C	0	0	2360	36.8
A_PA	1656	2575	T	0	0	2575	37.2
A_PA	1657	2509	G	0	0	2509	34.4
A_PA	1658	2353	C	0	0	2353	35.6
A_PA	1659	2484	A	0	0	2484	37.9
A_PA	1660	2447	A	0	0	2447	36.1
A_PA	1661	2205	T	0	0	2205	35.7
A_PA	1662	2375	A	0	0	2375	36.0
A_PA	1663	2425	G	0	0	2425	34.2
A_PA	1664	2310	G	0	0	2310	34.9
A_PA	1665	2371	C	0	0	2371	35.8
A_PA	1666	2405	C	0	0	2405	36.7
A_PA	1667	2182	A	0	0	2182	37.8
A_PA	1668	2264	A	0	0	2264	36.9
A_PA	1669	2461	G	0	0	2461	35.6
A_PA	1670	2303	T	0	0	2303	34.5
A_PA	1671	2370	G	0	0	2370	34.1
A_PA	1672	2588	T	0	0	2588	35.2
A_PA	1673	2181	C	0	0	2181	37.3
A_PA	1674	2189	G	0	0	2189	37.6
A_PA	1675	2017	A	0	0	2017	35.1
A_PA	1676	2229	G	0	0	2229	36.6
A_PA	1677	1976	G	0	0	1976	36.9
A_PA	1678	2290	C	0	0	2290	37.9
A_PA	1679	2190	C	0	0	2190	34.4
A_PA	1680	2171	C	0	0	2171	37.7
A_PA	1681	1998	A	0	0	1998	35.8
A_PA	1682	2194	T	0	0	2194	34.5
A_PA	1683	1982	G	0	0	1982	37.6
A_PA	1684	2190	T	0	0	2190	37.5
A_PA	1685	1873	T	0	0	1873	35.8
A_PA	1686	2206	C	0	0	2206	36.8
A_PA	1687	2078	C	0	0	2078	36.5
A_PA	1688	2077	T	0	0	2077	34.9
A_PA	1689	2079	G	0	0	2079	37.2
A_PA	1690	2394	T	0	0	2394	38.0
A_PA	1691	2090	A	0	0	2090	35.4
A_PA	1692	2159	T	0	0	2159	35.7
A_PA	1693	1935	G	0	0	1935	35.4
A_PA	1694	1957	T	0	0	1957	37.3
A_PA	1695	2092	G	0	0	2092	34.1
A_PA	1696	1806	A	0	0	1806	35.3
A_PA	1697	2105	G	0	0	2105	36.4
A_PA	1698	2090	A	0	0	2090	35.8
A_PA	1699	2109	A	0	0	2109	34.0
A_PA	1700	1816	C	0	0	1816	37.1
A_PA	1701	1872	C	0	0	1872	34.8
A_PA	1702	1959	A	0	0	1959	36.3
A_PA	1703	1872	A	0	0	1872	34.8
A_PA	1704	2169	T	0	0	2169	35.3
A_PA	1705	1926	G	0	0	1926	37.0
A_PA	1706	1777	G	0	0	1777	37.2
A_PA	1707	1956	G	0	0	1956	37.2
A_PA	1708	1989	A	0	0	1989	36.9
A_PA	1709	2041	C	0	0	2041	37.0
A_PA	1710	2033	T	0	0	2033	34.9
A_PA	1711	2079	T	0	0	2079	37.2
A_PA	1712	1826	C	0	0	1826	36.9
A_PA	1713	2029	C	0	0	2029	37.1
A_PA	1714	1859	A	0	0	1859	36.3
A_PA	1715	2002	A	0	0	2002	37.7
A_PA	1716	1772	G	0	0	1772	37.7
A_PA	1717	1984	A	0	0	1984	35.5
A_PA	1718	1835	T	0	0	1835	35.2
A_PA	1719	1949	C	0	0	1949	36.4
A_PA	1720	1698	A	0	0	1698	35.0
A_PA	1721	1927	A	0	0	1927	35.9
A_PA	1722	1959	A	0	0	1959	34.7
A_PA	1723	1830	A	0	0	1830	37.2
A_PA	1724	1755	T	0	0	1755	34.4
A_PA	1725	1883	G	0	0	1883	37.4
A_PA	1726	1702	A	0	0	1702	34.3
A_PA	1727	1850	A	0	0	1850	34.8
A_PA	1728	1726	A	0	0	1726	36.4
A_PA	1729	1691	T	0	0	1691	36.4
A_PA	1730	1999	G	0	0	1999	35.4
A_PA	1731	1887	G	0	0	1887	37.5
A_PA	1732	1856	G	0	0	1856	34.2
A_PA	1733	1713	G	0	0	1713	34.1
A_PA	1734	1556	C	0	0	1556	37.1
A_PA	1735	1790	A	0	0	1790	34.7
A_PA	1736	1663	T	0	0	1663	35.3
A_PA	1737	1778	G	0	0	1778	37.0
A_PA	1738	1758	G	0	0	1758	34.1
A_PA	1739	1685	A	0	0	1685	35.9
A_PA	1740	1851	G	0	0	1851	34.0
A_PA	1741	1729	A	0	0	1729	37.8
A_PA	1742	1711	T	0	0	1711	36.5
A_PA	1743	1861	G	0	0	1861	35.4
A_PA	1744	1629	A	0	0	1629	37.4
A_PA	1745	1909	G	0	0	1909	37.0
A_PA	1746	1685	G	0	0	1685	37.1
A_PA	1747	1641	C	0	0	1641	34.2
A_PA	1748	1845	G	0	0	1845	34.1
A_PA	1749	1704	A	0	0	1704	35.1
A_PA	1750	1814	T	0	0	1814	38.0
A_PA	1751	1832	G	0	0	1832	34.1
A_PA	1752	1793	C	0	0	1793	37.7
A_PA	1753	1931	C	0	0	1931	37.5
A_PA	1754	1843	T	0	0	1843	36.2
A_PA	1755	1822	T	0	0	1822	34.4
A_PA	1756	1796	C	0	0	1796	37.6
A_PA	1757	1731	T	0	0	1731	36.6
A_PA	1758	1697	T	0	0	1697	35.1
A_PA	1759	1644	C	0	0	1644	34.6
A_PA	1760	2014	A	0	0	2014	35.3
A_PA	1761	1853	G	0	0	1853	37.1
A_PA	1762	1889	T	0	0	1889	34.1
A_PA	1763	1993	C	0	0	1993	35.3
A_PA	1764	1807	C	0	0	1807	37.9
A_PA	1765	2024	C	0	0	2024	37.7
A_PA	1766	1910	T	0	0	1910	36.2
A_PA	1767	1958	T	0	0	1958	37.0
A_PA	1768	1964	C	0	0	1964	37.9
A_PA	1769	1738	A	0	0	1738	37.4
A_PA	1770	1886	A	0	0	1886	35.2
A_PA	1771	1752	C	0	0	1752	36.6
A_PA	1772	1828	A	0	0	1828	34.8
A_PA	1773	1988	A	0	0	1988	35.3
A_PA	1774	1994	A	0	0	1994	36.1
A_PA	1775	1814	T	0	0	1814	37.6
A_PA	1776	2017	T	0	0	2017	35.6
A_PA	1777	1860	G	0	0	1860	34.6
A_PA	1778	2084	A	0	0	2084	36.9
A_PA	1779	2235	G	0	0	2235	37.2
A_PA	1780	1993	A	0	0	1993	34.4
A_PA	1781	2061	G	0	0	2061	34.2
A_PA	1782	1833	C	0	0	1833	37.6
A_PA	1783	1961	A	0	0	1961	35.7
A_PA	1784	1907	T	0	0	1907	34.6
A_PA	1785	1966	G	0	0	1966	35.9
A_PA	1786	1894	A	0	0	1894	35.1
A_PA	1787	1959	T	0	0	1959	37.3
A_PA	1788	1918	T	0	0	1918	36.4
A_PA	1789	1892	G	0	0	1892	35.8
A_PA	1790	1969	A	0	0	1969	37.7
A_PA	1791	1969	G	0	0	1969	36.8
A_PA	1792	1911	G	0	0	1911	37.0
A_PA	1793	2200	C	0	0	2200	37.7
A_PA	1794	2059	C	0	0	2059	37.3
A_PA	1795	2144	G	0	0	2144	36.7
A_PA	1796	2135	A	0	0	2135	36.7
A_PA	1797	1965	A	0	0	1965	37.3
A_PA	1798	2119	T	0	0	2119	37.0
A_PA	1799	2246	C	0	0	2246	37.0
A_PA	1800	2345	T	0	0	2345	35.8
A_PA	1801	2083	T	0	0	2083	36.4
A_PA	1802	2039	C	0	0	2039	37.2
A_PA	1803	2215	T	0	0	2215	34.4
A_PA	1804	1923	G	0	0	1923	35.1
A_PA	1805	2299	T	0	0	2299	35.0
A_PA	1806	2291	C	0	0	2291	36.1
A_PA	1807	2101	A	0	0	2101	37.7
A_PA	1808	2118	A	0	0	2118	36.8
A_PA	1809	2330	A	0	0	2330	35.1
A_PA	1810	2218	G	0	0	2218	35.4
A_PA	1811	2001	A	0	0	2001	36.1
A_PA	1812	2023	G	0	0	2023	36.6
A_PA	1813	2211	A	0	0	2211	35.9
A_PA	1814	2105	A	0	0	2105	37.8
A_PA	1815	2079	G	0	0	2079	34.9
A_PA	1816	2404	G	0	0	2404	37.9
A_PA	1817	2545	A	0	0	2545	35.6
A_PA	1818	2360	C	0	0	2360	36.2
A_PA	1819	2367	A	0	0	2367	35.3
A_PA	1820	2454	T	0	0	2454	34.2
A_PA	1821	2383	G	0	0	2383	36.9
A_PA	1822	2234	T	0	0	2234	35.2
A_PA	1823	2230	C	0	0	2230	35.6
A_PA	1824	2289	C	0	0	2289	36.7
A_PA	1825	2676	A	0	0	2676	37.8
A_PA	1826	2360	A	0	0	2360	35.0
A_PA	1827	2460	G	0	0	2460	34.9
A_PA	1828	2593	G	0	0	2593	37.1
A_PA	1829	2491	A	0	0	2491	36.4
A_PA	1830	2641	A	0	0	2641	34.1
A_PA	1831	2721	T	0	0	2721	35.4
A_PA	1832	2662	T	0	0	2662	36.5
A_PA	1833	2538	C	0	0	2538	35.1
A_PA	1834	2289	T	0	0	2289	37.3
A_PA	1835	2617	T	0	0	2617	34.3
A_PA	1836	2462	T	0	0	2462	34.7
A_PA	1837	2299	G	0	0	2299	37.9
A_PA	1838	2251	A	0	0	2251	36.0
A_PA	1839	2302	A	0	0	2302	38.0
A_PA	1840	2682	A	0	0	2682	34.9
A_PA	1841	2622	A	0	0	2622	37.8
A_PA	1842	2568	C	0	0	2568	34.3
A_PA	1843	2672	A	0	0	2672	34.9
A_PA	1844	2565	A	0	0	2565	34.4
A_PA	1845	2630	A	0	0	2630	35.0
A_PA	1846	2481	T	0	0	2481	34.9
A_PA	1847	2704	C	0	0	2704	34.7
A_PA	1848	2936	A	0	0	2936	36.6
A_PA	1849	2595	G	0	0	2595	37.6
A_PA	1850	2610	A	0	0	2610	35.9
A_PA	1851	2686	A	0	0	2686	35.1
A_PA	1852	2733	A	0	0	2733	35.0
A_PA	1853	2554	C	0	0	2554	35.0
A_PA	1854	2798	A	0	0	2798	34.4
A_PA	1855	2604	T	0	0	2604	37.3
A_PA	1856	2663	G	0	0	2663	34.8
A_PA	1857	2719	G	0	0	2719	36.6
A_PA	1858	3025	C	0	0	3025	35.3
A_PA	1859	2697	C	0	0	2697	35.0
A_PA	1860	2660	A	0	0	2660	35.3
A_PA	1861	2701	A	0	0	2701	35.4
A_PA	1862	3073	T	0	0	3073	35.7
A_PA	1863	2737	T	0	0	2737	34.4
A_PA	1864	3023	G	0	0	3023	34.3
A_PA	1865	2698	G	0	0	2698	34.8
A_PA	1866	2784	A	0	0	2784	35.2
A_PA	1867	2848	G	0	0	2848	38.0
A_PA	1868	2833	A	0	0	2833	36.7
A_PA	1869	2581	A	0	0	2581	34.2
A_PA	1870	2681	T	0	0	2681	36.8
A_PA	1871	2882	C	0	0	2882	37.0
A_PA	1872	2880	A	0	0	2880	35.7
A_PA	1873	3041	C	0	0	3041	35.6
A_PA	1874	2811	C	0	0	2811	34.2
A_PA	1875	3039	C	0	0	3039	36.1
A_PA	1876	3184	A	0	0	3184	35.9
A_PA	1877	2991	A	0	0	2991	36.4
A_PA	1878	2760	A	0	0	2760	35.3
A_PA	1879	2813	G	0	0	2813	34.6
A_PA	1880	2924	G	0	0	2924	36.2
A_PA	1881	2637	G	0	0	2637	36.7
A_PA	1882	3080	G	0	0	3080	36.1
A_PA	1883	2725	T	0	0	2725	37.7
A_PA	1884	3081	G	0	0	3081	36.3
A_PA	1885	2972	G	0	0	2972	37.4
A_PA	1886	3118	A	0	0	3118	36.2
A_PA	1887	2704	G	0	0	2704	35.5
A_PA	1888	3076	G	0	0	3076	34.2
A_PA	1889	3013	A	0	0	3013	36.1
A_PA	1890	2777	A	0	0	2777	37.8
A_PA	1891	2860	G	0	0	2860	37.5
A_PA	1892	3053	G	0	0	3053	36.2
A_PA	1893	3130	C	0	0	3130	36.6
A_PA	1894	3138	T	0	0	3138	35.9
A_PA	1895	3386	C	0	0	3386	37.5
A_PA	1896	3210	T	0	0	3210	36.8
A_PA	1897	2940	A	0	0	2940	36.3
A_PA	1898	2821	T	0	0	2821	36.4
A_PA	1899	3069	T	0	0	3069	34.0
A_PA	1900	3031	G	0	0	3031	35.9
A_PA	1901	3086	G	0	0	3086	34.6
A_PA	1902	3005	G	0	0	3005	34.4
A_PA	1903	3075	A	0	0	3075	35.5
A_PA	1904	2742	A	0	0	2742	36.9
A_PA	1905	2904	A	0	0	2904	36.8
A_PA	1906	3298	G	0	0	3298	37.5
A_PA	1907	3091	T	0	0	3091	34.8
A_PA	1908	3100	A	0	0	3100	35.8
A_PA	1909	3207	T	0	0	3207	36.2
A_PA	1910	3396	G	0	0	3396	38.0
A_PA	1911	2769	C	0	0	2769	37.4
A_PA	1912	3236	A	0	0	3236	37.7
A_PA	1913	2887	G	0	0	2887	36.1
A_PA	1914	2696	A	0	0	2696	35.2
A_PA	1915	2936	A	0	0	2936	35.9
A_PA	1916	2755	C	0	0	2755	36.1
A_PA	1917	3002	A	0	0	3002	37.4
A_PA	1918	2968	T	0	0	2968	35.3
A_PA	1919	3117	T	0	0	3117	37.3
A_PA	1920	2838	G	0	0	2838	35.6
A_PA	1921	3152	C	0	0	3152	36.6
A_PA	1922	3105	T	0	0	3105	36.0
A_PA	1923	3123	A	0	0	3123	36.9
A_PA	1924	2863	G	0	0	2863	37.8
A_PA	1925	3011	C	0	0	3011	36.3
A_PA	1926	3107	A	0	0	3107	34.8
A_PA	1927	2972	A	0	0	2972	35.7
A_PA	1928	3286	A	0	0	3286	34.2
A_PA	1929	3139	G	0	0	3139	36.6
A_PA	1930	3022	T	0	0	3022	36.7
A_PA	1931	2995	C	0	0	2995	37.1
A_PA	1932	3047	T	0	0	3047	37.1
A_PA	1933	3449	G	0	0	3449	37.0
A_PA	1934	3263	T	0	0	3263	35.8
A_PA	1935	3267	G	0	0	3267	34.8
A_PA	1936	2985	T	0	0	2985	37.7
A_PA	1937	3036	T	0	0	3036	36.2
A_PA	1938	3099	C	0	0	3099	37.5
A_PA	1939	3062	A	0	0	3062	34.4
A_PA	1940	2993	A	0	0	2993	35.2
A_PA	1941	3162	C	0	0	3162	37.1
A_PA	1942	3028	A	0	0	3028	37.2
A_PA	1943	3204	G	0	0	3204	37.1
A_PA	1944	3426	C	0	0	3426	37.8
A_PA	1945	2865	C	0	0	2865	36.9
A_PA	1946	2944	T	0	0	2944	35.5
A_PA	1947	3197	A	0	0	3197	36.4
A_PA	1948	3027	T	0	0	3027	37.9
A_PA	1949	3035	A	0	0	3035	37.0
A_PA	1950	3036	T	0	0	3036	34.7
A_PA	1951	3085	G	0	0	3085	34.3
A_PA	1952	2597	C	0	0	2597	34.7
A_PA	1953	2949	A	0	0	2949	34.7
A_PA	1954	3046	T	0	0	3046	37.7
A_PA	1955	2681	C	0	0	2681	37.9
A_PA	1956	2857	T	0	0	2857	35.3
A_PA	1957	3135	C	0	0	3135	34.8
A_PA	1958	3064	C	0	0	3064	37.9
A_PA	1959	2824	A	0	0	2824	35.0
A_PA	1960	2946	C	0	0	2946	36.8
A_PA	1961	3283	A	0	0	3283	34.5
A_PA	1962	2939	A	0	0	2939	34.4
A_PA	1963	3155	C	0	0	3155	35.0
A_PA	1964	2858	T	0	0	2858	36.4
A_PA	1965	2792	C	0	0	2792	35.0
A_PA	1966	2992	G	0	0	2992	35.3
A_PA	1967	2852	A	0	0	2852	35.6
A_PA	1968	3053	G	0	0	3053	34.3
A_PA	1969	2802	G	0	0	2802	34.4
A_PA	1970	2911	G	0	0	2911	36.2
A_PA	1971	2957	G	0	0	2957	36.6
A_PA	1972	2947	T	0	0	2947	37.6
A_PA	1973	2622	T	0	0	2622	35.5
A_PA	1974	2985	T	0	0	2985	37.5
A_PA	1975	2956	T	0	0	2956	36.9
A_PA	1976	3372	C	0	0	3372	36.0
A_PA	1977	3038	A	0	0	3038	35.4
A_PA	1978	2886	G	0	0	2886	35.4
A_PA	1979	3176	C	0	0	3176	36.7
A_PA	1980	2874	T	0	0	2874	35.3
A_PA	1981	3264	G	0	0	3264	37.1
A_PA	1982	3116	A	0	0	3116	34.2
A_PA	1983	2857	A	0	0	2857	36.8
A_PA	1984	2906	T	0	0	2906	34.9
A_PA	1985	2971	C	0	0	2971	37.3
A_PA	1986	3461	A	0	0	3461	35.9
A_PA	1987	3166	A	0	0	3166	35.0
A_PA	1988	3018	G	0	0	3018	36.1
A_PA	1989	3015	A	0	0	3015	34.9
A_PA	1990	3029	A	0	0	3029	34.5
A_PA	1991	3065	A	0	0	3065	36.8
A_PA	1992	2599	A	0	0	2599	37.5
A_PA	1993	2843	T	0	0	2843	36.6
A_PA	1994	3068	T	0	0	3068	37.1
A_PA	1995	3014	G	0	0	3014	37.1
A_PA	1996	2976	C	0	0	2976	36.4
A_PA	1997	3161	T	0	0	3161	37.7
A_PA	1998	2892	T	0	0	2892	35.4
A_PA	1999	2911	C	0	0	2911	36.0
A_PA	2000	3220	T	0	0	3220	34.5
A_PA	2001	2947	C	0	0	2947	34.5
A_PA	2002	2740	A	0	0	2740	36.9
A_PA	2003	2757	T	0	0	2757	34.3
A_PA	2004	3285	T	0	0	3285	36.5
A_PA	2005	2842	G	0	0	2842	34.0
A_PA	2006	3339	T	0	0	3339	36.1
A_PA	2007	2921	T	0	0	2921	37.4
A_PA	2008	3261	C	0	0	3261	37.7
A_PA	2009	2620	A	0	0	2620	36.6
A_PA	2010	3193	G	0	0	3193	34.4
A_PA	2011	3033	G	0	0	3033	36.1
A_PA	2012	3038	C	0	0	3038	35.2
A_PA	2013	2778	A	0	0	2778	35.2
A_PA	2014	3096	C	0	0	3096	35.1
A_PA	2015	2911	T	0	0	2911	36.5
A_PA	2016	2983	T	0	0	2983	34.1
A_PA	2017	2520	A	0	0	2520	36.8
A_PA	2018	2721	G	0	0	2721	35.7
A_PA	2019	3057	G	0	0	3057	36.9
A_PA	2020	2613	G	0	0	2613	37.9
A_PA	2021	2779	A	0	0	2779	36.9
A_PA	2022	2916	C	0	0	2916	37.4
A_PA	2023	2689	A	0	0	2689	37.7
A_PA	2024	2672	A	0	0	2672	36.0
A_PA	2025	3097	C	0	0	3097	35.3
A_PA	2026	2880	C	0	0	2880	36.5
A_PA	2027	2745	T	0	0	2745	34.1
A_PA	2028	2676	G	0	0	2676	37.8
A_PA	2029	2687	G	0	0	2687	34.8
A_PA	2030	2589	A	0	0	2589	37.2
A_PA	2031	2896	A	0	0	2896	35.9
A_PA	2032	2429	C	0	0	2429	36.3
A_PA	2033	2535	C	0	0	2535	37.8
A_PA	2034	2526	T	0	0	2526	34.3
A_PA	2035	2599	G	0	0	2599	35.2
A_PA	2036	2761	G	0	0	2761	35.4
A_PA	2037	2409	A	0	0	2409	34.7
A_PA	2038	2357	A	0	0	2357	34.6
A_PA	2039	2586	C	0	0	2586	35.0
A_PA	2040	2594	C	0	0	2594	35.0
A_PA	2041	2521	T	0	0	2521	36.6
A_PA	2042	2425	T	0	0	2425	36.5
A_PA	2043	2442	C	0	0	2442	34.2
A_PA	2044	2377	G	0	0	2377	34.5
A_PA	2045	2267	A	0	0	2267	35.1
A_PA	2046	2620	T	0	0	2620	37.5
A_PA	2047	2260	C	0	0	2260	37.5
A_PA	2048	2265	T	0	0	2265	34.5
A_PA	2049	2390	T	0	0	2390	38.0
A_PA	2050	2247	G	0	0	2247	37.1
A_PA	2051	2225	G	0	0	2225	37.8
A_PA	2052	2477	G	0	0	2477	35.5
A_PA	2053	2153	G	0	0	2153	37.9
A_PA	2054	2497	G	0	0	2497	35.8
A_PA	2055	2172	G	0	0	2172	35.1
A_PA	2056	2224	C	0	0	2224	35.7
A_PA	2057	2029	T	0	0	2029	37.3
A_PA	2058	1894	A	0	0	1894	36.3
A_PA	2059	2290	T	0	0	2290	34.1
A_PA	2060	1913	A	0	0	1913	36.1
A_PA	2061	2031	T	0	0	2031	37.8
A_PA	2062	2059	G	0	0	2059	37.8
A_PA	2063	2082	A	0	0	2082	37.9
A_PA	2064	2074	A	0	0	2074	34.5
A_PA	2065	1935	G	0	0	1935	37.4
A_PA	2066	1929	C	0	0	1929	37.0
A_PA	2067	1801	A	0	0	1801	36.0
A_PA	2068	1871	A	0	0	1871	34.1
A_PA	2069	2009	T	0	0	2009	37.8
A_PA	2070	1805	T	0	0	1805	37.0
A_PA	2071	1796	G	0	0	1796	35.1
A_PA	2072	1877	A	0	0	1877	37.9
A_PA	2073	1892	G	0	0	1892	36.2
A_PA	2074	1795	G	0	0	1795	37.1
A_PA	2075	1794	A	0	0	1794	37.6
A_PA	2076	1875	G	0	0	1875	37.4
A_PA	2077	1555	T	0	0	1555	36.5
A_PA	2078	1738	G	0	0	1738	37.9
A_PA	2079	1631	C	0	0	1631	34.6
A_PA	2080	1613	C	0	0	1613	35.1
A_PA	2081	1785	T	0	0	1785	35.1
A_PA	2082	1586	G	0	0	1586	35.5
A_PA	2083	1669	A	0	0	1669	35.6
A_PA	2084	1728	T	0	0	1728	35.8
A_PA	2085	1544	T	0	0	1544	36.4
A_PA	2086	1582	A	0	0	1582	36.9
A_PA	2087	1488	A	0	0	1488	34.9
A_PA	2088	1536	C	0	0	1536	35.6
A_PA	2089	1564	G	0	0	1564	35.3
A_PA	2090	1543	A	0	0	1543	36.0
A_PA	2091	1516	T	0	0	1516	34.7
A_PA	2092	1526	C	0	0	1526	34.0
A_PA	2093	1369	C	0	0	1369	35.8
A_PA	2094	1354	C	0	0	1354	36.5
A_PA	2095	1331	T	0	0	1331	34.8
A_PA	2096	1435	G	0	0	1435	35.7
A_PA	2097	1443	G	0	0	1443	37.7
A_PA	2098	1266	G	0	0	1266	34.6
A_PA	2099	1274	T	0	0	1274	36.8
A_PA	2100	1171	T	0	0	1171	37.4
A_PA	2101	1242	T	0	0	1242	34.2
A_PA	2102	1141	T	0	0	1141	35.9
A_PA	2103	1227	G	0	0	1227	37.8
A_PA	2104	1275	C	0	0	1275	35.8
A_PA	2105	1190	T	0	0	1190	36.3
A_PA	2106	1111	T	0	0	1111	37.1
A_PA	2107	1125	A	0	0	1125	37.5
A_PA	2108	1040	A	0	0	1040	36.7
A_PA	2109	1089	T	0	0	1089	37.7
A_PA	2110	1085	G	0	0	1085	34.8
A_PA	2111	920	C	0	0	920	35.3
A_PA	2112	1042	A	0	0	1042	35.8
A_PA	2113	834	T	0	0	834	35.3
A_PA	2114	961	C	0	0	961	36.6
A_PA	2115	952	T	0	0	952	36.0
A_PA	2116	852	T	0	0	852	37.0
A_PA	2117	890	G	0	0	890	35.9
A_PA	2118	816	G	0	0	816	34.6
A_PA	2119	785	T	0	0	785	36.9
A_PA	2120	905	T	0	0	905	34.7
A_PA	2121	768	C	0	0	768	36.7
A_PA	2122	807	A	0	0	807	36.6
A_PA	2123	737	A	0	0	737	36.0
A_PA	2124	701	C	0	0	701	36.3
A_PA	2125	660	T	0	0	660	37.8
A_PA	2126	692	C	0	0	692	35.7
A_PA	2127	609	C	0	0	609	35.7
A_PA	2128	611	T	0	0	611	36.9
A_PA	2129	556	T	0	0	556	37.7
A_PA	2130	527	C	0	0	527	36.2
A_PA	2131	506	C	0	0	506	34.6
A_PA	2132	495	T	0	0	495	37.9
A_PA	2133	510	C	0	0	510	35.1
A_PA	2134	452	A	0	0	452	37.1
A_PA	2135	419	C	0	0	419	38.0
A_PA	2136	443	A	0	0	443	35.2
A_PA	2137	348	C	0	0	348	34.1
A_PA	2138	359	A	0	0	359	35.3
A_PA	2139	308	T	0	0	308	34.1
A_PA	2140	313	G	0	0	313	35.9
A_PA	2141	300	C	0	0	300	35.9
A_PA	2142	251	A	0	0	251	36.4
A_PA	2143	204	C	0	0	204	34.4
A_PA	2144	204	T	0	0	204	36.3
A_PA	2145	176	G	0	0	176	34.4
A_PA	2146	145	A	0	0	145	36.6
A_PA	2147	118	A	0	0	118	37.2
A_PA	2148	93	A	0	0	93	34.2
A_PA	2149	49	T	0	0	49	35.2
A_PA	2150	29	A	0	0	29	35.8
A_PA	2151	0	G	0	0	0	34.1
