Reference_Name	Position	Coverage Depth	Consensus	Deletions	Ambiguous	Consensus_Count	Consensus_Average_Quality
A_PB2	1	53	A	0	0	53	36.9
A_PB2	2	116	T	0	0	116	35.9
A_PB2	3	159	G	0	0	159	36.3
A_PB2	4	232	G	0	0	232	36.7
A_PB2	5	290	A	0	0	290	34.6
A_PB2	6	339	G	0	0	339	36.5
A_PB2	7	386	A	0	0	386	35.8
A_PB2	8	419	G	0	0	419	37.4
A_PB2	9	443	A	0	0	443	34.1
A_PB2	10	572	A	0	0	572	34.2
A_PB2	11	572	T	0	0	572	38.0
A_PB2	12	693	A	0	0	693	34.6
A_PB2	13	699	A	0	0	699	37.6
A_PB2	14	794	A	0	0	794	34.8
A_PB2	15	857	A	0	0	857	34.7
A_PB2	16	806	G	0	0	806	37.9
A_PB2	17	886	A	0	0	886	36.0
A_PB2	18	985	A	0	0	985	37.8
A_PB2	19	968	C	0	0	968	37.2
A_PB2	20	1028	T	0	0	1028	37.4
A_PB2	21	1173	A	0	0	1173	35.9
A_PB2	22	1155	A	0	0	1155	37.2
A_PB2	23	1207	G	0	0	1207	37.0
A_PB2	24	1376	A	0	0	1376	37.5
A_PB2	25	1349	G	0	0	1349	34.5
A_PB2	26	1463	A	0	0	1463	37.2
A_PB2	27	1495	T	0	0	1495	38.0
A_PB2	28	1439	C	0	0	1439	37.3
A_PB2	29	1512	T	0	0	1512	37.1
A_PB2	30	1668	A	0	0	1668	36.3
A_PB2	31	1548	A	0	0	1548	36.9
A_PB2	32	1840	T	0	0	1840	34.2
A_PB2	33	1717	G	0	0	1717	34.3
A_PB2	34	1832	T	0	0	1832	36.4
A_PB2	35	1916	C	0	0	1916	34.4
A_PB2	36	1839	A	0	0	1839	36.4
A_PB2	37	2129	C	0	0	2129	35.7
A_PB2	38	1960	A	0	0	1960	36.0
A_PB2	39	2140	G	0	0	2140	35.9
A_PB2	40	1939	T	0	0	1939	34.8
A_PB2	41	2167	C	0	0	2167	37.3
A_PB2	42	2336	T	0	0	2336	35.2
A_PB2	43	2237	C	0	0	2237	35.0
A_PB2	44	2223	G	0	0	2223	35.6
A_PB2	45	2622	C	0	0	2622	34.7
A_PB2	46	2269	A	0	0	2269	37.0
A_PB2	47	2672	C	0	0	2672	37.5
A_PB2	48	2294	T	0	0	2294	37.8
A_PB2	49	2620	C	0	0	2620	34.2
A_PB2	50	2604	G	0	0	2604	37.4
A_PB2	51	2455	C	0	0	2455	34.5
A_PB2	52	2680	G	0	0	2680	37.6
A_PB2	53	2597	A	0	0	2597	36.7
A_PB2	54	3014	G	0	0	3014	36.0
A_PB2	55	3073	A	0	0	3073	38.0
A_PB2	56	2780	T	0	0	2780	35.9
A_PB2	57	3314	A	0	0	3314	35.6
A_PB2	58	3548	C	0	0	3548	36.7
A_PB2	59	3052	T	0	0	3052	36.5
A_PB2	60	2811	G	0	0	2811	34.8
A_PB2	61	2777	A	0	0	2777	35.3
A_PB2	62	3197	C	0	0	3197	34.7
A_PB2	63	2862	C	0	0	2862	35.2
A_PB2	64	3439	A	0	0	3439	37.2
A_PB2	65	3096	A	0	0	3096	36.1
A_PB2	66	3440	A	0	0	3440	34.3
A_PB2	67	3098	A	0	0	3098	34.7
A_PB2	68	3425	C	0	0	3425	34.2
A_PB2	69	3594	C	0	0	3594	36.9
A_PB2	70	3354	A	0	0	3354	36.2
A_PB2	71	3359	C	0	0	3359	37.4
A_PB2	72	3251	T	0	0	3251	37.0
A_PB2	73	3363	G	0	0	3363	36.0
A_PB2	74	3990	T	0	0	3990	37.1
A_PB2	75	3665	T	0	0	3665	35.2
A_PB2	76	3598	G	0	0	3598	35.2
A_PB2	77	3931	A	0	0	3931	36.3
A_PB2	78	3813	C	0	0	3813	35.4
A_PB2	79	3456	C	0	0	3456	35.5
A_PB2	80	4029	A	0	0	4029	36.1
A_PB2	81	3363	C	0	0	3363	37.2
A_PB2	82	4361	A	0	0	4361	36.5
A_PB2	83	4636	T	0	0	4636	36.7
A_PB2	84	4070	G	0	0	4070	35.2
A_PB2	85	3771	G	0	0	3771	37.7
A_PB2	86	4326	C	0	0	4326	34.1
A_PB2	87	4130	C	0	0	4130	34.0
A_PB2	88	4417	A	0	0	4417	34.6
A_PB2	89	4313	T	0	0	4313	37.4
A_PB2	90	4420	A	0	0	4420	35.9
A_PB2	91	3782	A	0	0	3782	36.0
A_PB2	92	3884	T	0	0	3884	36.2
A_PB2	93	4465	C	0	0	4465	35.8
A_PB2	94	4537	A	0	0	4537	36.2
A_PB2	95	4365	A	0	0	4365	36.0
A_PB2	96	3847	A	0	0	3847	34.1
A_PB2	97	4206	A	0	0	4206	37.2
A_PB2	98	4277	A	0	0	4277	34.2
A_PB2	99	4093	G	0	0	4093	35.7
A_PB2	100	4236	T	0	0	4236	37.2
A_PB2	101	4958	A	0	0	4958	35.9
A_PB2	102	4327	C	0	0	4327	37.5
A_PB2	103	4233	A	0	0	4233	37.8
A_PB2	104	4711	C	0	0	4711	34.9
A_PB2	105	4531	A	0	0	4531	37.6
A_PB2	106	5107	T	0	0	5107	34.7
A_PB2	107	4901	C	0	0	4901	35.8
A_PB2	108	4242	G	0	0	4242	34.8
A_PB2	109	5048	G	0	0	5048	34.4
A_PB2	110	4978	G	0	0	4978	35.5
A_PB2	111	5014	A	0	0	5014	38.0
A_PB2	112	4572	A	0	0	4572	35.0
A_PB2	113	5094	G	0	0	5094	37.4
A_PB2	114	4619	G	0	0	4619	34.7
A_PB2	115	4913	C	0	0	4913	35.5
A_PB2	116	5025	A	0	0	5025	34.5
A_PB2	117	4824	A	0	0	4824	34.6
A_PB2	118	4869	G	0	0	4869	34.1
A_PB2	119	5063	A	0	0	5063	36.3
A_PB2	120	4997	G	0	0	4997	37.1
A_PB2	121	4709	A	0	0	4709	37.4
A_PB2	122	5245	A	0	0	5245	35.3
A_PB2	123	5473	G	0	0	5473	34.5
A_PB2	124	4715	A	0	0	4715	35.2
A_PB2	125	4843	A	0	0	4843	34.1
A_PB2	126	5177	C	0	0	5177	35.5
A_PB2	127	5084	C	0	0	5084	35.5
A_PB2	128	5372	C	0	0	5372	34.3
A_PB2	129	4960	C	0	0	4960	36.7
A_PB2	130	5037	G	0	0	5037	35.5
A_PB2	131	5013	C	0	0	5013	37.4
A_PB2	132	5249	A	0	0	5249	36.0
A_PB2	133	5110	C	0	0	5110	35.9
A_PB2	134	4989	T	0	0	4989	34.2
A_PB2	135	4437	C	0	0	4437	35.3
A_PB2	136	5590	A	0	0	5590	36.4
A_PB2	137	4963	G	0	0	4963	37.2
A_PB2	138	5755	A	0	0	5755	34.4
A_PB2	139	5790	A	0	0	5790	37.5
A_PB2	140	5139	T	0	0	5139	36.2
A_PB2	141	5314	G	0	0	5314	35.9
A_PB2	142	5260	A	0	0	5260	34.7
A_PB2	143	5108	A	0	0	5108	36.8
A_PB2	144	4914	A	0	0	4914	34.0
A_PB2	145	5132	T	0	0	5132	35.0
A_PB2	146	5107	G	0	0	5107	34.9
A_PB2	147	5045	G	0	0	5045	37.0
A_PB2	148	4525	A	0	0	4525	35.4
A_PB2	149	4388	T	0	0	4388	37.7
A_PB2	150	5214	G	0	0	5214	35.2
A_PB2	151	4932	A	0	0	4932	34.1
A_PB2	152	4864	T	0	0	4864	36.5
A_PB2	153	4871	G	0	0	4871	34.2
A_PB2	154	4919	G	0	0	4919	34.1
A_PB2	155	4903	C	0	0	4903	34.6
A_PB2	156	5103	A	0	0	5103	37.4
A_PB2	157	4522	A	0	0	4522	34.2
A_PB2	158	5186	T	0	0	5186	35.2
A_PB2	159	4853	G	0	0	4853	35.8
A_PB2	160	4438	A	0	0	4438	37.7
A_PB2	161	4618	A	0	0	4618	35.1
A_PB2	162	4788	A	0	0	4788	36.3
A_PB2	163	4671	T	0	0	4671	36.3
A_PB2	164	4340	A	0	0	4340	35.9
A_PB2	165	5113	T	0	0	5113	37.4
A_PB2	166	4386	C	0	0	4386	35.4
A_PB2	167	5327	C	0	0	5327	36.6
A_PB2	168	4504	A	0	0	4504	36.3
A_PB2	169	4801	A	0	0	4801	37.9
A_PB2	170	4217	T	0	0	4217	36.1
A_PB2	171	4919	T	0	0	4919	37.1
A_PB2	172	4850	A	0	0	4850	35.6
A_PB2	173	4175	C	0	0	4175	35.9
A_PB2	174	3967	A	0	0	3967	35.7
A_PB2	175	4231	G	0	0	4231	34.5
A_PB2	176	4471	C	0	0	4471	37.0
A_PB2	177	5049	A	0	0	5049	37.9
A_PB2	178	4197	G	0	0	4197	35.8
A_PB2	179	4395	A	0	0	4395	37.1
A_PB2	180	4612	T	0	0	4612	35.3
A_PB2	181	4268	A	0	0	4268	37.1
A_PB2	182	4602	A	0	0	4602	35.1
A_PB2	183	4103	G	0	0	4103	37.1
A_PB2	184	4426	C	0	0	4426	34.7
A_PB2	185	4200	G	0	0	4200	34.8
A_PB2	186	4518	A	0	0	4518	34.1
A_PB2	187	4090	A	0	0	4090	36.1
A_PB2	188	4242	T	0	0	4242	35.6
A_PB2	189	3944	A	0	0	3944	34.9
A_PB2	190	4111	A	0	0	4111	37.7
A_PB2	191	4753	T	0	0	4753	37.0
A_PB2	192	4235	G	0	0	4235	34.3
A_PB2	193	4137	G	0	0	4137	34.0
A_PB2	194	4278	A	0	0	4278	35.1
A_PB2	195	4468	A	0	0	4468	34.0
A_PB2	196	4213	A	0	0	4213	35.8
A_PB2	197	4265	T	0	0	4265	35.5
A_PB2	198	4843	G	0	0	4843	37.1
A_PB2	199	4402	A	0	0	4402	34.0
A_PB2	200	3977	T	0	0	3977	35.7
A_PB2	201	3993	C	0	0	3993	34.3
A_PB2	202	4023	C	0	0	4023	36.5
A_PB2	203	4357	C	0	0	4357	36.9
A_PB2	204	4383	T	0	0	4383	36.5
A_PB2	205	3973	G	0	0	3973	35.6
A_PB2	206	4589	A	0	0	4589	37.8
A_PB2	207	4304	G	0	0	4304	37.3
A_PB2	208	3795	A	0	0	3795	34.3
A_PB2	209	3749	G	0	0	3749	34.5
A_PB2	210	4134	G	0	0	4134	34.9
A_PB2	211	3861	A	0	0	3861	34.8
A_PB2	212	4145	A	0	0	4145	37.1
A_PB2	213	4034	T	0	0	4034	36.5
A_PB2	214	3969	G	0	0	3969	35.6
A_PB2	215	3762	A	0	0	3762	36.5
A_PB2	216	4121	A	0	0	4121	36.2
A_PB2	217	4039	C	0	0	4039	36.7
A_PB2	218	3439	A	0	0	3439	36.1
A_PB2	219	4118	A	0	0	4118	36.1
A_PB2	220	3858	G	0	0	3858	36.2
A_PB2	221	3955	G	0	0	3955	36.1
A_PB2	222	4364	G	0	0	4364	36.8
A_PB2	223	3929	C	0	0	3929	37.5
A_PB2	224	4140	A	0	0	4140	35.6
A_PB2	225	4288	A	0	0	4288	35.7
A_PB2	226	4173	A	0	0	4173	35.5
A_PB2	227	4003	C	0	0	4003	36.9
A_PB2	228	4190	T	0	0	4190	35.5
A_PB2	229	4245	C	0	0	4245	34.1
A_PB2	230	4275	T	0	0	4275	35.3
A_PB2	231	3893	C	0	0	3893	37.1
A_PB2	232	4496	T	0	0	4496	35.2
A_PB2	233	4435	G	0	0	4435	37.5
A_PB2	234	4054	G	0	0	4054	36.8
A_PB2	235	4025	A	0	0	4025	36.7
A_PB2	236	4436	G	0	0	4436	35.1
A_PB2	237	4107	C	0	0	4107	37.0
A_PB2	238	4082	A	0	0	4082	36.9
A_PB2	239	4330	A	0	0	4330	35.3
A_PB2	240	4087	A	0	0	4087	37.9
A_PB2	241	3857	A	0	0	3857	36.2
A_PB2	242	4112	C	0	0	4112	37.0
A_PB2	243	4017	A	0	0	4017	36.5
A_PB2	244	3820	A	0	0	3820	35.9
A_PB2	245	4500	A	0	0	4500	34.5
A_PB2	246	4419	C	0	0	4419	37.8
A_PB2	247	4437	G	0	0	4437	37.7
A_PB2	248	4602	A	0	0	4602	36.3
A_PB2	249	4385	T	0	0	4385	34.7
A_PB2	250	4053	G	0	0	4053	35.0
A_PB2	251	3969	C	0	0	3969	37.0
A_PB2	252	4424	C	0	0	4424	37.3
A_PB2	253	4641	G	0	0	4641	35.5
A_PB2	254	4673	G	0	0	4673	37.2
A_PB2	255	4222	A	0	0	4222	34.0
A_PB2	256	4176	T	0	0	4176	36.8
A_PB2	257	4369	C	0	0	4369	36.9
A_PB2	258	4060	A	0	0	4060	35.1
A_PB2	259	4400	G	0	0	4400	35.7
A_PB2	260	4087	A	0	0	4087	36.8
A_PB2	261	4468	C	0	0	4468	36.4
A_PB2	262	3947	C	0	0	3947	35.1
A_PB2	263	4106	G	0	0	4106	35.0
A_PB2	264	4636	A	0	0	4636	35.6
A_PB2	265	3970	G	0	0	3970	34.5
A_PB2	266	4474	T	0	0	4474	37.5
A_PB2	267	4447	G	0	0	4447	36.1
A_PB2	268	4723	A	0	0	4723	37.8
A_PB2	269	4453	T	0	0	4453	37.0
A_PB2	270	4363	G	0	0	4363	34.3
A_PB2	271	4026	G	0	0	4026	34.8
A_PB2	272	4181	T	0	0	4181	35.2
A_PB2	273	4793	A	0	0	4793	36.8
A_PB2	274	4646	T	0	0	4646	34.9
A_PB2	275	3729	C	0	0	3729	37.0
A_PB2	276	4353	A	0	0	4353	35.3
A_PB2	277	4771	C	0	0	4771	35.3
A_PB2	278	4451	C	0	0	4451	36.1
A_PB2	279	4390	C	0	0	4390	37.8
A_PB2	280	4220	C	0	0	4220	36.2
A_PB2	281	4052	T	0	0	4052	34.2
A_PB2	282	4747	G	0	0	4747	36.2
A_PB2	283	4046	G	0	0	4046	38.0
A_PB2	284	4910	C	0	0	4910	34.2
A_PB2	285	4350	T	0	0	4350	34.5
A_PB2	286	4405	G	0	0	4405	35.5
A_PB2	287	4571	T	0	0	4571	35.7
A_PB2	288	4433	G	0	0	4433	35.2
A_PB2	289	4750	A	0	0	4750	37.6
A_PB2	290	4458	C	0	0	4458	37.1
A_PB2	291	3883	A	0	0	3883	34.6
A_PB2	292	4522	T	0	0	4522	34.2
A_PB2	293	4569	G	0	0	4569	36.4
A_PB2	294	4653	G	0	0	4653	36.2
A_PB2	295	4987	T	0	0	4987	35.4
A_PB2	296	4759	G	0	0	4759	35.5
A_PB2	297	4875	G	0	0	4875	36.6
A_PB2	298	4724	A	0	0	4724	37.9
A_PB2	299	5113	A	0	0	5113	35.7
A_PB2	300	4288	C	0	0	4288	37.3
A_PB2	301	5129	A	0	0	5129	34.3
A_PB2	302	4665	G	0	0	4665	37.4
A_PB2	303	4458	G	0	0	4458	36.9
A_PB2	304	5092	A	0	0	5092	35.9
A_PB2	305	4789	A	0	0	4789	35.0
A_PB2	306	4716	C	0	0	4716	35.3
A_PB2	307	4408	G	0	0	4408	35.1
A_PB2	308	4935	G	0	0	4935	35.7
A_PB2	309	4351	A	0	0	4351	34.8
A_PB2	310	4871	C	0	0	4871	34.6
A_PB2	311	4865	C	0	0	4865	37.1
A_PB2	312	5087	A	0	0	5087	37.8
A_PB2	313	4700	A	0	0	4700	34.6
A_PB2	314	5533	C	0	0	5533	34.8
A_PB2	315	4790	A	0	0	4790	37.9
A_PB2	316	5025	A	0	0	5025	36.3
A_PB2	317	5103	C	0	0	5103	34.6
A_PB2	318	4821	A	0	0	4821	37.2
A_PB2	319	4663	A	0	0	4663	34.7
A_PB2	320	4725	G	0	0	4725	34.4
A_PB2	321	5434	T	0	0	5434	36.9
A_PB2	322	5532	A	0	0	5532	35.7
A_PB2	323	5244	C	0	0	5244	37.9
A_PB2	324	5137	A	0	0	5137	35.6
A_PB2	325	4629	G	0	0	4629	36.8
A_PB2	326	4980	T	0	0	4980	34.0
A_PB2	327	5243	C	0	0	5243	35.1
A_PB2	328	5169	C	0	0	5169	35.4
A_PB2	329	5192	A	0	0	5192	37.9
A_PB2	330	4928	C	0	0	4928	34.2
A_PB2	331	4807	T	0	0	4807	37.4
A_PB2	332	5367	A	0	0	5367	35.9
A_PB2	333	4946	C	0	0	4946	37.9
A_PB2	334	5550	C	0	0	5550	37.0
A_PB2	335	5505	C	0	0	5505	35.0
A_PB2	336	5309	A	0	0	5309	34.2
A_PB2	337	4998	A	0	0	4998	34.0
A_PB2	338	4924	A	0	0	4924	34.2
A_PB2	339	5368	G	0	0	5368	38.0
A_PB2	340	5346	G	0	0	5346	37.9
A_PB2	341	5199	T	0	0	5199	38.0
A_PB2	342	4922	A	0	0	4922	36.0
A_PB2	343	4751	T	0	0	4751	37.7
A_PB2	344	4481	A	0	0	4481	35.0
A_PB2	345	4997	T	0	0	4997	35.3
A_PB2	346	4849	A	0	0	4849	37.3
A_PB2	347	5078	A	0	0	5078	37.6
A_PB2	348	5225	A	0	0	5225	34.8
A_PB2	349	5077	A	0	0	5077	36.7
A_PB2	350	4799	C	0	0	4799	36.3
A_PB2	351	5117	T	0	0	5117	34.3
A_PB2	352	5194	T	0	0	5194	36.3
A_PB2	353	5540	A	0	0	5540	34.8
A_PB2	354	5638	T	0	0	5638	35.3
A_PB2	355	5504	T	0	0	5504	35.3
A_PB2	356	5600	T	0	0	5600	37.5
A_PB2	357	5326	C	0	0	5326	36.6
A_PB2	358	5483	G	0	0	5483	36.2
A_PB2	359	5097	A	0	0	5097	36.4
A_PB2	360	5326	A	0	0	5326	37.6
A_PB2	361	5794	A	0	0	5794	34.8
A_PB2	362	5027	A	0	0	5027	35.6
A_PB2	363	5210	A	0	0	5210	37.5
A_PB2	364	5625	G	0	0	5625	37.8
A_PB2	365	5564	T	0	0	5564	38.0
A_PB2	366	4878	T	0	0	4878	34.5
A_PB2	367	6174	G	0	0	6174	35.6
A_PB2	368	5118	A	0	0	5118	36.3
A_PB2	369	5021	A	0	0	5021	37.2
A_PB2	370	5493	A	0	0	5493	34.9
A_PB2	371	5192	G	0	0	5192	34.2
A_PB2	372	5044	G	0	0	5044	37.0
A_PB2	373	5770	T	0	0	5770	35.4
A_PB2	374	5847	T	0	0	5847	35.4
A_PB2	375	5225	G	0	0	5225	37.5
A_PB2	376	5424	A	0	0	5424	36.5
A_PB2	377	4996	A	0	0	4996	35.9
A_PB2	378	5240	A	0	0	5240	36.9
A_PB2	379	4988	C	0	0	4988	35.2
A_PB2	380	4794	A	0	0	4794	34.8
A_PB2	381	5878	C	0	0	5878	34.8
A_PB2	382	5487	G	0	0	5487	37.4
A_PB2	383	5764	G	0	0	5764	37.0
A_PB2	384	4926	G	0	0	4926	35.9
A_PB2	385	5687	A	0	0	5687	37.7
A_PB2	386	5404	C	0	0	5404	35.3
A_PB2	387	5326	C	0	0	5326	35.6
A_PB2	388	4758	T	0	0	4758	35.1
A_PB2	389	5346	T	0	0	5346	35.6
A_PB2	390	4861	T	0	0	4861	35.3
A_PB2	391	4815	G	0	0	4815	34.7
A_PB2	392	5031	G	0	0	5031	34.5
A_PB2	393	5272	C	0	0	5272	36.6
A_PB2	394	5100	C	0	0	5100	34.2
A_PB2	395	5248	C	0	0	5248	35.5
A_PB2	396	5344	T	0	0	5344	36.0
A_PB2	397	5358	G	0	0	5358	36.3
A_PB2	398	4710	T	0	0	4710	37.9
A_PB2	399	5033	G	0	0	5033	37.9
A_PB2	400	5396	C	0	0	5396	37.2
A_PB2	401	4792	A	0	0	4792	37.3
A_PB2	402	4893	C	0	0	4893	35.9
A_PB2	403	5331	T	0	0	5331	36.3
A_PB2	404	4702	T	0	0	4702	37.7
A_PB2	405	4622	C	0	0	4622	37.0
A_PB2	406	5257	A	0	0	5257	37.5
A_PB2	407	5140	G	0	0	5140	37.7
A_PB2	408	5135	A	0	0	5135	37.2
A_PB2	409	4904	A	0	0	4904	37.5
A_PB2	410	5483	A	0	0	5483	34.3
A_PB2	411	4759	C	0	0	4759	37.0
A_PB2	412	4651	C	0	0	4651	36.4
A_PB2	413	4731	A	0	0	4731	35.1
A_PB2	414	4974	A	0	0	4974	35.4
A_PB2	415	4881	G	0	0	4881	36.7
A_PB2	416	4675	T	0	0	4675	34.6
A_PB2	417	5039	T	0	0	5039	36.6
A_PB2	418	5201	A	0	0	5201	35.2
A_PB2	419	4845	A	0	0	4845	37.0
A_PB2	420	5222	G	0	0	5222	36.4
A_PB2	421	5176	A	0	0	5176	36.7
A_PB2	422	4339	T	0	0	4339	35.9
A_PB2	423	4835	A	0	0	4835	37.8
A_PB2	424	4905	A	0	0	4905	34.6
A_PB2	425	5947	G	0	0	5947	36.9
A_PB2	426	5321	A	0	0	5321	35.8
A_PB2	427	5416	C	0	0	5416	37.3
A_PB2	428	4883	G	0	0	4883	35.1
A_PB2	429	4864	G	0	0	4864	34.5
A_PB2	430	4587	A	0	0	4587	36.1
A_PB2	431	5112	G	0	0	5112	34.9
A_PB2	432	5391	G	0	0	5391	34.3
A_PB2	433	5011	G	0	0	5011	35.9
A_PB2	434	5029	T	0	0	5029	37.4
A_PB2	435	4629	C	0	0	4629	36.0
A_PB2	436	4715	G	0	0	4715	35.1
A_PB2	437	5050	A	0	0	5050	37.6
A_PB2	438	4980	T	0	0	4980	37.9
A_PB2	439	5062	A	0	0	5062	37.6
A_PB2	440	5046	T	0	0	5046	36.9
A_PB2	441	5363	A	0	0	5363	36.9
A_PB2	442	4994	A	0	0	4994	34.1
A_PB2	443	4797	A	0	0	4797	37.3
A_PB2	444	5171	C	0	0	5171	36.0
A_PB2	445	5138	C	0	0	5138	34.5
A_PB2	446	4607	C	0	0	4607	35.8
A_PB2	447	4673	G	0	0	4673	37.2
A_PB2	448	5073	G	0	0	5073	34.8
A_PB2	449	5127	G	0	0	5127	35.1
A_PB2	450	5282	C	0	0	5282	36.5
A_PB2	451	4472	C	0	0	4472	34.7
A_PB2	452	4914	A	0	0	4914	34.7
A_PB2	453	4536	T	0	0	4536	37.2
A_PB2	454	5121	G	0	0	5121	36.7
A_PB2	455	4945	C	0	0	4945	34.0
A_PB2	456	4839	T	0	0	4839	37.4
A_PB2	457	4914	G	0	0	4914	36.9
A_PB2	458	4762	A	0	0	4762	38.0
A_PB2	459	5333	C	0	0	5333	35.0
A_PB2	460	4513	C	0	0	4513	37.4
A_PB2	461	4511	T	0	0	4511	34.6
A_PB2	462	4577	C	0	0	4577	34.6
A_PB2	463	4564	A	0	0	4564	34.8
A_PB2	464	4575	G	0	0	4575	36.0
A_PB2	465	4577	T	0	0	4577	37.0
A_PB2	466	4897	G	0	0	4897	36.5
A_PB2	467	5121	C	0	0	5121	36.9
A_PB2	468	4548	C	0	0	4548	37.0
A_PB2	469	4928	A	0	0	4928	35.2
A_PB2	470	5155	A	0	0	5155	37.2
A_PB2	471	5063	A	0	0	5063	34.1
A_PB2	472	4530	G	0	0	4530	34.9
A_PB2	473	4601	A	0	0	4601	34.6
A_PB2	474	4541	G	0	0	4541	37.9
A_PB2	475	4492	G	0	0	4492	36.0
A_PB2	476	4409	C	0	0	4409	34.2
A_PB2	477	4867	G	0	0	4867	36.3
A_PB2	478	4807	C	0	0	4807	36.8
A_PB2	479	4482	A	0	0	4482	35.1
A_PB2	480	4791	G	0	0	4791	37.6
A_PB2	481	5047	G	0	0	5047	37.5
A_PB2	482	4202	A	0	0	4202	34.6
A_PB2	483	4590	T	0	0	4590	34.7
A_PB2	484	4761	G	0	0	4761	37.3
A_PB2	485	5102	T	0	0	5102	34.7
A_PB2	486	4801	A	0	0	4801	34.5
A_PB2	487	4809	A	0	0	4809	37.9
A_PB2	488	5046	T	0	0	5046	37.6
A_PB2	489	4664	C	0	0	4664	35.4
A_PB2	490	4433	A	0	0	4433	36.4
A_PB2	491	4647	T	0	0	4647	37.1
A_PB2	492	4285	G	0	0	4285	34.3
A_PB2	493	4591	G	0	0	4591	37.4
A_PB2	494	4567	A	0	0	4567	37.0
A_PB2	495	4500	A	0	0	4500	37.0
A_PB2	496	4594	G	0	0	4594	36.5
A_PB2	497	4424	T	0	0	4424	36.2
A_PB2	498	4735	C	0	0	4735	35.4
A_PB2	499	4521	G	0	0	4521	36.7
A_PB2	500	4481	T	0	0	4481	34.7
A_PB2	501	4593	C	0	0	4593	34.9
A_PB2	502	4949	T	0	0	4949	37.3
A_PB2	503	4865	T	0	0	4865	35.1
A_PB2	504	5229	C	0	0	5229	34.9
A_PB2	505	4731	C	0	0	4731	34.7
A_PB2	506	5017	C	0	0	5017	36.4
A_PB2	507	4472	A	0	0	4472	35.1
A_PB2	508	4564	A	0	0	4564	35.8
A_PB2	509	4654	A	0	0	4654	36.9
A_PB2	510	4581	T	0	0	4581	37.3
A_PB2	511	4951	G	0	0	4951	37.9
A_PB2	512	5289	A	0	0	5289	34.5
A_PB2	513	4275	A	0	0	4275	35.6
A_PB2	514	5095	G	0	0	5095	37.7
A_PB2	515	4422	T	0	0	4422	35.5
A_PB2	516	4579	G	0	0	4579	34.7
A_PB2	517	5294	G	0	0	5294	34.3
A_PB2	518	4775	G	0	0	4775	37.6
A_PB2	519	5152	A	0	0	5152	35.4
A_PB2	520	4549	G	0	0	4549	36.6
A_PB2	521	4898	C	0	0	4898	35.6
A_PB2	522	4844	A	0	0	4844	37.0
A_PB2	523	4884	A	0	0	4884	36.6
A_PB2	524	5261	G	0	0	5261	36.3
A_PB2	525	4905	G	0	0	4905	36.2
A_PB2	526	4917	A	0	0	4917	37.8
A_PB2	527	4908	T	0	0	4908	35.7
A_PB2	528	4997	A	0	0	4997	34.2
A_PB2	529	4921	T	0	0	4921	35.9
A_PB2	530	5161	T	0	0	5161	34.0
A_PB2	531	4763	G	0	0	4763	37.9
A_PB2	532	4690	A	0	0	4690	36.0
A_PB2	533	5438	C	0	0	5438	36.8
A_PB2	534	4830	G	0	0	4830	36.2
A_PB2	535	4578	T	0	0	4578	37.3
A_PB2	536	5167	C	0	0	5167	34.1
A_PB2	537	4957	G	0	0	4957	35.9
A_PB2	538	5103	G	0	0	5103	36.7
A_PB2	539	5630	A	0	0	5630	35.5
A_PB2	540	5126	G	0	0	5126	34.5
A_PB2	541	5393	T	0	0	5393	36.8
A_PB2	542	5095	C	0	0	5095	37.5
A_PB2	543	5350	A	0	0	5350	35.9
A_PB2	544	5711	C	0	0	5711	34.1
A_PB2	545	4709	A	0	0	4709	35.0
A_PB2	546	5413	A	0	0	5413	37.6
A_PB2	547	5015	C	0	0	5015	34.1
A_PB2	548	5752	T	0	0	5752	37.3
A_PB2	549	5404	G	0	0	5404	34.5
A_PB2	550	5382	A	0	0	5382	37.2
A_PB2	551	5040	C	0	0	5040	37.2
A_PB2	552	6162	G	0	0	6162	35.4
A_PB2	553	5223	A	0	0	5223	37.0
A_PB2	554	5577	T	0	0	5577	36.0
A_PB2	555	5402	A	0	0	5402	36.5
A_PB2	556	5613	A	0	0	5613	35.0
A_PB2	557	5360	C	0	0	5360	36.2
A_PB2	558	5384	A	0	0	5384	37.4
A_PB2	559	5905	A	0	0	5905	35.2
A_PB2	560	5205	A	0	0	5205	37.9
A_PB2	561	5331	G	0	0	5331	34.6
A_PB2	562	5582	G	0	0	5582	37.3
A_PB2	563	6120	A	0	0	6120	36.3
A_PB2	564	5536	G	0	0	5536	34.9
A_PB2	565	5673	A	0	0	5673	34.5
A_PB2	566	5839	A	0	0	5839	35.0
A_PB2	567	5543	A	0	0	5543	36.1
A_PB2	568	5482	A	0	0	5482	37.2
A_PB2	569	5390	A	0	0	5390	34.9
A_PB2	570	5147	G	0	0	5147	34.0
A_PB2	571	5456	G	0	0	5456	35.8
A_PB2	572	5926	A	0	0	5926	37.3
A_PB2	573	6921	A	0	0	6921	37.3
A_PB2	574	6120	G	0	0	6120	34.7
A_PB2	575	5838	A	0	0	5838	37.0
A_PB2	576	6086	A	0	0	6086	36.3
A_PB2	577	5421	C	0	0	5421	36.9
A_PB2	578	5550	T	0	0	5550	34.5
A_PB2	579	5609	C	0	0	5609	37.1
A_PB2	580	6028	C	0	0	6028	37.0
A_PB2	581	5542	A	0	0	5542	36.3
A_PB2	582	6557	G	0	0	6557	35.9
A_PB2	583	6177	G	0	0	6177	35.6
A_PB2	584	5592	A	0	0	5592	37.7
A_PB2	585	5708	C	0	0	5708	37.2
A_PB2	586	5956	T	0	0	5956	37.2
A_PB2	587	5765	G	0	0	5765	36.8
A_PB2	588	6147	C	0	0	6147	37.3
A_PB2	589	5792	A	0	0	5792	38.0
A_PB2	590	6021	A	0	0	6021	34.3
A_PB2	591	6055	A	0	0	6055	37.1
A_PB2	592	6711	A	0	0	6711	34.0
A_PB2	593	5858	T	0	0	5858	37.3
A_PB2	594	6858	C	0	0	6858	35.3
A_PB2	595	5728	G	0	0	5728	37.0
A_PB2	596	6547	C	0	0	6547	35.0
A_PB2	597	6608	T	0	0	6608	34.3
A_PB2	598	6183	C	0	0	6183	35.9
A_PB2	599	6293	C	0	0	6293	36.7
A_PB2	600	6489	T	0	0	6489	34.4
A_PB2	601	6656	C	0	0	6656	36.5
A_PB2	602	6662	T	0	0	6662	35.9
A_PB2	603	6366	G	0	0	6366	35.6
A_PB2	604	6382	A	0	0	6382	34.6
A_PB2	605	6427	T	0	0	6427	36.3
A_PB2	606	6204	G	0	0	6204	36.8
A_PB2	607	5876	G	0	0	5876	36.4
A_PB2	608	6842	T	0	0	6842	36.3
A_PB2	609	6167	T	0	0	6167	34.3
A_PB2	610	6435	G	0	0	6435	34.8
A_PB2	611	6197	C	0	0	6197	36.0
A_PB2	612	7589	A	0	0	7589	35.5
A_PB2	613	6933	T	0	0	6933	35.4
A_PB2	614	6525	A	0	0	6525	36.3
A_PB2	615	7059	C	0	0	7059	37.5
A_PB2	616	6567	A	0	0	6567	36.4
A_PB2	617	5746	T	0	0	5746	34.7
A_PB2	618	7362	G	0	0	7362	37.7
A_PB2	619	6570	C	0	0	6570	35.6
A_PB2	620	7142	T	0	0	7142	34.2
A_PB2	621	7102	A	0	0	7102	34.5
A_PB2	622	6489	G	0	0	6489	34.5
A_PB2	623	7415	A	0	0	7415	37.1
A_PB2	624	6700	A	0	0	6700	35.0
A_PB2	625	6204	A	0	0	6204	36.0
A_PB2	626	6774	G	0	0	6774	37.4
A_PB2	627	6608	A	0	0	6608	37.7
A_PB2	628	6827	G	0	0	6827	34.9
A_PB2	629	6862	A	0	0	6862	34.5
A_PB2	630	7467	G	0	0	7467	37.3
A_PB2	631	7214	T	0	0	7214	37.8
A_PB2	632	6858	T	0	0	6858	34.8
A_PB2	633	7484	G	0	0	7484	34.8
A_PB2	634	6978	G	0	0	6978	36.0
A_PB2	635	8107	T	0	0	8107	35.3
A_PB2	636	7474	T	0	0	7474	35.9
A_PB2	637	6714	C	0	0	6714	35.6
A_PB2	638	6873	G	0	0	6873	37.2
A_PB2	639	7152	C	0	0	7152	35.9
A_PB2	640	7118	A	0	0	7118	34.6
A_PB2	641	6944	A	0	0	6944	37.0
A_PB2	642	7157	G	0	0	7157	36.4
A_PB2	643	7136	A	0	0	7136	34.9
A_PB2	644	6798	C	0	0	6798	36.6
A_PB2	645	6878	G	0	0	6878	35.5
A_PB2	646	7280	A	0	0	7280	34.6
A_PB2	647	7901	G	0	0	7901	36.0
A_PB2	648	6968	G	0	0	6968	36.5
A_PB2	649	7394	T	0	0	7394	37.9
A_PB2	650	6853	T	0	0	6853	37.9
A_PB2	651	7342	T	0	0	7342	35.2
A_PB2	652	7665	C	0	0	7665	36.7
A_PB2	653	7142	T	0	0	7142	36.0
A_PB2	654	7038	C	0	0	7038	36.9
A_PB2	655	7314	C	0	0	7314	36.7
A_PB2	656	7290	C	0	0	7290	34.7
A_PB2	657	7287	A	0	0	7287	34.0
A_PB2	658	7411	G	0	0	7411	34.5
A_PB2	659	7137	T	0	0	7137	35.5
A_PB2	660	8125	T	0	0	8125	37.5
A_PB2	661	8029	G	0	0	8029	34.2
A_PB2	662	7572	C	0	0	7572	37.8
A_PB2	663	7220	T	0	0	7220	35.4
A_PB2	664	8004	G	0	0	8004	35.5
A_PB2	665	8241	G	0	0	8241	36.1
A_PB2	666	7667	T	0	0	7667	34.4
A_PB2	667	7265	G	0	0	7265	35.7
A_PB2	668	7925	G	0	0	7925	37.8
A_PB2	669	7639	G	0	0	7639	36.5
A_PB2	670	7293	A	0	0	7293	35.9
A_PB2	671	7458	C	0	0	7458	34.5
A_PB2	672	7012	A	0	0	7012	35.4
A_PB2	673	7092	A	0	0	7092	35.2
A_PB2	674	7729	G	0	0	7729	37.2
A_PB2	675	7085	C	0	0	7085	34.4
A_PB2	676	7413	A	0	0	7413	36.5
A_PB2	677	8452	G	0	0	8452	36.6
A_PB2	678	8113	T	0	0	8113	37.6
A_PB2	679	7599	G	0	0	7599	34.1
A_PB2	680	7576	T	0	0	7576	35.1
A_PB2	681	7593	C	0	0	7593	37.2
A_PB2	682	7744	T	0	0	7744	34.4
A_PB2	683	7287	A	0	0	7287	37.4
A_PB2	684	8257	C	0	0	8257	35.8
A_PB2	685	8070	A	0	0	8070	34.9
A_PB2	686	7740	T	0	0	7740	34.7
A_PB2	687	8057	T	0	0	8057	37.4
A_PB2	688	8747	G	0	0	8747	37.2
A_PB2	689	8606	A	0	0	8606	35.7
A_PB2	690	8227	G	0	0	8227	37.5
A_PB2	691	8470	G	0	0	8470	37.2
A_PB2	692	8150	T	0	0	8150	35.0
A_PB2	693	6831	G	0	0	6831	37.4
A_PB2	694	7501	C	0	0	7501	35.2
A_PB2	695	7895	T	0	0	7895	37.9
A_PB2	696	7873	G	0	0	7873	35.9
A_PB2	697	7077	C	0	0	7077	35.7
A_PB2	698	7164	A	0	0	7164	34.4
A_PB2	699	7321	T	0	0	7321	36.3
A_PB2	700	6522	T	0	0	6522	37.4
A_PB2	701	7988	T	0	0	7988	37.1
A_PB2	702	8238	G	0	0	8238	34.4
A_PB2	703	7878	A	0	0	7878	34.4
A_PB2	704	6511	C	0	0	6511	36.4
A_PB2	705	7715	C	0	0	7715	36.0
A_PB2	706	8162	C	0	0	8162	34.8
A_PB2	707	7710	A	0	0	7710	34.7
A_PB2	708	7350	G	0	0	7350	34.3
A_PB2	709	7934	G	0	0	7934	37.6
A_PB2	710	7782	G	0	0	7782	36.0
A_PB2	711	7896	G	0	0	7896	35.1
A_PB2	712	6711	A	0	0	6711	35.5
A_PB2	713	7684	C	0	0	7684	36.6
A_PB2	714	8126	A	0	0	8126	35.2
A_PB2	715	6915	T	0	0	6915	34.4
A_PB2	716	8295	G	0	0	8295	34.3
A_PB2	717	7966	C	0	0	7966	35.2
A_PB2	718	7180	T	0	0	7180	35.5
A_PB2	719	7522	G	0	0	7522	34.4
A_PB2	720	7682	G	0	0	7682	36.4
A_PB2	721	7284	G	0	0	7284	37.3
A_PB2	722	7054	A	0	0	7054	34.3
A_PB2	723	7795	G	0	0	7795	36.0
A_PB2	724	7260	C	0	0	7260	35.3
A_PB2	725	7254	A	0	0	7254	36.4
A_PB2	726	7620	G	0	0	7620	35.6
A_PB2	727	7322	A	0	0	7322	37.5
A_PB2	728	7453	T	0	0	7453	35.9
A_PB2	729	7520	G	0	0	7520	34.8
A_PB2	730	8180	T	0	0	8180	34.9
A_PB2	731	7454	A	0	0	7454	36.0
A_PB2	732	6533	C	0	0	6533	34.3
A_PB2	733	7318	A	0	0	7318	37.1
A_PB2	734	7479	C	0	0	7479	37.8
A_PB2	735	7244	T	0	0	7244	35.2
A_PB2	736	6932	C	0	0	6932	37.4
A_PB2	737	7983	C	0	0	7983	37.3
A_PB2	738	6475	G	0	0	6475	34.2
A_PB2	739	7381	G	0	0	7381	37.2
A_PB2	740	7197	G	0	0	7197	38.0
A_PB2	741	7077	A	0	0	7077	37.8
A_PB2	742	7044	G	0	0	7044	35.8
A_PB2	743	7606	G	0	0	7606	37.8
A_PB2	744	6956	A	0	0	6956	34.7
A_PB2	745	6767	G	0	0	6767	37.6
A_PB2	746	6819	A	0	0	6819	34.2
A_PB2	747	7662	A	0	0	7662	34.3
A_PB2	748	6739	G	0	0	6739	37.2
A_PB2	749	7176	T	0	0	7176	35.1
A_PB2	750	6589	G	0	0	6589	34.3
A_PB2	751	7276	A	0	0	7276	34.8
A_PB2	752	7518	G	0	0	7518	37.7
A_PB2	753	7399	G	0	0	7399	36.2
A_PB2	754	6820	A	0	0	6820	34.7
A_PB2	755	6803	A	0	0	6803	35.4
A_PB2	756	6443	C	0	0	6443	34.9
A_PB2	757	7013	G	0	0	7013	34.9
A_PB2	758	6560	A	0	0	6560	37.6
A_PB2	759	6494	T	0	0	6494	36.0
A_PB2	760	7475	G	0	0	7475	36.5
A_PB2	761	7961	A	0	0	7961	35.2
A_PB2	762	7274	T	0	0	7274	35.6
A_PB2	763	6504	G	0	0	6504	34.2
A_PB2	764	6675	T	0	0	6675	34.7
A_PB2	765	6529	A	0	0	6529	35.3
A_PB2	766	7297	G	0	0	7297	35.9
A_PB2	767	6487	A	0	0	6487	36.4
A_PB2	768	6046	C	0	0	6046	37.2
A_PB2	769	6957	C	0	0	6957	35.2
A_PB2	770	6243	A	0	0	6243	34.4
A_PB2	771	6181	A	0	0	6181	36.7
A_PB2	772	6425	A	0	0	6425	34.7
A_PB2	773	6439	G	0	0	6439	37.6
A_PB2	774	6158	C	0	0	6158	34.1
A_PB2	775	6698	T	0	0	6698	37.4
A_PB2	776	5977	T	0	0	5977	34.2
A_PB2	777	6032	G	0	0	6032	37.4
A_PB2	778	6291	A	0	0	6291	37.5
A_PB2	779	6103	T	0	0	6103	36.5
A_PB2	780	6464	C	0	0	6464	35.4
A_PB2	781	6208	A	0	0	6208	34.2
A_PB2	782	6038	T	0	0	6038	35.9
A_PB2	783	6648	T	0	0	6648	36.0
A_PB2	784	6780	G	0	0	6780	35.8
A_PB2	785	6413	C	0	0	6413	36.1
A_PB2	786	6369	T	0	0	6369	36.1
A_PB2	787	5815	G	0	0	5815	37.2
A_PB2	788	5752	C	0	0	5752	34.4
A_PB2	789	6308	C	0	0	6308	37.0
A_PB2	790	6035	A	0	0	6035	35.3
A_PB2	791	5723	G	0	0	5723	35.5
A_PB2	792	6150	G	0	0	6150	36.5
A_PB2	793	5766	A	0	0	5766	37.5
A_PB2	794	6860	A	0	0	6860	36.6
A_PB2	795	6542	T	0	0	6542	37.9
A_PB2	796	5844	A	0	0	5844	35.0
A_PB2	797	6016	T	0	0	6016	37.0
A_PB2	798	6102	A	0	0	6102	35.9
A_PB2	799	6570	G	0	0	6570	36.1
A_PB2	800	6478	T	0	0	6478	34.5
A_PB2	801	5609	A	0	0	5609	35.9
A_PB2	802	6217	A	0	0	6217	35.1
A_PB2	803	6202	G	0	0	6202	34.1
A_PB2	804	6367	A	0	0	6367	35.1
A_PB2	805	6030	A	0	0	6030	37.7
A_PB2	806	5523	G	0	0	5523	36.8
A_PB2	807	5733	A	0	0	5733	34.5
A_PB2	808	6164	G	0	0	6164	36.7
A_PB2	809	5662	C	0	0	5662	37.2
A_PB2	810	6051	A	0	0	6051	35.4
A_PB2	811	6277	A	0	0	6277	35.0
A_PB2	812	6110	C	0	0	6110	35.4
A_PB2	813	6286	A	0	0	6286	35.1
A_PB2	814	5922	G	0	0	5922	34.3
A_PB2	815	5983	T	0	0	5983	34.3
A_PB2	816	4886	A	0	0	4886	36.6
A_PB2	817	6543	T	0	0	6543	35.9
A_PB2	818	5137	C	0	0	5137	35.1
A_PB2	819	5830	A	0	0	5830	37.0
A_PB2	820	6330	G	0	0	6330	36.1
A_PB2	821	5720	C	0	0	5720	35.2
A_PB2	822	5447	A	0	0	5447	36.9
A_PB2	823	6263	G	0	0	6263	37.2
A_PB2	824	5552	A	0	0	5552	35.0
A_PB2	825	5786	T	0	0	5786	34.8
A_PB2	826	5857	C	0	0	5857	37.4
A_PB2	827	5480	C	0	0	5480	36.3
A_PB2	828	5488	A	0	0	5488	37.7
A_PB2	829	5092	T	0	0	5092	35.5
A_PB2	830	5075	T	0	0	5075	37.2
A_PB2	831	5529	A	0	0	5529	37.1
A_PB2	832	5416	G	0	0	5416	36.3
A_PB2	833	5291	C	0	0	5291	36.7
A_PB2	834	5698	A	0	0	5698	37.7
A_PB2	835	5371	T	0	0	5371	36.2
A_PB2	836	5672	C	0	0	5672	37.8
A_PB2	837	5424	T	0	0	5424	35.4
A_PB2	838	5380	C	0	0	5380	36.7
A_PB2	839	5552	T	0	0	5552	37.2
A_PB2	840	5014	A	0	0	5014	35.0
A_PB2	841	5183	T	0	0	5183	36.3
A_PB2	842	5609	T	0	0	5609	36.5
A_PB2	843	5098	G	0	0	5098	36.4
A_PB2	844	4971	G	0	0	4971	35.9
A_PB2	845	5104	A	0	0	5104	35.0
A_PB2	846	5479	G	0	0	5479	34.4
A_PB2	847	5109	A	0	0	5109	34.6
A_PB2	848	5083	T	0	0	5083	35.0
A_PB2	849	5349	G	0	0	5349	36.7
A_PB2	850	5229	T	0	0	5229	35.1
A_PB2	851	5079	G	0	0	5079	34.0
A_PB2	852	4940	T	0	0	4940	36.5
A_PB2	853	5227	C	0	0	5227	35.4
A_PB2	854	5363	A	0	0	5363	36.8
A_PB2	855	5086	C	0	0	5086	37.6
A_PB2	856	5363	A	0	0	5363	37.9
A_PB2	857	4968	G	0	0	4968	37.3
A_PB2	858	5258	C	0	0	5258	34.6
A_PB2	859	5132	A	0	0	5132	37.9
A_PB2	860	5096	C	0	0	5096	36.0
A_PB2	861	4680	A	0	0	4680	36.7
A_PB2	862	5172	C	0	0	5172	34.8
A_PB2	863	5547	A	0	0	5547	34.4
A_PB2	864	5657	A	0	0	5657	34.2
A_PB2	865	4908	A	0	0	4908	37.3
A_PB2	866	5423	T	0	0	5423	38.0
A_PB2	867	5158	T	0	0	5158	37.8
A_PB2	868	5740	G	0	0	5740	35.8
A_PB2	869	5037	G	0	0	5037	34.2
A_PB2	870	5179	G	0	0	5179	35.6
A_PB2	871	4600	G	0	0	4600	34.1
A_PB2	872	4941	G	0	0	4941	36.4
A_PB2	873	5341	A	0	0	5341	36.3
A_PB2	874	5339	A	0	0	5339	37.7
A_PB2	875	4975	T	0	0	4975	34.4
A_PB2	876	4881	A	0	0	4881	37.0
A_PB2	877	5114	A	0	0	5114	34.7
A_PB2	878	5294	G	0	0	5294	36.0
A_PB2	879	5562	G	0	0	5562	37.6
A_PB2	880	5500	A	0	0	5500	37.2
A_PB2	881	5391	T	0	0	5391	36.5
A_PB2	882	4913	G	0	0	4913	36.1
A_PB2	883	5558	G	0	0	5558	36.8
A_PB2	884	5360	T	0	0	5360	35.0
A_PB2	885	6209	A	0	0	6209	37.1
A_PB2	886	5421	G	0	0	5421	35.7
A_PB2	887	5286	A	0	0	5286	37.7
A_PB2	888	5063	C	0	0	5063	35.6
A_PB2	889	5053	A	0	0	5053	36.1
A_PB2	890	5255	T	0	0	5255	35.5
A_PB2	891	5627	C	0	0	5627	34.6
A_PB2	892	4758	C	0	0	4758	35.7
A_PB2	893	5208	T	0	0	5208	35.6
A_PB2	894	4665	T	0	0	4665	34.9
A_PB2	895	4740	C	0	0	4740	34.9
A_PB2	896	5214	G	0	0	5214	35.4
A_PB2	897	5548	G	0	0	5548	36.1
A_PB2	898	4598	C	0	0	4598	35.0
A_PB2	899	6319	A	0	0	6319	37.5
A_PB2	900	5390	A	0	0	5390	37.2
A_PB2	901	5109	A	0	0	5109	34.3
A_PB2	902	4785	A	0	0	4785	35.8
A_PB2	903	5666	T	0	0	5666	37.4
A_PB2	904	5208	C	0	0	5208	35.9
A_PB2	905	5684	C	0	0	5684	37.1
A_PB2	906	5353	A	0	0	5353	34.7
A_PB2	907	4766	A	0	0	4766	37.2
A_PB2	908	5131	C	0	0	5131	37.9
A_PB2	909	5063	A	0	0	5063	36.2
A_PB2	910	4700	G	0	0	4700	35.3
A_PB2	911	5785	A	0	0	5785	35.7
A_PB2	912	5396	G	0	0	5396	35.6
A_PB2	913	5305	G	0	0	5305	37.9
A_PB2	914	4664	A	0	0	4664	35.5
A_PB2	915	4936	A	0	0	4936	34.8
A_PB2	916	5162	C	0	0	5162	34.8
A_PB2	917	5704	A	0	0	5704	37.4
A_PB2	918	4656	A	0	0	4656	34.6
A_PB2	919	5370	G	0	0	5370	34.0
A_PB2	920	4382	C	0	0	4382	35.2
A_PB2	921	5548	C	0	0	5548	37.4
A_PB2	922	4981	G	0	0	4981	34.2
A_PB2	923	5313	T	0	0	5313	35.3
A_PB2	924	5542	G	0	0	5542	37.8
A_PB2	925	5145	G	0	0	5145	36.8
A_PB2	926	5007	A	0	0	5007	36.8
A_PB2	927	4990	T	0	0	4990	35.5
A_PB2	928	5448	A	0	0	5448	37.0
A_PB2	929	5386	T	0	0	5386	35.5
A_PB2	930	4600	A	0	0	4600	35.4
A_PB2	931	5262	T	0	0	5262	37.1
A_PB2	932	5205	G	0	0	5205	37.3
A_PB2	933	5344	C	0	0	5344	34.3
A_PB2	934	5412	A	0	0	5412	35.0
A_PB2	935	5301	A	0	0	5301	37.9
A_PB2	936	5445	G	0	0	5445	37.5
A_PB2	937	5342	G	0	0	5342	36.1
A_PB2	938	5651	C	0	0	5651	36.8
A_PB2	939	5689	A	0	0	5689	34.9
A_PB2	940	5271	G	0	0	5271	34.9
A_PB2	941	5673	C	0	0	5673	37.0
A_PB2	942	5507	A	0	0	5507	35.3
A_PB2	943	5982	A	0	0	5982	37.0
A_PB2	944	5980	T	0	0	5980	36.5
A_PB2	945	5891	G	0	0	5891	36.0
A_PB2	946	5017	G	0	0	5017	34.4
A_PB2	947	5107	G	0	0	5107	37.4
A_PB2	948	5772	C	0	0	5772	37.8
A_PB2	949	5904	T	0	0	5904	35.8
A_PB2	950	5666	T	0	0	5666	35.9
A_PB2	951	5546	G	0	0	5546	35.1
A_PB2	952	5126	A	0	0	5126	34.7
A_PB2	953	5401	G	0	0	5401	36.1
A_PB2	954	5511	G	0	0	5511	34.8
A_PB2	955	5426	A	0	0	5426	37.2
A_PB2	956	5887	T	0	0	5887	34.7
A_PB2	957	6038	T	0	0	6038	37.2
A_PB2	958	5091	A	0	0	5091	36.3
A_PB2	959	5767	G	0	0	5767	36.1
A_PB2	960	6353	C	0	0	6353	37.3
A_PB2	961	5257	T	0	0	5257	35.1
A_PB2	962	6106	C	0	0	6106	35.4
A_PB2	963	5601	A	0	0	5601	34.8
A_PB2	964	5437	T	0	0	5437	37.2
A_PB2	965	6149	C	0	0	6149	36.8
A_PB2	966	5357	T	0	0	5357	35.8
A_PB2	967	5697	T	0	0	5697	35.1
A_PB2	968	5113	T	0	0	5113	34.5
A_PB2	969	5670	C	0	0	5670	37.3
A_PB2	970	5395	A	0	0	5395	37.1
A_PB2	971	5799	G	0	0	5799	36.7
A_PB2	972	5252	C	0	0	5252	34.2
A_PB2	973	5100	T	0	0	5100	35.1
A_PB2	974	5195	T	0	0	5195	36.0
A_PB2	975	5495	T	0	0	5495	37.2
A_PB2	976	5022	G	0	0	5022	37.0
A_PB2	977	5634	G	0	0	5634	34.4
A_PB2	978	5706	T	0	0	5706	35.9
A_PB2	979	5079	G	0	0	5079	35.9
A_PB2	980	5375	G	0	0	5375	36.0
A_PB2	981	4857	A	0	0	4857	34.7
A_PB2	982	5730	T	0	0	5730	34.9
A_PB2	983	5868	T	0	0	5868	37.7
A_PB2	984	5558	C	0	0	5558	37.0
A_PB2	985	5517	A	0	0	5517	36.8
A_PB2	986	5676	C	0	0	5676	34.4
A_PB2	987	5715	T	0	0	5715	36.2
A_PB2	988	5820	T	0	0	5820	37.9
A_PB2	989	5452	T	0	0	5452	36.6
A_PB2	990	5359	T	0	0	5359	36.7
A_PB2	991	5675	A	0	0	5675	36.2
A_PB2	992	5055	A	0	0	5055	35.6
A_PB2	993	5668	A	0	0	5668	35.6
A_PB2	994	5884	A	0	0	5884	35.3
A_PB2	995	5638	G	0	0	5638	35.9
A_PB2	996	5434	A	0	0	5434	34.7
A_PB2	997	5262	A	0	0	5262	36.4
A_PB2	998	6050	C	0	0	6050	36.0
A_PB2	999	5426	A	0	0	5426	34.8
A_PB2	1000	5811	A	0	0	5811	36.4
A_PB2	1001	5507	G	0	0	5507	36.9
A_PB2	1002	5570	T	0	0	5570	36.3
A_PB2	1003	5264	G	0	0	5264	37.0
A_PB2	1004	5627	G	0	0	5627	35.6
A_PB2	1005	5663	A	0	0	5663	34.4
A_PB2	1006	5387	T	0	0	5387	36.1
A_PB2	1007	5355	C	0	0	5355	36.8
A_PB2	1008	5723	G	0	0	5723	34.1
A_PB2	1009	5370	T	0	0	5370	35.8
A_PB2	1010	5781	C	0	0	5781	36.2
A_PB2	1011	4647	A	0	0	4647	37.9
A_PB2	1012	6004	G	0	0	6004	34.3
A_PB2	1013	4728	T	0	0	4728	34.5
A_PB2	1014	5092	C	0	0	5092	36.3
A_PB2	1015	5309	A	0	0	5309	35.1
A_PB2	1016	5130	A	0	0	5130	37.8
A_PB2	1017	5381	A	0	0	5381	34.0
A_PB2	1018	5026	A	0	0	5026	36.4
A_PB2	1019	5635	A	0	0	5635	36.6
A_PB2	1020	4889	A	0	0	4889	37.0
A_PB2	1021	5162	G	0	0	5162	37.8
A_PB2	1022	5611	A	0	0	5611	35.0
A_PB2	1023	5157	A	0	0	5157	36.9
A_PB2	1024	5581	G	0	0	5581	35.2
A_PB2	1025	4751	A	0	0	4751	36.9
A_PB2	1026	5299	A	0	0	5299	35.1
A_PB2	1027	5004	G	0	0	5004	36.1
A_PB2	1028	5529	A	0	0	5529	34.4
A_PB2	1029	4976	A	0	0	4976	34.8
A_PB2	1030	5456	G	0	0	5456	37.0
A_PB2	1031	5558	T	0	0	5558	37.1
A_PB2	1032	5074	G	0	0	5074	34.2
A_PB2	1033	5475	C	0	0	5475	35.3
A_PB2	1034	5511	T	0	0	5511	35.5
A_PB2	1035	4978	A	0	0	4978	37.1
A_PB2	1036	4545	A	0	0	4545	35.6
A_PB2	1037	5109	C	0	0	5109	37.8
A_PB2	1038	5349	A	0	0	5349	36.5
A_PB2	1039	4929	G	0	0	4929	37.0
A_PB2	1040	5086	G	0	0	5086	34.7
A_PB2	1041	5470	C	0	0	5470	37.5
A_PB2	1042	4873	A	0	0	4873	35.9
A_PB2	1043	4792	A	0	0	4792	35.2
A_PB2	1044	4790	C	0	0	4790	36.7
A_PB2	1045	5030	C	0	0	5030	37.1
A_PB2	1046	4635	T	0	0	4635	37.7
A_PB2	1047	5211	T	0	0	5211	35.3
A_PB2	1048	5047	C	0	0	5047	36.2
A_PB2	1049	4810	A	0	0	4810	36.0
A_PB2	1050	5253	A	0	0	5253	34.3
A_PB2	1051	4969	A	0	0	4969	36.4
A_PB2	1052	4947	C	0	0	4947	37.9
A_PB2	1053	4844	A	0	0	4844	35.8
A_PB2	1054	4493	T	0	0	4493	35.4
A_PB2	1055	4755	T	0	0	4755	34.4
A_PB2	1056	4878	G	0	0	4878	37.6
A_PB2	1057	4707	A	0	0	4707	36.7
A_PB2	1058	5164	A	0	0	5164	34.5
A_PB2	1059	4893	A	0	0	4893	34.2
A_PB2	1060	5001	A	0	0	5001	36.3
A_PB2	1061	4713	T	0	0	4713	36.7
A_PB2	1062	4871	A	0	0	4871	35.9
A_PB2	1063	4975	A	0	0	4975	34.2
A_PB2	1064	4719	G	0	0	4719	37.0
A_PB2	1065	5117	A	0	0	5117	36.8
A_PB2	1066	4489	G	0	0	4489	36.3
A_PB2	1067	4836	T	0	0	4836	34.4
A_PB2	1068	4873	A	0	0	4873	36.5
A_PB2	1069	4390	C	0	0	4390	34.5
A_PB2	1070	4618	A	0	0	4618	34.9
A_PB2	1071	4706	T	0	0	4706	35.2
A_PB2	1072	4957	G	0	0	4957	37.6
A_PB2	1073	4873	A	0	0	4873	34.0
A_PB2	1074	4657	G	0	0	4657	36.4
A_PB2	1075	4571	G	0	0	4571	35.4
A_PB2	1076	4930	G	0	0	4930	35.0
A_PB2	1077	4209	G	0	0	4209	34.6
A_PB2	1078	4507	T	0	0	4507	34.4
A_PB2	1079	4898	A	0	0	4898	35.0
A_PB2	1080	4255	T	0	0	4255	36.5
A_PB2	1081	4665	G	0	0	4665	36.4
A_PB2	1082	4538	A	0	0	4538	36.5
A_PB2	1083	4604	A	0	0	4604	35.3
A_PB2	1084	4267	G	0	0	4267	35.6
A_PB2	1085	4375	A	0	0	4375	37.6
A_PB2	1086	4283	G	0	0	4283	36.2
A_PB2	1087	3915	T	0	0	3915	36.7
A_PB2	1088	4348	T	0	0	4348	36.2
A_PB2	1089	4374	C	0	0	4374	35.8
A_PB2	1090	4298	A	0	0	4298	34.4
A_PB2	1091	4326	C	0	0	4326	35.6
A_PB2	1092	3930	A	0	0	3930	34.2
A_PB2	1093	4179	A	0	0	4179	35.1
A_PB2	1094	4457	T	0	0	4457	36.6
A_PB2	1095	4448	G	0	0	4448	36.5
A_PB2	1096	4465	G	0	0	4465	36.3
A_PB2	1097	4080	T	0	0	4080	35.5
A_PB2	1098	4690	T	0	0	4690	36.9
A_PB2	1099	4801	G	0	0	4801	37.0
A_PB2	1100	4637	G	0	0	4637	34.9
A_PB2	1101	4167	G	0	0	4167	35.7
A_PB2	1102	4173	A	0	0	4173	34.4
A_PB2	1103	4434	G	0	0	4434	34.2
A_PB2	1104	4093	A	0	0	4093	34.3
A_PB2	1105	4273	A	0	0	4273	37.0
A_PB2	1106	3908	G	0	0	3908	35.4
A_PB2	1107	4263	A	0	0	4263	36.7
A_PB2	1108	4000	G	0	0	4000	35.7
A_PB2	1109	3803	C	0	0	3803	37.4
A_PB2	1110	4930	A	0	0	4930	35.9
A_PB2	1111	4587	A	0	0	4587	35.9
A_PB2	1112	4088	C	0	0	4088	35.8
A_PB2	1113	3801	G	0	0	3801	35.8
A_PB2	1114	3902	G	0	0	3902	35.6
A_PB2	1115	3754	C	0	0	3754	35.5
A_PB2	1116	4007	C	0	0	4007	34.1
A_PB2	1117	4284	A	0	0	4284	34.5
A_PB2	1118	4010	T	0	0	4010	37.9
A_PB2	1119	3462	T	0	0	3462	34.8
A_PB2	1120	3844	C	0	0	3844	37.9
A_PB2	1121	3940	T	0	0	3940	34.3
A_PB2	1122	3800	C	0	0	3800	36.3
A_PB2	1123	3808	A	0	0	3808	34.1
A_PB2	1124	4053	G	0	0	4053	35.7
A_PB2	1125	3766	G	0	0	3766	36.9
A_PB2	1126	4317	A	0	0	4317	34.0
A_PB2	1127	3388	A	0	0	3388	36.4
A_PB2	1128	4238	A	0	0	4238	36.9
A_PB2	1129	3624	G	0	0	3624	35.3
A_PB2	1130	3996	C	0	0	3996	36.1
A_PB2	1131	4142	A	0	0	4142	36.4
A_PB2	1132	3676	A	0	0	3676	34.9
A_PB2	1133	3934	C	0	0	3934	36.9
A_PB2	1134	4203	C	0	0	4203	34.6
A_PB2	1135	3837	A	0	0	3837	36.7
A_PB2	1136	4168	G	0	0	4168	35.2
A_PB2	1137	3396	A	0	0	3396	35.4
A_PB2	1138	3787	A	0	0	3787	37.3
A_PB2	1139	3836	G	0	0	3836	37.2
A_PB2	1140	3852	G	0	0	3852	37.7
A_PB2	1141	3719	C	0	0	3719	35.1
A_PB2	1142	3857	T	0	0	3857	36.2
A_PB2	1143	3805	G	0	0	3805	37.5
A_PB2	1144	4127	A	0	0	4127	36.6
A_PB2	1145	3824	T	0	0	3824	37.2
A_PB2	1146	3977	C	0	0	3977	36.9
A_PB2	1147	3218	C	0	0	3218	37.4
A_PB2	1148	4633	A	0	0	4633	34.0
A_PB2	1149	3529	G	0	0	3529	36.1
A_PB2	1150	3883	C	0	0	3883	34.7
A_PB2	1151	3691	T	0	0	3691	37.8
A_PB2	1152	4137	A	0	0	4137	36.4
A_PB2	1153	3823	A	0	0	3823	34.7
A_PB2	1154	3422	T	0	0	3422	37.4
A_PB2	1155	3414	A	0	0	3414	35.9
A_PB2	1156	4264	G	0	0	4264	34.8
A_PB2	1157	4022	T	0	0	4022	34.6
A_PB2	1158	3822	A	0	0	3822	35.8
A_PB2	1159	3905	A	0	0	3905	37.7
A_PB2	1160	3696	G	0	0	3696	38.0
A_PB2	1161	3802	T	0	0	3802	35.7
A_PB2	1162	3700	G	0	0	3700	36.9
A_PB2	1163	3717	G	0	0	3717	37.9
A_PB2	1164	3171	G	0	0	3171	34.5
A_PB2	1165	3887	A	0	0	3887	37.5
A_PB2	1166	4100	G	0	0	4100	34.7
A_PB2	1167	4090	A	0	0	4090	34.0
A_PB2	1168	3745	G	0	0	3745	36.3
A_PB2	1169	4037	A	0	0	4037	37.6
A_PB2	1170	4150	C	0	0	4150	35.2
A_PB2	1171	4172	G	0	0	4172	36.4
A_PB2	1172	4334	A	0	0	4334	34.9
A_PB2	1173	4173	G	0	0	4173	35.0
A_PB2	1174	3882	C	0	0	3882	36.1
A_PB2	1175	4339	A	0	0	4339	35.6
A_PB2	1176	3845	G	0	0	3845	36.6
A_PB2	1177	3909	T	0	0	3909	34.4
A_PB2	1178	4368	C	0	0	4368	37.3
A_PB2	1179	4431	A	0	0	4431	37.0
A_PB2	1180	4337	A	0	0	4337	34.0
A_PB2	1181	3679	T	0	0	3679	35.9
A_PB2	1182	4039	T	0	0	4039	36.5
A_PB2	1183	4001	G	0	0	4001	37.1
A_PB2	1184	3998	C	0	0	3998	36.7
A_PB2	1185	3863	T	0	0	3863	35.1
A_PB2	1186	4275	G	0	0	4275	35.7
A_PB2	1187	4209	A	0	0	4209	34.5
A_PB2	1188	4271	A	0	0	4271	35.8
A_PB2	1189	4512	G	0	0	4512	35.1
A_PB2	1190	3767	C	0	0	3767	35.8
A_PB2	1191	4091	A	0	0	4091	37.1
A_PB2	1192	3685	A	0	0	3685	36.2
A_PB2	1193	3923	T	0	0	3923	36.7
A_PB2	1194	3877	A	0	0	3877	36.7
A_PB2	1195	3751	A	0	0	3751	36.0
A_PB2	1196	3888	T	0	0	3888	34.3
A_PB2	1197	3715	T	0	0	3715	36.5
A_PB2	1198	4093	G	0	0	4093	36.1
A_PB2	1199	3982	T	0	0	3982	37.4
A_PB2	1200	4150	G	0	0	4150	36.9
A_PB2	1201	4128	G	0	0	4128	35.0
A_PB2	1202	4347	C	0	0	4347	35.8
A_PB2	1203	3829	C	0	0	3829	34.2
A_PB2	1204	4201	A	0	0	4201	35.6
A_PB2	1205	4107	T	0	0	4107	35.9
A_PB2	1206	4081	G	0	0	4081	34.1
A_PB2	1207	4265	G	0	0	4265	36.4
A_PB2	1208	4356	T	0	0	4356	34.3
A_PB2	1209	4190	A	0	0	4190	35.9
A_PB2	1210	4273	T	0	0	4273	36.4
A_PB2	1211	3671	T	0	0	3671	34.4
A_PB2	1212	4319	C	0	0	4319	34.6
A_PB2	1213	4584	T	0	0	4584	34.5
A_PB2	1214	4707	C	0	0	4707	36.5
A_PB2	1215	5064	A	0	0	5064	34.1
A_PB2	1216	4875	C	0	0	4875	37.6
A_PB2	1217	4055	A	0	0	4055	35.1
A_PB2	1218	4932	A	0	0	4932	34.3
A_PB2	1219	4779	G	0	0	4779	36.3
A_PB2	1220	5584	A	0	0	5584	36.4
A_PB2	1221	4361	G	0	0	4361	36.0
A_PB2	1222	4388	G	0	0	4388	37.8
A_PB2	1223	5047	A	0	0	5047	37.0
A_PB2	1224	4278	C	0	0	4278	37.5
A_PB2	1225	4676	T	0	0	4676	37.0
A_PB2	1226	4934	G	0	0	4934	36.9
A_PB2	1227	4671	C	0	0	4671	34.2
A_PB2	1228	4978	A	0	0	4978	35.0
A_PB2	1229	4995	T	0	0	4995	34.5
A_PB2	1230	4845	G	0	0	4845	35.5
A_PB2	1231	5042	A	0	0	5042	34.8
A_PB2	1232	4380	T	0	0	4380	34.2
A_PB2	1233	4428	T	0	0	4428	37.0
A_PB2	1234	5066	A	0	0	5066	36.9
A_PB2	1235	4661	A	0	0	4661	36.7
A_PB2	1236	4665	A	0	0	4665	34.9
A_PB2	1237	4980	G	0	0	4980	35.4
A_PB2	1238	4985	C	0	0	4985	37.9
A_PB2	1239	4346	A	0	0	4346	37.2
A_PB2	1240	5509	G	0	0	5509	35.7
A_PB2	1241	5286	T	0	0	5286	35.1
A_PB2	1242	4820	T	0	0	4820	35.5
A_PB2	1243	5474	A	0	0	5474	34.4
A_PB2	1244	4787	G	0	0	4787	34.6
A_PB2	1245	5114	A	0	0	5114	35.5
A_PB2	1246	5020	G	0	0	5020	37.9
A_PB2	1247	5759	G	0	0	5759	36.1
A_PB2	1248	5035	T	0	0	5035	36.4
A_PB2	1249	5496	G	0	0	5496	37.4
A_PB2	1250	5254	A	0	0	5254	37.0
A_PB2	1251	5441	C	0	0	5441	37.8
A_PB2	1252	4936	C	0	0	4936	36.6
A_PB2	1253	5339	T	0	0	5339	35.9
A_PB2	1254	5106	G	0	0	5106	34.9
A_PB2	1255	5433	A	0	0	5433	36.0
A_PB2	1256	5817	A	0	0	5817	35.1
A_PB2	1257	5344	T	0	0	5344	37.0
A_PB2	1258	5180	T	0	0	5180	37.5
A_PB2	1259	5245	T	0	0	5245	34.2
A_PB2	1260	5172	T	0	0	5172	34.4
A_PB2	1261	6775	G	0	0	6775	35.0
A_PB2	1262	5586	T	0	0	5586	34.6
A_PB2	1263	5511	C	0	0	5511	35.6
A_PB2	1264	5705	A	0	0	5705	35.9
A_PB2	1265	5548	A	0	0	5548	35.8
A_PB2	1266	5747	T	0	0	5747	37.1
A_PB2	1267	6353	A	0	0	6353	36.6
A_PB2	1268	5536	G	0	0	5536	37.9
A_PB2	1269	5565	G	0	0	5565	35.1
A_PB2	1270	5753	G	0	0	5753	34.3
A_PB2	1271	5445	C	0	0	5445	37.3
A_PB2	1272	5888	G	0	0	5888	35.9
A_PB2	1273	5531	A	0	0	5531	37.1
A_PB2	1274	5977	A	0	0	5977	36.4
A_PB2	1275	6081	C	0	0	6081	35.3
A_PB2	1276	5572	C	0	0	5572	35.0
A_PB2	1277	5400	A	0	0	5400	36.2
A_PB2	1278	6419	G	0	0	6419	36.0
A_PB2	1279	5909	C	0	0	5909	35.7
A_PB2	1280	6097	G	0	0	6097	36.1
A_PB2	1281	6643	A	0	0	6643	34.6
A_PB2	1282	5733	C	0	0	5733	34.7
A_PB2	1283	5420	T	0	0	5420	35.2
A_PB2	1284	6457	A	0	0	6457	36.3
A_PB2	1285	6345	A	0	0	6345	34.3
A_PB2	1286	5848	A	0	0	5848	36.0
A_PB2	1287	6993	C	0	0	6993	37.2
A_PB2	1288	6927	C	0	0	6927	34.3
A_PB2	1289	5860	C	0	0	5860	36.8
A_PB2	1290	6949	A	0	0	6949	34.1
A_PB2	1291	6484	A	0	0	6484	34.6
A_PB2	1292	6061	T	0	0	6061	35.7
A_PB2	1293	6067	G	0	0	6067	34.0
A_PB2	1294	6388	C	0	0	6388	37.1
A_PB2	1295	5965	A	0	0	5965	34.7
A_PB2	1296	6586	T	0	0	6586	35.6
A_PB2	1297	6158	C	0	0	6158	36.4
A_PB2	1298	6614	A	0	0	6614	34.2
A_PB2	1299	6550	A	0	0	6550	36.4
A_PB2	1300	6543	C	0	0	6543	35.8
A_PB2	1301	6644	T	0	0	6644	35.0
A_PB2	1302	6404	C	0	0	6404	37.5
A_PB2	1303	7330	T	0	0	7330	37.7
A_PB2	1304	6266	T	0	0	6266	37.8
A_PB2	1305	6681	G	0	0	6681	37.6
A_PB2	1306	5763	A	0	0	5763	35.9
A_PB2	1307	6573	G	0	0	6573	35.7
A_PB2	1308	6348	G	0	0	6348	34.5
A_PB2	1309	6613	C	0	0	6613	34.3
A_PB2	1310	6103	A	0	0	6103	37.7
A_PB2	1311	6343	T	0	0	6343	34.2
A_PB2	1312	6966	T	0	0	6966	34.6
A_PB2	1313	6985	T	0	0	6985	34.8
A_PB2	1314	6631	C	0	0	6631	36.6
A_PB2	1315	6161	C	0	0	6161	37.7
A_PB2	1316	5969	A	0	0	5969	37.9
A_PB2	1317	6534	A	0	0	6534	36.0
A_PB2	1318	6803	A	0	0	6803	35.2
A_PB2	1319	7337	A	0	0	7337	36.6
A_PB2	1320	7167	G	0	0	7167	37.0
A_PB2	1321	7141	G	0	0	7141	35.2
A_PB2	1322	6838	A	0	0	6838	36.2
A_PB2	1323	7051	T	0	0	7051	34.8
A_PB2	1324	6794	G	0	0	6794	35.1
A_PB2	1325	7469	C	0	0	7469	36.1
A_PB2	1326	7080	A	0	0	7080	37.5
A_PB2	1327	7456	A	0	0	7456	34.9
A_PB2	1328	6079	A	0	0	6079	34.3
A_PB2	1329	6836	G	0	0	6836	35.5
A_PB2	1330	6536	G	0	0	6536	35.1
A_PB2	1331	7222	T	0	0	7222	36.6
A_PB2	1332	6914	G	0	0	6914	36.4
A_PB2	1333	7106	C	0	0	7106	35.9
A_PB2	1334	6783	T	0	0	6783	37.2
A_PB2	1335	7091	T	0	0	7091	37.1
A_PB2	1336	6812	T	0	0	6812	35.0
A_PB2	1337	6925	T	0	0	6925	36.1
A_PB2	1338	7566	C	0	0	7566	36.5
A_PB2	1339	6609	C	0	0	6609	34.9
A_PB2	1340	7584	A	0	0	7584	34.6
A_PB2	1341	6797	A	0	0	6797	35.9
A_PB2	1342	7081	A	0	0	7081	35.3
A_PB2	1343	7588	A	0	0	7588	37.3
A_PB2	1344	7034	T	0	0	7034	35.1
A_PB2	1345	7069	T	0	0	7069	35.0
A_PB2	1346	6373	G	0	0	6373	37.6
A_PB2	1347	7653	G	0	0	7653	35.3
A_PB2	1348	7781	G	0	0	7781	37.3
A_PB2	1349	7072	G	0	0	7072	37.4
A_PB2	1350	7763	A	0	0	7763	34.7
A_PB2	1351	7458	A	0	0	7458	37.8
A_PB2	1352	8014	T	0	0	8014	37.1
A_PB2	1353	6548	T	0	0	6548	34.5
A_PB2	1354	6969	G	0	0	6969	36.3
A_PB2	1355	7439	A	0	0	7439	36.9
A_PB2	1356	7160	A	0	0	7160	37.0
A_PB2	1357	6702	C	0	0	6702	37.4
A_PB2	1358	6535	C	0	0	6535	36.8
A_PB2	1359	6814	C	0	0	6814	34.2
A_PB2	1360	6908	A	0	0	6908	35.4
A_PB2	1361	7289	T	0	0	7289	37.9
A_PB2	1362	6925	T	0	0	6925	35.5
A_PB2	1363	6915	G	0	0	6915	34.3
A_PB2	1364	7549	A	0	0	7549	37.5
A_PB2	1365	6393	C	0	0	6393	34.5
A_PB2	1366	7912	A	0	0	7912	35.5
A_PB2	1367	7611	A	0	0	7611	34.1
A_PB2	1368	7623	T	0	0	7623	36.3
A_PB2	1369	7026	G	0	0	7026	35.7
A_PB2	1370	6933	T	0	0	6933	34.7
A_PB2	1371	6949	G	0	0	6949	36.3
A_PB2	1372	7573	A	0	0	7573	36.6
A_PB2	1373	6954	T	0	0	6954	34.4
A_PB2	1374	7026	G	0	0	7026	36.6
A_PB2	1375	7395	G	0	0	7395	35.5
A_PB2	1376	6416	G	0	0	6416	36.1
A_PB2	1377	7910	A	0	0	7910	35.3
A_PB2	1378	6567	A	0	0	6567	35.6
A_PB2	1379	6791	T	0	0	6791	34.3
A_PB2	1380	6640	G	0	0	6640	34.3
A_PB2	1381	6930	A	0	0	6930	36.6
A_PB2	1382	7626	T	0	0	7626	37.5
A_PB2	1383	7133	C	0	0	7133	35.1
A_PB2	1384	7066	G	0	0	7066	36.5
A_PB2	1385	6986	G	0	0	6986	34.2
A_PB2	1386	7814	G	0	0	7814	34.7
A_PB2	1387	6791	G	0	0	6791	37.7
A_PB2	1388	7383	T	0	0	7383	35.2
A_PB2	1389	6595	A	0	0	6595	37.2
A_PB2	1390	7061	A	0	0	7061	37.3
A_PB2	1391	7201	T	0	0	7201	36.1
A_PB2	1392	7142	G	0	0	7142	35.2
A_PB2	1393	7518	C	0	0	7518	35.5
A_PB2	1394	6098	C	0	0	6098	36.8
A_PB2	1395	7631	C	0	0	7631	35.6
A_PB2	1396	7293	G	0	0	7293	34.3
A_PB2	1397	7207	A	0	0	7207	35.2
A_PB2	1398	7295	C	0	0	7295	36.0
A_PB2	1399	6964	A	0	0	6964	37.7
A_PB2	1400	6551	T	0	0	6551	36.4
A_PB2	1401	6476	G	0	0	6476	34.4
A_PB2	1402	7192	A	0	0	7192	34.0
A_PB2	1403	6518	C	0	0	6518	37.4
A_PB2	1404	6798	C	0	0	6798	35.5
A_PB2	1405	6999	C	0	0	6999	37.8
A_PB2	1406	6682	C	0	0	6682	36.6
A_PB2	1407	6930	A	0	0	6930	35.0
A_PB2	1408	7465	A	0	0	7465	34.7
A_PB2	1409	7563	G	0	0	7563	34.1
A_PB2	1410	6415	T	0	0	6415	37.8
A_PB2	1411	6935	A	0	0	6935	34.9
A_PB2	1412	7117	C	0	0	7117	34.3
A_PB2	1413	7219	T	0	0	7219	37.5
A_PB2	1414	7094	G	0	0	7094	35.9
A_PB2	1415	6686	A	0	0	6686	36.7
A_PB2	1416	7297	G	0	0	7297	36.9
A_PB2	1417	6432	A	0	0	6432	35.8
A_PB2	1418	6262	T	0	0	6262	36.4
A_PB2	1419	6249	G	0	0	6249	36.9
A_PB2	1420	7282	T	0	0	7282	35.0
A_PB2	1421	6585	C	0	0	6585	35.8
A_PB2	1422	7458	G	0	0	7458	34.5
A_PB2	1423	7572	C	0	0	7572	34.2
A_PB2	1424	6353	T	0	0	6353	36.9
A_PB2	1425	6437	G	0	0	6437	36.1
A_PB2	1426	7056	A	0	0	7056	37.7
A_PB2	1427	7372	G	0	0	7372	37.8
A_PB2	1428	6841	G	0	0	6841	35.5
A_PB2	1429	6600	G	0	0	6600	35.0
A_PB2	1430	6608	G	0	0	6608	34.3
A_PB2	1431	6547	A	0	0	6547	37.1
A_PB2	1432	6589	A	0	0	6589	34.5
A_PB2	1433	6098	T	0	0	6098	37.5
A_PB2	1434	6394	A	0	0	6394	35.0
A_PB2	1435	6947	A	0	0	6947	35.8
A_PB2	1436	6966	G	0	0	6966	36.8
A_PB2	1437	6895	A	0	0	6895	37.3
A_PB2	1438	7221	G	0	0	7221	35.0
A_PB2	1439	6325	T	0	0	6325	37.3
A_PB2	1440	6666	C	0	0	6666	35.4
A_PB2	1441	6320	A	0	0	6320	37.6
A_PB2	1442	6267	G	0	0	6267	35.4
A_PB2	1443	6843	T	0	0	6843	36.2
A_PB2	1444	6853	A	0	0	6853	37.5
A_PB2	1445	6342	A	0	0	6342	34.7
A_PB2	1446	6830	G	0	0	6830	36.6
A_PB2	1447	6194	A	0	0	6194	35.5
A_PB2	1448	6300	T	0	0	6300	35.7
A_PB2	1449	6414	G	0	0	6414	36.2
A_PB2	1450	5548	G	0	0	5548	37.7
A_PB2	1451	6350	G	0	0	6350	35.0
A_PB2	1452	6235	A	0	0	6235	37.7
A_PB2	1453	6270	G	0	0	6270	36.9
A_PB2	1454	6152	T	0	0	6152	34.6
A_PB2	1455	6154	A	0	0	6154	36.6
A_PB2	1456	5804	G	0	0	5804	36.7
A_PB2	1457	6334	A	0	0	6334	35.4
A_PB2	1458	6374	T	0	0	6374	36.7
A_PB2	1459	5884	G	0	0	5884	36.7
A_PB2	1460	6533	A	0	0	6533	34.8
A_PB2	1461	5977	A	0	0	5977	37.5
A_PB2	1462	6320	T	0	0	6320	34.9
A_PB2	1463	6213	A	0	0	6213	34.2
A_PB2	1464	6210	C	0	0	6210	34.0
A_PB2	1465	6738	T	0	0	6738	37.9
A_PB2	1466	6060	C	0	0	6060	34.4
A_PB2	1467	6429	A	0	0	6429	34.1
A_PB2	1468	6259	A	0	0	6259	37.2
A_PB2	1469	5974	G	0	0	5974	34.0
A_PB2	1470	5615	T	0	0	5615	36.3
A_PB2	1471	5613	A	0	0	5613	35.2
A_PB2	1472	5923	C	0	0	5923	35.9
A_PB2	1473	5727	A	0	0	5727	37.1
A_PB2	1474	5496	G	0	0	5496	37.2
A_PB2	1475	6045	A	0	0	6045	35.5
A_PB2	1476	5579	G	0	0	5579	35.6
A_PB2	1477	6004	C	0	0	6004	36.1
A_PB2	1478	6368	G	0	0	6368	37.9
A_PB2	1479	6141	A	0	0	6141	34.4
A_PB2	1480	5480	G	0	0	5480	35.7
A_PB2	1481	6098	T	0	0	6098	34.6
A_PB2	1482	5689	A	0	0	5689	35.6
A_PB2	1483	5973	G	0	0	5973	36.9
A_PB2	1484	6076	T	0	0	6076	36.1
A_PB2	1485	6611	A	0	0	6611	36.1
A_PB2	1486	6472	G	0	0	6472	37.4
A_PB2	1487	5673	T	0	0	5673	35.0
A_PB2	1488	6584	A	0	0	6584	37.8
A_PB2	1489	5691	A	0	0	5691	36.2
A_PB2	1490	6259	G	0	0	6259	34.5
A_PB2	1491	6162	C	0	0	6162	37.7
A_PB2	1492	5939	A	0	0	5939	38.0
A_PB2	1493	5753	T	0	0	5753	35.9
A_PB2	1494	6675	C	0	0	6675	34.4
A_PB2	1495	6122	G	0	0	6122	35.0
A_PB2	1496	5925	A	0	0	5925	34.5
A_PB2	1497	5815	C	0	0	5815	34.8
A_PB2	1498	6181	C	0	0	6181	34.8
A_PB2	1499	5427	G	0	0	5427	37.0
A_PB2	1500	5843	G	0	0	5843	36.5
A_PB2	1501	6147	T	0	0	6147	35.9
A_PB2	1502	5775	T	0	0	5775	34.7
A_PB2	1503	6155	T	0	0	6155	35.8
A_PB2	1504	6338	T	0	0	6338	35.5
A_PB2	1505	5594	T	0	0	5594	34.4
A_PB2	1506	6056	A	0	0	6056	34.6
A_PB2	1507	5994	A	0	0	5994	37.7
A_PB2	1508	5719	G	0	0	5719	36.2
A_PB2	1509	5510	A	0	0	5510	36.0
A_PB2	1510	6082	G	0	0	6082	35.2
A_PB2	1511	6181	T	0	0	6181	35.1
A_PB2	1512	6043	T	0	0	6043	34.6
A_PB2	1513	6286	C	0	0	6286	34.6
A_PB2	1514	6255	G	0	0	6255	34.7
A_PB2	1515	5986	A	0	0	5986	36.3
A_PB2	1516	5759	G	0	0	5759	34.2
A_PB2	1517	6545	A	0	0	6545	37.5
A_PB2	1518	5658	C	0	0	5658	35.1
A_PB2	1519	6087	C	0	0	6087	34.6
A_PB2	1520	5516	A	0	0	5516	37.8
A_PB2	1521	6625	A	0	0	6625	35.2
A_PB2	1522	6362	C	0	0	6362	35.1
A_PB2	1523	6691	G	0	0	6691	35.9
A_PB2	1524	6394	G	0	0	6394	36.2
A_PB2	1525	5563	G	0	0	5563	37.0
A_PB2	1526	5805	G	0	0	5805	35.8
A_PB2	1527	6106	G	0	0	6106	37.2
A_PB2	1528	6150	A	0	0	6150	36.4
A_PB2	1529	5832	A	0	0	5832	37.5
A_PB2	1530	5992	C	0	0	5992	35.2
A_PB2	1531	6553	G	0	0	6553	34.1
A_PB2	1532	5567	T	0	0	5567	36.3
A_PB2	1533	5973	A	0	0	5973	34.5
A_PB2	1534	6042	C	0	0	6042	37.3
A_PB2	1535	5622	T	0	0	5622	37.8
A_PB2	1536	6192	A	0	0	6192	34.2
A_PB2	1537	5951	T	0	0	5951	37.4
A_PB2	1538	6381	T	0	0	6381	34.8
A_PB2	1539	6465	A	0	0	6465	36.8
A_PB2	1540	6218	T	0	0	6218	34.9
A_PB2	1541	6860	C	0	0	6860	37.5
A_PB2	1542	5932	A	0	0	5932	37.6
A_PB2	1543	6216	C	0	0	6216	35.9
A_PB2	1544	5931	C	0	0	5931	37.6
A_PB2	1545	6025	C	0	0	6025	37.2
A_PB2	1546	6078	G	0	0	6078	37.2
A_PB2	1547	6534	A	0	0	6534	36.6
A_PB2	1548	6330	A	0	0	6330	36.0
A_PB2	1549	6165	G	0	0	6165	34.1
A_PB2	1550	5750	A	0	0	5750	36.8
A_PB2	1551	6094	G	0	0	6094	34.3
A_PB2	1552	6398	G	0	0	6398	35.5
A_PB2	1553	6151	T	0	0	6151	36.7
A_PB2	1554	5295	C	0	0	5295	37.3
A_PB2	1555	5548	A	0	0	5548	34.7
A_PB2	1556	6079	G	0	0	6079	34.8
A_PB2	1557	6163	T	0	0	6163	35.9
A_PB2	1558	5905	G	0	0	5905	37.3
A_PB2	1559	6629	A	0	0	6629	35.6
A_PB2	1560	6431	G	0	0	6431	36.6
A_PB2	1561	6060	A	0	0	6060	35.1
A_PB2	1562	7109	C	0	0	7109	36.3
A_PB2	1563	6001	A	0	0	6001	36.7
A_PB2	1564	6378	C	0	0	6378	36.9
A_PB2	1565	6252	A	0	0	6252	36.2
A_PB2	1566	6055	A	0	0	6055	34.6
A_PB2	1567	6201	G	0	0	6201	35.8
A_PB2	1568	6624	G	0	0	6624	37.3
A_PB2	1569	6608	A	0	0	6608	34.2
A_PB2	1570	6059	A	0	0	6059	37.0
A_PB2	1571	5929	C	0	0	5929	34.8
A_PB2	1572	6222	G	0	0	6222	35.8
A_PB2	1573	6319	G	0	0	6319	37.7
A_PB2	1574	6876	A	0	0	6876	36.2
A_PB2	1575	6157	G	0	0	6157	35.2
A_PB2	1576	6091	A	0	0	6091	36.4
A_PB2	1577	6980	A	0	0	6980	35.1
A_PB2	1578	6591	A	0	0	6591	34.7
A_PB2	1579	6166	C	0	0	6166	34.6
A_PB2	1580	6547	T	0	0	6547	35.4
A_PB2	1581	6515	G	0	0	6515	34.6
A_PB2	1582	6671	A	0	0	6671	35.4
A_PB2	1583	6945	C	0	0	6945	36.8
A_PB2	1584	6592	A	0	0	6592	34.9
A_PB2	1585	5713	A	0	0	5713	35.7
A_PB2	1586	5938	T	0	0	5938	35.3
A_PB2	1587	5853	C	0	0	5853	36.1
A_PB2	1588	6187	A	0	0	6187	35.1
A_PB2	1589	6404	C	0	0	6404	36.9
A_PB2	1590	6734	T	0	0	6734	36.5
A_PB2	1591	6578	T	0	0	6578	36.0
A_PB2	1592	6110	A	0	0	6110	35.8
A_PB2	1593	6738	T	0	0	6738	35.2
A_PB2	1594	6965	T	0	0	6965	36.5
A_PB2	1595	6279	C	0	0	6279	34.4
A_PB2	1596	6803	G	0	0	6803	34.4
A_PB2	1597	6229	T	0	0	6229	36.9
A_PB2	1598	7670	C	0	0	7670	36.3
A_PB2	1599	7525	A	0	0	7525	34.2
A_PB2	1600	7174	T	0	0	7174	36.6
A_PB2	1601	6282	C	0	0	6282	37.5
A_PB2	1602	6824	A	0	0	6824	34.3
A_PB2	1603	6344	A	0	0	6344	37.1
A_PB2	1604	5952	T	0	0	5952	34.4
A_PB2	1605	6319	G	0	0	6319	37.8
A_PB2	1606	6434	A	0	0	6434	36.5
A_PB2	1607	6749	T	0	0	6749	35.7
A_PB2	1608	6257	G	0	0	6257	34.9
A_PB2	1609	6222	T	0	0	6222	34.4
A_PB2	1610	5834	G	0	0	5834	34.8
A_PB2	1611	6404	G	0	0	6404	34.4
A_PB2	1612	6859	G	0	0	6859	35.6
A_PB2	1613	6428	A	0	0	6428	37.9
A_PB2	1614	6559	G	0	0	6559	37.1
A_PB2	1615	6329	A	0	0	6329	37.3
A_PB2	1616	6597	T	0	0	6597	36.1
A_PB2	1617	6658	C	0	0	6658	34.6
A_PB2	1618	6636	A	0	0	6636	35.1
A_PB2	1619	6787	A	0	0	6787	36.9
A_PB2	1620	5875	T	0	0	5875	36.4
A_PB2	1621	7057	G	0	0	7057	37.7
A_PB2	1622	7754	G	0	0	7754	34.5
A_PB2	1623	6286	T	0	0	6286	37.5
A_PB2	1624	6295	C	0	0	6295	36.8
A_PB2	1625	6394	C	0	0	6394	36.4
A_PB2	1626	6167	T	0	0	6167	37.4
A_PB2	1627	6949	G	0	0	6949	34.4
A_PB2	1628	6673	A	0	0	6673	36.6
A_PB2	1629	6647	G	0	0	6647	37.2
A_PB2	1630	6761	T	0	0	6761	34.5
A_PB2	1631	6370	C	0	0	6370	37.4
A_PB2	1632	6605	G	0	0	6605	35.5
A_PB2	1633	6427	G	0	0	6427	37.2
A_PB2	1634	6571	T	0	0	6571	37.2
A_PB2	1635	6546	G	0	0	6546	34.8
A_PB2	1636	6324	T	0	0	6324	34.1
A_PB2	1637	6891	T	0	0	6891	36.7
A_PB2	1638	6115	G	0	0	6115	34.3
A_PB2	1639	6617	G	0	0	6617	34.8
A_PB2	1640	7011	T	0	0	7011	34.3
A_PB2	1641	6757	C	0	0	6757	34.1
A_PB2	1642	6962	A	0	0	6962	34.0
A_PB2	1643	5495	A	0	0	5495	34.3
A_PB2	1644	6870	T	0	0	6870	34.1
A_PB2	1645	5956	A	0	0	5956	34.5
A_PB2	1646	6193	C	0	0	6193	35.0
A_PB2	1647	6255	T	0	0	6255	37.9
A_PB2	1648	7059	T	0	0	7059	37.2
A_PB2	1649	6411	A	0	0	6411	36.9
A_PB2	1650	6771	C	0	0	6771	34.7
A_PB2	1651	6446	C	0	0	6446	37.4
A_PB2	1652	6209	A	0	0	6209	37.3
A_PB2	1653	6633	G	0	0	6633	35.3
A_PB2	1654	6707	T	0	0	6707	35.0
A_PB2	1655	6233	G	0	0	6233	38.0
A_PB2	1656	6718	G	0	0	6718	34.4
A_PB2	1657	6586	A	0	0	6586	35.3
A_PB2	1658	6167	T	0	0	6167	36.4
A_PB2	1659	6474	A	0	0	6474	37.9
A_PB2	1660	5607	A	0	0	5607	37.4
A_PB2	1661	5963	T	0	0	5963	35.5
A_PB2	1662	6260	T	0	0	6260	35.2
A_PB2	1663	6046	A	0	0	6046	35.9
A_PB2	1664	5319	G	0	0	5319	37.2
A_PB2	1665	6790	A	0	0	6790	37.9
A_PB2	1666	7589	A	0	0	7589	34.4
A_PB2	1667	6921	A	0	0	6921	36.9
A_PB2	1668	6464	C	0	0	6464	35.9
A_PB2	1669	5680	T	0	0	5680	35.8
A_PB2	1670	6214	G	0	0	6214	35.0
A_PB2	1671	6268	G	0	0	6268	34.6
A_PB2	1672	5696	G	0	0	5696	36.1
A_PB2	1673	5184	A	0	0	5184	34.8
A_PB2	1674	5833	A	0	0	5833	37.8
A_PB2	1675	5659	A	0	0	5659	36.1
A_PB2	1676	6083	C	0	0	6083	36.2
A_PB2	1677	6128	T	0	0	6128	37.9
A_PB2	1678	6038	G	0	0	6038	37.1
A_PB2	1679	6744	T	0	0	6744	37.3
A_PB2	1680	5942	A	0	0	5942	34.1
A_PB2	1681	6394	A	0	0	6394	35.0
A_PB2	1682	6371	A	0	0	6371	37.5
A_PB2	1683	6168	A	0	0	6168	35.0
A_PB2	1684	5727	A	0	0	5727	37.1
A_PB2	1685	5963	T	0	0	5963	36.9
A_PB2	1686	7055	T	0	0	7055	34.5
A_PB2	1687	6047	C	0	0	6047	36.5
A_PB2	1688	6118	A	0	0	6118	34.3
A_PB2	1689	5630	A	0	0	5630	34.3
A_PB2	1690	6066	T	0	0	6066	37.8
A_PB2	1691	5484	G	0	0	5484	35.4
A_PB2	1692	6005	G	0	0	6005	36.3
A_PB2	1693	5630	T	0	0	5630	35.4
A_PB2	1694	5991	C	0	0	5991	36.2
A_PB2	1695	5911	A	0	0	5911	34.4
A_PB2	1696	6034	C	0	0	6034	35.8
A_PB2	1697	5906	A	0	0	5906	36.3
A_PB2	1698	5956	G	0	0	5956	35.2
A_PB2	1699	5935	G	0	0	5935	37.3
A_PB2	1700	6022	A	0	0	6022	35.2
A_PB2	1701	6148	T	0	0	6148	35.3
A_PB2	1702	5651	C	0	0	5651	35.5
A_PB2	1703	5302	C	0	0	5302	35.9
A_PB2	1704	5811	C	0	0	5811	35.0
A_PB2	1705	5568	A	0	0	5568	37.8
A_PB2	1706	5815	C	0	0	5815	35.2
A_PB2	1707	5385	A	0	0	5385	37.1
A_PB2	1708	5697	A	0	0	5697	34.2
A_PB2	1709	5913	T	0	0	5913	34.1
A_PB2	1710	5367	G	0	0	5367	35.5
A_PB2	1711	6254	T	0	0	6254	36.9
A_PB2	1712	5655	T	0	0	5655	35.7
A_PB2	1713	5296	G	0	0	5296	37.3
A_PB2	1714	5621	T	0	0	5621	36.7
A_PB2	1715	6042	A	0	0	6042	37.4
A_PB2	1716	5631	T	0	0	5631	36.2
A_PB2	1717	5033	A	0	0	5033	35.5
A_PB2	1718	4992	A	0	0	4992	37.6
A_PB2	1719	5401	T	0	0	5401	35.1
A_PB2	1720	5117	A	0	0	5117	37.5
A_PB2	1721	5296	A	0	0	5296	34.6
A_PB2	1722	4837	G	0	0	4837	35.5
A_PB2	1723	5467	A	0	0	5467	35.6
A_PB2	1724	5291	T	0	0	5291	35.7
A_PB2	1725	5280	G	0	0	5280	37.3
A_PB2	1726	4469	G	0	0	4469	36.6
A_PB2	1727	5046	A	0	0	5046	36.7
A_PB2	1728	5255	A	0	0	5255	35.1
A_PB2	1729	4849	T	0	0	4849	37.2
A_PB2	1730	5003	T	0	0	5003	37.9
A_PB2	1731	5370	C	0	0	5370	34.6
A_PB2	1732	5156	G	0	0	5156	36.4
A_PB2	1733	4265	A	0	0	4265	34.6
A_PB2	1734	4889	G	0	0	4889	36.3
A_PB2	1735	5364	C	0	0	5364	37.7
A_PB2	1736	4950	C	0	0	4950	34.5
A_PB2	1737	4898	A	0	0	4898	37.8
A_PB2	1738	5411	T	0	0	5411	34.3
A_PB2	1739	5260	T	0	0	5260	36.7
A_PB2	1740	4369	C	0	0	4369	36.6
A_PB2	1741	4794	C	0	0	4794	34.4
A_PB2	1742	4707	A	0	0	4707	35.7
A_PB2	1743	5396	G	0	0	5396	37.7
A_PB2	1744	4726	T	0	0	4726	36.9
A_PB2	1745	5028	C	0	0	5028	36.9
A_PB2	1746	4644	T	0	0	4644	35.8
A_PB2	1747	4817	C	0	0	4817	37.5
A_PB2	1748	4354	T	0	0	4354	37.3
A_PB2	1749	4637	A	0	0	4637	35.1
A_PB2	1750	4692	G	0	0	4692	37.4
A_PB2	1751	4238	T	0	0	4238	35.6
A_PB2	1752	4658	C	0	0	4658	35.9
A_PB2	1753	4751	C	0	0	4751	36.2
A_PB2	1754	4442	C	0	0	4442	36.3
A_PB2	1755	3978	T	0	0	3978	36.8
A_PB2	1756	4243	A	0	0	4243	37.3
A_PB2	1757	4239	A	0	0	4239	36.3
A_PB2	1758	4226	G	0	0	4226	35.2
A_PB2	1759	4255	G	0	0	4255	34.9
A_PB2	1760	4390	C	0	0	4390	34.2
A_PB2	1761	4328	A	0	0	4328	34.9
A_PB2	1762	4690	G	0	0	4690	35.8
A_PB2	1763	4251	C	0	0	4251	36.9
A_PB2	1764	4419	C	0	0	4419	35.0
A_PB2	1765	4146	A	0	0	4146	34.4
A_PB2	1766	4001	G	0	0	4001	37.3
A_PB2	1767	4092	A	0	0	4092	37.3
A_PB2	1768	4007	G	0	0	4007	37.3
A_PB2	1769	3877	G	0	0	3877	37.5
A_PB2	1770	4118	T	0	0	4118	37.7
A_PB2	1771	4224	C	0	0	4224	35.9
A_PB2	1772	4002	A	0	0	4002	37.9
A_PB2	1773	4337	A	0	0	4337	36.1
A_PB2	1774	4393	T	0	0	4393	37.8
A_PB2	1775	4216	A	0	0	4216	34.9
A_PB2	1776	4252	C	0	0	4252	35.2
A_PB2	1777	3993	A	0	0	3993	36.5
A_PB2	1778	4082	G	0	0	4082	35.3
A_PB2	1779	4005	T	0	0	4005	34.0
A_PB2	1780	3473	G	0	0	3473	36.3
A_PB2	1781	4848	G	0	0	4848	36.4
A_PB2	1782	3851	G	0	0	3851	34.3
A_PB2	1783	3871	T	0	0	3871	37.4
A_PB2	1784	3980	T	0	0	3980	36.9
A_PB2	1785	3735	T	0	0	3735	37.9
A_PB2	1786	3952	G	0	0	3952	37.9
A_PB2	1787	4088	T	0	0	4088	37.0
A_PB2	1788	4154	G	0	0	4154	36.4
A_PB2	1789	3951	A	0	0	3951	35.0
A_PB2	1790	3836	G	0	0	3836	34.8
A_PB2	1791	3878	A	0	0	3878	35.2
A_PB2	1792	3796	A	0	0	3796	37.0
A_PB2	1793	3741	C	0	0	3741	36.9
A_PB2	1794	3783	A	0	0	3783	36.8
A_PB2	1795	3947	C	0	0	3947	36.0
A_PB2	1796	3888	T	0	0	3888	37.9
A_PB2	1797	3595	A	0	0	3595	37.8
A_PB2	1798	3573	T	0	0	3573	34.7
A_PB2	1799	3580	T	0	0	3580	35.3
A_PB2	1800	3894	C	0	0	3894	37.6
A_PB2	1801	3725	C	0	0	3725	34.0
A_PB2	1802	4262	A	0	0	4262	34.8
A_PB2	1803	3519	G	0	0	3519	36.8
A_PB2	1804	4189	C	0	0	4189	34.1
A_PB2	1805	3724	A	0	0	3724	37.3
A_PB2	1806	3958	A	0	0	3958	35.5
A_PB2	1807	3462	A	0	0	3462	34.0
A_PB2	1808	3315	T	0	0	3315	34.5
A_PB2	1809	3545	G	0	0	3545	35.9
A_PB2	1810	4066	A	0	0	4066	36.6
A_PB2	1811	3112	G	0	0	3112	35.3
A_PB2	1812	3588	A	0	0	3588	37.8
A_PB2	1813	3643	G	0	0	3643	37.2
A_PB2	1814	3792	A	0	0	3792	35.4
A_PB2	1815	3473	T	0	0	3473	35.0
A_PB2	1816	3977	G	0	0	3977	34.5
A_PB2	1817	3363	T	0	0	3363	35.1
A_PB2	1818	3868	G	0	0	3868	37.7
A_PB2	1819	3322	C	0	0	3322	35.2
A_PB2	1820	3751	T	0	0	3751	35.1
A_PB2	1821	3659	T	0	0	3659	36.1
A_PB2	1822	3324	G	0	0	3324	35.7
A_PB2	1823	3550	G	0	0	3550	36.2
A_PB2	1824	3849	A	0	0	3849	37.9
A_PB2	1825	3273	A	0	0	3273	36.4
A_PB2	1826	3312	C	0	0	3312	35.0
A_PB2	1827	3306	A	0	0	3306	35.1
A_PB2	1828	3370	T	0	0	3370	34.0
A_PB2	1829	3837	T	0	0	3837	36.4
A_PB2	1830	3452	T	0	0	3452	36.9
A_PB2	1831	3564	G	0	0	3564	36.3
A_PB2	1832	3603	A	0	0	3603	35.4
A_PB2	1833	3732	C	0	0	3732	36.5
A_PB2	1834	3726	A	0	0	3726	35.6
A_PB2	1835	3418	C	0	0	3418	36.4
A_PB2	1836	3477	T	0	0	3477	36.0
A_PB2	1837	3597	G	0	0	3597	37.5
A_PB2	1838	3803	T	0	0	3803	37.7
A_PB2	1839	3522	T	0	0	3522	34.1
A_PB2	1840	3402	C	0	0	3402	37.9
A_PB2	1841	3376	A	0	0	3376	35.3
A_PB2	1842	3630	G	0	0	3630	37.0
A_PB2	1843	3898	A	0	0	3898	35.9
A_PB2	1844	3752	T	0	0	3752	37.9
A_PB2	1845	3786	A	0	0	3786	37.1
A_PB2	1846	3551	G	0	0	3551	36.5
A_PB2	1847	3319	T	0	0	3319	34.8
A_PB2	1848	3871	A	0	0	3871	35.5
A_PB2	1849	3375	A	0	0	3375	34.1
A_PB2	1850	3316	A	0	0	3316	35.0
A_PB2	1851	3723	A	0	0	3723	37.8
A_PB2	1852	3410	C	0	0	3410	37.0
A_PB2	1853	4119	T	0	0	4119	37.6
A_PB2	1854	4121	C	0	0	4121	37.0
A_PB2	1855	3523	C	0	0	3523	37.3
A_PB2	1856	3904	T	0	0	3904	34.2
A_PB2	1857	4216	C	0	0	4216	36.3
A_PB2	1858	3674	C	0	0	3674	34.6
A_PB2	1859	4051	C	0	0	4051	35.5
A_PB2	1860	3783	C	0	0	3783	36.0
A_PB2	1861	3787	T	0	0	3787	35.0
A_PB2	1862	3424	T	0	0	3424	36.6
A_PB2	1863	3525	T	0	0	3525	34.2
A_PB2	1864	3652	G	0	0	3652	35.7
A_PB2	1865	3700	C	0	0	3700	37.9
A_PB2	1866	3757	T	0	0	3757	37.2
A_PB2	1867	3791	G	0	0	3791	34.0
A_PB2	1868	3665	C	0	0	3665	36.9
A_PB2	1869	3986	C	0	0	3986	36.2
A_PB2	1870	4117	G	0	0	4117	35.3
A_PB2	1871	3832	C	0	0	3832	34.8
A_PB2	1872	3886	C	0	0	3886	36.8
A_PB2	1873	4519	C	0	0	4519	37.6
A_PB2	1874	3857	C	0	0	3857	35.1
A_PB2	1875	4069	A	0	0	4069	34.7
A_PB2	1876	3852	C	0	0	3852	35.0
A_PB2	1877	3994	C	0	0	3994	34.7
A_PB2	1878	3850	G	0	0	3850	34.3
A_PB2	1879	4133	G	0	0	4133	35.2
A_PB2	1880	3940	A	0	0	3940	37.0
A_PB2	1881	4462	A	0	0	4462	36.8
A_PB2	1882	4621	C	0	0	4621	37.5
A_PB2	1883	3995	A	0	0	3995	37.7
A_PB2	1884	3988	A	0	0	3988	34.3
A_PB2	1885	4135	A	0	0	4135	35.4
A_PB2	1886	4213	G	0	0	4213	34.1
A_PB2	1887	4351	T	0	0	4351	34.9
A_PB2	1888	3952	A	0	0	3952	37.2
A_PB2	1889	4305	G	0	0	4305	34.3
A_PB2	1890	3878	G	0	0	3878	36.0
A_PB2	1891	4740	A	0	0	4740	35.0
A_PB2	1892	4754	T	0	0	4754	36.5
A_PB2	1893	4135	G	0	0	4135	36.9
A_PB2	1894	4509	C	0	0	4509	36.7
A_PB2	1895	4346	A	0	0	4346	36.8
A_PB2	1896	4534	G	0	0	4534	36.0
A_PB2	1897	4384	T	0	0	4384	35.8
A_PB2	1898	4217	T	0	0	4217	36.8
A_PB2	1899	3993	C	0	0	3993	35.7
A_PB2	1900	4616	T	0	0	4616	36.2
A_PB2	1901	4423	C	0	0	4423	38.0
A_PB2	1902	4477	C	0	0	4477	34.8
A_PB2	1903	4819	T	0	0	4819	37.0
A_PB2	1904	4740	C	0	0	4740	37.7
A_PB2	1905	5114	C	0	0	5114	37.8
A_PB2	1906	4663	C	0	0	4663	35.6
A_PB2	1907	4771	T	0	0	4771	36.1
A_PB2	1908	4263	G	0	0	4263	34.2
A_PB2	1909	4363	A	0	0	4363	36.4
A_PB2	1910	4956	C	0	0	4956	34.3
A_PB2	1911	4635	T	0	0	4635	37.7
A_PB2	1912	4377	G	0	0	4377	35.7
A_PB2	1913	4446	T	0	0	4446	36.0
A_PB2	1914	4703	G	0	0	4703	37.9
A_PB2	1915	4495	A	0	0	4495	37.9
A_PB2	1916	4497	A	0	0	4497	37.1
A_PB2	1917	5245	T	0	0	5245	34.6
A_PB2	1918	4958	G	0	0	4958	37.7
A_PB2	1919	5074	T	0	0	5074	37.5
A_PB2	1920	4731	A	0	0	4731	35.2
A_PB2	1921	5129	A	0	0	5129	36.0
A_PB2	1922	5142	G	0	0	5142	36.9
A_PB2	1923	4934	A	0	0	4934	37.7
A_PB2	1924	4667	G	0	0	4667	37.6
A_PB2	1925	4672	G	0	0	4672	37.7
A_PB2	1926	4957	A	0	0	4957	37.2
A_PB2	1927	5164	T	0	0	5164	36.1
A_PB2	1928	4743	C	0	0	4743	34.3
A_PB2	1929	5107	A	0	0	5107	34.1
A_PB2	1930	4969	G	0	0	4969	34.3
A_PB2	1931	4979	G	0	0	4979	34.0
A_PB2	1932	4526	A	0	0	4526	35.5
A_PB2	1933	5092	A	0	0	5092	35.2
A_PB2	1934	5074	T	0	0	5074	34.8
A_PB2	1935	5304	G	0	0	5304	37.4
A_PB2	1936	5186	A	0	0	5186	36.4
A_PB2	1937	5319	G	0	0	5319	37.3
A_PB2	1938	5199	G	0	0	5199	36.9
A_PB2	1939	5323	A	0	0	5323	36.3
A_PB2	1940	4778	T	0	0	4778	35.0
A_PB2	1941	4851	A	0	0	4851	37.7
A_PB2	1942	5507	C	0	0	5507	36.9
A_PB2	1943	5358	T	0	0	5358	36.9
A_PB2	1944	5319	G	0	0	5319	37.0
A_PB2	1945	4883	G	0	0	4883	36.9
A_PB2	1946	5001	T	0	0	5001	38.0
A_PB2	1947	5797	A	0	0	5797	37.8
A_PB2	1948	5885	A	0	0	5885	37.0
A_PB2	1949	5006	G	0	0	5006	35.5
A_PB2	1950	5415	A	0	0	5415	35.2
A_PB2	1951	5204	G	0	0	5204	38.0
A_PB2	1952	5560	G	0	0	5560	35.8
A_PB2	1953	5614	C	0	0	5614	36.5
A_PB2	1954	5479	A	0	0	5479	35.8
A_PB2	1955	4973	A	0	0	4973	35.5
A_PB2	1956	5405	T	0	0	5405	34.5
A_PB2	1957	5671	T	0	0	5671	35.7
A_PB2	1958	5369	C	0	0	5369	37.6
A_PB2	1959	5426	A	0	0	5426	35.3
A_PB2	1960	5179	C	0	0	5179	36.8
A_PB2	1961	6002	C	0	0	6002	36.2
A_PB2	1962	5512	A	0	0	5512	34.8
A_PB2	1963	5755	G	0	0	5755	38.0
A_PB2	1964	5907	T	0	0	5907	34.3
A_PB2	1965	5842	C	0	0	5842	34.7
A_PB2	1966	5747	T	0	0	5747	37.5
A_PB2	1967	5683	T	0	0	5683	34.8
A_PB2	1968	6272	C	0	0	6272	37.2
A_PB2	1969	6053	A	0	0	6053	35.8
A_PB2	1970	5377	A	0	0	5377	38.0
A_PB2	1971	6347	T	0	0	6347	34.1
A_PB2	1972	5842	T	0	0	5842	34.5
A_PB2	1973	5962	A	0	0	5962	35.3
A_PB2	1974	5495	C	0	0	5495	35.1
A_PB2	1975	6098	A	0	0	6098	35.6
A_PB2	1976	5772	A	0	0	5772	34.9
A_PB2	1977	5693	C	0	0	5693	37.0
A_PB2	1978	6043	A	0	0	6043	37.7
A_PB2	1979	5713	A	0	0	5713	36.6
A_PB2	1980	6013	G	0	0	6013	34.8
A_PB2	1981	6386	G	0	0	6386	35.1
A_PB2	1982	6159	C	0	0	6159	37.2
A_PB2	1983	6074	C	0	0	6074	36.4
A_PB2	1984	5734	A	0	0	5734	34.7
A_PB2	1985	6326	C	0	0	6326	37.5
A_PB2	1986	5824	C	0	0	5824	38.0
A_PB2	1987	6660	A	0	0	6660	35.0
A_PB2	1988	5180	A	0	0	5180	34.2
A_PB2	1989	6099	G	0	0	6099	35.5
A_PB2	1990	5892	A	0	0	5892	35.8
A_PB2	1991	6272	G	0	0	6272	35.3
A_PB2	1992	6362	G	0	0	6362	34.1
A_PB2	1993	6018	C	0	0	6018	36.5
A_PB2	1994	5644	T	0	0	5644	37.9
A_PB2	1995	5797	C	0	0	5797	37.7
A_PB2	1996	6209	A	0	0	6209	37.0
A_PB2	1997	5929	C	0	0	5929	34.9
A_PB2	1998	6471	A	0	0	6471	35.6
A_PB2	1999	5610	G	0	0	5610	37.3
A_PB2	2000	6483	T	0	0	6483	37.3
A_PB2	2001	5704	T	0	0	5704	35.9
A_PB2	2002	6598	C	0	0	6598	37.4
A_PB2	2003	5824	T	0	0	5824	36.3
A_PB2	2004	6109	C	0	0	6109	35.9
A_PB2	2005	5688	G	0	0	5688	37.4
A_PB2	2006	6417	G	0	0	6417	34.5
A_PB2	2007	6486	G	0	0	6486	34.3
A_PB2	2008	6182	A	0	0	6182	37.5
A_PB2	2009	5765	A	0	0	5765	37.4
A_PB2	2010	6066	A	0	0	6066	35.4
A_PB2	2011	6012	G	0	0	6012	34.5
A_PB2	2012	5468	A	0	0	5468	34.2
A_PB2	2013	5811	T	0	0	5811	37.7
A_PB2	2014	5663	G	0	0	5663	37.4
A_PB2	2015	6013	C	0	0	6013	37.8
A_PB2	2016	6032	A	0	0	6032	34.0
A_PB2	2017	6742	G	0	0	6742	36.9
A_PB2	2018	6964	G	0	0	6964	34.2
A_PB2	2019	5574	T	0	0	5574	36.6
A_PB2	2020	6608	G	0	0	6608	35.7
A_PB2	2021	6337	C	0	0	6337	36.2
A_PB2	2022	5763	A	0	0	5763	34.2
A_PB2	2023	6517	T	0	0	6517	37.5
A_PB2	2024	5920	T	0	0	5920	34.9
A_PB2	2025	5609	G	0	0	5609	35.3
A_PB2	2026	6504	A	0	0	6504	35.2
A_PB2	2027	6014	C	0	0	6014	37.0
A_PB2	2028	5354	C	0	0	5354	35.9
A_PB2	2029	5868	G	0	0	5868	35.3
A_PB2	2030	5666	A	0	0	5666	36.7
A_PB2	2031	6007	A	0	0	6007	34.1
A_PB2	2032	6600	G	0	0	6600	34.3
A_PB2	2033	5923	A	0	0	5923	34.2
A_PB2	2034	6360	T	0	0	6360	37.6
A_PB2	2035	6232	C	0	0	6232	35.1
A_PB2	2036	5683	C	0	0	5683	34.5
A_PB2	2037	6618	A	0	0	6618	35.1
A_PB2	2038	5401	G	0	0	5401	35.3
A_PB2	2039	5360	A	0	0	5360	37.2
A_PB2	2040	5867	T	0	0	5867	37.7
A_PB2	2041	6276	G	0	0	6276	34.2
A_PB2	2042	5540	A	0	0	5540	36.8
A_PB2	2043	6284	A	0	0	6284	35.0
A_PB2	2044	6603	G	0	0	6603	34.8
A_PB2	2045	6113	G	0	0	6113	34.0
A_PB2	2046	6001	C	0	0	6001	36.9
A_PB2	2047	5445	A	0	0	5445	37.3
A_PB2	2048	5966	C	0	0	5966	35.6
A_PB2	2049	5565	A	0	0	5565	37.1
A_PB2	2050	5897	G	0	0	5897	37.5
A_PB2	2051	6034	C	0	0	6034	36.2
A_PB2	2052	6290	T	0	0	6290	34.4
A_PB2	2053	6134	G	0	0	6134	36.1
A_PB2	2054	5574	G	0	0	5574	37.1
A_PB2	2055	6465	A	0	0	6465	37.8
A_PB2	2056	5577	G	0	0	5577	36.5
A_PB2	2057	5888	T	0	0	5888	34.3
A_PB2	2058	6136	G	0	0	6136	35.6
A_PB2	2059	6195	G	0	0	6195	34.5
A_PB2	2060	6110	A	0	0	6110	36.7
A_PB2	2061	6277	G	0	0	6277	34.9
A_PB2	2062	5804	T	0	0	5804	36.9
A_PB2	2063	5701	C	0	0	5701	37.3
A_PB2	2064	6006	T	0	0	6006	36.5
A_PB2	2065	6384	G	0	0	6384	34.1
A_PB2	2066	5403	C	0	0	5403	36.9
A_PB2	2067	5414	T	0	0	5414	34.8
A_PB2	2068	5846	G	0	0	5846	35.7
A_PB2	2069	5231	T	0	0	5231	36.0
A_PB2	2070	5960	T	0	0	5960	35.6
A_PB2	2071	5724	T	0	0	5724	35.6
A_PB2	2072	5840	T	0	0	5840	36.3
A_PB2	2073	5820	A	0	0	5820	37.6
A_PB2	2074	5813	A	0	0	5813	36.3
A_PB2	2075	6027	G	0	0	6027	37.3
A_PB2	2076	5456	A	0	0	5456	36.7
A_PB2	2077	6231	G	0	0	6231	37.3
A_PB2	2078	6060	G	0	0	6060	35.3
A_PB2	2079	5953	A	0	0	5953	37.1
A_PB2	2080	5585	T	0	0	5585	37.2
A_PB2	2081	5706	T	0	0	5706	36.4
A_PB2	2082	6128	C	0	0	6128	35.4
A_PB2	2083	6186	C	0	0	6186	35.2
A_PB2	2084	5866	T	0	0	5866	37.3
A_PB2	2085	6133	C	0	0	6133	34.2
A_PB2	2086	5617	A	0	0	5617	37.5
A_PB2	2087	5425	T	0	0	5425	34.5
A_PB2	2088	5613	T	0	0	5613	36.3
A_PB2	2089	5612	T	0	0	5612	37.3
A_PB2	2090	5895	T	0	0	5895	36.7
A_PB2	2091	5984	G	0	0	5984	35.2
A_PB2	2092	6294	G	0	0	6294	35.5
A_PB2	2093	5818	G	0	0	5818	36.5
A_PB2	2094	5546	C	0	0	5546	37.6
A_PB2	2095	5615	A	0	0	5615	35.5
A_PB2	2096	5753	A	0	0	5753	37.9
A_PB2	2097	5885	A	0	0	5885	37.4
A_PB2	2098	5120	G	0	0	5120	37.9
A_PB2	2099	5482	A	0	0	5482	36.1
A_PB2	2100	5344	A	0	0	5344	34.8
A_PB2	2101	5646	G	0	0	5646	37.5
A_PB2	2102	5315	A	0	0	5315	37.3
A_PB2	2103	5425	C	0	0	5425	35.0
A_PB2	2104	5706	A	0	0	5706	35.7
A_PB2	2105	5271	A	0	0	5271	34.1
A_PB2	2106	5843	G	0	0	5843	35.8
A_PB2	2107	5881	A	0	0	5881	35.3
A_PB2	2108	5297	G	0	0	5297	37.9
A_PB2	2109	5534	A	0	0	5534	37.1
A_PB2	2110	5598	T	0	0	5598	34.5
A_PB2	2111	5829	A	0	0	5829	35.6
A_PB2	2112	5882	T	0	0	5882	36.8
A_PB2	2113	5711	G	0	0	5711	36.3
A_PB2	2114	5103	G	0	0	5103	35.8
A_PB2	2115	5659	C	0	0	5659	37.9
A_PB2	2116	5865	C	0	0	5865	36.3
A_PB2	2117	5804	C	0	0	5804	36.5
A_PB2	2118	5133	A	0	0	5133	36.8
A_PB2	2119	5362	G	0	0	5362	36.2
A_PB2	2120	6141	C	0	0	6141	35.4
A_PB2	2121	5455	A	0	0	5455	35.0
A_PB2	2122	5776	T	0	0	5776	35.2
A_PB2	2123	5493	T	0	0	5493	36.0
A_PB2	2124	5807	G	0	0	5807	36.9
A_PB2	2125	5999	A	0	0	5999	36.0
A_PB2	2126	5837	G	0	0	5837	35.0
A_PB2	2127	6045	C	0	0	6045	34.2
A_PB2	2128	5554	A	0	0	5554	34.8
A_PB2	2129	5499	T	0	0	5499	37.6
A_PB2	2130	5673	C	0	0	5673	36.4
A_PB2	2131	5777	A	0	0	5777	35.2
A_PB2	2132	5657	A	0	0	5657	34.7
A_PB2	2133	5263	T	0	0	5263	36.3
A_PB2	2134	5730	G	0	0	5730	36.7
A_PB2	2135	6092	A	0	0	6092	37.0
A_PB2	2136	6376	G	0	0	6376	34.3
A_PB2	2137	6072	C	0	0	6072	34.8
A_PB2	2138	5289	T	0	0	5289	37.0
A_PB2	2139	6056	G	0	0	6056	36.4
A_PB2	2140	5650	A	0	0	5650	37.2
A_PB2	2141	5495	G	0	0	5495	37.8
A_PB2	2142	5519	C	0	0	5519	34.2
A_PB2	2143	6180	A	0	0	6180	35.1
A_PB2	2144	5981	A	0	0	5981	34.6
A_PB2	2145	5697	T	0	0	5697	35.4
A_PB2	2146	5059	C	0	0	5059	34.9
A_PB2	2147	6060	T	0	0	6060	36.8
A_PB2	2148	5327	T	0	0	5327	34.5
A_PB2	2149	5967	G	0	0	5967	34.5
A_PB2	2150	5349	C	0	0	5349	35.5
A_PB2	2151	5774	A	0	0	5774	35.0
A_PB2	2152	5228	A	0	0	5228	35.9
A_PB2	2153	5661	A	0	0	5661	34.8
A_PB2	2154	4889	G	0	0	4889	35.5
A_PB2	2155	5231	G	0	0	5231	37.2
A_PB2	2156	4599	G	0	0	4599	36.8
A_PB2	2157	5200	A	0	0	5200	37.1
A_PB2	2158	4623	G	0	0	4623	36.7
A_PB2	2159	5794	A	0	0	5794	35.9
A_PB2	2160	4852	G	0	0	4852	35.5
A_PB2	2161	5062	A	0	0	5062	36.8
A_PB2	2162	5284	A	0	0	5284	34.9
A_PB2	2163	4595	G	0	0	4595	37.6
A_PB2	2164	5045	G	0	0	5045	38.0
A_PB2	2165	5498	C	0	0	5498	37.0
A_PB2	2166	4911	T	0	0	4911	36.9
A_PB2	2167	4957	A	0	0	4957	35.2
A_PB2	2168	5539	A	0	0	5539	37.4
A_PB2	2169	5308	T	0	0	5308	37.3
A_PB2	2170	4978	G	0	0	4978	34.5
A_PB2	2171	5245	T	0	0	5245	36.0
A_PB2	2172	4635	G	0	0	4635	36.2
A_PB2	2173	4773	C	0	0	4773	35.2
A_PB2	2174	4409	T	0	0	4409	36.3
A_PB2	2175	4633	A	0	0	4633	36.0
A_PB2	2176	4555	A	0	0	4555	36.1
A_PB2	2177	4751	T	0	0	4751	34.0
A_PB2	2178	4702	T	0	0	4702	35.5
A_PB2	2179	4159	G	0	0	4159	34.5
A_PB2	2180	4553	G	0	0	4553	37.3
A_PB2	2181	4571	G	0	0	4571	35.7
A_PB2	2182	4172	C	0	0	4172	35.9
A_PB2	2183	4107	A	0	0	4107	36.7
A_PB2	2184	4693	A	0	0	4693	35.2
A_PB2	2185	4353	G	0	0	4353	35.1
A_PB2	2186	4179	G	0	0	4179	37.9
A_PB2	2187	3911	A	0	0	3911	37.5
A_PB2	2188	4229	G	0	0	4229	35.0
A_PB2	2189	4034	A	0	0	4034	36.4
A_PB2	2190	4390	C	0	0	4390	37.4
A_PB2	2191	4107	G	0	0	4107	34.5
A_PB2	2192	4135	T	0	0	4135	34.4
A_PB2	2193	4174	A	0	0	4174	35.4
A_PB2	2194	3935	G	0	0	3935	34.1
A_PB2	2195	3875	T	0	0	3875	37.1
A_PB2	2196	3480	G	0	0	3480	37.3
A_PB2	2197	4111	T	0	0	4111	34.4
A_PB2	2198	3570	T	0	0	3570	34.3
A_PB2	2199	3901	G	0	0	3901	34.9
A_PB2	2200	3497	G	0	0	3497	35.6
A_PB2	2201	3384	T	0	0	3384	34.4
A_PB2	2202	3760	G	0	0	3760	37.9
A_PB2	2203	3940	A	0	0	3940	37.2
A_PB2	2204	3204	T	0	0	3204	37.1
A_PB2	2205	3732	G	0	0	3732	36.0
A_PB2	2206	3343	A	0	0	3343	36.3
A_PB2	2207	3504	A	0	0	3504	36.9
A_PB2	2208	3658	A	0	0	3658	34.8
A_PB2	2209	3156	C	0	0	3156	35.2
A_PB2	2210	3146	G	0	0	3146	35.0
A_PB2	2211	3275	G	0	0	3275	36.1
A_PB2	2212	3278	A	0	0	3278	36.3
A_PB2	2213	3454	A	0	0	3454	36.1
A_PB2	2214	3073	A	0	0	3073	36.8
A_PB2	2215	3292	C	0	0	3292	35.6
A_PB2	2216	3075	G	0	0	3075	37.5
A_PB2	2217	3005	G	0	0	3005	36.9
A_PB2	2218	2935	G	0	0	2935	36.8
A_PB2	2219	2771	A	0	0	2771	34.4
A_PB2	2220	2895	C	0	0	2895	35.7
A_PB2	2221	2873	T	0	0	2873	37.9
A_PB2	2222	2890	C	0	0	2890	36.7
A_PB2	2223	2936	T	0	0	2936	38.0
A_PB2	2224	2906	A	0	0	2906	36.9
A_PB2	2225	2528	G	0	0	2528	36.6
A_PB2	2226	2341	C	0	0	2341	34.9
A_PB2	2227	2570	A	0	0	2570	34.0
A_PB2	2228	2508	T	0	0	2508	35.8
A_PB2	2229	2609	A	0	0	2609	35.4
A_PB2	2230	2661	C	0	0	2661	37.8
A_PB2	2231	2467	T	0	0	2467	36.0
A_PB2	2232	2311	T	0	0	2311	37.3
A_PB2	2233	2465	A	0	0	2465	35.2
A_PB2	2234	2250	C	0	0	2250	37.4
A_PB2	2235	2256	T	0	0	2256	37.5
A_PB2	2236	2283	G	0	0	2283	35.4
A_PB2	2237	2540	A	0	0	2540	37.7
A_PB2	2238	2173	C	0	0	2173	35.5
A_PB2	2239	2138	A	0	0	2138	34.8
A_PB2	2240	2059	G	0	0	2059	34.5
A_PB2	2241	2281	C	0	0	2281	36.7
A_PB2	2242	2076	C	0	0	2076	37.5
A_PB2	2243	1762	A	0	0	1762	36.1
A_PB2	2244	1836	G	0	0	1836	34.2
A_PB2	2245	1610	A	0	0	1610	34.1
A_PB2	2246	1933	C	0	0	1933	34.5
A_PB2	2247	1531	A	0	0	1531	35.1
A_PB2	2248	1607	G	0	0	1607	37.5
A_PB2	2249	1546	C	0	0	1546	36.9
A_PB2	2250	1643	G	0	0	1643	37.6
A_PB2	2251	1436	A	0	0	1436	35.0
A_PB2	2252	1574	C	0	0	1574	35.4
A_PB2	2253	1501	C	0	0	1501	34.5
A_PB2	2254	1440	A	0	0	1440	35.2
A_PB2	2255	1162	A	0	0	1162	36.4
A_PB2	2256	1219	A	0	0	1219	34.5
A_PB2	2257	1314	A	0	0	1314	34.6
A_PB2	2258	1222	G	0	0	1222	36.4
A_PB2	2259	1036	A	0	0	1036	35.8
A_PB2	2260	950	A	0	0	950	35.5
A_PB2	2261	1065	T	0	0	1065	36.9
A_PB2	2262	907	T	0	0	907	36.4
A_PB2	2263	845	C	0	0	845	36.7
A_PB2	2264	860	G	0	0	860	37.7
A_PB2	2265	787	G	0	0	787	34.8
A_PB2	2266	684	A	0	0	684	37.6
A_PB2	2267	745	T	0	0	745	36.1
A_PB2	2268	639	G	0	0	639	36.2
A_PB2	2269	622	G	0	0	622	34.6
A_PB2	2270	579	C	0	0	579	35.5
A_PB2	2271	454	C	0	0	454	37.5
A_PB2	2272	425	A	0	0	425	36.9
A_PB2	2273	347	T	0	0	347	35.0
A_PB2	2274	326	C	0	0	326	35.0
A_PB2	2275	261	A	0	0	261	34.4
A_PB2	2276	209	A	0	0	209	37.3
A_PB2	2277	166	T	0	0	166	34.0
A_PB2	2278	107	T	0	0	107	37.1
A_PB2	2279	51	A	0	0	51	37.5
A_PB2	2280	0	G	0	0	0	34.1
