Reference_Name	Position	Coverage Depth	Consensus	Deletions	Ambiguous	Consensus_Count	Consensus_Average_Quality
A_PB1	1	29	A	0	0	29	35.2
A_PB1	2	59	T	0	0	59	36.3
A_PB1	3	97	G	0	0	97	36.4
A_PB1	4	129	G	0	0	129	34.0
A_PB1	5	169	A	0	0	169	36.4
A_PB1	6	197	T	0	0	197	35.5
A_PB1	7	209	G	0	0	209	37.2
A_PB1	8	251	T	0	0	251	34.8
A_PB1	9	314	C	0	0	314	35.1
A_PB1	10	332	A	0	0	332	36.9
A_PB1	11	356	A	0	0	356	37.6
A_PB1	12	400	T	0	0	400	37.2
A_PB1	13	468	C	0	0	468	35.6
A_PB1	14	511	C	0	0	511	35.2
A_PB1	15	478	G	0	0	478	36.3
A_PB1	16	583	A	0	0	583	35.8
A_PB1	17	506	C	0	0	506	34.1
A_PB1	18	587	T	0	0	587	34.6
A_PB1	19	630	T	0	0	630	35.1
A_PB1	20	635	T	0	0	635	37.5
A_PB1	21	653	A	0	0	653	37.8
A_PB1	22	652	C	0	0	652	36.2
A_PB1	23	715	T	0	0	715	36.8
A_PB1	24	798	T	0	0	798	34.4
A_PB1	25	728	T	0	0	728	35.2
A_PB1	26	887	T	0	0	887	34.4
A_PB1	27	856	C	0	0	856	37.3
A_PB1	28	839	T	0	0	839	37.4
A_PB1	29	889	T	0	0	889	36.0
A_PB1	30	904	G	0	0	904	35.3
A_PB1	31	974	A	0	0	974	36.9
A_PB1	32	1188	A	0	0	1188	36.0
A_PB1	33	1089	A	0	0	1089	35.0
A_PB1	34	1059	G	0	0	1059	35.5
A_PB1	35	1259	T	0	0	1259	35.1
A_PB1	36	1144	T	0	0	1144	35.3
A_PB1	37	1127	C	0	0	1127	36.3
A_PB1	38	1189	C	0	0	1189	35.0
A_PB1	39	1177	A	0	0	1177	36.3
A_PB1	40	1249	G	0	0	1249	36.1
A_PB1	41	1180	C	0	0	1180	35.0
A_PB1	42	1322	G	0	0	1322	36.5
A_PB1	43	1323	C	0	0	1323	34.1
A_PB1	44	1375	A	0	0	1375	34.9
A_PB1	45	1370	A	0	0	1370	35.8
A_PB1	46	1396	A	0	0	1396	34.1
A_PB1	47	1619	A	0	0	1619	35.5
A_PB1	48	1483	T	0	0	1483	34.9
A_PB1	49	1676	G	0	0	1676	38.0
A_PB1	50	1650	C	0	0	1650	37.9
A_PB1	51	1507	C	0	0	1507	37.4
A_PB1	52	1590	A	0	0	1590	35.1
A_PB1	53	1657	T	0	0	1657	36.6
A_PB1	54	1665	A	0	0	1665	36.0
A_PB1	55	1555	A	0	0	1555	34.8
A_PB1	56	1728	G	0	0	1728	35.4
A_PB1	57	1878	C	0	0	1878	37.5
A_PB1	58	1812	A	0	0	1812	34.0
A_PB1	59	1990	C	0	0	1990	36.9
A_PB1	60	1828	C	0	0	1828	35.2
A_PB1	61	1923	A	0	0	1923	35.3
A_PB1	62	1909	C	0	0	1909	36.2
A_PB1	63	1934	A	0	0	1934	34.5
A_PB1	64	2028	T	0	0	2028	34.5
A_PB1	65	1996	T	0	0	1996	37.9
A_PB1	66	1972	C	0	0	1972	36.8
A_PB1	67	1919	C	0	0	1919	35.9
A_PB1	68	1924	C	0	0	1924	35.8
A_PB1	69	1973	G	0	0	1973	35.6
A_PB1	70	1916	T	0	0	1916	38.0
A_PB1	71	1879	A	0	0	1879	34.6
A_PB1	72	2029	T	0	0	2029	36.5
A_PB1	73	2051	A	0	0	2051	34.1
A_PB1	74	2291	C	0	0	2291	35.5
A_PB1	75	2267	T	0	0	2267	36.9
A_PB1	76	2237	G	0	0	2237	37.4
A_PB1	77	2409	G	0	0	2409	36.8
A_PB1	78	2401	A	0	0	2401	36.3
A_PB1	79	2369	G	0	0	2369	34.7
A_PB1	80	2312	A	0	0	2312	36.6
A_PB1	81	2232	T	0	0	2232	36.3
A_PB1	82	2303	C	0	0	2303	35.2
A_PB1	83	2608	C	0	0	2608	36.2
A_PB1	84	2066	T	0	0	2066	35.5
A_PB1	85	2628	C	0	0	2628	36.8
A_PB1	86	2449	C	0	0	2449	37.4
A_PB1	87	2527	A	0	0	2527	36.5
A_PB1	88	2580	T	0	0	2580	34.2
A_PB1	89	2333	A	0	0	2333	36.1
A_PB1	90	2585	C	0	0	2585	34.3
A_PB1	91	2561	A	0	0	2561	37.9
A_PB1	92	2493	G	0	0	2493	37.6
A_PB1	93	2698	C	0	0	2698	37.0
A_PB1	94	2774	C	0	0	2774	37.0
A_PB1	95	2599	A	0	0	2599	37.0
A_PB1	96	2441	T	0	0	2441	35.0
A_PB1	97	2695	G	0	0	2695	37.6
A_PB1	98	2726	G	0	0	2726	34.4
A_PB1	99	2667	A	0	0	2667	36.4
A_PB1	100	2989	A	0	0	2989	37.5
A_PB1	101	2657	C	0	0	2657	36.8
A_PB1	102	2496	A	0	0	2496	36.2
A_PB1	103	3179	G	0	0	3179	35.6
A_PB1	104	3055	G	0	0	3055	36.7
A_PB1	105	2898	A	0	0	2898	35.3
A_PB1	106	2885	A	0	0	2885	34.9
A_PB1	107	2882	C	0	0	2882	37.6
A_PB1	108	2905	A	0	0	2905	37.9
A_PB1	109	3198	G	0	0	3198	37.3
A_PB1	110	2935	G	0	0	2935	36.5
A_PB1	111	3025	A	0	0	3025	36.2
A_PB1	112	3203	T	0	0	3203	35.1
A_PB1	113	2937	A	0	0	2937	35.7
A_PB1	114	2930	T	0	0	2930	34.2
A_PB1	115	3515	A	0	0	3515	37.3
A_PB1	116	3028	C	0	0	3028	37.5
A_PB1	117	2955	C	0	0	2955	37.5
A_PB1	118	3153	A	0	0	3153	36.4
A_PB1	119	3362	T	0	0	3362	35.8
A_PB1	120	3483	G	0	0	3483	36.8
A_PB1	121	3311	G	0	0	3311	37.3
A_PB1	122	3077	A	0	0	3077	36.7
A_PB1	123	3480	C	0	0	3480	37.9
A_PB1	124	3024	A	0	0	3024	37.4
A_PB1	125	3405	C	0	0	3405	35.0
A_PB1	126	3606	A	0	0	3606	34.3
A_PB1	127	3168	G	0	0	3168	36.7
A_PB1	128	3519	T	0	0	3519	36.9
A_PB1	129	3429	T	0	0	3429	37.9
A_PB1	130	3354	A	0	0	3354	36.7
A_PB1	131	3321	A	0	0	3321	35.3
A_PB1	132	3879	C	0	0	3879	36.3
A_PB1	133	3632	A	0	0	3632	35.1
A_PB1	134	3803	G	0	0	3803	35.5
A_PB1	135	3790	A	0	0	3790	34.2
A_PB1	136	3885	A	0	0	3885	37.4
A_PB1	137	3411	C	0	0	3411	34.3
A_PB1	138	3507	A	0	0	3507	36.8
A_PB1	139	3542	C	0	0	3542	34.2
A_PB1	140	3561	A	0	0	3561	35.5
A_PB1	141	3700	T	0	0	3700	34.2
A_PB1	142	3831	C	0	0	3831	36.5
A_PB1	143	3403	A	0	0	3403	37.0
A_PB1	144	3478	G	0	0	3478	37.6
A_PB1	145	3024	T	0	0	3024	37.8
A_PB1	146	3392	A	0	0	3392	35.4
A_PB1	147	3621	T	0	0	3621	34.1
A_PB1	148	3645	T	0	0	3645	35.3
A_PB1	149	3269	C	0	0	3269	34.9
A_PB1	150	3530	A	0	0	3530	34.8
A_PB1	151	3025	G	0	0	3025	37.0
A_PB1	152	3576	A	0	0	3576	36.7
A_PB1	153	3323	A	0	0	3323	37.4
A_PB1	154	3734	A	0	0	3734	35.4
A_PB1	155	3461	A	0	0	3461	36.0
A_PB1	156	3707	A	0	0	3707	37.0
A_PB1	157	3428	G	0	0	3428	34.5
A_PB1	158	3768	G	0	0	3768	35.9
A_PB1	159	3761	G	0	0	3761	35.4
A_PB1	160	3379	A	0	0	3379	34.7
A_PB1	161	3529	A	0	0	3529	37.9
A_PB1	162	3141	A	0	0	3141	35.6
A_PB1	163	3380	T	0	0	3380	35.4
A_PB1	164	3540	G	0	0	3540	34.5
A_PB1	165	3331	G	0	0	3331	34.6
A_PB1	166	3401	A	0	0	3401	37.5
A_PB1	167	3422	C	0	0	3422	37.9
A_PB1	168	3491	A	0	0	3491	35.1
A_PB1	169	3495	A	0	0	3495	35.0
A_PB1	170	3259	C	0	0	3259	36.6
A_PB1	171	3688	A	0	0	3688	34.8
A_PB1	172	3349	A	0	0	3349	35.2
A_PB1	173	3463	A	0	0	3463	34.7
A_PB1	174	3432	C	0	0	3432	35.9
A_PB1	175	3261	T	0	0	3261	34.7
A_PB1	176	3586	C	0	0	3586	35.3
A_PB1	177	3141	A	0	0	3141	35.4
A_PB1	178	3604	G	0	0	3604	34.6
A_PB1	179	3428	A	0	0	3428	34.8
A_PB1	180	3333	A	0	0	3333	34.9
A_PB1	181	3449	A	0	0	3449	37.5
A_PB1	182	3430	C	0	0	3430	35.9
A_PB1	183	3579	T	0	0	3579	34.3
A_PB1	184	3501	G	0	0	3501	34.6
A_PB1	185	3277	G	0	0	3277	35.9
A_PB1	186	3696	A	0	0	3696	36.9
A_PB1	187	3395	G	0	0	3395	35.5
A_PB1	188	3364	C	0	0	3364	35.2
A_PB1	189	3480	A	0	0	3480	34.0
A_PB1	190	3406	C	0	0	3406	37.8
A_PB1	191	3240	C	0	0	3240	34.5
A_PB1	192	3397	T	0	0	3397	35.6
A_PB1	193	3786	C	0	0	3786	37.2
A_PB1	194	3310	A	0	0	3310	35.0
A_PB1	195	3559	A	0	0	3559	34.7
A_PB1	196	3653	C	0	0	3653	36.4
A_PB1	197	3503	T	0	0	3503	34.6
A_PB1	198	3641	C	0	0	3641	36.8
A_PB1	199	4050	A	0	0	4050	37.5
A_PB1	200	3419	A	0	0	3419	35.1
A_PB1	201	3748	T	0	0	3748	37.2
A_PB1	202	3497	C	0	0	3497	34.7
A_PB1	203	3498	C	0	0	3498	36.0
A_PB1	204	3725	A	0	0	3725	34.0
A_PB1	205	3556	A	0	0	3556	34.7
A_PB1	206	3423	T	0	0	3423	36.9
A_PB1	207	3484	T	0	0	3484	37.8
A_PB1	208	3555	G	0	0	3555	35.2
A_PB1	209	3631	A	0	0	3631	35.1
A_PB1	210	3379	T	0	0	3379	37.3
A_PB1	211	3860	G	0	0	3860	35.9
A_PB1	212	3590	G	0	0	3590	36.8
A_PB1	213	3769	A	0	0	3769	34.7
A_PB1	214	3679	C	0	0	3679	36.4
A_PB1	215	3499	C	0	0	3499	35.2
A_PB1	216	3628	A	0	0	3628	37.8
A_PB1	217	3312	T	0	0	3312	35.3
A_PB1	218	3438	T	0	0	3438	37.9
A_PB1	219	3661	G	0	0	3661	34.6
A_PB1	220	3585	C	0	0	3585	34.9
A_PB1	221	3706	C	0	0	3706	36.1
A_PB1	222	3670	T	0	0	3670	37.8
A_PB1	223	3388	G	0	0	3388	34.3
A_PB1	224	3553	A	0	0	3553	36.4
A_PB1	225	3929	G	0	0	3929	35.3
A_PB1	226	3822	G	0	0	3822	35.6
A_PB1	227	3186	A	0	0	3186	36.3
A_PB1	228	3545	C	0	0	3545	35.2
A_PB1	229	3348	A	0	0	3348	36.1
A_PB1	230	3866	A	0	0	3866	35.3
A_PB1	231	3835	T	0	0	3835	36.4
A_PB1	232	3869	G	0	0	3869	35.5
A_PB1	233	3294	A	0	0	3294	34.5
A_PB1	234	3437	A	0	0	3437	34.2
A_PB1	235	3781	C	0	0	3781	34.0
A_PB1	236	3889	C	0	0	3889	35.5
A_PB1	237	3508	A	0	0	3508	37.0
A_PB1	238	3660	A	0	0	3660	37.8
A_PB1	239	3268	G	0	0	3268	35.8
A_PB1	240	3752	T	0	0	3752	36.8
A_PB1	241	3262	G	0	0	3262	36.4
A_PB1	242	3739	G	0	0	3739	35.1
A_PB1	243	3576	G	0	0	3576	36.9
A_PB1	244	3745	T	0	0	3745	37.2
A_PB1	245	3549	A	0	0	3549	35.1
A_PB1	246	3955	T	0	0	3955	37.4
A_PB1	247	3605	G	0	0	3605	37.6
A_PB1	248	3651	C	0	0	3651	37.8
A_PB1	249	3592	A	0	0	3592	37.9
A_PB1	250	3694	C	0	0	3694	35.7
A_PB1	251	4162	A	0	0	4162	34.5
A_PB1	252	3167	A	0	0	3167	37.5
A_PB1	253	3712	A	0	0	3712	34.8
A_PB1	254	3660	C	0	0	3660	36.7
A_PB1	255	3765	G	0	0	3765	37.4
A_PB1	256	3658	G	0	0	3658	34.3
A_PB1	257	3828	A	0	0	3828	35.0
A_PB1	258	3817	C	0	0	3817	34.2
A_PB1	259	3911	T	0	0	3911	34.1
A_PB1	260	3670	G	0	0	3670	36.1
A_PB1	261	4043	T	0	0	4043	35.8
A_PB1	262	3839	G	0	0	3839	35.7
A_PB1	263	3661	T	0	0	3661	34.2
A_PB1	264	4320	C	0	0	4320	35.4
A_PB1	265	3576	C	0	0	3576	36.7
A_PB1	266	3718	T	0	0	3718	36.3
A_PB1	267	3669	T	0	0	3669	36.0
A_PB1	268	3673	G	0	0	3673	37.5
A_PB1	269	3618	A	0	0	3618	37.1
A_PB1	270	3579	A	0	0	3579	36.2
A_PB1	271	3524	G	0	0	3524	36.2
A_PB1	272	3457	C	0	0	3457	34.3
A_PB1	273	3375	A	0	0	3375	35.1
A_PB1	274	3464	A	0	0	3464	37.9
A_PB1	275	3451	T	0	0	3451	34.1
A_PB1	276	3829	G	0	0	3829	37.1
A_PB1	277	3742	G	0	0	3742	34.2
A_PB1	278	3680	C	0	0	3680	35.8
A_PB1	279	3705	T	0	0	3705	34.4
A_PB1	280	3580	T	0	0	3580	36.4
A_PB1	281	3958	T	0	0	3958	34.8
A_PB1	282	3735	C	0	0	3735	37.6
A_PB1	283	4042	C	0	0	4042	34.1
A_PB1	284	3795	T	0	0	3795	36.9
A_PB1	285	3952	T	0	0	3952	37.6
A_PB1	286	3579	G	0	0	3579	35.8
A_PB1	287	3434	A	0	0	3434	36.6
A_PB1	288	3540	A	0	0	3540	34.2
A_PB1	289	3609	G	0	0	3609	36.6
A_PB1	290	3853	A	0	0	3853	37.4
A_PB1	291	3698	G	0	0	3698	35.8
A_PB1	292	3627	T	0	0	3627	37.9
A_PB1	293	3554	C	0	0	3554	36.2
A_PB1	294	3672	C	0	0	3672	34.5
A_PB1	295	3481	C	0	0	3481	35.0
A_PB1	296	3501	A	0	0	3501	35.5
A_PB1	297	3529	C	0	0	3529	35.8
A_PB1	298	3316	C	0	0	3316	34.7
A_PB1	299	3795	C	0	0	3795	34.0
A_PB1	300	3392	A	0	0	3392	34.3
A_PB1	301	3383	G	0	0	3383	35.5
A_PB1	302	3785	G	0	0	3785	35.4
A_PB1	303	3520	A	0	0	3520	37.6
A_PB1	304	3808	A	0	0	3808	36.5
A_PB1	305	3548	T	0	0	3548	37.1
A_PB1	306	3838	C	0	0	3838	35.4
A_PB1	307	3523	T	0	0	3523	37.1
A_PB1	308	3786	T	0	0	3786	38.0
A_PB1	309	3363	T	0	0	3363	36.4
A_PB1	310	3434	G	0	0	3434	37.6
A_PB1	311	3541	A	0	0	3541	36.9
A_PB1	312	3236	A	0	0	3236	34.6
A_PB1	313	3624	A	0	0	3624	35.7
A_PB1	314	3555	A	0	0	3555	34.2
A_PB1	315	3317	C	0	0	3317	37.5
A_PB1	316	3392	T	0	0	3392	37.2
A_PB1	317	3074	C	0	0	3074	37.9
A_PB1	318	3718	G	0	0	3718	37.7
A_PB1	319	3749	T	0	0	3749	35.3
A_PB1	320	3542	G	0	0	3542	34.9
A_PB1	321	3736	T	0	0	3736	34.7
A_PB1	322	3501	C	0	0	3501	35.7
A_PB1	323	4211	T	0	0	4211	35.2
A_PB1	324	3710	T	0	0	3710	35.2
A_PB1	325	3624	G	0	0	3624	35.0
A_PB1	326	3643	A	0	0	3643	34.1
A_PB1	327	3277	A	0	0	3277	35.3
A_PB1	328	3778	A	0	0	3778	34.2
A_PB1	329	3159	C	0	0	3159	37.7
A_PB1	330	3155	G	0	0	3155	37.3
A_PB1	331	3510	A	0	0	3510	37.4
A_PB1	332	3468	T	0	0	3468	37.8
A_PB1	333	3620	G	0	0	3620	36.8
A_PB1	334	3485	G	0	0	3485	35.7
A_PB1	335	3497	A	0	0	3497	37.8
A_PB1	336	3495	A	0	0	3495	36.4
A_PB1	337	3040	G	0	0	3040	34.9
A_PB1	338	3000	T	0	0	3000	35.4
A_PB1	339	3177	T	0	0	3177	37.9
A_PB1	340	3160	G	0	0	3160	37.4
A_PB1	341	3461	T	0	0	3461	37.2
A_PB1	342	3437	T	0	0	3437	34.9
A_PB1	343	3065	C	0	0	3065	37.9
A_PB1	344	2855	A	0	0	2855	36.2
A_PB1	345	2938	A	0	0	2938	36.9
A_PB1	346	3451	C	0	0	3451	34.7
A_PB1	347	3281	A	0	0	3281	36.6
A_PB1	348	2913	A	0	0	2913	36.0
A_PB1	349	3060	A	0	0	3060	36.9
A_PB1	350	3084	C	0	0	3084	35.1
A_PB1	351	3348	A	0	0	3348	35.0
A_PB1	352	3498	A	0	0	3498	35.8
A_PB1	353	2880	G	0	0	2880	36.8
A_PB1	354	3104	A	0	0	3104	36.0
A_PB1	355	3428	G	0	0	3428	34.6
A_PB1	356	3035	T	0	0	3035	35.6
A_PB1	357	2974	G	0	0	2974	34.2
A_PB1	358	3146	G	0	0	3146	37.1
A_PB1	359	3025	A	0	0	3025	34.8
A_PB1	360	3315	C	0	0	3315	36.6
A_PB1	361	2807	A	0	0	2807	35.5
A_PB1	362	2729	A	0	0	2729	36.1
A_PB1	363	3189	G	0	0	3189	34.4
A_PB1	364	3046	T	0	0	3046	37.9
A_PB1	365	3058	T	0	0	3058	34.4
A_PB1	366	2918	G	0	0	2918	35.7
A_PB1	367	2527	A	0	0	2527	37.1
A_PB1	368	3096	C	0	0	3096	37.8
A_PB1	369	2978	C	0	0	2978	35.1
A_PB1	370	3459	C	0	0	3459	35.5
A_PB1	371	2795	A	0	0	2795	34.4
A_PB1	372	3079	A	0	0	3079	37.8
A_PB1	373	2822	G	0	0	2822	37.3
A_PB1	374	3044	G	0	0	3044	37.7
A_PB1	375	2788	C	0	0	2788	34.8
A_PB1	376	2743	C	0	0	2743	37.4
A_PB1	377	2817	G	0	0	2817	36.5
A_PB1	378	2980	T	0	0	2980	34.0
A_PB1	379	2756	C	0	0	2756	35.9
A_PB1	380	2664	A	0	0	2664	34.5
A_PB1	381	2546	G	0	0	2546	34.0
A_PB1	382	2699	A	0	0	2699	34.1
A_PB1	383	3150	C	0	0	3150	37.2
A_PB1	384	3159	C	0	0	3159	37.7
A_PB1	385	2887	T	0	0	2887	35.7
A_PB1	386	2787	A	0	0	2787	37.7
A_PB1	387	2609	T	0	0	2609	34.3
A_PB1	388	2786	G	0	0	2786	36.0
A_PB1	389	2735	A	0	0	2735	35.4
A_PB1	390	2491	T	0	0	2491	35.8
A_PB1	391	2293	T	0	0	2293	36.9
A_PB1	392	2808	G	0	0	2808	35.1
A_PB1	393	2763	G	0	0	2763	34.8
A_PB1	394	2643	A	0	0	2643	35.2
A_PB1	395	2850	C	0	0	2850	36.2
A_PB1	396	2619	G	0	0	2619	37.7
A_PB1	397	2813	T	0	0	2813	34.9
A_PB1	398	2653	T	0	0	2653	36.4
A_PB1	399	2818	A	0	0	2818	35.1
A_PB1	400	2640	A	0	0	2640	36.2
A_PB1	401	2334	A	0	0	2334	36.3
A_PB1	402	2823	C	0	0	2823	34.6
A_PB1	403	2342	A	0	0	2342	34.4
A_PB1	404	2455	G	0	0	2455	37.5
A_PB1	405	2623	G	0	0	2623	37.8
A_PB1	406	2536	A	0	0	2536	35.0
A_PB1	407	2538	A	0	0	2538	37.0
A_PB1	408	2612	T	0	0	2612	37.2
A_PB1	409	2313	C	0	0	2313	34.9
A_PB1	410	2510	A	0	0	2510	35.5
A_PB1	411	2605	G	0	0	2605	37.8
A_PB1	412	2316	C	0	0	2316	36.2
A_PB1	413	2573	C	0	0	2573	35.5
A_PB1	414	2534	G	0	0	2534	35.5
A_PB1	415	2075	G	0	0	2075	35.1
A_PB1	416	2532	C	0	0	2532	34.8
A_PB1	417	2207	T	0	0	2207	35.2
A_PB1	418	2185	G	0	0	2185	35.8
A_PB1	419	2491	C	0	0	2491	34.8
A_PB1	420	2474	A	0	0	2474	37.7
A_PB1	421	2338	A	0	0	2338	34.8
A_PB1	422	2473	C	0	0	2473	34.8
A_PB1	423	2202	T	0	0	2202	37.1
A_PB1	424	2515	G	0	0	2515	34.4
A_PB1	425	2250	C	0	0	2250	35.2
A_PB1	426	2182	A	0	0	2182	36.1
A_PB1	427	2390	T	0	0	2390	35.0
A_PB1	428	2396	T	0	0	2396	34.8
A_PB1	429	2283	A	0	0	2283	35.8
A_PB1	430	2582	G	0	0	2582	37.7
A_PB1	431	2239	C	0	0	2239	37.4
A_PB1	432	2281	T	0	0	2281	34.1
A_PB1	433	2238	A	0	0	2238	34.2
A_PB1	434	2244	A	0	0	2244	35.3
A_PB1	435	2122	T	0	0	2122	37.9
A_PB1	436	2258	A	0	0	2258	37.6
A_PB1	437	2255	C	0	0	2255	34.5
A_PB1	438	2226	T	0	0	2226	34.7
A_PB1	439	2350	A	0	0	2350	35.9
A_PB1	440	1995	T	0	0	1995	36.8
A_PB1	441	2229	A	0	0	2229	35.3
A_PB1	442	2478	G	0	0	2478	36.7
A_PB1	443	2298	A	0	0	2298	37.3
A_PB1	444	2264	G	0	0	2264	34.2
A_PB1	445	2276	G	0	0	2276	35.9
A_PB1	446	2201	T	0	0	2201	35.5
A_PB1	447	2290	C	0	0	2290	34.5
A_PB1	448	2136	T	0	0	2136	35.3
A_PB1	449	2277	T	0	0	2277	37.3
A_PB1	450	2208	C	0	0	2208	37.3
A_PB1	451	2150	A	0	0	2150	38.0
A_PB1	452	2022	G	0	0	2022	36.6
A_PB1	453	2108	A	0	0	2108	36.8
A_PB1	454	2135	T	0	0	2135	34.4
A_PB1	455	1888	C	0	0	1888	34.1
A_PB1	456	2033	T	0	0	2033	35.1
A_PB1	457	2340	A	0	0	2340	37.2
A_PB1	458	2188	A	0	0	2188	34.2
A_PB1	459	2288	C	0	0	2288	36.0
A_PB1	460	2391	G	0	0	2391	34.8
A_PB1	461	2089	G	0	0	2089	36.6
A_PB1	462	2142	C	0	0	2142	37.2
A_PB1	463	2111	C	0	0	2111	36.9
A_PB1	464	2198	T	0	0	2198	37.3
A_PB1	465	2222	C	0	0	2222	34.1
A_PB1	466	2490	A	0	0	2490	37.2
A_PB1	467	2086	C	0	0	2086	34.5
A_PB1	468	2117	A	0	0	2117	34.8
A_PB1	469	2236	G	0	0	2236	34.6
A_PB1	470	2206	C	0	0	2206	35.6
A_PB1	471	2168	C	0	0	2168	36.6
A_PB1	472	2165	A	0	0	2165	35.5
A_PB1	473	2091	A	0	0	2091	36.4
A_PB1	474	2461	T	0	0	2461	34.0
A_PB1	475	2318	G	0	0	2318	37.2
A_PB1	476	2225	A	0	0	2225	34.1
A_PB1	477	2201	A	0	0	2201	34.9
A_PB1	478	2096	T	0	0	2096	37.6
A_PB1	479	2260	C	0	0	2260	35.7
A_PB1	480	2470	A	0	0	2470	36.7
A_PB1	481	2298	G	0	0	2298	37.7
A_PB1	482	2155	G	0	0	2155	34.3
A_PB1	483	2220	A	0	0	2220	36.2
A_PB1	484	2015	A	0	0	2015	36.6
A_PB1	485	2166	G	0	0	2166	35.6
A_PB1	486	2289	G	0	0	2289	36.8
A_PB1	487	2267	C	0	0	2267	36.5
A_PB1	488	2313	T	0	0	2313	35.5
A_PB1	489	2504	A	0	0	2504	34.9
A_PB1	490	2237	A	0	0	2237	34.8
A_PB1	491	2336	T	0	0	2336	36.1
A_PB1	492	2300	A	0	0	2300	36.6
A_PB1	493	2094	G	0	0	2094	36.0
A_PB1	494	2331	A	0	0	2331	37.1
A_PB1	495	2475	T	0	0	2475	36.4
A_PB1	496	2349	T	0	0	2349	37.7
A_PB1	497	2101	T	0	0	2101	35.8
A_PB1	498	2394	T	0	0	2394	38.0
A_PB1	499	2091	C	0	0	2091	35.2
A_PB1	500	2450	T	0	0	2450	35.1
A_PB1	501	2540	C	0	0	2540	37.6
A_PB1	502	2431	A	0	0	2431	35.8
A_PB1	503	2314	A	0	0	2314	36.4
A_PB1	504	2406	G	0	0	2406	34.9
A_PB1	505	2465	G	0	0	2465	36.2
A_PB1	506	2591	A	0	0	2591	35.4
A_PB1	507	2436	T	0	0	2436	36.0
A_PB1	508	2426	G	0	0	2426	37.7
A_PB1	509	2401	T	0	0	2401	35.8
A_PB1	510	2373	G	0	0	2373	35.6
A_PB1	511	2639	A	0	0	2639	36.0
A_PB1	512	2674	T	0	0	2674	37.7
A_PB1	513	2520	G	0	0	2520	34.4
A_PB1	514	2690	G	0	0	2690	34.1
A_PB1	515	2426	A	0	0	2426	37.5
A_PB1	516	2633	A	0	0	2633	37.1
A_PB1	517	2374	T	0	0	2374	35.7
A_PB1	518	2313	C	0	0	2313	37.2
A_PB1	519	2570	A	0	0	2570	35.4
A_PB1	520	2552	A	0	0	2552	35.6
A_PB1	521	2587	T	0	0	2587	37.1
A_PB1	522	2480	G	0	0	2480	35.8
A_PB1	523	2460	G	0	0	2460	35.0
A_PB1	524	2703	A	0	0	2703	37.9
A_PB1	525	2370	T	0	0	2370	37.7
A_PB1	526	2784	A	0	0	2784	35.7
A_PB1	527	2934	A	0	0	2934	36.6
A_PB1	528	2374	G	0	0	2374	37.1
A_PB1	529	2768	G	0	0	2768	36.2
A_PB1	530	2712	A	0	0	2712	37.6
A_PB1	531	2507	G	0	0	2507	34.9
A_PB1	532	2728	G	0	0	2728	37.5
A_PB1	533	2734	A	0	0	2734	35.2
A_PB1	534	2926	A	0	0	2926	37.6
A_PB1	535	2718	A	0	0	2718	37.2
A_PB1	536	2652	T	0	0	2652	37.2
A_PB1	537	2907	G	0	0	2907	36.9
A_PB1	538	2910	G	0	0	2910	35.2
A_PB1	539	2901	A	0	0	2901	37.9
A_PB1	540	2732	A	0	0	2732	36.2
A_PB1	541	2579	A	0	0	2579	36.3
A_PB1	542	2674	T	0	0	2674	37.1
A_PB1	543	2901	A	0	0	2901	35.2
A_PB1	544	2956	A	0	0	2956	34.7
A_PB1	545	2941	C	0	0	2941	36.0
A_PB1	546	3041	A	0	0	3041	36.8
A_PB1	547	2839	A	0	0	2839	36.0
A_PB1	548	2913	C	0	0	2913	36.2
A_PB1	549	2650	G	0	0	2650	37.8
A_PB1	550	3016	C	0	0	3016	36.1
A_PB1	551	2807	A	0	0	2807	34.9
A_PB1	552	3053	T	0	0	3053	35.8
A_PB1	553	3028	T	0	0	3028	34.2
A_PB1	554	3226	T	0	0	3226	34.1
A_PB1	555	3133	C	0	0	3133	37.7
A_PB1	556	2904	C	0	0	2904	35.4
A_PB1	557	3347	A	0	0	3347	37.3
A_PB1	558	2963	A	0	0	2963	34.8
A_PB1	559	3450	A	0	0	3450	36.5
A_PB1	560	2846	G	0	0	2846	35.5
A_PB1	561	3156	G	0	0	3156	34.5
A_PB1	562	2909	A	0	0	2909	34.7
A_PB1	563	3263	A	0	0	3263	36.6
A_PB1	564	3126	A	0	0	3126	37.4
A_PB1	565	3011	A	0	0	3011	35.3
A_PB1	566	2979	G	0	0	2979	35.3
A_PB1	567	2932	A	0	0	2932	36.6
A_PB1	568	3343	A	0	0	3343	36.6
A_PB1	569	3254	G	0	0	3254	35.4
A_PB1	570	2794	A	0	0	2794	37.4
A_PB1	571	3625	G	0	0	3625	37.8
A_PB1	572	3431	T	0	0	3431	37.4
A_PB1	573	3504	G	0	0	3504	37.1
A_PB1	574	3743	A	0	0	3743	37.3
A_PB1	575	3181	G	0	0	3181	35.0
A_PB1	576	3119	A	0	0	3119	37.1
A_PB1	577	3498	G	0	0	3498	35.7
A_PB1	578	3632	A	0	0	3632	37.1
A_PB1	579	3613	C	0	0	3613	35.6
A_PB1	580	3638	A	0	0	3638	35.3
A_PB1	581	3642	A	0	0	3642	34.8
A_PB1	582	3569	C	0	0	3569	36.2
A_PB1	583	3321	A	0	0	3321	35.5
A_PB1	584	3491	T	0	0	3491	35.5
A_PB1	585	3556	G	0	0	3556	36.4
A_PB1	586	3463	A	0	0	3463	35.2
A_PB1	587	3189	C	0	0	3189	37.4
A_PB1	588	3710	C	0	0	3710	37.1
A_PB1	589	3662	A	0	0	3662	36.3
A_PB1	590	3246	A	0	0	3246	37.1
A_PB1	591	3554	G	0	0	3554	35.1
A_PB1	592	3908	A	0	0	3908	37.9
A_PB1	593	3262	A	0	0	3262	34.9
A_PB1	594	3356	A	0	0	3356	34.4
A_PB1	595	3481	A	0	0	3481	35.2
A_PB1	596	3481	T	0	0	3481	37.9
A_PB1	597	3564	G	0	0	3564	37.9
A_PB1	598	3317	G	0	0	3317	37.1
A_PB1	599	3752	T	0	0	3752	35.3
A_PB1	600	3404	C	0	0	3404	36.9
A_PB1	601	3775	A	0	0	3775	36.4
A_PB1	602	3526	C	0	0	3526	34.3
A_PB1	603	3560	A	0	0	3560	36.7
A_PB1	604	3446	C	0	0	3446	37.8
A_PB1	605	3364	A	0	0	3364	37.3
A_PB1	606	3486	A	0	0	3486	35.0
A_PB1	607	4003	A	0	0	4003	37.7
A_PB1	608	3550	G	0	0	3550	35.9
A_PB1	609	3666	G	0	0	3666	35.5
A_PB1	610	3915	A	0	0	3915	36.3
A_PB1	611	3991	C	0	0	3991	36.6
A_PB1	612	3510	A	0	0	3510	36.9
A_PB1	613	4272	A	0	0	4272	36.6
A_PB1	614	3700	T	0	0	3700	35.1
A_PB1	615	4028	A	0	0	4028	36.9
A_PB1	616	3922	G	0	0	3922	34.2
A_PB1	617	3955	G	0	0	3955	36.3
A_PB1	618	3533	A	0	0	3533	34.0
A_PB1	619	4024	A	0	0	4024	35.8
A_PB1	620	3962	A	0	0	3962	36.9
A_PB1	621	3531	G	0	0	3531	34.6
A_PB1	622	4040	A	0	0	4040	36.0
A_PB1	623	3474	A	0	0	3474	36.4
A_PB1	624	3587	G	0	0	3587	36.7
A_PB1	625	4170	A	0	0	4170	36.6
A_PB1	626	3681	A	0	0	3681	37.6
A_PB1	627	3936	A	0	0	3936	35.3
A_PB1	628	3756	C	0	0	3756	38.0
A_PB1	629	3782	A	0	0	3782	37.1
A_PB1	630	4260	G	0	0	4260	35.9
A_PB1	631	3971	A	0	0	3971	36.0
A_PB1	632	3994	G	0	0	3994	37.7
A_PB1	633	3709	G	0	0	3709	37.2
A_PB1	634	3762	C	0	0	3762	34.5
A_PB1	635	3756	T	0	0	3756	35.0
A_PB1	636	3896	A	0	0	3896	36.3
A_PB1	637	3877	A	0	0	3877	36.4
A_PB1	638	3922	A	0	0	3922	37.1
A_PB1	639	3870	T	0	0	3870	37.2
A_PB1	640	4095	A	0	0	4095	36.4
A_PB1	641	3964	A	0	0	3964	35.8
A_PB1	642	3735	A	0	0	3735	34.0
A_PB1	643	3827	A	0	0	3827	35.1
A_PB1	644	4062	A	0	0	4062	34.7
A_PB1	645	4395	G	0	0	4395	34.8
A_PB1	646	3679	A	0	0	3679	35.1
A_PB1	647	3825	G	0	0	3825	36.1
A_PB1	648	4503	C	0	0	4503	37.8
A_PB1	649	4157	T	0	0	4157	36.0
A_PB1	650	3493	A	0	0	3493	34.7
A_PB1	651	3889	T	0	0	3889	34.1
A_PB1	652	3777	C	0	0	3777	34.1
A_PB1	653	3734	T	0	0	3734	37.0
A_PB1	654	3884	A	0	0	3884	35.9
A_PB1	655	3751	A	0	0	3751	36.8
A_PB1	656	4087	T	0	0	4087	35.1
A_PB1	657	3920	A	0	0	3920	36.3
A_PB1	658	3631	A	0	0	3631	36.2
A_PB1	659	4060	G	0	0	4060	36.2
A_PB1	660	3937	A	0	0	3937	34.2
A_PB1	661	4125	G	0	0	4125	37.4
A_PB1	662	3761	C	0	0	3761	35.8
A_PB1	663	3563	A	0	0	3563	37.5
A_PB1	664	4212	T	0	0	4212	34.7
A_PB1	665	3970	T	0	0	3970	37.0
A_PB1	666	3944	G	0	0	3944	35.2
A_PB1	667	3832	A	0	0	3832	36.0
A_PB1	668	4051	C	0	0	4051	34.7
A_PB1	669	3896	A	0	0	3896	36.6
A_PB1	670	3698	C	0	0	3698	36.0
A_PB1	671	4015	T	0	0	4015	34.2
A_PB1	672	4243	G	0	0	4243	37.5
A_PB1	673	4567	A	0	0	4567	36.7
A_PB1	674	4208	A	0	0	4208	34.7
A_PB1	675	4116	C	0	0	4116	34.2
A_PB1	676	4086	A	0	0	4086	34.8
A_PB1	677	3896	C	0	0	3896	34.7
A_PB1	678	3910	G	0	0	3910	37.2
A_PB1	679	3908	A	0	0	3908	35.6
A_PB1	680	3928	T	0	0	3928	37.5
A_PB1	681	3930	G	0	0	3930	36.7
A_PB1	682	4008	A	0	0	4008	35.4
A_PB1	683	3966	C	0	0	3966	35.2
A_PB1	684	4174	A	0	0	4174	36.0
A_PB1	685	3878	A	0	0	3878	35.6
A_PB1	686	3925	A	0	0	3925	36.5
A_PB1	687	3941	A	0	0	3941	36.6
A_PB1	688	4260	G	0	0	4260	34.1
A_PB1	689	3865	A	0	0	3865	36.5
A_PB1	690	3459	C	0	0	3459	36.1
A_PB1	691	3619	G	0	0	3619	34.1
A_PB1	692	3902	C	0	0	3902	34.9
A_PB1	693	3750	C	0	0	3750	35.2
A_PB1	694	3964	G	0	0	3964	34.9
A_PB1	695	3905	A	0	0	3905	35.6
A_PB1	696	3771	A	0	0	3771	37.8
A_PB1	697	3731	A	0	0	3731	34.5
A_PB1	698	3967	G	0	0	3967	36.6
A_PB1	699	3852	A	0	0	3852	35.0
A_PB1	700	4147	G	0	0	4147	34.6
A_PB1	701	3548	G	0	0	3548	36.7
A_PB1	702	3863	C	0	0	3863	34.1
A_PB1	703	3684	A	0	0	3684	37.9
A_PB1	704	3764	A	0	0	3764	35.3
A_PB1	705	4070	A	0	0	4070	35.9
A_PB1	706	3746	T	0	0	3746	34.7
A_PB1	707	3730	T	0	0	3730	37.4
A_PB1	708	3861	A	0	0	3861	34.3
A_PB1	709	3647	A	0	0	3647	37.5
A_PB1	710	3922	A	0	0	3922	36.5
A_PB1	711	3827	A	0	0	3827	35.5
A_PB1	712	4096	A	0	0	4096	35.1
A_PB1	713	3588	G	0	0	3588	37.7
A_PB1	714	3852	A	0	0	3852	37.7
A_PB1	715	3354	A	0	0	3354	37.3
A_PB1	716	3762	G	0	0	3762	35.0
A_PB1	717	3583	G	0	0	3583	36.5
A_PB1	718	3958	G	0	0	3958	37.3
A_PB1	719	3726	C	0	0	3726	35.8
A_PB1	720	3974	A	0	0	3974	38.0
A_PB1	721	3876	A	0	0	3876	34.4
A_PB1	722	3684	T	0	0	3684	37.1
A_PB1	723	3670	T	0	0	3670	37.0
A_PB1	724	3651	G	0	0	3651	35.0
A_PB1	725	3539	C	0	0	3539	36.4
A_PB1	726	3553	G	0	0	3553	37.1
A_PB1	727	3420	A	0	0	3420	36.8
A_PB1	728	4291	C	0	0	4291	36.5
A_PB1	729	3561	A	0	0	3561	34.3
A_PB1	730	3876	C	0	0	3876	37.6
A_PB1	731	4148	C	0	0	4148	37.1
A_PB1	732	3625	T	0	0	3625	36.0
A_PB1	733	3769	G	0	0	3769	34.4
A_PB1	734	3767	G	0	0	3767	37.0
A_PB1	735	3586	A	0	0	3586	36.9
A_PB1	736	3634	A	0	0	3634	36.3
A_PB1	737	3456	T	0	0	3456	36.4
A_PB1	738	3300	G	0	0	3300	34.5
A_PB1	739	3444	C	0	0	3444	36.9
A_PB1	740	3907	A	0	0	3907	34.7
A_PB1	741	3372	A	0	0	3372	36.0
A_PB1	742	3538	A	0	0	3538	37.4
A_PB1	743	3635	T	0	0	3635	34.0
A_PB1	744	3468	C	0	0	3468	37.3
A_PB1	745	4112	A	0	0	4112	36.5
A_PB1	746	3728	G	0	0	3728	35.3
A_PB1	747	3739	A	0	0	3739	34.8
A_PB1	748	3870	G	0	0	3870	36.1
A_PB1	749	3692	G	0	0	3692	36.6
A_PB1	750	3429	G	0	0	3429	35.2
A_PB1	751	3794	T	0	0	3794	36.4
A_PB1	752	3893	T	0	0	3893	35.5
A_PB1	753	3611	T	0	0	3611	37.4
A_PB1	754	3724	G	0	0	3724	34.5
A_PB1	755	3611	T	0	0	3611	34.2
A_PB1	756	3770	G	0	0	3770	35.4
A_PB1	757	3391	T	0	0	3391	36.2
A_PB1	758	3545	A	0	0	3545	35.4
A_PB1	759	3703	C	0	0	3703	36.2
A_PB1	760	3712	T	0	0	3712	36.9
A_PB1	761	3576	T	0	0	3576	36.0
A_PB1	762	3668	T	0	0	3668	34.2
A_PB1	763	3842	G	0	0	3842	37.0
A_PB1	764	3454	T	0	0	3454	34.8
A_PB1	765	3386	T	0	0	3386	35.9
A_PB1	766	3377	G	0	0	3377	37.3
A_PB1	767	3502	A	0	0	3502	38.0
A_PB1	768	3317	A	0	0	3317	37.3
A_PB1	769	3521	A	0	0	3521	37.4
A_PB1	770	3681	C	0	0	3681	34.1
A_PB1	771	3314	A	0	0	3314	34.7
A_PB1	772	3608	T	0	0	3608	36.6
A_PB1	773	3484	T	0	0	3484	37.5
A_PB1	774	3614	A	0	0	3614	34.8
A_PB1	775	3370	G	0	0	3370	34.5
A_PB1	776	4204	C	0	0	4204	37.7
A_PB1	777	3659	G	0	0	3659	35.9
A_PB1	778	3530	A	0	0	3530	35.3
A_PB1	779	3264	G	0	0	3264	34.5
A_PB1	780	3312	G	0	0	3312	35.1
A_PB1	781	3538	A	0	0	3538	35.5
A_PB1	782	3663	G	0	0	3663	37.9
A_PB1	783	3686	C	0	0	3686	35.1
A_PB1	784	4012	A	0	0	4012	34.7
A_PB1	785	3839	T	0	0	3839	34.8
A_PB1	786	3520	T	0	0	3520	37.9
A_PB1	787	4021	T	0	0	4021	34.5
A_PB1	788	3699	G	0	0	3699	37.0
A_PB1	789	3564	T	0	0	3564	37.2
A_PB1	790	3870	G	0	0	3870	35.0
A_PB1	791	3907	A	0	0	3907	34.6
A_PB1	792	3248	T	0	0	3248	35.8
A_PB1	793	3360	A	0	0	3360	36.7
A_PB1	794	3582	A	0	0	3582	35.0
A_PB1	795	3724	G	0	0	3724	34.2
A_PB1	796	3776	C	0	0	3776	37.7
A_PB1	797	3991	T	0	0	3991	37.1
A_PB1	798	3567	T	0	0	3567	34.3
A_PB1	799	4128	G	0	0	4128	34.8
A_PB1	800	3313	A	0	0	3313	35.0
A_PB1	801	3680	A	0	0	3680	37.6
A_PB1	802	3578	C	0	0	3578	37.5
A_PB1	803	3437	A	0	0	3437	35.9
A_PB1	804	3513	A	0	0	3513	34.8
A_PB1	805	3639	T	0	0	3639	34.2
A_PB1	806	3354	C	0	0	3354	35.7
A_PB1	807	3805	T	0	0	3805	35.9
A_PB1	808	3344	G	0	0	3344	34.3
A_PB1	809	3982	G	0	0	3982	36.8
A_PB1	810	3477	A	0	0	3477	34.8
A_PB1	811	3930	C	0	0	3930	34.4
A_PB1	812	4125	T	0	0	4125	34.4
A_PB1	813	3913	C	0	0	3913	37.4
A_PB1	814	3542	C	0	0	3542	36.1
A_PB1	815	3632	C	0	0	3632	37.9
A_PB1	816	3575	A	0	0	3575	35.5
A_PB1	817	3532	G	0	0	3532	37.5
A_PB1	818	3838	T	0	0	3838	37.8
A_PB1	819	3617	T	0	0	3617	37.6
A_PB1	820	3721	G	0	0	3721	35.6
A_PB1	821	3525	G	0	0	3525	37.2
A_PB1	822	3731	G	0	0	3731	35.9
A_PB1	823	3675	G	0	0	3675	37.7
A_PB1	824	3648	G	0	0	3648	35.6
A_PB1	825	3572	C	0	0	3572	34.3
A_PB1	826	3745	A	0	0	3745	36.9
A_PB1	827	4342	A	0	0	4342	36.6
A_PB1	828	3655	T	0	0	3655	36.0
A_PB1	829	3899	G	0	0	3899	35.4
A_PB1	830	4065	A	0	0	4065	36.1
A_PB1	831	3767	A	0	0	3767	37.6
A_PB1	832	3964	A	0	0	3964	34.4
A_PB1	833	4094	A	0	0	4094	36.3
A_PB1	834	3707	G	0	0	3707	34.8
A_PB1	835	3896	A	0	0	3896	37.9
A_PB1	836	3999	A	0	0	3999	34.7
A_PB1	837	3523	G	0	0	3523	35.9
A_PB1	838	4234	G	0	0	4234	36.6
A_PB1	839	3567	C	0	0	3567	36.4
A_PB1	840	3919	T	0	0	3919	36.9
A_PB1	841	3709	A	0	0	3709	36.5
A_PB1	842	3824	A	0	0	3824	37.6
A_PB1	843	4212	A	0	0	4212	34.1
A_PB1	844	3897	C	0	0	3897	34.2
A_PB1	845	3960	T	0	0	3960	35.5
A_PB1	846	3399	G	0	0	3399	34.2
A_PB1	847	3884	G	0	0	3884	34.1
A_PB1	848	3918	C	0	0	3918	34.3
A_PB1	849	4210	A	0	0	4210	35.2
A_PB1	850	4227	A	0	0	4227	37.6
A_PB1	851	3748	A	0	0	3748	34.5
A_PB1	852	4348	T	0	0	4348	35.0
A_PB1	853	4048	G	0	0	4048	35.2
A_PB1	854	3766	T	0	0	3766	36.3
A_PB1	855	3995	T	0	0	3995	37.5
A_PB1	856	3657	G	0	0	3657	35.6
A_PB1	857	3766	T	0	0	3766	37.9
A_PB1	858	4309	G	0	0	4309	35.6
A_PB1	859	4075	A	0	0	4075	35.5
A_PB1	860	3579	G	0	0	3579	34.2
A_PB1	861	3818	A	0	0	3818	35.7
A_PB1	862	3948	A	0	0	3948	35.0
A_PB1	863	3784	A	0	0	3784	34.8
A_PB1	864	4025	A	0	0	4025	36.0
A_PB1	865	4438	A	0	0	4438	35.4
A_PB1	866	4324	T	0	0	4324	37.5
A_PB1	867	3991	G	0	0	3991	36.6
A_PB1	868	4303	A	0	0	4303	35.3
A_PB1	869	4133	T	0	0	4133	37.4
A_PB1	870	4360	G	0	0	4360	34.5
A_PB1	871	3832	A	0	0	3832	36.3
A_PB1	872	3847	C	0	0	3847	35.3
A_PB1	873	3888	T	0	0	3888	36.4
A_PB1	874	3957	A	0	0	3957	37.1
A_PB1	875	3548	A	0	0	3548	36.7
A_PB1	876	4236	T	0	0	4236	35.6
A_PB1	877	4031	T	0	0	4031	37.5
A_PB1	878	4152	C	0	0	4152	35.1
A_PB1	879	3999	G	0	0	3999	36.3
A_PB1	880	4156	C	0	0	4156	35.7
A_PB1	881	4390	A	0	0	4390	37.4
A_PB1	882	3797	G	0	0	3797	36.3
A_PB1	883	4005	G	0	0	4005	37.9
A_PB1	884	5192	A	0	0	5192	34.8
A_PB1	885	4665	C	0	0	4665	34.5
A_PB1	886	4167	A	0	0	4167	37.3
A_PB1	887	4338	C	0	0	4338	36.8
A_PB1	888	4269	A	0	0	4269	37.8
A_PB1	889	4068	G	0	0	4068	36.1
A_PB1	890	4885	A	0	0	4885	35.5
A_PB1	891	4164	G	0	0	4164	37.4
A_PB1	892	4330	C	0	0	4330	35.6
A_PB1	893	4483	T	0	0	4483	35.4
A_PB1	894	4445	C	0	0	4445	37.7
A_PB1	895	4264	T	0	0	4264	37.3
A_PB1	896	4456	C	0	0	4456	34.4
A_PB1	897	4399	C	0	0	4399	37.5
A_PB1	898	4800	T	0	0	4800	35.7
A_PB1	899	4148	T	0	0	4148	37.1
A_PB1	900	3908	C	0	0	3908	35.0
A_PB1	901	4771	A	0	0	4771	37.3
A_PB1	902	4015	C	0	0	4015	35.4
A_PB1	903	4317	A	0	0	4317	36.3
A_PB1	904	4574	A	0	0	4574	35.3
A_PB1	905	4583	T	0	0	4583	37.8
A_PB1	906	4181	C	0	0	4181	35.4
A_PB1	907	4525	A	0	0	4525	35.8
A_PB1	908	4805	C	0	0	4805	37.1
A_PB1	909	4041	T	0	0	4041	36.4
A_PB1	910	4341	G	0	0	4341	35.3
A_PB1	911	4242	G	0	0	4242	34.1
A_PB1	912	4209	A	0	0	4209	35.6
A_PB1	913	4228	G	0	0	4228	37.3
A_PB1	914	4266	A	0	0	4266	34.5
A_PB1	915	4261	C	0	0	4261	37.8
A_PB1	916	4303	A	0	0	4303	36.4
A_PB1	917	4925	A	0	0	4925	35.4
A_PB1	918	4429	C	0	0	4429	34.6
A_PB1	919	4406	A	0	0	4406	35.6
A_PB1	920	4300	C	0	0	4300	34.5
A_PB1	921	4552	C	0	0	4552	38.0
A_PB1	922	4692	A	0	0	4692	36.9
A_PB1	923	4714	A	0	0	4714	36.2
A_PB1	924	4308	A	0	0	4308	37.9
A_PB1	925	4590	T	0	0	4590	36.6
A_PB1	926	4442	G	0	0	4442	34.1
A_PB1	927	4079	G	0	0	4079	35.4
A_PB1	928	4406	A	0	0	4406	35.9
A_PB1	929	4399	A	0	0	4399	36.3
A_PB1	930	4220	T	0	0	4220	37.9
A_PB1	931	4944	G	0	0	4944	34.2
A_PB1	932	4178	A	0	0	4178	37.0
A_PB1	933	4050	A	0	0	4050	36.8
A_PB1	934	4328	A	0	0	4328	37.8
A_PB1	935	4378	A	0	0	4378	36.0
A_PB1	936	3970	T	0	0	3970	37.5
A_PB1	937	4343	C	0	0	4343	37.4
A_PB1	938	4374	A	0	0	4374	36.3
A_PB1	939	4546	G	0	0	4546	37.6
A_PB1	940	4356	A	0	0	4356	35.0
A_PB1	941	4143	A	0	0	4143	35.9
A_PB1	942	4274	C	0	0	4274	37.2
A_PB1	943	4350	C	0	0	4350	35.0
A_PB1	944	4701	C	0	0	4701	37.8
A_PB1	945	4684	T	0	0	4684	37.3
A_PB1	946	4719	A	0	0	4719	37.2
A_PB1	947	3901	G	0	0	3901	36.6
A_PB1	948	4030	G	0	0	4030	37.3
A_PB1	949	4430	A	0	0	4430	37.0
A_PB1	950	4743	T	0	0	4743	36.6
A_PB1	951	4275	G	0	0	4275	36.2
A_PB1	952	4245	T	0	0	4245	35.6
A_PB1	953	4105	T	0	0	4105	37.5
A_PB1	954	3904	T	0	0	3904	38.0
A_PB1	955	4717	C	0	0	4717	37.5
A_PB1	956	4347	T	0	0	4347	37.2
A_PB1	957	4631	G	0	0	4631	37.6
A_PB1	958	4236	G	0	0	4236	38.0
A_PB1	959	4315	C	0	0	4315	35.5
A_PB1	960	3789	A	0	0	3789	35.2
A_PB1	961	3966	A	0	0	3966	37.6
A_PB1	962	4343	T	0	0	4343	36.6
A_PB1	963	4305	G	0	0	4305	34.6
A_PB1	964	3988	A	0	0	3988	35.6
A_PB1	965	4318	T	0	0	4318	37.4
A_PB1	966	4582	A	0	0	4582	34.5
A_PB1	967	4208	A	0	0	4208	37.8
A_PB1	968	4615	C	0	0	4615	35.2
A_PB1	969	4139	A	0	0	4139	34.8
A_PB1	970	4391	T	0	0	4391	35.8
A_PB1	971	4377	A	0	0	4377	37.6
A_PB1	972	4074	T	0	0	4074	37.6
A_PB1	973	4547	A	0	0	4547	37.0
A_PB1	974	4054	T	0	0	4054	37.5
A_PB1	975	4115	A	0	0	4115	35.9
A_PB1	976	4512	A	0	0	4512	36.6
A_PB1	977	4025	C	0	0	4025	37.2
A_PB1	978	3713	A	0	0	3713	36.7
A_PB1	979	3850	A	0	0	3850	37.3
A_PB1	980	4034	G	0	0	4034	36.1
A_PB1	981	4458	G	0	0	4458	35.0
A_PB1	982	3613	A	0	0	3613	35.0
A_PB1	983	3995	A	0	0	3995	37.5
A_PB1	984	4546	C	0	0	4546	37.1
A_PB1	985	4105	C	0	0	4105	37.0
A_PB1	986	3990	A	0	0	3990	36.3
A_PB1	987	3615	A	0	0	3615	36.7
A_PB1	988	4431	C	0	0	4431	37.1
A_PB1	989	4003	C	0	0	4003	35.3
A_PB1	990	4065	T	0	0	4065	35.5
A_PB1	991	3728	G	0	0	3728	35.8
A_PB1	992	3648	A	0	0	3648	37.5
A_PB1	993	3960	A	0	0	3960	34.9
A_PB1	994	4039	T	0	0	4039	35.0
A_PB1	995	4039	G	0	0	4039	35.1
A_PB1	996	3975	G	0	0	3975	37.0
A_PB1	997	3786	T	0	0	3786	35.4
A_PB1	998	3759	T	0	0	3759	35.8
A_PB1	999	3581	C	0	0	3581	36.8
A_PB1	1000	4331	A	0	0	4331	35.9
A_PB1	1001	4111	G	0	0	4111	34.2
A_PB1	1002	3390	G	0	0	3390	34.9
A_PB1	1003	3530	A	0	0	3530	36.3
A_PB1	1004	3863	A	0	0	3863	37.4
A_PB1	1005	4000	T	0	0	4000	37.5
A_PB1	1006	4150	G	0	0	4150	34.3
A_PB1	1007	3424	T	0	0	3424	36.2
A_PB1	1008	3602	C	0	0	3602	35.5
A_PB1	1009	3983	T	0	0	3983	37.5
A_PB1	1010	3652	T	0	0	3652	34.7
A_PB1	1011	3530	G	0	0	3530	35.0
A_PB1	1012	3371	A	0	0	3371	35.8
A_PB1	1013	3576	G	0	0	3576	36.4
A_PB1	1014	3279	C	0	0	3279	37.8
A_PB1	1015	3715	A	0	0	3715	36.2
A_PB1	1016	3456	T	0	0	3456	34.8
A_PB1	1017	3704	T	0	0	3704	37.9
A_PB1	1018	3550	G	0	0	3550	37.6
A_PB1	1019	3610	C	0	0	3610	37.5
A_PB1	1020	3246	A	0	0	3246	36.0
A_PB1	1021	4016	C	0	0	4016	36.5
A_PB1	1022	3528	C	0	0	3528	37.6
A_PB1	1023	3523	T	0	0	3523	35.0
A_PB1	1024	3478	A	0	0	3478	36.5
A_PB1	1025	3448	T	0	0	3448	34.8
A_PB1	1026	3141	A	0	0	3141	36.0
A_PB1	1027	3561	A	0	0	3561	37.3
A_PB1	1028	3185	T	0	0	3185	36.4
A_PB1	1029	3372	G	0	0	3372	36.8
A_PB1	1030	3411	T	0	0	3411	35.6
A_PB1	1031	3183	T	0	0	3183	35.3
A_PB1	1032	3187	C	0	0	3187	37.2
A_PB1	1033	3253	T	0	0	3253	37.7
A_PB1	1034	3213	C	0	0	3213	36.7
A_PB1	1035	3207	A	0	0	3207	34.5
A_PB1	1036	3483	A	0	0	3483	37.5
A_PB1	1037	3091	A	0	0	3091	36.6
A_PB1	1038	3225	T	0	0	3225	36.9
A_PB1	1039	3386	A	0	0	3386	35.3
A_PB1	1040	3383	A	0	0	3383	34.3
A_PB1	1041	3291	A	0	0	3291	38.0
A_PB1	1042	3108	A	0	0	3108	36.1
A_PB1	1043	3241	T	0	0	3241	35.1
A_PB1	1044	3084	G	0	0	3084	34.5
A_PB1	1045	3482	G	0	0	3482	36.0
A_PB1	1046	3166	C	0	0	3166	34.3
A_PB1	1047	3179	A	0	0	3179	37.7
A_PB1	1048	3353	A	0	0	3353	34.6
A_PB1	1049	2831	G	0	0	2831	35.7
A_PB1	1050	3075	A	0	0	3075	36.0
A_PB1	1051	2914	C	0	0	2914	37.3
A_PB1	1052	2687	T	0	0	2687	35.5
A_PB1	1053	2879	A	0	0	2879	34.7
A_PB1	1054	2968	G	0	0	2968	35.9
A_PB1	1055	2915	G	0	0	2915	34.3
A_PB1	1056	2812	G	0	0	2812	37.1
A_PB1	1057	2783	A	0	0	2783	35.8
A_PB1	1058	2725	A	0	0	2725	36.5
A_PB1	1059	3162	A	0	0	3162	36.9
A_PB1	1060	2785	G	0	0	2785	36.2
A_PB1	1061	2782	G	0	0	2782	34.9
A_PB1	1062	2602	G	0	0	2602	37.5
A_PB1	1063	2770	T	0	0	2770	35.4
A_PB1	1064	2603	A	0	0	2603	37.0
A_PB1	1065	2810	C	0	0	2810	35.2
A_PB1	1066	3015	A	0	0	3015	36.0
A_PB1	1067	2637	T	0	0	2637	34.6
A_PB1	1068	2748	G	0	0	2748	35.4
A_PB1	1069	2788	T	0	0	2788	35.5
A_PB1	1070	2766	T	0	0	2766	34.5
A_PB1	1071	2724	C	0	0	2724	36.7
A_PB1	1072	2792	G	0	0	2792	34.1
A_PB1	1073	2661	A	0	0	2661	35.9
A_PB1	1074	2943	A	0	0	2943	35.0
A_PB1	1075	2648	A	0	0	2648	37.4
A_PB1	1076	2532	G	0	0	2532	35.9
A_PB1	1077	2609	T	0	0	2609	37.0
A_PB1	1078	2595	A	0	0	2595	37.6
A_PB1	1079	2435	A	0	0	2435	36.7
A_PB1	1080	2833	G	0	0	2833	37.2
A_PB1	1081	2622	A	0	0	2622	35.4
A_PB1	1082	2691	G	0	0	2691	38.0
A_PB1	1083	2530	C	0	0	2530	34.4
A_PB1	1084	2919	A	0	0	2919	34.5
A_PB1	1085	2742	T	0	0	2742	36.1
A_PB1	1086	2480	G	0	0	2480	36.6
A_PB1	1087	2842	A	0	0	2842	36.8
A_PB1	1088	2679	A	0	0	2679	35.0
A_PB1	1089	2447	G	0	0	2447	37.0
A_PB1	1090	2310	C	0	0	2310	35.7
A_PB1	1091	2670	T	0	0	2670	37.8
A_PB1	1092	2432	C	0	0	2432	36.2
A_PB1	1093	2587	C	0	0	2587	35.6
A_PB1	1094	2716	G	0	0	2716	36.8
A_PB1	1095	2147	A	0	0	2147	35.2
A_PB1	1096	2387	A	0	0	2387	37.9
A_PB1	1097	2482	C	0	0	2482	35.4
A_PB1	1098	2720	A	0	0	2720	35.2
A_PB1	1099	2212	C	0	0	2212	35.8
A_PB1	1100	2474	A	0	0	2474	34.3
A_PB1	1101	2431	A	0	0	2431	37.0
A_PB1	1102	2820	A	0	0	2820	37.8
A_PB1	1103	2684	T	0	0	2684	36.5
A_PB1	1104	2422	A	0	0	2422	35.9
A_PB1	1105	2379	C	0	0	2379	36.9
A_PB1	1106	2557	C	0	0	2557	35.8
A_PB1	1107	2287	A	0	0	2287	35.6
A_PB1	1108	2237	G	0	0	2237	34.6
A_PB1	1109	2273	C	0	0	2273	37.5
A_PB1	1110	2172	A	0	0	2172	37.4
A_PB1	1111	2340	G	0	0	2340	35.4
A_PB1	1112	2524	A	0	0	2524	38.0
A_PB1	1113	2313	A	0	0	2313	35.8
A_PB1	1114	2596	A	0	0	2596	35.7
A_PB1	1115	2476	T	0	0	2476	35.9
A_PB1	1116	2411	G	0	0	2411	35.6
A_PB1	1117	2341	C	0	0	2341	34.4
A_PB1	1118	2054	T	0	0	2054	36.8
A_PB1	1119	2666	A	0	0	2666	37.4
A_PB1	1120	2292	G	0	0	2292	35.0
A_PB1	1121	2461	C	0	0	2461	34.4
A_PB1	1122	2272	A	0	0	2272	35.0
A_PB1	1123	2555	A	0	0	2555	37.5
A_PB1	1124	2227	G	0	0	2227	34.6
A_PB1	1125	2282	C	0	0	2282	35.3
A_PB1	1126	2294	A	0	0	2294	36.6
A_PB1	1127	2376	T	0	0	2376	36.6
A_PB1	1128	2374	T	0	0	2374	35.5
A_PB1	1129	2275	G	0	0	2275	34.4
A_PB1	1130	2430	A	0	0	2430	34.1
A_PB1	1131	2252	T	0	0	2252	34.2
A_PB1	1132	2322	C	0	0	2322	35.7
A_PB1	1133	2402	T	0	0	2402	37.8
A_PB1	1134	2374	G	0	0	2374	37.4
A_PB1	1135	2221	A	0	0	2221	34.8
A_PB1	1136	2268	A	0	0	2268	37.9
A_PB1	1137	2416	G	0	0	2416	36.5
A_PB1	1138	2302	T	0	0	2302	35.3
A_PB1	1139	2463	A	0	0	2463	35.4
A_PB1	1140	2443	T	0	0	2443	35.7
A_PB1	1141	2498	T	0	0	2498	35.1
A_PB1	1142	2482	T	0	0	2482	35.2
A_PB1	1143	2471	C	0	0	2471	37.0
A_PB1	1144	2506	A	0	0	2506	37.4
A_PB1	1145	2143	A	0	0	2143	34.3
A_PB1	1146	2108	T	0	0	2108	34.3
A_PB1	1147	2264	G	0	0	2264	34.7
A_PB1	1148	2350	A	0	0	2350	35.9
A_PB1	1149	2816	G	0	0	2816	36.5
A_PB1	1150	2177	T	0	0	2177	36.0
A_PB1	1151	2506	C	0	0	2506	36.4
A_PB1	1152	2241	A	0	0	2241	34.7
A_PB1	1153	2320	A	0	0	2320	36.2
A_PB1	1154	2352	C	0	0	2352	36.1
A_PB1	1155	2280	A	0	0	2280	34.7
A_PB1	1156	2173	A	0	0	2173	35.3
A_PB1	1157	2436	G	0	0	2436	35.6
A_PB1	1158	2390	A	0	0	2390	35.2
A_PB1	1159	2439	A	0	0	2439	37.8
A_PB1	1160	2416	A	0	0	2416	36.3
A_PB1	1161	2458	G	0	0	2458	37.3
A_PB1	1162	2373	A	0	0	2373	34.9
A_PB1	1163	2355	A	0	0	2355	37.4
A_PB1	1164	2224	A	0	0	2224	34.2
A_PB1	1165	2138	A	0	0	2138	37.7
A_PB1	1166	2628	T	0	0	2628	35.0
A_PB1	1167	2398	A	0	0	2398	36.3
A_PB1	1168	2288	G	0	0	2288	34.0
A_PB1	1169	2603	A	0	0	2603	37.5
A_PB1	1170	2374	G	0	0	2374	37.1
A_PB1	1171	2420	A	0	0	2420	34.8
A_PB1	1172	2504	A	0	0	2504	37.7
A_PB1	1173	2500	G	0	0	2500	35.8
A_PB1	1174	2320	A	0	0	2320	35.9
A_PB1	1175	2641	T	0	0	2641	36.3
A_PB1	1176	2894	A	0	0	2894	36.4
A_PB1	1177	2513	A	0	0	2513	34.9
A_PB1	1178	2286	G	0	0	2286	35.5
A_PB1	1179	2465	A	0	0	2465	36.5
A_PB1	1180	2281	C	0	0	2281	34.9
A_PB1	1181	2722	C	0	0	2722	37.9
A_PB1	1182	2654	T	0	0	2654	34.5
A_PB1	1183	2693	C	0	0	2693	35.7
A_PB1	1184	2264	T	0	0	2264	36.5
A_PB1	1185	2406	T	0	0	2406	36.5
A_PB1	1186	2413	C	0	0	2413	36.1
A_PB1	1187	2636	T	0	0	2636	36.8
A_PB1	1188	2626	A	0	0	2626	35.1
A_PB1	1189	2838	A	0	0	2838	36.3
A_PB1	1190	2732	T	0	0	2732	35.0
A_PB1	1191	2506	A	0	0	2506	36.7
A_PB1	1192	2591	G	0	0	2591	35.4
A_PB1	1193	2621	A	0	0	2621	35.6
A_PB1	1194	2845	T	0	0	2845	35.7
A_PB1	1195	2527	G	0	0	2527	37.1
A_PB1	1196	2572	G	0	0	2572	35.1
A_PB1	1197	2553	T	0	0	2553	38.0
A_PB1	1198	2645	A	0	0	2645	37.6
A_PB1	1199	2905	C	0	0	2905	35.5
A_PB1	1200	2476	A	0	0	2476	38.0
A_PB1	1201	2766	G	0	0	2766	37.9
A_PB1	1202	2670	C	0	0	2670	34.5
A_PB1	1203	2916	C	0	0	2916	37.4
A_PB1	1204	3030	T	0	0	3030	36.1
A_PB1	1205	2753	C	0	0	2753	34.3
A_PB1	1206	3026	A	0	0	3026	36.0
A_PB1	1207	2662	T	0	0	2662	34.9
A_PB1	1208	2881	T	0	0	2881	36.2
A_PB1	1209	2620	A	0	0	2620	35.6
A_PB1	1210	2802	A	0	0	2802	34.3
A_PB1	1211	2779	G	0	0	2779	36.5
A_PB1	1212	2635	C	0	0	2635	37.3
A_PB1	1213	2618	C	0	0	2618	34.3
A_PB1	1214	2642	C	0	0	2642	37.6
A_PB1	1215	2776	A	0	0	2776	37.8
A_PB1	1216	2989	G	0	0	2989	37.8
A_PB1	1217	3115	G	0	0	3115	37.3
A_PB1	1218	3039	A	0	0	3039	35.0
A_PB1	1219	3161	A	0	0	3161	35.3
A_PB1	1220	3264	T	0	0	3264	36.0
A_PB1	1221	3151	G	0	0	3151	34.2
A_PB1	1222	2719	A	0	0	2719	35.6
A_PB1	1223	2862	T	0	0	2862	35.1
A_PB1	1224	3010	G	0	0	3010	34.3
A_PB1	1225	2949	A	0	0	2949	35.7
A_PB1	1226	2764	T	0	0	2764	36.3
A_PB1	1227	2969	G	0	0	2969	34.2
A_PB1	1228	2952	G	0	0	2952	36.7
A_PB1	1229	2906	G	0	0	2906	35.5
A_PB1	1230	2901	C	0	0	2901	34.1
A_PB1	1231	2812	A	0	0	2812	34.8
A_PB1	1232	3097	T	0	0	3097	34.1
A_PB1	1233	2799	G	0	0	2799	35.9
A_PB1	1234	3071	T	0	0	3071	36.5
A_PB1	1235	2880	T	0	0	2880	35.2
A_PB1	1236	2798	C	0	0	2798	36.8
A_PB1	1237	2994	A	0	0	2994	36.7
A_PB1	1238	2977	A	0	0	2977	34.1
A_PB1	1239	2924	T	0	0	2924	36.2
A_PB1	1240	3005	A	0	0	3005	34.3
A_PB1	1241	3232	T	0	0	3232	36.2
A_PB1	1242	3000	G	0	0	3000	36.4
A_PB1	1243	3259	C	0	0	3259	34.9
A_PB1	1244	3025	T	0	0	3025	36.2
A_PB1	1245	3058	G	0	0	3058	34.3
A_PB1	1246	2862	A	0	0	2862	34.9
A_PB1	1247	3126	G	0	0	3126	35.3
A_PB1	1248	2582	T	0	0	2582	35.5
A_PB1	1249	3205	A	0	0	3205	36.4
A_PB1	1250	3321	C	0	0	3321	34.9
A_PB1	1251	2775	A	0	0	2775	36.0
A_PB1	1252	3418	G	0	0	3418	34.4
A_PB1	1253	3196	T	0	0	3196	37.1
A_PB1	1254	3747	T	0	0	3747	35.3
A_PB1	1255	3242	T	0	0	3242	34.8
A_PB1	1256	3031	T	0	0	3031	37.2
A_PB1	1257	3198	G	0	0	3198	34.2
A_PB1	1258	3362	G	0	0	3362	35.1
A_PB1	1259	2991	G	0	0	2991	37.5
A_PB1	1260	3227	A	0	0	3227	37.4
A_PB1	1261	3444	G	0	0	3444	34.9
A_PB1	1262	3228	T	0	0	3228	37.8
A_PB1	1263	3404	T	0	0	3404	37.9
A_PB1	1264	3164	T	0	0	3164	34.8
A_PB1	1265	3280	C	0	0	3280	38.0
A_PB1	1266	3252	G	0	0	3252	37.2
A_PB1	1267	3409	A	0	0	3409	37.9
A_PB1	1268	3389	T	0	0	3389	37.4
A_PB1	1269	3398	T	0	0	3398	34.1
A_PB1	1270	3097	C	0	0	3097	36.6
A_PB1	1271	3150	T	0	0	3150	34.9
A_PB1	1272	2883	A	0	0	2883	36.6
A_PB1	1273	3314	A	0	0	3314	35.0
A_PB1	1274	3679	A	0	0	3679	35.7
A_PB1	1275	3259	T	0	0	3259	37.7
A_PB1	1276	2935	C	0	0	2935	36.8
A_PB1	1277	3221	T	0	0	3221	35.8
A_PB1	1278	3450	A	0	0	3450	34.3
A_PB1	1279	3217	G	0	0	3217	35.5
A_PB1	1280	3433	G	0	0	3433	37.7
A_PB1	1281	3197	A	0	0	3197	36.9
A_PB1	1282	3120	C	0	0	3120	35.9
A_PB1	1283	3359	A	0	0	3359	37.4
A_PB1	1284	3354	A	0	0	3354	37.9
A_PB1	1285	3310	A	0	0	3310	35.2
A_PB1	1286	3382	G	0	0	3382	37.4
A_PB1	1287	3598	G	0	0	3598	36.1
A_PB1	1288	3365	A	0	0	3365	34.7
A_PB1	1289	2900	G	0	0	2900	34.4
A_PB1	1290	3327	G	0	0	3327	35.1
A_PB1	1291	3181	T	0	0	3181	36.0
A_PB1	1292	3301	A	0	0	3301	34.5
A_PB1	1293	3366	C	0	0	3366	34.9
A_PB1	1294	3124	A	0	0	3124	34.4
A_PB1	1295	3737	C	0	0	3737	34.1
A_PB1	1296	3040	C	0	0	3040	36.2
A_PB1	1297	3289	A	0	0	3289	36.4
A_PB1	1298	3314	A	0	0	3314	34.2
A_PB1	1299	3367	A	0	0	3367	35.4
A_PB1	1300	3445	A	0	0	3445	37.6
A_PB1	1301	3383	C	0	0	3383	35.0
A_PB1	1302	3472	A	0	0	3472	35.9
A_PB1	1303	3435	A	0	0	3435	36.0
A_PB1	1304	3260	C	0	0	3260	36.7
A_PB1	1305	3386	A	0	0	3386	36.9
A_PB1	1306	3518	T	0	0	3518	36.7
A_PB1	1307	3029	A	0	0	3029	34.4
A_PB1	1308	3144	C	0	0	3144	35.9
A_PB1	1309	3338	T	0	0	3338	36.5
A_PB1	1310	3353	G	0	0	3353	34.7
A_PB1	1311	3245	G	0	0	3245	37.5
A_PB1	1312	3080	T	0	0	3080	36.3
A_PB1	1313	3332	G	0	0	3332	36.5
A_PB1	1314	3149	G	0	0	3149	36.6
A_PB1	1315	3755	G	0	0	3755	34.8
A_PB1	1316	3148	A	0	0	3148	35.2
A_PB1	1317	3180	C	0	0	3180	35.3
A_PB1	1318	3477	G	0	0	3477	36.8
A_PB1	1319	3365	G	0	0	3365	34.0
A_PB1	1320	3356	A	0	0	3356	37.6
A_PB1	1321	3236	C	0	0	3236	35.2
A_PB1	1322	3416	T	0	0	3416	34.9
A_PB1	1323	3370	C	0	0	3370	34.3
A_PB1	1324	3073	C	0	0	3073	35.3
A_PB1	1325	3791	A	0	0	3791	35.3
A_PB1	1326	3300	A	0	0	3300	37.5
A_PB1	1327	3187	T	0	0	3187	35.3
A_PB1	1328	3387	C	0	0	3387	35.4
A_PB1	1329	3312	C	0	0	3312	36.0
A_PB1	1330	3259	T	0	0	3259	35.7
A_PB1	1331	3456	C	0	0	3456	35.1
A_PB1	1332	3449	T	0	0	3449	37.7
A_PB1	1333	3412	G	0	0	3412	34.2
A_PB1	1334	3366	A	0	0	3366	36.7
A_PB1	1335	3372	T	0	0	3372	35.5
A_PB1	1336	3192	G	0	0	3192	36.2
A_PB1	1337	3302	A	0	0	3302	35.9
A_PB1	1338	3362	C	0	0	3362	37.2
A_PB1	1339	3203	T	0	0	3203	36.3
A_PB1	1340	3108	T	0	0	3108	37.1
A_PB1	1341	2908	T	0	0	2908	34.2
A_PB1	1342	3001	G	0	0	3001	36.2
A_PB1	1343	3133	C	0	0	3133	37.5
A_PB1	1344	3140	T	0	0	3140	37.6
A_PB1	1345	3093	C	0	0	3093	37.6
A_PB1	1346	3485	T	0	0	3485	36.9
A_PB1	1347	3525	C	0	0	3525	37.0
A_PB1	1348	3771	A	0	0	3771	36.2
A_PB1	1349	3072	T	0	0	3072	34.9
A_PB1	1350	3286	A	0	0	3286	35.1
A_PB1	1351	3326	G	0	0	3326	35.3
A_PB1	1352	3462	T	0	0	3462	35.4
A_PB1	1353	3164	G	0	0	3164	35.0
A_PB1	1354	3157	A	0	0	3157	37.8
A_PB1	1355	3309	A	0	0	3309	36.1
A_PB1	1356	3092	T	0	0	3092	36.0
A_PB1	1357	3273	G	0	0	3273	34.1
A_PB1	1358	3135	C	0	0	3135	34.9
A_PB1	1359	3089	T	0	0	3089	34.1
A_PB1	1360	3358	C	0	0	3358	34.1
A_PB1	1361	2800	C	0	0	2800	36.6
A_PB1	1362	3058	G	0	0	3058	34.3
A_PB1	1363	3095	A	0	0	3095	35.7
A_PB1	1364	3243	A	0	0	3243	35.1
A_PB1	1365	3142	T	0	0	3142	34.7
A_PB1	1366	3094	C	0	0	3094	36.8
A_PB1	1367	3293	A	0	0	3293	35.2
A_PB1	1368	2986	T	0	0	2986	35.7
A_PB1	1369	2958	G	0	0	2958	37.7
A_PB1	1370	3395	A	0	0	3395	34.3
A_PB1	1371	3193	G	0	0	3193	37.1
A_PB1	1372	3144	G	0	0	3144	37.5
A_PB1	1373	3201	G	0	0	3201	37.7
A_PB1	1374	3154	A	0	0	3154	35.8
A_PB1	1375	2876	A	0	0	2876	34.2
A_PB1	1376	3375	T	0	0	3375	36.6
A_PB1	1377	3130	A	0	0	3130	34.7
A_PB1	1378	3038	C	0	0	3038	36.8
A_PB1	1379	3259	A	0	0	3259	37.7
A_PB1	1380	3233	A	0	0	3233	37.7
A_PB1	1381	2775	G	0	0	2775	35.7
A_PB1	1382	3231	C	0	0	3231	35.9
A_PB1	1383	2958	A	0	0	2958	34.5
A_PB1	1384	3038	G	0	0	3038	36.8
A_PB1	1385	3170	G	0	0	3170	36.1
A_PB1	1386	2943	G	0	0	2943	34.1
A_PB1	1387	3561	G	0	0	3561	36.2
A_PB1	1388	2918	T	0	0	2918	35.5
A_PB1	1389	3177	A	0	0	3177	35.2
A_PB1	1390	3032	G	0	0	3032	34.0
A_PB1	1391	3286	A	0	0	3286	34.5
A_PB1	1392	3386	C	0	0	3386	35.8
A_PB1	1393	3106	A	0	0	3106	36.9
A_PB1	1394	3288	G	0	0	3288	36.8
A_PB1	1395	2966	A	0	0	2966	36.9
A_PB1	1396	3045	T	0	0	3045	36.4
A_PB1	1397	3350	T	0	0	3350	38.0
A_PB1	1398	3200	C	0	0	3200	35.2
A_PB1	1399	2755	T	0	0	2755	35.8
A_PB1	1400	3201	A	0	0	3201	35.3
A_PB1	1401	3416	T	0	0	3416	37.3
A_PB1	1402	3089	A	0	0	3089	37.0
A_PB1	1403	3059	G	0	0	3059	35.4
A_PB1	1404	2930	A	0	0	2930	36.1
A_PB1	1405	2998	A	0	0	2998	37.9
A_PB1	1406	3528	C	0	0	3528	36.2
A_PB1	1407	3383	C	0	0	3383	35.0
A_PB1	1408	3240	T	0	0	3240	37.6
A_PB1	1409	3290	G	0	0	3290	35.4
A_PB1	1410	3172	C	0	0	3172	37.0
A_PB1	1411	3071	A	0	0	3071	36.2
A_PB1	1412	3042	A	0	0	3042	34.5
A_PB1	1413	3544	G	0	0	3544	37.2
A_PB1	1414	3319	C	0	0	3319	36.1
A_PB1	1415	3150	T	0	0	3150	37.1
A_PB1	1416	2838	G	0	0	2838	35.6
A_PB1	1417	3330	G	0	0	3330	35.6
A_PB1	1418	2783	T	0	0	2783	36.7
A_PB1	1419	3256	C	0	0	3256	36.7
A_PB1	1420	3389	G	0	0	3389	34.8
A_PB1	1421	3359	G	0	0	3359	34.7
A_PB1	1422	2974	A	0	0	2974	35.9
A_PB1	1423	3077	A	0	0	3077	36.2
A_PB1	1424	3009	T	0	0	3009	34.1
A_PB1	1425	2838	C	0	0	2838	36.4
A_PB1	1426	3515	A	0	0	3515	34.3
A_PB1	1427	2874	A	0	0	2874	34.5
A_PB1	1428	3174	C	0	0	3174	37.5
A_PB1	1429	3117	A	0	0	3117	34.3
A_PB1	1430	3264	T	0	0	3264	34.7
A_PB1	1431	3303	G	0	0	3303	36.2
A_PB1	1432	3359	A	0	0	3359	37.1
A_PB1	1433	3066	G	0	0	3066	36.6
A_PB1	1434	3216	C	0	0	3216	34.9
A_PB1	1435	3167	A	0	0	3167	35.6
A_PB1	1436	3023	A	0	0	3023	37.6
A_PB1	1437	3276	A	0	0	3276	35.2
A_PB1	1438	3103	A	0	0	3103	34.3
A_PB1	1439	3127	A	0	0	3127	34.2
A_PB1	1440	2948	G	0	0	2948	37.8
A_PB1	1441	3591	A	0	0	3591	36.4
A_PB1	1442	3313	A	0	0	3313	36.0
A_PB1	1443	3288	G	0	0	3288	37.4
A_PB1	1444	3177	T	0	0	3177	34.5
A_PB1	1445	3282	C	0	0	3282	36.0
A_PB1	1446	3581	C	0	0	3581	37.2
A_PB1	1447	3352	T	0	0	3352	36.3
A_PB1	1448	3462	A	0	0	3462	35.1
A_PB1	1449	3313	C	0	0	3313	36.9
A_PB1	1450	3435	A	0	0	3435	34.9
A_PB1	1451	3428	T	0	0	3428	37.7
A_PB1	1452	3056	A	0	0	3056	35.5
A_PB1	1453	3419	A	0	0	3419	34.8
A_PB1	1454	3175	A	0	0	3175	34.9
A_PB1	1455	3297	C	0	0	3297	36.1
A_PB1	1456	4059	A	0	0	4059	35.8
A_PB1	1457	3342	G	0	0	3342	35.1
A_PB1	1458	3393	G	0	0	3393	34.0
A_PB1	1459	3131	A	0	0	3131	36.3
A_PB1	1460	3060	C	0	0	3060	37.9
A_PB1	1461	3429	A	0	0	3429	35.4
A_PB1	1462	3225	G	0	0	3225	35.2
A_PB1	1463	3452	G	0	0	3452	37.5
A_PB1	1464	3573	A	0	0	3573	34.0
A_PB1	1465	3485	A	0	0	3485	37.6
A_PB1	1466	3415	C	0	0	3415	37.6
A_PB1	1467	3173	A	0	0	3173	37.3
A_PB1	1468	3478	T	0	0	3478	34.9
A_PB1	1469	3825	T	0	0	3825	35.6
A_PB1	1470	3462	T	0	0	3462	35.1
A_PB1	1471	3909	G	0	0	3909	34.1
A_PB1	1472	3491	A	0	0	3491	34.7
A_PB1	1473	3613	A	0	0	3613	37.5
A_PB1	1474	3263	T	0	0	3263	37.3
A_PB1	1475	3415	T	0	0	3415	36.4
A_PB1	1476	3985	C	0	0	3985	34.3
A_PB1	1477	3097	A	0	0	3097	35.4
A_PB1	1478	3236	C	0	0	3236	37.0
A_PB1	1479	3611	A	0	0	3611	37.0
A_PB1	1480	3602	A	0	0	3602	34.7
A_PB1	1481	3408	G	0	0	3408	35.5
A_PB1	1482	3649	T	0	0	3649	35.5
A_PB1	1483	3921	T	0	0	3921	37.2
A_PB1	1484	3954	T	0	0	3954	35.9
A_PB1	1485	3183	T	0	0	3183	35.0
A_PB1	1486	3831	T	0	0	3831	35.0
A_PB1	1487	4413	T	0	0	4413	37.0
A_PB1	1488	3736	C	0	0	3736	36.0
A_PB1	1489	3312	T	0	0	3312	34.9
A_PB1	1490	3831	A	0	0	3831	37.9
A_PB1	1491	3671	C	0	0	3671	37.4
A_PB1	1492	3328	C	0	0	3328	37.3
A_PB1	1493	4049	G	0	0	4049	35.8
A_PB1	1494	3578	C	0	0	3578	34.3
A_PB1	1495	3417	T	0	0	3417	34.1
A_PB1	1496	3593	A	0	0	3593	36.4
A_PB1	1497	3936	T	0	0	3936	36.9
A_PB1	1498	3485	G	0	0	3485	34.1
A_PB1	1499	3730	G	0	0	3730	34.7
A_PB1	1500	3923	A	0	0	3923	37.4
A_PB1	1501	4217	T	0	0	4217	34.3
A_PB1	1502	4572	T	0	0	4572	37.2
A_PB1	1503	4036	T	0	0	4036	34.3
A_PB1	1504	3623	G	0	0	3623	34.0
A_PB1	1505	4066	T	0	0	4066	36.8
A_PB1	1506	3675	A	0	0	3675	36.1
A_PB1	1507	4051	G	0	0	4051	37.0
A_PB1	1508	3795	C	0	0	3795	36.7
A_PB1	1509	3859	C	0	0	3859	34.5
A_PB1	1510	4050	A	0	0	4050	35.9
A_PB1	1511	4148	A	0	0	4148	34.0
A_PB1	1512	3748	C	0	0	3748	37.5
A_PB1	1513	4213	T	0	0	4213	34.7
A_PB1	1514	4018	T	0	0	4018	35.3
A_PB1	1515	3772	C	0	0	3772	36.3
A_PB1	1516	3919	A	0	0	3919	36.2
A_PB1	1517	3756	G	0	0	3756	37.4
A_PB1	1518	3742	T	0	0	3742	37.2
A_PB1	1519	4407	A	0	0	4407	37.3
A_PB1	1520	3932	T	0	0	3932	35.1
A_PB1	1521	3901	G	0	0	3901	36.4
A_PB1	1522	3977	G	0	0	3977	35.4
A_PB1	1523	3785	A	0	0	3785	37.8
A_PB1	1524	4054	G	0	0	4054	36.7
A_PB1	1525	3820	T	0	0	3820	37.7
A_PB1	1526	4043	T	0	0	4043	35.0
A_PB1	1527	4203	G	0	0	4203	37.7
A_PB1	1528	4148	C	0	0	4148	37.2
A_PB1	1529	4167	C	0	0	4167	34.3
A_PB1	1530	4321	C	0	0	4321	37.4
A_PB1	1531	4119	A	0	0	4119	35.4
A_PB1	1532	3789	G	0	0	3789	37.6
A_PB1	1533	4622	C	0	0	4622	36.5
A_PB1	1534	4252	T	0	0	4252	36.4
A_PB1	1535	3818	T	0	0	3818	35.6
A_PB1	1536	4200	T	0	0	4200	36.8
A_PB1	1537	4320	G	0	0	4320	37.9
A_PB1	1538	4358	G	0	0	4358	34.8
A_PB1	1539	4565	A	0	0	4565	37.4
A_PB1	1540	3803	G	0	0	3803	35.6
A_PB1	1541	4264	T	0	0	4264	34.4
A_PB1	1542	4765	G	0	0	4765	35.0
A_PB1	1543	4049	T	0	0	4049	37.6
A_PB1	1544	3958	C	0	0	3958	37.6
A_PB1	1545	4512	T	0	0	4512	34.1
A_PB1	1546	4412	G	0	0	4412	37.3
A_PB1	1547	4525	G	0	0	4525	36.5
A_PB1	1548	5144	G	0	0	5144	34.3
A_PB1	1549	4348	A	0	0	4348	36.3
A_PB1	1550	4740	T	0	0	4740	34.2
A_PB1	1551	4317	C	0	0	4317	36.5
A_PB1	1552	4703	A	0	0	4703	37.9
A_PB1	1553	4133	A	0	0	4133	35.2
A_PB1	1554	4623	T	0	0	4623	37.8
A_PB1	1555	4206	G	0	0	4206	34.7
A_PB1	1556	4246	A	0	0	4246	36.3
A_PB1	1557	4681	A	0	0	4681	34.4
A_PB1	1558	4302	T	0	0	4302	37.9
A_PB1	1559	4680	C	0	0	4680	37.3
A_PB1	1560	3618	T	0	0	3618	37.5
A_PB1	1561	4577	G	0	0	4577	36.9
A_PB1	1562	4942	C	0	0	4942	34.6
A_PB1	1563	4468	A	0	0	4468	36.7
A_PB1	1564	4269	G	0	0	4269	34.6
A_PB1	1565	4403	A	0	0	4403	37.5
A_PB1	1566	4714	C	0	0	4714	37.6
A_PB1	1567	4648	A	0	0	4648	36.0
A_PB1	1568	4759	T	0	0	4759	35.1
A_PB1	1569	4738	G	0	0	4738	37.5
A_PB1	1570	4777	A	0	0	4777	35.4
A_PB1	1571	4644	G	0	0	4644	37.7
A_PB1	1572	3990	C	0	0	3990	37.0
A_PB1	1573	4611	A	0	0	4611	36.5
A_PB1	1574	4665	T	0	0	4665	34.9
A_PB1	1575	4358	T	0	0	4358	36.7
A_PB1	1576	4143	G	0	0	4143	37.2
A_PB1	1577	4649	G	0	0	4649	34.6
A_PB1	1578	4590	A	0	0	4590	35.9
A_PB1	1579	4496	G	0	0	4496	35.7
A_PB1	1580	4456	T	0	0	4456	35.3
A_PB1	1581	5145	A	0	0	5145	34.1
A_PB1	1582	4440	A	0	0	4440	37.1
A_PB1	1583	4558	C	0	0	4558	37.6
A_PB1	1584	4923	A	0	0	4923	35.5
A_PB1	1585	4507	G	0	0	4507	36.7
A_PB1	1586	4628	T	0	0	4628	36.3
A_PB1	1587	4623	G	0	0	4623	35.0
A_PB1	1588	4415	A	0	0	4415	35.0
A_PB1	1589	4766	T	0	0	4766	37.2
A_PB1	1590	4677	A	0	0	4677	34.1
A_PB1	1591	4635	A	0	0	4635	35.2
A_PB1	1592	4960	A	0	0	4960	37.5
A_PB1	1593	4381	G	0	0	4381	35.9
A_PB1	1594	4739	A	0	0	4739	36.5
A_PB1	1595	4452	A	0	0	4452	34.7
A_PB1	1596	4879	C	0	0	4879	36.5
A_PB1	1597	4744	A	0	0	4744	35.2
A_PB1	1598	4943	A	0	0	4943	35.5
A_PB1	1599	4570	C	0	0	4570	36.0
A_PB1	1600	4470	A	0	0	4470	36.2
A_PB1	1601	4616	T	0	0	4616	36.2
A_PB1	1602	4336	G	0	0	4336	37.3
A_PB1	1603	4490	A	0	0	4490	37.2
A_PB1	1604	5033	T	0	0	5033	36.4
A_PB1	1605	4651	C	0	0	4651	37.0
A_PB1	1606	4561	A	0	0	4561	35.6
A_PB1	1607	4647	A	0	0	4647	34.8
A_PB1	1608	4706	C	0	0	4706	36.7
A_PB1	1609	4261	A	0	0	4261	36.3
A_PB1	1610	3977	A	0	0	3977	35.1
A_PB1	1611	4770	T	0	0	4770	34.0
A_PB1	1612	4162	G	0	0	4162	35.5
A_PB1	1613	4739	A	0	0	4739	35.2
A_PB1	1614	4701	T	0	0	4701	37.3
A_PB1	1615	4679	C	0	0	4679	34.3
A_PB1	1616	4672	T	0	0	4672	36.5
A_PB1	1617	5037	T	0	0	5037	37.4
A_PB1	1618	4694	G	0	0	4694	35.9
A_PB1	1619	4387	G	0	0	4387	37.9
A_PB1	1620	4187	A	0	0	4187	37.8
A_PB1	1621	4858	C	0	0	4858	35.6
A_PB1	1622	4789	C	0	0	4789	34.7
A_PB1	1623	4018	A	0	0	4018	36.7
A_PB1	1624	4793	G	0	0	4793	35.5
A_PB1	1625	4511	C	0	0	4511	37.0
A_PB1	1626	4507	A	0	0	4507	36.1
A_PB1	1627	4610	A	0	0	4610	37.3
A_PB1	1628	4466	C	0	0	4466	36.0
A_PB1	1629	4427	A	0	0	4427	37.9
A_PB1	1630	4533	G	0	0	4533	35.1
A_PB1	1631	4625	C	0	0	4625	36.6
A_PB1	1632	4273	T	0	0	4273	35.6
A_PB1	1633	4385	C	0	0	4385	35.6
A_PB1	1634	4574	A	0	0	4574	35.9
A_PB1	1635	4718	A	0	0	4718	37.0
A_PB1	1636	4492	A	0	0	4492	34.9
A_PB1	1637	4103	T	0	0	4103	37.0
A_PB1	1638	4627	G	0	0	4627	37.8
A_PB1	1639	4324	G	0	0	4324	36.7
A_PB1	1640	4430	C	0	0	4430	34.8
A_PB1	1641	4590	T	0	0	4590	34.0
A_PB1	1642	4632	C	0	0	4632	36.5
A_PB1	1643	3851	T	0	0	3851	37.9
A_PB1	1644	4399	T	0	0	4399	37.7
A_PB1	1645	4168	C	0	0	4168	34.7
A_PB1	1646	4737	A	0	0	4737	37.7
A_PB1	1647	4249	G	0	0	4249	34.9
A_PB1	1648	4791	C	0	0	4791	36.2
A_PB1	1649	4038	T	0	0	4038	34.9
A_PB1	1650	4452	A	0	0	4452	34.3
A_PB1	1651	4168	T	0	0	4168	34.9
A_PB1	1652	4249	T	0	0	4249	34.7
A_PB1	1653	4429	C	0	0	4429	37.6
A_PB1	1654	4193	A	0	0	4193	37.4
A_PB1	1655	4581	T	0	0	4581	34.9
A_PB1	1656	4224	C	0	0	4224	37.0
A_PB1	1657	4539	A	0	0	4539	37.4
A_PB1	1658	3932	A	0	0	3932	36.3
A_PB1	1659	4405	G	0	0	4405	35.0
A_PB1	1660	4205	G	0	0	4205	36.7
A_PB1	1661	4380	A	0	0	4380	36.9
A_PB1	1662	4781	T	0	0	4781	34.2
A_PB1	1663	4151	T	0	0	4151	37.9
A_PB1	1664	4255	A	0	0	4255	36.0
A_PB1	1665	3935	C	0	0	3935	37.1
A_PB1	1666	4382	A	0	0	4382	37.4
A_PB1	1667	3787	G	0	0	3787	34.6
A_PB1	1668	4464	A	0	0	4464	35.3
A_PB1	1669	4392	T	0	0	4392	36.3
A_PB1	1670	3841	A	0	0	3841	37.5
A_PB1	1671	3984	C	0	0	3984	36.6
A_PB1	1672	4180	A	0	0	4180	34.3
A_PB1	1673	4169	C	0	0	4169	37.1
A_PB1	1674	3765	A	0	0	3765	34.4
A_PB1	1675	4251	T	0	0	4251	35.4
A_PB1	1676	4075	A	0	0	4075	36.1
A_PB1	1677	4049	C	0	0	4049	36.2
A_PB1	1678	3897	C	0	0	3897	36.3
A_PB1	1679	4037	G	0	0	4037	36.8
A_PB1	1680	4101	A	0	0	4101	36.5
A_PB1	1681	4276	T	0	0	4276	35.8
A_PB1	1682	3780	G	0	0	3780	35.7
A_PB1	1683	3877	T	0	0	3877	35.5
A_PB1	1684	3535	C	0	0	3535	37.9
A_PB1	1685	4056	A	0	0	4056	35.1
A_PB1	1686	4096	C	0	0	4096	34.5
A_PB1	1687	3748	A	0	0	3748	36.0
A_PB1	1688	3624	G	0	0	3624	37.5
A_PB1	1689	3690	A	0	0	3690	35.6
A_PB1	1690	3548	G	0	0	3548	36.7
A_PB1	1691	3599	G	0	0	3599	36.5
A_PB1	1692	3734	A	0	0	3734	34.0
A_PB1	1693	3745	G	0	0	3745	37.4
A_PB1	1694	3671	A	0	0	3671	36.6
A_PB1	1695	3641	C	0	0	3641	35.2
A_PB1	1696	4117	A	0	0	4117	35.9
A_PB1	1697	4006	C	0	0	4006	36.3
A_PB1	1698	3498	A	0	0	3498	34.3
A_PB1	1699	3567	C	0	0	3567	37.4
A_PB1	1700	3626	A	0	0	3626	37.4
A_PB1	1701	3557	A	0	0	3557	35.5
A_PB1	1702	3210	A	0	0	3210	36.5
A_PB1	1703	3442	T	0	0	3442	37.2
A_PB1	1704	3278	T	0	0	3278	37.1
A_PB1	1705	3716	C	0	0	3716	35.1
A_PB1	1706	3714	A	0	0	3714	36.9
A_PB1	1707	3673	G	0	0	3673	34.4
A_PB1	1708	3831	A	0	0	3831	37.9
A_PB1	1709	3558	C	0	0	3558	34.5
A_PB1	1710	3527	A	0	0	3527	35.7
A_PB1	1711	3218	A	0	0	3218	37.6
A_PB1	1712	4050	G	0	0	4050	34.4
A_PB1	1713	3938	G	0	0	3938	35.6
A_PB1	1714	3170	A	0	0	3170	37.1
A_PB1	1715	3549	G	0	0	3549	36.1
A_PB1	1716	3361	G	0	0	3361	36.3
A_PB1	1717	3499	T	0	0	3499	36.7
A_PB1	1718	3398	C	0	0	3398	37.7
A_PB1	1719	3432	A	0	0	3432	36.6
A_PB1	1720	3536	T	0	0	3536	34.9
A_PB1	1721	3291	T	0	0	3291	37.7
A_PB1	1722	3278	C	0	0	3278	34.6
A_PB1	1723	3448	G	0	0	3448	35.2
A_PB1	1724	3429	A	0	0	3429	35.7
A_PB1	1725	3624	G	0	0	3624	36.5
A_PB1	1726	3345	C	0	0	3345	36.4
A_PB1	1727	3170	T	0	0	3170	35.3
A_PB1	1728	3389	G	0	0	3389	37.1
A_PB1	1729	3495	A	0	0	3495	36.5
A_PB1	1730	3313	A	0	0	3313	34.4
A_PB1	1731	3279	G	0	0	3279	38.0
A_PB1	1732	3398	A	0	0	3398	36.9
A_PB1	1733	3502	A	0	0	3502	35.3
A_PB1	1734	3200	G	0	0	3200	35.4
A_PB1	1735	3054	T	0	0	3054	36.4
A_PB1	1736	3205	T	0	0	3205	35.0
A_PB1	1737	3353	G	0	0	3353	36.6
A_PB1	1738	3070	T	0	0	3070	36.4
A_PB1	1739	3244	G	0	0	3244	37.1
A_PB1	1740	2935	G	0	0	2935	37.6
A_PB1	1741	2992	G	0	0	2992	37.3
A_PB1	1742	3078	A	0	0	3078	35.0
A_PB1	1743	3020	A	0	0	3020	34.6
A_PB1	1744	3358	C	0	0	3358	36.6
A_PB1	1745	3088	A	0	0	3088	37.8
A_PB1	1746	3379	G	0	0	3379	37.3
A_PB1	1747	3017	A	0	0	3017	35.2
A_PB1	1748	3192	C	0	0	3192	34.8
A_PB1	1749	3071	C	0	0	3071	34.5
A_PB1	1750	3217	C	0	0	3217	35.2
A_PB1	1751	3297	G	0	0	3297	36.8
A_PB1	1752	3063	C	0	0	3063	35.5
A_PB1	1753	3087	T	0	0	3087	34.8
A_PB1	1754	3603	C	0	0	3603	34.9
A_PB1	1755	3066	A	0	0	3066	34.1
A_PB1	1756	2818	A	0	0	2818	34.8
A_PB1	1757	2878	A	0	0	2878	34.1
A_PB1	1758	3060	A	0	0	3060	37.1
A_PB1	1759	3087	G	0	0	3087	35.2
A_PB1	1760	2906	C	0	0	2906	35.3
A_PB1	1761	2812	A	0	0	2812	35.1
A_PB1	1762	3335	G	0	0	3335	37.3
A_PB1	1763	3033	G	0	0	3033	36.7
A_PB1	1764	3121	A	0	0	3121	34.9
A_PB1	1765	3092	C	0	0	3092	35.0
A_PB1	1766	3050	T	0	0	3050	35.8
A_PB1	1767	3014	G	0	0	3014	35.4
A_PB1	1768	2897	C	0	0	2897	35.6
A_PB1	1769	2655	T	0	0	2655	36.4
A_PB1	1770	2863	G	0	0	2863	34.0
A_PB1	1771	3007	G	0	0	3007	37.8
A_PB1	1772	3365	T	0	0	3365	34.1
A_PB1	1773	2815	C	0	0	2815	35.9
A_PB1	1774	2864	T	0	0	2864	37.1
A_PB1	1775	2832	C	0	0	2832	36.0
A_PB1	1776	3059	A	0	0	3059	35.8
A_PB1	1777	3236	G	0	0	3236	36.2
A_PB1	1778	2510	A	0	0	2510	37.6
A_PB1	1779	2962	T	0	0	2962	36.2
A_PB1	1780	3018	G	0	0	3018	36.1
A_PB1	1781	3027	G	0	0	3027	37.9
A_PB1	1782	2572	A	0	0	2572	35.0
A_PB1	1783	3136	G	0	0	3136	35.6
A_PB1	1784	2887	G	0	0	2887	36.5
A_PB1	1785	3023	A	0	0	3023	37.5
A_PB1	1786	3033	C	0	0	3033	35.1
A_PB1	1787	2594	C	0	0	2594	34.1
A_PB1	1788	3083	A	0	0	3083	34.0
A_PB1	1789	2815	A	0	0	2815	35.6
A_PB1	1790	2741	A	0	0	2741	36.0
A_PB1	1791	2964	T	0	0	2964	36.6
A_PB1	1792	3024	C	0	0	3024	35.6
A_PB1	1793	2963	T	0	0	2963	37.9
A_PB1	1794	3131	A	0	0	3131	38.0
A_PB1	1795	2684	T	0	0	2684	34.5
A_PB1	1796	2569	A	0	0	2569	36.7
A_PB1	1797	3039	C	0	0	3039	37.7
A_PB1	1798	2731	A	0	0	2731	35.8
A_PB1	1799	2826	A	0	0	2826	36.4
A_PB1	1800	2902	T	0	0	2902	37.0
A_PB1	1801	3147	A	0	0	3147	35.3
A_PB1	1802	3043	T	0	0	3043	35.8
A_PB1	1803	3014	T	0	0	3014	37.3
A_PB1	1804	2592	C	0	0	2592	36.4
A_PB1	1805	2802	G	0	0	2802	34.0
A_PB1	1806	2942	G	0	0	2942	37.1
A_PB1	1807	2829	A	0	0	2829	34.1
A_PB1	1808	2731	A	0	0	2731	37.2
A_PB1	1809	2908	T	0	0	2908	34.3
A_PB1	1810	2866	C	0	0	2866	36.9
A_PB1	1811	2855	T	0	0	2855	36.5
A_PB1	1812	2603	T	0	0	2603	35.2
A_PB1	1813	2832	C	0	0	2832	34.2
A_PB1	1814	2796	A	0	0	2796	36.2
A_PB1	1815	2489	C	0	0	2489	34.6
A_PB1	1816	2931	A	0	0	2931	36.0
A_PB1	1817	2807	T	0	0	2807	37.5
A_PB1	1818	2798	T	0	0	2798	34.7
A_PB1	1819	2964	C	0	0	2964	34.1
A_PB1	1820	2348	C	0	0	2348	34.4
A_PB1	1821	2788	A	0	0	2788	36.6
A_PB1	1822	3068	G	0	0	3068	34.3
A_PB1	1823	2727	A	0	0	2727	34.3
A_PB1	1824	2835	A	0	0	2835	37.7
A_PB1	1825	2691	G	0	0	2691	37.7
A_PB1	1826	2906	T	0	0	2906	35.9
A_PB1	1827	2764	C	0	0	2764	37.1
A_PB1	1828	2885	T	0	0	2885	35.4
A_PB1	1829	3211	G	0	0	3211	37.6
A_PB1	1830	3055	C	0	0	3055	34.7
A_PB1	1831	3137	T	0	0	3137	35.6
A_PB1	1832	2822	T	0	0	2822	34.4
A_PB1	1833	2790	G	0	0	2790	34.7
A_PB1	1834	2939	A	0	0	2939	37.3
A_PB1	1835	3029	A	0	0	3029	35.5
A_PB1	1836	2835	A	0	0	2835	36.1
A_PB1	1837	3158	T	0	0	3158	34.0
A_PB1	1838	2911	G	0	0	2911	35.9
A_PB1	1839	2858	G	0	0	2858	34.7
A_PB1	1840	2782	G	0	0	2782	34.1
A_PB1	1841	2738	A	0	0	2738	36.1
A_PB1	1842	2609	G	0	0	2609	36.5
A_PB1	1843	3000	C	0	0	3000	35.8
A_PB1	1844	2938	T	0	0	2938	37.8
A_PB1	1845	3107	A	0	0	3107	34.9
A_PB1	1846	2583	A	0	0	2583	37.3
A_PB1	1847	3042	T	0	0	3042	34.6
A_PB1	1848	2853	G	0	0	2853	37.4
A_PB1	1849	3276	G	0	0	3276	36.3
A_PB1	1850	3036	A	0	0	3036	35.6
A_PB1	1851	3084	C	0	0	3084	37.6
A_PB1	1852	3518	G	0	0	3518	35.6
A_PB1	1853	3137	A	0	0	3137	37.9
A_PB1	1854	3153	A	0	0	3153	36.1
A_PB1	1855	2906	G	0	0	2906	36.6
A_PB1	1856	3028	A	0	0	3028	36.5
A_PB1	1857	2752	C	0	0	2752	35.8
A_PB1	1858	2846	T	0	0	2846	35.8
A_PB1	1859	3078	A	0	0	3078	35.1
A_PB1	1860	3011	T	0	0	3011	35.0
A_PB1	1861	2956	C	0	0	2956	35.8
A_PB1	1862	3086	A	0	0	3086	37.8
A_PB1	1863	2810	G	0	0	2810	37.4
A_PB1	1864	2948	G	0	0	2948	36.3
A_PB1	1865	2757	G	0	0	2757	34.3
A_PB1	1866	2955	A	0	0	2955	37.2
A_PB1	1867	3217	A	0	0	3217	35.4
A_PB1	1868	3010	G	0	0	3010	36.0
A_PB1	1869	3232	G	0	0	3232	34.2
A_PB1	1870	3317	C	0	0	3317	37.9
A_PB1	1871	3047	T	0	0	3047	36.2
A_PB1	1872	3118	T	0	0	3118	37.8
A_PB1	1873	3324	T	0	0	3324	37.8
A_PB1	1874	3081	G	0	0	3081	34.4
A_PB1	1875	3200	T	0	0	3200	35.7
A_PB1	1876	2936	A	0	0	2936	36.7
A_PB1	1877	3073	A	0	0	3073	34.8
A_PB1	1878	2981	T	0	0	2981	35.4
A_PB1	1879	2998	C	0	0	2998	37.5
A_PB1	1880	2989	C	0	0	2989	35.5
A_PB1	1881	3419	C	0	0	3419	37.2
A_PB1	1882	3336	C	0	0	3336	36.5
A_PB1	1883	3065	T	0	0	3065	36.5
A_PB1	1884	3206	G	0	0	3206	37.0
A_PB1	1885	2801	A	0	0	2801	37.8
A_PB1	1886	2867	A	0	0	2867	37.0
A_PB1	1887	3072	C	0	0	3072	36.7
A_PB1	1888	2968	C	0	0	2968	35.9
A_PB1	1889	3237	C	0	0	3237	36.7
A_PB1	1890	3365	G	0	0	3365	36.7
A_PB1	1891	3286	T	0	0	3286	34.6
A_PB1	1892	2847	T	0	0	2847	37.7
A_PB1	1893	3380	T	0	0	3380	35.3
A_PB1	1894	3101	G	0	0	3101	37.1
A_PB1	1895	3400	T	0	0	3400	35.2
A_PB1	1896	3195	C	0	0	3195	35.2
A_PB1	1897	3198	A	0	0	3198	36.4
A_PB1	1898	2779	G	0	0	2779	34.5
A_PB1	1899	3077	C	0	0	3077	37.9
A_PB1	1900	3020	C	0	0	3020	34.8
A_PB1	1901	2808	A	0	0	2808	36.0
A_PB1	1902	3218	C	0	0	3218	37.4
A_PB1	1903	3242	A	0	0	3242	34.2
A_PB1	1904	2979	A	0	0	2979	35.9
A_PB1	1905	3354	G	0	0	3354	34.4
A_PB1	1906	3190	G	0	0	3190	35.5
A_PB1	1907	3003	A	0	0	3003	37.9
A_PB1	1908	3246	A	0	0	3246	34.2
A_PB1	1909	3204	A	0	0	3204	34.7
A_PB1	1910	3054	T	0	0	3054	36.1
A_PB1	1911	3148	A	0	0	3148	34.5
A_PB1	1912	2963	G	0	0	2963	34.8
A_PB1	1913	3158	A	0	0	3158	38.0
A_PB1	1914	3433	G	0	0	3433	34.1
A_PB1	1915	3127	T	0	0	3127	37.5
A_PB1	1916	3206	C	0	0	3206	35.5
A_PB1	1917	3484	T	0	0	3484	37.9
A_PB1	1918	3119	G	0	0	3119	36.5
A_PB1	1919	3311	T	0	0	3311	37.9
A_PB1	1920	3191	G	0	0	3191	36.1
A_PB1	1921	2836	A	0	0	2836	34.5
A_PB1	1922	3183	A	0	0	3183	37.8
A_PB1	1923	3213	C	0	0	3213	36.5
A_PB1	1924	3301	A	0	0	3301	36.5
A_PB1	1925	3547	A	0	0	3547	36.2
A_PB1	1926	3129	C	0	0	3129	34.7
A_PB1	1927	3160	G	0	0	3160	37.6
A_PB1	1928	3163	C	0	0	3163	37.4
A_PB1	1929	3326	T	0	0	3326	35.6
A_PB1	1930	2946	G	0	0	2946	35.0
A_PB1	1931	3262	T	0	0	3262	37.9
A_PB1	1932	3414	G	0	0	3414	36.0
A_PB1	1933	3080	G	0	0	3080	35.8
A_PB1	1934	3003	T	0	0	3003	37.7
A_PB1	1935	3181	G	0	0	3181	35.3
A_PB1	1936	3113	A	0	0	3113	37.1
A_PB1	1937	3124	T	0	0	3124	35.7
A_PB1	1938	2912	G	0	0	2912	36.5
A_PB1	1939	3797	C	0	0	3797	36.0
A_PB1	1940	3091	C	0	0	3091	35.1
A_PB1	1941	3198	A	0	0	3198	36.6
A_PB1	1942	3009	G	0	0	3009	35.9
A_PB1	1943	3073	C	0	0	3073	37.8
A_PB1	1944	3313	T	0	0	3313	35.6
A_PB1	1945	3104	C	0	0	3104	34.3
A_PB1	1946	3026	A	0	0	3026	34.6
A_PB1	1947	3029	T	0	0	3029	36.4
A_PB1	1948	3346	G	0	0	3346	34.0
A_PB1	1949	3147	G	0	0	3147	37.9
A_PB1	1950	3114	C	0	0	3114	35.4
A_PB1	1951	2912	C	0	0	2912	34.5
A_PB1	1952	2977	C	0	0	2977	35.7
A_PB1	1953	2984	G	0	0	2984	35.5
A_PB1	1954	3218	G	0	0	3218	37.4
A_PB1	1955	3350	C	0	0	3350	35.3
A_PB1	1956	3005	C	0	0	3005	34.6
A_PB1	1957	3252	A	0	0	3252	37.9
A_PB1	1958	3333	A	0	0	3333	37.8
A_PB1	1959	3053	G	0	0	3053	35.7
A_PB1	1960	2933	A	0	0	2933	35.2
A_PB1	1961	2825	G	0	0	2825	36.0
A_PB1	1962	2958	C	0	0	2958	35.8
A_PB1	1963	3055	A	0	0	3055	36.4
A_PB1	1964	3321	T	0	0	3321	35.1
A_PB1	1965	2971	G	0	0	2971	37.2
A_PB1	1966	2945	G	0	0	2945	35.1
A_PB1	1967	2777	A	0	0	2777	37.4
A_PB1	1968	2934	A	0	0	2934	35.9
A_PB1	1969	2930	T	0	0	2930	37.9
A_PB1	1970	3356	A	0	0	3356	35.7
A_PB1	1971	3136	T	0	0	3136	37.6
A_PB1	1972	3287	G	0	0	3287	35.1
A_PB1	1973	2785	A	0	0	2785	35.8
A_PB1	1974	3002	T	0	0	3002	38.0
A_PB1	1975	3136	G	0	0	3136	36.6
A_PB1	1976	2730	C	0	0	2730	34.6
A_PB1	1977	2772	T	0	0	2772	36.7
A_PB1	1978	2968	G	0	0	2968	34.5
A_PB1	1979	2828	T	0	0	2828	35.9
A_PB1	1980	2983	T	0	0	2983	34.4
A_PB1	1981	3004	G	0	0	3004	36.8
A_PB1	1982	3066	C	0	0	3066	34.8
A_PB1	1983	2873	C	0	0	2873	38.0
A_PB1	1984	2887	A	0	0	2887	37.8
A_PB1	1985	3073	C	0	0	3073	37.3
A_PB1	1986	2818	C	0	0	2818	37.6
A_PB1	1987	3214	A	0	0	3214	36.0
A_PB1	1988	2843	C	0	0	2843	34.1
A_PB1	1989	2950	T	0	0	2950	37.2
A_PB1	1990	2762	C	0	0	2762	36.6
A_PB1	1991	2822	A	0	0	2822	34.6
A_PB1	1992	2915	C	0	0	2915	36.5
A_PB1	1993	2693	T	0	0	2693	36.5
A_PB1	1994	2697	C	0	0	2697	34.3
A_PB1	1995	2900	C	0	0	2900	36.1
A_PB1	1996	2758	T	0	0	2758	35.0
A_PB1	1997	2793	G	0	0	2793	36.5
A_PB1	1998	3045	G	0	0	3045	37.6
A_PB1	1999	2886	A	0	0	2886	34.7
A_PB1	2000	2884	T	0	0	2884	35.6
A_PB1	2001	2579	A	0	0	2579	34.1
A_PB1	2002	2787	C	0	0	2787	34.4
A_PB1	2003	2536	C	0	0	2536	36.4
A_PB1	2004	2795	G	0	0	2795	37.4
A_PB1	2005	2690	A	0	0	2690	35.7
A_PB1	2006	2565	A	0	0	2565	34.9
A_PB1	2007	2512	G	0	0	2512	37.7
A_PB1	2008	2792	A	0	0	2792	34.2
A_PB1	2009	2787	G	0	0	2787	36.0
A_PB1	2010	2831	G	0	0	2831	35.5
A_PB1	2011	2578	A	0	0	2578	35.4
A_PB1	2012	2837	A	0	0	2837	34.7
A_PB1	2013	2605	C	0	0	2605	37.8
A_PB1	2014	2696	C	0	0	2696	36.6
A_PB1	2015	2409	G	0	0	2409	35.9
A_PB1	2016	2714	C	0	0	2714	36.4
A_PB1	2017	2756	T	0	0	2756	35.5
A_PB1	2018	2823	C	0	0	2823	34.8
A_PB1	2019	2614	C	0	0	2614	37.1
A_PB1	2020	2748	A	0	0	2748	34.7
A_PB1	2021	2652	T	0	0	2652	35.6
A_PB1	2022	2624	T	0	0	2624	34.1
A_PB1	2023	2933	C	0	0	2933	37.6
A_PB1	2024	2624	T	0	0	2624	36.4
A_PB1	2025	2925	C	0	0	2925	37.2
A_PB1	2026	2732	A	0	0	2732	35.6
A_PB1	2027	2557	A	0	0	2557	35.5
A_PB1	2028	2328	T	0	0	2328	35.9
A_PB1	2029	2519	A	0	0	2519	36.7
A_PB1	2030	2553	C	0	0	2553	36.1
A_PB1	2031	2568	A	0	0	2568	34.3
A_PB1	2032	2434	A	0	0	2434	35.3
A_PB1	2033	2458	G	0	0	2458	36.1
A_PB1	2034	2425	C	0	0	2425	34.5
A_PB1	2035	2851	C	0	0	2851	36.3
A_PB1	2036	2615	A	0	0	2615	34.9
A_PB1	2037	2584	A	0	0	2584	36.9
A_PB1	2038	2847	A	0	0	2847	35.4
A_PB1	2039	2612	G	0	0	2612	36.2
A_PB1	2040	2784	G	0	0	2784	36.0
A_PB1	2041	2450	G	0	0	2450	35.0
A_PB1	2042	2579	G	0	0	2579	34.9
A_PB1	2043	2675	A	0	0	2675	34.3
A_PB1	2044	2500	A	0	0	2500	34.3
A_PB1	2045	2597	T	0	0	2597	37.6
A_PB1	2046	2605	C	0	0	2605	37.2
A_PB1	2047	2859	C	0	0	2859	35.3
A_PB1	2048	2548	T	0	0	2548	35.7
A_PB1	2049	2337	T	0	0	2337	36.0
A_PB1	2050	2736	G	0	0	2736	36.5
A_PB1	2051	2232	A	0	0	2232	34.6
A_PB1	2052	2473	A	0	0	2473	34.2
A_PB1	2053	2392	G	0	0	2392	37.7
A_PB1	2054	2416	A	0	0	2416	35.7
A_PB1	2055	2547	C	0	0	2547	37.6
A_PB1	2056	2132	G	0	0	2132	34.8
A_PB1	2057	2400	A	0	0	2400	35.5
A_PB1	2058	2443	A	0	0	2443	35.0
A_PB1	2059	3149	C	0	0	3149	34.5
A_PB1	2060	2305	A	0	0	2305	34.4
A_PB1	2061	2545	G	0	0	2545	37.3
A_PB1	2062	2261	A	0	0	2261	35.1
A_PB1	2063	2378	T	0	0	2378	36.0
A_PB1	2064	2406	G	0	0	2406	35.3
A_PB1	2065	2674	T	0	0	2674	37.7
A_PB1	2066	2454	A	0	0	2454	37.8
A_PB1	2067	2461	T	0	0	2461	38.0
A_PB1	2068	2402	C	0	0	2402	36.0
A_PB1	2069	2622	A	0	0	2622	35.3
A_PB1	2070	2320	A	0	0	2320	36.4
A_PB1	2071	2451	A	0	0	2451	35.9
A_PB1	2072	2588	A	0	0	2588	36.0
A_PB1	2073	2359	G	0	0	2359	37.5
A_PB1	2074	2285	T	0	0	2285	37.0
A_PB1	2075	2592	G	0	0	2592	37.5
A_PB1	2076	2514	C	0	0	2514	38.0
A_PB1	2077	2582	T	0	0	2582	35.6
A_PB1	2078	2335	G	0	0	2335	37.5
A_PB1	2079	2882	C	0	0	2882	34.1
A_PB1	2080	2499	A	0	0	2499	36.6
A_PB1	2081	2353	A	0	0	2353	35.8
A_PB1	2082	3007	C	0	0	3007	35.7
A_PB1	2083	2501	C	0	0	2501	36.6
A_PB1	2084	2601	T	0	0	2601	36.5
A_PB1	2085	2858	G	0	0	2858	36.9
A_PB1	2086	2445	T	0	0	2445	36.7
A_PB1	2087	2624	T	0	0	2624	35.1
A_PB1	2088	2467	C	0	0	2467	35.3
A_PB1	2089	2682	G	0	0	2682	35.1
A_PB1	2090	2649	A	0	0	2649	34.8
A_PB1	2091	2871	A	0	0	2871	37.1
A_PB1	2092	2523	A	0	0	2523	36.1
A_PB1	2093	2293	A	0	0	2293	35.0
A_PB1	2094	2773	A	0	0	2773	35.2
A_PB1	2095	2850	T	0	0	2850	35.0
A_PB1	2096	2691	T	0	0	2691	36.7
A_PB1	2097	2699	C	0	0	2699	35.1
A_PB1	2098	2680	T	0	0	2680	35.3
A_PB1	2099	2454	T	0	0	2454	37.7
A_PB1	2100	2384	C	0	0	2384	36.3
A_PB1	2101	2872	C	0	0	2872	35.6
A_PB1	2102	2540	C	0	0	2540	34.4
A_PB1	2103	2837	T	0	0	2837	36.3
A_PB1	2104	2579	A	0	0	2579	37.7
A_PB1	2105	2583	G	0	0	2583	38.0
A_PB1	2106	2608	C	0	0	2608	36.8
A_PB1	2107	2752	A	0	0	2752	35.7
A_PB1	2108	2736	G	0	0	2736	36.2
A_PB1	2109	2667	T	0	0	2667	36.9
A_PB1	2110	2633	T	0	0	2633	34.6
A_PB1	2111	2739	C	0	0	2739	34.9
A_PB1	2112	2764	A	0	0	2764	35.1
A_PB1	2113	3143	T	0	0	3143	37.2
A_PB1	2114	2798	A	0	0	2798	36.0
A_PB1	2115	3100	C	0	0	3100	35.6
A_PB1	2116	2768	A	0	0	2768	35.7
A_PB1	2117	2712	G	0	0	2712	37.9
A_PB1	2118	2766	G	0	0	2766	35.3
A_PB1	2119	2994	A	0	0	2994	36.9
A_PB1	2120	2997	G	0	0	2997	36.8
A_PB1	2121	2985	G	0	0	2985	36.8
A_PB1	2122	2648	C	0	0	2648	35.2
A_PB1	2123	2689	C	0	0	2689	35.5
A_PB1	2124	2767	A	0	0	2767	34.6
A_PB1	2125	2928	G	0	0	2928	36.3
A_PB1	2126	3185	T	0	0	3185	36.2
A_PB1	2127	2676	T	0	0	2676	35.9
A_PB1	2128	2760	G	0	0	2760	37.2
A_PB1	2129	2964	G	0	0	2964	37.0
A_PB1	2130	3198	A	0	0	3198	37.1
A_PB1	2131	3050	A	0	0	3050	34.9
A_PB1	2132	3003	T	0	0	3003	36.0
A_PB1	2133	2921	T	0	0	2921	34.2
A_PB1	2134	2793	T	0	0	2793	36.3
A_PB1	2135	3068	C	0	0	3068	35.2
A_PB1	2136	2859	C	0	0	2859	35.3
A_PB1	2137	3069	A	0	0	3069	34.8
A_PB1	2138	2975	G	0	0	2975	35.0
A_PB1	2139	2769	C	0	0	2769	37.6
A_PB1	2140	3318	A	0	0	3318	35.8
A_PB1	2141	3113	T	0	0	3113	34.1
A_PB1	2142	2856	G	0	0	2856	37.0
A_PB1	2143	3195	G	0	0	3195	35.9
A_PB1	2144	2781	T	0	0	2781	35.8
A_PB1	2145	3015	G	0	0	3015	36.4
A_PB1	2146	2857	G	0	0	2857	37.6
A_PB1	2147	2818	A	0	0	2818	35.1
A_PB1	2148	2898	G	0	0	2898	35.9
A_PB1	2149	2820	G	0	0	2820	37.3
A_PB1	2150	3005	C	0	0	3005	35.5
A_PB1	2151	2709	C	0	0	2709	34.7
A_PB1	2152	2892	A	0	0	2892	34.9
A_PB1	2153	2875	T	0	0	2875	36.6
A_PB1	2154	2907	G	0	0	2907	35.7
A_PB1	2155	3129	G	0	0	3129	35.1
A_PB1	2156	2713	T	0	0	2713	34.6
A_PB1	2157	2961	T	0	0	2961	37.5
A_PB1	2158	2947	T	0	0	2947	34.6
A_PB1	2159	2822	C	0	0	2822	36.2
A_PB1	2160	2668	T	0	0	2668	36.6
A_PB1	2161	2721	A	0	0	2721	37.2
A_PB1	2162	3000	G	0	0	3000	37.3
A_PB1	2163	2508	G	0	0	2508	36.6
A_PB1	2164	2736	G	0	0	2736	36.0
A_PB1	2165	2857	C	0	0	2857	34.5
A_PB1	2166	2720	C	0	0	2720	34.5
A_PB1	2167	2957	C	0	0	2957	36.8
A_PB1	2168	2773	G	0	0	2773	35.5
A_PB1	2169	2680	A	0	0	2680	36.7
A_PB1	2170	2700	A	0	0	2700	35.6
A_PB1	2171	2770	T	0	0	2770	35.2
A_PB1	2172	2583	T	0	0	2583	34.2
A_PB1	2173	2487	G	0	0	2487	34.5
A_PB1	2174	2478	A	0	0	2478	36.5
A_PB1	2175	2769	C	0	0	2769	34.7
A_PB1	2176	2512	G	0	0	2512	36.8
A_PB1	2177	2354	C	0	0	2354	36.7
A_PB1	2178	2699	A	0	0	2699	36.3
A_PB1	2179	2679	C	0	0	2679	36.2
A_PB1	2180	2433	G	0	0	2433	36.0
A_PB1	2181	2466	A	0	0	2466	34.4
A_PB1	2182	2498	A	0	0	2498	35.6
A_PB1	2183	2516	T	0	0	2516	34.7
A_PB1	2184	2378	T	0	0	2378	37.5
A_PB1	2185	2465	G	0	0	2465	36.4
A_PB1	2186	2664	A	0	0	2664	37.2
A_PB1	2187	2368	C	0	0	2368	34.6
A_PB1	2188	2582	T	0	0	2582	35.2
A_PB1	2189	2316	T	0	0	2316	35.6
A_PB1	2190	2404	C	0	0	2404	35.2
A_PB1	2191	2332	G	0	0	2332	34.1
A_PB1	2192	2414	A	0	0	2414	36.9
A_PB1	2193	2557	A	0	0	2557	34.2
A_PB1	2194	2343	T	0	0	2343	36.3
A_PB1	2195	2251	C	0	0	2251	37.1
A_PB1	2196	2101	T	0	0	2101	37.9
A_PB1	2197	2323	G	0	0	2323	36.7
A_PB1	2198	2120	G	0	0	2120	35.3
A_PB1	2199	2238	A	0	0	2238	37.6
A_PB1	2200	2180	C	0	0	2180	35.7
A_PB1	2201	1925	G	0	0	1925	35.6
A_PB1	2202	2241	G	0	0	2241	34.6
A_PB1	2203	2022	A	0	0	2022	37.3
A_PB1	2204	2190	T	0	0	2190	34.4
A_PB1	2205	2089	T	0	0	2089	35.4
A_PB1	2206	2256	A	0	0	2256	36.2
A_PB1	2207	2022	A	0	0	2022	37.5
A_PB1	2208	2011	G	0	0	2011	35.1
A_PB1	2209	1813	A	0	0	1813	37.0
A_PB1	2210	2134	A	0	0	2134	37.4
A_PB1	2211	1614	G	0	0	1614	34.3
A_PB1	2212	1909	G	0	0	1909	36.8
A_PB1	2213	1746	A	0	0	1746	37.2
A_PB1	2214	1707	G	0	0	1707	37.1
A_PB1	2215	1818	G	0	0	1818	34.0
A_PB1	2216	1885	A	0	0	1885	34.7
A_PB1	2217	1573	G	0	0	1573	35.2
A_PB1	2218	1702	T	0	0	1702	35.5
A_PB1	2219	1785	T	0	0	1785	35.1
A_PB1	2220	1646	T	0	0	1646	37.2
A_PB1	2221	1517	G	0	0	1517	37.1
A_PB1	2222	1531	C	0	0	1531	34.3
A_PB1	2223	1556	T	0	0	1556	37.5
A_PB1	2224	1654	G	0	0	1654	35.7
A_PB1	2225	1553	A	0	0	1553	37.2
A_PB1	2226	1583	G	0	0	1583	34.9
A_PB1	2227	1400	A	0	0	1400	34.6
A_PB1	2228	1482	T	0	0	1482	37.9
A_PB1	2229	1575	C	0	0	1575	36.7
A_PB1	2230	1369	A	0	0	1369	37.7
A_PB1	2231	1267	T	0	0	1267	37.4
A_PB1	2232	1358	G	0	0	1358	36.0
A_PB1	2233	1427	A	0	0	1427	34.7
A_PB1	2234	1176	A	0	0	1176	35.5
A_PB1	2235	1125	G	0	0	1125	38.0
A_PB1	2236	1131	A	0	0	1131	35.2
A_PB1	2237	1127	T	0	0	1127	36.3
A_PB1	2238	1277	C	0	0	1277	36.2
A_PB1	2239	1105	T	0	0	1105	37.2
A_PB1	2240	1122	G	0	0	1122	35.4
A_PB1	2241	1105	T	0	0	1105	37.5
A_PB1	2242	1052	T	0	0	1052	36.9
A_PB1	2243	919	C	0	0	919	36.4
A_PB1	2244	852	C	0	0	852	36.7
A_PB1	2245	949	A	0	0	949	35.1
A_PB1	2246	916	C	0	0	916	37.2
A_PB1	2247	882	C	0	0	882	37.4
A_PB1	2248	807	A	0	0	807	35.0
A_PB1	2249	837	T	0	0	837	37.9
A_PB1	2250	744	T	0	0	744	37.0
A_PB1	2251	808	G	0	0	808	37.0
A_PB1	2252	724	A	0	0	724	35.8
A_PB1	2253	609	A	0	0	609	34.9
A_PB1	2254	570	G	0	0	570	34.3
A_PB1	2255	607	A	0	0	607	36.7
A_PB1	2256	611	G	0	0	611	36.1
A_PB1	2257	588	C	0	0	588	35.2
A_PB1	2258	576	T	0	0	576	34.1
A_PB1	2259	545	C	0	0	545	34.5
A_PB1	2260	440	A	0	0	440	37.6
A_PB1	2261	421	G	0	0	421	37.3
A_PB1	2262	418	A	0	0	418	36.3
A_PB1	2263	354	C	0	0	354	34.3
A_PB1	2264	331	G	0	0	331	37.7
A_PB1	2265	254	G	0	0	254	35.2
A_PB1	2266	281	C	0	0	281	35.3
A_PB1	2267	225	A	0	0	225	37.0
A_PB1	2268	207	G	0	0	207	37.0
A_PB1	2269	162	A	0	0	162	34.3
A_PB1	2270	124	A	0	0	124	35.8
A_PB1	2271	94	A	0	0	94	37.7
A_PB1	2272	69	T	0	0	69	37.7
A_PB1	2273	31	A	0	0	31	34.2
A_PB1	2274	0	G	0	0	0	36.8
