Reference_Name	Position	Coverage Depth	Consensus	Deletions	Ambiguous	Consensus_Count	Consensus_Average_Quality
A_MP	1	3	A	0	0	3	35.2
A_MP	2	7	T	0	0	7	34.2
A_MP	3	8	G	0	0	8	36.8
A_MP	4	12	A	0	0	12	36.6
A_MP	5	15	G	0	0	15	37.0
A_MP	6	19	T	0	0	19	36.3
A_MP	7	21	C	0	0	21	34.2
A_MP	8	24	T	0	0	24	34.0
A_MP	9	26	T	0	0	26	35.0
A_MP	10	33	C	0	0	33	35.4
A_MP	11	31	T	0	0	31	35.5
A_MP	12	34	A	0	0	34	34.6
A_MP	13	37	A	0	0	37	36.2
A_MP	14	38	C	0	0	38	34.7
A_MP	15	43	C	0	0	43	35.2
A_MP	16	44	G	0	0	44	36.5
A_MP	17	46	A	0	0	46	35.5
A_MP	18	46	G	0	0	46	34.8
A_MP	19	54	G	0	0	54	37.3
A_MP	20	55	T	0	0	55	36.2
A_MP	21	56	C	0	0	56	38.0
A_MP	22	62	G	0	0	62	37.3
A_MP	23	61	A	0	0	61	37.9
A_MP	24	62	A	0	0	62	37.7
A_MP	25	66	A	0	0	66	37.8
A_MP	26	61	C	0	0	61	35.5
A_MP	27	68	G	0	0	68	34.4
A_MP	28	77	T	0	0	77	36.9
A_MP	29	69	A	0	0	69	36.6
A_MP	30	75	C	0	0	75	36.3
A_MP	31	80	G	0	0	80	35.3
A_MP	32	77	T	0	0	77	35.1
A_MP	33	89	T	0	0	89	34.5
A_MP	34	86	C	0	0	86	36.6
A_MP	35	79	T	0	0	79	37.3
A_MP	36	89	C	0	0	89	36.9
A_MP	37	87	T	0	0	87	35.8
A_MP	38	86	C	0	0	86	34.1
A_MP	39	96	T	0	0	96	34.4
A_MP	40	94	A	0	0	94	34.5
A_MP	41	91	T	0	0	91	35.0
A_MP	42	102	C	0	0	102	35.4
A_MP	43	95	G	0	0	95	38.0
A_MP	44	101	T	0	0	101	34.6
A_MP	45	97	C	0	0	97	35.2
A_MP	46	104	C	0	0	104	37.0
A_MP	47	105	C	0	0	105	37.3
A_MP	48	110	G	0	0	110	36.5
A_MP	49	105	T	0	0	105	35.0
A_MP	50	105	C	0	0	105	35.0
A_MP	51	122	G	0	0	122	35.5
A_MP	52	131	G	0	0	131	37.5
A_MP	53	120	G	0	0	120	36.1
A_MP	54	112	C	0	0	112	35.3
A_MP	55	120	C	0	0	120	37.3
A_MP	56	130	C	0	0	130	36.5
A_MP	57	138	C	0	0	138	34.1
A_MP	58	151	C	0	0	151	34.2
A_MP	59	128	T	0	0	128	35.3
A_MP	60	133	C	0	0	133	37.1
A_MP	61	140	A	0	0	140	34.1
A_MP	62	131	A	0	0	131	36.3
A_MP	63	128	A	0	0	128	37.1
A_MP	64	149	G	0	0	149	37.9
A_MP	65	145	C	0	0	145	37.7
A_MP	66	139	C	0	0	139	35.8
A_MP	67	148	G	0	0	148	37.4
A_MP	68	151	A	0	0	151	36.7
A_MP	69	139	G	0	0	139	36.6
A_MP	70	134	A	0	0	134	35.2
A_MP	71	143	T	0	0	143	34.2
A_MP	72	136	C	0	0	136	36.0
A_MP	73	154	G	0	0	154	36.7
A_MP	74	144	C	0	0	144	37.3
A_MP	75	155	G	0	0	155	36.6
A_MP	76	143	C	0	0	143	35.2
A_MP	77	139	A	0	0	139	35.6
A_MP	78	142	G	0	0	142	34.6
A_MP	79	139	A	0	0	139	35.7
A_MP	80	142	G	0	0	142	36.1
A_MP	81	168	A	0	0	168	37.8
A_MP	82	148	C	0	0	148	35.5
A_MP	83	152	T	0	0	152	37.7
A_MP	84	158	T	0	0	158	34.4
A_MP	85	156	G	0	0	156	35.7
A_MP	86	155	A	0	0	155	36.5
A_MP	87	137	A	0	0	137	35.9
A_MP	88	150	G	0	0	150	36.2
A_MP	89	172	A	0	0	172	35.0
A_MP	90	152	T	0	0	152	35.2
A_MP	91	195	G	0	0	195	37.7
A_MP	92	156	T	0	0	156	37.8
A_MP	93	155	C	0	0	155	37.2
A_MP	94	172	T	0	0	172	36.8
A_MP	95	192	T	0	0	192	37.5
A_MP	96	159	T	0	0	159	35.2
A_MP	97	152	G	0	0	152	36.8
A_MP	98	162	C	0	0	162	37.5
A_MP	99	168	A	0	0	168	35.6
A_MP	100	147	G	0	0	147	34.3
A_MP	101	178	G	0	0	178	37.0
A_MP	102	156	G	0	0	156	35.7
A_MP	103	177	A	0	0	177	35.9
A_MP	104	161	A	0	0	161	35.9
A_MP	105	191	G	0	0	191	36.2
A_MP	106	162	A	0	0	162	35.9
A_MP	107	165	A	0	0	165	36.1
A_MP	108	166	C	0	0	166	37.4
A_MP	109	157	A	0	0	157	35.3
A_MP	110	168	C	0	0	168	36.0
A_MP	111	178	C	0	0	178	34.2
A_MP	112	167	G	0	0	167	35.2
A_MP	113	181	A	0	0	181	35.3
A_MP	114	164	T	0	0	164	35.9
A_MP	115	198	C	0	0	198	35.3
A_MP	116	160	T	0	0	160	36.0
A_MP	117	161	T	0	0	161	35.7
A_MP	118	174	G	0	0	174	34.9
A_MP	119	169	A	0	0	169	34.7
A_MP	120	164	G	0	0	164	36.9
A_MP	121	191	G	0	0	191	36.3
A_MP	122	170	C	0	0	170	34.3
A_MP	123	161	T	0	0	161	36.2
A_MP	124	164	C	0	0	164	34.1
A_MP	125	146	T	0	0	146	36.2
A_MP	126	163	C	0	0	163	35.3
A_MP	127	178	A	0	0	178	35.9
A_MP	128	171	T	0	0	171	34.9
A_MP	129	169	G	0	0	169	37.9
A_MP	130	174	G	0	0	174	35.4
A_MP	131	172	A	0	0	172	35.8
A_MP	132	174	A	0	0	174	37.7
A_MP	133	177	T	0	0	177	35.0
A_MP	134	176	G	0	0	176	37.9
A_MP	135	158	G	0	0	158	36.9
A_MP	136	152	C	0	0	152	35.7
A_MP	137	174	T	0	0	174	36.9
A_MP	138	181	A	0	0	181	36.4
A_MP	139	178	A	0	0	178	34.8
A_MP	140	142	A	0	0	142	34.5
A_MP	141	171	G	0	0	171	37.7
A_MP	142	166	A	0	0	166	34.4
A_MP	143	167	C	0	0	167	35.5
A_MP	144	143	A	0	0	143	35.7
A_MP	145	153	A	0	0	153	36.0
A_MP	146	156	G	0	0	156	36.5
A_MP	147	162	A	0	0	162	36.2
A_MP	148	151	C	0	0	151	34.2
A_MP	149	148	C	0	0	148	35.2
A_MP	150	156	A	0	0	156	35.1
A_MP	151	138	A	0	0	138	37.5
A_MP	152	162	T	0	0	162	36.3
A_MP	153	148	C	0	0	148	35.2
A_MP	154	153	C	0	0	153	36.4
A_MP	155	152	T	0	0	152	35.4
A_MP	156	165	G	0	0	165	37.6
A_MP	157	152	T	0	0	152	34.4
A_MP	158	145	C	0	0	145	34.6
A_MP	159	148	A	0	0	148	35.1
A_MP	160	148	C	0	0	148	34.2
A_MP	161	150	C	0	0	150	35.7
A_MP	162	166	T	0	0	166	34.1
A_MP	163	147	C	0	0	147	37.4
A_MP	164	152	T	0	0	152	35.7
A_MP	165	135	G	0	0	135	35.9
A_MP	166	143	A	0	0	143	35.7
A_MP	167	147	C	0	0	147	34.9
A_MP	168	146	T	0	0	146	37.4
A_MP	169	169	A	0	0	169	37.9
A_MP	170	148	A	0	0	148	35.6
A_MP	171	166	G	0	0	166	34.1
A_MP	172	164	G	0	0	164	35.1
A_MP	173	145	G	0	0	145	35.1
A_MP	174	155	G	0	0	155	35.1
A_MP	175	145	A	0	0	145	37.7
A_MP	176	160	T	0	0	160	34.4
A_MP	177	158	T	0	0	158	36.4
A_MP	178	158	T	0	0	158	36.2
A_MP	179	149	T	0	0	149	35.1
A_MP	180	147	G	0	0	147	37.7
A_MP	181	162	G	0	0	162	37.8
A_MP	182	154	G	0	0	154	37.3
A_MP	183	163	A	0	0	163	34.7
A_MP	184	169	T	0	0	169	34.9
A_MP	185	160	T	0	0	160	35.0
A_MP	186	167	T	0	0	167	34.8
A_MP	187	160	G	0	0	160	34.0
A_MP	188	174	T	0	0	174	36.1
A_MP	189	164	G	0	0	164	34.3
A_MP	190	147	T	0	0	147	35.4
A_MP	191	173	T	0	0	173	34.7
A_MP	192	177	C	0	0	177	35.7
A_MP	193	178	A	0	0	178	34.1
A_MP	194	165	C	0	0	165	34.5
A_MP	195	155	G	0	0	155	35.3
A_MP	196	190	C	0	0	190	37.1
A_MP	197	170	T	0	0	170	37.8
A_MP	198	184	C	0	0	184	37.8
A_MP	199	164	A	0	0	164	37.2
A_MP	200	171	C	0	0	171	34.9
A_MP	201	181	C	0	0	181	35.6
A_MP	202	206	G	0	0	206	36.7
A_MP	203	206	T	0	0	206	35.2
A_MP	204	197	G	0	0	197	37.4
A_MP	205	198	C	0	0	198	34.5
A_MP	206	182	C	0	0	182	36.7
A_MP	207	179	C	0	0	179	34.5
A_MP	208	190	A	0	0	190	36.5
A_MP	209	199	G	0	0	199	37.7
A_MP	210	226	T	0	0	226	36.6
A_MP	211	210	G	0	0	210	37.1
A_MP	212	215	A	0	0	215	34.9
A_MP	213	185	G	0	0	185	34.1
A_MP	214	202	C	0	0	202	34.0
A_MP	215	197	G	0	0	197	37.1
A_MP	216	228	A	0	0	228	35.3
A_MP	217	219	G	0	0	219	34.4
A_MP	218	199	G	0	0	199	34.9
A_MP	219	219	A	0	0	219	36.9
A_MP	220	224	C	0	0	224	35.1
A_MP	221	235	T	0	0	235	34.6
A_MP	222	236	G	0	0	236	37.4
A_MP	223	214	C	0	0	214	37.1
A_MP	224	200	A	0	0	200	34.2
A_MP	225	213	G	0	0	213	36.4
A_MP	226	235	C	0	0	235	36.0
A_MP	227	232	G	0	0	232	34.5
A_MP	228	237	T	0	0	237	36.8
A_MP	229	242	A	0	0	242	34.1
A_MP	230	234	G	0	0	234	34.3
A_MP	231	229	A	0	0	229	37.7
A_MP	232	232	C	0	0	232	34.4
A_MP	233	239	G	0	0	239	35.3
A_MP	234	231	C	0	0	231	34.9
A_MP	235	203	T	0	0	203	34.6
A_MP	236	233	T	0	0	233	35.4
A_MP	237	237	T	0	0	237	35.5
A_MP	238	218	G	0	0	218	34.2
A_MP	239	238	T	0	0	238	35.6
A_MP	240	231	C	0	0	231	38.0
A_MP	241	261	C	0	0	261	34.4
A_MP	242	232	A	0	0	232	36.6
A_MP	243	254	A	0	0	254	35.7
A_MP	244	253	A	0	0	253	36.7
A_MP	245	250	A	0	0	250	37.0
A_MP	246	269	T	0	0	269	37.6
A_MP	247	244	G	0	0	244	36.9
A_MP	248	267	C	0	0	267	36.1
A_MP	249	225	T	0	0	225	37.3
A_MP	250	233	C	0	0	233	37.2
A_MP	251	216	T	0	0	216	36.1
A_MP	252	251	A	0	0	251	37.3
A_MP	253	238	A	0	0	238	35.6
A_MP	254	246	G	0	0	246	35.3
A_MP	255	287	T	0	0	287	37.0
A_MP	256	237	G	0	0	237	37.6
A_MP	257	253	G	0	0	253	36.8
A_MP	258	253	A	0	0	253	34.5
A_MP	259	253	A	0	0	253	35.2
A_MP	260	245	A	0	0	245	35.2
A_MP	261	274	T	0	0	274	35.1
A_MP	262	251	G	0	0	251	36.2
A_MP	263	247	G	0	0	247	37.9
A_MP	264	249	A	0	0	249	37.2
A_MP	265	234	G	0	0	234	35.9
A_MP	266	249	A	0	0	249	35.7
A_MP	267	257	C	0	0	257	35.2
A_MP	268	228	C	0	0	228	35.2
A_MP	269	222	C	0	0	222	37.8
A_MP	270	234	A	0	0	234	37.7
A_MP	271	254	A	0	0	254	34.6
A_MP	272	238	A	0	0	238	37.0
A_MP	273	216	C	0	0	216	35.0
A_MP	274	233	A	0	0	233	34.6
A_MP	275	236	A	0	0	236	35.7
A_MP	276	246	C	0	0	246	36.3
A_MP	277	244	A	0	0	244	34.0
A_MP	278	228	T	0	0	228	35.5
A_MP	279	246	G	0	0	246	35.7
A_MP	280	218	G	0	0	218	37.2
A_MP	281	244	A	0	0	244	35.4
A_MP	282	213	C	0	0	213	37.6
A_MP	283	211	A	0	0	211	37.8
A_MP	284	229	G	0	0	229	34.7
A_MP	285	223	G	0	0	223	37.4
A_MP	286	214	G	0	0	214	35.5
A_MP	287	224	C	0	0	224	36.5
A_MP	288	203	A	0	0	203	34.8
A_MP	289	217	G	0	0	217	36.2
A_MP	290	227	T	0	0	227	37.3
A_MP	291	210	C	0	0	210	36.7
A_MP	292	216	A	0	0	216	37.0
A_MP	293	205	A	0	0	205	36.3
A_MP	294	198	G	0	0	198	36.0
A_MP	295	198	T	0	0	198	34.5
A_MP	296	196	T	0	0	196	37.0
A_MP	297	210	G	0	0	210	36.6
A_MP	298	194	T	0	0	194	36.9
A_MP	299	212	A	0	0	212	37.2
A_MP	300	187	C	0	0	187	34.3
A_MP	301	185	A	0	0	185	35.1
A_MP	302	202	G	0	0	202	36.6
A_MP	303	177	G	0	0	177	36.7
A_MP	304	202	A	0	0	202	36.0
A_MP	305	188	A	0	0	188	35.9
A_MP	306	171	A	0	0	171	34.8
A_MP	307	182	C	0	0	182	35.0
A_MP	308	182	T	0	0	182	36.9
A_MP	309	184	G	0	0	184	34.4
A_MP	310	188	A	0	0	188	36.2
A_MP	311	177	A	0	0	177	35.3
A_MP	312	169	G	0	0	169	34.2
A_MP	313	172	A	0	0	172	36.5
A_MP	314	165	G	0	0	165	34.3
A_MP	315	188	A	0	0	188	35.6
A_MP	316	167	G	0	0	167	37.8
A_MP	317	177	A	0	0	177	35.8
A_MP	318	199	G	0	0	199	35.4
A_MP	319	171	A	0	0	171	37.7
A_MP	320	168	T	0	0	168	37.3
A_MP	321	173	A	0	0	173	34.1
A_MP	322	154	A	0	0	154	34.2
A_MP	323	167	C	0	0	167	36.6
A_MP	324	188	A	0	0	188	36.5
A_MP	325	160	T	0	0	160	37.4
A_MP	326	172	T	0	0	172	36.2
A_MP	327	174	C	0	0	174	36.5
A_MP	328	184	C	0	0	184	34.8
A_MP	329	182	A	0	0	182	35.6
A_MP	330	176	T	0	0	176	36.9
A_MP	331	175	G	0	0	175	36.2
A_MP	332	174	G	0	0	174	36.9
A_MP	333	175	G	0	0	175	37.3
A_MP	334	172	G	0	0	172	36.7
A_MP	335	166	C	0	0	166	36.1
A_MP	336	183	T	0	0	183	35.0
A_MP	337	161	A	0	0	161	34.6
A_MP	338	151	A	0	0	151	37.6
A_MP	339	174	A	0	0	174	34.0
A_MP	340	176	G	0	0	176	36.0
A_MP	341	161	A	0	0	161	34.3
A_MP	342	166	A	0	0	166	35.1
A_MP	343	165	G	0	0	165	35.2
A_MP	344	169	T	0	0	169	35.1
A_MP	345	165	T	0	0	165	35.5
A_MP	346	178	G	0	0	178	35.3
A_MP	347	176	C	0	0	176	34.9
A_MP	348	173	A	0	0	173	34.1
A_MP	349	173	C	0	0	173	37.6
A_MP	350	181	T	0	0	181	36.7
A_MP	351	169	C	0	0	169	35.1
A_MP	352	158	A	0	0	158	36.3
A_MP	353	179	G	0	0	179	37.7
A_MP	354	167	T	0	0	167	34.3
A_MP	355	163	T	0	0	163	35.3
A_MP	356	170	A	0	0	170	35.7
A_MP	357	175	C	0	0	175	34.1
A_MP	358	176	T	0	0	176	34.2
A_MP	359	158	C	0	0	158	36.7
A_MP	360	179	A	0	0	179	37.8
A_MP	361	175	A	0	0	175	36.5
A_MP	362	183	C	0	0	183	34.7
A_MP	363	171	C	0	0	171	35.4
A_MP	364	179	G	0	0	179	35.9
A_MP	365	167	G	0	0	167	37.2
A_MP	366	172	T	0	0	172	36.0
A_MP	367	195	G	0	0	195	37.0
A_MP	368	181	C	0	0	181	35.3
A_MP	369	172	A	0	0	172	35.4
A_MP	370	168	C	0	0	168	35.3
A_MP	371	158	T	0	0	158	36.1
A_MP	372	190	T	0	0	190	37.7
A_MP	373	166	G	0	0	166	36.2
A_MP	374	195	C	0	0	195	34.5
A_MP	375	178	C	0	0	178	35.1
A_MP	376	170	A	0	0	170	35.0
A_MP	377	165	G	0	0	165	34.5
A_MP	378	169	T	0	0	169	34.5
A_MP	379	162	T	0	0	162	36.3
A_MP	380	176	G	0	0	176	37.8
A_MP	381	179	T	0	0	179	34.2
A_MP	382	178	A	0	0	178	36.0
A_MP	383	196	T	0	0	196	34.4
A_MP	384	172	G	0	0	172	37.0
A_MP	385	173	G	0	0	173	36.2
A_MP	386	166	G	0	0	166	34.1
A_MP	387	174	T	0	0	174	37.9
A_MP	388	183	C	0	0	183	34.3
A_MP	389	174	T	0	0	174	35.4
A_MP	390	182	C	0	0	182	35.9
A_MP	391	189	A	0	0	189	35.4
A_MP	392	177	T	0	0	177	34.6
A_MP	393	186	A	0	0	186	37.1
A_MP	394	167	T	0	0	167	37.1
A_MP	395	170	A	0	0	170	36.9
A_MP	396	174	C	0	0	174	35.6
A_MP	397	177	A	0	0	177	35.9
A_MP	398	170	A	0	0	170	35.4
A_MP	399	166	C	0	0	166	34.6
A_MP	400	165	A	0	0	165	37.9
A_MP	401	177	G	0	0	177	37.7
A_MP	402	155	G	0	0	155	34.7
A_MP	403	167	A	0	0	167	37.3
A_MP	404	160	T	0	0	160	34.3
A_MP	405	175	G	0	0	175	34.0
A_MP	406	154	G	0	0	154	34.8
A_MP	407	171	G	0	0	171	37.6
A_MP	408	155	G	0	0	155	36.9
A_MP	409	149	A	0	0	149	34.3
A_MP	410	154	C	0	0	154	37.9
A_MP	411	163	G	0	0	163	35.9
A_MP	412	169	G	0	0	169	35.7
A_MP	413	147	T	0	0	147	36.2
A_MP	414	163	G	0	0	163	34.4
A_MP	415	146	A	0	0	146	35.9
A_MP	416	154	C	0	0	154	35.5
A_MP	417	129	C	0	0	129	34.8
A_MP	418	152	G	0	0	152	35.4
A_MP	419	165	C	0	0	165	35.4
A_MP	420	150	A	0	0	150	37.6
A_MP	421	139	G	0	0	139	35.3
A_MP	422	155	A	0	0	155	37.8
A_MP	423	165	A	0	0	165	35.0
A_MP	424	158	G	0	0	158	36.7
A_MP	425	133	T	0	0	133	35.1
A_MP	426	138	G	0	0	138	35.5
A_MP	427	144	G	0	0	144	37.6
A_MP	428	147	C	0	0	147	37.8
A_MP	429	130	A	0	0	130	36.6
A_MP	430	131	T	0	0	131	34.2
A_MP	431	124	T	0	0	124	35.8
A_MP	432	136	G	0	0	136	36.1
A_MP	433	137	G	0	0	137	35.9
A_MP	434	131	G	0	0	131	34.1
A_MP	435	140	C	0	0	140	36.2
A_MP	436	138	C	0	0	138	35.9
A_MP	437	141	T	0	0	141	34.3
A_MP	438	133	A	0	0	133	37.5
A_MP	439	133	G	0	0	133	35.7
A_MP	440	134	T	0	0	134	36.6
A_MP	441	123	G	0	0	123	34.3
A_MP	442	139	T	0	0	139	35.7
A_MP	443	135	G	0	0	135	34.0
A_MP	444	131	T	0	0	131	34.5
A_MP	445	127	G	0	0	127	36.8
A_MP	446	124	C	0	0	124	35.3
A_MP	447	126	C	0	0	126	34.7
A_MP	448	121	A	0	0	121	37.3
A_MP	449	115	C	0	0	115	34.6
A_MP	450	133	C	0	0	133	34.1
A_MP	451	125	T	0	0	125	34.9
A_MP	452	123	G	0	0	123	37.7
A_MP	453	128	T	0	0	128	37.2
A_MP	454	121	G	0	0	121	37.8
A_MP	455	127	A	0	0	127	36.1
A_MP	456	118	G	0	0	118	34.4
A_MP	457	121	C	0	0	121	38.0
A_MP	458	110	A	0	0	110	35.1
A_MP	459	131	G	0	0	131	35.2
A_MP	460	115	A	0	0	115	35.1
A_MP	461	124	T	0	0	124	34.2
A_MP	462	113	T	0	0	113	34.8
A_MP	463	129	G	0	0	129	37.0
A_MP	464	139	C	0	0	139	36.0
A_MP	465	120	T	0	0	120	34.0
A_MP	466	137	G	0	0	137	35.3
A_MP	467	119	A	0	0	119	37.5
A_MP	468	138	T	0	0	138	37.5
A_MP	469	121	T	0	0	121	34.7
A_MP	470	136	C	0	0	136	36.2
A_MP	471	148	A	0	0	148	37.8
A_MP	472	143	C	0	0	143	36.9
A_MP	473	124	A	0	0	124	35.6
A_MP	474	130	G	0	0	130	35.4
A_MP	475	135	C	0	0	135	37.7
A_MP	476	133	A	0	0	133	37.5
A_MP	477	147	T	0	0	147	36.5
A_MP	478	160	C	0	0	160	35.6
A_MP	479	139	G	0	0	139	36.7
A_MP	480	153	G	0	0	153	37.3
A_MP	481	157	T	0	0	157	37.8
A_MP	482	163	C	0	0	163	37.1
A_MP	483	144	T	0	0	144	35.2
A_MP	484	152	C	0	0	152	36.2
A_MP	485	151	A	0	0	151	37.6
A_MP	486	159	C	0	0	159	36.8
A_MP	487	142	A	0	0	142	35.3
A_MP	488	154	G	0	0	154	34.0
A_MP	489	154	A	0	0	154	37.1
A_MP	490	169	C	0	0	169	34.7
A_MP	491	175	A	0	0	175	36.1
A_MP	492	154	G	0	0	154	36.3
A_MP	493	178	A	0	0	178	37.4
A_MP	494	184	T	0	0	184	36.9
A_MP	495	174	A	0	0	174	35.6
A_MP	496	174	G	0	0	174	36.2
A_MP	497	158	C	0	0	158	36.0
A_MP	498	188	T	0	0	188	34.2
A_MP	499	177	A	0	0	177	36.3
A_MP	500	192	C	0	0	192	36.8
A_MP	501	180	C	0	0	180	36.3
A_MP	502	195	A	0	0	195	37.3
A_MP	503	192	C	0	0	192	34.5
A_MP	504	186	C	0	0	186	34.8
A_MP	505	189	A	0	0	189	35.0
A_MP	506	185	C	0	0	185	34.4
A_MP	507	221	C	0	0	221	35.8
A_MP	508	186	A	0	0	186	34.5
A_MP	509	205	A	0	0	205	34.2
A_MP	510	198	C	0	0	198	34.8
A_MP	511	206	C	0	0	206	35.9
A_MP	512	196	C	0	0	196	37.5
A_MP	513	212	A	0	0	212	34.8
A_MP	514	212	C	0	0	212	36.8
A_MP	515	203	T	0	0	203	36.1
A_MP	516	206	G	0	0	206	37.8
A_MP	517	216	A	0	0	216	37.2
A_MP	518	205	T	0	0	205	37.9
A_MP	519	227	C	0	0	227	35.2
A_MP	520	191	A	0	0	191	37.5
A_MP	521	212	G	0	0	212	34.7
A_MP	522	216	A	0	0	216	34.9
A_MP	523	198	C	0	0	198	34.5
A_MP	524	199	A	0	0	199	37.6
A_MP	525	226	T	0	0	226	37.4
A_MP	526	221	G	0	0	221	34.3
A_MP	527	237	A	0	0	237	34.4
A_MP	528	240	A	0	0	240	37.5
A_MP	529	225	A	0	0	225	37.2
A_MP	530	229	A	0	0	229	37.2
A_MP	531	219	C	0	0	219	35.4
A_MP	532	222	A	0	0	222	36.4
A_MP	533	216	G	0	0	216	34.8
A_MP	534	224	A	0	0	224	35.0
A_MP	535	217	A	0	0	217	36.0
A_MP	536	233	T	0	0	233	37.1
A_MP	537	224	G	0	0	224	34.4
A_MP	538	236	G	0	0	236	35.1
A_MP	539	224	T	0	0	224	35.9
A_MP	540	235	T	0	0	235	35.0
A_MP	541	213	T	0	0	213	35.7
A_MP	542	239	T	0	0	239	35.1
A_MP	543	244	G	0	0	244	34.6
A_MP	544	222	G	0	0	222	35.9
A_MP	545	225	C	0	0	225	35.1
A_MP	546	221	C	0	0	221	36.8
A_MP	547	207	A	0	0	207	37.8
A_MP	548	253	G	0	0	253	34.7
A_MP	549	214	T	0	0	214	34.5
A_MP	550	229	A	0	0	229	36.9
A_MP	551	205	C	0	0	205	35.2
A_MP	552	228	T	0	0	228	37.2
A_MP	553	237	A	0	0	237	35.7
A_MP	554	228	C	0	0	228	34.8
A_MP	555	249	A	0	0	249	35.5
A_MP	556	204	G	0	0	204	34.3
A_MP	557	211	C	0	0	211	35.4
A_MP	558	229	T	0	0	229	34.5
A_MP	559	197	A	0	0	197	34.3
A_MP	560	233	A	0	0	233	37.8
A_MP	561	218	G	0	0	218	34.3
A_MP	562	215	G	0	0	215	36.6
A_MP	563	219	C	0	0	219	35.5
A_MP	564	234	T	0	0	234	37.3
A_MP	565	219	A	0	0	219	35.8
A_MP	566	219	T	0	0	219	36.2
A_MP	567	208	G	0	0	208	36.2
A_MP	568	220	G	0	0	220	36.3
A_MP	569	213	A	0	0	213	34.4
A_MP	570	214	G	0	0	214	34.8
A_MP	571	210	C	0	0	210	35.1
A_MP	572	225	A	0	0	225	37.6
A_MP	573	223	G	0	0	223	35.6
A_MP	574	224	A	0	0	224	35.8
A_MP	575	214	T	0	0	214	34.7
A_MP	576	204	G	0	0	204	35.4
A_MP	577	218	G	0	0	218	34.4
A_MP	578	221	C	0	0	221	37.6
A_MP	579	220	T	0	0	220	34.9
A_MP	580	209	G	0	0	209	35.1
A_MP	581	185	G	0	0	185	34.9
A_MP	582	182	A	0	0	182	35.3
A_MP	583	197	T	0	0	197	35.9
A_MP	584	190	C	0	0	190	37.3
A_MP	585	206	G	0	0	206	36.5
A_MP	586	188	A	0	0	188	37.3
A_MP	587	192	G	0	0	192	37.9
A_MP	588	208	T	0	0	208	36.9
A_MP	589	216	G	0	0	216	34.6
A_MP	590	195	A	0	0	195	37.9
A_MP	591	205	G	0	0	205	35.1
A_MP	592	210	C	0	0	210	35.2
A_MP	593	209	A	0	0	209	34.4
A_MP	594	202	A	0	0	202	36.5
A_MP	595	180	G	0	0	180	36.1
A_MP	596	175	C	0	0	175	37.1
A_MP	597	188	A	0	0	188	36.0
A_MP	598	193	G	0	0	193	35.5
A_MP	599	179	T	0	0	179	37.3
A_MP	600	180	G	0	0	180	37.2
A_MP	601	180	G	0	0	180	35.7
A_MP	602	177	A	0	0	177	34.5
A_MP	603	194	A	0	0	194	36.0
A_MP	604	192	G	0	0	192	37.5
A_MP	605	187	C	0	0	187	37.1
A_MP	606	214	C	0	0	214	37.9
A_MP	607	219	A	0	0	219	36.2
A_MP	608	200	T	0	0	200	36.9
A_MP	609	209	G	0	0	209	35.6
A_MP	610	179	G	0	0	179	37.9
A_MP	611	206	A	0	0	206	36.1
A_MP	612	182	G	0	0	182	34.5
A_MP	613	210	G	0	0	210	34.1
A_MP	614	186	T	0	0	186	36.0
A_MP	615	192	T	0	0	192	34.3
A_MP	616	189	G	0	0	189	36.5
A_MP	617	188	C	0	0	188	37.4
A_MP	618	191	T	0	0	191	36.0
A_MP	619	200	A	0	0	200	37.5
A_MP	620	195	G	0	0	195	35.2
A_MP	621	195	T	0	0	195	37.3
A_MP	622	185	C	0	0	185	35.8
A_MP	623	188	A	0	0	188	34.4
A_MP	624	188	G	0	0	188	34.3
A_MP	625	206	G	0	0	206	35.2
A_MP	626	203	C	0	0	203	34.0
A_MP	627	208	T	0	0	208	37.4
A_MP	628	181	A	0	0	181	36.6
A_MP	629	188	G	0	0	188	36.0
A_MP	630	217	G	0	0	217	34.8
A_MP	631	190	C	0	0	190	37.1
A_MP	632	192	A	0	0	192	36.2
A_MP	633	233	G	0	0	233	35.0
A_MP	634	209	A	0	0	209	37.6
A_MP	635	214	T	0	0	214	35.8
A_MP	636	208	G	0	0	208	37.7
A_MP	637	175	G	0	0	175	37.6
A_MP	638	226	T	0	0	226	37.2
A_MP	639	190	G	0	0	190	36.4
A_MP	640	220	C	0	0	220	34.5
A_MP	641	206	A	0	0	206	37.7
A_MP	642	208	G	0	0	208	34.0
A_MP	643	207	G	0	0	207	34.8
A_MP	644	230	C	0	0	230	36.7
A_MP	645	192	G	0	0	192	34.5
A_MP	646	217	A	0	0	217	34.8
A_MP	647	215	T	0	0	215	34.2
A_MP	648	205	G	0	0	205	36.6
A_MP	649	196	A	0	0	196	35.5
A_MP	650	213	G	0	0	213	35.9
A_MP	651	215	G	0	0	215	36.1
A_MP	652	213	A	0	0	213	36.1
A_MP	653	210	C	0	0	210	36.5
A_MP	654	198	C	0	0	198	34.3
A_MP	655	219	A	0	0	219	37.3
A_MP	656	232	T	0	0	232	36.6
A_MP	657	216	T	0	0	216	35.4
A_MP	658	220	G	0	0	220	36.3
A_MP	659	210	G	0	0	210	36.7
A_MP	660	193	A	0	0	193	37.8
A_MP	661	214	A	0	0	214	37.0
A_MP	662	225	C	0	0	225	37.8
A_MP	663	209	T	0	0	209	35.9
A_MP	664	195	C	0	0	195	34.5
A_MP	665	225	A	0	0	225	36.1
A_MP	666	191	T	0	0	191	36.8
A_MP	667	223	C	0	0	223	35.5
A_MP	668	208	C	0	0	208	35.8
A_MP	669	189	T	0	0	189	35.4
A_MP	670	217	A	0	0	217	36.3
A_MP	671	218	G	0	0	218	37.0
A_MP	672	199	C	0	0	199	34.9
A_MP	673	220	T	0	0	220	36.3
A_MP	674	208	C	0	0	208	35.0
A_MP	675	195	C	0	0	195	37.6
A_MP	676	206	A	0	0	206	34.1
A_MP	677	202	G	0	0	202	37.0
A_MP	678	194	T	0	0	194	35.8
A_MP	679	201	G	0	0	201	34.3
A_MP	680	172	C	0	0	172	36.5
A_MP	681	213	C	0	0	213	36.4
A_MP	682	183	G	0	0	183	34.3
A_MP	683	185	G	0	0	185	34.5
A_MP	684	168	T	0	0	168	34.6
A_MP	685	190	C	0	0	190	34.3
A_MP	686	185	T	0	0	185	37.7
A_MP	687	181	G	0	0	181	36.3
A_MP	688	179	A	0	0	179	36.4
A_MP	689	192	G	0	0	192	37.2
A_MP	690	183	A	0	0	183	37.0
A_MP	691	168	G	0	0	168	37.6
A_MP	692	173	A	0	0	173	34.8
A_MP	693	173	T	0	0	173	35.5
A_MP	694	198	G	0	0	198	37.4
A_MP	695	185	A	0	0	185	37.9
A_MP	696	160	T	0	0	160	35.7
A_MP	697	162	C	0	0	162	37.6
A_MP	698	167	T	0	0	167	35.3
A_MP	699	157	C	0	0	157	34.1
A_MP	700	175	C	0	0	175	36.1
A_MP	701	161	T	0	0	161	35.7
A_MP	702	165	T	0	0	165	35.3
A_MP	703	152	G	0	0	152	35.2
A_MP	704	169	A	0	0	169	35.0
A_MP	705	156	A	0	0	156	37.5
A_MP	706	134	A	0	0	134	35.8
A_MP	707	156	A	0	0	156	34.3
A_MP	708	144	T	0	0	144	35.3
A_MP	709	151	T	0	0	151	37.9
A_MP	710	149	T	0	0	149	34.2
A_MP	711	135	G	0	0	135	34.5
A_MP	712	156	C	0	0	156	36.0
A_MP	713	141	A	0	0	141	38.0
A_MP	714	135	G	0	0	135	35.9
A_MP	715	143	G	0	0	143	36.5
A_MP	716	124	C	0	0	124	34.5
A_MP	717	134	C	0	0	134	36.2
A_MP	718	147	T	0	0	147	37.7
A_MP	719	138	A	0	0	138	35.3
A_MP	720	121	C	0	0	121	35.1
A_MP	721	135	C	0	0	135	36.2
A_MP	722	134	A	0	0	134	35.3
A_MP	723	125	A	0	0	125	34.9
A_MP	724	126	A	0	0	126	36.2
A_MP	725	125	A	0	0	125	36.7
A_MP	726	124	A	0	0	124	34.2
A_MP	727	133	C	0	0	133	37.8
A_MP	728	124	G	0	0	124	35.0
A_MP	729	117	G	0	0	117	36.9
A_MP	730	127	A	0	0	127	36.0
A_MP	731	122	T	0	0	122	37.0
A_MP	732	120	G	0	0	120	37.2
A_MP	733	112	G	0	0	112	37.5
A_MP	734	115	G	0	0	115	36.7
A_MP	735	115	A	0	0	115	34.1
A_MP	736	119	G	0	0	119	34.1
A_MP	737	128	T	0	0	128	36.0
A_MP	738	113	G	0	0	113	34.6
A_MP	739	115	C	0	0	115	34.1
A_MP	740	120	A	0	0	120	34.6
A_MP	741	123	A	0	0	123	35.6
A_MP	742	115	C	0	0	115	37.2
A_MP	743	122	T	0	0	122	35.0
A_MP	744	113	G	0	0	113	35.6
A_MP	745	123	C	0	0	123	35.5
A_MP	746	121	A	0	0	121	35.4
A_MP	747	126	G	0	0	126	35.4
A_MP	748	126	C	0	0	126	35.3
A_MP	749	113	G	0	0	113	35.1
A_MP	750	125	A	0	0	125	35.8
A_MP	751	124	T	0	0	124	34.5
A_MP	752	115	T	0	0	115	37.5
A_MP	753	116	C	0	0	116	36.5
A_MP	754	122	A	0	0	122	35.9
A_MP	755	120	A	0	0	120	36.1
A_MP	756	118	G	0	0	118	37.6
A_MP	757	118	T	0	0	118	35.5
A_MP	758	123	G	0	0	123	35.6
A_MP	759	125	A	0	0	125	34.8
A_MP	760	133	T	0	0	133	38.0
A_MP	761	136	C	0	0	136	37.2
A_MP	762	110	C	0	0	110	35.7
A_MP	763	121	T	0	0	121	36.2
A_MP	764	133	C	0	0	133	36.3
A_MP	765	135	T	0	0	135	35.2
A_MP	766	133	C	0	0	133	36.2
A_MP	767	129	G	0	0	129	37.0
A_MP	768	154	T	0	0	154	37.4
A_MP	769	139	T	0	0	139	38.0
A_MP	770	121	A	0	0	121	36.4
A_MP	771	134	T	0	0	134	35.5
A_MP	772	141	T	0	0	141	36.3
A_MP	773	137	G	0	0	137	37.6
A_MP	774	146	C	0	0	146	35.1
A_MP	775	155	C	0	0	155	37.5
A_MP	776	149	G	0	0	149	34.3
A_MP	777	153	C	0	0	153	34.4
A_MP	778	143	A	0	0	143	37.6
A_MP	779	147	A	0	0	147	36.3
A_MP	780	155	G	0	0	155	34.1
A_MP	781	141	T	0	0	141	34.1
A_MP	782	152	A	0	0	152	35.7
A_MP	783	154	T	0	0	154	35.5
A_MP	784	165	C	0	0	165	35.5
A_MP	785	150	A	0	0	150	37.9
A_MP	786	156	T	0	0	156	34.3
A_MP	787	162	T	0	0	162	36.1
A_MP	788	147	G	0	0	147	36.3
A_MP	789	161	G	0	0	161	35.0
A_MP	790	161	G	0	0	161	35.0
A_MP	791	174	A	0	0	174	36.1
A_MP	792	160	T	0	0	160	37.4
A_MP	793	156	C	0	0	156	38.0
A_MP	794	182	T	0	0	182	36.6
A_MP	795	166	T	0	0	166	34.0
A_MP	796	187	G	0	0	187	34.8
A_MP	797	192	C	0	0	192	37.1
A_MP	798	174	A	0	0	174	36.0
A_MP	799	171	C	0	0	171	34.1
A_MP	800	163	T	0	0	163	34.1
A_MP	801	180	T	0	0	180	38.0
A_MP	802	177	G	0	0	177	35.0
A_MP	803	186	A	0	0	186	34.7
A_MP	804	194	T	0	0	194	35.6
A_MP	805	188	A	0	0	188	34.1
A_MP	806	192	T	0	0	192	34.3
A_MP	807	191	T	0	0	191	36.5
A_MP	808	196	G	0	0	196	35.4
A_MP	809	178	T	0	0	178	34.2
A_MP	810	197	G	0	0	197	37.7
A_MP	811	194	G	0	0	194	34.1
A_MP	812	160	A	0	0	160	35.2
A_MP	813	196	T	0	0	196	37.5
A_MP	814	191	T	0	0	191	36.6
A_MP	815	199	C	0	0	199	36.4
A_MP	816	187	T	0	0	187	34.1
A_MP	817	190	T	0	0	190	35.6
A_MP	818	199	G	0	0	199	36.0
A_MP	819	183	A	0	0	183	37.0
A_MP	820	201	T	0	0	201	35.7
A_MP	821	195	C	0	0	195	36.8
A_MP	822	226	G	0	0	226	35.9
A_MP	823	200	C	0	0	200	36.7
A_MP	824	204	C	0	0	204	35.1
A_MP	825	185	T	0	0	185	35.8
A_MP	826	212	T	0	0	212	37.6
A_MP	827	201	T	0	0	201	37.9
A_MP	828	167	T	0	0	167	36.0
A_MP	829	176	C	0	0	176	35.9
A_MP	830	198	T	0	0	198	35.7
A_MP	831	178	T	0	0	178	36.4
A_MP	832	170	C	0	0	170	36.6
A_MP	833	199	A	0	0	199	37.2
A_MP	834	193	A	0	0	193	35.5
A_MP	835	211	A	0	0	211	37.7
A_MP	836	202	T	0	0	202	35.9
A_MP	837	196	G	0	0	196	34.5
A_MP	838	184	C	0	0	184	35.6
A_MP	839	212	G	0	0	212	35.9
A_MP	840	166	T	0	0	166	37.9
A_MP	841	191	T	0	0	191	34.2
A_MP	842	180	T	0	0	180	35.0
A_MP	843	192	A	0	0	192	34.7
A_MP	844	173	T	0	0	173	35.7
A_MP	845	189	C	0	0	189	37.8
A_MP	846	183	G	0	0	183	34.6
A_MP	847	195	T	0	0	195	36.5
A_MP	848	190	C	0	0	190	34.9
A_MP	849	182	G	0	0	182	36.7
A_MP	850	201	C	0	0	201	36.1
A_MP	851	186	C	0	0	186	34.2
A_MP	852	192	T	0	0	192	36.4
A_MP	853	172	T	0	0	172	37.9
A_MP	854	178	A	0	0	178	34.5
A_MP	855	187	A	0	0	187	37.3
A_MP	856	179	A	0	0	179	35.7
A_MP	857	182	T	0	0	182	35.4
A_MP	858	182	A	0	0	182	34.8
A_MP	859	186	C	0	0	186	37.6
A_MP	860	186	G	0	0	186	35.3
A_MP	861	171	G	0	0	171	37.1
A_MP	862	171	T	0	0	171	36.0
A_MP	863	181	T	0	0	181	34.6
A_MP	864	171	C	0	0	171	37.4
A_MP	865	188	G	0	0	188	34.8
A_MP	866	223	A	0	0	223	35.9
A_MP	867	183	A	0	0	183	36.0
A_MP	868	185	A	0	0	185	35.8
A_MP	869	198	G	0	0	198	36.8
A_MP	870	176	G	0	0	176	37.2
A_MP	871	179	A	0	0	179	37.4
A_MP	872	180	G	0	0	180	37.3
A_MP	873	178	G	0	0	178	35.9
A_MP	874	183	G	0	0	183	34.2
A_MP	875	201	C	0	0	201	34.1
A_MP	876	181	C	0	0	181	37.2
A_MP	877	176	T	0	0	176	35.9
A_MP	878	152	T	0	0	152	34.3
A_MP	879	190	C	0	0	190	36.1
A_MP	880	173	T	0	0	173	36.7
A_MP	881	195	A	0	0	195	34.1
A_MP	882	180	C	0	0	180	37.6
A_MP	883	201	G	0	0	201	36.0
A_MP	884	174	G	0	0	174	37.0
A_MP	885	178	A	0	0	178	37.3
A_MP	886	185	A	0	0	185	37.2
A_MP	887	175	G	0	0	175	37.7
A_MP	888	206	G	0	0	206	36.2
A_MP	889	178	A	0	0	178	37.2
A_MP	890	180	G	0	0	180	37.9
A_MP	891	177	T	0	0	177	35.4
A_MP	892	225	A	0	0	225	35.4
A_MP	893	200	C	0	0	200	35.5
A_MP	894	196	C	0	0	196	36.3
A_MP	895	202	T	0	0	202	35.9
A_MP	896	188	G	0	0	188	35.4
A_MP	897	213	A	0	0	213	35.4
A_MP	898	190	G	0	0	190	36.0
A_MP	899	189	T	0	0	189	37.5
A_MP	900	195	C	0	0	195	37.6
A_MP	901	191	C	0	0	191	35.7
A_MP	902	194	A	0	0	194	37.7
A_MP	903	197	T	0	0	197	34.6
A_MP	904	205	G	0	0	205	35.3
A_MP	905	220	A	0	0	220	37.5
A_MP	906	218	G	0	0	218	35.4
A_MP	907	209	G	0	0	209	36.1
A_MP	908	199	G	0	0	199	37.3
A_MP	909	215	A	0	0	215	36.8
A_MP	910	209	A	0	0	209	36.2
A_MP	911	209	G	0	0	209	36.0
A_MP	912	222	A	0	0	222	37.6
A_MP	913	217	G	0	0	217	36.0
A_MP	914	221	T	0	0	221	34.8
A_MP	915	202	A	0	0	202	34.5
A_MP	916	230	C	0	0	230	35.2
A_MP	917	219	C	0	0	219	38.0
A_MP	918	217	G	0	0	217	36.4
A_MP	919	205	G	0	0	205	35.9
A_MP	920	241	C	0	0	241	35.0
A_MP	921	231	A	0	0	231	36.9
A_MP	922	218	G	0	0	218	36.1
A_MP	923	232	G	0	0	232	35.3
A_MP	924	259	A	0	0	259	36.2
A_MP	925	223	A	0	0	223	35.5
A_MP	926	218	C	0	0	218	36.3
A_MP	927	221	A	0	0	221	37.7
A_MP	928	207	G	0	0	207	36.5
A_MP	929	201	C	0	0	201	35.8
A_MP	930	216	A	0	0	216	37.8
A_MP	931	195	G	0	0	195	34.6
A_MP	932	203	A	0	0	203	35.5
A_MP	933	193	G	0	0	193	36.1
A_MP	934	193	T	0	0	193	34.8
A_MP	935	198	G	0	0	198	36.2
A_MP	936	177	C	0	0	177	35.8
A_MP	937	173	T	0	0	173	35.2
A_MP	938	174	G	0	0	174	36.4
A_MP	939	171	T	0	0	171	36.2
A_MP	940	198	G	0	0	198	34.8
A_MP	941	162	G	0	0	162	34.5
A_MP	942	155	G	0	0	155	36.1
A_MP	943	156	T	0	0	156	37.0
A_MP	944	162	G	0	0	162	36.0
A_MP	945	155	T	0	0	155	35.5
A_MP	946	151	T	0	0	151	36.8
A_MP	947	144	G	0	0	144	37.1
A_MP	948	133	A	0	0	133	36.3
A_MP	949	129	C	0	0	129	37.8
A_MP	950	127	G	0	0	127	36.8
A_MP	951	126	A	0	0	126	35.5
A_MP	952	128	T	0	0	128	35.9
A_MP	953	124	G	0	0	124	35.4
A_MP	954	112	G	0	0	112	34.2
A_MP	955	107	T	0	0	107	34.9
A_MP	956	96	C	0	0	96	34.1
A_MP	957	93	A	0	0	93	37.7
A_MP	958	97	T	0	0	97	35.1
A_MP	959	91	T	0	0	91	34.3
A_MP	960	82	T	0	0	82	34.7
A_MP	961	81	T	0	0	81	34.8
A_MP	962	78	G	0	0	78	35.8
A_MP	963	70	T	0	0	70	37.3
A_MP	964	69	C	0	0	69	36.3
A_MP	965	59	A	0	0	59	36.7
A_MP	966	60	A	0	0	60	36.3
A_MP	967	53	C	0	0	53	34.3
A_MP	968	48	A	0	0	48	37.6
A_MP	969	53	T	0	0	53	37.5
A_MP	970	42	A	0	0	42	36.4
A_MP	971	39	G	0	0	39	36.8
A_MP	972	36	A	0	0	36	35.5
A_MP	973	35	G	0	0	35	35.3
A_MP	974	30	C	0	0	30	37.6
A_MP	975	24	T	0	0	24	37.6
A_MP	976	22	G	0	0	22	37.4
A_MP	977	18	G	0	0	18	34.4
A_MP	978	14	A	0	0	14	34.2
A_MP	979	10	G	0	0	10	37.1
A_MP	980	7	T	0	0	7	35.0
A_MP	981	3	A	0	0	3	37.1
A_MP	982	0	A	0	0	0	36.0
