Reference_Name	Position	Coverage Depth	Consensus	Deletions	Ambiguous	Consensus_Count	Consensus_Average_Quality
A_NP	1	3	A	0	0	3	34.3
A_NP	2	5	T	0	0	5	36.8
A_NP	3	9	G	0	0	9	37.4
A_NP	4	12	G	0	0	12	37.2
A_NP	5	15	C	0	0	15	34.1
A_NP	6	17	G	0	0	17	37.4
A_NP	7	21	T	0	0	21	36.4
A_NP	8	24	C	0	0	24	35.0
A_NP	9	25	T	0	0	25	36.1
A_NP	10	29	C	0	0	29	37.5
A_NP	11	35	A	0	0	35	36.5
A_NP	12	41	A	0	0	41	36.3
A_NP	13	39	G	0	0	39	36.3
A_NP	14	40	G	0	0	40	37.7
A_NP	15	44	C	0	0	44	34.8
A_NP	16	47	A	0	0	47	38.0
A_NP	17	51	C	0	0	51	34.8
A_NP	18	52	C	0	0	52	36.7
A_NP	19	57	A	0	0	57	37.9
A_NP	20	57	A	0	0	57	36.8
A_NP	21	58	A	0	0	58	34.4
A_NP	22	60	C	0	0	60	37.7
A_NP	23	64	G	0	0	64	34.7
A_NP	24	77	A	0	0	77	37.1
A_NP	25	75	T	0	0	75	35.5
A_NP	26	80	C	0	0	80	34.4
A_NP	27	75	C	0	0	75	34.0
A_NP	28	77	T	0	0	77	34.6
A_NP	29	81	A	0	0	81	36.7
A_NP	30	97	T	0	0	97	36.9
A_NP	31	98	G	0	0	98	34.3
A_NP	32	91	A	0	0	91	37.5
A_NP	33	106	A	0	0	106	36.2
A_NP	34	96	C	0	0	96	35.0
A_NP	35	116	A	0	0	116	36.3
A_NP	36	122	A	0	0	122	36.5
A_NP	37	107	A	0	0	107	34.0
A_NP	38	119	T	0	0	119	35.8
A_NP	39	129	G	0	0	129	34.7
A_NP	40	131	G	0	0	131	37.3
A_NP	41	137	A	0	0	137	34.8
A_NP	42	128	A	0	0	128	37.0
A_NP	43	122	A	0	0	122	36.3
A_NP	44	118	C	0	0	118	36.8
A_NP	45	124	T	0	0	124	35.6
A_NP	46	145	G	0	0	145	37.6
A_NP	47	125	G	0	0	125	36.8
A_NP	48	153	T	0	0	153	36.9
A_NP	49	164	G	0	0	164	35.6
A_NP	50	148	G	0	0	148	34.6
A_NP	51	160	G	0	0	160	35.4
A_NP	52	155	G	0	0	155	35.6
A_NP	53	137	A	0	0	137	36.6
A_NP	54	171	A	0	0	171	35.6
A_NP	55	172	C	0	0	172	35.5
A_NP	56	158	G	0	0	158	37.1
A_NP	57	171	C	0	0	171	37.5
A_NP	58	167	C	0	0	167	35.1
A_NP	59	162	A	0	0	162	35.6
A_NP	60	178	G	0	0	178	37.3
A_NP	61	182	A	0	0	182	36.7
A_NP	62	178	A	0	0	178	36.5
A_NP	63	187	T	0	0	187	37.3
A_NP	64	182	G	0	0	182	34.4
A_NP	65	186	C	0	0	186	34.5
A_NP	66	182	C	0	0	182	37.9
A_NP	67	191	A	0	0	191	35.4
A_NP	68	187	C	0	0	187	36.8
A_NP	69	201	T	0	0	201	34.4
A_NP	70	189	G	0	0	189	34.6
A_NP	71	193	A	0	0	193	36.0
A_NP	72	189	A	0	0	189	35.1
A_NP	73	189	A	0	0	189	36.3
A_NP	74	204	T	0	0	204	37.4
A_NP	75	193	C	0	0	193	36.7
A_NP	76	206	A	0	0	206	37.4
A_NP	77	211	G	0	0	211	34.8
A_NP	78	190	A	0	0	190	36.6
A_NP	79	207	G	0	0	207	35.1
A_NP	80	214	C	0	0	214	37.0
A_NP	81	211	A	0	0	211	35.1
A_NP	82	213	T	0	0	213	35.2
A_NP	83	233	C	0	0	233	35.7
A_NP	84	216	T	0	0	216	37.4
A_NP	85	229	G	0	0	229	37.6
A_NP	86	230	T	0	0	230	34.2
A_NP	87	236	T	0	0	236	37.3
A_NP	88	238	G	0	0	238	35.1
A_NP	89	239	G	0	0	239	37.2
A_NP	90	216	A	0	0	216	34.0
A_NP	91	215	A	0	0	215	35.3
A_NP	92	207	G	0	0	207	37.9
A_NP	93	195	A	0	0	195	37.9
A_NP	94	206	A	0	0	206	35.7
A_NP	95	226	T	0	0	226	36.3
A_NP	96	221	G	0	0	221	34.6
A_NP	97	199	G	0	0	199	37.3
A_NP	98	235	T	0	0	235	37.5
A_NP	99	225	T	0	0	225	35.0
A_NP	100	216	G	0	0	216	34.2
A_NP	101	219	G	0	0	219	37.7
A_NP	102	208	C	0	0	208	37.4
A_NP	103	227	G	0	0	227	36.7
A_NP	104	205	G	0	0	205	35.0
A_NP	105	219	A	0	0	219	34.2
A_NP	106	208	A	0	0	208	34.4
A_NP	107	219	T	0	0	219	37.3
A_NP	108	195	C	0	0	195	36.0
A_NP	109	204	G	0	0	204	37.2
A_NP	110	207	G	0	0	207	35.7
A_NP	111	204	G	0	0	204	37.8
A_NP	112	188	A	0	0	188	35.8
A_NP	113	211	G	0	0	211	36.1
A_NP	114	206	A	0	0	206	35.4
A_NP	115	202	T	0	0	202	37.4
A_NP	116	186	T	0	0	186	37.0
A_NP	117	195	C	0	0	195	35.3
A_NP	118	203	T	0	0	203	37.2
A_NP	119	190	A	0	0	190	34.1
A_NP	120	179	C	0	0	179	37.6
A_NP	121	184	A	0	0	184	34.5
A_NP	122	180	T	0	0	180	34.3
A_NP	123	186	A	0	0	186	37.7
A_NP	124	199	C	0	0	199	34.7
A_NP	125	175	A	0	0	175	36.9
A_NP	126	187	G	0	0	187	35.4
A_NP	127	186	A	0	0	186	34.8
A_NP	128	182	T	0	0	182	37.6
A_NP	129	160	G	0	0	160	37.6
A_NP	130	176	T	0	0	176	37.2
A_NP	131	186	G	0	0	186	35.3
A_NP	132	190	C	0	0	190	37.3
A_NP	133	152	A	0	0	152	34.1
A_NP	134	171	C	0	0	171	34.6
A_NP	135	176	T	0	0	176	36.2
A_NP	136	164	G	0	0	164	34.8
A_NP	137	157	A	0	0	157	34.6
A_NP	138	180	G	0	0	180	35.0
A_NP	139	175	C	0	0	175	34.7
A_NP	140	161	T	0	0	161	35.9
A_NP	141	167	C	0	0	167	34.6
A_NP	142	174	A	0	0	174	34.9
A_NP	143	167	A	0	0	167	34.0
A_NP	144	177	A	0	0	177	36.3
A_NP	145	169	C	0	0	169	37.1
A_NP	146	168	T	0	0	168	35.9
A_NP	147	162	C	0	0	162	36.0
A_NP	148	155	A	0	0	155	37.1
A_NP	149	151	G	0	0	151	34.1
A_NP	150	175	T	0	0	175	37.9
A_NP	151	167	G	0	0	167	37.8
A_NP	152	166	A	0	0	166	34.4
A_NP	153	148	T	0	0	148	37.7
A_NP	154	152	T	0	0	152	37.4
A_NP	155	153	A	0	0	153	36.8
A_NP	156	140	C	0	0	140	34.4
A_NP	157	156	G	0	0	156	34.4
A_NP	158	146	A	0	0	146	37.0
A_NP	159	152	A	0	0	152	35.0
A_NP	160	168	G	0	0	168	34.0
A_NP	161	166	G	0	0	166	37.2
A_NP	162	147	G	0	0	147	34.2
A_NP	163	147	A	0	0	147	35.7
A_NP	164	140	G	0	0	140	36.5
A_NP	165	153	G	0	0	153	36.1
A_NP	166	171	C	0	0	171	37.2
A_NP	167	149	T	0	0	149	36.9
A_NP	168	142	G	0	0	142	36.6
A_NP	169	164	A	0	0	164	36.7
A_NP	170	143	T	0	0	143	35.1
A_NP	171	138	C	0	0	138	36.3
A_NP	172	150	C	0	0	150	35.6
A_NP	173	148	A	0	0	148	36.3
A_NP	174	144	A	0	0	144	37.9
A_NP	175	160	A	0	0	160	34.2
A_NP	176	148	A	0	0	148	36.8
A_NP	177	156	C	0	0	156	37.8
A_NP	178	149	A	0	0	149	37.5
A_NP	179	157	G	0	0	157	37.4
A_NP	180	150	C	0	0	150	36.7
A_NP	181	157	A	0	0	157	35.1
A_NP	182	154	T	0	0	154	37.8
A_NP	183	149	A	0	0	149	35.4
A_NP	184	139	A	0	0	139	35.9
A_NP	185	161	C	0	0	161	37.3
A_NP	186	171	C	0	0	171	36.7
A_NP	187	160	A	0	0	160	35.1
A_NP	188	153	T	0	0	153	37.7
A_NP	189	159	A	0	0	159	37.2
A_NP	190	161	G	0	0	161	34.2
A_NP	191	158	A	0	0	158	34.5
A_NP	192	164	A	0	0	164	36.6
A_NP	193	151	A	0	0	151	36.3
A_NP	194	169	G	0	0	169	36.0
A_NP	195	147	G	0	0	147	37.7
A_NP	196	167	A	0	0	167	35.6
A_NP	197	150	T	0	0	150	37.3
A_NP	198	156	G	0	0	156	37.1
A_NP	199	152	G	0	0	152	36.5
A_NP	200	150	T	0	0	150	36.4
A_NP	201	151	T	0	0	151	37.9
A_NP	202	154	C	0	0	154	35.0
A_NP	203	163	T	0	0	163	37.0
A_NP	204	161	C	0	0	161	37.2
A_NP	205	159	T	0	0	159	37.4
A_NP	206	176	C	0	0	176	37.7
A_NP	207	158	G	0	0	158	35.9
A_NP	208	169	G	0	0	169	34.8
A_NP	209	174	C	0	0	174	35.9
A_NP	210	166	A	0	0	166	34.1
A_NP	211	161	T	0	0	161	37.5
A_NP	212	152	T	0	0	152	36.7
A_NP	213	170	T	0	0	170	36.2
A_NP	214	164	G	0	0	164	34.4
A_NP	215	173	A	0	0	173	37.8
A_NP	216	164	T	0	0	164	34.8
A_NP	217	173	G	0	0	173	35.1
A_NP	218	170	A	0	0	170	35.3
A_NP	219	181	G	0	0	181	35.5
A_NP	220	166	A	0	0	166	35.6
A_NP	221	172	G	0	0	172	35.8
A_NP	222	185	G	0	0	185	36.3
A_NP	223	169	A	0	0	169	34.1
A_NP	224	160	G	0	0	160	37.9
A_NP	225	188	G	0	0	188	35.3
A_NP	226	162	A	0	0	162	36.4
A_NP	227	169	A	0	0	169	37.7
A_NP	228	194	C	0	0	194	36.6
A_NP	229	171	A	0	0	171	35.5
A_NP	230	174	A	0	0	174	35.2
A_NP	231	194	G	0	0	194	36.6
A_NP	232	162	T	0	0	162	35.7
A_NP	233	185	A	0	0	185	34.3
A_NP	234	176	C	0	0	176	36.7
A_NP	235	178	C	0	0	178	34.4
A_NP	236	185	T	0	0	185	34.2
A_NP	237	180	G	0	0	180	37.8
A_NP	238	190	G	0	0	190	36.5
A_NP	239	179	A	0	0	179	37.7
A_NP	240	196	G	0	0	196	35.2
A_NP	241	180	G	0	0	180	37.5
A_NP	242	182	A	0	0	182	38.0
A_NP	243	200	A	0	0	200	35.0
A_NP	244	187	C	0	0	187	36.8
A_NP	245	177	A	0	0	177	35.0
A_NP	246	188	T	0	0	188	34.5
A_NP	247	184	C	0	0	184	35.0
A_NP	248	194	C	0	0	194	37.4
A_NP	249	188	C	0	0	188	36.9
A_NP	250	210	A	0	0	210	36.3
A_NP	251	184	G	0	0	184	36.6
A_NP	252	182	T	0	0	182	36.4
A_NP	253	177	G	0	0	177	34.5
A_NP	254	206	C	0	0	206	36.3
A_NP	255	194	C	0	0	194	35.9
A_NP	256	190	G	0	0	190	37.8
A_NP	257	192	G	0	0	192	34.7
A_NP	258	223	G	0	0	223	36.1
A_NP	259	197	A	0	0	197	34.9
A_NP	260	188	A	0	0	188	36.6
A_NP	261	194	G	0	0	194	35.8
A_NP	262	185	G	0	0	185	37.2
A_NP	263	194	A	0	0	194	35.2
A_NP	264	187	T	0	0	187	36.2
A_NP	265	178	C	0	0	178	35.8
A_NP	266	203	C	0	0	203	34.3
A_NP	267	191	C	0	0	191	34.2
A_NP	268	192	A	0	0	192	35.2
A_NP	269	203	A	0	0	203	35.7
A_NP	270	204	G	0	0	204	35.2
A_NP	271	181	A	0	0	181	36.9
A_NP	272	191	A	0	0	191	37.7
A_NP	273	178	G	0	0	178	35.9
A_NP	274	187	A	0	0	187	37.0
A_NP	275	179	C	0	0	179	35.4
A_NP	276	194	T	0	0	194	36.6
A_NP	277	203	G	0	0	203	38.0
A_NP	278	180	G	0	0	180	36.7
A_NP	279	188	A	0	0	188	35.6
A_NP	280	203	G	0	0	203	37.0
A_NP	281	176	G	0	0	176	34.9
A_NP	282	174	T	0	0	174	36.5
A_NP	283	207	C	0	0	207	35.5
A_NP	284	195	C	0	0	195	34.6
A_NP	285	181	A	0	0	181	37.3
A_NP	286	186	A	0	0	186	37.3
A_NP	287	199	T	0	0	199	36.4
A_NP	288	186	C	0	0	186	34.9
A_NP	289	183	T	0	0	183	35.0
A_NP	290	173	A	0	0	173	34.7
A_NP	291	197	C	0	0	197	35.4
A_NP	292	166	A	0	0	166	34.4
A_NP	293	177	G	0	0	177	34.2
A_NP	294	198	G	0	0	198	36.3
A_NP	295	170	A	0	0	170	34.2
A_NP	296	192	G	0	0	192	36.2
A_NP	297	204	G	0	0	204	34.3
A_NP	298	189	A	0	0	189	35.1
A_NP	299	166	G	0	0	166	35.2
A_NP	300	176	A	0	0	176	36.2
A_NP	301	173	G	0	0	173	37.4
A_NP	302	185	A	0	0	185	37.0
A_NP	303	177	T	0	0	177	34.4
A_NP	304	175	G	0	0	175	35.5
A_NP	305	180	G	0	0	180	36.6
A_NP	306	188	C	0	0	188	36.3
A_NP	307	199	A	0	0	199	37.3
A_NP	308	162	A	0	0	162	35.1
A_NP	309	188	A	0	0	188	37.6
A_NP	310	173	T	0	0	173	36.8
A_NP	311	180	G	0	0	180	35.2
A_NP	312	168	G	0	0	168	34.4
A_NP	313	186	G	0	0	186	36.9
A_NP	314	171	T	0	0	171	36.6
A_NP	315	159	G	0	0	159	37.2
A_NP	316	182	A	0	0	182	35.0
A_NP	317	176	G	0	0	176	34.5
A_NP	318	165	A	0	0	165	37.3
A_NP	319	158	G	0	0	158	36.5
A_NP	320	177	A	0	0	177	36.4
A_NP	321	173	G	0	0	173	36.0
A_NP	322	168	T	0	0	168	34.0
A_NP	323	176	T	0	0	176	35.5
A_NP	324	176	G	0	0	176	34.5
A_NP	325	173	A	0	0	173	35.8
A_NP	326	154	T	0	0	154	37.5
A_NP	327	174	C	0	0	174	37.6
A_NP	328	169	C	0	0	169	35.6
A_NP	329	170	T	0	0	170	34.9
A_NP	330	174	C	0	0	174	37.5
A_NP	331	177	T	0	0	177	35.1
A_NP	332	158	A	0	0	158	37.6
A_NP	333	167	C	0	0	167	34.3
A_NP	334	184	G	0	0	184	34.5
A_NP	335	158	A	0	0	158	35.3
A_NP	336	181	C	0	0	181	37.0
A_NP	337	149	A	0	0	149	36.4
A_NP	338	171	A	0	0	171	36.1
A_NP	339	154	A	0	0	154	35.2
A_NP	340	159	G	0	0	159	37.8
A_NP	341	182	A	0	0	182	36.5
A_NP	342	164	A	0	0	164	34.5
A_NP	343	186	G	0	0	186	36.9
A_NP	344	161	A	0	0	161	35.7
A_NP	345	179	G	0	0	179	38.0
A_NP	346	198	A	0	0	198	37.6
A_NP	347	153	T	0	0	153	37.2
A_NP	348	170	C	0	0	170	34.3
A_NP	349	176	A	0	0	176	34.0
A_NP	350	160	G	0	0	160	37.0
A_NP	351	154	A	0	0	154	37.9
A_NP	352	155	A	0	0	155	34.6
A_NP	353	159	G	0	0	159	34.3
A_NP	354	177	A	0	0	177	34.2
A_NP	355	183	A	0	0	183	34.2
A_NP	356	168	T	0	0	168	35.4
A_NP	357	174	T	0	0	174	36.9
A_NP	358	168	T	0	0	168	35.8
A_NP	359	174	G	0	0	174	36.6
A_NP	360	174	G	0	0	174	36.4
A_NP	361	171	C	0	0	171	36.2
A_NP	362	172	G	0	0	172	37.1
A_NP	363	174	T	0	0	174	35.8
A_NP	364	149	C	0	0	149	36.3
A_NP	365	180	A	0	0	180	36.7
A_NP	366	174	A	0	0	174	36.8
A_NP	367	196	G	0	0	196	37.7
A_NP	368	174	C	0	0	174	36.3
A_NP	369	175	T	0	0	175	34.6
A_NP	370	186	A	0	0	186	36.1
A_NP	371	181	A	0	0	181	37.3
A_NP	372	174	T	0	0	174	37.6
A_NP	373	185	A	0	0	185	34.1
A_NP	374	163	A	0	0	163	34.3
A_NP	375	190	T	0	0	190	35.5
A_NP	376	184	G	0	0	184	34.1
A_NP	377	185	G	0	0	185	35.3
A_NP	378	182	A	0	0	182	35.6
A_NP	379	186	G	0	0	186	36.8
A_NP	380	201	A	0	0	201	37.6
A_NP	381	183	G	0	0	183	35.0
A_NP	382	173	G	0	0	173	34.2
A_NP	383	203	A	0	0	203	36.6
A_NP	384	182	T	0	0	182	36.7
A_NP	385	203	G	0	0	203	37.0
A_NP	386	191	C	0	0	191	34.4
A_NP	387	212	A	0	0	212	36.8
A_NP	388	200	A	0	0	200	36.6
A_NP	389	209	C	0	0	209	37.2
A_NP	390	199	T	0	0	199	34.7
A_NP	391	194	G	0	0	194	35.3
A_NP	392	172	C	0	0	172	36.6
A_NP	393	202	T	0	0	202	36.1
A_NP	394	190	G	0	0	190	37.5
A_NP	395	206	G	0	0	206	34.5
A_NP	396	202	T	0	0	202	35.1
A_NP	397	198	C	0	0	198	34.4
A_NP	398	211	T	0	0	211	36.2
A_NP	399	196	C	0	0	196	37.7
A_NP	400	201	A	0	0	201	35.5
A_NP	401	184	C	0	0	184	36.9
A_NP	402	212	T	0	0	212	34.5
A_NP	403	204	C	0	0	204	37.1
A_NP	404	197	A	0	0	197	37.3
A_NP	405	234	T	0	0	234	37.6
A_NP	406	216	T	0	0	216	36.5
A_NP	407	233	T	0	0	233	37.9
A_NP	408	213	G	0	0	213	35.1
A_NP	409	224	A	0	0	224	34.2
A_NP	410	204	T	0	0	204	34.5
A_NP	411	219	G	0	0	219	35.4
A_NP	412	220	A	0	0	220	34.2
A_NP	413	249	T	0	0	249	35.7
A_NP	414	213	T	0	0	213	36.9
A_NP	415	221	T	0	0	221	34.2
A_NP	416	245	G	0	0	245	37.4
A_NP	417	251	G	0	0	251	37.9
A_NP	418	229	C	0	0	229	36.7
A_NP	419	227	A	0	0	227	36.2
A_NP	420	220	T	0	0	220	36.3
A_NP	421	232	T	0	0	232	34.2
A_NP	422	249	C	0	0	249	34.4
A_NP	423	242	C	0	0	242	36.8
A_NP	424	233	A	0	0	233	37.2
A_NP	425	248	A	0	0	248	37.8
A_NP	426	251	T	0	0	251	36.5
A_NP	427	247	C	0	0	247	36.0
A_NP	428	232	T	0	0	232	34.9
A_NP	429	233	G	0	0	233	35.3
A_NP	430	240	A	0	0	240	37.3
A_NP	431	215	A	0	0	215	34.2
A_NP	432	228	T	0	0	228	34.9
A_NP	433	253	G	0	0	253	36.0
A_NP	434	236	A	0	0	236	36.6
A_NP	435	238	T	0	0	238	34.3
A_NP	436	253	G	0	0	253	37.9
A_NP	437	264	C	0	0	264	37.2
A_NP	438	274	C	0	0	274	34.1
A_NP	439	251	A	0	0	251	35.1
A_NP	440	267	C	0	0	267	34.5
A_NP	441	264	A	0	0	264	37.9
A_NP	442	264	T	0	0	264	35.0
A_NP	443	250	A	0	0	250	36.7
A_NP	444	285	C	0	0	285	34.7
A_NP	445	254	C	0	0	254	35.7
A_NP	446	253	A	0	0	253	36.0
A_NP	447	257	G	0	0	257	35.9
A_NP	448	277	A	0	0	277	37.8
A_NP	449	260	G	0	0	260	35.3
A_NP	450	264	A	0	0	264	35.2
A_NP	451	255	A	0	0	255	38.0
A_NP	452	251	C	0	0	251	35.6
A_NP	453	264	A	0	0	264	37.1
A_NP	454	262	A	0	0	262	34.2
A_NP	455	276	G	0	0	276	37.8
A_NP	456	279	G	0	0	279	36.0
A_NP	457	241	G	0	0	241	37.6
A_NP	458	267	C	0	0	267	35.3
A_NP	459	278	A	0	0	278	35.8
A_NP	460	295	C	0	0	295	37.6
A_NP	461	281	T	0	0	281	37.2
A_NP	462	263	T	0	0	263	34.9
A_NP	463	319	G	0	0	319	37.3
A_NP	464	279	T	0	0	279	35.6
A_NP	465	281	G	0	0	281	34.3
A_NP	466	290	C	0	0	290	34.3
A_NP	467	272	G	0	0	272	35.3
A_NP	468	287	T	0	0	287	36.9
A_NP	469	297	A	0	0	297	36.4
A_NP	470	250	C	0	0	250	35.0
A_NP	471	265	T	0	0	265	36.4
A_NP	472	257	G	0	0	257	37.8
A_NP	473	296	G	0	0	296	36.9
A_NP	474	273	A	0	0	273	35.6
A_NP	475	294	A	0	0	294	37.5
A_NP	476	275	T	0	0	275	35.9
A_NP	477	256	G	0	0	256	34.6
A_NP	478	262	G	0	0	262	34.3
A_NP	479	284	A	0	0	284	38.0
A_NP	480	263	C	0	0	263	34.9
A_NP	481	271	C	0	0	271	36.5
A_NP	482	273	C	0	0	273	37.4
A_NP	483	281	T	0	0	281	34.8
A_NP	484	267	A	0	0	267	37.4
A_NP	485	265	G	0	0	265	35.2
A_NP	486	308	A	0	0	308	34.6
A_NP	487	283	A	0	0	283	37.2
A_NP	488	241	T	0	0	241	38.0
A_NP	489	276	G	0	0	276	37.1
A_NP	490	286	T	0	0	286	35.5
A_NP	491	247	G	0	0	247	37.6
A_NP	492	264	C	0	0	264	35.8
A_NP	493	282	T	0	0	282	35.9
A_NP	494	272	C	0	0	272	36.4
A_NP	495	283	T	0	0	283	37.7
A_NP	496	315	C	0	0	315	38.0
A_NP	497	284	T	0	0	284	35.4
A_NP	498	271	G	0	0	271	35.5
A_NP	499	267	A	0	0	267	37.9
A_NP	500	283	T	0	0	283	37.9
A_NP	501	270	G	0	0	270	34.7
A_NP	502	264	C	0	0	264	37.6
A_NP	503	262	A	0	0	262	37.0
A_NP	504	303	A	0	0	303	34.6
A_NP	505	256	G	0	0	256	35.8
A_NP	506	255	G	0	0	255	36.0
A_NP	507	244	C	0	0	244	35.1
A_NP	508	270	T	0	0	270	34.8
A_NP	509	275	C	0	0	275	37.3
A_NP	510	264	A	0	0	264	35.2
A_NP	511	261	A	0	0	261	36.3
A_NP	512	238	C	0	0	238	37.9
A_NP	513	254	C	0	0	254	35.8
A_NP	514	254	C	0	0	254	34.8
A_NP	515	261	T	0	0	261	35.5
A_NP	516	254	C	0	0	254	37.4
A_NP	517	274	C	0	0	274	35.3
A_NP	518	283	C	0	0	283	37.8
A_NP	519	259	T	0	0	259	36.6
A_NP	520	268	A	0	0	268	35.3
A_NP	521	267	G	0	0	267	35.0
A_NP	522	237	G	0	0	237	36.5
A_NP	523	252	A	0	0	252	37.8
A_NP	524	245	G	0	0	245	36.3
A_NP	525	248	A	0	0	248	36.0
A_NP	526	237	T	0	0	237	34.5
A_NP	527	242	C	0	0	242	37.9
A_NP	528	244	C	0	0	244	34.0
A_NP	529	247	G	0	0	247	35.2
A_NP	530	252	G	0	0	252	34.3
A_NP	531	246	G	0	0	246	36.0
A_NP	532	236	G	0	0	236	35.2
A_NP	533	231	C	0	0	231	35.3
A_NP	534	214	T	0	0	214	34.9
A_NP	535	215	G	0	0	215	35.5
A_NP	536	252	C	0	0	252	34.8
A_NP	537	249	T	0	0	249	34.1
A_NP	538	228	G	0	0	228	35.0
A_NP	539	253	G	0	0	253	36.1
A_NP	540	230	A	0	0	230	37.0
A_NP	541	229	G	0	0	229	34.7
A_NP	542	243	C	0	0	243	37.4
A_NP	543	241	A	0	0	241	36.2
A_NP	544	246	G	0	0	246	37.9
A_NP	545	235	C	0	0	235	35.8
A_NP	546	214	A	0	0	214	34.5
A_NP	547	221	G	0	0	221	34.7
A_NP	548	235	T	0	0	235	34.9
A_NP	549	220	G	0	0	220	35.7
A_NP	550	216	A	0	0	216	37.5
A_NP	551	208	A	0	0	208	35.6
A_NP	552	231	A	0	0	231	34.9
A_NP	553	214	G	0	0	214	37.9
A_NP	554	223	G	0	0	223	37.4
A_NP	555	209	A	0	0	209	35.4
A_NP	556	222	G	0	0	222	36.1
A_NP	557	210	T	0	0	210	37.0
A_NP	558	228	T	0	0	228	34.7
A_NP	559	191	G	0	0	191	37.1
A_NP	560	233	G	0	0	233	37.5
A_NP	561	202	A	0	0	202	35.9
A_NP	562	223	A	0	0	223	35.6
A_NP	563	234	C	0	0	234	35.8
A_NP	564	210	A	0	0	210	35.4
A_NP	565	194	A	0	0	194	35.9
A_NP	566	201	T	0	0	201	34.5
A_NP	567	195	G	0	0	195	35.5
A_NP	568	211	G	0	0	211	36.6
A_NP	569	223	T	0	0	223	35.0
A_NP	570	202	G	0	0	202	35.9
A_NP	571	206	A	0	0	206	35.9
A_NP	572	221	T	0	0	221	37.2
A_NP	573	196	G	0	0	196	37.8
A_NP	574	185	G	0	0	185	37.3
A_NP	575	195	A	0	0	195	37.0
A_NP	576	201	A	0	0	201	35.9
A_NP	577	191	C	0	0	191	34.2
A_NP	578	191	T	0	0	191	34.1
A_NP	579	188	A	0	0	188	38.0
A_NP	580	201	A	0	0	201	34.9
A_NP	581	206	T	0	0	206	34.3
A_NP	582	178	T	0	0	178	34.2
A_NP	583	206	C	0	0	206	37.7
A_NP	584	205	G	0	0	205	35.3
A_NP	585	198	A	0	0	198	37.5
A_NP	586	195	A	0	0	195	37.3
A_NP	587	185	T	0	0	185	35.4
A_NP	588	207	G	0	0	207	37.4
A_NP	589	195	A	0	0	195	36.4
A_NP	590	186	T	0	0	186	36.5
A_NP	591	178	C	0	0	178	34.1
A_NP	592	191	A	0	0	191	36.7
A_NP	593	193	A	0	0	193	34.5
A_NP	594	166	A	0	0	166	34.2
A_NP	595	195	C	0	0	195	37.3
A_NP	596	181	G	0	0	181	37.4
A_NP	597	193	A	0	0	193	35.1
A_NP	598	180	G	0	0	180	37.6
A_NP	599	174	G	0	0	174	34.4
A_NP	600	170	G	0	0	170	35.9
A_NP	601	191	A	0	0	191	34.2
A_NP	602	228	T	0	0	228	35.6
A_NP	603	171	C	0	0	171	37.8
A_NP	604	204	A	0	0	204	37.0
A_NP	605	183	A	0	0	183	35.3
A_NP	606	202	T	0	0	202	35.8
A_NP	607	197	G	0	0	197	36.7
A_NP	608	170	A	0	0	170	37.9
A_NP	609	195	T	0	0	195	35.7
A_NP	610	187	C	0	0	187	35.5
A_NP	611	190	G	0	0	190	35.2
A_NP	612	191	G	0	0	191	37.8
A_NP	613	191	A	0	0	191	36.8
A_NP	614	183	A	0	0	183	37.0
A_NP	615	215	T	0	0	215	34.2
A_NP	616	200	T	0	0	200	34.2
A_NP	617	174	T	0	0	174	34.9
A_NP	618	175	C	0	0	175	37.2
A_NP	619	189	T	0	0	189	36.2
A_NP	620	177	G	0	0	177	36.8
A_NP	621	190	G	0	0	190	34.7
A_NP	622	216	A	0	0	216	34.9
A_NP	623	192	G	0	0	192	36.7
A_NP	624	188	A	0	0	188	35.9
A_NP	625	214	G	0	0	214	35.4
A_NP	626	185	G	0	0	185	34.4
A_NP	627	185	C	0	0	185	37.1
A_NP	628	204	G	0	0	204	35.3
A_NP	629	195	A	0	0	195	34.3
A_NP	630	194	A	0	0	194	37.0
A_NP	631	194	A	0	0	194	34.3
A_NP	632	194	A	0	0	194	36.3
A_NP	633	189	C	0	0	189	34.8
A_NP	634	208	G	0	0	208	34.5
A_NP	635	198	G	0	0	198	37.4
A_NP	636	203	T	0	0	203	34.6
A_NP	637	207	C	0	0	207	34.7
A_NP	638	206	G	0	0	206	34.8
A_NP	639	184	G	0	0	184	35.6
A_NP	640	187	A	0	0	187	34.1
A_NP	641	186	G	0	0	186	37.3
A_NP	642	200	A	0	0	200	37.0
A_NP	643	211	A	0	0	211	34.6
A_NP	644	184	C	0	0	184	35.3
A_NP	645	203	C	0	0	203	37.0
A_NP	646	199	A	0	0	199	36.1
A_NP	647	204	G	0	0	204	36.5
A_NP	648	196	G	0	0	196	35.7
A_NP	649	196	A	0	0	196	37.8
A_NP	650	181	T	0	0	181	37.0
A_NP	651	198	T	0	0	198	34.2
A_NP	652	212	G	0	0	212	37.9
A_NP	653	197	C	0	0	197	34.5
A_NP	654	206	C	0	0	206	34.3
A_NP	655	209	T	0	0	209	37.2
A_NP	656	209	A	0	0	209	37.0
A_NP	657	218	C	0	0	218	34.9
A_NP	658	186	G	0	0	186	36.4
A_NP	659	194	A	0	0	194	34.8
A_NP	660	212	G	0	0	212	35.8
A_NP	661	207	A	0	0	207	36.3
A_NP	662	211	G	0	0	211	35.7
A_NP	663	207	A	0	0	207	34.3
A_NP	664	194	A	0	0	194	36.8
A_NP	665	209	T	0	0	209	36.7
A_NP	666	191	G	0	0	191	37.3
A_NP	667	197	T	0	0	197	37.3
A_NP	668	183	G	0	0	183	35.1
A_NP	669	199	C	0	0	199	35.9
A_NP	670	198	A	0	0	198	36.5
A_NP	671	215	A	0	0	215	34.8
A_NP	672	204	C	0	0	204	35.7
A_NP	673	196	A	0	0	196	37.2
A_NP	674	184	T	0	0	184	37.0
A_NP	675	184	C	0	0	184	34.8
A_NP	676	190	C	0	0	190	36.0
A_NP	677	219	T	0	0	219	35.7
A_NP	678	199	C	0	0	199	35.8
A_NP	679	206	A	0	0	206	36.7
A_NP	680	212	A	0	0	212	35.0
A_NP	681	220	G	0	0	220	36.5
A_NP	682	204	G	0	0	204	37.2
A_NP	683	220	G	0	0	220	36.9
A_NP	684	209	A	0	0	209	36.1
A_NP	685	190	A	0	0	190	36.4
A_NP	686	185	A	0	0	185	37.4
A_NP	687	179	G	0	0	179	34.3
A_NP	688	221	T	0	0	221	37.6
A_NP	689	196	T	0	0	196	35.1
A_NP	690	198	C	0	0	198	37.7
A_NP	691	214	C	0	0	214	34.3
A_NP	692	206	A	0	0	206	35.7
A_NP	693	194	A	0	0	194	34.1
A_NP	694	198	A	0	0	198	34.3
A_NP	695	191	C	0	0	191	35.9
A_NP	696	185	A	0	0	185	34.5
A_NP	697	191	G	0	0	191	37.7
A_NP	698	197	C	0	0	197	34.8
A_NP	699	178	A	0	0	178	37.8
A_NP	700	204	G	0	0	204	36.7
A_NP	701	209	C	0	0	209	35.4
A_NP	702	204	A	0	0	204	36.1
A_NP	703	170	C	0	0	170	35.8
A_NP	704	188	A	0	0	188	34.5
A_NP	705	188	A	0	0	188	35.5
A_NP	706	173	C	0	0	173	34.1
A_NP	707	201	G	0	0	201	34.8
A_NP	708	181	G	0	0	181	35.7
A_NP	709	199	G	0	0	199	35.4
A_NP	710	174	C	0	0	174	34.5
A_NP	711	183	A	0	0	183	37.3
A_NP	712	185	A	0	0	185	37.6
A_NP	713	209	T	0	0	209	34.4
A_NP	714	178	G	0	0	178	34.3
A_NP	715	177	A	0	0	177	37.3
A_NP	716	203	T	0	0	203	35.0
A_NP	717	183	G	0	0	183	36.0
A_NP	718	174	G	0	0	174	36.7
A_NP	719	187	A	0	0	187	35.9
A_NP	720	176	C	0	0	176	36.7
A_NP	721	186	C	0	0	186	34.9
A_NP	722	196	A	0	0	196	37.8
A_NP	723	169	A	0	0	169	35.4
A_NP	724	174	G	0	0	174	34.7
A_NP	725	148	T	0	0	148	36.8
A_NP	726	186	G	0	0	186	36.4
A_NP	727	176	A	0	0	176	35.9
A_NP	728	202	G	0	0	202	36.9
A_NP	729	184	A	0	0	184	35.9
A_NP	730	187	G	0	0	187	37.4
A_NP	731	158	A	0	0	158	37.6
A_NP	732	159	A	0	0	159	35.6
A_NP	733	164	A	0	0	164	37.0
A_NP	734	184	G	0	0	184	35.5
A_NP	735	168	C	0	0	168	36.3
A_NP	736	177	C	0	0	177	36.9
A_NP	737	173	G	0	0	173	38.0
A_NP	738	159	G	0	0	159	36.0
A_NP	739	167	A	0	0	167	37.2
A_NP	740	151	A	0	0	151	35.8
A_NP	741	138	T	0	0	138	36.0
A_NP	742	153	C	0	0	153	34.3
A_NP	743	158	C	0	0	158	34.4
A_NP	744	153	T	0	0	153	36.2
A_NP	745	165	G	0	0	165	36.0
A_NP	746	171	G	0	0	171	37.1
A_NP	747	158	G	0	0	158	37.0
A_NP	748	162	A	0	0	162	35.7
A_NP	749	153	A	0	0	153	37.6
A_NP	750	144	T	0	0	144	36.3
A_NP	751	140	G	0	0	140	37.8
A_NP	752	162	C	0	0	162	37.9
A_NP	753	151	T	0	0	151	37.3
A_NP	754	145	G	0	0	145	35.2
A_NP	755	160	A	0	0	160	34.8
A_NP	756	149	A	0	0	149	36.8
A_NP	757	144	A	0	0	144	36.7
A_NP	758	154	T	0	0	154	35.6
A_NP	759	140	T	0	0	140	37.9
A_NP	760	140	G	0	0	140	35.2
A_NP	761	160	A	0	0	160	37.7
A_NP	762	147	A	0	0	147	35.3
A_NP	763	146	G	0	0	146	35.5
A_NP	764	140	A	0	0	140	34.8
A_NP	765	161	T	0	0	161	35.7
A_NP	766	140	C	0	0	140	36.9
A_NP	767	134	T	0	0	134	36.6
A_NP	768	149	C	0	0	149	35.9
A_NP	769	136	A	0	0	136	34.8
A_NP	770	138	T	0	0	138	34.4
A_NP	771	140	C	0	0	140	37.7
A_NP	772	131	T	0	0	131	36.3
A_NP	773	140	T	0	0	140	37.4
A_NP	774	154	T	0	0	154	37.2
A_NP	775	137	C	0	0	137	34.8
A_NP	776	139	T	0	0	139	35.2
A_NP	777	140	C	0	0	140	37.5
A_NP	778	136	G	0	0	136	36.8
A_NP	779	135	C	0	0	135	35.6
A_NP	780	139	A	0	0	139	34.8
A_NP	781	131	C	0	0	131	37.8
A_NP	782	127	G	0	0	127	36.6
A_NP	783	140	A	0	0	140	34.8
A_NP	784	138	T	0	0	138	37.5
A_NP	785	141	C	0	0	141	37.7
A_NP	786	130	T	0	0	130	37.0
A_NP	787	145	G	0	0	145	34.4
A_NP	788	134	C	0	0	134	34.6
A_NP	789	138	T	0	0	138	35.4
A_NP	790	140	C	0	0	140	34.4
A_NP	791	137	T	0	0	137	37.8
A_NP	792	135	C	0	0	135	35.2
A_NP	793	149	A	0	0	149	36.4
A_NP	794	139	T	0	0	139	35.6
A_NP	795	137	C	0	0	137	37.4
A_NP	796	139	C	0	0	139	36.6
A_NP	797	146	T	0	0	146	36.4
A_NP	798	134	G	0	0	134	37.5
A_NP	799	132	A	0	0	132	34.8
A_NP	800	135	G	0	0	135	37.6
A_NP	801	150	G	0	0	150	37.5
A_NP	802	142	G	0	0	142	36.3
A_NP	803	143	G	0	0	143	37.5
A_NP	804	139	A	0	0	139	35.4
A_NP	805	157	T	0	0	157	36.3
A_NP	806	139	C	0	0	139	36.9
A_NP	807	158	A	0	0	158	37.9
A_NP	808	136	G	0	0	136	36.6
A_NP	809	138	T	0	0	138	37.8
A_NP	810	153	G	0	0	153	37.9
A_NP	811	161	G	0	0	161	35.7
A_NP	812	152	C	0	0	152	36.4
A_NP	813	161	T	0	0	161	36.1
A_NP	814	145	C	0	0	145	34.7
A_NP	815	170	A	0	0	170	35.9
A_NP	816	171	T	0	0	171	36.4
A_NP	817	176	A	0	0	176	37.5
A_NP	818	141	A	0	0	141	37.7
A_NP	819	159	G	0	0	159	35.2
A_NP	820	154	T	0	0	154	34.9
A_NP	821	148	C	0	0	148	35.6
A_NP	822	144	C	0	0	144	36.7
A_NP	823	166	T	0	0	166	36.3
A_NP	824	164	G	0	0	164	34.2
A_NP	825	156	T	0	0	156	36.5
A_NP	826	154	C	0	0	154	36.2
A_NP	827	167	T	0	0	167	34.5
A_NP	828	150	G	0	0	150	36.0
A_NP	829	175	C	0	0	175	34.3
A_NP	830	160	C	0	0	160	36.1
A_NP	831	187	T	0	0	187	35.9
A_NP	832	176	G	0	0	176	34.9
A_NP	833	163	C	0	0	163	34.2
A_NP	834	193	T	0	0	193	36.0
A_NP	835	166	T	0	0	166	38.0
A_NP	836	205	G	0	0	205	35.4
A_NP	837	181	C	0	0	181	36.6
A_NP	838	196	G	0	0	196	37.6
A_NP	839	193	T	0	0	193	37.1
A_NP	840	197	A	0	0	197	37.3
A_NP	841	180	T	0	0	180	36.1
A_NP	842	209	A	0	0	209	35.9
A_NP	843	202	T	0	0	202	37.6
A_NP	844	190	G	0	0	190	35.9
A_NP	845	188	G	0	0	188	35.3
A_NP	846	202	A	0	0	202	37.1
A_NP	847	194	C	0	0	194	36.7
A_NP	848	188	T	0	0	188	35.5
A_NP	849	205	T	0	0	205	34.4
A_NP	850	194	G	0	0	194	37.3
A_NP	851	215	C	0	0	215	34.3
A_NP	852	180	T	0	0	180	36.8
A_NP	853	198	G	0	0	198	36.5
A_NP	854	209	T	0	0	209	36.5
A_NP	855	195	A	0	0	195	34.7
A_NP	856	196	G	0	0	196	35.4
A_NP	857	211	C	0	0	211	37.1
A_NP	858	215	C	0	0	215	34.1
A_NP	859	190	A	0	0	190	37.0
A_NP	860	203	G	0	0	203	36.2
A_NP	861	224	T	0	0	224	37.3
A_NP	862	219	G	0	0	219	34.2
A_NP	863	220	G	0	0	220	35.6
A_NP	864	233	A	0	0	233	37.5
A_NP	865	224	T	0	0	224	37.7
A_NP	866	216	A	0	0	216	36.1
A_NP	867	214	T	0	0	214	36.8
A_NP	868	203	G	0	0	203	35.8
A_NP	869	228	A	0	0	228	37.8
A_NP	870	201	C	0	0	201	37.0
A_NP	871	203	T	0	0	203	34.1
A_NP	872	220	T	0	0	220	37.3
A_NP	873	241	T	0	0	241	36.5
A_NP	874	217	G	0	0	217	34.3
A_NP	875	223	A	0	0	223	34.7
A_NP	876	249	A	0	0	249	36.3
A_NP	877	234	A	0	0	234	36.7
A_NP	878	256	G	0	0	256	37.8
A_NP	879	233	A	0	0	233	36.5
A_NP	880	250	G	0	0	250	37.6
A_NP	881	236	A	0	0	236	35.5
A_NP	882	218	G	0	0	218	34.0
A_NP	883	252	G	0	0	252	35.9
A_NP	884	227	G	0	0	227	35.0
A_NP	885	229	A	0	0	229	35.9
A_NP	886	248	T	0	0	248	35.3
A_NP	887	241	A	0	0	241	37.2
A_NP	888	233	T	0	0	233	35.6
A_NP	889	272	T	0	0	272	34.4
A_NP	890	224	C	0	0	224	34.8
A_NP	891	232	T	0	0	232	35.3
A_NP	892	240	C	0	0	240	34.2
A_NP	893	239	T	0	0	239	34.8
A_NP	894	260	A	0	0	260	35.4
A_NP	895	245	G	0	0	245	35.3
A_NP	896	239	T	0	0	239	37.9
A_NP	897	259	C	0	0	259	36.6
A_NP	898	261	G	0	0	261	37.5
A_NP	899	284	G	0	0	284	37.4
A_NP	900	256	A	0	0	256	36.4
A_NP	901	260	A	0	0	260	35.0
A_NP	902	235	T	0	0	235	36.5
A_NP	903	245	T	0	0	245	34.7
A_NP	904	254	G	0	0	254	36.7
A_NP	905	253	A	0	0	253	37.3
A_NP	906	221	T	0	0	221	36.8
A_NP	907	259	C	0	0	259	36.7
A_NP	908	264	C	0	0	264	37.8
A_NP	909	281	T	0	0	281	35.3
A_NP	910	269	T	0	0	269	35.0
A_NP	911	285	T	0	0	285	34.7
A_NP	912	284	C	0	0	284	35.7
A_NP	913	252	C	0	0	252	37.9
A_NP	914	271	G	0	0	271	36.8
A_NP	915	238	T	0	0	238	36.0
A_NP	916	291	C	0	0	291	37.3
A_NP	917	233	T	0	0	233	36.5
A_NP	918	257	G	0	0	257	36.3
A_NP	919	246	C	0	0	246	37.0
A_NP	920	286	T	0	0	286	36.4
A_NP	921	256	C	0	0	256	37.6
A_NP	922	248	C	0	0	248	34.2
A_NP	923	251	A	0	0	251	35.1
A_NP	924	275	A	0	0	275	36.2
A_NP	925	263	A	0	0	263	34.4
A_NP	926	265	A	0	0	265	37.6
A_NP	927	235	C	0	0	235	36.5
A_NP	928	273	A	0	0	273	37.0
A_NP	929	284	G	0	0	284	34.8
A_NP	930	258	C	0	0	258	34.3
A_NP	931	265	C	0	0	265	35.4
A_NP	932	263	A	0	0	263	37.6
A_NP	933	243	A	0	0	243	36.2
A_NP	934	253	G	0	0	253	35.9
A_NP	935	251	T	0	0	251	34.4
A_NP	936	254	C	0	0	254	37.5
A_NP	937	254	T	0	0	254	36.1
A_NP	938	261	T	0	0	261	36.2
A_NP	939	255	C	0	0	255	34.5
A_NP	940	253	A	0	0	253	36.8
A_NP	941	245	G	0	0	245	34.9
A_NP	942	269	T	0	0	269	37.8
A_NP	943	249	C	0	0	249	35.2
A_NP	944	286	T	0	0	286	36.4
A_NP	945	259	C	0	0	259	36.5
A_NP	946	275	A	0	0	275	36.9
A_NP	947	220	T	0	0	220	34.5
A_NP	948	259	C	0	0	259	35.9
A_NP	949	275	A	0	0	275	38.0
A_NP	950	275	G	0	0	275	36.9
A_NP	951	236	A	0	0	236	36.2
A_NP	952	253	C	0	0	253	36.4
A_NP	953	244	C	0	0	244	36.2
A_NP	954	235	G	0	0	235	36.7
A_NP	955	285	A	0	0	285	37.1
A_NP	956	269	A	0	0	269	36.7
A_NP	957	243	C	0	0	243	34.6
A_NP	958	254	G	0	0	254	36.5
A_NP	959	236	A	0	0	236	34.2
A_NP	960	252	A	0	0	252	35.8
A_NP	961	213	A	0	0	213	34.8
A_NP	962	266	A	0	0	266	36.8
A_NP	963	230	T	0	0	230	35.4
A_NP	964	230	C	0	0	230	36.7
A_NP	965	248	C	0	0	248	36.7
A_NP	966	241	A	0	0	241	34.9
A_NP	967	262	G	0	0	262	35.7
A_NP	968	262	C	0	0	262	34.1
A_NP	969	181	T	0	0	181	37.1
A_NP	970	230	C	0	0	230	37.4
A_NP	971	246	A	0	0	246	34.4
A_NP	972	223	T	0	0	223	37.1
A_NP	973	248	A	0	0	248	35.3
A_NP	974	228	A	0	0	228	36.4
A_NP	975	221	A	0	0	221	34.7
A_NP	976	233	A	0	0	233	36.3
A_NP	977	246	G	0	0	246	35.3
A_NP	978	248	T	0	0	248	35.8
A_NP	979	198	C	0	0	198	34.9
A_NP	980	234	A	0	0	234	36.8
A_NP	981	238	G	0	0	238	36.7
A_NP	982	245	C	0	0	245	34.4
A_NP	983	219	T	0	0	219	35.3
A_NP	984	216	G	0	0	216	37.1
A_NP	985	221	G	0	0	221	35.5
A_NP	986	235	T	0	0	235	35.0
A_NP	987	240	A	0	0	240	37.1
A_NP	988	224	T	0	0	224	34.9
A_NP	989	221	G	0	0	221	36.4
A_NP	990	212	G	0	0	212	35.1
A_NP	991	229	A	0	0	229	35.5
A_NP	992	230	T	0	0	230	37.9
A_NP	993	237	G	0	0	237	36.2
A_NP	994	224	G	0	0	224	37.9
A_NP	995	233	C	0	0	233	36.5
A_NP	996	211	A	0	0	211	34.6
A_NP	997	257	T	0	0	257	37.9
A_NP	998	221	G	0	0	221	36.0
A_NP	999	211	C	0	0	211	35.2
A_NP	1000	236	C	0	0	236	36.4
A_NP	1001	198	A	0	0	198	36.1
A_NP	1002	216	C	0	0	216	35.8
A_NP	1003	230	T	0	0	230	34.4
A_NP	1004	239	C	0	0	239	35.6
A_NP	1005	233	T	0	0	233	34.9
A_NP	1006	213	G	0	0	213	37.2
A_NP	1007	213	C	0	0	213	34.2
A_NP	1008	213	G	0	0	213	37.8
A_NP	1009	217	G	0	0	217	37.9
A_NP	1010	225	C	0	0	225	35.9
A_NP	1011	227	A	0	0	227	37.2
A_NP	1012	213	T	0	0	213	36.4
A_NP	1013	216	T	0	0	216	36.1
A_NP	1014	229	T	0	0	229	37.5
A_NP	1015	232	G	0	0	232	37.8
A_NP	1016	217	A	0	0	217	34.1
A_NP	1017	216	G	0	0	216	34.9
A_NP	1018	197	G	0	0	197	34.4
A_NP	1019	234	A	0	0	234	34.9
A_NP	1020	237	T	0	0	237	35.0
A_NP	1021	223	C	0	0	223	37.5
A_NP	1022	258	T	0	0	258	34.9
A_NP	1023	217	G	0	0	217	35.6
A_NP	1024	190	A	0	0	190	35.8
A_NP	1025	216	G	0	0	216	34.4
A_NP	1026	229	A	0	0	229	36.2
A_NP	1027	203	G	0	0	203	37.2
A_NP	1028	218	T	0	0	218	34.5
A_NP	1029	210	G	0	0	210	34.4
A_NP	1030	207	T	0	0	207	35.5
A_NP	1031	235	C	0	0	235	36.3
A_NP	1032	236	A	0	0	236	36.6
A_NP	1033	228	A	0	0	228	37.6
A_NP	1034	208	G	0	0	208	37.3
A_NP	1035	223	C	0	0	223	37.1
A_NP	1036	253	T	0	0	253	34.3
A_NP	1037	225	T	0	0	225	36.1
A_NP	1038	228	C	0	0	228	37.1
A_NP	1039	226	A	0	0	226	37.2
A_NP	1040	214	T	0	0	214	35.7
A_NP	1041	238	C	0	0	238	36.6
A_NP	1042	227	A	0	0	227	36.4
A_NP	1043	222	G	0	0	222	34.0
A_NP	1044	232	A	0	0	232	37.4
A_NP	1045	209	G	0	0	209	34.6
A_NP	1046	227	G	0	0	227	35.3
A_NP	1047	235	G	0	0	235	37.9
A_NP	1048	230	A	0	0	230	37.1
A_NP	1049	215	C	0	0	215	34.6
A_NP	1050	243	A	0	0	243	37.5
A_NP	1051	215	A	0	0	215	35.8
A_NP	1052	226	G	0	0	226	35.9
A_NP	1053	231	A	0	0	231	35.9
A_NP	1054	230	G	0	0	230	37.9
A_NP	1055	197	T	0	0	197	34.0
A_NP	1056	211	A	0	0	211	35.1
A_NP	1057	245	G	0	0	245	34.9
A_NP	1058	230	T	0	0	230	36.8
A_NP	1059	255	C	0	0	255	37.9
A_NP	1060	233	C	0	0	233	37.9
A_NP	1061	257	C	0	0	257	35.3
A_NP	1062	241	A	0	0	241	34.1
A_NP	1063	228	A	0	0	228	35.2
A_NP	1064	245	G	0	0	245	34.0
A_NP	1065	252	A	0	0	252	35.0
A_NP	1066	246	G	0	0	246	34.1
A_NP	1067	231	G	0	0	231	36.2
A_NP	1068	241	A	0	0	241	35.4
A_NP	1069	235	C	0	0	235	35.0
A_NP	1070	230	A	0	0	230	34.7
A_NP	1071	233	A	0	0	233	35.7
A_NP	1072	225	C	0	0	225	34.3
A_NP	1073	228	T	0	0	228	36.9
A_NP	1074	257	G	0	0	257	35.7
A_NP	1075	244	T	0	0	244	34.7
A_NP	1076	221	C	0	0	221	36.6
A_NP	1077	257	C	0	0	257	35.6
A_NP	1078	259	A	0	0	259	36.7
A_NP	1079	240	C	0	0	240	34.5
A_NP	1080	230	C	0	0	230	37.1
A_NP	1081	244	A	0	0	244	34.1
A_NP	1082	239	G	0	0	239	37.5
A_NP	1083	225	A	0	0	225	37.6
A_NP	1084	231	G	0	0	231	37.8
A_NP	1085	232	G	0	0	232	36.0
A_NP	1086	237	A	0	0	237	36.0
A_NP	1087	241	G	0	0	241	36.1
A_NP	1088	224	T	0	0	224	34.1
A_NP	1089	235	T	0	0	235	36.7
A_NP	1090	231	C	0	0	231	36.1
A_NP	1091	223	A	0	0	223	34.6
A_NP	1092	286	G	0	0	286	36.4
A_NP	1093	232	A	0	0	232	34.4
A_NP	1094	245	T	0	0	245	37.6
A_NP	1095	248	T	0	0	248	35.8
A_NP	1096	236	G	0	0	236	37.3
A_NP	1097	219	C	0	0	219	37.7
A_NP	1098	228	T	0	0	228	36.0
A_NP	1099	249	T	0	0	249	36.7
A_NP	1100	234	C	0	0	234	35.4
A_NP	1101	273	A	0	0	273	36.0
A_NP	1102	237	A	0	0	237	35.5
A_NP	1103	257	A	0	0	257	36.9
A_NP	1104	247	T	0	0	247	35.4
A_NP	1105	228	G	0	0	228	37.8
A_NP	1106	230	A	0	0	230	34.8
A_NP	1107	241	A	0	0	241	37.2
A_NP	1108	254	A	0	0	254	37.9
A_NP	1109	210	A	0	0	210	36.5
A_NP	1110	225	C	0	0	225	36.8
A_NP	1111	237	A	0	0	237	34.8
A_NP	1112	237	T	0	0	237	36.0
A_NP	1113	233	G	0	0	233	34.4
A_NP	1114	228	G	0	0	228	37.6
A_NP	1115	246	A	0	0	246	35.8
A_NP	1116	233	G	0	0	233	35.9
A_NP	1117	228	A	0	0	228	35.1
A_NP	1118	236	C	0	0	236	36.4
A_NP	1119	224	A	0	0	224	35.6
A_NP	1120	276	A	0	0	276	36.7
A_NP	1121	231	T	0	0	231	37.2
A_NP	1122	236	G	0	0	236	36.1
A_NP	1123	220	G	0	0	220	37.0
A_NP	1124	239	A	0	0	239	36.2
A_NP	1125	244	C	0	0	244	35.0
A_NP	1126	239	T	0	0	239	34.1
A_NP	1127	266	C	0	0	266	35.1
A_NP	1128	233	C	0	0	233	36.7
A_NP	1129	224	A	0	0	224	35.6
A_NP	1130	238	G	0	0	238	35.3
A_NP	1131	214	T	0	0	214	36.1
A_NP	1132	221	A	0	0	221	35.5
A_NP	1133	220	C	0	0	220	34.3
A_NP	1134	221	T	0	0	221	37.4
A_NP	1135	197	C	0	0	197	37.7
A_NP	1136	202	T	0	0	202	37.2
A_NP	1137	216	T	0	0	216	36.5
A_NP	1138	207	G	0	0	207	34.4
A_NP	1139	232	A	0	0	232	37.6
A_NP	1140	189	A	0	0	189	37.5
A_NP	1141	208	C	0	0	208	37.4
A_NP	1142	204	T	0	0	204	35.5
A_NP	1143	225	G	0	0	225	35.8
A_NP	1144	182	A	0	0	182	37.6
A_NP	1145	217	G	0	0	217	36.9
A_NP	1146	191	G	0	0	191	36.3
A_NP	1147	213	A	0	0	213	35.0
A_NP	1148	217	G	0	0	217	37.1
A_NP	1149	194	C	0	0	194	37.2
A_NP	1150	208	A	0	0	208	35.7
A_NP	1151	192	G	0	0	192	35.4
A_NP	1152	205	A	0	0	205	34.3
A_NP	1153	197	T	0	0	197	35.1
A_NP	1154	206	A	0	0	206	35.6
A_NP	1155	177	C	0	0	177	36.9
A_NP	1156	176	T	0	0	176	34.2
A_NP	1157	192	G	0	0	192	34.7
A_NP	1158	203	G	0	0	203	38.0
A_NP	1159	194	G	0	0	194	35.1
A_NP	1160	184	C	0	0	184	34.0
A_NP	1161	196	T	0	0	196	37.9
A_NP	1162	177	A	0	0	177	36.3
A_NP	1163	185	T	0	0	185	36.9
A_NP	1164	194	A	0	0	194	37.5
A_NP	1165	179	A	0	0	179	35.8
A_NP	1166	184	G	0	0	184	34.3
A_NP	1167	184	A	0	0	184	38.0
A_NP	1168	191	A	0	0	191	37.6
A_NP	1169	187	C	0	0	187	34.8
A_NP	1170	171	A	0	0	171	35.4
A_NP	1171	175	A	0	0	175	36.8
A_NP	1172	204	G	0	0	204	35.1
A_NP	1173	158	A	0	0	158	35.5
A_NP	1174	176	A	0	0	176	35.5
A_NP	1175	168	G	0	0	168	37.3
A_NP	1176	175	T	0	0	175	35.3
A_NP	1177	167	G	0	0	167	34.7
A_NP	1178	150	G	0	0	150	37.5
A_NP	1179	166	A	0	0	166	35.5
A_NP	1180	164	G	0	0	164	34.4
A_NP	1181	161	G	0	0	161	38.0
A_NP	1182	161	A	0	0	161	35.2
A_NP	1183	178	A	0	0	178	35.9
A_NP	1184	165	A	0	0	165	35.8
A_NP	1185	157	C	0	0	157	37.3
A_NP	1186	153	A	0	0	153	34.9
A_NP	1187	167	C	0	0	167	34.6
A_NP	1188	152	T	0	0	152	34.7
A_NP	1189	147	A	0	0	147	35.4
A_NP	1190	151	A	0	0	151	36.5
A_NP	1191	178	C	0	0	178	35.0
A_NP	1192	160	C	0	0	160	35.5
A_NP	1193	147	A	0	0	147	34.3
A_NP	1194	144	A	0	0	144	34.2
A_NP	1195	140	C	0	0	140	35.1
A_NP	1196	156	A	0	0	156	34.7
A_NP	1197	146	G	0	0	146	36.6
A_NP	1198	156	A	0	0	156	36.9
A_NP	1199	146	G	0	0	146	35.5
A_NP	1200	134	A	0	0	134	34.8
A_NP	1201	148	G	0	0	148	37.4
A_NP	1202	146	C	0	0	146	35.4
A_NP	1203	164	A	0	0	164	34.2
A_NP	1204	145	T	0	0	145	35.2
A_NP	1205	141	C	0	0	141	35.2
A_NP	1206	134	T	0	0	134	34.8
A_NP	1207	129	G	0	0	129	37.4
A_NP	1208	137	C	0	0	137	36.9
A_NP	1209	132	A	0	0	132	36.3
A_NP	1210	127	G	0	0	127	36.2
A_NP	1211	127	G	0	0	127	34.1
A_NP	1212	137	A	0	0	137	36.0
A_NP	1213	131	C	0	0	131	35.7
A_NP	1214	153	A	0	0	153	38.0
A_NP	1215	128	A	0	0	128	34.1
A_NP	1216	137	A	0	0	137	37.1
A_NP	1217	139	T	0	0	139	36.9
A_NP	1218	133	C	0	0	133	35.2
A_NP	1219	129	A	0	0	129	35.3
A_NP	1220	141	G	0	0	141	37.1
A_NP	1221	140	C	0	0	140	37.2
A_NP	1222	121	G	0	0	121	34.4
A_NP	1223	131	T	0	0	131	37.3
A_NP	1224	134	A	0	0	134	36.1
A_NP	1225	141	C	0	0	141	37.4
A_NP	1226	131	A	0	0	131	35.5
A_NP	1227	127	G	0	0	127	35.4
A_NP	1228	135	C	0	0	135	36.1
A_NP	1229	137	C	0	0	137	34.3
A_NP	1230	139	C	0	0	139	34.9
A_NP	1231	146	A	0	0	146	35.4
A_NP	1232	140	C	0	0	140	37.1
A_NP	1233	134	A	0	0	134	37.3
A_NP	1234	141	T	0	0	141	35.9
A_NP	1235	124	T	0	0	124	36.3
A_NP	1236	142	C	0	0	142	37.2
A_NP	1237	130	T	0	0	130	37.6
A_NP	1238	136	C	0	0	136	36.1
A_NP	1239	137	T	0	0	137	37.9
A_NP	1240	133	G	0	0	133	35.3
A_NP	1241	141	T	0	0	141	34.1
A_NP	1242	156	G	0	0	156	36.6
A_NP	1243	143	C	0	0	143	37.7
A_NP	1244	139	A	0	0	139	35.4
A_NP	1245	143	A	0	0	143	37.3
A_NP	1246	134	A	0	0	134	34.1
A_NP	1247	137	G	0	0	137	37.9
A_NP	1248	151	A	0	0	151	35.2
A_NP	1249	140	A	0	0	140	37.6
A_NP	1250	146	A	0	0	146	36.8
A_NP	1251	127	C	0	0	127	35.6
A_NP	1252	125	C	0	0	125	36.2
A_NP	1253	139	T	0	0	139	36.4
A_NP	1254	152	C	0	0	152	36.0
A_NP	1255	147	C	0	0	147	37.6
A_NP	1256	144	C	0	0	144	34.5
A_NP	1257	150	A	0	0	150	35.3
A_NP	1258	135	T	0	0	135	37.8
A_NP	1259	149	T	0	0	149	37.7
A_NP	1260	158	C	0	0	158	35.3
A_NP	1261	159	G	0	0	159	34.8
A_NP	1262	152	A	0	0	152	35.8
A_NP	1263	148	G	0	0	148	36.4
A_NP	1264	150	A	0	0	150	37.5
A_NP	1265	160	G	0	0	160	37.7
A_NP	1266	157	A	0	0	157	34.8
A_NP	1267	160	G	0	0	160	34.3
A_NP	1268	171	C	0	0	171	35.7
A_NP	1269	171	A	0	0	171	34.1
A_NP	1270	159	A	0	0	159	34.3
A_NP	1271	153	C	0	0	153	35.0
A_NP	1272	141	C	0	0	141	35.3
A_NP	1273	171	A	0	0	171	34.8
A_NP	1274	163	T	0	0	163	35.6
A_NP	1275	167	C	0	0	167	34.6
A_NP	1276	186	A	0	0	186	34.0
A_NP	1277	161	T	0	0	161	36.9
A_NP	1278	174	G	0	0	174	35.1
A_NP	1279	163	G	0	0	163	35.3
A_NP	1280	171	C	0	0	171	36.0
A_NP	1281	170	A	0	0	170	36.2
A_NP	1282	200	G	0	0	200	35.6
A_NP	1283	176	C	0	0	176	36.9
A_NP	1284	165	A	0	0	165	37.5
A_NP	1285	185	T	0	0	185	35.4
A_NP	1286	175	T	0	0	175	35.0
A_NP	1287	177	T	0	0	177	37.3
A_NP	1288	165	A	0	0	165	36.3
A_NP	1289	199	C	0	0	199	34.7
A_NP	1290	171	G	0	0	171	35.8
A_NP	1291	200	G	0	0	200	36.4
A_NP	1292	186	G	0	0	186	34.4
A_NP	1293	202	A	0	0	202	36.6
A_NP	1294	189	A	0	0	189	37.3
A_NP	1295	192	A	0	0	192	35.9
A_NP	1296	182	C	0	0	182	37.1
A_NP	1297	218	A	0	0	218	34.4
A_NP	1298	183	C	0	0	183	34.9
A_NP	1299	169	T	0	0	169	35.2
A_NP	1300	196	G	0	0	196	38.0
A_NP	1301	185	A	0	0	185	35.2
A_NP	1302	212	A	0	0	212	36.0
A_NP	1303	182	G	0	0	182	37.1
A_NP	1304	203	G	0	0	203	36.8
A_NP	1305	199	C	0	0	199	35.4
A_NP	1306	187	A	0	0	187	34.1
A_NP	1307	194	G	0	0	194	34.2
A_NP	1308	195	A	0	0	195	34.1
A_NP	1309	216	A	0	0	216	34.1
A_NP	1310	180	C	0	0	180	34.1
A_NP	1311	188	T	0	0	188	35.8
A_NP	1312	191	T	0	0	191	35.0
A_NP	1313	196	C	0	0	196	35.2
A_NP	1314	237	A	0	0	237	36.0
A_NP	1315	216	G	0	0	216	34.8
A_NP	1316	192	A	0	0	192	34.7
A_NP	1317	203	C	0	0	203	37.5
A_NP	1318	194	A	0	0	194	35.4
A_NP	1319	211	T	0	0	211	38.0
A_NP	1320	228	G	0	0	228	37.4
A_NP	1321	193	A	0	0	193	35.6
A_NP	1322	217	G	0	0	217	36.3
A_NP	1323	224	A	0	0	224	37.4
A_NP	1324	213	A	0	0	213	37.8
A_NP	1325	218	C	0	0	218	37.0
A_NP	1326	213	T	0	0	213	35.7
A_NP	1327	195	G	0	0	195	37.1
A_NP	1328	205	A	0	0	205	35.0
A_NP	1329	206	G	0	0	206	35.0
A_NP	1330	221	A	0	0	221	37.2
A_NP	1331	212	T	0	0	212	35.2
A_NP	1332	222	C	0	0	222	36.3
A_NP	1333	209	A	0	0	209	37.3
A_NP	1334	212	T	0	0	212	35.3
A_NP	1335	216	A	0	0	216	34.4
A_NP	1336	195	A	0	0	195	35.2
A_NP	1337	203	G	0	0	203	38.0
A_NP	1338	217	G	0	0	217	34.5
A_NP	1339	261	A	0	0	261	34.1
A_NP	1340	216	T	0	0	216	37.6
A_NP	1341	228	G	0	0	228	34.3
A_NP	1342	204	A	0	0	204	35.6
A_NP	1343	212	T	0	0	212	35.0
A_NP	1344	213	G	0	0	213	34.2
A_NP	1345	246	G	0	0	246	37.8
A_NP	1346	205	A	0	0	205	37.9
A_NP	1347	204	A	0	0	204	35.0
A_NP	1348	217	A	0	0	217	36.1
A_NP	1349	237	A	0	0	237	36.7
A_NP	1350	208	T	0	0	208	36.6
A_NP	1351	230	G	0	0	230	34.6
A_NP	1352	217	C	0	0	217	34.5
A_NP	1353	227	C	0	0	227	37.2
A_NP	1354	197	A	0	0	197	36.3
A_NP	1355	224	G	0	0	224	35.4
A_NP	1356	237	A	0	0	237	34.4
A_NP	1357	205	C	0	0	205	37.8
A_NP	1358	216	C	0	0	216	35.3
A_NP	1359	208	T	0	0	208	34.9
A_NP	1360	223	G	0	0	223	36.5
A_NP	1361	232	A	0	0	232	34.3
A_NP	1362	208	A	0	0	208	34.4
A_NP	1363	221	G	0	0	221	36.0
A_NP	1364	206	A	0	0	206	36.0
A_NP	1365	224	T	0	0	224	35.8
A_NP	1366	214	G	0	0	214	35.3
A_NP	1367	231	T	0	0	231	35.2
A_NP	1368	215	G	0	0	215	36.5
A_NP	1369	205	T	0	0	205	35.0
A_NP	1370	214	C	0	0	214	35.8
A_NP	1371	217	T	0	0	217	34.8
A_NP	1372	237	T	0	0	237	35.4
A_NP	1373	225	T	0	0	225	37.6
A_NP	1374	218	C	0	0	218	34.1
A_NP	1375	211	C	0	0	211	34.0
A_NP	1376	206	A	0	0	206	36.9
A_NP	1377	240	G	0	0	240	34.5
A_NP	1378	249	G	0	0	249	35.6
A_NP	1379	223	G	0	0	223	36.4
A_NP	1380	219	G	0	0	219	35.5
A_NP	1381	224	C	0	0	224	35.9
A_NP	1382	224	G	0	0	224	37.6
A_NP	1383	235	G	0	0	235	36.8
A_NP	1384	198	G	0	0	198	37.5
A_NP	1385	194	G	0	0	194	34.9
A_NP	1386	204	A	0	0	204	36.7
A_NP	1387	210	G	0	0	210	37.1
A_NP	1388	228	T	0	0	228	35.2
A_NP	1389	211	C	0	0	211	34.3
A_NP	1390	224	T	0	0	224	37.2
A_NP	1391	227	T	0	0	227	35.6
A_NP	1392	238	C	0	0	238	35.2
A_NP	1393	213	G	0	0	213	37.0
A_NP	1394	215	A	0	0	215	35.6
A_NP	1395	215	G	0	0	215	35.0
A_NP	1396	222	C	0	0	222	36.8
A_NP	1397	203	T	0	0	203	35.5
A_NP	1398	193	C	0	0	193	35.1
A_NP	1399	211	T	0	0	211	36.6
A_NP	1400	231	C	0	0	231	37.7
A_NP	1401	204	G	0	0	204	36.6
A_NP	1402	207	G	0	0	207	36.1
A_NP	1403	183	A	0	0	183	37.5
A_NP	1404	197	C	0	0	197	34.5
A_NP	1405	201	G	0	0	201	37.1
A_NP	1406	203	A	0	0	203	36.5
A_NP	1407	202	A	0	0	202	35.3
A_NP	1408	208	A	0	0	208	37.3
A_NP	1409	218	A	0	0	218	35.5
A_NP	1410	206	G	0	0	206	35.9
A_NP	1411	200	G	0	0	200	34.8
A_NP	1412	198	C	0	0	198	36.2
A_NP	1413	179	A	0	0	179	36.3
A_NP	1414	182	A	0	0	182	34.9
A_NP	1415	192	C	0	0	192	37.6
A_NP	1416	183	G	0	0	183	37.0
A_NP	1417	174	A	0	0	174	34.5
A_NP	1418	176	A	0	0	176	34.7
A_NP	1419	181	C	0	0	181	34.0
A_NP	1420	188	C	0	0	188	37.1
A_NP	1421	179	C	0	0	179	37.7
A_NP	1422	167	G	0	0	167	36.6
A_NP	1423	165	A	0	0	165	34.3
A_NP	1424	191	T	0	0	191	35.9
A_NP	1425	154	C	0	0	154	35.7
A_NP	1426	158	G	0	0	158	34.5
A_NP	1427	163	T	0	0	163	35.9
A_NP	1428	160	G	0	0	160	36.4
A_NP	1429	161	C	0	0	161	36.0
A_NP	1430	166	C	0	0	166	37.8
A_NP	1431	152	T	0	0	152	37.7
A_NP	1432	153	T	0	0	153	36.7
A_NP	1433	129	C	0	0	129	36.8
A_NP	1434	137	C	0	0	137	36.2
A_NP	1435	134	T	0	0	134	36.3
A_NP	1436	141	T	0	0	141	35.9
A_NP	1437	145	T	0	0	145	35.3
A_NP	1438	134	G	0	0	134	37.1
A_NP	1439	125	A	0	0	125	35.9
A_NP	1440	143	C	0	0	143	36.7
A_NP	1441	127	A	0	0	127	35.4
A_NP	1442	126	T	0	0	126	35.8
A_NP	1443	134	G	0	0	134	36.9
A_NP	1444	127	A	0	0	127	35.2
A_NP	1445	126	G	0	0	126	37.4
A_NP	1446	117	T	0	0	117	35.9
A_NP	1447	124	A	0	0	124	35.8
A_NP	1448	122	A	0	0	122	36.6
A_NP	1449	117	T	0	0	117	37.6
A_NP	1450	128	G	0	0	128	36.1
A_NP	1451	113	A	0	0	113	36.8
A_NP	1452	108	A	0	0	108	36.1
A_NP	1453	113	G	0	0	113	34.9
A_NP	1454	103	G	0	0	103	34.6
A_NP	1455	104	A	0	0	104	37.3
A_NP	1456	103	T	0	0	103	37.0
A_NP	1457	105	C	0	0	105	36.3
A_NP	1458	99	T	0	0	99	37.7
A_NP	1459	82	T	0	0	82	37.9
A_NP	1460	89	A	0	0	89	35.6
A_NP	1461	94	T	0	0	94	36.7
A_NP	1462	88	T	0	0	88	37.7
A_NP	1463	79	T	0	0	79	37.4
A_NP	1464	88	C	0	0	88	37.3
A_NP	1465	82	T	0	0	82	35.9
A_NP	1466	75	T	0	0	75	34.2
A_NP	1467	74	C	0	0	74	37.2
A_NP	1468	72	G	0	0	72	34.4
A_NP	1469	75	G	0	0	75	36.6
A_NP	1470	64	A	0	0	64	37.6
A_NP	1471	68	G	0	0	68	35.4
A_NP	1472	65	A	0	0	65	35.8
A_NP	1473	60	C	0	0	60	35.2
A_NP	1474	60	A	0	0	60	34.1
A_NP	1475	66	A	0	0	66	35.9
A_NP	1476	54	T	0	0	54	38.0
A_NP	1477	54	G	0	0	54	34.7
A_NP	1478	43	C	0	0	43	35.8
A_NP	1479	47	A	0	0	47	35.1
A_NP	1480	46	G	0	0	46	35.9
A_NP	1481	42	A	0	0	42	35.7
A_NP	1482	46	G	0	0	46	34.4
A_NP	1483	34	G	0	0	34	34.2
A_NP	1484	42	A	0	0	42	35.2
A_NP	1485	34	G	0	0	34	35.7
A_NP	1486	34	T	0	0	34	35.9
A_NP	1487	30	A	0	0	30	37.9
A_NP	1488	25	T	0	0	25	34.4
A_NP	1489	23	G	0	0	23	35.1
A_NP	1490	18	A	0	0	18	34.0
A_NP	1491	18	C	0	0	18	36.3
A_NP	1492	14	A	0	0	14	34.6
A_NP	1493	10	A	0	0	10	36.6
A_NP	1494	9	T	0	0	9	35.7
A_NP	1495	5	T	0	0	5	35.9
A_NP	1496	3	A	0	0	3	36.8
A_NP	1497	0	A	0	0	0	36.9
