Reference_Name	Position	Coverage Depth	Consensus	Deletions	Ambiguous	Consensus_Count	Consensus_Average_Quality
A_PB2	1	1	A	0	0	1	36.5
A_PB2	2	2	T	0	0	2	36.0
A_PB2	3	3	G	0	0	3	34.1
A_PB2	4	3	G	0	0	3	35.8
A_PB2	5	4	A	0	0	4	37.4
A_PB2	6	6	G	0	0	6	34.3
A_PB2	7	6	A	0	0	6	34.2
A_PB2	8	8	G	0	0	8	35.2
A_PB2	9	8	A	0	0	8	36.5
A_PB2	10	8	A	0	0	8	36.1
A_PB2	11	10	T	0	0	10	37.7
A_PB2	12	11	A	0	0	11	34.7
A_PB2	13	12	A	0	0	12	35.6
A_PB2	14	13	A	0	0	13	35.0
A_PB2	15	13	A	0	0	13	37.5
A_PB2	16	16	G	0	0	16	37.0
A_PB2	17	15	A	0	0	15	35.2
A_PB2	18	15	A	0	0	15	35.9
A_PB2	19	16	C	0	0	16	34.4
A_PB2	20	17	T	0	0	17	34.4
A_PB2	21	19	A	0	0	19	35.0
A_PB2	22	21	A	0	0	21	35.8
A_PB2	23	21	G	0	0	21	36.1
A_PB2	24	22	A	0	0	22	36.5
A_PB2	25	22	G	0	0	22	35.3
A_PB2	26	26	A	0	0	26	36.3
A_PB2	27	24	T	0	0	24	36.6
A_PB2	28	22	C	0	0	22	34.8
A_PB2	29	25	T	0	0	25	34.1
A_PB2	30	28	A	0	0	28	35.5
A_PB2	31	28	A	0	0	28	36.2
A_PB2	32	27	T	0	0	27	37.1
A_PB2	33	26	G	0	0	26	37.5
A_PB2	34	31	T	0	0	31	35.6
A_PB2	35	34	C	0	0	34	35.1
A_PB2	36	31	A	0	0	31	34.1
A_PB2	37	31	C	0	0	31	37.6
A_PB2	38	33	A	0	0	33	37.8
A_PB2	39	36	G	0	0	36	36.1
A_PB2	40	36	T	0	0	36	36.3
A_PB2	41	33	C	0	0	33	34.6
A_PB2	42	35	T	0	0	35	34.6
A_PB2	43	36	C	0	0	36	36.9
A_PB2	44	39	G	0	0	39	36.3
A_PB2	45	39	C	0	0	39	36.0
A_PB2	46	42	A	0	0	42	37.7
A_PB2	47	42	C	0	0	42	35.9
A_PB2	48	41	T	0	0	41	36.0
A_PB2	49	42	C	0	0	42	35.7
A_PB2	50	44	G	0	0	44	36.7
A_PB2	51	43	C	0	0	43	36.4
A_PB2	52	47	G	0	0	47	35.4
A_PB2	53	47	A	0	0	47	34.6
A_PB2	54	46	G	0	0	46	36.4
A_PB2	55	47	A	0	0	47	37.9
A_PB2	56	53	T	0	0	53	36.3
A_PB2	57	47	A	0	0	47	37.1
A_PB2	58	49	C	0	0	49	36.2
A_PB2	59	53	T	0	0	53	35.9
A_PB2	60	52	G	0	0	52	34.3
A_PB2	61	52	A	0	0	52	37.2
A_PB2	62	59	C	0	0	59	36.2
A_PB2	63	52	C	0	0	52	37.2
A_PB2	64	53	A	0	0	53	34.8
A_PB2	65	59	A	0	0	59	35.0
A_PB2	66	59	A	0	0	59	34.4
A_PB2	67	53	A	0	0	53	37.3
A_PB2	68	60	C	0	0	60	36.2
A_PB2	69	62	C	0	0	62	35.3
A_PB2	70	55	A	0	0	55	36.5
A_PB2	71	56	C	0	0	56	36.7
A_PB2	72	66	T	0	0	66	34.3
A_PB2	73	67	G	0	0	67	35.9
A_PB2	74	59	T	0	0	59	37.6
A_PB2	75	68	T	0	0	68	37.8
A_PB2	76	69	G	0	0	69	37.8
A_PB2	77	62	A	0	0	62	35.2
A_PB2	78	66	C	0	0	66	36.1
A_PB2	79	69	C	0	0	69	34.7
A_PB2	80	69	A	0	0	69	36.3
A_PB2	81	71	C	0	0	71	34.9
A_PB2	82	65	A	0	0	65	36.5
A_PB2	83	62	T	0	0	62	34.6
A_PB2	84	74	G	0	0	74	36.1
A_PB2	85	74	G	0	0	74	36.1
A_PB2	86	81	C	0	0	81	37.4
A_PB2	87	72	C	0	0	72	35.5
A_PB2	88	80	A	0	0	80	35.9
A_PB2	89	77	T	0	0	77	37.7
A_PB2	90	87	A	0	0	87	35.0
A_PB2	91	81	A	0	0	81	34.4
A_PB2	92	75	T	0	0	75	37.4
A_PB2	93	77	C	0	0	77	37.7
A_PB2	94	77	A	0	0	77	36.1
A_PB2	95	83	A	0	0	83	37.0
A_PB2	96	89	A	0	0	89	34.4
A_PB2	97	83	A	0	0	83	36.1
A_PB2	98	90	A	0	0	90	37.4
A_PB2	99	81	G	0	0	81	34.7
A_PB2	100	93	T	0	0	93	36.1
A_PB2	101	83	A	0	0	83	35.9
A_PB2	102	89	C	0	0	89	34.7
A_PB2	103	89	A	0	0	89	36.6
A_PB2	104	89	C	0	0	89	36.4
A_PB2	105	96	A	0	0	96	36.3
A_PB2	106	92	T	0	0	92	35.9
A_PB2	107	97	C	0	0	97	36.2
A_PB2	108	93	G	0	0	93	34.0
A_PB2	109	94	G	0	0	94	36.0
A_PB2	110	100	G	0	0	100	37.8
A_PB2	111	83	A	0	0	83	37.8
A_PB2	112	97	A	0	0	97	37.2
A_PB2	113	101	G	0	0	101	36.8
A_PB2	114	96	G	0	0	96	37.8
A_PB2	115	103	C	0	0	103	35.8
A_PB2	116	100	A	0	0	100	34.5
A_PB2	117	101	A	0	0	101	37.5
A_PB2	118	101	G	0	0	101	37.0
A_PB2	119	89	A	0	0	89	37.3
A_PB2	120	90	G	0	0	90	34.3
A_PB2	121	106	A	0	0	106	35.1
A_PB2	122	116	A	0	0	116	34.6
A_PB2	123	107	G	0	0	107	37.0
A_PB2	124	105	A	0	0	105	34.2
A_PB2	125	118	A	0	0	118	36.6
A_PB2	126	110	C	0	0	110	36.9
A_PB2	127	124	C	0	0	124	37.0
A_PB2	128	116	C	0	0	116	34.4
A_PB2	129	122	C	0	0	122	36.8
A_PB2	130	119	G	0	0	119	37.0
A_PB2	131	105	C	0	0	105	34.3
A_PB2	132	119	A	0	0	119	36.7
A_PB2	133	108	C	0	0	108	34.4
A_PB2	134	106	T	0	0	106	36.0
A_PB2	135	120	C	0	0	120	37.5
A_PB2	136	125	A	0	0	125	36.3
A_PB2	137	118	G	0	0	118	34.6
A_PB2	138	120	A	0	0	120	35.5
A_PB2	139	129	A	0	0	129	35.4
A_PB2	140	118	T	0	0	118	34.3
A_PB2	141	129	G	0	0	129	35.9
A_PB2	142	110	A	0	0	110	37.5
A_PB2	143	116	A	0	0	116	36.1
A_PB2	144	118	A	0	0	118	35.4
A_PB2	145	126	T	0	0	126	37.2
A_PB2	146	118	G	0	0	118	37.2
A_PB2	147	115	G	0	0	115	37.6
A_PB2	148	127	A	0	0	127	36.6
A_PB2	149	122	T	0	0	122	35.2
A_PB2	150	128	G	0	0	128	35.5
A_PB2	151	119	A	0	0	119	35.5
A_PB2	152	135	T	0	0	135	35.2
A_PB2	153	123	G	0	0	123	34.5
A_PB2	154	113	G	0	0	113	34.4
A_PB2	155	118	C	0	0	118	36.4
A_PB2	156	109	A	0	0	109	35.6
A_PB2	157	119	A	0	0	119	37.7
A_PB2	158	123	T	0	0	123	37.6
A_PB2	159	120	G	0	0	120	37.8
A_PB2	160	121	A	0	0	121	37.3
A_PB2	161	126	A	0	0	126	35.0
A_PB2	162	122	A	0	0	122	34.3
A_PB2	163	128	T	0	0	128	35.9
A_PB2	164	119	A	0	0	119	37.6
A_PB2	165	120	T	0	0	120	34.4
A_PB2	166	125	C	0	0	125	35.4
A_PB2	167	120	C	0	0	120	36.5
A_PB2	168	134	A	0	0	134	37.3
A_PB2	169	120	A	0	0	120	34.2
A_PB2	170	122	T	0	0	122	35.6
A_PB2	171	131	T	0	0	131	36.2
A_PB2	172	134	A	0	0	134	37.6
A_PB2	173	142	C	0	0	142	34.3
A_PB2	174	129	A	0	0	129	36.9
A_PB2	175	122	G	0	0	122	34.7
A_PB2	176	137	C	0	0	137	35.2
A_PB2	177	126	A	0	0	126	37.6
A_PB2	178	130	G	0	0	130	36.9
A_PB2	179	121	A	0	0	121	34.4
A_PB2	180	131	T	0	0	131	34.9
A_PB2	181	137	A	0	0	137	34.1
A_PB2	182	117	A	0	0	117	37.1
A_PB2	183	128	G	0	0	128	35.2
A_PB2	184	136	C	0	0	136	35.1
A_PB2	185	133	G	0	0	133	36.7
A_PB2	186	122	A	0	0	122	36.8
A_PB2	187	135	A	0	0	135	36.0
A_PB2	188	133	T	0	0	133	35.2
A_PB2	189	116	A	0	0	116	34.4
A_PB2	190	135	A	0	0	135	35.1
A_PB2	191	140	T	0	0	140	35.3
A_PB2	192	155	G	0	0	155	36.9
A_PB2	193	147	G	0	0	147	35.8
A_PB2	194	141	A	0	0	141	34.8
A_PB2	195	135	A	0	0	135	36.4
A_PB2	196	121	A	0	0	121	36.7
A_PB2	197	137	T	0	0	137	35.3
A_PB2	198	129	G	0	0	129	37.5
A_PB2	199	137	A	0	0	137	37.8
A_PB2	200	138	T	0	0	138	36.0
A_PB2	201	145	C	0	0	145	35.6
A_PB2	202	145	C	0	0	145	34.9
A_PB2	203	140	C	0	0	140	35.6
A_PB2	204	139	T	0	0	139	35.8
A_PB2	205	127	G	0	0	127	37.4
A_PB2	206	147	A	0	0	147	37.2
A_PB2	207	138	G	0	0	138	37.6
A_PB2	208	132	A	0	0	132	37.7
A_PB2	209	149	G	0	0	149	35.6
A_PB2	210	121	G	0	0	121	36.2
A_PB2	211	146	A	0	0	146	35.3
A_PB2	212	128	A	0	0	128	37.7
A_PB2	213	152	T	0	0	152	36.5
A_PB2	214	137	G	0	0	137	34.1
A_PB2	215	138	A	0	0	138	37.8
A_PB2	216	145	A	0	0	145	37.1
A_PB2	217	143	C	0	0	143	36.0
A_PB2	218	138	A	0	0	138	34.1
A_PB2	219	152	A	0	0	152	36.5
A_PB2	220	127	G	0	0	127	37.6
A_PB2	221	145	G	0	0	145	36.9
A_PB2	222	123	G	0	0	123	35.8
A_PB2	223	152	C	0	0	152	35.0
A_PB2	224	127	A	0	0	127	35.5
A_PB2	225	146	A	0	0	146	34.0
A_PB2	226	133	A	0	0	133	35.6
A_PB2	227	145	C	0	0	145	34.2
A_PB2	228	136	T	0	0	136	34.0
A_PB2	229	136	C	0	0	136	36.4
A_PB2	230	153	T	0	0	153	34.9
A_PB2	231	125	C	0	0	125	37.4
A_PB2	232	137	T	0	0	137	38.0
A_PB2	233	146	G	0	0	146	37.6
A_PB2	234	162	G	0	0	162	37.2
A_PB2	235	126	A	0	0	126	37.7
A_PB2	236	155	G	0	0	155	37.9
A_PB2	237	127	C	0	0	127	37.3
A_PB2	238	131	A	0	0	131	38.0
A_PB2	239	159	A	0	0	159	34.1
A_PB2	240	138	A	0	0	138	34.7
A_PB2	241	145	A	0	0	145	36.8
A_PB2	242	134	C	0	0	134	37.9
A_PB2	243	138	A	0	0	138	35.8
A_PB2	244	142	A	0	0	142	37.7
A_PB2	245	135	A	0	0	135	38.0
A_PB2	246	134	C	0	0	134	35.3
A_PB2	247	139	G	0	0	139	35.2
A_PB2	248	138	A	0	0	138	34.9
A_PB2	249	130	T	0	0	130	36.5
A_PB2	250	131	G	0	0	131	37.4
A_PB2	251	160	C	0	0	160	36.9
A_PB2	252	133	C	0	0	133	35.1
A_PB2	253	137	G	0	0	137	35.8
A_PB2	254	146	G	0	0	146	37.3
A_PB2	255	134	A	0	0	134	36.0
A_PB2	256	136	T	0	0	136	37.5
A_PB2	257	132	C	0	0	132	36.2
A_PB2	258	142	A	0	0	142	35.5
A_PB2	259	130	G	0	0	130	34.2
A_PB2	260	134	A	0	0	134	38.0
A_PB2	261	138	C	0	0	138	35.9
A_PB2	262	155	C	0	0	155	36.8
A_PB2	263	143	G	0	0	143	36.0
A_PB2	264	130	A	0	0	130	36.6
A_PB2	265	128	G	0	0	128	37.9
A_PB2	266	120	T	0	0	120	37.2
A_PB2	267	137	G	0	0	137	36.3
A_PB2	268	147	A	0	0	147	36.0
A_PB2	269	148	T	0	0	148	34.1
A_PB2	270	146	G	0	0	146	36.6
A_PB2	271	134	G	0	0	134	38.0
A_PB2	272	139	T	0	0	139	36.4
A_PB2	273	145	A	0	0	145	34.5
A_PB2	274	138	T	0	0	138	36.2
A_PB2	275	131	C	0	0	131	36.1
A_PB2	276	131	A	0	0	131	37.5
A_PB2	277	147	C	0	0	147	36.0
A_PB2	278	135	C	0	0	135	35.7
A_PB2	279	145	C	0	0	145	34.4
A_PB2	280	135	C	0	0	135	37.6
A_PB2	281	137	T	0	0	137	34.9
A_PB2	282	138	G	0	0	138	36.3
A_PB2	283	127	G	0	0	127	37.6
A_PB2	284	126	C	0	0	126	35.7
A_PB2	285	125	T	0	0	125	35.3
A_PB2	286	155	G	0	0	155	34.1
A_PB2	287	129	T	0	0	129	36.4
A_PB2	288	134	G	0	0	134	36.9
A_PB2	289	128	A	0	0	128	35.3
A_PB2	290	144	C	0	0	144	37.6
A_PB2	291	123	A	0	0	123	37.1
A_PB2	292	123	T	0	0	123	36.7
A_PB2	293	130	G	0	0	130	36.4
A_PB2	294	125	G	0	0	125	37.4
A_PB2	295	125	T	0	0	125	35.3
A_PB2	296	136	G	0	0	136	37.4
A_PB2	297	114	G	0	0	114	37.2
A_PB2	298	122	A	0	0	122	35.7
A_PB2	299	135	A	0	0	135	36.0
A_PB2	300	132	C	0	0	132	35.9
A_PB2	301	115	A	0	0	115	36.3
A_PB2	302	115	G	0	0	115	35.2
A_PB2	303	138	G	0	0	138	37.6
A_PB2	304	129	A	0	0	129	35.4
A_PB2	305	125	A	0	0	125	35.5
A_PB2	306	130	C	0	0	130	36.9
A_PB2	307	123	G	0	0	123	35.7
A_PB2	308	124	G	0	0	124	37.5
A_PB2	309	134	A	0	0	134	38.0
A_PB2	310	125	C	0	0	125	36.0
A_PB2	311	117	C	0	0	117	35.3
A_PB2	312	119	A	0	0	119	34.9
A_PB2	313	127	A	0	0	127	37.4
A_PB2	314	131	C	0	0	131	34.0
A_PB2	315	118	A	0	0	118	36.7
A_PB2	316	118	A	0	0	118	36.7
A_PB2	317	129	C	0	0	129	35.0
A_PB2	318	118	A	0	0	118	34.1
A_PB2	319	112	A	0	0	112	34.9
A_PB2	320	127	G	0	0	127	37.3
A_PB2	321	107	T	0	0	107	36.6
A_PB2	322	116	A	0	0	116	36.6
A_PB2	323	122	C	0	0	122	37.3
A_PB2	324	128	A	0	0	128	37.8
A_PB2	325	118	G	0	0	118	37.3
A_PB2	326	109	T	0	0	109	34.1
A_PB2	327	118	C	0	0	118	36.5
A_PB2	328	110	C	0	0	110	34.1
A_PB2	329	107	A	0	0	107	37.4
A_PB2	330	118	C	0	0	118	35.9
A_PB2	331	109	T	0	0	109	34.7
A_PB2	332	102	A	0	0	102	37.6
A_PB2	333	109	C	0	0	109	36.6
A_PB2	334	115	C	0	0	115	34.1
A_PB2	335	100	C	0	0	100	36.2
A_PB2	336	114	A	0	0	114	35.3
A_PB2	337	114	A	0	0	114	37.1
A_PB2	338	116	A	0	0	116	36.7
A_PB2	339	111	G	0	0	111	37.6
A_PB2	340	103	G	0	0	103	37.2
A_PB2	341	106	T	0	0	106	35.2
A_PB2	342	116	A	0	0	116	35.1
A_PB2	343	99	T	0	0	99	36.1
A_PB2	344	122	A	0	0	122	34.0
A_PB2	345	101	T	0	0	101	35.7
A_PB2	346	106	A	0	0	106	36.6
A_PB2	347	99	A	0	0	99	37.6
A_PB2	348	96	A	0	0	96	34.4
A_PB2	349	107	A	0	0	107	34.3
A_PB2	350	104	C	0	0	104	34.2
A_PB2	351	98	T	0	0	98	37.8
A_PB2	352	103	T	0	0	103	36.5
A_PB2	353	100	A	0	0	100	34.8
A_PB2	354	99	T	0	0	99	34.5
A_PB2	355	109	T	0	0	109	34.5
A_PB2	356	100	T	0	0	100	37.8
A_PB2	357	93	C	0	0	93	37.2
A_PB2	358	98	G	0	0	98	36.2
A_PB2	359	96	A	0	0	96	34.4
A_PB2	360	101	A	0	0	101	36.8
A_PB2	361	92	A	0	0	92	35.7
A_PB2	362	99	A	0	0	99	34.8
A_PB2	363	99	A	0	0	99	36.6
A_PB2	364	88	G	0	0	88	34.1
A_PB2	365	91	T	0	0	91	36.0
A_PB2	366	90	T	0	0	90	34.7
A_PB2	367	95	G	0	0	95	36.3
A_PB2	368	94	A	0	0	94	36.2
A_PB2	369	85	A	0	0	85	34.2
A_PB2	370	99	A	0	0	99	37.0
A_PB2	371	102	G	0	0	102	37.4
A_PB2	372	99	G	0	0	99	36.3
A_PB2	373	98	T	0	0	98	34.6
A_PB2	374	101	T	0	0	101	35.0
A_PB2	375	93	G	0	0	93	34.3
A_PB2	376	93	A	0	0	93	34.8
A_PB2	377	79	A	0	0	79	34.3
A_PB2	378	89	A	0	0	89	35.1
A_PB2	379	105	C	0	0	105	37.8
A_PB2	380	86	A	0	0	86	35.3
A_PB2	381	94	C	0	0	94	34.9
A_PB2	382	83	G	0	0	83	37.8
A_PB2	383	88	G	0	0	88	37.4
A_PB2	384	85	G	0	0	85	36.3
A_PB2	385	87	A	0	0	87	35.9
A_PB2	386	95	C	0	0	95	35.6
A_PB2	387	91	C	0	0	91	37.2
A_PB2	388	80	T	0	0	80	35.4
A_PB2	389	87	T	0	0	87	37.6
A_PB2	390	79	T	0	0	79	36.6
A_PB2	391	82	G	0	0	82	35.5
A_PB2	392	83	G	0	0	83	37.4
A_PB2	393	80	C	0	0	80	36.7
A_PB2	394	80	C	0	0	80	34.5
A_PB2	395	80	C	0	0	80	36.9
A_PB2	396	82	T	0	0	82	36.3
A_PB2	397	87	G	0	0	87	34.7
A_PB2	398	86	T	0	0	86	36.9
A_PB2	399	87	G	0	0	87	38.0
A_PB2	400	76	C	0	0	76	35.3
A_PB2	401	84	A	0	0	84	35.4
A_PB2	402	84	C	0	0	84	37.2
A_PB2	403	83	T	0	0	83	37.5
A_PB2	404	80	T	0	0	80	35.9
A_PB2	405	78	C	0	0	78	35.0
A_PB2	406	71	A	0	0	71	34.4
A_PB2	407	82	G	0	0	82	35.1
A_PB2	408	74	A	0	0	74	36.6
A_PB2	409	79	A	0	0	79	36.6
A_PB2	410	80	A	0	0	80	34.9
A_PB2	411	77	C	0	0	77	36.3
A_PB2	412	78	C	0	0	78	37.9
A_PB2	413	78	A	0	0	78	37.1
A_PB2	414	77	A	0	0	77	37.7
A_PB2	415	82	G	0	0	82	36.9
A_PB2	416	74	T	0	0	74	34.5
A_PB2	417	74	T	0	0	74	35.8
A_PB2	418	82	A	0	0	82	37.5
A_PB2	419	81	A	0	0	81	34.8
A_PB2	420	77	G	0	0	77	37.3
A_PB2	421	71	A	0	0	71	36.9
A_PB2	422	75	T	0	0	75	37.7
A_PB2	423	74	A	0	0	74	35.2
A_PB2	424	69	A	0	0	69	35.2
A_PB2	425	80	G	0	0	80	35.4
A_PB2	426	76	A	0	0	76	34.9
A_PB2	427	81	C	0	0	81	35.6
A_PB2	428	71	G	0	0	71	36.3
A_PB2	429	78	G	0	0	78	37.8
A_PB2	430	85	A	0	0	85	36.8
A_PB2	431	69	G	0	0	69	36.6
A_PB2	432	69	G	0	0	69	35.0
A_PB2	433	85	G	0	0	85	35.9
A_PB2	434	73	T	0	0	73	36.4
A_PB2	435	79	C	0	0	79	37.7
A_PB2	436	73	G	0	0	73	34.4
A_PB2	437	76	A	0	0	76	35.7
A_PB2	438	76	T	0	0	76	37.9
A_PB2	439	75	A	0	0	75	36.0
A_PB2	440	73	T	0	0	73	36.2
A_PB2	441	72	A	0	0	72	37.8
A_PB2	442	73	A	0	0	73	37.2
A_PB2	443	83	A	0	0	83	36.6
A_PB2	444	74	C	0	0	74	35.2
A_PB2	445	81	C	0	0	81	37.3
A_PB2	446	77	C	0	0	77	37.0
A_PB2	447	78	G	0	0	78	36.6
A_PB2	448	74	G	0	0	74	36.4
A_PB2	449	79	G	0	0	79	37.3
A_PB2	450	72	C	0	0	72	36.0
A_PB2	451	76	C	0	0	76	37.0
A_PB2	452	85	A	0	0	85	36.6
A_PB2	453	81	T	0	0	81	34.1
A_PB2	454	76	G	0	0	76	35.0
A_PB2	455	80	C	0	0	80	34.5
A_PB2	456	75	T	0	0	75	35.3
A_PB2	457	85	G	0	0	85	36.9
A_PB2	458	80	A	0	0	80	35.2
A_PB2	459	79	C	0	0	79	37.3
A_PB2	460	72	C	0	0	72	38.0
A_PB2	461	82	T	0	0	82	37.8
A_PB2	462	74	C	0	0	74	37.5
A_PB2	463	65	A	0	0	65	34.8
A_PB2	464	72	G	0	0	72	35.4
A_PB2	465	73	T	0	0	73	34.4
A_PB2	466	82	G	0	0	82	35.3
A_PB2	467	76	C	0	0	76	35.9
A_PB2	468	82	C	0	0	82	34.8
A_PB2	469	78	A	0	0	78	34.7
A_PB2	470	76	A	0	0	76	34.4
A_PB2	471	73	A	0	0	73	34.1
A_PB2	472	87	G	0	0	87	35.4
A_PB2	473	76	A	0	0	76	37.2
A_PB2	474	75	G	0	0	75	35.5
A_PB2	475	87	G	0	0	87	34.1
A_PB2	476	79	C	0	0	79	35.3
A_PB2	477	78	G	0	0	78	35.5
A_PB2	478	79	C	0	0	79	35.0
A_PB2	479	87	A	0	0	87	35.6
A_PB2	480	80	G	0	0	80	34.4
A_PB2	481	75	G	0	0	75	35.0
A_PB2	482	75	A	0	0	75	35.8
A_PB2	483	71	T	0	0	71	37.9
A_PB2	484	79	G	0	0	79	37.0
A_PB2	485	87	T	0	0	87	37.8
A_PB2	486	85	A	0	0	85	34.3
A_PB2	487	78	A	0	0	78	37.5
A_PB2	488	86	T	0	0	86	37.0
A_PB2	489	81	C	0	0	81	34.7
A_PB2	490	80	A	0	0	80	34.8
A_PB2	491	82	T	0	0	82	35.0
A_PB2	492	81	G	0	0	81	36.0
A_PB2	493	78	G	0	0	78	36.6
A_PB2	494	82	A	0	0	82	35.9
A_PB2	495	99	A	0	0	99	36.2
A_PB2	496	87	G	0	0	87	36.8
A_PB2	497	81	T	0	0	81	34.3
A_PB2	498	80	C	0	0	80	36.4
A_PB2	499	83	G	0	0	83	34.5
A_PB2	500	96	T	0	0	96	35.1
A_PB2	501	82	C	0	0	82	37.8
A_PB2	502	82	T	0	0	82	34.8
A_PB2	503	84	T	0	0	84	35.9
A_PB2	504	102	C	0	0	102	35.8
A_PB2	505	82	C	0	0	82	37.8
A_PB2	506	96	C	0	0	96	36.6
A_PB2	507	88	A	0	0	88	37.3
A_PB2	508	82	A	0	0	82	36.1
A_PB2	509	84	A	0	0	84	34.6
A_PB2	510	86	T	0	0	86	35.3
A_PB2	511	85	G	0	0	85	35.4
A_PB2	512	84	A	0	0	84	37.9
A_PB2	513	85	A	0	0	85	34.0
A_PB2	514	90	G	0	0	90	35.8
A_PB2	515	92	T	0	0	92	37.5
A_PB2	516	84	G	0	0	84	37.7
A_PB2	517	80	G	0	0	80	36.0
A_PB2	518	90	G	0	0	90	37.5
A_PB2	519	97	A	0	0	97	34.7
A_PB2	520	88	G	0	0	88	37.1
A_PB2	521	83	C	0	0	83	37.3
A_PB2	522	94	A	0	0	94	35.2
A_PB2	523	98	A	0	0	98	35.9
A_PB2	524	92	G	0	0	92	35.6
A_PB2	525	89	G	0	0	89	36.8
A_PB2	526	101	A	0	0	101	38.0
A_PB2	527	90	T	0	0	90	34.8
A_PB2	528	93	A	0	0	93	35.5
A_PB2	529	92	T	0	0	92	37.8
A_PB2	530	90	T	0	0	90	37.6
A_PB2	531	97	G	0	0	97	37.1
A_PB2	532	103	A	0	0	103	36.9
A_PB2	533	86	C	0	0	86	34.7
A_PB2	534	93	G	0	0	93	38.0
A_PB2	535	91	T	0	0	91	36.6
A_PB2	536	101	C	0	0	101	36.9
A_PB2	537	92	G	0	0	92	35.8
A_PB2	538	104	G	0	0	104	34.2
A_PB2	539	105	A	0	0	105	34.7
A_PB2	540	93	G	0	0	93	34.6
A_PB2	541	85	T	0	0	85	36.4
A_PB2	542	102	C	0	0	102	36.5
A_PB2	543	103	A	0	0	103	36.5
A_PB2	544	94	C	0	0	94	35.7
A_PB2	545	103	A	0	0	103	37.0
A_PB2	546	98	A	0	0	98	35.2
A_PB2	547	96	C	0	0	96	37.0
A_PB2	548	102	T	0	0	102	36.4
A_PB2	549	95	G	0	0	95	37.5
A_PB2	550	100	A	0	0	100	37.0
A_PB2	551	99	C	0	0	99	36.4
A_PB2	552	104	G	0	0	104	35.6
A_PB2	553	103	A	0	0	103	34.2
A_PB2	554	95	T	0	0	95	34.6
A_PB2	555	96	A	0	0	96	35.6
A_PB2	556	118	A	0	0	118	34.7
A_PB2	557	110	C	0	0	110	35.4
A_PB2	558	91	A	0	0	91	37.9
A_PB2	559	89	A	0	0	89	36.6
A_PB2	560	102	A	0	0	102	36.7
A_PB2	561	96	G	0	0	96	36.2
A_PB2	562	104	G	0	0	104	36.6
A_PB2	563	98	A	0	0	98	35.3
A_PB2	564	97	G	0	0	97	34.8
A_PB2	565	96	A	0	0	96	37.5
A_PB2	566	102	A	0	0	102	35.1
A_PB2	567	105	A	0	0	105	34.4
A_PB2	568	100	A	0	0	100	36.6
A_PB2	569	104	A	0	0	104	36.3
A_PB2	570	101	G	0	0	101	35.2
A_PB2	571	111	G	0	0	111	37.5
A_PB2	572	102	A	0	0	102	36.4
A_PB2	573	96	A	0	0	96	34.8
A_PB2	574	96	G	0	0	96	36.5
A_PB2	575	102	A	0	0	102	37.2
A_PB2	576	107	A	0	0	107	36.5
A_PB2	577	118	C	0	0	118	37.9
A_PB2	578	118	T	0	0	118	34.5
A_PB2	579	107	C	0	0	107	37.8
A_PB2	580	110	C	0	0	110	35.6
A_PB2	581	113	A	0	0	113	36.9
A_PB2	582	113	G	0	0	113	37.3
A_PB2	583	101	G	0	0	101	34.7
A_PB2	584	124	A	0	0	124	34.6
A_PB2	585	112	C	0	0	112	35.5
A_PB2	586	106	T	0	0	106	34.7
A_PB2	587	100	G	0	0	100	37.3
A_PB2	588	93	C	0	0	93	35.7
A_PB2	589	103	A	0	0	103	34.5
A_PB2	590	106	A	0	0	106	34.8
A_PB2	591	105	A	0	0	105	35.0
A_PB2	592	94	A	0	0	94	37.1
A_PB2	593	102	T	0	0	102	36.2
A_PB2	594	113	C	0	0	113	37.2
A_PB2	595	110	G	0	0	110	34.4
A_PB2	596	100	C	0	0	100	36.5
A_PB2	597	103	T	0	0	103	37.9
A_PB2	598	106	C	0	0	106	36.8
A_PB2	599	114	C	0	0	114	35.3
A_PB2	600	106	T	0	0	106	36.2
A_PB2	601	100	C	0	0	100	36.3
A_PB2	602	105	T	0	0	105	36.9
A_PB2	603	114	G	0	0	114	36.4
A_PB2	604	112	A	0	0	112	35.2
A_PB2	605	103	T	0	0	103	37.9
A_PB2	606	103	G	0	0	103	37.7
A_PB2	607	128	G	0	0	128	37.9
A_PB2	608	96	T	0	0	96	36.2
A_PB2	609	103	T	0	0	103	34.5
A_PB2	610	101	G	0	0	101	35.8
A_PB2	611	111	C	0	0	111	37.4
A_PB2	612	109	A	0	0	109	34.8
A_PB2	613	106	T	0	0	106	37.8
A_PB2	614	107	A	0	0	107	36.0
A_PB2	615	100	C	0	0	100	34.4
A_PB2	616	112	A	0	0	112	34.9
A_PB2	617	105	T	0	0	105	38.0
A_PB2	618	103	G	0	0	103	36.0
A_PB2	619	106	C	0	0	106	37.5
A_PB2	620	106	T	0	0	106	36.7
A_PB2	621	104	A	0	0	104	37.8
A_PB2	622	106	G	0	0	106	35.8
A_PB2	623	106	A	0	0	106	35.8
A_PB2	624	107	A	0	0	107	36.5
A_PB2	625	105	A	0	0	105	37.8
A_PB2	626	105	G	0	0	105	34.2
A_PB2	627	109	A	0	0	109	35.4
A_PB2	628	110	G	0	0	110	35.2
A_PB2	629	106	A	0	0	106	36.3
A_PB2	630	113	G	0	0	113	34.1
A_PB2	631	101	T	0	0	101	35.0
A_PB2	632	103	T	0	0	103	36.6
A_PB2	633	105	G	0	0	105	34.7
A_PB2	634	97	G	0	0	97	34.0
A_PB2	635	104	T	0	0	104	36.6
A_PB2	636	98	T	0	0	98	37.4
A_PB2	637	96	C	0	0	96	34.5
A_PB2	638	112	G	0	0	112	35.6
A_PB2	639	90	C	0	0	90	35.3
A_PB2	640	100	A	0	0	100	36.9
A_PB2	641	113	A	0	0	113	37.3
A_PB2	642	103	G	0	0	103	36.7
A_PB2	643	109	A	0	0	109	35.2
A_PB2	644	103	C	0	0	103	37.0
A_PB2	645	104	G	0	0	104	34.9
A_PB2	646	103	A	0	0	103	34.1
A_PB2	647	99	G	0	0	99	35.4
A_PB2	648	106	G	0	0	106	35.6
A_PB2	649	115	T	0	0	115	36.5
A_PB2	650	111	T	0	0	111	36.4
A_PB2	651	103	T	0	0	103	36.3
A_PB2	652	109	C	0	0	109	36.5
A_PB2	653	99	T	0	0	99	34.7
A_PB2	654	103	C	0	0	103	35.8
A_PB2	655	108	C	0	0	108	34.8
A_PB2	656	104	C	0	0	104	35.2
A_PB2	657	104	A	0	0	104	37.7
A_PB2	658	108	G	0	0	108	36.9
A_PB2	659	97	T	0	0	97	36.4
A_PB2	660	97	T	0	0	97	34.3
A_PB2	661	106	G	0	0	106	36.2
A_PB2	662	105	C	0	0	105	36.4
A_PB2	663	101	T	0	0	101	36.3
A_PB2	664	109	G	0	0	109	36.3
A_PB2	665	114	G	0	0	114	34.5
A_PB2	666	109	T	0	0	109	37.1
A_PB2	667	103	G	0	0	103	37.7
A_PB2	668	97	G	0	0	97	36.8
A_PB2	669	95	G	0	0	95	34.1
A_PB2	670	99	A	0	0	99	37.0
A_PB2	671	101	C	0	0	101	36.4
A_PB2	672	98	A	0	0	98	34.5
A_PB2	673	96	A	0	0	96	37.0
A_PB2	674	97	G	0	0	97	37.2
A_PB2	675	108	C	0	0	108	34.1
A_PB2	676	104	A	0	0	104	37.0
A_PB2	677	108	G	0	0	108	34.9
A_PB2	678	102	T	0	0	102	36.6
A_PB2	679	104	G	0	0	104	35.0
A_PB2	680	106	T	0	0	106	37.3
A_PB2	681	98	C	0	0	98	35.6
A_PB2	682	111	T	0	0	111	37.1
A_PB2	683	107	A	0	0	107	36.8
A_PB2	684	108	C	0	0	108	34.8
A_PB2	685	118	A	0	0	118	37.8
A_PB2	686	100	T	0	0	100	34.4
A_PB2	687	99	T	0	0	99	34.6
A_PB2	688	101	G	0	0	101	35.7
A_PB2	689	96	A	0	0	96	37.7
A_PB2	690	96	G	0	0	96	36.5
A_PB2	691	104	G	0	0	104	37.8
A_PB2	692	100	T	0	0	100	36.2
A_PB2	693	106	G	0	0	106	36.4
A_PB2	694	103	C	0	0	103	34.0
A_PB2	695	96	T	0	0	96	37.9
A_PB2	696	99	G	0	0	99	37.3
A_PB2	697	113	C	0	0	113	37.6
A_PB2	698	107	A	0	0	107	37.9
A_PB2	699	102	T	0	0	102	34.9
A_PB2	700	98	T	0	0	98	35.8
A_PB2	701	91	T	0	0	91	37.1
A_PB2	702	94	G	0	0	94	38.0
A_PB2	703	98	A	0	0	98	34.2
A_PB2	704	90	C	0	0	90	35.6
A_PB2	705	102	C	0	0	102	36.7
A_PB2	706	100	C	0	0	100	35.7
A_PB2	707	107	A	0	0	107	36.0
A_PB2	708	94	G	0	0	94	37.2
A_PB2	709	105	G	0	0	105	35.6
A_PB2	710	100	G	0	0	100	36.8
A_PB2	711	91	G	0	0	91	37.8
A_PB2	712	93	A	0	0	93	38.0
A_PB2	713	94	C	0	0	94	34.4
A_PB2	714	91	A	0	0	91	35.9
A_PB2	715	92	T	0	0	92	35.7
A_PB2	716	98	G	0	0	98	37.0
A_PB2	717	96	C	0	0	96	37.7
A_PB2	718	102	T	0	0	102	35.1
A_PB2	719	91	G	0	0	91	35.8
A_PB2	720	102	G	0	0	102	36.4
A_PB2	721	100	G	0	0	100	35.6
A_PB2	722	113	A	0	0	113	35.9
A_PB2	723	93	G	0	0	93	37.7
A_PB2	724	109	C	0	0	109	37.9
A_PB2	725	104	A	0	0	104	36.7
A_PB2	726	100	G	0	0	100	35.2
A_PB2	727	98	A	0	0	98	34.3
A_PB2	728	88	T	0	0	88	34.5
A_PB2	729	95	G	0	0	95	37.3
A_PB2	730	106	T	0	0	106	34.9
A_PB2	731	91	A	0	0	91	37.4
A_PB2	732	94	C	0	0	94	37.3
A_PB2	733	110	A	0	0	110	36.5
A_PB2	734	99	C	0	0	99	37.5
A_PB2	735	107	T	0	0	107	34.1
A_PB2	736	103	C	0	0	103	35.8
A_PB2	737	99	C	0	0	99	37.4
A_PB2	738	103	G	0	0	103	34.6
A_PB2	739	101	G	0	0	101	36.0
A_PB2	740	89	G	0	0	89	37.0
A_PB2	741	103	A	0	0	103	36.0
A_PB2	742	99	G	0	0	99	35.0
A_PB2	743	103	G	0	0	103	36.4
A_PB2	744	114	A	0	0	114	36.9
A_PB2	745	104	G	0	0	104	34.2
A_PB2	746	101	A	0	0	101	36.7
A_PB2	747	97	A	0	0	97	34.7
A_PB2	748	99	G	0	0	99	37.9
A_PB2	749	104	T	0	0	104	34.0
A_PB2	750	99	G	0	0	99	37.5
A_PB2	751	98	A	0	0	98	34.7
A_PB2	752	110	G	0	0	110	37.7
A_PB2	753	114	G	0	0	114	34.6
A_PB2	754	104	A	0	0	104	37.5
A_PB2	755	104	A	0	0	104	36.4
A_PB2	756	107	C	0	0	107	36.5
A_PB2	757	109	G	0	0	109	35.4
A_PB2	758	118	A	0	0	118	35.5
A_PB2	759	113	T	0	0	113	36.8
A_PB2	760	108	G	0	0	108	34.2
A_PB2	761	103	A	0	0	103	35.4
A_PB2	762	99	T	0	0	99	37.6
A_PB2	763	109	G	0	0	109	36.2
A_PB2	764	114	T	0	0	114	37.5
A_PB2	765	101	A	0	0	101	35.7
A_PB2	766	112	G	0	0	112	36.6
A_PB2	767	112	A	0	0	112	37.1
A_PB2	768	113	C	0	0	113	36.6
A_PB2	769	99	C	0	0	99	35.5
A_PB2	770	109	A	0	0	109	37.1
A_PB2	771	109	A	0	0	109	35.6
A_PB2	772	103	A	0	0	103	34.3
A_PB2	773	107	G	0	0	107	36.1
A_PB2	774	102	C	0	0	102	34.4
A_PB2	775	103	T	0	0	103	34.7
A_PB2	776	104	T	0	0	104	37.8
A_PB2	777	117	G	0	0	117	36.8
A_PB2	778	104	A	0	0	104	34.4
A_PB2	779	122	T	0	0	122	37.3
A_PB2	780	121	C	0	0	121	34.3
A_PB2	781	127	A	0	0	127	36.5
A_PB2	782	121	T	0	0	121	35.9
A_PB2	783	106	T	0	0	106	35.0
A_PB2	784	120	G	0	0	120	36.5
A_PB2	785	114	C	0	0	114	37.3
A_PB2	786	104	T	0	0	104	35.2
A_PB2	787	112	G	0	0	112	35.0
A_PB2	788	111	C	0	0	111	34.9
A_PB2	789	117	C	0	0	117	37.3
A_PB2	790	118	A	0	0	118	35.6
A_PB2	791	129	G	0	0	129	34.5
A_PB2	792	109	G	0	0	109	35.0
A_PB2	793	114	A	0	0	114	37.3
A_PB2	794	117	A	0	0	117	35.7
A_PB2	795	122	T	0	0	122	36.5
A_PB2	796	125	A	0	0	125	36.9
A_PB2	797	120	T	0	0	120	36.4
A_PB2	798	113	A	0	0	113	37.3
A_PB2	799	115	G	0	0	115	36.2
A_PB2	800	124	T	0	0	124	37.1
A_PB2	801	126	A	0	0	126	37.4
A_PB2	802	122	A	0	0	122	36.4
A_PB2	803	124	G	0	0	124	34.7
A_PB2	804	117	A	0	0	117	36.9
A_PB2	805	128	A	0	0	128	37.9
A_PB2	806	115	G	0	0	115	37.5
A_PB2	807	121	A	0	0	121	35.7
A_PB2	808	129	G	0	0	129	35.7
A_PB2	809	132	C	0	0	132	36.8
A_PB2	810	121	A	0	0	121	35.9
A_PB2	811	114	A	0	0	114	35.0
A_PB2	812	121	C	0	0	121	34.3
A_PB2	813	115	A	0	0	115	35.2
A_PB2	814	118	G	0	0	118	36.1
A_PB2	815	132	T	0	0	132	35.8
A_PB2	816	125	A	0	0	125	35.8
A_PB2	817	113	T	0	0	113	37.6
A_PB2	818	127	C	0	0	127	36.9
A_PB2	819	114	A	0	0	114	34.8
A_PB2	820	118	G	0	0	118	37.4
A_PB2	821	135	C	0	0	135	36.2
A_PB2	822	126	A	0	0	126	35.9
A_PB2	823	136	G	0	0	136	35.5
A_PB2	824	139	A	0	0	139	37.9
A_PB2	825	134	T	0	0	134	37.8
A_PB2	826	136	C	0	0	136	36.3
A_PB2	827	122	C	0	0	122	36.5
A_PB2	828	130	A	0	0	130	34.0
A_PB2	829	125	T	0	0	125	35.7
A_PB2	830	135	T	0	0	135	37.1
A_PB2	831	147	A	0	0	147	34.3
A_PB2	832	120	G	0	0	120	35.6
A_PB2	833	121	C	0	0	121	34.8
A_PB2	834	131	A	0	0	131	37.7
A_PB2	835	118	T	0	0	118	37.6
A_PB2	836	125	C	0	0	125	37.6
A_PB2	837	131	T	0	0	131	36.0
A_PB2	838	133	C	0	0	133	36.2
A_PB2	839	140	T	0	0	140	34.7
A_PB2	840	128	A	0	0	128	37.2
A_PB2	841	137	T	0	0	137	36.6
A_PB2	842	128	T	0	0	128	35.1
A_PB2	843	132	G	0	0	132	36.2
A_PB2	844	130	G	0	0	130	34.3
A_PB2	845	136	A	0	0	136	37.2
A_PB2	846	141	G	0	0	141	34.9
A_PB2	847	131	A	0	0	131	35.3
A_PB2	848	154	T	0	0	154	37.1
A_PB2	849	132	G	0	0	132	37.5
A_PB2	850	125	T	0	0	125	36.6
A_PB2	851	132	G	0	0	132	35.4
A_PB2	852	141	T	0	0	141	34.8
A_PB2	853	136	C	0	0	136	37.5
A_PB2	854	139	A	0	0	139	36.8
A_PB2	855	150	C	0	0	150	37.2
A_PB2	856	141	A	0	0	141	35.3
A_PB2	857	153	G	0	0	153	36.3
A_PB2	858	142	C	0	0	142	35.8
A_PB2	859	136	A	0	0	136	36.9
A_PB2	860	138	C	0	0	138	37.4
A_PB2	861	139	A	0	0	139	36.2
A_PB2	862	132	C	0	0	132	35.6
A_PB2	863	133	A	0	0	133	36.9
A_PB2	864	133	A	0	0	133	36.2
A_PB2	865	143	A	0	0	143	35.7
A_PB2	866	136	T	0	0	136	36.8
A_PB2	867	146	T	0	0	146	34.8
A_PB2	868	143	G	0	0	143	35.5
A_PB2	869	163	G	0	0	163	35.9
A_PB2	870	133	G	0	0	133	35.7
A_PB2	871	141	G	0	0	141	37.5
A_PB2	872	140	G	0	0	140	35.3
A_PB2	873	143	A	0	0	143	37.7
A_PB2	874	148	A	0	0	148	35.5
A_PB2	875	139	T	0	0	139	34.8
A_PB2	876	130	A	0	0	130	37.7
A_PB2	877	141	A	0	0	141	35.7
A_PB2	878	152	G	0	0	152	36.8
A_PB2	879	141	G	0	0	141	34.3
A_PB2	880	148	A	0	0	148	37.8
A_PB2	881	141	T	0	0	141	36.6
A_PB2	882	150	G	0	0	150	36.5
A_PB2	883	141	G	0	0	141	37.7
A_PB2	884	157	T	0	0	157	35.9
A_PB2	885	144	A	0	0	144	34.5
A_PB2	886	144	G	0	0	144	35.3
A_PB2	887	153	A	0	0	153	36.4
A_PB2	888	150	C	0	0	150	34.1
A_PB2	889	147	A	0	0	147	37.3
A_PB2	890	143	T	0	0	143	35.7
A_PB2	891	138	C	0	0	138	35.6
A_PB2	892	159	C	0	0	159	34.7
A_PB2	893	154	T	0	0	154	34.4
A_PB2	894	160	T	0	0	160	36.3
A_PB2	895	149	C	0	0	149	36.6
A_PB2	896	165	G	0	0	165	36.4
A_PB2	897	157	G	0	0	157	36.2
A_PB2	898	139	C	0	0	139	37.6
A_PB2	899	140	A	0	0	140	36.2
A_PB2	900	153	A	0	0	153	35.0
A_PB2	901	142	A	0	0	142	37.4
A_PB2	902	146	A	0	0	146	37.3
A_PB2	903	155	T	0	0	155	37.8
A_PB2	904	146	C	0	0	146	36.6
A_PB2	905	156	C	0	0	156	35.7
A_PB2	906	152	A	0	0	152	35.9
A_PB2	907	153	A	0	0	153	34.3
A_PB2	908	142	C	0	0	142	35.3
A_PB2	909	151	A	0	0	151	34.6
A_PB2	910	136	G	0	0	136	34.8
A_PB2	911	139	A	0	0	139	35.6
A_PB2	912	150	G	0	0	150	34.6
A_PB2	913	149	G	0	0	149	36.1
A_PB2	914	149	A	0	0	149	37.1
A_PB2	915	144	A	0	0	144	37.1
A_PB2	916	141	C	0	0	141	35.1
A_PB2	917	140	A	0	0	140	36.1
A_PB2	918	162	A	0	0	162	35.0
A_PB2	919	157	G	0	0	157	34.8
A_PB2	920	143	C	0	0	143	36.7
A_PB2	921	152	C	0	0	152	35.2
A_PB2	922	150	G	0	0	150	35.4
A_PB2	923	149	T	0	0	149	36.7
A_PB2	924	156	G	0	0	156	34.7
A_PB2	925	135	G	0	0	135	34.9
A_PB2	926	141	A	0	0	141	34.9
A_PB2	927	141	T	0	0	141	37.1
A_PB2	928	145	A	0	0	145	37.5
A_PB2	929	158	T	0	0	158	37.7
A_PB2	930	149	A	0	0	149	35.8
A_PB2	931	139	T	0	0	139	34.6
A_PB2	932	149	G	0	0	149	37.2
A_PB2	933	139	C	0	0	139	37.2
A_PB2	934	147	A	0	0	147	36.3
A_PB2	935	139	A	0	0	139	36.6
A_PB2	936	160	G	0	0	160	37.0
A_PB2	937	140	G	0	0	140	34.9
A_PB2	938	126	C	0	0	126	37.8
A_PB2	939	144	A	0	0	144	34.8
A_PB2	940	144	G	0	0	144	37.8
A_PB2	941	151	C	0	0	151	35.0
A_PB2	942	162	A	0	0	162	37.0
A_PB2	943	144	A	0	0	144	35.4
A_PB2	944	153	T	0	0	153	36.6
A_PB2	945	148	G	0	0	148	37.3
A_PB2	946	138	G	0	0	138	37.8
A_PB2	947	160	G	0	0	160	37.5
A_PB2	948	164	C	0	0	164	36.4
A_PB2	949	142	T	0	0	142	37.6
A_PB2	950	138	T	0	0	138	37.7
A_PB2	951	138	G	0	0	138	36.8
A_PB2	952	138	A	0	0	138	36.7
A_PB2	953	161	G	0	0	161	36.5
A_PB2	954	126	G	0	0	126	34.3
A_PB2	955	136	A	0	0	136	34.2
A_PB2	956	143	T	0	0	143	34.8
A_PB2	957	137	T	0	0	137	36.2
A_PB2	958	132	A	0	0	132	36.9
A_PB2	959	144	G	0	0	144	37.6
A_PB2	960	157	C	0	0	157	36.7
A_PB2	961	129	T	0	0	129	36.7
A_PB2	962	148	C	0	0	148	36.7
A_PB2	963	124	A	0	0	124	36.6
A_PB2	964	137	T	0	0	137	34.8
A_PB2	965	134	C	0	0	134	37.2
A_PB2	966	149	T	0	0	149	34.7
A_PB2	967	134	T	0	0	134	35.5
A_PB2	968	135	T	0	0	135	36.2
A_PB2	969	135	C	0	0	135	34.7
A_PB2	970	130	A	0	0	130	35.0
A_PB2	971	121	G	0	0	121	35.5
A_PB2	972	122	C	0	0	122	38.0
A_PB2	973	137	T	0	0	137	34.9
A_PB2	974	126	T	0	0	126	37.8
A_PB2	975	127	T	0	0	127	36.3
A_PB2	976	136	G	0	0	136	36.8
A_PB2	977	124	G	0	0	124	35.3
A_PB2	978	129	T	0	0	129	37.8
A_PB2	979	139	G	0	0	139	35.6
A_PB2	980	123	G	0	0	123	35.8
A_PB2	981	141	A	0	0	141	36.6
A_PB2	982	112	T	0	0	112	37.2
A_PB2	983	137	T	0	0	137	34.0
A_PB2	984	118	C	0	0	118	36.3
A_PB2	985	122	A	0	0	122	36.3
A_PB2	986	143	C	0	0	143	37.0
A_PB2	987	129	T	0	0	129	35.9
A_PB2	988	145	T	0	0	145	36.1
A_PB2	989	130	T	0	0	130	37.1
A_PB2	990	133	T	0	0	133	37.3
A_PB2	991	127	A	0	0	127	37.4
A_PB2	992	127	A	0	0	127	36.3
A_PB2	993	131	A	0	0	131	34.9
A_PB2	994	129	A	0	0	129	37.6
A_PB2	995	119	G	0	0	119	34.3
A_PB2	996	126	A	0	0	126	34.3
A_PB2	997	133	A	0	0	133	35.7
A_PB2	998	123	C	0	0	123	34.2
A_PB2	999	134	A	0	0	134	36.3
A_PB2	1000	126	A	0	0	126	34.9
A_PB2	1001	113	G	0	0	113	37.1
A_PB2	1002	115	T	0	0	115	35.2
A_PB2	1003	119	G	0	0	119	37.8
A_PB2	1004	113	G	0	0	113	37.6
A_PB2	1005	117	A	0	0	117	38.0
A_PB2	1006	111	T	0	0	111	37.2
A_PB2	1007	122	C	0	0	122	37.0
A_PB2	1008	108	G	0	0	108	37.2
A_PB2	1009	120	T	0	0	120	34.2
A_PB2	1010	110	C	0	0	110	34.3
A_PB2	1011	118	A	0	0	118	36.6
A_PB2	1012	123	G	0	0	123	34.4
A_PB2	1013	124	T	0	0	124	34.7
A_PB2	1014	113	C	0	0	113	35.1
A_PB2	1015	114	A	0	0	114	37.3
A_PB2	1016	124	A	0	0	124	34.7
A_PB2	1017	128	A	0	0	128	36.2
A_PB2	1018	115	A	0	0	115	36.5
A_PB2	1019	116	A	0	0	116	36.4
A_PB2	1020	118	A	0	0	118	35.7
A_PB2	1021	120	G	0	0	120	37.9
A_PB2	1022	115	A	0	0	115	34.0
A_PB2	1023	105	A	0	0	105	35.0
A_PB2	1024	115	G	0	0	115	36.9
A_PB2	1025	108	A	0	0	108	34.9
A_PB2	1026	120	A	0	0	120	36.6
A_PB2	1027	117	G	0	0	117	35.3
A_PB2	1028	107	A	0	0	107	35.3
A_PB2	1029	111	A	0	0	111	34.2
A_PB2	1030	113	G	0	0	113	37.8
A_PB2	1031	101	T	0	0	101	37.2
A_PB2	1032	114	G	0	0	114	37.2
A_PB2	1033	109	C	0	0	109	34.5
A_PB2	1034	113	T	0	0	113	37.7
A_PB2	1035	104	A	0	0	104	35.3
A_PB2	1036	103	A	0	0	103	35.7
A_PB2	1037	97	C	0	0	97	36.1
A_PB2	1038	106	A	0	0	106	35.2
A_PB2	1039	104	G	0	0	104	37.4
A_PB2	1040	94	G	0	0	94	36.8
A_PB2	1041	106	C	0	0	106	36.4
A_PB2	1042	98	A	0	0	98	34.7
A_PB2	1043	108	A	0	0	108	36.9
A_PB2	1044	101	C	0	0	101	38.0
A_PB2	1045	119	C	0	0	119	36.7
A_PB2	1046	104	T	0	0	104	35.6
A_PB2	1047	100	T	0	0	100	36.0
A_PB2	1048	116	C	0	0	116	35.3
A_PB2	1049	114	A	0	0	114	34.6
A_PB2	1050	103	A	0	0	103	37.8
A_PB2	1051	109	A	0	0	109	37.2
A_PB2	1052	97	C	0	0	97	36.9
A_PB2	1053	104	A	0	0	104	37.0
A_PB2	1054	101	T	0	0	101	36.4
A_PB2	1055	108	T	0	0	108	34.6
A_PB2	1056	98	G	0	0	98	35.7
A_PB2	1057	107	A	0	0	107	37.4
A_PB2	1058	97	A	0	0	97	37.0
A_PB2	1059	101	A	0	0	101	34.1
A_PB2	1060	100	A	0	0	100	34.3
A_PB2	1061	88	T	0	0	88	35.1
A_PB2	1062	89	A	0	0	89	37.9
A_PB2	1063	94	A	0	0	94	35.5
A_PB2	1064	91	G	0	0	91	35.6
A_PB2	1065	93	A	0	0	93	37.7
A_PB2	1066	102	G	0	0	102	35.3
A_PB2	1067	92	T	0	0	92	34.3
A_PB2	1068	96	A	0	0	96	34.8
A_PB2	1069	95	C	0	0	95	35.9
A_PB2	1070	92	A	0	0	92	36.1
A_PB2	1071	102	T	0	0	102	37.0
A_PB2	1072	96	G	0	0	96	34.6
A_PB2	1073	93	A	0	0	93	36.3
A_PB2	1074	105	G	0	0	105	34.5
A_PB2	1075	96	G	0	0	96	35.3
A_PB2	1076	99	G	0	0	99	36.4
A_PB2	1077	94	G	0	0	94	35.1
A_PB2	1078	89	T	0	0	89	37.8
A_PB2	1079	91	A	0	0	91	34.4
A_PB2	1080	95	T	0	0	95	36.6
A_PB2	1081	89	G	0	0	89	35.0
A_PB2	1082	92	A	0	0	92	36.0
A_PB2	1083	100	A	0	0	100	35.9
A_PB2	1084	82	G	0	0	82	35.4
A_PB2	1085	93	A	0	0	93	36.7
A_PB2	1086	102	G	0	0	102	35.2
A_PB2	1087	88	T	0	0	88	36.0
A_PB2	1088	82	T	0	0	82	37.2
A_PB2	1089	97	C	0	0	97	34.2
A_PB2	1090	94	A	0	0	94	37.4
A_PB2	1091	80	C	0	0	80	36.5
A_PB2	1092	99	A	0	0	99	36.1
A_PB2	1093	98	A	0	0	98	34.6
A_PB2	1094	93	T	0	0	93	35.5
A_PB2	1095	92	G	0	0	92	34.6
A_PB2	1096	80	G	0	0	80	36.1
A_PB2	1097	98	T	0	0	98	34.3
A_PB2	1098	97	T	0	0	97	34.9
A_PB2	1099	96	G	0	0	96	34.2
A_PB2	1100	98	G	0	0	98	34.6
A_PB2	1101	93	G	0	0	93	36.2
A_PB2	1102	103	A	0	0	103	35.5
A_PB2	1103	96	G	0	0	96	35.0
A_PB2	1104	97	A	0	0	97	35.5
A_PB2	1105	90	A	0	0	90	35.0
A_PB2	1106	92	G	0	0	92	36.9
A_PB2	1107	88	A	0	0	88	35.0
A_PB2	1108	101	G	0	0	101	35.3
A_PB2	1109	97	C	0	0	97	37.5
A_PB2	1110	92	A	0	0	92	34.4
A_PB2	1111	99	A	0	0	99	36.0
A_PB2	1112	90	C	0	0	90	36.4
A_PB2	1113	90	G	0	0	90	36.0
A_PB2	1114	94	G	0	0	94	36.2
A_PB2	1115	82	C	0	0	82	34.5
A_PB2	1116	81	C	0	0	81	34.6
A_PB2	1117	92	A	0	0	92	36.7
A_PB2	1118	89	T	0	0	89	37.3
A_PB2	1119	88	T	0	0	88	36.3
A_PB2	1120	91	C	0	0	91	36.3
A_PB2	1121	87	T	0	0	87	37.0
A_PB2	1122	83	C	0	0	83	37.9
A_PB2	1123	88	A	0	0	88	34.6
A_PB2	1124	98	G	0	0	98	35.6
A_PB2	1125	93	G	0	0	93	37.3
A_PB2	1126	92	A	0	0	92	35.8
A_PB2	1127	105	A	0	0	105	37.0
A_PB2	1128	92	A	0	0	92	36.2
A_PB2	1129	89	G	0	0	89	37.2
A_PB2	1130	95	C	0	0	95	35.7
A_PB2	1131	93	A	0	0	93	35.8
A_PB2	1132	99	A	0	0	99	35.2
A_PB2	1133	92	C	0	0	92	34.1
A_PB2	1134	93	C	0	0	93	34.4
A_PB2	1135	91	A	0	0	91	35.3
A_PB2	1136	97	G	0	0	97	38.0
A_PB2	1137	98	A	0	0	98	37.2
A_PB2	1138	102	A	0	0	102	37.9
A_PB2	1139	88	G	0	0	88	37.2
A_PB2	1140	94	G	0	0	94	35.2
A_PB2	1141	105	C	0	0	105	37.7
A_PB2	1142	96	T	0	0	96	35.1
A_PB2	1143	86	G	0	0	86	37.5
A_PB2	1144	94	A	0	0	94	36.7
A_PB2	1145	97	T	0	0	97	34.4
A_PB2	1146	88	C	0	0	88	37.9
A_PB2	1147	96	C	0	0	96	35.7
A_PB2	1148	83	A	0	0	83	34.7
A_PB2	1149	102	G	0	0	102	34.8
A_PB2	1150	100	C	0	0	100	36.3
A_PB2	1151	91	T	0	0	91	37.1
A_PB2	1152	92	A	0	0	92	37.9
A_PB2	1153	87	A	0	0	87	36.1
A_PB2	1154	96	T	0	0	96	37.1
A_PB2	1155	93	A	0	0	93	35.4
A_PB2	1156	91	G	0	0	91	36.2
A_PB2	1157	97	T	0	0	97	38.0
A_PB2	1158	87	A	0	0	87	37.1
A_PB2	1159	102	A	0	0	102	34.4
A_PB2	1160	98	G	0	0	98	35.7
A_PB2	1161	88	T	0	0	88	34.2
A_PB2	1162	96	G	0	0	96	34.6
A_PB2	1163	107	G	0	0	107	36.2
A_PB2	1164	89	G	0	0	89	34.9
A_PB2	1165	108	A	0	0	108	34.7
A_PB2	1166	100	G	0	0	100	35.1
A_PB2	1167	94	A	0	0	94	34.8
A_PB2	1168	93	G	0	0	93	37.2
A_PB2	1169	105	A	0	0	105	35.0
A_PB2	1170	93	C	0	0	93	36.1
A_PB2	1171	100	G	0	0	100	36.1
A_PB2	1172	100	A	0	0	100	36.3
A_PB2	1173	95	G	0	0	95	34.3
A_PB2	1174	103	C	0	0	103	35.9
A_PB2	1175	92	A	0	0	92	35.8
A_PB2	1176	94	G	0	0	94	35.9
A_PB2	1177	105	T	0	0	105	37.5
A_PB2	1178	110	C	0	0	110	35.2
A_PB2	1179	100	A	0	0	100	34.9
A_PB2	1180	105	A	0	0	105	34.3
A_PB2	1181	99	T	0	0	99	34.6
A_PB2	1182	96	T	0	0	96	36.5
A_PB2	1183	103	G	0	0	103	35.1
A_PB2	1184	101	C	0	0	101	34.2
A_PB2	1185	93	T	0	0	93	36.2
A_PB2	1186	100	G	0	0	100	34.7
A_PB2	1187	100	A	0	0	100	37.1
A_PB2	1188	107	A	0	0	107	36.7
A_PB2	1189	103	G	0	0	103	34.4
A_PB2	1190	91	C	0	0	91	34.5
A_PB2	1191	106	A	0	0	106	34.9
A_PB2	1192	96	A	0	0	96	37.4
A_PB2	1193	98	T	0	0	98	34.9
A_PB2	1194	101	A	0	0	101	36.8
A_PB2	1195	96	A	0	0	96	36.9
A_PB2	1196	102	T	0	0	102	37.8
A_PB2	1197	101	T	0	0	101	35.3
A_PB2	1198	108	G	0	0	108	34.8
A_PB2	1199	99	T	0	0	99	34.9
A_PB2	1200	98	G	0	0	98	34.3
A_PB2	1201	106	G	0	0	106	35.7
A_PB2	1202	108	C	0	0	108	35.9
A_PB2	1203	100	C	0	0	100	34.9
A_PB2	1204	100	A	0	0	100	34.3
A_PB2	1205	103	T	0	0	103	37.2
A_PB2	1206	111	G	0	0	111	34.5
A_PB2	1207	89	G	0	0	89	34.7
A_PB2	1208	97	T	0	0	97	36.7
A_PB2	1209	105	A	0	0	105	34.1
A_PB2	1210	91	T	0	0	91	35.4
A_PB2	1211	95	T	0	0	95	35.6
A_PB2	1212	112	C	0	0	112	37.7
A_PB2	1213	105	T	0	0	105	35.1
A_PB2	1214	101	C	0	0	101	36.2
A_PB2	1215	100	A	0	0	100	34.4
A_PB2	1216	92	C	0	0	92	35.0
A_PB2	1217	108	A	0	0	108	34.2
A_PB2	1218	104	A	0	0	104	36.6
A_PB2	1219	99	G	0	0	99	36.4
A_PB2	1220	102	A	0	0	102	36.8
A_PB2	1221	102	G	0	0	102	37.8
A_PB2	1222	104	G	0	0	104	35.7
A_PB2	1223	101	A	0	0	101	34.1
A_PB2	1224	107	C	0	0	107	35.3
A_PB2	1225	102	T	0	0	102	34.5
A_PB2	1226	104	G	0	0	104	36.9
A_PB2	1227	107	C	0	0	107	34.5
A_PB2	1228	102	A	0	0	102	36.9
A_PB2	1229	105	T	0	0	105	34.2
A_PB2	1230	103	G	0	0	103	34.7
A_PB2	1231	114	A	0	0	114	36.6
A_PB2	1232	95	T	0	0	95	36.6
A_PB2	1233	91	T	0	0	91	37.6
A_PB2	1234	107	A	0	0	107	36.7
A_PB2	1235	111	A	0	0	111	36.2
A_PB2	1236	113	A	0	0	113	35.3
A_PB2	1237	107	G	0	0	107	37.9
A_PB2	1238	97	C	0	0	97	34.8
A_PB2	1239	117	A	0	0	117	36.5
A_PB2	1240	103	G	0	0	103	35.2
A_PB2	1241	97	T	0	0	97	36.1
A_PB2	1242	93	T	0	0	93	35.9
A_PB2	1243	103	A	0	0	103	34.4
A_PB2	1244	106	G	0	0	106	36.4
A_PB2	1245	93	A	0	0	93	36.4
A_PB2	1246	109	G	0	0	109	35.7
A_PB2	1247	107	G	0	0	107	34.1
A_PB2	1248	116	T	0	0	116	35.6
A_PB2	1249	103	G	0	0	103	36.6
A_PB2	1250	94	A	0	0	94	36.3
A_PB2	1251	100	C	0	0	100	36.2
A_PB2	1252	92	C	0	0	92	34.9
A_PB2	1253	103	T	0	0	103	37.7
A_PB2	1254	99	G	0	0	99	35.1
A_PB2	1255	91	A	0	0	91	37.0
A_PB2	1256	109	A	0	0	109	36.1
A_PB2	1257	109	T	0	0	109	36.5
A_PB2	1258	108	T	0	0	108	37.4
A_PB2	1259	91	T	0	0	91	34.2
A_PB2	1260	94	T	0	0	94	35.9
A_PB2	1261	113	G	0	0	113	38.0
A_PB2	1262	97	T	0	0	97	35.0
A_PB2	1263	111	C	0	0	111	35.8
A_PB2	1264	93	A	0	0	93	37.5
A_PB2	1265	90	A	0	0	90	35.5
A_PB2	1266	99	T	0	0	99	34.6
A_PB2	1267	101	A	0	0	101	37.5
A_PB2	1268	98	G	0	0	98	36.5
A_PB2	1269	94	G	0	0	94	36.3
A_PB2	1270	98	G	0	0	98	35.8
A_PB2	1271	107	C	0	0	107	37.6
A_PB2	1272	95	G	0	0	95	37.5
A_PB2	1273	102	A	0	0	102	37.1
A_PB2	1274	100	A	0	0	100	34.3
A_PB2	1275	92	C	0	0	92	37.7
A_PB2	1276	93	C	0	0	93	34.8
A_PB2	1277	100	A	0	0	100	37.7
A_PB2	1278	94	G	0	0	94	36.5
A_PB2	1279	99	C	0	0	99	36.2
A_PB2	1280	96	G	0	0	96	35.0
A_PB2	1281	88	A	0	0	88	37.8
A_PB2	1282	90	C	0	0	90	36.1
A_PB2	1283	102	T	0	0	102	35.7
A_PB2	1284	98	A	0	0	98	37.8
A_PB2	1285	88	A	0	0	88	36.7
A_PB2	1286	90	A	0	0	90	37.2
A_PB2	1287	92	C	0	0	92	36.8
A_PB2	1288	93	C	0	0	93	37.6
A_PB2	1289	97	C	0	0	97	36.5
A_PB2	1290	93	A	0	0	93	34.7
A_PB2	1291	97	A	0	0	97	36.7
A_PB2	1292	96	T	0	0	96	37.2
A_PB2	1293	97	G	0	0	97	37.3
A_PB2	1294	96	C	0	0	96	36.8
A_PB2	1295	95	A	0	0	95	34.0
A_PB2	1296	97	T	0	0	97	35.8
A_PB2	1297	91	C	0	0	91	35.0
A_PB2	1298	94	A	0	0	94	34.3
A_PB2	1299	94	A	0	0	94	35.5
A_PB2	1300	99	C	0	0	99	37.7
A_PB2	1301	93	T	0	0	93	34.5
A_PB2	1302	94	C	0	0	94	37.5
A_PB2	1303	94	T	0	0	94	34.6
A_PB2	1304	94	T	0	0	94	35.1
A_PB2	1305	96	G	0	0	96	37.0
A_PB2	1306	86	A	0	0	86	36.6
A_PB2	1307	94	G	0	0	94	35.0
A_PB2	1308	92	G	0	0	92	36.3
A_PB2	1309	100	C	0	0	100	35.7
A_PB2	1310	86	A	0	0	86	37.3
A_PB2	1311	85	T	0	0	85	34.5
A_PB2	1312	92	T	0	0	92	36.4
A_PB2	1313	89	T	0	0	89	36.0
A_PB2	1314	79	C	0	0	79	35.6
A_PB2	1315	89	C	0	0	89	34.8
A_PB2	1316	85	A	0	0	85	36.6
A_PB2	1317	87	A	0	0	87	36.8
A_PB2	1318	83	A	0	0	83	37.8
A_PB2	1319	86	A	0	0	86	36.7
A_PB2	1320	105	G	0	0	105	36.7
A_PB2	1321	81	G	0	0	81	35.9
A_PB2	1322	88	A	0	0	88	36.6
A_PB2	1323	84	T	0	0	84	34.8
A_PB2	1324	85	G	0	0	85	35.5
A_PB2	1325	82	C	0	0	82	35.7
A_PB2	1326	87	A	0	0	87	34.3
A_PB2	1327	91	A	0	0	91	36.8
A_PB2	1328	92	A	0	0	92	37.4
A_PB2	1329	86	G	0	0	86	37.1
A_PB2	1330	84	G	0	0	84	37.2
A_PB2	1331	89	T	0	0	89	36.3
A_PB2	1332	76	G	0	0	76	37.8
A_PB2	1333	85	C	0	0	85	34.9
A_PB2	1334	87	T	0	0	87	35.8
A_PB2	1335	84	T	0	0	84	35.5
A_PB2	1336	82	T	0	0	82	35.4
A_PB2	1337	80	T	0	0	80	37.6
A_PB2	1338	92	C	0	0	92	36.5
A_PB2	1339	89	C	0	0	89	37.9
A_PB2	1340	84	A	0	0	84	34.4
A_PB2	1341	78	A	0	0	78	34.2
A_PB2	1342	78	A	0	0	78	36.6
A_PB2	1343	82	A	0	0	82	36.6
A_PB2	1344	79	T	0	0	79	36.1
A_PB2	1345	87	T	0	0	87	35.0
A_PB2	1346	86	G	0	0	86	35.9
A_PB2	1347	89	G	0	0	89	36.6
A_PB2	1348	76	G	0	0	76	37.7
A_PB2	1349	83	G	0	0	83	37.7
A_PB2	1350	89	A	0	0	89	36.5
A_PB2	1351	79	A	0	0	79	34.5
A_PB2	1352	78	T	0	0	78	35.9
A_PB2	1353	71	T	0	0	71	37.7
A_PB2	1354	78	G	0	0	78	34.1
A_PB2	1355	79	A	0	0	79	37.8
A_PB2	1356	74	A	0	0	74	37.6
A_PB2	1357	82	C	0	0	82	37.1
A_PB2	1358	79	C	0	0	79	35.3
A_PB2	1359	74	C	0	0	74	35.3
A_PB2	1360	88	A	0	0	88	35.2
A_PB2	1361	78	T	0	0	78	37.0
A_PB2	1362	83	T	0	0	83	36.6
A_PB2	1363	82	G	0	0	82	36.0
A_PB2	1364	80	A	0	0	80	36.9
A_PB2	1365	79	C	0	0	79	36.1
A_PB2	1366	79	A	0	0	79	37.6
A_PB2	1367	79	A	0	0	79	37.0
A_PB2	1368	77	T	0	0	77	37.1
A_PB2	1369	80	G	0	0	80	35.2
A_PB2	1370	83	T	0	0	83	37.7
A_PB2	1371	82	G	0	0	82	37.8
A_PB2	1372	75	A	0	0	75	35.5
A_PB2	1373	85	T	0	0	85	35.7
A_PB2	1374	79	G	0	0	79	36.6
A_PB2	1375	77	G	0	0	77	34.7
A_PB2	1376	86	G	0	0	86	34.4
A_PB2	1377	81	A	0	0	81	36.1
A_PB2	1378	77	A	0	0	77	35.2
A_PB2	1379	76	T	0	0	76	35.9
A_PB2	1380	77	G	0	0	77	36.7
A_PB2	1381	81	A	0	0	81	34.8
A_PB2	1382	79	T	0	0	79	35.2
A_PB2	1383	85	C	0	0	85	36.4
A_PB2	1384	73	G	0	0	73	36.7
A_PB2	1385	85	G	0	0	85	37.8
A_PB2	1386	82	G	0	0	82	36.3
A_PB2	1387	81	G	0	0	81	36.1
A_PB2	1388	79	T	0	0	79	36.7
A_PB2	1389	79	A	0	0	79	36.8
A_PB2	1390	85	A	0	0	85	34.4
A_PB2	1391	83	T	0	0	83	34.5
A_PB2	1392	74	G	0	0	74	35.3
A_PB2	1393	79	C	0	0	79	35.4
A_PB2	1394	84	C	0	0	84	35.9
A_PB2	1395	81	C	0	0	81	36.4
A_PB2	1396	87	G	0	0	87	37.7
A_PB2	1397	77	A	0	0	77	34.2
A_PB2	1398	85	C	0	0	85	37.7
A_PB2	1399	85	A	0	0	85	34.6
A_PB2	1400	86	T	0	0	86	34.9
A_PB2	1401	77	G	0	0	77	35.2
A_PB2	1402	85	A	0	0	85	35.7
A_PB2	1403	93	C	0	0	93	34.3
A_PB2	1404	86	C	0	0	86	35.6
A_PB2	1405	89	C	0	0	89	35.0
A_PB2	1406	94	C	0	0	94	36.6
A_PB2	1407	83	A	0	0	83	37.2
A_PB2	1408	79	A	0	0	79	36.9
A_PB2	1409	90	G	0	0	90	35.6
A_PB2	1410	82	T	0	0	82	36.4
A_PB2	1411	81	A	0	0	81	36.8
A_PB2	1412	85	C	0	0	85	36.8
A_PB2	1413	86	T	0	0	86	36.9
A_PB2	1414	92	G	0	0	92	36.4
A_PB2	1415	81	A	0	0	81	37.2
A_PB2	1416	85	G	0	0	85	34.4
A_PB2	1417	81	A	0	0	81	36.5
A_PB2	1418	88	T	0	0	88	34.8
A_PB2	1419	91	G	0	0	91	35.7
A_PB2	1420	86	T	0	0	86	36.7
A_PB2	1421	99	C	0	0	99	35.6
A_PB2	1422	92	G	0	0	92	34.8
A_PB2	1423	83	C	0	0	83	35.5
A_PB2	1424	96	T	0	0	96	37.4
A_PB2	1425	92	G	0	0	92	35.0
A_PB2	1426	90	A	0	0	90	35.5
A_PB2	1427	88	G	0	0	88	35.3
A_PB2	1428	89	G	0	0	89	35.0
A_PB2	1429	84	G	0	0	84	35.8
A_PB2	1430	90	G	0	0	90	35.0
A_PB2	1431	94	A	0	0	94	35.1
A_PB2	1432	88	A	0	0	88	36.3
A_PB2	1433	96	T	0	0	96	37.6
A_PB2	1434	93	A	0	0	93	37.5
A_PB2	1435	97	A	0	0	97	36.2
A_PB2	1436	93	G	0	0	93	36.4
A_PB2	1437	97	A	0	0	97	37.4
A_PB2	1438	102	G	0	0	102	36.1
A_PB2	1439	89	T	0	0	89	34.5
A_PB2	1440	94	C	0	0	94	35.3
A_PB2	1441	96	A	0	0	96	35.8
A_PB2	1442	90	G	0	0	90	35.8
A_PB2	1443	84	T	0	0	84	36.4
A_PB2	1444	101	A	0	0	101	37.9
A_PB2	1445	98	A	0	0	98	37.4
A_PB2	1446	100	G	0	0	100	34.3
A_PB2	1447	102	A	0	0	102	35.5
A_PB2	1448	90	T	0	0	90	36.2
A_PB2	1449	106	G	0	0	106	36.2
A_PB2	1450	116	G	0	0	116	34.7
A_PB2	1451	106	G	0	0	106	34.3
A_PB2	1452	102	A	0	0	102	34.7
A_PB2	1453	92	G	0	0	92	37.2
A_PB2	1454	101	T	0	0	101	37.6
A_PB2	1455	94	A	0	0	94	34.7
A_PB2	1456	102	G	0	0	102	37.5
A_PB2	1457	102	A	0	0	102	34.1
A_PB2	1458	95	T	0	0	95	35.0
A_PB2	1459	94	G	0	0	94	36.3
A_PB2	1460	98	A	0	0	98	34.5
A_PB2	1461	94	A	0	0	94	35.3
A_PB2	1462	108	T	0	0	108	37.9
A_PB2	1463	106	A	0	0	106	36.2
A_PB2	1464	100	C	0	0	100	35.0
A_PB2	1465	110	T	0	0	110	37.7
A_PB2	1466	112	C	0	0	112	35.2
A_PB2	1467	106	A	0	0	106	34.8
A_PB2	1468	108	A	0	0	108	37.6
A_PB2	1469	107	G	0	0	107	36.5
A_PB2	1470	104	T	0	0	104	35.9
A_PB2	1471	90	A	0	0	90	37.0
A_PB2	1472	98	C	0	0	98	36.5
A_PB2	1473	100	A	0	0	100	37.6
A_PB2	1474	106	G	0	0	106	36.1
A_PB2	1475	113	A	0	0	113	36.1
A_PB2	1476	102	G	0	0	102	37.4
A_PB2	1477	124	C	0	0	124	36.8
A_PB2	1478	115	G	0	0	115	35.3
A_PB2	1479	102	A	0	0	102	37.7
A_PB2	1480	111	G	0	0	111	35.9
A_PB2	1481	124	T	0	0	124	35.4
A_PB2	1482	109	A	0	0	109	37.9
A_PB2	1483	114	G	0	0	114	36.0
A_PB2	1484	124	T	0	0	124	36.2
A_PB2	1485	124	A	0	0	124	36.9
A_PB2	1486	115	G	0	0	115	37.8
A_PB2	1487	120	T	0	0	120	37.7
A_PB2	1488	116	A	0	0	116	34.8
A_PB2	1489	109	A	0	0	109	36.5
A_PB2	1490	119	G	0	0	119	34.1
A_PB2	1491	123	C	0	0	123	37.2
A_PB2	1492	117	A	0	0	117	36.0
A_PB2	1493	112	T	0	0	112	37.4
A_PB2	1494	113	C	0	0	113	37.8
A_PB2	1495	118	G	0	0	118	34.5
A_PB2	1496	119	A	0	0	119	37.9
A_PB2	1497	114	C	0	0	114	36.8
A_PB2	1498	123	C	0	0	123	34.9
A_PB2	1499	114	G	0	0	114	34.2
A_PB2	1500	132	G	0	0	132	36.7
A_PB2	1501	117	T	0	0	117	35.3
A_PB2	1502	134	T	0	0	134	37.1
A_PB2	1503	119	T	0	0	119	34.8
A_PB2	1504	118	T	0	0	118	37.5
A_PB2	1505	119	T	0	0	119	34.0
A_PB2	1506	125	A	0	0	125	36.9
A_PB2	1507	119	A	0	0	119	35.0
A_PB2	1508	132	G	0	0	132	35.1
A_PB2	1509	128	A	0	0	128	37.1
A_PB2	1510	122	G	0	0	122	35.4
A_PB2	1511	110	T	0	0	110	36.9
A_PB2	1512	127	T	0	0	127	35.7
A_PB2	1513	130	C	0	0	130	37.9
A_PB2	1514	130	G	0	0	130	37.3
A_PB2	1515	137	A	0	0	137	37.5
A_PB2	1516	143	G	0	0	143	35.4
A_PB2	1517	124	A	0	0	124	36.3
A_PB2	1518	128	C	0	0	128	34.2
A_PB2	1519	125	C	0	0	125	34.9
A_PB2	1520	125	A	0	0	125	37.5
A_PB2	1521	127	A	0	0	127	36.3
A_PB2	1522	162	C	0	0	162	36.9
A_PB2	1523	129	G	0	0	129	34.4
A_PB2	1524	150	G	0	0	150	36.6
A_PB2	1525	141	G	0	0	141	34.4
A_PB2	1526	132	G	0	0	132	35.5
A_PB2	1527	131	G	0	0	131	35.6
A_PB2	1528	143	A	0	0	143	36.9
A_PB2	1529	122	A	0	0	122	37.6
A_PB2	1530	140	C	0	0	140	35.0
A_PB2	1531	124	G	0	0	124	35.0
A_PB2	1532	123	T	0	0	123	35.6
A_PB2	1533	158	A	0	0	158	35.5
A_PB2	1534	133	C	0	0	133	36.0
A_PB2	1535	147	T	0	0	147	36.2
A_PB2	1536	130	A	0	0	130	38.0
A_PB2	1537	130	T	0	0	130	37.5
A_PB2	1538	140	T	0	0	140	37.5
A_PB2	1539	143	A	0	0	143	35.3
A_PB2	1540	128	T	0	0	128	35.8
A_PB2	1541	135	C	0	0	135	35.3
A_PB2	1542	137	A	0	0	137	35.2
A_PB2	1543	144	C	0	0	144	35.5
A_PB2	1544	147	C	0	0	147	35.8
A_PB2	1545	150	C	0	0	150	34.3
A_PB2	1546	148	G	0	0	148	35.0
A_PB2	1547	150	A	0	0	150	36.2
A_PB2	1548	139	A	0	0	139	35.4
A_PB2	1549	149	G	0	0	149	35.8
A_PB2	1550	132	A	0	0	132	34.3
A_PB2	1551	134	G	0	0	134	35.4
A_PB2	1552	157	G	0	0	157	34.5
A_PB2	1553	141	T	0	0	141	36.6
A_PB2	1554	137	C	0	0	137	35.6
A_PB2	1555	139	A	0	0	139	37.9
A_PB2	1556	160	G	0	0	160	35.2
A_PB2	1557	147	T	0	0	147	37.8
A_PB2	1558	148	G	0	0	148	35.9
A_PB2	1559	138	A	0	0	138	37.2
A_PB2	1560	131	G	0	0	131	37.6
A_PB2	1561	142	A	0	0	142	35.6
A_PB2	1562	130	C	0	0	130	37.2
A_PB2	1563	129	A	0	0	129	35.1
A_PB2	1564	134	C	0	0	134	37.8
A_PB2	1565	136	A	0	0	136	36.9
A_PB2	1566	151	A	0	0	151	36.5
A_PB2	1567	145	G	0	0	145	35.8
A_PB2	1568	128	G	0	0	128	37.2
A_PB2	1569	142	A	0	0	142	35.5
A_PB2	1570	140	A	0	0	140	36.8
A_PB2	1571	142	C	0	0	142	36.3
A_PB2	1572	148	G	0	0	148	36.8
A_PB2	1573	148	G	0	0	148	34.8
A_PB2	1574	152	A	0	0	152	36.1
A_PB2	1575	142	G	0	0	142	36.4
A_PB2	1576	158	A	0	0	158	36.9
A_PB2	1577	148	A	0	0	148	34.3
A_PB2	1578	151	A	0	0	151	35.9
A_PB2	1579	146	C	0	0	146	36.3
A_PB2	1580	156	T	0	0	156	35.8
A_PB2	1581	147	G	0	0	147	34.5
A_PB2	1582	142	A	0	0	142	34.2
A_PB2	1583	142	C	0	0	142	35.2
A_PB2	1584	151	A	0	0	151	34.7
A_PB2	1585	158	A	0	0	158	37.5
A_PB2	1586	154	T	0	0	154	37.0
A_PB2	1587	143	C	0	0	143	35.7
A_PB2	1588	161	A	0	0	161	35.7
A_PB2	1589	142	C	0	0	142	35.5
A_PB2	1590	164	T	0	0	164	35.4
A_PB2	1591	134	T	0	0	134	35.3
A_PB2	1592	134	A	0	0	134	37.4
A_PB2	1593	146	T	0	0	146	36.4
A_PB2	1594	153	T	0	0	153	34.9
A_PB2	1595	161	C	0	0	161	35.7
A_PB2	1596	145	G	0	0	145	37.1
A_PB2	1597	163	T	0	0	163	37.9
A_PB2	1598	149	C	0	0	149	35.8
A_PB2	1599	138	A	0	0	138	36.0
A_PB2	1600	135	T	0	0	135	34.9
A_PB2	1601	135	C	0	0	135	36.0
A_PB2	1602	147	A	0	0	147	36.1
A_PB2	1603	139	A	0	0	139	35.4
A_PB2	1604	136	T	0	0	136	35.9
A_PB2	1605	145	G	0	0	145	34.2
A_PB2	1606	132	A	0	0	132	37.7
A_PB2	1607	135	T	0	0	135	36.0
A_PB2	1608	144	G	0	0	144	37.5
A_PB2	1609	138	T	0	0	138	35.7
A_PB2	1610	145	G	0	0	145	37.5
A_PB2	1611	130	G	0	0	130	34.2
A_PB2	1612	144	G	0	0	144	36.4
A_PB2	1613	150	A	0	0	150	35.1
A_PB2	1614	139	G	0	0	139	36.6
A_PB2	1615	154	A	0	0	154	35.0
A_PB2	1616	143	T	0	0	143	35.4
A_PB2	1617	140	C	0	0	140	34.7
A_PB2	1618	145	A	0	0	145	34.9
A_PB2	1619	141	A	0	0	141	34.5
A_PB2	1620	135	T	0	0	135	34.4
A_PB2	1621	134	G	0	0	134	36.6
A_PB2	1622	134	G	0	0	134	35.1
A_PB2	1623	142	T	0	0	142	36.3
A_PB2	1624	151	C	0	0	151	35.1
A_PB2	1625	148	C	0	0	148	35.3
A_PB2	1626	142	T	0	0	142	36.5
A_PB2	1627	145	G	0	0	145	34.3
A_PB2	1628	152	A	0	0	152	35.6
A_PB2	1629	140	G	0	0	140	35.2
A_PB2	1630	131	T	0	0	131	34.3
A_PB2	1631	129	C	0	0	129	34.6
A_PB2	1632	129	G	0	0	129	34.5
A_PB2	1633	139	G	0	0	139	34.1
A_PB2	1634	146	T	0	0	146	37.7
A_PB2	1635	135	G	0	0	135	36.3
A_PB2	1636	121	T	0	0	121	34.0
A_PB2	1637	140	T	0	0	140	34.1
A_PB2	1638	140	G	0	0	140	34.1
A_PB2	1639	131	G	0	0	131	37.2
A_PB2	1640	144	T	0	0	144	37.3
A_PB2	1641	123	C	0	0	123	34.6
A_PB2	1642	128	A	0	0	128	36.6
A_PB2	1643	136	A	0	0	136	35.3
A_PB2	1644	142	T	0	0	142	35.3
A_PB2	1645	148	A	0	0	148	37.6
A_PB2	1646	128	C	0	0	128	35.3
A_PB2	1647	134	T	0	0	134	35.9
A_PB2	1648	133	T	0	0	133	34.8
A_PB2	1649	137	A	0	0	137	34.7
A_PB2	1650	120	C	0	0	120	34.6
A_PB2	1651	148	C	0	0	148	36.7
A_PB2	1652	129	A	0	0	129	35.8
A_PB2	1653	129	G	0	0	129	34.8
A_PB2	1654	122	T	0	0	122	37.3
A_PB2	1655	125	G	0	0	125	35.2
A_PB2	1656	130	G	0	0	130	37.8
A_PB2	1657	134	A	0	0	134	37.2
A_PB2	1658	140	T	0	0	140	34.7
A_PB2	1659	136	A	0	0	136	35.7
A_PB2	1660	134	A	0	0	134	37.7
A_PB2	1661	125	T	0	0	125	37.3
A_PB2	1662	115	T	0	0	115	35.5
A_PB2	1663	127	A	0	0	127	35.1
A_PB2	1664	136	G	0	0	136	36.0
A_PB2	1665	129	A	0	0	129	35.7
A_PB2	1666	133	A	0	0	133	36.3
A_PB2	1667	134	A	0	0	134	35.9
A_PB2	1668	118	C	0	0	118	35.4
A_PB2	1669	128	T	0	0	128	37.7
A_PB2	1670	138	G	0	0	138	37.2
A_PB2	1671	125	G	0	0	125	36.9
A_PB2	1672	118	G	0	0	118	35.7
A_PB2	1673	128	A	0	0	128	36.0
A_PB2	1674	126	A	0	0	126	35.8
A_PB2	1675	114	A	0	0	114	34.2
A_PB2	1676	130	C	0	0	130	37.4
A_PB2	1677	121	T	0	0	121	34.6
A_PB2	1678	118	G	0	0	118	35.7
A_PB2	1679	140	T	0	0	140	34.2
A_PB2	1680	108	A	0	0	108	36.4
A_PB2	1681	113	A	0	0	113	37.2
A_PB2	1682	115	A	0	0	115	34.8
A_PB2	1683	117	A	0	0	117	37.4
A_PB2	1684	123	A	0	0	123	37.5
A_PB2	1685	119	T	0	0	119	37.5
A_PB2	1686	116	T	0	0	116	36.5
A_PB2	1687	128	C	0	0	128	37.3
A_PB2	1688	108	A	0	0	108	36.5
A_PB2	1689	127	A	0	0	127	35.0
A_PB2	1690	119	T	0	0	119	37.9
A_PB2	1691	119	G	0	0	119	37.3
A_PB2	1692	123	G	0	0	123	34.5
A_PB2	1693	119	T	0	0	119	38.0
A_PB2	1694	119	C	0	0	119	38.0
A_PB2	1695	128	A	0	0	128	37.3
A_PB2	1696	129	C	0	0	129	35.3
A_PB2	1697	118	A	0	0	118	34.6
A_PB2	1698	122	G	0	0	122	35.7
A_PB2	1699	116	G	0	0	116	35.9
A_PB2	1700	109	A	0	0	109	37.4
A_PB2	1701	111	T	0	0	111	34.7
A_PB2	1702	116	C	0	0	116	36.7
A_PB2	1703	130	C	0	0	130	36.3
A_PB2	1704	117	C	0	0	117	37.4
A_PB2	1705	110	A	0	0	110	36.9
A_PB2	1706	121	C	0	0	121	37.8
A_PB2	1707	119	A	0	0	119	34.1
A_PB2	1708	110	A	0	0	110	37.7
A_PB2	1709	122	T	0	0	122	34.5
A_PB2	1710	115	G	0	0	115	36.6
A_PB2	1711	119	T	0	0	119	36.4
A_PB2	1712	107	T	0	0	107	36.1
A_PB2	1713	118	G	0	0	118	38.0
A_PB2	1714	116	T	0	0	116	34.4
A_PB2	1715	121	A	0	0	121	35.3
A_PB2	1716	110	T	0	0	110	35.3
A_PB2	1717	110	A	0	0	110	34.1
A_PB2	1718	111	A	0	0	111	36.8
A_PB2	1719	117	T	0	0	117	36.8
A_PB2	1720	118	A	0	0	118	34.3
A_PB2	1721	107	A	0	0	107	34.5
A_PB2	1722	121	G	0	0	121	37.7
A_PB2	1723	114	A	0	0	114	34.1
A_PB2	1724	113	T	0	0	113	35.8
A_PB2	1725	123	G	0	0	123	35.7
A_PB2	1726	110	G	0	0	110	36.6
A_PB2	1727	111	A	0	0	111	36.2
A_PB2	1728	109	A	0	0	109	34.6
A_PB2	1729	105	T	0	0	105	35.9
A_PB2	1730	126	T	0	0	126	36.6
A_PB2	1731	117	C	0	0	117	36.9
A_PB2	1732	115	G	0	0	115	34.9
A_PB2	1733	122	A	0	0	122	35.8
A_PB2	1734	105	G	0	0	105	37.1
A_PB2	1735	116	C	0	0	116	34.1
A_PB2	1736	126	C	0	0	126	34.9
A_PB2	1737	104	A	0	0	104	37.3
A_PB2	1738	123	T	0	0	123	35.0
A_PB2	1739	113	T	0	0	113	35.8
A_PB2	1740	124	C	0	0	124	36.9
A_PB2	1741	93	C	0	0	93	35.0
A_PB2	1742	118	A	0	0	118	36.5
A_PB2	1743	125	G	0	0	125	37.1
A_PB2	1744	123	T	0	0	123	35.8
A_PB2	1745	118	C	0	0	118	35.3
A_PB2	1746	115	T	0	0	115	36.1
A_PB2	1747	112	C	0	0	112	37.2
A_PB2	1748	127	T	0	0	127	37.9
A_PB2	1749	106	A	0	0	106	35.6
A_PB2	1750	115	G	0	0	115	36.4
A_PB2	1751	119	T	0	0	119	37.5
A_PB2	1752	96	C	0	0	96	36.5
A_PB2	1753	101	C	0	0	101	37.3
A_PB2	1754	111	C	0	0	111	37.7
A_PB2	1755	123	T	0	0	123	36.1
A_PB2	1756	121	A	0	0	121	37.3
A_PB2	1757	110	A	0	0	110	35.5
A_PB2	1758	117	G	0	0	117	37.7
A_PB2	1759	116	G	0	0	116	37.8
A_PB2	1760	104	C	0	0	104	36.6
A_PB2	1761	123	A	0	0	123	34.2
A_PB2	1762	111	G	0	0	111	34.7
A_PB2	1763	118	C	0	0	118	37.0
A_PB2	1764	117	C	0	0	117	35.4
A_PB2	1765	105	A	0	0	105	35.1
A_PB2	1766	108	G	0	0	108	34.7
A_PB2	1767	114	A	0	0	114	37.5
A_PB2	1768	116	G	0	0	116	36.6
A_PB2	1769	122	G	0	0	122	37.2
A_PB2	1770	103	T	0	0	103	37.1
A_PB2	1771	109	C	0	0	109	34.3
A_PB2	1772	113	A	0	0	113	35.5
A_PB2	1773	128	A	0	0	128	35.1
A_PB2	1774	114	T	0	0	114	35.8
A_PB2	1775	112	A	0	0	112	37.5
A_PB2	1776	119	C	0	0	119	34.8
A_PB2	1777	127	A	0	0	127	37.4
A_PB2	1778	103	G	0	0	103	35.5
A_PB2	1779	105	T	0	0	105	36.4
A_PB2	1780	113	G	0	0	113	35.8
A_PB2	1781	99	G	0	0	99	37.7
A_PB2	1782	110	G	0	0	110	34.2
A_PB2	1783	111	T	0	0	111	34.4
A_PB2	1784	110	T	0	0	110	34.5
A_PB2	1785	109	T	0	0	109	34.3
A_PB2	1786	113	G	0	0	113	36.0
A_PB2	1787	116	T	0	0	116	36.8
A_PB2	1788	127	G	0	0	127	35.4
A_PB2	1789	114	A	0	0	114	36.7
A_PB2	1790	130	G	0	0	130	37.8
A_PB2	1791	110	A	0	0	110	37.4
A_PB2	1792	115	A	0	0	115	35.6
A_PB2	1793	120	C	0	0	120	35.6
A_PB2	1794	111	A	0	0	111	36.2
A_PB2	1795	118	C	0	0	118	35.3
A_PB2	1796	122	T	0	0	122	34.5
A_PB2	1797	116	A	0	0	116	35.5
A_PB2	1798	116	T	0	0	116	36.3
A_PB2	1799	119	T	0	0	119	35.4
A_PB2	1800	123	C	0	0	123	36.9
A_PB2	1801	125	C	0	0	125	37.0
A_PB2	1802	115	A	0	0	115	37.2
A_PB2	1803	125	G	0	0	125	36.6
A_PB2	1804	120	C	0	0	120	36.5
A_PB2	1805	115	A	0	0	115	37.2
A_PB2	1806	125	A	0	0	125	35.8
A_PB2	1807	108	A	0	0	108	38.0
A_PB2	1808	123	T	0	0	123	37.4
A_PB2	1809	115	G	0	0	115	36.9
A_PB2	1810	128	A	0	0	128	37.4
A_PB2	1811	123	G	0	0	123	36.6
A_PB2	1812	120	A	0	0	120	34.6
A_PB2	1813	125	G	0	0	125	37.3
A_PB2	1814	124	A	0	0	124	34.8
A_PB2	1815	111	T	0	0	111	34.5
A_PB2	1816	131	G	0	0	131	35.0
A_PB2	1817	109	T	0	0	109	36.1
A_PB2	1818	131	G	0	0	131	35.8
A_PB2	1819	116	C	0	0	116	37.8
A_PB2	1820	125	T	0	0	125	35.6
A_PB2	1821	119	T	0	0	119	34.4
A_PB2	1822	116	G	0	0	116	34.8
A_PB2	1823	117	G	0	0	117	35.8
A_PB2	1824	123	A	0	0	123	34.1
A_PB2	1825	118	A	0	0	118	37.3
A_PB2	1826	108	C	0	0	108	36.1
A_PB2	1827	124	A	0	0	124	37.5
A_PB2	1828	127	T	0	0	127	34.5
A_PB2	1829	132	T	0	0	132	37.3
A_PB2	1830	116	T	0	0	116	34.9
A_PB2	1831	112	G	0	0	112	34.5
A_PB2	1832	117	A	0	0	117	37.8
A_PB2	1833	136	C	0	0	136	35.3
A_PB2	1834	110	A	0	0	110	37.3
A_PB2	1835	121	C	0	0	121	34.9
A_PB2	1836	124	T	0	0	124	34.4
A_PB2	1837	117	G	0	0	117	34.1
A_PB2	1838	115	T	0	0	115	35.9
A_PB2	1839	112	T	0	0	112	37.7
A_PB2	1840	120	C	0	0	120	36.7
A_PB2	1841	113	A	0	0	113	34.0
A_PB2	1842	111	G	0	0	111	34.7
A_PB2	1843	122	A	0	0	122	34.6
A_PB2	1844	126	T	0	0	126	35.1
A_PB2	1845	117	A	0	0	117	37.3
A_PB2	1846	134	G	0	0	134	35.2
A_PB2	1847	124	T	0	0	124	35.7
A_PB2	1848	115	A	0	0	115	34.0
A_PB2	1849	111	A	0	0	111	37.6
A_PB2	1850	115	A	0	0	115	35.2
A_PB2	1851	119	A	0	0	119	37.0
A_PB2	1852	126	C	0	0	126	36.4
A_PB2	1853	117	T	0	0	117	34.0
A_PB2	1854	117	C	0	0	117	36.9
A_PB2	1855	111	C	0	0	111	34.6
A_PB2	1856	122	T	0	0	122	36.6
A_PB2	1857	138	C	0	0	138	35.4
A_PB2	1858	118	C	0	0	118	35.3
A_PB2	1859	123	C	0	0	123	37.6
A_PB2	1860	116	C	0	0	116	34.4
A_PB2	1861	138	T	0	0	138	34.0
A_PB2	1862	140	T	0	0	140	35.5
A_PB2	1863	126	T	0	0	126	35.0
A_PB2	1864	115	G	0	0	115	36.9
A_PB2	1865	114	C	0	0	114	36.2
A_PB2	1866	112	T	0	0	112	37.4
A_PB2	1867	126	G	0	0	126	34.4
A_PB2	1868	116	C	0	0	116	37.6
A_PB2	1869	125	C	0	0	125	34.7
A_PB2	1870	110	G	0	0	110	36.6
A_PB2	1871	119	C	0	0	119	36.4
A_PB2	1872	114	C	0	0	114	37.9
A_PB2	1873	113	C	0	0	113	37.6
A_PB2	1874	116	C	0	0	116	36.4
A_PB2	1875	113	A	0	0	113	37.3
A_PB2	1876	106	C	0	0	106	36.8
A_PB2	1877	125	C	0	0	125	36.2
A_PB2	1878	120	G	0	0	120	36.5
A_PB2	1879	123	G	0	0	123	36.3
A_PB2	1880	112	A	0	0	112	36.1
A_PB2	1881	134	A	0	0	134	36.2
A_PB2	1882	125	C	0	0	125	37.1
A_PB2	1883	122	A	0	0	122	36.3
A_PB2	1884	107	A	0	0	107	35.7
A_PB2	1885	109	A	0	0	109	36.4
A_PB2	1886	119	G	0	0	119	37.2
A_PB2	1887	119	T	0	0	119	35.1
A_PB2	1888	116	A	0	0	116	37.0
A_PB2	1889	113	G	0	0	113	34.6
A_PB2	1890	123	G	0	0	123	35.0
A_PB2	1891	113	A	0	0	113	34.1
A_PB2	1892	122	T	0	0	122	35.7
A_PB2	1893	109	G	0	0	109	37.7
A_PB2	1894	110	C	0	0	110	34.0
A_PB2	1895	106	A	0	0	106	35.2
A_PB2	1896	111	G	0	0	111	36.2
A_PB2	1897	122	T	0	0	122	35.5
A_PB2	1898	111	T	0	0	111	37.5
A_PB2	1899	124	C	0	0	124	36.9
A_PB2	1900	117	T	0	0	117	36.5
A_PB2	1901	113	C	0	0	113	34.9
A_PB2	1902	108	C	0	0	108	34.2
A_PB2	1903	124	T	0	0	124	37.0
A_PB2	1904	111	C	0	0	111	34.5
A_PB2	1905	111	C	0	0	111	34.1
A_PB2	1906	117	C	0	0	117	36.2
A_PB2	1907	110	T	0	0	110	36.3
A_PB2	1908	118	G	0	0	118	36.7
A_PB2	1909	116	A	0	0	116	36.0
A_PB2	1910	101	C	0	0	101	35.8
A_PB2	1911	105	T	0	0	105	35.5
A_PB2	1912	126	G	0	0	126	36.6
A_PB2	1913	106	T	0	0	106	34.5
A_PB2	1914	102	G	0	0	102	37.4
A_PB2	1915	103	A	0	0	103	36.4
A_PB2	1916	111	A	0	0	111	34.5
A_PB2	1917	106	T	0	0	106	34.3
A_PB2	1918	118	G	0	0	118	34.8
A_PB2	1919	108	T	0	0	108	34.7
A_PB2	1920	119	A	0	0	119	34.2
A_PB2	1921	111	A	0	0	111	37.1
A_PB2	1922	109	G	0	0	109	34.0
A_PB2	1923	107	A	0	0	107	37.3
A_PB2	1924	104	G	0	0	104	34.8
A_PB2	1925	98	G	0	0	98	37.8
A_PB2	1926	106	A	0	0	106	36.0
A_PB2	1927	102	T	0	0	102	37.4
A_PB2	1928	105	C	0	0	105	34.2
A_PB2	1929	108	A	0	0	108	34.4
A_PB2	1930	117	G	0	0	117	36.9
A_PB2	1931	97	G	0	0	97	37.7
A_PB2	1932	105	A	0	0	105	36.0
A_PB2	1933	105	A	0	0	105	37.6
A_PB2	1934	102	T	0	0	102	36.6
A_PB2	1935	98	G	0	0	98	34.2
A_PB2	1936	102	A	0	0	102	35.2
A_PB2	1937	111	G	0	0	111	35.5
A_PB2	1938	97	G	0	0	97	36.2
A_PB2	1939	104	A	0	0	104	34.2
A_PB2	1940	107	T	0	0	107	34.4
A_PB2	1941	102	A	0	0	102	35.9
A_PB2	1942	98	C	0	0	98	37.7
A_PB2	1943	110	T	0	0	110	35.4
A_PB2	1944	99	G	0	0	99	34.9
A_PB2	1945	106	G	0	0	106	37.3
A_PB2	1946	103	T	0	0	103	37.1
A_PB2	1947	102	A	0	0	102	37.4
A_PB2	1948	100	A	0	0	100	37.9
A_PB2	1949	99	G	0	0	99	36.4
A_PB2	1950	87	A	0	0	87	36.2
A_PB2	1951	102	G	0	0	102	36.0
A_PB2	1952	96	G	0	0	96	35.2
A_PB2	1953	93	C	0	0	93	36.7
A_PB2	1954	92	A	0	0	92	36.9
A_PB2	1955	101	A	0	0	101	36.6
A_PB2	1956	93	T	0	0	93	34.1
A_PB2	1957	93	T	0	0	93	35.7
A_PB2	1958	99	C	0	0	99	34.3
A_PB2	1959	89	A	0	0	89	36.0
A_PB2	1960	98	C	0	0	98	37.0
A_PB2	1961	93	C	0	0	93	37.1
A_PB2	1962	93	A	0	0	93	36.5
A_PB2	1963	90	G	0	0	90	34.3
A_PB2	1964	94	T	0	0	94	35.5
A_PB2	1965	91	C	0	0	91	35.4
A_PB2	1966	83	T	0	0	83	37.0
A_PB2	1967	86	T	0	0	86	37.2
A_PB2	1968	85	C	0	0	85	36.2
A_PB2	1969	90	A	0	0	90	35.7
A_PB2	1970	88	A	0	0	88	34.8
A_PB2	1971	95	T	0	0	95	36.5
A_PB2	1972	76	T	0	0	76	34.2
A_PB2	1973	88	A	0	0	88	36.9
A_PB2	1974	89	C	0	0	89	35.3
A_PB2	1975	93	A	0	0	93	36.5
A_PB2	1976	87	A	0	0	87	36.3
A_PB2	1977	83	C	0	0	83	36.9
A_PB2	1978	80	A	0	0	80	37.1
A_PB2	1979	86	A	0	0	86	37.4
A_PB2	1980	80	G	0	0	80	37.2
A_PB2	1981	80	G	0	0	80	37.0
A_PB2	1982	84	C	0	0	84	36.5
A_PB2	1983	83	C	0	0	83	34.6
A_PB2	1984	82	A	0	0	82	35.0
A_PB2	1985	75	C	0	0	75	36.1
A_PB2	1986	90	C	0	0	90	36.7
A_PB2	1987	82	A	0	0	82	38.0
A_PB2	1988	80	A	0	0	80	37.9
A_PB2	1989	75	G	0	0	75	36.5
A_PB2	1990	82	A	0	0	82	37.5
A_PB2	1991	76	G	0	0	76	34.8
A_PB2	1992	76	G	0	0	76	35.9
A_PB2	1993	80	C	0	0	80	35.3
A_PB2	1994	85	T	0	0	85	36.8
A_PB2	1995	85	C	0	0	85	35.6
A_PB2	1996	70	A	0	0	70	37.2
A_PB2	1997	77	C	0	0	77	34.9
A_PB2	1998	77	A	0	0	77	35.9
A_PB2	1999	83	G	0	0	83	36.2
A_PB2	2000	80	T	0	0	80	35.8
A_PB2	2001	80	T	0	0	80	35.0
A_PB2	2002	75	C	0	0	75	37.8
A_PB2	2003	79	T	0	0	79	37.2
A_PB2	2004	82	C	0	0	82	37.5
A_PB2	2005	74	G	0	0	74	37.3
A_PB2	2006	73	G	0	0	73	37.6
A_PB2	2007	78	G	0	0	78	36.6
A_PB2	2008	74	A	0	0	74	35.5
A_PB2	2009	74	A	0	0	74	37.6
A_PB2	2010	77	A	0	0	77	36.6
A_PB2	2011	74	G	0	0	74	35.0
A_PB2	2012	78	A	0	0	78	35.5
A_PB2	2013	74	T	0	0	74	37.3
A_PB2	2014	71	G	0	0	71	36.9
A_PB2	2015	73	C	0	0	73	37.5
A_PB2	2016	75	A	0	0	75	37.3
A_PB2	2017	75	G	0	0	75	37.9
A_PB2	2018	76	G	0	0	76	34.2
A_PB2	2019	73	T	0	0	73	37.1
A_PB2	2020	78	G	0	0	78	35.2
A_PB2	2021	69	C	0	0	69	37.4
A_PB2	2022	70	A	0	0	70	35.2
A_PB2	2023	70	T	0	0	70	34.4
A_PB2	2024	70	T	0	0	70	34.7
A_PB2	2025	75	G	0	0	75	35.4
A_PB2	2026	67	A	0	0	67	35.2
A_PB2	2027	73	C	0	0	73	36.3
A_PB2	2028	71	C	0	0	71	37.2
A_PB2	2029	74	G	0	0	74	34.8
A_PB2	2030	74	A	0	0	74	37.2
A_PB2	2031	70	A	0	0	70	36.8
A_PB2	2032	74	G	0	0	74	35.4
A_PB2	2033	77	A	0	0	77	34.8
A_PB2	2034	70	T	0	0	70	37.6
A_PB2	2035	62	C	0	0	62	37.5
A_PB2	2036	75	C	0	0	75	35.8
A_PB2	2037	69	A	0	0	69	36.4
A_PB2	2038	70	G	0	0	70	36.2
A_PB2	2039	79	A	0	0	79	37.7
A_PB2	2040	71	T	0	0	71	34.7
A_PB2	2041	74	G	0	0	74	35.6
A_PB2	2042	72	A	0	0	72	34.8
A_PB2	2043	70	A	0	0	70	35.5
A_PB2	2044	75	G	0	0	75	37.5
A_PB2	2045	70	G	0	0	70	37.8
A_PB2	2046	74	C	0	0	74	37.2
A_PB2	2047	78	A	0	0	78	36.8
A_PB2	2048	73	C	0	0	73	35.8
A_PB2	2049	75	A	0	0	75	37.7
A_PB2	2050	70	G	0	0	70	35.8
A_PB2	2051	69	C	0	0	69	34.2
A_PB2	2052	67	T	0	0	67	37.1
A_PB2	2053	60	G	0	0	60	36.1
A_PB2	2054	73	G	0	0	73	36.5
A_PB2	2055	74	A	0	0	74	36.7
A_PB2	2056	76	G	0	0	76	34.8
A_PB2	2057	69	T	0	0	69	37.8
A_PB2	2058	73	G	0	0	73	37.9
A_PB2	2059	71	G	0	0	71	34.3
A_PB2	2060	70	A	0	0	70	37.4
A_PB2	2061	68	G	0	0	68	34.0
A_PB2	2062	74	T	0	0	74	36.9
A_PB2	2063	68	C	0	0	68	35.3
A_PB2	2064	68	T	0	0	68	37.4
A_PB2	2065	70	G	0	0	70	37.0
A_PB2	2066	63	C	0	0	63	37.5
A_PB2	2067	78	T	0	0	78	37.8
A_PB2	2068	70	G	0	0	70	35.5
A_PB2	2069	72	T	0	0	72	35.0
A_PB2	2070	80	T	0	0	80	35.6
A_PB2	2071	80	T	0	0	80	34.9
A_PB2	2072	71	T	0	0	71	35.1
A_PB2	2073	66	A	0	0	66	34.3
A_PB2	2074	77	A	0	0	77	37.1
A_PB2	2075	81	G	0	0	81	37.5
A_PB2	2076	78	A	0	0	78	36.8
A_PB2	2077	67	G	0	0	67	36.0
A_PB2	2078	68	G	0	0	68	34.7
A_PB2	2079	80	A	0	0	80	35.5
A_PB2	2080	76	T	0	0	76	37.0
A_PB2	2081	73	T	0	0	73	36.0
A_PB2	2082	73	C	0	0	73	36.6
A_PB2	2083	77	C	0	0	77	35.8
A_PB2	2084	77	T	0	0	77	35.2
A_PB2	2085	77	C	0	0	77	34.2
A_PB2	2086	74	A	0	0	74	35.5
A_PB2	2087	77	T	0	0	77	35.9
A_PB2	2088	76	T	0	0	76	35.7
A_PB2	2089	81	T	0	0	81	37.9
A_PB2	2090	71	T	0	0	71	35.6
A_PB2	2091	82	G	0	0	82	36.4
A_PB2	2092	77	G	0	0	77	36.3
A_PB2	2093	75	G	0	0	75	34.7
A_PB2	2094	76	C	0	0	76	34.1
A_PB2	2095	83	A	0	0	83	36.7
A_PB2	2096	87	A	0	0	87	34.4
A_PB2	2097	81	A	0	0	81	37.7
A_PB2	2098	71	G	0	0	71	35.5
A_PB2	2099	76	A	0	0	76	37.9
A_PB2	2100	78	A	0	0	78	35.0
A_PB2	2101	74	G	0	0	74	36.1
A_PB2	2102	84	A	0	0	84	34.7
A_PB2	2103	83	C	0	0	83	35.4
A_PB2	2104	86	A	0	0	86	34.3
A_PB2	2105	81	A	0	0	81	34.3
A_PB2	2106	89	G	0	0	89	35.5
A_PB2	2107	82	A	0	0	82	37.0
A_PB2	2108	82	G	0	0	82	37.8
A_PB2	2109	81	A	0	0	81	36.9
A_PB2	2110	80	T	0	0	80	37.4
A_PB2	2111	88	A	0	0	88	37.4
A_PB2	2112	83	T	0	0	83	36.3
A_PB2	2113	86	G	0	0	86	34.7
A_PB2	2114	88	G	0	0	88	37.0
A_PB2	2115	78	C	0	0	78	37.1
A_PB2	2116	94	C	0	0	94	37.1
A_PB2	2117	96	C	0	0	96	35.5
A_PB2	2118	86	A	0	0	86	36.9
A_PB2	2119	90	G	0	0	90	34.3
A_PB2	2120	83	C	0	0	83	36.9
A_PB2	2121	86	A	0	0	86	35.4
A_PB2	2122	96	T	0	0	96	37.2
A_PB2	2123	82	T	0	0	82	37.3
A_PB2	2124	85	G	0	0	85	36.8
A_PB2	2125	86	A	0	0	86	37.7
A_PB2	2126	77	G	0	0	77	34.7
A_PB2	2127	89	C	0	0	89	37.4
A_PB2	2128	92	A	0	0	92	35.7
A_PB2	2129	89	T	0	0	89	37.4
A_PB2	2130	81	C	0	0	81	37.2
A_PB2	2131	88	A	0	0	88	35.8
A_PB2	2132	94	A	0	0	94	34.7
A_PB2	2133	89	T	0	0	89	36.5
A_PB2	2134	84	G	0	0	84	34.4
A_PB2	2135	96	A	0	0	96	36.5
A_PB2	2136	101	G	0	0	101	34.5
A_PB2	2137	101	C	0	0	101	35.0
A_PB2	2138	105	T	0	0	105	37.9
A_PB2	2139	100	G	0	0	100	37.2
A_PB2	2140	88	A	0	0	88	36.8
A_PB2	2141	107	G	0	0	107	34.7
A_PB2	2142	94	C	0	0	94	35.6
A_PB2	2143	105	A	0	0	105	35.4
A_PB2	2144	103	A	0	0	103	36.1
A_PB2	2145	97	T	0	0	97	37.1
A_PB2	2146	98	C	0	0	98	36.8
A_PB2	2147	90	T	0	0	90	37.1
A_PB2	2148	97	T	0	0	97	36.7
A_PB2	2149	89	G	0	0	89	36.1
A_PB2	2150	92	C	0	0	92	35.1
A_PB2	2151	100	A	0	0	100	37.4
A_PB2	2152	92	A	0	0	92	37.5
A_PB2	2153	96	A	0	0	96	34.6
A_PB2	2154	97	G	0	0	97	38.0
A_PB2	2155	90	G	0	0	90	36.9
A_PB2	2156	102	G	0	0	102	36.4
A_PB2	2157	94	A	0	0	94	35.9
A_PB2	2158	99	G	0	0	99	35.5
A_PB2	2159	102	A	0	0	102	36.8
A_PB2	2160	96	G	0	0	96	35.3
A_PB2	2161	108	A	0	0	108	35.7
A_PB2	2162	91	A	0	0	91	35.6
A_PB2	2163	85	G	0	0	85	37.3
A_PB2	2164	90	G	0	0	90	36.8
A_PB2	2165	98	C	0	0	98	35.5
A_PB2	2166	91	T	0	0	91	35.7
A_PB2	2167	87	A	0	0	87	36.6
A_PB2	2168	94	A	0	0	94	35.0
A_PB2	2169	90	T	0	0	90	36.2
A_PB2	2170	91	G	0	0	91	34.8
A_PB2	2171	84	T	0	0	84	35.9
A_PB2	2172	83	G	0	0	83	34.9
A_PB2	2173	83	C	0	0	83	34.5
A_PB2	2174	85	T	0	0	85	36.0
A_PB2	2175	85	A	0	0	85	35.4
A_PB2	2176	82	A	0	0	82	36.2
A_PB2	2177	84	T	0	0	84	34.5
A_PB2	2178	86	T	0	0	86	36.3
A_PB2	2179	83	G	0	0	83	34.8
A_PB2	2180	84	G	0	0	84	34.7
A_PB2	2181	76	G	0	0	76	34.2
A_PB2	2182	81	C	0	0	81	36.8
A_PB2	2183	74	A	0	0	74	36.8
A_PB2	2184	73	A	0	0	73	37.4
A_PB2	2185	81	G	0	0	81	35.8
A_PB2	2186	88	G	0	0	88	37.6
A_PB2	2187	81	A	0	0	81	36.1
A_PB2	2188	76	G	0	0	76	35.0
A_PB2	2189	74	A	0	0	74	36.9
A_PB2	2190	67	C	0	0	67	37.3
A_PB2	2191	76	G	0	0	76	34.1
A_PB2	2192	73	T	0	0	73	35.1
A_PB2	2193	75	A	0	0	75	34.6
A_PB2	2194	76	G	0	0	76	37.7
A_PB2	2195	77	T	0	0	77	37.4
A_PB2	2196	78	G	0	0	78	36.5
A_PB2	2197	68	T	0	0	68	36.0
A_PB2	2198	78	T	0	0	78	37.0
A_PB2	2199	64	G	0	0	64	37.7
A_PB2	2200	72	G	0	0	72	36.8
A_PB2	2201	67	T	0	0	67	35.1
A_PB2	2202	67	G	0	0	67	34.6
A_PB2	2203	68	A	0	0	68	36.8
A_PB2	2204	69	T	0	0	69	36.5
A_PB2	2205	65	G	0	0	65	36.6
A_PB2	2206	61	A	0	0	61	34.6
A_PB2	2207	66	A	0	0	66	37.4
A_PB2	2208	62	A	0	0	62	37.1
A_PB2	2209	58	C	0	0	58	36.9
A_PB2	2210	63	G	0	0	63	37.4
A_PB2	2211	66	G	0	0	66	37.2
A_PB2	2212	59	A	0	0	59	37.1
A_PB2	2213	66	A	0	0	66	34.6
A_PB2	2214	55	A	0	0	55	37.1
A_PB2	2215	56	C	0	0	56	37.2
A_PB2	2216	56	G	0	0	56	36.8
A_PB2	2217	53	G	0	0	53	37.3
A_PB2	2218	59	G	0	0	59	34.3
A_PB2	2219	54	A	0	0	54	37.4
A_PB2	2220	54	C	0	0	54	37.7
A_PB2	2221	55	T	0	0	55	34.5
A_PB2	2222	53	C	0	0	53	34.1
A_PB2	2223	53	T	0	0	53	36.5
A_PB2	2224	47	A	0	0	47	35.1
A_PB2	2225	56	G	0	0	56	35.4
A_PB2	2226	50	C	0	0	50	37.8
A_PB2	2227	50	A	0	0	50	35.9
A_PB2	2228	50	T	0	0	50	35.3
A_PB2	2229	47	A	0	0	47	34.1
A_PB2	2230	45	C	0	0	45	37.3
A_PB2	2231	41	T	0	0	41	35.7
A_PB2	2232	45	T	0	0	45	34.9
A_PB2	2233	45	A	0	0	45	37.7
A_PB2	2234	43	C	0	0	43	35.4
A_PB2	2235	42	T	0	0	42	34.4
A_PB2	2236	42	G	0	0	42	34.6
A_PB2	2237	42	A	0	0	42	35.4
A_PB2	2238	37	C	0	0	37	34.4
A_PB2	2239	36	A	0	0	36	34.4
A_PB2	2240	39	G	0	0	39	35.7
A_PB2	2241	38	C	0	0	38	35.3
A_PB2	2242	34	C	0	0	34	37.3
A_PB2	2243	35	A	0	0	35	37.8
A_PB2	2244	35	G	0	0	35	34.3
A_PB2	2245	34	A	0	0	34	34.3
A_PB2	2246	32	C	0	0	32	35.2
A_PB2	2247	28	A	0	0	28	34.4
A_PB2	2248	32	G	0	0	32	36.9
A_PB2	2249	28	C	0	0	28	34.7
A_PB2	2250	28	G	0	0	28	35.3
A_PB2	2251	24	A	0	0	24	37.9
A_PB2	2252	24	C	0	0	24	36.1
A_PB2	2253	24	C	0	0	24	34.4
A_PB2	2254	27	A	0	0	27	34.4
A_PB2	2255	25	A	0	0	25	37.7
A_PB2	2256	22	A	0	0	22	37.7
A_PB2	2257	22	A	0	0	22	36.1
A_PB2	2258	20	G	0	0	20	36.8
A_PB2	2259	22	A	0	0	22	34.5
A_PB2	2260	19	A	0	0	19	36.7
A_PB2	2261	17	T	0	0	17	35.6
A_PB2	2262	17	T	0	0	17	34.1
A_PB2	2263	15	C	0	0	15	35.0
A_PB2	2264	15	G	0	0	15	37.3
A_PB2	2265	13	G	0	0	13	35.1
A_PB2	2266	13	A	0	0	13	36.3
A_PB2	2267	13	T	0	0	13	35.4
A_PB2	2268	11	G	0	0	11	34.6
A_PB2	2269	11	G	0	0	11	36.5
A_PB2	2270	10	C	0	0	10	35.1
A_PB2	2271	8	C	0	0	8	37.8
A_PB2	2272	7	A	0	0	7	36.4
A_PB2	2273	6	T	0	0	6	35.9
A_PB2	2274	5	C	0	0	5	34.9
A_PB2	2275	5	A	0	0	5	36.8
A_PB2	2276	4	A	0	0	4	37.1
A_PB2	2277	3	T	0	0	3	35.7
A_PB2	2278	2	T	0	0	2	37.7
A_PB2	2279	1	A	0	0	1	37.0
A_PB2	2280	0	G	0	0	0	34.4
