Reference_Name	Position	Coverage Depth	Consensus	Deletions	Ambiguous	Consensus_Count	Consensus_Average_Quality
A_MP	1	87	A	0	0	87	35
A_MP	2	90	T	0	0	90	35
A_MP	3	108	G	0	0	108	35
A_MP	4	94	A	0	0	94	35
A_MP	5	111	G	0	0	111	35
A_MP	6	101	C	0	0	101	35
A_MP	7	86	C	0	0	86	35
A_MP	8	108	T	0	0	108	35
A_MP	9	114	T	0	0	114	35
A_MP	10	107	C	0	0	107	35
A_MP	11	109	T	0	0	109	35
A_MP	12	105	A	0	0	105	35
A_MP	13	99	A	0	0	99	35
A_MP	14	115	C	0	0	115	35
A_MP	15	105	C	0	0	105	35
A_MP	16	93	G	0	0	93	35
A_MP	17	97	A	0	0	97	35
A_MP	18	109	G	0	0	109	35
A_MP	19	107	G	0	0	107	35
A_MP	20	101	T	0	0	101	35
A_MP	21	99	C	0	0	99	35
A_MP	22	103	G	0	0	103	35
A_MP	23	96	A	0	0	96	35
A_MP	24	104	A	0	0	104	35
A_MP	25	110	A	0	0	110	35
A_MP	26	103	C	0	0	103	35
A_MP	27	113	G	0	0	113	35
A_MP	28	105	T	0	0	105	35
A_MP	29	105	A	0	0	105	35
A_MP	30	106	C	0	0	106	35
A_MP	31	101	G	0	0	101	35
A_MP	32	100	T	0	0	100	35
A_MP	33	87	T	0	0	87	35
A_MP	34	109	C	0	0	109	35
A_MP	35	95	T	0	0	95	35
A_MP	36	88	C	0	0	88	35
A_MP	37	111	T	0	0	111	35
A_MP	38	86	C	0	0	86	35
A_MP	39	106	T	0	0	106	35
A_MP	40	105	A	0	0	105	35
A_MP	41	89	T	0	0	89	35
A_MP	42	94	C	0	0	94	35
A_MP	43	115	G	0	0	115	35
A_MP	44	90	T	0	0	90	35
A_MP	45	99	C	0	0	99	35
A_MP	46	95	C	0	0	95	35
A_MP	47	91	C	0	0	91	35
A_MP	48	103	G	0	0	103	35
A_MP	49	88	T	0	0	88	35
A_MP	50	113	C	0	0	113	35
A_MP	51	92	G	0	0	92	35
A_MP	52	104	G	0	0	104	35
A_MP	53	94	G	0	0	94	35
A_MP	54	90	C	0	0	90	35
A_MP	55	103	C	0	0	103	35
A_MP	56	88	C	0	0	88	35
A_MP	57	87	C	0	0	87	35
A_MP	58	99	C	0	0	99	35
A_MP	59	112	T	0	0	112	35
A_MP	60	87	C	0	0	87	35
A_MP	61	90	A	0	0	90	35
A_MP	62	89	A	0	0	89	35
A_MP	63	101	A	0	0	101	35
A_MP	64	87	G	0	0	87	35
A_MP	65	103	C	0	0	103	35
A_MP	66	93	C	0	0	93	35
A_MP	67	103	G	0	0	103	35
A_MP	68	110	A	0	0	110	35
A_MP	69	88	G	0	0	88	35
A_MP	70	91	A	0	0	91	35
A_MP	71	85	T	0	0	85	35
A_MP	72	108	C	0	0	108	35
A_MP	73	93	G	0	0	93	35
A_MP	74	89	C	0	0	89	35
A_MP	75	95	G	0	0	95	35
A_MP	76	93	C	0	0	93	35
A_MP	77	102	A	0	0	102	35
A_MP	78	90	G	0	0	90	35
A_MP	79	109	A	0	0	109	35
A_MP	80	106	G	0	0	106	35
A_MP	81	99	A	0	0	99	35
A_MP	82	105	C	0	0	105	35
A_MP	83	87	T	0	0	87	35
A_MP	84	91	T	0	0	91	35
A_MP	85	96	G	0	0	96	35
A_MP	86	105	A	0	0	105	35
A_MP	87	111	A	0	0	111	35
A_MP	88	103	G	0	0	103	35
A_MP	89	108	A	0	0	108	35
A_MP	90	103	T	0	0	103	35
A_MP	91	110	G	0	0	110	35
A_MP	92	101	T	0	0	101	35
A_MP	93	97	C	0	0	97	35
A_MP	94	91	T	0	0	91	35
A_MP	95	110	T	0	0	110	35
A_MP	96	93	T	0	0	93	35
A_MP	97	113	G	0	0	113	35
A_MP	98	114	C	0	0	114	35
A_MP	99	94	A	0	0	94	35
A_MP	100	107	G	0	0	107	35
A_MP	101	96	G	0	0	96	35
A_MP	102	104	G	0	0	104	35
A_MP	103	90	A	0	0	90	35
A_MP	104	95	A	0	0	95	35
A_MP	105	111	G	0	0	111	35
A_MP	106	88	A	0	0	88	35
A_MP	107	103	A	0	0	103	35
A_MP	108	93	C	0	0	93	35
A_MP	109	111	A	0	0	111	35
A_MP	110	99	C	0	0	99	35
A_MP	111	110	C	0	0	110	35
A_MP	112	102	G	0	0	102	35
A_MP	113	89	A	0	0	89	35
A_MP	114	92	T	0	0	92	35
A_MP	115	103	C	0	0	103	35
A_MP	116	107	T	0	0	107	35
A_MP	117	106	T	0	0	106	35
A_MP	118	101	G	0	0	101	35
A_MP	119	93	A	0	0	93	35
A_MP	120	89	G	0	0	89	35
A_MP	121	115	G	0	0	115	35
A_MP	122	112	C	0	0	112	35
A_MP	123	110	T	0	0	110	35
A_MP	124	105	C	0	0	105	35
A_MP	125	112	T	0	0	112	35
A_MP	126	94	C	0	0	94	35
A_MP	127	87	A	0	0	87	35
A_MP	128	104	T	0	0	104	35
A_MP	129	91	G	0	0	91	35
A_MP	130	105	G	0	0	105	35
A_MP	131	90	A	0	0	90	35
A_MP	132	93	A	0	0	93	35
A_MP	133	112	T	0	0	112	35
A_MP	134	114	G	0	0	114	35
A_MP	135	96	G	0	0	96	35
A_MP	136	105	C	0	0	105	35
A_MP	137	101	T	0	0	101	35
A_MP	138	96	A	0	0	96	35
A_MP	139	102	A	0	0	102	35
A_MP	140	94	A	0	0	94	35
A_MP	141	93	G	0	0	93	35
A_MP	142	106	A	0	0	106	35
A_MP	143	97	C	0	0	97	35
A_MP	144	86	A	0	0	86	35
A_MP	145	100	A	0	0	100	35
A_MP	146	99	G	0	0	99	35
A_MP	147	108	A	0	0	108	35
A_MP	148	101	C	0	0	101	35
A_MP	149	108	C	0	0	108	35
A_MP	150	96	A	0	0	96	35
A_MP	151	88	A	0	0	88	35
A_MP	152	103	T	0	0	103	35
A_MP	153	89	C	0	0	89	35
A_MP	154	85	C	0	0	85	35
A_MP	155	88	T	0	0	88	35
A_MP	156	85	G	0	0	85	35
A_MP	157	104	T	0	0	104	35
A_MP	158	115	C	0	0	115	35
A_MP	159	114	A	0	0	114	35
A_MP	160	105	C	0	0	105	35
A_MP	161	107	C	0	0	107	35
A_MP	162	87	T	0	0	87	35
A_MP	163	93	C	0	0	93	35
A_MP	164	85	T	0	0	85	35
A_MP	165	95	G	0	0	95	35
A_MP	166	93	A	0	0	93	35
A_MP	167	94	C	0	0	94	35
A_MP	168	103	T	0	0	103	35
A_MP	169	108	A	0	0	108	35
A_MP	170	87	A	0	0	87	35
A_MP	171	88	G	0	0	88	35
A_MP	172	111	G	0	0	111	35
A_MP	173	96	G	0	0	96	35
A_MP	174	106	G	0	0	106	35
A_MP	175	101	A	0	0	101	35
A_MP	176	108	T	0	0	108	35
A_MP	177	100	T	0	0	100	35
A_MP	178	96	T	0	0	96	35
A_MP	179	94	T	0	0	94	35
A_MP	180	85	G	0	0	85	35
A_MP	181	105	G	0	0	105	35
A_MP	182	89	G	0	0	89	35
A_MP	183	97	A	0	0	97	35
A_MP	184	89	T	0	0	89	35
A_MP	185	85	T	0	0	85	35
A_MP	186	95	T	0	0	95	35
A_MP	187	97	G	0	0	97	35
A_MP	188	90	T	0	0	90	35
A_MP	189	111	G	0	0	111	35
A_MP	190	87	T	0	0	87	35
A_MP	191	111	T	0	0	111	35
A_MP	192	106	C	0	0	106	35
A_MP	193	98	A	0	0	98	35
A_MP	194	92	C	0	0	92	35
A_MP	195	96	G	0	0	96	35
A_MP	196	98	C	0	0	98	35
A_MP	197	86	T	0	0	86	35
A_MP	198	94	C	0	0	94	35
A_MP	199	101	A	0	0	101	35
A_MP	200	110	C	0	0	110	35
A_MP	201	107	C	0	0	107	35
A_MP	202	111	G	0	0	111	35
A_MP	203	90	T	0	0	90	35
A_MP	204	99	G	0	0	99	35
A_MP	205	105	C	0	0	105	35
A_MP	206	95	C	0	0	95	35
A_MP	207	93	C	0	0	93	35
A_MP	208	103	A	0	0	103	35
A_MP	209	113	G	0	0	113	35
A_MP	210	86	T	0	0	86	35
A_MP	211	99	G	0	0	99	35
A_MP	212	98	A	0	0	98	35
A_MP	213	113	G	0	0	113	35
A_MP	214	111	C	0	0	111	35
A_MP	215	100	G	0	0	100	35
A_MP	216	99	A	0	0	99	35
A_MP	217	102	G	0	0	102	35
A_MP	218	105	G	0	0	105	35
A_MP	219	97	A	0	0	97	35
A_MP	220	91	C	0	0	91	35
A_MP	221	97	T	0	0	97	35
A_MP	222	97	G	0	0	97	35
A_MP	223	100	C	0	0	100	35
A_MP	224	99	A	0	0	99	35
A_MP	225	111	G	0	0	111	35
A_MP	226	102	C	0	0	102	35
A_MP	227	85	G	0	0	85	35
A_MP	228	102	T	0	0	102	35
A_MP	229	105	A	0	0	105	35
A_MP	230	87	G	0	0	87	35
A_MP	231	89	A	0	0	89	35
A_MP	232	114	C	0	0	114	35
A_MP	233	101	G	0	0	101	35
A_MP	234	105	C	0	0	105	35
A_MP	235	97	T	0	0	97	35
A_MP	236	89	T	0	0	89	35
A_MP	237	98	T	0	0	98	35
A_MP	238	100	G	0	0	100	35
A_MP	239	94	T	0	0	94	35
A_MP	240	102	C	0	0	102	35
A_MP	241	88	C	0	0	88	35
A_MP	242	88	A	0	0	88	35
A_MP	243	110	A	0	0	110	35
A_MP	244	104	A	0	0	104	35
A_MP	245	87	A	0	0	87	35
A_MP	246	106	T	0	0	106	35
A_MP	247	101	G	0	0	101	35
A_MP	248	108	C	0	0	108	35
A_MP	249	115	T	0	0	115	35
A_MP	250	111	C	0	0	111	35
A_MP	251	107	T	0	0	107	35
A_MP	252	92	A	0	0	92	35
A_MP	253	115	A	0	0	115	35
A_MP	254	115	G	0	0	115	35
A_MP	255	86	T	0	0	86	35
A_MP	256	97	G	0	0	97	35
A_MP	257	88	G	0	0	88	35
A_MP	258	98	A	0	0	98	35
A_MP	259	98	A	0	0	98	35
A_MP	260	89	A	0	0	89	35
A_MP	261	88	T	0	0	88	35
A_MP	262	88	G	0	0	88	35
A_MP	263	88	G	0	0	88	35
A_MP	264	91	A	0	0	91	35
A_MP	265	100	G	0	0	100	35
A_MP	266	103	A	0	0	103	35
A_MP	267	113	C	0	0	113	35
A_MP	268	87	C	0	0	87	35
A_MP	269	98	C	0	0	98	35
A_MP	270	115	A	0	0	115	35
A_MP	271	93	A	0	0	93	35
A_MP	272	115	A	0	0	115	35
A_MP	273	96	C	0	0	96	35
A_MP	274	115	A	0	0	115	35
A_MP	275	108	A	0	0	108	35
A_MP	276	87	C	0	0	87	35
A_MP	277	108	A	0	0	108	35
A_MP	278	105	T	0	0	105	35
A_MP	279	113	G	0	0	113	35
A_MP	280	106	G	0	0	106	35
A_MP	281	99	A	0	0	99	35
A_MP	282	114	C	0	0	114	35
A_MP	283	85	A	0	0	85	35
A_MP	284	99	G	0	0	99	35
A_MP	285	95	G	0	0	95	35
A_MP	286	104	G	0	0	104	35
A_MP	287	105	C	0	0	105	35
A_MP	288	102	A	0	0	102	35
A_MP	289	103	G	0	0	103	35
A_MP	290	87	T	0	0	87	35
A_MP	291	100	C	0	0	100	35
A_MP	292	85	A	0	0	85	35
A_MP	293	115	A	0	0	115	35
A_MP	294	90	G	0	0	90	35
A_MP	295	97	T	0	0	97	35
A_MP	296	115	T	0	0	115	35
A_MP	297	113	G	0	0	113	35
A_MP	298	96	T	0	0	96	35
A_MP	299	85	A	0	0	85	35
A_MP	300	87	C	0	0	87	35
A_MP	301	113	A	0	0	113	35
A_MP	302	91	G	0	0	91	35
A_MP	303	91	G	0	0	91	35
A_MP	304	99	A	0	0	99	35
A_MP	305	88	A	0	0	88	35
A_MP	306	104	A	0	0	104	35
A_MP	307	103	C	0	0	103	35
A_MP	308	95	T	0	0	95	35
A_MP	309	108	G	0	0	108	35
A_MP	310	111	A	0	0	111	35
A_MP	311	92	A	0	0	92	35
A_MP	312	107	G	0	0	107	35
A_MP	313	87	A	0	0	87	35
A_MP	314	101	G	0	0	101	35
A_MP	315	114	A	0	0	114	35
A_MP	316	115	G	0	0	115	35
A_MP	317	85	A	0	0	85	35
A_MP	318	97	G	0	0	97	35
A_MP	319	89	A	0	0	89	35
A_MP	320	111	T	0	0	111	35
A_MP	321	94	A	0	0	94	35
A_MP	322	90	A	0	0	90	35
A_MP	323	94	C	0	0	94	35
A_MP	324	103	A	0	0	103	35
A_MP	325	99	T	0	0	99	35
A_MP	326	110	T	0	0	110	35
A_MP	327	93	C	0	0	93	35
A_MP	328	92	C	0	0	92	35
A_MP	329	110	A	0	0	110	35
A_MP	330	111	T	0	0	111	35
A_MP	331	90	G	0	0	90	35
A_MP	332	98	G	0	0	98	35
A_MP	333	107	G	0	0	107	35
A_MP	334	89	G	0	0	89	35
A_MP	335	112	C	0	0	112	35
A_MP	336	109	T	0	0	109	35
A_MP	337	91	A	0	0	91	35
A_MP	338	89	A	0	0	89	35
A_MP	339	96	A	0	0	96	35
A_MP	340	102	G	0	0	102	35
A_MP	341	109	A	0	0	109	35
A_MP	342	94	A	0	0	94	35
A_MP	343	91	G	0	0	91	35
A_MP	344	91	T	0	0	91	35
A_MP	345	95	T	0	0	95	35
A_MP	346	96	G	0	0	96	35
A_MP	347	86	C	0	0	86	35
A_MP	348	92	A	0	0	92	35
A_MP	349	96	C	0	0	96	35
A_MP	350	96	T	0	0	96	35
A_MP	351	113	C	0	0	113	35
A_MP	352	108	A	0	0	108	35
A_MP	353	110	G	0	0	110	35
A_MP	354	91	T	0	0	91	35
A_MP	355	96	T	0	0	96	35
A_MP	356	115	A	0	0	115	35
A_MP	357	87	C	0	0	87	35
A_MP	358	86	T	0	0	86	35
A_MP	359	104	C	0	0	104	35
A_MP	360	85	A	0	0	85	35
A_MP	361	86	A	0	0	86	35
A_MP	362	113	C	0	0	113	35
A_MP	363	91	C	0	0	91	35
A_MP	364	88	G	0	0	88	35
A_MP	365	104	G	0	0	104	35
A_MP	366	87	T	0	0	87	35
A_MP	367	114	G	0	0	114	35
A_MP	368	110	C	0	0	110	35
A_MP	369	96	A	0	0	96	35
A_MP	370	95	C	0	0	95	35
A_MP	371	90	T	0	0	90	35
A_MP	372	87	T	0	0	87	35
A_MP	373	109	G	0	0	109	35
A_MP	374	91	C	0	0	91	35
A_MP	375	104	C	0	0	104	35
A_MP	376	98	A	0	0	98	35
A_MP	377	108	G	0	0	108	35
A_MP	378	99	T	0	0	99	35
A_MP	379	91	T	0	0	91	35
A_MP	380	101	G	0	0	101	35
A_MP	381	88	T	0	0	88	35
A_MP	382	94	A	0	0	94	35
A_MP	383	113	T	0	0	113	35
A_MP	384	103	G	0	0	103	35
A_MP	385	101	G	0	0	101	35
A_MP	386	111	G	0	0	111	35
A_MP	387	109	T	0	0	109	35
A_MP	388	100	C	0	0	100	35
A_MP	389	111	T	0	0	111	35
A_MP	390	90	C	0	0	90	35
A_MP	391	108	A	0	0	108	35
A_MP	392	95	T	0	0	95	35
A_MP	393	94	A	0	0	94	35
A_MP	394	90	T	0	0	90	35
A_MP	395	88	A	0	0	88	35
A_MP	396	109	C	0	0	109	35
A_MP	397	92	A	0	0	92	35
A_MP	398	111	A	0	0	111	35
A_MP	399	93	C	0	0	93	35
A_MP	400	112	A	0	0	112	35
A_MP	401	105	G	0	0	105	35
A_MP	402	111	G	0	0	111	35
A_MP	403	89	A	0	0	89	35
A_MP	404	109	T	0	0	109	35
A_MP	405	111	G	0	0	111	35
A_MP	406	111	G	0	0	111	35
A_MP	407	85	G	0	0	85	35
A_MP	408	89	G	0	0	89	35
A_MP	409	98	A	0	0	98	35
A_MP	410	109	C	0	0	109	35
A_MP	411	86	G	0	0	86	35
A_MP	412	99	G	0	0	99	35
A_MP	413	97	T	0	0	97	35
A_MP	414	114	G	0	0	114	35
A_MP	415	95	A	0	0	95	35
A_MP	416	108	C	0	0	108	35
A_MP	417	102	C	0	0	102	35
A_MP	418	104	G	0	0	104	35
A_MP	419	86	C	0	0	86	35
A_MP	420	88	A	0	0	88	35
A_MP	421	87	G	0	0	87	35
A_MP	422	91	A	0	0	91	35
A_MP	423	104	A	0	0	104	35
A_MP	424	101	G	0	0	101	35
A_MP	425	90	T	0	0	90	35
A_MP	426	86	G	0	0	86	35
A_MP	427	102	G	0	0	102	35
A_MP	428	89	C	0	0	89	35
A_MP	429	101	A	0	0	101	35
A_MP	430	93	T	0	0	93	35
A_MP	431	87	T	0	0	87	35
A_MP	432	108	G	0	0	108	35
A_MP	433	92	G	0	0	92	35
A_MP	434	85	G	0	0	85	35
A_MP	435	93	C	0	0	93	35
A_MP	436	92	C	0	0	92	35
A_MP	437	93	T	0	0	93	35
A_MP	438	109	A	0	0	109	35
A_MP	439	89	G	0	0	89	35
A_MP	440	96	T	0	0	96	35
A_MP	441	111	G	0	0	111	35
A_MP	442	103	T	0	0	103	35
A_MP	443	98	G	0	0	98	35
A_MP	444	104	T	0	0	104	35
A_MP	445	96	G	0	0	96	35
A_MP	446	112	C	0	0	112	35
A_MP	447	103	C	0	0	103	35
A_MP	448	101	A	0	0	101	35
A_MP	449	94	C	0	0	94	35
A_MP	450	102	C	0	0	102	35
A_MP	451	89	T	0	0	89	35
A_MP	452	92	G	0	0	92	35
A_MP	453	85	T	0	0	85	35
A_MP	454	89	G	0	0	89	35
A_MP	455	104	A	0	0	104	35
A_MP	456	94	G	0	0	94	35
A_MP	457	90	C	0	0	90	35
A_MP	458	87	A	0	0	87	35
A_MP	459	96	G	0	0	96	35
A_MP	460	94	A	0	0	94	35
A_MP	461	89	T	0	0	89	35
A_MP	462	101	T	0	0	101	35
A_MP	463	90	G	0	0	90	35
A_MP	464	104	C	0	0	104	35
A_MP	465	86	T	0	0	86	35
A_MP	466	96	G	0	0	96	35
A_MP	467	96	A	0	0	96	35
A_MP	468	103	T	0	0	103	35
A_MP	469	108	T	0	0	108	35
A_MP	470	85	C	0	0	85	35
A_MP	471	99	A	0	0	99	35
A_MP	472	99	C	0	0	99	35
A_MP	473	92	A	0	0	92	35
A_MP	474	99	G	0	0	99	35
A_MP	475	94	C	0	0	94	35
A_MP	476	91	A	0	0	91	35
A_MP	477	91	T	0	0	91	35
A_MP	478	85	C	0	0	85	35
A_MP	479	114	G	0	0	114	35
A_MP	480	112	G	0	0	112	35
A_MP	481	100	T	0	0	100	35
A_MP	482	115	C	0	0	115	35
A_MP	483	111	T	0	0	111	35
A_MP	484	104	C	0	0	104	35
A_MP	485	111	A	0	0	111	35
A_MP	486	94	C	0	0	94	35
A_MP	487	109	A	0	0	109	35
A_MP	488	100	G	0	0	100	35
A_MP	489	109	A	0	0	109	35
A_MP	490	110	C	0	0	110	35
A_MP	491	93	A	0	0	93	35
A_MP	492	102	G	0	0	102	35
A_MP	493	102	A	0	0	102	35
A_MP	494	100	T	0	0	100	35
A_MP	495	104	A	0	0	104	35
A_MP	496	107	G	0	0	107	35
A_MP	497	113	C	0	0	113	35
A_MP	498	87	T	0	0	87	35
A_MP	499	109	A	0	0	109	35
A_MP	500	109	C	0	0	109	35
A_MP	501	90	C	0	0	90	35
A_MP	502	86	A	0	0	86	35
A_MP	503	87	C	0	0	87	35
A_MP	504	109	C	0	0	109	35
A_MP	505	104	A	0	0	104	35
A_MP	506	112	C	0	0	112	35
A_MP	507	92	C	0	0	92	35
A_MP	508	97	A	0	0	97	35
A_MP	509	103	A	0	0	103	35
A_MP	510	85	C	0	0	85	35
A_MP	511	85	C	0	0	85	35
A_MP	512	100	C	0	0	100	35
A_MP	513	103	A	0	0	103	35
A_MP	514	107	C	0	0	107	35
A_MP	515	114	T	0	0	114	35
A_MP	516	104	G	0	0	104	35
A_MP	517	114	A	0	0	114	35
A_MP	518	115	T	0	0	115	35
A_MP	519	94	C	0	0	94	35
A_MP	520	93	A	0	0	93	35
A_MP	521	112	G	0	0	112	35
A_MP	522	104	A	0	0	104	35
A_MP	523	105	C	0	0	105	35
A_MP	524	102	A	0	0	102	35
A_MP	525	90	T	0	0	90	35
A_MP	526	92	G	0	0	92	35
A_MP	527	95	A	0	0	95	35
A_MP	528	100	A	0	0	100	35
A_MP	529	104	A	0	0	104	35
A_MP	530	110	A	0	0	110	35
A_MP	531	87	C	0	0	87	35
A_MP	532	98	A	0	0	98	35
A_MP	533	112	G	0	0	112	35
A_MP	534	86	A	0	0	86	35
A_MP	535	99	A	0	0	99	35
A_MP	536	89	T	0	0	89	35
A_MP	537	97	G	0	0	97	35
A_MP	538	108	G	0	0	108	35
A_MP	539	112	T	0	0	112	35
A_MP	540	89	T	0	0	89	35
A_MP	541	94	T	0	0	94	35
A_MP	542	92	T	0	0	92	35
A_MP	543	87	G	0	0	87	35
A_MP	544	86	G	0	0	86	35
A_MP	545	100	C	0	0	100	35
A_MP	546	102	C	0	0	102	35
A_MP	547	110	A	0	0	110	35
A_MP	548	90	G	0	0	90	35
A_MP	549	90	T	0	0	90	35
A_MP	550	90	A	0	0	90	35
A_MP	551	104	C	0	0	104	35
A_MP	552	97	T	0	0	97	35
A_MP	553	104	A	0	0	104	35
A_MP	554	107	C	0	0	107	35
A_MP	555	108	A	0	0	108	35
A_MP	556	104	G	0	0	104	35
A_MP	557	87	C	0	0	87	35
A_MP	558	104	T	0	0	104	35
A_MP	559	97	A	0	0	97	35
A_MP	560	99	A	0	0	99	35
A_MP	561	86	G	0	0	86	35
A_MP	562	95	G	0	0	95	35
A_MP	563	90	C	0	0	90	35
A_MP	564	89	T	0	0	89	35
A_MP	565	105	A	0	0	105	35
A_MP	566	87	T	0	0	87	35
A_MP	567	93	G	0	0	93	35
A_MP	568	87	G	0	0	87	35
A_MP	569	113	A	0	0	113	35
A_MP	570	98	G	0	0	98	35
A_MP	571	91	C	0	0	91	35
A_MP	572	91	A	0	0	91	35
A_MP	573	114	G	0	0	114	35
A_MP	574	90	A	0	0	90	35
A_MP	575	112	T	0	0	112	35
A_MP	576	107	G	0	0	107	35
A_MP	577	105	G	0	0	105	35
A_MP	578	90	C	0	0	90	35
A_MP	579	95	T	0	0	95	35
A_MP	580	114	G	0	0	114	35
A_MP	581	104	G	0	0	104	35
A_MP	582	99	A	0	0	99	35
A_MP	583	104	T	0	0	104	35
A_MP	584	104	C	0	0	104	35
A_MP	585	96	G	0	0	96	35
A_MP	586	105	A	0	0	105	35
A_MP	587	89	G	0	0	89	35
A_MP	588	104	T	0	0	104	35
A_MP	589	103	G	0	0	103	35
A_MP	590	106	A	0	0	106	35
A_MP	591	108	G	0	0	108	35
A_MP	592	115	C	0	0	115	35
A_MP	593	95	A	0	0	95	35
A_MP	594	109	A	0	0	109	35
A_MP	595	86	G	0	0	86	35
A_MP	596	113	C	0	0	113	35
A_MP	597	111	A	0	0	111	35
A_MP	598	90	G	0	0	90	35
A_MP	599	109	T	0	0	109	35
A_MP	600	115	G	0	0	115	35
A_MP	601	103	G	0	0	103	35
A_MP	602	103	A	0	0	103	35
A_MP	603	105	A	0	0	105	35
A_MP	604	95	G	0	0	95	35
A_MP	605	107	C	0	0	107	35
A_MP	606	85	C	0	0	85	35
A_MP	607	85	A	0	0	85	35
A_MP	608	102	T	0	0	102	35
A_MP	609	86	G	0	0	86	35
A_MP	610	104	G	0	0	104	35
A_MP	611	114	A	0	0	114	35
A_MP	612	87	G	0	0	87	35
A_MP	613	115	G	0	0	115	35
A_MP	614	115	T	0	0	115	35
A_MP	615	98	T	0	0	98	35
A_MP	616	107	G	0	0	107	35
A_MP	617	91	C	0	0	91	35
A_MP	618	109	T	0	0	109	35
A_MP	619	94	A	0	0	94	35
A_MP	620	112	G	0	0	112	35
A_MP	621	94	T	0	0	94	35
A_MP	622	90	C	0	0	90	35
A_MP	623	105	A	0	0	105	35
A_MP	624	94	G	0	0	94	35
A_MP	625	108	G	0	0	108	35
A_MP	626	85	C	0	0	85	35
A_MP	627	98	T	0	0	98	35
A_MP	628	99	A	0	0	99	35
A_MP	629	102	G	0	0	102	35
A_MP	630	90	G	0	0	90	35
A_MP	631	94	C	0	0	94	35
A_MP	632	113	A	0	0	113	35
A_MP	633	107	G	0	0	107	35
A_MP	634	91	A	0	0	91	35
A_MP	635	112	T	0	0	112	35
A_MP	636	100	G	0	0	100	35
A_MP	637	103	G	0	0	103	35
A_MP	638	95	T	0	0	95	35
A_MP	639	88	G	0	0	88	35
A_MP	640	85	C	0	0	85	35
A_MP	641	91	A	0	0	91	35
A_MP	642	98	G	0	0	98	35
A_MP	643	112	G	0	0	112	35
A_MP	644	85	C	0	0	85	35
A_MP	645	104	G	0	0	104	35
A_MP	646	99	A	0	0	99	35
A_MP	647	96	T	0	0	96	35
A_MP	648	96	G	0	0	96	35
A_MP	649	97	A	0	0	97	35
A_MP	650	92	G	0	0	92	35
A_MP	651	95	G	0	0	95	35
A_MP	652	95	A	0	0	95	35
A_MP	653	103	C	0	0	103	35
A_MP	654	97	C	0	0	97	35
A_MP	655	113	A	0	0	113	35
A_MP	656	93	T	0	0	93	35
A_MP	657	107	T	0	0	107	35
A_MP	658	101	G	0	0	101	35
A_MP	659	99	G	0	0	99	35
A_MP	660	104	A	0	0	104	35
A_MP	661	103	A	0	0	103	35
A_MP	662	106	C	0	0	106	35
A_MP	663	98	T	0	0	98	35
A_MP	664	114	C	0	0	114	35
A_MP	665	101	A	0	0	101	35
A_MP	666	95	T	0	0	95	35
A_MP	667	103	C	0	0	103	35
A_MP	668	86	C	0	0	86	35
A_MP	669	88	T	0	0	88	35
A_MP	670	92	A	0	0	92	35
A_MP	671	97	G	0	0	97	35
A_MP	672	93	C	0	0	93	35
A_MP	673	92	T	0	0	92	35
A_MP	674	93	C	0	0	93	35
A_MP	675	115	C	0	0	115	35
A_MP	676	103	A	0	0	103	35
A_MP	677	115	G	0	0	115	35
A_MP	678	111	T	0	0	111	35
A_MP	679	87	G	0	0	87	35
A_MP	680	104	C	0	0	104	35
A_MP	681	90	C	0	0	90	35
A_MP	682	88	G	0	0	88	35
A_MP	683	103	G	0	0	103	35
A_MP	684	100	T	0	0	100	35
A_MP	685	88	C	0	0	88	35
A_MP	686	94	T	0	0	94	35
A_MP	687	109	G	0	0	109	35
A_MP	688	109	A	0	0	109	35
A_MP	689	95	G	0	0	95	35
A_MP	690	88	A	0	0	88	35
A_MP	691	96	G	0	0	96	35
A_MP	692	106	A	0	0	106	35
A_MP	693	85	T	0	0	85	35
A_MP	694	91	G	0	0	91	35
A_MP	695	110	A	0	0	110	35
A_MP	696	92	T	0	0	92	35
A_MP	697	111	C	0	0	111	35
A_MP	698	86	T	0	0	86	35
A_MP	699	110	C	0	0	110	35
A_MP	700	109	C	0	0	109	35
A_MP	701	114	T	0	0	114	35
A_MP	702	85	T	0	0	85	35
A_MP	703	87	G	0	0	87	35
A_MP	704	87	A	0	0	87	35
A_MP	705	94	A	0	0	94	35
A_MP	706	92	A	0	0	92	35
A_MP	707	94	A	0	0	94	35
A_MP	708	94	T	0	0	94	35
A_MP	709	109	T	0	0	109	35
A_MP	710	102	T	0	0	102	35
A_MP	711	88	G	0	0	88	35
A_MP	712	94	C	0	0	94	35
A_MP	713	98	A	0	0	98	35
A_MP	714	93	G	0	0	93	35
A_MP	715	101	G	0	0	101	35
A_MP	716	101	C	0	0	101	35
A_MP	717	115	C	0	0	115	35
A_MP	718	94	T	0	0	94	35
A_MP	719	109	A	0	0	109	35
A_MP	720	92	C	0	0	92	35
A_MP	721	101	C	0	0	101	35
A_MP	722	111	A	0	0	111	35
A_MP	723	108	A	0	0	108	35
A_MP	724	99	A	0	0	99	35
A_MP	725	112	A	0	0	112	35
A_MP	726	96	A	0	0	96	35
A_MP	727	102	C	0	0	102	35
A_MP	728	101	G	0	0	101	35
A_MP	729	95	G	0	0	95	35
A_MP	730	101	A	0	0	101	35
A_MP	731	105	T	0	0	105	35
A_MP	732	90	G	0	0	90	35
A_MP	733	113	G	0	0	113	35
A_MP	734	100	G	0	0	100	35
A_MP	735	112	A	0	0	112	35
A_MP	736	89	G	0	0	89	35
A_MP	737	100	T	0	0	100	35
A_MP	738	100	G	0	0	100	35
A_MP	739	109	C	0	0	109	35
A_MP	740	100	A	0	0	100	35
A_MP	741	104	A	0	0	104	35
A_MP	742	91	C	0	0	91	35
A_MP	743	106	T	0	0	106	35
A_MP	744	94	G	0	0	94	35
A_MP	745	101	C	0	0	101	35
A_MP	746	111	A	0	0	111	35
A_MP	747	100	G	0	0	100	35
A_MP	748	92	C	0	0	92	35
A_MP	749	110	G	0	0	110	35
A_MP	750	107	A	0	0	107	35
A_MP	751	88	T	0	0	88	35
A_MP	752	85	T	0	0	85	35
A_MP	753	109	C	0	0	109	35
A_MP	754	88	A	0	0	88	35
A_MP	755	86	A	0	0	86	35
A_MP	756	93	G	0	0	93	35
A_MP	757	111	T	0	0	111	35
A_MP	758	91	G	0	0	91	35
A_MP	759	96	A	0	0	96	35
A_MP	760	93	T	0	0	93	35
A_MP	761	87	C	0	0	87	35
A_MP	762	108	C	0	0	108	35
A_MP	763	93	T	0	0	93	35
A_MP	764	102	C	0	0	102	35
A_MP	765	113	T	0	0	113	35
A_MP	766	104	C	0	0	104	35
A_MP	767	102	G	0	0	102	35
A_MP	768	111	T	0	0	111	35
A_MP	769	99	T	0	0	99	35
A_MP	770	90	A	0	0	90	35
A_MP	771	92	T	0	0	92	35
A_MP	772	95	T	0	0	95	35
A_MP	773	86	G	0	0	86	35
A_MP	774	88	C	0	0	88	35
A_MP	775	92	C	0	0	92	35
A_MP	776	97	G	0	0	97	35
A_MP	777	114	C	0	0	114	35
A_MP	778	98	A	0	0	98	35
A_MP	779	102	A	0	0	102	35
A_MP	780	110	G	0	0	110	35
A_MP	781	92	T	0	0	92	35
A_MP	782	87	A	0	0	87	35
A_MP	783	110	T	0	0	110	35
A_MP	784	93	C	0	0	93	35
A_MP	785	90	A	0	0	90	35
A_MP	786	95	T	0	0	95	35
A_MP	787	99	T	0	0	99	35
A_MP	788	97	G	0	0	97	35
A_MP	789	111	G	0	0	111	35
A_MP	790	106	G	0	0	106	35
A_MP	791	106	A	0	0	106	35
A_MP	792	90	T	0	0	90	35
A_MP	793	98	C	0	0	98	35
A_MP	794	99	T	0	0	99	35
A_MP	795	113	T	0	0	113	35
A_MP	796	110	G	0	0	110	35
A_MP	797	94	C	0	0	94	35
A_MP	798	106	A	0	0	106	35
A_MP	799	115	C	0	0	115	35
A_MP	800	93	T	0	0	93	35
A_MP	801	113	T	0	0	113	35
A_MP	802	91	G	0	0	91	35
A_MP	803	99	A	0	0	99	35
A_MP	804	99	T	0	0	99	35
A_MP	805	105	A	0	0	105	35
A_MP	806	86	T	0	0	86	35
A_MP	807	105	T	0	0	105	35
A_MP	808	92	G	0	0	92	35
A_MP	809	106	T	0	0	106	35
A_MP	810	108	G	0	0	108	35
A_MP	811	106	G	0	0	106	35
A_MP	812	99	A	0	0	99	35
A_MP	813	89	T	0	0	89	35
A_MP	814	112	T	0	0	112	35
A_MP	815	107	C	0	0	107	35
A_MP	816	103	T	0	0	103	35
A_MP	817	96	T	0	0	96	35
A_MP	818	88	G	0	0	88	35
A_MP	819	115	A	0	0	115	35
A_MP	820	92	T	0	0	92	35
A_MP	821	105	C	0	0	105	35
A_MP	822	112	G	0	0	112	35
A_MP	823	95	C	0	0	95	35
A_MP	824	114	C	0	0	114	35
A_MP	825	105	T	0	0	105	35
A_MP	826	108	T	0	0	108	35
A_MP	827	92	T	0	0	92	35
A_MP	828	87	T	0	0	87	35
A_MP	829	87	C	0	0	87	35
A_MP	830	94	T	0	0	94	35
A_MP	831	88	T	0	0	88	35
A_MP	832	89	C	0	0	89	35
A_MP	833	110	A	0	0	110	35
A_MP	834	94	A	0	0	94	35
A_MP	835	86	A	0	0	86	35
A_MP	836	114	T	0	0	114	35
A_MP	837	85	G	0	0	85	35
A_MP	838	114	C	0	0	114	35
A_MP	839	108	G	0	0	108	35
A_MP	840	96	T	0	0	96	35
A_MP	841	91	T	0	0	91	35
A_MP	842	101	T	0	0	101	35
A_MP	843	94	A	0	0	94	35
A_MP	844	110	T	0	0	110	35
A_MP	845	105	C	0	0	105	35
A_MP	846	87	G	0	0	87	35
A_MP	847	100	T	0	0	100	35
A_MP	848	98	C	0	0	98	35
A_MP	849	113	G	0	0	113	35
A_MP	850	86	C	0	0	86	35
A_MP	851	109	C	0	0	109	35
A_MP	852	99	T	0	0	99	35
A_MP	853	87	T	0	0	87	35
A_MP	854	98	A	0	0	98	35
A_MP	855	87	A	0	0	87	35
A_MP	856	99	A	0	0	99	35
A_MP	857	93	T	0	0	93	35
A_MP	858	94	A	0	0	94	35
A_MP	859	106	C	0	0	106	35
A_MP	860	96	G	0	0	96	35
A_MP	861	86	G	0	0	86	35
A_MP	862	114	T	0	0	114	35
A_MP	863	88	T	0	0	88	35
A_MP	864	103	C	0	0	103	35
A_MP	865	101	G	0	0	101	35
A_MP	866	114	A	0	0	114	35
A_MP	867	113	A	0	0	113	35
A_MP	868	104	A	0	0	104	35
A_MP	869	111	G	0	0	111	35
A_MP	870	88	G	0	0	88	35
A_MP	871	111	A	0	0	111	35
A_MP	872	107	G	0	0	107	35
A_MP	873	85	G	0	0	85	35
A_MP	874	94	G	0	0	94	35
A_MP	875	101	C	0	0	101	35
A_MP	876	114	C	0	0	114	35
A_MP	877	92	T	0	0	92	35
A_MP	878	92	T	0	0	92	35
A_MP	879	98	C	0	0	98	35
A_MP	880	91	T	0	0	91	35
A_MP	881	101	A	0	0	101	35
A_MP	882	91	C	0	0	91	35
A_MP	883	99	G	0	0	99	35
A_MP	884	107	G	0	0	107	35
A_MP	885	98	A	0	0	98	35
A_MP	886	109	A	0	0	109	35
A_MP	887	113	G	0	0	113	35
A_MP	888	88	G	0	0	88	35
A_MP	889	98	A	0	0	98	35
A_MP	890	107	G	0	0	107	35
A_MP	891	106	T	0	0	106	35
A_MP	892	98	A	0	0	98	35
A_MP	893	96	C	0	0	96	35
A_MP	894	110	C	0	0	110	35
A_MP	895	92	T	0	0	92	35
A_MP	896	85	G	0	0	85	35
A_MP	897	115	A	0	0	115	35
A_MP	898	97	G	0	0	97	35
A_MP	899	96	T	0	0	96	35
A_MP	900	101	C	0	0	101	35
A_MP	901	94	C	0	0	94	35
A_MP	902	88	A	0	0	88	35
A_MP	903	104	T	0	0	104	35
A_MP	904	102	G	0	0	102	35
A_MP	905	94	A	0	0	94	35
A_MP	906	112	G	0	0	112	35
A_MP	907	113	G	0	0	113	35
A_MP	908	94	G	0	0	94	35
A_MP	909	91	A	0	0	91	35
A_MP	910	100	A	0	0	100	35
A_MP	911	92	G	0	0	92	35
A_MP	912	104	A	0	0	104	35
A_MP	913	108	G	0	0	108	35
A_MP	914	92	T	0	0	92	35
A_MP	915	87	A	0	0	87	35
A_MP	916	88	C	0	0	88	35
A_MP	917	88	C	0	0	88	35
A_MP	918	114	G	0	0	114	35
A_MP	919	98	G	0	0	98	35
A_MP	920	102	C	0	0	102	35
A_MP	921	100	A	0	0	100	35
A_MP	922	98	G	0	0	98	35
A_MP	923	89	G	0	0	89	35
A_MP	924	96	A	0	0	96	35
A_MP	925	91	A	0	0	91	35
A_MP	926	102	C	0	0	102	35
A_MP	927	86	A	0	0	86	35
A_MP	928	100	G	0	0	100	35
A_MP	929	97	C	0	0	97	35
A_MP	930	87	A	0	0	87	35
A_MP	931	112	G	0	0	112	35
A_MP	932	110	A	0	0	110	35
A_MP	933	91	G	0	0	91	35
A_MP	934	92	T	0	0	92	35
A_MP	935	100	G	0	0	100	35
A_MP	936	110	C	0	0	110	35
A_MP	937	99	T	0	0	99	35
A_MP	938	87	G	0	0	87	35
A_MP	939	97	T	0	0	97	35
A_MP	940	90	G	0	0	90	35
A_MP	941	115	G	0	0	115	35
A_MP	942	114	G	0	0	114	35
A_MP	943	86	T	0	0	86	35
A_MP	944	114	G	0	0	114	35
A_MP	945	90	T	0	0	90	35
A_MP	946	111	T	0	0	111	35
A_MP	947	101	G	0	0	101	35
A_MP	948	109	A	0	0	109	35
A_MP	949	111	C	0	0	111	35
A_MP	950	90	G	0	0	90	35
A_MP	951	97	A	0	0	97	35
A_MP	952	94	T	0	0	94	35
A_MP	953	112	G	0	0	112	35
A_MP	954	106	G	0	0	106	35
A_MP	955	97	T	0	0	97	35
A_MP	956	94	C	0	0	94	35
A_MP	957	103	A	0	0	103	35
A_MP	958	109	T	0	0	109	35
A_MP	959	113	T	0	0	113	35
A_MP	960	95	T	0	0	95	35
A_MP	961	93	T	0	0	93	35
A_MP	962	90	G	0	0	90	35
A_MP	963	89	T	0	0	89	35
A_MP	964	93	C	0	0	93	35
A_MP	965	105	A	0	0	105	35
A_MP	966	111	A	0	0	111	35
A_MP	967	100	C	0	0	100	35
A_MP	968	115	A	0	0	115	35
A_MP	969	93	T	0	0	93	35
A_MP	970	105	A	0	0	105	35
A_MP	971	102	G	0	0	102	35
A_MP	972	103	A	0	0	103	35
A_MP	973	113	G	0	0	113	35
A_MP	974	94	C	0	0	94	35
A_MP	975	104	T	0	0	104	35
A_MP	976	104	G	0	0	104	35
A_MP	977	101	G	0	0	101	35
A_MP	978	115	A	0	0	115	35
A_MP	979	85	G	0	0	85	35
A_MP	980	101	T	0	0	101	35
A_MP	981	106	A	0	0	106	35
A_MP	982	99	A	0	0	99	35
