Reference_Name	Position	Coverage Depth	Consensus	Deletions	Ambiguous	Consensus_Count	Consensus_Average_Quality
A_PB1	1	99	A	0	0	99	35
A_PB1	2	93	T	0	0	93	35
A_PB1	3	89	G	0	0	89	35
A_PB1	4	115	G	0	0	115	35
A_PB1	5	86	A	0	0	86	35
A_PB1	6	102	T	0	0	102	35
A_PB1	7	106	G	0	0	106	35
A_PB1	8	87	T	0	0	87	35
A_PB1	9	112	C	0	0	112	35
A_PB1	10	105	A	0	0	105	35
A_PB1	11	114	A	0	0	114	35
A_PB1	12	108	T	0	0	108	35
A_PB1	13	90	C	0	0	90	35
A_PB1	14	90	C	0	0	90	35
A_PB1	15	99	G	0	0	99	35
A_PB1	16	90	A	0	0	90	35
A_PB1	17	110	C	0	0	110	35
A_PB1	18	107	T	0	0	107	35
A_PB1	19	97	T	0	0	97	35
A_PB1	20	85	T	0	0	85	35
A_PB1	21	85	A	0	0	85	35
A_PB1	22	102	C	0	0	102	35
A_PB1	23	99	T	0	0	99	35
A_PB1	24	114	T	0	0	114	35
A_PB1	25	86	T	0	0	86	35
A_PB1	26	86	T	0	0	86	35
A_PB1	27	108	C	0	0	108	35
A_PB1	28	100	T	0	0	100	35
A_PB1	29	90	T	0	0	90	35
A_PB1	30	98	G	0	0	98	35
A_PB1	31	90	A	0	0	90	35
A_PB1	32	111	A	0	0	111	35
A_PB1	33	95	A	0	0	95	35
A_PB1	34	97	G	0	0	97	35
A_PB1	35	111	T	0	0	111	35
A_PB1	36	111	T	0	0	111	35
A_PB1	37	105	C	0	0	105	35
A_PB1	38	91	C	0	0	91	35
A_PB1	39	115	A	0	0	115	35
A_PB1	40	92	G	0	0	92	35
A_PB1	41	104	C	0	0	104	35
A_PB1	42	101	G	0	0	101	35
A_PB1	43	110	C	0	0	110	35
A_PB1	44	88	A	0	0	88	35
A_PB1	45	94	A	0	0	94	35
A_PB1	46	106	A	0	0	106	35
A_PB1	47	105	A	0	0	105	35
A_PB1	48	91	T	0	0	91	35
A_PB1	49	97	G	0	0	97	35
A_PB1	50	100	C	0	0	100	35
A_PB1	51	87	C	0	0	87	35
A_PB1	52	95	A	0	0	95	35
A_PB1	53	87	T	0	0	87	35
A_PB1	54	98	A	0	0	98	35
A_PB1	55	99	A	0	0	99	35
A_PB1	56	103	G	0	0	103	35
A_PB1	57	98	C	0	0	98	35
A_PB1	58	103	A	0	0	103	35
A_PB1	59	88	C	0	0	88	35
A_PB1	60	98	C	0	0	98	35
A_PB1	61	106	A	0	0	106	35
A_PB1	62	106	C	0	0	106	35
A_PB1	63	94	A	0	0	94	35
A_PB1	64	87	T	0	0	87	35
A_PB1	65	89	T	0	0	89	35
A_PB1	66	93	C	0	0	93	35
A_PB1	67	102	C	0	0	102	35
A_PB1	68	110	C	0	0	110	35
A_PB1	69	94	G	0	0	94	35
A_PB1	70	94	T	0	0	94	35
A_PB1	71	101	A	0	0	101	35
A_PB1	72	113	T	0	0	113	35
A_PB1	73	95	A	0	0	95	35
A_PB1	74	104	C	0	0	104	35
A_PB1	75	112	T	0	0	112	35
A_PB1	76	86	G	0	0	86	35
A_PB1	77	113	G	0	0	113	35
A_PB1	78	101	A	0	0	101	35
A_PB1	79	114	G	0	0	114	35
A_PB1	80	95	A	0	0	95	35
A_PB1	81	87	T	0	0	87	35
A_PB1	82	100	C	0	0	100	35
A_PB1	83	111	C	0	0	111	35
A_PB1	84	89	T	0	0	89	35
A_PB1	85	87	C	0	0	87	35
A_PB1	86	98	C	0	0	98	35
A_PB1	87	90	A	0	0	90	35
A_PB1	88	111	T	0	0	111	35
A_PB1	89	103	A	0	0	103	35
A_PB1	90	104	C	0	0	104	35
A_PB1	91	114	A	0	0	114	35
A_PB1	92	104	G	0	0	104	35
A_PB1	93	112	C	0	0	112	35
A_PB1	94	88	C	0	0	88	35
A_PB1	95	102	A	0	0	102	35
A_PB1	96	105	T	0	0	105	35
A_PB1	97	87	G	0	0	87	35
A_PB1	98	95	G	0	0	95	35
A_PB1	99	112	A	0	0	112	35
A_PB1	100	94	A	0	0	94	35
A_PB1	101	89	C	0	0	89	35
A_PB1	102	115	A	0	0	115	35
A_PB1	103	114	G	0	0	114	35
A_PB1	104	85	G	0	0	85	35
A_PB1	105	100	A	0	0	100	35
A_PB1	106	91	A	0	0	91	35
A_PB1	107	113	C	0	0	113	35
A_PB1	108	98	A	0	0	98	35
A_PB1	109	97	G	0	0	97	35
A_PB1	110	102	G	0	0	102	35
A_PB1	111	96	A	0	0	96	35
A_PB1	112	115	T	0	0	115	35
A_PB1	113	106	A	0	0	106	35
A_PB1	114	100	T	0	0	100	35
A_PB1	115	109	A	0	0	109	35
A_PB1	116	114	C	0	0	114	35
A_PB1	117	100	C	0	0	100	35
A_PB1	118	98	A	0	0	98	35
A_PB1	119	98	T	0	0	98	35
A_PB1	120	85	G	0	0	85	35
A_PB1	121	112	G	0	0	112	35
A_PB1	122	93	A	0	0	93	35
A_PB1	123	94	C	0	0	94	35
A_PB1	124	112	A	0	0	112	35
A_PB1	125	86	C	0	0	86	35
A_PB1	126	91	A	0	0	91	35
A_PB1	127	103	G	0	0	103	35
A_PB1	128	85	T	0	0	85	35
A_PB1	129	112	T	0	0	112	35
A_PB1	130	112	A	0	0	112	35
A_PB1	131	89	A	0	0	89	35
A_PB1	132	111	C	0	0	111	35
A_PB1	133	108	A	0	0	108	35
A_PB1	134	108	G	0	0	108	35
A_PB1	135	102	A	0	0	102	35
A_PB1	136	85	A	0	0	85	35
A_PB1	137	108	C	0	0	108	35
A_PB1	138	111	A	0	0	111	35
A_PB1	139	98	C	0	0	98	35
A_PB1	140	107	A	0	0	107	35
A_PB1	141	108	T	0	0	108	35
A_PB1	142	110	C	0	0	110	35
A_PB1	143	115	A	0	0	115	35
A_PB1	144	87	G	0	0	87	35
A_PB1	145	113	T	0	0	113	35
A_PB1	146	93	A	0	0	93	35
A_PB1	147	103	T	0	0	103	35
A_PB1	148	90	T	0	0	90	35
A_PB1	149	102	C	0	0	102	35
A_PB1	150	95	A	0	0	95	35
A_PB1	151	87	G	0	0	87	35
A_PB1	152	89	A	0	0	89	35
A_PB1	153	108	A	0	0	108	35
A_PB1	154	113	A	0	0	113	35
A_PB1	155	85	A	0	0	85	35
A_PB1	156	101	A	0	0	101	35
A_PB1	157	85	G	0	0	85	35
A_PB1	158	104	G	0	0	104	35
A_PB1	159	95	G	0	0	95	35
A_PB1	160	113	A	0	0	113	35
A_PB1	161	95	A	0	0	95	35
A_PB1	162	112	A	0	0	112	35
A_PB1	163	108	T	0	0	108	35
A_PB1	164	97	G	0	0	97	35
A_PB1	165	85	G	0	0	85	35
A_PB1	166	104	A	0	0	104	35
A_PB1	167	86	C	0	0	86	35
A_PB1	168	97	A	0	0	97	35
A_PB1	169	112	A	0	0	112	35
A_PB1	170	96	C	0	0	96	35
A_PB1	171	105	A	0	0	105	35
A_PB1	172	89	A	0	0	89	35
A_PB1	173	87	A	0	0	87	35
A_PB1	174	91	C	0	0	91	35
A_PB1	175	99	T	0	0	99	35
A_PB1	176	99	C	0	0	99	35
A_PB1	177	97	A	0	0	97	35
A_PB1	178	104	G	0	0	104	35
A_PB1	179	107	A	0	0	107	35
A_PB1	180	107	A	0	0	107	35
A_PB1	181	88	A	0	0	88	35
A_PB1	182	104	C	0	0	104	35
A_PB1	183	88	T	0	0	88	35
A_PB1	184	101	G	0	0	101	35
A_PB1	185	89	G	0	0	89	35
A_PB1	186	87	A	0	0	87	35
A_PB1	187	85	G	0	0	85	35
A_PB1	188	101	C	0	0	101	35
A_PB1	189	92	A	0	0	92	35
A_PB1	190	88	C	0	0	88	35
A_PB1	191	101	C	0	0	101	35
A_PB1	192	94	T	0	0	94	35
A_PB1	193	95	C	0	0	95	35
A_PB1	194	103	A	0	0	103	35
A_PB1	195	87	A	0	0	87	35
A_PB1	196	96	C	0	0	96	35
A_PB1	197	96	T	0	0	96	35
A_PB1	198	102	C	0	0	102	35
A_PB1	199	109	A	0	0	109	35
A_PB1	200	107	A	0	0	107	35
A_PB1	201	99	T	0	0	99	35
A_PB1	202	89	C	0	0	89	35
A_PB1	203	102	C	0	0	102	35
A_PB1	204	105	A	0	0	105	35
A_PB1	205	97	A	0	0	97	35
A_PB1	206	114	T	0	0	114	35
A_PB1	207	108	T	0	0	108	35
A_PB1	208	94	G	0	0	94	35
A_PB1	209	96	A	0	0	96	35
A_PB1	210	106	T	0	0	106	35
A_PB1	211	87	G	0	0	87	35
A_PB1	212	95	G	0	0	95	35
A_PB1	213	87	A	0	0	87	35
A_PB1	214	114	C	0	0	114	35
A_PB1	215	111	C	0	0	111	35
A_PB1	216	115	A	0	0	115	35
A_PB1	217	100	T	0	0	100	35
A_PB1	218	111	T	0	0	111	35
A_PB1	219	115	G	0	0	115	35
A_PB1	220	109	C	0	0	109	35
A_PB1	221	110	C	0	0	110	35
A_PB1	222	99	T	0	0	99	35
A_PB1	223	108	G	0	0	108	35
A_PB1	224	104	A	0	0	104	35
A_PB1	225	114	G	0	0	114	35
A_PB1	226	115	G	0	0	115	35
A_PB1	227	113	A	0	0	113	35
A_PB1	228	101	C	0	0	101	35
A_PB1	229	89	A	0	0	89	35
A_PB1	230	105	A	0	0	105	35
A_PB1	231	90	T	0	0	90	35
A_PB1	232	89	G	0	0	89	35
A_PB1	233	103	A	0	0	103	35
A_PB1	234	107	A	0	0	107	35
A_PB1	235	112	C	0	0	112	35
A_PB1	236	96	C	0	0	96	35
A_PB1	237	109	A	0	0	109	35
A_PB1	238	86	A	0	0	86	35
A_PB1	239	108	G	0	0	108	35
A_PB1	240	96	T	0	0	96	35
A_PB1	241	89	G	0	0	89	35
A_PB1	242	85	G	0	0	85	35
A_PB1	243	95	G	0	0	95	35
A_PB1	244	89	T	0	0	89	35
A_PB1	245	111	A	0	0	111	35
A_PB1	246	104	T	0	0	104	35
A_PB1	247	115	G	0	0	115	35
A_PB1	248	85	C	0	0	85	35
A_PB1	249	95	A	0	0	95	35
A_PB1	250	86	C	0	0	86	35
A_PB1	251	111	A	0	0	111	35
A_PB1	252	103	A	0	0	103	35
A_PB1	253	113	A	0	0	113	35
A_PB1	254	87	C	0	0	87	35
A_PB1	255	105	G	0	0	105	35
A_PB1	256	90	G	0	0	90	35
A_PB1	257	111	A	0	0	111	35
A_PB1	258	99	C	0	0	99	35
A_PB1	259	115	T	0	0	115	35
A_PB1	260	114	G	0	0	114	35
A_PB1	261	91	T	0	0	91	35
A_PB1	262	107	G	0	0	107	35
A_PB1	263	89	T	0	0	89	35
A_PB1	264	99	C	0	0	99	35
A_PB1	265	114	C	0	0	114	35
A_PB1	266	102	T	0	0	102	35
A_PB1	267	115	T	0	0	115	35
A_PB1	268	107	G	0	0	107	35
A_PB1	269	86	A	0	0	86	35
A_PB1	270	86	A	0	0	86	35
A_PB1	271	102	G	0	0	102	35
A_PB1	272	86	C	0	0	86	35
A_PB1	273	94	A	0	0	94	35
A_PB1	274	107	A	0	0	107	35
A_PB1	275	86	T	0	0	86	35
A_PB1	276	100	G	0	0	100	35
A_PB1	277	99	G	0	0	99	35
A_PB1	278	96	C	0	0	96	35
A_PB1	279	106	T	0	0	106	35
A_PB1	280	99	T	0	0	99	35
A_PB1	281	99	T	0	0	99	35
A_PB1	282	93	C	0	0	93	35
A_PB1	283	93	C	0	0	93	35
A_PB1	284	95	T	0	0	95	35
A_PB1	285	90	T	0	0	90	35
A_PB1	286	100	G	0	0	100	35
A_PB1	287	102	A	0	0	102	35
A_PB1	288	114	A	0	0	114	35
A_PB1	289	88	G	0	0	88	35
A_PB1	290	112	A	0	0	112	35
A_PB1	291	101	G	0	0	101	35
A_PB1	292	97	T	0	0	97	35
A_PB1	293	105	C	0	0	105	35
A_PB1	294	94	C	0	0	94	35
A_PB1	295	115	C	0	0	115	35
A_PB1	296	97	A	0	0	97	35
A_PB1	297	103	C	0	0	103	35
A_PB1	298	111	C	0	0	111	35
A_PB1	299	92	C	0	0	92	35
A_PB1	300	100	A	0	0	100	35
A_PB1	301	103	G	0	0	103	35
A_PB1	302	97	G	0	0	97	35
A_PB1	303	108	A	0	0	108	35
A_PB1	304	106	A	0	0	106	35
A_PB1	305	102	T	0	0	102	35
A_PB1	306	112	C	0	0	112	35
A_PB1	307	99	T	0	0	99	35
A_PB1	308	99	T	0	0	99	35
A_PB1	309	97	T	0	0	97	35
A_PB1	310	108	G	0	0	108	35
A_PB1	311	95	A	0	0	95	35
A_PB1	312	96	A	0	0	96	35
A_PB1	313	106	A	0	0	106	35
A_PB1	314	90	A	0	0	90	35
A_PB1	315	108	C	0	0	108	35
A_PB1	316	109	T	0	0	109	35
A_PB1	317	96	C	0	0	96	35
A_PB1	318	97	G	0	0	97	35
A_PB1	319	94	T	0	0	94	35
A_PB1	320	111	G	0	0	111	35
A_PB1	321	95	T	0	0	95	35
A_PB1	322	96	C	0	0	96	35
A_PB1	323	100	T	0	0	100	35
A_PB1	324	96	T	0	0	96	35
A_PB1	325	108	G	0	0	108	35
A_PB1	326	85	A	0	0	85	35
A_PB1	327	87	A	0	0	87	35
A_PB1	328	107	A	0	0	107	35
A_PB1	329	106	C	0	0	106	35
A_PB1	330	91	G	0	0	91	35
A_PB1	331	94	A	0	0	94	35
A_PB1	332	91	T	0	0	91	35
A_PB1	333	114	G	0	0	114	35
A_PB1	334	87	G	0	0	87	35
A_PB1	335	88	A	0	0	88	35
A_PB1	336	85	A	0	0	85	35
A_PB1	337	88	G	0	0	88	35
A_PB1	338	110	T	0	0	110	35
A_PB1	339	105	T	0	0	105	35
A_PB1	340	104	G	0	0	104	35
A_PB1	341	91	T	0	0	91	35
A_PB1	342	114	T	0	0	114	35
A_PB1	343	86	C	0	0	86	35
A_PB1	344	108	A	0	0	108	35
A_PB1	345	114	A	0	0	114	35
A_PB1	346	103	C	0	0	103	35
A_PB1	347	107	A	0	0	107	35
A_PB1	348	95	A	0	0	95	35
A_PB1	349	103	A	0	0	103	35
A_PB1	350	115	C	0	0	115	35
A_PB1	351	100	A	0	0	100	35
A_PB1	352	94	A	0	0	94	35
A_PB1	353	105	G	0	0	105	35
A_PB1	354	102	A	0	0	102	35
A_PB1	355	108	G	0	0	108	35
A_PB1	356	110	T	0	0	110	35
A_PB1	357	104	G	0	0	104	35
A_PB1	358	106	G	0	0	106	35
A_PB1	359	100	A	0	0	100	35
A_PB1	360	87	C	0	0	87	35
A_PB1	361	88	A	0	0	88	35
A_PB1	362	112	A	0	0	112	35
A_PB1	363	90	G	0	0	90	35
A_PB1	364	104	T	0	0	104	35
A_PB1	365	112	T	0	0	112	35
A_PB1	366	101	G	0	0	101	35
A_PB1	367	90	A	0	0	90	35
A_PB1	368	110	C	0	0	110	35
A_PB1	369	100	C	0	0	100	35
A_PB1	370	105	C	0	0	105	35
A_PB1	371	111	A	0	0	111	35
A_PB1	372	106	A	0	0	106	35
A_PB1	373	100	G	0	0	100	35
A_PB1	374	103	G	0	0	103	35
A_PB1	375	108	C	0	0	108	35
A_PB1	376	92	C	0	0	92	35
A_PB1	377	92	G	0	0	92	35
A_PB1	378	88	T	0	0	88	35
A_PB1	379	87	C	0	0	87	35
A_PB1	380	86	A	0	0	86	35
A_PB1	381	93	G	0	0	93	35
A_PB1	382	100	A	0	0	100	35
A_PB1	383	112	C	0	0	112	35
A_PB1	384	94	C	0	0	94	35
A_PB1	385	102	T	0	0	102	35
A_PB1	386	90	A	0	0	90	35
A_PB1	387	89	T	0	0	89	35
A_PB1	388	86	G	0	0	86	35
A_PB1	389	100	A	0	0	100	35
A_PB1	390	91	T	0	0	91	35
A_PB1	391	90	T	0	0	90	35
A_PB1	392	93	G	0	0	93	35
A_PB1	393	115	G	0	0	115	35
A_PB1	394	114	A	0	0	114	35
A_PB1	395	111	C	0	0	111	35
A_PB1	396	113	G	0	0	113	35
A_PB1	397	94	T	0	0	94	35
A_PB1	398	91	T	0	0	91	35
A_PB1	399	94	A	0	0	94	35
A_PB1	400	91	A	0	0	91	35
A_PB1	401	94	A	0	0	94	35
A_PB1	402	109	C	0	0	109	35
A_PB1	403	103	A	0	0	103	35
A_PB1	404	99	G	0	0	99	35
A_PB1	405	104	G	0	0	104	35
A_PB1	406	85	G	0	0	85	35
A_PB1	407	86	A	0	0	86	35
A_PB1	408	99	T	0	0	99	35
A_PB1	409	87	C	0	0	87	35
A_PB1	410	99	A	0	0	99	35
A_PB1	411	110	G	0	0	110	35
A_PB1	412	92	C	0	0	92	35
A_PB1	413	86	C	0	0	86	35
A_PB1	414	114	G	0	0	114	35
A_PB1	415	100	G	0	0	100	35
A_PB1	416	92	C	0	0	92	35
A_PB1	417	90	T	0	0	90	35
A_PB1	418	113	G	0	0	113	35
A_PB1	419	114	C	0	0	114	35
A_PB1	420	93	A	0	0	93	35
A_PB1	421	105	A	0	0	105	35
A_PB1	422	113	C	0	0	113	35
A_PB1	423	106	T	0	0	106	35
A_PB1	424	112	G	0	0	112	35
A_PB1	425	92	C	0	0	92	35
A_PB1	426	113	A	0	0	113	35
A_PB1	427	97	T	0	0	97	35
A_PB1	428	88	T	0	0	88	35
A_PB1	429	101	A	0	0	101	35
A_PB1	430	86	G	0	0	86	35
A_PB1	431	92	C	0	0	92	35
A_PB1	432	106	T	0	0	106	35
A_PB1	433	110	A	0	0	110	35
A_PB1	434	90	A	0	0	90	35
A_PB1	435	107	T	0	0	107	35
A_PB1	436	85	A	0	0	85	35
A_PB1	437	105	C	0	0	105	35
A_PB1	438	108	T	0	0	108	35
A_PB1	439	113	A	0	0	113	35
A_PB1	440	90	T	0	0	90	35
A_PB1	441	98	A	0	0	98	35
A_PB1	442	100	G	0	0	100	35
A_PB1	443	92	A	0	0	92	35
A_PB1	444	115	G	0	0	115	35
A_PB1	445	97	G	0	0	97	35
A_PB1	446	86	T	0	0	86	35
A_PB1	447	100	C	0	0	100	35
A_PB1	448	109	T	0	0	109	35
A_PB1	449	85	T	0	0	85	35
A_PB1	450	103	C	0	0	103	35
A_PB1	451	114	A	0	0	114	35
A_PB1	452	98	G	0	0	98	35
A_PB1	453	94	A	0	0	94	35
A_PB1	454	100	T	0	0	100	35
A_PB1	455	87	C	0	0	87	35
A_PB1	456	92	T	0	0	92	35
A_PB1	457	92	A	0	0	92	35
A_PB1	458	95	A	0	0	95	35
A_PB1	459	91	C	0	0	91	35
A_PB1	460	88	G	0	0	88	35
A_PB1	461	114	G	0	0	114	35
A_PB1	462	108	C	0	0	108	35
A_PB1	463	104	C	0	0	104	35
A_PB1	464	102	T	0	0	102	35
A_PB1	465	85	C	0	0	85	35
A_PB1	466	110	A	0	0	110	35
A_PB1	467	91	C	0	0	91	35
A_PB1	468	110	A	0	0	110	35
A_PB1	469	111	G	0	0	111	35
A_PB1	470	92	C	0	0	92	35
A_PB1	471	85	C	0	0	85	35
A_PB1	472	108	A	0	0	108	35
A_PB1	473	91	A	0	0	91	35
A_PB1	474	93	T	0	0	93	35
A_PB1	475	98	G	0	0	98	35
A_PB1	476	96	A	0	0	96	35
A_PB1	477	96	A	0	0	96	35
A_PB1	478	114	T	0	0	114	35
A_PB1	479	102	C	0	0	102	35
A_PB1	480	111	A	0	0	111	35
A_PB1	481	87	G	0	0	87	35
A_PB1	482	112	G	0	0	112	35
A_PB1	483	88	A	0	0	88	35
A_PB1	484	88	A	0	0	88	35
A_PB1	485	112	G	0	0	112	35
A_PB1	486	109	G	0	0	109	35
A_PB1	487	100	C	0	0	100	35
A_PB1	488	103	T	0	0	103	35
A_PB1	489	87	A	0	0	87	35
A_PB1	490	91	A	0	0	91	35
A_PB1	491	104	T	0	0	104	35
A_PB1	492	109	A	0	0	109	35
A_PB1	493	90	G	0	0	90	35
A_PB1	494	90	A	0	0	90	35
A_PB1	495	90	T	0	0	90	35
A_PB1	496	114	T	0	0	114	35
A_PB1	497	111	T	0	0	111	35
A_PB1	498	115	T	0	0	115	35
A_PB1	499	85	C	0	0	85	35
A_PB1	500	101	T	0	0	101	35
A_PB1	501	85	C	0	0	85	35
A_PB1	502	98	A	0	0	98	35
A_PB1	503	100	A	0	0	100	35
A_PB1	504	86	G	0	0	86	35
A_PB1	505	86	G	0	0	86	35
A_PB1	506	97	A	0	0	97	35
A_PB1	507	112	T	0	0	112	35
A_PB1	508	87	G	0	0	87	35
A_PB1	509	107	T	0	0	107	35
A_PB1	510	86	G	0	0	86	35
A_PB1	511	92	A	0	0	92	35
A_PB1	512	108	T	0	0	108	35
A_PB1	513	113	G	0	0	113	35
A_PB1	514	93	G	0	0	93	35
A_PB1	515	115	A	0	0	115	35
A_PB1	516	108	A	0	0	108	35
A_PB1	517	86	T	0	0	86	35
A_PB1	518	102	C	0	0	102	35
A_PB1	519	88	A	0	0	88	35
A_PB1	520	108	A	0	0	108	35
A_PB1	521	103	T	0	0	103	35
A_PB1	522	100	G	0	0	100	35
A_PB1	523	89	G	0	0	89	35
A_PB1	524	99	A	0	0	99	35
A_PB1	525	85	T	0	0	85	35
A_PB1	526	114	A	0	0	114	35
A_PB1	527	92	A	0	0	92	35
A_PB1	528	111	G	0	0	111	35
A_PB1	529	113	G	0	0	113	35
A_PB1	530	114	A	0	0	114	35
A_PB1	531	90	G	0	0	90	35
A_PB1	532	107	G	0	0	107	35
A_PB1	533	91	A	0	0	91	35
A_PB1	534	102	A	0	0	102	35
A_PB1	535	105	A	0	0	105	35
A_PB1	536	87	T	0	0	87	35
A_PB1	537	101	G	0	0	101	35
A_PB1	538	100	G	0	0	100	35
A_PB1	539	97	A	0	0	97	35
A_PB1	540	94	A	0	0	94	35
A_PB1	541	90	A	0	0	90	35
A_PB1	542	106	T	0	0	106	35
A_PB1	543	85	A	0	0	85	35
A_PB1	544	104	A	0	0	104	35
A_PB1	545	95	C	0	0	95	35
A_PB1	546	108	A	0	0	108	35
A_PB1	547	109	A	0	0	109	35
A_PB1	548	99	C	0	0	99	35
A_PB1	549	97	G	0	0	97	35
A_PB1	550	113	C	0	0	113	35
A_PB1	551	110	A	0	0	110	35
A_PB1	552	115	T	0	0	115	35
A_PB1	553	96	T	0	0	96	35
A_PB1	554	93	T	0	0	93	35
A_PB1	555	94	C	0	0	94	35
A_PB1	556	114	C	0	0	114	35
A_PB1	557	113	A	0	0	113	35
A_PB1	558	105	A	0	0	105	35
A_PB1	559	114	A	0	0	114	35
A_PB1	560	109	G	0	0	109	35
A_PB1	561	115	G	0	0	115	35
A_PB1	562	102	A	0	0	102	35
A_PB1	563	115	A	0	0	115	35
A_PB1	564	92	A	0	0	92	35
A_PB1	565	86	A	0	0	86	35
A_PB1	566	87	G	0	0	87	35
A_PB1	567	107	A	0	0	107	35
A_PB1	568	110	A	0	0	110	35
A_PB1	569	109	G	0	0	109	35
A_PB1	570	103	A	0	0	103	35
A_PB1	571	88	G	0	0	88	35
A_PB1	572	89	T	0	0	89	35
A_PB1	573	106	G	0	0	106	35
A_PB1	574	103	A	0	0	103	35
A_PB1	575	96	G	0	0	96	35
A_PB1	576	93	A	0	0	93	35
A_PB1	577	95	G	0	0	95	35
A_PB1	578	88	A	0	0	88	35
A_PB1	579	115	C	0	0	115	35
A_PB1	580	109	A	0	0	109	35
A_PB1	581	90	A	0	0	90	35
A_PB1	582	112	C	0	0	112	35
A_PB1	583	107	A	0	0	107	35
A_PB1	584	107	T	0	0	107	35
A_PB1	585	114	G	0	0	114	35
A_PB1	586	95	A	0	0	95	35
A_PB1	587	104	C	0	0	104	35
A_PB1	588	85	C	0	0	85	35
A_PB1	589	104	A	0	0	104	35
A_PB1	590	105	A	0	0	105	35
A_PB1	591	107	G	0	0	107	35
A_PB1	592	105	A	0	0	105	35
A_PB1	593	85	A	0	0	85	35
A_PB1	594	94	A	0	0	94	35
A_PB1	595	98	A	0	0	98	35
A_PB1	596	95	T	0	0	95	35
A_PB1	597	94	G	0	0	94	35
A_PB1	598	104	G	0	0	104	35
A_PB1	599	86	T	0	0	86	35
A_PB1	600	86	C	0	0	86	35
A_PB1	601	113	A	0	0	113	35
A_PB1	602	107	C	0	0	107	35
A_PB1	603	112	A	0	0	112	35
A_PB1	604	99	C	0	0	99	35
A_PB1	605	102	A	0	0	102	35
A_PB1	606	86	A	0	0	86	35
A_PB1	607	86	A	0	0	86	35
A_PB1	608	99	G	0	0	99	35
A_PB1	609	95	G	0	0	95	35
A_PB1	610	89	A	0	0	89	35
A_PB1	611	109	C	0	0	109	35
A_PB1	612	108	A	0	0	108	35
A_PB1	613	96	A	0	0	96	35
A_PB1	614	97	T	0	0	97	35
A_PB1	615	111	A	0	0	111	35
A_PB1	616	113	G	0	0	113	35
A_PB1	617	105	G	0	0	105	35
A_PB1	618	104	A	0	0	104	35
A_PB1	619	98	A	0	0	98	35
A_PB1	620	115	A	0	0	115	35
A_PB1	621	110	G	0	0	110	35
A_PB1	622	114	A	0	0	114	35
A_PB1	623	107	A	0	0	107	35
A_PB1	624	99	G	0	0	99	35
A_PB1	625	100	A	0	0	100	35
A_PB1	626	103	A	0	0	103	35
A_PB1	627	100	A	0	0	100	35
A_PB1	628	106	C	0	0	106	35
A_PB1	629	97	A	0	0	97	35
A_PB1	630	87	G	0	0	87	35
A_PB1	631	88	A	0	0	88	35
A_PB1	632	94	G	0	0	94	35
A_PB1	633	85	G	0	0	85	35
A_PB1	634	112	C	0	0	112	35
A_PB1	635	95	T	0	0	95	35
A_PB1	636	97	A	0	0	97	35
A_PB1	637	95	A	0	0	95	35
A_PB1	638	101	A	0	0	101	35
A_PB1	639	93	T	0	0	93	35
A_PB1	640	95	A	0	0	95	35
A_PB1	641	104	A	0	0	104	35
A_PB1	642	102	A	0	0	102	35
A_PB1	643	89	A	0	0	89	35
A_PB1	644	100	A	0	0	100	35
A_PB1	645	97	G	0	0	97	35
A_PB1	646	114	A	0	0	114	35
A_PB1	647	97	G	0	0	97	35
A_PB1	648	92	C	0	0	92	35
A_PB1	649	94	T	0	0	94	35
A_PB1	650	114	A	0	0	114	35
A_PB1	651	107	T	0	0	107	35
A_PB1	652	94	C	0	0	94	35
A_PB1	653	87	T	0	0	87	35
A_PB1	654	109	A	0	0	109	35
A_PB1	655	109	A	0	0	109	35
A_PB1	656	111	T	0	0	111	35
A_PB1	657	104	A	0	0	104	35
A_PB1	658	85	A	0	0	85	35
A_PB1	659	87	G	0	0	87	35
A_PB1	660	85	A	0	0	85	35
A_PB1	661	109	G	0	0	109	35
A_PB1	662	86	C	0	0	86	35
A_PB1	663	102	A	0	0	102	35
A_PB1	664	86	T	0	0	86	35
A_PB1	665	106	T	0	0	106	35
A_PB1	666	99	G	0	0	99	35
A_PB1	667	106	A	0	0	106	35
A_PB1	668	107	C	0	0	107	35
A_PB1	669	85	A	0	0	85	35
A_PB1	670	113	C	0	0	113	35
A_PB1	671	109	T	0	0	109	35
A_PB1	672	87	G	0	0	87	35
A_PB1	673	97	A	0	0	97	35
A_PB1	674	87	A	0	0	87	35
A_PB1	675	96	C	0	0	96	35
A_PB1	676	115	A	0	0	115	35
A_PB1	677	93	C	0	0	93	35
A_PB1	678	86	G	0	0	86	35
A_PB1	679	90	A	0	0	90	35
A_PB1	680	99	T	0	0	99	35
A_PB1	681	103	G	0	0	103	35
A_PB1	682	87	A	0	0	87	35
A_PB1	683	93	C	0	0	93	35
A_PB1	684	104	A	0	0	104	35
A_PB1	685	86	A	0	0	86	35
A_PB1	686	101	A	0	0	101	35
A_PB1	687	115	A	0	0	115	35
A_PB1	688	111	G	0	0	111	35
A_PB1	689	88	A	0	0	88	35
A_PB1	690	115	C	0	0	115	35
A_PB1	691	90	G	0	0	90	35
A_PB1	692	101	C	0	0	101	35
A_PB1	693	104	C	0	0	104	35
A_PB1	694	106	G	0	0	106	35
A_PB1	695	103	A	0	0	103	35
A_PB1	696	96	A	0	0	96	35
A_PB1	697	96	A	0	0	96	35
A_PB1	698	112	G	0	0	112	35
A_PB1	699	90	A	0	0	90	35
A_PB1	700	98	G	0	0	98	35
A_PB1	701	108	G	0	0	108	35
A_PB1	702	101	C	0	0	101	35
A_PB1	703	87	A	0	0	87	35
A_PB1	704	108	A	0	0	108	35
A_PB1	705	109	A	0	0	109	35
A_PB1	706	104	T	0	0	104	35
A_PB1	707	109	T	0	0	109	35
A_PB1	708	93	A	0	0	93	35
A_PB1	709	93	A	0	0	93	35
A_PB1	710	97	A	0	0	97	35
A_PB1	711	98	A	0	0	98	35
A_PB1	712	88	A	0	0	88	35
A_PB1	713	95	G	0	0	95	35
A_PB1	714	115	A	0	0	115	35
A_PB1	715	91	A	0	0	91	35
A_PB1	716	106	G	0	0	106	35
A_PB1	717	102	G	0	0	102	35
A_PB1	718	104	G	0	0	104	35
A_PB1	719	106	C	0	0	106	35
A_PB1	720	100	A	0	0	100	35
A_PB1	721	90	A	0	0	90	35
A_PB1	722	93	T	0	0	93	35
A_PB1	723	87	T	0	0	87	35
A_PB1	724	108	G	0	0	108	35
A_PB1	725	89	C	0	0	89	35
A_PB1	726	104	G	0	0	104	35
A_PB1	727	91	A	0	0	91	35
A_PB1	728	109	C	0	0	109	35
A_PB1	729	107	A	0	0	107	35
A_PB1	730	103	C	0	0	103	35
A_PB1	731	102	C	0	0	102	35
A_PB1	732	109	T	0	0	109	35
A_PB1	733	94	G	0	0	94	35
A_PB1	734	94	G	0	0	94	35
A_PB1	735	112	A	0	0	112	35
A_PB1	736	106	A	0	0	106	35
A_PB1	737	95	T	0	0	95	35
A_PB1	738	91	G	0	0	91	35
A_PB1	739	89	C	0	0	89	35
A_PB1	740	105	A	0	0	105	35
A_PB1	741	89	A	0	0	89	35
A_PB1	742	107	A	0	0	107	35
A_PB1	743	85	T	0	0	85	35
A_PB1	744	87	C	0	0	87	35
A_PB1	745	99	A	0	0	99	35
A_PB1	746	107	G	0	0	107	35
A_PB1	747	105	A	0	0	105	35
A_PB1	748	94	G	0	0	94	35
A_PB1	749	96	G	0	0	96	35
A_PB1	750	108	G	0	0	108	35
A_PB1	751	115	T	0	0	115	35
A_PB1	752	87	T	0	0	87	35
A_PB1	753	109	T	0	0	109	35
A_PB1	754	105	G	0	0	105	35
A_PB1	755	111	T	0	0	111	35
A_PB1	756	87	G	0	0	87	35
A_PB1	757	108	T	0	0	108	35
A_PB1	758	96	A	0	0	96	35
A_PB1	759	97	C	0	0	97	35
A_PB1	760	93	T	0	0	93	35
A_PB1	761	96	T	0	0	96	35
A_PB1	762	92	T	0	0	92	35
A_PB1	763	95	G	0	0	95	35
A_PB1	764	90	T	0	0	90	35
A_PB1	765	88	T	0	0	88	35
A_PB1	766	109	G	0	0	109	35
A_PB1	767	96	A	0	0	96	35
A_PB1	768	95	A	0	0	95	35
A_PB1	769	109	A	0	0	109	35
A_PB1	770	88	C	0	0	88	35
A_PB1	771	95	A	0	0	95	35
A_PB1	772	101	T	0	0	101	35
A_PB1	773	115	T	0	0	115	35
A_PB1	774	110	A	0	0	110	35
A_PB1	775	97	G	0	0	97	35
A_PB1	776	97	C	0	0	97	35
A_PB1	777	100	G	0	0	100	35
A_PB1	778	88	A	0	0	88	35
A_PB1	779	112	G	0	0	112	35
A_PB1	780	99	G	0	0	99	35
A_PB1	781	114	A	0	0	114	35
A_PB1	782	101	G	0	0	101	35
A_PB1	783	114	C	0	0	114	35
A_PB1	784	97	A	0	0	97	35
A_PB1	785	86	T	0	0	86	35
A_PB1	786	89	T	0	0	89	35
A_PB1	787	115	T	0	0	115	35
A_PB1	788	105	G	0	0	105	35
A_PB1	789	98	T	0	0	98	35
A_PB1	790	112	G	0	0	112	35
A_PB1	791	100	A	0	0	100	35
A_PB1	792	103	T	0	0	103	35
A_PB1	793	91	A	0	0	91	35
A_PB1	794	91	A	0	0	91	35
A_PB1	795	87	G	0	0	87	35
A_PB1	796	114	C	0	0	114	35
A_PB1	797	107	T	0	0	107	35
A_PB1	798	96	T	0	0	96	35
A_PB1	799	109	G	0	0	109	35
A_PB1	800	115	A	0	0	115	35
A_PB1	801	112	A	0	0	112	35
A_PB1	802	110	C	0	0	110	35
A_PB1	803	109	A	0	0	109	35
A_PB1	804	94	A	0	0	94	35
A_PB1	805	94	T	0	0	94	35
A_PB1	806	109	C	0	0	109	35
A_PB1	807	88	T	0	0	88	35
A_PB1	808	96	G	0	0	96	35
A_PB1	809	102	G	0	0	102	35
A_PB1	810	91	A	0	0	91	35
A_PB1	811	95	C	0	0	95	35
A_PB1	812	95	T	0	0	95	35
A_PB1	813	86	C	0	0	86	35
A_PB1	814	115	C	0	0	115	35
A_PB1	815	85	C	0	0	85	35
A_PB1	816	115	A	0	0	115	35
A_PB1	817	110	G	0	0	110	35
A_PB1	818	112	T	0	0	112	35
A_PB1	819	96	T	0	0	96	35
A_PB1	820	104	G	0	0	104	35
A_PB1	821	98	G	0	0	98	35
A_PB1	822	86	G	0	0	86	35
A_PB1	823	104	G	0	0	104	35
A_PB1	824	85	G	0	0	85	35
A_PB1	825	90	C	0	0	90	35
A_PB1	826	115	A	0	0	115	35
A_PB1	827	104	A	0	0	104	35
A_PB1	828	97	T	0	0	97	35
A_PB1	829	87	G	0	0	87	35
A_PB1	830	107	A	0	0	107	35
A_PB1	831	114	A	0	0	114	35
A_PB1	832	95	A	0	0	95	35
A_PB1	833	102	A	0	0	102	35
A_PB1	834	92	G	0	0	92	35
A_PB1	835	93	A	0	0	93	35
A_PB1	836	103	A	0	0	103	35
A_PB1	837	114	G	0	0	114	35
A_PB1	838	108	G	0	0	108	35
A_PB1	839	105	C	0	0	105	35
A_PB1	840	113	T	0	0	113	35
A_PB1	841	114	A	0	0	114	35
A_PB1	842	94	A	0	0	94	35
A_PB1	843	87	A	0	0	87	35
A_PB1	844	98	C	0	0	98	35
A_PB1	845	85	T	0	0	85	35
A_PB1	846	109	G	0	0	109	35
A_PB1	847	98	G	0	0	98	35
A_PB1	848	104	C	0	0	104	35
A_PB1	849	104	A	0	0	104	35
A_PB1	850	86	A	0	0	86	35
A_PB1	851	99	A	0	0	99	35
A_PB1	852	85	T	0	0	85	35
A_PB1	853	98	G	0	0	98	35
A_PB1	854	106	T	0	0	106	35
A_PB1	855	100	T	0	0	100	35
A_PB1	856	107	G	0	0	107	35
A_PB1	857	105	T	0	0	105	35
A_PB1	858	88	G	0	0	88	35
A_PB1	859	87	A	0	0	87	35
A_PB1	860	101	G	0	0	101	35
A_PB1	861	109	A	0	0	109	35
A_PB1	862	111	A	0	0	111	35
A_PB1	863	99	A	0	0	99	35
A_PB1	864	104	A	0	0	104	35
A_PB1	865	101	A	0	0	101	35
A_PB1	866	85	T	0	0	85	35
A_PB1	867	112	G	0	0	112	35
A_PB1	868	94	A	0	0	94	35
A_PB1	869	91	T	0	0	91	35
A_PB1	870	94	G	0	0	94	35
A_PB1	871	114	A	0	0	114	35
A_PB1	872	90	C	0	0	90	35
A_PB1	873	85	T	0	0	85	35
A_PB1	874	97	A	0	0	97	35
A_PB1	875	91	A	0	0	91	35
A_PB1	876	107	T	0	0	107	35
A_PB1	877	87	T	0	0	87	35
A_PB1	878	93	C	0	0	93	35
A_PB1	879	101	G	0	0	101	35
A_PB1	880	107	C	0	0	107	35
A_PB1	881	92	A	0	0	92	35
A_PB1	882	95	G	0	0	95	35
A_PB1	883	101	G	0	0	101	35
A_PB1	884	98	A	0	0	98	35
A_PB1	885	114	C	0	0	114	35
A_PB1	886	100	A	0	0	100	35
A_PB1	887	115	C	0	0	115	35
A_PB1	888	114	A	0	0	114	35
A_PB1	889	92	G	0	0	92	35
A_PB1	890	111	A	0	0	111	35
A_PB1	891	101	G	0	0	101	35
A_PB1	892	96	C	0	0	96	35
A_PB1	893	87	T	0	0	87	35
A_PB1	894	86	C	0	0	86	35
A_PB1	895	102	T	0	0	102	35
A_PB1	896	113	C	0	0	113	35
A_PB1	897	110	C	0	0	110	35
A_PB1	898	104	T	0	0	104	35
A_PB1	899	92	T	0	0	92	35
A_PB1	900	100	C	0	0	100	35
A_PB1	901	90	A	0	0	90	35
A_PB1	902	102	C	0	0	102	35
A_PB1	903	92	A	0	0	92	35
A_PB1	904	110	A	0	0	110	35
A_PB1	905	93	T	0	0	93	35
A_PB1	906	110	C	0	0	110	35
A_PB1	907	111	A	0	0	111	35
A_PB1	908	99	C	0	0	99	35
A_PB1	909	102	T	0	0	102	35
A_PB1	910	114	G	0	0	114	35
A_PB1	911	93	G	0	0	93	35
A_PB1	912	108	A	0	0	108	35
A_PB1	913	91	G	0	0	91	35
A_PB1	914	99	A	0	0	99	35
A_PB1	915	88	C	0	0	88	35
A_PB1	916	90	A	0	0	90	35
A_PB1	917	107	A	0	0	107	35
A_PB1	918	85	C	0	0	85	35
A_PB1	919	109	A	0	0	109	35
A_PB1	920	101	C	0	0	101	35
A_PB1	921	85	C	0	0	85	35
A_PB1	922	111	A	0	0	111	35
A_PB1	923	86	A	0	0	86	35
A_PB1	924	90	A	0	0	90	35
A_PB1	925	112	T	0	0	112	35
A_PB1	926	105	G	0	0	105	35
A_PB1	927	115	G	0	0	115	35
A_PB1	928	86	A	0	0	86	35
A_PB1	929	85	A	0	0	85	35
A_PB1	930	109	T	0	0	109	35
A_PB1	931	103	G	0	0	103	35
A_PB1	932	93	A	0	0	93	35
A_PB1	933	102	A	0	0	102	35
A_PB1	934	106	A	0	0	106	35
A_PB1	935	86	A	0	0	86	35
A_PB1	936	108	T	0	0	108	35
A_PB1	937	87	C	0	0	87	35
A_PB1	938	98	A	0	0	98	35
A_PB1	939	112	G	0	0	112	35
A_PB1	940	112	A	0	0	112	35
A_PB1	941	94	A	0	0	94	35
A_PB1	942	107	C	0	0	107	35
A_PB1	943	91	C	0	0	91	35
A_PB1	944	88	C	0	0	88	35
A_PB1	945	89	T	0	0	89	35
A_PB1	946	102	A	0	0	102	35
A_PB1	947	106	G	0	0	106	35
A_PB1	948	91	G	0	0	91	35
A_PB1	949	104	A	0	0	104	35
A_PB1	950	105	T	0	0	105	35
A_PB1	951	98	G	0	0	98	35
A_PB1	952	113	T	0	0	113	35
A_PB1	953	86	T	0	0	86	35
A_PB1	954	94	T	0	0	94	35
A_PB1	955	90	C	0	0	90	35
A_PB1	956	107	T	0	0	107	35
A_PB1	957	112	G	0	0	112	35
A_PB1	958	102	G	0	0	102	35
A_PB1	959	114	C	0	0	114	35
A_PB1	960	105	A	0	0	105	35
A_PB1	961	99	A	0	0	99	35
A_PB1	962	112	T	0	0	112	35
A_PB1	963	105	G	0	0	105	35
A_PB1	964	101	A	0	0	101	35
A_PB1	965	107	T	0	0	107	35
A_PB1	966	101	A	0	0	101	35
A_PB1	967	114	A	0	0	114	35
A_PB1	968	109	C	0	0	109	35
A_PB1	969	90	A	0	0	90	35
A_PB1	970	91	T	0	0	91	35
A_PB1	971	87	A	0	0	87	35
A_PB1	972	92	T	0	0	92	35
A_PB1	973	110	A	0	0	110	35
A_PB1	974	91	T	0	0	91	35
A_PB1	975	105	A	0	0	105	35
A_PB1	976	105	A	0	0	105	35
A_PB1	977	105	C	0	0	105	35
A_PB1	978	89	A	0	0	89	35
A_PB1	979	93	A	0	0	93	35
A_PB1	980	95	G	0	0	95	35
A_PB1	981	86	G	0	0	86	35
A_PB1	982	93	A	0	0	93	35
A_PB1	983	98	A	0	0	98	35
A_PB1	984	89	C	0	0	89	35
A_PB1	985	104	C	0	0	104	35
A_PB1	986	108	A	0	0	108	35
A_PB1	987	106	A	0	0	106	35
A_PB1	988	92	C	0	0	92	35
A_PB1	989	105	C	0	0	105	35
A_PB1	990	92	T	0	0	92	35
A_PB1	991	94	G	0	0	94	35
A_PB1	992	87	A	0	0	87	35
A_PB1	993	103	A	0	0	103	35
A_PB1	994	103	T	0	0	103	35
A_PB1	995	101	G	0	0	101	35
A_PB1	996	102	G	0	0	102	35
A_PB1	997	113	T	0	0	113	35
A_PB1	998	110	T	0	0	110	35
A_PB1	999	108	C	0	0	108	35
A_PB1	1000	113	A	0	0	113	35
A_PB1	1001	88	G	0	0	88	35
A_PB1	1002	86	G	0	0	86	35
A_PB1	1003	106	A	0	0	106	35
A_PB1	1004	103	A	0	0	103	35
A_PB1	1005	114	T	0	0	114	35
A_PB1	1006	88	G	0	0	88	35
A_PB1	1007	106	T	0	0	106	35
A_PB1	1008	111	C	0	0	111	35
A_PB1	1009	103	T	0	0	103	35
A_PB1	1010	109	T	0	0	109	35
A_PB1	1011	95	G	0	0	95	35
A_PB1	1012	90	A	0	0	90	35
A_PB1	1013	89	G	0	0	89	35
A_PB1	1014	100	C	0	0	100	35
A_PB1	1015	91	A	0	0	91	35
A_PB1	1016	105	T	0	0	105	35
A_PB1	1017	108	T	0	0	108	35
A_PB1	1018	106	G	0	0	106	35
A_PB1	1019	88	C	0	0	88	35
A_PB1	1020	92	A	0	0	92	35
A_PB1	1021	109	C	0	0	109	35
A_PB1	1022	90	C	0	0	90	35
A_PB1	1023	99	T	0	0	99	35
A_PB1	1024	92	A	0	0	92	35
A_PB1	1025	102	T	0	0	102	35
A_PB1	1026	105	A	0	0	105	35
A_PB1	1027	112	A	0	0	112	35
A_PB1	1028	94	T	0	0	94	35
A_PB1	1029	101	G	0	0	101	35
A_PB1	1030	108	T	0	0	108	35
A_PB1	1031	107	T	0	0	107	35
A_PB1	1032	114	C	0	0	114	35
A_PB1	1033	99	T	0	0	99	35
A_PB1	1034	88	C	0	0	88	35
A_PB1	1035	113	A	0	0	113	35
A_PB1	1036	101	A	0	0	101	35
A_PB1	1037	104	A	0	0	104	35
A_PB1	1038	109	T	0	0	109	35
A_PB1	1039	88	A	0	0	88	35
A_PB1	1040	104	A	0	0	104	35
A_PB1	1041	107	A	0	0	107	35
A_PB1	1042	88	A	0	0	88	35
A_PB1	1043	110	T	0	0	110	35
A_PB1	1044	94	G	0	0	94	35
A_PB1	1045	113	G	0	0	113	35
A_PB1	1046	87	C	0	0	87	35
A_PB1	1047	103	A	0	0	103	35
A_PB1	1048	87	A	0	0	87	35
A_PB1	1049	100	G	0	0	100	35
A_PB1	1050	87	A	0	0	87	35
A_PB1	1051	114	C	0	0	114	35
A_PB1	1052	89	T	0	0	89	35
A_PB1	1053	106	A	0	0	106	35
A_PB1	1054	106	G	0	0	106	35
A_PB1	1055	91	G	0	0	91	35
A_PB1	1056	106	G	0	0	106	35
A_PB1	1057	89	A	0	0	89	35
A_PB1	1058	108	A	0	0	108	35
A_PB1	1059	92	A	0	0	92	35
A_PB1	1060	87	G	0	0	87	35
A_PB1	1061	115	G	0	0	115	35
A_PB1	1062	92	G	0	0	92	35
A_PB1	1063	103	T	0	0	103	35
A_PB1	1064	103	A	0	0	103	35
A_PB1	1065	97	C	0	0	97	35
A_PB1	1066	96	A	0	0	96	35
A_PB1	1067	102	T	0	0	102	35
A_PB1	1068	109	G	0	0	109	35
A_PB1	1069	101	T	0	0	101	35
A_PB1	1070	111	T	0	0	111	35
A_PB1	1071	103	C	0	0	103	35
A_PB1	1072	112	G	0	0	112	35
A_PB1	1073	110	A	0	0	110	35
A_PB1	1074	106	A	0	0	106	35
A_PB1	1075	106	A	0	0	106	35
A_PB1	1076	97	G	0	0	97	35
A_PB1	1077	106	T	0	0	106	35
A_PB1	1078	111	A	0	0	111	35
A_PB1	1079	108	A	0	0	108	35
A_PB1	1080	110	G	0	0	110	35
A_PB1	1081	114	A	0	0	114	35
A_PB1	1082	112	G	0	0	112	35
A_PB1	1083	91	C	0	0	91	35
A_PB1	1084	112	A	0	0	112	35
A_PB1	1085	106	T	0	0	106	35
A_PB1	1086	107	G	0	0	107	35
A_PB1	1087	113	A	0	0	113	35
A_PB1	1088	95	A	0	0	95	35
A_PB1	1089	98	G	0	0	98	35
A_PB1	1090	111	C	0	0	111	35
A_PB1	1091	105	T	0	0	105	35
A_PB1	1092	102	C	0	0	102	35
A_PB1	1093	111	C	0	0	111	35
A_PB1	1094	101	G	0	0	101	35
A_PB1	1095	91	A	0	0	91	35
A_PB1	1096	101	A	0	0	101	35
A_PB1	1097	94	C	0	0	94	35
A_PB1	1098	97	A	0	0	97	35
A_PB1	1099	111	C	0	0	111	35
A_PB1	1100	94	A	0	0	94	35
A_PB1	1101	93	A	0	0	93	35
A_PB1	1102	89	A	0	0	89	35
A_PB1	1103	107	T	0	0	107	35
A_PB1	1104	115	A	0	0	115	35
A_PB1	1105	113	C	0	0	113	35
A_PB1	1106	89	C	0	0	89	35
A_PB1	1107	89	A	0	0	89	35
A_PB1	1108	104	G	0	0	104	35
A_PB1	1109	110	C	0	0	110	35
A_PB1	1110	115	A	0	0	115	35
A_PB1	1111	93	G	0	0	93	35
A_PB1	1112	112	A	0	0	112	35
A_PB1	1113	95	A	0	0	95	35
A_PB1	1114	112	A	0	0	112	35
A_PB1	1115	106	T	0	0	106	35
A_PB1	1116	97	G	0	0	97	35
A_PB1	1117	94	C	0	0	94	35
A_PB1	1118	109	T	0	0	109	35
A_PB1	1119	105	A	0	0	105	35
A_PB1	1120	110	G	0	0	110	35
A_PB1	1121	110	C	0	0	110	35
A_PB1	1122	97	A	0	0	97	35
A_PB1	1123	91	A	0	0	91	35
A_PB1	1124	108	G	0	0	108	35
A_PB1	1125	91	C	0	0	91	35
A_PB1	1126	99	A	0	0	99	35
A_PB1	1127	109	T	0	0	109	35
A_PB1	1128	106	T	0	0	106	35
A_PB1	1129	110	G	0	0	110	35
A_PB1	1130	87	A	0	0	87	35
A_PB1	1131	89	T	0	0	89	35
A_PB1	1132	105	C	0	0	105	35
A_PB1	1133	97	T	0	0	97	35
A_PB1	1134	87	G	0	0	87	35
A_PB1	1135	112	A	0	0	112	35
A_PB1	1136	96	A	0	0	96	35
A_PB1	1137	112	G	0	0	112	35
A_PB1	1138	88	T	0	0	88	35
A_PB1	1139	85	A	0	0	85	35
A_PB1	1140	97	T	0	0	97	35
A_PB1	1141	90	T	0	0	90	35
A_PB1	1142	107	T	0	0	107	35
A_PB1	1143	114	C	0	0	114	35
A_PB1	1144	85	A	0	0	85	35
A_PB1	1145	108	A	0	0	108	35
A_PB1	1146	105	T	0	0	105	35
A_PB1	1147	89	G	0	0	89	35
A_PB1	1148	96	A	0	0	96	35
A_PB1	1149	111	G	0	0	111	35
A_PB1	1150	102	T	0	0	102	35
A_PB1	1151	88	C	0	0	88	35
A_PB1	1152	113	A	0	0	113	35
A_PB1	1153	99	A	0	0	99	35
A_PB1	1154	103	C	0	0	103	35
A_PB1	1155	115	A	0	0	115	35
A_PB1	1156	88	A	0	0	88	35
A_PB1	1157	87	G	0	0	87	35
A_PB1	1158	109	A	0	0	109	35
A_PB1	1159	114	A	0	0	114	35
A_PB1	1160	98	A	0	0	98	35
A_PB1	1161	102	G	0	0	102	35
A_PB1	1162	94	A	0	0	94	35
A_PB1	1163	110	A	0	0	110	35
A_PB1	1164	107	A	0	0	107	35
A_PB1	1165	111	A	0	0	111	35
A_PB1	1166	95	T	0	0	95	35
A_PB1	1167	94	A	0	0	94	35
A_PB1	1168	114	G	0	0	114	35
A_PB1	1169	107	A	0	0	107	35
A_PB1	1170	107	G	0	0	107	35
A_PB1	1171	111	A	0	0	111	35
A_PB1	1172	87	A	0	0	87	35
A_PB1	1173	104	G	0	0	104	35
A_PB1	1174	92	A	0	0	92	35
A_PB1	1175	88	T	0	0	88	35
A_PB1	1176	107	A	0	0	107	35
A_PB1	1177	90	A	0	0	90	35
A_PB1	1178	88	G	0	0	88	35
A_PB1	1179	85	A	0	0	85	35
A_PB1	1180	104	C	0	0	104	35
A_PB1	1181	111	C	0	0	111	35
A_PB1	1182	86	T	0	0	86	35
A_PB1	1183	89	C	0	0	89	35
A_PB1	1184	91	T	0	0	91	35
A_PB1	1185	95	T	0	0	95	35
A_PB1	1186	105	C	0	0	105	35
A_PB1	1187	86	T	0	0	86	35
A_PB1	1188	98	A	0	0	98	35
A_PB1	1189	92	A	0	0	92	35
A_PB1	1190	105	T	0	0	105	35
A_PB1	1191	95	A	0	0	95	35
A_PB1	1192	109	G	0	0	109	35
A_PB1	1193	97	A	0	0	97	35
A_PB1	1194	85	T	0	0	85	35
A_PB1	1195	108	G	0	0	108	35
A_PB1	1196	98	G	0	0	98	35
A_PB1	1197	93	T	0	0	93	35
A_PB1	1198	93	A	0	0	93	35
A_PB1	1199	93	C	0	0	93	35
A_PB1	1200	103	A	0	0	103	35
A_PB1	1201	107	G	0	0	107	35
A_PB1	1202	105	C	0	0	105	35
A_PB1	1203	90	C	0	0	90	35
A_PB1	1204	87	T	0	0	87	35
A_PB1	1205	100	C	0	0	100	35
A_PB1	1206	94	A	0	0	94	35
A_PB1	1207	86	T	0	0	86	35
A_PB1	1208	90	T	0	0	90	35
A_PB1	1209	106	A	0	0	106	35
A_PB1	1210	86	A	0	0	86	35
A_PB1	1211	114	G	0	0	114	35
A_PB1	1212	95	C	0	0	95	35
A_PB1	1213	107	C	0	0	107	35
A_PB1	1214	107	C	0	0	107	35
A_PB1	1215	111	A	0	0	111	35
A_PB1	1216	97	G	0	0	97	35
A_PB1	1217	107	G	0	0	107	35
A_PB1	1218	108	A	0	0	108	35
A_PB1	1219	88	A	0	0	88	35
A_PB1	1220	103	T	0	0	103	35
A_PB1	1221	111	G	0	0	111	35
A_PB1	1222	107	A	0	0	107	35
A_PB1	1223	98	T	0	0	98	35
A_PB1	1224	111	G	0	0	111	35
A_PB1	1225	109	A	0	0	109	35
A_PB1	1226	105	T	0	0	105	35
A_PB1	1227	99	G	0	0	99	35
A_PB1	1228	91	G	0	0	91	35
A_PB1	1229	86	G	0	0	86	35
A_PB1	1230	100	C	0	0	100	35
A_PB1	1231	86	A	0	0	86	35
A_PB1	1232	113	T	0	0	113	35
A_PB1	1233	93	G	0	0	93	35
A_PB1	1234	106	T	0	0	106	35
A_PB1	1235	105	T	0	0	105	35
A_PB1	1236	87	C	0	0	87	35
A_PB1	1237	100	A	0	0	100	35
A_PB1	1238	93	A	0	0	93	35
A_PB1	1239	91	T	0	0	91	35
A_PB1	1240	99	A	0	0	99	35
A_PB1	1241	86	T	0	0	86	35
A_PB1	1242	86	G	0	0	86	35
A_PB1	1243	94	C	0	0	94	35
A_PB1	1244	90	T	0	0	90	35
A_PB1	1245	96	G	0	0	96	35
A_PB1	1246	113	A	0	0	113	35
A_PB1	1247	108	G	0	0	108	35
A_PB1	1248	100	T	0	0	100	35
A_PB1	1249	94	A	0	0	94	35
A_PB1	1250	106	C	0	0	106	35
A_PB1	1251	115	A	0	0	115	35
A_PB1	1252	104	G	0	0	104	35
A_PB1	1253	109	T	0	0	109	35
A_PB1	1254	89	T	0	0	89	35
A_PB1	1255	101	T	0	0	101	35
A_PB1	1256	89	T	0	0	89	35
A_PB1	1257	99	G	0	0	99	35
A_PB1	1258	115	G	0	0	115	35
A_PB1	1259	89	G	0	0	89	35
A_PB1	1260	108	A	0	0	108	35
A_PB1	1261	112	G	0	0	112	35
A_PB1	1262	100	T	0	0	100	35
A_PB1	1263	109	T	0	0	109	35
A_PB1	1264	115	T	0	0	115	35
A_PB1	1265	85	C	0	0	85	35
A_PB1	1266	112	G	0	0	112	35
A_PB1	1267	108	A	0	0	108	35
A_PB1	1268	100	T	0	0	100	35
A_PB1	1269	88	T	0	0	88	35
A_PB1	1270	100	C	0	0	100	35
A_PB1	1271	114	T	0	0	114	35
A_PB1	1272	108	A	0	0	108	35
A_PB1	1273	108	A	0	0	108	35
A_PB1	1274	114	A	0	0	114	35
A_PB1	1275	99	T	0	0	99	35
A_PB1	1276	91	C	0	0	91	35
A_PB1	1277	92	T	0	0	92	35
A_PB1	1278	105	A	0	0	105	35
A_PB1	1279	115	G	0	0	115	35
A_PB1	1280	96	G	0	0	96	35
A_PB1	1281	104	A	0	0	104	35
A_PB1	1282	112	C	0	0	112	35
A_PB1	1283	113	A	0	0	113	35
A_PB1	1284	106	A	0	0	106	35
A_PB1	1285	109	A	0	0	109	35
A_PB1	1286	98	G	0	0	98	35
A_PB1	1287	112	G	0	0	112	35
A_PB1	1288	111	A	0	0	111	35
A_PB1	1289	91	G	0	0	91	35
A_PB1	1290	110	G	0	0	110	35
A_PB1	1291	108	T	0	0	108	35
A_PB1	1292	113	A	0	0	113	35
A_PB1	1293	110	C	0	0	110	35
A_PB1	1294	107	A	0	0	107	35
A_PB1	1295	110	C	0	0	110	35
A_PB1	1296	115	C	0	0	115	35
A_PB1	1297	99	A	0	0	99	35
A_PB1	1298	115	A	0	0	115	35
A_PB1	1299	111	A	0	0	111	35
A_PB1	1300	102	A	0	0	102	35
A_PB1	1301	114	C	0	0	114	35
A_PB1	1302	111	A	0	0	111	35
A_PB1	1303	102	A	0	0	102	35
A_PB1	1304	91	C	0	0	91	35
A_PB1	1305	110	A	0	0	110	35
A_PB1	1306	107	T	0	0	107	35
A_PB1	1307	98	A	0	0	98	35
A_PB1	1308	89	C	0	0	89	35
A_PB1	1309	90	T	0	0	90	35
A_PB1	1310	114	G	0	0	114	35
A_PB1	1311	92	G	0	0	92	35
A_PB1	1312	92	T	0	0	92	35
A_PB1	1313	101	G	0	0	101	35
A_PB1	1314	104	G	0	0	104	35
A_PB1	1315	89	G	0	0	89	35
A_PB1	1316	96	A	0	0	96	35
A_PB1	1317	111	C	0	0	111	35
A_PB1	1318	85	G	0	0	85	35
A_PB1	1319	92	G	0	0	92	35
A_PB1	1320	109	A	0	0	109	35
A_PB1	1321	91	C	0	0	91	35
A_PB1	1322	85	T	0	0	85	35
A_PB1	1323	99	C	0	0	99	35
A_PB1	1324	111	C	0	0	111	35
A_PB1	1325	109	A	0	0	109	35
A_PB1	1326	86	A	0	0	86	35
A_PB1	1327	111	T	0	0	111	35
A_PB1	1328	98	C	0	0	98	35
A_PB1	1329	88	C	0	0	88	35
A_PB1	1330	108	T	0	0	108	35
A_PB1	1331	89	C	0	0	89	35
A_PB1	1332	95	T	0	0	95	35
A_PB1	1333	111	G	0	0	111	35
A_PB1	1334	101	A	0	0	101	35
A_PB1	1335	113	T	0	0	113	35
A_PB1	1336	87	G	0	0	87	35
A_PB1	1337	93	A	0	0	93	35
A_PB1	1338	93	C	0	0	93	35
A_PB1	1339	92	T	0	0	92	35
A_PB1	1340	89	T	0	0	89	35
A_PB1	1341	93	T	0	0	93	35
A_PB1	1342	106	G	0	0	106	35
A_PB1	1343	87	C	0	0	87	35
A_PB1	1344	85	T	0	0	85	35
A_PB1	1345	110	C	0	0	110	35
A_PB1	1346	94	T	0	0	94	35
A_PB1	1347	100	C	0	0	100	35
A_PB1	1348	99	A	0	0	99	35
A_PB1	1349	111	T	0	0	111	35
A_PB1	1350	87	A	0	0	87	35
A_PB1	1351	113	G	0	0	113	35
A_PB1	1352	97	T	0	0	97	35
A_PB1	1353	110	G	0	0	110	35
A_PB1	1354	115	A	0	0	115	35
A_PB1	1355	98	A	0	0	98	35
A_PB1	1356	111	T	0	0	111	35
A_PB1	1357	109	G	0	0	109	35
A_PB1	1358	103	C	0	0	103	35
A_PB1	1359	93	T	0	0	93	35
A_PB1	1360	98	C	0	0	98	35
A_PB1	1361	87	C	0	0	87	35
A_PB1	1362	86	G	0	0	86	35
A_PB1	1363	95	A	0	0	95	35
A_PB1	1364	100	A	0	0	100	35
A_PB1	1365	86	T	0	0	86	35
A_PB1	1366	92	C	0	0	92	35
A_PB1	1367	97	A	0	0	97	35
A_PB1	1368	100	T	0	0	100	35
A_PB1	1369	107	G	0	0	107	35
A_PB1	1370	113	A	0	0	113	35
A_PB1	1371	106	G	0	0	106	35
A_PB1	1372	107	G	0	0	107	35
A_PB1	1373	88	G	0	0	88	35
A_PB1	1374	112	A	0	0	112	35
A_PB1	1375	115	A	0	0	115	35
A_PB1	1376	95	T	0	0	95	35
A_PB1	1377	91	A	0	0	91	35
A_PB1	1378	112	C	0	0	112	35
A_PB1	1379	92	A	0	0	92	35
A_PB1	1380	114	A	0	0	114	35
A_PB1	1381	92	G	0	0	92	35
A_PB1	1382	114	C	0	0	114	35
A_PB1	1383	95	A	0	0	95	35
A_PB1	1384	113	G	0	0	113	35
A_PB1	1385	100	G	0	0	100	35
A_PB1	1386	98	G	0	0	98	35
A_PB1	1387	102	G	0	0	102	35
A_PB1	1388	97	T	0	0	97	35
A_PB1	1389	94	A	0	0	94	35
A_PB1	1390	100	G	0	0	100	35
A_PB1	1391	85	A	0	0	85	35
A_PB1	1392	107	C	0	0	107	35
A_PB1	1393	113	A	0	0	113	35
A_PB1	1394	110	G	0	0	110	35
A_PB1	1395	103	A	0	0	103	35
A_PB1	1396	111	T	0	0	111	35
A_PB1	1397	110	T	0	0	110	35
A_PB1	1398	106	C	0	0	106	35
A_PB1	1399	106	T	0	0	106	35
A_PB1	1400	96	A	0	0	96	35
A_PB1	1401	102	T	0	0	102	35
A_PB1	1402	100	A	0	0	100	35
A_PB1	1403	115	G	0	0	115	35
A_PB1	1404	111	A	0	0	111	35
A_PB1	1405	102	A	0	0	102	35
A_PB1	1406	95	C	0	0	95	35
A_PB1	1407	106	C	0	0	106	35
A_PB1	1408	106	T	0	0	106	35
A_PB1	1409	107	G	0	0	107	35
A_PB1	1410	89	C	0	0	89	35
A_PB1	1411	103	A	0	0	103	35
A_PB1	1412	105	A	0	0	105	35
A_PB1	1413	88	G	0	0	88	35
A_PB1	1414	104	C	0	0	104	35
A_PB1	1415	101	T	0	0	101	35
A_PB1	1416	93	G	0	0	93	35
A_PB1	1417	90	G	0	0	90	35
A_PB1	1418	113	T	0	0	113	35
A_PB1	1419	107	C	0	0	107	35
A_PB1	1420	105	G	0	0	105	35
A_PB1	1421	89	G	0	0	89	35
A_PB1	1422	88	A	0	0	88	35
A_PB1	1423	96	A	0	0	96	35
A_PB1	1424	106	T	0	0	106	35
A_PB1	1425	107	C	0	0	107	35
A_PB1	1426	115	A	0	0	115	35
A_PB1	1427	92	A	0	0	92	35
A_PB1	1428	90	C	0	0	90	35
A_PB1	1429	102	A	0	0	102	35
A_PB1	1430	106	T	0	0	106	35
A_PB1	1431	96	G	0	0	96	35
A_PB1	1432	95	A	0	0	95	35
A_PB1	1433	106	G	0	0	106	35
A_PB1	1434	114	C	0	0	114	35
A_PB1	1435	111	A	0	0	111	35
A_PB1	1436	107	A	0	0	107	35
A_PB1	1437	89	A	0	0	89	35
A_PB1	1438	93	A	0	0	93	35
A_PB1	1439	98	A	0	0	98	35
A_PB1	1440	88	G	0	0	88	35
A_PB1	1441	105	A	0	0	105	35
A_PB1	1442	103	A	0	0	103	35
A_PB1	1443	96	G	0	0	96	35
A_PB1	1444	109	T	0	0	109	35
A_PB1	1445	102	C	0	0	102	35
A_PB1	1446	86	C	0	0	86	35
A_PB1	1447	112	T	0	0	112	35
A_PB1	1448	102	A	0	0	102	35
A_PB1	1449	106	C	0	0	106	35
A_PB1	1450	111	A	0	0	111	35
A_PB1	1451	102	T	0	0	102	35
A_PB1	1452	93	A	0	0	93	35
A_PB1	1453	90	A	0	0	90	35
A_PB1	1454	109	A	0	0	109	35
A_PB1	1455	90	C	0	0	90	35
A_PB1	1456	91	A	0	0	91	35
A_PB1	1457	103	G	0	0	103	35
A_PB1	1458	88	G	0	0	88	35
A_PB1	1459	95	A	0	0	95	35
A_PB1	1460	93	C	0	0	93	35
A_PB1	1461	111	A	0	0	111	35
A_PB1	1462	115	G	0	0	115	35
A_PB1	1463	109	G	0	0	109	35
A_PB1	1464	88	A	0	0	88	35
A_PB1	1465	85	A	0	0	85	35
A_PB1	1466	94	C	0	0	94	35
A_PB1	1467	98	A	0	0	98	35
A_PB1	1468	99	T	0	0	99	35
A_PB1	1469	95	T	0	0	95	35
A_PB1	1470	91	T	0	0	91	35
A_PB1	1471	95	G	0	0	95	35
A_PB1	1472	96	A	0	0	96	35
A_PB1	1473	98	A	0	0	98	35
A_PB1	1474	115	T	0	0	115	35
A_PB1	1475	115	T	0	0	115	35
A_PB1	1476	93	C	0	0	93	35
A_PB1	1477	90	A	0	0	90	35
A_PB1	1478	103	C	0	0	103	35
A_PB1	1479	110	A	0	0	110	35
A_PB1	1480	86	A	0	0	86	35
A_PB1	1481	92	G	0	0	92	35
A_PB1	1482	91	T	0	0	91	35
A_PB1	1483	104	T	0	0	104	35
A_PB1	1484	100	T	0	0	100	35
A_PB1	1485	94	T	0	0	94	35
A_PB1	1486	113	T	0	0	113	35
A_PB1	1487	113	T	0	0	113	35
A_PB1	1488	94	C	0	0	94	35
A_PB1	1489	90	T	0	0	90	35
A_PB1	1490	105	A	0	0	105	35
A_PB1	1491	105	C	0	0	105	35
A_PB1	1492	114	C	0	0	114	35
A_PB1	1493	105	G	0	0	105	35
A_PB1	1494	98	C	0	0	98	35
A_PB1	1495	103	T	0	0	103	35
A_PB1	1496	107	A	0	0	107	35
A_PB1	1497	85	T	0	0	85	35
A_PB1	1498	86	G	0	0	86	35
A_PB1	1499	115	G	0	0	115	35
A_PB1	1500	93	A	0	0	93	35
A_PB1	1501	114	T	0	0	114	35
A_PB1	1502	87	T	0	0	87	35
A_PB1	1503	95	T	0	0	95	35
A_PB1	1504	113	G	0	0	113	35
A_PB1	1505	103	T	0	0	103	35
A_PB1	1506	102	A	0	0	102	35
A_PB1	1507	110	G	0	0	110	35
A_PB1	1508	113	C	0	0	113	35
A_PB1	1509	91	C	0	0	91	35
A_PB1	1510	103	A	0	0	103	35
A_PB1	1511	93	A	0	0	93	35
A_PB1	1512	108	C	0	0	108	35
A_PB1	1513	89	T	0	0	89	35
A_PB1	1514	90	T	0	0	90	35
A_PB1	1515	101	C	0	0	101	35
A_PB1	1516	108	A	0	0	108	35
A_PB1	1517	115	G	0	0	115	35
A_PB1	1518	94	T	0	0	94	35
A_PB1	1519	110	A	0	0	110	35
A_PB1	1520	111	T	0	0	111	35
A_PB1	1521	97	G	0	0	97	35
A_PB1	1522	99	G	0	0	99	35
A_PB1	1523	98	A	0	0	98	35
A_PB1	1524	85	G	0	0	85	35
A_PB1	1525	107	T	0	0	107	35
A_PB1	1526	88	T	0	0	88	35
A_PB1	1527	94	G	0	0	94	35
A_PB1	1528	107	C	0	0	107	35
A_PB1	1529	105	C	0	0	105	35
A_PB1	1530	94	C	0	0	94	35
A_PB1	1531	92	A	0	0	92	35
A_PB1	1532	110	G	0	0	110	35
A_PB1	1533	89	C	0	0	89	35
A_PB1	1534	110	T	0	0	110	35
A_PB1	1535	98	T	0	0	98	35
A_PB1	1536	112	T	0	0	112	35
A_PB1	1537	106	G	0	0	106	35
A_PB1	1538	109	G	0	0	109	35
A_PB1	1539	115	A	0	0	115	35
A_PB1	1540	91	G	0	0	91	35
A_PB1	1541	93	T	0	0	93	35
A_PB1	1542	106	G	0	0	106	35
A_PB1	1543	102	T	0	0	102	35
A_PB1	1544	93	C	0	0	93	35
A_PB1	1545	106	T	0	0	106	35
A_PB1	1546	115	G	0	0	115	35
A_PB1	1547	86	G	0	0	86	35
A_PB1	1548	113	G	0	0	113	35
A_PB1	1549	99	A	0	0	99	35
A_PB1	1550	97	T	0	0	97	35
A_PB1	1551	99	C	0	0	99	35
A_PB1	1552	111	A	0	0	111	35
A_PB1	1553	90	A	0	0	90	35
A_PB1	1554	101	T	0	0	101	35
A_PB1	1555	85	G	0	0	85	35
A_PB1	1556	99	A	0	0	99	35
A_PB1	1557	102	A	0	0	102	35
A_PB1	1558	101	T	0	0	101	35
A_PB1	1559	111	C	0	0	111	35
A_PB1	1560	98	T	0	0	98	35
A_PB1	1561	89	G	0	0	89	35
A_PB1	1562	95	C	0	0	95	35
A_PB1	1563	93	A	0	0	93	35
A_PB1	1564	88	G	0	0	88	35
A_PB1	1565	102	A	0	0	102	35
A_PB1	1566	105	C	0	0	105	35
A_PB1	1567	90	A	0	0	90	35
A_PB1	1568	101	T	0	0	101	35
A_PB1	1569	86	G	0	0	86	35
A_PB1	1570	104	A	0	0	104	35
A_PB1	1571	89	G	0	0	89	35
A_PB1	1572	114	C	0	0	114	35
A_PB1	1573	93	A	0	0	93	35
A_PB1	1574	95	T	0	0	95	35
A_PB1	1575	94	T	0	0	94	35
A_PB1	1576	93	G	0	0	93	35
A_PB1	1577	114	G	0	0	114	35
A_PB1	1578	85	A	0	0	85	35
A_PB1	1579	88	G	0	0	88	35
A_PB1	1580	112	T	0	0	112	35
A_PB1	1581	101	A	0	0	101	35
A_PB1	1582	115	A	0	0	115	35
A_PB1	1583	108	C	0	0	108	35
A_PB1	1584	92	A	0	0	92	35
A_PB1	1585	89	G	0	0	89	35
A_PB1	1586	101	T	0	0	101	35
A_PB1	1587	113	G	0	0	113	35
A_PB1	1588	85	A	0	0	85	35
A_PB1	1589	107	T	0	0	107	35
A_PB1	1590	115	A	0	0	115	35
A_PB1	1591	98	A	0	0	98	35
A_PB1	1592	97	A	0	0	97	35
A_PB1	1593	89	G	0	0	89	35
A_PB1	1594	92	A	0	0	92	35
A_PB1	1595	96	A	0	0	96	35
A_PB1	1596	104	C	0	0	104	35
A_PB1	1597	111	A	0	0	111	35
A_PB1	1598	111	A	0	0	111	35
A_PB1	1599	87	C	0	0	87	35
A_PB1	1600	99	A	0	0	99	35
A_PB1	1601	86	T	0	0	86	35
A_PB1	1602	94	G	0	0	94	35
A_PB1	1603	97	A	0	0	97	35
A_PB1	1604	107	T	0	0	107	35
A_PB1	1605	100	C	0	0	100	35
A_PB1	1606	103	A	0	0	103	35
A_PB1	1607	85	A	0	0	85	35
A_PB1	1608	103	C	0	0	103	35
A_PB1	1609	88	A	0	0	88	35
A_PB1	1610	113	A	0	0	113	35
A_PB1	1611	91	T	0	0	91	35
A_PB1	1612	100	G	0	0	100	35
A_PB1	1613	99	A	0	0	99	35
A_PB1	1614	100	T	0	0	100	35
A_PB1	1615	97	C	0	0	97	35
A_PB1	1616	87	T	0	0	87	35
A_PB1	1617	85	T	0	0	85	35
A_PB1	1618	103	G	0	0	103	35
A_PB1	1619	111	G	0	0	111	35
A_PB1	1620	85	A	0	0	85	35
A_PB1	1621	111	C	0	0	111	35
A_PB1	1622	110	C	0	0	110	35
A_PB1	1623	113	A	0	0	113	35
A_PB1	1624	86	G	0	0	86	35
A_PB1	1625	89	C	0	0	89	35
A_PB1	1626	115	A	0	0	115	35
A_PB1	1627	95	A	0	0	95	35
A_PB1	1628	100	C	0	0	100	35
A_PB1	1629	96	A	0	0	96	35
A_PB1	1630	111	G	0	0	111	35
A_PB1	1631	88	C	0	0	88	35
A_PB1	1632	108	T	0	0	108	35
A_PB1	1633	101	C	0	0	101	35
A_PB1	1634	110	A	0	0	110	35
A_PB1	1635	102	A	0	0	102	35
A_PB1	1636	99	A	0	0	99	35
A_PB1	1637	93	T	0	0	93	35
A_PB1	1638	102	G	0	0	102	35
A_PB1	1639	99	G	0	0	99	35
A_PB1	1640	115	C	0	0	115	35
A_PB1	1641	115	T	0	0	115	35
A_PB1	1642	109	C	0	0	109	35
A_PB1	1643	111	T	0	0	111	35
A_PB1	1644	105	T	0	0	105	35
A_PB1	1645	94	C	0	0	94	35
A_PB1	1646	109	A	0	0	109	35
A_PB1	1647	103	G	0	0	103	35
A_PB1	1648	113	C	0	0	113	35
A_PB1	1649	94	T	0	0	94	35
A_PB1	1650	93	A	0	0	93	35
A_PB1	1651	87	T	0	0	87	35
A_PB1	1652	89	T	0	0	89	35
A_PB1	1653	95	C	0	0	95	35
A_PB1	1654	108	A	0	0	108	35
A_PB1	1655	101	T	0	0	101	35
A_PB1	1656	111	C	0	0	111	35
A_PB1	1657	104	A	0	0	104	35
A_PB1	1658	114	A	0	0	114	35
A_PB1	1659	115	G	0	0	115	35
A_PB1	1660	95	G	0	0	95	35
A_PB1	1661	91	A	0	0	91	35
A_PB1	1662	113	T	0	0	113	35
A_PB1	1663	87	T	0	0	87	35
A_PB1	1664	90	A	0	0	90	35
A_PB1	1665	94	C	0	0	94	35
A_PB1	1666	86	A	0	0	86	35
A_PB1	1667	89	G	0	0	89	35
A_PB1	1668	106	A	0	0	106	35
A_PB1	1669	88	T	0	0	88	35
A_PB1	1670	88	A	0	0	88	35
A_PB1	1671	91	C	0	0	91	35
A_PB1	1672	100	A	0	0	100	35
A_PB1	1673	109	C	0	0	109	35
A_PB1	1674	101	A	0	0	101	35
A_PB1	1675	105	T	0	0	105	35
A_PB1	1676	109	A	0	0	109	35
A_PB1	1677	91	C	0	0	91	35
A_PB1	1678	113	C	0	0	113	35
A_PB1	1679	96	G	0	0	96	35
A_PB1	1680	93	A	0	0	93	35
A_PB1	1681	100	T	0	0	100	35
A_PB1	1682	89	G	0	0	89	35
A_PB1	1683	94	T	0	0	94	35
A_PB1	1684	92	C	0	0	92	35
A_PB1	1685	99	A	0	0	99	35
A_PB1	1686	115	C	0	0	115	35
A_PB1	1687	105	A	0	0	105	35
A_PB1	1688	114	G	0	0	114	35
A_PB1	1689	94	A	0	0	94	35
A_PB1	1690	99	G	0	0	99	35
A_PB1	1691	91	G	0	0	91	35
A_PB1	1692	104	A	0	0	104	35
A_PB1	1693	88	G	0	0	88	35
A_PB1	1694	92	A	0	0	92	35
A_PB1	1695	96	C	0	0	96	35
A_PB1	1696	93	A	0	0	93	35
A_PB1	1697	88	C	0	0	88	35
A_PB1	1698	103	A	0	0	103	35
A_PB1	1699	96	C	0	0	96	35
A_PB1	1700	106	A	0	0	106	35
A_PB1	1701	104	A	0	0	104	35
A_PB1	1702	113	A	0	0	113	35
A_PB1	1703	97	T	0	0	97	35
A_PB1	1704	109	T	0	0	109	35
A_PB1	1705	93	C	0	0	93	35
A_PB1	1706	91	A	0	0	91	35
A_PB1	1707	85	G	0	0	85	35
A_PB1	1708	88	A	0	0	88	35
A_PB1	1709	92	C	0	0	92	35
A_PB1	1710	99	A	0	0	99	35
A_PB1	1711	93	A	0	0	93	35
A_PB1	1712	99	G	0	0	99	35
A_PB1	1713	102	G	0	0	102	35
A_PB1	1714	113	A	0	0	113	35
A_PB1	1715	113	G	0	0	113	35
A_PB1	1716	87	G	0	0	87	35
A_PB1	1717	90	T	0	0	90	35
A_PB1	1718	102	C	0	0	102	35
A_PB1	1719	88	A	0	0	88	35
A_PB1	1720	90	T	0	0	90	35
A_PB1	1721	90	T	0	0	90	35
A_PB1	1722	113	C	0	0	113	35
A_PB1	1723	94	G	0	0	94	35
A_PB1	1724	102	A	0	0	102	35
A_PB1	1725	104	G	0	0	104	35
A_PB1	1726	103	C	0	0	103	35
A_PB1	1727	92	T	0	0	92	35
A_PB1	1728	114	G	0	0	114	35
A_PB1	1729	92	A	0	0	92	35
A_PB1	1730	103	A	0	0	103	35
A_PB1	1731	94	G	0	0	94	35
A_PB1	1732	91	A	0	0	91	35
A_PB1	1733	95	A	0	0	95	35
A_PB1	1734	91	G	0	0	91	35
A_PB1	1735	97	T	0	0	97	35
A_PB1	1736	113	T	0	0	113	35
A_PB1	1737	110	G	0	0	110	35
A_PB1	1738	106	T	0	0	106	35
A_PB1	1739	102	G	0	0	102	35
A_PB1	1740	115	G	0	0	115	35
A_PB1	1741	112	G	0	0	112	35
A_PB1	1742	95	A	0	0	95	35
A_PB1	1743	90	A	0	0	90	35
A_PB1	1744	102	C	0	0	102	35
A_PB1	1745	102	A	0	0	102	35
A_PB1	1746	110	G	0	0	110	35
A_PB1	1747	87	A	0	0	87	35
A_PB1	1748	96	C	0	0	96	35
A_PB1	1749	100	C	0	0	100	35
A_PB1	1750	113	C	0	0	113	35
A_PB1	1751	104	G	0	0	104	35
A_PB1	1752	108	C	0	0	108	35
A_PB1	1753	107	T	0	0	107	35
A_PB1	1754	108	C	0	0	108	35
A_PB1	1755	115	A	0	0	115	35
A_PB1	1756	105	A	0	0	105	35
A_PB1	1757	103	A	0	0	103	35
A_PB1	1758	115	A	0	0	115	35
A_PB1	1759	94	G	0	0	94	35
A_PB1	1760	96	C	0	0	96	35
A_PB1	1761	106	A	0	0	106	35
A_PB1	1762	107	G	0	0	107	35
A_PB1	1763	90	G	0	0	90	35
A_PB1	1764	91	A	0	0	91	35
A_PB1	1765	97	C	0	0	97	35
A_PB1	1766	113	T	0	0	113	35
A_PB1	1767	104	G	0	0	104	35
A_PB1	1768	110	C	0	0	110	35
A_PB1	1769	103	T	0	0	103	35
A_PB1	1770	97	G	0	0	97	35
A_PB1	1771	89	G	0	0	89	35
A_PB1	1772	91	T	0	0	91	35
A_PB1	1773	102	C	0	0	102	35
A_PB1	1774	101	T	0	0	101	35
A_PB1	1775	113	C	0	0	113	35
A_PB1	1776	110	A	0	0	110	35
A_PB1	1777	104	G	0	0	104	35
A_PB1	1778	109	A	0	0	109	35
A_PB1	1779	96	T	0	0	96	35
A_PB1	1780	111	G	0	0	111	35
A_PB1	1781	101	G	0	0	101	35
A_PB1	1782	88	A	0	0	88	35
A_PB1	1783	87	G	0	0	87	35
A_PB1	1784	87	G	0	0	87	35
A_PB1	1785	94	A	0	0	94	35
A_PB1	1786	86	C	0	0	86	35
A_PB1	1787	106	C	0	0	106	35
A_PB1	1788	91	A	0	0	91	35
A_PB1	1789	92	A	0	0	92	35
A_PB1	1790	98	A	0	0	98	35
A_PB1	1791	105	T	0	0	105	35
A_PB1	1792	108	C	0	0	108	35
A_PB1	1793	106	T	0	0	106	35
A_PB1	1794	111	A	0	0	111	35
A_PB1	1795	107	T	0	0	107	35
A_PB1	1796	90	A	0	0	90	35
A_PB1	1797	112	C	0	0	112	35
A_PB1	1798	108	A	0	0	108	35
A_PB1	1799	103	A	0	0	103	35
A_PB1	1800	108	T	0	0	108	35
A_PB1	1801	112	A	0	0	112	35
A_PB1	1802	97	T	0	0	97	35
A_PB1	1803	96	T	0	0	96	35
A_PB1	1804	106	C	0	0	106	35
A_PB1	1805	100	G	0	0	100	35
A_PB1	1806	107	G	0	0	107	35
A_PB1	1807	107	A	0	0	107	35
A_PB1	1808	99	A	0	0	99	35
A_PB1	1809	101	T	0	0	101	35
A_PB1	1810	103	C	0	0	103	35
A_PB1	1811	97	T	0	0	97	35
A_PB1	1812	104	T	0	0	104	35
A_PB1	1813	112	C	0	0	112	35
A_PB1	1814	109	A	0	0	109	35
A_PB1	1815	106	C	0	0	106	35
A_PB1	1816	114	A	0	0	114	35
A_PB1	1817	113	T	0	0	113	35
A_PB1	1818	109	T	0	0	109	35
A_PB1	1819	95	C	0	0	95	35
A_PB1	1820	98	C	0	0	98	35
A_PB1	1821	95	A	0	0	95	35
A_PB1	1822	115	G	0	0	115	35
A_PB1	1823	104	A	0	0	104	35
A_PB1	1824	101	A	0	0	101	35
A_PB1	1825	115	G	0	0	115	35
A_PB1	1826	107	T	0	0	107	35
A_PB1	1827	97	C	0	0	97	35
A_PB1	1828	96	T	0	0	96	35
A_PB1	1829	90	G	0	0	90	35
A_PB1	1830	111	C	0	0	111	35
A_PB1	1831	99	T	0	0	99	35
A_PB1	1832	103	T	0	0	103	35
A_PB1	1833	101	G	0	0	101	35
A_PB1	1834	100	A	0	0	100	35
A_PB1	1835	103	A	0	0	103	35
A_PB1	1836	100	A	0	0	100	35
A_PB1	1837	97	T	0	0	97	35
A_PB1	1838	98	G	0	0	98	35
A_PB1	1839	104	G	0	0	104	35
A_PB1	1840	92	G	0	0	92	35
A_PB1	1841	89	A	0	0	89	35
A_PB1	1842	97	G	0	0	97	35
A_PB1	1843	109	C	0	0	109	35
A_PB1	1844	91	T	0	0	91	35
A_PB1	1845	99	A	0	0	99	35
A_PB1	1846	104	A	0	0	104	35
A_PB1	1847	95	T	0	0	95	35
A_PB1	1848	86	G	0	0	86	35
A_PB1	1849	96	G	0	0	96	35
A_PB1	1850	106	A	0	0	106	35
A_PB1	1851	94	C	0	0	94	35
A_PB1	1852	99	G	0	0	99	35
A_PB1	1853	114	A	0	0	114	35
A_PB1	1854	110	A	0	0	110	35
A_PB1	1855	108	G	0	0	108	35
A_PB1	1856	101	A	0	0	101	35
A_PB1	1857	97	C	0	0	97	35
A_PB1	1858	89	T	0	0	89	35
A_PB1	1859	112	A	0	0	112	35
A_PB1	1860	85	T	0	0	85	35
A_PB1	1861	88	C	0	0	88	35
A_PB1	1862	114	A	0	0	114	35
A_PB1	1863	100	G	0	0	100	35
A_PB1	1864	97	G	0	0	97	35
A_PB1	1865	94	G	0	0	94	35
A_PB1	1866	100	A	0	0	100	35
A_PB1	1867	89	A	0	0	89	35
A_PB1	1868	107	G	0	0	107	35
A_PB1	1869	114	G	0	0	114	35
A_PB1	1870	87	C	0	0	87	35
A_PB1	1871	106	T	0	0	106	35
A_PB1	1872	113	T	0	0	113	35
A_PB1	1873	113	T	0	0	113	35
A_PB1	1874	93	G	0	0	93	35
A_PB1	1875	107	T	0	0	107	35
A_PB1	1876	100	A	0	0	100	35
A_PB1	1877	109	A	0	0	109	35
A_PB1	1878	113	T	0	0	113	35
A_PB1	1879	105	C	0	0	105	35
A_PB1	1880	99	C	0	0	99	35
A_PB1	1881	88	C	0	0	88	35
A_PB1	1882	103	C	0	0	103	35
A_PB1	1883	93	T	0	0	93	35
A_PB1	1884	89	G	0	0	89	35
A_PB1	1885	103	A	0	0	103	35
A_PB1	1886	92	A	0	0	92	35
A_PB1	1887	106	C	0	0	106	35
A_PB1	1888	91	C	0	0	91	35
A_PB1	1889	101	C	0	0	101	35
A_PB1	1890	105	G	0	0	105	35
A_PB1	1891	107	T	0	0	107	35
A_PB1	1892	115	T	0	0	115	35
A_PB1	1893	91	T	0	0	91	35
A_PB1	1894	104	G	0	0	104	35
A_PB1	1895	105	T	0	0	105	35
A_PB1	1896	112	C	0	0	112	35
A_PB1	1897	107	A	0	0	107	35
A_PB1	1898	115	G	0	0	115	35
A_PB1	1899	106	C	0	0	106	35
A_PB1	1900	108	C	0	0	108	35
A_PB1	1901	104	A	0	0	104	35
A_PB1	1902	114	C	0	0	114	35
A_PB1	1903	110	A	0	0	110	35
A_PB1	1904	96	A	0	0	96	35
A_PB1	1905	93	G	0	0	93	35
A_PB1	1906	97	G	0	0	97	35
A_PB1	1907	109	A	0	0	109	35
A_PB1	1908	100	A	0	0	100	35
A_PB1	1909	107	A	0	0	107	35
A_PB1	1910	105	T	0	0	105	35
A_PB1	1911	104	A	0	0	104	35
A_PB1	1912	112	G	0	0	112	35
A_PB1	1913	87	A	0	0	87	35
A_PB1	1914	107	G	0	0	107	35
A_PB1	1915	107	T	0	0	107	35
A_PB1	1916	87	C	0	0	87	35
A_PB1	1917	100	T	0	0	100	35
A_PB1	1918	105	G	0	0	105	35
A_PB1	1919	115	T	0	0	115	35
A_PB1	1920	113	G	0	0	113	35
A_PB1	1921	114	A	0	0	114	35
A_PB1	1922	104	A	0	0	104	35
A_PB1	1923	108	C	0	0	108	35
A_PB1	1924	101	A	0	0	101	35
A_PB1	1925	103	A	0	0	103	35
A_PB1	1926	103	C	0	0	103	35
A_PB1	1927	86	G	0	0	86	35
A_PB1	1928	109	C	0	0	109	35
A_PB1	1929	104	T	0	0	104	35
A_PB1	1930	93	G	0	0	93	35
A_PB1	1931	96	T	0	0	96	35
A_PB1	1932	86	G	0	0	86	35
A_PB1	1933	87	G	0	0	87	35
A_PB1	1934	110	T	0	0	110	35
A_PB1	1935	95	G	0	0	95	35
A_PB1	1936	93	A	0	0	93	35
A_PB1	1937	97	T	0	0	97	35
A_PB1	1938	101	G	0	0	101	35
A_PB1	1939	100	C	0	0	100	35
A_PB1	1940	115	C	0	0	115	35
A_PB1	1941	113	A	0	0	113	35
A_PB1	1942	87	G	0	0	87	35
A_PB1	1943	107	C	0	0	107	35
A_PB1	1944	98	T	0	0	98	35
A_PB1	1945	88	C	0	0	88	35
A_PB1	1946	101	A	0	0	101	35
A_PB1	1947	106	T	0	0	106	35
A_PB1	1948	108	G	0	0	108	35
A_PB1	1949	87	G	0	0	87	35
A_PB1	1950	102	C	0	0	102	35
A_PB1	1951	88	C	0	0	88	35
A_PB1	1952	86	C	0	0	86	35
A_PB1	1953	115	G	0	0	115	35
A_PB1	1954	100	G	0	0	100	35
A_PB1	1955	104	C	0	0	104	35
A_PB1	1956	98	C	0	0	98	35
A_PB1	1957	100	A	0	0	100	35
A_PB1	1958	108	A	0	0	108	35
A_PB1	1959	108	G	0	0	108	35
A_PB1	1960	99	A	0	0	99	35
A_PB1	1961	89	G	0	0	89	35
A_PB1	1962	113	C	0	0	113	35
A_PB1	1963	114	A	0	0	114	35
A_PB1	1964	93	T	0	0	93	35
A_PB1	1965	100	G	0	0	100	35
A_PB1	1966	101	G	0	0	101	35
A_PB1	1967	91	A	0	0	91	35
A_PB1	1968	85	A	0	0	85	35
A_PB1	1969	102	T	0	0	102	35
A_PB1	1970	92	A	0	0	92	35
A_PB1	1971	108	T	0	0	108	35
A_PB1	1972	95	G	0	0	95	35
A_PB1	1973	104	A	0	0	104	35
A_PB1	1974	86	T	0	0	86	35
A_PB1	1975	106	G	0	0	106	35
A_PB1	1976	110	C	0	0	110	35
A_PB1	1977	100	T	0	0	100	35
A_PB1	1978	85	G	0	0	85	35
A_PB1	1979	110	T	0	0	110	35
A_PB1	1980	99	T	0	0	99	35
A_PB1	1981	110	G	0	0	110	35
A_PB1	1982	89	C	0	0	89	35
A_PB1	1983	114	C	0	0	114	35
A_PB1	1984	108	A	0	0	108	35
A_PB1	1985	109	C	0	0	109	35
A_PB1	1986	110	C	0	0	110	35
A_PB1	1987	103	A	0	0	103	35
A_PB1	1988	92	C	0	0	92	35
A_PB1	1989	85	T	0	0	85	35
A_PB1	1990	94	C	0	0	94	35
A_PB1	1991	113	A	0	0	113	35
A_PB1	1992	91	C	0	0	91	35
A_PB1	1993	99	T	0	0	99	35
A_PB1	1994	104	C	0	0	104	35
A_PB1	1995	90	C	0	0	90	35
A_PB1	1996	93	T	0	0	93	35
A_PB1	1997	95	G	0	0	95	35
A_PB1	1998	100	G	0	0	100	35
A_PB1	1999	94	A	0	0	94	35
A_PB1	2000	114	T	0	0	114	35
A_PB1	2001	111	A	0	0	111	35
A_PB1	2002	90	C	0	0	90	35
A_PB1	2003	113	C	0	0	113	35
A_PB1	2004	96	G	0	0	96	35
A_PB1	2005	90	A	0	0	90	35
A_PB1	2006	87	A	0	0	87	35
A_PB1	2007	102	G	0	0	102	35
A_PB1	2008	109	A	0	0	109	35
A_PB1	2009	92	G	0	0	92	35
A_PB1	2010	105	G	0	0	105	35
A_PB1	2011	86	A	0	0	86	35
A_PB1	2012	100	A	0	0	100	35
A_PB1	2013	88	C	0	0	88	35
A_PB1	2014	99	C	0	0	99	35
A_PB1	2015	90	G	0	0	90	35
A_PB1	2016	113	C	0	0	113	35
A_PB1	2017	103	T	0	0	103	35
A_PB1	2018	104	C	0	0	104	35
A_PB1	2019	90	C	0	0	90	35
A_PB1	2020	89	A	0	0	89	35
A_PB1	2021	111	T	0	0	111	35
A_PB1	2022	101	T	0	0	101	35
A_PB1	2023	108	C	0	0	108	35
A_PB1	2024	93	T	0	0	93	35
A_PB1	2025	93	C	0	0	93	35
A_PB1	2026	109	A	0	0	109	35
A_PB1	2027	110	A	0	0	110	35
A_PB1	2028	111	T	0	0	111	35
A_PB1	2029	115	A	0	0	115	35
A_PB1	2030	93	C	0	0	93	35
A_PB1	2031	113	A	0	0	113	35
A_PB1	2032	99	A	0	0	99	35
A_PB1	2033	88	G	0	0	88	35
A_PB1	2034	109	C	0	0	109	35
A_PB1	2035	92	C	0	0	92	35
A_PB1	2036	97	A	0	0	97	35
A_PB1	2037	96	A	0	0	96	35
A_PB1	2038	98	A	0	0	98	35
A_PB1	2039	106	G	0	0	106	35
A_PB1	2040	90	G	0	0	90	35
A_PB1	2041	96	G	0	0	96	35
A_PB1	2042	107	G	0	0	107	35
A_PB1	2043	85	A	0	0	85	35
A_PB1	2044	86	A	0	0	86	35
A_PB1	2045	106	T	0	0	106	35
A_PB1	2046	103	C	0	0	103	35
A_PB1	2047	109	C	0	0	109	35
A_PB1	2048	93	T	0	0	93	35
A_PB1	2049	94	T	0	0	94	35
A_PB1	2050	106	G	0	0	106	35
A_PB1	2051	90	A	0	0	90	35
A_PB1	2052	98	A	0	0	98	35
A_PB1	2053	103	G	0	0	103	35
A_PB1	2054	88	A	0	0	88	35
A_PB1	2055	107	C	0	0	107	35
A_PB1	2056	92	G	0	0	92	35
A_PB1	2057	99	A	0	0	99	35
A_PB1	2058	96	A	0	0	96	35
A_PB1	2059	95	C	0	0	95	35
A_PB1	2060	103	A	0	0	103	35
A_PB1	2061	104	G	0	0	104	35
A_PB1	2062	112	A	0	0	112	35
A_PB1	2063	100	T	0	0	100	35
A_PB1	2064	105	G	0	0	105	35
A_PB1	2065	86	T	0	0	86	35
A_PB1	2066	96	A	0	0	96	35
A_PB1	2067	98	T	0	0	98	35
A_PB1	2068	98	C	0	0	98	35
A_PB1	2069	108	A	0	0	108	35
A_PB1	2070	95	A	0	0	95	35
A_PB1	2071	96	A	0	0	96	35
A_PB1	2072	103	A	0	0	103	35
A_PB1	2073	100	G	0	0	100	35
A_PB1	2074	112	T	0	0	112	35
A_PB1	2075	108	G	0	0	108	35
A_PB1	2076	115	C	0	0	115	35
A_PB1	2077	113	T	0	0	113	35
A_PB1	2078	109	G	0	0	109	35
A_PB1	2079	97	C	0	0	97	35
A_PB1	2080	100	A	0	0	100	35
A_PB1	2081	110	A	0	0	110	35
A_PB1	2082	106	C	0	0	106	35
A_PB1	2083	105	C	0	0	105	35
A_PB1	2084	101	T	0	0	101	35
A_PB1	2085	99	G	0	0	99	35
A_PB1	2086	100	T	0	0	100	35
A_PB1	2087	96	T	0	0	96	35
A_PB1	2088	94	C	0	0	94	35
A_PB1	2089	107	G	0	0	107	35
A_PB1	2090	107	A	0	0	107	35
A_PB1	2091	104	A	0	0	104	35
A_PB1	2092	105	A	0	0	105	35
A_PB1	2093	103	A	0	0	103	35
A_PB1	2094	96	A	0	0	96	35
A_PB1	2095	105	T	0	0	105	35
A_PB1	2096	101	T	0	0	101	35
A_PB1	2097	94	C	0	0	94	35
A_PB1	2098	85	T	0	0	85	35
A_PB1	2099	111	T	0	0	111	35
A_PB1	2100	103	C	0	0	103	35
A_PB1	2101	91	C	0	0	91	35
A_PB1	2102	109	C	0	0	109	35
A_PB1	2103	87	T	0	0	87	35
A_PB1	2104	99	A	0	0	99	35
A_PB1	2105	110	G	0	0	110	35
A_PB1	2106	111	C	0	0	111	35
A_PB1	2107	91	A	0	0	91	35
A_PB1	2108	101	G	0	0	101	35
A_PB1	2109	108	T	0	0	108	35
A_PB1	2110	98	T	0	0	98	35
A_PB1	2111	104	C	0	0	104	35
A_PB1	2112	86	A	0	0	86	35
A_PB1	2113	95	T	0	0	95	35
A_PB1	2114	90	A	0	0	90	35
A_PB1	2115	112	C	0	0	112	35
A_PB1	2116	111	A	0	0	111	35
A_PB1	2117	111	G	0	0	111	35
A_PB1	2118	97	G	0	0	97	35
A_PB1	2119	109	A	0	0	109	35
A_PB1	2120	102	G	0	0	102	35
A_PB1	2121	108	G	0	0	108	35
A_PB1	2122	111	C	0	0	111	35
A_PB1	2123	98	C	0	0	98	35
A_PB1	2124	103	A	0	0	103	35
A_PB1	2125	96	G	0	0	96	35
A_PB1	2126	101	T	0	0	101	35
A_PB1	2127	109	T	0	0	109	35
A_PB1	2128	102	G	0	0	102	35
A_PB1	2129	90	G	0	0	90	35
A_PB1	2130	113	A	0	0	113	35
A_PB1	2131	87	A	0	0	87	35
A_PB1	2132	98	T	0	0	98	35
A_PB1	2133	93	T	0	0	93	35
A_PB1	2134	98	T	0	0	98	35
A_PB1	2135	109	C	0	0	109	35
A_PB1	2136	103	C	0	0	103	35
A_PB1	2137	108	A	0	0	108	35
A_PB1	2138	110	G	0	0	110	35
A_PB1	2139	93	C	0	0	93	35
A_PB1	2140	86	A	0	0	86	35
A_PB1	2141	105	T	0	0	105	35
A_PB1	2142	111	G	0	0	111	35
A_PB1	2143	112	G	0	0	112	35
A_PB1	2144	90	T	0	0	90	35
A_PB1	2145	94	G	0	0	94	35
A_PB1	2146	85	G	0	0	85	35
A_PB1	2147	86	A	0	0	86	35
A_PB1	2148	107	G	0	0	107	35
A_PB1	2149	112	G	0	0	112	35
A_PB1	2150	93	C	0	0	93	35
A_PB1	2151	110	C	0	0	110	35
A_PB1	2152	102	A	0	0	102	35
A_PB1	2153	106	T	0	0	106	35
A_PB1	2154	111	G	0	0	111	35
A_PB1	2155	97	G	0	0	97	35
A_PB1	2156	110	T	0	0	110	35
A_PB1	2157	89	T	0	0	89	35
A_PB1	2158	88	T	0	0	88	35
A_PB1	2159	89	C	0	0	89	35
A_PB1	2160	91	T	0	0	91	35
A_PB1	2161	91	A	0	0	91	35
A_PB1	2162	87	G	0	0	87	35
A_PB1	2163	91	G	0	0	91	35
A_PB1	2164	94	G	0	0	94	35
A_PB1	2165	89	C	0	0	89	35
A_PB1	2166	87	C	0	0	87	35
A_PB1	2167	89	C	0	0	89	35
A_PB1	2168	115	G	0	0	115	35
A_PB1	2169	101	A	0	0	101	35
A_PB1	2170	106	A	0	0	106	35
A_PB1	2171	114	T	0	0	114	35
A_PB1	2172	108	T	0	0	108	35
A_PB1	2173	94	G	0	0	94	35
A_PB1	2174	100	A	0	0	100	35
A_PB1	2175	100	C	0	0	100	35
A_PB1	2176	97	G	0	0	97	35
A_PB1	2177	97	C	0	0	97	35
A_PB1	2178	94	A	0	0	94	35
A_PB1	2179	90	C	0	0	90	35
A_PB1	2180	106	G	0	0	106	35
A_PB1	2181	93	A	0	0	93	35
A_PB1	2182	108	A	0	0	108	35
A_PB1	2183	92	T	0	0	92	35
A_PB1	2184	113	T	0	0	113	35
A_PB1	2185	99	G	0	0	99	35
A_PB1	2186	109	A	0	0	109	35
A_PB1	2187	98	C	0	0	98	35
A_PB1	2188	104	T	0	0	104	35
A_PB1	2189	91	T	0	0	91	35
A_PB1	2190	99	C	0	0	99	35
A_PB1	2191	100	G	0	0	100	35
A_PB1	2192	111	A	0	0	111	35
A_PB1	2193	87	A	0	0	87	35
A_PB1	2194	112	T	0	0	112	35
A_PB1	2195	90	C	0	0	90	35
A_PB1	2196	91	T	0	0	91	35
A_PB1	2197	86	G	0	0	86	35
A_PB1	2198	107	G	0	0	107	35
A_PB1	2199	97	A	0	0	97	35
A_PB1	2200	86	C	0	0	86	35
A_PB1	2201	111	G	0	0	111	35
A_PB1	2202	101	G	0	0	101	35
A_PB1	2203	101	A	0	0	101	35
A_PB1	2204	101	T	0	0	101	35
A_PB1	2205	113	T	0	0	113	35
A_PB1	2206	107	A	0	0	107	35
A_PB1	2207	91	A	0	0	91	35
A_PB1	2208	106	G	0	0	106	35
A_PB1	2209	104	A	0	0	104	35
A_PB1	2210	85	A	0	0	85	35
A_PB1	2211	115	G	0	0	115	35
A_PB1	2212	105	G	0	0	105	35
A_PB1	2213	93	A	0	0	93	35
A_PB1	2214	98	G	0	0	98	35
A_PB1	2215	94	G	0	0	94	35
A_PB1	2216	96	A	0	0	96	35
A_PB1	2217	90	G	0	0	90	35
A_PB1	2218	114	T	0	0	114	35
A_PB1	2219	109	T	0	0	109	35
A_PB1	2220	91	T	0	0	91	35
A_PB1	2221	93	G	0	0	93	35
A_PB1	2222	91	C	0	0	91	35
A_PB1	2223	94	T	0	0	94	35
A_PB1	2224	90	G	0	0	90	35
A_PB1	2225	112	A	0	0	112	35
A_PB1	2226	111	G	0	0	111	35
A_PB1	2227	97	A	0	0	97	35
A_PB1	2228	113	T	0	0	113	35
A_PB1	2229	106	C	0	0	106	35
A_PB1	2230	91	A	0	0	91	35
A_PB1	2231	110	T	0	0	110	35
A_PB1	2232	91	G	0	0	91	35
A_PB1	2233	113	A	0	0	113	35
A_PB1	2234	96	A	0	0	96	35
A_PB1	2235	115	G	0	0	115	35
A_PB1	2236	92	A	0	0	92	35
A_PB1	2237	89	T	0	0	89	35
A_PB1	2238	96	C	0	0	96	35
A_PB1	2239	99	T	0	0	99	35
A_PB1	2240	98	G	0	0	98	35
A_PB1	2241	106	T	0	0	106	35
A_PB1	2242	107	T	0	0	107	35
A_PB1	2243	105	C	0	0	105	35
A_PB1	2244	101	C	0	0	101	35
A_PB1	2245	95	A	0	0	95	35
A_PB1	2246	107	C	0	0	107	35
A_PB1	2247	110	C	0	0	110	35
A_PB1	2248	88	A	0	0	88	35
A_PB1	2249	87	T	0	0	87	35
A_PB1	2250	95	T	0	0	95	35
A_PB1	2251	108	G	0	0	108	35
A_PB1	2252	113	A	0	0	113	35
A_PB1	2253	114	A	0	0	114	35
A_PB1	2254	87	G	0	0	87	35
A_PB1	2255	85	A	0	0	85	35
A_PB1	2256	99	G	0	0	99	35
A_PB1	2257	92	C	0	0	92	35
A_PB1	2258	97	T	0	0	97	35
A_PB1	2259	111	C	0	0	111	35
A_PB1	2260	115	A	0	0	115	35
A_PB1	2261	86	G	0	0	86	35
A_PB1	2262	114	A	0	0	114	35
A_PB1	2263	109	C	0	0	109	35
A_PB1	2264	92	G	0	0	92	35
A_PB1	2265	103	G	0	0	103	35
A_PB1	2266	105	C	0	0	105	35
A_PB1	2267	110	A	0	0	110	35
A_PB1	2268	98	G	0	0	98	35
A_PB1	2269	93	A	0	0	93	35
A_PB1	2270	90	A	0	0	90	35
A_PB1	2271	94	A	0	0	94	35
A_PB1	2272	98	T	0	0	98	35
A_PB1	2273	111	A	0	0	111	35
A_PB1	2274	100	G	0	0	100	35
