Reference_Name	Position	Coverage Depth	Consensus	Deletions	Ambiguous	Consensus_Count	Consensus_Average_Quality
A_PB2	1	92	A	0	0	92	35
A_PB2	2	86	T	0	0	86	35
A_PB2	3	107	G	0	0	107	35
A_PB2	4	113	G	0	0	113	35
A_PB2	5	109	A	0	0	109	35
A_PB2	6	95	A	0	0	95	35
A_PB2	7	85	A	0	0	85	35
A_PB2	8	94	G	0	0	94	35
A_PB2	9	106	A	0	0	106	35
A_PB2	10	114	A	0	0	114	35
A_PB2	11	91	T	0	0	91	35
A_PB2	12	87	A	0	0	87	35
A_PB2	13	114	A	0	0	114	35
A_PB2	14	113	A	0	0	113	35
A_PB2	15	100	A	0	0	100	35
A_PB2	16	104	G	0	0	104	35
A_PB2	17	104	A	0	0	104	35
A_PB2	18	114	A	0	0	114	35
A_PB2	19	106	C	0	0	106	35
A_PB2	20	110	T	0	0	110	35
A_PB2	21	96	A	0	0	96	35
A_PB2	22	89	A	0	0	89	35
A_PB2	23	112	G	0	0	112	35
A_PB2	24	97	A	0	0	97	35
A_PB2	25	98	G	0	0	98	35
A_PB2	26	106	A	0	0	106	35
A_PB2	27	115	T	0	0	115	35
A_PB2	28	97	C	0	0	97	35
A_PB2	29	85	T	0	0	85	35
A_PB2	30	85	A	0	0	85	35
A_PB2	31	108	A	0	0	108	35
A_PB2	32	102	T	0	0	102	35
A_PB2	33	100	G	0	0	100	35
A_PB2	34	92	T	0	0	92	35
A_PB2	35	103	C	0	0	103	35
A_PB2	36	101	A	0	0	101	35
A_PB2	37	85	C	0	0	85	35
A_PB2	38	94	A	0	0	94	35
A_PB2	39	100	G	0	0	100	35
A_PB2	40	115	T	0	0	115	35
A_PB2	41	115	C	0	0	115	35
A_PB2	42	92	T	0	0	92	35
A_PB2	43	99	C	0	0	99	35
A_PB2	44	94	G	0	0	94	35
A_PB2	45	109	C	0	0	109	35
A_PB2	46	101	A	0	0	101	35
A_PB2	47	108	C	0	0	108	35
A_PB2	48	89	T	0	0	89	35
A_PB2	49	86	C	0	0	86	35
A_PB2	50	107	G	0	0	107	35
A_PB2	51	85	C	0	0	85	35
A_PB2	52	114	G	0	0	114	35
A_PB2	53	103	A	0	0	103	35
A_PB2	54	90	G	0	0	90	35
A_PB2	55	101	A	0	0	101	35
A_PB2	56	103	T	0	0	103	35
A_PB2	57	96	A	0	0	96	35
A_PB2	58	107	C	0	0	107	35
A_PB2	59	87	T	0	0	87	35
A_PB2	60	110	G	0	0	110	35
A_PB2	61	104	A	0	0	104	35
A_PB2	62	114	C	0	0	114	35
A_PB2	63	91	C	0	0	91	35
A_PB2	64	96	A	0	0	96	35
A_PB2	65	96	A	0	0	96	35
A_PB2	66	94	A	0	0	94	35
A_PB2	67	110	A	0	0	110	35
A_PB2	68	115	C	0	0	115	35
A_PB2	69	86	C	0	0	86	35
A_PB2	70	96	A	0	0	96	35
A_PB2	71	108	C	0	0	108	35
A_PB2	72	108	T	0	0	108	35
A_PB2	73	85	G	0	0	85	35
A_PB2	74	114	T	0	0	114	35
A_PB2	75	102	T	0	0	102	35
A_PB2	76	105	G	0	0	105	35
A_PB2	77	109	A	0	0	109	35
A_PB2	78	85	C	0	0	85	35
A_PB2	79	108	C	0	0	108	35
A_PB2	80	113	A	0	0	113	35
A_PB2	81	98	C	0	0	98	35
A_PB2	82	98	A	0	0	98	35
A_PB2	83	111	T	0	0	111	35
A_PB2	84	109	G	0	0	109	35
A_PB2	85	92	G	0	0	92	35
A_PB2	86	86	C	0	0	86	35
A_PB2	87	115	C	0	0	115	35
A_PB2	88	92	A	0	0	92	35
A_PB2	89	91	T	0	0	91	35
A_PB2	90	113	A	0	0	113	35
A_PB2	91	92	A	0	0	92	35
A_PB2	92	90	T	0	0	90	35
A_PB2	93	86	C	0	0	86	35
A_PB2	94	114	A	0	0	114	35
A_PB2	95	101	A	0	0	101	35
A_PB2	96	86	A	0	0	86	35
A_PB2	97	99	A	0	0	99	35
A_PB2	98	108	A	0	0	108	35
A_PB2	99	113	G	0	0	113	35
A_PB2	100	115	T	0	0	115	35
A_PB2	101	92	A	0	0	92	35
A_PB2	102	114	C	0	0	114	35
A_PB2	103	107	A	0	0	107	35
A_PB2	104	92	C	0	0	92	35
A_PB2	105	93	A	0	0	93	35
A_PB2	106	107	T	0	0	107	35
A_PB2	107	105	C	0	0	105	35
A_PB2	108	112	G	0	0	112	35
A_PB2	109	94	G	0	0	94	35
A_PB2	110	100	G	0	0	100	35
A_PB2	111	86	A	0	0	86	35
A_PB2	112	113	A	0	0	113	35
A_PB2	113	86	G	0	0	86	35
A_PB2	114	86	G	0	0	86	35
A_PB2	115	109	C	0	0	109	35
A_PB2	116	110	A	0	0	110	35
A_PB2	117	109	A	0	0	109	35
A_PB2	118	96	G	0	0	96	35
A_PB2	119	105	A	0	0	105	35
A_PB2	120	98	G	0	0	98	35
A_PB2	121	98	A	0	0	98	35
A_PB2	122	91	A	0	0	91	35
A_PB2	123	112	G	0	0	112	35
A_PB2	124	103	A	0	0	103	35
A_PB2	125	110	A	0	0	110	35
A_PB2	126	105	C	0	0	105	35
A_PB2	127	89	C	0	0	89	35
A_PB2	128	100	C	0	0	100	35
A_PB2	129	105	C	0	0	105	35
A_PB2	130	111	G	0	0	111	35
A_PB2	131	104	C	0	0	104	35
A_PB2	132	113	A	0	0	113	35
A_PB2	133	92	C	0	0	92	35
A_PB2	134	113	T	0	0	113	35
A_PB2	135	93	C	0	0	93	35
A_PB2	136	88	A	0	0	88	35
A_PB2	137	85	G	0	0	85	35
A_PB2	138	95	A	0	0	95	35
A_PB2	139	96	A	0	0	96	35
A_PB2	140	99	T	0	0	99	35
A_PB2	141	101	G	0	0	101	35
A_PB2	142	89	A	0	0	89	35
A_PB2	143	110	A	0	0	110	35
A_PB2	144	97	A	0	0	97	35
A_PB2	145	103	T	0	0	103	35
A_PB2	146	106	G	0	0	106	35
A_PB2	147	115	G	0	0	115	35
A_PB2	148	101	A	0	0	101	35
A_PB2	149	108	T	0	0	108	35
A_PB2	150	100	G	0	0	100	35
A_PB2	151	101	A	0	0	101	35
A_PB2	152	103	T	0	0	103	35
A_PB2	153	115	G	0	0	115	35
A_PB2	154	103	G	0	0	103	35
A_PB2	155	96	C	0	0	96	35
A_PB2	156	107	A	0	0	107	35
A_PB2	157	106	A	0	0	106	35
A_PB2	158	112	T	0	0	112	35
A_PB2	159	86	G	0	0	86	35
A_PB2	160	89	A	0	0	89	35
A_PB2	161	87	A	0	0	87	35
A_PB2	162	103	A	0	0	103	35
A_PB2	163	112	T	0	0	112	35
A_PB2	164	94	A	0	0	94	35
A_PB2	165	104	T	0	0	104	35
A_PB2	166	88	C	0	0	88	35
A_PB2	167	113	C	0	0	113	35
A_PB2	168	96	A	0	0	96	35
A_PB2	169	114	A	0	0	114	35
A_PB2	170	96	T	0	0	96	35
A_PB2	171	101	T	0	0	101	35
A_PB2	172	93	A	0	0	93	35
A_PB2	173	107	C	0	0	107	35
A_PB2	174	90	A	0	0	90	35
A_PB2	175	88	G	0	0	88	35
A_PB2	176	86	C	0	0	86	35
A_PB2	177	86	A	0	0	86	35
A_PB2	178	108	G	0	0	108	35
A_PB2	179	92	A	0	0	92	35
A_PB2	180	103	T	0	0	103	35
A_PB2	181	93	A	0	0	93	35
A_PB2	182	89	A	0	0	89	35
A_PB2	183	101	G	0	0	101	35
A_PB2	184	100	C	0	0	100	35
A_PB2	185	105	G	0	0	105	35
A_PB2	186	99	A	0	0	99	35
A_PB2	187	115	A	0	0	115	35
A_PB2	188	98	T	0	0	98	35
A_PB2	189	100	A	0	0	100	35
A_PB2	190	87	A	0	0	87	35
A_PB2	191	86	T	0	0	86	35
A_PB2	192	102	G	0	0	102	35
A_PB2	193	103	G	0	0	103	35
A_PB2	194	106	A	0	0	106	35
A_PB2	195	104	A	0	0	104	35
A_PB2	196	113	A	0	0	113	35
A_PB2	197	100	T	0	0	100	35
A_PB2	198	88	G	0	0	88	35
A_PB2	199	85	A	0	0	85	35
A_PB2	200	89	T	0	0	89	35
A_PB2	201	98	C	0	0	98	35
A_PB2	202	112	C	0	0	112	35
A_PB2	203	108	C	0	0	108	35
A_PB2	204	111	T	0	0	111	35
A_PB2	205	86	G	0	0	86	35
A_PB2	206	108	A	0	0	108	35
A_PB2	207	92	G	0	0	92	35
A_PB2	208	98	A	0	0	98	35
A_PB2	209	115	G	0	0	115	35
A_PB2	210	111	G	0	0	111	35
A_PB2	211	111	A	0	0	111	35
A_PB2	212	104	A	0	0	104	35
A_PB2	213	111	T	0	0	111	35
A_PB2	214	106	G	0	0	106	35
A_PB2	215	96	A	0	0	96	35
A_PB2	216	92	A	0	0	92	35
A_PB2	217	113	C	0	0	113	35
A_PB2	218	112	A	0	0	112	35
A_PB2	219	115	A	0	0	115	35
A_PB2	220	100	G	0	0	100	35
A_PB2	221	100	G	0	0	100	35
A_PB2	222	108	G	0	0	108	35
A_PB2	223	95	C	0	0	95	35
A_PB2	224	98	A	0	0	98	35
A_PB2	225	104	A	0	0	104	35
A_PB2	226	109	A	0	0	109	35
A_PB2	227	92	C	0	0	92	35
A_PB2	228	86	T	0	0	86	35
A_PB2	229	104	C	0	0	104	35
A_PB2	230	100	T	0	0	100	35
A_PB2	231	108	C	0	0	108	35
A_PB2	232	109	T	0	0	109	35
A_PB2	233	90	G	0	0	90	35
A_PB2	234	96	G	0	0	96	35
A_PB2	235	93	A	0	0	93	35
A_PB2	236	90	G	0	0	90	35
A_PB2	237	91	C	0	0	91	35
A_PB2	238	87	A	0	0	87	35
A_PB2	239	92	A	0	0	92	35
A_PB2	240	100	A	0	0	100	35
A_PB2	241	91	A	0	0	91	35
A_PB2	242	104	C	0	0	104	35
A_PB2	243	99	A	0	0	99	35
A_PB2	244	95	A	0	0	95	35
A_PB2	245	89	A	0	0	89	35
A_PB2	246	112	C	0	0	112	35
A_PB2	247	95	G	0	0	95	35
A_PB2	248	93	A	0	0	93	35
A_PB2	249	106	T	0	0	106	35
A_PB2	250	113	G	0	0	113	35
A_PB2	251	107	C	0	0	107	35
A_PB2	252	87	C	0	0	87	35
A_PB2	253	95	G	0	0	95	35
A_PB2	254	114	G	0	0	114	35
A_PB2	255	103	A	0	0	103	35
A_PB2	256	88	T	0	0	88	35
A_PB2	257	110	C	0	0	110	35
A_PB2	258	102	A	0	0	102	35
A_PB2	259	91	G	0	0	91	35
A_PB2	260	92	A	0	0	92	35
A_PB2	261	85	C	0	0	85	35
A_PB2	262	109	C	0	0	109	35
A_PB2	263	101	G	0	0	101	35
A_PB2	264	89	A	0	0	89	35
A_PB2	265	85	G	0	0	85	35
A_PB2	266	89	T	0	0	89	35
A_PB2	267	94	G	0	0	94	35
A_PB2	268	96	A	0	0	96	35
A_PB2	269	91	T	0	0	91	35
A_PB2	270	104	G	0	0	104	35
A_PB2	271	100	G	0	0	100	35
A_PB2	272	103	T	0	0	103	35
A_PB2	273	108	A	0	0	108	35
A_PB2	274	88	T	0	0	88	35
A_PB2	275	115	C	0	0	115	35
A_PB2	276	101	A	0	0	101	35
A_PB2	277	114	C	0	0	114	35
A_PB2	278	96	C	0	0	96	35
A_PB2	279	111	C	0	0	111	35
A_PB2	280	113	C	0	0	113	35
A_PB2	281	99	T	0	0	99	35
A_PB2	282	89	G	0	0	89	35
A_PB2	283	114	G	0	0	114	35
A_PB2	284	95	C	0	0	95	35
A_PB2	285	86	T	0	0	86	35
A_PB2	286	99	G	0	0	99	35
A_PB2	287	111	T	0	0	111	35
A_PB2	288	96	G	0	0	96	35
A_PB2	289	94	A	0	0	94	35
A_PB2	290	95	C	0	0	95	35
A_PB2	291	110	A	0	0	110	35
A_PB2	292	96	T	0	0	96	35
A_PB2	293	91	G	0	0	91	35
A_PB2	294	98	G	0	0	98	35
A_PB2	295	110	T	0	0	110	35
A_PB2	296	105	G	0	0	105	35
A_PB2	297	99	G	0	0	99	35
A_PB2	298	105	A	0	0	105	35
A_PB2	299	87	A	0	0	87	35
A_PB2	300	103	C	0	0	103	35
A_PB2	301	85	A	0	0	85	35
A_PB2	302	89	G	0	0	89	35
A_PB2	303	90	G	0	0	90	35
A_PB2	304	110	A	0	0	110	35
A_PB2	305	93	A	0	0	93	35
A_PB2	306	89	C	0	0	89	35
A_PB2	307	89	G	0	0	89	35
A_PB2	308	101	G	0	0	101	35
A_PB2	309	93	A	0	0	93	35
A_PB2	310	86	C	0	0	86	35
A_PB2	311	105	C	0	0	105	35
A_PB2	312	104	A	0	0	104	35
A_PB2	313	88	A	0	0	88	35
A_PB2	314	87	C	0	0	87	35
A_PB2	315	90	A	0	0	90	35
A_PB2	316	96	A	0	0	96	35
A_PB2	317	115	C	0	0	115	35
A_PB2	318	99	A	0	0	99	35
A_PB2	319	85	A	0	0	85	35
A_PB2	320	86	G	0	0	86	35
A_PB2	321	112	T	0	0	112	35
A_PB2	322	103	A	0	0	103	35
A_PB2	323	113	C	0	0	113	35
A_PB2	324	102	A	0	0	102	35
A_PB2	325	109	G	0	0	109	35
A_PB2	326	111	T	0	0	111	35
A_PB2	327	94	C	0	0	94	35
A_PB2	328	112	C	0	0	112	35
A_PB2	329	103	A	0	0	103	35
A_PB2	330	89	C	0	0	89	35
A_PB2	331	94	T	0	0	94	35
A_PB2	332	97	A	0	0	97	35
A_PB2	333	97	C	0	0	97	35
A_PB2	334	108	C	0	0	108	35
A_PB2	335	97	C	0	0	97	35
A_PB2	336	95	A	0	0	95	35
A_PB2	337	101	A	0	0	101	35
A_PB2	338	113	A	0	0	113	35
A_PB2	339	97	G	0	0	97	35
A_PB2	340	109	G	0	0	109	35
A_PB2	341	109	T	0	0	109	35
A_PB2	342	102	A	0	0	102	35
A_PB2	343	105	T	0	0	105	35
A_PB2	344	108	A	0	0	108	35
A_PB2	345	96	T	0	0	96	35
A_PB2	346	100	A	0	0	100	35
A_PB2	347	102	A	0	0	102	35
A_PB2	348	115	A	0	0	115	35
A_PB2	349	112	A	0	0	112	35
A_PB2	350	113	C	0	0	113	35
A_PB2	351	99	T	0	0	99	35
A_PB2	352	101	T	0	0	101	35
A_PB2	353	104	A	0	0	104	35
A_PB2	354	106	T	0	0	106	35
A_PB2	355	87	T	0	0	87	35
A_PB2	356	105	T	0	0	105	35
A_PB2	357	98	C	0	0	98	35
A_PB2	358	93	G	0	0	93	35
A_PB2	359	101	A	0	0	101	35
A_PB2	360	95	A	0	0	95	35
A_PB2	361	111	A	0	0	111	35
A_PB2	362	96	A	0	0	96	35
A_PB2	363	109	A	0	0	109	35
A_PB2	364	97	G	0	0	97	35
A_PB2	365	113	T	0	0	113	35
A_PB2	366	102	T	0	0	102	35
A_PB2	367	100	G	0	0	100	35
A_PB2	368	90	A	0	0	90	35
A_PB2	369	109	A	0	0	109	35
A_PB2	370	106	A	0	0	106	35
A_PB2	371	106	G	0	0	106	35
A_PB2	372	85	G	0	0	85	35
A_PB2	373	110	T	0	0	110	35
A_PB2	374	90	T	0	0	90	35
A_PB2	375	105	G	0	0	105	35
A_PB2	376	87	A	0	0	87	35
A_PB2	377	86	A	0	0	86	35
A_PB2	378	109	A	0	0	109	35
A_PB2	379	111	C	0	0	111	35
A_PB2	380	91	A	0	0	91	35
A_PB2	381	93	C	0	0	93	35
A_PB2	382	110	G	0	0	110	35
A_PB2	383	100	G	0	0	100	35
A_PB2	384	101	G	0	0	101	35
A_PB2	385	110	A	0	0	110	35
A_PB2	386	115	C	0	0	115	35
A_PB2	387	104	C	0	0	104	35
A_PB2	388	113	T	0	0	113	35
A_PB2	389	114	T	0	0	114	35
A_PB2	390	113	T	0	0	113	35
A_PB2	391	113	G	0	0	113	35
A_PB2	392	108	G	0	0	108	35
A_PB2	393	108	C	0	0	108	35
A_PB2	394	115	C	0	0	115	35
A_PB2	395	113	C	0	0	113	35
A_PB2	396	99	T	0	0	99	35
A_PB2	397	85	G	0	0	85	35
A_PB2	398	114	T	0	0	114	35
A_PB2	399	114	G	0	0	114	35
A_PB2	400	97	C	0	0	97	35
A_PB2	401	86	A	0	0	86	35
A_PB2	402	105	C	0	0	105	35
A_PB2	403	99	T	0	0	99	35
A_PB2	404	86	T	0	0	86	35
A_PB2	405	115	C	0	0	115	35
A_PB2	406	109	A	0	0	109	35
A_PB2	407	101	G	0	0	101	35
A_PB2	408	109	A	0	0	109	35
A_PB2	409	105	A	0	0	105	35
A_PB2	410	95	A	0	0	95	35
A_PB2	411	93	C	0	0	93	35
A_PB2	412	94	C	0	0	94	35
A_PB2	413	107	A	0	0	107	35
A_PB2	414	104	A	0	0	104	35
A_PB2	415	90	G	0	0	90	35
A_PB2	416	115	T	0	0	115	35
A_PB2	417	104	T	0	0	104	35
A_PB2	418	88	A	0	0	88	35
A_PB2	419	97	A	0	0	97	35
A_PB2	420	107	G	0	0	107	35
A_PB2	421	113	A	0	0	113	35
A_PB2	422	100	T	0	0	100	35
A_PB2	423	99	A	0	0	99	35
A_PB2	424	104	A	0	0	104	35
A_PB2	425	94	G	0	0	94	35
A_PB2	426	115	A	0	0	115	35
A_PB2	427	96	C	0	0	96	35
A_PB2	428	107	G	0	0	107	35
A_PB2	429	93	G	0	0	93	35
A_PB2	430	114	A	0	0	114	35
A_PB2	431	86	G	0	0	86	35
A_PB2	432	87	G	0	0	87	35
A_PB2	433	100	G	0	0	100	35
A_PB2	434	115	T	0	0	115	35
A_PB2	435	112	C	0	0	112	35
A_PB2	436	104	G	0	0	104	35
A_PB2	437	97	A	0	0	97	35
A_PB2	438	98	T	0	0	98	35
A_PB2	439	100	A	0	0	100	35
A_PB2	440	115	T	0	0	115	35
A_PB2	441	90	A	0	0	90	35
A_PB2	442	103	A	0	0	103	35
A_PB2	443	102	A	0	0	102	35
A_PB2	444	96	C	0	0	96	35
A_PB2	445	89	C	0	0	89	35
A_PB2	446	106	C	0	0	106	35
A_PB2	447	114	G	0	0	114	35
A_PB2	448	95	G	0	0	95	35
A_PB2	449	99	G	0	0	99	35
A_PB2	450	87	C	0	0	87	35
A_PB2	451	108	C	0	0	108	35
A_PB2	452	113	A	0	0	113	35
A_PB2	453	111	T	0	0	111	35
A_PB2	454	106	G	0	0	106	35
A_PB2	455	108	C	0	0	108	35
A_PB2	456	114	T	0	0	114	35
A_PB2	457	97	G	0	0	97	35
A_PB2	458	114	A	0	0	114	35
A_PB2	459	109	C	0	0	109	35
A_PB2	460	91	C	0	0	91	35
A_PB2	461	107	T	0	0	107	35
A_PB2	462	94	C	0	0	94	35
A_PB2	463	106	A	0	0	106	35
A_PB2	464	90	G	0	0	90	35
A_PB2	465	93	T	0	0	93	35
A_PB2	466	107	G	0	0	107	35
A_PB2	467	107	C	0	0	107	35
A_PB2	468	113	C	0	0	113	35
A_PB2	469	114	A	0	0	114	35
A_PB2	470	112	A	0	0	112	35
A_PB2	471	100	A	0	0	100	35
A_PB2	472	94	G	0	0	94	35
A_PB2	473	103	A	0	0	103	35
A_PB2	474	103	G	0	0	103	35
A_PB2	475	108	G	0	0	108	35
A_PB2	476	104	C	0	0	104	35
A_PB2	477	109	G	0	0	109	35
A_PB2	478	94	C	0	0	94	35
A_PB2	479	86	A	0	0	86	35
A_PB2	480	104	G	0	0	104	35
A_PB2	481	115	G	0	0	115	35
A_PB2	482	113	A	0	0	113	35
A_PB2	483	113	T	0	0	113	35
A_PB2	484	95	G	0	0	95	35
A_PB2	485	106	T	0	0	106	35
A_PB2	486	104	A	0	0	104	35
A_PB2	487	100	A	0	0	100	35
A_PB2	488	104	T	0	0	104	35
A_PB2	489	108	C	0	0	108	35
A_PB2	490	105	A	0	0	105	35
A_PB2	491	89	T	0	0	89	35
A_PB2	492	109	G	0	0	109	35
A_PB2	493	108	G	0	0	108	35
A_PB2	494	99	A	0	0	99	35
A_PB2	495	97	A	0	0	97	35
A_PB2	496	99	G	0	0	99	35
A_PB2	497	96	T	0	0	96	35
A_PB2	498	112	C	0	0	112	35
A_PB2	499	89	G	0	0	89	35
A_PB2	500	112	T	0	0	112	35
A_PB2	501	101	C	0	0	101	35
A_PB2	502	86	T	0	0	86	35
A_PB2	503	102	T	0	0	102	35
A_PB2	504	102	C	0	0	102	35
A_PB2	505	100	C	0	0	100	35
A_PB2	506	86	C	0	0	86	35
A_PB2	507	86	A	0	0	86	35
A_PB2	508	113	A	0	0	113	35
A_PB2	509	107	A	0	0	107	35
A_PB2	510	102	T	0	0	102	35
A_PB2	511	87	G	0	0	87	35
A_PB2	512	94	A	0	0	94	35
A_PB2	513	106	A	0	0	106	35
A_PB2	514	93	G	0	0	93	35
A_PB2	515	98	T	0	0	98	35
A_PB2	516	103	G	0	0	103	35
A_PB2	517	94	G	0	0	94	35
A_PB2	518	113	G	0	0	113	35
A_PB2	519	109	A	0	0	109	35
A_PB2	520	98	G	0	0	98	35
A_PB2	521	104	C	0	0	104	35
A_PB2	522	99	A	0	0	99	35
A_PB2	523	104	A	0	0	104	35
A_PB2	524	103	G	0	0	103	35
A_PB2	525	85	G	0	0	85	35
A_PB2	526	111	A	0	0	111	35
A_PB2	527	100	T	0	0	100	35
A_PB2	528	92	A	0	0	92	35
A_PB2	529	91	T	0	0	91	35
A_PB2	530	89	T	0	0	89	35
A_PB2	531	86	G	0	0	86	35
A_PB2	532	93	A	0	0	93	35
A_PB2	533	112	C	0	0	112	35
A_PB2	534	107	G	0	0	107	35
A_PB2	535	107	T	0	0	107	35
A_PB2	536	110	C	0	0	110	35
A_PB2	537	90	G	0	0	90	35
A_PB2	538	93	G	0	0	93	35
A_PB2	539	113	A	0	0	113	35
A_PB2	540	90	G	0	0	90	35
A_PB2	541	110	T	0	0	110	35
A_PB2	542	94	C	0	0	94	35
A_PB2	543	112	A	0	0	112	35
A_PB2	544	113	C	0	0	113	35
A_PB2	545	97	A	0	0	97	35
A_PB2	546	92	A	0	0	92	35
A_PB2	547	101	C	0	0	101	35
A_PB2	548	110	T	0	0	110	35
A_PB2	549	99	G	0	0	99	35
A_PB2	550	104	A	0	0	104	35
A_PB2	551	88	C	0	0	88	35
A_PB2	552	113	G	0	0	113	35
A_PB2	553	106	A	0	0	106	35
A_PB2	554	88	T	0	0	88	35
A_PB2	555	102	A	0	0	102	35
A_PB2	556	113	A	0	0	113	35
A_PB2	557	102	C	0	0	102	35
A_PB2	558	104	A	0	0	104	35
A_PB2	559	112	A	0	0	112	35
A_PB2	560	97	A	0	0	97	35
A_PB2	561	99	G	0	0	99	35
A_PB2	562	106	G	0	0	106	35
A_PB2	563	103	A	0	0	103	35
A_PB2	564	89	G	0	0	89	35
A_PB2	565	103	A	0	0	103	35
A_PB2	566	90	A	0	0	90	35
A_PB2	567	94	A	0	0	94	35
A_PB2	568	115	A	0	0	115	35
A_PB2	569	101	A	0	0	101	35
A_PB2	570	95	G	0	0	95	35
A_PB2	571	107	G	0	0	107	35
A_PB2	572	106	A	0	0	106	35
A_PB2	573	104	A	0	0	104	35
A_PB2	574	93	G	0	0	93	35
A_PB2	575	90	A	0	0	90	35
A_PB2	576	112	A	0	0	112	35
A_PB2	577	102	C	0	0	102	35
A_PB2	578	110	T	0	0	110	35
A_PB2	579	108	C	0	0	108	35
A_PB2	580	102	C	0	0	102	35
A_PB2	581	94	A	0	0	94	35
A_PB2	582	106	G	0	0	106	35
A_PB2	583	113	G	0	0	113	35
A_PB2	584	113	A	0	0	113	35
A_PB2	585	100	C	0	0	100	35
A_PB2	586	93	T	0	0	93	35
A_PB2	587	90	G	0	0	90	35
A_PB2	588	107	C	0	0	107	35
A_PB2	589	107	A	0	0	107	35
A_PB2	590	115	A	0	0	115	35
A_PB2	591	109	A	0	0	109	35
A_PB2	592	101	A	0	0	101	35
A_PB2	593	85	T	0	0	85	35
A_PB2	594	88	C	0	0	88	35
A_PB2	595	112	G	0	0	112	35
A_PB2	596	115	C	0	0	115	35
A_PB2	597	87	T	0	0	87	35
A_PB2	598	93	C	0	0	93	35
A_PB2	599	98	C	0	0	98	35
A_PB2	600	95	T	0	0	95	35
A_PB2	601	100	C	0	0	100	35
A_PB2	602	100	T	0	0	100	35
A_PB2	603	90	G	0	0	90	35
A_PB2	604	91	A	0	0	91	35
A_PB2	605	112	T	0	0	112	35
A_PB2	606	110	G	0	0	110	35
A_PB2	607	108	G	0	0	108	35
A_PB2	608	115	T	0	0	115	35
A_PB2	609	91	T	0	0	91	35
A_PB2	610	105	G	0	0	105	35
A_PB2	611	91	C	0	0	91	35
A_PB2	612	85	A	0	0	85	35
A_PB2	613	105	T	0	0	105	35
A_PB2	614	109	A	0	0	109	35
A_PB2	615	101	C	0	0	101	35
A_PB2	616	96	A	0	0	96	35
A_PB2	617	114	T	0	0	114	35
A_PB2	618	113	G	0	0	113	35
A_PB2	619	103	C	0	0	103	35
A_PB2	620	97	T	0	0	97	35
A_PB2	621	91	A	0	0	91	35
A_PB2	622	105	G	0	0	105	35
A_PB2	623	95	A	0	0	95	35
A_PB2	624	92	A	0	0	92	35
A_PB2	625	89	A	0	0	89	35
A_PB2	626	85	G	0	0	85	35
A_PB2	627	86	A	0	0	86	35
A_PB2	628	88	G	0	0	88	35
A_PB2	629	108	A	0	0	108	35
A_PB2	630	96	G	0	0	96	35
A_PB2	631	100	T	0	0	100	35
A_PB2	632	98	T	0	0	98	35
A_PB2	633	96	G	0	0	96	35
A_PB2	634	86	G	0	0	86	35
A_PB2	635	90	T	0	0	90	35
A_PB2	636	103	T	0	0	103	35
A_PB2	637	110	C	0	0	110	35
A_PB2	638	96	G	0	0	96	35
A_PB2	639	110	C	0	0	110	35
A_PB2	640	106	A	0	0	106	35
A_PB2	641	109	A	0	0	109	35
A_PB2	642	90	G	0	0	90	35
A_PB2	643	107	A	0	0	107	35
A_PB2	644	105	C	0	0	105	35
A_PB2	645	109	G	0	0	109	35
A_PB2	646	102	A	0	0	102	35
A_PB2	647	104	G	0	0	104	35
A_PB2	648	90	G	0	0	90	35
A_PB2	649	86	T	0	0	86	35
A_PB2	650	115	T	0	0	115	35
A_PB2	651	88	T	0	0	88	35
A_PB2	652	94	C	0	0	94	35
A_PB2	653	115	T	0	0	115	35
A_PB2	654	106	C	0	0	106	35
A_PB2	655	96	C	0	0	96	35
A_PB2	656	112	C	0	0	112	35
A_PB2	657	101	A	0	0	101	35
A_PB2	658	96	G	0	0	96	35
A_PB2	659	96	T	0	0	96	35
A_PB2	660	101	T	0	0	101	35
A_PB2	661	88	G	0	0	88	35
A_PB2	662	100	C	0	0	100	35
A_PB2	663	101	T	0	0	101	35
A_PB2	664	86	G	0	0	86	35
A_PB2	665	99	G	0	0	99	35
A_PB2	666	97	T	0	0	97	35
A_PB2	667	86	G	0	0	86	35
A_PB2	668	102	G	0	0	102	35
A_PB2	669	95	G	0	0	95	35
A_PB2	670	90	A	0	0	90	35
A_PB2	671	108	C	0	0	108	35
A_PB2	672	85	A	0	0	85	35
A_PB2	673	85	A	0	0	85	35
A_PB2	674	87	G	0	0	87	35
A_PB2	675	109	C	0	0	109	35
A_PB2	676	104	A	0	0	104	35
A_PB2	677	107	G	0	0	107	35
A_PB2	678	94	T	0	0	94	35
A_PB2	679	102	G	0	0	102	35
A_PB2	680	107	T	0	0	107	35
A_PB2	681	97	C	0	0	97	35
A_PB2	682	94	T	0	0	94	35
A_PB2	683	85	A	0	0	85	35
A_PB2	684	92	C	0	0	92	35
A_PB2	685	104	A	0	0	104	35
A_PB2	686	98	T	0	0	98	35
A_PB2	687	115	T	0	0	115	35
A_PB2	688	94	G	0	0	94	35
A_PB2	689	99	A	0	0	99	35
A_PB2	690	89	G	0	0	89	35
A_PB2	691	104	G	0	0	104	35
A_PB2	692	94	T	0	0	94	35
A_PB2	693	113	G	0	0	113	35
A_PB2	694	113	C	0	0	113	35
A_PB2	695	112	T	0	0	112	35
A_PB2	696	108	G	0	0	108	35
A_PB2	697	88	C	0	0	88	35
A_PB2	698	101	A	0	0	101	35
A_PB2	699	86	T	0	0	86	35
A_PB2	700	87	T	0	0	87	35
A_PB2	701	92	T	0	0	92	35
A_PB2	702	97	G	0	0	97	35
A_PB2	703	97	A	0	0	97	35
A_PB2	704	103	C	0	0	103	35
A_PB2	705	115	C	0	0	115	35
A_PB2	706	94	C	0	0	94	35
A_PB2	707	103	A	0	0	103	35
A_PB2	708	86	G	0	0	86	35
A_PB2	709	113	G	0	0	113	35
A_PB2	710	103	G	0	0	103	35
A_PB2	711	114	G	0	0	114	35
A_PB2	712	98	A	0	0	98	35
A_PB2	713	95	C	0	0	95	35
A_PB2	714	106	A	0	0	106	35
A_PB2	715	102	T	0	0	102	35
A_PB2	716	110	G	0	0	110	35
A_PB2	717	90	C	0	0	90	35
A_PB2	718	93	T	0	0	93	35
A_PB2	719	86	G	0	0	86	35
A_PB2	720	103	G	0	0	103	35
A_PB2	721	110	G	0	0	110	35
A_PB2	722	108	A	0	0	108	35
A_PB2	723	86	G	0	0	86	35
A_PB2	724	85	C	0	0	85	35
A_PB2	725	111	A	0	0	111	35
A_PB2	726	102	G	0	0	102	35
A_PB2	727	107	A	0	0	107	35
A_PB2	728	97	T	0	0	97	35
A_PB2	729	95	G	0	0	95	35
A_PB2	730	93	T	0	0	93	35
A_PB2	731	95	A	0	0	95	35
A_PB2	732	104	C	0	0	104	35
A_PB2	733	111	A	0	0	111	35
A_PB2	734	113	C	0	0	113	35
A_PB2	735	100	T	0	0	100	35
A_PB2	736	101	C	0	0	101	35
A_PB2	737	105	C	0	0	105	35
A_PB2	738	91	G	0	0	91	35
A_PB2	739	97	G	0	0	97	35
A_PB2	740	85	G	0	0	85	35
A_PB2	741	98	A	0	0	98	35
A_PB2	742	85	G	0	0	85	35
A_PB2	743	91	G	0	0	91	35
A_PB2	744	101	A	0	0	101	35
A_PB2	745	103	G	0	0	103	35
A_PB2	746	107	A	0	0	107	35
A_PB2	747	86	A	0	0	86	35
A_PB2	748	90	G	0	0	90	35
A_PB2	749	88	T	0	0	88	35
A_PB2	750	112	G	0	0	112	35
A_PB2	751	100	A	0	0	100	35
A_PB2	752	94	G	0	0	94	35
A_PB2	753	104	G	0	0	104	35
A_PB2	754	95	A	0	0	95	35
A_PB2	755	91	A	0	0	91	35
A_PB2	756	104	C	0	0	104	35
A_PB2	757	94	G	0	0	94	35
A_PB2	758	114	A	0	0	114	35
A_PB2	759	96	T	0	0	96	35
A_PB2	760	88	G	0	0	88	35
A_PB2	761	115	A	0	0	115	35
A_PB2	762	92	T	0	0	92	35
A_PB2	763	112	G	0	0	112	35
A_PB2	764	96	T	0	0	96	35
A_PB2	765	114	A	0	0	114	35
A_PB2	766	91	G	0	0	91	35
A_PB2	767	99	A	0	0	99	35
A_PB2	768	87	C	0	0	87	35
A_PB2	769	97	C	0	0	97	35
A_PB2	770	105	A	0	0	105	35
A_PB2	771	93	A	0	0	93	35
A_PB2	772	115	A	0	0	115	35
A_PB2	773	100	G	0	0	100	35
A_PB2	774	99	C	0	0	99	35
A_PB2	775	99	T	0	0	99	35
A_PB2	776	113	T	0	0	113	35
A_PB2	777	86	G	0	0	86	35
A_PB2	778	102	A	0	0	102	35
A_PB2	779	101	T	0	0	101	35
A_PB2	780	90	C	0	0	90	35
A_PB2	781	115	A	0	0	115	35
A_PB2	782	97	T	0	0	97	35
A_PB2	783	97	T	0	0	97	35
A_PB2	784	91	G	0	0	91	35
A_PB2	785	112	C	0	0	112	35
A_PB2	786	90	T	0	0	90	35
A_PB2	787	102	G	0	0	102	35
A_PB2	788	85	C	0	0	85	35
A_PB2	789	112	C	0	0	112	35
A_PB2	790	99	A	0	0	99	35
A_PB2	791	98	G	0	0	98	35
A_PB2	792	115	G	0	0	115	35
A_PB2	793	114	A	0	0	114	35
A_PB2	794	111	A	0	0	111	35
A_PB2	795	104	T	0	0	104	35
A_PB2	796	97	A	0	0	97	35
A_PB2	797	86	T	0	0	86	35
A_PB2	798	87	A	0	0	87	35
A_PB2	799	93	G	0	0	93	35
A_PB2	800	87	T	0	0	87	35
A_PB2	801	108	A	0	0	108	35
A_PB2	802	88	A	0	0	88	35
A_PB2	803	102	G	0	0	102	35
A_PB2	804	95	A	0	0	95	35
A_PB2	805	115	A	0	0	115	35
A_PB2	806	115	G	0	0	115	35
A_PB2	807	103	A	0	0	103	35
A_PB2	808	86	G	0	0	86	35
A_PB2	809	97	C	0	0	97	35
A_PB2	810	89	A	0	0	89	35
A_PB2	811	115	A	0	0	115	35
A_PB2	812	98	C	0	0	98	35
A_PB2	813	115	A	0	0	115	35
A_PB2	814	112	G	0	0	112	35
A_PB2	815	97	T	0	0	97	35
A_PB2	816	88	A	0	0	88	35
A_PB2	817	89	T	0	0	89	35
A_PB2	818	93	C	0	0	93	35
A_PB2	819	95	A	0	0	95	35
A_PB2	820	99	G	0	0	99	35
A_PB2	821	109	C	0	0	109	35
A_PB2	822	96	A	0	0	96	35
A_PB2	823	108	G	0	0	108	35
A_PB2	824	106	A	0	0	106	35
A_PB2	825	106	T	0	0	106	35
A_PB2	826	99	C	0	0	99	35
A_PB2	827	94	C	0	0	94	35
A_PB2	828	115	A	0	0	115	35
A_PB2	829	115	T	0	0	115	35
A_PB2	830	94	T	0	0	94	35
A_PB2	831	114	A	0	0	114	35
A_PB2	832	95	G	0	0	95	35
A_PB2	833	91	C	0	0	91	35
A_PB2	834	91	A	0	0	91	35
A_PB2	835	88	T	0	0	88	35
A_PB2	836	89	C	0	0	89	35
A_PB2	837	95	T	0	0	95	35
A_PB2	838	91	C	0	0	91	35
A_PB2	839	91	T	0	0	91	35
A_PB2	840	91	A	0	0	91	35
A_PB2	841	96	T	0	0	96	35
A_PB2	842	93	T	0	0	93	35
A_PB2	843	102	G	0	0	102	35
A_PB2	844	105	G	0	0	105	35
A_PB2	845	93	A	0	0	93	35
A_PB2	846	110	G	0	0	110	35
A_PB2	847	94	A	0	0	94	35
A_PB2	848	97	T	0	0	97	35
A_PB2	849	98	G	0	0	98	35
A_PB2	850	88	T	0	0	88	35
A_PB2	851	114	G	0	0	114	35
A_PB2	852	99	T	0	0	99	35
A_PB2	853	102	C	0	0	102	35
A_PB2	854	104	A	0	0	104	35
A_PB2	855	90	C	0	0	90	35
A_PB2	856	86	A	0	0	86	35
A_PB2	857	87	G	0	0	87	35
A_PB2	858	113	C	0	0	113	35
A_PB2	859	90	A	0	0	90	35
A_PB2	860	111	C	0	0	111	35
A_PB2	861	98	A	0	0	98	35
A_PB2	862	111	C	0	0	111	35
A_PB2	863	109	A	0	0	109	35
A_PB2	864	99	A	0	0	99	35
A_PB2	865	107	A	0	0	107	35
A_PB2	866	95	T	0	0	95	35
A_PB2	867	114	T	0	0	114	35
A_PB2	868	103	G	0	0	103	35
A_PB2	869	96	G	0	0	96	35
A_PB2	870	114	G	0	0	114	35
A_PB2	871	91	G	0	0	91	35
A_PB2	872	104	G	0	0	104	35
A_PB2	873	106	A	0	0	106	35
A_PB2	874	107	A	0	0	107	35
A_PB2	875	87	T	0	0	87	35
A_PB2	876	95	A	0	0	95	35
A_PB2	877	114	A	0	0	114	35
A_PB2	878	94	G	0	0	94	35
A_PB2	879	100	G	0	0	100	35
A_PB2	880	114	A	0	0	114	35
A_PB2	881	111	T	0	0	111	35
A_PB2	882	91	G	0	0	91	35
A_PB2	883	98	G	0	0	98	35
A_PB2	884	94	T	0	0	94	35
A_PB2	885	105	A	0	0	105	35
A_PB2	886	98	G	0	0	98	35
A_PB2	887	92	A	0	0	92	35
A_PB2	888	104	C	0	0	104	35
A_PB2	889	94	A	0	0	94	35
A_PB2	890	112	T	0	0	112	35
A_PB2	891	101	C	0	0	101	35
A_PB2	892	85	C	0	0	85	35
A_PB2	893	85	T	0	0	85	35
A_PB2	894	86	T	0	0	86	35
A_PB2	895	113	C	0	0	113	35
A_PB2	896	98	G	0	0	98	35
A_PB2	897	113	G	0	0	113	35
A_PB2	898	88	C	0	0	88	35
A_PB2	899	85	A	0	0	85	35
A_PB2	900	112	A	0	0	112	35
A_PB2	901	106	A	0	0	106	35
A_PB2	902	92	A	0	0	92	35
A_PB2	903	111	T	0	0	111	35
A_PB2	904	88	C	0	0	88	35
A_PB2	905	97	C	0	0	97	35
A_PB2	906	85	A	0	0	85	35
A_PB2	907	93	A	0	0	93	35
A_PB2	908	114	C	0	0	114	35
A_PB2	909	86	A	0	0	86	35
A_PB2	910	108	G	0	0	108	35
A_PB2	911	99	A	0	0	99	35
A_PB2	912	113	G	0	0	113	35
A_PB2	913	112	G	0	0	112	35
A_PB2	914	94	A	0	0	94	35
A_PB2	915	111	A	0	0	111	35
A_PB2	916	86	C	0	0	86	35
A_PB2	917	108	A	0	0	108	35
A_PB2	918	100	A	0	0	100	35
A_PB2	919	98	G	0	0	98	35
A_PB2	920	89	C	0	0	89	35
A_PB2	921	112	C	0	0	112	35
A_PB2	922	106	G	0	0	106	35
A_PB2	923	100	T	0	0	100	35
A_PB2	924	102	G	0	0	102	35
A_PB2	925	93	G	0	0	93	35
A_PB2	926	99	A	0	0	99	35
A_PB2	927	96	T	0	0	96	35
A_PB2	928	90	A	0	0	90	35
A_PB2	929	115	T	0	0	115	35
A_PB2	930	88	A	0	0	88	35
A_PB2	931	88	T	0	0	88	35
A_PB2	932	93	G	0	0	93	35
A_PB2	933	104	C	0	0	104	35
A_PB2	934	98	A	0	0	98	35
A_PB2	935	111	A	0	0	111	35
A_PB2	936	111	G	0	0	111	35
A_PB2	937	107	G	0	0	107	35
A_PB2	938	93	C	0	0	93	35
A_PB2	939	109	A	0	0	109	35
A_PB2	940	97	G	0	0	97	35
A_PB2	941	96	C	0	0	96	35
A_PB2	942	91	A	0	0	91	35
A_PB2	943	103	A	0	0	103	35
A_PB2	944	100	T	0	0	100	35
A_PB2	945	94	G	0	0	94	35
A_PB2	946	94	G	0	0	94	35
A_PB2	947	86	G	0	0	86	35
A_PB2	948	102	C	0	0	102	35
A_PB2	949	91	T	0	0	91	35
A_PB2	950	101	T	0	0	101	35
A_PB2	951	100	G	0	0	100	35
A_PB2	952	101	A	0	0	101	35
A_PB2	953	100	G	0	0	100	35
A_PB2	954	90	G	0	0	90	35
A_PB2	955	96	A	0	0	96	35
A_PB2	956	102	T	0	0	102	35
A_PB2	957	95	T	0	0	95	35
A_PB2	958	86	A	0	0	86	35
A_PB2	959	112	G	0	0	112	35
A_PB2	960	112	C	0	0	112	35
A_PB2	961	113	T	0	0	113	35
A_PB2	962	105	C	0	0	105	35
A_PB2	963	90	A	0	0	90	35
A_PB2	964	98	T	0	0	98	35
A_PB2	965	91	C	0	0	91	35
A_PB2	966	103	T	0	0	103	35
A_PB2	967	95	T	0	0	95	35
A_PB2	968	107	T	0	0	107	35
A_PB2	969	111	C	0	0	111	35
A_PB2	970	85	A	0	0	85	35
A_PB2	971	89	G	0	0	89	35
A_PB2	972	111	C	0	0	111	35
A_PB2	973	95	T	0	0	95	35
A_PB2	974	110	T	0	0	110	35
A_PB2	975	86	T	0	0	86	35
A_PB2	976	94	G	0	0	94	35
A_PB2	977	100	G	0	0	100	35
A_PB2	978	95	T	0	0	95	35
A_PB2	979	110	G	0	0	110	35
A_PB2	980	88	G	0	0	88	35
A_PB2	981	102	A	0	0	102	35
A_PB2	982	94	T	0	0	94	35
A_PB2	983	89	T	0	0	89	35
A_PB2	984	105	C	0	0	105	35
A_PB2	985	104	A	0	0	104	35
A_PB2	986	93	C	0	0	93	35
A_PB2	987	90	T	0	0	90	35
A_PB2	988	111	T	0	0	111	35
A_PB2	989	97	T	0	0	97	35
A_PB2	990	115	T	0	0	115	35
A_PB2	991	102	A	0	0	102	35
A_PB2	992	94	A	0	0	94	35
A_PB2	993	109	A	0	0	109	35
A_PB2	994	111	A	0	0	111	35
A_PB2	995	104	G	0	0	104	35
A_PB2	996	113	A	0	0	113	35
A_PB2	997	110	A	0	0	110	35
A_PB2	998	105	C	0	0	105	35
A_PB2	999	113	A	0	0	113	35
A_PB2	1000	110	A	0	0	110	35
A_PB2	1001	110	G	0	0	110	35
A_PB2	1002	97	T	0	0	97	35
A_PB2	1003	88	G	0	0	88	35
A_PB2	1004	91	G	0	0	91	35
A_PB2	1005	99	A	0	0	99	35
A_PB2	1006	97	T	0	0	97	35
A_PB2	1007	114	C	0	0	114	35
A_PB2	1008	101	G	0	0	101	35
A_PB2	1009	99	T	0	0	99	35
A_PB2	1010	93	C	0	0	93	35
A_PB2	1011	113	A	0	0	113	35
A_PB2	1012	89	G	0	0	89	35
A_PB2	1013	106	T	0	0	106	35
A_PB2	1014	95	C	0	0	95	35
A_PB2	1015	96	A	0	0	96	35
A_PB2	1016	96	A	0	0	96	35
A_PB2	1017	112	A	0	0	112	35
A_PB2	1018	115	A	0	0	115	35
A_PB2	1019	99	A	0	0	99	35
A_PB2	1020	115	A	0	0	115	35
A_PB2	1021	102	G	0	0	102	35
A_PB2	1022	99	A	0	0	99	35
A_PB2	1023	102	A	0	0	102	35
A_PB2	1024	109	G	0	0	109	35
A_PB2	1025	95	A	0	0	95	35
A_PB2	1026	87	A	0	0	87	35
A_PB2	1027	105	G	0	0	105	35
A_PB2	1028	102	A	0	0	102	35
A_PB2	1029	86	A	0	0	86	35
A_PB2	1030	98	G	0	0	98	35
A_PB2	1031	88	T	0	0	88	35
A_PB2	1032	96	G	0	0	96	35
A_PB2	1033	108	C	0	0	108	35
A_PB2	1034	86	T	0	0	86	35
A_PB2	1035	104	A	0	0	104	35
A_PB2	1036	95	A	0	0	95	35
A_PB2	1037	89	C	0	0	89	35
A_PB2	1038	111	A	0	0	111	35
A_PB2	1039	102	G	0	0	102	35
A_PB2	1040	85	G	0	0	85	35
A_PB2	1041	114	C	0	0	114	35
A_PB2	1042	90	A	0	0	90	35
A_PB2	1043	85	A	0	0	85	35
A_PB2	1044	85	C	0	0	85	35
A_PB2	1045	89	C	0	0	89	35
A_PB2	1046	93	T	0	0	93	35
A_PB2	1047	94	T	0	0	94	35
A_PB2	1048	90	C	0	0	90	35
A_PB2	1049	98	A	0	0	98	35
A_PB2	1050	89	A	0	0	89	35
A_PB2	1051	95	A	0	0	95	35
A_PB2	1052	94	C	0	0	94	35
A_PB2	1053	85	A	0	0	85	35
A_PB2	1054	102	T	0	0	102	35
A_PB2	1055	85	T	0	0	85	35
A_PB2	1056	106	G	0	0	106	35
A_PB2	1057	94	A	0	0	94	35
A_PB2	1058	91	A	0	0	91	35
A_PB2	1059	106	A	0	0	106	35
A_PB2	1060	92	A	0	0	92	35
A_PB2	1061	103	T	0	0	103	35
A_PB2	1062	95	A	0	0	95	35
A_PB2	1063	102	A	0	0	102	35
A_PB2	1064	114	G	0	0	114	35
A_PB2	1065	97	A	0	0	97	35
A_PB2	1066	114	G	0	0	114	35
A_PB2	1067	112	T	0	0	112	35
A_PB2	1068	96	A	0	0	96	35
A_PB2	1069	104	C	0	0	104	35
A_PB2	1070	88	A	0	0	88	35
A_PB2	1071	109	T	0	0	109	35
A_PB2	1072	88	G	0	0	88	35
A_PB2	1073	112	A	0	0	112	35
A_PB2	1074	110	G	0	0	110	35
A_PB2	1075	91	G	0	0	91	35
A_PB2	1076	85	G	0	0	85	35
A_PB2	1077	113	G	0	0	113	35
A_PB2	1078	109	T	0	0	109	35
A_PB2	1079	109	A	0	0	109	35
A_PB2	1080	88	T	0	0	88	35
A_PB2	1081	112	G	0	0	112	35
A_PB2	1082	111	A	0	0	111	35
A_PB2	1083	108	A	0	0	108	35
A_PB2	1084	115	G	0	0	115	35
A_PB2	1085	104	A	0	0	104	35
A_PB2	1086	96	G	0	0	96	35
A_PB2	1087	85	T	0	0	85	35
A_PB2	1088	104	T	0	0	104	35
A_PB2	1089	109	C	0	0	109	35
A_PB2	1090	94	A	0	0	94	35
A_PB2	1091	98	C	0	0	98	35
A_PB2	1092	96	A	0	0	96	35
A_PB2	1093	109	A	0	0	109	35
A_PB2	1094	97	T	0	0	97	35
A_PB2	1095	86	G	0	0	86	35
A_PB2	1096	106	G	0	0	106	35
A_PB2	1097	99	T	0	0	99	35
A_PB2	1098	100	T	0	0	100	35
A_PB2	1099	106	G	0	0	106	35
A_PB2	1100	87	G	0	0	87	35
A_PB2	1101	114	G	0	0	114	35
A_PB2	1102	114	A	0	0	114	35
A_PB2	1103	115	G	0	0	115	35
A_PB2	1104	98	A	0	0	98	35
A_PB2	1105	92	A	0	0	92	35
A_PB2	1106	115	G	0	0	115	35
A_PB2	1107	88	A	0	0	88	35
A_PB2	1108	92	G	0	0	92	35
A_PB2	1109	87	C	0	0	87	35
A_PB2	1110	86	A	0	0	86	35
A_PB2	1111	106	A	0	0	106	35
A_PB2	1112	112	C	0	0	112	35
A_PB2	1113	115	G	0	0	115	35
A_PB2	1114	107	G	0	0	107	35
A_PB2	1115	87	C	0	0	87	35
A_PB2	1116	93	C	0	0	93	35
A_PB2	1117	87	A	0	0	87	35
A_PB2	1118	103	T	0	0	103	35
A_PB2	1119	105	T	0	0	105	35
A_PB2	1120	111	C	0	0	111	35
A_PB2	1121	115	T	0	0	115	35
A_PB2	1122	96	C	0	0	96	35
A_PB2	1123	107	A	0	0	107	35
A_PB2	1124	109	G	0	0	109	35
A_PB2	1125	98	G	0	0	98	35
A_PB2	1126	98	A	0	0	98	35
A_PB2	1127	112	A	0	0	112	35
A_PB2	1128	93	A	0	0	93	35
A_PB2	1129	94	G	0	0	94	35
A_PB2	1130	107	C	0	0	107	35
A_PB2	1131	114	A	0	0	114	35
A_PB2	1132	107	A	0	0	107	35
A_PB2	1133	87	C	0	0	87	35
A_PB2	1134	93	C	0	0	93	35
A_PB2	1135	93	A	0	0	93	35
A_PB2	1136	106	G	0	0	106	35
A_PB2	1137	108	A	0	0	108	35
A_PB2	1138	89	A	0	0	89	35
A_PB2	1139	88	G	0	0	88	35
A_PB2	1140	98	G	0	0	98	35
A_PB2	1141	99	C	0	0	99	35
A_PB2	1142	102	T	0	0	102	35
A_PB2	1143	110	G	0	0	110	35
A_PB2	1144	89	A	0	0	89	35
A_PB2	1145	100	T	0	0	100	35
A_PB2	1146	87	C	0	0	87	35
A_PB2	1147	108	C	0	0	108	35
A_PB2	1148	112	A	0	0	112	35
A_PB2	1149	103	G	0	0	103	35
A_PB2	1150	105	C	0	0	105	35
A_PB2	1151	92	T	0	0	92	35
A_PB2	1152	107	A	0	0	107	35
A_PB2	1153	112	A	0	0	112	35
A_PB2	1154	95	T	0	0	95	35
A_PB2	1155	114	A	0	0	114	35
A_PB2	1156	88	G	0	0	88	35
A_PB2	1157	87	T	0	0	87	35
A_PB2	1158	109	A	0	0	109	35
A_PB2	1159	104	A	0	0	104	35
A_PB2	1160	114	G	0	0	114	35
A_PB2	1161	99	T	0	0	99	35
A_PB2	1162	104	G	0	0	104	35
A_PB2	1163	113	G	0	0	113	35
A_PB2	1164	108	G	0	0	108	35
A_PB2	1165	96	A	0	0	96	35
A_PB2	1166	112	G	0	0	112	35
A_PB2	1167	103	A	0	0	103	35
A_PB2	1168	89	G	0	0	89	35
A_PB2	1169	90	A	0	0	90	35
A_PB2	1170	98	C	0	0	98	35
A_PB2	1171	96	G	0	0	96	35
A_PB2	1172	114	A	0	0	114	35
A_PB2	1173	106	G	0	0	106	35
A_PB2	1174	104	C	0	0	104	35
A_PB2	1175	87	A	0	0	87	35
A_PB2	1176	88	G	0	0	88	35
A_PB2	1177	101	T	0	0	101	35
A_PB2	1178	91	C	0	0	91	35
A_PB2	1179	108	A	0	0	108	35
A_PB2	1180	90	A	0	0	90	35
A_PB2	1181	115	T	0	0	115	35
A_PB2	1182	106	T	0	0	106	35
A_PB2	1183	109	G	0	0	109	35
A_PB2	1184	91	C	0	0	91	35
A_PB2	1185	114	T	0	0	114	35
A_PB2	1186	89	G	0	0	89	35
A_PB2	1187	105	A	0	0	105	35
A_PB2	1188	89	A	0	0	89	35
A_PB2	1189	91	G	0	0	91	35
A_PB2	1190	88	C	0	0	88	35
A_PB2	1191	110	A	0	0	110	35
A_PB2	1192	111	A	0	0	111	35
A_PB2	1193	88	T	0	0	88	35
A_PB2	1194	112	A	0	0	112	35
A_PB2	1195	96	A	0	0	96	35
A_PB2	1196	95	T	0	0	95	35
A_PB2	1197	108	T	0	0	108	35
A_PB2	1198	100	G	0	0	100	35
A_PB2	1199	104	T	0	0	104	35
A_PB2	1200	105	G	0	0	105	35
A_PB2	1201	112	G	0	0	112	35
A_PB2	1202	99	C	0	0	99	35
A_PB2	1203	114	C	0	0	114	35
A_PB2	1204	92	A	0	0	92	35
A_PB2	1205	102	T	0	0	102	35
A_PB2	1206	105	G	0	0	105	35
A_PB2	1207	89	G	0	0	89	35
A_PB2	1208	109	T	0	0	109	35
A_PB2	1209	93	A	0	0	93	35
A_PB2	1210	93	T	0	0	93	35
A_PB2	1211	112	T	0	0	112	35
A_PB2	1212	91	C	0	0	91	35
A_PB2	1213	92	T	0	0	92	35
A_PB2	1214	99	C	0	0	99	35
A_PB2	1215	96	A	0	0	96	35
A_PB2	1216	100	C	0	0	100	35
A_PB2	1217	88	A	0	0	88	35
A_PB2	1218	109	A	0	0	109	35
A_PB2	1219	105	G	0	0	105	35
A_PB2	1220	108	A	0	0	108	35
A_PB2	1221	93	G	0	0	93	35
A_PB2	1222	88	G	0	0	88	35
A_PB2	1223	109	A	0	0	109	35
A_PB2	1224	94	C	0	0	94	35
A_PB2	1225	92	T	0	0	92	35
A_PB2	1226	109	G	0	0	109	35
A_PB2	1227	113	C	0	0	113	35
A_PB2	1228	102	A	0	0	102	35
A_PB2	1229	92	T	0	0	92	35
A_PB2	1230	108	G	0	0	108	35
A_PB2	1231	89	A	0	0	89	35
A_PB2	1232	92	T	0	0	92	35
A_PB2	1233	85	T	0	0	85	35
A_PB2	1234	85	A	0	0	85	35
A_PB2	1235	102	A	0	0	102	35
A_PB2	1236	112	A	0	0	112	35
A_PB2	1237	111	G	0	0	111	35
A_PB2	1238	97	C	0	0	97	35
A_PB2	1239	108	A	0	0	108	35
A_PB2	1240	93	G	0	0	93	35
A_PB2	1241	90	T	0	0	90	35
A_PB2	1242	105	T	0	0	105	35
A_PB2	1243	89	A	0	0	89	35
A_PB2	1244	105	G	0	0	105	35
A_PB2	1245	101	A	0	0	101	35
A_PB2	1246	86	G	0	0	86	35
A_PB2	1247	95	G	0	0	95	35
A_PB2	1248	96	T	0	0	96	35
A_PB2	1249	97	G	0	0	97	35
A_PB2	1250	100	A	0	0	100	35
A_PB2	1251	92	C	0	0	92	35
A_PB2	1252	97	C	0	0	97	35
A_PB2	1253	96	T	0	0	96	35
A_PB2	1254	113	G	0	0	113	35
A_PB2	1255	87	A	0	0	87	35
A_PB2	1256	95	A	0	0	95	35
A_PB2	1257	94	T	0	0	94	35
A_PB2	1258	92	T	0	0	92	35
A_PB2	1259	115	T	0	0	115	35
A_PB2	1260	86	T	0	0	86	35
A_PB2	1261	112	G	0	0	112	35
A_PB2	1262	86	T	0	0	86	35
A_PB2	1263	99	C	0	0	99	35
A_PB2	1264	87	A	0	0	87	35
A_PB2	1265	85	A	0	0	85	35
A_PB2	1266	110	T	0	0	110	35
A_PB2	1267	87	A	0	0	87	35
A_PB2	1268	91	G	0	0	91	35
A_PB2	1269	109	G	0	0	109	35
A_PB2	1270	107	G	0	0	107	35
A_PB2	1271	92	C	0	0	92	35
A_PB2	1272	102	G	0	0	102	35
A_PB2	1273	85	A	0	0	85	35
A_PB2	1274	108	A	0	0	108	35
A_PB2	1275	85	C	0	0	85	35
A_PB2	1276	94	C	0	0	94	35
A_PB2	1277	98	A	0	0	98	35
A_PB2	1278	88	G	0	0	88	35
A_PB2	1279	112	C	0	0	112	35
A_PB2	1280	112	G	0	0	112	35
A_PB2	1281	105	A	0	0	105	35
A_PB2	1282	115	C	0	0	115	35
A_PB2	1283	99	T	0	0	99	35
A_PB2	1284	113	A	0	0	113	35
A_PB2	1285	91	A	0	0	91	35
A_PB2	1286	85	A	0	0	85	35
A_PB2	1287	89	C	0	0	89	35
A_PB2	1288	103	C	0	0	103	35
A_PB2	1289	93	C	0	0	93	35
A_PB2	1290	90	A	0	0	90	35
A_PB2	1291	94	A	0	0	94	35
A_PB2	1292	95	T	0	0	95	35
A_PB2	1293	104	G	0	0	104	35
A_PB2	1294	110	C	0	0	110	35
A_PB2	1295	91	A	0	0	91	35
A_PB2	1296	105	T	0	0	105	35
A_PB2	1297	87	C	0	0	87	35
A_PB2	1298	90	A	0	0	90	35
A_PB2	1299	86	A	0	0	86	35
A_PB2	1300	95	C	0	0	95	35
A_PB2	1301	108	T	0	0	108	35
A_PB2	1302	111	C	0	0	111	35
A_PB2	1303	90	T	0	0	90	35
A_PB2	1304	112	T	0	0	112	35
A_PB2	1305	101	G	0	0	101	35
A_PB2	1306	85	A	0	0	85	35
A_PB2	1307	88	G	0	0	88	35
A_PB2	1308	87	G	0	0	87	35
A_PB2	1309	115	C	0	0	115	35
A_PB2	1310	91	A	0	0	91	35
A_PB2	1311	101	T	0	0	101	35
A_PB2	1312	107	T	0	0	107	35
A_PB2	1313	112	T	0	0	112	35
A_PB2	1314	113	C	0	0	113	35
A_PB2	1315	114	C	0	0	114	35
A_PB2	1316	90	A	0	0	90	35
A_PB2	1317	92	A	0	0	92	35
A_PB2	1318	100	A	0	0	100	35
A_PB2	1319	113	A	0	0	113	35
A_PB2	1320	91	G	0	0	91	35
A_PB2	1321	109	G	0	0	109	35
A_PB2	1322	97	A	0	0	97	35
A_PB2	1323	91	T	0	0	91	35
A_PB2	1324	107	G	0	0	107	35
A_PB2	1325	99	C	0	0	99	35
A_PB2	1326	101	A	0	0	101	35
A_PB2	1327	97	A	0	0	97	35
A_PB2	1328	98	A	0	0	98	35
A_PB2	1329	108	G	0	0	108	35
A_PB2	1330	94	G	0	0	94	35
A_PB2	1331	89	T	0	0	89	35
A_PB2	1332	94	G	0	0	94	35
A_PB2	1333	87	C	0	0	87	35
A_PB2	1334	93	T	0	0	93	35
A_PB2	1335	90	T	0	0	90	35
A_PB2	1336	114	T	0	0	114	35
A_PB2	1337	89	T	0	0	89	35
A_PB2	1338	95	C	0	0	95	35
A_PB2	1339	89	C	0	0	89	35
A_PB2	1340	90	A	0	0	90	35
A_PB2	1341	115	A	0	0	115	35
A_PB2	1342	90	A	0	0	90	35
A_PB2	1343	94	A	0	0	94	35
A_PB2	1344	90	T	0	0	90	35
A_PB2	1345	96	T	0	0	96	35
A_PB2	1346	113	G	0	0	113	35
A_PB2	1347	104	G	0	0	104	35
A_PB2	1348	94	G	0	0	94	35
A_PB2	1349	103	G	0	0	103	35
A_PB2	1350	91	A	0	0	91	35
A_PB2	1351	95	A	0	0	95	35
A_PB2	1352	111	T	0	0	111	35
A_PB2	1353	89	T	0	0	89	35
A_PB2	1354	85	G	0	0	85	35
A_PB2	1355	88	A	0	0	88	35
A_PB2	1356	101	A	0	0	101	35
A_PB2	1357	115	C	0	0	115	35
A_PB2	1358	96	C	0	0	96	35
A_PB2	1359	93	C	0	0	93	35
A_PB2	1360	111	A	0	0	111	35
A_PB2	1361	95	T	0	0	95	35
A_PB2	1362	103	T	0	0	103	35
A_PB2	1363	100	G	0	0	100	35
A_PB2	1364	110	A	0	0	110	35
A_PB2	1365	100	C	0	0	100	35
A_PB2	1366	94	A	0	0	94	35
A_PB2	1367	109	A	0	0	109	35
A_PB2	1368	88	T	0	0	88	35
A_PB2	1369	93	G	0	0	93	35
A_PB2	1370	91	T	0	0	91	35
A_PB2	1371	93	G	0	0	93	35
A_PB2	1372	111	A	0	0	111	35
A_PB2	1373	87	T	0	0	87	35
A_PB2	1374	114	G	0	0	114	35
A_PB2	1375	96	G	0	0	96	35
A_PB2	1376	106	G	0	0	106	35
A_PB2	1377	96	A	0	0	96	35
A_PB2	1378	108	A	0	0	108	35
A_PB2	1379	85	T	0	0	85	35
A_PB2	1380	94	G	0	0	94	35
A_PB2	1381	88	A	0	0	88	35
A_PB2	1382	113	T	0	0	113	35
A_PB2	1383	94	C	0	0	94	35
A_PB2	1384	115	G	0	0	115	35
A_PB2	1385	99	G	0	0	99	35
A_PB2	1386	104	G	0	0	104	35
A_PB2	1387	105	G	0	0	105	35
A_PB2	1388	96	T	0	0	96	35
A_PB2	1389	87	A	0	0	87	35
A_PB2	1390	94	A	0	0	94	35
A_PB2	1391	96	T	0	0	96	35
A_PB2	1392	102	G	0	0	102	35
A_PB2	1393	114	C	0	0	114	35
A_PB2	1394	87	C	0	0	87	35
A_PB2	1395	110	C	0	0	110	35
A_PB2	1396	98	G	0	0	98	35
A_PB2	1397	88	A	0	0	88	35
A_PB2	1398	108	C	0	0	108	35
A_PB2	1399	115	A	0	0	115	35
A_PB2	1400	90	T	0	0	90	35
A_PB2	1401	85	G	0	0	85	35
A_PB2	1402	94	A	0	0	94	35
A_PB2	1403	93	C	0	0	93	35
A_PB2	1404	85	C	0	0	85	35
A_PB2	1405	100	C	0	0	100	35
A_PB2	1406	111	C	0	0	111	35
A_PB2	1407	85	A	0	0	85	35
A_PB2	1408	100	A	0	0	100	35
A_PB2	1409	96	G	0	0	96	35
A_PB2	1410	100	T	0	0	100	35
A_PB2	1411	107	A	0	0	107	35
A_PB2	1412	98	C	0	0	98	35
A_PB2	1413	100	T	0	0	100	35
A_PB2	1414	87	G	0	0	87	35
A_PB2	1415	90	A	0	0	90	35
A_PB2	1416	110	G	0	0	110	35
A_PB2	1417	100	A	0	0	100	35
A_PB2	1418	95	T	0	0	95	35
A_PB2	1419	89	G	0	0	89	35
A_PB2	1420	109	T	0	0	109	35
A_PB2	1421	115	C	0	0	115	35
A_PB2	1422	87	G	0	0	87	35
A_PB2	1423	101	C	0	0	101	35
A_PB2	1424	90	T	0	0	90	35
A_PB2	1425	110	G	0	0	110	35
A_PB2	1426	114	A	0	0	114	35
A_PB2	1427	110	G	0	0	110	35
A_PB2	1428	105	G	0	0	105	35
A_PB2	1429	99	G	0	0	99	35
A_PB2	1430	95	G	0	0	95	35
A_PB2	1431	89	A	0	0	89	35
A_PB2	1432	99	A	0	0	99	35
A_PB2	1433	96	T	0	0	96	35
A_PB2	1434	111	A	0	0	111	35
A_PB2	1435	110	A	0	0	110	35
A_PB2	1436	112	G	0	0	112	35
A_PB2	1437	93	A	0	0	93	35
A_PB2	1438	105	G	0	0	105	35
A_PB2	1439	101	T	0	0	101	35
A_PB2	1440	97	C	0	0	97	35
A_PB2	1441	107	A	0	0	107	35
A_PB2	1442	109	G	0	0	109	35
A_PB2	1443	112	T	0	0	112	35
A_PB2	1444	114	A	0	0	114	35
A_PB2	1445	88	A	0	0	88	35
A_PB2	1446	87	G	0	0	87	35
A_PB2	1447	101	A	0	0	101	35
A_PB2	1448	101	T	0	0	101	35
A_PB2	1449	91	G	0	0	91	35
A_PB2	1450	89	G	0	0	89	35
A_PB2	1451	92	G	0	0	92	35
A_PB2	1452	108	A	0	0	108	35
A_PB2	1453	106	G	0	0	106	35
A_PB2	1454	95	T	0	0	95	35
A_PB2	1455	86	A	0	0	86	35
A_PB2	1456	100	G	0	0	100	35
A_PB2	1457	103	A	0	0	103	35
A_PB2	1458	102	T	0	0	102	35
A_PB2	1459	113	G	0	0	113	35
A_PB2	1460	105	A	0	0	105	35
A_PB2	1461	114	A	0	0	114	35
A_PB2	1462	104	T	0	0	104	35
A_PB2	1463	90	A	0	0	90	35
A_PB2	1464	112	C	0	0	112	35
A_PB2	1465	107	T	0	0	107	35
A_PB2	1466	92	C	0	0	92	35
A_PB2	1467	111	A	0	0	111	35
A_PB2	1468	114	A	0	0	114	35
A_PB2	1469	94	G	0	0	94	35
A_PB2	1470	99	T	0	0	99	35
A_PB2	1471	97	A	0	0	97	35
A_PB2	1472	93	C	0	0	93	35
A_PB2	1473	91	A	0	0	91	35
A_PB2	1474	97	G	0	0	97	35
A_PB2	1475	88	A	0	0	88	35
A_PB2	1476	96	G	0	0	96	35
A_PB2	1477	88	C	0	0	88	35
A_PB2	1478	108	G	0	0	108	35
A_PB2	1479	103	A	0	0	103	35
A_PB2	1480	99	G	0	0	99	35
A_PB2	1481	110	T	0	0	110	35
A_PB2	1482	90	A	0	0	90	35
A_PB2	1483	87	G	0	0	87	35
A_PB2	1484	85	T	0	0	85	35
A_PB2	1485	91	A	0	0	91	35
A_PB2	1486	102	G	0	0	102	35
A_PB2	1487	105	T	0	0	105	35
A_PB2	1488	95	A	0	0	95	35
A_PB2	1489	89	A	0	0	89	35
A_PB2	1490	95	G	0	0	95	35
A_PB2	1491	100	C	0	0	100	35
A_PB2	1492	106	A	0	0	106	35
A_PB2	1493	106	T	0	0	106	35
A_PB2	1494	103	C	0	0	103	35
A_PB2	1495	104	G	0	0	104	35
A_PB2	1496	89	A	0	0	89	35
A_PB2	1497	103	C	0	0	103	35
A_PB2	1498	90	C	0	0	90	35
A_PB2	1499	98	G	0	0	98	35
A_PB2	1500	85	G	0	0	85	35
A_PB2	1501	98	T	0	0	98	35
A_PB2	1502	100	T	0	0	100	35
A_PB2	1503	112	T	0	0	112	35
A_PB2	1504	98	T	0	0	98	35
A_PB2	1505	92	T	0	0	92	35
A_PB2	1506	107	A	0	0	107	35
A_PB2	1507	101	A	0	0	101	35
A_PB2	1508	106	G	0	0	106	35
A_PB2	1509	107	A	0	0	107	35
A_PB2	1510	96	G	0	0	96	35
A_PB2	1511	109	T	0	0	109	35
A_PB2	1512	113	T	0	0	113	35
A_PB2	1513	95	C	0	0	95	35
A_PB2	1514	95	G	0	0	95	35
A_PB2	1515	93	A	0	0	93	35
A_PB2	1516	98	G	0	0	98	35
A_PB2	1517	85	A	0	0	85	35
A_PB2	1518	98	C	0	0	98	35
A_PB2	1519	89	C	0	0	89	35
A_PB2	1520	106	A	0	0	106	35
A_PB2	1521	91	A	0	0	91	35
A_PB2	1522	103	C	0	0	103	35
A_PB2	1523	110	G	0	0	110	35
A_PB2	1524	87	G	0	0	87	35
A_PB2	1525	98	G	0	0	98	35
A_PB2	1526	108	G	0	0	108	35
A_PB2	1527	90	G	0	0	90	35
A_PB2	1528	96	A	0	0	96	35
A_PB2	1529	87	A	0	0	87	35
A_PB2	1530	109	C	0	0	109	35
A_PB2	1531	95	G	0	0	95	35
A_PB2	1532	96	T	0	0	96	35
A_PB2	1533	111	A	0	0	111	35
A_PB2	1534	104	C	0	0	104	35
A_PB2	1535	100	T	0	0	100	35
A_PB2	1536	92	A	0	0	92	35
A_PB2	1537	86	T	0	0	86	35
A_PB2	1538	88	T	0	0	88	35
A_PB2	1539	107	A	0	0	107	35
A_PB2	1540	92	T	0	0	92	35
A_PB2	1541	107	C	0	0	107	35
A_PB2	1542	96	A	0	0	96	35
A_PB2	1543	110	C	0	0	110	35
A_PB2	1544	111	C	0	0	111	35
A_PB2	1545	102	C	0	0	102	35
A_PB2	1546	92	G	0	0	92	35
A_PB2	1547	111	A	0	0	111	35
A_PB2	1548	102	A	0	0	102	35
A_PB2	1549	94	G	0	0	94	35
A_PB2	1550	97	A	0	0	97	35
A_PB2	1551	102	G	0	0	102	35
A_PB2	1552	102	G	0	0	102	35
A_PB2	1553	109	T	0	0	109	35
A_PB2	1554	114	C	0	0	114	35
A_PB2	1555	109	A	0	0	109	35
A_PB2	1556	90	G	0	0	90	35
A_PB2	1557	94	T	0	0	94	35
A_PB2	1558	106	G	0	0	106	35
A_PB2	1559	100	A	0	0	100	35
A_PB2	1560	111	G	0	0	111	35
A_PB2	1561	113	A	0	0	113	35
A_PB2	1562	115	C	0	0	115	35
A_PB2	1563	113	A	0	0	113	35
A_PB2	1564	108	C	0	0	108	35
A_PB2	1565	89	A	0	0	89	35
A_PB2	1566	88	A	0	0	88	35
A_PB2	1567	88	G	0	0	88	35
A_PB2	1568	99	G	0	0	99	35
A_PB2	1569	102	A	0	0	102	35
A_PB2	1570	98	A	0	0	98	35
A_PB2	1571	114	C	0	0	114	35
A_PB2	1572	113	G	0	0	113	35
A_PB2	1573	94	G	0	0	94	35
A_PB2	1574	114	A	0	0	114	35
A_PB2	1575	99	G	0	0	99	35
A_PB2	1576	90	A	0	0	90	35
A_PB2	1577	111	A	0	0	111	35
A_PB2	1578	102	A	0	0	102	35
A_PB2	1579	97	C	0	0	97	35
A_PB2	1580	113	T	0	0	113	35
A_PB2	1581	96	G	0	0	96	35
A_PB2	1582	99	A	0	0	99	35
A_PB2	1583	111	C	0	0	111	35
A_PB2	1584	104	A	0	0	104	35
A_PB2	1585	106	A	0	0	106	35
A_PB2	1586	92	T	0	0	92	35
A_PB2	1587	94	C	0	0	94	35
A_PB2	1588	92	A	0	0	92	35
A_PB2	1589	114	C	0	0	114	35
A_PB2	1590	106	T	0	0	106	35
A_PB2	1591	91	T	0	0	91	35
A_PB2	1592	96	A	0	0	96	35
A_PB2	1593	104	T	0	0	104	35
A_PB2	1594	97	T	0	0	97	35
A_PB2	1595	92	C	0	0	92	35
A_PB2	1596	104	G	0	0	104	35
A_PB2	1597	94	T	0	0	94	35
A_PB2	1598	101	C	0	0	101	35
A_PB2	1599	91	A	0	0	91	35
A_PB2	1600	87	T	0	0	87	35
A_PB2	1601	94	C	0	0	94	35
A_PB2	1602	102	A	0	0	102	35
A_PB2	1603	92	A	0	0	92	35
A_PB2	1604	85	T	0	0	85	35
A_PB2	1605	106	G	0	0	106	35
A_PB2	1606	88	A	0	0	88	35
A_PB2	1607	87	T	0	0	87	35
A_PB2	1608	94	G	0	0	94	35
A_PB2	1609	101	T	0	0	101	35
A_PB2	1610	87	G	0	0	87	35
A_PB2	1611	106	G	0	0	106	35
A_PB2	1612	92	G	0	0	92	35
A_PB2	1613	111	A	0	0	111	35
A_PB2	1614	89	G	0	0	89	35
A_PB2	1615	86	A	0	0	86	35
A_PB2	1616	95	T	0	0	95	35
A_PB2	1617	98	C	0	0	98	35
A_PB2	1618	96	A	0	0	96	35
A_PB2	1619	99	A	0	0	99	35
A_PB2	1620	114	T	0	0	114	35
A_PB2	1621	90	G	0	0	90	35
A_PB2	1622	94	G	0	0	94	35
A_PB2	1623	86	T	0	0	86	35
A_PB2	1624	102	C	0	0	102	35
A_PB2	1625	95	C	0	0	95	35
A_PB2	1626	97	T	0	0	97	35
A_PB2	1627	102	G	0	0	102	35
A_PB2	1628	114	A	0	0	114	35
A_PB2	1629	115	G	0	0	115	35
A_PB2	1630	86	T	0	0	86	35
A_PB2	1631	86	C	0	0	86	35
A_PB2	1632	115	G	0	0	115	35
A_PB2	1633	103	G	0	0	103	35
A_PB2	1634	110	T	0	0	110	35
A_PB2	1635	99	G	0	0	99	35
A_PB2	1636	110	T	0	0	110	35
A_PB2	1637	98	T	0	0	98	35
A_PB2	1638	95	G	0	0	95	35
A_PB2	1639	108	G	0	0	108	35
A_PB2	1640	100	T	0	0	100	35
A_PB2	1641	88	C	0	0	88	35
A_PB2	1642	100	A	0	0	100	35
A_PB2	1643	90	A	0	0	90	35
A_PB2	1644	94	T	0	0	94	35
A_PB2	1645	92	A	0	0	92	35
A_PB2	1646	113	C	0	0	113	35
A_PB2	1647	111	T	0	0	111	35
A_PB2	1648	110	T	0	0	110	35
A_PB2	1649	99	A	0	0	99	35
A_PB2	1650	108	C	0	0	108	35
A_PB2	1651	93	C	0	0	93	35
A_PB2	1652	98	A	0	0	98	35
A_PB2	1653	87	G	0	0	87	35
A_PB2	1654	111	T	0	0	111	35
A_PB2	1655	101	G	0	0	101	35
A_PB2	1656	104	G	0	0	104	35
A_PB2	1657	89	A	0	0	89	35
A_PB2	1658	95	T	0	0	95	35
A_PB2	1659	92	A	0	0	92	35
A_PB2	1660	90	A	0	0	90	35
A_PB2	1661	103	T	0	0	103	35
A_PB2	1662	85	T	0	0	85	35
A_PB2	1663	96	A	0	0	96	35
A_PB2	1664	111	G	0	0	111	35
A_PB2	1665	88	A	0	0	88	35
A_PB2	1666	107	A	0	0	107	35
A_PB2	1667	113	A	0	0	113	35
A_PB2	1668	86	C	0	0	86	35
A_PB2	1669	95	T	0	0	95	35
A_PB2	1670	94	G	0	0	94	35
A_PB2	1671	85	G	0	0	85	35
A_PB2	1672	89	G	0	0	89	35
A_PB2	1673	93	A	0	0	93	35
A_PB2	1674	107	A	0	0	107	35
A_PB2	1675	95	A	0	0	95	35
A_PB2	1676	105	C	0	0	105	35
A_PB2	1677	92	T	0	0	92	35
A_PB2	1678	104	G	0	0	104	35
A_PB2	1679	113	T	0	0	113	35
A_PB2	1680	97	A	0	0	97	35
A_PB2	1681	93	A	0	0	93	35
A_PB2	1682	111	A	0	0	111	35
A_PB2	1683	102	A	0	0	102	35
A_PB2	1684	94	A	0	0	94	35
A_PB2	1685	91	T	0	0	91	35
A_PB2	1686	104	T	0	0	104	35
A_PB2	1687	87	C	0	0	87	35
A_PB2	1688	111	A	0	0	111	35
A_PB2	1689	92	A	0	0	92	35
A_PB2	1690	91	T	0	0	91	35
A_PB2	1691	105	G	0	0	105	35
A_PB2	1692	114	G	0	0	114	35
A_PB2	1693	85	T	0	0	85	35
A_PB2	1694	110	C	0	0	110	35
A_PB2	1695	99	A	0	0	99	35
A_PB2	1696	105	C	0	0	105	35
A_PB2	1697	104	A	0	0	104	35
A_PB2	1698	85	G	0	0	85	35
A_PB2	1699	104	G	0	0	104	35
A_PB2	1700	87	A	0	0	87	35
A_PB2	1701	93	T	0	0	93	35
A_PB2	1702	97	C	0	0	97	35
A_PB2	1703	85	C	0	0	85	35
A_PB2	1704	101	C	0	0	101	35
A_PB2	1705	114	A	0	0	114	35
A_PB2	1706	93	C	0	0	93	35
A_PB2	1707	106	A	0	0	106	35
A_PB2	1708	114	A	0	0	114	35
A_PB2	1709	100	T	0	0	100	35
A_PB2	1710	103	G	0	0	103	35
A_PB2	1711	88	T	0	0	88	35
A_PB2	1712	98	T	0	0	98	35
A_PB2	1713	107	G	0	0	107	35
A_PB2	1714	87	T	0	0	87	35
A_PB2	1715	86	A	0	0	86	35
A_PB2	1716	89	T	0	0	89	35
A_PB2	1717	90	A	0	0	90	35
A_PB2	1718	95	A	0	0	95	35
A_PB2	1719	107	T	0	0	107	35
A_PB2	1720	99	A	0	0	99	35
A_PB2	1721	90	A	0	0	90	35
A_PB2	1722	87	G	0	0	87	35
A_PB2	1723	105	A	0	0	105	35
A_PB2	1724	112	T	0	0	112	35
A_PB2	1725	89	G	0	0	89	35
A_PB2	1726	110	G	0	0	110	35
A_PB2	1727	115	A	0	0	115	35
A_PB2	1728	105	A	0	0	105	35
A_PB2	1729	110	T	0	0	110	35
A_PB2	1730	92	T	0	0	92	35
A_PB2	1731	93	C	0	0	93	35
A_PB2	1732	108	G	0	0	108	35
A_PB2	1733	98	A	0	0	98	35
A_PB2	1734	108	G	0	0	108	35
A_PB2	1735	112	C	0	0	112	35
A_PB2	1736	91	C	0	0	91	35
A_PB2	1737	102	A	0	0	102	35
A_PB2	1738	113	T	0	0	113	35
A_PB2	1739	98	T	0	0	98	35
A_PB2	1740	96	C	0	0	96	35
A_PB2	1741	89	C	0	0	89	35
A_PB2	1742	89	A	0	0	89	35
A_PB2	1743	91	G	0	0	91	35
A_PB2	1744	107	T	0	0	107	35
A_PB2	1745	92	C	0	0	92	35
A_PB2	1746	101	T	0	0	101	35
A_PB2	1747	106	C	0	0	106	35
A_PB2	1748	111	T	0	0	111	35
A_PB2	1749	106	A	0	0	106	35
A_PB2	1750	105	G	0	0	105	35
A_PB2	1751	102	T	0	0	102	35
A_PB2	1752	104	C	0	0	104	35
A_PB2	1753	107	C	0	0	107	35
A_PB2	1754	102	C	0	0	102	35
A_PB2	1755	89	T	0	0	89	35
A_PB2	1756	93	A	0	0	93	35
A_PB2	1757	97	A	0	0	97	35
A_PB2	1758	95	G	0	0	95	35
A_PB2	1759	110	G	0	0	110	35
A_PB2	1760	92	C	0	0	92	35
A_PB2	1761	105	A	0	0	105	35
A_PB2	1762	110	G	0	0	110	35
A_PB2	1763	109	C	0	0	109	35
A_PB2	1764	111	C	0	0	111	35
A_PB2	1765	95	A	0	0	95	35
A_PB2	1766	113	G	0	0	113	35
A_PB2	1767	113	A	0	0	113	35
A_PB2	1768	108	G	0	0	108	35
A_PB2	1769	100	G	0	0	100	35
A_PB2	1770	104	T	0	0	104	35
A_PB2	1771	90	C	0	0	90	35
A_PB2	1772	97	A	0	0	97	35
A_PB2	1773	111	A	0	0	111	35
A_PB2	1774	107	T	0	0	107	35
A_PB2	1775	89	A	0	0	89	35
A_PB2	1776	86	C	0	0	86	35
A_PB2	1777	88	A	0	0	88	35
A_PB2	1778	85	G	0	0	85	35
A_PB2	1779	96	T	0	0	96	35
A_PB2	1780	111	G	0	0	111	35
A_PB2	1781	106	G	0	0	106	35
A_PB2	1782	111	G	0	0	111	35
A_PB2	1783	106	T	0	0	106	35
A_PB2	1784	93	T	0	0	93	35
A_PB2	1785	109	T	0	0	109	35
A_PB2	1786	91	G	0	0	91	35
A_PB2	1787	95	T	0	0	95	35
A_PB2	1788	108	G	0	0	108	35
A_PB2	1789	113	A	0	0	113	35
A_PB2	1790	103	G	0	0	103	35
A_PB2	1791	99	A	0	0	99	35
A_PB2	1792	114	A	0	0	114	35
A_PB2	1793	110	C	0	0	110	35
A_PB2	1794	106	A	0	0	106	35
A_PB2	1795	89	C	0	0	89	35
A_PB2	1796	108	T	0	0	108	35
A_PB2	1797	107	A	0	0	107	35
A_PB2	1798	86	T	0	0	86	35
A_PB2	1799	99	T	0	0	99	35
A_PB2	1800	108	C	0	0	108	35
A_PB2	1801	96	C	0	0	96	35
A_PB2	1802	89	A	0	0	89	35
A_PB2	1803	115	G	0	0	115	35
A_PB2	1804	106	C	0	0	106	35
A_PB2	1805	89	A	0	0	89	35
A_PB2	1806	93	A	0	0	93	35
A_PB2	1807	92	A	0	0	92	35
A_PB2	1808	108	T	0	0	108	35
A_PB2	1809	85	G	0	0	85	35
A_PB2	1810	102	A	0	0	102	35
A_PB2	1811	101	G	0	0	101	35
A_PB2	1812	86	A	0	0	86	35
A_PB2	1813	85	G	0	0	85	35
A_PB2	1814	85	A	0	0	85	35
A_PB2	1815	113	T	0	0	113	35
A_PB2	1816	90	G	0	0	90	35
A_PB2	1817	110	T	0	0	110	35
A_PB2	1818	97	G	0	0	97	35
A_PB2	1819	97	C	0	0	97	35
A_PB2	1820	91	T	0	0	91	35
A_PB2	1821	97	T	0	0	97	35
A_PB2	1822	97	G	0	0	97	35
A_PB2	1823	105	G	0	0	105	35
A_PB2	1824	111	A	0	0	111	35
A_PB2	1825	102	A	0	0	102	35
A_PB2	1826	90	C	0	0	90	35
A_PB2	1827	89	A	0	0	89	35
A_PB2	1828	114	T	0	0	114	35
A_PB2	1829	99	T	0	0	99	35
A_PB2	1830	87	T	0	0	87	35
A_PB2	1831	89	G	0	0	89	35
A_PB2	1832	103	A	0	0	103	35
A_PB2	1833	111	C	0	0	111	35
A_PB2	1834	88	A	0	0	88	35
A_PB2	1835	87	C	0	0	87	35
A_PB2	1836	90	T	0	0	90	35
A_PB2	1837	92	G	0	0	92	35
A_PB2	1838	102	T	0	0	102	35
A_PB2	1839	110	T	0	0	110	35
A_PB2	1840	89	C	0	0	89	35
A_PB2	1841	85	A	0	0	85	35
A_PB2	1842	111	G	0	0	111	35
A_PB2	1843	101	A	0	0	101	35
A_PB2	1844	107	T	0	0	107	35
A_PB2	1845	111	A	0	0	111	35
A_PB2	1846	115	G	0	0	115	35
A_PB2	1847	91	T	0	0	91	35
A_PB2	1848	88	A	0	0	88	35
A_PB2	1849	109	A	0	0	109	35
A_PB2	1850	88	A	0	0	88	35
A_PB2	1851	92	A	0	0	92	35
A_PB2	1852	101	C	0	0	101	35
A_PB2	1853	95	T	0	0	95	35
A_PB2	1854	105	C	0	0	105	35
A_PB2	1855	100	C	0	0	100	35
A_PB2	1856	92	T	0	0	92	35
A_PB2	1857	112	C	0	0	112	35
A_PB2	1858	97	C	0	0	97	35
A_PB2	1859	96	C	0	0	96	35
A_PB2	1860	98	C	0	0	98	35
A_PB2	1861	86	T	0	0	86	35
A_PB2	1862	111	T	0	0	111	35
A_PB2	1863	87	T	0	0	87	35
A_PB2	1864	108	G	0	0	108	35
A_PB2	1865	88	C	0	0	88	35
A_PB2	1866	106	T	0	0	106	35
A_PB2	1867	96	G	0	0	96	35
A_PB2	1868	86	C	0	0	86	35
A_PB2	1869	112	C	0	0	112	35
A_PB2	1870	103	G	0	0	103	35
A_PB2	1871	115	C	0	0	115	35
A_PB2	1872	94	C	0	0	94	35
A_PB2	1873	105	C	0	0	105	35
A_PB2	1874	107	C	0	0	107	35
A_PB2	1875	100	A	0	0	100	35
A_PB2	1876	107	C	0	0	107	35
A_PB2	1877	106	C	0	0	106	35
A_PB2	1878	114	G	0	0	114	35
A_PB2	1879	113	G	0	0	113	35
A_PB2	1880	113	A	0	0	113	35
A_PB2	1881	85	A	0	0	85	35
A_PB2	1882	95	C	0	0	95	35
A_PB2	1883	93	A	0	0	93	35
A_PB2	1884	94	A	0	0	94	35
A_PB2	1885	93	A	0	0	93	35
A_PB2	1886	102	G	0	0	102	35
A_PB2	1887	91	T	0	0	91	35
A_PB2	1888	112	A	0	0	112	35
A_PB2	1889	104	G	0	0	104	35
A_PB2	1890	106	G	0	0	106	35
A_PB2	1891	109	A	0	0	109	35
A_PB2	1892	90	T	0	0	90	35
A_PB2	1893	106	G	0	0	106	35
A_PB2	1894	111	C	0	0	111	35
A_PB2	1895	89	A	0	0	89	35
A_PB2	1896	109	G	0	0	109	35
A_PB2	1897	94	T	0	0	94	35
A_PB2	1898	85	T	0	0	85	35
A_PB2	1899	99	C	0	0	99	35
A_PB2	1900	97	T	0	0	97	35
A_PB2	1901	103	C	0	0	103	35
A_PB2	1902	110	C	0	0	110	35
A_PB2	1903	102	T	0	0	102	35
A_PB2	1904	85	C	0	0	85	35
A_PB2	1905	105	C	0	0	105	35
A_PB2	1906	87	C	0	0	87	35
A_PB2	1907	88	T	0	0	88	35
A_PB2	1908	102	G	0	0	102	35
A_PB2	1909	105	A	0	0	105	35
A_PB2	1910	106	C	0	0	106	35
A_PB2	1911	102	T	0	0	102	35
A_PB2	1912	107	G	0	0	107	35
A_PB2	1913	109	T	0	0	109	35
A_PB2	1914	100	G	0	0	100	35
A_PB2	1915	106	A	0	0	106	35
A_PB2	1916	103	A	0	0	103	35
A_PB2	1917	115	T	0	0	115	35
A_PB2	1918	110	G	0	0	110	35
A_PB2	1919	96	T	0	0	96	35
A_PB2	1920	88	A	0	0	88	35
A_PB2	1921	103	A	0	0	103	35
A_PB2	1922	105	G	0	0	105	35
A_PB2	1923	99	A	0	0	99	35
A_PB2	1924	97	G	0	0	97	35
A_PB2	1925	110	G	0	0	110	35
A_PB2	1926	105	A	0	0	105	35
A_PB2	1927	90	T	0	0	90	35
A_PB2	1928	104	C	0	0	104	35
A_PB2	1929	93	A	0	0	93	35
A_PB2	1930	114	G	0	0	114	35
A_PB2	1931	97	G	0	0	97	35
A_PB2	1932	92	A	0	0	92	35
A_PB2	1933	111	A	0	0	111	35
A_PB2	1934	100	T	0	0	100	35
A_PB2	1935	92	G	0	0	92	35
A_PB2	1936	104	A	0	0	104	35
A_PB2	1937	98	G	0	0	98	35
A_PB2	1938	115	G	0	0	115	35
A_PB2	1939	88	A	0	0	88	35
A_PB2	1940	102	T	0	0	102	35
A_PB2	1941	108	A	0	0	108	35
A_PB2	1942	108	C	0	0	108	35
A_PB2	1943	92	T	0	0	92	35
A_PB2	1944	103	G	0	0	103	35
A_PB2	1945	92	G	0	0	92	35
A_PB2	1946	101	T	0	0	101	35
A_PB2	1947	97	A	0	0	97	35
A_PB2	1948	85	A	0	0	85	35
A_PB2	1949	104	G	0	0	104	35
A_PB2	1950	95	A	0	0	95	35
A_PB2	1951	87	G	0	0	87	35
A_PB2	1952	95	G	0	0	95	35
A_PB2	1953	85	C	0	0	85	35
A_PB2	1954	106	A	0	0	106	35
A_PB2	1955	87	A	0	0	87	35
A_PB2	1956	92	T	0	0	92	35
A_PB2	1957	102	T	0	0	102	35
A_PB2	1958	95	C	0	0	95	35
A_PB2	1959	85	A	0	0	85	35
A_PB2	1960	111	C	0	0	111	35
A_PB2	1961	97	C	0	0	97	35
A_PB2	1962	107	A	0	0	107	35
A_PB2	1963	104	G	0	0	104	35
A_PB2	1964	107	T	0	0	107	35
A_PB2	1965	94	C	0	0	94	35
A_PB2	1966	103	T	0	0	103	35
A_PB2	1967	96	T	0	0	96	35
A_PB2	1968	109	C	0	0	109	35
A_PB2	1969	93	A	0	0	93	35
A_PB2	1970	90	A	0	0	90	35
A_PB2	1971	107	T	0	0	107	35
A_PB2	1972	108	T	0	0	108	35
A_PB2	1973	103	A	0	0	103	35
A_PB2	1974	89	C	0	0	89	35
A_PB2	1975	92	A	0	0	92	35
A_PB2	1976	112	A	0	0	112	35
A_PB2	1977	100	C	0	0	100	35
A_PB2	1978	88	A	0	0	88	35
A_PB2	1979	90	A	0	0	90	35
A_PB2	1980	112	G	0	0	112	35
A_PB2	1981	114	G	0	0	114	35
A_PB2	1982	105	C	0	0	105	35
A_PB2	1983	102	C	0	0	102	35
A_PB2	1984	92	A	0	0	92	35
A_PB2	1985	96	C	0	0	96	35
A_PB2	1986	100	C	0	0	100	35
A_PB2	1987	85	A	0	0	85	35
A_PB2	1988	87	A	0	0	87	35
A_PB2	1989	113	G	0	0	113	35
A_PB2	1990	109	A	0	0	109	35
A_PB2	1991	103	G	0	0	103	35
A_PB2	1992	87	G	0	0	87	35
A_PB2	1993	104	C	0	0	104	35
A_PB2	1994	107	T	0	0	107	35
A_PB2	1995	102	C	0	0	102	35
A_PB2	1996	110	A	0	0	110	35
A_PB2	1997	92	C	0	0	92	35
A_PB2	1998	102	A	0	0	102	35
A_PB2	1999	89	G	0	0	89	35
A_PB2	2000	100	T	0	0	100	35
A_PB2	2001	89	T	0	0	89	35
A_PB2	2002	90	C	0	0	90	35
A_PB2	2003	94	T	0	0	94	35
A_PB2	2004	105	C	0	0	105	35
A_PB2	2005	104	G	0	0	104	35
A_PB2	2006	115	G	0	0	115	35
A_PB2	2007	112	G	0	0	112	35
A_PB2	2008	86	A	0	0	86	35
A_PB2	2009	94	A	0	0	94	35
A_PB2	2010	97	A	0	0	97	35
A_PB2	2011	98	G	0	0	98	35
A_PB2	2012	99	A	0	0	99	35
A_PB2	2013	112	T	0	0	112	35
A_PB2	2014	87	G	0	0	87	35
A_PB2	2015	107	C	0	0	107	35
A_PB2	2016	89	A	0	0	89	35
A_PB2	2017	88	G	0	0	88	35
A_PB2	2018	106	G	0	0	106	35
A_PB2	2019	94	T	0	0	94	35
A_PB2	2020	113	G	0	0	113	35
A_PB2	2021	108	C	0	0	108	35
A_PB2	2022	91	A	0	0	91	35
A_PB2	2023	112	T	0	0	112	35
A_PB2	2024	96	T	0	0	96	35
A_PB2	2025	107	G	0	0	107	35
A_PB2	2026	111	A	0	0	111	35
A_PB2	2027	103	C	0	0	103	35
A_PB2	2028	95	C	0	0	95	35
A_PB2	2029	89	G	0	0	89	35
A_PB2	2030	95	A	0	0	95	35
A_PB2	2031	115	A	0	0	115	35
A_PB2	2032	88	G	0	0	88	35
A_PB2	2033	114	A	0	0	114	35
A_PB2	2034	101	T	0	0	101	35
A_PB2	2035	90	C	0	0	90	35
A_PB2	2036	102	C	0	0	102	35
A_PB2	2037	100	A	0	0	100	35
A_PB2	2038	111	G	0	0	111	35
A_PB2	2039	102	A	0	0	102	35
A_PB2	2040	87	T	0	0	87	35
A_PB2	2041	87	G	0	0	87	35
A_PB2	2042	86	A	0	0	86	35
A_PB2	2043	97	A	0	0	97	35
A_PB2	2044	95	G	0	0	95	35
A_PB2	2045	103	G	0	0	103	35
A_PB2	2046	91	C	0	0	91	35
A_PB2	2047	105	A	0	0	105	35
A_PB2	2048	90	C	0	0	90	35
A_PB2	2049	92	A	0	0	92	35
A_PB2	2050	108	G	0	0	108	35
A_PB2	2051	97	C	0	0	97	35
A_PB2	2052	115	T	0	0	115	35
A_PB2	2053	112	G	0	0	112	35
A_PB2	2054	115	G	0	0	115	35
A_PB2	2055	90	A	0	0	90	35
A_PB2	2056	95	G	0	0	95	35
A_PB2	2057	95	T	0	0	95	35
A_PB2	2058	92	G	0	0	92	35
A_PB2	2059	89	G	0	0	89	35
A_PB2	2060	101	A	0	0	101	35
A_PB2	2061	92	G	0	0	92	35
A_PB2	2062	109	T	0	0	109	35
A_PB2	2063	97	C	0	0	97	35
A_PB2	2064	89	T	0	0	89	35
A_PB2	2065	109	G	0	0	109	35
A_PB2	2066	92	C	0	0	92	35
A_PB2	2067	89	T	0	0	89	35
A_PB2	2068	106	G	0	0	106	35
A_PB2	2069	103	T	0	0	103	35
A_PB2	2070	104	T	0	0	104	35
A_PB2	2071	103	T	0	0	103	35
A_PB2	2072	87	T	0	0	87	35
A_PB2	2073	99	A	0	0	99	35
A_PB2	2074	105	A	0	0	105	35
A_PB2	2075	112	G	0	0	112	35
A_PB2	2076	101	A	0	0	101	35
A_PB2	2077	89	G	0	0	89	35
A_PB2	2078	92	G	0	0	92	35
A_PB2	2079	94	A	0	0	94	35
A_PB2	2080	110	T	0	0	110	35
A_PB2	2081	104	T	0	0	104	35
A_PB2	2082	97	C	0	0	97	35
A_PB2	2083	87	C	0	0	87	35
A_PB2	2084	101	T	0	0	101	35
A_PB2	2085	100	C	0	0	100	35
A_PB2	2086	102	A	0	0	102	35
A_PB2	2087	105	T	0	0	105	35
A_PB2	2088	113	T	0	0	113	35
A_PB2	2089	92	T	0	0	92	35
A_PB2	2090	103	T	0	0	103	35
A_PB2	2091	96	G	0	0	96	35
A_PB2	2092	90	G	0	0	90	35
A_PB2	2093	110	G	0	0	110	35
A_PB2	2094	97	C	0	0	97	35
A_PB2	2095	87	A	0	0	87	35
A_PB2	2096	102	A	0	0	102	35
A_PB2	2097	89	A	0	0	89	35
A_PB2	2098	113	G	0	0	113	35
A_PB2	2099	97	A	0	0	97	35
A_PB2	2100	107	A	0	0	107	35
A_PB2	2101	114	G	0	0	114	35
A_PB2	2102	110	A	0	0	110	35
A_PB2	2103	85	C	0	0	85	35
A_PB2	2104	89	A	0	0	89	35
A_PB2	2105	101	A	0	0	101	35
A_PB2	2106	90	G	0	0	90	35
A_PB2	2107	98	A	0	0	98	35
A_PB2	2108	103	G	0	0	103	35
A_PB2	2109	104	A	0	0	104	35
A_PB2	2110	100	T	0	0	100	35
A_PB2	2111	115	A	0	0	115	35
A_PB2	2112	88	T	0	0	88	35
A_PB2	2113	114	G	0	0	114	35
A_PB2	2114	114	G	0	0	114	35
A_PB2	2115	97	C	0	0	97	35
A_PB2	2116	86	C	0	0	86	35
A_PB2	2117	115	C	0	0	115	35
A_PB2	2118	89	A	0	0	89	35
A_PB2	2119	115	G	0	0	115	35
A_PB2	2120	101	C	0	0	101	35
A_PB2	2121	101	A	0	0	101	35
A_PB2	2122	110	T	0	0	110	35
A_PB2	2123	97	T	0	0	97	35
A_PB2	2124	95	G	0	0	95	35
A_PB2	2125	99	A	0	0	99	35
A_PB2	2126	108	G	0	0	108	35
A_PB2	2127	113	C	0	0	113	35
A_PB2	2128	88	A	0	0	88	35
A_PB2	2129	103	T	0	0	103	35
A_PB2	2130	93	C	0	0	93	35
A_PB2	2131	113	A	0	0	113	35
A_PB2	2132	113	A	0	0	113	35
A_PB2	2133	96	T	0	0	96	35
A_PB2	2134	105	G	0	0	105	35
A_PB2	2135	103	A	0	0	103	35
A_PB2	2136	101	G	0	0	101	35
A_PB2	2137	103	C	0	0	103	35
A_PB2	2138	104	T	0	0	104	35
A_PB2	2139	96	G	0	0	96	35
A_PB2	2140	95	A	0	0	95	35
A_PB2	2141	108	G	0	0	108	35
A_PB2	2142	87	C	0	0	87	35
A_PB2	2143	100	A	0	0	100	35
A_PB2	2144	108	A	0	0	108	35
A_PB2	2145	114	T	0	0	114	35
A_PB2	2146	97	C	0	0	97	35
A_PB2	2147	110	T	0	0	110	35
A_PB2	2148	86	T	0	0	86	35
A_PB2	2149	88	G	0	0	88	35
A_PB2	2150	107	C	0	0	107	35
A_PB2	2151	107	A	0	0	107	35
A_PB2	2152	99	A	0	0	99	35
A_PB2	2153	105	A	0	0	105	35
A_PB2	2154	94	G	0	0	94	35
A_PB2	2155	91	G	0	0	91	35
A_PB2	2156	88	G	0	0	88	35
A_PB2	2157	85	A	0	0	85	35
A_PB2	2158	103	G	0	0	103	35
A_PB2	2159	89	A	0	0	89	35
A_PB2	2160	85	G	0	0	85	35
A_PB2	2161	105	A	0	0	105	35
A_PB2	2162	101	A	0	0	101	35
A_PB2	2163	99	G	0	0	99	35
A_PB2	2164	106	G	0	0	106	35
A_PB2	2165	89	C	0	0	89	35
A_PB2	2166	107	T	0	0	107	35
A_PB2	2167	112	A	0	0	112	35
A_PB2	2168	85	A	0	0	85	35
A_PB2	2169	114	T	0	0	114	35
A_PB2	2170	114	G	0	0	114	35
A_PB2	2171	100	T	0	0	100	35
A_PB2	2172	106	G	0	0	106	35
A_PB2	2173	109	C	0	0	109	35
A_PB2	2174	103	T	0	0	103	35
A_PB2	2175	100	A	0	0	100	35
A_PB2	2176	99	A	0	0	99	35
A_PB2	2177	108	T	0	0	108	35
A_PB2	2178	111	T	0	0	111	35
A_PB2	2179	106	G	0	0	106	35
A_PB2	2180	88	G	0	0	88	35
A_PB2	2181	114	G	0	0	114	35
A_PB2	2182	111	C	0	0	111	35
A_PB2	2183	88	A	0	0	88	35
A_PB2	2184	93	A	0	0	93	35
A_PB2	2185	108	G	0	0	108	35
A_PB2	2186	89	G	0	0	89	35
A_PB2	2187	92	A	0	0	92	35
A_PB2	2188	91	G	0	0	91	35
A_PB2	2189	96	A	0	0	96	35
A_PB2	2190	111	C	0	0	111	35
A_PB2	2191	100	G	0	0	100	35
A_PB2	2192	113	T	0	0	113	35
A_PB2	2193	104	A	0	0	104	35
A_PB2	2194	87	G	0	0	87	35
A_PB2	2195	105	T	0	0	105	35
A_PB2	2196	111	G	0	0	111	35
A_PB2	2197	93	T	0	0	93	35
A_PB2	2198	93	T	0	0	93	35
A_PB2	2199	88	G	0	0	88	35
A_PB2	2200	96	G	0	0	96	35
A_PB2	2201	92	T	0	0	92	35
A_PB2	2202	97	G	0	0	97	35
A_PB2	2203	111	A	0	0	111	35
A_PB2	2204	108	T	0	0	108	35
A_PB2	2205	88	G	0	0	88	35
A_PB2	2206	114	A	0	0	114	35
A_PB2	2207	110	A	0	0	110	35
A_PB2	2208	113	A	0	0	113	35
A_PB2	2209	97	C	0	0	97	35
A_PB2	2210	113	G	0	0	113	35
A_PB2	2211	102	G	0	0	102	35
A_PB2	2212	112	A	0	0	112	35
A_PB2	2213	106	A	0	0	106	35
A_PB2	2214	89	A	0	0	89	35
A_PB2	2215	101	C	0	0	101	35
A_PB2	2216	86	G	0	0	86	35
A_PB2	2217	110	G	0	0	110	35
A_PB2	2218	102	G	0	0	102	35
A_PB2	2219	87	A	0	0	87	35
A_PB2	2220	98	C	0	0	98	35
A_PB2	2221	114	T	0	0	114	35
A_PB2	2222	99	C	0	0	99	35
A_PB2	2223	107	T	0	0	107	35
A_PB2	2224	85	A	0	0	85	35
A_PB2	2225	87	G	0	0	87	35
A_PB2	2226	93	C	0	0	93	35
A_PB2	2227	106	A	0	0	106	35
A_PB2	2228	104	T	0	0	104	35
A_PB2	2229	98	A	0	0	98	35
A_PB2	2230	93	C	0	0	93	35
A_PB2	2231	99	T	0	0	99	35
A_PB2	2232	105	T	0	0	105	35
A_PB2	2233	87	A	0	0	87	35
A_PB2	2234	107	C	0	0	107	35
A_PB2	2235	93	T	0	0	93	35
A_PB2	2236	114	G	0	0	114	35
A_PB2	2237	108	A	0	0	108	35
A_PB2	2238	98	C	0	0	98	35
A_PB2	2239	99	A	0	0	99	35
A_PB2	2240	113	G	0	0	113	35
A_PB2	2241	86	C	0	0	86	35
A_PB2	2242	110	C	0	0	110	35
A_PB2	2243	99	A	0	0	99	35
A_PB2	2244	113	G	0	0	113	35
A_PB2	2245	109	A	0	0	109	35
A_PB2	2246	115	C	0	0	115	35
A_PB2	2247	91	A	0	0	91	35
A_PB2	2248	105	G	0	0	105	35
A_PB2	2249	95	C	0	0	95	35
A_PB2	2250	112	G	0	0	112	35
A_PB2	2251	90	A	0	0	90	35
A_PB2	2252	112	C	0	0	112	35
A_PB2	2253	88	C	0	0	88	35
A_PB2	2254	89	A	0	0	89	35
A_PB2	2255	100	A	0	0	100	35
A_PB2	2256	115	A	0	0	115	35
A_PB2	2257	115	A	0	0	115	35
A_PB2	2258	86	G	0	0	86	35
A_PB2	2259	115	A	0	0	115	35
A_PB2	2260	114	A	0	0	114	35
A_PB2	2261	100	T	0	0	100	35
A_PB2	2262	107	T	0	0	107	35
A_PB2	2263	97	C	0	0	97	35
A_PB2	2264	102	G	0	0	102	35
A_PB2	2265	115	G	0	0	115	35
A_PB2	2266	104	A	0	0	104	35
A_PB2	2267	112	T	0	0	112	35
A_PB2	2268	89	G	0	0	89	35
A_PB2	2269	100	G	0	0	100	35
A_PB2	2270	92	C	0	0	92	35
A_PB2	2271	86	C	0	0	86	35
A_PB2	2272	112	A	0	0	112	35
A_PB2	2273	110	T	0	0	110	35
A_PB2	2274	88	C	0	0	88	35
A_PB2	2275	92	A	0	0	92	35
A_PB2	2276	93	A	0	0	93	35
A_PB2	2277	88	T	0	0	88	35
A_PB2	2278	89	T	0	0	89	35
A_PB2	2279	85	A	0	0	85	35
A_PB2	2280	86	G	0	0	86	35
