Reference_Name	Position	Coverage Depth	Consensus	Deletions	Ambiguous	Consensus_Count	Consensus_Average_Quality
A_HA	1	37	A	0	0	37	34.0
A_HA	2	74	T	0	0	74	37.2
A_HA	3	116	G	0	0	116	36.0
A_HA	4	143	G	0	0	143	36.0
A_HA	5	171	A	0	0	171	36.7
A_HA	6	211	G	0	0	211	35.6
A_HA	7	248	A	0	0	248	37.0
A_HA	8	294	A	0	0	294	37.3
A_HA	9	386	C	0	0	386	36.5
A_HA	10	381	A	0	0	381	37.7
A_HA	11	395	T	0	0	395	34.9
A_HA	12	446	A	0	0	446	37.7
A_HA	13	478	G	0	0	478	37.2
A_HA	14	540	T	0	0	540	37.2
A_HA	15	569	A	0	0	569	37.2
A_HA	16	581	C	0	0	581	36.6
A_HA	17	610	T	0	0	610	35.7
A_HA	18	701	A	0	0	701	36.6
A_HA	19	726	C	0	0	726	35.6
A_HA	20	775	T	0	0	775	37.0
A_HA	21	853	T	0	0	853	35.7
A_HA	22	764	C	0	0	764	36.3
A_HA	23	899	T	0	0	899	34.7
A_HA	24	869	T	0	0	869	34.8
A_HA	25	909	G	0	0	909	35.9
A_HA	26	1109	C	0	0	1109	34.5
A_HA	27	1154	A	0	0	1154	36.5
A_HA	28	1100	A	0	0	1100	34.3
A_HA	29	1102	T	0	0	1102	36.9
A_HA	30	1143	A	0	0	1143	35.0
A_HA	31	1271	G	0	0	1271	34.0
A_HA	32	1154	T	0	0	1154	37.5
A_HA	33	1341	T	0	0	1341	36.3
A_HA	34	1315	A	0	0	1315	35.9
A_HA	35	1304	G	0	0	1304	37.0
A_HA	36	1328	C	0	0	1328	34.0
A_HA	37	1397	C	0	0	1397	37.4
A_HA	38	1562	T	0	0	1562	36.0
A_HA	39	1457	T	0	0	1457	34.7
A_HA	40	1689	G	0	0	1689	38.0
A_HA	41	1511	T	0	0	1511	35.6
A_HA	42	1570	T	0	0	1570	37.0
A_HA	43	1732	A	0	0	1732	36.5
A_HA	44	1805	A	0	0	1805	34.2
A_HA	45	1894	A	0	0	1894	34.7
A_HA	46	2149	A	0	0	2149	36.6
A_HA	47	1922	G	0	0	1922	36.0
A_HA	48	1840	T	0	0	1840	34.4
A_HA	49	1882	G	0	0	1882	37.1
A_HA	50	1982	A	0	0	1982	36.7
A_HA	51	2075	T	0	0	2075	37.5
A_HA	52	2150	C	0	0	2150	37.0
A_HA	53	1999	A	0	0	1999	36.1
A_HA	54	2187	G	0	0	2187	37.6
A_HA	55	2044	A	0	0	2044	37.6
A_HA	56	2237	T	0	0	2237	36.0
A_HA	57	2570	T	0	0	2570	37.0
A_HA	58	2300	T	0	0	2300	37.6
A_HA	59	2448	G	0	0	2448	37.8
A_HA	60	2237	C	0	0	2237	34.6
A_HA	61	2469	A	0	0	2469	37.9
A_HA	62	2488	T	0	0	2488	36.6
A_HA	63	2308	T	0	0	2308	35.3
A_HA	64	2585	G	0	0	2585	35.2
A_HA	65	2492	G	0	0	2492	38.0
A_HA	66	2576	T	0	0	2576	37.6
A_HA	67	2722	T	0	0	2722	34.4
A_HA	68	2438	A	0	0	2438	36.4
A_HA	69	2537	C	0	0	2537	34.7
A_HA	70	2531	C	0	0	2531	37.2
A_HA	71	2723	A	0	0	2723	37.2
A_HA	72	2863	T	0	0	2863	36.9
A_HA	73	2771	G	0	0	2771	37.7
A_HA	74	3096	C	0	0	3096	37.1
A_HA	75	2550	A	0	0	2550	37.4
A_HA	76	3092	A	0	0	3092	35.7
A_HA	77	3164	A	0	0	3164	35.8
A_HA	78	3078	C	0	0	3078	37.2
A_HA	79	3131	A	0	0	3131	35.6
A_HA	80	3091	A	0	0	3091	36.0
A_HA	81	3268	T	0	0	3268	34.0
A_HA	82	3139	T	0	0	3139	35.0
A_HA	83	3107	C	0	0	3107	35.0
A_HA	84	3374	G	0	0	3374	37.4
A_HA	85	2988	A	0	0	2988	35.3
A_HA	86	3355	C	0	0	3355	36.9
A_HA	87	3443	A	0	0	3443	34.2
A_HA	88	3356	G	0	0	3356	34.4
A_HA	89	3555	A	0	0	3555	34.3
A_HA	90	3241	G	0	0	3241	37.7
A_HA	91	3478	C	0	0	3478	35.8
A_HA	92	3660	A	0	0	3660	36.9
A_HA	93	3434	A	0	0	3434	36.8
A_HA	94	3687	G	0	0	3687	34.5
A_HA	95	3697	T	0	0	3697	37.2
A_HA	96	3245	T	0	0	3245	35.6
A_HA	97	3048	G	0	0	3048	37.7
A_HA	98	3293	A	0	0	3293	34.3
A_HA	99	3644	C	0	0	3644	36.1
A_HA	100	3818	A	0	0	3818	37.7
A_HA	101	3940	C	0	0	3940	34.3
A_HA	102	3971	G	0	0	3971	34.3
A_HA	103	3966	A	0	0	3966	34.4
A_HA	104	3862	T	0	0	3862	35.6
A_HA	105	3885	A	0	0	3885	38.0
A_HA	106	3721	A	0	0	3721	37.1
A_HA	107	3632	T	0	0	3632	35.9
A_HA	108	4112	G	0	0	4112	34.2
A_HA	109	3884	G	0	0	3884	37.4
A_HA	110	3429	A	0	0	3429	36.3
A_HA	111	3660	A	0	0	3660	37.6
A_HA	112	3484	A	0	0	3484	37.8
A_HA	113	4095	A	0	0	4095	35.0
A_HA	114	3749	G	0	0	3749	34.9
A_HA	115	3519	A	0	0	3519	35.3
A_HA	116	3574	A	0	0	3574	37.3
A_HA	117	3700	C	0	0	3700	35.2
A_HA	118	3384	G	0	0	3384	34.9
A_HA	119	3915	T	0	0	3915	34.3
A_HA	120	3564	C	0	0	3564	34.8
A_HA	121	3508	A	0	0	3508	34.0
A_HA	122	3948	C	0	0	3948	34.2
A_HA	123	4098	T	0	0	4098	37.0
A_HA	124	3278	G	0	0	3278	36.8
A_HA	125	3315	T	0	0	3315	36.5
A_HA	126	3638	T	0	0	3638	37.3
A_HA	127	3152	A	0	0	3152	35.7
A_HA	128	3450	C	0	0	3450	35.4
A_HA	129	4218	A	0	0	4218	34.4
A_HA	130	3448	C	0	0	3448	37.2
A_HA	131	3630	A	0	0	3630	36.4
A_HA	132	3360	T	0	0	3360	34.6
A_HA	133	3143	G	0	0	3143	34.2
A_HA	134	2979	C	0	0	2979	37.3
A_HA	135	3372	C	0	0	3372	34.2
A_HA	136	3482	C	0	0	3482	35.4
A_HA	137	2890	A	0	0	2890	36.9
A_HA	138	3411	A	0	0	3411	37.2
A_HA	139	3526	G	0	0	3526	34.6
A_HA	140	3514	A	0	0	3514	36.6
A_HA	141	3523	C	0	0	3523	34.9
A_HA	142	3443	A	0	0	3443	36.4
A_HA	143	3335	T	0	0	3335	37.0
A_HA	144	3776	A	0	0	3776	35.4
A_HA	145	3541	C	0	0	3541	36.4
A_HA	146	3162	T	0	0	3162	34.5
A_HA	147	3075	G	0	0	3075	36.2
A_HA	148	3319	G	0	0	3319	34.6
A_HA	149	3115	A	0	0	3115	35.6
A_HA	150	3323	A	0	0	3323	35.2
A_HA	151	3211	A	0	0	3211	34.0
A_HA	152	2806	A	0	0	2806	34.1
A_HA	153	2934	A	0	0	2934	35.8
A_HA	154	3045	A	0	0	3045	37.3
A_HA	155	3002	C	0	0	3002	36.4
A_HA	156	3369	A	0	0	3369	35.0
A_HA	157	3153	C	0	0	3153	35.9
A_HA	158	2946	A	0	0	2946	36.8
A_HA	159	2940	C	0	0	2940	36.5
A_HA	160	2999	A	0	0	2999	34.4
A_HA	161	3241	A	0	0	3241	34.6
A_HA	162	3296	C	0	0	3296	34.1
A_HA	163	2680	G	0	0	2680	35.8
A_HA	164	2583	G	0	0	2583	34.6
A_HA	165	2915	G	0	0	2915	35.1
A_HA	166	2944	A	0	0	2944	34.3
A_HA	167	3137	A	0	0	3137	34.2
A_HA	168	3026	G	0	0	3026	34.7
A_HA	169	2911	C	0	0	2911	35.0
A_HA	170	2988	T	0	0	2988	37.4
A_HA	171	2864	C	0	0	2864	35.9
A_HA	172	2960	T	0	0	2960	34.1
A_HA	173	3135	G	0	0	3135	34.5
A_HA	174	3034	T	0	0	3034	35.6
A_HA	175	2806	G	0	0	2806	36.4
A_HA	176	2655	A	0	0	2655	34.7
A_HA	177	3249	T	0	0	3249	34.3
A_HA	178	3170	T	0	0	3170	37.6
A_HA	179	3378	T	0	0	3378	34.6
A_HA	180	3022	A	0	0	3022	34.7
A_HA	181	2929	A	0	0	2929	37.3
A_HA	182	3003	A	0	0	3003	37.9
A_HA	183	2853	T	0	0	2853	34.9
A_HA	184	2687	G	0	0	2687	37.4
A_HA	185	2868	G	0	0	2868	37.3
A_HA	186	2768	G	0	0	2768	34.5
A_HA	187	2851	G	0	0	2851	35.4
A_HA	188	2860	T	0	0	2860	37.1
A_HA	189	2596	G	0	0	2596	36.8
A_HA	190	3333	A	0	0	3333	37.2
A_HA	191	3134	A	0	0	3134	37.6
A_HA	192	2901	G	0	0	2901	35.2
A_HA	193	2899	C	0	0	2899	34.3
A_HA	194	2950	C	0	0	2950	35.2
A_HA	195	2677	A	0	0	2677	34.4
A_HA	196	2691	C	0	0	2691	37.8
A_HA	197	2869	T	0	0	2869	36.3
A_HA	198	2782	G	0	0	2782	35.7
A_HA	199	2929	A	0	0	2929	35.6
A_HA	200	2762	T	0	0	2762	37.9
A_HA	201	2867	T	0	0	2867	35.5
A_HA	202	3128	T	0	0	3128	36.6
A_HA	203	2511	T	0	0	2511	36.5
A_HA	204	2823	A	0	0	2823	37.9
A_HA	205	3187	A	0	0	3187	34.6
A_HA	206	2646	A	0	0	2646	34.9
A_HA	207	3082	G	0	0	3082	36.2
A_HA	208	2896	G	0	0	2896	35.0
A_HA	209	2859	A	0	0	2859	37.9
A_HA	210	2918	T	0	0	2918	34.1
A_HA	211	2993	T	0	0	2993	37.5
A_HA	212	3069	G	0	0	3069	36.6
A_HA	213	2977	T	0	0	2977	36.1
A_HA	214	2634	A	0	0	2634	34.5
A_HA	215	3098	G	0	0	3098	34.5
A_HA	216	2976	T	0	0	2976	35.1
A_HA	217	2907	G	0	0	2907	37.5
A_HA	218	2840	T	0	0	2840	35.0
A_HA	219	2715	A	0	0	2715	36.9
A_HA	220	2875	G	0	0	2875	34.1
A_HA	221	3209	C	0	0	3209	35.1
A_HA	222	2920	T	0	0	2920	37.6
A_HA	223	2933	G	0	0	2933	34.0
A_HA	224	2969	G	0	0	2969	35.9
A_HA	225	3031	A	0	0	3031	35.5
A_HA	226	3000	T	0	0	3000	36.7
A_HA	227	3043	G	0	0	3043	36.7
A_HA	228	3101	G	0	0	3101	37.3
A_HA	229	3000	C	0	0	3000	35.9
A_HA	230	3175	T	0	0	3175	34.2
A_HA	231	3047	C	0	0	3047	35.8
A_HA	232	2974	C	0	0	2974	34.4
A_HA	233	3150	T	0	0	3150	37.0
A_HA	234	3092	C	0	0	3092	34.2
A_HA	235	2870	G	0	0	2870	34.5
A_HA	236	2965	G	0	0	2965	36.9
A_HA	237	2709	A	0	0	2709	35.9
A_HA	238	3378	A	0	0	3378	37.6
A_HA	239	3451	A	0	0	3451	34.3
A_HA	240	3175	C	0	0	3175	36.9
A_HA	241	2995	C	0	0	2995	35.9
A_HA	242	3576	C	0	0	3576	37.0
A_HA	243	3313	A	0	0	3313	35.8
A_HA	244	3211	A	0	0	3211	36.7
A_HA	245	3662	T	0	0	3662	36.2
A_HA	246	3395	G	0	0	3395	34.8
A_HA	247	3688	T	0	0	3688	36.7
A_HA	248	3912	G	0	0	3912	34.6
A_HA	249	3211	C	0	0	3211	34.9
A_HA	250	3790	G	0	0	3790	36.9
A_HA	251	3546	A	0	0	3546	37.6
A_HA	252	3571	C	0	0	3571	36.0
A_HA	253	3383	G	0	0	3383	37.3
A_HA	254	3419	A	0	0	3419	34.6
A_HA	255	3760	A	0	0	3760	34.1
A_HA	256	3595	T	0	0	3595	35.9
A_HA	257	3588	T	0	0	3588	34.0
A_HA	258	3666	C	0	0	3666	35.0
A_HA	259	3970	A	0	0	3970	34.8
A_HA	260	3548	T	0	0	3548	36.4
A_HA	261	3666	C	0	0	3666	34.6
A_HA	262	3708	A	0	0	3708	35.4
A_HA	263	3890	G	0	0	3890	37.3
A_HA	264	3607	A	0	0	3607	34.9
A_HA	265	4262	G	0	0	4262	36.1
A_HA	266	3879	T	0	0	3879	35.3
A_HA	267	4019	G	0	0	4019	34.2
A_HA	268	4203	C	0	0	4203	35.5
A_HA	269	4107	C	0	0	4107	36.6
A_HA	270	3732	G	0	0	3732	34.5
A_HA	271	4046	G	0	0	4046	35.9
A_HA	272	4456	A	0	0	4456	36.2
A_HA	273	3817	A	0	0	3817	36.5
A_HA	274	4329	T	0	0	4329	35.3
A_HA	275	4046	G	0	0	4046	36.5
A_HA	276	4184	G	0	0	4184	37.0
A_HA	277	4224	T	0	0	4224	38.0
A_HA	278	4128	C	0	0	4128	34.4
A_HA	279	4285	C	0	0	4285	34.8
A_HA	280	4575	T	0	0	4575	34.8
A_HA	281	3797	A	0	0	3797	34.1
A_HA	282	4619	C	0	0	4619	36.1
A_HA	283	4212	A	0	0	4212	35.9
A_HA	284	4340	T	0	0	4340	37.4
A_HA	285	4307	A	0	0	4307	34.2
A_HA	286	4409	G	0	0	4409	35.3
A_HA	287	4004	T	0	0	4004	34.9
A_HA	288	4661	G	0	0	4661	36.8
A_HA	289	4007	G	0	0	4007	34.5
A_HA	290	4499	A	0	0	4499	37.4
A_HA	291	4292	G	0	0	4292	37.8
A_HA	292	4289	C	0	0	4289	37.0
A_HA	293	4376	G	0	0	4376	35.9
A_HA	294	4893	G	0	0	4893	34.3
A_HA	295	4452	G	0	0	4452	34.9
A_HA	296	4401	C	0	0	4401	36.8
A_HA	297	4433	T	0	0	4433	37.8
A_HA	298	4589	A	0	0	4589	34.3
A_HA	299	4267	A	0	0	4267	36.8
A_HA	300	4821	C	0	0	4821	36.8
A_HA	301	4872	C	0	0	4872	35.5
A_HA	302	4611	C	0	0	4611	36.4
A_HA	303	4701	A	0	0	4701	34.1
A_HA	304	4606	G	0	0	4606	35.6
A_HA	305	5013	C	0	0	5013	37.5
A_HA	306	4983	T	0	0	4983	36.3
A_HA	307	4872	A	0	0	4872	34.4
A_HA	308	4850	A	0	0	4850	34.8
A_HA	309	4635	T	0	0	4635	34.6
A_HA	310	4646	G	0	0	4646	36.5
A_HA	311	4604	A	0	0	4604	36.4
A_HA	312	4766	C	0	0	4766	34.4
A_HA	313	5050	C	0	0	5050	36.4
A_HA	314	5170	T	0	0	5170	37.1
A_HA	315	4676	C	0	0	4676	34.4
A_HA	316	4750	T	0	0	4750	36.9
A_HA	317	5564	G	0	0	5564	36.1
A_HA	318	5183	T	0	0	5183	35.1
A_HA	319	4985	T	0	0	4985	35.5
A_HA	320	4586	A	0	0	4586	34.5
A_HA	321	4892	C	0	0	4892	37.9
A_HA	322	5092	C	0	0	5092	36.7
A_HA	323	5318	C	0	0	5318	35.3
A_HA	324	5162	A	0	0	5162	35.4
A_HA	325	4612	G	0	0	4612	35.2
A_HA	326	5394	G	0	0	5394	34.4
A_HA	327	5245	G	0	0	5245	37.8
A_HA	328	5254	A	0	0	5254	36.1
A_HA	329	5592	G	0	0	5592	35.4
A_HA	330	4912	C	0	0	4912	34.2
A_HA	331	5119	C	0	0	5119	36.8
A_HA	332	5332	T	0	0	5332	34.8
A_HA	333	4833	C	0	0	4833	34.7
A_HA	334	4996	A	0	0	4996	35.6
A_HA	335	4862	A	0	0	4862	35.3
A_HA	336	4950	T	0	0	4950	35.1
A_HA	337	5473	G	0	0	5473	35.2
A_HA	338	5288	A	0	0	5288	36.4
A_HA	339	4994	C	0	0	4994	35.9
A_HA	340	5144	T	0	0	5144	34.4
A_HA	341	5337	A	0	0	5337	37.0
A_HA	342	5640	T	0	0	5640	35.3
A_HA	343	4996	G	0	0	4996	37.0
A_HA	344	4689	A	0	0	4689	35.9
A_HA	345	5117	A	0	0	5117	34.0
A_HA	346	5260	G	0	0	5260	37.2
A_HA	347	5298	A	0	0	5298	35.4
A_HA	348	5991	A	0	0	5991	35.0
A_HA	349	5042	C	0	0	5042	35.5
A_HA	350	5752	T	0	0	5752	35.5
A_HA	351	5020	G	0	0	5020	37.2
A_HA	352	5091	A	0	0	5091	35.2
A_HA	353	4666	A	0	0	4666	37.1
A_HA	354	5358	A	0	0	5358	36.0
A_HA	355	4960	C	0	0	4960	34.2
A_HA	356	5582	A	0	0	5582	37.6
A_HA	357	4875	C	0	0	4875	34.2
A_HA	358	5088	A	0	0	5088	34.0
A_HA	359	5811	T	0	0	5811	35.7
A_HA	360	4917	G	0	0	4917	37.5
A_HA	361	5159	T	0	0	5159	37.7
A_HA	362	5218	T	0	0	5218	37.4
A_HA	363	5118	G	0	0	5118	34.8
A_HA	364	5613	A	0	0	5613	36.0
A_HA	365	4732	G	0	0	4732	34.6
A_HA	366	5018	C	0	0	5018	36.1
A_HA	367	5668	A	0	0	5668	34.9
A_HA	368	5187	G	0	0	5187	36.5
A_HA	369	4606	A	0	0	4606	35.5
A_HA	370	5075	A	0	0	5075	37.2
A_HA	371	4940	T	0	0	4940	37.5
A_HA	372	5192	A	0	0	5192	36.0
A_HA	373	4941	A	0	0	4941	37.1
A_HA	374	5014	A	0	0	5014	35.9
A_HA	375	4604	T	0	0	4604	36.7
A_HA	376	4619	C	0	0	4619	34.7
A_HA	377	4556	A	0	0	4556	34.9
A_HA	378	4991	T	0	0	4991	35.7
A_HA	379	5062	T	0	0	5062	35.8
A_HA	380	4767	T	0	0	4767	36.5
A_HA	381	4926	T	0	0	4926	36.4
A_HA	382	5411	G	0	0	5411	36.5
A_HA	383	5180	A	0	0	5180	36.2
A_HA	384	5512	G	0	0	5512	35.8
A_HA	385	5198	A	0	0	5198	34.3
A_HA	386	5104	A	0	0	5104	35.9
A_HA	387	4937	G	0	0	4937	34.8
A_HA	388	4833	A	0	0	4833	34.7
A_HA	389	5920	T	0	0	5920	34.2
A_HA	390	4952	T	0	0	4952	35.3
A_HA	391	4912	C	0	0	4912	38.0
A_HA	392	4463	A	0	0	4463	35.8
A_HA	393	4751	G	0	0	4751	34.5
A_HA	394	4751	A	0	0	4751	35.3
A_HA	395	4726	T	0	0	4726	36.9
A_HA	396	5082	C	0	0	5082	34.2
A_HA	397	4707	A	0	0	4707	36.6
A_HA	398	5106	T	0	0	5106	36.2
A_HA	399	4019	T	0	0	4019	34.7
A_HA	400	5446	C	0	0	5446	34.2
A_HA	401	4759	C	0	0	4759	34.5
A_HA	402	4308	C	0	0	4308	35.6
A_HA	403	5074	A	0	0	5074	36.0
A_HA	404	5214	A	0	0	5214	37.2
A_HA	405	4417	G	0	0	4417	36.4
A_HA	406	5084	A	0	0	5084	36.5
A_HA	407	5412	G	0	0	5412	36.0
A_HA	408	4669	T	0	0	4669	34.8
A_HA	409	4830	T	0	0	4830	36.9
A_HA	410	4658	C	0	0	4658	36.4
A_HA	411	4664	C	0	0	4664	35.3
A_HA	412	4635	T	0	0	4635	34.5
A_HA	413	4632	G	0	0	4632	36.9
A_HA	414	5013	G	0	0	5013	37.5
A_HA	415	4993	C	0	0	4993	36.8
A_HA	416	4753	C	0	0	4753	34.4
A_HA	417	4476	A	0	0	4476	34.9
A_HA	418	4855	A	0	0	4855	34.5
A_HA	419	4569	A	0	0	4569	37.3
A_HA	420	4464	T	0	0	4464	37.5
A_HA	421	4530	C	0	0	4530	35.9
A_HA	422	4849	A	0	0	4849	37.8
A_HA	423	4514	T	0	0	4514	37.1
A_HA	424	4785	G	0	0	4785	37.8
A_HA	425	4515	A	0	0	4515	35.0
A_HA	426	4668	A	0	0	4668	35.3
A_HA	427	4873	A	0	0	4873	34.2
A_HA	428	4792	C	0	0	4792	37.2
A_HA	429	4960	A	0	0	4960	34.6
A_HA	430	4638	T	0	0	4638	35.4
A_HA	431	4303	C	0	0	4303	36.6
A_HA	432	4209	A	0	0	4209	34.6
A_HA	433	4619	C	0	0	4619	35.5
A_HA	434	4351	T	0	0	4351	36.7
A_HA	435	4270	A	0	0	4270	35.3
A_HA	436	4242	G	0	0	4242	35.4
A_HA	437	4187	G	0	0	4187	37.6
A_HA	438	4175	G	0	0	4175	36.0
A_HA	439	3971	G	0	0	3971	34.1
A_HA	440	4596	T	0	0	4596	36.1
A_HA	441	4496	G	0	0	4496	37.1
A_HA	442	4698	A	0	0	4698	34.9
A_HA	443	4833	G	0	0	4833	34.1
A_HA	444	4257	C	0	0	4257	37.4
A_HA	445	4464	G	0	0	4464	35.9
A_HA	446	4352	C	0	0	4352	35.2
A_HA	447	4193	A	0	0	4193	35.7
A_HA	448	4303	G	0	0	4303	34.8
A_HA	449	4552	C	0	0	4552	34.4
A_HA	450	4272	T	0	0	4272	34.4
A_HA	451	4435	T	0	0	4435	36.0
A_HA	452	4624	G	0	0	4624	35.1
A_HA	453	4347	T	0	0	4347	36.2
A_HA	454	4522	C	0	0	4522	37.3
A_HA	455	4105	C	0	0	4105	37.3
A_HA	456	4622	A	0	0	4622	37.9
A_HA	457	4694	T	0	0	4694	37.7
A_HA	458	4348	A	0	0	4348	36.4
A_HA	459	4206	C	0	0	4206	36.3
A_HA	460	4697	C	0	0	4697	34.4
A_HA	461	4621	A	0	0	4621	37.5
A_HA	462	4425	G	0	0	4425	37.9
A_HA	463	4037	G	0	0	4037	34.9
A_HA	464	4026	G	0	0	4026	36.6
A_HA	465	4441	A	0	0	4441	36.6
A_HA	466	4308	G	0	0	4308	37.4
A_HA	467	4252	C	0	0	4252	35.0
A_HA	468	4262	G	0	0	4262	36.3
A_HA	469	3471	C	0	0	3471	35.8
A_HA	470	4447	C	0	0	4447	35.8
A_HA	471	4644	C	0	0	4644	35.0
A_HA	472	4328	T	0	0	4328	37.2
A_HA	473	4495	C	0	0	4495	34.2
A_HA	474	4479	C	0	0	4479	37.1
A_HA	475	4071	T	0	0	4071	34.1
A_HA	476	4519	T	0	0	4519	35.3
A_HA	477	4361	T	0	0	4361	34.8
A_HA	478	4493	T	0	0	4493	37.0
A_HA	479	4287	T	0	0	4287	35.8
A_HA	480	4661	C	0	0	4661	36.7
A_HA	481	3932	A	0	0	3932	37.3
A_HA	482	4119	G	0	0	4119	36.0
A_HA	483	4729	A	0	0	4729	35.6
A_HA	484	4131	A	0	0	4131	34.4
A_HA	485	4196	A	0	0	4196	36.1
A_HA	486	4746	T	0	0	4746	34.3
A_HA	487	4711	G	0	0	4711	37.3
A_HA	488	4342	T	0	0	4342	35.7
A_HA	489	4762	G	0	0	4762	34.2
A_HA	490	4821	G	0	0	4821	36.8
A_HA	491	4595	T	0	0	4595	34.2
A_HA	492	4580	G	0	0	4580	34.7
A_HA	493	4453	T	0	0	4453	35.8
A_HA	494	4316	G	0	0	4316	36.9
A_HA	495	4104	G	0	0	4104	34.7
A_HA	496	4448	C	0	0	4448	36.5
A_HA	497	3935	T	0	0	3935	37.3
A_HA	498	4814	T	0	0	4814	34.3
A_HA	499	4330	A	0	0	4330	36.2
A_HA	500	4646	T	0	0	4646	37.1
A_HA	501	4659	C	0	0	4659	34.7
A_HA	502	5047	A	0	0	5047	36.3
A_HA	503	4252	A	0	0	4252	34.0
A_HA	504	4469	A	0	0	4469	35.5
A_HA	505	5139	A	0	0	5139	34.3
A_HA	506	5141	A	0	0	5141	35.8
A_HA	507	4619	G	0	0	4619	36.2
A_HA	508	4428	A	0	0	4428	37.8
A_HA	509	4591	A	0	0	4591	34.3
A_HA	510	4837	C	0	0	4837	34.4
A_HA	511	4566	G	0	0	4566	35.2
A_HA	512	4833	A	0	0	4833	35.9
A_HA	513	5032	T	0	0	5032	34.3
A_HA	514	4471	G	0	0	4471	34.0
A_HA	515	4702	C	0	0	4702	34.4
A_HA	516	3996	A	0	0	3996	34.3
A_HA	517	5104	T	0	0	5104	34.3
A_HA	518	4413	A	0	0	4413	35.9
A_HA	519	4825	C	0	0	4825	36.0
A_HA	520	4601	C	0	0	4601	36.3
A_HA	521	4878	C	0	0	4878	36.7
A_HA	522	4634	A	0	0	4634	35.7
A_HA	523	4295	A	0	0	4295	34.9
A_HA	524	4678	C	0	0	4678	36.9
A_HA	525	4973	A	0	0	4973	36.6
A_HA	526	5126	A	0	0	5126	34.1
A_HA	527	4848	T	0	0	4848	37.7
A_HA	528	4860	A	0	0	4860	37.6
A_HA	529	4551	A	0	0	4551	37.4
A_HA	530	4415	A	0	0	4415	35.3
A_HA	531	5358	G	0	0	5358	36.7
A_HA	532	5003	A	0	0	5003	37.5
A_HA	533	5051	T	0	0	5051	36.6
A_HA	534	4708	A	0	0	4708	35.7
A_HA	535	5081	A	0	0	5081	37.7
A_HA	536	4558	G	0	0	4558	35.9
A_HA	537	4787	C	0	0	4787	37.3
A_HA	538	4932	T	0	0	4932	36.8
A_HA	539	4767	A	0	0	4767	37.8
A_HA	540	4820	C	0	0	4820	34.3
A_HA	541	4363	A	0	0	4363	37.5
A_HA	542	5093	A	0	0	5093	34.7
A_HA	543	5169	T	0	0	5169	36.8
A_HA	544	4363	A	0	0	4363	36.2
A_HA	545	4767	A	0	0	4767	36.5
A_HA	546	5059	T	0	0	5059	35.5
A_HA	547	4986	A	0	0	4986	35.7
A_HA	548	4521	C	0	0	4521	35.0
A_HA	549	4256	T	0	0	4256	37.0
A_HA	550	4553	A	0	0	4553	37.9
A_HA	551	4817	A	0	0	4817	34.5
A_HA	552	4775	T	0	0	4775	34.5
A_HA	553	5171	C	0	0	5171	36.6
A_HA	554	5342	G	0	0	5342	37.4
A_HA	555	5285	G	0	0	5285	36.3
A_HA	556	4817	G	0	0	4817	34.6
A_HA	557	4618	A	0	0	4618	34.9
A_HA	558	4652	A	0	0	4652	37.3
A_HA	559	4921	G	0	0	4921	35.4
A_HA	560	4639	A	0	0	4639	36.4
A_HA	561	4421	T	0	0	4421	35.1
A_HA	562	4659	C	0	0	4659	34.5
A_HA	563	4377	T	0	0	4377	35.1
A_HA	564	4485	C	0	0	4485	35.8
A_HA	565	4358	T	0	0	4358	34.1
A_HA	566	4978	T	0	0	4978	37.0
A_HA	567	5105	G	0	0	5105	36.2
A_HA	568	4770	A	0	0	4770	35.5
A_HA	569	4507	T	0	0	4507	35.2
A_HA	570	4778	A	0	0	4778	37.0
A_HA	571	4404	C	0	0	4404	37.4
A_HA	572	4532	T	0	0	4532	37.8
A_HA	573	4897	G	0	0	4897	37.6
A_HA	574	4710	T	0	0	4710	37.5
A_HA	575	4603	G	0	0	4603	36.5
A_HA	576	4325	G	0	0	4325	36.3
A_HA	577	4311	G	0	0	4311	35.6
A_HA	578	4420	G	0	0	4420	36.3
A_HA	579	4847	G	0	0	4847	35.9
A_HA	580	5048	A	0	0	5048	36.4
A_HA	581	4198	T	0	0	4198	36.2
A_HA	582	4263	T	0	0	4263	37.2
A_HA	583	5085	C	0	0	5085	36.6
A_HA	584	4855	A	0	0	4855	35.2
A_HA	585	4824	T	0	0	4824	34.4
A_HA	586	4606	C	0	0	4606	37.2
A_HA	587	4951	A	0	0	4951	36.8
A_HA	588	4261	T	0	0	4261	35.6
A_HA	589	3989	T	0	0	3989	34.2
A_HA	590	4680	C	0	0	4680	36.5
A_HA	591	4310	C	0	0	4310	37.0
A_HA	592	4529	A	0	0	4529	36.5
A_HA	593	4345	A	0	0	4345	37.7
A_HA	594	4726	C	0	0	4726	36.0
A_HA	595	4268	A	0	0	4268	36.3
A_HA	596	4095	A	0	0	4095	34.4
A_HA	597	4532	T	0	0	4532	36.9
A_HA	598	4174	G	0	0	4174	35.9
A_HA	599	3957	C	0	0	3957	35.8
A_HA	600	4362	A	0	0	4362	37.4
A_HA	601	4393	G	0	0	4393	37.0
A_HA	602	4011	A	0	0	4011	34.8
A_HA	603	4290	A	0	0	4290	35.8
A_HA	604	4154	G	0	0	4154	36.8
A_HA	605	4022	A	0	0	4022	37.8
A_HA	606	4551	G	0	0	4551	35.6
A_HA	607	4203	C	0	0	4203	34.1
A_HA	608	3894	A	0	0	3894	34.4
A_HA	609	4468	G	0	0	4468	36.8
A_HA	610	3730	A	0	0	3730	36.6
A_HA	611	4077	C	0	0	4077	35.2
A_HA	612	4173	A	0	0	4173	37.0
A_HA	613	3885	A	0	0	3885	37.1
A_HA	614	3730	A	0	0	3730	37.4
A_HA	615	3769	T	0	0	3769	35.8
A_HA	616	3888	C	0	0	3888	37.1
A_HA	617	4005	T	0	0	4005	35.4
A_HA	618	3322	C	0	0	3322	35.2
A_HA	619	3625	T	0	0	3625	34.2
A_HA	620	3708	A	0	0	3708	37.8
A_HA	621	3723	C	0	0	3723	35.3
A_HA	622	4352	A	0	0	4352	35.0
A_HA	623	4157	A	0	0	4157	36.0
A_HA	624	3576	A	0	0	3576	36.6
A_HA	625	4084	A	0	0	4084	35.9
A_HA	626	3792	A	0	0	3792	35.1
A_HA	627	3600	C	0	0	3600	37.3
A_HA	628	4000	C	0	0	4000	38.0
A_HA	629	3277	C	0	0	3277	36.2
A_HA	630	3585	A	0	0	3585	37.0
A_HA	631	3516	A	0	0	3516	36.6
A_HA	632	3553	C	0	0	3553	37.6
A_HA	633	3343	C	0	0	3343	37.8
A_HA	634	3593	A	0	0	3593	35.2
A_HA	635	3627	C	0	0	3627	36.5
A_HA	636	3709	C	0	0	3709	37.5
A_HA	637	3665	T	0	0	3665	34.8
A_HA	638	3480	A	0	0	3480	37.9
A_HA	639	3109	C	0	0	3109	37.6
A_HA	640	3573	A	0	0	3573	36.9
A_HA	641	3216	T	0	0	3216	34.6
A_HA	642	3407	T	0	0	3407	38.0
A_HA	643	3664	T	0	0	3664	37.3
A_HA	644	3189	C	0	0	3189	36.2
A_HA	645	3229	A	0	0	3229	35.9
A_HA	646	3473	G	0	0	3473	35.8
A_HA	647	3381	T	0	0	3381	34.3
A_HA	648	3481	T	0	0	3481	34.4
A_HA	649	2993	G	0	0	2993	34.0
A_HA	650	3135	G	0	0	3135	36.5
A_HA	651	3139	A	0	0	3139	37.8
A_HA	652	3232	A	0	0	3232	36.5
A_HA	653	3299	C	0	0	3299	37.7
A_HA	654	3208	A	0	0	3208	35.3
A_HA	655	2911	T	0	0	2911	34.2
A_HA	656	3108	C	0	0	3108	36.3
A_HA	657	3247	A	0	0	3247	34.7
A_HA	658	2594	A	0	0	2594	37.5
A_HA	659	3021	C	0	0	3021	36.9
A_HA	660	3038	T	0	0	3038	36.5
A_HA	661	2960	T	0	0	2960	37.8
A_HA	662	3160	T	0	0	3160	34.5
A_HA	663	2820	A	0	0	2820	35.6
A_HA	664	2903	A	0	0	2903	37.8
A_HA	665	2739	A	0	0	2739	37.8
A_HA	666	2915	C	0	0	2915	34.4
A_HA	667	2767	C	0	0	2767	36.3
A_HA	668	3304	A	0	0	3304	36.5
A_HA	669	2928	G	0	0	2928	36.3
A_HA	670	2709	A	0	0	2709	36.0
A_HA	671	2550	G	0	0	2550	37.3
A_HA	672	3096	G	0	0	3096	35.9
A_HA	673	2601	T	0	0	2601	37.1
A_HA	674	2833	T	0	0	2833	34.6
A_HA	675	2715	G	0	0	2715	35.6
A_HA	676	2567	G	0	0	2567	35.2
A_HA	677	2600	C	0	0	2600	37.4
A_HA	678	2901	A	0	0	2901	34.7
A_HA	679	2831	C	0	0	2831	34.2
A_HA	680	2844	C	0	0	2844	37.8
A_HA	681	2670	A	0	0	2670	34.9
A_HA	682	2766	A	0	0	2766	37.4
A_HA	683	2426	A	0	0	2426	34.3
A_HA	684	3002	A	0	0	3002	34.5
A_HA	685	2972	A	0	0	2972	35.5
A_HA	686	2678	T	0	0	2678	37.2
A_HA	687	2652	A	0	0	2652	35.6
A_HA	688	2596	G	0	0	2596	37.4
A_HA	689	2701	C	0	0	2701	37.7
A_HA	690	2494	T	0	0	2494	34.4
A_HA	691	2639	A	0	0	2639	36.5
A_HA	692	2667	C	0	0	2667	37.2
A_HA	693	2701	T	0	0	2701	35.4
A_HA	694	2503	A	0	0	2503	34.3
A_HA	695	2392	G	0	0	2392	36.4
A_HA	696	2372	A	0	0	2372	36.3
A_HA	697	2573	T	0	0	2573	34.0
A_HA	698	2814	C	0	0	2814	36.5
A_HA	699	2519	C	0	0	2519	34.1
A_HA	700	2467	C	0	0	2467	37.9
A_HA	701	2640	A	0	0	2640	34.8
A_HA	702	2683	A	0	0	2683	37.9
A_HA	703	2874	G	0	0	2874	34.8
A_HA	704	2937	T	0	0	2937	37.9
A_HA	705	2600	A	0	0	2600	34.4
A_HA	706	2842	A	0	0	2842	37.8
A_HA	707	2554	A	0	0	2554	36.6
A_HA	708	2526	C	0	0	2526	35.5
A_HA	709	2677	G	0	0	2677	37.9
A_HA	710	2899	G	0	0	2899	37.1
A_HA	711	2477	G	0	0	2477	38.0
A_HA	712	2669	C	0	0	2669	37.7
A_HA	713	2820	A	0	0	2820	34.4
A_HA	714	2753	A	0	0	2753	34.3
A_HA	715	2769	C	0	0	2769	34.4
A_HA	716	2919	G	0	0	2919	35.9
A_HA	717	2610	T	0	0	2610	36.8
A_HA	718	2685	G	0	0	2685	37.6
A_HA	719	2900	G	0	0	2900	37.7
A_HA	720	2711	A	0	0	2711	37.8
A_HA	721	2799	A	0	0	2799	34.3
A_HA	722	2742	G	0	0	2742	37.8
A_HA	723	2726	A	0	0	2726	35.2
A_HA	724	2855	A	0	0	2855	35.0
A_HA	725	2683	T	0	0	2683	36.7
A_HA	726	2664	G	0	0	2664	36.7
A_HA	727	2602	G	0	0	2602	34.6
A_HA	728	2595	A	0	0	2595	37.1
A_HA	729	2754	C	0	0	2754	35.9
A_HA	730	2993	T	0	0	2993	34.6
A_HA	731	2937	T	0	0	2937	35.8
A_HA	732	2941	C	0	0	2941	38.0
A_HA	733	2850	T	0	0	2850	34.7
A_HA	734	2993	T	0	0	2993	36.8
A_HA	735	2970	C	0	0	2970	37.8
A_HA	736	2582	T	0	0	2582	36.0
A_HA	737	2792	G	0	0	2792	35.4
A_HA	738	2896	G	0	0	2896	35.5
A_HA	739	2808	A	0	0	2808	36.6
A_HA	740	3045	C	0	0	3045	35.2
A_HA	741	3270	A	0	0	3270	34.8
A_HA	742	2766	A	0	0	2766	34.1
A_HA	743	2845	T	0	0	2845	35.1
A_HA	744	3205	C	0	0	3205	37.7
A_HA	745	3262	T	0	0	3262	36.6
A_HA	746	2920	T	0	0	2920	37.7
A_HA	747	3161	A	0	0	3161	36.6
A_HA	748	3287	A	0	0	3287	35.3
A_HA	749	3496	A	0	0	3496	35.5
A_HA	750	3297	A	0	0	3297	36.9
A_HA	751	3261	C	0	0	3261	35.7
A_HA	752	3534	C	0	0	3534	36.7
A_HA	753	3292	A	0	0	3292	36.9
A_HA	754	3479	G	0	0	3479	36.4
A_HA	755	3426	A	0	0	3426	36.4
A_HA	756	3414	T	0	0	3414	34.6
A_HA	757	3231	G	0	0	3231	34.1
A_HA	758	3262	A	0	0	3262	35.9
A_HA	759	3439	T	0	0	3439	37.5
A_HA	760	3335	G	0	0	3335	34.7
A_HA	761	3650	C	0	0	3650	35.7
A_HA	762	3592	A	0	0	3592	34.3
A_HA	763	3567	A	0	0	3567	37.5
A_HA	764	3913	T	0	0	3913	34.4
A_HA	765	3650	C	0	0	3650	37.9
A_HA	766	3626	C	0	0	3626	35.9
A_HA	767	3466	A	0	0	3466	34.5
A_HA	768	3513	T	0	0	3513	35.5
A_HA	769	3828	T	0	0	3828	37.9
A_HA	770	3549	T	0	0	3549	35.4
A_HA	771	3808	C	0	0	3808	36.3
A_HA	772	3573	G	0	0	3573	36.6
A_HA	773	3653	A	0	0	3653	37.6
A_HA	774	3691	G	0	0	3691	35.8
A_HA	775	3845	A	0	0	3845	37.4
A_HA	776	3762	G	0	0	3762	35.4
A_HA	777	3788	T	0	0	3788	34.2
A_HA	778	3960	A	0	0	3960	37.7
A_HA	779	3364	A	0	0	3364	34.9
A_HA	780	3661	C	0	0	3661	36.9
A_HA	781	4172	G	0	0	4172	36.0
A_HA	782	3645	G	0	0	3645	35.9
A_HA	783	3838	A	0	0	3838	35.5
A_HA	784	3821	A	0	0	3821	37.1
A_HA	785	4039	A	0	0	4039	34.8
A_HA	786	3753	T	0	0	3753	35.3
A_HA	787	4303	T	0	0	4303	35.2
A_HA	788	3758	T	0	0	3758	35.3
A_HA	789	3689	C	0	0	3689	34.9
A_HA	790	4346	A	0	0	4346	34.7
A_HA	791	4122	T	0	0	4122	36.5
A_HA	792	3895	T	0	0	3895	34.4
A_HA	793	4017	G	0	0	4017	34.6
A_HA	794	4239	C	0	0	4239	34.4
A_HA	795	3847	T	0	0	3847	36.8
A_HA	796	4165	C	0	0	4165	37.4
A_HA	797	4288	C	0	0	4288	37.6
A_HA	798	3717	A	0	0	3717	37.5
A_HA	799	4327	G	0	0	4327	35.1
A_HA	800	4118	A	0	0	4118	36.3
A_HA	801	4375	A	0	0	4375	34.1
A_HA	802	4061	T	0	0	4061	36.7
A_HA	803	3918	A	0	0	3918	37.5
A_HA	804	4173	T	0	0	4173	34.8
A_HA	805	4538	G	0	0	4538	37.6
A_HA	806	4263	C	0	0	4263	35.2
A_HA	807	4344	A	0	0	4344	37.0
A_HA	808	4035	T	0	0	4035	35.1
A_HA	809	4730	A	0	0	4730	37.8
A_HA	810	4496	C	0	0	4496	34.2
A_HA	811	4689	A	0	0	4689	37.6
A_HA	812	4486	A	0	0	4486	36.0
A_HA	813	4398	A	0	0	4398	35.6
A_HA	814	4370	A	0	0	4370	37.8
A_HA	815	4474	T	0	0	4474	35.2
A_HA	816	4380	T	0	0	4380	36.7
A_HA	817	4124	G	0	0	4124	37.7
A_HA	818	4194	T	0	0	4194	34.1
A_HA	819	4139	C	0	0	4139	34.8
A_HA	820	4007	A	0	0	4007	35.6
A_HA	821	4577	A	0	0	4577	34.3
A_HA	822	4474	G	0	0	4474	37.6
A_HA	823	4466	A	0	0	4466	35.3
A_HA	824	4686	A	0	0	4686	36.8
A_HA	825	4486	A	0	0	4486	36.1
A_HA	826	4540	G	0	0	4540	37.6
A_HA	827	4043	G	0	0	4043	36.7
A_HA	828	4624	G	0	0	4624	37.1
A_HA	829	3983	G	0	0	3983	35.3
A_HA	830	4419	A	0	0	4419	36.9
A_HA	831	4109	C	0	0	4109	37.5
A_HA	832	4452	T	0	0	4452	34.6
A_HA	833	4324	C	0	0	4324	37.0
A_HA	834	4173	A	0	0	4173	34.9
A_HA	835	4349	A	0	0	4349	35.1
A_HA	836	4479	C	0	0	4479	35.7
A_HA	837	4762	A	0	0	4762	35.3
A_HA	838	3999	A	0	0	3999	37.4
A_HA	839	4529	T	0	0	4529	35.5
A_HA	840	4724	T	0	0	4724	34.1
A_HA	841	4066	A	0	0	4066	36.9
A_HA	842	4277	T	0	0	4277	36.8
A_HA	843	4642	G	0	0	4642	35.5
A_HA	844	4088	A	0	0	4088	36.4
A_HA	845	4456	A	0	0	4456	35.8
A_HA	846	4243	A	0	0	4243	34.4
A_HA	847	4599	A	0	0	4599	34.6
A_HA	848	4497	G	0	0	4497	36.3
A_HA	849	4965	T	0	0	4965	35.6
A_HA	850	4556	G	0	0	4556	35.9
A_HA	851	4114	G	0	0	4114	34.8
A_HA	852	4160	A	0	0	4160	36.4
A_HA	853	4715	A	0	0	4715	34.6
A_HA	854	4244	T	0	0	4244	34.6
A_HA	855	4463	G	0	0	4463	34.7
A_HA	856	4355	G	0	0	4355	36.7
A_HA	857	4945	A	0	0	4945	36.0
A_HA	858	4548	A	0	0	4548	34.1
A_HA	859	4333	T	0	0	4333	34.2
A_HA	860	4690	A	0	0	4690	37.5
A_HA	861	4722	T	0	0	4722	35.3
A_HA	862	4574	G	0	0	4574	35.6
A_HA	863	4601	G	0	0	4601	36.9
A_HA	864	4546	C	0	0	4546	35.6
A_HA	865	4458	C	0	0	4458	36.2
A_HA	866	4882	A	0	0	4882	35.2
A_HA	867	4606	C	0	0	4606	37.3
A_HA	868	4649	T	0	0	4649	36.7
A_HA	869	5319	G	0	0	5319	34.6
A_HA	870	4079	C	0	0	4079	36.4
A_HA	871	4030	A	0	0	4030	35.6
A_HA	872	4075	A	0	0	4075	37.0
A_HA	873	3648	C	0	0	3648	35.5
A_HA	874	4289	A	0	0	4289	34.9
A_HA	875	4238	C	0	0	4238	34.0
A_HA	876	4604	C	0	0	4604	36.8
A_HA	877	4140	A	0	0	4140	37.6
A_HA	878	4333	A	0	0	4333	37.0
A_HA	879	4622	A	0	0	4622	34.8
A_HA	880	4514	T	0	0	4514	36.7
A_HA	881	4034	G	0	0	4034	34.9
A_HA	882	4345	T	0	0	4345	34.5
A_HA	883	4569	C	0	0	4569	36.7
A_HA	884	4482	A	0	0	4482	34.7
A_HA	885	4296	A	0	0	4296	35.7
A_HA	886	4594	A	0	0	4594	34.5
A_HA	887	4463	C	0	0	4463	35.9
A_HA	888	4454	C	0	0	4454	35.6
A_HA	889	4468	C	0	0	4468	37.8
A_HA	890	4405	C	0	0	4405	37.3
A_HA	891	4174	A	0	0	4174	34.8
A_HA	892	3995	G	0	0	3995	35.3
A_HA	893	4671	T	0	0	4671	34.5
A_HA	894	4697	A	0	0	4697	36.9
A_HA	895	3744	G	0	0	3744	34.7
A_HA	896	4246	G	0	0	4246	36.3
A_HA	897	4787	T	0	0	4787	37.4
A_HA	898	4476	G	0	0	4476	36.6
A_HA	899	4424	C	0	0	4424	36.9
A_HA	900	4698	G	0	0	4698	34.3
A_HA	901	4160	A	0	0	4160	37.7
A_HA	902	3869	T	0	0	3869	34.6
A_HA	903	4355	A	0	0	4355	34.8
A_HA	904	4348	A	0	0	4348	36.8
A_HA	905	4193	A	0	0	4193	36.6
A_HA	906	4131	T	0	0	4131	36.0
A_HA	907	4052	T	0	0	4052	38.0
A_HA	908	4293	C	0	0	4293	34.6
A_HA	909	4476	T	0	0	4476	35.1
A_HA	910	4043	A	0	0	4043	36.6
A_HA	911	4133	G	0	0	4133	35.1
A_HA	912	4202	T	0	0	4202	35.9
A_HA	913	3869	A	0	0	3869	37.8
A_HA	914	4084	T	0	0	4084	35.7
A_HA	915	4418	G	0	0	4418	34.6
A_HA	916	3650	C	0	0	3650	34.2
A_HA	917	4046	C	0	0	4046	35.2
A_HA	918	3889	A	0	0	3889	35.2
A_HA	919	4140	T	0	0	4140	34.5
A_HA	920	4050	T	0	0	4050	36.3
A_HA	921	4544	C	0	0	4544	35.7
A_HA	922	3976	C	0	0	3976	35.2
A_HA	923	3923	A	0	0	3923	37.9
A_HA	924	3981	C	0	0	3981	36.7
A_HA	925	4377	A	0	0	4377	35.7
A_HA	926	4401	A	0	0	4401	35.7
A_HA	927	3943	C	0	0	3943	34.5
A_HA	928	4322	A	0	0	4322	34.5
A_HA	929	4490	T	0	0	4490	36.4
A_HA	930	4534	A	0	0	4534	34.4
A_HA	931	3808	C	0	0	3808	35.7
A_HA	932	4202	A	0	0	4202	34.1
A_HA	933	3958	T	0	0	3958	37.6
A_HA	934	4243	C	0	0	4243	37.6
A_HA	935	3708	C	0	0	3708	37.6
A_HA	936	4621	T	0	0	4621	37.4
A_HA	937	3976	C	0	0	3976	36.6
A_HA	938	4766	T	0	0	4766	37.8
A_HA	939	4011	C	0	0	4011	36.9
A_HA	940	4240	A	0	0	4240	35.6
A_HA	941	4177	C	0	0	4177	35.1
A_HA	942	4425	C	0	0	4425	34.6
A_HA	943	4186	A	0	0	4186	35.2
A_HA	944	4265	T	0	0	4265	36.3
A_HA	945	3958	T	0	0	3958	37.7
A_HA	946	4186	G	0	0	4186	36.9
A_HA	947	4483	G	0	0	4483	36.1
A_HA	948	4257	G	0	0	4257	37.3
A_HA	949	4296	G	0	0	4296	34.8
A_HA	950	4574	A	0	0	4574	37.9
A_HA	951	4527	A	0	0	4527	37.4
A_HA	952	4263	T	0	0	4263	36.4
A_HA	953	5083	G	0	0	5083	38.0
A_HA	954	4259	C	0	0	4259	35.9
A_HA	955	4347	C	0	0	4347	35.7
A_HA	956	4514	C	0	0	4514	37.2
A_HA	957	4323	C	0	0	4323	36.6
A_HA	958	4151	A	0	0	4151	34.6
A_HA	959	4804	A	0	0	4804	36.8
A_HA	960	4793	A	0	0	4793	34.5
A_HA	961	4523	T	0	0	4523	34.9
A_HA	962	4030	A	0	0	4030	37.6
A_HA	963	4349	C	0	0	4349	37.1
A_HA	964	4540	G	0	0	4540	35.4
A_HA	965	4864	T	0	0	4864	35.7
A_HA	966	4236	G	0	0	4236	35.8
A_HA	967	4719	A	0	0	4719	34.7
A_HA	968	4527	A	0	0	4527	34.8
A_HA	969	4754	G	0	0	4754	37.0
A_HA	970	4369	T	0	0	4369	34.3
A_HA	971	4750	C	0	0	4750	35.5
A_HA	972	4199	A	0	0	4199	34.7
A_HA	973	4829	A	0	0	4829	38.0
A_HA	974	4715	A	0	0	4715	36.2
A_HA	975	5062	C	0	0	5062	35.6
A_HA	976	5134	A	0	0	5134	37.3
A_HA	977	4930	A	0	0	4930	35.9
A_HA	978	5142	G	0	0	5142	37.8
A_HA	979	5102	T	0	0	5102	34.9
A_HA	980	4156	T	0	0	4156	35.8
A_HA	981	4927	G	0	0	4927	37.6
A_HA	982	4637	G	0	0	4637	34.6
A_HA	983	5141	T	0	0	5141	34.2
A_HA	984	4787	C	0	0	4787	37.6
A_HA	985	5315	C	0	0	5315	35.6
A_HA	986	4935	T	0	0	4935	36.8
A_HA	987	4955	T	0	0	4955	35.9
A_HA	988	4643	G	0	0	4643	37.5
A_HA	989	5085	C	0	0	5085	37.5
A_HA	990	4938	G	0	0	4938	36.9
A_HA	991	5388	A	0	0	5388	36.3
A_HA	992	4857	C	0	0	4857	34.7
A_HA	993	4694	T	0	0	4694	35.5
A_HA	994	5428	G	0	0	5428	34.6
A_HA	995	4793	G	0	0	4793	34.1
A_HA	996	5072	G	0	0	5072	37.1
A_HA	997	5156	C	0	0	5156	35.6
A_HA	998	5475	T	0	0	5475	36.7
A_HA	999	5085	C	0	0	5085	37.8
A_HA	1000	5685	A	0	0	5685	38.0
A_HA	1001	5069	G	0	0	5069	36.8
A_HA	1002	5100	A	0	0	5100	36.8
A_HA	1003	5258	A	0	0	5258	36.1
A_HA	1004	4886	A	0	0	4886	34.3
A_HA	1005	5188	T	0	0	5188	37.9
A_HA	1006	5118	A	0	0	5118	37.2
A_HA	1007	4556	G	0	0	4556	34.4
A_HA	1008	4892	T	0	0	4892	34.8
A_HA	1009	5569	C	0	0	5569	36.6
A_HA	1010	4932	C	0	0	4932	35.8
A_HA	1011	5640	T	0	0	5640	36.7
A_HA	1012	5443	C	0	0	5443	36.9
A_HA	1013	4845	T	0	0	4845	35.2
A_HA	1014	5397	A	0	0	5397	37.7
A_HA	1015	5113	A	0	0	5113	36.9
A_HA	1016	5164	G	0	0	5164	37.0
A_HA	1017	5592	A	0	0	5592	37.2
A_HA	1018	5101	G	0	0	5101	34.3
A_HA	1019	5320	A	0	0	5320	36.1
A_HA	1020	5511	A	0	0	5511	34.2
A_HA	1021	5053	A	0	0	5053	37.3
A_HA	1022	5692	A	0	0	5692	36.3
A_HA	1023	5121	G	0	0	5121	35.3
A_HA	1024	5678	A	0	0	5678	37.1
A_HA	1025	5474	G	0	0	5474	37.3
A_HA	1026	6467	A	0	0	6467	34.0
A_HA	1027	5653	A	0	0	5653	36.1
A_HA	1028	5489	G	0	0	5489	34.0
A_HA	1029	5092	A	0	0	5092	37.7
A_HA	1030	5290	A	0	0	5290	34.6
A_HA	1031	5639	A	0	0	5639	36.8
A_HA	1032	6106	A	0	0	6106	37.3
A_HA	1033	5759	A	0	0	5759	36.1
A_HA	1034	5193	G	0	0	5193	36.2
A_HA	1035	5516	A	0	0	5516	37.0
A_HA	1036	5510	G	0	0	5510	35.6
A_HA	1037	5087	G	0	0	5087	35.5
A_HA	1038	6020	T	0	0	6020	34.3
A_HA	1039	5375	C	0	0	5375	34.7
A_HA	1040	5450	T	0	0	5450	38.0
A_HA	1041	5716	G	0	0	5716	35.0
A_HA	1042	5732	T	0	0	5732	37.5
A_HA	1043	5975	T	0	0	5975	34.9
A_HA	1044	5495	T	0	0	5495	36.5
A_HA	1045	4968	G	0	0	4968	37.4
A_HA	1046	5131	G	0	0	5131	34.6
A_HA	1047	5536	G	0	0	5536	36.0
A_HA	1048	5400	G	0	0	5400	37.8
A_HA	1049	5081	C	0	0	5081	35.7
A_HA	1050	5402	G	0	0	5402	37.8
A_HA	1051	5719	A	0	0	5719	34.1
A_HA	1052	5208	T	0	0	5208	35.8
A_HA	1053	5594	A	0	0	5594	35.7
A_HA	1054	5109	G	0	0	5109	34.8
A_HA	1055	5703	C	0	0	5703	35.7
A_HA	1056	5668	A	0	0	5668	37.0
A_HA	1057	5293	G	0	0	5293	36.7
A_HA	1058	5321	G	0	0	5321	35.4
A_HA	1059	6205	G	0	0	6205	34.6
A_HA	1060	5953	T	0	0	5953	34.4
A_HA	1061	5240	T	0	0	5240	35.3
A_HA	1062	5663	T	0	0	5663	35.2
A_HA	1063	5857	A	0	0	5857	36.3
A_HA	1064	5602	T	0	0	5602	37.2
A_HA	1065	5310	A	0	0	5310	36.7
A_HA	1066	5388	G	0	0	5388	36.1
A_HA	1067	4958	A	0	0	4958	36.4
A_HA	1068	4560	G	0	0	4560	37.4
A_HA	1069	5186	G	0	0	5186	34.4
A_HA	1070	5064	G	0	0	5064	37.0
A_HA	1071	5534	A	0	0	5534	34.0
A_HA	1072	5628	G	0	0	5628	36.4
A_HA	1073	5137	G	0	0	5137	38.0
A_HA	1074	5909	A	0	0	5909	34.8
A_HA	1075	5329	T	0	0	5329	34.4
A_HA	1076	5048	G	0	0	5048	35.9
A_HA	1077	5197	G	0	0	5197	37.8
A_HA	1078	4779	C	0	0	4779	34.9
A_HA	1079	5441	A	0	0	5441	35.7
A_HA	1080	5502	G	0	0	5502	36.6
A_HA	1081	5051	G	0	0	5051	35.4
A_HA	1082	5419	G	0	0	5419	37.5
A_HA	1083	5468	A	0	0	5468	37.3
A_HA	1084	4957	A	0	0	4957	37.2
A_HA	1085	4553	T	0	0	4553	36.3
A_HA	1086	4746	G	0	0	4746	36.3
A_HA	1087	5064	G	0	0	5064	35.2
A_HA	1088	4728	T	0	0	4728	36.1
A_HA	1089	5201	T	0	0	5201	34.4
A_HA	1090	4848	G	0	0	4848	37.8
A_HA	1091	4645	A	0	0	4645	34.2
A_HA	1092	5020	T	0	0	5020	36.4
A_HA	1093	4468	G	0	0	4468	36.7
A_HA	1094	4867	G	0	0	4867	34.8
A_HA	1095	4358	T	0	0	4358	36.7
A_HA	1096	4865	T	0	0	4865	36.3
A_HA	1097	4671	G	0	0	4671	37.0
A_HA	1098	4302	G	0	0	4302	37.6
A_HA	1099	5146	T	0	0	5146	34.7
A_HA	1100	4462	A	0	0	4462	34.4
A_HA	1101	4278	T	0	0	4278	35.2
A_HA	1102	4549	G	0	0	4549	37.9
A_HA	1103	4769	G	0	0	4769	35.4
A_HA	1104	5044	G	0	0	5044	35.2
A_HA	1105	4852	T	0	0	4852	36.8
A_HA	1106	4787	A	0	0	4787	37.9
A_HA	1107	4372	C	0	0	4372	34.6
A_HA	1108	4454	C	0	0	4454	37.7
A_HA	1109	4899	A	0	0	4899	35.2
A_HA	1110	4253	T	0	0	4253	37.5
A_HA	1111	4039	C	0	0	4039	35.7
A_HA	1112	4147	A	0	0	4147	34.5
A_HA	1113	4009	T	0	0	4009	34.2
A_HA	1114	4195	A	0	0	4195	37.2
A_HA	1115	4333	G	0	0	4333	36.7
A_HA	1116	4691	C	0	0	4691	34.2
A_HA	1117	4109	A	0	0	4109	35.5
A_HA	1118	3783	A	0	0	3783	36.1
A_HA	1119	4416	T	0	0	4416	34.8
A_HA	1120	4294	G	0	0	4294	34.3
A_HA	1121	4427	A	0	0	4427	37.5
A_HA	1122	4589	G	0	0	4589	35.9
A_HA	1123	4460	C	0	0	4460	37.2
A_HA	1124	4754	A	0	0	4754	37.7
A_HA	1125	4619	G	0	0	4619	35.2
A_HA	1126	4150	G	0	0	4150	34.3
A_HA	1127	4053	G	0	0	4053	36.8
A_HA	1128	3793	A	0	0	3793	37.1
A_HA	1129	3999	A	0	0	3999	35.6
A_HA	1130	4146	G	0	0	4146	34.6
A_HA	1131	4028	T	0	0	4028	37.1
A_HA	1132	4106	G	0	0	4106	34.5
A_HA	1133	3953	G	0	0	3953	36.7
A_HA	1134	4162	G	0	0	4162	36.3
A_HA	1135	4251	T	0	0	4251	34.7
A_HA	1136	3936	A	0	0	3936	35.1
A_HA	1137	3497	C	0	0	3497	37.0
A_HA	1138	3933	G	0	0	3933	37.0
A_HA	1139	3607	C	0	0	3607	34.4
A_HA	1140	3958	T	0	0	3958	34.8
A_HA	1141	3563	G	0	0	3563	34.1
A_HA	1142	3865	C	0	0	3865	37.6
A_HA	1143	3955	G	0	0	3955	36.9
A_HA	1144	4153	G	0	0	4153	34.4
A_HA	1145	3414	A	0	0	3414	34.8
A_HA	1146	3453	C	0	0	3453	37.1
A_HA	1147	3196	A	0	0	3196	36.7
A_HA	1148	3454	A	0	0	3454	36.0
A_HA	1149	3786	A	0	0	3786	36.7
A_HA	1150	3626	G	0	0	3626	35.0
A_HA	1151	3629	A	0	0	3629	35.3
A_HA	1152	3472	A	0	0	3472	34.1
A_HA	1153	3575	T	0	0	3575	37.5
A_HA	1154	3548	C	0	0	3548	35.6
A_HA	1155	3402	C	0	0	3402	36.1
A_HA	1156	3048	A	0	0	3048	36.3
A_HA	1157	3278	C	0	0	3278	34.2
A_HA	1158	3344	C	0	0	3344	35.5
A_HA	1159	3754	C	0	0	3754	35.4
A_HA	1160	3933	A	0	0	3933	34.7
A_HA	1161	3300	A	0	0	3300	34.7
A_HA	1162	3055	A	0	0	3055	34.3
A_HA	1163	3354	A	0	0	3354	35.1
A_HA	1164	3370	G	0	0	3370	36.2
A_HA	1165	3466	G	0	0	3466	35.4
A_HA	1166	3840	C	0	0	3840	36.5
A_HA	1167	3135	A	0	0	3135	37.4
A_HA	1168	2991	A	0	0	2991	34.6
A_HA	1169	3536	T	0	0	3536	36.1
A_HA	1170	3344	A	0	0	3344	36.4
A_HA	1171	3175	G	0	0	3175	35.7
A_HA	1172	3622	A	0	0	3622	37.2
A_HA	1173	3090	T	0	0	3090	35.5
A_HA	1174	3035	G	0	0	3035	36.1
A_HA	1175	3033	G	0	0	3033	37.8
A_HA	1176	2912	A	0	0	2912	36.7
A_HA	1177	3085	G	0	0	3085	36.3
A_HA	1178	3014	T	0	0	3014	35.9
A_HA	1179	3224	T	0	0	3224	37.6
A_HA	1180	3273	A	0	0	3273	34.8
A_HA	1181	3255	C	0	0	3255	37.9
A_HA	1182	3352	C	0	0	3352	37.5
A_HA	1183	3243	A	0	0	3243	35.1
A_HA	1184	3508	A	0	0	3508	36.8
A_HA	1185	3070	T	0	0	3070	35.8
A_HA	1186	3127	A	0	0	3127	35.0
A_HA	1187	3156	A	0	0	3156	37.2
A_HA	1188	2904	G	0	0	2904	34.4
A_HA	1189	3372	G	0	0	3372	37.0
A_HA	1190	2758	T	0	0	2758	36.2
A_HA	1191	3339	C	0	0	3339	37.5
A_HA	1192	2741	A	0	0	2741	34.8
A_HA	1193	2882	A	0	0	2882	36.3
A_HA	1194	2993	C	0	0	2993	34.9
A_HA	1195	2900	T	0	0	2900	37.3
A_HA	1196	2874	C	0	0	2874	34.6
A_HA	1197	3144	A	0	0	3144	35.9
A_HA	1198	3057	A	0	0	3057	35.8
A_HA	1199	3099	T	0	0	3099	36.7
A_HA	1200	2688	C	0	0	2688	34.2
A_HA	1201	2867	A	0	0	2867	34.3
A_HA	1202	2893	T	0	0	2893	37.5
A_HA	1203	3192	T	0	0	3192	34.5
A_HA	1204	3481	G	0	0	3481	35.7
A_HA	1205	2997	A	0	0	2997	36.4
A_HA	1206	2913	C	0	0	2913	37.6
A_HA	1207	3379	A	0	0	3379	36.1
A_HA	1208	2908	A	0	0	2908	37.2
A_HA	1209	3341	A	0	0	3341	36.6
A_HA	1210	3173	A	0	0	3173	35.7
A_HA	1211	3140	T	0	0	3140	37.2
A_HA	1212	3115	G	0	0	3115	36.4
A_HA	1213	2710	A	0	0	2710	35.7
A_HA	1214	3149	A	0	0	3149	36.5
A_HA	1215	3149	C	0	0	3149	35.6
A_HA	1216	3237	A	0	0	3237	34.4
A_HA	1217	3027	C	0	0	3027	35.7
A_HA	1218	3014	T	0	0	3014	34.8
A_HA	1219	3050	C	0	0	3050	37.3
A_HA	1220	3245	A	0	0	3245	37.0
A_HA	1221	2940	A	0	0	2940	34.2
A_HA	1222	3275	T	0	0	3275	35.7
A_HA	1223	2964	T	0	0	2964	34.4
A_HA	1224	3347	T	0	0	3347	36.8
A_HA	1225	3022	G	0	0	3022	35.9
A_HA	1226	3161	A	0	0	3161	34.0
A_HA	1227	2933	G	0	0	2933	36.1
A_HA	1228	3019	G	0	0	3019	37.6
A_HA	1229	3202	C	0	0	3202	37.4
A_HA	1230	3175	A	0	0	3175	34.3
A_HA	1231	3109	G	0	0	3109	35.9
A_HA	1232	3387	T	0	0	3387	37.3
A_HA	1233	3425	T	0	0	3425	35.7
A_HA	1234	3079	G	0	0	3079	34.7
A_HA	1235	3280	G	0	0	3280	36.0
A_HA	1236	3181	A	0	0	3181	36.4
A_HA	1237	3358	A	0	0	3358	35.5
A_HA	1238	3193	G	0	0	3193	37.6
A_HA	1239	3228	G	0	0	3228	35.1
A_HA	1240	3336	G	0	0	3336	37.6
A_HA	1241	3084	A	0	0	3084	37.2
A_HA	1242	3256	G	0	0	3256	35.2
A_HA	1243	3102	T	0	0	3102	37.8
A_HA	1244	3096	T	0	0	3096	35.7
A_HA	1245	2983	T	0	0	2983	34.7
A_HA	1246	3441	A	0	0	3441	37.1
A_HA	1247	3370	A	0	0	3370	34.5
A_HA	1248	3509	T	0	0	3509	34.1
A_HA	1249	3410	A	0	0	3410	34.5
A_HA	1250	3162	A	0	0	3162	37.7
A_HA	1251	3468	C	0	0	3468	34.1
A_HA	1252	3620	T	0	0	3620	34.9
A_HA	1253	3475	T	0	0	3475	37.6
A_HA	1254	3372	A	0	0	3372	37.9
A_HA	1255	3408	G	0	0	3408	34.6
A_HA	1256	3428	A	0	0	3428	37.1
A_HA	1257	3105	A	0	0	3105	36.2
A_HA	1258	3537	A	0	0	3537	35.3
A_HA	1259	3256	G	0	0	3256	35.5
A_HA	1260	3689	G	0	0	3689	36.0
A_HA	1261	3516	A	0	0	3516	34.3
A_HA	1262	3888	G	0	0	3888	35.6
A_HA	1263	3626	G	0	0	3626	37.8
A_HA	1264	3168	A	0	0	3168	34.5
A_HA	1265	3661	T	0	0	3661	36.5
A_HA	1266	3345	A	0	0	3345	35.9
A_HA	1267	3240	G	0	0	3240	38.0
A_HA	1268	3984	A	0	0	3984	37.0
A_HA	1269	3472	G	0	0	3472	37.2
A_HA	1270	3392	A	0	0	3392	35.4
A_HA	1271	3795	A	0	0	3795	34.4
A_HA	1272	3461	T	0	0	3461	37.7
A_HA	1273	3522	T	0	0	3522	36.1
A_HA	1274	3518	T	0	0	3518	36.4
A_HA	1275	3536	G	0	0	3536	37.4
A_HA	1276	4043	A	0	0	4043	36.1
A_HA	1277	3493	A	0	0	3493	36.2
A_HA	1278	3897	C	0	0	3897	35.1
A_HA	1279	3904	A	0	0	3904	36.8
A_HA	1280	4351	A	0	0	4351	37.5
A_HA	1281	3837	G	0	0	3837	36.8
A_HA	1282	3615	A	0	0	3615	36.5
A_HA	1283	4046	A	0	0	4046	35.4
A_HA	1284	3353	A	0	0	3353	37.9
A_HA	1285	3565	A	0	0	3565	36.1
A_HA	1286	3663	T	0	0	3663	34.7
A_HA	1287	3360	G	0	0	3360	34.8
A_HA	1288	3444	G	0	0	3444	36.7
A_HA	1289	3768	A	0	0	3768	36.1
A_HA	1290	3391	A	0	0	3391	36.2
A_HA	1291	3695	G	0	0	3695	34.7
A_HA	1292	3576	A	0	0	3576	36.9
A_HA	1293	3465	C	0	0	3465	34.5
A_HA	1294	3673	G	0	0	3673	37.9
A_HA	1295	3876	G	0	0	3876	34.8
A_HA	1296	4031	A	0	0	4031	35.0
A_HA	1297	3554	T	0	0	3554	37.3
A_HA	1298	3650	T	0	0	3650	34.3
A_HA	1299	4090	C	0	0	4090	36.5
A_HA	1300	4004	C	0	0	4004	37.7
A_HA	1301	3539	T	0	0	3539	36.7
A_HA	1302	3503	A	0	0	3503	37.8
A_HA	1303	3996	G	0	0	3996	35.3
A_HA	1304	3813	A	0	0	3813	37.5
A_HA	1305	4185	T	0	0	4185	37.3
A_HA	1306	3576	G	0	0	3576	35.0
A_HA	1307	4145	T	0	0	4145	35.0
A_HA	1308	3874	C	0	0	3874	35.2
A_HA	1309	3661	T	0	0	3661	36.4
A_HA	1310	4210	G	0	0	4210	35.5
A_HA	1311	3882	G	0	0	3882	34.8
A_HA	1312	3660	A	0	0	3660	36.7
A_HA	1313	3809	C	0	0	3809	35.6
A_HA	1314	3941	C	0	0	3941	34.6
A_HA	1315	3722	T	0	0	3722	35.5
A_HA	1316	4125	A	0	0	4125	37.4
A_HA	1317	3537	T	0	0	3537	37.8
A_HA	1318	3735	A	0	0	3735	34.3
A_HA	1319	3576	A	0	0	3576	36.2
A_HA	1320	3684	T	0	0	3684	34.7
A_HA	1321	3359	G	0	0	3359	37.6
A_HA	1322	3883	C	0	0	3883	36.3
A_HA	1323	3765	T	0	0	3765	36.8
A_HA	1324	3954	G	0	0	3954	38.0
A_HA	1325	3766	A	0	0	3766	36.9
A_HA	1326	4008	A	0	0	4008	35.8
A_HA	1327	3738	C	0	0	3738	36.3
A_HA	1328	4122	T	0	0	4122	34.6
A_HA	1329	3713	T	0	0	3713	34.9
A_HA	1330	3762	C	0	0	3762	34.8
A_HA	1331	3902	T	0	0	3902	36.2
A_HA	1332	3742	A	0	0	3742	36.2
A_HA	1333	3672	G	0	0	3672	35.3
A_HA	1334	3881	T	0	0	3881	36.4
A_HA	1335	3750	T	0	0	3750	34.6
A_HA	1336	3950	C	0	0	3950	36.7
A_HA	1337	3641	T	0	0	3641	34.4
A_HA	1338	3186	C	0	0	3186	34.4
A_HA	1339	3915	A	0	0	3915	37.3
A_HA	1340	3799	T	0	0	3799	37.3
A_HA	1341	3517	G	0	0	3517	36.5
A_HA	1342	3658	G	0	0	3658	36.6
A_HA	1343	4051	A	0	0	4051	36.3
A_HA	1344	3862	A	0	0	3862	37.4
A_HA	1345	3964	A	0	0	3964	37.8
A_HA	1346	3839	A	0	0	3839	37.9
A_HA	1347	3821	C	0	0	3821	36.7
A_HA	1348	3564	G	0	0	3564	38.0
A_HA	1349	3680	A	0	0	3680	38.0
A_HA	1350	3730	G	0	0	3730	35.1
A_HA	1351	3476	A	0	0	3476	36.6
A_HA	1352	3578	G	0	0	3578	34.6
A_HA	1353	3606	G	0	0	3606	35.5
A_HA	1354	3871	A	0	0	3871	36.4
A_HA	1355	3650	C	0	0	3650	37.8
A_HA	1356	3839	T	0	0	3839	34.8
A_HA	1357	3569	C	0	0	3569	35.0
A_HA	1358	3403	T	0	0	3403	34.5
A_HA	1359	3731	A	0	0	3731	34.9
A_HA	1360	3656	G	0	0	3656	37.1
A_HA	1361	3489	A	0	0	3489	34.8
A_HA	1362	3562	T	0	0	3562	36.0
A_HA	1363	3723	T	0	0	3723	34.2
A_HA	1364	3479	T	0	0	3479	35.4
A_HA	1365	3425	C	0	0	3425	34.7
A_HA	1366	3695	C	0	0	3695	37.2
A_HA	1367	3500	A	0	0	3500	37.3
A_HA	1368	3744	T	0	0	3744	37.5
A_HA	1369	3414	G	0	0	3414	34.3
A_HA	1370	3560	A	0	0	3560	36.3
A_HA	1371	3528	T	0	0	3528	37.3
A_HA	1372	3840	T	0	0	3840	35.4
A_HA	1373	3504	C	0	0	3504	34.1
A_HA	1374	3373	A	0	0	3373	35.0
A_HA	1375	3715	A	0	0	3715	35.5
A_HA	1376	3307	A	0	0	3307	37.9
A_HA	1377	3567	T	0	0	3567	36.5
A_HA	1378	3414	G	0	0	3414	34.9
A_HA	1379	3711	T	0	0	3711	37.5
A_HA	1380	3238	C	0	0	3238	35.4
A_HA	1381	3675	A	0	0	3675	35.4
A_HA	1382	3238	A	0	0	3238	34.5
A_HA	1383	3345	G	0	0	3345	37.6
A_HA	1384	3447	A	0	0	3447	36.2
A_HA	1385	3575	A	0	0	3575	34.4
A_HA	1386	3906	C	0	0	3906	36.4
A_HA	1387	3253	C	0	0	3253	37.2
A_HA	1388	3522	T	0	0	3522	36.0
A_HA	1389	3565	T	0	0	3565	37.5
A_HA	1390	3541	T	0	0	3541	37.0
A_HA	1391	3254	A	0	0	3254	36.3
A_HA	1392	3673	T	0	0	3673	35.8
A_HA	1393	3847	G	0	0	3847	38.0
A_HA	1394	3551	A	0	0	3551	34.5
A_HA	1395	3379	C	0	0	3379	36.7
A_HA	1396	3466	A	0	0	3466	36.4
A_HA	1397	3315	A	0	0	3315	34.6
A_HA	1398	3812	A	0	0	3812	36.9
A_HA	1399	3244	G	0	0	3244	34.3
A_HA	1400	3660	T	0	0	3660	35.1
A_HA	1401	3446	C	0	0	3446	37.5
A_HA	1402	3605	A	0	0	3605	37.0
A_HA	1403	3340	G	0	0	3340	37.0
A_HA	1404	3648	A	0	0	3648	36.0
A_HA	1405	3181	T	0	0	3181	35.4
A_HA	1406	3420	T	0	0	3420	35.1
A_HA	1407	3423	A	0	0	3423	35.2
A_HA	1408	3716	C	0	0	3716	34.9
A_HA	1409	3642	A	0	0	3642	34.0
A_HA	1410	3294	G	0	0	3294	35.1
A_HA	1411	3313	C	0	0	3313	36.6
A_HA	1412	3468	T	0	0	3468	36.2
A_HA	1413	3084	T	0	0	3084	36.8
A_HA	1414	3714	A	0	0	3714	36.7
A_HA	1415	3660	G	0	0	3660	37.3
A_HA	1416	3461	G	0	0	3461	36.5
A_HA	1417	3541	G	0	0	3541	35.9
A_HA	1418	3401	A	0	0	3401	35.7
A_HA	1419	3682	T	0	0	3682	37.4
A_HA	1420	3570	A	0	0	3570	35.7
A_HA	1421	3512	A	0	0	3512	34.5
A_HA	1422	3740	T	0	0	3740	36.1
A_HA	1423	3311	G	0	0	3311	35.4
A_HA	1424	3552	C	0	0	3552	34.8
A_HA	1425	3365	A	0	0	3365	35.7
A_HA	1426	3275	A	0	0	3275	37.3
A_HA	1427	3676	A	0	0	3676	36.6
A_HA	1428	3498	G	0	0	3498	34.6
A_HA	1429	3649	G	0	0	3649	34.2
A_HA	1430	3979	A	0	0	3979	35.8
A_HA	1431	3612	G	0	0	3612	37.1
A_HA	1432	3600	C	0	0	3600	37.5
A_HA	1433	3568	T	0	0	3568	36.7
A_HA	1434	3843	G	0	0	3843	35.6
A_HA	1435	3466	G	0	0	3466	36.6
A_HA	1436	3538	G	0	0	3538	37.8
A_HA	1437	3767	T	0	0	3767	34.5
A_HA	1438	3228	A	0	0	3228	36.7
A_HA	1439	3456	A	0	0	3456	37.4
A_HA	1440	3601	C	0	0	3601	36.3
A_HA	1441	3798	G	0	0	3798	34.1
A_HA	1442	3767	G	0	0	3767	34.9
A_HA	1443	3758	C	0	0	3758	35.6
A_HA	1444	3476	T	0	0	3476	36.5
A_HA	1445	4162	G	0	0	4162	37.9
A_HA	1446	3870	T	0	0	3870	37.2
A_HA	1447	3473	T	0	0	3473	34.9
A_HA	1448	3780	T	0	0	3780	35.9
A_HA	1449	3493	C	0	0	3493	37.1
A_HA	1450	3991	G	0	0	3991	36.8
A_HA	1451	4179	A	0	0	4179	35.6
A_HA	1452	3935	A	0	0	3935	36.1
A_HA	1453	4018	T	0	0	4018	35.0
A_HA	1454	3907	T	0	0	3907	34.8
A_HA	1455	4125	C	0	0	4125	35.0
A_HA	1456	4222	T	0	0	4222	37.4
A_HA	1457	4210	A	0	0	4210	37.7
A_HA	1458	4135	T	0	0	4135	37.8
A_HA	1459	3974	C	0	0	3974	34.2
A_HA	1460	4274	A	0	0	4274	37.6
A_HA	1461	4339	C	0	0	4339	36.2
A_HA	1462	3942	A	0	0	3942	35.3
A_HA	1463	4204	A	0	0	4204	37.6
A_HA	1464	4215	A	0	0	4215	34.2
A_HA	1465	4530	T	0	0	4530	36.0
A_HA	1466	3971	G	0	0	3971	34.4
A_HA	1467	4252	T	0	0	4252	36.9
A_HA	1468	4251	G	0	0	4251	37.2
A_HA	1469	4824	A	0	0	4824	36.6
A_HA	1470	4111	T	0	0	4111	36.2
A_HA	1471	4367	A	0	0	4367	37.1
A_HA	1472	4284	A	0	0	4284	35.4
A_HA	1473	4209	T	0	0	4209	34.5
A_HA	1474	4251	G	0	0	4251	36.8
A_HA	1475	4870	A	0	0	4870	36.3
A_HA	1476	4610	A	0	0	4610	35.4
A_HA	1477	4701	T	0	0	4701	34.8
A_HA	1478	4396	G	0	0	4396	37.1
A_HA	1479	4360	T	0	0	4360	37.2
A_HA	1480	4653	A	0	0	4653	36.8
A_HA	1481	4705	T	0	0	4705	37.5
A_HA	1482	4677	G	0	0	4677	35.7
A_HA	1483	4305	G	0	0	4305	37.8
A_HA	1484	4387	A	0	0	4387	37.6
A_HA	1485	4586	A	0	0	4586	38.0
A_HA	1486	4553	A	0	0	4553	36.6
A_HA	1487	4476	G	0	0	4476	35.2
A_HA	1488	5139	T	0	0	5139	36.1
A_HA	1489	4333	G	0	0	4333	34.5
A_HA	1490	4994	T	0	0	4994	35.7
A_HA	1491	4503	G	0	0	4503	34.9
A_HA	1492	4867	A	0	0	4867	35.1
A_HA	1493	4818	G	0	0	4818	35.4
A_HA	1494	4991	A	0	0	4991	37.2
A_HA	1495	4804	A	0	0	4804	37.8
A_HA	1496	4916	A	0	0	4916	37.0
A_HA	1497	4890	T	0	0	4890	34.8
A_HA	1498	6248	G	0	0	6248	34.7
A_HA	1499	4241	G	0	0	4241	35.6
A_HA	1500	4892	G	0	0	4892	35.7
A_HA	1501	5350	A	0	0	5350	36.8
A_HA	1502	5077	C	0	0	5077	34.5
A_HA	1503	5618	G	0	0	5618	34.5
A_HA	1504	4912	T	0	0	4912	36.2
A_HA	1505	5076	A	0	0	5076	34.0
A_HA	1506	5431	T	0	0	5431	34.3
A_HA	1507	5389	G	0	0	5389	34.4
A_HA	1508	5366	A	0	0	5366	34.3
A_HA	1509	5445	C	0	0	5445	36.6
A_HA	1510	4803	T	0	0	4803	36.4
A_HA	1511	6114	A	0	0	6114	37.4
A_HA	1512	5699	C	0	0	5699	36.0
A_HA	1513	5351	C	0	0	5351	36.6
A_HA	1514	5527	C	0	0	5527	35.4
A_HA	1515	5184	T	0	0	5184	36.2
A_HA	1516	5065	C	0	0	5065	34.8
A_HA	1517	4942	A	0	0	4942	35.5
A_HA	1518	4970	G	0	0	4970	34.7
A_HA	1519	6414	T	0	0	6414	35.8
A_HA	1520	5137	A	0	0	5137	34.4
A_HA	1521	5305	T	0	0	5305	36.9
A_HA	1522	5426	T	0	0	5426	34.8
A_HA	1523	5343	C	0	0	5343	36.7
A_HA	1524	5261	A	0	0	5261	37.8
A_HA	1525	5635	G	0	0	5635	36.5
A_HA	1526	5190	A	0	0	5190	35.9
A_HA	1527	5822	A	0	0	5822	35.1
A_HA	1528	5259	G	0	0	5259	36.3
A_HA	1529	6437	A	0	0	6437	37.2
A_HA	1530	5753	A	0	0	5753	34.9
A_HA	1531	4768	G	0	0	4768	35.6
A_HA	1532	5602	C	0	0	5602	36.1
A_HA	1533	5165	A	0	0	5165	35.8
A_HA	1534	5679	A	0	0	5679	36.7
A_HA	1535	5451	G	0	0	5451	36.6
A_HA	1536	5606	A	0	0	5606	36.5
A_HA	1537	6236	T	0	0	6236	35.9
A_HA	1538	6193	T	0	0	6193	35.2
A_HA	1539	5845	A	0	0	5845	37.7
A_HA	1540	5617	A	0	0	5617	36.4
A_HA	1541	5726	A	0	0	5726	36.3
A_HA	1542	5903	A	0	0	5903	37.1
A_HA	1543	5770	A	0	0	5770	35.6
A_HA	1544	6130	G	0	0	6130	34.6
A_HA	1545	5576	A	0	0	5576	35.0
A_HA	1546	5707	G	0	0	5707	36.9
A_HA	1547	5230	A	0	0	5230	35.9
A_HA	1548	5234	A	0	0	5234	37.7
A_HA	1549	5684	G	0	0	5684	36.7
A_HA	1550	5603	A	0	0	5603	37.6
A_HA	1551	5681	A	0	0	5681	34.2
A_HA	1552	5598	A	0	0	5598	36.0
A_HA	1553	5742	T	0	0	5742	35.2
A_HA	1554	5253	A	0	0	5253	37.5
A_HA	1555	6344	A	0	0	6344	37.0
A_HA	1556	6115	G	0	0	6115	35.5
A_HA	1557	5989	C	0	0	5989	34.2
A_HA	1558	5752	G	0	0	5752	36.6
A_HA	1559	5644	G	0	0	5644	34.8
A_HA	1560	5263	A	0	0	5263	35.5
A_HA	1561	5686	G	0	0	5686	36.2
A_HA	1562	5146	T	0	0	5146	35.7
A_HA	1563	5122	G	0	0	5122	35.9
A_HA	1564	5798	A	0	0	5798	36.1
A_HA	1565	5900	A	0	0	5900	34.1
A_HA	1566	5866	A	0	0	5866	34.9
A_HA	1567	5188	T	0	0	5188	36.4
A_HA	1568	5751	T	0	0	5751	35.6
A_HA	1569	5406	A	0	0	5406	35.4
A_HA	1570	5942	G	0	0	5942	36.6
A_HA	1571	5734	A	0	0	5734	35.0
A_HA	1572	5604	A	0	0	5604	35.4
A_HA	1573	6004	T	0	0	6004	37.2
A_HA	1574	5198	C	0	0	5198	36.2
A_HA	1575	5132	A	0	0	5132	37.4
A_HA	1576	5578	G	0	0	5578	37.2
A_HA	1577	5519	T	0	0	5519	37.3
A_HA	1578	5341	A	0	0	5341	37.1
A_HA	1579	5506	G	0	0	5506	36.5
A_HA	1580	5354	G	0	0	5354	36.8
A_HA	1581	5004	A	0	0	5004	37.3
A_HA	1582	5496	A	0	0	5496	35.6
A_HA	1583	5628	C	0	0	5628	36.7
A_HA	1584	5214	T	0	0	5214	36.7
A_HA	1585	5263	T	0	0	5263	36.0
A_HA	1586	5320	A	0	0	5320	34.4
A_HA	1587	5315	C	0	0	5315	34.7
A_HA	1588	5738	C	0	0	5738	34.8
A_HA	1589	5142	A	0	0	5142	37.2
A_HA	1590	4534	G	0	0	4534	37.5
A_HA	1591	5579	A	0	0	5579	37.3
A_HA	1592	5129	T	0	0	5129	36.9
A_HA	1593	4719	A	0	0	4719	36.7
A_HA	1594	5200	C	0	0	5200	34.8
A_HA	1595	5180	T	0	0	5180	35.7
A_HA	1596	4608	G	0	0	4608	36.4
A_HA	1597	4947	T	0	0	4947	38.0
A_HA	1598	5286	C	0	0	5286	36.9
A_HA	1599	4808	A	0	0	4808	37.4
A_HA	1600	4666	A	0	0	4666	34.6
A_HA	1601	4960	T	0	0	4960	34.4
A_HA	1602	4766	T	0	0	4766	35.8
A_HA	1603	4625	T	0	0	4625	37.5
A_HA	1604	5415	A	0	0	5415	35.6
A_HA	1605	4283	T	0	0	4283	36.5
A_HA	1606	5249	T	0	0	5249	36.7
A_HA	1607	4460	C	0	0	4460	36.5
A_HA	1608	4219	A	0	0	4219	35.3
A_HA	1609	4487	A	0	0	4487	36.8
A_HA	1610	4559	C	0	0	4559	34.6
A_HA	1611	4752	A	0	0	4752	34.7
A_HA	1612	4253	G	0	0	4253	36.2
A_HA	1613	4373	C	0	0	4373	36.0
A_HA	1614	4313	G	0	0	4313	35.8
A_HA	1615	4251	G	0	0	4251	34.6
A_HA	1616	3831	C	0	0	3831	35.7
A_HA	1617	3857	A	0	0	3857	37.9
A_HA	1618	4300	A	0	0	4300	34.4
A_HA	1619	3784	G	0	0	3784	36.5
A_HA	1620	3936	T	0	0	3936	36.4
A_HA	1621	3487	T	0	0	3487	35.2
A_HA	1622	3749	C	0	0	3749	37.0
A_HA	1623	3754	C	0	0	3754	35.8
A_HA	1624	3825	C	0	0	3825	35.3
A_HA	1625	3499	T	0	0	3499	35.9
A_HA	1626	3395	A	0	0	3395	35.1
A_HA	1627	3324	G	0	0	3324	37.3
A_HA	1628	3147	C	0	0	3147	35.6
A_HA	1629	3285	A	0	0	3285	37.5
A_HA	1630	3519	C	0	0	3519	36.0
A_HA	1631	3076	T	0	0	3076	34.2
A_HA	1632	3011	G	0	0	3011	34.9
A_HA	1633	3037	G	0	0	3037	36.5
A_HA	1634	2663	C	0	0	2663	37.8
A_HA	1635	3082	A	0	0	3082	35.2
A_HA	1636	2952	A	0	0	2952	35.9
A_HA	1637	2756	T	0	0	2756	34.9
A_HA	1638	2766	C	0	0	2766	35.6
A_HA	1639	2817	A	0	0	2817	36.3
A_HA	1640	2688	T	0	0	2688	37.8
A_HA	1641	2599	G	0	0	2599	37.8
A_HA	1642	2457	A	0	0	2457	34.9
A_HA	1643	2657	T	0	0	2657	34.1
A_HA	1644	2406	G	0	0	2406	36.0
A_HA	1645	2458	G	0	0	2458	35.4
A_HA	1646	2344	C	0	0	2344	34.1
A_HA	1647	2196	T	0	0	2196	36.9
A_HA	1648	2309	G	0	0	2309	34.3
A_HA	1649	2115	G	0	0	2115	36.5
A_HA	1650	2058	T	0	0	2058	36.3
A_HA	1651	1966	C	0	0	1966	34.2
A_HA	1652	2103	T	0	0	2103	37.5
A_HA	1653	2140	A	0	0	2140	37.7
A_HA	1654	2110	T	0	0	2110	36.2
A_HA	1655	2048	C	0	0	2048	37.1
A_HA	1656	1980	T	0	0	1980	35.9
A_HA	1657	1620	T	0	0	1620	36.6
A_HA	1658	1745	T	0	0	1745	36.4
A_HA	1659	1909	A	0	0	1909	38.0
A_HA	1660	1655	T	0	0	1655	37.3
A_HA	1661	1669	G	0	0	1669	36.9
A_HA	1662	1573	G	0	0	1573	36.5
A_HA	1663	1511	A	0	0	1511	37.8
A_HA	1664	1479	T	0	0	1479	36.8
A_HA	1665	1580	G	0	0	1580	36.4
A_HA	1666	1401	T	0	0	1401	34.3
A_HA	1667	1308	G	0	0	1308	35.2
A_HA	1668	1275	C	0	0	1275	36.6
A_HA	1669	1248	T	0	0	1248	35.6
A_HA	1670	1157	C	0	0	1157	37.4
A_HA	1671	1211	C	0	0	1211	36.7
A_HA	1672	1248	A	0	0	1248	36.9
A_HA	1673	1041	A	0	0	1041	35.7
A_HA	1674	954	T	0	0	954	34.7
A_HA	1675	1073	G	0	0	1073	36.9
A_HA	1676	1134	G	0	0	1134	36.9
A_HA	1677	1019	G	0	0	1019	34.1
A_HA	1678	918	T	0	0	918	35.8
A_HA	1679	887	C	0	0	887	34.1
A_HA	1680	873	G	0	0	873	36.9
A_HA	1681	791	T	0	0	791	35.5
A_HA	1682	879	T	0	0	879	35.1
A_HA	1683	891	A	0	0	891	35.7
A_HA	1684	694	C	0	0	694	34.8
A_HA	1685	743	A	0	0	743	36.8
A_HA	1686	643	A	0	0	643	37.4
A_HA	1687	614	T	0	0	614	36.7
A_HA	1688	529	G	0	0	529	34.3
A_HA	1689	537	C	0	0	537	37.3
A_HA	1690	506	A	0	0	506	36.4
A_HA	1691	482	G	0	0	482	36.4
A_HA	1692	428	A	0	0	428	35.6
A_HA	1693	443	A	0	0	443	36.9
A_HA	1694	354	T	0	0	354	36.4
A_HA	1695	324	T	0	0	324	35.4
A_HA	1696	284	T	0	0	284	36.9
A_HA	1697	245	G	0	0	245	35.3
A_HA	1698	219	C	0	0	219	36.3
A_HA	1699	191	A	0	0	191	35.2
A_HA	1700	147	T	0	0	147	34.7
A_HA	1701	112	T	0	0	112	37.2
A_HA	1702	72	T	0	0	72	36.8
A_HA	1703	39	A	0	0	39	37.5
A_HA	1704	0	G	0	0	0	34.6
