Reference_Name	Position	Coverage Depth	Consensus	Deletions	Ambiguous	Consensus_Count	Consensus_Average_Quality
A_MP	1	38	A	0	0	38	34.8
A_MP	2	83	T	0	0	83	34.6
A_MP	3	123	G	0	0	123	35.0
A_MP	4	154	A	0	0	154	36.5
A_MP	5	177	G	0	0	177	36.2
A_MP	6	244	T	0	0	244	37.7
A_MP	7	311	C	0	0	311	37.9
A_MP	8	352	T	0	0	352	35.0
A_MP	9	433	T	0	0	433	35.8
A_MP	10	387	C	0	0	387	35.6
A_MP	11	432	T	0	0	432	34.7
A_MP	12	519	A	0	0	519	37.7
A_MP	13	557	A	0	0	557	37.9
A_MP	14	627	C	0	0	627	35.7
A_MP	15	642	C	0	0	642	34.3
A_MP	16	729	G	0	0	729	36.9
A_MP	17	739	A	0	0	739	34.8
A_MP	18	900	G	0	0	900	34.5
A_MP	19	987	G	0	0	987	34.5
A_MP	20	902	T	0	0	902	34.3
A_MP	21	987	C	0	0	987	37.0
A_MP	22	999	G	0	0	999	37.6
A_MP	23	1040	A	0	0	1040	37.5
A_MP	24	1187	A	0	0	1187	36.3
A_MP	25	1282	A	0	0	1282	34.6
A_MP	26	1347	C	0	0	1347	37.6
A_MP	27	1285	G	0	0	1285	36.7
A_MP	28	1354	T	0	0	1354	36.0
A_MP	29	1456	A	0	0	1456	37.4
A_MP	30	1589	C	0	0	1589	34.9
A_MP	31	1662	G	0	0	1662	37.8
A_MP	32	1718	T	0	0	1718	34.2
A_MP	33	1697	T	0	0	1697	36.5
A_MP	34	1773	C	0	0	1773	37.4
A_MP	35	1839	T	0	0	1839	36.3
A_MP	36	1949	C	0	0	1949	36.7
A_MP	37	1916	T	0	0	1916	37.3
A_MP	38	1935	C	0	0	1935	37.7
A_MP	39	2185	T	0	0	2185	37.8
A_MP	40	1911	A	0	0	1911	35.7
A_MP	41	2210	T	0	0	2210	37.3
A_MP	42	2299	C	0	0	2299	35.6
A_MP	43	2176	G	0	0	2176	36.2
A_MP	44	2336	T	0	0	2336	37.3
A_MP	45	2608	C	0	0	2608	36.0
A_MP	46	2720	C	0	0	2720	37.5
A_MP	47	2509	C	0	0	2509	34.3
A_MP	48	2556	G	0	0	2556	35.9
A_MP	49	2617	T	0	0	2617	35.6
A_MP	50	2830	C	0	0	2830	36.4
A_MP	51	2738	G	0	0	2738	35.0
A_MP	52	2953	G	0	0	2953	34.2
A_MP	53	3266	G	0	0	3266	35.1
A_MP	54	2978	C	0	0	2978	35.5
A_MP	55	3260	C	0	0	3260	34.1
A_MP	56	3088	C	0	0	3088	34.4
A_MP	57	3361	C	0	0	3361	37.7
A_MP	58	3413	C	0	0	3413	35.6
A_MP	59	3038	T	0	0	3038	36.7
A_MP	60	2903	C	0	0	2903	36.8
A_MP	61	3041	A	0	0	3041	37.1
A_MP	62	3333	A	0	0	3333	35.4
A_MP	63	3260	A	0	0	3260	34.7
A_MP	64	3144	G	0	0	3144	34.1
A_MP	65	3382	C	0	0	3382	36.0
A_MP	66	3331	C	0	0	3331	36.9
A_MP	67	3224	G	0	0	3224	34.6
A_MP	68	3026	A	0	0	3026	34.3
A_MP	69	3038	G	0	0	3038	37.5
A_MP	70	2942	A	0	0	2942	38.0
A_MP	71	3511	T	0	0	3511	37.6
A_MP	72	3188	C	0	0	3188	37.1
A_MP	73	3603	G	0	0	3603	36.4
A_MP	74	3280	C	0	0	3280	38.0
A_MP	75	2797	G	0	0	2797	37.2
A_MP	76	2914	C	0	0	2914	35.5
A_MP	77	2931	A	0	0	2931	37.7
A_MP	78	2922	G	0	0	2922	35.6
A_MP	79	3432	A	0	0	3432	36.6
A_MP	80	2921	G	0	0	2921	36.1
A_MP	81	3014	A	0	0	3014	35.8
A_MP	82	2981	C	0	0	2981	37.1
A_MP	83	3086	T	0	0	3086	34.9
A_MP	84	2910	T	0	0	2910	34.1
A_MP	85	3162	G	0	0	3162	37.1
A_MP	86	2909	A	0	0	2909	35.5
A_MP	87	2954	A	0	0	2954	35.5
A_MP	88	3209	G	0	0	3209	37.7
A_MP	89	2879	A	0	0	2879	34.3
A_MP	90	3158	T	0	0	3158	34.5
A_MP	91	3470	G	0	0	3470	35.7
A_MP	92	3089	T	0	0	3089	34.4
A_MP	93	2880	C	0	0	2880	35.9
A_MP	94	2813	T	0	0	2813	37.9
A_MP	95	3134	T	0	0	3134	34.1
A_MP	96	2689	T	0	0	2689	36.3
A_MP	97	2842	G	0	0	2842	35.0
A_MP	98	2724	C	0	0	2724	34.4
A_MP	99	3140	A	0	0	3140	34.4
A_MP	100	3060	G	0	0	3060	37.2
A_MP	101	2565	G	0	0	2565	34.0
A_MP	102	3012	G	0	0	3012	35.1
A_MP	103	2973	A	0	0	2973	35.0
A_MP	104	3046	A	0	0	3046	35.6
A_MP	105	2662	G	0	0	2662	34.4
A_MP	106	2690	A	0	0	2690	36.2
A_MP	107	2769	A	0	0	2769	34.7
A_MP	108	2851	C	0	0	2851	37.1
A_MP	109	3018	A	0	0	3018	36.4
A_MP	110	2955	C	0	0	2955	34.2
A_MP	111	3054	C	0	0	3054	35.2
A_MP	112	2829	G	0	0	2829	35.7
A_MP	113	2574	A	0	0	2574	37.5
A_MP	114	2786	T	0	0	2786	34.9
A_MP	115	2599	C	0	0	2599	34.1
A_MP	116	2980	T	0	0	2980	35.8
A_MP	117	2909	T	0	0	2909	34.5
A_MP	118	2800	G	0	0	2800	36.4
A_MP	119	2944	A	0	0	2944	34.5
A_MP	120	2638	G	0	0	2638	34.8
A_MP	121	2507	G	0	0	2507	37.3
A_MP	122	2774	C	0	0	2774	36.1
A_MP	123	2907	T	0	0	2907	35.7
A_MP	124	2551	C	0	0	2551	37.7
A_MP	125	2864	T	0	0	2864	35.1
A_MP	126	2835	C	0	0	2835	37.8
A_MP	127	3099	A	0	0	3099	34.1
A_MP	128	2804	T	0	0	2804	37.3
A_MP	129	2851	G	0	0	2851	35.0
A_MP	130	2916	G	0	0	2916	35.7
A_MP	131	2756	A	0	0	2756	34.6
A_MP	132	3126	A	0	0	3126	34.0
A_MP	133	2919	T	0	0	2919	37.9
A_MP	134	2761	G	0	0	2761	37.8
A_MP	135	2956	G	0	0	2956	36.2
A_MP	136	3050	C	0	0	3050	35.7
A_MP	137	2715	T	0	0	2715	34.4
A_MP	138	2992	A	0	0	2992	37.1
A_MP	139	2988	A	0	0	2988	34.5
A_MP	140	3074	A	0	0	3074	34.6
A_MP	141	2823	G	0	0	2823	34.2
A_MP	142	2718	A	0	0	2718	37.5
A_MP	143	2815	C	0	0	2815	34.5
A_MP	144	2622	A	0	0	2622	37.8
A_MP	145	3117	A	0	0	3117	34.1
A_MP	146	3084	G	0	0	3084	37.6
A_MP	147	2916	A	0	0	2916	36.6
A_MP	148	3063	C	0	0	3063	37.8
A_MP	149	3443	C	0	0	3443	36.0
A_MP	150	2853	A	0	0	2853	36.0
A_MP	151	2800	A	0	0	2800	35.9
A_MP	152	3228	T	0	0	3228	35.4
A_MP	153	2929	C	0	0	2929	36.8
A_MP	154	3212	C	0	0	3212	34.0
A_MP	155	3103	T	0	0	3103	35.1
A_MP	156	2977	G	0	0	2977	36.8
A_MP	157	3362	T	0	0	3362	35.8
A_MP	158	2809	C	0	0	2809	34.8
A_MP	159	3217	A	0	0	3217	34.2
A_MP	160	3024	C	0	0	3024	34.5
A_MP	161	2990	C	0	0	2990	35.6
A_MP	162	3347	T	0	0	3347	34.7
A_MP	163	2941	C	0	0	2941	37.7
A_MP	164	3282	T	0	0	3282	34.2
A_MP	165	3303	G	0	0	3303	37.3
A_MP	166	3259	A	0	0	3259	36.6
A_MP	167	2984	C	0	0	2984	34.4
A_MP	168	3165	T	0	0	3165	36.2
A_MP	169	2998	A	0	0	2998	36.7
A_MP	170	3110	A	0	0	3110	35.2
A_MP	171	2836	G	0	0	2836	34.4
A_MP	172	3098	G	0	0	3098	36.8
A_MP	173	2792	G	0	0	2792	34.3
A_MP	174	2953	G	0	0	2953	35.2
A_MP	175	2970	A	0	0	2970	37.4
A_MP	176	3075	T	0	0	3075	35.9
A_MP	177	3075	T	0	0	3075	34.5
A_MP	178	2906	T	0	0	2906	36.4
A_MP	179	3010	T	0	0	3010	35.0
A_MP	180	2961	G	0	0	2961	35.1
A_MP	181	2963	G	0	0	2963	34.3
A_MP	182	2760	G	0	0	2760	38.0
A_MP	183	2755	A	0	0	2755	34.7
A_MP	184	2894	T	0	0	2894	35.4
A_MP	185	2763	T	0	0	2763	36.7
A_MP	186	3032	T	0	0	3032	34.8
A_MP	187	2671	G	0	0	2671	36.6
A_MP	188	2664	T	0	0	2664	37.2
A_MP	189	3100	G	0	0	3100	36.6
A_MP	190	2817	T	0	0	2817	36.6
A_MP	191	3224	T	0	0	3224	34.0
A_MP	192	2940	C	0	0	2940	35.8
A_MP	193	2735	A	0	0	2735	36.2
A_MP	194	2675	C	0	0	2675	34.2
A_MP	195	3000	G	0	0	3000	34.0
A_MP	196	2864	C	0	0	2864	37.5
A_MP	197	2582	T	0	0	2582	37.9
A_MP	198	2891	C	0	0	2891	34.0
A_MP	199	2585	A	0	0	2585	36.8
A_MP	200	2513	C	0	0	2513	34.5
A_MP	201	2498	C	0	0	2498	34.3
A_MP	202	2611	G	0	0	2611	36.3
A_MP	203	2691	T	0	0	2691	34.2
A_MP	204	2547	G	0	0	2547	36.3
A_MP	205	2713	C	0	0	2713	36.6
A_MP	206	2419	C	0	0	2419	35.5
A_MP	207	2281	C	0	0	2281	37.2
A_MP	208	2825	A	0	0	2825	36.8
A_MP	209	2650	G	0	0	2650	34.0
A_MP	210	2622	T	0	0	2622	37.1
A_MP	211	2637	G	0	0	2637	36.6
A_MP	212	2333	A	0	0	2333	34.7
A_MP	213	2454	G	0	0	2454	38.0
A_MP	214	2432	C	0	0	2432	34.2
A_MP	215	2208	G	0	0	2208	36.7
A_MP	216	2395	A	0	0	2395	35.1
A_MP	217	2411	G	0	0	2411	34.0
A_MP	218	2329	G	0	0	2329	36.6
A_MP	219	2168	A	0	0	2168	37.2
A_MP	220	2194	C	0	0	2194	34.0
A_MP	221	2158	T	0	0	2158	36.1
A_MP	222	1867	G	0	0	1867	37.1
A_MP	223	2352	C	0	0	2352	37.6
A_MP	224	2079	A	0	0	2079	34.1
A_MP	225	2047	G	0	0	2047	34.9
A_MP	226	2031	C	0	0	2031	34.2
A_MP	227	2160	G	0	0	2160	36.5
A_MP	228	2145	T	0	0	2145	37.8
A_MP	229	2032	A	0	0	2032	36.6
A_MP	230	1979	G	0	0	1979	37.3
A_MP	231	1920	A	0	0	1920	36.7
A_MP	232	1740	C	0	0	1740	36.2
A_MP	233	1990	G	0	0	1990	36.6
A_MP	234	1849	C	0	0	1849	35.4
A_MP	235	1696	T	0	0	1696	37.6
A_MP	236	1879	T	0	0	1879	36.2
A_MP	237	1814	T	0	0	1814	37.0
A_MP	238	1974	G	0	0	1974	37.5
A_MP	239	1919	T	0	0	1919	36.5
A_MP	240	1936	C	0	0	1936	35.7
A_MP	241	1686	C	0	0	1686	37.6
A_MP	242	1721	A	0	0	1721	35.6
A_MP	243	1778	A	0	0	1778	35.9
A_MP	244	1753	A	0	0	1753	36.2
A_MP	245	1743	A	0	0	1743	34.0
A_MP	246	1688	T	0	0	1688	37.6
A_MP	247	1664	G	0	0	1664	34.8
A_MP	248	1608	C	0	0	1608	37.6
A_MP	249	1789	T	0	0	1789	37.5
A_MP	250	1662	C	0	0	1662	34.7
A_MP	251	1659	T	0	0	1659	36.2
A_MP	252	1604	A	0	0	1604	35.9
A_MP	253	1834	A	0	0	1834	36.1
A_MP	254	1714	G	0	0	1714	37.5
A_MP	255	1521	T	0	0	1521	37.6
A_MP	256	1706	G	0	0	1706	38.0
A_MP	257	1889	G	0	0	1889	34.7
A_MP	258	1638	A	0	0	1638	35.8
A_MP	259	1751	A	0	0	1751	34.2
A_MP	260	1672	A	0	0	1672	35.7
A_MP	261	1595	T	0	0	1595	37.8
A_MP	262	1673	G	0	0	1673	36.7
A_MP	263	1823	G	0	0	1823	36.0
A_MP	264	1840	A	0	0	1840	34.9
A_MP	265	1774	G	0	0	1774	34.5
A_MP	266	1574	A	0	0	1574	36.7
A_MP	267	1728	C	0	0	1728	36.4
A_MP	268	1791	C	0	0	1791	37.3
A_MP	269	1698	C	0	0	1698	36.1
A_MP	270	1905	A	0	0	1905	35.1
A_MP	271	1910	A	0	0	1910	37.6
A_MP	272	1655	A	0	0	1655	34.9
A_MP	273	1751	C	0	0	1751	37.9
A_MP	274	1915	A	0	0	1915	34.4
A_MP	275	1808	A	0	0	1808	36.8
A_MP	276	1767	C	0	0	1767	34.6
A_MP	277	1881	A	0	0	1881	36.5
A_MP	278	1838	T	0	0	1838	37.8
A_MP	279	1904	G	0	0	1904	36.0
A_MP	280	1978	G	0	0	1978	36.9
A_MP	281	1843	A	0	0	1843	34.0
A_MP	282	1887	C	0	0	1887	36.6
A_MP	283	1975	A	0	0	1975	36.1
A_MP	284	1855	G	0	0	1855	35.8
A_MP	285	2144	G	0	0	2144	36.8
A_MP	286	2027	G	0	0	2027	36.1
A_MP	287	2169	C	0	0	2169	34.4
A_MP	288	2172	A	0	0	2172	37.8
A_MP	289	2033	G	0	0	2033	35.3
A_MP	290	1769	T	0	0	1769	36.2
A_MP	291	2237	C	0	0	2237	36.0
A_MP	292	1923	A	0	0	1923	36.5
A_MP	293	2170	A	0	0	2170	34.3
A_MP	294	2091	G	0	0	2091	34.3
A_MP	295	2211	T	0	0	2211	37.5
A_MP	296	2258	T	0	0	2258	34.9
A_MP	297	2157	G	0	0	2157	36.7
A_MP	298	2249	T	0	0	2249	34.0
A_MP	299	2350	A	0	0	2350	37.1
A_MP	300	2450	C	0	0	2450	35.1
A_MP	301	2346	A	0	0	2346	34.9
A_MP	302	2287	G	0	0	2287	35.7
A_MP	303	2209	G	0	0	2209	37.2
A_MP	304	2451	A	0	0	2451	37.6
A_MP	305	2462	A	0	0	2462	36.2
A_MP	306	2335	A	0	0	2335	35.0
A_MP	307	2438	C	0	0	2438	36.0
A_MP	308	2620	T	0	0	2620	37.6
A_MP	309	2559	G	0	0	2559	34.5
A_MP	310	2466	A	0	0	2466	36.6
A_MP	311	2694	A	0	0	2694	35.8
A_MP	312	2690	G	0	0	2690	37.0
A_MP	313	2763	A	0	0	2763	38.0
A_MP	314	2647	G	0	0	2647	35.8
A_MP	315	2459	A	0	0	2459	34.4
A_MP	316	2362	G	0	0	2362	34.4
A_MP	317	2793	A	0	0	2793	36.1
A_MP	318	2787	G	0	0	2787	36.9
A_MP	319	2648	A	0	0	2648	35.3
A_MP	320	2763	T	0	0	2763	37.5
A_MP	321	2521	A	0	0	2521	34.8
A_MP	322	2550	A	0	0	2550	37.6
A_MP	323	2722	C	0	0	2722	34.5
A_MP	324	2889	A	0	0	2889	36.5
A_MP	325	2645	T	0	0	2645	37.9
A_MP	326	2680	T	0	0	2680	37.9
A_MP	327	3103	C	0	0	3103	37.4
A_MP	328	2766	C	0	0	2766	36.7
A_MP	329	2682	A	0	0	2682	37.5
A_MP	330	2876	T	0	0	2876	36.3
A_MP	331	2646	G	0	0	2646	36.2
A_MP	332	2609	G	0	0	2609	37.4
A_MP	333	2592	G	0	0	2592	36.8
A_MP	334	2869	G	0	0	2869	34.9
A_MP	335	2630	C	0	0	2630	35.9
A_MP	336	2503	T	0	0	2503	35.9
A_MP	337	2672	A	0	0	2672	34.6
A_MP	338	2364	A	0	0	2364	37.8
A_MP	339	3009	A	0	0	3009	37.9
A_MP	340	2758	G	0	0	2758	37.9
A_MP	341	2984	A	0	0	2984	34.6
A_MP	342	2930	A	0	0	2930	35.4
A_MP	343	2606	G	0	0	2606	36.9
A_MP	344	2680	T	0	0	2680	36.2
A_MP	345	2525	T	0	0	2525	35.6
A_MP	346	2902	G	0	0	2902	36.0
A_MP	347	2535	C	0	0	2535	37.0
A_MP	348	2731	A	0	0	2731	36.2
A_MP	349	2689	C	0	0	2689	35.6
A_MP	350	2951	T	0	0	2951	34.0
A_MP	351	2543	C	0	0	2543	35.9
A_MP	352	2943	A	0	0	2943	37.3
A_MP	353	3269	G	0	0	3269	35.6
A_MP	354	2780	T	0	0	2780	37.7
A_MP	355	2865	T	0	0	2865	37.5
A_MP	356	2813	A	0	0	2813	37.3
A_MP	357	2806	C	0	0	2806	37.4
A_MP	358	2628	T	0	0	2628	36.6
A_MP	359	2607	C	0	0	2607	37.3
A_MP	360	2628	A	0	0	2628	35.6
A_MP	361	2660	A	0	0	2660	35.7
A_MP	362	2637	C	0	0	2637	36.0
A_MP	363	2496	C	0	0	2496	34.8
A_MP	364	2759	G	0	0	2759	34.1
A_MP	365	2614	G	0	0	2614	36.3
A_MP	366	2550	T	0	0	2550	34.2
A_MP	367	2964	G	0	0	2964	37.1
A_MP	368	2886	C	0	0	2886	35.1
A_MP	369	2757	A	0	0	2757	35.7
A_MP	370	2665	C	0	0	2665	35.5
A_MP	371	2769	T	0	0	2769	35.4
A_MP	372	2300	T	0	0	2300	35.7
A_MP	373	3029	G	0	0	3029	37.1
A_MP	374	2561	C	0	0	2561	37.9
A_MP	375	2759	C	0	0	2759	35.1
A_MP	376	2478	A	0	0	2478	34.4
A_MP	377	2575	G	0	0	2575	37.9
A_MP	378	2627	T	0	0	2627	35.0
A_MP	379	2519	T	0	0	2519	36.4
A_MP	380	2379	G	0	0	2379	36.6
A_MP	381	2689	T	0	0	2689	36.9
A_MP	382	2816	A	0	0	2816	37.3
A_MP	383	2489	T	0	0	2489	36.6
A_MP	384	2982	G	0	0	2982	37.9
A_MP	385	2591	G	0	0	2591	34.6
A_MP	386	2497	G	0	0	2497	36.1
A_MP	387	2419	T	0	0	2419	36.3
A_MP	388	2671	C	0	0	2671	34.2
A_MP	389	2761	T	0	0	2761	37.2
A_MP	390	2537	C	0	0	2537	36.3
A_MP	391	2622	A	0	0	2622	37.3
A_MP	392	2685	T	0	0	2685	36.3
A_MP	393	3055	A	0	0	3055	37.9
A_MP	394	2310	T	0	0	2310	36.7
A_MP	395	2835	A	0	0	2835	35.0
A_MP	396	2919	C	0	0	2919	35.3
A_MP	397	2429	A	0	0	2429	36.1
A_MP	398	2651	A	0	0	2651	37.7
A_MP	399	2776	C	0	0	2776	35.0
A_MP	400	2585	A	0	0	2585	36.8
A_MP	401	2648	G	0	0	2648	35.0
A_MP	402	2701	G	0	0	2701	35.0
A_MP	403	2754	A	0	0	2754	35.1
A_MP	404	2842	T	0	0	2842	34.1
A_MP	405	2852	G	0	0	2852	37.8
A_MP	406	2820	G	0	0	2820	35.2
A_MP	407	2768	G	0	0	2768	37.4
A_MP	408	2772	G	0	0	2772	35.8
A_MP	409	2965	A	0	0	2965	35.9
A_MP	410	2703	C	0	0	2703	37.0
A_MP	411	3190	G	0	0	3190	36.3
A_MP	412	2940	G	0	0	2940	35.6
A_MP	413	2730	T	0	0	2730	36.7
A_MP	414	2980	G	0	0	2980	34.3
A_MP	415	3214	A	0	0	3214	35.6
A_MP	416	2807	C	0	0	2807	37.5
A_MP	417	3147	C	0	0	3147	34.4
A_MP	418	3221	G	0	0	3221	35.2
A_MP	419	3139	C	0	0	3139	35.2
A_MP	420	2919	A	0	0	2919	35.1
A_MP	421	2849	G	0	0	2849	37.8
A_MP	422	2953	A	0	0	2953	35.0
A_MP	423	2832	A	0	0	2832	35.5
A_MP	424	3317	G	0	0	3317	34.0
A_MP	425	2872	T	0	0	2872	37.2
A_MP	426	3040	G	0	0	3040	35.2
A_MP	427	3168	G	0	0	3168	36.3
A_MP	428	3266	C	0	0	3266	36.3
A_MP	429	3199	A	0	0	3199	37.9
A_MP	430	3418	T	0	0	3418	36.9
A_MP	431	3436	T	0	0	3436	36.4
A_MP	432	3038	G	0	0	3038	36.6
A_MP	433	3093	G	0	0	3093	34.5
A_MP	434	3526	G	0	0	3526	35.7
A_MP	435	3309	C	0	0	3309	37.4
A_MP	436	3575	C	0	0	3575	34.9
A_MP	437	3195	T	0	0	3195	37.2
A_MP	438	3386	A	0	0	3386	36.8
A_MP	439	3295	G	0	0	3295	37.1
A_MP	440	3586	T	0	0	3586	34.9
A_MP	441	3526	G	0	0	3526	37.9
A_MP	442	3571	T	0	0	3571	34.6
A_MP	443	3235	G	0	0	3235	36.1
A_MP	444	3208	T	0	0	3208	37.3
A_MP	445	3556	G	0	0	3556	35.3
A_MP	446	3631	C	0	0	3631	37.4
A_MP	447	3981	C	0	0	3981	37.9
A_MP	448	3264	A	0	0	3264	34.2
A_MP	449	3084	C	0	0	3084	36.2
A_MP	450	3497	C	0	0	3497	36.5
A_MP	451	3366	T	0	0	3366	35.5
A_MP	452	3592	G	0	0	3592	37.2
A_MP	453	3435	T	0	0	3435	37.9
A_MP	454	3299	G	0	0	3299	34.7
A_MP	455	3734	A	0	0	3734	37.5
A_MP	456	3181	G	0	0	3181	36.6
A_MP	457	3605	C	0	0	3605	37.4
A_MP	458	3513	A	0	0	3513	37.4
A_MP	459	3443	G	0	0	3443	35.0
A_MP	460	3454	A	0	0	3454	35.6
A_MP	461	3603	T	0	0	3603	37.8
A_MP	462	3472	T	0	0	3472	35.4
A_MP	463	3411	G	0	0	3411	37.8
A_MP	464	3516	C	0	0	3516	34.8
A_MP	465	3888	T	0	0	3888	37.7
A_MP	466	3522	G	0	0	3522	36.1
A_MP	467	3505	A	0	0	3505	35.9
A_MP	468	3498	T	0	0	3498	35.3
A_MP	469	3148	T	0	0	3148	34.7
A_MP	470	3575	C	0	0	3575	35.5
A_MP	471	3425	A	0	0	3425	36.4
A_MP	472	3562	C	0	0	3562	36.9
A_MP	473	3299	A	0	0	3299	35.0
A_MP	474	3495	G	0	0	3495	37.6
A_MP	475	3405	C	0	0	3405	37.6
A_MP	476	2989	A	0	0	2989	37.2
A_MP	477	3308	T	0	0	3308	35.5
A_MP	478	3239	C	0	0	3239	36.3
A_MP	479	3149	G	0	0	3149	36.0
A_MP	480	3417	G	0	0	3417	34.2
A_MP	481	3115	T	0	0	3115	34.9
A_MP	482	2783	C	0	0	2783	36.0
A_MP	483	3402	T	0	0	3402	35.3
A_MP	484	3054	C	0	0	3054	37.9
A_MP	485	3323	A	0	0	3323	34.4
A_MP	486	3203	C	0	0	3203	37.4
A_MP	487	3085	A	0	0	3085	36.9
A_MP	488	2934	G	0	0	2934	35.0
A_MP	489	3088	A	0	0	3088	36.7
A_MP	490	2767	C	0	0	2767	35.9
A_MP	491	3099	A	0	0	3099	35.3
A_MP	492	2955	G	0	0	2955	35.0
A_MP	493	2892	A	0	0	2892	35.0
A_MP	494	3086	T	0	0	3086	37.7
A_MP	495	2838	A	0	0	2838	37.2
A_MP	496	2617	G	0	0	2617	36.9
A_MP	497	2645	C	0	0	2645	34.0
A_MP	498	2887	T	0	0	2887	36.6
A_MP	499	2752	A	0	0	2752	36.6
A_MP	500	2644	C	0	0	2644	36.9
A_MP	501	2708	C	0	0	2708	34.2
A_MP	502	2818	A	0	0	2818	36.7
A_MP	503	2721	C	0	0	2721	35.9
A_MP	504	2401	C	0	0	2401	36.9
A_MP	505	2850	A	0	0	2850	36.9
A_MP	506	2563	C	0	0	2563	35.9
A_MP	507	2306	C	0	0	2306	35.7
A_MP	508	2579	A	0	0	2579	36.1
A_MP	509	2270	A	0	0	2270	36.4
A_MP	510	2746	C	0	0	2746	35.7
A_MP	511	2346	C	0	0	2346	34.4
A_MP	512	2308	C	0	0	2308	35.6
A_MP	513	2307	A	0	0	2307	36.0
A_MP	514	2459	C	0	0	2459	37.4
A_MP	515	2386	T	0	0	2386	36.7
A_MP	516	2219	G	0	0	2219	35.5
A_MP	517	2228	A	0	0	2228	36.3
A_MP	518	2217	T	0	0	2217	37.3
A_MP	519	2151	C	0	0	2151	35.9
A_MP	520	2175	A	0	0	2175	35.2
A_MP	521	2222	G	0	0	2222	37.3
A_MP	522	2241	A	0	0	2241	34.6
A_MP	523	2223	C	0	0	2223	36.9
A_MP	524	2174	A	0	0	2174	37.6
A_MP	525	2246	T	0	0	2246	36.7
A_MP	526	2129	G	0	0	2129	37.5
A_MP	527	2367	A	0	0	2367	36.8
A_MP	528	2111	A	0	0	2111	34.0
A_MP	529	2096	A	0	0	2096	35.2
A_MP	530	2012	A	0	0	2012	35.7
A_MP	531	1997	C	0	0	1997	35.4
A_MP	532	1954	A	0	0	1954	35.5
A_MP	533	2080	G	0	0	2080	35.6
A_MP	534	1938	A	0	0	1938	35.1
A_MP	535	1842	A	0	0	1842	37.5
A_MP	536	1876	T	0	0	1876	36.4
A_MP	537	2252	G	0	0	2252	35.4
A_MP	538	1819	G	0	0	1819	35.0
A_MP	539	1891	T	0	0	1891	34.8
A_MP	540	1999	T	0	0	1999	37.0
A_MP	541	1985	T	0	0	1985	35.3
A_MP	542	1868	T	0	0	1868	35.6
A_MP	543	1782	G	0	0	1782	37.5
A_MP	544	2024	G	0	0	2024	37.4
A_MP	545	1923	C	0	0	1923	36.1
A_MP	546	1905	C	0	0	1905	34.5
A_MP	547	1897	A	0	0	1897	37.1
A_MP	548	2138	G	0	0	2138	37.6
A_MP	549	1839	T	0	0	1839	35.5
A_MP	550	1740	A	0	0	1740	37.5
A_MP	551	1754	C	0	0	1754	34.6
A_MP	552	2039	T	0	0	2039	34.6
A_MP	553	1866	A	0	0	1866	35.0
A_MP	554	1753	C	0	0	1753	35.1
A_MP	555	1975	A	0	0	1975	34.0
A_MP	556	2171	G	0	0	2171	36.6
A_MP	557	2186	C	0	0	2186	35.1
A_MP	558	1927	T	0	0	1927	37.7
A_MP	559	2037	A	0	0	2037	36.0
A_MP	560	1882	A	0	0	1882	35.3
A_MP	561	1900	G	0	0	1900	35.6
A_MP	562	2095	G	0	0	2095	36.8
A_MP	563	2068	C	0	0	2068	35.4
A_MP	564	2421	T	0	0	2421	37.4
A_MP	565	2140	A	0	0	2140	38.0
A_MP	566	1985	T	0	0	1985	35.4
A_MP	567	2114	G	0	0	2114	35.3
A_MP	568	1962	G	0	0	1962	36.5
A_MP	569	1989	A	0	0	1989	34.5
A_MP	570	2376	G	0	0	2376	35.4
A_MP	571	2026	C	0	0	2026	34.0
A_MP	572	2404	A	0	0	2404	34.9
A_MP	573	2031	G	0	0	2031	34.4
A_MP	574	2060	A	0	0	2060	37.6
A_MP	575	2194	T	0	0	2194	34.5
A_MP	576	2415	G	0	0	2415	36.9
A_MP	577	2160	G	0	0	2160	34.8
A_MP	578	2176	C	0	0	2176	36.2
A_MP	579	2173	T	0	0	2173	35.1
A_MP	580	2235	G	0	0	2235	37.6
A_MP	581	2410	G	0	0	2410	35.6
A_MP	582	2168	A	0	0	2168	36.7
A_MP	583	2426	T	0	0	2426	36.2
A_MP	584	2499	C	0	0	2499	36.6
A_MP	585	2162	G	0	0	2162	34.1
A_MP	586	2360	A	0	0	2360	35.4
A_MP	587	2373	G	0	0	2373	35.6
A_MP	588	2300	T	0	0	2300	37.7
A_MP	589	2204	G	0	0	2204	37.9
A_MP	590	2485	A	0	0	2485	34.3
A_MP	591	2529	G	0	0	2529	35.7
A_MP	592	2361	C	0	0	2361	35.6
A_MP	593	2148	A	0	0	2148	36.9
A_MP	594	2606	A	0	0	2606	35.6
A_MP	595	2365	G	0	0	2365	37.6
A_MP	596	2548	C	0	0	2548	34.3
A_MP	597	2316	A	0	0	2316	34.3
A_MP	598	2518	G	0	0	2518	35.0
A_MP	599	2610	T	0	0	2610	35.7
A_MP	600	2544	G	0	0	2544	36.2
A_MP	601	2311	G	0	0	2311	34.3
A_MP	602	2379	A	0	0	2379	34.0
A_MP	603	2267	A	0	0	2267	37.5
A_MP	604	2340	G	0	0	2340	35.9
A_MP	605	2351	C	0	0	2351	37.7
A_MP	606	2325	C	0	0	2325	34.7
A_MP	607	2158	A	0	0	2158	34.0
A_MP	608	2381	T	0	0	2381	34.2
A_MP	609	2462	G	0	0	2462	37.7
A_MP	610	2421	G	0	0	2421	37.8
A_MP	611	2557	A	0	0	2557	37.4
A_MP	612	2287	G	0	0	2287	38.0
A_MP	613	2395	G	0	0	2395	35.2
A_MP	614	2416	T	0	0	2416	37.2
A_MP	615	2353	T	0	0	2353	35.2
A_MP	616	2571	G	0	0	2571	37.2
A_MP	617	2550	C	0	0	2550	34.5
A_MP	618	2339	T	0	0	2339	35.3
A_MP	619	2410	A	0	0	2410	37.0
A_MP	620	2405	G	0	0	2405	37.3
A_MP	621	2127	T	0	0	2127	35.0
A_MP	622	2498	C	0	0	2498	34.2
A_MP	623	2166	A	0	0	2166	35.4
A_MP	624	2497	G	0	0	2497	36.4
A_MP	625	2595	G	0	0	2595	34.8
A_MP	626	2367	C	0	0	2367	34.9
A_MP	627	2314	T	0	0	2314	37.8
A_MP	628	2487	A	0	0	2487	37.1
A_MP	629	2257	G	0	0	2257	34.7
A_MP	630	2281	G	0	0	2281	37.1
A_MP	631	2246	C	0	0	2246	35.0
A_MP	632	2207	A	0	0	2207	35.8
A_MP	633	2119	G	0	0	2119	37.8
A_MP	634	2170	A	0	0	2170	34.9
A_MP	635	2482	T	0	0	2482	35.5
A_MP	636	2300	G	0	0	2300	35.5
A_MP	637	2315	G	0	0	2315	36.1
A_MP	638	2129	T	0	0	2129	37.0
A_MP	639	2256	G	0	0	2256	36.5
A_MP	640	2136	C	0	0	2136	34.0
A_MP	641	2362	A	0	0	2362	37.7
A_MP	642	2184	G	0	0	2184	34.0
A_MP	643	2390	G	0	0	2390	34.7
A_MP	644	2276	C	0	0	2276	34.9
A_MP	645	2226	G	0	0	2226	35.2
A_MP	646	2004	A	0	0	2004	34.0
A_MP	647	1994	T	0	0	1994	36.7
A_MP	648	2271	G	0	0	2271	37.3
A_MP	649	2285	A	0	0	2285	35.4
A_MP	650	2144	G	0	0	2144	36.9
A_MP	651	2159	G	0	0	2159	35.2
A_MP	652	2181	A	0	0	2181	35.8
A_MP	653	1985	C	0	0	1985	37.5
A_MP	654	2186	C	0	0	2186	34.6
A_MP	655	2376	A	0	0	2376	35.7
A_MP	656	2106	T	0	0	2106	35.7
A_MP	657	2285	T	0	0	2285	35.5
A_MP	658	2154	G	0	0	2154	37.3
A_MP	659	2194	G	0	0	2194	35.9
A_MP	660	2081	A	0	0	2081	35.9
A_MP	661	2202	A	0	0	2202	37.8
A_MP	662	2059	C	0	0	2059	36.5
A_MP	663	2115	T	0	0	2115	35.3
A_MP	664	2069	C	0	0	2069	34.2
A_MP	665	2225	A	0	0	2225	34.7
A_MP	666	2214	T	0	0	2214	35.1
A_MP	667	2204	C	0	0	2204	36.0
A_MP	668	2072	C	0	0	2072	37.4
A_MP	669	2261	T	0	0	2261	34.2
A_MP	670	2126	A	0	0	2126	35.5
A_MP	671	2156	G	0	0	2156	37.0
A_MP	672	2164	C	0	0	2164	37.4
A_MP	673	1908	T	0	0	1908	35.1
A_MP	674	2099	C	0	0	2099	37.3
A_MP	675	2151	C	0	0	2151	37.7
A_MP	676	2225	A	0	0	2225	35.0
A_MP	677	2253	G	0	0	2253	34.5
A_MP	678	2222	T	0	0	2222	36.2
A_MP	679	2191	G	0	0	2191	36.7
A_MP	680	2140	C	0	0	2140	35.9
A_MP	681	2048	C	0	0	2048	35.3
A_MP	682	2399	G	0	0	2399	35.6
A_MP	683	2412	G	0	0	2412	37.6
A_MP	684	2477	T	0	0	2477	35.1
A_MP	685	2544	C	0	0	2544	37.7
A_MP	686	2512	T	0	0	2512	37.1
A_MP	687	2278	G	0	0	2278	36.0
A_MP	688	2404	A	0	0	2404	36.3
A_MP	689	2431	G	0	0	2431	37.9
A_MP	690	2698	A	0	0	2698	34.6
A_MP	691	2717	G	0	0	2717	35.3
A_MP	692	2616	A	0	0	2616	34.3
A_MP	693	2428	T	0	0	2428	35.0
A_MP	694	2596	G	0	0	2596	36.3
A_MP	695	2744	A	0	0	2744	35.6
A_MP	696	2672	T	0	0	2672	34.8
A_MP	697	2454	C	0	0	2454	35.5
A_MP	698	2806	T	0	0	2806	35.8
A_MP	699	2891	C	0	0	2891	37.4
A_MP	700	2529	C	0	0	2529	36.0
A_MP	701	2812	T	0	0	2812	35.4
A_MP	702	2536	T	0	0	2536	34.5
A_MP	703	2778	G	0	0	2778	35.5
A_MP	704	2557	A	0	0	2557	34.9
A_MP	705	2941	A	0	0	2941	34.5
A_MP	706	3046	A	0	0	3046	37.0
A_MP	707	2875	A	0	0	2875	34.1
A_MP	708	2612	T	0	0	2612	36.5
A_MP	709	3140	T	0	0	3140	36.0
A_MP	710	2658	T	0	0	2658	35.9
A_MP	711	3184	G	0	0	3184	35.0
A_MP	712	3002	C	0	0	3002	37.9
A_MP	713	3238	A	0	0	3238	35.3
A_MP	714	3045	G	0	0	3045	34.8
A_MP	715	3132	G	0	0	3132	34.2
A_MP	716	2902	C	0	0	2902	35.7
A_MP	717	3256	C	0	0	3256	34.3
A_MP	718	3134	T	0	0	3134	37.6
A_MP	719	3371	A	0	0	3371	34.8
A_MP	720	3172	C	0	0	3172	36.5
A_MP	721	3179	C	0	0	3179	34.4
A_MP	722	3187	A	0	0	3187	37.7
A_MP	723	3195	A	0	0	3195	36.3
A_MP	724	3458	A	0	0	3458	35.6
A_MP	725	3247	A	0	0	3247	35.0
A_MP	726	3362	A	0	0	3362	34.1
A_MP	727	3465	C	0	0	3465	37.5
A_MP	728	3411	G	0	0	3411	37.4
A_MP	729	3705	G	0	0	3705	37.7
A_MP	730	3835	A	0	0	3835	37.3
A_MP	731	3285	T	0	0	3285	34.4
A_MP	732	3267	G	0	0	3267	35.7
A_MP	733	3649	G	0	0	3649	36.4
A_MP	734	3512	G	0	0	3512	38.0
A_MP	735	3292	A	0	0	3292	35.7
A_MP	736	3587	G	0	0	3587	37.6
A_MP	737	3708	T	0	0	3708	35.4
A_MP	738	3610	G	0	0	3610	34.2
A_MP	739	3313	C	0	0	3313	35.7
A_MP	740	3655	A	0	0	3655	37.2
A_MP	741	3307	A	0	0	3307	36.4
A_MP	742	3909	C	0	0	3909	35.2
A_MP	743	3824	T	0	0	3824	34.9
A_MP	744	3493	G	0	0	3493	35.3
A_MP	745	3546	C	0	0	3546	37.2
A_MP	746	3546	A	0	0	3546	36.5
A_MP	747	3274	G	0	0	3274	36.5
A_MP	748	3474	C	0	0	3474	34.4
A_MP	749	3884	G	0	0	3884	36.8
A_MP	750	3306	A	0	0	3306	35.2
A_MP	751	3507	T	0	0	3507	34.9
A_MP	752	3602	T	0	0	3602	37.0
A_MP	753	3316	C	0	0	3316	34.8
A_MP	754	3640	A	0	0	3640	34.7
A_MP	755	3699	A	0	0	3699	35.3
A_MP	756	3942	G	0	0	3942	35.8
A_MP	757	3566	T	0	0	3566	35.9
A_MP	758	3443	G	0	0	3443	37.5
A_MP	759	3514	A	0	0	3514	35.5
A_MP	760	3466	T	0	0	3466	35.1
A_MP	761	3664	C	0	0	3664	37.2
A_MP	762	3730	C	0	0	3730	34.9
A_MP	763	3542	T	0	0	3542	36.7
A_MP	764	3327	C	0	0	3327	35.8
A_MP	765	3159	T	0	0	3159	35.7
A_MP	766	3198	C	0	0	3198	36.6
A_MP	767	3613	G	0	0	3613	35.4
A_MP	768	3221	T	0	0	3221	35.6
A_MP	769	3155	T	0	0	3155	35.2
A_MP	770	3797	A	0	0	3797	37.5
A_MP	771	3024	T	0	0	3024	37.2
A_MP	772	3261	T	0	0	3261	37.8
A_MP	773	3320	G	0	0	3320	35.1
A_MP	774	3476	C	0	0	3476	34.1
A_MP	775	2982	C	0	0	2982	37.4
A_MP	776	2954	G	0	0	2954	37.2
A_MP	777	3074	C	0	0	3074	35.4
A_MP	778	3295	A	0	0	3295	34.4
A_MP	779	3243	A	0	0	3243	37.5
A_MP	780	3297	G	0	0	3297	34.7
A_MP	781	3405	T	0	0	3405	37.8
A_MP	782	3208	A	0	0	3208	37.2
A_MP	783	3221	T	0	0	3221	34.4
A_MP	784	3007	C	0	0	3007	35.7
A_MP	785	3208	A	0	0	3208	34.8
A_MP	786	2889	T	0	0	2889	34.4
A_MP	787	3137	T	0	0	3137	34.3
A_MP	788	2709	G	0	0	2709	36.5
A_MP	789	2864	G	0	0	2864	35.9
A_MP	790	3353	G	0	0	3353	36.3
A_MP	791	2936	A	0	0	2936	35.9
A_MP	792	2795	T	0	0	2795	36.1
A_MP	793	3026	C	0	0	3026	34.4
A_MP	794	3100	T	0	0	3100	34.4
A_MP	795	2886	T	0	0	2886	37.3
A_MP	796	2719	G	0	0	2719	34.6
A_MP	797	3037	C	0	0	3037	35.5
A_MP	798	2828	A	0	0	2828	35.6
A_MP	799	2440	C	0	0	2440	37.3
A_MP	800	2727	T	0	0	2727	35.7
A_MP	801	2391	T	0	0	2391	37.5
A_MP	802	2684	G	0	0	2684	37.0
A_MP	803	2668	A	0	0	2668	34.2
A_MP	804	2613	T	0	0	2613	36.7
A_MP	805	2653	A	0	0	2653	37.0
A_MP	806	2542	T	0	0	2542	34.0
A_MP	807	2899	T	0	0	2899	37.4
A_MP	808	2409	G	0	0	2409	36.2
A_MP	809	2802	T	0	0	2802	37.4
A_MP	810	2219	G	0	0	2219	36.9
A_MP	811	2524	G	0	0	2524	34.4
A_MP	812	2580	A	0	0	2580	35.1
A_MP	813	2589	T	0	0	2589	35.5
A_MP	814	2657	T	0	0	2657	37.5
A_MP	815	2468	C	0	0	2468	36.3
A_MP	816	2363	T	0	0	2363	35.4
A_MP	817	2526	T	0	0	2526	35.8
A_MP	818	2146	G	0	0	2146	34.0
A_MP	819	2660	A	0	0	2660	37.6
A_MP	820	2277	T	0	0	2277	36.7
A_MP	821	2390	C	0	0	2390	38.0
A_MP	822	2385	G	0	0	2385	37.0
A_MP	823	2416	C	0	0	2416	36.2
A_MP	824	2245	C	0	0	2245	34.0
A_MP	825	2420	T	0	0	2420	37.8
A_MP	826	2584	T	0	0	2584	35.1
A_MP	827	2298	T	0	0	2298	35.6
A_MP	828	2308	T	0	0	2308	37.3
A_MP	829	2703	C	0	0	2703	34.6
A_MP	830	2574	T	0	0	2574	36.8
A_MP	831	2263	T	0	0	2263	36.8
A_MP	832	2898	C	0	0	2898	35.7
A_MP	833	2149	A	0	0	2149	34.8
A_MP	834	2319	A	0	0	2319	36.8
A_MP	835	2407	A	0	0	2407	37.9
A_MP	836	2402	T	0	0	2402	35.3
A_MP	837	2362	G	0	0	2362	35.2
A_MP	838	2370	C	0	0	2370	36.2
A_MP	839	2586	G	0	0	2586	36.1
A_MP	840	2477	T	0	0	2477	36.6
A_MP	841	2405	T	0	0	2405	37.2
A_MP	842	2534	T	0	0	2534	36.7
A_MP	843	2536	A	0	0	2536	34.1
A_MP	844	2389	T	0	0	2389	34.8
A_MP	845	2359	C	0	0	2359	36.3
A_MP	846	2513	G	0	0	2513	36.9
A_MP	847	2426	T	0	0	2426	34.2
A_MP	848	2394	C	0	0	2394	36.3
A_MP	849	2386	G	0	0	2386	34.3
A_MP	850	2401	C	0	0	2401	34.4
A_MP	851	2520	C	0	0	2520	34.8
A_MP	852	2392	T	0	0	2392	37.0
A_MP	853	2630	T	0	0	2630	34.8
A_MP	854	2314	A	0	0	2314	34.6
A_MP	855	2747	A	0	0	2747	34.6
A_MP	856	2677	A	0	0	2677	36.5
A_MP	857	2348	T	0	0	2348	37.7
A_MP	858	2682	A	0	0	2682	35.5
A_MP	859	2954	C	0	0	2954	36.6
A_MP	860	2689	G	0	0	2689	35.6
A_MP	861	2489	G	0	0	2489	36.2
A_MP	862	2714	T	0	0	2714	37.5
A_MP	863	2373	T	0	0	2373	34.6
A_MP	864	2568	C	0	0	2568	37.4
A_MP	865	2654	G	0	0	2654	36.9
A_MP	866	2595	A	0	0	2595	34.9
A_MP	867	2375	A	0	0	2375	34.9
A_MP	868	2736	A	0	0	2736	37.1
A_MP	869	2391	G	0	0	2391	37.3
A_MP	870	2661	G	0	0	2661	35.4
A_MP	871	2603	A	0	0	2603	36.4
A_MP	872	2336	G	0	0	2336	35.8
A_MP	873	2872	G	0	0	2872	35.7
A_MP	874	2413	G	0	0	2413	34.0
A_MP	875	2440	C	0	0	2440	36.3
A_MP	876	2573	C	0	0	2573	34.5
A_MP	877	2806	T	0	0	2806	34.0
A_MP	878	2637	T	0	0	2637	34.7
A_MP	879	2845	C	0	0	2845	37.1
A_MP	880	2445	T	0	0	2445	35.1
A_MP	881	2429	A	0	0	2429	36.1
A_MP	882	2476	C	0	0	2476	34.6
A_MP	883	2754	G	0	0	2754	37.7
A_MP	884	2566	G	0	0	2566	37.1
A_MP	885	2429	A	0	0	2429	37.7
A_MP	886	2681	A	0	0	2681	36.9
A_MP	887	2458	G	0	0	2458	36.9
A_MP	888	2208	G	0	0	2208	36.1
A_MP	889	2449	A	0	0	2449	37.3
A_MP	890	2492	G	0	0	2492	35.5
A_MP	891	2494	T	0	0	2494	36.6
A_MP	892	2317	A	0	0	2317	36.1
A_MP	893	2526	C	0	0	2526	34.1
A_MP	894	2449	C	0	0	2449	35.1
A_MP	895	2412	T	0	0	2412	34.3
A_MP	896	2408	G	0	0	2408	35.7
A_MP	897	2459	A	0	0	2459	34.7
A_MP	898	2506	G	0	0	2506	36.7
A_MP	899	2627	T	0	0	2627	36.3
A_MP	900	2272	C	0	0	2272	34.1
A_MP	901	2440	C	0	0	2440	35.0
A_MP	902	2474	A	0	0	2474	35.1
A_MP	903	2252	T	0	0	2252	35.4
A_MP	904	2446	G	0	0	2446	36.8
A_MP	905	2283	A	0	0	2283	35.9
A_MP	906	2254	G	0	0	2254	36.0
A_MP	907	2475	G	0	0	2475	36.0
A_MP	908	2289	G	0	0	2289	36.8
A_MP	909	2181	A	0	0	2181	36.8
A_MP	910	2096	A	0	0	2096	37.6
A_MP	911	2143	G	0	0	2143	35.9
A_MP	912	2126	A	0	0	2126	37.5
A_MP	913	2069	G	0	0	2069	37.5
A_MP	914	2001	T	0	0	2001	34.9
A_MP	915	2169	A	0	0	2169	35.2
A_MP	916	1997	C	0	0	1997	35.2
A_MP	917	2020	C	0	0	2020	36.6
A_MP	918	1857	G	0	0	1857	36.4
A_MP	919	2024	G	0	0	2024	37.3
A_MP	920	1908	C	0	0	1908	36.5
A_MP	921	1995	A	0	0	1995	36.6
A_MP	922	1813	G	0	0	1813	35.7
A_MP	923	2025	G	0	0	2025	37.1
A_MP	924	1954	A	0	0	1954	37.4
A_MP	925	1957	A	0	0	1957	36.2
A_MP	926	1856	C	0	0	1856	38.0
A_MP	927	1804	A	0	0	1804	35.1
A_MP	928	1576	G	0	0	1576	36.8
A_MP	929	1738	C	0	0	1738	34.6
A_MP	930	1653	A	0	0	1653	36.5
A_MP	931	1824	G	0	0	1824	37.5
A_MP	932	1560	A	0	0	1560	35.6
A_MP	933	1585	G	0	0	1585	36.6
A_MP	934	1671	T	0	0	1671	34.2
A_MP	935	1466	G	0	0	1466	34.8
A_MP	936	1538	C	0	0	1538	37.9
A_MP	937	1335	T	0	0	1335	36.4
A_MP	938	1267	G	0	0	1267	35.2
A_MP	939	1337	T	0	0	1337	35.7
A_MP	940	1327	G	0	0	1327	34.5
A_MP	941	1192	G	0	0	1192	37.9
A_MP	942	1174	G	0	0	1174	34.8
A_MP	943	1307	T	0	0	1307	34.6
A_MP	944	1198	G	0	0	1198	34.8
A_MP	945	1201	T	0	0	1201	36.4
A_MP	946	1024	T	0	0	1024	37.4
A_MP	947	1118	G	0	0	1118	36.9
A_MP	948	977	A	0	0	977	34.2
A_MP	949	972	C	0	0	972	35.9
A_MP	950	883	G	0	0	883	35.0
A_MP	951	955	A	0	0	955	37.3
A_MP	952	849	T	0	0	849	35.1
A_MP	953	909	G	0	0	909	34.4
A_MP	954	793	G	0	0	793	36.0
A_MP	955	767	T	0	0	767	37.5
A_MP	956	791	C	0	0	791	36.1
A_MP	957	784	A	0	0	784	34.2
A_MP	958	741	T	0	0	741	36.7
A_MP	959	727	T	0	0	727	36.0
A_MP	960	628	T	0	0	628	34.9
A_MP	961	663	T	0	0	663	36.4
A_MP	962	631	G	0	0	631	36.9
A_MP	963	569	T	0	0	569	35.0
A_MP	964	513	C	0	0	513	37.9
A_MP	965	493	A	0	0	493	34.3
A_MP	966	508	A	0	0	508	36.9
A_MP	967	477	C	0	0	477	34.2
A_MP	968	484	A	0	0	484	36.1
A_MP	969	458	T	0	0	458	37.4
A_MP	970	366	A	0	0	366	34.1
A_MP	971	363	G	0	0	363	34.5
A_MP	972	331	A	0	0	331	34.6
A_MP	973	315	G	0	0	315	34.4
A_MP	974	279	C	0	0	279	36.2
A_MP	975	251	T	0	0	251	34.1
A_MP	976	206	G	0	0	206	37.7
A_MP	977	186	G	0	0	186	36.2
A_MP	978	143	A	0	0	143	35.6
A_MP	979	112	G	0	0	112	36.5
A_MP	980	73	T	0	0	73	35.4
A_MP	981	41	A	0	0	41	37.8
A_MP	982	0	A	0	0	0	36.8
