Reference_Name	Position	Coverage Depth	Consensus	Deletions	Ambiguous	Consensus_Count	Consensus_Average_Quality
A_NP	1	33	A	0	0	33	36.0
A_NP	2	61	T	0	0	61	34.5
A_NP	3	87	G	0	0	87	36.3
A_NP	4	132	G	0	0	132	36.0
A_NP	5	165	C	0	0	165	34.9
A_NP	6	207	G	0	0	207	34.4
A_NP	7	226	T	0	0	226	35.6
A_NP	8	270	C	0	0	270	36.1
A_NP	9	315	T	0	0	315	36.7
A_NP	10	344	C	0	0	344	37.5
A_NP	11	414	A	0	0	414	35.9
A_NP	12	395	A	0	0	395	35.5
A_NP	13	432	G	0	0	432	36.3
A_NP	14	482	G	0	0	482	36.4
A_NP	15	514	C	0	0	514	36.6
A_NP	16	687	A	0	0	687	35.5
A_NP	17	638	C	0	0	638	34.8
A_NP	18	630	C	0	0	630	35.3
A_NP	19	716	A	0	0	716	36.4
A_NP	20	722	A	0	0	722	34.3
A_NP	21	798	A	0	0	798	35.7
A_NP	22	793	C	0	0	793	35.4
A_NP	23	825	G	0	0	825	36.0
A_NP	24	966	A	0	0	966	35.0
A_NP	25	866	T	0	0	866	34.7
A_NP	26	1003	C	0	0	1003	37.1
A_NP	27	1029	C	0	0	1029	36.3
A_NP	28	1151	T	0	0	1151	34.5
A_NP	29	1175	A	0	0	1175	37.3
A_NP	30	1082	T	0	0	1082	34.3
A_NP	31	1205	G	0	0	1205	34.7
A_NP	32	1276	A	0	0	1276	34.6
A_NP	33	1144	A	0	0	1144	35.5
A_NP	34	1395	C	0	0	1395	34.1
A_NP	35	1605	A	0	0	1605	34.6
A_NP	36	1405	A	0	0	1405	37.5
A_NP	37	1648	A	0	0	1648	37.7
A_NP	38	1552	T	0	0	1552	36.9
A_NP	39	1510	G	0	0	1510	37.7
A_NP	40	1917	G	0	0	1917	37.0
A_NP	41	1866	A	0	0	1866	34.8
A_NP	42	1685	A	0	0	1685	35.7
A_NP	43	2005	A	0	0	2005	36.4
A_NP	44	1910	C	0	0	1910	37.5
A_NP	45	2019	T	0	0	2019	35.4
A_NP	46	2078	G	0	0	2078	34.3
A_NP	47	2107	G	0	0	2107	37.1
A_NP	48	2305	T	0	0	2305	35.2
A_NP	49	2040	G	0	0	2040	34.1
A_NP	50	2450	G	0	0	2450	34.6
A_NP	51	2450	G	0	0	2450	35.4
A_NP	52	2360	G	0	0	2360	35.8
A_NP	53	2435	A	0	0	2435	37.0
A_NP	54	2461	A	0	0	2461	35.6
A_NP	55	2546	C	0	0	2546	34.1
A_NP	56	2657	G	0	0	2657	36.9
A_NP	57	2955	C	0	0	2955	37.3
A_NP	58	2659	C	0	0	2659	36.6
A_NP	59	2671	A	0	0	2671	35.9
A_NP	60	2717	G	0	0	2717	37.5
A_NP	61	2797	A	0	0	2797	35.5
A_NP	62	3262	A	0	0	3262	35.2
A_NP	63	2906	T	0	0	2906	34.0
A_NP	64	3129	G	0	0	3129	34.9
A_NP	65	2910	C	0	0	2910	37.5
A_NP	66	3065	C	0	0	3065	36.0
A_NP	67	3392	A	0	0	3392	35.9
A_NP	68	3246	C	0	0	3246	37.6
A_NP	69	3212	T	0	0	3212	37.6
A_NP	70	3326	G	0	0	3326	35.9
A_NP	71	3437	A	0	0	3437	35.5
A_NP	72	3789	A	0	0	3789	36.9
A_NP	73	3561	A	0	0	3561	37.1
A_NP	74	3800	T	0	0	3800	37.4
A_NP	75	4388	C	0	0	4388	36.9
A_NP	76	3910	A	0	0	3910	36.0
A_NP	77	4165	G	0	0	4165	37.2
A_NP	78	3844	A	0	0	3844	37.5
A_NP	79	4604	G	0	0	4604	37.5
A_NP	80	4007	C	0	0	4007	36.6
A_NP	81	3858	A	0	0	3858	35.6
A_NP	82	4403	T	0	0	4403	36.4
A_NP	83	4233	C	0	0	4233	37.8
A_NP	84	4586	T	0	0	4586	34.7
A_NP	85	4368	G	0	0	4368	34.0
A_NP	86	4788	T	0	0	4788	36.4
A_NP	87	4634	T	0	0	4634	37.8
A_NP	88	4462	G	0	0	4462	37.5
A_NP	89	4354	G	0	0	4354	34.8
A_NP	90	4706	A	0	0	4706	34.9
A_NP	91	5014	A	0	0	5014	38.0
A_NP	92	4633	G	0	0	4633	35.1
A_NP	93	4984	A	0	0	4984	36.3
A_NP	94	5248	A	0	0	5248	37.2
A_NP	95	5076	T	0	0	5076	35.0
A_NP	96	4623	G	0	0	4623	36.5
A_NP	97	4745	G	0	0	4745	37.0
A_NP	98	4631	T	0	0	4631	34.3
A_NP	99	4904	T	0	0	4904	37.0
A_NP	100	5226	G	0	0	5226	36.7
A_NP	101	4381	G	0	0	4381	37.7
A_NP	102	4573	C	0	0	4573	34.1
A_NP	103	5130	G	0	0	5130	34.8
A_NP	104	5068	G	0	0	5068	35.0
A_NP	105	4490	A	0	0	4490	34.1
A_NP	106	4454	A	0	0	4454	36.2
A_NP	107	5018	T	0	0	5018	35.0
A_NP	108	5284	C	0	0	5284	36.3
A_NP	109	4917	G	0	0	4917	34.8
A_NP	110	4710	G	0	0	4710	35.6
A_NP	111	5168	G	0	0	5168	35.7
A_NP	112	5726	A	0	0	5726	38.0
A_NP	113	4663	G	0	0	4663	36.5
A_NP	114	4909	A	0	0	4909	37.6
A_NP	115	4618	T	0	0	4618	35.9
A_NP	116	4852	T	0	0	4852	37.0
A_NP	117	4310	C	0	0	4310	36.9
A_NP	118	5487	T	0	0	5487	36.9
A_NP	119	4463	A	0	0	4463	37.5
A_NP	120	5189	C	0	0	5189	36.3
A_NP	121	4852	A	0	0	4852	34.5
A_NP	122	5053	T	0	0	5053	35.2
A_NP	123	5053	A	0	0	5053	37.9
A_NP	124	4726	C	0	0	4726	34.1
A_NP	125	5432	A	0	0	5432	36.8
A_NP	126	4927	G	0	0	4927	37.4
A_NP	127	5116	A	0	0	5116	37.7
A_NP	128	5073	T	0	0	5073	35.1
A_NP	129	4849	G	0	0	4849	34.9
A_NP	130	5034	T	0	0	5034	35.5
A_NP	131	4861	G	0	0	4861	34.1
A_NP	132	5339	C	0	0	5339	37.0
A_NP	133	5097	A	0	0	5097	36.2
A_NP	134	4637	C	0	0	4637	35.3
A_NP	135	5056	T	0	0	5056	37.6
A_NP	136	4517	G	0	0	4517	35.3
A_NP	137	4298	A	0	0	4298	36.2
A_NP	138	4776	G	0	0	4776	34.9
A_NP	139	4931	C	0	0	4931	34.4
A_NP	140	4382	T	0	0	4382	34.0
A_NP	141	4114	C	0	0	4114	37.2
A_NP	142	4330	A	0	0	4330	37.9
A_NP	143	4250	A	0	0	4250	36.2
A_NP	144	4696	A	0	0	4696	36.1
A_NP	145	4262	C	0	0	4262	37.2
A_NP	146	4848	T	0	0	4848	35.5
A_NP	147	4145	C	0	0	4145	34.2
A_NP	148	4275	A	0	0	4275	37.5
A_NP	149	5045	G	0	0	5045	36.0
A_NP	150	4755	T	0	0	4755	35.6
A_NP	151	4674	G	0	0	4674	34.7
A_NP	152	5050	A	0	0	5050	35.5
A_NP	153	4342	T	0	0	4342	36.4
A_NP	154	4317	T	0	0	4317	37.6
A_NP	155	4459	A	0	0	4459	35.3
A_NP	156	4522	C	0	0	4522	38.0
A_NP	157	4384	G	0	0	4384	37.0
A_NP	158	4643	A	0	0	4643	35.4
A_NP	159	4749	A	0	0	4749	36.7
A_NP	160	4697	G	0	0	4697	35.2
A_NP	161	4249	G	0	0	4249	35.5
A_NP	162	4035	G	0	0	4035	37.9
A_NP	163	4150	A	0	0	4150	34.9
A_NP	164	4620	G	0	0	4620	36.0
A_NP	165	4081	G	0	0	4081	34.6
A_NP	166	3981	C	0	0	3981	35.4
A_NP	167	4536	T	0	0	4536	35.3
A_NP	168	4598	G	0	0	4598	37.5
A_NP	169	4258	A	0	0	4258	37.5
A_NP	170	3895	T	0	0	3895	36.0
A_NP	171	4412	C	0	0	4412	34.4
A_NP	172	4966	C	0	0	4966	34.5
A_NP	173	4185	A	0	0	4185	35.5
A_NP	174	4495	A	0	0	4495	37.0
A_NP	175	4330	A	0	0	4330	36.9
A_NP	176	4285	A	0	0	4285	36.4
A_NP	177	4518	C	0	0	4518	34.6
A_NP	178	4453	A	0	0	4453	36.7
A_NP	179	4299	G	0	0	4299	37.5
A_NP	180	4443	C	0	0	4443	36.8
A_NP	181	4104	A	0	0	4104	34.0
A_NP	182	4111	T	0	0	4111	36.6
A_NP	183	4183	A	0	0	4183	34.4
A_NP	184	4343	A	0	0	4343	38.0
A_NP	185	4363	C	0	0	4363	35.2
A_NP	186	4371	C	0	0	4371	36.0
A_NP	187	3892	A	0	0	3892	36.9
A_NP	188	4267	T	0	0	4267	36.9
A_NP	189	4200	A	0	0	4200	37.9
A_NP	190	4370	G	0	0	4370	34.2
A_NP	191	4165	A	0	0	4165	36.8
A_NP	192	3938	A	0	0	3938	36.1
A_NP	193	3997	A	0	0	3997	34.1
A_NP	194	4179	G	0	0	4179	34.8
A_NP	195	3950	G	0	0	3950	37.8
A_NP	196	4296	A	0	0	4296	36.4
A_NP	197	3935	T	0	0	3935	35.4
A_NP	198	3957	G	0	0	3957	36.8
A_NP	199	3919	G	0	0	3919	34.4
A_NP	200	3685	T	0	0	3685	36.1
A_NP	201	4434	T	0	0	4434	37.8
A_NP	202	4107	C	0	0	4107	37.8
A_NP	203	4334	T	0	0	4334	36.5
A_NP	204	4393	C	0	0	4393	34.1
A_NP	205	3956	T	0	0	3956	34.8
A_NP	206	3914	C	0	0	3914	36.4
A_NP	207	4159	G	0	0	4159	37.0
A_NP	208	3754	G	0	0	3754	34.2
A_NP	209	3797	C	0	0	3797	38.0
A_NP	210	3952	A	0	0	3952	36.7
A_NP	211	4555	T	0	0	4555	35.6
A_NP	212	4255	T	0	0	4255	35.0
A_NP	213	3947	T	0	0	3947	35.6
A_NP	214	4174	G	0	0	4174	35.9
A_NP	215	4035	A	0	0	4035	37.3
A_NP	216	4099	T	0	0	4099	35.8
A_NP	217	3935	G	0	0	3935	34.8
A_NP	218	4255	A	0	0	4255	34.9
A_NP	219	4242	G	0	0	4242	37.4
A_NP	220	4314	A	0	0	4314	37.7
A_NP	221	4130	G	0	0	4130	34.7
A_NP	222	4588	G	0	0	4588	37.9
A_NP	223	4248	A	0	0	4248	36.0
A_NP	224	4318	G	0	0	4318	35.9
A_NP	225	3974	G	0	0	3974	37.7
A_NP	226	4057	A	0	0	4057	36.8
A_NP	227	3764	A	0	0	3764	37.2
A_NP	228	3972	C	0	0	3972	36.1
A_NP	229	3677	A	0	0	3677	36.1
A_NP	230	4202	A	0	0	4202	35.5
A_NP	231	4023	G	0	0	4023	35.2
A_NP	232	3966	T	0	0	3966	37.2
A_NP	233	4092	A	0	0	4092	37.0
A_NP	234	4370	C	0	0	4370	37.4
A_NP	235	4222	C	0	0	4222	37.7
A_NP	236	3943	T	0	0	3943	36.1
A_NP	237	4391	G	0	0	4391	35.1
A_NP	238	3913	G	0	0	3913	37.1
A_NP	239	4019	A	0	0	4019	37.2
A_NP	240	4215	G	0	0	4215	34.1
A_NP	241	4131	G	0	0	4131	37.5
A_NP	242	4559	A	0	0	4559	37.8
A_NP	243	4019	A	0	0	4019	38.0
A_NP	244	4052	C	0	0	4052	35.6
A_NP	245	4677	A	0	0	4677	37.5
A_NP	246	4175	T	0	0	4175	37.4
A_NP	247	3802	C	0	0	3802	36.3
A_NP	248	4159	C	0	0	4159	34.7
A_NP	249	4115	C	0	0	4115	37.1
A_NP	250	4617	A	0	0	4617	34.7
A_NP	251	4162	G	0	0	4162	35.9
A_NP	252	4244	T	0	0	4244	37.7
A_NP	253	4104	G	0	0	4104	34.1
A_NP	254	4372	C	0	0	4372	36.7
A_NP	255	4597	C	0	0	4597	37.2
A_NP	256	4101	G	0	0	4101	34.2
A_NP	257	4267	G	0	0	4267	36.6
A_NP	258	4333	G	0	0	4333	37.1
A_NP	259	4293	A	0	0	4293	36.4
A_NP	260	4705	A	0	0	4705	36.4
A_NP	261	4283	G	0	0	4283	35.3
A_NP	262	4760	G	0	0	4760	37.3
A_NP	263	4425	A	0	0	4425	34.7
A_NP	264	4126	T	0	0	4126	35.2
A_NP	265	4413	C	0	0	4413	35.4
A_NP	266	4055	C	0	0	4055	35.7
A_NP	267	4253	C	0	0	4253	35.2
A_NP	268	4505	A	0	0	4505	37.0
A_NP	269	4246	A	0	0	4246	37.0
A_NP	270	4212	G	0	0	4212	37.4
A_NP	271	4791	A	0	0	4791	35.5
A_NP	272	4047	A	0	0	4047	35.6
A_NP	273	4254	G	0	0	4254	34.7
A_NP	274	4319	A	0	0	4319	35.8
A_NP	275	4134	C	0	0	4134	35.3
A_NP	276	4336	T	0	0	4336	36.5
A_NP	277	4249	G	0	0	4249	36.3
A_NP	278	4270	G	0	0	4270	34.7
A_NP	279	4680	A	0	0	4680	37.5
A_NP	280	4210	G	0	0	4210	37.4
A_NP	281	4444	G	0	0	4444	34.1
A_NP	282	4596	T	0	0	4596	35.7
A_NP	283	4534	C	0	0	4534	34.0
A_NP	284	4278	C	0	0	4278	36.0
A_NP	285	3872	A	0	0	3872	36.9
A_NP	286	4433	A	0	0	4433	37.3
A_NP	287	3724	T	0	0	3724	37.2
A_NP	288	4901	C	0	0	4901	37.5
A_NP	289	4457	T	0	0	4457	37.2
A_NP	290	4432	A	0	0	4432	36.7
A_NP	291	4624	C	0	0	4624	37.0
A_NP	292	4698	A	0	0	4698	37.5
A_NP	293	4851	G	0	0	4851	35.9
A_NP	294	4108	G	0	0	4108	37.1
A_NP	295	4379	A	0	0	4379	35.0
A_NP	296	4308	G	0	0	4308	34.5
A_NP	297	4640	G	0	0	4640	37.2
A_NP	298	4295	A	0	0	4295	37.9
A_NP	299	4170	G	0	0	4170	36.1
A_NP	300	4012	A	0	0	4012	37.0
A_NP	301	4410	G	0	0	4410	35.8
A_NP	302	4253	A	0	0	4253	37.9
A_NP	303	4515	T	0	0	4515	37.0
A_NP	304	4316	G	0	0	4316	35.2
A_NP	305	4291	G	0	0	4291	35.1
A_NP	306	3894	C	0	0	3894	35.8
A_NP	307	4364	A	0	0	4364	35.9
A_NP	308	4273	A	0	0	4273	35.4
A_NP	309	4400	A	0	0	4400	35.0
A_NP	310	4373	T	0	0	4373	35.4
A_NP	311	3889	G	0	0	3889	34.6
A_NP	312	4701	G	0	0	4701	35.8
A_NP	313	3845	G	0	0	3845	37.1
A_NP	314	4255	T	0	0	4255	37.3
A_NP	315	4070	G	0	0	4070	34.4
A_NP	316	4168	A	0	0	4168	35.9
A_NP	317	3799	G	0	0	3799	37.2
A_NP	318	3608	A	0	0	3608	36.5
A_NP	319	4301	G	0	0	4301	36.0
A_NP	320	3660	A	0	0	3660	37.1
A_NP	321	3852	G	0	0	3852	35.5
A_NP	322	4222	T	0	0	4222	37.4
A_NP	323	4255	T	0	0	4255	35.2
A_NP	324	3666	G	0	0	3666	35.2
A_NP	325	4125	A	0	0	4125	35.3
A_NP	326	3927	T	0	0	3927	34.8
A_NP	327	3719	C	0	0	3719	35.8
A_NP	328	3909	C	0	0	3909	37.9
A_NP	329	3911	T	0	0	3911	35.1
A_NP	330	3851	C	0	0	3851	37.8
A_NP	331	3756	T	0	0	3756	34.2
A_NP	332	3837	A	0	0	3837	36.1
A_NP	333	4101	C	0	0	4101	37.9
A_NP	334	3861	G	0	0	3861	34.0
A_NP	335	3817	A	0	0	3817	35.4
A_NP	336	4031	C	0	0	4031	35.5
A_NP	337	3786	A	0	0	3786	36.1
A_NP	338	3934	A	0	0	3934	35.7
A_NP	339	3640	A	0	0	3640	36.3
A_NP	340	3843	G	0	0	3843	34.4
A_NP	341	4038	A	0	0	4038	34.5
A_NP	342	3934	A	0	0	3934	36.6
A_NP	343	3698	G	0	0	3698	37.5
A_NP	344	3767	A	0	0	3767	35.5
A_NP	345	3281	G	0	0	3281	36.8
A_NP	346	3555	A	0	0	3555	35.5
A_NP	347	3780	T	0	0	3780	34.9
A_NP	348	3762	C	0	0	3762	38.0
A_NP	349	3407	A	0	0	3407	35.0
A_NP	350	3363	G	0	0	3363	35.8
A_NP	351	3120	A	0	0	3120	35.7
A_NP	352	3094	A	0	0	3094	35.7
A_NP	353	3735	G	0	0	3735	35.8
A_NP	354	3414	A	0	0	3414	38.0
A_NP	355	3341	A	0	0	3341	37.3
A_NP	356	3275	T	0	0	3275	36.8
A_NP	357	3254	T	0	0	3254	34.4
A_NP	358	3472	T	0	0	3472	34.5
A_NP	359	2956	G	0	0	2956	35.8
A_NP	360	3149	G	0	0	3149	35.4
A_NP	361	3200	C	0	0	3200	37.8
A_NP	362	3156	G	0	0	3156	37.5
A_NP	363	3543	T	0	0	3543	34.5
A_NP	364	3363	C	0	0	3363	36.9
A_NP	365	2880	A	0	0	2880	34.2
A_NP	366	2749	A	0	0	2749	36.8
A_NP	367	3148	G	0	0	3148	36.5
A_NP	368	3088	C	0	0	3088	35.0
A_NP	369	2814	T	0	0	2814	35.4
A_NP	370	2936	A	0	0	2936	34.2
A_NP	371	2930	A	0	0	2930	34.6
A_NP	372	2842	T	0	0	2842	34.7
A_NP	373	2985	A	0	0	2985	34.5
A_NP	374	3303	A	0	0	3303	36.5
A_NP	375	2716	T	0	0	2716	34.5
A_NP	376	2715	G	0	0	2715	35.5
A_NP	377	2792	G	0	0	2792	34.2
A_NP	378	2645	A	0	0	2645	34.6
A_NP	379	2997	G	0	0	2997	35.0
A_NP	380	2799	A	0	0	2799	37.9
A_NP	381	2930	G	0	0	2930	36.1
A_NP	382	2766	G	0	0	2766	36.2
A_NP	383	3110	A	0	0	3110	37.9
A_NP	384	2498	T	0	0	2498	37.3
A_NP	385	2828	G	0	0	2828	35.3
A_NP	386	2763	C	0	0	2763	37.4
A_NP	387	2649	A	0	0	2649	36.4
A_NP	388	2343	A	0	0	2343	34.9
A_NP	389	2606	C	0	0	2606	35.7
A_NP	390	2596	T	0	0	2596	36.4
A_NP	391	2589	G	0	0	2589	36.3
A_NP	392	2585	C	0	0	2585	34.3
A_NP	393	2498	T	0	0	2498	37.1
A_NP	394	2539	G	0	0	2539	37.5
A_NP	395	2434	G	0	0	2434	36.6
A_NP	396	2401	T	0	0	2401	36.7
A_NP	397	2434	C	0	0	2434	35.4
A_NP	398	2609	T	0	0	2609	35.2
A_NP	399	2619	C	0	0	2619	36.8
A_NP	400	2530	A	0	0	2530	36.2
A_NP	401	2590	C	0	0	2590	36.2
A_NP	402	2353	T	0	0	2353	36.2
A_NP	403	2569	C	0	0	2569	37.7
A_NP	404	2347	A	0	0	2347	35.7
A_NP	405	2575	T	0	0	2575	34.7
A_NP	406	2212	T	0	0	2212	34.2
A_NP	407	2433	T	0	0	2433	36.0
A_NP	408	2203	G	0	0	2203	37.4
A_NP	409	2585	A	0	0	2585	34.5
A_NP	410	2541	T	0	0	2541	35.1
A_NP	411	2344	G	0	0	2344	34.1
A_NP	412	2506	A	0	0	2506	35.1
A_NP	413	2457	T	0	0	2457	34.1
A_NP	414	2470	T	0	0	2470	36.5
A_NP	415	2366	T	0	0	2366	37.1
A_NP	416	2274	G	0	0	2274	36.0
A_NP	417	2552	G	0	0	2552	34.6
A_NP	418	2567	C	0	0	2567	34.3
A_NP	419	2489	A	0	0	2489	35.5
A_NP	420	2474	T	0	0	2474	36.2
A_NP	421	2386	T	0	0	2386	35.1
A_NP	422	2386	C	0	0	2386	34.7
A_NP	423	2328	C	0	0	2328	34.4
A_NP	424	2403	A	0	0	2403	36.0
A_NP	425	2280	A	0	0	2280	36.3
A_NP	426	2790	T	0	0	2790	36.3
A_NP	427	2244	C	0	0	2244	36.9
A_NP	428	2807	T	0	0	2807	38.0
A_NP	429	2622	G	0	0	2622	37.4
A_NP	430	2351	A	0	0	2351	34.4
A_NP	431	2350	A	0	0	2350	37.9
A_NP	432	2290	T	0	0	2290	37.8
A_NP	433	2377	G	0	0	2377	36.4
A_NP	434	2813	A	0	0	2813	37.6
A_NP	435	2597	T	0	0	2597	34.9
A_NP	436	2556	G	0	0	2556	34.4
A_NP	437	2506	C	0	0	2506	36.0
A_NP	438	2785	C	0	0	2785	37.0
A_NP	439	2550	A	0	0	2550	37.1
A_NP	440	2393	C	0	0	2393	35.8
A_NP	441	2769	A	0	0	2769	35.1
A_NP	442	2721	T	0	0	2721	34.4
A_NP	443	2537	A	0	0	2537	34.8
A_NP	444	2782	C	0	0	2782	36.2
A_NP	445	2641	C	0	0	2641	36.6
A_NP	446	2798	A	0	0	2798	37.9
A_NP	447	2742	G	0	0	2742	34.8
A_NP	448	2646	A	0	0	2646	34.6
A_NP	449	2672	G	0	0	2672	36.2
A_NP	450	2859	A	0	0	2859	35.4
A_NP	451	3077	A	0	0	3077	34.9
A_NP	452	2826	C	0	0	2826	37.1
A_NP	453	3102	A	0	0	3102	36.6
A_NP	454	2901	A	0	0	2901	36.4
A_NP	455	2814	G	0	0	2814	37.4
A_NP	456	2652	G	0	0	2652	36.5
A_NP	457	2771	G	0	0	2771	35.6
A_NP	458	2734	C	0	0	2734	36.2
A_NP	459	2553	A	0	0	2553	37.6
A_NP	460	2915	C	0	0	2915	34.5
A_NP	461	2878	T	0	0	2878	37.5
A_NP	462	3075	T	0	0	3075	34.0
A_NP	463	2974	G	0	0	2974	37.5
A_NP	464	2948	T	0	0	2948	36.4
A_NP	465	3387	G	0	0	3387	34.8
A_NP	466	3036	C	0	0	3036	35.8
A_NP	467	3283	G	0	0	3283	36.2
A_NP	468	3388	T	0	0	3388	35.1
A_NP	469	2899	A	0	0	2899	35.4
A_NP	470	3193	C	0	0	3193	34.2
A_NP	471	3140	T	0	0	3140	34.4
A_NP	472	3353	G	0	0	3353	34.1
A_NP	473	3359	G	0	0	3359	36.2
A_NP	474	3291	A	0	0	3291	34.6
A_NP	475	3398	A	0	0	3398	34.2
A_NP	476	3513	T	0	0	3513	35.4
A_NP	477	3266	G	0	0	3266	36.8
A_NP	478	3492	G	0	0	3492	36.1
A_NP	479	3350	A	0	0	3350	36.8
A_NP	480	3558	C	0	0	3558	37.8
A_NP	481	3056	C	0	0	3056	36.8
A_NP	482	3601	C	0	0	3601	36.1
A_NP	483	3618	T	0	0	3618	37.0
A_NP	484	3647	A	0	0	3647	37.5
A_NP	485	3962	G	0	0	3962	35.8
A_NP	486	3495	A	0	0	3495	34.7
A_NP	487	3461	A	0	0	3461	37.2
A_NP	488	3836	T	0	0	3836	34.8
A_NP	489	3380	G	0	0	3380	36.7
A_NP	490	3530	T	0	0	3530	34.3
A_NP	491	3607	G	0	0	3607	37.5
A_NP	492	3849	C	0	0	3849	35.4
A_NP	493	3904	T	0	0	3904	36.6
A_NP	494	3808	C	0	0	3808	37.5
A_NP	495	3692	T	0	0	3692	36.6
A_NP	496	3748	C	0	0	3748	34.5
A_NP	497	3629	T	0	0	3629	37.6
A_NP	498	3525	G	0	0	3525	35.4
A_NP	499	3932	A	0	0	3932	37.4
A_NP	500	3559	T	0	0	3559	35.8
A_NP	501	3718	G	0	0	3718	35.0
A_NP	502	4015	C	0	0	4015	36.8
A_NP	503	3876	A	0	0	3876	35.3
A_NP	504	3092	A	0	0	3092	35.8
A_NP	505	3996	G	0	0	3996	36.9
A_NP	506	4104	G	0	0	4104	37.1
A_NP	507	3736	C	0	0	3736	35.9
A_NP	508	3675	T	0	0	3675	36.2
A_NP	509	4221	C	0	0	4221	34.0
A_NP	510	3902	A	0	0	3902	36.6
A_NP	511	3853	A	0	0	3853	34.6
A_NP	512	3854	C	0	0	3854	34.5
A_NP	513	4109	C	0	0	4109	35.5
A_NP	514	4322	C	0	0	4322	36.2
A_NP	515	3813	T	0	0	3813	35.9
A_NP	516	4191	C	0	0	4191	35.8
A_NP	517	3781	C	0	0	3781	34.2
A_NP	518	3751	C	0	0	3751	35.6
A_NP	519	3935	T	0	0	3935	37.7
A_NP	520	4175	A	0	0	4175	37.9
A_NP	521	3740	G	0	0	3740	35.5
A_NP	522	4786	G	0	0	4786	37.6
A_NP	523	3966	A	0	0	3966	35.1
A_NP	524	3778	G	0	0	3778	36.1
A_NP	525	3916	A	0	0	3916	35.3
A_NP	526	4563	T	0	0	4563	38.0
A_NP	527	3923	C	0	0	3923	37.1
A_NP	528	4272	C	0	0	4272	34.2
A_NP	529	3888	G	0	0	3888	35.2
A_NP	530	4243	G	0	0	4243	36.3
A_NP	531	4098	G	0	0	4098	34.2
A_NP	532	3949	G	0	0	3949	35.6
A_NP	533	3900	C	0	0	3900	36.0
A_NP	534	4367	T	0	0	4367	35.1
A_NP	535	4080	G	0	0	4080	34.7
A_NP	536	4243	C	0	0	4243	36.3
A_NP	537	4537	T	0	0	4537	36.8
A_NP	538	3621	G	0	0	3621	35.2
A_NP	539	4555	G	0	0	4555	34.9
A_NP	540	3968	A	0	0	3968	34.7
A_NP	541	4641	G	0	0	4641	36.1
A_NP	542	4371	C	0	0	4371	36.1
A_NP	543	4287	A	0	0	4287	36.6
A_NP	544	4088	G	0	0	4088	34.1
A_NP	545	4078	C	0	0	4078	35.4
A_NP	546	3898	A	0	0	3898	34.3
A_NP	547	4760	G	0	0	4760	34.4
A_NP	548	4207	T	0	0	4207	35.1
A_NP	549	4527	G	0	0	4527	37.9
A_NP	550	3813	A	0	0	3813	37.9
A_NP	551	4515	A	0	0	4515	36.7
A_NP	552	4906	A	0	0	4906	34.9
A_NP	553	3780	G	0	0	3780	35.8
A_NP	554	4298	G	0	0	4298	35.4
A_NP	555	4119	A	0	0	4119	34.2
A_NP	556	4411	G	0	0	4411	35.8
A_NP	557	3898	T	0	0	3898	35.0
A_NP	558	4388	T	0	0	4388	35.8
A_NP	559	4013	G	0	0	4013	36.7
A_NP	560	4565	G	0	0	4565	37.7
A_NP	561	4038	A	0	0	4038	36.6
A_NP	562	3778	A	0	0	3778	35.9
A_NP	563	4405	C	0	0	4405	36.0
A_NP	564	3959	A	0	0	3959	36.3
A_NP	565	4204	A	0	0	4204	35.6
A_NP	566	4055	T	0	0	4055	35.8
A_NP	567	4169	G	0	0	4169	36.0
A_NP	568	4676	G	0	0	4676	36.6
A_NP	569	3845	T	0	0	3845	34.8
A_NP	570	4339	G	0	0	4339	36.5
A_NP	571	3889	A	0	0	3889	34.4
A_NP	572	4303	T	0	0	4303	35.6
A_NP	573	4110	G	0	0	4110	35.2
A_NP	574	3998	G	0	0	3998	37.9
A_NP	575	4003	A	0	0	4003	35.5
A_NP	576	4150	A	0	0	4150	36.6
A_NP	577	3812	C	0	0	3812	35.1
A_NP	578	4248	T	0	0	4248	36.5
A_NP	579	4127	A	0	0	4127	35.1
A_NP	580	3952	A	0	0	3952	37.6
A_NP	581	4176	T	0	0	4176	36.8
A_NP	582	4336	T	0	0	4336	36.5
A_NP	583	4287	C	0	0	4287	35.6
A_NP	584	3557	G	0	0	3557	35.2
A_NP	585	3686	A	0	0	3686	34.7
A_NP	586	4039	A	0	0	4039	35.6
A_NP	587	4206	T	0	0	4206	34.8
A_NP	588	4032	G	0	0	4032	35.6
A_NP	589	4369	A	0	0	4369	37.6
A_NP	590	3885	T	0	0	3885	34.9
A_NP	591	3562	C	0	0	3562	35.5
A_NP	592	4199	A	0	0	4199	36.0
A_NP	593	4091	A	0	0	4091	37.4
A_NP	594	3623	A	0	0	3623	34.8
A_NP	595	3908	C	0	0	3908	35.4
A_NP	596	3894	G	0	0	3894	35.9
A_NP	597	4362	A	0	0	4362	34.1
A_NP	598	3996	G	0	0	3996	34.8
A_NP	599	4136	G	0	0	4136	35.3
A_NP	600	3860	G	0	0	3860	34.5
A_NP	601	4171	A	0	0	4171	37.4
A_NP	602	3903	T	0	0	3903	34.4
A_NP	603	4008	C	0	0	4008	37.3
A_NP	604	3969	A	0	0	3969	37.4
A_NP	605	4461	A	0	0	4461	36.2
A_NP	606	4055	T	0	0	4055	35.9
A_NP	607	3948	G	0	0	3948	37.9
A_NP	608	3865	A	0	0	3865	34.5
A_NP	609	3663	T	0	0	3663	35.1
A_NP	610	3763	C	0	0	3763	37.4
A_NP	611	4225	G	0	0	4225	34.4
A_NP	612	4131	G	0	0	4131	37.6
A_NP	613	4003	A	0	0	4003	35.4
A_NP	614	3967	A	0	0	3967	34.1
A_NP	615	3893	T	0	0	3893	36.4
A_NP	616	4073	T	0	0	4073	36.3
A_NP	617	3549	T	0	0	3549	34.9
A_NP	618	4553	C	0	0	4553	34.3
A_NP	619	4209	T	0	0	4209	35.0
A_NP	620	3897	G	0	0	3897	36.6
A_NP	621	3873	G	0	0	3873	36.0
A_NP	622	4055	A	0	0	4055	37.8
A_NP	623	4193	G	0	0	4193	35.4
A_NP	624	4014	A	0	0	4014	34.8
A_NP	625	3677	G	0	0	3677	37.6
A_NP	626	4051	G	0	0	4051	37.9
A_NP	627	3801	C	0	0	3801	34.1
A_NP	628	4214	G	0	0	4214	34.0
A_NP	629	4182	A	0	0	4182	34.3
A_NP	630	4208	A	0	0	4208	35.2
A_NP	631	4167	A	0	0	4167	34.9
A_NP	632	4161	A	0	0	4161	36.3
A_NP	633	3998	C	0	0	3998	34.0
A_NP	634	3940	G	0	0	3940	34.7
A_NP	635	3922	G	0	0	3922	35.6
A_NP	636	3628	T	0	0	3628	37.6
A_NP	637	4259	C	0	0	4259	37.8
A_NP	638	4111	G	0	0	4111	36.4
A_NP	639	3947	G	0	0	3947	34.5
A_NP	640	4121	A	0	0	4121	34.1
A_NP	641	4092	G	0	0	4092	34.5
A_NP	642	4190	A	0	0	4190	35.3
A_NP	643	4048	A	0	0	4048	36.1
A_NP	644	4356	C	0	0	4356	36.9
A_NP	645	4495	C	0	0	4495	37.6
A_NP	646	4140	A	0	0	4140	36.8
A_NP	647	3986	G	0	0	3986	36.1
A_NP	648	3946	G	0	0	3946	34.2
A_NP	649	3871	A	0	0	3871	35.7
A_NP	650	4209	T	0	0	4209	37.3
A_NP	651	4195	T	0	0	4195	34.6
A_NP	652	4078	G	0	0	4078	36.0
A_NP	653	4145	C	0	0	4145	34.4
A_NP	654	4293	C	0	0	4293	34.1
A_NP	655	4359	T	0	0	4359	36.4
A_NP	656	3952	A	0	0	3952	37.4
A_NP	657	4337	C	0	0	4337	36.1
A_NP	658	4392	G	0	0	4392	35.3
A_NP	659	4500	A	0	0	4500	36.7
A_NP	660	4275	G	0	0	4275	35.7
A_NP	661	3925	A	0	0	3925	36.8
A_NP	662	4606	G	0	0	4606	36.6
A_NP	663	4639	A	0	0	4639	36.0
A_NP	664	4841	A	0	0	4841	36.3
A_NP	665	4208	T	0	0	4208	34.4
A_NP	666	4313	G	0	0	4313	35.1
A_NP	667	4487	T	0	0	4487	34.7
A_NP	668	4408	G	0	0	4408	36.9
A_NP	669	4047	C	0	0	4047	34.4
A_NP	670	4716	A	0	0	4716	34.9
A_NP	671	4367	A	0	0	4367	35.7
A_NP	672	4289	C	0	0	4289	35.1
A_NP	673	4371	A	0	0	4371	34.4
A_NP	674	4988	T	0	0	4988	36.2
A_NP	675	4686	C	0	0	4686	37.2
A_NP	676	4948	C	0	0	4948	37.9
A_NP	677	4402	T	0	0	4402	37.5
A_NP	678	4578	C	0	0	4578	34.8
A_NP	679	5011	A	0	0	5011	36.3
A_NP	680	4544	A	0	0	4544	36.8
A_NP	681	4282	G	0	0	4282	34.2
A_NP	682	4987	G	0	0	4987	35.9
A_NP	683	4823	G	0	0	4823	34.5
A_NP	684	4739	A	0	0	4739	34.1
A_NP	685	4997	A	0	0	4997	36.0
A_NP	686	4671	A	0	0	4671	34.4
A_NP	687	4912	G	0	0	4912	37.0
A_NP	688	4606	T	0	0	4606	34.3
A_NP	689	4702	T	0	0	4702	34.3
A_NP	690	4541	C	0	0	4541	37.5
A_NP	691	5236	C	0	0	5236	36.5
A_NP	692	4448	A	0	0	4448	36.7
A_NP	693	5327	A	0	0	5327	36.5
A_NP	694	5423	A	0	0	5423	34.7
A_NP	695	4833	C	0	0	4833	36.0
A_NP	696	4593	A	0	0	4593	36.8
A_NP	697	5311	G	0	0	5311	36.1
A_NP	698	4905	C	0	0	4905	37.6
A_NP	699	4758	A	0	0	4758	34.8
A_NP	700	4746	G	0	0	4746	34.7
A_NP	701	5158	C	0	0	5158	34.5
A_NP	702	5192	A	0	0	5192	34.9
A_NP	703	4902	C	0	0	4902	35.1
A_NP	704	4887	A	0	0	4887	37.7
A_NP	705	5052	A	0	0	5052	37.3
A_NP	706	4989	C	0	0	4989	35.5
A_NP	707	4820	G	0	0	4820	35.0
A_NP	708	5198	G	0	0	5198	36.5
A_NP	709	4695	G	0	0	4695	37.1
A_NP	710	4826	C	0	0	4826	37.6
A_NP	711	4987	A	0	0	4987	34.5
A_NP	712	5072	A	0	0	5072	37.7
A_NP	713	5602	T	0	0	5602	35.2
A_NP	714	5017	G	0	0	5017	34.4
A_NP	715	4926	A	0	0	4926	37.0
A_NP	716	4738	T	0	0	4738	35.3
A_NP	717	5006	G	0	0	5006	34.0
A_NP	718	5020	G	0	0	5020	34.7
A_NP	719	5258	A	0	0	5258	37.7
A_NP	720	5231	C	0	0	5231	35.9
A_NP	721	5341	C	0	0	5341	35.6
A_NP	722	4742	A	0	0	4742	36.8
A_NP	723	5123	A	0	0	5123	34.9
A_NP	724	5244	G	0	0	5244	34.2
A_NP	725	5102	T	0	0	5102	36.3
A_NP	726	4558	G	0	0	4558	34.8
A_NP	727	4710	A	0	0	4710	34.6
A_NP	728	4683	G	0	0	4683	34.3
A_NP	729	5856	A	0	0	5856	34.4
A_NP	730	4294	G	0	0	4294	37.6
A_NP	731	4981	A	0	0	4981	35.4
A_NP	732	4953	A	0	0	4953	34.3
A_NP	733	4353	A	0	0	4353	35.4
A_NP	734	4825	G	0	0	4825	37.7
A_NP	735	4886	C	0	0	4886	35.7
A_NP	736	4682	C	0	0	4682	36.5
A_NP	737	4722	G	0	0	4722	37.1
A_NP	738	4316	G	0	0	4316	35.5
A_NP	739	5661	A	0	0	5661	36.2
A_NP	740	4970	A	0	0	4970	37.5
A_NP	741	4805	T	0	0	4805	35.9
A_NP	742	4869	C	0	0	4869	34.7
A_NP	743	5051	C	0	0	5051	35.8
A_NP	744	4823	T	0	0	4823	34.6
A_NP	745	4993	G	0	0	4993	34.3
A_NP	746	4988	G	0	0	4988	37.8
A_NP	747	4997	G	0	0	4997	36.7
A_NP	748	4824	A	0	0	4824	36.3
A_NP	749	4925	A	0	0	4925	36.4
A_NP	750	4068	T	0	0	4068	35.7
A_NP	751	4740	G	0	0	4740	35.0
A_NP	752	4444	C	0	0	4444	37.5
A_NP	753	5375	T	0	0	5375	37.6
A_NP	754	4812	G	0	0	4812	36.8
A_NP	755	4415	A	0	0	4415	34.8
A_NP	756	4475	A	0	0	4475	37.7
A_NP	757	4327	A	0	0	4327	35.5
A_NP	758	4346	T	0	0	4346	35.0
A_NP	759	4583	T	0	0	4583	34.9
A_NP	760	4127	G	0	0	4127	37.3
A_NP	761	4636	A	0	0	4636	34.9
A_NP	762	4638	A	0	0	4638	36.3
A_NP	763	4573	G	0	0	4573	37.6
A_NP	764	4217	A	0	0	4217	37.9
A_NP	765	4374	T	0	0	4374	36.6
A_NP	766	4503	C	0	0	4503	36.8
A_NP	767	4802	T	0	0	4802	36.3
A_NP	768	4269	C	0	0	4269	36.8
A_NP	769	3909	A	0	0	3909	37.3
A_NP	770	4631	T	0	0	4631	35.4
A_NP	771	4539	C	0	0	4539	35.1
A_NP	772	4076	T	0	0	4076	35.8
A_NP	773	4463	T	0	0	4463	35.2
A_NP	774	4593	T	0	0	4593	37.2
A_NP	775	4022	C	0	0	4022	36.0
A_NP	776	3821	T	0	0	3821	37.0
A_NP	777	4290	C	0	0	4290	34.6
A_NP	778	4011	G	0	0	4011	34.1
A_NP	779	3629	C	0	0	3629	35.2
A_NP	780	4049	A	0	0	4049	37.1
A_NP	781	3769	C	0	0	3769	35.8
A_NP	782	3810	G	0	0	3810	35.4
A_NP	783	4338	A	0	0	4338	34.0
A_NP	784	4566	T	0	0	4566	34.6
A_NP	785	4001	C	0	0	4001	36.4
A_NP	786	4072	T	0	0	4072	34.7
A_NP	787	4234	G	0	0	4234	37.2
A_NP	788	3957	C	0	0	3957	35.5
A_NP	789	3624	T	0	0	3624	37.2
A_NP	790	3664	C	0	0	3664	36.0
A_NP	791	3952	T	0	0	3952	37.7
A_NP	792	3780	C	0	0	3780	36.8
A_NP	793	3712	A	0	0	3712	37.0
A_NP	794	3716	T	0	0	3716	36.7
A_NP	795	3789	C	0	0	3789	36.9
A_NP	796	3782	C	0	0	3782	34.3
A_NP	797	3537	T	0	0	3537	37.8
A_NP	798	3638	G	0	0	3638	35.1
A_NP	799	3791	A	0	0	3791	37.5
A_NP	800	3542	G	0	0	3542	37.6
A_NP	801	3412	G	0	0	3412	35.1
A_NP	802	3721	G	0	0	3721	37.5
A_NP	803	3850	G	0	0	3850	36.3
A_NP	804	3454	A	0	0	3454	35.1
A_NP	805	3543	T	0	0	3543	34.9
A_NP	806	3448	C	0	0	3448	35.6
A_NP	807	3528	A	0	0	3528	34.3
A_NP	808	3348	G	0	0	3348	34.5
A_NP	809	3503	T	0	0	3503	34.3
A_NP	810	3625	G	0	0	3625	37.8
A_NP	811	3431	G	0	0	3431	36.0
A_NP	812	3356	C	0	0	3356	36.9
A_NP	813	3209	T	0	0	3209	36.9
A_NP	814	3229	C	0	0	3229	36.3
A_NP	815	3092	A	0	0	3092	34.7
A_NP	816	3047	T	0	0	3047	34.1
A_NP	817	3182	A	0	0	3182	34.6
A_NP	818	3176	A	0	0	3176	35.7
A_NP	819	2817	G	0	0	2817	37.9
A_NP	820	3113	T	0	0	3113	36.5
A_NP	821	2926	C	0	0	2926	35.2
A_NP	822	3053	C	0	0	3053	35.2
A_NP	823	3396	T	0	0	3396	34.3
A_NP	824	2725	G	0	0	2725	36.9
A_NP	825	3349	T	0	0	3349	34.0
A_NP	826	3409	C	0	0	3409	37.7
A_NP	827	3209	T	0	0	3209	38.0
A_NP	828	2854	G	0	0	2854	35.5
A_NP	829	2871	C	0	0	2871	36.8
A_NP	830	2732	C	0	0	2732	34.9
A_NP	831	2921	T	0	0	2921	37.5
A_NP	832	3026	G	0	0	3026	35.6
A_NP	833	3181	C	0	0	3181	35.5
A_NP	834	3074	T	0	0	3074	36.3
A_NP	835	3222	T	0	0	3222	35.5
A_NP	836	2759	G	0	0	2759	36.0
A_NP	837	2925	C	0	0	2925	37.2
A_NP	838	2676	G	0	0	2676	34.9
A_NP	839	2812	T	0	0	2812	34.5
A_NP	840	2654	A	0	0	2654	36.8
A_NP	841	3283	T	0	0	3283	36.5
A_NP	842	2640	A	0	0	2640	35.2
A_NP	843	2827	T	0	0	2827	34.7
A_NP	844	2642	G	0	0	2642	35.2
A_NP	845	2892	G	0	0	2892	35.3
A_NP	846	2569	A	0	0	2569	36.7
A_NP	847	2848	C	0	0	2848	35.2
A_NP	848	3166	T	0	0	3166	37.0
A_NP	849	2695	T	0	0	2695	37.9
A_NP	850	2741	G	0	0	2741	36.6
A_NP	851	2888	C	0	0	2888	36.4
A_NP	852	2854	T	0	0	2854	35.0
A_NP	853	2770	G	0	0	2770	36.0
A_NP	854	2829	T	0	0	2829	36.0
A_NP	855	3062	A	0	0	3062	37.2
A_NP	856	2824	G	0	0	2824	36.6
A_NP	857	2747	C	0	0	2747	36.9
A_NP	858	2862	C	0	0	2862	36.5
A_NP	859	2583	A	0	0	2583	34.1
A_NP	860	2593	G	0	0	2593	37.1
A_NP	861	3173	T	0	0	3173	34.1
A_NP	862	2784	G	0	0	2784	37.5
A_NP	863	2829	G	0	0	2829	37.0
A_NP	864	2524	A	0	0	2524	35.4
A_NP	865	2780	T	0	0	2780	36.6
A_NP	866	2711	A	0	0	2711	34.7
A_NP	867	2822	T	0	0	2822	36.7
A_NP	868	2858	G	0	0	2858	36.1
A_NP	869	3143	A	0	0	3143	34.9
A_NP	870	2728	C	0	0	2728	35.1
A_NP	871	2480	T	0	0	2480	36.1
A_NP	872	2685	T	0	0	2685	35.5
A_NP	873	3050	T	0	0	3050	34.2
A_NP	874	2821	G	0	0	2821	37.4
A_NP	875	3095	A	0	0	3095	37.9
A_NP	876	3158	A	0	0	3158	36.1
A_NP	877	2584	A	0	0	2584	37.3
A_NP	878	2817	G	0	0	2817	34.7
A_NP	879	2952	A	0	0	2952	35.4
A_NP	880	3097	G	0	0	3097	34.5
A_NP	881	3077	A	0	0	3077	37.3
A_NP	882	3033	G	0	0	3033	34.9
A_NP	883	2740	G	0	0	2740	37.4
A_NP	884	2918	G	0	0	2918	34.7
A_NP	885	3546	A	0	0	3546	34.1
A_NP	886	2941	T	0	0	2941	35.5
A_NP	887	3001	A	0	0	3001	35.7
A_NP	888	2727	T	0	0	2727	36.1
A_NP	889	3031	T	0	0	3031	36.8
A_NP	890	2828	C	0	0	2828	37.6
A_NP	891	3047	T	0	0	3047	34.9
A_NP	892	3296	C	0	0	3296	37.0
A_NP	893	3322	T	0	0	3322	36.8
A_NP	894	3156	A	0	0	3156	37.7
A_NP	895	3043	G	0	0	3043	34.2
A_NP	896	3029	T	0	0	3029	36.3
A_NP	897	3376	C	0	0	3376	35.2
A_NP	898	3319	G	0	0	3319	37.7
A_NP	899	3154	G	0	0	3154	35.0
A_NP	900	3031	A	0	0	3031	37.7
A_NP	901	3311	A	0	0	3311	36.0
A_NP	902	3342	T	0	0	3342	36.0
A_NP	903	3505	T	0	0	3505	34.5
A_NP	904	3085	G	0	0	3085	37.5
A_NP	905	3124	A	0	0	3124	35.7
A_NP	906	3467	T	0	0	3467	37.1
A_NP	907	3065	C	0	0	3065	36.9
A_NP	908	3599	C	0	0	3599	34.0
A_NP	909	3489	T	0	0	3489	37.1
A_NP	910	3177	T	0	0	3177	36.2
A_NP	911	3426	T	0	0	3426	34.7
A_NP	912	3121	C	0	0	3121	35.5
A_NP	913	3288	C	0	0	3288	35.8
A_NP	914	3648	G	0	0	3648	35.3
A_NP	915	3515	T	0	0	3515	37.6
A_NP	916	3125	C	0	0	3125	35.5
A_NP	917	3287	T	0	0	3287	34.3
A_NP	918	3855	G	0	0	3855	36.1
A_NP	919	3483	C	0	0	3483	35.9
A_NP	920	3289	T	0	0	3289	35.1
A_NP	921	3520	C	0	0	3520	37.1
A_NP	922	3184	C	0	0	3184	35.2
A_NP	923	3518	A	0	0	3518	36.9
A_NP	924	3605	A	0	0	3605	36.1
A_NP	925	3639	A	0	0	3639	38.0
A_NP	926	3506	A	0	0	3506	37.8
A_NP	927	3645	C	0	0	3645	36.4
A_NP	928	3493	A	0	0	3493	36.7
A_NP	929	3586	G	0	0	3586	34.1
A_NP	930	3411	C	0	0	3411	37.4
A_NP	931	3842	C	0	0	3842	36.2
A_NP	932	3670	A	0	0	3670	35.5
A_NP	933	3167	A	0	0	3167	35.6
A_NP	934	3569	G	0	0	3569	37.1
A_NP	935	3476	T	0	0	3476	36.9
A_NP	936	3297	C	0	0	3297	34.6
A_NP	937	3406	T	0	0	3406	36.5
A_NP	938	3664	T	0	0	3664	34.4
A_NP	939	3589	C	0	0	3589	37.3
A_NP	940	3256	A	0	0	3256	37.5
A_NP	941	4356	G	0	0	4356	37.5
A_NP	942	3778	T	0	0	3778	37.5
A_NP	943	3403	C	0	0	3403	36.1
A_NP	944	3300	T	0	0	3300	34.8
A_NP	945	3295	C	0	0	3295	37.4
A_NP	946	3731	A	0	0	3731	34.5
A_NP	947	3864	T	0	0	3864	37.3
A_NP	948	3694	C	0	0	3694	35.5
A_NP	949	3756	A	0	0	3756	37.0
A_NP	950	3382	G	0	0	3382	37.7
A_NP	951	3593	A	0	0	3593	37.7
A_NP	952	3908	C	0	0	3908	37.2
A_NP	953	3901	C	0	0	3901	36.4
A_NP	954	3759	G	0	0	3759	35.5
A_NP	955	3437	A	0	0	3437	36.7
A_NP	956	3474	A	0	0	3474	34.8
A_NP	957	3582	C	0	0	3582	34.1
A_NP	958	3466	G	0	0	3466	37.0
A_NP	959	3262	A	0	0	3262	34.6
A_NP	960	3678	A	0	0	3678	34.4
A_NP	961	3895	A	0	0	3895	37.6
A_NP	962	3361	A	0	0	3361	37.9
A_NP	963	3289	T	0	0	3289	34.7
A_NP	964	3528	C	0	0	3528	35.1
A_NP	965	3530	C	0	0	3530	35.0
A_NP	966	3445	A	0	0	3445	37.2
A_NP	967	3734	G	0	0	3734	34.2
A_NP	968	3459	C	0	0	3459	35.7
A_NP	969	3554	T	0	0	3554	37.0
A_NP	970	3955	C	0	0	3955	37.0
A_NP	971	3386	A	0	0	3386	34.2
A_NP	972	3568	T	0	0	3568	35.7
A_NP	973	3503	A	0	0	3503	35.5
A_NP	974	3885	A	0	0	3885	35.5
A_NP	975	3539	A	0	0	3539	37.7
A_NP	976	3931	A	0	0	3931	36.4
A_NP	977	3267	G	0	0	3267	37.4
A_NP	978	3627	T	0	0	3627	37.3
A_NP	979	3483	C	0	0	3483	35.9
A_NP	980	3435	A	0	0	3435	37.1
A_NP	981	3939	G	0	0	3939	36.6
A_NP	982	3569	C	0	0	3569	37.1
A_NP	983	3372	T	0	0	3372	37.2
A_NP	984	3751	G	0	0	3751	37.9
A_NP	985	3425	G	0	0	3425	36.7
A_NP	986	3710	T	0	0	3710	34.1
A_NP	987	3659	A	0	0	3659	37.3
A_NP	988	3665	T	0	0	3665	35.8
A_NP	989	3779	G	0	0	3779	37.8
A_NP	990	3547	G	0	0	3547	37.8
A_NP	991	3296	A	0	0	3296	37.6
A_NP	992	3531	T	0	0	3531	37.2
A_NP	993	3440	G	0	0	3440	34.8
A_NP	994	3397	G	0	0	3397	34.8
A_NP	995	3299	C	0	0	3299	37.9
A_NP	996	3516	A	0	0	3516	37.1
A_NP	997	3447	T	0	0	3447	34.7
A_NP	998	3247	G	0	0	3247	37.7
A_NP	999	3164	C	0	0	3164	36.7
A_NP	1000	3240	C	0	0	3240	35.8
A_NP	1001	3586	A	0	0	3586	34.4
A_NP	1002	3158	C	0	0	3158	36.6
A_NP	1003	3464	T	0	0	3464	37.1
A_NP	1004	3176	C	0	0	3176	36.0
A_NP	1005	3390	T	0	0	3390	35.3
A_NP	1006	3525	G	0	0	3525	35.3
A_NP	1007	3729	C	0	0	3729	35.7
A_NP	1008	3202	G	0	0	3202	37.9
A_NP	1009	3686	G	0	0	3686	34.0
A_NP	1010	3469	C	0	0	3469	37.0
A_NP	1011	3235	A	0	0	3235	37.5
A_NP	1012	3510	T	0	0	3510	34.6
A_NP	1013	2856	T	0	0	2856	36.1
A_NP	1014	3260	T	0	0	3260	34.7
A_NP	1015	3324	G	0	0	3324	37.2
A_NP	1016	3497	A	0	0	3497	35.4
A_NP	1017	3013	G	0	0	3013	35.7
A_NP	1018	3472	G	0	0	3472	34.2
A_NP	1019	3119	A	0	0	3119	37.6
A_NP	1020	3293	T	0	0	3293	36.5
A_NP	1021	3566	C	0	0	3566	36.7
A_NP	1022	3463	T	0	0	3463	37.6
A_NP	1023	3597	G	0	0	3597	35.4
A_NP	1024	3138	A	0	0	3138	37.0
A_NP	1025	3205	G	0	0	3205	36.9
A_NP	1026	3524	A	0	0	3524	34.3
A_NP	1027	3308	G	0	0	3308	37.6
A_NP	1028	3291	T	0	0	3291	35.5
A_NP	1029	3235	G	0	0	3235	37.6
A_NP	1030	2823	T	0	0	2823	37.0
A_NP	1031	3464	C	0	0	3464	37.0
A_NP	1032	3319	A	0	0	3319	37.2
A_NP	1033	3451	A	0	0	3451	37.5
A_NP	1034	3074	G	0	0	3074	36.2
A_NP	1035	3392	C	0	0	3392	36.8
A_NP	1036	3544	T	0	0	3544	35.6
A_NP	1037	3215	T	0	0	3215	36.9
A_NP	1038	3451	C	0	0	3451	36.2
A_NP	1039	3347	A	0	0	3347	37.1
A_NP	1040	3618	T	0	0	3618	38.0
A_NP	1041	3489	C	0	0	3489	36.2
A_NP	1042	3271	A	0	0	3271	35.4
A_NP	1043	3036	G	0	0	3036	36.9
A_NP	1044	3397	A	0	0	3397	36.8
A_NP	1045	3611	G	0	0	3611	36.0
A_NP	1046	3630	G	0	0	3630	35.8
A_NP	1047	3580	G	0	0	3580	37.1
A_NP	1048	3060	A	0	0	3060	34.6
A_NP	1049	3566	C	0	0	3566	36.3
A_NP	1050	3371	A	0	0	3371	35.3
A_NP	1051	3358	A	0	0	3358	36.9
A_NP	1052	3365	G	0	0	3365	34.2
A_NP	1053	2990	A	0	0	2990	36.7
A_NP	1054	3210	G	0	0	3210	35.4
A_NP	1055	3137	T	0	0	3137	34.2
A_NP	1056	3413	A	0	0	3413	37.5
A_NP	1057	3200	G	0	0	3200	35.9
A_NP	1058	3682	T	0	0	3682	36.6
A_NP	1059	3315	C	0	0	3315	35.4
A_NP	1060	3540	C	0	0	3540	34.9
A_NP	1061	3157	C	0	0	3157	36.7
A_NP	1062	3356	A	0	0	3356	34.5
A_NP	1063	3695	A	0	0	3695	36.4
A_NP	1064	3586	G	0	0	3586	38.0
A_NP	1065	3690	A	0	0	3690	36.7
A_NP	1066	4004	G	0	0	4004	36.8
A_NP	1067	3389	G	0	0	3389	34.7
A_NP	1068	3959	A	0	0	3959	37.8
A_NP	1069	3591	C	0	0	3591	36.3
A_NP	1070	3356	A	0	0	3356	37.1
A_NP	1071	4146	A	0	0	4146	34.5
A_NP	1072	3721	C	0	0	3721	34.3
A_NP	1073	3901	T	0	0	3901	34.9
A_NP	1074	3939	G	0	0	3939	38.0
A_NP	1075	3739	T	0	0	3739	34.8
A_NP	1076	3990	C	0	0	3990	36.3
A_NP	1077	3679	C	0	0	3679	34.3
A_NP	1078	3923	A	0	0	3923	36.5
A_NP	1079	3705	C	0	0	3705	35.3
A_NP	1080	3849	C	0	0	3849	34.7
A_NP	1081	3439	A	0	0	3439	37.9
A_NP	1082	3786	G	0	0	3786	35.2
A_NP	1083	3808	A	0	0	3808	37.0
A_NP	1084	3641	G	0	0	3641	35.8
A_NP	1085	4062	G	0	0	4062	34.2
A_NP	1086	3903	A	0	0	3903	35.6
A_NP	1087	4370	G	0	0	4370	34.5
A_NP	1088	3989	T	0	0	3989	37.5
A_NP	1089	4203	T	0	0	4203	37.3
A_NP	1090	4232	C	0	0	4232	36.5
A_NP	1091	4177	A	0	0	4177	35.2
A_NP	1092	4111	G	0	0	4111	37.3
A_NP	1093	3949	A	0	0	3949	34.2
A_NP	1094	4016	T	0	0	4016	34.8
A_NP	1095	4725	T	0	0	4725	37.2
A_NP	1096	3901	G	0	0	3901	37.0
A_NP	1097	4475	C	0	0	4475	37.4
A_NP	1098	3715	T	0	0	3715	35.5
A_NP	1099	3820	T	0	0	3820	35.5
A_NP	1100	4180	C	0	0	4180	34.2
A_NP	1101	4223	A	0	0	4223	38.0
A_NP	1102	4318	A	0	0	4318	37.6
A_NP	1103	4368	A	0	0	4368	35.2
A_NP	1104	4353	T	0	0	4353	35.6
A_NP	1105	4095	G	0	0	4095	37.2
A_NP	1106	4157	A	0	0	4157	36.7
A_NP	1107	4387	A	0	0	4387	37.4
A_NP	1108	4007	A	0	0	4007	37.6
A_NP	1109	4345	A	0	0	4345	35.1
A_NP	1110	4908	C	0	0	4908	35.8
A_NP	1111	4151	A	0	0	4151	34.5
A_NP	1112	4517	T	0	0	4517	36.5
A_NP	1113	4779	G	0	0	4779	34.6
A_NP	1114	4433	G	0	0	4433	37.6
A_NP	1115	4507	A	0	0	4507	36.9
A_NP	1116	5036	G	0	0	5036	36.4
A_NP	1117	4340	A	0	0	4340	35.7
A_NP	1118	4959	C	0	0	4959	36.5
A_NP	1119	5109	A	0	0	5109	38.0
A_NP	1120	4975	A	0	0	4975	36.1
A_NP	1121	4565	T	0	0	4565	37.8
A_NP	1122	4593	G	0	0	4593	34.7
A_NP	1123	4853	G	0	0	4853	36.2
A_NP	1124	4802	A	0	0	4802	36.3
A_NP	1125	4593	C	0	0	4593	34.6
A_NP	1126	4775	T	0	0	4775	36.2
A_NP	1127	4903	C	0	0	4903	37.1
A_NP	1128	4910	C	0	0	4910	37.8
A_NP	1129	4332	A	0	0	4332	35.6
A_NP	1130	4909	G	0	0	4909	36.4
A_NP	1131	4767	T	0	0	4767	35.6
A_NP	1132	4828	A	0	0	4828	36.1
A_NP	1133	4778	C	0	0	4778	34.3
A_NP	1134	5420	T	0	0	5420	36.1
A_NP	1135	4759	C	0	0	4759	35.3
A_NP	1136	5407	T	0	0	5407	37.0
A_NP	1137	4839	T	0	0	4839	37.5
A_NP	1138	4543	G	0	0	4543	37.2
A_NP	1139	5289	A	0	0	5289	34.6
A_NP	1140	4856	A	0	0	4856	35.6
A_NP	1141	5100	C	0	0	5100	35.8
A_NP	1142	5282	T	0	0	5282	34.9
A_NP	1143	5579	G	0	0	5579	35.5
A_NP	1144	5186	A	0	0	5186	34.1
A_NP	1145	5171	G	0	0	5171	36.3
A_NP	1146	5045	G	0	0	5045	34.1
A_NP	1147	4873	A	0	0	4873	37.4
A_NP	1148	4920	G	0	0	4920	36.0
A_NP	1149	5087	C	0	0	5087	34.7
A_NP	1150	4466	A	0	0	4466	34.8
A_NP	1151	4796	G	0	0	4796	37.8
A_NP	1152	5198	A	0	0	5198	37.3
A_NP	1153	5122	T	0	0	5122	35.4
A_NP	1154	5056	A	0	0	5056	36.4
A_NP	1155	5485	C	0	0	5485	36.3
A_NP	1156	5682	T	0	0	5682	35.0
A_NP	1157	5226	G	0	0	5226	35.6
A_NP	1158	5829	G	0	0	5829	34.7
A_NP	1159	5277	G	0	0	5277	35.0
A_NP	1160	5156	C	0	0	5156	34.8
A_NP	1161	5360	T	0	0	5360	37.7
A_NP	1162	5276	A	0	0	5276	36.7
A_NP	1163	5389	T	0	0	5389	35.9
A_NP	1164	5287	A	0	0	5287	34.3
A_NP	1165	5093	A	0	0	5093	35.1
A_NP	1166	5744	G	0	0	5744	34.4
A_NP	1167	5120	A	0	0	5120	37.6
A_NP	1168	5215	A	0	0	5215	36.6
A_NP	1169	5443	C	0	0	5443	36.1
A_NP	1170	5334	A	0	0	5334	34.3
A_NP	1171	5379	A	0	0	5379	36.5
A_NP	1172	5011	G	0	0	5011	35.2
A_NP	1173	5142	A	0	0	5142	36.4
A_NP	1174	4756	A	0	0	4756	34.1
A_NP	1175	5539	G	0	0	5539	36.8
A_NP	1176	4324	T	0	0	4324	37.1
A_NP	1177	4920	G	0	0	4920	34.7
A_NP	1178	4945	G	0	0	4945	36.9
A_NP	1179	5286	A	0	0	5286	37.9
A_NP	1180	5474	G	0	0	5474	35.8
A_NP	1181	5710	G	0	0	5710	35.9
A_NP	1182	4805	A	0	0	4805	37.6
A_NP	1183	5260	A	0	0	5260	37.7
A_NP	1184	5066	A	0	0	5066	34.1
A_NP	1185	4759	C	0	0	4759	36.0
A_NP	1186	4799	A	0	0	4799	37.0
A_NP	1187	4795	C	0	0	4795	36.4
A_NP	1188	4674	T	0	0	4674	34.5
A_NP	1189	4992	A	0	0	4992	37.6
A_NP	1190	5141	A	0	0	5141	37.1
A_NP	1191	5144	C	0	0	5144	36.1
A_NP	1192	4985	C	0	0	4985	37.8
A_NP	1193	4888	A	0	0	4888	35.3
A_NP	1194	5465	A	0	0	5465	36.5
A_NP	1195	4823	C	0	0	4823	36.9
A_NP	1196	4940	A	0	0	4940	37.6
A_NP	1197	4882	G	0	0	4882	35.0
A_NP	1198	4815	A	0	0	4815	36.0
A_NP	1199	5132	G	0	0	5132	35.2
A_NP	1200	4744	A	0	0	4744	35.0
A_NP	1201	4867	G	0	0	4867	37.9
A_NP	1202	5170	C	0	0	5170	36.1
A_NP	1203	5175	A	0	0	5175	37.0
A_NP	1204	5421	T	0	0	5421	35.9
A_NP	1205	5000	C	0	0	5000	37.3
A_NP	1206	4667	T	0	0	4667	35.6
A_NP	1207	4768	G	0	0	4768	37.0
A_NP	1208	4536	C	0	0	4536	36.8
A_NP	1209	4875	A	0	0	4875	35.5
A_NP	1210	4568	G	0	0	4568	36.7
A_NP	1211	5019	G	0	0	5019	37.7
A_NP	1212	5058	A	0	0	5058	37.1
A_NP	1213	4811	C	0	0	4811	36.6
A_NP	1214	4800	A	0	0	4800	37.0
A_NP	1215	4622	A	0	0	4622	37.6
A_NP	1216	3832	A	0	0	3832	36.6
A_NP	1217	4320	T	0	0	4320	36.5
A_NP	1218	4608	C	0	0	4608	37.4
A_NP	1219	4525	A	0	0	4525	37.6
A_NP	1220	4544	G	0	0	4544	37.2
A_NP	1221	4405	C	0	0	4405	34.5
A_NP	1222	4354	G	0	0	4354	35.6
A_NP	1223	4933	T	0	0	4933	34.5
A_NP	1224	4315	A	0	0	4315	35.0
A_NP	1225	4455	C	0	0	4455	36.7
A_NP	1226	3825	A	0	0	3825	36.3
A_NP	1227	4754	G	0	0	4754	34.7
A_NP	1228	4848	C	0	0	4848	38.0
A_NP	1229	4158	C	0	0	4158	35.3
A_NP	1230	4419	C	0	0	4419	34.5
A_NP	1231	4424	A	0	0	4424	37.5
A_NP	1232	4250	C	0	0	4250	35.8
A_NP	1233	4197	A	0	0	4197	37.7
A_NP	1234	4257	T	0	0	4257	37.9
A_NP	1235	4191	T	0	0	4191	36.4
A_NP	1236	3721	C	0	0	3721	36.2
A_NP	1237	3947	T	0	0	3947	36.4
A_NP	1238	3940	C	0	0	3940	36.6
A_NP	1239	3815	T	0	0	3815	36.3
A_NP	1240	4008	G	0	0	4008	34.5
A_NP	1241	4192	T	0	0	4192	35.3
A_NP	1242	4137	G	0	0	4137	36.8
A_NP	1243	3823	C	0	0	3823	36.9
A_NP	1244	4157	A	0	0	4157	35.6
A_NP	1245	4025	A	0	0	4025	34.0
A_NP	1246	3686	A	0	0	3686	37.1
A_NP	1247	3940	G	0	0	3940	34.0
A_NP	1248	3632	A	0	0	3632	37.7
A_NP	1249	3854	A	0	0	3854	35.9
A_NP	1250	3989	A	0	0	3989	37.7
A_NP	1251	3734	C	0	0	3734	35.8
A_NP	1252	3914	C	0	0	3914	35.2
A_NP	1253	3897	T	0	0	3897	35.8
A_NP	1254	3646	C	0	0	3646	34.6
A_NP	1255	3456	C	0	0	3456	37.1
A_NP	1256	3511	C	0	0	3511	34.6
A_NP	1257	4130	A	0	0	4130	35.8
A_NP	1258	3730	T	0	0	3730	35.8
A_NP	1259	3363	T	0	0	3363	36.4
A_NP	1260	3444	C	0	0	3444	35.2
A_NP	1261	3557	G	0	0	3557	37.6
A_NP	1262	4006	A	0	0	4006	36.6
A_NP	1263	3490	G	0	0	3490	35.7
A_NP	1264	3682	A	0	0	3682	35.2
A_NP	1265	3739	G	0	0	3739	35.3
A_NP	1266	3487	A	0	0	3487	37.9
A_NP	1267	3665	G	0	0	3665	36.0
A_NP	1268	3401	C	0	0	3401	35.2
A_NP	1269	3780	A	0	0	3780	35.5
A_NP	1270	3434	A	0	0	3434	37.0
A_NP	1271	3526	C	0	0	3526	35.4
A_NP	1272	3696	C	0	0	3696	34.1
A_NP	1273	3371	A	0	0	3371	37.9
A_NP	1274	3415	T	0	0	3415	37.6
A_NP	1275	3348	C	0	0	3348	34.2
A_NP	1276	3332	A	0	0	3332	36.0
A_NP	1277	3480	T	0	0	3480	34.4
A_NP	1278	3612	G	0	0	3612	35.8
A_NP	1279	3424	G	0	0	3424	37.3
A_NP	1280	3023	C	0	0	3023	36.3
A_NP	1281	3796	A	0	0	3796	35.8
A_NP	1282	3810	G	0	0	3810	37.1
A_NP	1283	3499	C	0	0	3499	35.9
A_NP	1284	3468	A	0	0	3468	34.1
A_NP	1285	3827	T	0	0	3827	36.2
A_NP	1286	3526	T	0	0	3526	37.6
A_NP	1287	3216	T	0	0	3216	34.6
A_NP	1288	3679	A	0	0	3679	37.7
A_NP	1289	3169	C	0	0	3169	37.7
A_NP	1290	3297	G	0	0	3297	35.5
A_NP	1291	3311	G	0	0	3311	34.5
A_NP	1292	3763	G	0	0	3763	36.1
A_NP	1293	3252	A	0	0	3252	36.7
A_NP	1294	3200	A	0	0	3200	38.0
A_NP	1295	3503	A	0	0	3503	37.9
A_NP	1296	3179	C	0	0	3179	37.3
A_NP	1297	3740	A	0	0	3740	36.5
A_NP	1298	3734	C	0	0	3734	35.8
A_NP	1299	3216	T	0	0	3216	37.9
A_NP	1300	3039	G	0	0	3039	34.7
A_NP	1301	3435	A	0	0	3435	36.6
A_NP	1302	3460	A	0	0	3460	35.8
A_NP	1303	3422	G	0	0	3422	37.4
A_NP	1304	3310	G	0	0	3310	35.4
A_NP	1305	3279	C	0	0	3279	35.9
A_NP	1306	3382	A	0	0	3382	34.6
A_NP	1307	3385	G	0	0	3385	34.5
A_NP	1308	3309	A	0	0	3309	34.6
A_NP	1309	3515	A	0	0	3515	36.1
A_NP	1310	3363	C	0	0	3363	36.1
A_NP	1311	3612	T	0	0	3612	37.1
A_NP	1312	3816	T	0	0	3816	37.3
A_NP	1313	3617	C	0	0	3617	35.6
A_NP	1314	3446	A	0	0	3446	35.4
A_NP	1315	3433	G	0	0	3433	34.3
A_NP	1316	3292	A	0	0	3292	37.8
A_NP	1317	3400	C	0	0	3400	36.9
A_NP	1318	3869	A	0	0	3869	35.9
A_NP	1319	3354	T	0	0	3354	36.6
A_NP	1320	3592	G	0	0	3592	38.0
A_NP	1321	3492	A	0	0	3492	35.8
A_NP	1322	3667	G	0	0	3667	36.4
A_NP	1323	3560	A	0	0	3560	37.2
A_NP	1324	3562	A	0	0	3562	35.5
A_NP	1325	3509	C	0	0	3509	34.6
A_NP	1326	3619	T	0	0	3619	36.9
A_NP	1327	3780	G	0	0	3780	37.6
A_NP	1328	3737	A	0	0	3737	35.8
A_NP	1329	3763	G	0	0	3763	34.1
A_NP	1330	3354	A	0	0	3354	35.9
A_NP	1331	3706	T	0	0	3706	35.4
A_NP	1332	3460	C	0	0	3460	35.6
A_NP	1333	3808	A	0	0	3808	37.6
A_NP	1334	3244	T	0	0	3244	37.2
A_NP	1335	3344	A	0	0	3344	37.9
A_NP	1336	3310	A	0	0	3310	34.1
A_NP	1337	3307	G	0	0	3307	37.1
A_NP	1338	3399	G	0	0	3399	36.7
A_NP	1339	4071	A	0	0	4071	36.4
A_NP	1340	3106	T	0	0	3106	34.2
A_NP	1341	3537	G	0	0	3537	37.1
A_NP	1342	3356	A	0	0	3356	37.9
A_NP	1343	3380	T	0	0	3380	36.2
A_NP	1344	3657	G	0	0	3657	36.3
A_NP	1345	3627	G	0	0	3627	37.3
A_NP	1346	3590	A	0	0	3590	37.7
A_NP	1347	3882	A	0	0	3882	34.3
A_NP	1348	3659	A	0	0	3659	34.1
A_NP	1349	3512	A	0	0	3512	37.1
A_NP	1350	3943	T	0	0	3943	36.4
A_NP	1351	3802	G	0	0	3802	34.5
A_NP	1352	3793	C	0	0	3793	36.2
A_NP	1353	3467	C	0	0	3467	35.0
A_NP	1354	3816	A	0	0	3816	37.1
A_NP	1355	3453	G	0	0	3453	35.2
A_NP	1356	3791	A	0	0	3791	38.0
A_NP	1357	3780	C	0	0	3780	35.9
A_NP	1358	3304	C	0	0	3304	37.6
A_NP	1359	3805	T	0	0	3805	35.8
A_NP	1360	3608	G	0	0	3608	35.6
A_NP	1361	3873	A	0	0	3873	35.0
A_NP	1362	3699	A	0	0	3699	34.8
A_NP	1363	3584	G	0	0	3584	35.1
A_NP	1364	3442	A	0	0	3442	34.2
A_NP	1365	3592	T	0	0	3592	37.6
A_NP	1366	3820	G	0	0	3820	36.0
A_NP	1367	3713	T	0	0	3713	36.7
A_NP	1368	3486	G	0	0	3486	35.6
A_NP	1369	3709	T	0	0	3709	37.6
A_NP	1370	3402	C	0	0	3402	34.0
A_NP	1371	3895	T	0	0	3895	34.5
A_NP	1372	3919	T	0	0	3919	37.7
A_NP	1373	3673	T	0	0	3673	35.0
A_NP	1374	3715	C	0	0	3715	35.5
A_NP	1375	3578	C	0	0	3578	36.3
A_NP	1376	3790	A	0	0	3790	36.4
A_NP	1377	3551	G	0	0	3551	34.5
A_NP	1378	3977	G	0	0	3977	37.1
A_NP	1379	3932	G	0	0	3932	35.5
A_NP	1380	3714	G	0	0	3714	35.6
A_NP	1381	3685	C	0	0	3685	34.1
A_NP	1382	3566	G	0	0	3566	36.1
A_NP	1383	3911	G	0	0	3911	36.5
A_NP	1384	3376	G	0	0	3376	35.3
A_NP	1385	3452	G	0	0	3452	36.0
A_NP	1386	3679	A	0	0	3679	34.1
A_NP	1387	3193	G	0	0	3193	37.8
A_NP	1388	3299	T	0	0	3299	35.1
A_NP	1389	3404	C	0	0	3404	36.0
A_NP	1390	3364	T	0	0	3364	37.5
A_NP	1391	3469	T	0	0	3469	37.1
A_NP	1392	3104	C	0	0	3104	35.2
A_NP	1393	3753	G	0	0	3753	36.7
A_NP	1394	3448	A	0	0	3448	37.6
A_NP	1395	3481	G	0	0	3481	36.8
A_NP	1396	3519	C	0	0	3519	37.2
A_NP	1397	3875	T	0	0	3875	35.6
A_NP	1398	3686	C	0	0	3686	37.8
A_NP	1399	3094	T	0	0	3094	35.6
A_NP	1400	3495	C	0	0	3495	37.7
A_NP	1401	3637	G	0	0	3637	34.3
A_NP	1402	3253	G	0	0	3253	35.1
A_NP	1403	3114	A	0	0	3114	37.2
A_NP	1404	3263	C	0	0	3263	34.2
A_NP	1405	3294	G	0	0	3294	35.3
A_NP	1406	3391	A	0	0	3391	36.6
A_NP	1407	3076	A	0	0	3076	35.7
A_NP	1408	3480	A	0	0	3480	37.6
A_NP	1409	3297	A	0	0	3297	34.6
A_NP	1410	3101	G	0	0	3101	36.4
A_NP	1411	3467	G	0	0	3467	37.9
A_NP	1412	2928	C	0	0	2928	35.6
A_NP	1413	3118	A	0	0	3118	34.3
A_NP	1414	2925	A	0	0	2925	34.4
A_NP	1415	2777	C	0	0	2777	36.7
A_NP	1416	2724	G	0	0	2724	37.3
A_NP	1417	2940	A	0	0	2940	37.8
A_NP	1418	2774	A	0	0	2774	38.0
A_NP	1419	2517	C	0	0	2517	35.2
A_NP	1420	2748	C	0	0	2748	37.7
A_NP	1421	2687	C	0	0	2687	34.5
A_NP	1422	2680	G	0	0	2680	34.5
A_NP	1423	2482	A	0	0	2482	36.3
A_NP	1424	2196	T	0	0	2196	34.9
A_NP	1425	2464	C	0	0	2464	37.7
A_NP	1426	2436	G	0	0	2436	34.5
A_NP	1427	2583	T	0	0	2583	37.9
A_NP	1428	2548	G	0	0	2548	37.9
A_NP	1429	2299	C	0	0	2299	36.8
A_NP	1430	2202	C	0	0	2202	36.0
A_NP	1431	2191	T	0	0	2191	34.6
A_NP	1432	2349	T	0	0	2349	36.1
A_NP	1433	2173	C	0	0	2173	35.1
A_NP	1434	2146	C	0	0	2146	35.8
A_NP	1435	2032	T	0	0	2032	36.2
A_NP	1436	1878	T	0	0	1878	36.6
A_NP	1437	1974	T	0	0	1974	37.4
A_NP	1438	1880	G	0	0	1880	36.7
A_NP	1439	1802	A	0	0	1802	34.4
A_NP	1440	1818	C	0	0	1818	35.7
A_NP	1441	2000	A	0	0	2000	36.7
A_NP	1442	1658	T	0	0	1658	35.8
A_NP	1443	1489	G	0	0	1489	34.8
A_NP	1444	1704	A	0	0	1704	34.4
A_NP	1445	1394	G	0	0	1394	37.8
A_NP	1446	1591	T	0	0	1591	34.9
A_NP	1447	1622	A	0	0	1622	34.8
A_NP	1448	1517	A	0	0	1517	34.8
A_NP	1449	1449	T	0	0	1449	34.3
A_NP	1450	1501	G	0	0	1501	37.9
A_NP	1451	1543	A	0	0	1543	34.3
A_NP	1452	1381	A	0	0	1381	36.7
A_NP	1453	1392	G	0	0	1392	34.9
A_NP	1454	1293	G	0	0	1293	36.2
A_NP	1455	1154	A	0	0	1154	37.2
A_NP	1456	1285	T	0	0	1285	35.9
A_NP	1457	1122	C	0	0	1122	37.8
A_NP	1458	1132	T	0	0	1132	36.6
A_NP	1459	1250	T	0	0	1250	35.6
A_NP	1460	1238	A	0	0	1238	36.9
A_NP	1461	1088	T	0	0	1088	37.4
A_NP	1462	1049	T	0	0	1049	36.1
A_NP	1463	1101	T	0	0	1101	36.5
A_NP	1464	952	C	0	0	952	35.8
A_NP	1465	1005	T	0	0	1005	35.2
A_NP	1466	831	T	0	0	831	37.5
A_NP	1467	959	C	0	0	959	37.7
A_NP	1468	820	G	0	0	820	36.2
A_NP	1469	855	G	0	0	855	35.3
A_NP	1470	731	A	0	0	731	37.9
A_NP	1471	768	G	0	0	768	34.6
A_NP	1472	701	A	0	0	701	36.7
A_NP	1473	737	C	0	0	737	35.6
A_NP	1474	687	A	0	0	687	35.3
A_NP	1475	703	A	0	0	703	35.9
A_NP	1476	650	T	0	0	650	35.5
A_NP	1477	608	G	0	0	608	35.9
A_NP	1478	591	C	0	0	591	35.4
A_NP	1479	554	A	0	0	554	35.7
A_NP	1480	521	G	0	0	521	37.1
A_NP	1481	496	A	0	0	496	35.2
A_NP	1482	437	G	0	0	437	36.3
A_NP	1483	437	G	0	0	437	35.1
A_NP	1484	379	A	0	0	379	36.3
A_NP	1485	401	G	0	0	401	34.1
A_NP	1486	338	T	0	0	338	37.9
A_NP	1487	317	A	0	0	317	37.6
A_NP	1488	294	T	0	0	294	36.0
A_NP	1489	294	G	0	0	294	36.9
A_NP	1490	218	A	0	0	218	35.4
A_NP	1491	191	C	0	0	191	36.2
A_NP	1492	163	A	0	0	163	36.5
A_NP	1493	121	A	0	0	121	34.7
A_NP	1494	86	T	0	0	86	35.6
A_NP	1495	65	T	0	0	65	34.4
A_NP	1496	31	A	0	0	31	34.9
A_NP	1497	0	A	0	0	0	37.9
