Reference_Name	Position	Coverage Depth	Consensus	Deletions	Ambiguous	Consensus_Count	Consensus_Average_Quality
A_NS	1	26	A	0	0	26	35.3
A_NS	2	48	T	0	0	48	36.7
A_NS	3	72	G	0	0	72	37.3
A_NS	4	116	G	0	0	116	35.1
A_NS	5	156	A	0	0	156	37.2
A_NS	6	169	T	0	0	169	35.1
A_NS	7	198	T	0	0	198	36.9
A_NS	8	237	C	0	0	237	35.5
A_NS	9	260	C	0	0	260	37.2
A_NS	10	275	A	0	0	275	35.8
A_NS	11	315	A	0	0	315	37.3
A_NS	12	349	C	0	0	349	36.4
A_NS	13	365	A	0	0	365	35.1
A_NS	14	454	C	0	0	454	34.5
A_NS	15	461	G	0	0	461	37.9
A_NS	16	503	A	0	0	503	34.8
A_NS	17	512	T	0	0	512	34.2
A_NS	18	580	A	0	0	580	34.5
A_NS	19	585	A	0	0	585	36.3
A_NS	20	646	C	0	0	646	35.6
A_NS	21	662	C	0	0	662	37.7
A_NS	22	691	T	0	0	691	35.8
A_NS	23	702	C	0	0	702	36.8
A_NS	24	815	G	0	0	815	36.8
A_NS	25	728	T	0	0	728	35.5
A_NS	26	833	T	0	0	833	36.6
A_NS	27	876	C	0	0	876	37.7
A_NS	28	881	C	0	0	881	35.1
A_NS	29	859	A	0	0	859	35.0
A_NS	30	920	G	0	0	920	36.5
A_NS	31	947	G	0	0	947	34.2
A_NS	32	1114	T	0	0	1114	34.5
A_NS	33	1017	A	0	0	1017	34.5
A_NS	34	1096	G	0	0	1096	36.2
A_NS	35	1053	A	0	0	1053	36.8
A_NS	36	1202	T	0	0	1202	35.6
A_NS	37	1163	T	0	0	1163	37.2
A_NS	38	1423	G	0	0	1423	35.2
A_NS	39	1280	C	0	0	1280	37.7
A_NS	40	1481	T	0	0	1481	36.8
A_NS	41	1373	A	0	0	1373	35.7
A_NS	42	1463	T	0	0	1463	34.0
A_NS	43	1378	C	0	0	1378	37.3
A_NS	44	1589	T	0	0	1589	36.9
A_NS	45	1442	A	0	0	1442	36.0
A_NS	46	1267	T	0	0	1267	37.2
A_NS	47	1469	G	0	0	1469	36.5
A_NS	48	1688	G	0	0	1688	34.5
A_NS	49	1597	C	0	0	1597	36.1
A_NS	50	1573	A	0	0	1573	34.3
A_NS	51	1645	C	0	0	1645	35.2
A_NS	52	1763	A	0	0	1763	37.2
A_NS	53	1675	T	0	0	1675	35.1
A_NS	54	1601	A	0	0	1601	34.1
A_NS	55	1649	A	0	0	1649	37.8
A_NS	56	1565	G	0	0	1565	34.6
A_NS	57	1565	A	0	0	1565	37.6
A_NS	58	1563	A	0	0	1563	37.7
A_NS	59	1561	A	0	0	1561	36.9
A_NS	60	1679	G	0	0	1679	34.4
A_NS	61	1657	C	0	0	1657	35.3
A_NS	62	1560	T	0	0	1560	36.3
A_NS	63	1612	G	0	0	1612	37.5
A_NS	64	1568	C	0	0	1568	37.7
A_NS	65	1617	T	0	0	1617	36.0
A_NS	66	1673	C	0	0	1673	35.5
A_NS	67	1654	A	0	0	1654	36.3
A_NS	68	1681	G	0	0	1681	37.8
A_NS	69	1609	C	0	0	1609	36.7
A_NS	70	1428	A	0	0	1428	34.1
A_NS	71	1478	T	0	0	1478	34.5
A_NS	72	1544	G	0	0	1544	37.6
A_NS	73	1515	A	0	0	1515	36.4
A_NS	74	1711	G	0	0	1711	37.7
A_NS	75	1483	A	0	0	1483	36.6
A_NS	76	1444	G	0	0	1444	34.5
A_NS	77	1525	A	0	0	1525	36.8
A_NS	78	1493	C	0	0	1493	35.3
A_NS	79	1654	A	0	0	1654	37.5
A_NS	80	1366	T	0	0	1366	35.5
A_NS	81	1548	G	0	0	1548	35.5
A_NS	82	1494	T	0	0	1494	36.7
A_NS	83	1383	G	0	0	1383	35.9
A_NS	84	1475	T	0	0	1475	36.2
A_NS	85	1369	G	0	0	1369	35.0
A_NS	86	1441	A	0	0	1441	35.9
A_NS	87	1569	T	0	0	1569	37.8
A_NS	88	1542	G	0	0	1542	34.8
A_NS	89	1585	C	0	0	1585	35.7
A_NS	90	1514	T	0	0	1514	36.0
A_NS	91	1419	C	0	0	1419	37.2
A_NS	92	1607	C	0	0	1607	34.8
A_NS	93	1592	C	0	0	1592	36.9
A_NS	94	1646	T	0	0	1646	36.1
A_NS	95	1528	T	0	0	1528	36.4
A_NS	96	1511	T	0	0	1511	34.9
A_NS	97	1466	G	0	0	1466	34.4
A_NS	98	1705	A	0	0	1705	35.0
A_NS	99	1628	T	0	0	1628	37.9
A_NS	100	1455	G	0	0	1455	36.6
A_NS	101	1516	A	0	0	1516	35.1
A_NS	102	1589	T	0	0	1589	36.4
A_NS	103	1565	A	0	0	1565	37.5
A_NS	104	1716	G	0	0	1716	36.9
A_NS	105	1695	A	0	0	1695	34.7
A_NS	106	1530	C	0	0	1530	37.0
A_NS	107	1545	T	0	0	1545	35.5
A_NS	108	1708	C	0	0	1708	36.6
A_NS	109	1902	A	0	0	1902	34.5
A_NS	110	1658	G	0	0	1658	36.2
A_NS	111	1966	A	0	0	1966	37.0
A_NS	112	1935	A	0	0	1935	36.7
A_NS	113	1641	G	0	0	1641	35.6
A_NS	114	1555	A	0	0	1555	34.7
A_NS	115	1773	G	0	0	1773	36.0
A_NS	116	1992	A	0	0	1992	37.2
A_NS	117	1704	T	0	0	1704	37.7
A_NS	118	1839	C	0	0	1839	34.5
A_NS	119	1852	A	0	0	1852	36.3
A_NS	120	1681	G	0	0	1681	35.1
A_NS	121	1908	A	0	0	1908	36.0
A_NS	122	1849	A	0	0	1849	34.3
A_NS	123	2051	G	0	0	2051	35.0
A_NS	124	2072	G	0	0	2072	34.1
A_NS	125	2155	C	0	0	2155	36.4
A_NS	126	2246	A	0	0	2246	34.5
A_NS	127	1957	T	0	0	1957	36.6
A_NS	128	1787	T	0	0	1787	34.3
A_NS	129	2154	A	0	0	2154	35.0
A_NS	130	2036	A	0	0	2036	37.1
A_NS	131	2138	A	0	0	2138	37.6
A_NS	132	2399	G	0	0	2399	37.3
A_NS	133	2141	G	0	0	2141	34.1
A_NS	134	2229	G	0	0	2229	37.6
A_NS	135	2042	A	0	0	2042	35.5
A_NS	136	2294	A	0	0	2294	36.1
A_NS	137	2328	G	0	0	2328	37.1
A_NS	138	2256	A	0	0	2256	34.8
A_NS	139	2186	G	0	0	2186	37.3
A_NS	140	2191	G	0	0	2191	36.5
A_NS	141	2403	C	0	0	2403	34.7
A_NS	142	2194	A	0	0	2194	37.8
A_NS	143	2218	G	0	0	2218	37.0
A_NS	144	2397	C	0	0	2397	35.3
A_NS	145	2163	A	0	0	2163	35.5
A_NS	146	2175	C	0	0	2175	37.8
A_NS	147	2419	A	0	0	2419	36.2
A_NS	148	2359	C	0	0	2359	35.2
A_NS	149	2291	T	0	0	2291	36.3
A_NS	150	2157	T	0	0	2157	37.2
A_NS	151	2353	G	0	0	2353	36.2
A_NS	152	2199	G	0	0	2199	35.7
A_NS	153	2475	A	0	0	2475	37.5
A_NS	154	2515	C	0	0	2515	34.5
A_NS	155	2548	T	0	0	2548	37.1
A_NS	156	2386	C	0	0	2386	36.9
A_NS	157	2465	G	0	0	2465	35.3
A_NS	158	2501	A	0	0	2501	34.2
A_NS	159	2442	C	0	0	2442	37.9
A_NS	160	2379	C	0	0	2379	37.1
A_NS	161	2291	T	0	0	2291	37.2
A_NS	162	2437	G	0	0	2437	36.5
A_NS	163	2295	C	0	0	2295	37.7
A_NS	164	2333	G	0	0	2333	34.4
A_NS	165	2498	A	0	0	2498	34.3
A_NS	166	2623	G	0	0	2623	34.7
A_NS	167	2645	T	0	0	2645	34.6
A_NS	168	2457	G	0	0	2457	36.9
A_NS	169	2397	G	0	0	2397	34.0
A_NS	170	2109	C	0	0	2109	34.0
A_NS	171	2478	C	0	0	2478	35.6
A_NS	172	2465	A	0	0	2465	35.0
A_NS	173	2371	C	0	0	2371	37.0
A_NS	174	2348	A	0	0	2348	36.5
A_NS	175	2378	A	0	0	2378	37.0
A_NS	176	2166	T	0	0	2166	36.6
A_NS	177	2607	G	0	0	2607	36.7
A_NS	178	2242	G	0	0	2242	34.4
A_NS	179	2248	A	0	0	2248	34.2
A_NS	180	2114	G	0	0	2114	36.0
A_NS	181	2444	G	0	0	2444	37.0
A_NS	182	2401	G	0	0	2401	34.2
A_NS	183	2116	C	0	0	2116	34.8
A_NS	184	2156	A	0	0	2156	35.7
A_NS	185	2232	A	0	0	2232	36.2
A_NS	186	2176	A	0	0	2176	35.1
A_NS	187	2291	A	0	0	2291	34.9
A_NS	188	2231	A	0	0	2231	37.4
A_NS	189	2237	G	0	0	2237	37.8
A_NS	190	2099	A	0	0	2099	34.2
A_NS	191	2106	T	0	0	2106	37.6
A_NS	192	1968	T	0	0	1968	37.2
A_NS	193	2017	G	0	0	2017	36.6
A_NS	194	2110	T	0	0	2110	35.4
A_NS	195	2042	T	0	0	2042	35.1
A_NS	196	2065	G	0	0	2065	37.9
A_NS	197	2239	A	0	0	2239	37.2
A_NS	198	1951	G	0	0	1951	37.4
A_NS	199	2167	G	0	0	2167	35.6
A_NS	200	1987	A	0	0	1987	37.7
A_NS	201	2210	C	0	0	2210	37.4
A_NS	202	2052	A	0	0	2052	37.8
A_NS	203	2032	T	0	0	2032	34.5
A_NS	204	1854	C	0	0	1854	35.3
A_NS	205	1721	C	0	0	1721	36.4
A_NS	206	1773	T	0	0	1773	35.8
A_NS	207	1622	A	0	0	1622	35.7
A_NS	208	1769	A	0	0	1769	36.8
A_NS	209	1955	A	0	0	1955	35.2
A_NS	210	1788	G	0	0	1788	37.2
A_NS	211	1759	A	0	0	1759	37.9
A_NS	212	1768	G	0	0	1768	36.1
A_NS	213	1814	T	0	0	1814	37.4
A_NS	214	1797	G	0	0	1797	35.0
A_NS	215	1737	A	0	0	1737	34.4
A_NS	216	1848	A	0	0	1848	35.0
A_NS	217	1743	A	0	0	1743	35.1
A_NS	218	1652	C	0	0	1652	36.4
A_NS	219	1596	G	0	0	1596	35.0
A_NS	220	1674	G	0	0	1674	35.0
A_NS	221	1753	A	0	0	1753	35.4
A_NS	222	1790	T	0	0	1790	36.6
A_NS	223	1606	G	0	0	1606	37.7
A_NS	224	1760	A	0	0	1760	34.1
A_NS	225	1540	A	0	0	1540	36.3
A_NS	226	1792	A	0	0	1792	35.2
A_NS	227	1704	A	0	0	1704	36.6
A_NS	228	1635	C	0	0	1635	34.5
A_NS	229	1697	C	0	0	1697	37.8
A_NS	230	1590	T	0	0	1590	35.4
A_NS	231	1798	C	0	0	1798	35.6
A_NS	232	1591	A	0	0	1591	34.5
A_NS	233	1829	A	0	0	1829	35.7
A_NS	234	1659	A	0	0	1659	36.5
A_NS	235	1669	A	0	0	1669	34.4
A_NS	236	1477	T	0	0	1477	34.7
A_NS	237	1755	T	0	0	1755	35.7
A_NS	238	1716	G	0	0	1716	37.9
A_NS	239	1585	C	0	0	1585	34.4
A_NS	240	1669	A	0	0	1669	36.2
A_NS	241	1885	A	0	0	1885	35.4
A_NS	242	1498	T	0	0	1498	37.1
A_NS	243	1686	T	0	0	1686	36.1
A_NS	244	1826	G	0	0	1826	34.3
A_NS	245	1750	C	0	0	1750	35.7
A_NS	246	1717	G	0	0	1717	34.5
A_NS	247	1665	T	0	0	1665	36.1
A_NS	248	1637	C	0	0	1637	34.5
A_NS	249	1726	C	0	0	1726	36.2
A_NS	250	1705	A	0	0	1705	34.8
A_NS	251	1817	G	0	0	1817	36.0
A_NS	252	1613	C	0	0	1613	37.6
A_NS	253	1786	C	0	0	1786	36.0
A_NS	254	1725	C	0	0	1725	35.1
A_NS	255	1796	T	0	0	1796	37.0
A_NS	256	1775	G	0	0	1775	36.2
A_NS	257	1794	T	0	0	1794	35.8
A_NS	258	1880	T	0	0	1880	36.6
A_NS	259	1750	C	0	0	1750	36.3
A_NS	260	1740	C	0	0	1740	34.2
A_NS	261	1926	T	0	0	1926	34.0
A_NS	262	1647	C	0	0	1647	37.1
A_NS	263	1850	G	0	0	1850	37.8
A_NS	264	1833	G	0	0	1833	36.1
A_NS	265	1723	T	0	0	1723	35.7
A_NS	266	1956	A	0	0	1956	35.4
A_NS	267	1543	C	0	0	1543	36.3
A_NS	268	1686	A	0	0	1686	34.4
A_NS	269	1713	T	0	0	1713	37.0
A_NS	270	1904	C	0	0	1904	34.9
A_NS	271	1806	A	0	0	1806	35.1
A_NS	272	1849	C	0	0	1849	36.6
A_NS	273	1676	T	0	0	1676	36.6
A_NS	274	1963	G	0	0	1963	37.7
A_NS	275	1706	A	0	0	1706	37.7
A_NS	276	1657	T	0	0	1657	34.6
A_NS	277	1922	A	0	0	1922	35.1
A_NS	278	1583	T	0	0	1583	38.0
A_NS	279	1695	G	0	0	1695	37.0
A_NS	280	1703	A	0	0	1703	36.8
A_NS	281	1693	G	0	0	1693	38.0
A_NS	282	1711	C	0	0	1711	37.1
A_NS	283	1840	A	0	0	1840	36.6
A_NS	284	1711	T	0	0	1711	34.1
A_NS	285	1697	A	0	0	1697	36.4
A_NS	286	1537	G	0	0	1537	35.3
A_NS	287	1700	A	0	0	1700	37.1
A_NS	288	1670	G	0	0	1670	34.3
A_NS	289	1567	G	0	0	1567	37.1
A_NS	290	1618	A	0	0	1618	37.6
A_NS	291	1547	A	0	0	1547	37.7
A_NS	292	1696	A	0	0	1696	35.5
A_NS	293	1692	T	0	0	1692	34.5
A_NS	294	1555	A	0	0	1555	37.2
A_NS	295	1714	A	0	0	1714	34.2
A_NS	296	1551	G	0	0	1551	35.0
A_NS	297	1509	C	0	0	1509	34.8
A_NS	298	1494	A	0	0	1494	35.6
A_NS	299	1449	G	0	0	1449	34.1
A_NS	300	1539	G	0	0	1539	34.2
A_NS	301	1507	G	0	0	1507	36.6
A_NS	302	1470	A	0	0	1470	35.1
A_NS	303	1588	G	0	0	1588	37.6
A_NS	304	1421	T	0	0	1421	35.6
A_NS	305	1325	G	0	0	1325	34.2
A_NS	306	1443	G	0	0	1443	36.7
A_NS	307	1386	T	0	0	1386	35.4
A_NS	308	1357	A	0	0	1357	35.9
A_NS	309	1502	C	0	0	1502	36.4
A_NS	310	1421	A	0	0	1421	35.6
A_NS	311	1450	T	0	0	1450	35.0
A_NS	312	1424	G	0	0	1424	37.1
A_NS	313	1387	C	0	0	1387	37.2
A_NS	314	1245	T	0	0	1245	37.2
A_NS	315	1284	C	0	0	1284	35.7
A_NS	316	1339	A	0	0	1339	35.5
A_NS	317	1242	T	0	0	1242	37.0
A_NS	318	1334	G	0	0	1334	37.9
A_NS	319	1234	C	0	0	1234	35.9
A_NS	320	1239	C	0	0	1239	37.8
A_NS	321	1280	A	0	0	1280	37.1
A_NS	322	1365	A	0	0	1365	37.5
A_NS	323	1352	G	0	0	1352	36.4
A_NS	324	1126	G	0	0	1126	34.3
A_NS	325	1236	C	0	0	1236	35.7
A_NS	326	1168	A	0	0	1168	36.9
A_NS	327	1320	G	0	0	1320	37.6
A_NS	328	1220	A	0	0	1220	36.0
A_NS	329	1260	A	0	0	1260	36.8
A_NS	330	1186	A	0	0	1186	34.7
A_NS	331	1220	A	0	0	1220	35.3
A_NS	332	1158	T	0	0	1158	35.2
A_NS	333	1319	A	0	0	1319	36.2
A_NS	334	1272	A	0	0	1272	37.9
A_NS	335	1192	C	0	0	1192	34.3
A_NS	336	1242	A	0	0	1242	34.4
A_NS	337	1093	G	0	0	1093	35.8
A_NS	338	1208	G	0	0	1208	37.2
A_NS	339	1235	G	0	0	1235	35.2
A_NS	340	1240	G	0	0	1240	37.5
A_NS	341	1297	G	0	0	1297	36.3
A_NS	342	1390	T	0	0	1390	37.2
A_NS	343	1256	C	0	0	1256	34.0
A_NS	344	1242	T	0	0	1242	37.7
A_NS	345	1200	G	0	0	1200	37.6
A_NS	346	1295	A	0	0	1295	34.6
A_NS	347	1403	T	0	0	1403	34.3
A_NS	348	1344	G	0	0	1344	36.4
A_NS	349	1285	G	0	0	1285	36.8
A_NS	350	1342	T	0	0	1342	34.2
A_NS	351	1400	G	0	0	1400	35.5
A_NS	352	1382	A	0	0	1382	35.9
A_NS	353	1439	A	0	0	1439	37.1
A_NS	354	1385	A	0	0	1385	36.4
A_NS	355	1367	A	0	0	1367	35.1
A_NS	356	1416	T	0	0	1416	35.6
A_NS	357	1551	G	0	0	1551	35.5
A_NS	358	1593	G	0	0	1593	35.4
A_NS	359	1523	A	0	0	1523	34.6
A_NS	360	1690	T	0	0	1690	35.5
A_NS	361	1497	C	0	0	1497	34.1
A_NS	362	1440	A	0	0	1440	35.7
A_NS	363	1681	G	0	0	1681	34.5
A_NS	364	1617	G	0	0	1617	34.6
A_NS	365	1860	C	0	0	1860	34.9
A_NS	366	1578	C	0	0	1578	34.4
A_NS	367	1675	A	0	0	1675	35.7
A_NS	368	1651	T	0	0	1651	35.3
A_NS	369	1600	C	0	0	1600	34.3
A_NS	370	1726	A	0	0	1726	37.0
A_NS	371	1879	T	0	0	1879	36.2
A_NS	372	1919	G	0	0	1919	36.1
A_NS	373	1708	G	0	0	1708	36.6
A_NS	374	1961	A	0	0	1961	37.7
A_NS	375	1808	C	0	0	1808	36.6
A_NS	376	1774	A	0	0	1774	34.3
A_NS	377	1930	A	0	0	1930	36.2
A_NS	378	1811	G	0	0	1811	34.1
A_NS	379	2009	A	0	0	2009	37.4
A_NS	380	2085	G	0	0	2085	35.3
A_NS	381	2005	G	0	0	2005	36.5
A_NS	382	2000	A	0	0	2000	37.3
A_NS	383	2111	T	0	0	2111	35.8
A_NS	384	2136	A	0	0	2136	35.7
A_NS	385	1997	A	0	0	1997	34.3
A_NS	386	2011	T	0	0	2011	36.7
A_NS	387	1797	A	0	0	1797	35.9
A_NS	388	1966	C	0	0	1966	34.2
A_NS	389	2178	T	0	0	2178	34.9
A_NS	390	1864	C	0	0	1864	36.5
A_NS	391	2346	A	0	0	2346	35.3
A_NS	392	2121	A	0	0	2121	34.6
A_NS	393	1971	G	0	0	1971	36.8
A_NS	394	2153	G	0	0	2153	35.3
A_NS	395	2340	C	0	0	2340	36.8
A_NS	396	2240	A	0	0	2240	37.4
A_NS	397	2055	A	0	0	2055	36.8
A_NS	398	2171	A	0	0	2171	34.4
A_NS	399	2134	C	0	0	2134	37.7
A_NS	400	2134	T	0	0	2134	34.3
A_NS	401	2463	T	0	0	2463	35.4
A_NS	402	2091	C	0	0	2091	37.7
A_NS	403	2040	T	0	0	2040	35.7
A_NS	404	2228	C	0	0	2228	37.9
A_NS	405	2193	T	0	0	2193	37.4
A_NS	406	2516	G	0	0	2516	38.0
A_NS	407	2524	T	0	0	2524	35.2
A_NS	408	2369	C	0	0	2369	35.1
A_NS	409	2115	C	0	0	2115	37.4
A_NS	410	2315	T	0	0	2315	35.8
A_NS	411	2098	A	0	0	2098	34.1
A_NS	412	2098	T	0	0	2098	37.4
A_NS	413	2378	T	0	0	2378	34.7
A_NS	414	2431	T	0	0	2431	35.3
A_NS	415	2251	A	0	0	2251	35.9
A_NS	416	2102	A	0	0	2102	37.0
A_NS	417	2389	T	0	0	2389	37.6
A_NS	418	2461	C	0	0	2461	36.6
A_NS	419	2145	A	0	0	2145	37.7
A_NS	420	2334	A	0	0	2334	35.1
A_NS	421	2490	C	0	0	2490	34.6
A_NS	422	2143	T	0	0	2143	37.4
A_NS	423	2339	G	0	0	2339	36.6
A_NS	424	2167	G	0	0	2167	36.8
A_NS	425	2125	A	0	0	2125	36.4
A_NS	426	2196	A	0	0	2196	35.2
A_NS	427	2503	A	0	0	2503	36.6
A_NS	428	2098	C	0	0	2098	34.6
A_NS	429	2310	A	0	0	2310	37.1
A_NS	430	1975	T	0	0	1975	34.7
A_NS	431	2037	T	0	0	2037	35.5
A_NS	432	2253	A	0	0	2253	34.8
A_NS	433	2118	G	0	0	2118	36.5
A_NS	434	2036	T	0	0	2036	34.2
A_NS	435	2138	C	0	0	2138	35.8
A_NS	436	2106	T	0	0	2106	36.5
A_NS	437	2040	C	0	0	2040	38.0
A_NS	438	2195	A	0	0	2195	35.9
A_NS	439	2070	C	0	0	2070	34.8
A_NS	440	1983	T	0	0	1983	34.6
A_NS	441	1979	G	0	0	1979	34.0
A_NS	442	2204	A	0	0	2204	36.1
A_NS	443	1890	G	0	0	1890	36.4
A_NS	444	1920	G	0	0	1920	37.6
A_NS	445	2160	G	0	0	2160	34.3
A_NS	446	2285	C	0	0	2285	36.1
A_NS	447	1921	T	0	0	1921	37.6
A_NS	448	2065	T	0	0	2065	35.6
A_NS	449	2120	T	0	0	2120	37.5
A_NS	450	1892	C	0	0	1892	37.4
A_NS	451	1921	A	0	0	1921	37.8
A_NS	452	1738	C	0	0	1738	36.0
A_NS	453	2008	A	0	0	2008	37.6
A_NS	454	1941	G	0	0	1941	37.8
A_NS	455	2200	A	0	0	2200	35.6
A_NS	456	1946	A	0	0	1946	35.9
A_NS	457	2062	G	0	0	2062	37.1
A_NS	458	1918	A	0	0	1918	36.3
A_NS	459	1717	T	0	0	1717	35.9
A_NS	460	1747	G	0	0	1747	36.3
A_NS	461	1777	G	0	0	1777	36.5
A_NS	462	1733	C	0	0	1733	36.2
A_NS	463	1698	G	0	0	1698	35.7
A_NS	464	1882	C	0	0	1882	35.5
A_NS	465	1954	C	0	0	1954	37.2
A_NS	466	2120	A	0	0	2120	37.8
A_NS	467	1870	T	0	0	1870	35.4
A_NS	468	1948	T	0	0	1948	37.0
A_NS	469	1976	G	0	0	1976	35.3
A_NS	470	1906	T	0	0	1906	34.6
A_NS	471	1965	G	0	0	1965	35.4
A_NS	472	1916	G	0	0	1916	34.4
A_NS	473	1969	C	0	0	1969	36.1
A_NS	474	1938	T	0	0	1938	35.1
A_NS	475	2206	G	0	0	2206	36.5
A_NS	476	2006	A	0	0	2006	36.3
A_NS	477	1872	A	0	0	1872	34.6
A_NS	478	2048	A	0	0	2048	36.1
A_NS	479	2167	T	0	0	2167	37.4
A_NS	480	1949	A	0	0	1949	37.4
A_NS	481	1941	T	0	0	1941	35.9
A_NS	482	1890	C	0	0	1890	36.0
A_NS	483	2001	T	0	0	2001	35.2
A_NS	484	2069	C	0	0	2069	36.7
A_NS	485	2048	C	0	0	2048	35.3
A_NS	486	2029	T	0	0	2029	35.1
A_NS	487	2253	A	0	0	2253	34.9
A_NS	488	1912	T	0	0	1912	34.4
A_NS	489	1981	T	0	0	1981	37.0
A_NS	490	2311	C	0	0	2311	36.1
A_NS	491	2130	C	0	0	2130	37.2
A_NS	492	2122	T	0	0	2122	37.5
A_NS	493	2067	T	0	0	2067	36.3
A_NS	494	1976	C	0	0	1976	35.2
A_NS	495	2075	C	0	0	2075	36.4
A_NS	496	2222	A	0	0	2222	34.2
A_NS	497	1892	T	0	0	1892	37.5
A_NS	498	1938	G	0	0	1938	37.7
A_NS	499	1933	C	0	0	1933	36.8
A_NS	500	1915	C	0	0	1915	37.5
A_NS	501	2295	A	0	0	2295	36.7
A_NS	502	2270	G	0	0	2270	34.9
A_NS	503	2547	G	0	0	2547	34.6
A_NS	504	2129	A	0	0	2129	37.7
A_NS	505	2209	C	0	0	2209	34.6
A_NS	506	2194	A	0	0	2194	35.3
A_NS	507	2178	T	0	0	2178	34.4
A_NS	508	2025	T	0	0	2025	36.4
A_NS	509	2289	C	0	0	2289	37.7
A_NS	510	2169	T	0	0	2169	37.5
A_NS	511	1928	A	0	0	1928	37.9
A_NS	512	2127	C	0	0	2127	34.1
A_NS	513	2185	A	0	0	2185	37.0
A_NS	514	2071	G	0	0	2071	35.4
A_NS	515	2072	A	0	0	2072	35.5
A_NS	516	1969	G	0	0	1969	35.9
A_NS	517	2111	G	0	0	2111	36.8
A_NS	518	2112	A	0	0	2112	35.7
A_NS	519	1982	T	0	0	1982	35.5
A_NS	520	1936	G	0	0	1936	36.9
A_NS	521	1959	T	0	0	1959	35.6
A_NS	522	1837	C	0	0	1837	37.9
A_NS	523	1978	A	0	0	1978	35.5
A_NS	524	1912	A	0	0	1912	37.2
A_NS	525	2273	A	0	0	2273	35.8
A_NS	526	1913	A	0	0	1913	35.1
A_NS	527	2051	A	0	0	2051	34.9
A_NS	528	1820	T	0	0	1820	35.8
A_NS	529	2038	G	0	0	2038	38.0
A_NS	530	1903	C	0	0	1903	35.9
A_NS	531	1759	A	0	0	1759	35.3
A_NS	532	2000	A	0	0	2000	34.0
A_NS	533	1863	T	0	0	1863	34.7
A_NS	534	1651	T	0	0	1651	36.7
A_NS	535	1827	G	0	0	1827	34.8
A_NS	536	1641	G	0	0	1641	34.9
A_NS	537	1883	A	0	0	1883	37.7
A_NS	538	1714	A	0	0	1714	35.0
A_NS	539	1803	T	0	0	1803	37.8
A_NS	540	1802	C	0	0	1802	35.0
A_NS	541	1701	C	0	0	1701	34.9
A_NS	542	1647	T	0	0	1647	34.5
A_NS	543	1876	C	0	0	1876	34.7
A_NS	544	1755	A	0	0	1755	34.4
A_NS	545	1548	T	0	0	1548	35.1
A_NS	546	1664	C	0	0	1664	35.8
A_NS	547	1751	G	0	0	1751	37.8
A_NS	548	1717	G	0	0	1717	34.9
A_NS	549	1396	T	0	0	1396	35.8
A_NS	550	1421	G	0	0	1421	35.2
A_NS	551	1380	G	0	0	1380	35.3
A_NS	552	1545	A	0	0	1545	37.9
A_NS	553	1460	C	0	0	1460	36.6
A_NS	554	1436	T	0	0	1436	34.2
A_NS	555	1504	T	0	0	1504	36.4
A_NS	556	1490	G	0	0	1490	36.3
A_NS	557	1483	A	0	0	1483	36.6
A_NS	558	1265	A	0	0	1265	37.6
A_NS	559	1298	T	0	0	1298	34.4
A_NS	560	1384	G	0	0	1384	35.8
A_NS	561	1318	G	0	0	1318	37.0
A_NS	562	1307	A	0	0	1307	35.8
A_NS	563	1194	A	0	0	1194	34.4
A_NS	564	1128	T	0	0	1128	37.4
A_NS	565	1341	G	0	0	1341	34.8
A_NS	566	1253	A	0	0	1253	36.2
A_NS	567	1227	T	0	0	1227	34.0
A_NS	568	1227	A	0	0	1227	36.0
A_NS	569	1177	A	0	0	1177	36.5
A_NS	570	1197	C	0	0	1197	36.2
A_NS	571	1173	T	0	0	1173	36.3
A_NS	572	1110	C	0	0	1110	37.8
A_NS	573	1288	A	0	0	1288	37.3
A_NS	574	1228	A	0	0	1228	38.0
A_NS	575	1209	T	0	0	1209	34.5
A_NS	576	1072	T	0	0	1072	36.9
A_NS	577	1191	C	0	0	1191	35.4
A_NS	578	1193	G	0	0	1193	35.1
A_NS	579	1217	A	0	0	1217	37.9
A_NS	580	1100	G	0	0	1100	34.6
A_NS	581	1145	C	0	0	1145	34.2
A_NS	582	1086	G	0	0	1086	34.8
A_NS	583	1211	T	0	0	1211	37.0
A_NS	584	1108	C	0	0	1108	34.1
A_NS	585	1187	T	0	0	1187	37.7
A_NS	586	1210	G	0	0	1210	34.6
A_NS	587	1158	A	0	0	1158	34.3
A_NS	588	1100	A	0	0	1100	35.7
A_NS	589	1031	A	0	0	1031	35.1
A_NS	590	1327	A	0	0	1327	36.5
A_NS	591	1260	T	0	0	1260	37.4
A_NS	592	1159	A	0	0	1159	37.3
A_NS	593	1154	T	0	0	1154	37.1
A_NS	594	1179	A	0	0	1179	36.6
A_NS	595	1242	C	0	0	1242	35.1
A_NS	596	1284	A	0	0	1284	35.2
A_NS	597	1403	G	0	0	1403	37.1
A_NS	598	1327	A	0	0	1327	37.4
A_NS	599	1248	G	0	0	1248	35.4
A_NS	600	1255	A	0	0	1255	34.0
A_NS	601	1451	T	0	0	1451	36.5
A_NS	602	1281	T	0	0	1281	37.6
A_NS	603	1262	C	0	0	1262	35.5
A_NS	604	1540	G	0	0	1540	35.9
A_NS	605	1392	C	0	0	1392	35.9
A_NS	606	1530	T	0	0	1530	36.2
A_NS	607	1444	T	0	0	1444	36.0
A_NS	608	1634	G	0	0	1634	37.4
A_NS	609	1477	G	0	0	1477	34.6
A_NS	610	1551	G	0	0	1551	34.5
A_NS	611	1549	G	0	0	1549	36.3
A_NS	612	1521	A	0	0	1521	35.2
A_NS	613	1684	G	0	0	1684	34.7
A_NS	614	1518	T	0	0	1518	35.0
A_NS	615	1460	C	0	0	1460	35.1
A_NS	616	1539	C	0	0	1539	35.6
A_NS	617	1561	G	0	0	1561	35.5
A_NS	618	1704	T	0	0	1704	37.7
A_NS	619	1523	G	0	0	1523	36.4
A_NS	620	1618	A	0	0	1618	35.9
A_NS	621	1663	T	0	0	1663	35.9
A_NS	622	1636	G	0	0	1636	37.7
A_NS	623	1752	A	0	0	1752	37.2
A_NS	624	1606	G	0	0	1606	36.4
A_NS	625	1987	A	0	0	1987	35.7
A_NS	626	1650	A	0	0	1650	37.2
A_NS	627	1768	T	0	0	1768	36.7
A_NS	628	1694	G	0	0	1694	34.1
A_NS	629	1867	G	0	0	1867	36.9
A_NS	630	1697	G	0	0	1697	35.6
A_NS	631	1812	G	0	0	1812	36.7
A_NS	632	1974	G	0	0	1974	34.2
A_NS	633	1847	A	0	0	1847	36.0
A_NS	634	1742	C	0	0	1742	37.5
A_NS	635	1838	C	0	0	1838	34.2
A_NS	636	1865	T	0	0	1865	37.7
A_NS	637	1730	C	0	0	1730	35.2
A_NS	638	1896	C	0	0	1896	34.5
A_NS	639	1939	A	0	0	1939	34.7
A_NS	640	1888	C	0	0	1888	37.8
A_NS	641	1785	T	0	0	1785	35.8
A_NS	642	1809	C	0	0	1809	36.6
A_NS	643	2039	C	0	0	2039	34.7
A_NS	644	1838	C	0	0	1838	35.4
A_NS	645	1792	T	0	0	1792	37.2
A_NS	646	1971	C	0	0	1971	35.0
A_NS	647	2003	C	0	0	2003	36.2
A_NS	648	1878	A	0	0	1878	35.3
A_NS	649	1935	A	0	0	1935	37.7
A_NS	650	1691	A	0	0	1691	37.9
A_NS	651	1926	G	0	0	1926	37.7
A_NS	652	1986	C	0	0	1986	35.0
A_NS	653	1939	A	0	0	1939	34.4
A_NS	654	1848	G	0	0	1848	35.6
A_NS	655	1817	A	0	0	1817	34.7
A_NS	656	1699	A	0	0	1699	36.1
A_NS	657	2000	A	0	0	2000	34.6
A_NS	658	1974	C	0	0	1974	37.1
A_NS	659	1852	G	0	0	1852	34.9
A_NS	660	1851	C	0	0	1851	35.8
A_NS	661	1861	T	0	0	1861	35.9
A_NS	662	1995	A	0	0	1995	37.7
A_NS	663	1750	C	0	0	1750	36.2
A_NS	664	1966	A	0	0	1966	36.2
A_NS	665	1845	T	0	0	1845	34.7
A_NS	666	1812	G	0	0	1812	35.1
A_NS	667	2020	G	0	0	2020	37.9
A_NS	668	1936	C	0	0	1936	36.1
A_NS	669	1789	G	0	0	1789	36.8
A_NS	670	1814	A	0	0	1814	37.7
A_NS	671	1787	G	0	0	1787	34.8
A_NS	672	2046	A	0	0	2046	35.4
A_NS	673	1896	A	0	0	1896	35.5
A_NS	674	1687	G	0	0	1687	35.3
A_NS	675	1686	A	0	0	1686	34.8
A_NS	676	1761	G	0	0	1761	36.6
A_NS	677	1929	T	0	0	1929	35.8
A_NS	678	1730	T	0	0	1730	37.2
A_NS	679	1771	G	0	0	1771	35.6
A_NS	680	1818	A	0	0	1818	36.9
A_NS	681	1816	G	0	0	1816	36.7
A_NS	682	1805	T	0	0	1805	36.4
A_NS	683	1802	C	0	0	1802	35.3
A_NS	684	1877	A	0	0	1877	37.1
A_NS	685	1918	G	0	0	1918	36.2
A_NS	686	1845	A	0	0	1845	34.1
A_NS	687	1991	A	0	0	1991	35.6
A_NS	688	1991	G	0	0	1991	37.0
A_NS	689	1949	T	0	0	1949	35.9
A_NS	690	1913	T	0	0	1913	37.3
A_NS	691	1946	T	0	0	1946	36.5
A_NS	692	1827	G	0	0	1827	35.2
A_NS	693	1738	A	0	0	1738	35.0
A_NS	694	1905	A	0	0	1905	34.2
A_NS	695	1827	G	0	0	1827	34.8
A_NS	696	2016	A	0	0	2016	35.7
A_NS	697	1728	G	0	0	1728	35.7
A_NS	698	2144	A	0	0	2144	37.7
A_NS	699	1949	T	0	0	1949	37.5
A_NS	700	1874	C	0	0	1874	34.5
A_NS	701	1838	A	0	0	1838	37.1
A_NS	702	1723	G	0	0	1723	37.1
A_NS	703	1876	A	0	0	1876	34.8
A_NS	704	1995	T	0	0	1995	36.9
A_NS	705	1905	G	0	0	1905	34.3
A_NS	706	1951	G	0	0	1951	34.9
A_NS	707	2079	C	0	0	2079	35.2
A_NS	708	2011	T	0	0	2011	34.7
A_NS	709	1961	A	0	0	1961	37.5
A_NS	710	1936	A	0	0	1936	36.9
A_NS	711	1972	T	0	0	1972	36.6
A_NS	712	1909	T	0	0	1909	34.3
A_NS	713	2084	G	0	0	2084	35.6
A_NS	714	1958	C	0	0	1958	35.6
A_NS	715	1895	A	0	0	1895	34.6
A_NS	716	1834	G	0	0	1834	35.3
A_NS	717	2093	A	0	0	2093	37.1
A_NS	718	2069	G	0	0	2069	34.0
A_NS	719	1975	T	0	0	1975	37.5
A_NS	720	2213	G	0	0	2213	34.8
A_NS	721	2252	C	0	0	2252	35.5
A_NS	722	2023	A	0	0	2023	36.0
A_NS	723	1986	G	0	0	1986	35.4
A_NS	724	2261	A	0	0	2261	37.6
A_NS	725	2122	A	0	0	2122	34.3
A_NS	726	2000	A	0	0	2000	34.2
A_NS	727	2224	C	0	0	2224	34.4
A_NS	728	2276	A	0	0	2276	37.2
A_NS	729	2419	T	0	0	2419	35.5
A_NS	730	2275	A	0	0	2275	34.6
A_NS	731	2509	T	0	0	2509	36.5
A_NS	732	2288	T	0	0	2288	36.6
A_NS	733	2420	A	0	0	2420	35.9
A_NS	734	2493	A	0	0	2493	35.8
A_NS	735	2560	C	0	0	2560	35.2
A_NS	736	2324	C	0	0	2324	36.8
A_NS	737	2305	A	0	0	2305	36.3
A_NS	738	2348	A	0	0	2348	36.3
A_NS	739	2356	A	0	0	2356	36.7
A_NS	740	2595	A	0	0	2595	37.4
A_NS	741	2465	C	0	0	2465	34.5
A_NS	742	2423	T	0	0	2423	36.8
A_NS	743	2616	G	0	0	2616	35.5
A_NS	744	2434	A	0	0	2434	35.3
A_NS	745	1989	G	0	0	1989	35.5
A_NS	746	2221	A	0	0	2221	35.2
A_NS	747	2466	A	0	0	2466	36.7
A_NS	748	2580	C	0	0	2580	35.1
A_NS	749	2462	A	0	0	2462	37.9
A_NS	750	2347	G	0	0	2347	37.5
A_NS	751	2295	C	0	0	2295	35.2
A_NS	752	2264	T	0	0	2264	34.5
A_NS	753	2305	T	0	0	2305	36.1
A_NS	754	2183	C	0	0	2183	37.0
A_NS	755	2352	G	0	0	2352	34.3
A_NS	756	2350	A	0	0	2350	36.3
A_NS	757	2072	G	0	0	2072	34.5
A_NS	758	2315	C	0	0	2315	37.3
A_NS	759	2346	A	0	0	2346	34.7
A_NS	760	2286	G	0	0	2286	35.2
A_NS	761	2290	A	0	0	2290	34.1
A_NS	762	2305	T	0	0	2305	35.5
A_NS	763	2217	A	0	0	2217	37.1
A_NS	764	2526	A	0	0	2526	35.8
A_NS	765	2293	C	0	0	2293	34.5
A_NS	766	2235	G	0	0	2235	37.6
A_NS	767	2344	T	0	0	2344	37.2
A_NS	768	2486	T	0	0	2486	36.6
A_NS	769	2405	C	0	0	2405	36.7
A_NS	770	2190	T	0	0	2190	35.3
A_NS	771	2275	T	0	0	2275	34.5
A_NS	772	2193	G	0	0	2193	35.1
A_NS	773	2103	C	0	0	2103	37.7
A_NS	774	2198	A	0	0	2198	35.8
A_NS	775	2128	G	0	0	2128	36.7
A_NS	776	2126	G	0	0	2126	37.9
A_NS	777	2015	C	0	0	2015	36.4
A_NS	778	2232	A	0	0	2232	34.2
A_NS	779	2138	T	0	0	2138	34.3
A_NS	780	1959	T	0	0	1959	35.9
A_NS	781	2058	G	0	0	2058	34.7
A_NS	782	1924	C	0	0	1924	36.2
A_NS	783	2125	A	0	0	2125	34.3
A_NS	784	2121	A	0	0	2121	35.5
A_NS	785	1840	C	0	0	1840	36.9
A_NS	786	1837	T	0	0	1837	35.2
A_NS	787	1908	T	0	0	1908	37.9
A_NS	788	1762	T	0	0	1762	34.7
A_NS	789	1924	T	0	0	1924	35.8
A_NS	790	1686	A	0	0	1686	34.6
A_NS	791	1569	C	0	0	1569	35.5
A_NS	792	1664	T	0	0	1664	37.2
A_NS	793	1639	T	0	0	1639	34.4
A_NS	794	1474	G	0	0	1474	37.0
A_NS	795	1381	A	0	0	1381	36.2
A_NS	796	1442	G	0	0	1442	37.2
A_NS	797	1368	G	0	0	1368	36.7
A_NS	798	1388	T	0	0	1388	34.2
A_NS	799	1339	T	0	0	1339	34.7
A_NS	800	1137	G	0	0	1137	36.8
A_NS	801	1151	A	0	0	1151	37.6
A_NS	802	1162	G	0	0	1162	37.3
A_NS	803	1152	A	0	0	1152	36.8
A_NS	804	1075	G	0	0	1075	34.7
A_NS	805	1033	T	0	0	1033	35.4
A_NS	806	963	G	0	0	963	36.3
A_NS	807	937	A	0	0	937	37.5
A_NS	808	930	G	0	0	930	34.2
A_NS	809	744	A	0	0	744	36.0
A_NS	810	706	T	0	0	706	34.1
A_NS	811	760	A	0	0	760	37.7
A_NS	812	703	A	0	0	703	34.8
A_NS	813	667	G	0	0	667	36.8
A_NS	814	678	G	0	0	678	34.8
A_NS	815	642	A	0	0	642	36.2
A_NS	816	563	C	0	0	563	34.3
A_NS	817	541	A	0	0	541	36.3
A_NS	818	532	T	0	0	532	37.2
A_NS	819	508	T	0	0	508	35.2
A_NS	820	556	T	0	0	556	34.2
A_NS	821	419	T	0	0	419	36.6
A_NS	822	449	C	0	0	449	35.6
A_NS	823	455	T	0	0	455	36.1
A_NS	824	393	T	0	0	393	35.4
A_NS	825	357	T	0	0	357	36.1
A_NS	826	325	T	0	0	325	35.5
A_NS	827	288	C	0	0	288	35.3
A_NS	828	250	A	0	0	250	37.5
A_NS	829	238	G	0	0	238	37.0
A_NS	830	200	C	0	0	200	37.2
A_NS	831	208	T	0	0	208	35.1
A_NS	832	160	T	0	0	160	35.9
A_NS	833	124	A	0	0	124	34.7
A_NS	834	105	T	0	0	105	36.0
A_NS	835	82	T	0	0	82	34.1
A_NS	836	57	T	0	0	57	37.3
A_NS	837	26	A	0	0	26	36.4
A_NS	838	0	G	0	0	0	35.1
