Reference_Name	Position	Coverage Depth	Consensus	Deletions	Ambiguous	Consensus_Count	Consensus_Average_Quality
A_PA	1	14	A	0	0	14	36.2
A_PA	2	32	T	0	0	32	37.6
A_PA	3	47	G	0	0	47	35.5
A_PA	4	63	G	0	0	63	34.5
A_PA	5	76	A	0	0	76	37.6
A_PA	6	94	A	0	0	94	35.9
A_PA	7	109	G	0	0	109	35.0
A_PA	8	126	A	0	0	126	37.1
A_PA	9	138	C	0	0	138	37.9
A_PA	10	149	T	0	0	149	36.0
A_PA	11	162	T	0	0	162	36.6
A_PA	12	181	T	0	0	181	38.0
A_PA	13	197	G	0	0	197	37.5
A_PA	14	234	T	0	0	234	34.6
A_PA	15	241	G	0	0	241	36.6
A_PA	16	257	C	0	0	257	34.2
A_PA	17	265	G	0	0	265	36.7
A_PA	18	252	A	0	0	252	37.1
A_PA	19	300	C	0	0	300	34.8
A_PA	20	347	A	0	0	347	34.1
A_PA	21	309	A	0	0	309	36.6
A_PA	22	336	T	0	0	336	34.4
A_PA	23	376	G	0	0	376	34.2
A_PA	24	373	C	0	0	373	34.9
A_PA	25	363	T	0	0	363	34.6
A_PA	26	414	T	0	0	414	35.2
A_PA	27	410	C	0	0	410	34.8
A_PA	28	465	A	0	0	465	34.8
A_PA	29	525	A	0	0	525	35.6
A_PA	30	495	T	0	0	495	34.4
A_PA	31	530	C	0	0	530	36.9
A_PA	32	573	C	0	0	573	37.8
A_PA	33	565	A	0	0	565	37.8
A_PA	34	646	A	0	0	646	35.2
A_PA	35	578	T	0	0	578	35.6
A_PA	36	616	G	0	0	616	36.6
A_PA	37	607	A	0	0	607	37.2
A_PA	38	708	T	0	0	708	35.3
A_PA	39	606	T	0	0	606	34.8
A_PA	40	758	G	0	0	758	37.3
A_PA	41	765	T	0	0	765	34.7
A_PA	42	820	C	0	0	820	35.3
A_PA	43	727	G	0	0	727	35.4
A_PA	44	883	A	0	0	883	36.9
A_PA	45	832	G	0	0	832	35.8
A_PA	46	849	C	0	0	849	37.7
A_PA	47	803	T	0	0	803	37.6
A_PA	48	895	T	0	0	895	36.6
A_PA	49	973	G	0	0	973	35.0
A_PA	50	905	C	0	0	905	35.8
A_PA	51	927	G	0	0	927	37.4
A_PA	52	971	G	0	0	971	36.3
A_PA	53	897	A	0	0	897	35.5
A_PA	54	925	A	0	0	925	36.2
A_PA	55	988	A	0	0	988	36.9
A_PA	56	1149	A	0	0	1149	36.0
A_PA	57	1094	A	0	0	1094	37.9
A_PA	58	1012	G	0	0	1012	34.4
A_PA	59	1144	C	0	0	1144	34.5
A_PA	60	1119	A	0	0	1119	34.3
A_PA	61	1099	A	0	0	1099	37.4
A_PA	62	1231	T	0	0	1231	36.9
A_PA	63	1127	G	0	0	1127	37.8
A_PA	64	1166	A	0	0	1166	36.2
A_PA	65	1096	A	0	0	1096	36.7
A_PA	66	1285	A	0	0	1285	37.9
A_PA	67	1274	G	0	0	1274	35.5
A_PA	68	1233	A	0	0	1233	35.4
A_PA	69	1413	A	0	0	1413	36.0
A_PA	70	1443	T	0	0	1443	37.4
A_PA	71	1399	A	0	0	1399	34.3
A_PA	72	1406	T	0	0	1406	36.9
A_PA	73	1322	G	0	0	1322	36.5
A_PA	74	1439	G	0	0	1439	37.3
A_PA	75	1420	G	0	0	1420	36.4
A_PA	76	1576	G	0	0	1576	36.9
A_PA	77	1573	A	0	0	1573	37.2
A_PA	78	1637	A	0	0	1637	36.4
A_PA	79	1670	G	0	0	1670	35.6
A_PA	80	1499	A	0	0	1499	36.6
A_PA	81	1666	T	0	0	1666	34.6
A_PA	82	1572	C	0	0	1572	34.6
A_PA	83	1532	C	0	0	1532	37.0
A_PA	84	1742	G	0	0	1742	36.4
A_PA	85	1791	A	0	0	1791	34.1
A_PA	86	1850	A	0	0	1850	34.1
A_PA	87	1753	A	0	0	1753	37.7
A_PA	88	1940	A	0	0	1940	35.7
A_PA	89	1816	T	0	0	1816	35.9
A_PA	90	1817	C	0	0	1817	34.6
A_PA	91	1931	G	0	0	1931	34.3
A_PA	92	1930	A	0	0	1930	34.6
A_PA	93	1884	G	0	0	1884	36.6
A_PA	94	1879	A	0	0	1879	37.6
A_PA	95	1782	C	0	0	1782	35.5
A_PA	96	2023	A	0	0	2023	34.2
A_PA	97	1950	A	0	0	1950	35.9
A_PA	98	2159	A	0	0	2159	36.0
A_PA	99	2209	C	0	0	2209	36.6
A_PA	100	1999	A	0	0	1999	34.2
A_PA	101	2223	A	0	0	2223	34.3
A_PA	102	2141	A	0	0	2141	36.9
A_PA	103	2259	T	0	0	2259	36.0
A_PA	104	2197	T	0	0	2197	36.8
A_PA	105	2472	T	0	0	2472	37.6
A_PA	106	2261	G	0	0	2261	34.2
A_PA	107	2543	C	0	0	2543	35.4
A_PA	108	2124	C	0	0	2124	36.3
A_PA	109	2158	G	0	0	2158	35.7
A_PA	110	2439	C	0	0	2439	36.9
A_PA	111	2243	A	0	0	2243	34.7
A_PA	112	2300	A	0	0	2300	36.9
A_PA	113	2622	T	0	0	2622	34.1
A_PA	114	2492	A	0	0	2492	37.1
A_PA	115	2497	T	0	0	2497	37.2
A_PA	116	3060	G	0	0	3060	35.9
A_PA	117	2512	C	0	0	2512	37.8
A_PA	118	2450	A	0	0	2450	37.7
A_PA	119	2819	C	0	0	2819	36.9
A_PA	120	2521	A	0	0	2521	36.6
A_PA	121	2557	C	0	0	2557	37.4
A_PA	122	2935	A	0	0	2935	35.7
A_PA	123	2912	C	0	0	2912	34.8
A_PA	124	2767	T	0	0	2767	34.3
A_PA	125	2745	T	0	0	2745	36.2
A_PA	126	2797	A	0	0	2797	34.5
A_PA	127	2735	G	0	0	2735	35.2
A_PA	128	2941	A	0	0	2941	37.2
A_PA	129	2659	A	0	0	2659	37.1
A_PA	130	3120	G	0	0	3120	34.9
A_PA	131	2918	T	0	0	2918	34.5
A_PA	132	2730	C	0	0	2730	34.6
A_PA	133	2675	T	0	0	2675	35.6
A_PA	134	2873	G	0	0	2873	37.0
A_PA	135	2938	T	0	0	2938	34.5
A_PA	136	2839	T	0	0	2839	34.9
A_PA	137	2790	T	0	0	2790	37.6
A_PA	138	2929	C	0	0	2929	36.4
A_PA	139	2624	A	0	0	2624	34.8
A_PA	140	2650	T	0	0	2650	36.3
A_PA	141	2880	G	0	0	2880	35.4
A_PA	142	2525	T	0	0	2525	37.3
A_PA	143	2947	A	0	0	2947	37.8
A_PA	144	2898	T	0	0	2898	34.0
A_PA	145	2680	T	0	0	2680	37.4
A_PA	146	2794	C	0	0	2794	36.5
A_PA	147	2692	G	0	0	2692	37.9
A_PA	148	2992	G	0	0	2992	37.8
A_PA	149	2870	A	0	0	2870	34.5
A_PA	150	2713	T	0	0	2713	36.8
A_PA	151	3013	T	0	0	3013	37.1
A_PA	152	3068	T	0	0	3068	35.4
A_PA	153	2873	C	0	0	2873	34.6
A_PA	154	2953	C	0	0	2953	35.5
A_PA	155	2866	A	0	0	2866	37.3
A_PA	156	2793	T	0	0	2793	34.9
A_PA	157	2799	T	0	0	2799	37.8
A_PA	158	2742	T	0	0	2742	34.1
A_PA	159	3191	T	0	0	3191	36.4
A_PA	160	2805	A	0	0	2805	36.9
A_PA	161	3109	T	0	0	3109	36.9
A_PA	162	2769	T	0	0	2769	36.0
A_PA	163	2903	G	0	0	2903	37.7
A_PA	164	2833	A	0	0	2833	35.3
A_PA	165	2677	T	0	0	2677	36.5
A_PA	166	2831	G	0	0	2831	36.1
A_PA	167	2850	A	0	0	2850	34.1
A_PA	168	2489	A	0	0	2489	34.4
A_PA	169	2901	C	0	0	2901	37.5
A_PA	170	2963	G	0	0	2963	35.1
A_PA	171	2498	A	0	0	2498	37.9
A_PA	172	2845	G	0	0	2845	35.6
A_PA	173	2639	G	0	0	2639	34.5
A_PA	174	2721	C	0	0	2721	34.3
A_PA	175	2772	G	0	0	2772	36.2
A_PA	176	2679	A	0	0	2679	37.5
A_PA	177	2779	A	0	0	2779	34.3
A_PA	178	2631	T	0	0	2631	35.7
A_PA	179	2745	C	0	0	2745	34.8
A_PA	180	2600	A	0	0	2600	34.7
A_PA	181	2698	A	0	0	2698	36.9
A_PA	182	2715	T	0	0	2715	37.9
A_PA	183	2643	G	0	0	2643	34.5
A_PA	184	2777	A	0	0	2777	34.8
A_PA	185	2760	T	0	0	2760	37.7
A_PA	186	2606	T	0	0	2606	36.6
A_PA	187	2701	G	0	0	2701	37.4
A_PA	188	2838	T	0	0	2838	37.0
A_PA	189	3102	A	0	0	3102	36.0
A_PA	190	2866	G	0	0	2866	34.2
A_PA	191	2765	A	0	0	2765	34.3
A_PA	192	2834	A	0	0	2834	35.7
A_PA	193	2614	T	0	0	2614	37.2
A_PA	194	2677	C	0	0	2677	34.8
A_PA	195	2525	T	0	0	2525	37.1
A_PA	196	2731	G	0	0	2731	36.4
A_PA	197	2671	G	0	0	2671	36.0
A_PA	198	2566	C	0	0	2566	36.2
A_PA	199	2380	G	0	0	2380	35.6
A_PA	200	2399	A	0	0	2399	34.9
A_PA	201	2449	T	0	0	2449	35.9
A_PA	202	2480	C	0	0	2480	37.8
A_PA	203	2413	C	0	0	2413	34.1
A_PA	204	2457	A	0	0	2457	37.5
A_PA	205	2419	A	0	0	2419	37.2
A_PA	206	2356	A	0	0	2356	37.9
A_PA	207	2532	T	0	0	2532	37.8
A_PA	208	2891	G	0	0	2891	36.0
A_PA	209	2618	C	0	0	2618	36.0
A_PA	210	2340	A	0	0	2340	36.9
A_PA	211	2417	T	0	0	2417	37.8
A_PA	212	2377	T	0	0	2377	35.7
A_PA	213	2591	A	0	0	2591	36.1
A_PA	214	2549	T	0	0	2549	37.7
A_PA	215	2432	T	0	0	2432	37.3
A_PA	216	2345	G	0	0	2345	36.4
A_PA	217	2606	A	0	0	2606	37.0
A_PA	218	2364	A	0	0	2364	34.9
A_PA	219	2555	A	0	0	2555	35.9
A_PA	220	2497	C	0	0	2497	34.0
A_PA	221	2417	A	0	0	2417	35.1
A_PA	222	2376	C	0	0	2376	37.7
A_PA	223	2539	C	0	0	2539	34.6
A_PA	224	2252	G	0	0	2252	35.4
A_PA	225	2174	A	0	0	2174	34.3
A_PA	226	2233	T	0	0	2233	37.5
A_PA	227	2301	T	0	0	2301	36.2
A_PA	228	2461	T	0	0	2461	36.6
A_PA	229	2501	G	0	0	2501	36.6
A_PA	230	2280	A	0	0	2280	34.5
A_PA	231	2350	G	0	0	2350	34.9
A_PA	232	2272	A	0	0	2272	35.7
A_PA	233	2372	T	0	0	2372	36.1
A_PA	234	2443	A	0	0	2443	35.6
A_PA	235	2288	A	0	0	2288	35.1
A_PA	236	2473	T	0	0	2473	35.9
A_PA	237	2259	C	0	0	2259	37.0
A_PA	238	2207	G	0	0	2207	34.2
A_PA	239	2395	A	0	0	2395	34.8
A_PA	240	2137	A	0	0	2137	34.3
A_PA	241	2475	G	0	0	2475	34.1
A_PA	242	2270	G	0	0	2270	35.4
A_PA	243	2336	G	0	0	2336	36.5
A_PA	244	2080	A	0	0	2080	34.5
A_PA	245	2217	G	0	0	2217	35.7
A_PA	246	2156	A	0	0	2156	34.4
A_PA	247	2092	G	0	0	2092	37.0
A_PA	248	2259	A	0	0	2259	36.4
A_PA	249	2184	C	0	0	2184	37.5
A_PA	250	2121	C	0	0	2121	38.0
A_PA	251	2045	G	0	0	2045	36.2
A_PA	252	2052	A	0	0	2052	35.2
A_PA	253	1972	G	0	0	1972	34.7
A_PA	254	1933	C	0	0	1933	35.6
A_PA	255	2103	A	0	0	2103	35.9
A_PA	256	2283	A	0	0	2283	34.7
A_PA	257	2205	T	0	0	2205	37.8
A_PA	258	2233	G	0	0	2233	36.5
A_PA	259	1954	G	0	0	1954	34.2
A_PA	260	2192	C	0	0	2192	35.0
A_PA	261	1984	C	0	0	1984	34.8
A_PA	262	2038	T	0	0	2038	34.3
A_PA	263	1812	G	0	0	1812	34.5
A_PA	264	1936	G	0	0	1936	34.7
A_PA	265	1978	A	0	0	1978	36.5
A_PA	266	2196	C	0	0	2196	35.4
A_PA	267	2165	A	0	0	2165	36.7
A_PA	268	2132	G	0	0	2132	35.9
A_PA	269	2060	T	0	0	2060	36.5
A_PA	270	2233	G	0	0	2233	37.7
A_PA	271	1980	G	0	0	1980	35.5
A_PA	272	2058	T	0	0	2058	37.5
A_PA	273	2006	G	0	0	2006	35.9
A_PA	274	1930	A	0	0	1930	34.7
A_PA	275	2101	A	0	0	2101	34.8
A_PA	276	1870	T	0	0	1870	37.0
A_PA	277	1943	A	0	0	1943	34.8
A_PA	278	1951	G	0	0	1951	34.6
A_PA	279	1918	T	0	0	1918	37.3
A_PA	280	1632	A	0	0	1632	35.2
A_PA	281	2044	T	0	0	2044	34.4
A_PA	282	1997	C	0	0	1997	34.5
A_PA	283	1986	T	0	0	1986	37.3
A_PA	284	2005	G	0	0	2005	34.9
A_PA	285	1891	C	0	0	1891	34.9
A_PA	286	1851	A	0	0	1851	35.1
A_PA	287	1787	A	0	0	1787	36.1
A_PA	288	1688	C	0	0	1688	37.0
A_PA	289	1797	A	0	0	1797	36.2
A_PA	290	1971	C	0	0	1971	37.0
A_PA	291	1981	C	0	0	1981	37.7
A_PA	292	1863	A	0	0	1863	35.4
A_PA	293	1886	C	0	0	1886	36.6
A_PA	294	1764	A	0	0	1764	36.4
A_PA	295	1731	G	0	0	1731	35.8
A_PA	296	2093	G	0	0	2093	36.8
A_PA	297	1977	G	0	0	1977	34.8
A_PA	298	1924	G	0	0	1924	36.3
A_PA	299	2047	T	0	0	2047	35.8
A_PA	300	1956	C	0	0	1956	36.7
A_PA	301	1975	G	0	0	1975	34.9
A_PA	302	2007	A	0	0	2007	36.8
A_PA	303	1937	A	0	0	1937	36.9
A_PA	304	1885	A	0	0	1885	35.5
A_PA	305	1998	A	0	0	1998	35.5
A_PA	306	1705	G	0	0	1705	36.5
A_PA	307	1840	C	0	0	1840	37.8
A_PA	308	2088	C	0	0	2088	36.9
A_PA	309	1980	C	0	0	1980	35.0
A_PA	310	1696	A	0	0	1696	36.8
A_PA	311	2020	A	0	0	2020	35.4
A_PA	312	1814	A	0	0	1814	37.4
A_PA	313	2092	T	0	0	2092	37.1
A_PA	314	1713	T	0	0	1713	37.9
A_PA	315	1637	C	0	0	1637	37.9
A_PA	316	1783	C	0	0	1783	37.5
A_PA	317	1779	T	0	0	1779	37.3
A_PA	318	2016	C	0	0	2016	37.2
A_PA	319	1968	C	0	0	1968	34.2
A_PA	320	1994	C	0	0	1994	34.2
A_PA	321	1917	T	0	0	1917	35.4
A_PA	322	1639	G	0	0	1639	34.4
A_PA	323	1929	A	0	0	1929	35.4
A_PA	324	1790	T	0	0	1790	36.1
A_PA	325	1825	T	0	0	1825	34.9
A_PA	326	1958	T	0	0	1958	37.2
A_PA	327	1763	G	0	0	1763	37.1
A_PA	328	1781	T	0	0	1781	34.3
A_PA	329	1871	A	0	0	1871	36.4
A_PA	330	1802	T	0	0	1802	37.6
A_PA	331	1849	G	0	0	1849	35.3
A_PA	332	1944	A	0	0	1944	37.8
A_PA	333	1925	C	0	0	1925	36.3
A_PA	334	1850	T	0	0	1850	34.4
A_PA	335	1837	A	0	0	1837	37.8
A_PA	336	1900	C	0	0	1900	36.7
A_PA	337	1832	A	0	0	1832	37.8
A_PA	338	1997	A	0	0	1997	34.8
A_PA	339	2054	A	0	0	2054	35.9
A_PA	340	1915	G	0	0	1915	37.7
A_PA	341	1774	A	0	0	1774	35.2
A_PA	342	1795	G	0	0	1795	34.8
A_PA	343	1912	A	0	0	1912	35.8
A_PA	344	1864	A	0	0	1864	37.7
A_PA	345	1995	C	0	0	1995	37.1
A_PA	346	1974	C	0	0	1974	35.6
A_PA	347	1709	G	0	0	1709	34.1
A_PA	348	1894	A	0	0	1894	37.1
A_PA	349	2060	T	0	0	2060	36.7
A_PA	350	2017	T	0	0	2017	36.1
A_PA	351	1996	C	0	0	1996	35.9
A_PA	352	1917	A	0	0	1917	34.2
A_PA	353	1768	T	0	0	1768	35.1
A_PA	354	1890	T	0	0	1890	36.1
A_PA	355	2017	G	0	0	2017	34.0
A_PA	356	1834	A	0	0	1834	34.5
A_PA	357	1864	A	0	0	1864	38.0
A_PA	358	2099	A	0	0	2099	35.3
A_PA	359	1922	T	0	0	1922	36.7
A_PA	360	2045	T	0	0	2045	37.6
A_PA	361	1890	G	0	0	1890	35.9
A_PA	362	1869	G	0	0	1869	34.8
A_PA	363	2005	A	0	0	2005	36.3
A_PA	364	2044	G	0	0	2044	37.6
A_PA	365	1991	T	0	0	1991	35.5
A_PA	366	1933	A	0	0	1933	37.6
A_PA	367	1899	A	0	0	1899	34.7
A_PA	368	1932	C	0	0	1932	37.7
A_PA	369	1879	G	0	0	1879	34.2
A_PA	370	1941	C	0	0	1941	37.7
A_PA	371	2032	G	0	0	2032	36.4
A_PA	372	1884	A	0	0	1884	36.4
A_PA	373	1962	A	0	0	1962	37.7
A_PA	374	1985	G	0	0	1985	35.7
A_PA	375	1769	G	0	0	1769	36.2
A_PA	376	2131	G	0	0	2131	37.3
A_PA	377	2149	A	0	0	2149	36.1
A_PA	378	2048	A	0	0	2048	36.9
A_PA	379	2044	G	0	0	2044	37.9
A_PA	380	2028	T	0	0	2028	37.6
A_PA	381	1874	T	0	0	1874	35.7
A_PA	382	2066	C	0	0	2066	35.7
A_PA	383	2036	A	0	0	2036	37.0
A_PA	384	1979	C	0	0	1979	34.4
A_PA	385	1962	A	0	0	1962	35.2
A_PA	386	2009	T	0	0	2009	34.7
A_PA	387	1960	A	0	0	1960	37.5
A_PA	388	1827	T	0	0	1827	37.8
A_PA	389	1994	A	0	0	1994	36.3
A_PA	390	2056	C	0	0	2056	35.9
A_PA	391	1711	T	0	0	1711	36.7
A_PA	392	2006	A	0	0	2006	36.3
A_PA	393	2083	T	0	0	2083	34.1
A_PA	394	1983	T	0	0	1983	34.3
A_PA	395	1944	T	0	0	1944	35.9
A_PA	396	1837	A	0	0	1837	37.3
A_PA	397	1762	G	0	0	1762	35.8
A_PA	398	2206	A	0	0	2206	36.2
A_PA	399	1964	A	0	0	1964	37.6
A_PA	400	2088	A	0	0	2088	35.4
A_PA	401	2021	A	0	0	2021	34.1
A_PA	402	1989	A	0	0	1989	34.1
A_PA	403	2007	G	0	0	2007	37.5
A_PA	404	2023	C	0	0	2023	37.4
A_PA	405	2018	C	0	0	2018	36.7
A_PA	406	1926	A	0	0	1926	34.6
A_PA	407	1873	A	0	0	1873	36.8
A_PA	408	2066	C	0	0	2066	36.8
A_PA	409	2092	A	0	0	2092	35.3
A_PA	410	2114	A	0	0	2114	37.4
A_PA	411	1955	G	0	0	1955	34.3
A_PA	412	1898	A	0	0	1898	36.7
A_PA	413	2075	T	0	0	2075	34.1
A_PA	414	1960	A	0	0	1960	36.7
A_PA	415	1901	A	0	0	1901	37.5
A_PA	416	2038	A	0	0	2038	37.8
A_PA	417	2084	A	0	0	2084	36.2
A_PA	418	1912	T	0	0	1912	35.1
A_PA	419	2048	C	0	0	2048	37.3
A_PA	420	1972	A	0	0	1972	35.0
A_PA	421	1983	G	0	0	1983	34.7
A_PA	422	1891	A	0	0	1891	34.3
A_PA	423	1931	G	0	0	1931	35.7
A_PA	424	1826	A	0	0	1826	35.5
A_PA	425	1862	A	0	0	1862	36.2
A_PA	426	1957	A	0	0	1957	36.0
A_PA	427	2111	A	0	0	2111	36.5
A_PA	428	1886	C	0	0	1886	35.3
A_PA	429	1995	A	0	0	1995	35.7
A_PA	430	2501	C	0	0	2501	36.6
A_PA	431	2064	A	0	0	2064	37.1
A_PA	432	1685	T	0	0	1685	35.6
A_PA	433	2095	A	0	0	2095	37.5
A_PA	434	2230	T	0	0	2230	35.9
A_PA	435	1977	T	0	0	1977	34.6
A_PA	436	2164	C	0	0	2164	35.8
A_PA	437	2243	A	0	0	2243	34.8
A_PA	438	1999	C	0	0	1999	37.4
A_PA	439	2019	A	0	0	2019	34.9
A_PA	440	1978	T	0	0	1978	37.4
A_PA	441	1849	A	0	0	1849	36.6
A_PA	442	2148	T	0	0	2148	35.2
A_PA	443	1857	T	0	0	1857	35.8
A_PA	444	2196	C	0	0	2196	35.8
A_PA	445	1985	T	0	0	1985	36.4
A_PA	446	2024	C	0	0	2024	37.9
A_PA	447	1946	A	0	0	1946	36.8
A_PA	448	1913	T	0	0	1913	34.0
A_PA	449	1858	T	0	0	1858	37.7
A_PA	450	1924	C	0	0	1924	35.4
A_PA	451	1898	A	0	0	1898	37.4
A_PA	452	2207	C	0	0	2207	37.7
A_PA	453	2054	T	0	0	2054	35.9
A_PA	454	1937	G	0	0	1937	35.9
A_PA	455	2008	G	0	0	2008	35.4
A_PA	456	2133	A	0	0	2133	36.4
A_PA	457	1846	G	0	0	1846	37.6
A_PA	458	1959	A	0	0	1959	36.5
A_PA	459	2047	G	0	0	2047	36.6
A_PA	460	1954	G	0	0	1954	34.4
A_PA	461	1982	A	0	0	1982	37.8
A_PA	462	1947	A	0	0	1947	34.7
A_PA	463	1866	A	0	0	1866	36.1
A_PA	464	1971	T	0	0	1971	34.1
A_PA	465	1986	G	0	0	1986	37.1
A_PA	466	2013	G	0	0	2013	36.7
A_PA	467	1853	C	0	0	1853	37.5
A_PA	468	2051	C	0	0	2051	36.8
A_PA	469	1776	A	0	0	1776	35.6
A_PA	470	1883	C	0	0	1883	35.5
A_PA	471	1905	C	0	0	1905	35.7
A_PA	472	1859	A	0	0	1859	36.6
A_PA	473	2137	A	0	0	2137	35.7
A_PA	474	2168	G	0	0	2168	35.0
A_PA	475	2079	G	0	0	2079	34.6
A_PA	476	2008	C	0	0	2008	36.7
A_PA	477	1964	G	0	0	1964	37.5
A_PA	478	1936	G	0	0	1936	34.1
A_PA	479	1744	A	0	0	1744	34.0
A_PA	480	1833	C	0	0	1833	37.5
A_PA	481	1710	T	0	0	1710	37.1
A_PA	482	1774	A	0	0	1774	35.5
A_PA	483	1844	C	0	0	1844	34.4
A_PA	484	1847	A	0	0	1847	34.7
A_PA	485	1879	C	0	0	1879	37.2
A_PA	486	1627	C	0	0	1627	37.1
A_PA	487	1833	C	0	0	1833	34.1
A_PA	488	1685	T	0	0	1685	35.1
A_PA	489	1753	T	0	0	1753	34.0
A_PA	490	1707	G	0	0	1707	35.9
A_PA	491	1798	A	0	0	1798	37.9
A_PA	492	1895	T	0	0	1895	34.8
A_PA	493	1657	G	0	0	1657	34.7
A_PA	494	1764	A	0	0	1764	37.5
A_PA	495	1682	A	0	0	1682	36.0
A_PA	496	1824	G	0	0	1824	34.9
A_PA	497	1713	A	0	0	1713	37.7
A_PA	498	1534	G	0	0	1534	37.7
A_PA	499	1886	A	0	0	1886	36.4
A_PA	500	1705	G	0	0	1705	36.2
A_PA	501	2013	C	0	0	2013	35.4
A_PA	502	1714	A	0	0	1714	37.5
A_PA	503	1668	G	0	0	1668	34.8
A_PA	504	1734	A	0	0	1734	35.1
A_PA	505	1772	G	0	0	1772	37.4
A_PA	506	1724	C	0	0	1724	37.4
A_PA	507	1418	A	0	0	1418	34.3
A_PA	508	1674	A	0	0	1674	37.9
A_PA	509	1718	G	0	0	1718	34.8
A_PA	510	1590	A	0	0	1590	35.5
A_PA	511	1689	A	0	0	1689	35.9
A_PA	512	1593	T	0	0	1593	34.5
A_PA	513	1710	A	0	0	1710	37.4
A_PA	514	1717	A	0	0	1717	36.0
A_PA	515	1693	A	0	0	1693	36.3
A_PA	516	1580	A	0	0	1580	35.5
A_PA	517	1753	A	0	0	1753	36.4
A_PA	518	1585	C	0	0	1585	34.3
A_PA	519	1662	C	0	0	1662	36.3
A_PA	520	1703	A	0	0	1703	36.4
A_PA	521	1791	G	0	0	1791	34.5
A_PA	522	1592	A	0	0	1592	35.8
A_PA	523	1494	C	0	0	1494	36.8
A_PA	524	1582	T	0	0	1582	36.3
A_PA	525	1345	G	0	0	1345	34.1
A_PA	526	1600	T	0	0	1600	35.0
A_PA	527	1610	T	0	0	1610	37.4
A_PA	528	1647	C	0	0	1647	36.4
A_PA	529	1569	A	0	0	1569	35.5
A_PA	530	1563	C	0	0	1563	35.6
A_PA	531	1695	T	0	0	1695	34.8
A_PA	532	1692	A	0	0	1692	37.5
A_PA	533	1534	T	0	0	1534	35.5
A_PA	534	1626	A	0	0	1626	35.0
A_PA	535	1417	A	0	0	1417	34.8
A_PA	536	1411	G	0	0	1411	37.8
A_PA	537	1550	A	0	0	1550	35.4
A_PA	538	1705	C	0	0	1705	37.0
A_PA	539	1610	A	0	0	1610	35.1
A_PA	540	1394	A	0	0	1394	34.1
A_PA	541	1658	G	0	0	1658	34.2
A_PA	542	1572	A	0	0	1572	37.0
A_PA	543	1403	A	0	0	1403	36.5
A_PA	544	1468	A	0	0	1468	36.2
A_PA	545	1529	T	0	0	1529	37.6
A_PA	546	1481	G	0	0	1481	37.5
A_PA	547	1557	G	0	0	1557	34.9
A_PA	548	1360	C	0	0	1360	36.5
A_PA	549	1616	C	0	0	1616	37.5
A_PA	550	1382	A	0	0	1382	36.6
A_PA	551	1390	G	0	0	1390	37.9
A_PA	552	1538	T	0	0	1538	37.4
A_PA	553	1473	A	0	0	1473	37.2
A_PA	554	1417	G	0	0	1417	35.8
A_PA	555	1511	A	0	0	1511	34.8
A_PA	556	1516	G	0	0	1516	36.1
A_PA	557	1419	G	0	0	1419	34.6
A_PA	558	1496	T	0	0	1496	35.3
A_PA	559	1430	C	0	0	1430	37.6
A_PA	560	1520	T	0	0	1520	35.7
A_PA	561	1464	A	0	0	1464	35.2
A_PA	562	1385	T	0	0	1385	35.2
A_PA	563	1287	G	0	0	1287	36.9
A_PA	564	1391	G	0	0	1391	34.5
A_PA	565	1516	G	0	0	1516	36.4
A_PA	566	1623	A	0	0	1623	35.5
A_PA	567	1431	T	0	0	1431	34.7
A_PA	568	1483	T	0	0	1483	36.5
A_PA	569	1564	C	0	0	1564	36.8
A_PA	570	1378	C	0	0	1378	35.8
A_PA	571	1535	T	0	0	1535	34.7
A_PA	572	1419	T	0	0	1419	34.1
A_PA	573	1493	T	0	0	1493	36.6
A_PA	574	1383	C	0	0	1383	34.2
A_PA	575	1541	G	0	0	1541	35.9
A_PA	576	1365	T	0	0	1365	37.6
A_PA	577	1438	C	0	0	1438	35.8
A_PA	578	1359	A	0	0	1359	36.8
A_PA	579	1561	A	0	0	1561	36.6
A_PA	580	1428	T	0	0	1428	34.5
A_PA	581	1426	C	0	0	1426	36.3
A_PA	582	1586	C	0	0	1586	36.1
A_PA	583	1380	G	0	0	1380	37.4
A_PA	584	1464	A	0	0	1464	34.4
A_PA	585	1514	G	0	0	1514	35.0
A_PA	586	1474	A	0	0	1474	34.9
A_PA	587	1317	G	0	0	1317	36.4
A_PA	588	1476	A	0	0	1476	37.8
A_PA	589	1466	G	0	0	1466	35.9
A_PA	590	1517	G	0	0	1517	34.2
A_PA	591	1543	C	0	0	1543	34.1
A_PA	592	1592	G	0	0	1592	37.5
A_PA	593	1374	A	0	0	1374	34.4
A_PA	594	1391	A	0	0	1391	35.6
A_PA	595	1500	G	0	0	1500	36.2
A_PA	596	1407	A	0	0	1407	37.6
A_PA	597	1412	G	0	0	1412	34.7
A_PA	598	1550	A	0	0	1550	37.3
A_PA	599	1584	C	0	0	1584	35.4
A_PA	600	1524	A	0	0	1524	34.6
A_PA	601	1669	A	0	0	1669	35.3
A_PA	602	1446	T	0	0	1446	35.6
A_PA	603	1469	T	0	0	1469	34.8
A_PA	604	1422	G	0	0	1422	36.6
A_PA	605	1682	A	0	0	1682	36.2
A_PA	606	1631	A	0	0	1631	35.2
A_PA	607	1573	G	0	0	1573	37.7
A_PA	608	1624	A	0	0	1624	36.0
A_PA	609	1663	A	0	0	1663	37.5
A_PA	610	1570	A	0	0	1570	35.4
A_PA	611	1610	G	0	0	1610	36.9
A_PA	612	1606	A	0	0	1606	35.8
A_PA	613	1650	T	0	0	1650	35.7
A_PA	614	1509	T	0	0	1509	35.7
A_PA	615	1567	T	0	0	1567	37.4
A_PA	616	1648	G	0	0	1648	35.2
A_PA	617	1720	A	0	0	1720	34.8
A_PA	618	1464	A	0	0	1464	34.0
A_PA	619	1678	A	0	0	1678	34.2
A_PA	620	1544	T	0	0	1544	38.0
A_PA	621	1483	C	0	0	1483	34.4
A_PA	622	1718	A	0	0	1718	34.7
A_PA	623	1610	C	0	0	1610	37.3
A_PA	624	1878	A	0	0	1878	37.2
A_PA	625	1626	G	0	0	1626	37.8
A_PA	626	1690	G	0	0	1690	36.9
A_PA	627	1563	A	0	0	1563	36.2
A_PA	628	1662	A	0	0	1662	36.6
A_PA	629	1626	C	0	0	1626	34.8
A_PA	630	1848	C	0	0	1848	34.1
A_PA	631	1625	A	0	0	1625	34.6
A_PA	632	1826	T	0	0	1826	38.0
A_PA	633	1708	G	0	0	1708	36.7
A_PA	634	1574	C	0	0	1574	35.0
A_PA	635	1863	G	0	0	1863	35.8
A_PA	636	1780	C	0	0	1780	34.5
A_PA	637	1588	A	0	0	1588	36.1
A_PA	638	1695	G	0	0	1695	34.1
A_PA	639	1693	G	0	0	1693	37.2
A_PA	640	1609	C	0	0	1609	35.3
A_PA	641	1773	T	0	0	1773	37.9
A_PA	642	1721	T	0	0	1721	35.4
A_PA	643	1819	G	0	0	1819	36.9
A_PA	644	1762	C	0	0	1762	36.2
A_PA	645	1846	C	0	0	1846	36.1
A_PA	646	1893	G	0	0	1893	35.1
A_PA	647	1778	A	0	0	1778	35.4
A_PA	648	1818	C	0	0	1818	36.2
A_PA	649	1596	C	0	0	1596	35.3
A_PA	650	1893	A	0	0	1893	34.3
A_PA	651	1817	A	0	0	1817	37.6
A_PA	652	1803	A	0	0	1803	35.2
A_PA	653	1865	G	0	0	1865	36.1
A_PA	654	1820	T	0	0	1820	37.7
A_PA	655	1842	C	0	0	1842	37.6
A_PA	656	1695	T	0	0	1695	35.2
A_PA	657	2007	T	0	0	2007	36.9
A_PA	658	1963	C	0	0	1963	35.4
A_PA	659	1863	C	0	0	1863	36.4
A_PA	660	1854	A	0	0	1854	37.6
A_PA	661	1747	C	0	0	1747	35.1
A_PA	662	1697	C	0	0	1697	36.2
A_PA	663	2041	G	0	0	2041	35.9
A_PA	664	1815	A	0	0	1815	37.8
A_PA	665	2038	A	0	0	2038	36.3
A_PA	666	2088	C	0	0	2088	37.7
A_PA	667	2036	T	0	0	2036	36.0
A_PA	668	2063	T	0	0	2063	36.2
A_PA	669	2039	C	0	0	2039	36.3
A_PA	670	1869	T	0	0	1869	36.3
A_PA	671	2060	C	0	0	2060	34.9
A_PA	672	1923	C	0	0	1923	35.6
A_PA	673	2120	A	0	0	2120	35.6
A_PA	674	2250	G	0	0	2250	36.1
A_PA	675	2247	C	0	0	2247	37.6
A_PA	676	2005	C	0	0	2005	37.4
A_PA	677	1790	T	0	0	1790	36.3
A_PA	678	1952	T	0	0	1952	36.6
A_PA	679	2227	G	0	0	2227	36.2
A_PA	680	2239	A	0	0	2239	35.4
A_PA	681	2031	A	0	0	2031	36.4
A_PA	682	2031	A	0	0	2031	36.8
A_PA	683	2248	A	0	0	2248	35.2
A_PA	684	2112	C	0	0	2112	37.3
A_PA	685	1960	T	0	0	1960	34.4
A_PA	686	2125	T	0	0	2125	34.5
A_PA	687	2201	T	0	0	2201	36.4
A_PA	688	2187	A	0	0	2187	34.4
A_PA	689	2120	G	0	0	2120	36.1
A_PA	690	2242	A	0	0	2242	36.4
A_PA	691	2337	G	0	0	2337	37.2
A_PA	692	2032	C	0	0	2032	36.6
A_PA	693	2083	C	0	0	2083	36.1
A_PA	694	2533	T	0	0	2533	34.1
A_PA	695	2401	A	0	0	2401	36.1
A_PA	696	2200	T	0	0	2200	36.0
A_PA	697	2319	G	0	0	2319	34.8
A_PA	698	2185	T	0	0	2185	34.2
A_PA	699	2313	G	0	0	2313	36.2
A_PA	700	2213	G	0	0	2213	36.3
A_PA	701	2413	A	0	0	2413	34.2
A_PA	702	2418	T	0	0	2418	36.4
A_PA	703	2332	G	0	0	2332	37.8
A_PA	704	2189	G	0	0	2189	36.0
A_PA	705	2333	A	0	0	2333	35.1
A_PA	706	2436	T	0	0	2436	35.6
A_PA	707	2623	T	0	0	2623	34.8
A_PA	708	2415	C	0	0	2415	37.6
A_PA	709	2364	G	0	0	2364	36.3
A_PA	710	2406	A	0	0	2406	35.0
A_PA	711	2245	A	0	0	2245	37.6
A_PA	712	2119	C	0	0	2119	35.2
A_PA	713	2746	C	0	0	2746	35.9
A_PA	714	2527	G	0	0	2527	37.7
A_PA	715	2409	A	0	0	2409	37.0
A_PA	716	2423	A	0	0	2423	37.0
A_PA	717	2429	C	0	0	2429	34.6
A_PA	718	2388	G	0	0	2388	34.2
A_PA	719	2700	G	0	0	2700	34.6
A_PA	720	2497	C	0	0	2497	37.5
A_PA	721	2424	T	0	0	2424	35.5
A_PA	722	2431	G	0	0	2431	35.7
A_PA	723	2424	C	0	0	2424	36.6
A_PA	724	2746	A	0	0	2746	35.7
A_PA	725	2794	T	0	0	2794	36.9
A_PA	726	2497	T	0	0	2497	36.4
A_PA	727	2525	G	0	0	2525	36.1
A_PA	728	2357	A	0	0	2357	36.1
A_PA	729	2306	G	0	0	2306	37.2
A_PA	730	2370	G	0	0	2370	36.3
A_PA	731	2582	G	0	0	2582	36.6
A_PA	732	2448	C	0	0	2448	36.2
A_PA	733	2585	A	0	0	2585	34.9
A_PA	734	2457	A	0	0	2457	34.4
A_PA	735	2387	A	0	0	2387	36.3
A_PA	736	2495	C	0	0	2495	36.4
A_PA	737	2457	T	0	0	2457	37.5
A_PA	738	2482	T	0	0	2482	34.9
A_PA	739	2500	T	0	0	2500	35.5
A_PA	740	2546	C	0	0	2546	34.9
A_PA	741	2496	T	0	0	2496	35.7
A_PA	742	2662	C	0	0	2662	37.9
A_PA	743	2602	A	0	0	2602	36.8
A_PA	744	2799	A	0	0	2799	36.1
A_PA	745	2911	A	0	0	2911	35.5
A_PA	746	2550	T	0	0	2550	35.6
A_PA	747	2561	G	0	0	2561	37.4
A_PA	748	2469	T	0	0	2469	37.3
A_PA	749	2708	C	0	0	2708	34.2
A_PA	750	2570	A	0	0	2570	35.5
A_PA	751	2584	A	0	0	2584	35.0
A_PA	752	2630	A	0	0	2630	34.3
A_PA	753	2525	A	0	0	2525	37.3
A_PA	754	2961	G	0	0	2961	36.3
A_PA	755	2725	A	0	0	2725	36.1
A_PA	756	2905	A	0	0	2905	34.4
A_PA	757	2654	G	0	0	2654	36.6
A_PA	758	2730	T	0	0	2730	37.2
A_PA	759	2599	G	0	0	2599	35.5
A_PA	760	2497	A	0	0	2497	34.2
A_PA	761	2633	A	0	0	2633	36.7
A_PA	762	2520	C	0	0	2520	37.8
A_PA	763	2693	G	0	0	2693	35.1
A_PA	764	2532	C	0	0	2532	34.5
A_PA	765	2733	C	0	0	2733	34.9
A_PA	766	2459	A	0	0	2459	34.2
A_PA	767	2555	G	0	0	2555	35.1
A_PA	768	2531	A	0	0	2531	35.1
A_PA	769	2817	A	0	0	2817	35.2
A_PA	770	2472	T	0	0	2472	37.7
A_PA	771	2525	T	0	0	2525	34.2
A_PA	772	2615	G	0	0	2615	34.1
A_PA	773	2300	A	0	0	2300	37.6
A_PA	774	3086	G	0	0	3086	35.7
A_PA	775	2700	C	0	0	2700	36.2
A_PA	776	2874	C	0	0	2874	37.8
A_PA	777	2667	A	0	0	2667	37.3
A_PA	778	2569	T	0	0	2569	34.9
A_PA	779	2856	T	0	0	2856	35.3
A_PA	780	2899	T	0	0	2899	36.9
A_PA	781	2589	C	0	0	2589	37.5
A_PA	782	2537	T	0	0	2537	35.6
A_PA	783	2887	G	0	0	2887	34.7
A_PA	784	2338	A	0	0	2338	37.5
A_PA	785	2656	A	0	0	2656	34.1
A_PA	786	2901	G	0	0	2901	35.5
A_PA	787	2575	A	0	0	2575	37.6
A_PA	788	2505	C	0	0	2505	37.5
A_PA	789	2550	A	0	0	2550	37.7
A_PA	790	2480	A	0	0	2480	35.6
A_PA	791	2716	C	0	0	2716	36.6
A_PA	792	2587	A	0	0	2587	35.8
A_PA	793	2781	C	0	0	2781	35.3
A_PA	794	2561	C	0	0	2561	36.9
A_PA	795	2507	A	0	0	2507	34.7
A_PA	796	2492	C	0	0	2492	36.4
A_PA	797	2310	G	0	0	2310	34.8
A_PA	798	2549	C	0	0	2549	35.4
A_PA	799	2514	C	0	0	2514	37.7
A_PA	800	2563	C	0	0	2563	35.2
A_PA	801	2435	T	0	0	2435	34.4
A_PA	802	2367	C	0	0	2367	35.0
A_PA	803	2672	T	0	0	2672	37.7
A_PA	804	2644	C	0	0	2644	36.7
A_PA	805	2559	A	0	0	2559	34.5
A_PA	806	2578	G	0	0	2578	35.0
A_PA	807	2457	A	0	0	2457	36.9
A_PA	808	2843	T	0	0	2843	34.1
A_PA	809	2631	T	0	0	2631	37.9
A_PA	810	2432	A	0	0	2432	37.4
A_PA	811	2732	C	0	0	2732	34.0
A_PA	812	2536	C	0	0	2536	35.2
A_PA	813	2617	T	0	0	2617	34.1
A_PA	814	2751	G	0	0	2751	35.9
A_PA	815	2494	A	0	0	2494	36.3
A_PA	816	2828	T	0	0	2828	36.5
A_PA	817	2626	G	0	0	2626	36.7
A_PA	818	2362	G	0	0	2362	35.3
A_PA	819	2394	G	0	0	2394	37.8
A_PA	820	2664	C	0	0	2664	36.2
A_PA	821	2614	C	0	0	2614	35.5
A_PA	822	2415	T	0	0	2415	36.2
A_PA	823	2184	C	0	0	2184	35.9
A_PA	824	2473	C	0	0	2473	35.6
A_PA	825	2318	C	0	0	2318	34.8
A_PA	826	2522	T	0	0	2522	34.6
A_PA	827	2359	G	0	0	2359	36.4
A_PA	828	2846	T	0	0	2846	36.4
A_PA	829	2761	T	0	0	2761	35.6
A_PA	830	2413	C	0	0	2413	36.7
A_PA	831	2401	T	0	0	2401	36.0
A_PA	832	2378	C	0	0	2378	34.4
A_PA	833	2540	A	0	0	2540	35.4
A_PA	834	2192	G	0	0	2192	34.6
A_PA	835	2721	C	0	0	2721	36.9
A_PA	836	2791	G	0	0	2791	36.5
A_PA	837	2345	G	0	0	2345	37.8
A_PA	838	2173	T	0	0	2173	35.5
A_PA	839	2450	C	0	0	2450	34.1
A_PA	840	2599	G	0	0	2599	35.8
A_PA	841	2529	A	0	0	2529	35.1
A_PA	842	2353	A	0	0	2353	34.3
A_PA	843	2127	G	0	0	2127	36.4
A_PA	844	2372	T	0	0	2372	36.0
A_PA	845	2347	T	0	0	2347	36.8
A_PA	846	2532	C	0	0	2532	37.0
A_PA	847	2627	T	0	0	2627	36.4
A_PA	848	2664	T	0	0	2664	37.0
A_PA	849	2433	G	0	0	2433	37.2
A_PA	850	2464	C	0	0	2464	36.3
A_PA	851	2430	T	0	0	2430	34.8
A_PA	852	2487	G	0	0	2487	37.9
A_PA	853	2238	A	0	0	2238	35.3
A_PA	854	2442	T	0	0	2442	35.5
A_PA	855	2535	G	0	0	2535	37.0
A_PA	856	2383	G	0	0	2383	35.2
A_PA	857	2569	A	0	0	2569	35.8
A_PA	858	2298	T	0	0	2298	34.1
A_PA	859	2297	G	0	0	2297	36.1
A_PA	860	2261	C	0	0	2261	34.4
A_PA	861	2270	C	0	0	2270	36.8
A_PA	862	2282	C	0	0	2282	35.6
A_PA	863	2144	T	0	0	2144	37.4
A_PA	864	2177	T	0	0	2177	35.3
A_PA	865	2370	A	0	0	2370	37.0
A_PA	866	2254	A	0	0	2254	34.2
A_PA	867	2155	G	0	0	2155	37.9
A_PA	868	2389	T	0	0	2389	34.1
A_PA	869	2488	T	0	0	2488	37.1
A_PA	870	2259	G	0	0	2259	34.2
A_PA	871	2363	A	0	0	2363	37.5
A_PA	872	2579	G	0	0	2579	36.6
A_PA	873	2400	C	0	0	2400	36.5
A_PA	874	2325	A	0	0	2325	34.6
A_PA	875	2040	T	0	0	2040	37.7
A_PA	876	2096	C	0	0	2096	37.1
A_PA	877	2152	G	0	0	2152	34.2
A_PA	878	2347	A	0	0	2347	36.8
A_PA	879	2141	A	0	0	2141	36.5
A_PA	880	2285	G	0	0	2285	36.1
A_PA	881	2061	A	0	0	2061	34.2
A_PA	882	2339	C	0	0	2339	37.4
A_PA	883	2138	C	0	0	2138	37.9
A_PA	884	2204	C	0	0	2204	36.5
A_PA	885	2043	T	0	0	2043	37.6
A_PA	886	2274	A	0	0	2274	35.4
A_PA	887	2382	G	0	0	2382	37.2
A_PA	888	2274	C	0	0	2274	36.0
A_PA	889	2399	C	0	0	2399	36.5
A_PA	890	2139	A	0	0	2139	36.7
A_PA	891	2405	T	0	0	2405	37.6
A_PA	892	2219	G	0	0	2219	34.2
A_PA	893	2606	A	0	0	2606	35.1
A_PA	894	2401	G	0	0	2401	37.1
A_PA	895	2081	G	0	0	2081	35.0
A_PA	896	2292	G	0	0	2292	36.2
A_PA	897	2319	G	0	0	2319	34.1
A_PA	898	2374	G	0	0	2374	37.7
A_PA	899	2291	A	0	0	2291	36.6
A_PA	900	2397	G	0	0	2397	34.7
A_PA	901	2294	G	0	0	2294	38.0
A_PA	902	2339	G	0	0	2339	36.8
A_PA	903	2044	C	0	0	2044	35.7
A_PA	904	2337	A	0	0	2337	36.3
A_PA	905	2172	T	0	0	2172	37.2
A_PA	906	2541	A	0	0	2541	36.1
A_PA	907	2109	C	0	0	2109	35.3
A_PA	908	2062	C	0	0	2062	35.1
A_PA	909	2281	G	0	0	2281	35.4
A_PA	910	2307	C	0	0	2307	36.2
A_PA	911	2207	T	0	0	2207	34.4
A_PA	912	2307	G	0	0	2307	37.2
A_PA	913	2135	T	0	0	2135	35.5
A_PA	914	2261	A	0	0	2261	37.4
A_PA	915	2002	T	0	0	2002	37.3
A_PA	916	2097	G	0	0	2097	37.2
A_PA	917	2071	A	0	0	2071	34.9
A_PA	918	2136	T	0	0	2136	36.9
A_PA	919	2135	G	0	0	2135	34.3
A_PA	920	2099	C	0	0	2099	36.2
A_PA	921	2119	A	0	0	2119	35.3
A_PA	922	2129	A	0	0	2129	35.9
A_PA	923	2095	T	0	0	2095	36.4
A_PA	924	2231	C	0	0	2231	35.3
A_PA	925	2007	A	0	0	2007	37.3
A_PA	926	2111	A	0	0	2111	34.9
A_PA	927	2362	A	0	0	2362	36.6
A_PA	928	2277	T	0	0	2277	38.0
A_PA	929	2128	G	0	0	2128	35.8
A_PA	930	2363	C	0	0	2363	35.8
A_PA	931	2232	A	0	0	2232	36.3
A_PA	932	2222	T	0	0	2222	37.3
A_PA	933	2076	G	0	0	2076	36.8
A_PA	934	2358	A	0	0	2358	37.7
A_PA	935	2101	A	0	0	2101	35.7
A_PA	936	2260	G	0	0	2260	35.1
A_PA	937	2137	A	0	0	2137	36.0
A_PA	938	2167	C	0	0	2167	35.3
A_PA	939	2331	A	0	0	2331	37.3
A_PA	940	2363	T	0	0	2363	36.3
A_PA	941	1978	T	0	0	1978	35.2
A_PA	942	2411	T	0	0	2411	34.8
A_PA	943	2284	T	0	0	2284	36.3
A_PA	944	2251	T	0	0	2251	36.1
A_PA	945	2144	T	0	0	2144	37.6
A_PA	946	2124	G	0	0	2124	34.0
A_PA	947	1979	G	0	0	1979	36.6
A_PA	948	2032	C	0	0	2032	35.6
A_PA	949	2216	T	0	0	2216	34.4
A_PA	950	2221	G	0	0	2221	37.1
A_PA	951	2130	G	0	0	2130	35.7
A_PA	952	2403	A	0	0	2403	34.3
A_PA	953	2242	A	0	0	2242	37.6
A_PA	954	2124	A	0	0	2124	34.2
A_PA	955	2121	G	0	0	2121	36.7
A_PA	956	2116	A	0	0	2116	37.2
A_PA	957	2170	G	0	0	2170	36.7
A_PA	958	2501	C	0	0	2501	35.6
A_PA	959	2179	C	0	0	2179	36.8
A_PA	960	2317	C	0	0	2317	34.1
A_PA	961	2353	A	0	0	2353	34.1
A_PA	962	2216	A	0	0	2216	37.9
A_PA	963	2128	C	0	0	2128	35.6
A_PA	964	2446	A	0	0	2446	36.1
A_PA	965	2359	T	0	0	2359	36.7
A_PA	966	2212	C	0	0	2212	34.6
A_PA	967	2262	G	0	0	2262	34.2
A_PA	968	2081	T	0	0	2081	36.9
A_PA	969	2284	A	0	0	2284	35.7
A_PA	970	2304	A	0	0	2304	37.4
A_PA	971	2370	A	0	0	2370	37.9
A_PA	972	2420	G	0	0	2420	37.8
A_PA	973	2175	C	0	0	2175	35.4
A_PA	974	2216	C	0	0	2216	34.5
A_PA	975	2149	G	0	0	2149	36.1
A_PA	976	2171	C	0	0	2171	37.1
A_PA	977	2524	A	0	0	2524	36.7
A_PA	978	2368	T	0	0	2368	35.0
A_PA	979	2166	G	0	0	2166	37.6
A_PA	980	2363	A	0	0	2363	34.3
A_PA	981	2200	G	0	0	2200	36.7
A_PA	982	2062	A	0	0	2062	35.2
A_PA	983	2160	A	0	0	2160	37.2
A_PA	984	2295	A	0	0	2295	34.9
A_PA	985	2285	G	0	0	2285	34.6
A_PA	986	2770	G	0	0	2770	35.8
A_PA	987	2363	C	0	0	2363	34.8
A_PA	988	2477	A	0	0	2477	36.9
A_PA	989	2413	T	0	0	2413	34.2
A_PA	990	2230	A	0	0	2230	34.9
A_PA	991	2552	A	0	0	2552	34.9
A_PA	992	2613	A	0	0	2613	34.5
A_PA	993	2227	C	0	0	2227	35.9
A_PA	994	2434	C	0	0	2434	35.0
A_PA	995	2307	C	0	0	2307	37.5
A_PA	996	2220	T	0	0	2220	37.7
A_PA	997	2621	A	0	0	2621	36.0
A_PA	998	2244	A	0	0	2244	37.5
A_PA	999	2484	T	0	0	2484	34.2
A_PA	1000	2266	T	0	0	2266	36.1
A_PA	1001	2593	A	0	0	2593	37.7
A_PA	1002	2252	C	0	0	2252	36.9
A_PA	1003	2663	C	0	0	2663	35.8
A_PA	1004	2275	T	0	0	2275	35.9
A_PA	1005	2519	C	0	0	2519	36.7
A_PA	1006	2082	C	0	0	2082	38.0
A_PA	1007	2447	T	0	0	2447	36.8
A_PA	1008	2585	G	0	0	2585	37.6
A_PA	1009	2484	G	0	0	2484	37.2
A_PA	1010	2439	C	0	0	2439	37.1
A_PA	1011	2385	T	0	0	2385	38.0
A_PA	1012	2179	T	0	0	2179	36.0
A_PA	1013	2383	G	0	0	2383	34.6
A_PA	1014	2632	G	0	0	2632	37.1
A_PA	1015	2118	A	0	0	2118	34.2
A_PA	1016	2601	A	0	0	2601	37.0
A_PA	1017	2582	G	0	0	2582	35.2
A_PA	1018	2402	C	0	0	2402	35.9
A_PA	1019	2413	A	0	0	2413	36.1
A_PA	1020	2611	G	0	0	2611	35.8
A_PA	1021	2410	G	0	0	2410	37.6
A_PA	1022	2210	T	0	0	2210	37.2
A_PA	1023	2374	G	0	0	2374	35.9
A_PA	1024	2555	C	0	0	2555	36.5
A_PA	1025	2538	T	0	0	2538	34.9
A_PA	1026	2502	G	0	0	2502	36.1
A_PA	1027	2341	G	0	0	2341	35.5
A_PA	1028	2553	C	0	0	2553	35.5
A_PA	1029	2664	A	0	0	2664	35.1
A_PA	1030	2450	G	0	0	2450	34.7
A_PA	1031	2192	A	0	0	2192	35.5
A_PA	1032	2427	A	0	0	2427	37.8
A_PA	1033	2516	C	0	0	2516	37.5
A_PA	1034	2395	T	0	0	2395	37.1
A_PA	1035	2510	T	0	0	2510	36.5
A_PA	1036	2587	C	0	0	2587	34.6
A_PA	1037	2371	A	0	0	2371	37.2
A_PA	1038	2310	A	0	0	2310	34.0
A_PA	1039	2398	G	0	0	2398	35.9
A_PA	1040	2348	A	0	0	2348	34.7
A_PA	1041	2344	C	0	0	2344	35.8
A_PA	1042	2507	A	0	0	2507	35.9
A_PA	1043	2315	T	0	0	2315	35.2
A_PA	1044	2357	T	0	0	2357	37.7
A_PA	1045	2275	G	0	0	2275	36.0
A_PA	1046	2445	A	0	0	2445	34.5
A_PA	1047	2278	A	0	0	2278	35.5
A_PA	1048	2248	A	0	0	2248	36.0
A_PA	1049	2423	A	0	0	2423	34.8
A_PA	1050	2448	T	0	0	2448	37.1
A_PA	1051	2318	G	0	0	2318	37.9
A_PA	1052	2159	A	0	0	2159	34.8
A_PA	1053	2578	G	0	0	2578	37.0
A_PA	1054	2270	G	0	0	2270	35.3
A_PA	1055	2495	A	0	0	2495	34.8
A_PA	1056	2339	G	0	0	2339	34.4
A_PA	1057	2473	A	0	0	2473	34.5
A_PA	1058	2282	A	0	0	2282	36.3
A_PA	1059	2306	A	0	0	2306	34.3
A_PA	1060	2263	A	0	0	2263	38.0
A_PA	1061	2255	T	0	0	2255	35.0
A_PA	1062	2423	T	0	0	2423	36.1
A_PA	1063	2392	C	0	0	2392	37.7
A_PA	1064	2220	C	0	0	2220	37.8
A_PA	1065	2373	A	0	0	2373	35.5
A_PA	1066	2360	A	0	0	2360	36.1
A_PA	1067	2079	A	0	0	2079	34.0
A_PA	1068	2446	A	0	0	2446	34.4
A_PA	1069	2130	A	0	0	2130	35.7
A_PA	1070	2278	C	0	0	2278	37.6
A_PA	1071	2283	A	0	0	2283	34.6
A_PA	1072	2126	A	0	0	2126	34.8
A_PA	1073	2169	A	0	0	2169	35.5
A_PA	1074	2108	G	0	0	2108	36.6
A_PA	1075	2650	A	0	0	2650	34.3
A_PA	1076	2112	A	0	0	2112	37.6
A_PA	1077	1995	C	0	0	1995	35.2
A_PA	1078	2187	A	0	0	2187	34.9
A_PA	1079	2132	T	0	0	2132	34.4
A_PA	1080	2094	G	0	0	2094	37.3
A_PA	1081	2408	A	0	0	2408	36.7
A_PA	1082	2233	A	0	0	2233	36.1
A_PA	1083	2098	G	0	0	2098	36.0
A_PA	1084	2346	A	0	0	2346	36.7
A_PA	1085	2039	A	0	0	2039	35.0
A_PA	1086	2312	A	0	0	2312	34.4
A_PA	1087	2050	A	0	0	2050	35.9
A_PA	1088	2443	C	0	0	2443	38.0
A_PA	1089	2033	A	0	0	2033	37.2
A_PA	1090	1872	A	0	0	1872	34.5
A_PA	1091	2231	G	0	0	2231	35.6
A_PA	1092	2237	C	0	0	2237	37.4
A_PA	1093	2357	C	0	0	2357	35.9
A_PA	1094	2058	A	0	0	2058	36.0
A_PA	1095	2288	A	0	0	2288	37.6
A_PA	1096	2222	T	0	0	2222	38.0
A_PA	1097	2159	T	0	0	2159	36.7
A_PA	1098	2103	G	0	0	2103	36.5
A_PA	1099	2168	A	0	0	2168	37.6
A_PA	1100	2103	A	0	0	2103	34.1
A_PA	1101	2242	G	0	0	2242	34.5
A_PA	1102	2014	T	0	0	2014	37.0
A_PA	1103	2134	G	0	0	2134	37.6
A_PA	1104	1987	G	0	0	1987	37.2
A_PA	1105	2034	G	0	0	2034	36.0
A_PA	1106	1928	C	0	0	1928	37.8
A_PA	1107	1858	A	0	0	1858	34.5
A_PA	1108	1844	C	0	0	1844	36.6
A_PA	1109	1877	T	0	0	1877	36.1
A_PA	1110	2041	T	0	0	2041	36.2
A_PA	1111	1995	G	0	0	1995	34.4
A_PA	1112	1875	G	0	0	1875	36.5
A_PA	1113	1840	T	0	0	1840	35.7
A_PA	1114	1909	G	0	0	1909	36.8
A_PA	1115	1848	A	0	0	1848	36.8
A_PA	1116	1788	G	0	0	1788	37.1
A_PA	1117	1674	A	0	0	1674	35.8
A_PA	1118	1906	A	0	0	1906	35.4
A_PA	1119	1715	C	0	0	1715	36.9
A_PA	1120	1977	A	0	0	1977	37.2
A_PA	1121	1757	T	0	0	1757	35.3
A_PA	1122	1850	G	0	0	1850	35.5
A_PA	1123	1623	G	0	0	1623	34.7
A_PA	1124	1754	C	0	0	1754	34.2
A_PA	1125	1750	T	0	0	1750	34.2
A_PA	1126	1981	C	0	0	1981	35.5
A_PA	1127	1765	C	0	0	1765	37.4
A_PA	1128	1838	A	0	0	1838	37.4
A_PA	1129	1882	G	0	0	1882	36.1
A_PA	1130	1660	A	0	0	1660	37.7
A_PA	1131	1931	A	0	0	1931	37.9
A_PA	1132	1761	A	0	0	1761	37.6
A_PA	1133	1664	A	0	0	1664	35.7
A_PA	1134	1497	A	0	0	1497	37.2
A_PA	1135	1681	G	0	0	1681	34.7
A_PA	1136	1686	T	0	0	1686	34.6
A_PA	1137	1835	G	0	0	1835	36.1
A_PA	1138	1819	G	0	0	1819	37.8
A_PA	1139	1743	A	0	0	1743	37.8
A_PA	1140	1666	C	0	0	1666	35.2
A_PA	1141	1690	T	0	0	1690	36.3
A_PA	1142	1724	T	0	0	1724	34.1
A_PA	1143	1684	T	0	0	1684	35.0
A_PA	1144	1643	G	0	0	1643	36.9
A_PA	1145	1696	A	0	0	1696	37.8
A_PA	1146	1694	G	0	0	1694	35.4
A_PA	1147	1696	G	0	0	1696	36.5
A_PA	1148	1728	A	0	0	1728	37.3
A_PA	1149	1518	C	0	0	1518	34.6
A_PA	1150	1795	T	0	0	1795	34.7
A_PA	1151	1577	G	0	0	1577	37.1
A_PA	1152	1632	C	0	0	1632	35.5
A_PA	1153	1614	A	0	0	1614	34.8
A_PA	1154	1589	A	0	0	1589	37.2
A_PA	1155	1506	A	0	0	1506	37.5
A_PA	1156	1533	G	0	0	1533	35.3
A_PA	1157	1539	A	0	0	1539	34.9
A_PA	1158	1574	T	0	0	1574	34.0
A_PA	1159	1720	G	0	0	1720	36.2
A_PA	1160	1558	T	0	0	1558	37.0
A_PA	1161	1567	T	0	0	1567	37.6
A_PA	1162	1565	A	0	0	1565	35.8
A_PA	1163	1379	G	0	0	1379	38.0
A_PA	1164	1509	C	0	0	1509	35.1
A_PA	1165	1495	G	0	0	1495	37.8
A_PA	1166	1558	A	0	0	1558	36.8
A_PA	1167	1610	T	0	0	1610	37.5
A_PA	1168	1638	C	0	0	1638	38.0
A_PA	1169	1456	T	0	0	1456	34.8
A_PA	1170	1588	A	0	0	1588	36.3
A_PA	1171	1487	A	0	0	1487	36.1
A_PA	1172	1583	G	0	0	1583	36.9
A_PA	1173	1414	A	0	0	1414	37.7
A_PA	1174	1380	C	0	0	1380	34.7
A_PA	1175	1526	A	0	0	1526	35.9
A_PA	1176	1498	G	0	0	1498	36.1
A_PA	1177	1410	T	0	0	1410	36.5
A_PA	1178	1504	A	0	0	1504	37.0
A_PA	1179	1703	C	0	0	1703	37.5
A_PA	1180	1582	G	0	0	1582	34.6
A_PA	1181	1560	A	0	0	1560	35.9
A_PA	1182	1351	C	0	0	1351	36.0
A_PA	1183	1532	A	0	0	1532	36.7
A_PA	1184	1413	G	0	0	1413	36.6
A_PA	1185	1274	T	0	0	1274	36.6
A_PA	1186	1514	G	0	0	1514	35.3
A_PA	1187	1398	A	0	0	1398	37.3
A_PA	1188	1463	C	0	0	1463	36.3
A_PA	1189	1488	G	0	0	1488	34.6
A_PA	1190	1430	A	0	0	1430	37.6
A_PA	1191	1248	A	0	0	1248	35.1
A_PA	1192	1263	C	0	0	1263	34.8
A_PA	1193	1432	C	0	0	1432	36.6
A_PA	1194	1342	A	0	0	1342	35.6
A_PA	1195	1258	G	0	0	1258	34.5
A_PA	1196	1487	A	0	0	1487	36.2
A_PA	1197	1463	G	0	0	1463	37.7
A_PA	1198	1241	T	0	0	1241	34.6
A_PA	1199	1225	C	0	0	1225	37.1
A_PA	1200	1267	T	0	0	1267	34.4
A_PA	1201	1371	A	0	0	1371	35.6
A_PA	1202	1287	G	0	0	1287	37.1
A_PA	1203	1327	A	0	0	1327	36.7
A_PA	1204	1352	T	0	0	1352	35.8
A_PA	1205	1300	C	0	0	1300	36.3
A_PA	1206	1268	A	0	0	1268	37.9
A_PA	1207	1279	C	0	0	1279	36.9
A_PA	1208	1380	T	0	0	1380	35.8
A_PA	1209	1513	A	0	0	1513	34.6
A_PA	1210	1326	G	0	0	1326	36.8
A_PA	1211	1485	C	0	0	1485	37.7
A_PA	1212	1390	A	0	0	1390	36.9
A_PA	1213	1308	A	0	0	1308	36.1
A_PA	1214	1398	G	0	0	1398	37.9
A_PA	1215	1128	C	0	0	1128	35.6
A_PA	1216	1432	T	0	0	1432	37.6
A_PA	1217	1353	G	0	0	1353	34.1
A_PA	1218	1241	G	0	0	1241	36.3
A_PA	1219	1393	A	0	0	1393	36.3
A_PA	1220	1371	T	0	0	1371	36.1
A_PA	1221	1238	T	0	0	1238	36.9
A_PA	1222	1189	C	0	0	1189	34.1
A_PA	1223	1361	A	0	0	1361	36.4
A_PA	1224	1423	G	0	0	1423	34.7
A_PA	1225	1361	A	0	0	1361	37.7
A_PA	1226	1280	G	0	0	1280	35.3
A_PA	1227	1317	T	0	0	1317	34.5
A_PA	1228	1490	G	0	0	1490	35.8
A_PA	1229	1446	A	0	0	1446	35.8
A_PA	1230	1457	A	0	0	1457	34.6
A_PA	1231	1413	T	0	0	1413	37.4
A_PA	1232	1266	T	0	0	1266	37.1
A_PA	1233	1382	C	0	0	1382	34.3
A_PA	1234	1505	A	0	0	1505	37.1
A_PA	1235	1449	A	0	0	1449	34.2
A_PA	1236	1614	C	0	0	1614	36.7
A_PA	1237	1341	A	0	0	1341	36.4
A_PA	1238	1334	A	0	0	1334	37.2
A_PA	1239	1323	G	0	0	1323	36.0
A_PA	1240	1394	G	0	0	1394	37.0
A_PA	1241	1316	C	0	0	1316	34.2
A_PA	1242	1400	A	0	0	1400	37.6
A_PA	1243	1314	T	0	0	1314	37.4
A_PA	1244	1363	G	0	0	1363	34.2
A_PA	1245	1442	C	0	0	1442	37.0
A_PA	1246	1360	G	0	0	1360	34.3
A_PA	1247	1431	A	0	0	1431	35.4
A_PA	1248	1409	A	0	0	1409	35.1
A_PA	1249	1419	C	0	0	1419	35.8
A_PA	1250	1406	T	0	0	1406	34.7
A_PA	1251	1382	G	0	0	1382	34.3
A_PA	1252	1405	A	0	0	1405	37.1
A_PA	1253	1375	C	0	0	1375	35.2
A_PA	1254	1539	A	0	0	1539	36.4
A_PA	1255	1387	G	0	0	1387	35.7
A_PA	1256	1490	A	0	0	1490	34.4
A_PA	1257	1385	T	0	0	1385	34.0
A_PA	1258	1519	T	0	0	1519	37.9
A_PA	1259	1531	C	0	0	1531	34.9
A_PA	1260	1605	G	0	0	1605	35.1
A_PA	1261	1503	A	0	0	1503	35.0
A_PA	1262	1578	G	0	0	1578	37.5
A_PA	1263	1591	T	0	0	1591	35.3
A_PA	1264	1578	T	0	0	1578	34.1
A_PA	1265	1382	G	0	0	1382	36.1
A_PA	1266	1557	G	0	0	1557	34.4
A_PA	1267	1716	A	0	0	1716	35.4
A_PA	1268	1485	T	0	0	1485	34.5
A_PA	1269	1573	T	0	0	1573	37.4
A_PA	1270	1614	G	0	0	1614	35.5
A_PA	1271	1553	A	0	0	1553	34.3
A_PA	1272	1433	A	0	0	1433	37.4
A_PA	1273	1460	C	0	0	1460	35.5
A_PA	1274	1755	T	0	0	1755	36.7
A_PA	1275	1628	T	0	0	1628	35.9
A_PA	1276	1567	G	0	0	1567	37.3
A_PA	1277	1664	A	0	0	1664	34.2
A_PA	1278	1492	T	0	0	1492	35.1
A_PA	1279	1672	G	0	0	1672	35.4
A_PA	1280	1539	A	0	0	1539	38.0
A_PA	1281	1589	G	0	0	1589	37.0
A_PA	1282	1793	A	0	0	1793	36.1
A_PA	1283	1779	T	0	0	1779	36.2
A_PA	1284	1589	A	0	0	1589	35.0
A_PA	1285	1662	G	0	0	1662	37.6
A_PA	1286	1779	G	0	0	1779	35.0
A_PA	1287	1790	G	0	0	1790	35.4
A_PA	1288	1617	G	0	0	1617	35.3
A_PA	1289	1619	A	0	0	1619	34.2
A_PA	1290	1640	A	0	0	1640	36.4
A_PA	1291	1686	G	0	0	1686	35.8
A_PA	1292	1815	A	0	0	1815	35.9
A_PA	1293	1711	C	0	0	1711	35.0
A_PA	1294	1716	G	0	0	1716	37.7
A_PA	1295	1761	T	0	0	1761	35.4
A_PA	1296	1768	T	0	0	1768	35.8
A_PA	1297	1746	G	0	0	1746	34.8
A_PA	1298	2102	C	0	0	2102	35.8
A_PA	1299	1893	T	0	0	1893	34.6
A_PA	1300	1797	C	0	0	1797	36.4
A_PA	1301	1739	C	0	0	1739	35.9
A_PA	1302	1852	A	0	0	1852	38.0
A_PA	1303	1835	A	0	0	1835	35.4
A_PA	1304	1662	T	0	0	1662	37.9
A_PA	1305	1615	C	0	0	1615	34.3
A_PA	1306	1867	G	0	0	1867	37.8
A_PA	1307	1807	A	0	0	1807	37.1
A_PA	1308	1918	A	0	0	1918	37.2
A_PA	1309	1885	C	0	0	1885	37.2
A_PA	1310	1938	A	0	0	1938	37.6
A_PA	1311	1863	C	0	0	1863	37.4
A_PA	1312	1854	A	0	0	1854	35.8
A_PA	1313	1911	T	0	0	1911	37.2
A_PA	1314	1917	T	0	0	1917	34.7
A_PA	1315	2129	G	0	0	2129	37.8
A_PA	1316	2030	C	0	0	2030	37.6
A_PA	1317	1853	G	0	0	1853	37.2
A_PA	1318	1882	A	0	0	1882	35.0
A_PA	1319	1954	G	0	0	1954	37.6
A_PA	1320	1939	T	0	0	1939	36.1
A_PA	1321	1987	G	0	0	1987	36.1
A_PA	1322	2056	T	0	0	2056	35.8
A_PA	1323	1872	G	0	0	1872	35.4
A_PA	1324	1915	A	0	0	1915	35.2
A_PA	1325	1980	G	0	0	1980	37.9
A_PA	1326	1851	G	0	0	1851	34.5
A_PA	1327	1920	A	0	0	1920	34.2
A_PA	1328	2057	G	0	0	2057	36.5
A_PA	1329	1716	G	0	0	1716	36.5
A_PA	1330	2050	A	0	0	2050	34.4
A_PA	1331	1957	A	0	0	1957	34.2
A_PA	1332	2150	C	0	0	2150	36.6
A_PA	1333	1831	T	0	0	1831	35.2
A_PA	1334	2198	A	0	0	2198	35.9
A_PA	1335	1878	T	0	0	1878	36.9
A_PA	1336	2261	T	0	0	2261	35.9
A_PA	1337	2261	T	0	0	2261	37.4
A_PA	1338	2027	C	0	0	2027	36.9
A_PA	1339	1964	A	0	0	1964	35.5
A_PA	1340	1957	C	0	0	1957	34.2
A_PA	1341	2245	A	0	0	2245	36.0
A_PA	1342	2154	G	0	0	2154	37.4
A_PA	1343	2216	C	0	0	2216	36.3
A_PA	1344	2020	G	0	0	2020	35.0
A_PA	1345	2009	G	0	0	2009	36.7
A_PA	1346	1864	A	0	0	1864	35.7
A_PA	1347	2006	G	0	0	2006	37.2
A_PA	1348	2174	G	0	0	2174	37.9
A_PA	1349	2180	T	0	0	2180	36.2
A_PA	1350	2323	A	0	0	2323	35.8
A_PA	1351	2247	T	0	0	2247	37.8
A_PA	1352	2186	C	0	0	2186	35.8
A_PA	1353	2262	C	0	0	2262	36.8
A_PA	1354	2082	C	0	0	2082	36.1
A_PA	1355	2320	A	0	0	2320	36.5
A_PA	1356	2306	T	0	0	2306	36.1
A_PA	1357	2052	T	0	0	2052	34.5
A_PA	1358	2086	G	0	0	2086	34.7
A_PA	1359	1996	C	0	0	1996	36.7
A_PA	1360	1973	A	0	0	1973	35.0
A_PA	1361	2237	G	0	0	2237	36.0
A_PA	1362	2508	G	0	0	2508	35.2
A_PA	1363	2465	G	0	0	2465	36.5
A_PA	1364	2095	C	0	0	2095	34.7
A_PA	1365	2100	C	0	0	2100	35.9
A_PA	1366	2340	A	0	0	2340	37.6
A_PA	1367	2353	C	0	0	2353	37.3
A_PA	1368	2223	T	0	0	2223	36.8
A_PA	1369	2116	G	0	0	2116	37.7
A_PA	1370	2550	A	0	0	2550	35.7
A_PA	1371	2385	A	0	0	2385	35.4
A_PA	1372	2255	T	0	0	2255	37.7
A_PA	1373	2218	A	0	0	2218	37.9
A_PA	1374	2062	C	0	0	2062	37.1
A_PA	1375	2288	A	0	0	2288	34.2
A_PA	1376	2168	T	0	0	2168	36.0
A_PA	1377	2344	A	0	0	2344	35.9
A_PA	1378	2396	A	0	0	2396	36.4
A_PA	1379	2339	T	0	0	2339	36.7
A_PA	1380	2145	G	0	0	2145	37.8
A_PA	1381	2188	A	0	0	2188	36.5
A_PA	1382	2059	A	0	0	2059	37.3
A_PA	1383	2239	G	0	0	2239	36.9
A_PA	1384	2265	G	0	0	2265	36.3
A_PA	1385	2152	G	0	0	2152	35.1
A_PA	1386	2184	A	0	0	2184	35.4
A_PA	1387	2369	G	0	0	2369	36.6
A_PA	1388	2249	T	0	0	2249	35.9
A_PA	1389	2203	A	0	0	2203	36.6
A_PA	1390	2237	T	0	0	2237	37.0
A_PA	1391	2186	A	0	0	2186	35.4
A_PA	1392	2166	C	0	0	2166	34.1
A_PA	1393	2441	A	0	0	2441	35.1
A_PA	1394	2497	T	0	0	2497	35.1
A_PA	1395	2081	A	0	0	2081	36.0
A_PA	1396	2304	A	0	0	2304	34.7
A_PA	1397	2290	A	0	0	2290	35.0
A_PA	1398	2155	C	0	0	2155	36.3
A_PA	1399	2407	A	0	0	2407	36.3
A_PA	1400	2268	C	0	0	2268	36.0
A_PA	1401	2257	A	0	0	2257	37.3
A_PA	1402	2062	G	0	0	2062	37.4
A_PA	1403	2211	C	0	0	2211	36.5
A_PA	1404	2555	C	0	0	2555	36.3
A_PA	1405	2275	C	0	0	2275	34.5
A_PA	1406	2226	T	0	0	2226	34.6
A_PA	1407	2382	A	0	0	2382	34.1
A_PA	1408	2197	T	0	0	2197	34.5
A_PA	1409	2179	T	0	0	2179	35.8
A_PA	1410	2322	G	0	0	2322	34.8
A_PA	1411	2171	A	0	0	2171	37.4
A_PA	1412	2192	A	0	0	2192	36.3
A_PA	1413	2536	T	0	0	2536	37.0
A_PA	1414	2284	G	0	0	2284	37.7
A_PA	1415	2053	C	0	0	2053	35.4
A_PA	1416	2261	A	0	0	2261	35.8
A_PA	1417	2506	T	0	0	2506	37.5
A_PA	1418	2548	C	0	0	2548	36.0
A_PA	1419	2332	C	0	0	2332	37.0
A_PA	1420	2102	T	0	0	2102	36.1
A_PA	1421	2143	G	0	0	2143	36.1
A_PA	1422	2275	T	0	0	2275	37.7
A_PA	1423	2083	G	0	0	2083	37.7
A_PA	1424	2328	C	0	0	2328	37.0
A_PA	1425	2319	A	0	0	2319	35.1
A_PA	1426	2232	G	0	0	2232	36.6
A_PA	1427	2190	C	0	0	2190	36.4
A_PA	1428	2350	C	0	0	2350	37.0
A_PA	1429	2260	A	0	0	2260	35.6
A_PA	1430	2327	T	0	0	2327	34.9
A_PA	1431	2289	G	0	0	2289	37.8
A_PA	1432	2531	G	0	0	2531	36.9
A_PA	1433	2568	A	0	0	2568	37.3
A_PA	1434	2296	T	0	0	2296	34.2
A_PA	1435	2156	G	0	0	2156	36.8
A_PA	1436	2302	A	0	0	2302	35.7
A_PA	1437	2133	C	0	0	2133	37.9
A_PA	1438	1906	T	0	0	1906	34.1
A_PA	1439	2592	T	0	0	2592	34.6
A_PA	1440	2171	C	0	0	2171	36.6
A_PA	1441	2221	C	0	0	2221	34.2
A_PA	1442	2134	A	0	0	2134	37.4
A_PA	1443	2266	A	0	0	2266	35.7
A_PA	1444	2062	T	0	0	2062	37.1
A_PA	1445	2278	T	0	0	2278	37.3
A_PA	1446	2059	G	0	0	2059	36.1
A_PA	1447	2196	A	0	0	2196	37.5
A_PA	1448	2248	T	0	0	2248	36.9
A_PA	1449	2354	T	0	0	2354	34.4
A_PA	1450	2195	C	0	0	2195	35.7
A_PA	1451	2050	C	0	0	2050	36.8
A_PA	1452	2022	A	0	0	2022	35.1
A_PA	1453	2291	A	0	0	2291	34.5
A_PA	1454	2166	T	0	0	2166	37.6
A_PA	1455	2224	G	0	0	2224	34.0
A_PA	1456	2109	A	0	0	2109	35.4
A_PA	1457	2174	T	0	0	2174	36.1
A_PA	1458	2320	A	0	0	2320	37.0
A_PA	1459	2251	A	0	0	2251	36.1
A_PA	1460	2345	G	0	0	2345	35.4
A_PA	1461	2199	T	0	0	2199	36.7
A_PA	1462	2251	A	0	0	2251	35.4
A_PA	1463	2265	A	0	0	2265	36.8
A_PA	1464	2377	G	0	0	2377	37.3
A_PA	1465	2084	T	0	0	2084	35.5
A_PA	1466	2210	G	0	0	2210	37.7
A_PA	1467	2327	C	0	0	2327	35.7
A_PA	1468	1956	A	0	0	1956	36.0
A_PA	1469	2069	G	0	0	2069	35.0
A_PA	1470	2059	A	0	0	2059	35.1
A_PA	1471	2125	A	0	0	2125	34.3
A_PA	1472	2188	C	0	0	2188	35.7
A_PA	1473	2205	T	0	0	2205	37.1
A_PA	1474	2262	A	0	0	2262	36.4
A_PA	1475	2141	A	0	0	2141	34.6
A_PA	1476	2045	A	0	0	2045	35.0
A_PA	1477	1947	G	0	0	1947	35.7
A_PA	1478	2243	A	0	0	2243	36.7
A_PA	1479	2143	A	0	0	2143	37.2
A_PA	1480	2171	G	0	0	2171	38.0
A_PA	1481	2050	G	0	0	2050	37.5
A_PA	1482	2050	A	0	0	2050	37.0
A_PA	1483	2275	A	0	0	2275	37.2
A_PA	1484	2090	G	0	0	2090	34.2
A_PA	1485	2140	A	0	0	2140	36.2
A_PA	1486	2481	C	0	0	2481	37.0
A_PA	1487	2246	G	0	0	2246	37.5
A_PA	1488	2415	G	0	0	2415	35.7
A_PA	1489	1994	A	0	0	1994	36.0
A_PA	1490	2015	A	0	0	2015	37.3
A_PA	1491	2055	G	0	0	2055	36.3
A_PA	1492	2031	A	0	0	2031	34.7
A_PA	1493	2097	C	0	0	2097	34.1
A_PA	1494	2030	A	0	0	2030	34.1
A_PA	1495	2299	A	0	0	2299	37.6
A_PA	1496	2304	A	0	0	2304	36.9
A_PA	1497	2258	T	0	0	2258	37.6
A_PA	1498	2130	C	0	0	2130	35.5
A_PA	1499	2112	T	0	0	2112	35.3
A_PA	1500	2363	G	0	0	2363	37.6
A_PA	1501	2217	T	0	0	2217	36.9
A_PA	1502	1995	A	0	0	1995	37.6
A_PA	1503	2178	T	0	0	2178	34.4
A_PA	1504	2268	G	0	0	2268	36.1
A_PA	1505	2236	G	0	0	2236	34.8
A_PA	1506	2142	A	0	0	2142	37.5
A_PA	1507	2122	T	0	0	2122	35.1
A_PA	1508	2244	T	0	0	2244	34.7
A_PA	1509	2308	C	0	0	2308	36.2
A_PA	1510	2210	A	0	0	2210	36.0
A_PA	1511	2460	T	0	0	2460	36.9
A_PA	1512	2039	T	0	0	2039	36.0
A_PA	1513	2202	A	0	0	2202	35.6
A_PA	1514	1822	T	0	0	1822	35.5
A_PA	1515	2251	A	0	0	2251	35.2
A_PA	1516	2358	A	0	0	2358	36.7
A_PA	1517	2221	A	0	0	2221	34.4
A_PA	1518	2178	A	0	0	2178	36.1
A_PA	1519	2282	G	0	0	2282	34.1
A_PA	1520	2151	G	0	0	2151	37.9
A_PA	1521	2011	A	0	0	2011	36.3
A_PA	1522	2075	A	0	0	2075	36.7
A_PA	1523	2235	G	0	0	2235	35.9
A_PA	1524	2436	A	0	0	2436	34.6
A_PA	1525	2289	T	0	0	2289	35.5
A_PA	1526	1979	C	0	0	1979	36.6
A_PA	1527	2088	C	0	0	2088	35.5
A_PA	1528	2260	C	0	0	2260	36.7
A_PA	1529	2155	A	0	0	2155	35.6
A_PA	1530	2194	T	0	0	2194	37.5
A_PA	1531	1959	T	0	0	1959	36.0
A_PA	1532	2267	T	0	0	2267	35.3
A_PA	1533	2474	G	0	0	2474	35.0
A_PA	1534	2019	A	0	0	2019	37.0
A_PA	1535	2249	G	0	0	2249	35.7
A_PA	1536	2359	G	0	0	2359	36.6
A_PA	1537	1952	A	0	0	1952	35.6
A_PA	1538	2026	A	0	0	2026	35.7
A_PA	1539	2336	T	0	0	2336	37.2
A_PA	1540	2343	G	0	0	2343	34.5
A_PA	1541	2022	A	0	0	2022	34.1
A_PA	1542	2118	C	0	0	2118	34.1
A_PA	1543	2277	A	0	0	2277	37.6
A_PA	1544	2205	C	0	0	2205	34.3
A_PA	1545	2449	C	0	0	2449	34.3
A_PA	1546	2236	G	0	0	2236	34.7
A_PA	1547	2165	A	0	0	2165	36.1
A_PA	1548	2254	T	0	0	2254	37.4
A_PA	1549	2458	G	0	0	2458	37.1
A_PA	1550	2346	T	0	0	2346	37.3
A_PA	1551	2401	G	0	0	2401	36.5
A_PA	1552	2364	G	0	0	2364	35.6
A_PA	1553	2487	T	0	0	2487	37.6
A_PA	1554	2410	A	0	0	2410	37.3
A_PA	1555	2256	A	0	0	2256	37.1
A_PA	1556	2547	A	0	0	2547	34.0
A_PA	1557	2336	C	0	0	2336	35.6
A_PA	1558	2328	T	0	0	2328	35.3
A_PA	1559	2275	T	0	0	2275	38.0
A_PA	1560	2270	T	0	0	2270	36.3
A_PA	1561	2357	G	0	0	2357	34.8
A_PA	1562	2370	T	0	0	2370	37.0
A_PA	1563	2124	G	0	0	2124	34.5
A_PA	1564	2380	A	0	0	2380	36.0
A_PA	1565	2358	G	0	0	2358	36.9
A_PA	1566	2410	C	0	0	2410	37.0
A_PA	1567	2527	A	0	0	2527	37.1
A_PA	1568	2614	T	0	0	2614	35.8
A_PA	1569	2135	G	0	0	2135	35.8
A_PA	1570	2334	G	0	0	2334	37.9
A_PA	1571	2652	A	0	0	2652	35.5
A_PA	1572	2218	A	0	0	2218	37.2
A_PA	1573	2692	T	0	0	2692	34.1
A_PA	1574	2474	T	0	0	2474	37.9
A_PA	1575	2480	C	0	0	2480	36.9
A_PA	1576	2624	T	0	0	2624	36.3
A_PA	1577	2382	C	0	0	2382	36.1
A_PA	1578	2163	T	0	0	2163	35.4
A_PA	1579	2468	C	0	0	2468	35.4
A_PA	1580	2624	T	0	0	2624	35.0
A_PA	1581	2429	A	0	0	2429	37.3
A_PA	1582	2697	A	0	0	2697	37.5
A_PA	1583	2420	C	0	0	2420	36.2
A_PA	1584	2283	T	0	0	2283	36.8
A_PA	1585	2544	G	0	0	2544	36.6
A_PA	1586	2267	A	0	0	2267	34.2
A_PA	1587	2314	C	0	0	2314	35.0
A_PA	1588	2548	C	0	0	2548	35.3
A_PA	1589	2590	C	0	0	2590	37.6
A_PA	1590	2398	G	0	0	2398	37.3
A_PA	1591	2399	A	0	0	2399	35.2
A_PA	1592	2444	G	0	0	2444	37.8
A_PA	1593	2808	G	0	0	2808	37.8
A_PA	1594	2568	C	0	0	2568	34.4
A_PA	1595	2269	T	0	0	2269	35.9
A_PA	1596	2451	A	0	0	2451	38.0
A_PA	1597	2682	G	0	0	2682	35.6
A_PA	1598	2417	A	0	0	2417	35.2
A_PA	1599	2576	G	0	0	2576	34.1
A_PA	1600	2630	C	0	0	2630	34.6
A_PA	1601	2372	C	0	0	2372	36.5
A_PA	1602	2681	A	0	0	2681	38.0
A_PA	1603	2516	C	0	0	2516	34.5
A_PA	1604	2706	A	0	0	2706	36.3
A_PA	1605	2454	C	0	0	2454	36.1
A_PA	1606	2741	A	0	0	2741	36.1
A_PA	1607	2690	A	0	0	2690	36.3
A_PA	1608	2456	A	0	0	2456	34.8
A_PA	1609	2380	T	0	0	2380	35.8
A_PA	1610	2629	G	0	0	2629	34.8
A_PA	1611	2700	G	0	0	2700	36.8
A_PA	1612	2682	G	0	0	2682	37.3
A_PA	1613	2616	A	0	0	2616	35.6
A_PA	1614	2766	A	0	0	2766	34.5
A_PA	1615	2486	A	0	0	2486	37.8
A_PA	1616	3144	A	0	0	3144	37.8
A_PA	1617	2782	G	0	0	2782	36.1
A_PA	1618	2873	T	0	0	2873	37.5
A_PA	1619	2497	A	0	0	2497	35.5
A_PA	1620	2613	C	0	0	2613	36.5
A_PA	1621	2895	T	0	0	2895	34.8
A_PA	1622	2569	G	0	0	2569	37.7
A_PA	1623	2667	T	0	0	2667	34.6
A_PA	1624	2776	G	0	0	2776	35.2
A_PA	1625	2603	T	0	0	2603	34.6
A_PA	1626	2893	T	0	0	2893	35.1
A_PA	1627	2794	C	0	0	2794	34.6
A_PA	1628	2787	T	0	0	2787	35.9
A_PA	1629	2754	T	0	0	2754	34.8
A_PA	1630	2737	G	0	0	2737	37.1
A_PA	1631	2548	A	0	0	2548	34.3
A_PA	1632	2862	G	0	0	2862	37.7
A_PA	1633	2872	A	0	0	2872	34.1
A_PA	1634	2573	T	0	0	2573	35.8
A_PA	1635	2731	A	0	0	2731	34.9
A_PA	1636	2614	G	0	0	2614	36.7
A_PA	1637	2443	G	0	0	2443	36.9
A_PA	1638	2495	A	0	0	2495	35.2
A_PA	1639	2836	G	0	0	2836	37.9
A_PA	1640	2911	A	0	0	2911	35.5
A_PA	1641	2552	C	0	0	2552	37.4
A_PA	1642	2817	A	0	0	2817	36.3
A_PA	1643	2681	T	0	0	2681	35.0
A_PA	1644	2944	G	0	0	2944	36.9
A_PA	1645	2746	C	0	0	2746	34.9
A_PA	1646	2830	T	0	0	2830	34.7
A_PA	1647	2751	C	0	0	2751	37.6
A_PA	1648	2915	C	0	0	2915	37.4
A_PA	1649	2767	T	0	0	2767	37.6
A_PA	1650	2687	A	0	0	2687	36.2
A_PA	1651	2778	C	0	0	2778	35.3
A_PA	1652	2716	G	0	0	2716	35.6
A_PA	1653	3001	G	0	0	3001	35.0
A_PA	1654	2808	A	0	0	2808	36.2
A_PA	1655	2456	C	0	0	2456	36.1
A_PA	1656	2922	T	0	0	2922	34.3
A_PA	1657	2822	G	0	0	2822	38.0
A_PA	1658	2650	C	0	0	2650	37.7
A_PA	1659	2855	A	0	0	2855	34.5
A_PA	1660	2912	A	0	0	2912	37.9
A_PA	1661	2708	T	0	0	2708	35.2
A_PA	1662	2865	A	0	0	2865	37.6
A_PA	1663	2712	G	0	0	2712	37.4
A_PA	1664	2833	G	0	0	2833	35.5
A_PA	1665	2742	C	0	0	2742	37.9
A_PA	1666	2626	C	0	0	2626	37.4
A_PA	1667	2623	A	0	0	2623	37.2
A_PA	1668	2976	A	0	0	2976	34.5
A_PA	1669	2906	G	0	0	2906	36.3
A_PA	1670	2754	T	0	0	2754	34.6
A_PA	1671	2520	G	0	0	2520	36.2
A_PA	1672	2497	T	0	0	2497	34.5
A_PA	1673	2579	C	0	0	2579	35.4
A_PA	1674	2614	G	0	0	2614	36.2
A_PA	1675	2738	A	0	0	2738	38.0
A_PA	1676	2643	G	0	0	2643	37.9
A_PA	1677	2949	G	0	0	2949	35.4
A_PA	1678	2565	C	0	0	2565	34.1
A_PA	1679	2875	C	0	0	2875	36.5
A_PA	1680	2785	C	0	0	2785	34.8
A_PA	1681	2455	A	0	0	2455	35.5
A_PA	1682	2595	T	0	0	2595	37.0
A_PA	1683	2409	G	0	0	2409	34.6
A_PA	1684	2787	T	0	0	2787	37.5
A_PA	1685	2596	T	0	0	2596	37.8
A_PA	1686	2369	C	0	0	2369	37.6
A_PA	1687	3060	C	0	0	3060	35.6
A_PA	1688	2491	T	0	0	2491	34.4
A_PA	1689	2681	G	0	0	2681	36.1
A_PA	1690	2330	T	0	0	2330	36.4
A_PA	1691	2478	A	0	0	2478	34.0
A_PA	1692	2526	T	0	0	2526	35.0
A_PA	1693	2296	G	0	0	2296	34.4
A_PA	1694	2422	T	0	0	2422	37.4
A_PA	1695	2658	G	0	0	2658	36.9
A_PA	1696	2560	A	0	0	2560	35.1
A_PA	1697	2700	G	0	0	2700	36.2
A_PA	1698	2627	A	0	0	2627	38.0
A_PA	1699	2735	A	0	0	2735	37.9
A_PA	1700	2690	C	0	0	2690	35.4
A_PA	1701	2210	C	0	0	2210	34.2
A_PA	1702	2518	A	0	0	2518	36.1
A_PA	1703	2614	A	0	0	2614	37.9
A_PA	1704	2473	T	0	0	2473	35.3
A_PA	1705	2595	G	0	0	2595	34.2
A_PA	1706	2542	G	0	0	2542	34.9
A_PA	1707	2693	G	0	0	2693	36.0
A_PA	1708	2406	A	0	0	2406	37.1
A_PA	1709	2536	C	0	0	2536	37.5
A_PA	1710	2429	T	0	0	2429	36.4
A_PA	1711	2411	T	0	0	2411	36.9
A_PA	1712	2660	C	0	0	2660	36.1
A_PA	1713	2462	C	0	0	2462	37.7
A_PA	1714	2397	A	0	0	2397	37.4
A_PA	1715	2675	A	0	0	2675	34.7
A_PA	1716	2560	G	0	0	2560	36.1
A_PA	1717	2259	A	0	0	2259	37.3
A_PA	1718	2660	T	0	0	2660	37.4
A_PA	1719	2236	C	0	0	2236	34.7
A_PA	1720	2722	A	0	0	2722	37.9
A_PA	1721	2465	A	0	0	2465	37.2
A_PA	1722	2390	A	0	0	2390	36.8
A_PA	1723	2279	A	0	0	2279	37.2
A_PA	1724	2285	T	0	0	2285	36.0
A_PA	1725	2414	G	0	0	2414	37.2
A_PA	1726	2472	A	0	0	2472	34.9
A_PA	1727	2094	A	0	0	2094	34.7
A_PA	1728	2428	A	0	0	2428	34.4
A_PA	1729	2200	T	0	0	2200	36.8
A_PA	1730	2354	G	0	0	2354	35.2
A_PA	1731	2307	G	0	0	2307	35.7
A_PA	1732	2178	G	0	0	2178	34.5
A_PA	1733	2404	G	0	0	2404	36.2
A_PA	1734	2316	C	0	0	2316	34.2
A_PA	1735	2169	A	0	0	2169	38.0
A_PA	1736	2403	T	0	0	2403	35.9
A_PA	1737	2377	G	0	0	2377	35.8
A_PA	1738	2413	G	0	0	2413	35.8
A_PA	1739	2106	A	0	0	2106	34.8
A_PA	1740	2473	G	0	0	2473	35.9
A_PA	1741	2142	A	0	0	2142	35.2
A_PA	1742	2215	T	0	0	2215	35.9
A_PA	1743	2134	G	0	0	2134	35.4
A_PA	1744	2052	A	0	0	2052	35.5
A_PA	1745	2166	G	0	0	2166	35.1
A_PA	1746	2114	G	0	0	2114	38.0
A_PA	1747	2310	C	0	0	2310	35.9
A_PA	1748	2096	G	0	0	2096	34.7
A_PA	1749	2205	A	0	0	2205	35.6
A_PA	1750	2209	T	0	0	2209	37.7
A_PA	1751	2125	G	0	0	2125	35.8
A_PA	1752	2018	C	0	0	2018	34.3
A_PA	1753	2150	C	0	0	2150	37.5
A_PA	1754	1987	T	0	0	1987	35.1
A_PA	1755	1966	T	0	0	1966	36.1
A_PA	1756	2020	C	0	0	2020	36.2
A_PA	1757	2102	T	0	0	2102	36.3
A_PA	1758	1978	T	0	0	1978	35.2
A_PA	1759	1973	C	0	0	1973	34.3
A_PA	1760	1909	A	0	0	1909	35.5
A_PA	1761	2025	G	0	0	2025	36.6
A_PA	1762	1987	T	0	0	1987	37.1
A_PA	1763	2016	C	0	0	2016	37.3
A_PA	1764	2162	C	0	0	2162	35.5
A_PA	1765	1841	C	0	0	1841	37.1
A_PA	1766	1989	T	0	0	1989	36.4
A_PA	1767	1836	T	0	0	1836	37.4
A_PA	1768	1939	C	0	0	1939	34.3
A_PA	1769	2081	A	0	0	2081	35.9
A_PA	1770	2052	A	0	0	2052	35.2
A_PA	1771	1820	C	0	0	1820	36.1
A_PA	1772	1727	A	0	0	1727	36.6
A_PA	1773	1861	A	0	0	1861	37.9
A_PA	1774	1777	A	0	0	1777	36.7
A_PA	1775	2018	T	0	0	2018	36.4
A_PA	1776	1873	T	0	0	1873	34.4
A_PA	1777	1707	G	0	0	1707	37.0
A_PA	1778	1782	A	0	0	1782	35.1
A_PA	1779	1962	G	0	0	1962	37.6
A_PA	1780	1929	A	0	0	1929	36.4
A_PA	1781	1975	G	0	0	1975	35.6
A_PA	1782	1758	C	0	0	1758	37.7
A_PA	1783	1824	A	0	0	1824	37.3
A_PA	1784	1789	T	0	0	1789	35.6
A_PA	1785	1787	G	0	0	1787	34.5
A_PA	1786	1973	A	0	0	1973	37.9
A_PA	1787	1755	T	0	0	1755	38.0
A_PA	1788	1845	T	0	0	1845	34.3
A_PA	1789	1897	G	0	0	1897	36.5
A_PA	1790	1757	A	0	0	1757	37.4
A_PA	1791	1697	G	0	0	1697	36.1
A_PA	1792	1392	G	0	0	1392	35.8
A_PA	1793	1791	C	0	0	1791	37.4
A_PA	1794	1831	C	0	0	1831	37.1
A_PA	1795	1761	G	0	0	1761	34.8
A_PA	1796	1811	A	0	0	1811	34.9
A_PA	1797	1625	A	0	0	1625	36.7
A_PA	1798	1630	T	0	0	1630	36.5
A_PA	1799	1677	C	0	0	1677	37.4
A_PA	1800	1728	T	0	0	1728	35.6
A_PA	1801	1694	T	0	0	1694	37.8
A_PA	1802	1742	C	0	0	1742	37.2
A_PA	1803	1537	T	0	0	1537	35.0
A_PA	1804	1877	G	0	0	1877	34.1
A_PA	1805	1649	T	0	0	1649	35.5
A_PA	1806	1719	C	0	0	1719	36.2
A_PA	1807	1465	A	0	0	1465	37.0
A_PA	1808	1799	A	0	0	1799	36.8
A_PA	1809	1694	A	0	0	1694	34.8
A_PA	1810	1604	G	0	0	1604	36.9
A_PA	1811	1593	A	0	0	1593	35.8
A_PA	1812	1380	G	0	0	1380	34.3
A_PA	1813	1546	A	0	0	1546	36.5
A_PA	1814	1685	A	0	0	1685	37.0
A_PA	1815	1569	G	0	0	1569	34.6
A_PA	1816	1625	G	0	0	1625	37.7
A_PA	1817	1506	A	0	0	1506	34.6
A_PA	1818	1572	C	0	0	1572	37.1
A_PA	1819	1568	A	0	0	1568	35.4
A_PA	1820	1452	T	0	0	1452	34.1
A_PA	1821	1344	G	0	0	1344	35.6
A_PA	1822	1664	T	0	0	1664	36.7
A_PA	1823	1498	C	0	0	1498	37.0
A_PA	1824	1590	C	0	0	1590	35.2
A_PA	1825	1641	A	0	0	1641	35.1
A_PA	1826	1406	A	0	0	1406	35.4
A_PA	1827	1574	G	0	0	1574	37.1
A_PA	1828	1488	G	0	0	1488	34.1
A_PA	1829	1558	A	0	0	1558	37.0
A_PA	1830	1435	A	0	0	1435	35.9
A_PA	1831	1386	T	0	0	1386	36.2
A_PA	1832	1525	T	0	0	1525	37.9
A_PA	1833	1338	C	0	0	1338	37.1
A_PA	1834	1494	T	0	0	1494	34.1
A_PA	1835	1575	T	0	0	1575	36.4
A_PA	1836	1603	T	0	0	1603	36.4
A_PA	1837	1568	G	0	0	1568	37.5
A_PA	1838	1583	A	0	0	1583	37.3
A_PA	1839	1410	A	0	0	1410	35.9
A_PA	1840	1431	A	0	0	1431	36.4
A_PA	1841	1372	A	0	0	1372	35.3
A_PA	1842	1582	C	0	0	1582	34.6
A_PA	1843	1254	A	0	0	1254	36.9
A_PA	1844	1513	A	0	0	1513	34.2
A_PA	1845	1575	A	0	0	1575	37.8
A_PA	1846	1430	T	0	0	1430	34.2
A_PA	1847	1427	C	0	0	1427	37.5
A_PA	1848	1563	A	0	0	1563	36.2
A_PA	1849	1421	G	0	0	1421	35.6
A_PA	1850	1707	A	0	0	1707	36.7
A_PA	1851	1435	A	0	0	1435	34.1
A_PA	1852	1517	A	0	0	1517	36.6
A_PA	1853	1592	C	0	0	1592	37.3
A_PA	1854	1455	A	0	0	1455	35.3
A_PA	1855	1487	T	0	0	1487	35.0
A_PA	1856	1576	G	0	0	1576	36.7
A_PA	1857	1499	G	0	0	1499	34.3
A_PA	1858	1527	C	0	0	1527	36.9
A_PA	1859	1546	C	0	0	1546	37.6
A_PA	1860	1676	A	0	0	1676	34.0
A_PA	1861	1428	A	0	0	1428	37.5
A_PA	1862	1446	T	0	0	1446	34.0
A_PA	1863	1433	T	0	0	1433	37.0
A_PA	1864	1472	G	0	0	1472	37.6
A_PA	1865	1682	G	0	0	1682	36.1
A_PA	1866	1508	A	0	0	1508	35.2
A_PA	1867	1552	G	0	0	1552	37.7
A_PA	1868	1584	A	0	0	1584	35.7
A_PA	1869	1329	A	0	0	1329	35.6
A_PA	1870	1369	T	0	0	1369	34.8
A_PA	1871	1638	C	0	0	1638	35.9
A_PA	1872	1377	A	0	0	1377	36.5
A_PA	1873	1609	C	0	0	1609	34.2
A_PA	1874	1565	C	0	0	1565	35.4
A_PA	1875	1436	C	0	0	1436	34.1
A_PA	1876	1598	A	0	0	1598	36.4
A_PA	1877	1463	A	0	0	1463	37.0
A_PA	1878	1715	A	0	0	1715	35.2
A_PA	1879	1486	G	0	0	1486	35.7
A_PA	1880	1791	G	0	0	1791	37.7
A_PA	1881	1456	G	0	0	1456	36.5
A_PA	1882	1742	G	0	0	1742	37.2
A_PA	1883	1378	T	0	0	1378	37.2
A_PA	1884	1574	G	0	0	1574	36.9
A_PA	1885	1575	G	0	0	1575	37.5
A_PA	1886	1532	A	0	0	1532	34.8
A_PA	1887	1616	G	0	0	1616	34.4
A_PA	1888	1668	G	0	0	1668	35.5
A_PA	1889	1703	A	0	0	1703	36.2
A_PA	1890	1690	A	0	0	1690	35.1
A_PA	1891	1790	G	0	0	1790	37.3
A_PA	1892	1693	G	0	0	1693	36.7
A_PA	1893	1535	C	0	0	1535	35.9
A_PA	1894	1618	T	0	0	1618	37.3
A_PA	1895	1656	C	0	0	1656	36.9
A_PA	1896	1613	T	0	0	1613	37.6
A_PA	1897	1605	A	0	0	1605	36.2
A_PA	1898	1448	T	0	0	1448	36.6
A_PA	1899	1789	T	0	0	1789	37.2
A_PA	1900	1722	G	0	0	1722	34.9
A_PA	1901	1753	G	0	0	1753	34.2
A_PA	1902	1640	G	0	0	1640	34.2
A_PA	1903	1512	A	0	0	1512	36.9
A_PA	1904	1547	A	0	0	1547	36.5
A_PA	1905	1666	A	0	0	1666	35.0
A_PA	1906	1575	G	0	0	1575	35.4
A_PA	1907	1631	T	0	0	1631	37.2
A_PA	1908	1666	A	0	0	1666	37.5
A_PA	1909	1795	T	0	0	1795	34.5
A_PA	1910	1609	G	0	0	1609	37.0
A_PA	1911	1573	C	0	0	1573	35.2
A_PA	1912	1797	A	0	0	1797	36.3
A_PA	1913	1614	G	0	0	1614	37.8
A_PA	1914	1855	A	0	0	1855	35.1
A_PA	1915	1884	A	0	0	1884	34.2
A_PA	1916	1694	C	0	0	1694	34.6
A_PA	1917	1786	A	0	0	1786	36.1
A_PA	1918	1729	T	0	0	1729	37.8
A_PA	1919	1620	T	0	0	1620	38.0
A_PA	1920	1904	G	0	0	1904	36.7
A_PA	1921	1684	C	0	0	1684	34.1
A_PA	1922	1849	T	0	0	1849	34.9
A_PA	1923	2052	A	0	0	2052	34.1
A_PA	1924	1701	G	0	0	1701	37.5
A_PA	1925	1679	C	0	0	1679	35.2
A_PA	1926	1694	A	0	0	1694	37.3
A_PA	1927	1761	A	0	0	1761	35.9
A_PA	1928	1702	A	0	0	1702	34.7
A_PA	1929	1737	G	0	0	1737	37.1
A_PA	1930	1807	T	0	0	1807	34.0
A_PA	1931	1876	C	0	0	1876	35.7
A_PA	1932	1839	T	0	0	1839	37.4
A_PA	1933	1992	G	0	0	1992	37.7
A_PA	1934	1704	T	0	0	1704	34.2
A_PA	1935	1796	G	0	0	1796	34.4
A_PA	1936	1910	T	0	0	1910	35.6
A_PA	1937	1961	T	0	0	1961	37.0
A_PA	1938	1784	C	0	0	1784	36.9
A_PA	1939	1954	A	0	0	1954	34.7
A_PA	1940	1666	A	0	0	1666	37.5
A_PA	1941	1919	C	0	0	1919	35.0
A_PA	1942	1778	A	0	0	1778	35.6
A_PA	1943	1596	G	0	0	1596	36.7
A_PA	1944	1787	C	0	0	1787	36.0
A_PA	1945	1914	C	0	0	1914	36.5
A_PA	1946	2050	T	0	0	2050	34.0
A_PA	1947	1984	A	0	0	1984	35.7
A_PA	1948	1636	T	0	0	1636	35.3
A_PA	1949	1659	A	0	0	1659	34.1
A_PA	1950	1925	T	0	0	1925	36.8
A_PA	1951	1943	G	0	0	1943	34.8
A_PA	1952	1901	C	0	0	1901	35.2
A_PA	1953	1793	A	0	0	1793	37.6
A_PA	1954	1807	T	0	0	1807	35.4
A_PA	1955	1958	C	0	0	1958	37.1
A_PA	1956	1719	T	0	0	1719	37.7
A_PA	1957	1980	C	0	0	1980	36.1
A_PA	1958	1861	C	0	0	1861	34.6
A_PA	1959	1826	A	0	0	1826	35.1
A_PA	1960	2032	C	0	0	2032	37.5
A_PA	1961	2115	A	0	0	2115	36.6
A_PA	1962	2105	A	0	0	2105	34.6
A_PA	1963	1938	C	0	0	1938	36.0
A_PA	1964	1980	T	0	0	1980	35.9
A_PA	1965	1941	C	0	0	1941	35.7
A_PA	1966	1936	G	0	0	1936	35.8
A_PA	1967	1816	A	0	0	1816	36.4
A_PA	1968	1729	G	0	0	1729	37.7
A_PA	1969	1967	G	0	0	1967	36.1
A_PA	1970	1754	G	0	0	1754	35.6
A_PA	1971	1859	G	0	0	1859	35.2
A_PA	1972	2010	T	0	0	2010	37.3
A_PA	1973	1814	T	0	0	1814	35.4
A_PA	1974	1789	T	0	0	1789	37.8
A_PA	1975	1871	T	0	0	1871	37.7
A_PA	1976	1834	C	0	0	1834	37.3
A_PA	1977	1966	A	0	0	1966	36.0
A_PA	1978	1844	G	0	0	1844	36.6
A_PA	1979	1845	C	0	0	1845	36.4
A_PA	1980	1882	T	0	0	1882	36.4
A_PA	1981	1935	G	0	0	1935	34.5
A_PA	1982	2041	A	0	0	2041	34.1
A_PA	1983	2082	A	0	0	2082	35.5
A_PA	1984	2038	T	0	0	2038	35.0
A_PA	1985	2039	C	0	0	2039	35.8
A_PA	1986	1880	A	0	0	1880	37.3
A_PA	1987	1843	A	0	0	1843	34.1
A_PA	1988	1892	G	0	0	1892	35.5
A_PA	1989	2005	A	0	0	2005	36.3
A_PA	1990	2164	A	0	0	2164	34.8
A_PA	1991	1921	A	0	0	1921	34.0
A_PA	1992	1876	A	0	0	1876	35.8
A_PA	1993	1894	T	0	0	1894	37.4
A_PA	1994	2241	T	0	0	2241	36.2
A_PA	1995	1795	G	0	0	1795	36.4
A_PA	1996	2076	C	0	0	2076	34.2
A_PA	1997	1928	T	0	0	1928	34.6
A_PA	1998	1856	T	0	0	1856	36.6
A_PA	1999	2017	C	0	0	2017	35.9
A_PA	2000	1897	T	0	0	1897	37.8
A_PA	2001	2023	C	0	0	2023	36.9
A_PA	2002	1966	A	0	0	1966	35.2
A_PA	2003	1814	T	0	0	1814	36.4
A_PA	2004	1942	T	0	0	1942	34.9
A_PA	2005	1938	G	0	0	1938	35.5
A_PA	2006	1784	T	0	0	1784	35.3
A_PA	2007	1983	T	0	0	1983	36.8
A_PA	2008	1888	C	0	0	1888	34.0
A_PA	2009	2150	A	0	0	2150	36.3
A_PA	2010	1942	G	0	0	1942	36.1
A_PA	2011	1881	G	0	0	1881	36.1
A_PA	2012	2198	C	0	0	2198	37.4
A_PA	2013	1799	A	0	0	1799	34.6
A_PA	2014	1810	C	0	0	1810	36.5
A_PA	2015	1682	T	0	0	1682	35.0
A_PA	2016	2097	T	0	0	2097	36.5
A_PA	2017	2034	A	0	0	2034	37.8
A_PA	2018	1688	G	0	0	1688	35.1
A_PA	2019	1804	G	0	0	1804	37.6
A_PA	2020	1742	G	0	0	1742	35.4
A_PA	2021	2190	A	0	0	2190	37.9
A_PA	2022	1825	C	0	0	1825	37.8
A_PA	2023	2010	A	0	0	2010	36.4
A_PA	2024	1924	A	0	0	1924	35.8
A_PA	2025	1939	C	0	0	1939	36.4
A_PA	2026	1966	C	0	0	1966	34.4
A_PA	2027	1964	T	0	0	1964	36.0
A_PA	2028	1814	G	0	0	1814	36.6
A_PA	2029	1850	G	0	0	1850	37.7
A_PA	2030	1720	A	0	0	1720	35.2
A_PA	2031	1812	A	0	0	1812	35.6
A_PA	2032	1786	C	0	0	1786	36.8
A_PA	2033	1804	C	0	0	1804	37.5
A_PA	2034	1794	T	0	0	1794	34.1
A_PA	2035	1748	G	0	0	1748	35.3
A_PA	2036	1569	G	0	0	1569	35.4
A_PA	2037	1724	A	0	0	1724	35.4
A_PA	2038	1630	A	0	0	1630	35.9
A_PA	2039	1596	C	0	0	1596	34.2
A_PA	2040	1498	C	0	0	1498	37.9
A_PA	2041	1882	T	0	0	1882	37.6
A_PA	2042	1640	T	0	0	1640	35.0
A_PA	2043	1492	C	0	0	1492	35.4
A_PA	2044	1515	G	0	0	1515	35.5
A_PA	2045	1405	A	0	0	1405	35.5
A_PA	2046	1732	T	0	0	1732	37.6
A_PA	2047	1464	C	0	0	1464	34.7
A_PA	2048	1441	T	0	0	1441	35.3
A_PA	2049	1494	T	0	0	1494	37.0
A_PA	2050	1489	G	0	0	1489	35.8
A_PA	2051	1548	G	0	0	1548	36.7
A_PA	2052	1472	G	0	0	1472	35.1
A_PA	2053	1511	G	0	0	1511	36.6
A_PA	2054	1350	G	0	0	1350	37.3
A_PA	2055	1264	G	0	0	1264	37.7
A_PA	2056	1325	C	0	0	1325	35.3
A_PA	2057	1449	T	0	0	1449	37.3
A_PA	2058	1393	A	0	0	1393	34.7
A_PA	2059	1228	T	0	0	1228	35.2
A_PA	2060	1345	A	0	0	1345	37.4
A_PA	2061	1211	T	0	0	1211	34.6
A_PA	2062	1356	G	0	0	1356	35.1
A_PA	2063	1147	A	0	0	1147	37.3
A_PA	2064	1280	A	0	0	1280	36.7
A_PA	2065	1149	G	0	0	1149	34.3
A_PA	2066	1228	C	0	0	1228	37.7
A_PA	2067	1171	A	0	0	1171	36.5
A_PA	2068	1229	A	0	0	1229	36.0
A_PA	2069	1223	T	0	0	1223	35.1
A_PA	2070	1063	T	0	0	1063	35.4
A_PA	2071	1080	G	0	0	1080	37.3
A_PA	2072	1121	A	0	0	1121	37.2
A_PA	2073	1086	G	0	0	1086	35.8
A_PA	2074	994	G	0	0	994	36.6
A_PA	2075	1081	A	0	0	1081	36.8
A_PA	2076	1003	G	0	0	1003	37.8
A_PA	2077	1079	T	0	0	1079	35.7
A_PA	2078	1041	G	0	0	1041	35.8
A_PA	2079	876	C	0	0	876	35.9
A_PA	2080	1023	C	0	0	1023	35.6
A_PA	2081	881	T	0	0	881	37.1
A_PA	2082	914	G	0	0	914	35.1
A_PA	2083	918	A	0	0	918	34.2
A_PA	2084	987	T	0	0	987	37.2
A_PA	2085	922	T	0	0	922	36.3
A_PA	2086	830	A	0	0	830	35.1
A_PA	2087	909	A	0	0	909	35.1
A_PA	2088	950	C	0	0	950	35.4
A_PA	2089	773	G	0	0	773	34.0
A_PA	2090	860	A	0	0	860	36.7
A_PA	2091	826	T	0	0	826	34.6
A_PA	2092	823	C	0	0	823	36.5
A_PA	2093	800	C	0	0	800	34.2
A_PA	2094	848	C	0	0	848	37.3
A_PA	2095	740	T	0	0	740	34.2
A_PA	2096	870	G	0	0	870	34.2
A_PA	2097	753	G	0	0	753	35.4
A_PA	2098	720	G	0	0	720	37.9
A_PA	2099	672	T	0	0	672	35.9
A_PA	2100	726	T	0	0	726	36.8
A_PA	2101	714	T	0	0	714	37.3
A_PA	2102	603	T	0	0	603	35.2
A_PA	2103	660	G	0	0	660	34.5
A_PA	2104	552	C	0	0	552	37.9
A_PA	2105	643	T	0	0	643	34.6
A_PA	2106	606	T	0	0	606	35.1
A_PA	2107	627	A	0	0	627	35.9
A_PA	2108	635	A	0	0	635	36.4
A_PA	2109	578	T	0	0	578	35.4
A_PA	2110	538	G	0	0	538	34.8
A_PA	2111	516	C	0	0	516	34.9
A_PA	2112	554	A	0	0	554	35.2
A_PA	2113	531	T	0	0	531	35.4
A_PA	2114	512	C	0	0	512	35.1
A_PA	2115	541	T	0	0	541	34.7
A_PA	2116	487	T	0	0	487	35.3
A_PA	2117	462	G	0	0	462	35.1
A_PA	2118	457	G	0	0	457	37.3
A_PA	2119	468	T	0	0	468	35.5
A_PA	2120	429	T	0	0	429	37.4
A_PA	2121	391	C	0	0	391	37.7
A_PA	2122	411	A	0	0	411	34.5
A_PA	2123	416	A	0	0	416	35.5
A_PA	2124	403	C	0	0	403	36.9
A_PA	2125	400	T	0	0	400	35.6
A_PA	2126	336	C	0	0	336	35.6
A_PA	2127	346	C	0	0	346	37.3
A_PA	2128	332	T	0	0	332	37.7
A_PA	2129	298	T	0	0	298	36.2
A_PA	2130	290	C	0	0	290	35.5
A_PA	2131	318	C	0	0	318	35.1
A_PA	2132	271	T	0	0	271	35.2
A_PA	2133	232	C	0	0	232	37.3
A_PA	2134	243	A	0	0	243	34.1
A_PA	2135	217	C	0	0	217	37.9
A_PA	2136	192	A	0	0	192	34.8
A_PA	2137	196	C	0	0	196	37.2
A_PA	2138	198	A	0	0	198	37.2
A_PA	2139	173	T	0	0	173	37.1
A_PA	2140	152	G	0	0	152	36.2
A_PA	2141	145	C	0	0	145	36.8
A_PA	2142	126	A	0	0	126	36.1
A_PA	2143	113	C	0	0	113	36.1
A_PA	2144	106	T	0	0	106	34.0
A_PA	2145	88	G	0	0	88	37.7
A_PA	2146	73	A	0	0	73	37.3
A_PA	2147	61	A	0	0	61	34.6
A_PA	2148	43	A	0	0	43	34.6
A_PA	2149	29	T	0	0	29	34.6
A_PA	2150	14	A	0	0	14	35.6
A_PA	2151	0	G	0	0	0	35.3
