Reference_Name	Position	Coverage Depth	Consensus	Deletions	Ambiguous	Consensus_Count	Consensus_Average_Quality
A_PB2	1	16	A	0	0	16	34.3
A_PB2	2	33	T	0	0	33	35.9
A_PB2	3	46	G	0	0	46	36.4
A_PB2	4	63	G	0	0	63	34.6
A_PB2	5	73	A	0	0	73	37.9
A_PB2	6	99	G	0	0	99	34.1
A_PB2	7	109	A	0	0	109	34.1
A_PB2	8	121	G	0	0	121	34.4
A_PB2	9	130	A	0	0	130	36.5
A_PB2	10	160	A	0	0	160	35.5
A_PB2	11	158	T	0	0	158	35.3
A_PB2	12	183	A	0	0	183	37.0
A_PB2	13	201	A	0	0	201	37.1
A_PB2	14	220	A	0	0	220	34.5
A_PB2	15	233	A	0	0	233	37.0
A_PB2	16	243	G	0	0	243	36.9
A_PB2	17	269	A	0	0	269	36.3
A_PB2	18	297	A	0	0	297	37.8
A_PB2	19	272	C	0	0	272	36.0
A_PB2	20	312	T	0	0	312	35.7
A_PB2	21	350	A	0	0	350	36.5
A_PB2	22	332	A	0	0	332	36.5
A_PB2	23	358	G	0	0	358	34.1
A_PB2	24	347	A	0	0	347	34.1
A_PB2	25	397	G	0	0	397	35.2
A_PB2	26	369	A	0	0	369	34.8
A_PB2	27	422	T	0	0	422	37.0
A_PB2	28	473	C	0	0	473	36.3
A_PB2	29	457	T	0	0	457	35.9
A_PB2	30	434	A	0	0	434	37.0
A_PB2	31	465	A	0	0	465	35.5
A_PB2	32	480	T	0	0	480	36.7
A_PB2	33	566	G	0	0	566	34.8
A_PB2	34	467	T	0	0	467	37.1
A_PB2	35	490	C	0	0	490	36.8
A_PB2	36	479	A	0	0	479	36.9
A_PB2	37	560	C	0	0	560	36.1
A_PB2	38	575	A	0	0	575	36.0
A_PB2	39	595	G	0	0	595	35.0
A_PB2	40	630	T	0	0	630	36.9
A_PB2	41	588	C	0	0	588	34.8
A_PB2	42	675	T	0	0	675	34.8
A_PB2	43	641	C	0	0	641	37.6
A_PB2	44	662	G	0	0	662	35.5
A_PB2	45	744	C	0	0	744	35.1
A_PB2	46	673	A	0	0	673	35.1
A_PB2	47	643	C	0	0	643	36.9
A_PB2	48	776	T	0	0	776	37.4
A_PB2	49	640	C	0	0	640	37.5
A_PB2	50	697	G	0	0	697	35.8
A_PB2	51	774	C	0	0	774	34.6
A_PB2	52	687	G	0	0	687	34.3
A_PB2	53	811	A	0	0	811	35.9
A_PB2	54	801	G	0	0	801	36.7
A_PB2	55	726	A	0	0	726	35.9
A_PB2	56	797	T	0	0	797	37.8
A_PB2	57	871	A	0	0	871	37.3
A_PB2	58	935	C	0	0	935	37.6
A_PB2	59	779	T	0	0	779	34.1
A_PB2	60	874	G	0	0	874	37.5
A_PB2	61	865	A	0	0	865	35.2
A_PB2	62	923	C	0	0	923	34.5
A_PB2	63	998	C	0	0	998	37.1
A_PB2	64	917	A	0	0	917	34.2
A_PB2	65	965	A	0	0	965	36.6
A_PB2	66	957	A	0	0	957	37.6
A_PB2	67	930	A	0	0	930	36.3
A_PB2	68	985	C	0	0	985	37.1
A_PB2	69	931	C	0	0	931	36.4
A_PB2	70	1097	A	0	0	1097	35.4
A_PB2	71	1054	C	0	0	1054	36.5
A_PB2	72	1128	T	0	0	1128	34.9
A_PB2	73	1110	G	0	0	1110	34.9
A_PB2	74	1039	T	0	0	1039	36.2
A_PB2	75	1131	T	0	0	1131	36.5
A_PB2	76	1195	G	0	0	1195	36.7
A_PB2	77	1028	A	0	0	1028	37.2
A_PB2	78	1251	C	0	0	1251	35.1
A_PB2	79	1235	C	0	0	1235	35.4
A_PB2	80	1133	A	0	0	1133	36.0
A_PB2	81	1245	C	0	0	1245	36.4
A_PB2	82	1289	A	0	0	1289	34.0
A_PB2	83	1218	T	0	0	1218	37.1
A_PB2	84	1238	G	0	0	1238	35.3
A_PB2	85	1237	G	0	0	1237	34.7
A_PB2	86	1295	C	0	0	1295	35.6
A_PB2	87	1312	C	0	0	1312	37.3
A_PB2	88	1337	A	0	0	1337	34.0
A_PB2	89	1293	T	0	0	1293	34.7
A_PB2	90	1340	A	0	0	1340	34.4
A_PB2	91	1531	A	0	0	1531	36.4
A_PB2	92	1451	T	0	0	1451	37.4
A_PB2	93	1357	C	0	0	1357	37.7
A_PB2	94	1353	A	0	0	1353	35.3
A_PB2	95	1432	A	0	0	1432	35.2
A_PB2	96	1452	A	0	0	1452	35.8
A_PB2	97	1564	A	0	0	1564	34.1
A_PB2	98	1469	A	0	0	1469	37.9
A_PB2	99	1396	G	0	0	1396	37.7
A_PB2	100	1455	T	0	0	1455	35.5
A_PB2	101	1358	A	0	0	1358	36.4
A_PB2	102	1632	C	0	0	1632	34.5
A_PB2	103	1481	A	0	0	1481	37.3
A_PB2	104	1555	C	0	0	1555	34.6
A_PB2	105	1512	A	0	0	1512	36.5
A_PB2	106	1920	T	0	0	1920	36.0
A_PB2	107	1647	C	0	0	1647	34.8
A_PB2	108	1644	G	0	0	1644	34.4
A_PB2	109	1770	G	0	0	1770	36.4
A_PB2	110	1876	G	0	0	1876	36.2
A_PB2	111	1710	A	0	0	1710	34.6
A_PB2	112	1720	A	0	0	1720	37.7
A_PB2	113	1706	G	0	0	1706	37.0
A_PB2	114	1882	G	0	0	1882	34.9
A_PB2	115	1927	C	0	0	1927	36.7
A_PB2	116	1749	A	0	0	1749	35.2
A_PB2	117	1931	A	0	0	1931	37.2
A_PB2	118	2111	G	0	0	2111	35.9
A_PB2	119	1737	A	0	0	1737	36.7
A_PB2	120	1924	G	0	0	1924	35.9
A_PB2	121	1957	A	0	0	1957	36.7
A_PB2	122	2027	A	0	0	2027	38.0
A_PB2	123	1992	G	0	0	1992	38.0
A_PB2	124	1803	A	0	0	1803	34.7
A_PB2	125	1848	A	0	0	1848	37.5
A_PB2	126	2125	C	0	0	2125	37.8
A_PB2	127	2074	C	0	0	2074	35.1
A_PB2	128	1974	C	0	0	1974	36.1
A_PB2	129	2332	C	0	0	2332	34.6
A_PB2	130	2201	G	0	0	2201	34.5
A_PB2	131	2198	C	0	0	2198	36.7
A_PB2	132	2258	A	0	0	2258	36.6
A_PB2	133	2183	C	0	0	2183	34.9
A_PB2	134	1934	T	0	0	1934	36.8
A_PB2	135	2332	C	0	0	2332	36.3
A_PB2	136	2160	A	0	0	2160	35.0
A_PB2	137	2459	G	0	0	2459	34.8
A_PB2	138	2620	A	0	0	2620	37.8
A_PB2	139	2576	A	0	0	2576	34.8
A_PB2	140	2239	T	0	0	2239	37.3
A_PB2	141	2314	G	0	0	2314	37.2
A_PB2	142	2626	A	0	0	2626	36.7
A_PB2	143	2311	A	0	0	2311	35.5
A_PB2	144	2650	A	0	0	2650	36.9
A_PB2	145	2305	T	0	0	2305	37.1
A_PB2	146	2307	G	0	0	2307	34.8
A_PB2	147	2479	G	0	0	2479	37.5
A_PB2	148	2638	A	0	0	2638	35.3
A_PB2	149	2218	T	0	0	2218	37.6
A_PB2	150	2781	G	0	0	2781	35.7
A_PB2	151	2556	A	0	0	2556	36.4
A_PB2	152	2305	T	0	0	2305	34.8
A_PB2	153	2721	G	0	0	2721	34.3
A_PB2	154	2346	G	0	0	2346	34.1
A_PB2	155	2558	C	0	0	2558	34.7
A_PB2	156	2458	A	0	0	2458	34.9
A_PB2	157	2304	A	0	0	2304	36.2
A_PB2	158	2622	T	0	0	2622	34.2
A_PB2	159	2597	G	0	0	2597	34.2
A_PB2	160	2426	A	0	0	2426	34.7
A_PB2	161	2291	A	0	0	2291	34.9
A_PB2	162	2602	A	0	0	2602	34.1
A_PB2	163	2451	T	0	0	2451	37.5
A_PB2	164	2561	A	0	0	2561	36.3
A_PB2	165	2353	T	0	0	2353	34.6
A_PB2	166	2637	C	0	0	2637	37.1
A_PB2	167	2738	C	0	0	2738	36.8
A_PB2	168	2522	A	0	0	2522	34.6
A_PB2	169	2705	A	0	0	2705	35.1
A_PB2	170	2511	T	0	0	2511	34.5
A_PB2	171	2771	T	0	0	2771	36.5
A_PB2	172	2882	A	0	0	2882	34.7
A_PB2	173	2608	C	0	0	2608	37.9
A_PB2	174	2730	A	0	0	2730	36.3
A_PB2	175	2444	G	0	0	2444	35.8
A_PB2	176	2622	C	0	0	2622	34.2
A_PB2	177	2588	A	0	0	2588	37.6
A_PB2	178	2486	G	0	0	2486	37.7
A_PB2	179	2695	A	0	0	2695	34.4
A_PB2	180	2873	T	0	0	2873	34.0
A_PB2	181	2959	A	0	0	2959	36.4
A_PB2	182	2821	A	0	0	2821	35.2
A_PB2	183	2645	G	0	0	2645	34.4
A_PB2	184	2736	C	0	0	2736	37.2
A_PB2	185	2882	G	0	0	2882	35.5
A_PB2	186	2777	A	0	0	2777	37.0
A_PB2	187	2674	A	0	0	2674	37.5
A_PB2	188	2723	T	0	0	2723	34.8
A_PB2	189	2776	A	0	0	2776	37.9
A_PB2	190	2790	A	0	0	2790	35.9
A_PB2	191	2632	T	0	0	2632	37.6
A_PB2	192	2877	G	0	0	2877	37.5
A_PB2	193	2830	G	0	0	2830	36.9
A_PB2	194	2773	A	0	0	2773	37.8
A_PB2	195	2741	A	0	0	2741	35.1
A_PB2	196	3220	A	0	0	3220	37.0
A_PB2	197	3024	T	0	0	3024	36.0
A_PB2	198	2910	G	0	0	2910	37.2
A_PB2	199	2761	A	0	0	2761	35.3
A_PB2	200	2461	T	0	0	2461	36.7
A_PB2	201	2762	C	0	0	2762	36.2
A_PB2	202	3059	C	0	0	3059	36.7
A_PB2	203	3224	C	0	0	3224	36.1
A_PB2	204	3028	T	0	0	3028	37.0
A_PB2	205	2652	G	0	0	2652	34.1
A_PB2	206	2728	A	0	0	2728	35.5
A_PB2	207	3286	G	0	0	3286	36.0
A_PB2	208	3092	A	0	0	3092	36.1
A_PB2	209	3004	G	0	0	3004	36.1
A_PB2	210	2706	G	0	0	2706	36.0
A_PB2	211	3140	A	0	0	3140	36.3
A_PB2	212	2820	A	0	0	2820	35.3
A_PB2	213	2972	T	0	0	2972	34.1
A_PB2	214	2690	G	0	0	2690	36.0
A_PB2	215	3245	A	0	0	3245	34.2
A_PB2	216	3186	A	0	0	3186	34.9
A_PB2	217	3271	C	0	0	3271	35.9
A_PB2	218	2989	A	0	0	2989	35.4
A_PB2	219	2861	A	0	0	2861	34.8
A_PB2	220	3228	G	0	0	3228	34.4
A_PB2	221	2854	G	0	0	2854	36.0
A_PB2	222	3314	G	0	0	3314	34.1
A_PB2	223	2913	C	0	0	2913	34.3
A_PB2	224	3160	A	0	0	3160	36.1
A_PB2	225	3216	A	0	0	3216	34.5
A_PB2	226	3134	A	0	0	3134	37.6
A_PB2	227	2903	C	0	0	2903	36.1
A_PB2	228	2712	T	0	0	2712	37.9
A_PB2	229	3138	C	0	0	3138	34.4
A_PB2	230	2988	T	0	0	2988	37.6
A_PB2	231	3170	C	0	0	3170	37.9
A_PB2	232	3020	T	0	0	3020	37.4
A_PB2	233	3199	G	0	0	3199	36.9
A_PB2	234	3027	G	0	0	3027	35.2
A_PB2	235	3420	A	0	0	3420	36.2
A_PB2	236	3104	G	0	0	3104	36.6
A_PB2	237	3182	C	0	0	3182	35.4
A_PB2	238	2889	A	0	0	2889	35.0
A_PB2	239	3070	A	0	0	3070	36.2
A_PB2	240	3168	A	0	0	3168	34.2
A_PB2	241	3252	A	0	0	3252	37.5
A_PB2	242	3145	C	0	0	3145	34.6
A_PB2	243	3252	A	0	0	3252	37.9
A_PB2	244	2914	A	0	0	2914	36.8
A_PB2	245	2997	A	0	0	2997	34.6
A_PB2	246	3226	C	0	0	3226	34.8
A_PB2	247	3236	G	0	0	3236	35.7
A_PB2	248	3165	A	0	0	3165	37.8
A_PB2	249	3153	T	0	0	3153	37.7
A_PB2	250	3442	G	0	0	3442	34.3
A_PB2	251	3155	C	0	0	3155	36.1
A_PB2	252	3457	C	0	0	3457	34.8
A_PB2	253	2857	G	0	0	2857	35.5
A_PB2	254	3196	G	0	0	3196	35.5
A_PB2	255	3132	A	0	0	3132	37.4
A_PB2	256	2973	T	0	0	2973	34.8
A_PB2	257	3410	C	0	0	3410	36.4
A_PB2	258	2939	A	0	0	2939	35.9
A_PB2	259	3563	G	0	0	3563	35.1
A_PB2	260	3587	A	0	0	3587	35.6
A_PB2	261	3158	C	0	0	3158	35.4
A_PB2	262	3142	C	0	0	3142	36.1
A_PB2	263	3264	G	0	0	3264	37.4
A_PB2	264	3152	A	0	0	3152	35.7
A_PB2	265	3117	G	0	0	3117	35.6
A_PB2	266	3301	T	0	0	3301	34.0
A_PB2	267	3272	G	0	0	3272	37.4
A_PB2	268	3196	A	0	0	3196	38.0
A_PB2	269	3244	T	0	0	3244	36.1
A_PB2	270	3525	G	0	0	3525	35.0
A_PB2	271	3010	G	0	0	3010	34.2
A_PB2	272	3093	T	0	0	3093	36.7
A_PB2	273	3583	A	0	0	3583	35.9
A_PB2	274	3112	T	0	0	3112	35.9
A_PB2	275	3092	C	0	0	3092	36.6
A_PB2	276	3165	A	0	0	3165	34.2
A_PB2	277	3067	C	0	0	3067	35.1
A_PB2	278	3427	C	0	0	3427	36.1
A_PB2	279	3201	C	0	0	3201	36.1
A_PB2	280	2946	C	0	0	2946	34.6
A_PB2	281	2993	T	0	0	2993	35.2
A_PB2	282	3285	G	0	0	3285	34.7
A_PB2	283	3150	G	0	0	3150	37.3
A_PB2	284	3481	C	0	0	3481	36.6
A_PB2	285	2970	T	0	0	2970	34.4
A_PB2	286	2941	G	0	0	2941	37.0
A_PB2	287	2920	T	0	0	2920	34.2
A_PB2	288	3247	G	0	0	3247	37.5
A_PB2	289	3154	A	0	0	3154	36.4
A_PB2	290	3188	C	0	0	3188	34.7
A_PB2	291	3145	A	0	0	3145	37.7
A_PB2	292	3026	T	0	0	3026	36.0
A_PB2	293	3239	G	0	0	3239	34.0
A_PB2	294	2811	G	0	0	2811	35.8
A_PB2	295	3069	T	0	0	3069	37.3
A_PB2	296	3097	G	0	0	3097	34.2
A_PB2	297	3182	G	0	0	3182	35.9
A_PB2	298	2975	A	0	0	2975	37.6
A_PB2	299	3315	A	0	0	3315	36.0
A_PB2	300	3114	C	0	0	3114	36.2
A_PB2	301	3356	A	0	0	3356	35.8
A_PB2	302	2928	G	0	0	2928	35.0
A_PB2	303	3205	G	0	0	3205	34.6
A_PB2	304	3341	A	0	0	3341	35.4
A_PB2	305	3258	A	0	0	3258	34.6
A_PB2	306	3138	C	0	0	3138	37.4
A_PB2	307	3303	G	0	0	3303	35.1
A_PB2	308	3018	G	0	0	3018	35.5
A_PB2	309	3150	A	0	0	3150	35.5
A_PB2	310	3221	C	0	0	3221	36.6
A_PB2	311	3374	C	0	0	3374	34.8
A_PB2	312	3238	A	0	0	3238	34.1
A_PB2	313	3276	A	0	0	3276	35.4
A_PB2	314	3252	C	0	0	3252	36.5
A_PB2	315	2781	A	0	0	2781	38.0
A_PB2	316	3093	A	0	0	3093	37.1
A_PB2	317	3335	C	0	0	3335	34.2
A_PB2	318	3105	A	0	0	3105	37.6
A_PB2	319	3143	A	0	0	3143	34.4
A_PB2	320	3059	G	0	0	3059	35.0
A_PB2	321	2858	T	0	0	2858	37.2
A_PB2	322	3351	A	0	0	3351	35.6
A_PB2	323	3051	C	0	0	3051	37.8
A_PB2	324	2656	A	0	0	2656	34.3
A_PB2	325	2807	G	0	0	2807	36.1
A_PB2	326	3025	T	0	0	3025	37.4
A_PB2	327	3024	C	0	0	3024	36.0
A_PB2	328	2831	C	0	0	2831	35.7
A_PB2	329	2977	A	0	0	2977	34.4
A_PB2	330	2727	C	0	0	2727	36.6
A_PB2	331	2618	T	0	0	2618	34.6
A_PB2	332	3239	A	0	0	3239	34.4
A_PB2	333	2901	C	0	0	2901	34.1
A_PB2	334	2850	C	0	0	2850	37.0
A_PB2	335	2896	C	0	0	2896	36.3
A_PB2	336	3278	A	0	0	3278	35.7
A_PB2	337	2889	A	0	0	2889	37.4
A_PB2	338	2988	A	0	0	2988	35.6
A_PB2	339	2679	G	0	0	2679	34.4
A_PB2	340	2526	G	0	0	2526	34.3
A_PB2	341	2738	T	0	0	2738	34.5
A_PB2	342	2785	A	0	0	2785	34.2
A_PB2	343	2910	T	0	0	2910	34.7
A_PB2	344	2781	A	0	0	2781	35.8
A_PB2	345	2435	T	0	0	2435	37.3
A_PB2	346	2589	A	0	0	2589	37.2
A_PB2	347	3038	A	0	0	3038	35.6
A_PB2	348	2854	A	0	0	2854	37.3
A_PB2	349	2676	A	0	0	2676	35.8
A_PB2	350	2582	C	0	0	2582	37.1
A_PB2	351	2757	T	0	0	2757	34.8
A_PB2	352	2536	T	0	0	2536	36.4
A_PB2	353	2677	A	0	0	2677	35.9
A_PB2	354	2818	T	0	0	2818	37.1
A_PB2	355	2566	T	0	0	2566	35.3
A_PB2	356	2625	T	0	0	2625	37.7
A_PB2	357	2640	C	0	0	2640	36.5
A_PB2	358	2640	G	0	0	2640	34.2
A_PB2	359	2859	A	0	0	2859	37.3
A_PB2	360	2615	A	0	0	2615	35.9
A_PB2	361	2596	A	0	0	2596	34.4
A_PB2	362	2560	A	0	0	2560	36.6
A_PB2	363	2644	A	0	0	2644	36.6
A_PB2	364	2339	G	0	0	2339	37.9
A_PB2	365	2568	T	0	0	2568	36.7
A_PB2	366	2817	T	0	0	2817	34.7
A_PB2	367	2634	G	0	0	2634	35.8
A_PB2	368	2492	A	0	0	2492	34.1
A_PB2	369	2539	A	0	0	2539	37.0
A_PB2	370	2496	A	0	0	2496	37.7
A_PB2	371	2512	G	0	0	2512	35.5
A_PB2	372	2399	G	0	0	2399	35.9
A_PB2	373	2456	T	0	0	2456	35.6
A_PB2	374	2406	T	0	0	2406	34.1
A_PB2	375	2424	G	0	0	2424	37.7
A_PB2	376	2552	A	0	0	2552	36.5
A_PB2	377	2447	A	0	0	2447	35.1
A_PB2	378	2416	A	0	0	2416	34.7
A_PB2	379	2350	C	0	0	2350	34.1
A_PB2	380	2802	A	0	0	2802	36.3
A_PB2	381	2353	C	0	0	2353	37.9
A_PB2	382	2441	G	0	0	2441	34.6
A_PB2	383	2525	G	0	0	2525	35.1
A_PB2	384	2403	G	0	0	2403	37.0
A_PB2	385	2538	A	0	0	2538	35.1
A_PB2	386	2457	C	0	0	2457	35.4
A_PB2	387	2411	C	0	0	2411	36.0
A_PB2	388	2641	T	0	0	2641	36.7
A_PB2	389	2155	T	0	0	2155	36.2
A_PB2	390	2424	T	0	0	2424	35.9
A_PB2	391	2221	G	0	0	2221	37.1
A_PB2	392	2341	G	0	0	2341	37.9
A_PB2	393	2286	C	0	0	2286	36.7
A_PB2	394	2461	C	0	0	2461	35.4
A_PB2	395	2416	C	0	0	2416	37.9
A_PB2	396	2566	T	0	0	2566	35.7
A_PB2	397	2461	G	0	0	2461	36.7
A_PB2	398	2316	T	0	0	2316	35.6
A_PB2	399	2373	G	0	0	2373	34.6
A_PB2	400	2275	C	0	0	2275	36.1
A_PB2	401	2266	A	0	0	2266	34.1
A_PB2	402	2310	C	0	0	2310	37.4
A_PB2	403	2501	T	0	0	2501	37.6
A_PB2	404	2296	T	0	0	2296	34.6
A_PB2	405	2240	C	0	0	2240	37.4
A_PB2	406	2313	A	0	0	2313	35.6
A_PB2	407	2219	G	0	0	2219	36.3
A_PB2	408	2356	A	0	0	2356	35.9
A_PB2	409	2283	A	0	0	2283	36.7
A_PB2	410	2255	A	0	0	2255	36.7
A_PB2	411	2368	C	0	0	2368	35.8
A_PB2	412	2249	C	0	0	2249	34.3
A_PB2	413	2167	A	0	0	2167	36.3
A_PB2	414	2244	A	0	0	2244	37.1
A_PB2	415	2353	G	0	0	2353	35.5
A_PB2	416	2400	T	0	0	2400	37.8
A_PB2	417	2393	T	0	0	2393	36.2
A_PB2	418	2433	A	0	0	2433	34.0
A_PB2	419	2197	A	0	0	2197	35.6
A_PB2	420	2309	G	0	0	2309	36.5
A_PB2	421	2119	A	0	0	2119	37.8
A_PB2	422	2195	T	0	0	2195	34.6
A_PB2	423	2008	A	0	0	2008	34.5
A_PB2	424	2284	A	0	0	2284	36.4
A_PB2	425	2195	G	0	0	2195	36.6
A_PB2	426	2054	A	0	0	2054	37.6
A_PB2	427	2194	C	0	0	2194	34.2
A_PB2	428	2401	G	0	0	2401	35.8
A_PB2	429	2341	G	0	0	2341	37.1
A_PB2	430	2439	A	0	0	2439	34.3
A_PB2	431	2162	G	0	0	2162	36.0
A_PB2	432	2369	G	0	0	2369	35.9
A_PB2	433	2300	G	0	0	2300	35.5
A_PB2	434	2269	T	0	0	2269	35.3
A_PB2	435	2261	C	0	0	2261	34.0
A_PB2	436	2110	G	0	0	2110	34.7
A_PB2	437	2101	A	0	0	2101	37.6
A_PB2	438	2160	T	0	0	2160	37.5
A_PB2	439	2029	A	0	0	2029	34.6
A_PB2	440	2043	T	0	0	2043	36.4
A_PB2	441	1828	A	0	0	1828	37.1
A_PB2	442	2113	A	0	0	2113	34.6
A_PB2	443	2292	A	0	0	2292	35.9
A_PB2	444	1901	C	0	0	1901	37.7
A_PB2	445	2214	C	0	0	2214	35.1
A_PB2	446	2081	C	0	0	2081	35.2
A_PB2	447	2075	G	0	0	2075	37.8
A_PB2	448	2228	G	0	0	2228	37.8
A_PB2	449	2114	G	0	0	2114	37.9
A_PB2	450	2051	C	0	0	2051	37.6
A_PB2	451	2115	C	0	0	2115	36.8
A_PB2	452	2103	A	0	0	2103	37.7
A_PB2	453	2210	T	0	0	2210	37.5
A_PB2	454	2237	G	0	0	2237	34.2
A_PB2	455	2228	C	0	0	2228	35.4
A_PB2	456	2066	T	0	0	2066	36.9
A_PB2	457	2035	G	0	0	2035	34.0
A_PB2	458	1985	A	0	0	1985	37.9
A_PB2	459	2263	C	0	0	2263	35.1
A_PB2	460	2147	C	0	0	2147	37.8
A_PB2	461	2260	T	0	0	2260	37.5
A_PB2	462	2301	C	0	0	2301	37.5
A_PB2	463	2353	A	0	0	2353	34.6
A_PB2	464	2288	G	0	0	2288	36.0
A_PB2	465	2015	T	0	0	2015	36.6
A_PB2	466	2050	G	0	0	2050	34.6
A_PB2	467	2136	C	0	0	2136	37.1
A_PB2	468	2098	C	0	0	2098	36.7
A_PB2	469	2028	A	0	0	2028	34.5
A_PB2	470	1918	A	0	0	1918	35.2
A_PB2	471	1961	A	0	0	1961	38.0
A_PB2	472	2383	G	0	0	2383	37.9
A_PB2	473	2255	A	0	0	2255	34.5
A_PB2	474	2053	G	0	0	2053	35.2
A_PB2	475	2134	G	0	0	2134	37.2
A_PB2	476	2307	C	0	0	2307	37.9
A_PB2	477	2374	G	0	0	2374	34.8
A_PB2	478	2209	C	0	0	2209	36.7
A_PB2	479	2111	A	0	0	2111	36.4
A_PB2	480	1962	G	0	0	1962	37.3
A_PB2	481	2208	G	0	0	2208	37.9
A_PB2	482	2120	A	0	0	2120	35.8
A_PB2	483	2122	T	0	0	2122	36.3
A_PB2	484	2138	G	0	0	2138	35.8
A_PB2	485	2267	T	0	0	2267	37.5
A_PB2	486	2380	A	0	0	2380	36.0
A_PB2	487	2394	A	0	0	2394	38.0
A_PB2	488	1978	T	0	0	1978	34.8
A_PB2	489	2381	C	0	0	2381	37.3
A_PB2	490	2256	A	0	0	2256	36.2
A_PB2	491	2104	T	0	0	2104	37.6
A_PB2	492	2060	G	0	0	2060	35.8
A_PB2	493	2292	G	0	0	2292	37.4
A_PB2	494	2199	A	0	0	2199	35.9
A_PB2	495	2135	A	0	0	2135	34.2
A_PB2	496	2192	G	0	0	2192	34.3
A_PB2	497	2345	T	0	0	2345	34.1
A_PB2	498	2229	C	0	0	2229	36.1
A_PB2	499	2293	G	0	0	2293	37.3
A_PB2	500	2353	T	0	0	2353	36.3
A_PB2	501	2310	C	0	0	2310	34.0
A_PB2	502	1933	T	0	0	1933	35.3
A_PB2	503	2344	T	0	0	2344	34.8
A_PB2	504	2153	C	0	0	2153	36.4
A_PB2	505	2179	C	0	0	2179	37.5
A_PB2	506	2239	C	0	0	2239	35.0
A_PB2	507	2047	A	0	0	2047	36.2
A_PB2	508	2128	A	0	0	2128	34.8
A_PB2	509	2170	A	0	0	2170	37.2
A_PB2	510	2229	T	0	0	2229	35.9
A_PB2	511	2489	G	0	0	2489	36.9
A_PB2	512	2080	A	0	0	2080	37.1
A_PB2	513	2105	A	0	0	2105	37.0
A_PB2	514	2318	G	0	0	2318	34.4
A_PB2	515	2228	T	0	0	2228	36.9
A_PB2	516	2126	G	0	0	2126	37.3
A_PB2	517	2135	G	0	0	2135	35.6
A_PB2	518	2053	G	0	0	2053	35.7
A_PB2	519	2280	A	0	0	2280	36.5
A_PB2	520	2328	G	0	0	2328	37.3
A_PB2	521	2298	C	0	0	2298	35.8
A_PB2	522	2139	A	0	0	2139	36.6
A_PB2	523	2098	A	0	0	2098	36.4
A_PB2	524	2203	G	0	0	2203	35.7
A_PB2	525	2078	G	0	0	2078	35.0
A_PB2	526	2186	A	0	0	2186	34.5
A_PB2	527	2110	T	0	0	2110	34.8
A_PB2	528	2386	A	0	0	2386	34.4
A_PB2	529	2229	T	0	0	2229	35.2
A_PB2	530	2124	T	0	0	2124	35.9
A_PB2	531	2208	G	0	0	2208	37.8
A_PB2	532	2392	A	0	0	2392	36.8
A_PB2	533	2203	C	0	0	2203	36.3
A_PB2	534	2248	G	0	0	2248	36.7
A_PB2	535	2586	T	0	0	2586	37.6
A_PB2	536	2355	C	0	0	2355	35.1
A_PB2	537	2339	G	0	0	2339	37.8
A_PB2	538	2280	G	0	0	2280	36.9
A_PB2	539	2042	A	0	0	2042	37.5
A_PB2	540	2172	G	0	0	2172	35.4
A_PB2	541	2497	T	0	0	2497	35.4
A_PB2	542	1959	C	0	0	1959	37.2
A_PB2	543	2285	A	0	0	2285	37.5
A_PB2	544	2252	C	0	0	2252	34.5
A_PB2	545	2339	A	0	0	2339	37.7
A_PB2	546	2383	A	0	0	2383	34.6
A_PB2	547	2624	C	0	0	2624	35.8
A_PB2	548	2513	T	0	0	2513	37.8
A_PB2	549	2130	G	0	0	2130	34.5
A_PB2	550	2351	A	0	0	2351	34.8
A_PB2	551	1990	C	0	0	1990	36.5
A_PB2	552	2482	G	0	0	2482	34.2
A_PB2	553	2316	A	0	0	2316	34.9
A_PB2	554	2198	T	0	0	2198	36.8
A_PB2	555	2281	A	0	0	2281	36.2
A_PB2	556	2131	A	0	0	2131	37.0
A_PB2	557	2290	C	0	0	2290	36.6
A_PB2	558	2324	A	0	0	2324	36.5
A_PB2	559	2412	A	0	0	2412	34.1
A_PB2	560	2445	A	0	0	2445	35.2
A_PB2	561	2178	G	0	0	2178	36.2
A_PB2	562	2235	G	0	0	2235	35.7
A_PB2	563	2447	A	0	0	2447	36.4
A_PB2	564	2151	G	0	0	2151	36.1
A_PB2	565	2438	A	0	0	2438	34.3
A_PB2	566	2112	A	0	0	2112	34.6
A_PB2	567	2249	A	0	0	2249	34.1
A_PB2	568	2366	A	0	0	2366	34.3
A_PB2	569	2388	A	0	0	2388	36.2
A_PB2	570	2229	G	0	0	2229	36.6
A_PB2	571	2120	G	0	0	2120	37.1
A_PB2	572	2414	A	0	0	2414	36.1
A_PB2	573	2375	A	0	0	2375	37.1
A_PB2	574	2240	G	0	0	2240	34.1
A_PB2	575	2307	A	0	0	2307	34.3
A_PB2	576	2468	A	0	0	2468	35.2
A_PB2	577	2349	C	0	0	2349	36.3
A_PB2	578	2014	T	0	0	2014	37.5
A_PB2	579	2339	C	0	0	2339	37.3
A_PB2	580	2278	C	0	0	2278	36.6
A_PB2	581	2344	A	0	0	2344	37.0
A_PB2	582	2237	G	0	0	2237	36.0
A_PB2	583	2192	G	0	0	2192	36.8
A_PB2	584	2102	A	0	0	2102	36.5
A_PB2	585	2372	C	0	0	2372	34.4
A_PB2	586	2097	T	0	0	2097	34.6
A_PB2	587	2107	G	0	0	2107	37.7
A_PB2	588	2211	C	0	0	2211	34.6
A_PB2	589	2224	A	0	0	2224	37.5
A_PB2	590	2238	A	0	0	2238	34.3
A_PB2	591	2190	A	0	0	2190	36.2
A_PB2	592	2296	A	0	0	2296	37.9
A_PB2	593	2329	T	0	0	2329	36.2
A_PB2	594	2191	C	0	0	2191	37.7
A_PB2	595	2282	G	0	0	2282	35.6
A_PB2	596	2399	C	0	0	2399	37.0
A_PB2	597	2236	T	0	0	2236	34.6
A_PB2	598	2415	C	0	0	2415	35.2
A_PB2	599	2268	C	0	0	2268	35.6
A_PB2	600	2344	T	0	0	2344	36.5
A_PB2	601	2220	C	0	0	2220	36.7
A_PB2	602	2288	T	0	0	2288	35.1
A_PB2	603	2427	G	0	0	2427	36.6
A_PB2	604	2433	A	0	0	2433	35.6
A_PB2	605	2307	T	0	0	2307	37.2
A_PB2	606	2349	G	0	0	2349	35.3
A_PB2	607	2222	G	0	0	2222	34.5
A_PB2	608	2293	T	0	0	2293	36.3
A_PB2	609	2196	T	0	0	2196	35.4
A_PB2	610	2239	G	0	0	2239	36.1
A_PB2	611	2332	C	0	0	2332	35.4
A_PB2	612	2092	A	0	0	2092	37.4
A_PB2	613	2192	T	0	0	2192	36.8
A_PB2	614	2034	A	0	0	2034	34.7
A_PB2	615	2244	C	0	0	2244	35.5
A_PB2	616	2190	A	0	0	2190	34.8
A_PB2	617	1999	T	0	0	1999	34.8
A_PB2	618	2279	G	0	0	2279	35.9
A_PB2	619	2501	C	0	0	2501	37.7
A_PB2	620	2047	T	0	0	2047	37.9
A_PB2	621	2202	A	0	0	2202	36.4
A_PB2	622	2138	G	0	0	2138	35.1
A_PB2	623	1880	A	0	0	1880	36.5
A_PB2	624	2113	A	0	0	2113	37.5
A_PB2	625	2150	A	0	0	2150	34.4
A_PB2	626	2240	G	0	0	2240	36.5
A_PB2	627	2233	A	0	0	2233	35.5
A_PB2	628	2125	G	0	0	2125	36.2
A_PB2	629	2113	A	0	0	2113	35.1
A_PB2	630	2028	G	0	0	2028	35.8
A_PB2	631	2293	T	0	0	2293	37.5
A_PB2	632	1898	T	0	0	1898	35.9
A_PB2	633	1972	G	0	0	1972	34.8
A_PB2	634	2109	G	0	0	2109	36.5
A_PB2	635	1932	T	0	0	1932	34.7
A_PB2	636	2154	T	0	0	2154	37.5
A_PB2	637	2120	C	0	0	2120	37.5
A_PB2	638	1985	G	0	0	1985	35.2
A_PB2	639	1968	C	0	0	1968	36.9
A_PB2	640	2127	A	0	0	2127	37.1
A_PB2	641	2177	A	0	0	2177	37.6
A_PB2	642	2046	G	0	0	2046	35.6
A_PB2	643	1845	A	0	0	1845	34.1
A_PB2	644	2367	C	0	0	2367	35.9
A_PB2	645	1964	G	0	0	1964	37.0
A_PB2	646	1910	A	0	0	1910	35.5
A_PB2	647	2207	G	0	0	2207	35.1
A_PB2	648	1863	G	0	0	1863	37.4
A_PB2	649	1879	T	0	0	1879	35.1
A_PB2	650	1977	T	0	0	1977	38.0
A_PB2	651	1887	T	0	0	1887	36.9
A_PB2	652	1963	C	0	0	1963	35.2
A_PB2	653	1835	T	0	0	1835	35.7
A_PB2	654	2044	C	0	0	2044	34.5
A_PB2	655	2092	C	0	0	2092	34.7
A_PB2	656	1894	C	0	0	1894	37.8
A_PB2	657	1918	A	0	0	1918	36.5
A_PB2	658	1906	G	0	0	1906	37.0
A_PB2	659	2076	T	0	0	2076	35.8
A_PB2	660	1830	T	0	0	1830	34.3
A_PB2	661	1878	G	0	0	1878	36.8
A_PB2	662	1941	C	0	0	1941	35.5
A_PB2	663	1919	T	0	0	1919	37.1
A_PB2	664	1869	G	0	0	1869	36.4
A_PB2	665	1847	G	0	0	1847	37.8
A_PB2	666	1787	T	0	0	1787	37.4
A_PB2	667	1784	G	0	0	1784	36.8
A_PB2	668	1960	G	0	0	1960	34.7
A_PB2	669	1801	G	0	0	1801	37.2
A_PB2	670	1853	A	0	0	1853	36.8
A_PB2	671	1623	C	0	0	1623	37.1
A_PB2	672	1745	A	0	0	1745	35.0
A_PB2	673	1879	A	0	0	1879	37.9
A_PB2	674	1605	G	0	0	1605	35.3
A_PB2	675	1828	C	0	0	1828	34.0
A_PB2	676	1681	A	0	0	1681	35.3
A_PB2	677	1677	G	0	0	1677	34.8
A_PB2	678	1824	T	0	0	1824	35.3
A_PB2	679	1715	G	0	0	1715	35.9
A_PB2	680	1753	T	0	0	1753	36.1
A_PB2	681	1846	C	0	0	1846	35.8
A_PB2	682	1884	T	0	0	1884	35.9
A_PB2	683	1652	A	0	0	1652	37.6
A_PB2	684	1705	C	0	0	1705	37.3
A_PB2	685	1631	A	0	0	1631	34.6
A_PB2	686	1733	T	0	0	1733	37.9
A_PB2	687	1593	T	0	0	1593	35.9
A_PB2	688	1812	G	0	0	1812	36.6
A_PB2	689	1621	A	0	0	1621	35.8
A_PB2	690	1599	G	0	0	1599	37.9
A_PB2	691	1806	G	0	0	1806	34.1
A_PB2	692	1706	T	0	0	1706	34.6
A_PB2	693	1833	G	0	0	1833	36.6
A_PB2	694	1647	C	0	0	1647	34.7
A_PB2	695	1981	T	0	0	1981	36.2
A_PB2	696	1746	G	0	0	1746	35.0
A_PB2	697	1807	C	0	0	1807	34.2
A_PB2	698	1482	A	0	0	1482	36.3
A_PB2	699	1759	T	0	0	1759	36.9
A_PB2	700	1721	T	0	0	1721	34.1
A_PB2	701	1671	T	0	0	1671	37.2
A_PB2	702	1950	G	0	0	1950	35.3
A_PB2	703	1628	A	0	0	1628	37.8
A_PB2	704	1545	C	0	0	1545	36.6
A_PB2	705	1571	C	0	0	1571	37.4
A_PB2	706	1619	C	0	0	1619	34.1
A_PB2	707	1833	A	0	0	1833	37.0
A_PB2	708	1719	G	0	0	1719	34.1
A_PB2	709	1787	G	0	0	1787	36.5
A_PB2	710	1583	G	0	0	1583	36.5
A_PB2	711	1648	G	0	0	1648	37.3
A_PB2	712	1678	A	0	0	1678	34.1
A_PB2	713	1612	C	0	0	1612	35.7
A_PB2	714	1711	A	0	0	1711	38.0
A_PB2	715	1648	T	0	0	1648	34.7
A_PB2	716	1528	G	0	0	1528	35.6
A_PB2	717	1464	C	0	0	1464	35.8
A_PB2	718	1744	T	0	0	1744	36.9
A_PB2	719	1715	G	0	0	1715	38.0
A_PB2	720	1755	G	0	0	1755	34.5
A_PB2	721	1595	G	0	0	1595	36.6
A_PB2	722	1595	A	0	0	1595	34.8
A_PB2	723	1614	G	0	0	1614	37.7
A_PB2	724	1512	C	0	0	1512	37.9
A_PB2	725	1782	A	0	0	1782	37.2
A_PB2	726	1774	G	0	0	1774	35.8
A_PB2	727	1552	A	0	0	1552	34.0
A_PB2	728	1489	T	0	0	1489	37.7
A_PB2	729	1643	G	0	0	1643	35.0
A_PB2	730	1555	T	0	0	1555	37.0
A_PB2	731	1538	A	0	0	1538	36.1
A_PB2	732	1594	C	0	0	1594	34.2
A_PB2	733	1609	A	0	0	1609	34.7
A_PB2	734	1661	C	0	0	1661	36.1
A_PB2	735	1553	T	0	0	1553	37.2
A_PB2	736	1491	C	0	0	1491	36.4
A_PB2	737	1798	C	0	0	1798	35.9
A_PB2	738	1621	G	0	0	1621	36.7
A_PB2	739	1439	G	0	0	1439	37.5
A_PB2	740	1651	G	0	0	1651	34.1
A_PB2	741	1692	A	0	0	1692	36.4
A_PB2	742	1732	G	0	0	1732	35.9
A_PB2	743	1540	G	0	0	1540	34.3
A_PB2	744	1445	A	0	0	1445	36.7
A_PB2	745	1822	G	0	0	1822	36.1
A_PB2	746	1661	A	0	0	1661	35.8
A_PB2	747	1664	A	0	0	1664	36.8
A_PB2	748	1629	G	0	0	1629	37.6
A_PB2	749	1640	T	0	0	1640	35.6
A_PB2	750	1454	G	0	0	1454	34.8
A_PB2	751	1479	A	0	0	1479	34.6
A_PB2	752	1587	G	0	0	1587	35.4
A_PB2	753	1898	G	0	0	1898	37.5
A_PB2	754	1603	A	0	0	1603	34.7
A_PB2	755	1845	A	0	0	1845	36.2
A_PB2	756	1745	C	0	0	1745	37.9
A_PB2	757	1595	G	0	0	1595	36.2
A_PB2	758	1623	A	0	0	1623	36.8
A_PB2	759	1635	T	0	0	1635	36.1
A_PB2	760	1725	G	0	0	1725	34.9
A_PB2	761	1577	A	0	0	1577	37.8
A_PB2	762	1699	T	0	0	1699	35.9
A_PB2	763	1679	G	0	0	1679	35.6
A_PB2	764	1648	T	0	0	1648	36.0
A_PB2	765	1663	A	0	0	1663	38.0
A_PB2	766	1846	G	0	0	1846	35.1
A_PB2	767	1698	A	0	0	1698	35.9
A_PB2	768	1687	C	0	0	1687	34.3
A_PB2	769	1764	C	0	0	1764	35.0
A_PB2	770	1822	A	0	0	1822	35.9
A_PB2	771	1633	A	0	0	1633	37.8
A_PB2	772	1754	A	0	0	1754	34.2
A_PB2	773	1647	G	0	0	1647	36.8
A_PB2	774	1671	C	0	0	1671	35.6
A_PB2	775	1797	T	0	0	1797	35.3
A_PB2	776	1974	T	0	0	1974	34.4
A_PB2	777	1704	G	0	0	1704	35.2
A_PB2	778	1780	A	0	0	1780	37.7
A_PB2	779	1769	T	0	0	1769	37.2
A_PB2	780	1832	C	0	0	1832	34.0
A_PB2	781	1722	A	0	0	1722	37.1
A_PB2	782	1910	T	0	0	1910	35.9
A_PB2	783	1975	T	0	0	1975	36.3
A_PB2	784	1801	G	0	0	1801	37.1
A_PB2	785	1858	C	0	0	1858	38.0
A_PB2	786	1659	T	0	0	1659	37.5
A_PB2	787	1875	G	0	0	1875	34.3
A_PB2	788	1688	C	0	0	1688	35.8
A_PB2	789	1857	C	0	0	1857	34.2
A_PB2	790	1869	A	0	0	1869	34.0
A_PB2	791	1829	G	0	0	1829	37.6
A_PB2	792	1929	G	0	0	1929	37.5
A_PB2	793	1932	A	0	0	1932	34.6
A_PB2	794	1898	A	0	0	1898	37.8
A_PB2	795	1795	T	0	0	1795	35.2
A_PB2	796	1813	A	0	0	1813	35.5
A_PB2	797	1902	T	0	0	1902	34.6
A_PB2	798	2031	A	0	0	2031	35.7
A_PB2	799	1919	G	0	0	1919	35.5
A_PB2	800	2012	T	0	0	2012	37.4
A_PB2	801	1957	A	0	0	1957	34.2
A_PB2	802	1893	A	0	0	1893	35.5
A_PB2	803	2025	G	0	0	2025	37.3
A_PB2	804	2115	A	0	0	2115	35.4
A_PB2	805	1823	A	0	0	1823	36.2
A_PB2	806	2036	G	0	0	2036	35.9
A_PB2	807	2161	A	0	0	2161	37.4
A_PB2	808	1929	G	0	0	1929	37.2
A_PB2	809	2051	C	0	0	2051	37.5
A_PB2	810	2226	A	0	0	2226	35.0
A_PB2	811	2292	A	0	0	2292	35.7
A_PB2	812	2002	C	0	0	2002	37.2
A_PB2	813	2046	A	0	0	2046	35.5
A_PB2	814	2157	G	0	0	2157	34.6
A_PB2	815	2280	T	0	0	2280	37.9
A_PB2	816	2023	A	0	0	2023	37.5
A_PB2	817	1796	T	0	0	1796	34.9
A_PB2	818	2270	C	0	0	2270	35.1
A_PB2	819	2138	A	0	0	2138	34.5
A_PB2	820	1937	G	0	0	1937	35.8
A_PB2	821	2032	C	0	0	2032	35.6
A_PB2	822	2481	A	0	0	2481	34.9
A_PB2	823	2337	G	0	0	2337	37.4
A_PB2	824	2362	A	0	0	2362	37.5
A_PB2	825	2362	T	0	0	2362	36.4
A_PB2	826	2291	C	0	0	2291	37.9
A_PB2	827	2332	C	0	0	2332	37.5
A_PB2	828	2407	A	0	0	2407	34.1
A_PB2	829	2368	T	0	0	2368	34.2
A_PB2	830	2239	T	0	0	2239	35.9
A_PB2	831	2246	A	0	0	2246	34.8
A_PB2	832	2324	G	0	0	2324	36.6
A_PB2	833	2405	C	0	0	2405	34.1
A_PB2	834	2078	A	0	0	2078	36.6
A_PB2	835	2436	T	0	0	2436	34.6
A_PB2	836	2471	C	0	0	2471	37.6
A_PB2	837	2078	T	0	0	2078	37.5
A_PB2	838	2416	C	0	0	2416	36.9
A_PB2	839	2319	T	0	0	2319	36.1
A_PB2	840	2677	A	0	0	2677	34.7
A_PB2	841	2422	T	0	0	2422	34.8
A_PB2	842	2282	T	0	0	2282	37.9
A_PB2	843	2559	G	0	0	2559	35.8
A_PB2	844	2212	G	0	0	2212	36.8
A_PB2	845	2211	A	0	0	2211	34.3
A_PB2	846	2623	G	0	0	2623	37.4
A_PB2	847	2311	A	0	0	2311	37.5
A_PB2	848	2429	T	0	0	2429	36.4
A_PB2	849	2444	G	0	0	2444	37.2
A_PB2	850	2284	T	0	0	2284	34.6
A_PB2	851	2370	G	0	0	2370	37.1
A_PB2	852	2754	T	0	0	2754	36.1
A_PB2	853	2417	C	0	0	2417	34.8
A_PB2	854	2709	A	0	0	2709	35.2
A_PB2	855	2617	C	0	0	2617	37.0
A_PB2	856	2963	A	0	0	2963	35.2
A_PB2	857	2622	G	0	0	2622	37.6
A_PB2	858	2916	C	0	0	2916	37.9
A_PB2	859	2541	A	0	0	2541	36.6
A_PB2	860	2243	C	0	0	2243	34.4
A_PB2	861	2680	A	0	0	2680	35.6
A_PB2	862	2735	C	0	0	2735	34.0
A_PB2	863	2622	A	0	0	2622	36.5
A_PB2	864	2584	A	0	0	2584	36.0
A_PB2	865	2536	A	0	0	2536	37.9
A_PB2	866	2496	T	0	0	2496	34.4
A_PB2	867	2770	T	0	0	2770	35.3
A_PB2	868	2658	G	0	0	2658	34.2
A_PB2	869	2588	G	0	0	2588	37.7
A_PB2	870	2670	G	0	0	2670	34.8
A_PB2	871	2562	G	0	0	2562	34.7
A_PB2	872	2628	G	0	0	2628	36.0
A_PB2	873	2728	A	0	0	2728	34.9
A_PB2	874	2572	A	0	0	2572	37.7
A_PB2	875	2594	T	0	0	2594	36.8
A_PB2	876	2619	A	0	0	2619	37.2
A_PB2	877	2455	A	0	0	2455	36.2
A_PB2	878	2542	G	0	0	2542	36.8
A_PB2	879	2605	G	0	0	2605	35.3
A_PB2	880	2612	A	0	0	2612	36.3
A_PB2	881	2850	T	0	0	2850	35.2
A_PB2	882	2677	G	0	0	2677	37.8
A_PB2	883	3122	G	0	0	3122	34.9
A_PB2	884	3127	T	0	0	3127	37.8
A_PB2	885	2976	A	0	0	2976	36.7
A_PB2	886	3073	G	0	0	3073	37.3
A_PB2	887	2702	A	0	0	2702	37.2
A_PB2	888	2440	C	0	0	2440	34.2
A_PB2	889	2801	A	0	0	2801	34.6
A_PB2	890	2776	T	0	0	2776	37.1
A_PB2	891	2896	C	0	0	2896	37.8
A_PB2	892	2706	C	0	0	2706	35.9
A_PB2	893	2740	T	0	0	2740	36.8
A_PB2	894	2818	T	0	0	2818	34.0
A_PB2	895	2831	C	0	0	2831	36.5
A_PB2	896	2627	G	0	0	2627	36.6
A_PB2	897	2642	G	0	0	2642	37.1
A_PB2	898	3021	C	0	0	3021	38.0
A_PB2	899	2647	A	0	0	2647	36.8
A_PB2	900	2760	A	0	0	2760	36.1
A_PB2	901	3007	A	0	0	3007	35.7
A_PB2	902	2697	A	0	0	2697	37.2
A_PB2	903	2873	T	0	0	2873	35.8
A_PB2	904	2837	C	0	0	2837	37.1
A_PB2	905	2820	C	0	0	2820	36.7
A_PB2	906	3246	A	0	0	3246	35.0
A_PB2	907	2733	A	0	0	2733	35.0
A_PB2	908	2801	C	0	0	2801	35.6
A_PB2	909	2740	A	0	0	2740	36.8
A_PB2	910	2868	G	0	0	2868	35.4
A_PB2	911	2812	A	0	0	2812	35.4
A_PB2	912	3091	G	0	0	3091	34.3
A_PB2	913	2949	G	0	0	2949	34.4
A_PB2	914	2999	A	0	0	2999	36.5
A_PB2	915	2641	A	0	0	2641	35.2
A_PB2	916	3186	C	0	0	3186	34.9
A_PB2	917	2942	A	0	0	2942	37.2
A_PB2	918	3132	A	0	0	3132	37.5
A_PB2	919	2868	G	0	0	2868	35.0
A_PB2	920	3142	C	0	0	3142	37.4
A_PB2	921	2658	C	0	0	2658	38.0
A_PB2	922	3248	G	0	0	3248	35.3
A_PB2	923	2851	T	0	0	2851	35.4
A_PB2	924	3087	G	0	0	3087	35.9
A_PB2	925	2809	G	0	0	2809	36.5
A_PB2	926	3005	A	0	0	3005	36.0
A_PB2	927	2822	T	0	0	2822	34.4
A_PB2	928	2910	A	0	0	2910	35.3
A_PB2	929	2798	T	0	0	2798	36.0
A_PB2	930	2784	A	0	0	2784	34.8
A_PB2	931	3256	T	0	0	3256	36.4
A_PB2	932	3277	G	0	0	3277	36.2
A_PB2	933	3019	C	0	0	3019	34.8
A_PB2	934	2909	A	0	0	2909	34.1
A_PB2	935	3183	A	0	0	3183	37.5
A_PB2	936	2976	G	0	0	2976	34.1
A_PB2	937	2837	G	0	0	2837	35.2
A_PB2	938	3070	C	0	0	3070	34.5
A_PB2	939	3051	A	0	0	3051	34.8
A_PB2	940	3269	G	0	0	3269	37.0
A_PB2	941	2766	C	0	0	2766	36.4
A_PB2	942	2726	A	0	0	2726	34.8
A_PB2	943	3272	A	0	0	3272	36.9
A_PB2	944	2943	T	0	0	2943	34.4
A_PB2	945	2758	G	0	0	2758	36.5
A_PB2	946	2841	G	0	0	2841	36.5
A_PB2	947	3195	G	0	0	3195	36.5
A_PB2	948	2873	C	0	0	2873	36.5
A_PB2	949	2987	T	0	0	2987	37.5
A_PB2	950	2935	T	0	0	2935	36.4
A_PB2	951	3256	G	0	0	3256	37.2
A_PB2	952	3057	A	0	0	3057	37.2
A_PB2	953	3118	G	0	0	3118	34.3
A_PB2	954	3055	G	0	0	3055	35.7
A_PB2	955	3026	A	0	0	3026	35.0
A_PB2	956	3185	T	0	0	3185	34.5
A_PB2	957	2895	T	0	0	2895	35.2
A_PB2	958	2972	A	0	0	2972	35.8
A_PB2	959	2733	G	0	0	2733	36.0
A_PB2	960	2913	C	0	0	2913	36.1
A_PB2	961	3026	T	0	0	3026	36.1
A_PB2	962	2847	C	0	0	2847	34.3
A_PB2	963	3273	A	0	0	3273	34.8
A_PB2	964	2706	T	0	0	2706	35.4
A_PB2	965	3109	C	0	0	3109	36.7
A_PB2	966	2822	T	0	0	2822	36.0
A_PB2	967	2758	T	0	0	2758	34.4
A_PB2	968	2897	T	0	0	2897	35.5
A_PB2	969	2722	C	0	0	2722	37.8
A_PB2	970	3085	A	0	0	3085	34.7
A_PB2	971	2888	G	0	0	2888	34.3
A_PB2	972	3080	C	0	0	3080	34.4
A_PB2	973	2927	T	0	0	2927	34.2
A_PB2	974	2945	T	0	0	2945	36.2
A_PB2	975	2920	T	0	0	2920	35.1
A_PB2	976	3245	G	0	0	3245	35.2
A_PB2	977	3078	G	0	0	3078	37.0
A_PB2	978	2621	T	0	0	2621	35.9
A_PB2	979	3120	G	0	0	3120	38.0
A_PB2	980	2654	G	0	0	2654	37.8
A_PB2	981	2878	A	0	0	2878	35.0
A_PB2	982	2925	T	0	0	2925	37.8
A_PB2	983	2945	T	0	0	2945	36.3
A_PB2	984	2932	C	0	0	2932	36.8
A_PB2	985	2579	A	0	0	2579	35.7
A_PB2	986	3338	C	0	0	3338	37.1
A_PB2	987	2668	T	0	0	2668	34.2
A_PB2	988	3061	T	0	0	3061	34.4
A_PB2	989	2746	T	0	0	2746	36.2
A_PB2	990	2850	T	0	0	2850	35.8
A_PB2	991	2681	A	0	0	2681	37.4
A_PB2	992	2807	A	0	0	2807	36.9
A_PB2	993	3110	A	0	0	3110	34.4
A_PB2	994	2769	A	0	0	2769	35.8
A_PB2	995	3012	G	0	0	3012	35.5
A_PB2	996	2947	A	0	0	2947	36.1
A_PB2	997	2976	A	0	0	2976	35.2
A_PB2	998	2627	C	0	0	2627	34.5
A_PB2	999	2938	A	0	0	2938	34.8
A_PB2	1000	2851	A	0	0	2851	35.3
A_PB2	1001	2332	G	0	0	2332	36.8
A_PB2	1002	2835	T	0	0	2835	36.2
A_PB2	1003	2618	G	0	0	2618	34.4
A_PB2	1004	2640	G	0	0	2640	37.8
A_PB2	1005	2708	A	0	0	2708	37.6
A_PB2	1006	2652	T	0	0	2652	34.3
A_PB2	1007	2996	C	0	0	2996	35.9
A_PB2	1008	2987	G	0	0	2987	36.2
A_PB2	1009	3040	T	0	0	3040	35.6
A_PB2	1010	2596	C	0	0	2596	36.3
A_PB2	1011	2582	A	0	0	2582	35.7
A_PB2	1012	2739	G	0	0	2739	37.3
A_PB2	1013	2831	T	0	0	2831	36.6
A_PB2	1014	2734	C	0	0	2734	35.8
A_PB2	1015	2653	A	0	0	2653	37.9
A_PB2	1016	2696	A	0	0	2696	36.6
A_PB2	1017	2848	A	0	0	2848	37.0
A_PB2	1018	2584	A	0	0	2584	35.0
A_PB2	1019	2609	A	0	0	2609	36.4
A_PB2	1020	2578	A	0	0	2578	38.0
A_PB2	1021	2953	G	0	0	2953	34.1
A_PB2	1022	2490	A	0	0	2490	37.3
A_PB2	1023	2686	A	0	0	2686	36.5
A_PB2	1024	2694	G	0	0	2694	35.6
A_PB2	1025	2718	A	0	0	2718	35.9
A_PB2	1026	2494	A	0	0	2494	37.2
A_PB2	1027	2621	G	0	0	2621	34.3
A_PB2	1028	2723	A	0	0	2723	35.9
A_PB2	1029	2913	A	0	0	2913	37.8
A_PB2	1030	2482	G	0	0	2482	35.8
A_PB2	1031	3030	T	0	0	3030	37.6
A_PB2	1032	2720	G	0	0	2720	36.4
A_PB2	1033	2834	C	0	0	2834	37.8
A_PB2	1034	2699	T	0	0	2699	36.4
A_PB2	1035	2693	A	0	0	2693	35.5
A_PB2	1036	2739	A	0	0	2739	38.0
A_PB2	1037	2820	C	0	0	2820	34.8
A_PB2	1038	2565	A	0	0	2565	35.2
A_PB2	1039	2689	G	0	0	2689	35.1
A_PB2	1040	2605	G	0	0	2605	37.7
A_PB2	1041	2447	C	0	0	2447	36.8
A_PB2	1042	2614	A	0	0	2614	36.3
A_PB2	1043	2747	A	0	0	2747	35.1
A_PB2	1044	2507	C	0	0	2507	37.8
A_PB2	1045	2595	C	0	0	2595	37.8
A_PB2	1046	2699	T	0	0	2699	37.9
A_PB2	1047	2581	T	0	0	2581	36.5
A_PB2	1048	2828	C	0	0	2828	37.6
A_PB2	1049	2873	A	0	0	2873	37.5
A_PB2	1050	2668	A	0	0	2668	34.1
A_PB2	1051	2500	A	0	0	2500	34.4
A_PB2	1052	2667	C	0	0	2667	37.2
A_PB2	1053	2589	A	0	0	2589	36.4
A_PB2	1054	2494	T	0	0	2494	37.1
A_PB2	1055	2486	T	0	0	2486	36.0
A_PB2	1056	2810	G	0	0	2810	34.6
A_PB2	1057	2284	A	0	0	2284	34.2
A_PB2	1058	2531	A	0	0	2531	37.9
A_PB2	1059	2597	A	0	0	2597	35.6
A_PB2	1060	2183	A	0	0	2183	36.5
A_PB2	1061	2525	T	0	0	2525	35.7
A_PB2	1062	2680	A	0	0	2680	37.5
A_PB2	1063	2520	A	0	0	2520	36.5
A_PB2	1064	2437	G	0	0	2437	34.2
A_PB2	1065	2527	A	0	0	2527	34.3
A_PB2	1066	2535	G	0	0	2535	37.7
A_PB2	1067	2575	T	0	0	2575	37.6
A_PB2	1068	2528	A	0	0	2528	37.2
A_PB2	1069	2488	C	0	0	2488	34.4
A_PB2	1070	2804	A	0	0	2804	36.1
A_PB2	1071	2512	T	0	0	2512	35.9
A_PB2	1072	2613	G	0	0	2613	37.7
A_PB2	1073	2407	A	0	0	2407	34.1
A_PB2	1074	2580	G	0	0	2580	34.4
A_PB2	1075	2804	G	0	0	2804	35.5
A_PB2	1076	2545	G	0	0	2545	36.9
A_PB2	1077	2714	G	0	0	2714	34.3
A_PB2	1078	2525	T	0	0	2525	37.8
A_PB2	1079	2434	A	0	0	2434	36.7
A_PB2	1080	2430	T	0	0	2430	35.3
A_PB2	1081	2401	G	0	0	2401	37.5
A_PB2	1082	2758	A	0	0	2758	36.6
A_PB2	1083	2352	A	0	0	2352	34.8
A_PB2	1084	2586	G	0	0	2586	37.0
A_PB2	1085	2392	A	0	0	2392	34.1
A_PB2	1086	2467	G	0	0	2467	36.0
A_PB2	1087	2676	T	0	0	2676	36.7
A_PB2	1088	2650	T	0	0	2650	36.6
A_PB2	1089	2629	C	0	0	2629	37.3
A_PB2	1090	2676	A	0	0	2676	35.1
A_PB2	1091	2855	C	0	0	2855	37.4
A_PB2	1092	2485	A	0	0	2485	37.3
A_PB2	1093	2747	A	0	0	2747	35.7
A_PB2	1094	2472	T	0	0	2472	34.8
A_PB2	1095	2330	G	0	0	2330	36.6
A_PB2	1096	2720	G	0	0	2720	36.8
A_PB2	1097	2602	T	0	0	2602	34.8
A_PB2	1098	2581	T	0	0	2581	36.4
A_PB2	1099	2495	G	0	0	2495	37.3
A_PB2	1100	2621	G	0	0	2621	34.9
A_PB2	1101	2508	G	0	0	2508	35.9
A_PB2	1102	2407	A	0	0	2407	38.0
A_PB2	1103	2477	G	0	0	2477	37.6
A_PB2	1104	2536	A	0	0	2536	36.7
A_PB2	1105	2499	A	0	0	2499	36.6
A_PB2	1106	2800	G	0	0	2800	35.6
A_PB2	1107	2681	A	0	0	2681	34.3
A_PB2	1108	2579	G	0	0	2579	34.7
A_PB2	1109	2422	C	0	0	2422	36.0
A_PB2	1110	2618	A	0	0	2618	36.4
A_PB2	1111	2487	A	0	0	2487	35.6
A_PB2	1112	2250	C	0	0	2250	35.2
A_PB2	1113	2588	G	0	0	2588	35.4
A_PB2	1114	2608	G	0	0	2608	36.5
A_PB2	1115	2461	C	0	0	2461	34.2
A_PB2	1116	2589	C	0	0	2589	35.2
A_PB2	1117	2202	A	0	0	2202	37.9
A_PB2	1118	2907	T	0	0	2907	35.7
A_PB2	1119	2647	T	0	0	2647	36.4
A_PB2	1120	2509	C	0	0	2509	34.7
A_PB2	1121	2469	T	0	0	2469	34.1
A_PB2	1122	2380	C	0	0	2380	36.9
A_PB2	1123	2670	A	0	0	2670	36.6
A_PB2	1124	2584	G	0	0	2584	36.6
A_PB2	1125	2591	G	0	0	2591	35.9
A_PB2	1126	2474	A	0	0	2474	35.8
A_PB2	1127	2536	A	0	0	2536	35.8
A_PB2	1128	2715	A	0	0	2715	37.5
A_PB2	1129	2459	G	0	0	2459	37.0
A_PB2	1130	2684	C	0	0	2684	36.7
A_PB2	1131	2469	A	0	0	2469	35.7
A_PB2	1132	2578	A	0	0	2578	36.5
A_PB2	1133	2475	C	0	0	2475	34.4
A_PB2	1134	2616	C	0	0	2616	36.8
A_PB2	1135	2391	A	0	0	2391	35.6
A_PB2	1136	2763	G	0	0	2763	34.3
A_PB2	1137	2523	A	0	0	2523	36.4
A_PB2	1138	2511	A	0	0	2511	34.1
A_PB2	1139	2917	G	0	0	2917	34.8
A_PB2	1140	2471	G	0	0	2471	36.5
A_PB2	1141	2590	C	0	0	2590	34.8
A_PB2	1142	2641	T	0	0	2641	36.7
A_PB2	1143	2905	G	0	0	2905	35.6
A_PB2	1144	2399	A	0	0	2399	34.5
A_PB2	1145	2610	T	0	0	2610	37.2
A_PB2	1146	2716	C	0	0	2716	38.0
A_PB2	1147	2735	C	0	0	2735	35.9
A_PB2	1148	2864	A	0	0	2864	34.1
A_PB2	1149	2745	G	0	0	2745	37.9
A_PB2	1150	2922	C	0	0	2922	35.2
A_PB2	1151	2689	T	0	0	2689	36.7
A_PB2	1152	2788	A	0	0	2788	37.2
A_PB2	1153	2720	A	0	0	2720	35.0
A_PB2	1154	2718	T	0	0	2718	37.2
A_PB2	1155	2672	A	0	0	2672	34.1
A_PB2	1156	2893	G	0	0	2893	36.3
A_PB2	1157	2948	T	0	0	2948	34.3
A_PB2	1158	2505	A	0	0	2505	37.4
A_PB2	1159	2914	A	0	0	2914	36.0
A_PB2	1160	2341	G	0	0	2341	34.3
A_PB2	1161	2677	T	0	0	2677	34.1
A_PB2	1162	2842	G	0	0	2842	37.6
A_PB2	1163	2619	G	0	0	2619	36.4
A_PB2	1164	2335	G	0	0	2335	36.9
A_PB2	1165	2613	A	0	0	2613	35.1
A_PB2	1166	2705	G	0	0	2705	34.5
A_PB2	1167	2884	A	0	0	2884	34.4
A_PB2	1168	3083	G	0	0	3083	34.7
A_PB2	1169	2511	A	0	0	2511	34.1
A_PB2	1170	2512	C	0	0	2512	37.5
A_PB2	1171	2667	G	0	0	2667	37.2
A_PB2	1172	2929	A	0	0	2929	37.0
A_PB2	1173	2747	G	0	0	2747	35.3
A_PB2	1174	2789	C	0	0	2789	34.3
A_PB2	1175	2577	A	0	0	2577	35.9
A_PB2	1176	2924	G	0	0	2924	37.9
A_PB2	1177	2958	T	0	0	2958	34.1
A_PB2	1178	2904	C	0	0	2904	37.1
A_PB2	1179	2616	A	0	0	2616	36.5
A_PB2	1180	2687	A	0	0	2687	35.2
A_PB2	1181	2789	T	0	0	2789	35.3
A_PB2	1182	2873	T	0	0	2873	36.7
A_PB2	1183	2600	G	0	0	2600	37.6
A_PB2	1184	2587	C	0	0	2587	36.4
A_PB2	1185	2671	T	0	0	2671	34.1
A_PB2	1186	2778	G	0	0	2778	37.1
A_PB2	1187	2610	A	0	0	2610	36.7
A_PB2	1188	2910	A	0	0	2910	37.0
A_PB2	1189	2647	G	0	0	2647	36.5
A_PB2	1190	2461	C	0	0	2461	36.9
A_PB2	1191	2732	A	0	0	2732	35.8
A_PB2	1192	2862	A	0	0	2862	37.4
A_PB2	1193	3072	T	0	0	3072	37.5
A_PB2	1194	2672	A	0	0	2672	37.1
A_PB2	1195	2964	A	0	0	2964	37.9
A_PB2	1196	2645	T	0	0	2645	36.4
A_PB2	1197	2871	T	0	0	2871	35.6
A_PB2	1198	2827	G	0	0	2827	35.2
A_PB2	1199	2721	T	0	0	2721	36.7
A_PB2	1200	2843	G	0	0	2843	35.8
A_PB2	1201	2762	G	0	0	2762	34.2
A_PB2	1202	2586	C	0	0	2586	36.9
A_PB2	1203	2733	C	0	0	2733	35.3
A_PB2	1204	2890	A	0	0	2890	36.9
A_PB2	1205	2652	T	0	0	2652	37.2
A_PB2	1206	2997	G	0	0	2997	36.6
A_PB2	1207	2952	G	0	0	2952	37.8
A_PB2	1208	2875	T	0	0	2875	36.5
A_PB2	1209	2687	A	0	0	2687	34.8
A_PB2	1210	2833	T	0	0	2833	36.6
A_PB2	1211	2705	T	0	0	2705	35.9
A_PB2	1212	2414	C	0	0	2414	37.2
A_PB2	1213	2713	T	0	0	2713	36.8
A_PB2	1214	2648	C	0	0	2648	37.9
A_PB2	1215	2514	A	0	0	2514	37.3
A_PB2	1216	2778	C	0	0	2778	37.4
A_PB2	1217	2969	A	0	0	2969	34.7
A_PB2	1218	2618	A	0	0	2618	37.9
A_PB2	1219	2519	G	0	0	2519	37.7
A_PB2	1220	2654	A	0	0	2654	38.0
A_PB2	1221	2669	G	0	0	2669	37.2
A_PB2	1222	2780	G	0	0	2780	36.2
A_PB2	1223	2830	A	0	0	2830	36.6
A_PB2	1224	2877	C	0	0	2877	35.8
A_PB2	1225	2700	T	0	0	2700	38.0
A_PB2	1226	2678	G	0	0	2678	36.3
A_PB2	1227	2759	C	0	0	2759	37.4
A_PB2	1228	2676	A	0	0	2676	34.1
A_PB2	1229	2761	T	0	0	2761	37.2
A_PB2	1230	2769	G	0	0	2769	36.6
A_PB2	1231	2621	A	0	0	2621	37.6
A_PB2	1232	2546	T	0	0	2546	34.7
A_PB2	1233	2441	T	0	0	2441	37.7
A_PB2	1234	2571	A	0	0	2571	35.9
A_PB2	1235	2727	A	0	0	2727	37.4
A_PB2	1236	2863	A	0	0	2863	37.5
A_PB2	1237	2460	G	0	0	2460	36.6
A_PB2	1238	2560	C	0	0	2560	35.5
A_PB2	1239	2626	A	0	0	2626	37.3
A_PB2	1240	2900	G	0	0	2900	36.0
A_PB2	1241	2879	T	0	0	2879	36.1
A_PB2	1242	2701	T	0	0	2701	35.3
A_PB2	1243	2753	A	0	0	2753	37.7
A_PB2	1244	2744	G	0	0	2744	36.7
A_PB2	1245	2704	A	0	0	2704	37.0
A_PB2	1246	2541	G	0	0	2541	34.5
A_PB2	1247	2265	G	0	0	2265	36.4
A_PB2	1248	2830	T	0	0	2830	36.9
A_PB2	1249	2635	G	0	0	2635	36.3
A_PB2	1250	2655	A	0	0	2655	37.5
A_PB2	1251	2521	C	0	0	2521	36.8
A_PB2	1252	2573	C	0	0	2573	35.4
A_PB2	1253	2714	T	0	0	2714	37.4
A_PB2	1254	2541	G	0	0	2541	37.4
A_PB2	1255	2676	A	0	0	2676	34.4
A_PB2	1256	2440	A	0	0	2440	35.7
A_PB2	1257	2302	T	0	0	2302	35.6
A_PB2	1258	2397	T	0	0	2397	36.6
A_PB2	1259	2689	T	0	0	2689	35.5
A_PB2	1260	2614	T	0	0	2614	37.1
A_PB2	1261	2858	G	0	0	2858	34.3
A_PB2	1262	2545	T	0	0	2545	37.8
A_PB2	1263	2388	C	0	0	2388	36.9
A_PB2	1264	2412	A	0	0	2412	37.3
A_PB2	1265	2433	A	0	0	2433	36.2
A_PB2	1266	2355	T	0	0	2355	34.1
A_PB2	1267	2388	A	0	0	2388	35.9
A_PB2	1268	2643	G	0	0	2643	34.4
A_PB2	1269	2554	G	0	0	2554	36.7
A_PB2	1270	2625	G	0	0	2625	34.2
A_PB2	1271	2242	C	0	0	2242	36.4
A_PB2	1272	2448	G	0	0	2448	36.3
A_PB2	1273	2472	A	0	0	2472	35.0
A_PB2	1274	2333	A	0	0	2333	34.5
A_PB2	1275	2576	C	0	0	2576	36.6
A_PB2	1276	2473	C	0	0	2473	34.5
A_PB2	1277	2464	A	0	0	2464	35.8
A_PB2	1278	2547	G	0	0	2547	37.5
A_PB2	1279	2446	C	0	0	2446	36.0
A_PB2	1280	2283	G	0	0	2283	37.9
A_PB2	1281	2271	A	0	0	2271	35.1
A_PB2	1282	2374	C	0	0	2374	36.1
A_PB2	1283	2268	T	0	0	2268	37.9
A_PB2	1284	2094	A	0	0	2094	34.1
A_PB2	1285	2233	A	0	0	2233	37.6
A_PB2	1286	2384	A	0	0	2384	37.3
A_PB2	1287	2334	C	0	0	2334	34.3
A_PB2	1288	2369	C	0	0	2369	37.4
A_PB2	1289	2569	C	0	0	2569	35.8
A_PB2	1290	2413	A	0	0	2413	35.2
A_PB2	1291	2317	A	0	0	2317	37.9
A_PB2	1292	2276	T	0	0	2276	37.1
A_PB2	1293	2119	G	0	0	2119	37.3
A_PB2	1294	2147	C	0	0	2147	35.0
A_PB2	1295	2141	A	0	0	2141	36.5
A_PB2	1296	1924	T	0	0	1924	34.4
A_PB2	1297	2184	C	0	0	2184	34.2
A_PB2	1298	2248	A	0	0	2248	35.2
A_PB2	1299	2007	A	0	0	2007	36.1
A_PB2	1300	2215	C	0	0	2215	36.9
A_PB2	1301	2106	T	0	0	2106	34.4
A_PB2	1302	2028	C	0	0	2028	37.7
A_PB2	1303	2242	T	0	0	2242	37.8
A_PB2	1304	2242	T	0	0	2242	36.6
A_PB2	1305	2171	G	0	0	2171	36.6
A_PB2	1306	2228	A	0	0	2228	37.7
A_PB2	1307	2121	G	0	0	2121	35.2
A_PB2	1308	2202	G	0	0	2202	34.9
A_PB2	1309	2033	C	0	0	2033	35.1
A_PB2	1310	2086	A	0	0	2086	36.9
A_PB2	1311	2265	T	0	0	2265	34.6
A_PB2	1312	1950	T	0	0	1950	34.2
A_PB2	1313	2180	T	0	0	2180	35.9
A_PB2	1314	2120	C	0	0	2120	37.1
A_PB2	1315	2012	C	0	0	2012	36.2
A_PB2	1316	2123	A	0	0	2123	36.4
A_PB2	1317	1947	A	0	0	1947	36.2
A_PB2	1318	1783	A	0	0	1783	34.4
A_PB2	1319	2187	A	0	0	2187	36.4
A_PB2	1320	1981	G	0	0	1981	34.7
A_PB2	1321	1861	G	0	0	1861	34.1
A_PB2	1322	1950	A	0	0	1950	36.9
A_PB2	1323	1886	T	0	0	1886	34.4
A_PB2	1324	1899	G	0	0	1899	36.9
A_PB2	1325	1868	C	0	0	1868	35.2
A_PB2	1326	2119	A	0	0	2119	34.7
A_PB2	1327	1906	A	0	0	1906	35.1
A_PB2	1328	1981	A	0	0	1981	35.7
A_PB2	1329	1942	G	0	0	1942	34.2
A_PB2	1330	1802	G	0	0	1802	35.3
A_PB2	1331	2001	T	0	0	2001	35.3
A_PB2	1332	1717	G	0	0	1717	36.0
A_PB2	1333	1934	C	0	0	1934	35.4
A_PB2	1334	1863	T	0	0	1863	37.7
A_PB2	1335	1616	T	0	0	1616	37.5
A_PB2	1336	2057	T	0	0	2057	37.1
A_PB2	1337	1855	T	0	0	1855	36.2
A_PB2	1338	1993	C	0	0	1993	34.9
A_PB2	1339	1943	C	0	0	1943	34.5
A_PB2	1340	1909	A	0	0	1909	37.7
A_PB2	1341	1722	A	0	0	1722	37.7
A_PB2	1342	1793	A	0	0	1793	35.1
A_PB2	1343	1578	A	0	0	1578	36.6
A_PB2	1344	1617	T	0	0	1617	34.1
A_PB2	1345	1761	T	0	0	1761	36.6
A_PB2	1346	1767	G	0	0	1767	37.8
A_PB2	1347	2019	G	0	0	2019	34.8
A_PB2	1348	1578	G	0	0	1578	36.5
A_PB2	1349	1730	G	0	0	1730	34.4
A_PB2	1350	1632	A	0	0	1632	34.8
A_PB2	1351	1776	A	0	0	1776	36.2
A_PB2	1352	1637	T	0	0	1637	37.7
A_PB2	1353	1878	T	0	0	1878	35.4
A_PB2	1354	1797	G	0	0	1797	36.8
A_PB2	1355	1714	A	0	0	1714	34.4
A_PB2	1356	1607	A	0	0	1607	36.4
A_PB2	1357	1578	C	0	0	1578	35.9
A_PB2	1358	1670	C	0	0	1670	37.7
A_PB2	1359	1773	C	0	0	1773	34.8
A_PB2	1360	1742	A	0	0	1742	36.7
A_PB2	1361	1724	T	0	0	1724	37.6
A_PB2	1362	1491	T	0	0	1491	36.7
A_PB2	1363	1550	G	0	0	1550	37.0
A_PB2	1364	1544	A	0	0	1544	35.0
A_PB2	1365	1579	C	0	0	1579	37.7
A_PB2	1366	1658	A	0	0	1658	34.6
A_PB2	1367	1590	A	0	0	1590	36.0
A_PB2	1368	1687	T	0	0	1687	36.3
A_PB2	1369	1463	G	0	0	1463	35.4
A_PB2	1370	1652	T	0	0	1652	35.0
A_PB2	1371	1675	G	0	0	1675	37.3
A_PB2	1372	1611	A	0	0	1611	36.5
A_PB2	1373	1548	T	0	0	1548	36.3
A_PB2	1374	1403	G	0	0	1403	36.5
A_PB2	1375	1603	G	0	0	1603	37.2
A_PB2	1376	1558	G	0	0	1558	34.0
A_PB2	1377	1515	A	0	0	1515	37.8
A_PB2	1378	1522	A	0	0	1522	37.4
A_PB2	1379	1478	T	0	0	1478	35.5
A_PB2	1380	1576	G	0	0	1576	35.7
A_PB2	1381	1476	A	0	0	1476	35.7
A_PB2	1382	1522	T	0	0	1522	36.8
A_PB2	1383	1563	C	0	0	1563	37.2
A_PB2	1384	1707	G	0	0	1707	37.3
A_PB2	1385	1472	G	0	0	1472	35.3
A_PB2	1386	1643	G	0	0	1643	34.2
A_PB2	1387	1559	G	0	0	1559	34.8
A_PB2	1388	1689	T	0	0	1689	37.0
A_PB2	1389	1539	A	0	0	1539	37.9
A_PB2	1390	1642	A	0	0	1642	36.1
A_PB2	1391	1463	T	0	0	1463	37.2
A_PB2	1392	1471	G	0	0	1471	34.8
A_PB2	1393	1493	C	0	0	1493	35.7
A_PB2	1394	1501	C	0	0	1501	35.7
A_PB2	1395	1469	C	0	0	1469	35.3
A_PB2	1396	1439	G	0	0	1439	35.5
A_PB2	1397	1381	A	0	0	1381	36.1
A_PB2	1398	1595	C	0	0	1595	36.8
A_PB2	1399	1636	A	0	0	1636	36.7
A_PB2	1400	1435	T	0	0	1435	36.1
A_PB2	1401	1492	G	0	0	1492	35.3
A_PB2	1402	1528	A	0	0	1528	36.2
A_PB2	1403	1506	C	0	0	1506	35.1
A_PB2	1404	1504	C	0	0	1504	35.3
A_PB2	1405	1415	C	0	0	1415	34.0
A_PB2	1406	1456	C	0	0	1456	36.2
A_PB2	1407	1532	A	0	0	1532	35.2
A_PB2	1408	1587	A	0	0	1587	36.1
A_PB2	1409	1459	G	0	0	1459	34.6
A_PB2	1410	1586	T	0	0	1586	37.8
A_PB2	1411	1646	A	0	0	1646	36.9
A_PB2	1412	1620	C	0	0	1620	34.9
A_PB2	1413	1532	T	0	0	1532	36.9
A_PB2	1414	1409	G	0	0	1409	37.9
A_PB2	1415	1736	A	0	0	1736	35.4
A_PB2	1416	1367	G	0	0	1367	37.1
A_PB2	1417	1349	A	0	0	1349	37.5
A_PB2	1418	1499	T	0	0	1499	36.4
A_PB2	1419	1446	G	0	0	1446	36.2
A_PB2	1420	1631	T	0	0	1631	34.8
A_PB2	1421	1586	C	0	0	1586	37.7
A_PB2	1422	1550	G	0	0	1550	37.9
A_PB2	1423	1353	C	0	0	1353	34.6
A_PB2	1424	1597	T	0	0	1597	35.9
A_PB2	1425	1582	G	0	0	1582	35.7
A_PB2	1426	1486	A	0	0	1486	36.2
A_PB2	1427	1463	G	0	0	1463	37.8
A_PB2	1428	1413	G	0	0	1413	35.0
A_PB2	1429	1527	G	0	0	1527	37.6
A_PB2	1430	1694	G	0	0	1694	36.8
A_PB2	1431	1590	A	0	0	1590	36.5
A_PB2	1432	1608	A	0	0	1608	36.4
A_PB2	1433	1696	T	0	0	1696	36.5
A_PB2	1434	1468	A	0	0	1468	36.7
A_PB2	1435	1425	A	0	0	1425	36.8
A_PB2	1436	1572	G	0	0	1572	37.8
A_PB2	1437	1627	A	0	0	1627	36.1
A_PB2	1438	1791	G	0	0	1791	37.1
A_PB2	1439	1569	T	0	0	1569	35.6
A_PB2	1440	1546	C	0	0	1546	37.0
A_PB2	1441	1652	A	0	0	1652	34.0
A_PB2	1442	1574	G	0	0	1574	37.3
A_PB2	1443	1622	T	0	0	1622	36.8
A_PB2	1444	1673	A	0	0	1673	36.9
A_PB2	1445	1692	A	0	0	1692	36.5
A_PB2	1446	1668	G	0	0	1668	35.0
A_PB2	1447	1542	A	0	0	1542	36.7
A_PB2	1448	1504	T	0	0	1504	37.0
A_PB2	1449	1752	G	0	0	1752	38.0
A_PB2	1450	1532	G	0	0	1532	35.3
A_PB2	1451	1655	G	0	0	1655	35.6
A_PB2	1452	1736	A	0	0	1736	34.4
A_PB2	1453	1800	G	0	0	1800	37.3
A_PB2	1454	1466	T	0	0	1466	35.3
A_PB2	1455	1610	A	0	0	1610	34.3
A_PB2	1456	1613	G	0	0	1613	36.8
A_PB2	1457	1731	A	0	0	1731	34.8
A_PB2	1458	1719	T	0	0	1719	34.0
A_PB2	1459	1675	G	0	0	1675	37.7
A_PB2	1460	1665	A	0	0	1665	34.3
A_PB2	1461	1727	A	0	0	1727	35.5
A_PB2	1462	1905	T	0	0	1905	37.2
A_PB2	1463	1664	A	0	0	1664	34.3
A_PB2	1464	1788	C	0	0	1788	37.2
A_PB2	1465	1730	T	0	0	1730	34.7
A_PB2	1466	1784	C	0	0	1784	37.3
A_PB2	1467	1644	A	0	0	1644	34.6
A_PB2	1468	1849	A	0	0	1849	34.0
A_PB2	1469	1820	G	0	0	1820	37.4
A_PB2	1470	1733	T	0	0	1733	34.2
A_PB2	1471	1754	A	0	0	1754	37.7
A_PB2	1472	1848	C	0	0	1848	34.2
A_PB2	1473	1911	A	0	0	1911	36.4
A_PB2	1474	1834	G	0	0	1834	35.9
A_PB2	1475	1939	A	0	0	1939	36.6
A_PB2	1476	1776	G	0	0	1776	34.3
A_PB2	1477	1848	C	0	0	1848	35.5
A_PB2	1478	2017	G	0	0	2017	34.5
A_PB2	1479	1998	A	0	0	1998	34.4
A_PB2	1480	1833	G	0	0	1833	35.1
A_PB2	1481	2129	T	0	0	2129	35.0
A_PB2	1482	1806	A	0	0	1806	36.2
A_PB2	1483	1874	G	0	0	1874	36.6
A_PB2	1484	1745	T	0	0	1745	36.5
A_PB2	1485	2011	A	0	0	2011	34.2
A_PB2	1486	1964	G	0	0	1964	37.0
A_PB2	1487	1851	T	0	0	1851	37.5
A_PB2	1488	1988	A	0	0	1988	35.4
A_PB2	1489	1914	A	0	0	1914	35.8
A_PB2	1490	2267	G	0	0	2267	35.7
A_PB2	1491	1796	C	0	0	1796	36.7
A_PB2	1492	1788	A	0	0	1788	35.5
A_PB2	1493	2036	T	0	0	2036	36.8
A_PB2	1494	2065	C	0	0	2065	35.0
A_PB2	1495	2156	G	0	0	2156	36.0
A_PB2	1496	2019	A	0	0	2019	34.3
A_PB2	1497	2059	C	0	0	2059	35.8
A_PB2	1498	2073	C	0	0	2073	37.1
A_PB2	1499	2122	G	0	0	2122	34.9
A_PB2	1500	1990	G	0	0	1990	37.8
A_PB2	1501	2035	T	0	0	2035	34.4
A_PB2	1502	2231	T	0	0	2231	35.0
A_PB2	1503	2238	T	0	0	2238	36.9
A_PB2	1504	2043	T	0	0	2043	37.8
A_PB2	1505	2152	T	0	0	2152	36.3
A_PB2	1506	2144	A	0	0	2144	36.7
A_PB2	1507	2092	A	0	0	2092	36.4
A_PB2	1508	2148	G	0	0	2148	37.4
A_PB2	1509	2111	A	0	0	2111	37.1
A_PB2	1510	2266	G	0	0	2266	36.7
A_PB2	1511	2195	T	0	0	2195	35.8
A_PB2	1512	2173	T	0	0	2173	37.2
A_PB2	1513	2100	C	0	0	2100	34.9
A_PB2	1514	2231	G	0	0	2231	37.3
A_PB2	1515	2195	A	0	0	2195	34.6
A_PB2	1516	2185	G	0	0	2185	35.8
A_PB2	1517	1998	A	0	0	1998	36.4
A_PB2	1518	2159	C	0	0	2159	35.4
A_PB2	1519	2464	C	0	0	2464	37.6
A_PB2	1520	2120	A	0	0	2120	35.8
A_PB2	1521	2297	A	0	0	2297	37.5
A_PB2	1522	2329	C	0	0	2329	35.7
A_PB2	1523	2276	G	0	0	2276	34.2
A_PB2	1524	2128	G	0	0	2128	34.1
A_PB2	1525	1957	G	0	0	1957	36.9
A_PB2	1526	2376	G	0	0	2376	36.2
A_PB2	1527	2308	G	0	0	2308	35.8
A_PB2	1528	2258	A	0	0	2258	35.4
A_PB2	1529	2252	A	0	0	2252	35.6
A_PB2	1530	2064	C	0	0	2064	34.3
A_PB2	1531	2444	G	0	0	2444	37.5
A_PB2	1532	2419	T	0	0	2419	37.0
A_PB2	1533	2363	A	0	0	2363	34.9
A_PB2	1534	2658	C	0	0	2658	37.6
A_PB2	1535	2140	T	0	0	2140	34.1
A_PB2	1536	2425	A	0	0	2425	37.3
A_PB2	1537	2299	T	0	0	2299	35.5
A_PB2	1538	2356	T	0	0	2356	36.6
A_PB2	1539	2392	A	0	0	2392	36.8
A_PB2	1540	2311	T	0	0	2311	36.5
A_PB2	1541	2525	C	0	0	2525	38.0
A_PB2	1542	2449	A	0	0	2449	34.7
A_PB2	1543	2121	C	0	0	2121	35.9
A_PB2	1544	2253	C	0	0	2253	36.1
A_PB2	1545	2387	C	0	0	2387	35.9
A_PB2	1546	2380	G	0	0	2380	36.2
A_PB2	1547	2517	A	0	0	2517	36.3
A_PB2	1548	2379	A	0	0	2379	35.6
A_PB2	1549	2296	G	0	0	2296	36.3
A_PB2	1550	2513	A	0	0	2513	34.1
A_PB2	1551	2597	G	0	0	2597	37.4
A_PB2	1552	2327	G	0	0	2327	37.4
A_PB2	1553	2605	T	0	0	2605	34.1
A_PB2	1554	2468	C	0	0	2468	34.9
A_PB2	1555	2452	A	0	0	2452	36.6
A_PB2	1556	2629	G	0	0	2629	37.4
A_PB2	1557	2122	T	0	0	2122	37.6
A_PB2	1558	2438	G	0	0	2438	36.2
A_PB2	1559	2377	A	0	0	2377	34.9
A_PB2	1560	2443	G	0	0	2443	37.3
A_PB2	1561	2481	A	0	0	2481	37.2
A_PB2	1562	2320	C	0	0	2320	37.0
A_PB2	1563	2442	A	0	0	2442	36.9
A_PB2	1564	2792	C	0	0	2792	37.5
A_PB2	1565	2452	A	0	0	2452	34.6
A_PB2	1566	2519	A	0	0	2519	36.4
A_PB2	1567	2521	G	0	0	2521	36.2
A_PB2	1568	2437	G	0	0	2437	37.0
A_PB2	1569	2812	A	0	0	2812	37.8
A_PB2	1570	2341	A	0	0	2341	35.7
A_PB2	1571	2596	C	0	0	2596	34.2
A_PB2	1572	2656	G	0	0	2656	34.4
A_PB2	1573	2241	G	0	0	2241	37.8
A_PB2	1574	2336	A	0	0	2336	35.7
A_PB2	1575	2599	G	0	0	2599	34.2
A_PB2	1576	2400	A	0	0	2400	38.0
A_PB2	1577	2650	A	0	0	2650	35.1
A_PB2	1578	2864	A	0	0	2864	34.8
A_PB2	1579	2404	C	0	0	2404	34.7
A_PB2	1580	2671	T	0	0	2671	35.5
A_PB2	1581	2364	G	0	0	2364	36.8
A_PB2	1582	2839	A	0	0	2839	34.1
A_PB2	1583	2650	C	0	0	2650	35.6
A_PB2	1584	2840	A	0	0	2840	36.5
A_PB2	1585	2313	A	0	0	2313	34.0
A_PB2	1586	2502	T	0	0	2502	37.1
A_PB2	1587	2771	C	0	0	2771	37.1
A_PB2	1588	2687	A	0	0	2687	35.0
A_PB2	1589	2523	C	0	0	2523	35.5
A_PB2	1590	2386	T	0	0	2386	38.0
A_PB2	1591	2728	T	0	0	2728	37.9
A_PB2	1592	2542	A	0	0	2542	35.0
A_PB2	1593	2530	T	0	0	2530	36.7
A_PB2	1594	2388	T	0	0	2388	36.9
A_PB2	1595	2616	C	0	0	2616	34.2
A_PB2	1596	2685	G	0	0	2685	37.7
A_PB2	1597	2568	T	0	0	2568	35.9
A_PB2	1598	2588	C	0	0	2588	35.5
A_PB2	1599	2630	A	0	0	2630	37.9
A_PB2	1600	2760	T	0	0	2760	35.0
A_PB2	1601	2379	C	0	0	2379	37.6
A_PB2	1602	2596	A	0	0	2596	34.7
A_PB2	1603	2530	A	0	0	2530	37.4
A_PB2	1604	2833	T	0	0	2833	37.2
A_PB2	1605	2797	G	0	0	2797	36.6
A_PB2	1606	2714	A	0	0	2714	37.6
A_PB2	1607	2463	T	0	0	2463	36.2
A_PB2	1608	2344	G	0	0	2344	34.1
A_PB2	1609	2770	T	0	0	2770	34.8
A_PB2	1610	2656	G	0	0	2656	37.2
A_PB2	1611	2629	G	0	0	2629	37.8
A_PB2	1612	2806	G	0	0	2806	34.2
A_PB2	1613	2399	A	0	0	2399	37.2
A_PB2	1614	2559	G	0	0	2559	37.4
A_PB2	1615	2537	A	0	0	2537	34.9
A_PB2	1616	2475	T	0	0	2475	34.9
A_PB2	1617	2556	C	0	0	2556	36.2
A_PB2	1618	2459	A	0	0	2459	34.9
A_PB2	1619	2638	A	0	0	2638	37.3
A_PB2	1620	2539	T	0	0	2539	37.0
A_PB2	1621	2374	G	0	0	2374	35.1
A_PB2	1622	2565	G	0	0	2565	34.4
A_PB2	1623	2562	T	0	0	2562	36.0
A_PB2	1624	2564	C	0	0	2564	35.2
A_PB2	1625	2419	C	0	0	2419	37.9
A_PB2	1626	2771	T	0	0	2771	35.9
A_PB2	1627	2400	G	0	0	2400	37.4
A_PB2	1628	2219	A	0	0	2219	34.7
A_PB2	1629	2471	G	0	0	2471	36.9
A_PB2	1630	2331	T	0	0	2331	36.7
A_PB2	1631	2542	C	0	0	2542	36.6
A_PB2	1632	2595	G	0	0	2595	37.9
A_PB2	1633	2194	G	0	0	2194	35.9
A_PB2	1634	2575	T	0	0	2575	38.0
A_PB2	1635	2577	G	0	0	2577	34.1
A_PB2	1636	2623	T	0	0	2623	35.0
A_PB2	1637	2416	T	0	0	2416	37.1
A_PB2	1638	2443	G	0	0	2443	36.9
A_PB2	1639	2448	G	0	0	2448	36.9
A_PB2	1640	2651	T	0	0	2651	35.0
A_PB2	1641	2559	C	0	0	2559	34.9
A_PB2	1642	2748	A	0	0	2748	35.3
A_PB2	1643	2628	A	0	0	2628	37.8
A_PB2	1644	2398	T	0	0	2398	36.2
A_PB2	1645	2532	A	0	0	2532	35.5
A_PB2	1646	2714	C	0	0	2714	36.6
A_PB2	1647	2533	T	0	0	2533	37.1
A_PB2	1648	2556	T	0	0	2556	37.8
A_PB2	1649	2369	A	0	0	2369	34.2
A_PB2	1650	2499	C	0	0	2499	36.3
A_PB2	1651	2569	C	0	0	2569	36.9
A_PB2	1652	2502	A	0	0	2502	37.3
A_PB2	1653	2579	G	0	0	2579	35.7
A_PB2	1654	2387	T	0	0	2387	34.1
A_PB2	1655	2668	G	0	0	2668	34.9
A_PB2	1656	2291	G	0	0	2291	37.2
A_PB2	1657	2374	A	0	0	2374	34.9
A_PB2	1658	2204	T	0	0	2204	35.2
A_PB2	1659	2548	A	0	0	2548	34.8
A_PB2	1660	2526	A	0	0	2526	35.1
A_PB2	1661	2434	T	0	0	2434	36.3
A_PB2	1662	2335	T	0	0	2335	36.7
A_PB2	1663	2250	A	0	0	2250	34.4
A_PB2	1664	2604	G	0	0	2604	36.5
A_PB2	1665	2670	A	0	0	2670	36.8
A_PB2	1666	2334	A	0	0	2334	34.0
A_PB2	1667	2473	A	0	0	2473	34.9
A_PB2	1668	2269	C	0	0	2269	35.3
A_PB2	1669	2296	T	0	0	2296	34.3
A_PB2	1670	2498	G	0	0	2498	35.5
A_PB2	1671	2662	G	0	0	2662	34.5
A_PB2	1672	2503	G	0	0	2503	34.0
A_PB2	1673	2311	A	0	0	2311	34.7
A_PB2	1674	2511	A	0	0	2511	36.6
A_PB2	1675	2268	A	0	0	2268	35.4
A_PB2	1676	2309	C	0	0	2309	37.8
A_PB2	1677	2574	T	0	0	2574	37.3
A_PB2	1678	2481	G	0	0	2481	36.2
A_PB2	1679	2376	T	0	0	2376	34.9
A_PB2	1680	2442	A	0	0	2442	35.6
A_PB2	1681	2415	A	0	0	2415	34.8
A_PB2	1682	2286	A	0	0	2286	34.3
A_PB2	1683	2514	A	0	0	2514	37.1
A_PB2	1684	2490	A	0	0	2490	36.1
A_PB2	1685	2517	T	0	0	2517	34.6
A_PB2	1686	2249	T	0	0	2249	35.7
A_PB2	1687	2533	C	0	0	2533	36.5
A_PB2	1688	2390	A	0	0	2390	37.3
A_PB2	1689	2449	A	0	0	2449	34.6
A_PB2	1690	2601	T	0	0	2601	36.4
A_PB2	1691	2606	G	0	0	2606	37.6
A_PB2	1692	2382	G	0	0	2382	34.4
A_PB2	1693	2544	T	0	0	2544	34.6
A_PB2	1694	2379	C	0	0	2379	35.4
A_PB2	1695	2550	A	0	0	2550	36.6
A_PB2	1696	2044	C	0	0	2044	35.8
A_PB2	1697	2262	A	0	0	2262	35.6
A_PB2	1698	2156	G	0	0	2156	37.5
A_PB2	1699	2388	G	0	0	2388	37.6
A_PB2	1700	2446	A	0	0	2446	37.6
A_PB2	1701	2750	T	0	0	2750	36.1
A_PB2	1702	2509	C	0	0	2509	37.1
A_PB2	1703	2312	C	0	0	2312	37.2
A_PB2	1704	2561	C	0	0	2561	34.1
A_PB2	1705	2767	A	0	0	2767	35.9
A_PB2	1706	2519	C	0	0	2519	37.5
A_PB2	1707	2271	A	0	0	2271	37.2
A_PB2	1708	2461	A	0	0	2461	35.2
A_PB2	1709	2466	T	0	0	2466	37.2
A_PB2	1710	2430	G	0	0	2430	34.3
A_PB2	1711	2424	T	0	0	2424	37.1
A_PB2	1712	2315	T	0	0	2315	34.0
A_PB2	1713	2463	G	0	0	2463	34.2
A_PB2	1714	2514	T	0	0	2514	34.9
A_PB2	1715	2306	A	0	0	2306	34.7
A_PB2	1716	2719	T	0	0	2719	37.5
A_PB2	1717	2585	A	0	0	2585	37.9
A_PB2	1718	2490	A	0	0	2490	37.1
A_PB2	1719	2296	T	0	0	2296	34.6
A_PB2	1720	2448	A	0	0	2448	35.3
A_PB2	1721	2274	A	0	0	2274	36.9
A_PB2	1722	2504	G	0	0	2504	35.6
A_PB2	1723	2579	A	0	0	2579	34.4
A_PB2	1724	2357	T	0	0	2357	36.5
A_PB2	1725	2541	G	0	0	2541	37.4
A_PB2	1726	2262	G	0	0	2262	36.3
A_PB2	1727	2389	A	0	0	2389	35.4
A_PB2	1728	2632	A	0	0	2632	35.9
A_PB2	1729	2252	T	0	0	2252	37.5
A_PB2	1730	2420	T	0	0	2420	34.0
A_PB2	1731	2519	C	0	0	2519	37.1
A_PB2	1732	2246	G	0	0	2246	36.3
A_PB2	1733	2400	A	0	0	2400	37.0
A_PB2	1734	2750	G	0	0	2750	36.3
A_PB2	1735	2416	C	0	0	2416	35.6
A_PB2	1736	2475	C	0	0	2475	35.9
A_PB2	1737	2404	A	0	0	2404	34.3
A_PB2	1738	2466	T	0	0	2466	37.2
A_PB2	1739	2420	T	0	0	2420	35.2
A_PB2	1740	2477	C	0	0	2477	37.5
A_PB2	1741	2647	C	0	0	2647	35.4
A_PB2	1742	2667	A	0	0	2667	36.7
A_PB2	1743	2264	G	0	0	2264	37.3
A_PB2	1744	2344	T	0	0	2344	37.0
A_PB2	1745	2401	C	0	0	2401	37.5
A_PB2	1746	2687	T	0	0	2687	34.6
A_PB2	1747	2506	C	0	0	2506	37.3
A_PB2	1748	2571	T	0	0	2571	36.3
A_PB2	1749	2541	A	0	0	2541	37.0
A_PB2	1750	2843	G	0	0	2843	35.6
A_PB2	1751	2434	T	0	0	2434	34.0
A_PB2	1752	2532	C	0	0	2532	35.3
A_PB2	1753	2301	C	0	0	2301	35.1
A_PB2	1754	2803	C	0	0	2803	36.9
A_PB2	1755	2645	T	0	0	2645	34.4
A_PB2	1756	2731	A	0	0	2731	36.9
A_PB2	1757	2718	A	0	0	2718	35.2
A_PB2	1758	2610	G	0	0	2610	36.2
A_PB2	1759	2524	G	0	0	2524	35.2
A_PB2	1760	2649	C	0	0	2649	37.8
A_PB2	1761	2621	A	0	0	2621	37.0
A_PB2	1762	2778	G	0	0	2778	34.9
A_PB2	1763	2806	C	0	0	2806	36.2
A_PB2	1764	2684	C	0	0	2684	36.9
A_PB2	1765	2665	A	0	0	2665	35.9
A_PB2	1766	2607	G	0	0	2607	37.4
A_PB2	1767	2749	A	0	0	2749	34.3
A_PB2	1768	2712	G	0	0	2712	37.5
A_PB2	1769	2620	G	0	0	2620	35.8
A_PB2	1770	2198	T	0	0	2198	34.5
A_PB2	1771	2907	C	0	0	2907	36.0
A_PB2	1772	2490	A	0	0	2490	34.7
A_PB2	1773	2302	A	0	0	2302	35.5
A_PB2	1774	2630	T	0	0	2630	36.1
A_PB2	1775	2807	A	0	0	2807	37.3
A_PB2	1776	2692	C	0	0	2692	35.9
A_PB2	1777	2987	A	0	0	2987	35.6
A_PB2	1778	3130	G	0	0	3130	36.1
A_PB2	1779	2995	T	0	0	2995	34.6
A_PB2	1780	2592	G	0	0	2592	36.3
A_PB2	1781	2573	G	0	0	2573	34.0
A_PB2	1782	2761	G	0	0	2761	36.2
A_PB2	1783	2656	T	0	0	2656	37.0
A_PB2	1784	3077	T	0	0	3077	35.4
A_PB2	1785	2688	T	0	0	2688	35.7
A_PB2	1786	2864	G	0	0	2864	37.9
A_PB2	1787	2918	T	0	0	2918	35.8
A_PB2	1788	2723	G	0	0	2723	35.1
A_PB2	1789	2917	A	0	0	2917	35.0
A_PB2	1790	2955	G	0	0	2955	35.0
A_PB2	1791	2932	A	0	0	2932	36.6
A_PB2	1792	2646	A	0	0	2646	34.3
A_PB2	1793	2574	C	0	0	2574	36.6
A_PB2	1794	3435	A	0	0	3435	37.1
A_PB2	1795	2668	C	0	0	2668	36.6
A_PB2	1796	3161	T	0	0	3161	36.6
A_PB2	1797	3167	A	0	0	3167	36.3
A_PB2	1798	2506	T	0	0	2506	38.0
A_PB2	1799	2855	T	0	0	2855	37.5
A_PB2	1800	2645	C	0	0	2645	34.6
A_PB2	1801	2765	C	0	0	2765	35.2
A_PB2	1802	2730	A	0	0	2730	38.0
A_PB2	1803	2866	G	0	0	2866	35.6
A_PB2	1804	2708	C	0	0	2708	36.2
A_PB2	1805	2819	A	0	0	2819	34.4
A_PB2	1806	2863	A	0	0	2863	35.1
A_PB2	1807	3289	A	0	0	3289	37.4
A_PB2	1808	2861	T	0	0	2861	35.4
A_PB2	1809	2722	G	0	0	2722	36.5
A_PB2	1810	3455	A	0	0	3455	37.1
A_PB2	1811	2917	G	0	0	2917	36.2
A_PB2	1812	3221	A	0	0	3221	36.4
A_PB2	1813	3024	G	0	0	3024	36.5
A_PB2	1814	2984	A	0	0	2984	37.0
A_PB2	1815	2782	T	0	0	2782	34.7
A_PB2	1816	2850	G	0	0	2850	34.6
A_PB2	1817	3114	T	0	0	3114	36.3
A_PB2	1818	3000	G	0	0	3000	35.8
A_PB2	1819	3028	C	0	0	3028	34.9
A_PB2	1820	3122	T	0	0	3122	34.6
A_PB2	1821	3312	T	0	0	3312	37.0
A_PB2	1822	2692	G	0	0	2692	35.8
A_PB2	1823	3096	G	0	0	3096	36.1
A_PB2	1824	2976	A	0	0	2976	36.9
A_PB2	1825	2980	A	0	0	2980	37.9
A_PB2	1826	2963	C	0	0	2963	37.1
A_PB2	1827	2988	A	0	0	2988	34.2
A_PB2	1828	2944	T	0	0	2944	34.2
A_PB2	1829	3173	T	0	0	3173	37.8
A_PB2	1830	2936	T	0	0	2936	37.1
A_PB2	1831	2984	G	0	0	2984	36.6
A_PB2	1832	3265	A	0	0	3265	37.0
A_PB2	1833	2836	C	0	0	2836	36.5
A_PB2	1834	3112	A	0	0	3112	35.3
A_PB2	1835	3391	C	0	0	3391	36.8
A_PB2	1836	3235	T	0	0	3235	37.3
A_PB2	1837	2887	G	0	0	2887	37.8
A_PB2	1838	3008	T	0	0	3008	34.5
A_PB2	1839	3220	T	0	0	3220	37.6
A_PB2	1840	3278	C	0	0	3278	37.9
A_PB2	1841	2993	A	0	0	2993	34.7
A_PB2	1842	2716	G	0	0	2716	35.5
A_PB2	1843	3244	A	0	0	3244	37.5
A_PB2	1844	2984	T	0	0	2984	35.8
A_PB2	1845	3066	A	0	0	3066	34.7
A_PB2	1846	3258	G	0	0	3258	34.5
A_PB2	1847	2994	T	0	0	2994	37.7
A_PB2	1848	3217	A	0	0	3217	34.2
A_PB2	1849	2859	A	0	0	2859	37.4
A_PB2	1850	3121	A	0	0	3121	34.1
A_PB2	1851	3109	A	0	0	3109	37.0
A_PB2	1852	3008	C	0	0	3008	37.5
A_PB2	1853	2963	T	0	0	2963	35.0
A_PB2	1854	3174	C	0	0	3174	37.5
A_PB2	1855	3047	C	0	0	3047	37.7
A_PB2	1856	3598	T	0	0	3598	36.5
A_PB2	1857	3198	C	0	0	3198	36.1
A_PB2	1858	2686	C	0	0	2686	35.5
A_PB2	1859	3198	C	0	0	3198	34.9
A_PB2	1860	3162	C	0	0	3162	35.7
A_PB2	1861	2909	T	0	0	2909	36.0
A_PB2	1862	3380	T	0	0	3380	35.2
A_PB2	1863	3333	T	0	0	3333	35.1
A_PB2	1864	2989	G	0	0	2989	36.0
A_PB2	1865	3303	C	0	0	3303	35.2
A_PB2	1866	3248	T	0	0	3248	36.1
A_PB2	1867	3380	G	0	0	3380	36.1
A_PB2	1868	3079	C	0	0	3079	34.1
A_PB2	1869	3042	C	0	0	3042	36.2
A_PB2	1870	3180	G	0	0	3180	37.7
A_PB2	1871	2995	C	0	0	2995	37.6
A_PB2	1872	3170	C	0	0	3170	37.7
A_PB2	1873	3102	C	0	0	3102	35.5
A_PB2	1874	3071	C	0	0	3071	34.5
A_PB2	1875	2889	A	0	0	2889	34.8
A_PB2	1876	3336	C	0	0	3336	35.7
A_PB2	1877	3237	C	0	0	3237	36.5
A_PB2	1878	3150	G	0	0	3150	34.8
A_PB2	1879	3055	G	0	0	3055	35.7
A_PB2	1880	3012	A	0	0	3012	37.1
A_PB2	1881	3179	A	0	0	3179	36.7
A_PB2	1882	2748	C	0	0	2748	37.0
A_PB2	1883	3017	A	0	0	3017	37.7
A_PB2	1884	3159	A	0	0	3159	37.3
A_PB2	1885	2707	A	0	0	2707	35.3
A_PB2	1886	2872	G	0	0	2872	37.8
A_PB2	1887	3254	T	0	0	3254	35.9
A_PB2	1888	3239	A	0	0	3239	35.5
A_PB2	1889	3286	G	0	0	3286	34.1
A_PB2	1890	3078	G	0	0	3078	34.8
A_PB2	1891	2929	A	0	0	2929	36.7
A_PB2	1892	3030	T	0	0	3030	37.0
A_PB2	1893	3091	G	0	0	3091	35.5
A_PB2	1894	2961	C	0	0	2961	35.8
A_PB2	1895	3411	A	0	0	3411	37.5
A_PB2	1896	2809	G	0	0	2809	37.8
A_PB2	1897	2866	T	0	0	2866	37.1
A_PB2	1898	2955	T	0	0	2955	34.1
A_PB2	1899	2833	C	0	0	2833	36.0
A_PB2	1900	2910	T	0	0	2910	37.8
A_PB2	1901	2876	C	0	0	2876	37.1
A_PB2	1902	2914	C	0	0	2914	34.1
A_PB2	1903	3051	T	0	0	3051	37.0
A_PB2	1904	3072	C	0	0	3072	37.5
A_PB2	1905	3056	C	0	0	3056	37.3
A_PB2	1906	3163	C	0	0	3163	36.0
A_PB2	1907	2941	T	0	0	2941	36.7
A_PB2	1908	2836	G	0	0	2836	37.3
A_PB2	1909	2878	A	0	0	2878	35.4
A_PB2	1910	3099	C	0	0	3099	37.5
A_PB2	1911	2917	T	0	0	2917	35.5
A_PB2	1912	2821	G	0	0	2821	34.3
A_PB2	1913	3428	T	0	0	3428	37.2
A_PB2	1914	3194	G	0	0	3194	36.8
A_PB2	1915	3175	A	0	0	3175	36.8
A_PB2	1916	3138	A	0	0	3138	35.3
A_PB2	1917	3153	T	0	0	3153	35.9
A_PB2	1918	2938	G	0	0	2938	34.5
A_PB2	1919	2860	T	0	0	2860	36.5
A_PB2	1920	2670	A	0	0	2670	34.9
A_PB2	1921	3547	A	0	0	3547	35.8
A_PB2	1922	2918	G	0	0	2918	34.3
A_PB2	1923	3019	A	0	0	3019	35.2
A_PB2	1924	2819	G	0	0	2819	34.8
A_PB2	1925	2846	G	0	0	2846	36.8
A_PB2	1926	2625	A	0	0	2625	36.7
A_PB2	1927	2656	T	0	0	2656	36.7
A_PB2	1928	2800	C	0	0	2800	35.9
A_PB2	1929	2972	A	0	0	2972	36.2
A_PB2	1930	2970	G	0	0	2970	34.2
A_PB2	1931	2878	G	0	0	2878	37.9
A_PB2	1932	2761	A	0	0	2761	35.8
A_PB2	1933	2614	A	0	0	2614	37.3
A_PB2	1934	3026	T	0	0	3026	37.8
A_PB2	1935	3156	G	0	0	3156	37.8
A_PB2	1936	2610	A	0	0	2610	34.6
A_PB2	1937	2768	G	0	0	2768	35.2
A_PB2	1938	3068	G	0	0	3068	36.1
A_PB2	1939	2856	A	0	0	2856	37.5
A_PB2	1940	2763	T	0	0	2763	35.1
A_PB2	1941	2908	A	0	0	2908	36.1
A_PB2	1942	2845	C	0	0	2845	35.9
A_PB2	1943	2615	T	0	0	2615	36.7
A_PB2	1944	2474	G	0	0	2474	35.7
A_PB2	1945	2620	G	0	0	2620	34.4
A_PB2	1946	2897	T	0	0	2897	34.3
A_PB2	1947	2975	A	0	0	2975	34.9
A_PB2	1948	2890	A	0	0	2890	35.5
A_PB2	1949	2981	G	0	0	2981	37.4
A_PB2	1950	2605	A	0	0	2605	37.0
A_PB2	1951	2712	G	0	0	2712	35.7
A_PB2	1952	2732	G	0	0	2732	36.4
A_PB2	1953	2685	C	0	0	2685	35.5
A_PB2	1954	2570	A	0	0	2570	34.2
A_PB2	1955	2573	A	0	0	2573	34.3
A_PB2	1956	2912	T	0	0	2912	35.7
A_PB2	1957	2588	T	0	0	2588	37.4
A_PB2	1958	2404	C	0	0	2404	36.3
A_PB2	1959	2567	A	0	0	2567	35.3
A_PB2	1960	2519	C	0	0	2519	35.0
A_PB2	1961	2466	C	0	0	2466	36.2
A_PB2	1962	2401	A	0	0	2401	36.0
A_PB2	1963	2389	G	0	0	2389	36.2
A_PB2	1964	2596	T	0	0	2596	34.4
A_PB2	1965	2551	C	0	0	2551	35.7
A_PB2	1966	2435	T	0	0	2435	36.8
A_PB2	1967	2815	T	0	0	2815	36.7
A_PB2	1968	2488	C	0	0	2488	37.2
A_PB2	1969	2596	A	0	0	2596	37.8
A_PB2	1970	2316	A	0	0	2316	34.2
A_PB2	1971	2487	T	0	0	2487	36.5
A_PB2	1972	2343	T	0	0	2343	37.5
A_PB2	1973	2523	A	0	0	2523	36.9
A_PB2	1974	2235	C	0	0	2235	36.2
A_PB2	1975	2282	A	0	0	2282	35.2
A_PB2	1976	2668	A	0	0	2668	38.0
A_PB2	1977	2637	C	0	0	2637	38.0
A_PB2	1978	2486	A	0	0	2486	35.3
A_PB2	1979	2222	A	0	0	2222	36.1
A_PB2	1980	2461	G	0	0	2461	34.3
A_PB2	1981	2187	G	0	0	2187	37.5
A_PB2	1982	2463	C	0	0	2463	37.9
A_PB2	1983	2358	C	0	0	2358	34.0
A_PB2	1984	2306	A	0	0	2306	35.3
A_PB2	1985	2378	C	0	0	2378	34.2
A_PB2	1986	2307	C	0	0	2307	35.1
A_PB2	1987	2353	A	0	0	2353	35.4
A_PB2	1988	2297	A	0	0	2297	35.9
A_PB2	1989	2422	G	0	0	2422	34.7
A_PB2	1990	2265	A	0	0	2265	35.7
A_PB2	1991	2195	G	0	0	2195	34.6
A_PB2	1992	2086	G	0	0	2086	36.2
A_PB2	1993	2288	C	0	0	2288	34.4
A_PB2	1994	2290	T	0	0	2290	34.8
A_PB2	1995	2226	C	0	0	2226	35.1
A_PB2	1996	2110	A	0	0	2110	37.4
A_PB2	1997	2269	C	0	0	2269	35.9
A_PB2	1998	2208	A	0	0	2208	37.1
A_PB2	1999	2209	G	0	0	2209	34.6
A_PB2	2000	2257	T	0	0	2257	37.7
A_PB2	2001	1936	T	0	0	1936	35.9
A_PB2	2002	2193	C	0	0	2193	37.6
A_PB2	2003	2095	T	0	0	2095	37.5
A_PB2	2004	2025	C	0	0	2025	35.7
A_PB2	2005	2107	G	0	0	2107	35.6
A_PB2	2006	2140	G	0	0	2140	36.9
A_PB2	2007	2128	G	0	0	2128	34.2
A_PB2	2008	2112	A	0	0	2112	37.2
A_PB2	2009	2100	A	0	0	2100	36.6
A_PB2	2010	2162	A	0	0	2162	36.7
A_PB2	2011	2089	G	0	0	2089	37.1
A_PB2	2012	2086	A	0	0	2086	37.1
A_PB2	2013	2028	T	0	0	2028	34.7
A_PB2	2014	1996	G	0	0	1996	35.5
A_PB2	2015	1930	C	0	0	1930	36.2
A_PB2	2016	2065	A	0	0	2065	37.4
A_PB2	2017	2068	G	0	0	2068	36.6
A_PB2	2018	1822	G	0	0	1822	36.7
A_PB2	2019	1862	T	0	0	1862	37.2
A_PB2	2020	1839	G	0	0	1839	36.4
A_PB2	2021	1920	C	0	0	1920	37.8
A_PB2	2022	1879	A	0	0	1879	37.9
A_PB2	2023	1941	T	0	0	1941	36.3
A_PB2	2024	1941	T	0	0	1941	36.4
A_PB2	2025	1979	G	0	0	1979	35.3
A_PB2	2026	1900	A	0	0	1900	35.0
A_PB2	2027	1949	C	0	0	1949	36.0
A_PB2	2028	2020	C	0	0	2020	34.3
A_PB2	2029	1864	G	0	0	1864	37.7
A_PB2	2030	2026	A	0	0	2026	36.3
A_PB2	2031	1914	A	0	0	1914	35.4
A_PB2	2032	1839	G	0	0	1839	37.5
A_PB2	2033	2050	A	0	0	2050	34.2
A_PB2	2034	1875	T	0	0	1875	37.8
A_PB2	2035	1771	C	0	0	1771	35.0
A_PB2	2036	1739	C	0	0	1739	37.0
A_PB2	2037	1964	A	0	0	1964	35.9
A_PB2	2038	1996	G	0	0	1996	37.3
A_PB2	2039	2024	A	0	0	2024	37.6
A_PB2	2040	1774	T	0	0	1774	35.0
A_PB2	2041	1718	G	0	0	1718	36.6
A_PB2	2042	1836	A	0	0	1836	36.2
A_PB2	2043	1740	A	0	0	1740	36.8
A_PB2	2044	1827	G	0	0	1827	37.5
A_PB2	2045	1939	G	0	0	1939	34.5
A_PB2	2046	1961	C	0	0	1961	34.4
A_PB2	2047	1689	A	0	0	1689	36.4
A_PB2	2048	1846	C	0	0	1846	34.1
A_PB2	2049	1920	A	0	0	1920	34.9
A_PB2	2050	1702	G	0	0	1702	35.1
A_PB2	2051	1838	C	0	0	1838	37.1
A_PB2	2052	1740	T	0	0	1740	35.9
A_PB2	2053	2032	G	0	0	2032	34.6
A_PB2	2054	1874	G	0	0	1874	36.6
A_PB2	2055	1730	A	0	0	1730	35.3
A_PB2	2056	1770	G	0	0	1770	36.5
A_PB2	2057	1926	T	0	0	1926	36.4
A_PB2	2058	1816	G	0	0	1816	35.2
A_PB2	2059	1585	G	0	0	1585	34.2
A_PB2	2060	1707	A	0	0	1707	37.3
A_PB2	2061	1835	G	0	0	1835	34.1
A_PB2	2062	1845	T	0	0	1845	35.1
A_PB2	2063	1873	C	0	0	1873	34.2
A_PB2	2064	1825	T	0	0	1825	37.8
A_PB2	2065	1734	G	0	0	1734	35.0
A_PB2	2066	1824	C	0	0	1824	35.1
A_PB2	2067	1902	T	0	0	1902	37.8
A_PB2	2068	1628	G	0	0	1628	34.6
A_PB2	2069	1586	T	0	0	1586	35.5
A_PB2	2070	1539	T	0	0	1539	35.1
A_PB2	2071	1759	T	0	0	1759	36.9
A_PB2	2072	1643	T	0	0	1643	35.4
A_PB2	2073	1826	A	0	0	1826	34.6
A_PB2	2074	1714	A	0	0	1714	36.8
A_PB2	2075	1876	G	0	0	1876	36.2
A_PB2	2076	1675	A	0	0	1675	37.9
A_PB2	2077	1690	G	0	0	1690	35.4
A_PB2	2078	1682	G	0	0	1682	36.0
A_PB2	2079	1756	A	0	0	1756	37.8
A_PB2	2080	1696	T	0	0	1696	36.2
A_PB2	2081	1635	T	0	0	1635	36.9
A_PB2	2082	1758	C	0	0	1758	37.6
A_PB2	2083	1731	C	0	0	1731	36.1
A_PB2	2084	1674	T	0	0	1674	36.2
A_PB2	2085	1667	C	0	0	1667	35.0
A_PB2	2086	1713	A	0	0	1713	35.2
A_PB2	2087	1704	T	0	0	1704	37.2
A_PB2	2088	1779	T	0	0	1779	37.6
A_PB2	2089	1697	T	0	0	1697	37.5
A_PB2	2090	1700	T	0	0	1700	34.5
A_PB2	2091	1813	G	0	0	1813	38.0
A_PB2	2092	1566	G	0	0	1566	34.9
A_PB2	2093	1826	G	0	0	1826	34.8
A_PB2	2094	1619	C	0	0	1619	35.9
A_PB2	2095	1596	A	0	0	1596	36.3
A_PB2	2096	1730	A	0	0	1730	36.3
A_PB2	2097	1828	A	0	0	1828	36.2
A_PB2	2098	1947	G	0	0	1947	34.7
A_PB2	2099	1814	A	0	0	1814	35.8
A_PB2	2100	1695	A	0	0	1695	35.4
A_PB2	2101	1811	G	0	0	1811	37.7
A_PB2	2102	1768	A	0	0	1768	34.4
A_PB2	2103	1792	C	0	0	1792	36.8
A_PB2	2104	1810	A	0	0	1810	36.6
A_PB2	2105	1826	A	0	0	1826	37.9
A_PB2	2106	1734	G	0	0	1734	35.6
A_PB2	2107	1784	A	0	0	1784	35.5
A_PB2	2108	1752	G	0	0	1752	35.3
A_PB2	2109	1775	A	0	0	1775	37.8
A_PB2	2110	1802	T	0	0	1802	34.2
A_PB2	2111	1849	A	0	0	1849	34.7
A_PB2	2112	1899	T	0	0	1899	37.8
A_PB2	2113	1848	G	0	0	1848	37.4
A_PB2	2114	1743	G	0	0	1743	37.6
A_PB2	2115	1711	C	0	0	1711	35.0
A_PB2	2116	1775	C	0	0	1775	35.2
A_PB2	2117	1880	C	0	0	1880	35.8
A_PB2	2118	1776	A	0	0	1776	37.8
A_PB2	2119	1903	G	0	0	1903	36.8
A_PB2	2120	1694	C	0	0	1694	37.4
A_PB2	2121	1867	A	0	0	1867	34.1
A_PB2	2122	1900	T	0	0	1900	35.9
A_PB2	2123	1798	T	0	0	1798	34.9
A_PB2	2124	1871	G	0	0	1871	35.1
A_PB2	2125	1927	A	0	0	1927	37.3
A_PB2	2126	1947	G	0	0	1947	35.3
A_PB2	2127	1847	C	0	0	1847	34.6
A_PB2	2128	1697	A	0	0	1697	35.0
A_PB2	2129	1760	T	0	0	1760	35.5
A_PB2	2130	1957	C	0	0	1957	35.1
A_PB2	2131	2063	A	0	0	2063	36.8
A_PB2	2132	1861	A	0	0	1861	36.9
A_PB2	2133	1802	T	0	0	1802	35.9
A_PB2	2134	2006	G	0	0	2006	34.2
A_PB2	2135	1863	A	0	0	1863	35.9
A_PB2	2136	1742	G	0	0	1742	36.3
A_PB2	2137	1982	C	0	0	1982	34.5
A_PB2	2138	2109	T	0	0	2109	37.4
A_PB2	2139	1954	G	0	0	1954	37.1
A_PB2	2140	1955	A	0	0	1955	38.0
A_PB2	2141	1896	G	0	0	1896	34.9
A_PB2	2142	1991	C	0	0	1991	35.6
A_PB2	2143	1933	A	0	0	1933	38.0
A_PB2	2144	2096	A	0	0	2096	37.2
A_PB2	2145	1964	T	0	0	1964	35.9
A_PB2	2146	2064	C	0	0	2064	34.2
A_PB2	2147	2056	T	0	0	2056	37.8
A_PB2	2148	1817	T	0	0	1817	36.3
A_PB2	2149	2073	G	0	0	2073	34.1
A_PB2	2150	1846	C	0	0	1846	37.7
A_PB2	2151	1922	A	0	0	1922	36.2
A_PB2	2152	1726	A	0	0	1726	36.3
A_PB2	2153	1879	A	0	0	1879	36.4
A_PB2	2154	1796	G	0	0	1796	35.8
A_PB2	2155	1785	G	0	0	1785	34.3
A_PB2	2156	1882	G	0	0	1882	34.7
A_PB2	2157	1830	A	0	0	1830	34.8
A_PB2	2158	1685	G	0	0	1685	35.0
A_PB2	2159	1727	A	0	0	1727	34.8
A_PB2	2160	1788	G	0	0	1788	35.1
A_PB2	2161	1759	A	0	0	1759	35.1
A_PB2	2162	1804	A	0	0	1804	35.0
A_PB2	2163	1727	G	0	0	1727	38.0
A_PB2	2164	1644	G	0	0	1644	34.5
A_PB2	2165	1788	C	0	0	1788	36.9
A_PB2	2166	1541	T	0	0	1541	37.0
A_PB2	2167	1744	A	0	0	1744	34.5
A_PB2	2168	1697	A	0	0	1697	34.5
A_PB2	2169	1780	T	0	0	1780	34.4
A_PB2	2170	1419	G	0	0	1419	36.6
A_PB2	2171	1653	T	0	0	1653	36.1
A_PB2	2172	1544	G	0	0	1544	37.3
A_PB2	2173	1862	C	0	0	1862	37.1
A_PB2	2174	1566	T	0	0	1566	37.3
A_PB2	2175	1560	A	0	0	1560	36.7
A_PB2	2176	1646	A	0	0	1646	37.3
A_PB2	2177	1401	T	0	0	1401	37.6
A_PB2	2178	1575	T	0	0	1575	37.0
A_PB2	2179	1464	G	0	0	1464	37.1
A_PB2	2180	1440	G	0	0	1440	37.7
A_PB2	2181	1478	G	0	0	1478	35.4
A_PB2	2182	1412	C	0	0	1412	36.1
A_PB2	2183	1478	A	0	0	1478	34.1
A_PB2	2184	1375	A	0	0	1375	35.2
A_PB2	2185	1563	G	0	0	1563	36.2
A_PB2	2186	1501	G	0	0	1501	36.3
A_PB2	2187	1603	A	0	0	1603	34.1
A_PB2	2188	1486	G	0	0	1486	37.1
A_PB2	2189	1399	A	0	0	1399	37.3
A_PB2	2190	1293	C	0	0	1293	34.1
A_PB2	2191	1539	G	0	0	1539	37.5
A_PB2	2192	1288	T	0	0	1288	35.9
A_PB2	2193	1198	A	0	0	1198	36.0
A_PB2	2194	1449	G	0	0	1449	35.7
A_PB2	2195	1303	T	0	0	1303	34.3
A_PB2	2196	1271	G	0	0	1271	37.8
A_PB2	2197	1360	T	0	0	1360	34.4
A_PB2	2198	1318	T	0	0	1318	35.8
A_PB2	2199	1300	G	0	0	1300	37.2
A_PB2	2200	1388	G	0	0	1388	37.6
A_PB2	2201	1225	T	0	0	1225	36.7
A_PB2	2202	1224	G	0	0	1224	35.6
A_PB2	2203	1345	A	0	0	1345	37.5
A_PB2	2204	1206	T	0	0	1206	34.8
A_PB2	2205	1274	G	0	0	1274	36.3
A_PB2	2206	1179	A	0	0	1179	37.4
A_PB2	2207	1224	A	0	0	1224	36.4
A_PB2	2208	1127	A	0	0	1127	37.7
A_PB2	2209	1283	C	0	0	1283	36.0
A_PB2	2210	1075	G	0	0	1075	37.1
A_PB2	2211	1173	G	0	0	1173	36.1
A_PB2	2212	1063	A	0	0	1063	37.2
A_PB2	2213	923	A	0	0	923	37.8
A_PB2	2214	1013	A	0	0	1013	37.7
A_PB2	2215	1058	C	0	0	1058	34.2
A_PB2	2216	1055	G	0	0	1055	36.4
A_PB2	2217	1002	G	0	0	1002	36.5
A_PB2	2218	972	G	0	0	972	34.0
A_PB2	2219	1027	A	0	0	1027	35.4
A_PB2	2220	973	C	0	0	973	37.4
A_PB2	2221	1076	T	0	0	1076	36.5
A_PB2	2222	1043	C	0	0	1043	36.4
A_PB2	2223	981	T	0	0	981	37.7
A_PB2	2224	916	A	0	0	916	37.3
A_PB2	2225	940	G	0	0	940	37.3
A_PB2	2226	822	C	0	0	822	34.0
A_PB2	2227	745	A	0	0	745	36.1
A_PB2	2228	825	T	0	0	825	34.5
A_PB2	2229	861	A	0	0	861	37.2
A_PB2	2230	744	C	0	0	744	36.0
A_PB2	2231	796	T	0	0	796	34.5
A_PB2	2232	702	T	0	0	702	34.8
A_PB2	2233	808	A	0	0	808	35.5
A_PB2	2234	752	C	0	0	752	37.2
A_PB2	2235	824	T	0	0	824	34.5
A_PB2	2236	726	G	0	0	726	37.7
A_PB2	2237	726	A	0	0	726	34.1
A_PB2	2238	668	C	0	0	668	34.8
A_PB2	2239	678	A	0	0	678	34.8
A_PB2	2240	660	G	0	0	660	35.4
A_PB2	2241	640	C	0	0	640	35.1
A_PB2	2242	637	C	0	0	637	36.1
A_PB2	2243	589	A	0	0	589	35.1
A_PB2	2244	543	G	0	0	543	37.3
A_PB2	2245	597	A	0	0	597	34.1
A_PB2	2246	526	C	0	0	526	36.7
A_PB2	2247	505	A	0	0	505	36.1
A_PB2	2248	474	G	0	0	474	35.8
A_PB2	2249	472	C	0	0	472	37.4
A_PB2	2250	489	G	0	0	489	37.4
A_PB2	2251	495	A	0	0	495	35.2
A_PB2	2252	442	C	0	0	442	36.9
A_PB2	2253	416	C	0	0	416	34.0
A_PB2	2254	420	A	0	0	420	34.1
A_PB2	2255	429	A	0	0	429	34.8
A_PB2	2256	408	A	0	0	408	35.5
A_PB2	2257	347	A	0	0	347	37.3
A_PB2	2258	371	G	0	0	371	35.1
A_PB2	2259	311	A	0	0	311	35.4
A_PB2	2260	300	A	0	0	300	36.5
A_PB2	2261	265	T	0	0	265	37.7
A_PB2	2262	345	T	0	0	345	35.3
A_PB2	2263	269	C	0	0	269	34.7
A_PB2	2264	268	G	0	0	268	34.5
A_PB2	2265	224	G	0	0	224	37.8
A_PB2	2266	223	A	0	0	223	36.5
A_PB2	2267	212	T	0	0	212	34.0
A_PB2	2268	194	G	0	0	194	36.9
A_PB2	2269	180	G	0	0	180	36.4
A_PB2	2270	169	C	0	0	169	35.3
A_PB2	2271	133	C	0	0	133	35.9
A_PB2	2272	130	A	0	0	130	37.2
A_PB2	2273	110	T	0	0	110	35.8
A_PB2	2274	84	C	0	0	84	35.8
A_PB2	2275	68	A	0	0	68	35.0
A_PB2	2276	66	A	0	0	66	35.0
A_PB2	2277	48	T	0	0	48	35.4
A_PB2	2278	32	T	0	0	32	35.3
A_PB2	2279	17	A	0	0	17	37.9
A_PB2	2280	0	G	0	0	0	35.6
