Reference_Name	Position	Coverage Depth	Consensus	Deletions	Ambiguous	Consensus_Count	Consensus_Average_Quality
A_NP	1	106	A	0	0	106	35
A_NP	2	104	T	0	0	104	35
A_NP	3	100	G	0	0	100	35
A_NP	4	114	G	0	0	114	35
A_NP	5	94	C	0	0	94	35
A_NP	6	105	G	0	0	105	35
A_NP	7	89	T	0	0	89	35
A_NP	8	88	C	0	0	88	35
A_NP	9	107	T	0	0	107	35
A_NP	10	103	C	0	0	103	35
A_NP	11	104	A	0	0	104	35
A_NP	12	88	A	0	0	88	35
A_NP	13	108	G	0	0	108	35
A_NP	14	91	G	0	0	91	35
A_NP	15	93	C	0	0	93	35
A_NP	16	106	A	0	0	106	35
A_NP	17	103	C	0	0	103	35
A_NP	18	86	C	0	0	86	35
A_NP	19	104	A	0	0	104	35
A_NP	20	95	A	0	0	95	35
A_NP	21	114	A	0	0	114	35
A_NP	22	100	C	0	0	100	35
A_NP	23	107	G	0	0	107	35
A_NP	24	97	A	0	0	97	35
A_NP	25	104	T	0	0	104	35
A_NP	26	111	C	0	0	111	35
A_NP	27	85	C	0	0	85	35
A_NP	28	112	T	0	0	112	35
A_NP	29	86	A	0	0	86	35
A_NP	30	93	T	0	0	93	35
A_NP	31	87	G	0	0	87	35
A_NP	32	103	A	0	0	103	35
A_NP	33	103	A	0	0	103	35
A_NP	34	95	C	0	0	95	35
A_NP	35	100	A	0	0	100	35
A_NP	36	105	A	0	0	105	35
A_NP	37	89	A	0	0	89	35
A_NP	38	99	T	0	0	99	35
A_NP	39	114	G	0	0	114	35
A_NP	40	85	G	0	0	85	35
A_NP	41	100	A	0	0	100	35
A_NP	42	96	A	0	0	96	35
A_NP	43	86	A	0	0	86	35
A_NP	44	96	C	0	0	96	35
A_NP	45	110	T	0	0	110	35
A_NP	46	111	G	0	0	111	35
A_NP	47	98	G	0	0	98	35
A_NP	48	93	T	0	0	93	35
A_NP	49	100	G	0	0	100	35
A_NP	50	96	G	0	0	96	35
A_NP	51	92	G	0	0	92	35
A_NP	52	91	G	0	0	91	35
A_NP	53	89	A	0	0	89	35
A_NP	54	87	A	0	0	87	35
A_NP	55	100	C	0	0	100	35
A_NP	56	111	G	0	0	111	35
A_NP	57	93	C	0	0	93	35
A_NP	58	85	C	0	0	85	35
A_NP	59	93	A	0	0	93	35
A_NP	60	100	G	0	0	100	35
A_NP	61	95	A	0	0	95	35
A_NP	62	108	A	0	0	108	35
A_NP	63	94	T	0	0	94	35
A_NP	64	101	G	0	0	101	35
A_NP	65	88	C	0	0	88	35
A_NP	66	103	C	0	0	103	35
A_NP	67	93	A	0	0	93	35
A_NP	68	107	C	0	0	107	35
A_NP	69	90	T	0	0	90	35
A_NP	70	91	G	0	0	91	35
A_NP	71	108	A	0	0	108	35
A_NP	72	98	A	0	0	98	35
A_NP	73	111	A	0	0	111	35
A_NP	74	86	T	0	0	86	35
A_NP	75	110	C	0	0	110	35
A_NP	76	88	A	0	0	88	35
A_NP	77	106	G	0	0	106	35
A_NP	78	94	A	0	0	94	35
A_NP	79	89	G	0	0	89	35
A_NP	80	102	C	0	0	102	35
A_NP	81	102	A	0	0	102	35
A_NP	82	98	T	0	0	98	35
A_NP	83	107	C	0	0	107	35
A_NP	84	101	T	0	0	101	35
A_NP	85	95	G	0	0	95	35
A_NP	86	91	T	0	0	91	35
A_NP	87	107	T	0	0	107	35
A_NP	88	114	G	0	0	114	35
A_NP	89	104	G	0	0	104	35
A_NP	90	95	A	0	0	95	35
A_NP	91	95	A	0	0	95	35
A_NP	92	88	G	0	0	88	35
A_NP	93	91	A	0	0	91	35
A_NP	94	114	A	0	0	114	35
A_NP	95	113	T	0	0	113	35
A_NP	96	105	G	0	0	105	35
A_NP	97	86	G	0	0	86	35
A_NP	98	101	T	0	0	101	35
A_NP	99	112	T	0	0	112	35
A_NP	100	100	G	0	0	100	35
A_NP	101	89	G	0	0	89	35
A_NP	102	97	C	0	0	97	35
A_NP	103	106	G	0	0	106	35
A_NP	104	110	G	0	0	110	35
A_NP	105	90	A	0	0	90	35
A_NP	106	107	A	0	0	107	35
A_NP	107	112	T	0	0	112	35
A_NP	108	94	C	0	0	94	35
A_NP	109	104	G	0	0	104	35
A_NP	110	111	G	0	0	111	35
A_NP	111	113	G	0	0	113	35
A_NP	112	111	A	0	0	111	35
A_NP	113	103	G	0	0	103	35
A_NP	114	85	A	0	0	85	35
A_NP	115	108	T	0	0	108	35
A_NP	116	92	T	0	0	92	35
A_NP	117	97	C	0	0	97	35
A_NP	118	107	T	0	0	107	35
A_NP	119	99	A	0	0	99	35
A_NP	120	108	C	0	0	108	35
A_NP	121	89	A	0	0	89	35
A_NP	122	93	T	0	0	93	35
A_NP	123	105	A	0	0	105	35
A_NP	124	114	C	0	0	114	35
A_NP	125	114	A	0	0	114	35
A_NP	126	104	G	0	0	104	35
A_NP	127	107	A	0	0	107	35
A_NP	128	107	T	0	0	107	35
A_NP	129	100	G	0	0	100	35
A_NP	130	104	T	0	0	104	35
A_NP	131	88	G	0	0	88	35
A_NP	132	96	C	0	0	96	35
A_NP	133	92	A	0	0	92	35
A_NP	134	89	C	0	0	89	35
A_NP	135	91	T	0	0	91	35
A_NP	136	103	G	0	0	103	35
A_NP	137	88	A	0	0	88	35
A_NP	138	108	G	0	0	108	35
A_NP	139	107	C	0	0	107	35
A_NP	140	90	T	0	0	90	35
A_NP	141	92	C	0	0	92	35
A_NP	142	89	A	0	0	89	35
A_NP	143	107	A	0	0	107	35
A_NP	144	108	A	0	0	108	35
A_NP	145	102	C	0	0	102	35
A_NP	146	104	T	0	0	104	35
A_NP	147	109	C	0	0	109	35
A_NP	148	87	A	0	0	87	35
A_NP	149	110	G	0	0	110	35
A_NP	150	86	T	0	0	86	35
A_NP	151	102	G	0	0	102	35
A_NP	152	90	A	0	0	90	35
A_NP	153	86	T	0	0	86	35
A_NP	154	107	T	0	0	107	35
A_NP	155	108	A	0	0	108	35
A_NP	156	112	C	0	0	112	35
A_NP	157	102	G	0	0	102	35
A_NP	158	91	A	0	0	91	35
A_NP	159	97	A	0	0	97	35
A_NP	160	115	G	0	0	115	35
A_NP	161	100	G	0	0	100	35
A_NP	162	105	G	0	0	105	35
A_NP	163	113	A	0	0	113	35
A_NP	164	105	G	0	0	105	35
A_NP	165	111	G	0	0	111	35
A_NP	166	107	C	0	0	107	35
A_NP	167	115	T	0	0	115	35
A_NP	168	97	G	0	0	97	35
A_NP	169	87	A	0	0	87	35
A_NP	170	104	T	0	0	104	35
A_NP	171	106	C	0	0	106	35
A_NP	172	95	C	0	0	95	35
A_NP	173	85	A	0	0	85	35
A_NP	174	114	A	0	0	114	35
A_NP	175	90	A	0	0	90	35
A_NP	176	96	A	0	0	96	35
A_NP	177	105	C	0	0	105	35
A_NP	178	92	A	0	0	92	35
A_NP	179	99	G	0	0	99	35
A_NP	180	108	C	0	0	108	35
A_NP	181	114	A	0	0	114	35
A_NP	182	97	T	0	0	97	35
A_NP	183	105	A	0	0	105	35
A_NP	184	112	A	0	0	112	35
A_NP	185	115	C	0	0	115	35
A_NP	186	95	C	0	0	95	35
A_NP	187	109	A	0	0	109	35
A_NP	188	86	T	0	0	86	35
A_NP	189	110	A	0	0	110	35
A_NP	190	113	G	0	0	113	35
A_NP	191	100	A	0	0	100	35
A_NP	192	105	A	0	0	105	35
A_NP	193	91	A	0	0	91	35
A_NP	194	98	G	0	0	98	35
A_NP	195	89	G	0	0	89	35
A_NP	196	91	A	0	0	91	35
A_NP	197	108	T	0	0	108	35
A_NP	198	86	G	0	0	86	35
A_NP	199	115	G	0	0	115	35
A_NP	200	90	T	0	0	90	35
A_NP	201	111	T	0	0	111	35
A_NP	202	97	C	0	0	97	35
A_NP	203	111	T	0	0	111	35
A_NP	204	97	C	0	0	97	35
A_NP	205	93	T	0	0	93	35
A_NP	206	104	C	0	0	104	35
A_NP	207	86	G	0	0	86	35
A_NP	208	109	G	0	0	109	35
A_NP	209	110	C	0	0	110	35
A_NP	210	90	A	0	0	90	35
A_NP	211	87	T	0	0	87	35
A_NP	212	90	T	0	0	90	35
A_NP	213	97	T	0	0	97	35
A_NP	214	89	G	0	0	89	35
A_NP	215	110	A	0	0	110	35
A_NP	216	109	T	0	0	109	35
A_NP	217	112	G	0	0	112	35
A_NP	218	87	A	0	0	87	35
A_NP	219	90	G	0	0	90	35
A_NP	220	87	A	0	0	87	35
A_NP	221	94	G	0	0	94	35
A_NP	222	89	G	0	0	89	35
A_NP	223	113	A	0	0	113	35
A_NP	224	85	G	0	0	85	35
A_NP	225	96	G	0	0	96	35
A_NP	226	108	A	0	0	108	35
A_NP	227	97	A	0	0	97	35
A_NP	228	90	C	0	0	90	35
A_NP	229	88	A	0	0	88	35
A_NP	230	94	A	0	0	94	35
A_NP	231	113	G	0	0	113	35
A_NP	232	89	T	0	0	89	35
A_NP	233	115	A	0	0	115	35
A_NP	234	95	C	0	0	95	35
A_NP	235	87	C	0	0	87	35
A_NP	236	96	T	0	0	96	35
A_NP	237	106	G	0	0	106	35
A_NP	238	111	G	0	0	111	35
A_NP	239	113	A	0	0	113	35
A_NP	240	85	G	0	0	85	35
A_NP	241	105	G	0	0	105	35
A_NP	242	109	A	0	0	109	35
A_NP	243	94	A	0	0	94	35
A_NP	244	93	C	0	0	93	35
A_NP	245	91	A	0	0	91	35
A_NP	246	94	T	0	0	94	35
A_NP	247	89	C	0	0	89	35
A_NP	248	109	C	0	0	109	35
A_NP	249	104	C	0	0	104	35
A_NP	250	106	A	0	0	106	35
A_NP	251	109	G	0	0	109	35
A_NP	252	98	T	0	0	98	35
A_NP	253	103	G	0	0	103	35
A_NP	254	104	C	0	0	104	35
A_NP	255	96	C	0	0	96	35
A_NP	256	100	G	0	0	100	35
A_NP	257	98	G	0	0	98	35
A_NP	258	111	G	0	0	111	35
A_NP	259	98	A	0	0	98	35
A_NP	260	115	A	0	0	115	35
A_NP	261	108	G	0	0	108	35
A_NP	262	89	G	0	0	89	35
A_NP	263	113	A	0	0	113	35
A_NP	264	113	T	0	0	113	35
A_NP	265	100	C	0	0	100	35
A_NP	266	103	C	0	0	103	35
A_NP	267	87	C	0	0	87	35
A_NP	268	107	A	0	0	107	35
A_NP	269	98	A	0	0	98	35
A_NP	270	99	G	0	0	99	35
A_NP	271	96	A	0	0	96	35
A_NP	272	115	A	0	0	115	35
A_NP	273	107	G	0	0	107	35
A_NP	274	106	A	0	0	106	35
A_NP	275	96	C	0	0	96	35
A_NP	276	104	T	0	0	104	35
A_NP	277	100	G	0	0	100	35
A_NP	278	112	G	0	0	112	35
A_NP	279	113	A	0	0	113	35
A_NP	280	104	G	0	0	104	35
A_NP	281	88	G	0	0	88	35
A_NP	282	105	T	0	0	105	35
A_NP	283	99	C	0	0	99	35
A_NP	284	115	C	0	0	115	35
A_NP	285	104	A	0	0	104	35
A_NP	286	103	A	0	0	103	35
A_NP	287	104	T	0	0	104	35
A_NP	288	100	C	0	0	100	35
A_NP	289	109	T	0	0	109	35
A_NP	290	90	A	0	0	90	35
A_NP	291	90	C	0	0	90	35
A_NP	292	87	A	0	0	87	35
A_NP	293	95	G	0	0	95	35
A_NP	294	98	G	0	0	98	35
A_NP	295	107	A	0	0	107	35
A_NP	296	115	G	0	0	115	35
A_NP	297	113	G	0	0	113	35
A_NP	298	86	A	0	0	86	35
A_NP	299	104	G	0	0	104	35
A_NP	300	86	A	0	0	86	35
A_NP	301	88	G	0	0	88	35
A_NP	302	104	A	0	0	104	35
A_NP	303	86	T	0	0	86	35
A_NP	304	96	G	0	0	96	35
A_NP	305	108	G	0	0	108	35
A_NP	306	112	C	0	0	112	35
A_NP	307	105	A	0	0	105	35
A_NP	308	113	A	0	0	113	35
A_NP	309	98	A	0	0	98	35
A_NP	310	96	T	0	0	96	35
A_NP	311	114	G	0	0	114	35
A_NP	312	113	G	0	0	113	35
A_NP	313	93	G	0	0	93	35
A_NP	314	96	T	0	0	96	35
A_NP	315	96	G	0	0	96	35
A_NP	316	115	A	0	0	115	35
A_NP	317	87	G	0	0	87	35
A_NP	318	87	A	0	0	87	35
A_NP	319	104	G	0	0	104	35
A_NP	320	102	A	0	0	102	35
A_NP	321	92	G	0	0	92	35
A_NP	322	104	T	0	0	104	35
A_NP	323	106	T	0	0	106	35
A_NP	324	105	G	0	0	105	35
A_NP	325	102	A	0	0	102	35
A_NP	326	111	T	0	0	111	35
A_NP	327	99	C	0	0	99	35
A_NP	328	114	C	0	0	114	35
A_NP	329	114	T	0	0	114	35
A_NP	330	108	C	0	0	108	35
A_NP	331	107	T	0	0	107	35
A_NP	332	89	A	0	0	89	35
A_NP	333	114	C	0	0	114	35
A_NP	334	98	G	0	0	98	35
A_NP	335	96	A	0	0	96	35
A_NP	336	103	C	0	0	103	35
A_NP	337	109	A	0	0	109	35
A_NP	338	90	A	0	0	90	35
A_NP	339	91	A	0	0	91	35
A_NP	340	90	G	0	0	90	35
A_NP	341	95	A	0	0	95	35
A_NP	342	109	A	0	0	109	35
A_NP	343	103	G	0	0	103	35
A_NP	344	111	A	0	0	111	35
A_NP	345	101	G	0	0	101	35
A_NP	346	110	A	0	0	110	35
A_NP	347	103	T	0	0	103	35
A_NP	348	94	C	0	0	94	35
A_NP	349	89	A	0	0	89	35
A_NP	350	95	G	0	0	95	35
A_NP	351	86	A	0	0	86	35
A_NP	352	113	A	0	0	113	35
A_NP	353	114	G	0	0	114	35
A_NP	354	104	A	0	0	104	35
A_NP	355	113	A	0	0	113	35
A_NP	356	88	T	0	0	88	35
A_NP	357	96	T	0	0	96	35
A_NP	358	106	T	0	0	106	35
A_NP	359	110	G	0	0	110	35
A_NP	360	105	G	0	0	105	35
A_NP	361	95	C	0	0	95	35
A_NP	362	99	G	0	0	99	35
A_NP	363	85	T	0	0	85	35
A_NP	364	91	C	0	0	91	35
A_NP	365	90	A	0	0	90	35
A_NP	366	110	A	0	0	110	35
A_NP	367	111	G	0	0	111	35
A_NP	368	110	C	0	0	110	35
A_NP	369	97	T	0	0	97	35
A_NP	370	109	A	0	0	109	35
A_NP	371	114	A	0	0	114	35
A_NP	372	112	T	0	0	112	35
A_NP	373	90	A	0	0	90	35
A_NP	374	111	A	0	0	111	35
A_NP	375	92	T	0	0	92	35
A_NP	376	86	G	0	0	86	35
A_NP	377	101	G	0	0	101	35
A_NP	378	87	A	0	0	87	35
A_NP	379	110	G	0	0	110	35
A_NP	380	104	A	0	0	104	35
A_NP	381	104	G	0	0	104	35
A_NP	382	97	G	0	0	97	35
A_NP	383	105	A	0	0	105	35
A_NP	384	101	T	0	0	101	35
A_NP	385	90	G	0	0	90	35
A_NP	386	95	C	0	0	95	35
A_NP	387	85	A	0	0	85	35
A_NP	388	98	A	0	0	98	35
A_NP	389	94	C	0	0	94	35
A_NP	390	115	T	0	0	115	35
A_NP	391	115	G	0	0	115	35
A_NP	392	88	C	0	0	88	35
A_NP	393	108	T	0	0	108	35
A_NP	394	108	G	0	0	108	35
A_NP	395	106	G	0	0	106	35
A_NP	396	86	T	0	0	86	35
A_NP	397	88	C	0	0	88	35
A_NP	398	96	T	0	0	96	35
A_NP	399	115	C	0	0	115	35
A_NP	400	89	A	0	0	89	35
A_NP	401	99	C	0	0	99	35
A_NP	402	103	T	0	0	103	35
A_NP	403	104	C	0	0	104	35
A_NP	404	93	A	0	0	93	35
A_NP	405	96	T	0	0	96	35
A_NP	406	106	T	0	0	106	35
A_NP	407	102	T	0	0	102	35
A_NP	408	115	G	0	0	115	35
A_NP	409	87	A	0	0	87	35
A_NP	410	96	T	0	0	96	35
A_NP	411	86	G	0	0	86	35
A_NP	412	107	A	0	0	107	35
A_NP	413	88	T	0	0	88	35
A_NP	414	102	T	0	0	102	35
A_NP	415	112	T	0	0	112	35
A_NP	416	85	G	0	0	85	35
A_NP	417	89	G	0	0	89	35
A_NP	418	109	C	0	0	109	35
A_NP	419	86	A	0	0	86	35
A_NP	420	97	T	0	0	97	35
A_NP	421	111	T	0	0	111	35
A_NP	422	114	C	0	0	114	35
A_NP	423	95	C	0	0	95	35
A_NP	424	105	A	0	0	105	35
A_NP	425	105	A	0	0	105	35
A_NP	426	107	T	0	0	107	35
A_NP	427	93	C	0	0	93	35
A_NP	428	102	T	0	0	102	35
A_NP	429	100	G	0	0	100	35
A_NP	430	86	A	0	0	86	35
A_NP	431	94	A	0	0	94	35
A_NP	432	110	T	0	0	110	35
A_NP	433	90	G	0	0	90	35
A_NP	434	111	A	0	0	111	35
A_NP	435	104	T	0	0	104	35
A_NP	436	102	G	0	0	102	35
A_NP	437	95	C	0	0	95	35
A_NP	438	88	C	0	0	88	35
A_NP	439	110	A	0	0	110	35
A_NP	440	108	C	0	0	108	35
A_NP	441	108	A	0	0	108	35
A_NP	442	112	T	0	0	112	35
A_NP	443	108	A	0	0	108	35
A_NP	444	88	C	0	0	88	35
A_NP	445	112	C	0	0	112	35
A_NP	446	91	A	0	0	91	35
A_NP	447	110	G	0	0	110	35
A_NP	448	103	A	0	0	103	35
A_NP	449	94	G	0	0	94	35
A_NP	450	105	A	0	0	105	35
A_NP	451	97	A	0	0	97	35
A_NP	452	99	C	0	0	99	35
A_NP	453	106	A	0	0	106	35
A_NP	454	85	A	0	0	85	35
A_NP	455	105	G	0	0	105	35
A_NP	456	97	G	0	0	97	35
A_NP	457	85	G	0	0	85	35
A_NP	458	88	C	0	0	88	35
A_NP	459	113	A	0	0	113	35
A_NP	460	99	C	0	0	99	35
A_NP	461	102	T	0	0	102	35
A_NP	462	93	T	0	0	93	35
A_NP	463	99	G	0	0	99	35
A_NP	464	89	T	0	0	89	35
A_NP	465	103	G	0	0	103	35
A_NP	466	87	C	0	0	87	35
A_NP	467	106	G	0	0	106	35
A_NP	468	115	T	0	0	115	35
A_NP	469	87	A	0	0	87	35
A_NP	470	103	C	0	0	103	35
A_NP	471	113	T	0	0	113	35
A_NP	472	98	G	0	0	98	35
A_NP	473	91	G	0	0	91	35
A_NP	474	100	A	0	0	100	35
A_NP	475	102	A	0	0	102	35
A_NP	476	87	T	0	0	87	35
A_NP	477	85	G	0	0	85	35
A_NP	478	111	G	0	0	111	35
A_NP	479	94	A	0	0	94	35
A_NP	480	88	C	0	0	88	35
A_NP	481	100	C	0	0	100	35
A_NP	482	103	C	0	0	103	35
A_NP	483	91	T	0	0	91	35
A_NP	484	112	A	0	0	112	35
A_NP	485	106	G	0	0	106	35
A_NP	486	93	A	0	0	93	35
A_NP	487	92	A	0	0	92	35
A_NP	488	112	T	0	0	112	35
A_NP	489	90	G	0	0	90	35
A_NP	490	97	T	0	0	97	35
A_NP	491	92	G	0	0	92	35
A_NP	492	100	C	0	0	100	35
A_NP	493	92	T	0	0	92	35
A_NP	494	112	C	0	0	112	35
A_NP	495	108	T	0	0	108	35
A_NP	496	109	C	0	0	109	35
A_NP	497	108	T	0	0	108	35
A_NP	498	110	G	0	0	110	35
A_NP	499	100	A	0	0	100	35
A_NP	500	114	T	0	0	114	35
A_NP	501	93	G	0	0	93	35
A_NP	502	115	C	0	0	115	35
A_NP	503	85	A	0	0	85	35
A_NP	504	89	A	0	0	89	35
A_NP	505	87	G	0	0	87	35
A_NP	506	113	G	0	0	113	35
A_NP	507	105	C	0	0	105	35
A_NP	508	102	T	0	0	102	35
A_NP	509	109	C	0	0	109	35
A_NP	510	100	A	0	0	100	35
A_NP	511	85	A	0	0	85	35
A_NP	512	99	C	0	0	99	35
A_NP	513	102	C	0	0	102	35
A_NP	514	114	C	0	0	114	35
A_NP	515	92	T	0	0	92	35
A_NP	516	95	C	0	0	95	35
A_NP	517	113	C	0	0	113	35
A_NP	518	115	C	0	0	115	35
A_NP	519	102	T	0	0	102	35
A_NP	520	110	A	0	0	110	35
A_NP	521	86	G	0	0	86	35
A_NP	522	114	G	0	0	114	35
A_NP	523	105	A	0	0	105	35
A_NP	524	102	G	0	0	102	35
A_NP	525	113	A	0	0	113	35
A_NP	526	107	T	0	0	107	35
A_NP	527	102	C	0	0	102	35
A_NP	528	91	C	0	0	91	35
A_NP	529	95	G	0	0	95	35
A_NP	530	92	G	0	0	92	35
A_NP	531	110	G	0	0	110	35
A_NP	532	108	G	0	0	108	35
A_NP	533	102	C	0	0	102	35
A_NP	534	98	T	0	0	98	35
A_NP	535	86	G	0	0	86	35
A_NP	536	85	C	0	0	85	35
A_NP	537	100	T	0	0	100	35
A_NP	538	112	G	0	0	112	35
A_NP	539	91	G	0	0	91	35
A_NP	540	101	A	0	0	101	35
A_NP	541	87	G	0	0	87	35
A_NP	542	85	C	0	0	85	35
A_NP	543	107	A	0	0	107	35
A_NP	544	90	G	0	0	90	35
A_NP	545	113	C	0	0	113	35
A_NP	546	111	A	0	0	111	35
A_NP	547	102	G	0	0	102	35
A_NP	548	97	T	0	0	97	35
A_NP	549	91	G	0	0	91	35
A_NP	550	113	A	0	0	113	35
A_NP	551	112	A	0	0	112	35
A_NP	552	92	A	0	0	92	35
A_NP	553	85	G	0	0	85	35
A_NP	554	109	G	0	0	109	35
A_NP	555	102	A	0	0	102	35
A_NP	556	112	G	0	0	112	35
A_NP	557	107	T	0	0	107	35
A_NP	558	88	T	0	0	88	35
A_NP	559	115	G	0	0	115	35
A_NP	560	90	G	0	0	90	35
A_NP	561	115	A	0	0	115	35
A_NP	562	101	A	0	0	101	35
A_NP	563	112	C	0	0	112	35
A_NP	564	93	A	0	0	93	35
A_NP	565	109	A	0	0	109	35
A_NP	566	110	T	0	0	110	35
A_NP	567	102	G	0	0	102	35
A_NP	568	102	G	0	0	102	35
A_NP	569	99	T	0	0	99	35
A_NP	570	107	G	0	0	107	35
A_NP	571	90	A	0	0	90	35
A_NP	572	102	T	0	0	102	35
A_NP	573	112	G	0	0	112	35
A_NP	574	104	G	0	0	104	35
A_NP	575	91	A	0	0	91	35
A_NP	576	104	A	0	0	104	35
A_NP	577	109	C	0	0	109	35
A_NP	578	97	T	0	0	97	35
A_NP	579	109	A	0	0	109	35
A_NP	580	92	A	0	0	92	35
A_NP	581	92	T	0	0	92	35
A_NP	582	112	T	0	0	112	35
A_NP	583	105	C	0	0	105	35
A_NP	584	100	G	0	0	100	35
A_NP	585	103	A	0	0	103	35
A_NP	586	106	A	0	0	106	35
A_NP	587	87	T	0	0	87	35
A_NP	588	97	G	0	0	97	35
A_NP	589	99	A	0	0	99	35
A_NP	590	101	T	0	0	101	35
A_NP	591	88	C	0	0	88	35
A_NP	592	100	A	0	0	100	35
A_NP	593	105	A	0	0	105	35
A_NP	594	105	A	0	0	105	35
A_NP	595	106	C	0	0	106	35
A_NP	596	113	G	0	0	113	35
A_NP	597	105	A	0	0	105	35
A_NP	598	104	G	0	0	104	35
A_NP	599	111	G	0	0	111	35
A_NP	600	109	G	0	0	109	35
A_NP	601	90	A	0	0	90	35
A_NP	602	94	T	0	0	94	35
A_NP	603	91	C	0	0	91	35
A_NP	604	114	A	0	0	114	35
A_NP	605	105	A	0	0	105	35
A_NP	606	113	T	0	0	113	35
A_NP	607	91	G	0	0	91	35
A_NP	608	112	A	0	0	112	35
A_NP	609	112	T	0	0	112	35
A_NP	610	92	C	0	0	92	35
A_NP	611	85	G	0	0	85	35
A_NP	612	100	G	0	0	100	35
A_NP	613	90	A	0	0	90	35
A_NP	614	113	A	0	0	113	35
A_NP	615	109	T	0	0	109	35
A_NP	616	85	T	0	0	85	35
A_NP	617	103	T	0	0	103	35
A_NP	618	105	C	0	0	105	35
A_NP	619	88	T	0	0	88	35
A_NP	620	85	G	0	0	85	35
A_NP	621	110	G	0	0	110	35
A_NP	622	106	A	0	0	106	35
A_NP	623	101	G	0	0	101	35
A_NP	624	114	A	0	0	114	35
A_NP	625	113	G	0	0	113	35
A_NP	626	107	G	0	0	107	35
A_NP	627	86	C	0	0	86	35
A_NP	628	91	G	0	0	91	35
A_NP	629	110	A	0	0	110	35
A_NP	630	87	A	0	0	87	35
A_NP	631	94	A	0	0	94	35
A_NP	632	112	A	0	0	112	35
A_NP	633	96	C	0	0	96	35
A_NP	634	115	G	0	0	115	35
A_NP	635	110	G	0	0	110	35
A_NP	636	101	T	0	0	101	35
A_NP	637	98	C	0	0	98	35
A_NP	638	89	G	0	0	89	35
A_NP	639	115	G	0	0	115	35
A_NP	640	102	A	0	0	102	35
A_NP	641	99	G	0	0	99	35
A_NP	642	92	A	0	0	92	35
A_NP	643	106	A	0	0	106	35
A_NP	644	107	C	0	0	107	35
A_NP	645	92	C	0	0	92	35
A_NP	646	115	A	0	0	115	35
A_NP	647	91	G	0	0	91	35
A_NP	648	110	G	0	0	110	35
A_NP	649	93	A	0	0	93	35
A_NP	650	92	T	0	0	92	35
A_NP	651	96	T	0	0	96	35
A_NP	652	106	G	0	0	106	35
A_NP	653	85	C	0	0	85	35
A_NP	654	106	C	0	0	106	35
A_NP	655	88	T	0	0	88	35
A_NP	656	107	A	0	0	107	35
A_NP	657	86	C	0	0	86	35
A_NP	658	104	G	0	0	104	35
A_NP	659	85	A	0	0	85	35
A_NP	660	103	G	0	0	103	35
A_NP	661	105	A	0	0	105	35
A_NP	662	115	G	0	0	115	35
A_NP	663	105	A	0	0	105	35
A_NP	664	110	A	0	0	110	35
A_NP	665	94	T	0	0	94	35
A_NP	666	110	G	0	0	110	35
A_NP	667	111	T	0	0	111	35
A_NP	668	86	G	0	0	86	35
A_NP	669	101	C	0	0	101	35
A_NP	670	109	A	0	0	109	35
A_NP	671	110	A	0	0	110	35
A_NP	672	112	C	0	0	112	35
A_NP	673	100	A	0	0	100	35
A_NP	674	106	T	0	0	106	35
A_NP	675	115	C	0	0	115	35
A_NP	676	93	C	0	0	93	35
A_NP	677	109	T	0	0	109	35
A_NP	678	99	C	0	0	99	35
A_NP	679	89	A	0	0	89	35
A_NP	680	109	A	0	0	109	35
A_NP	681	92	G	0	0	92	35
A_NP	682	98	G	0	0	98	35
A_NP	683	111	G	0	0	111	35
A_NP	684	109	A	0	0	109	35
A_NP	685	102	A	0	0	102	35
A_NP	686	110	A	0	0	110	35
A_NP	687	90	G	0	0	90	35
A_NP	688	115	T	0	0	115	35
A_NP	689	104	T	0	0	104	35
A_NP	690	101	C	0	0	101	35
A_NP	691	96	C	0	0	96	35
A_NP	692	99	A	0	0	99	35
A_NP	693	96	A	0	0	96	35
A_NP	694	113	A	0	0	113	35
A_NP	695	110	C	0	0	110	35
A_NP	696	86	A	0	0	86	35
A_NP	697	107	G	0	0	107	35
A_NP	698	85	C	0	0	85	35
A_NP	699	115	A	0	0	115	35
A_NP	700	108	G	0	0	108	35
A_NP	701	112	C	0	0	112	35
A_NP	702	92	A	0	0	92	35
A_NP	703	91	C	0	0	91	35
A_NP	704	94	A	0	0	94	35
A_NP	705	110	A	0	0	110	35
A_NP	706	99	C	0	0	99	35
A_NP	707	92	G	0	0	92	35
A_NP	708	89	G	0	0	89	35
A_NP	709	91	G	0	0	91	35
A_NP	710	86	C	0	0	86	35
A_NP	711	94	A	0	0	94	35
A_NP	712	90	A	0	0	90	35
A_NP	713	107	T	0	0	107	35
A_NP	714	95	G	0	0	95	35
A_NP	715	111	A	0	0	111	35
A_NP	716	95	T	0	0	95	35
A_NP	717	109	G	0	0	109	35
A_NP	718	111	G	0	0	111	35
A_NP	719	95	A	0	0	95	35
A_NP	720	94	C	0	0	94	35
A_NP	721	96	C	0	0	96	35
A_NP	722	102	A	0	0	102	35
A_NP	723	108	A	0	0	108	35
A_NP	724	111	G	0	0	111	35
A_NP	725	97	T	0	0	97	35
A_NP	726	92	G	0	0	92	35
A_NP	727	105	A	0	0	105	35
A_NP	728	113	G	0	0	113	35
A_NP	729	88	A	0	0	88	35
A_NP	730	92	G	0	0	92	35
A_NP	731	106	A	0	0	106	35
A_NP	732	86	A	0	0	86	35
A_NP	733	103	A	0	0	103	35
A_NP	734	107	G	0	0	107	35
A_NP	735	108	C	0	0	108	35
A_NP	736	100	C	0	0	100	35
A_NP	737	110	G	0	0	110	35
A_NP	738	91	G	0	0	91	35
A_NP	739	93	A	0	0	93	35
A_NP	740	112	A	0	0	112	35
A_NP	741	94	T	0	0	94	35
A_NP	742	86	C	0	0	86	35
A_NP	743	92	C	0	0	92	35
A_NP	744	109	T	0	0	109	35
A_NP	745	92	G	0	0	92	35
A_NP	746	111	G	0	0	111	35
A_NP	747	95	G	0	0	95	35
A_NP	748	108	A	0	0	108	35
A_NP	749	88	A	0	0	88	35
A_NP	750	109	T	0	0	109	35
A_NP	751	109	G	0	0	109	35
A_NP	752	108	C	0	0	108	35
A_NP	753	105	T	0	0	105	35
A_NP	754	103	G	0	0	103	35
A_NP	755	92	A	0	0	92	35
A_NP	756	105	A	0	0	105	35
A_NP	757	107	A	0	0	107	35
A_NP	758	97	T	0	0	97	35
A_NP	759	113	T	0	0	113	35
A_NP	760	99	G	0	0	99	35
A_NP	761	87	A	0	0	87	35
A_NP	762	92	A	0	0	92	35
A_NP	763	86	G	0	0	86	35
A_NP	764	86	A	0	0	86	35
A_NP	765	94	T	0	0	94	35
A_NP	766	94	C	0	0	94	35
A_NP	767	114	T	0	0	114	35
A_NP	768	96	C	0	0	96	35
A_NP	769	107	A	0	0	107	35
A_NP	770	107	T	0	0	107	35
A_NP	771	97	C	0	0	97	35
A_NP	772	91	T	0	0	91	35
A_NP	773	111	T	0	0	111	35
A_NP	774	113	T	0	0	113	35
A_NP	775	98	C	0	0	98	35
A_NP	776	106	T	0	0	106	35
A_NP	777	103	C	0	0	103	35
A_NP	778	100	G	0	0	100	35
A_NP	779	94	C	0	0	94	35
A_NP	780	90	A	0	0	90	35
A_NP	781	114	C	0	0	114	35
A_NP	782	98	G	0	0	98	35
A_NP	783	91	A	0	0	91	35
A_NP	784	101	T	0	0	101	35
A_NP	785	114	C	0	0	114	35
A_NP	786	98	T	0	0	98	35
A_NP	787	95	G	0	0	95	35
A_NP	788	85	C	0	0	85	35
A_NP	789	102	T	0	0	102	35
A_NP	790	96	C	0	0	96	35
A_NP	791	109	T	0	0	109	35
A_NP	792	108	C	0	0	108	35
A_NP	793	87	A	0	0	87	35
A_NP	794	86	T	0	0	86	35
A_NP	795	105	C	0	0	105	35
A_NP	796	100	C	0	0	100	35
A_NP	797	105	T	0	0	105	35
A_NP	798	90	G	0	0	90	35
A_NP	799	104	A	0	0	104	35
A_NP	800	88	G	0	0	88	35
A_NP	801	106	G	0	0	106	35
A_NP	802	103	G	0	0	103	35
A_NP	803	100	G	0	0	100	35
A_NP	804	106	A	0	0	106	35
A_NP	805	114	T	0	0	114	35
A_NP	806	107	C	0	0	107	35
A_NP	807	109	A	0	0	109	35
A_NP	808	111	G	0	0	111	35
A_NP	809	90	T	0	0	90	35
A_NP	810	96	G	0	0	96	35
A_NP	811	113	G	0	0	113	35
A_NP	812	108	C	0	0	108	35
A_NP	813	95	T	0	0	95	35
A_NP	814	108	C	0	0	108	35
A_NP	815	105	A	0	0	105	35
A_NP	816	115	T	0	0	115	35
A_NP	817	96	A	0	0	96	35
A_NP	818	93	A	0	0	93	35
A_NP	819	94	G	0	0	94	35
A_NP	820	99	T	0	0	99	35
A_NP	821	115	C	0	0	115	35
A_NP	822	85	C	0	0	85	35
A_NP	823	91	T	0	0	91	35
A_NP	824	110	G	0	0	110	35
A_NP	825	99	T	0	0	99	35
A_NP	826	91	C	0	0	91	35
A_NP	827	94	T	0	0	94	35
A_NP	828	115	G	0	0	115	35
A_NP	829	105	C	0	0	105	35
A_NP	830	112	C	0	0	112	35
A_NP	831	89	T	0	0	89	35
A_NP	832	105	G	0	0	105	35
A_NP	833	103	C	0	0	103	35
A_NP	834	101	T	0	0	101	35
A_NP	835	87	T	0	0	87	35
A_NP	836	97	G	0	0	97	35
A_NP	837	102	C	0	0	102	35
A_NP	838	114	G	0	0	114	35
A_NP	839	111	T	0	0	111	35
A_NP	840	104	A	0	0	104	35
A_NP	841	99	T	0	0	99	35
A_NP	842	97	A	0	0	97	35
A_NP	843	95	T	0	0	95	35
A_NP	844	86	G	0	0	86	35
A_NP	845	96	G	0	0	96	35
A_NP	846	106	A	0	0	106	35
A_NP	847	99	C	0	0	99	35
A_NP	848	93	T	0	0	93	35
A_NP	849	93	T	0	0	93	35
A_NP	850	104	G	0	0	104	35
A_NP	851	87	C	0	0	87	35
A_NP	852	90	T	0	0	90	35
A_NP	853	99	G	0	0	99	35
A_NP	854	114	T	0	0	114	35
A_NP	855	91	A	0	0	91	35
A_NP	856	115	G	0	0	115	35
A_NP	857	115	C	0	0	115	35
A_NP	858	88	C	0	0	88	35
A_NP	859	106	A	0	0	106	35
A_NP	860	101	G	0	0	101	35
A_NP	861	94	T	0	0	94	35
A_NP	862	113	G	0	0	113	35
A_NP	863	88	G	0	0	88	35
A_NP	864	103	A	0	0	103	35
A_NP	865	93	T	0	0	93	35
A_NP	866	110	A	0	0	110	35
A_NP	867	90	T	0	0	90	35
A_NP	868	87	G	0	0	87	35
A_NP	869	104	A	0	0	104	35
A_NP	870	85	C	0	0	85	35
A_NP	871	101	T	0	0	101	35
A_NP	872	94	T	0	0	94	35
A_NP	873	87	T	0	0	87	35
A_NP	874	106	G	0	0	106	35
A_NP	875	103	A	0	0	103	35
A_NP	876	93	A	0	0	93	35
A_NP	877	89	A	0	0	89	35
A_NP	878	113	G	0	0	113	35
A_NP	879	100	A	0	0	100	35
A_NP	880	113	G	0	0	113	35
A_NP	881	106	A	0	0	106	35
A_NP	882	91	G	0	0	91	35
A_NP	883	90	G	0	0	90	35
A_NP	884	100	G	0	0	100	35
A_NP	885	97	A	0	0	97	35
A_NP	886	106	T	0	0	106	35
A_NP	887	109	A	0	0	109	35
A_NP	888	88	T	0	0	88	35
A_NP	889	105	T	0	0	105	35
A_NP	890	108	C	0	0	108	35
A_NP	891	107	T	0	0	107	35
A_NP	892	98	C	0	0	98	35
A_NP	893	109	T	0	0	109	35
A_NP	894	92	A	0	0	92	35
A_NP	895	90	G	0	0	90	35
A_NP	896	86	T	0	0	86	35
A_NP	897	85	C	0	0	85	35
A_NP	898	91	G	0	0	91	35
A_NP	899	105	G	0	0	105	35
A_NP	900	85	A	0	0	85	35
A_NP	901	90	A	0	0	90	35
A_NP	902	87	T	0	0	87	35
A_NP	903	91	T	0	0	91	35
A_NP	904	94	G	0	0	94	35
A_NP	905	100	A	0	0	100	35
A_NP	906	106	T	0	0	106	35
A_NP	907	108	C	0	0	108	35
A_NP	908	96	C	0	0	96	35
A_NP	909	93	T	0	0	93	35
A_NP	910	90	T	0	0	90	35
A_NP	911	102	T	0	0	102	35
A_NP	912	98	C	0	0	98	35
A_NP	913	99	C	0	0	99	35
A_NP	914	111	G	0	0	111	35
A_NP	915	93	T	0	0	93	35
A_NP	916	104	C	0	0	104	35
A_NP	917	113	T	0	0	113	35
A_NP	918	95	G	0	0	95	35
A_NP	919	108	C	0	0	108	35
A_NP	920	108	T	0	0	108	35
A_NP	921	86	C	0	0	86	35
A_NP	922	86	C	0	0	86	35
A_NP	923	90	A	0	0	90	35
A_NP	924	87	A	0	0	87	35
A_NP	925	114	A	0	0	114	35
A_NP	926	91	A	0	0	91	35
A_NP	927	91	C	0	0	91	35
A_NP	928	115	A	0	0	115	35
A_NP	929	94	G	0	0	94	35
A_NP	930	110	C	0	0	110	35
A_NP	931	88	C	0	0	88	35
A_NP	932	97	A	0	0	97	35
A_NP	933	115	A	0	0	115	35
A_NP	934	109	G	0	0	109	35
A_NP	935	87	T	0	0	87	35
A_NP	936	103	C	0	0	103	35
A_NP	937	93	T	0	0	93	35
A_NP	938	97	T	0	0	97	35
A_NP	939	101	C	0	0	101	35
A_NP	940	96	A	0	0	96	35
A_NP	941	102	G	0	0	102	35
A_NP	942	112	T	0	0	112	35
A_NP	943	85	C	0	0	85	35
A_NP	944	90	T	0	0	90	35
A_NP	945	112	C	0	0	112	35
A_NP	946	101	A	0	0	101	35
A_NP	947	87	T	0	0	87	35
A_NP	948	88	C	0	0	88	35
A_NP	949	114	A	0	0	114	35
A_NP	950	93	G	0	0	93	35
A_NP	951	88	A	0	0	88	35
A_NP	952	92	C	0	0	92	35
A_NP	953	111	C	0	0	111	35
A_NP	954	103	G	0	0	103	35
A_NP	955	92	A	0	0	92	35
A_NP	956	102	A	0	0	102	35
A_NP	957	112	C	0	0	112	35
A_NP	958	114	G	0	0	114	35
A_NP	959	100	A	0	0	100	35
A_NP	960	95	A	0	0	95	35
A_NP	961	89	A	0	0	89	35
A_NP	962	108	A	0	0	108	35
A_NP	963	115	T	0	0	115	35
A_NP	964	95	C	0	0	95	35
A_NP	965	86	C	0	0	86	35
A_NP	966	99	A	0	0	99	35
A_NP	967	91	G	0	0	91	35
A_NP	968	97	C	0	0	97	35
A_NP	969	111	T	0	0	111	35
A_NP	970	99	C	0	0	99	35
A_NP	971	99	A	0	0	99	35
A_NP	972	102	T	0	0	102	35
A_NP	973	93	A	0	0	93	35
A_NP	974	101	A	0	0	101	35
A_NP	975	96	A	0	0	96	35
A_NP	976	100	A	0	0	100	35
A_NP	977	113	G	0	0	113	35
A_NP	978	91	T	0	0	91	35
A_NP	979	93	C	0	0	93	35
A_NP	980	113	A	0	0	113	35
A_NP	981	110	G	0	0	110	35
A_NP	982	92	C	0	0	92	35
A_NP	983	100	T	0	0	100	35
A_NP	984	86	G	0	0	86	35
A_NP	985	108	G	0	0	108	35
A_NP	986	86	T	0	0	86	35
A_NP	987	97	A	0	0	97	35
A_NP	988	108	T	0	0	108	35
A_NP	989	89	G	0	0	89	35
A_NP	990	89	G	0	0	89	35
A_NP	991	92	A	0	0	92	35
A_NP	992	101	T	0	0	101	35
A_NP	993	103	G	0	0	103	35
A_NP	994	96	G	0	0	96	35
A_NP	995	86	C	0	0	86	35
A_NP	996	92	A	0	0	92	35
A_NP	997	97	T	0	0	97	35
A_NP	998	105	G	0	0	105	35
A_NP	999	108	C	0	0	108	35
A_NP	1000	107	C	0	0	107	35
A_NP	1001	90	A	0	0	90	35
A_NP	1002	109	C	0	0	109	35
A_NP	1003	104	T	0	0	104	35
A_NP	1004	92	C	0	0	92	35
A_NP	1005	87	T	0	0	87	35
A_NP	1006	102	G	0	0	102	35
A_NP	1007	115	C	0	0	115	35
A_NP	1008	89	G	0	0	89	35
A_NP	1009	109	G	0	0	109	35
A_NP	1010	115	C	0	0	115	35
A_NP	1011	90	A	0	0	90	35
A_NP	1012	90	T	0	0	90	35
A_NP	1013	86	T	0	0	86	35
A_NP	1014	110	T	0	0	110	35
A_NP	1015	110	G	0	0	110	35
A_NP	1016	111	A	0	0	111	35
A_NP	1017	112	G	0	0	112	35
A_NP	1018	99	G	0	0	99	35
A_NP	1019	94	A	0	0	94	35
A_NP	1020	110	T	0	0	110	35
A_NP	1021	91	C	0	0	91	35
A_NP	1022	97	T	0	0	97	35
A_NP	1023	111	G	0	0	111	35
A_NP	1024	100	A	0	0	100	35
A_NP	1025	100	G	0	0	100	35
A_NP	1026	111	A	0	0	111	35
A_NP	1027	93	G	0	0	93	35
A_NP	1028	92	T	0	0	92	35
A_NP	1029	94	G	0	0	94	35
A_NP	1030	94	T	0	0	94	35
A_NP	1031	97	C	0	0	97	35
A_NP	1032	100	A	0	0	100	35
A_NP	1033	115	A	0	0	115	35
A_NP	1034	97	G	0	0	97	35
A_NP	1035	105	C	0	0	105	35
A_NP	1036	101	T	0	0	101	35
A_NP	1037	95	T	0	0	95	35
A_NP	1038	98	C	0	0	98	35
A_NP	1039	102	A	0	0	102	35
A_NP	1040	96	T	0	0	96	35
A_NP	1041	98	C	0	0	98	35
A_NP	1042	96	A	0	0	96	35
A_NP	1043	85	G	0	0	85	35
A_NP	1044	87	A	0	0	87	35
A_NP	1045	92	G	0	0	92	35
A_NP	1046	111	G	0	0	111	35
A_NP	1047	100	G	0	0	100	35
A_NP	1048	103	A	0	0	103	35
A_NP	1049	114	C	0	0	114	35
A_NP	1050	94	A	0	0	94	35
A_NP	1051	92	A	0	0	92	35
A_NP	1052	107	G	0	0	107	35
A_NP	1053	86	A	0	0	86	35
A_NP	1054	90	G	0	0	90	35
A_NP	1055	114	T	0	0	114	35
A_NP	1056	107	A	0	0	107	35
A_NP	1057	104	G	0	0	104	35
A_NP	1058	87	T	0	0	87	35
A_NP	1059	111	C	0	0	111	35
A_NP	1060	109	C	0	0	109	35
A_NP	1061	101	C	0	0	101	35
A_NP	1062	87	A	0	0	87	35
A_NP	1063	100	A	0	0	100	35
A_NP	1064	107	G	0	0	107	35
A_NP	1065	85	A	0	0	85	35
A_NP	1066	102	G	0	0	102	35
A_NP	1067	93	G	0	0	93	35
A_NP	1068	97	A	0	0	97	35
A_NP	1069	86	C	0	0	86	35
A_NP	1070	94	A	0	0	94	35
A_NP	1071	86	A	0	0	86	35
A_NP	1072	108	C	0	0	108	35
A_NP	1073	93	T	0	0	93	35
A_NP	1074	97	G	0	0	97	35
A_NP	1075	104	T	0	0	104	35
A_NP	1076	110	C	0	0	110	35
A_NP	1077	107	C	0	0	107	35
A_NP	1078	97	A	0	0	97	35
A_NP	1079	113	C	0	0	113	35
A_NP	1080	115	C	0	0	115	35
A_NP	1081	89	A	0	0	89	35
A_NP	1082	88	G	0	0	88	35
A_NP	1083	88	A	0	0	88	35
A_NP	1084	90	G	0	0	90	35
A_NP	1085	98	G	0	0	98	35
A_NP	1086	113	A	0	0	113	35
A_NP	1087	112	G	0	0	112	35
A_NP	1088	92	T	0	0	92	35
A_NP	1089	94	T	0	0	94	35
A_NP	1090	90	C	0	0	90	35
A_NP	1091	85	A	0	0	85	35
A_NP	1092	101	G	0	0	101	35
A_NP	1093	108	A	0	0	108	35
A_NP	1094	112	T	0	0	112	35
A_NP	1095	101	T	0	0	101	35
A_NP	1096	102	G	0	0	102	35
A_NP	1097	85	C	0	0	85	35
A_NP	1098	88	T	0	0	88	35
A_NP	1099	85	T	0	0	85	35
A_NP	1100	106	C	0	0	106	35
A_NP	1101	104	A	0	0	104	35
A_NP	1102	107	A	0	0	107	35
A_NP	1103	109	A	0	0	109	35
A_NP	1104	108	T	0	0	108	35
A_NP	1105	107	G	0	0	107	35
A_NP	1106	88	A	0	0	88	35
A_NP	1107	115	A	0	0	115	35
A_NP	1108	104	A	0	0	104	35
A_NP	1109	114	A	0	0	114	35
A_NP	1110	106	C	0	0	106	35
A_NP	1111	115	A	0	0	115	35
A_NP	1112	107	T	0	0	107	35
A_NP	1113	109	G	0	0	109	35
A_NP	1114	87	G	0	0	87	35
A_NP	1115	109	A	0	0	109	35
A_NP	1116	85	G	0	0	85	35
A_NP	1117	94	A	0	0	94	35
A_NP	1118	96	C	0	0	96	35
A_NP	1119	114	A	0	0	114	35
A_NP	1120	95	A	0	0	95	35
A_NP	1121	104	T	0	0	104	35
A_NP	1122	108	G	0	0	108	35
A_NP	1123	92	G	0	0	92	35
A_NP	1124	107	A	0	0	107	35
A_NP	1125	86	C	0	0	86	35
A_NP	1126	106	T	0	0	106	35
A_NP	1127	87	C	0	0	87	35
A_NP	1128	111	C	0	0	111	35
A_NP	1129	113	A	0	0	113	35
A_NP	1130	105	G	0	0	105	35
A_NP	1131	99	T	0	0	99	35
A_NP	1132	93	A	0	0	93	35
A_NP	1133	89	C	0	0	89	35
A_NP	1134	112	T	0	0	112	35
A_NP	1135	98	C	0	0	98	35
A_NP	1136	106	T	0	0	106	35
A_NP	1137	110	T	0	0	110	35
A_NP	1138	88	G	0	0	88	35
A_NP	1139	89	A	0	0	89	35
A_NP	1140	85	A	0	0	85	35
A_NP	1141	102	C	0	0	102	35
A_NP	1142	110	T	0	0	110	35
A_NP	1143	99	G	0	0	99	35
A_NP	1144	102	A	0	0	102	35
A_NP	1145	103	G	0	0	103	35
A_NP	1146	101	G	0	0	101	35
A_NP	1147	111	A	0	0	111	35
A_NP	1148	94	G	0	0	94	35
A_NP	1149	112	C	0	0	112	35
A_NP	1150	88	A	0	0	88	35
A_NP	1151	92	G	0	0	92	35
A_NP	1152	100	A	0	0	100	35
A_NP	1153	115	T	0	0	115	35
A_NP	1154	91	A	0	0	91	35
A_NP	1155	110	C	0	0	110	35
A_NP	1156	100	T	0	0	100	35
A_NP	1157	107	G	0	0	107	35
A_NP	1158	86	G	0	0	86	35
A_NP	1159	109	G	0	0	109	35
A_NP	1160	107	C	0	0	107	35
A_NP	1161	100	T	0	0	100	35
A_NP	1162	114	A	0	0	114	35
A_NP	1163	86	T	0	0	86	35
A_NP	1164	89	A	0	0	89	35
A_NP	1165	102	A	0	0	102	35
A_NP	1166	90	G	0	0	90	35
A_NP	1167	104	A	0	0	104	35
A_NP	1168	110	A	0	0	110	35
A_NP	1169	94	C	0	0	94	35
A_NP	1170	100	A	0	0	100	35
A_NP	1171	85	A	0	0	85	35
A_NP	1172	112	G	0	0	112	35
A_NP	1173	110	A	0	0	110	35
A_NP	1174	104	A	0	0	104	35
A_NP	1175	111	G	0	0	111	35
A_NP	1176	88	T	0	0	88	35
A_NP	1177	101	G	0	0	101	35
A_NP	1178	89	G	0	0	89	35
A_NP	1179	86	A	0	0	86	35
A_NP	1180	112	G	0	0	112	35
A_NP	1181	86	G	0	0	86	35
A_NP	1182	89	A	0	0	89	35
A_NP	1183	94	A	0	0	94	35
A_NP	1184	87	A	0	0	87	35
A_NP	1185	111	C	0	0	111	35
A_NP	1186	112	A	0	0	112	35
A_NP	1187	95	C	0	0	95	35
A_NP	1188	89	T	0	0	89	35
A_NP	1189	97	A	0	0	97	35
A_NP	1190	115	A	0	0	115	35
A_NP	1191	103	C	0	0	103	35
A_NP	1192	99	C	0	0	99	35
A_NP	1193	113	A	0	0	113	35
A_NP	1194	112	A	0	0	112	35
A_NP	1195	89	C	0	0	89	35
A_NP	1196	113	A	0	0	113	35
A_NP	1197	113	G	0	0	113	35
A_NP	1198	96	A	0	0	96	35
A_NP	1199	86	G	0	0	86	35
A_NP	1200	109	A	0	0	109	35
A_NP	1201	86	G	0	0	86	35
A_NP	1202	102	C	0	0	102	35
A_NP	1203	108	A	0	0	108	35
A_NP	1204	101	T	0	0	101	35
A_NP	1205	88	C	0	0	88	35
A_NP	1206	112	T	0	0	112	35
A_NP	1207	98	G	0	0	98	35
A_NP	1208	86	C	0	0	86	35
A_NP	1209	100	A	0	0	100	35
A_NP	1210	112	G	0	0	112	35
A_NP	1211	91	G	0	0	91	35
A_NP	1212	100	A	0	0	100	35
A_NP	1213	105	C	0	0	105	35
A_NP	1214	95	A	0	0	95	35
A_NP	1215	100	A	0	0	100	35
A_NP	1216	86	A	0	0	86	35
A_NP	1217	92	T	0	0	92	35
A_NP	1218	107	C	0	0	107	35
A_NP	1219	92	A	0	0	92	35
A_NP	1220	86	G	0	0	86	35
A_NP	1221	90	C	0	0	90	35
A_NP	1222	85	G	0	0	85	35
A_NP	1223	98	T	0	0	98	35
A_NP	1224	115	A	0	0	115	35
A_NP	1225	103	C	0	0	103	35
A_NP	1226	104	A	0	0	104	35
A_NP	1227	88	G	0	0	88	35
A_NP	1228	95	C	0	0	95	35
A_NP	1229	109	C	0	0	109	35
A_NP	1230	110	C	0	0	110	35
A_NP	1231	88	A	0	0	88	35
A_NP	1232	89	C	0	0	89	35
A_NP	1233	87	A	0	0	87	35
A_NP	1234	100	T	0	0	100	35
A_NP	1235	93	T	0	0	93	35
A_NP	1236	106	C	0	0	106	35
A_NP	1237	115	T	0	0	115	35
A_NP	1238	97	C	0	0	97	35
A_NP	1239	109	T	0	0	109	35
A_NP	1240	102	G	0	0	102	35
A_NP	1241	104	T	0	0	104	35
A_NP	1242	110	G	0	0	110	35
A_NP	1243	106	C	0	0	106	35
A_NP	1244	92	A	0	0	92	35
A_NP	1245	103	A	0	0	103	35
A_NP	1246	113	A	0	0	113	35
A_NP	1247	112	G	0	0	112	35
A_NP	1248	100	A	0	0	100	35
A_NP	1249	101	A	0	0	101	35
A_NP	1250	105	A	0	0	105	35
A_NP	1251	106	C	0	0	106	35
A_NP	1252	92	C	0	0	92	35
A_NP	1253	104	T	0	0	104	35
A_NP	1254	98	C	0	0	98	35
A_NP	1255	86	C	0	0	86	35
A_NP	1256	97	C	0	0	97	35
A_NP	1257	103	A	0	0	103	35
A_NP	1258	94	T	0	0	94	35
A_NP	1259	106	T	0	0	106	35
A_NP	1260	85	C	0	0	85	35
A_NP	1261	93	G	0	0	93	35
A_NP	1262	92	A	0	0	92	35
A_NP	1263	100	G	0	0	100	35
A_NP	1264	96	A	0	0	96	35
A_NP	1265	85	G	0	0	85	35
A_NP	1266	109	A	0	0	109	35
A_NP	1267	87	G	0	0	87	35
A_NP	1268	85	C	0	0	85	35
A_NP	1269	103	A	0	0	103	35
A_NP	1270	99	A	0	0	99	35
A_NP	1271	108	C	0	0	108	35
A_NP	1272	100	C	0	0	100	35
A_NP	1273	92	A	0	0	92	35
A_NP	1274	109	T	0	0	109	35
A_NP	1275	91	C	0	0	91	35
A_NP	1276	103	A	0	0	103	35
A_NP	1277	106	T	0	0	106	35
A_NP	1278	91	G	0	0	91	35
A_NP	1279	112	G	0	0	112	35
A_NP	1280	91	C	0	0	91	35
A_NP	1281	93	A	0	0	93	35
A_NP	1282	101	G	0	0	101	35
A_NP	1283	104	C	0	0	104	35
A_NP	1284	111	A	0	0	111	35
A_NP	1285	102	T	0	0	102	35
A_NP	1286	95	T	0	0	95	35
A_NP	1287	97	T	0	0	97	35
A_NP	1288	99	A	0	0	99	35
A_NP	1289	108	C	0	0	108	35
A_NP	1290	87	G	0	0	87	35
A_NP	1291	104	G	0	0	104	35
A_NP	1292	96	G	0	0	96	35
A_NP	1293	89	A	0	0	89	35
A_NP	1294	90	A	0	0	90	35
A_NP	1295	111	A	0	0	111	35
A_NP	1296	93	C	0	0	93	35
A_NP	1297	98	A	0	0	98	35
A_NP	1298	86	C	0	0	86	35
A_NP	1299	101	T	0	0	101	35
A_NP	1300	108	G	0	0	108	35
A_NP	1301	111	A	0	0	111	35
A_NP	1302	102	A	0	0	102	35
A_NP	1303	94	G	0	0	94	35
A_NP	1304	102	G	0	0	102	35
A_NP	1305	94	C	0	0	94	35
A_NP	1306	89	A	0	0	89	35
A_NP	1307	102	G	0	0	102	35
A_NP	1308	102	A	0	0	102	35
A_NP	1309	97	A	0	0	97	35
A_NP	1310	115	C	0	0	115	35
A_NP	1311	104	T	0	0	104	35
A_NP	1312	104	T	0	0	104	35
A_NP	1313	100	C	0	0	100	35
A_NP	1314	102	A	0	0	102	35
A_NP	1315	100	G	0	0	100	35
A_NP	1316	97	A	0	0	97	35
A_NP	1317	89	C	0	0	89	35
A_NP	1318	85	A	0	0	85	35
A_NP	1319	112	T	0	0	112	35
A_NP	1320	106	G	0	0	106	35
A_NP	1321	112	A	0	0	112	35
A_NP	1322	90	G	0	0	90	35
A_NP	1323	111	A	0	0	111	35
A_NP	1324	86	A	0	0	86	35
A_NP	1325	110	C	0	0	110	35
A_NP	1326	95	T	0	0	95	35
A_NP	1327	93	G	0	0	93	35
A_NP	1328	100	A	0	0	100	35
A_NP	1329	88	G	0	0	88	35
A_NP	1330	112	A	0	0	112	35
A_NP	1331	95	T	0	0	95	35
A_NP	1332	105	C	0	0	105	35
A_NP	1333	100	A	0	0	100	35
A_NP	1334	104	T	0	0	104	35
A_NP	1335	97	A	0	0	97	35
A_NP	1336	104	A	0	0	104	35
A_NP	1337	93	G	0	0	93	35
A_NP	1338	97	G	0	0	97	35
A_NP	1339	85	A	0	0	85	35
A_NP	1340	112	T	0	0	112	35
A_NP	1341	85	G	0	0	85	35
A_NP	1342	93	A	0	0	93	35
A_NP	1343	91	T	0	0	91	35
A_NP	1344	97	G	0	0	97	35
A_NP	1345	85	G	0	0	85	35
A_NP	1346	108	A	0	0	108	35
A_NP	1347	107	A	0	0	107	35
A_NP	1348	86	A	0	0	86	35
A_NP	1349	110	A	0	0	110	35
A_NP	1350	115	T	0	0	115	35
A_NP	1351	115	G	0	0	115	35
A_NP	1352	115	C	0	0	115	35
A_NP	1353	104	C	0	0	104	35
A_NP	1354	101	A	0	0	101	35
A_NP	1355	103	G	0	0	103	35
A_NP	1356	85	A	0	0	85	35
A_NP	1357	87	C	0	0	87	35
A_NP	1358	112	C	0	0	112	35
A_NP	1359	92	T	0	0	92	35
A_NP	1360	96	G	0	0	96	35
A_NP	1361	97	A	0	0	97	35
A_NP	1362	88	A	0	0	88	35
A_NP	1363	114	G	0	0	114	35
A_NP	1364	107	A	0	0	107	35
A_NP	1365	100	T	0	0	100	35
A_NP	1366	85	G	0	0	85	35
A_NP	1367	100	T	0	0	100	35
A_NP	1368	96	G	0	0	96	35
A_NP	1369	112	T	0	0	112	35
A_NP	1370	102	C	0	0	102	35
A_NP	1371	110	T	0	0	110	35
A_NP	1372	111	T	0	0	111	35
A_NP	1373	90	T	0	0	90	35
A_NP	1374	108	C	0	0	108	35
A_NP	1375	106	C	0	0	106	35
A_NP	1376	87	A	0	0	87	35
A_NP	1377	97	G	0	0	97	35
A_NP	1378	99	G	0	0	99	35
A_NP	1379	93	G	0	0	93	35
A_NP	1380	93	G	0	0	93	35
A_NP	1381	92	C	0	0	92	35
A_NP	1382	99	G	0	0	99	35
A_NP	1383	114	G	0	0	114	35
A_NP	1384	98	G	0	0	98	35
A_NP	1385	114	G	0	0	114	35
A_NP	1386	104	A	0	0	104	35
A_NP	1387	98	G	0	0	98	35
A_NP	1388	88	T	0	0	88	35
A_NP	1389	93	C	0	0	93	35
A_NP	1390	104	T	0	0	104	35
A_NP	1391	108	T	0	0	108	35
A_NP	1392	113	C	0	0	113	35
A_NP	1393	95	G	0	0	95	35
A_NP	1394	106	A	0	0	106	35
A_NP	1395	108	G	0	0	108	35
A_NP	1396	86	C	0	0	86	35
A_NP	1397	106	T	0	0	106	35
A_NP	1398	97	C	0	0	97	35
A_NP	1399	98	T	0	0	98	35
A_NP	1400	103	C	0	0	103	35
A_NP	1401	110	G	0	0	110	35
A_NP	1402	111	G	0	0	111	35
A_NP	1403	87	A	0	0	87	35
A_NP	1404	99	C	0	0	99	35
A_NP	1405	111	G	0	0	111	35
A_NP	1406	96	A	0	0	96	35
A_NP	1407	91	A	0	0	91	35
A_NP	1408	104	A	0	0	104	35
A_NP	1409	85	A	0	0	85	35
A_NP	1410	86	G	0	0	86	35
A_NP	1411	94	G	0	0	94	35
A_NP	1412	105	C	0	0	105	35
A_NP	1413	93	A	0	0	93	35
A_NP	1414	88	A	0	0	88	35
A_NP	1415	92	C	0	0	92	35
A_NP	1416	105	G	0	0	105	35
A_NP	1417	86	A	0	0	86	35
A_NP	1418	102	A	0	0	102	35
A_NP	1419	94	C	0	0	94	35
A_NP	1420	86	C	0	0	86	35
A_NP	1421	90	C	0	0	90	35
A_NP	1422	112	G	0	0	112	35
A_NP	1423	105	A	0	0	105	35
A_NP	1424	104	T	0	0	104	35
A_NP	1425	107	C	0	0	107	35
A_NP	1426	85	G	0	0	85	35
A_NP	1427	87	T	0	0	87	35
A_NP	1428	95	G	0	0	95	35
A_NP	1429	98	C	0	0	98	35
A_NP	1430	113	C	0	0	113	35
A_NP	1431	99	T	0	0	99	35
A_NP	1432	91	T	0	0	91	35
A_NP	1433	106	C	0	0	106	35
A_NP	1434	104	C	0	0	104	35
A_NP	1435	113	T	0	0	113	35
A_NP	1436	99	T	0	0	99	35
A_NP	1437	91	T	0	0	91	35
A_NP	1438	107	G	0	0	107	35
A_NP	1439	90	A	0	0	90	35
A_NP	1440	101	C	0	0	101	35
A_NP	1441	100	A	0	0	100	35
A_NP	1442	97	T	0	0	97	35
A_NP	1443	103	G	0	0	103	35
A_NP	1444	101	A	0	0	101	35
A_NP	1445	91	G	0	0	91	35
A_NP	1446	102	T	0	0	102	35
A_NP	1447	86	A	0	0	86	35
A_NP	1448	90	A	0	0	90	35
A_NP	1449	114	T	0	0	114	35
A_NP	1450	91	G	0	0	91	35
A_NP	1451	109	A	0	0	109	35
A_NP	1452	98	A	0	0	98	35
A_NP	1453	86	G	0	0	86	35
A_NP	1454	89	G	0	0	89	35
A_NP	1455	88	A	0	0	88	35
A_NP	1456	94	T	0	0	94	35
A_NP	1457	113	C	0	0	113	35
A_NP	1458	90	T	0	0	90	35
A_NP	1459	96	T	0	0	96	35
A_NP	1460	86	A	0	0	86	35
A_NP	1461	96	T	0	0	96	35
A_NP	1462	108	T	0	0	108	35
A_NP	1463	115	T	0	0	115	35
A_NP	1464	110	C	0	0	110	35
A_NP	1465	104	T	0	0	104	35
A_NP	1466	89	T	0	0	89	35
A_NP	1467	101	C	0	0	101	35
A_NP	1468	107	G	0	0	107	35
A_NP	1469	90	G	0	0	90	35
A_NP	1470	100	A	0	0	100	35
A_NP	1471	88	G	0	0	88	35
A_NP	1472	90	A	0	0	90	35
A_NP	1473	90	C	0	0	90	35
A_NP	1474	97	A	0	0	97	35
A_NP	1475	100	A	0	0	100	35
A_NP	1476	107	T	0	0	107	35
A_NP	1477	92	G	0	0	92	35
A_NP	1478	95	C	0	0	95	35
A_NP	1479	113	A	0	0	113	35
A_NP	1480	114	G	0	0	114	35
A_NP	1481	104	A	0	0	104	35
A_NP	1482	106	G	0	0	106	35
A_NP	1483	107	G	0	0	107	35
A_NP	1484	85	A	0	0	85	35
A_NP	1485	93	G	0	0	93	35
A_NP	1486	106	T	0	0	106	35
A_NP	1487	113	A	0	0	113	35
A_NP	1488	103	T	0	0	103	35
A_NP	1489	96	G	0	0	96	35
A_NP	1490	95	A	0	0	95	35
A_NP	1491	109	C	0	0	109	35
A_NP	1492	89	A	0	0	89	35
A_NP	1493	101	A	0	0	101	35
A_NP	1494	114	T	0	0	114	35
A_NP	1495	97	T	0	0	97	35
A_NP	1496	106	A	0	0	106	35
A_NP	1497	103	A	0	0	103	35
