Reference_Name	Position	Coverage Depth	Consensus	Deletions	Ambiguous	Consensus_Count	Consensus_Average_Quality
A_PA	1	111	A	0	0	111	35
A_PA	2	93	T	0	0	93	35
A_PA	3	108	G	0	0	108	35
A_PA	4	96	G	0	0	96	35
A_PA	5	111	A	0	0	111	35
A_PA	6	107	A	0	0	107	35
A_PA	7	101	G	0	0	101	35
A_PA	8	87	A	0	0	87	35
A_PA	9	99	C	0	0	99	35
A_PA	10	105	T	0	0	105	35
A_PA	11	113	T	0	0	113	35
A_PA	12	113	T	0	0	113	35
A_PA	13	104	G	0	0	104	35
A_PA	14	85	T	0	0	85	35
A_PA	15	99	G	0	0	99	35
A_PA	16	110	C	0	0	110	35
A_PA	17	114	G	0	0	114	35
A_PA	18	113	A	0	0	113	35
A_PA	19	106	C	0	0	106	35
A_PA	20	95	A	0	0	95	35
A_PA	21	92	A	0	0	92	35
A_PA	22	107	T	0	0	107	35
A_PA	23	114	G	0	0	114	35
A_PA	24	96	C	0	0	96	35
A_PA	25	113	T	0	0	113	35
A_PA	26	100	T	0	0	100	35
A_PA	27	87	C	0	0	87	35
A_PA	28	101	A	0	0	101	35
A_PA	29	94	A	0	0	94	35
A_PA	30	100	T	0	0	100	35
A_PA	31	108	C	0	0	108	35
A_PA	32	103	C	0	0	103	35
A_PA	33	105	A	0	0	105	35
A_PA	34	96	A	0	0	96	35
A_PA	35	91	T	0	0	91	35
A_PA	36	100	G	0	0	100	35
A_PA	37	99	A	0	0	99	35
A_PA	38	94	T	0	0	94	35
A_PA	39	108	T	0	0	108	35
A_PA	40	106	G	0	0	106	35
A_PA	41	95	T	0	0	95	35
A_PA	42	98	C	0	0	98	35
A_PA	43	96	G	0	0	96	35
A_PA	44	109	A	0	0	109	35
A_PA	45	112	G	0	0	112	35
A_PA	46	110	C	0	0	110	35
A_PA	47	110	T	0	0	110	35
A_PA	48	114	T	0	0	114	35
A_PA	49	107	G	0	0	107	35
A_PA	50	87	C	0	0	87	35
A_PA	51	114	G	0	0	114	35
A_PA	52	108	G	0	0	108	35
A_PA	53	106	A	0	0	106	35
A_PA	54	98	A	0	0	98	35
A_PA	55	107	A	0	0	107	35
A_PA	56	103	A	0	0	103	35
A_PA	57	112	A	0	0	112	35
A_PA	58	97	G	0	0	97	35
A_PA	59	103	C	0	0	103	35
A_PA	60	87	A	0	0	87	35
A_PA	61	101	A	0	0	101	35
A_PA	62	87	T	0	0	87	35
A_PA	63	85	G	0	0	85	35
A_PA	64	105	A	0	0	105	35
A_PA	65	102	A	0	0	102	35
A_PA	66	86	A	0	0	86	35
A_PA	67	106	G	0	0	106	35
A_PA	68	107	A	0	0	107	35
A_PA	69	102	A	0	0	102	35
A_PA	70	112	T	0	0	112	35
A_PA	71	108	A	0	0	108	35
A_PA	72	97	T	0	0	97	35
A_PA	73	101	G	0	0	101	35
A_PA	74	85	G	0	0	85	35
A_PA	75	113	G	0	0	113	35
A_PA	76	101	G	0	0	101	35
A_PA	77	95	A	0	0	95	35
A_PA	78	91	A	0	0	91	35
A_PA	79	88	G	0	0	88	35
A_PA	80	102	A	0	0	102	35
A_PA	81	90	T	0	0	90	35
A_PA	82	114	C	0	0	114	35
A_PA	83	111	C	0	0	111	35
A_PA	84	89	G	0	0	89	35
A_PA	85	102	A	0	0	102	35
A_PA	86	110	A	0	0	110	35
A_PA	87	103	A	0	0	103	35
A_PA	88	91	A	0	0	91	35
A_PA	89	111	T	0	0	111	35
A_PA	90	101	C	0	0	101	35
A_PA	91	112	G	0	0	112	35
A_PA	92	102	A	0	0	102	35
A_PA	93	107	G	0	0	107	35
A_PA	94	111	A	0	0	111	35
A_PA	95	115	C	0	0	115	35
A_PA	96	93	A	0	0	93	35
A_PA	97	115	A	0	0	115	35
A_PA	98	105	A	0	0	105	35
A_PA	99	88	C	0	0	88	35
A_PA	100	88	A	0	0	88	35
A_PA	101	100	A	0	0	100	35
A_PA	102	112	A	0	0	112	35
A_PA	103	105	T	0	0	105	35
A_PA	104	103	T	0	0	103	35
A_PA	105	114	T	0	0	114	35
A_PA	106	100	G	0	0	100	35
A_PA	107	88	C	0	0	88	35
A_PA	108	106	C	0	0	106	35
A_PA	109	102	G	0	0	102	35
A_PA	110	100	C	0	0	100	35
A_PA	111	109	A	0	0	109	35
A_PA	112	90	A	0	0	90	35
A_PA	113	106	T	0	0	106	35
A_PA	114	96	A	0	0	96	35
A_PA	115	97	T	0	0	97	35
A_PA	116	93	G	0	0	93	35
A_PA	117	103	C	0	0	103	35
A_PA	118	114	A	0	0	114	35
A_PA	119	101	C	0	0	101	35
A_PA	120	107	A	0	0	107	35
A_PA	121	104	C	0	0	104	35
A_PA	122	114	A	0	0	114	35
A_PA	123	111	C	0	0	111	35
A_PA	124	115	T	0	0	115	35
A_PA	125	93	T	0	0	93	35
A_PA	126	105	A	0	0	105	35
A_PA	127	112	G	0	0	112	35
A_PA	128	108	A	0	0	108	35
A_PA	129	93	A	0	0	93	35
A_PA	130	100	G	0	0	100	35
A_PA	131	109	T	0	0	109	35
A_PA	132	100	C	0	0	100	35
A_PA	133	111	T	0	0	111	35
A_PA	134	114	G	0	0	114	35
A_PA	135	101	T	0	0	101	35
A_PA	136	110	T	0	0	110	35
A_PA	137	98	T	0	0	98	35
A_PA	138	106	C	0	0	106	35
A_PA	139	110	A	0	0	110	35
A_PA	140	100	T	0	0	100	35
A_PA	141	104	G	0	0	104	35
A_PA	142	92	T	0	0	92	35
A_PA	143	112	A	0	0	112	35
A_PA	144	106	T	0	0	106	35
A_PA	145	105	T	0	0	105	35
A_PA	146	113	C	0	0	113	35
A_PA	147	92	G	0	0	92	35
A_PA	148	92	G	0	0	92	35
A_PA	149	104	A	0	0	104	35
A_PA	150	110	T	0	0	110	35
A_PA	151	112	T	0	0	112	35
A_PA	152	103	T	0	0	103	35
A_PA	153	104	C	0	0	104	35
A_PA	154	93	C	0	0	93	35
A_PA	155	96	A	0	0	96	35
A_PA	156	99	T	0	0	99	35
A_PA	157	99	T	0	0	99	35
A_PA	158	109	T	0	0	109	35
A_PA	159	94	T	0	0	94	35
A_PA	160	112	A	0	0	112	35
A_PA	161	102	T	0	0	102	35
A_PA	162	94	T	0	0	94	35
A_PA	163	88	G	0	0	88	35
A_PA	164	86	A	0	0	86	35
A_PA	165	91	T	0	0	91	35
A_PA	166	85	G	0	0	85	35
A_PA	167	93	A	0	0	93	35
A_PA	168	88	A	0	0	88	35
A_PA	169	108	C	0	0	108	35
A_PA	170	92	G	0	0	92	35
A_PA	171	113	A	0	0	113	35
A_PA	172	104	G	0	0	104	35
A_PA	173	113	G	0	0	113	35
A_PA	174	115	C	0	0	115	35
A_PA	175	104	G	0	0	104	35
A_PA	176	87	A	0	0	87	35
A_PA	177	100	A	0	0	100	35
A_PA	178	86	T	0	0	86	35
A_PA	179	88	C	0	0	88	35
A_PA	180	108	A	0	0	108	35
A_PA	181	88	A	0	0	88	35
A_PA	182	88	T	0	0	88	35
A_PA	183	97	G	0	0	97	35
A_PA	184	101	A	0	0	101	35
A_PA	185	109	T	0	0	109	35
A_PA	186	88	T	0	0	88	35
A_PA	187	105	G	0	0	105	35
A_PA	188	111	T	0	0	111	35
A_PA	189	86	A	0	0	86	35
A_PA	190	102	G	0	0	102	35
A_PA	191	91	A	0	0	91	35
A_PA	192	94	A	0	0	94	35
A_PA	193	102	T	0	0	102	35
A_PA	194	112	C	0	0	112	35
A_PA	195	102	T	0	0	102	35
A_PA	196	96	G	0	0	96	35
A_PA	197	112	G	0	0	112	35
A_PA	198	100	C	0	0	100	35
A_PA	199	86	G	0	0	86	35
A_PA	200	107	A	0	0	107	35
A_PA	201	115	T	0	0	115	35
A_PA	202	95	C	0	0	95	35
A_PA	203	91	C	0	0	91	35
A_PA	204	103	A	0	0	103	35
A_PA	205	115	A	0	0	115	35
A_PA	206	103	A	0	0	103	35
A_PA	207	104	T	0	0	104	35
A_PA	208	99	G	0	0	99	35
A_PA	209	104	C	0	0	104	35
A_PA	210	102	A	0	0	102	35
A_PA	211	88	T	0	0	88	35
A_PA	212	99	T	0	0	99	35
A_PA	213	106	A	0	0	106	35
A_PA	214	90	T	0	0	90	35
A_PA	215	87	T	0	0	87	35
A_PA	216	109	G	0	0	109	35
A_PA	217	90	A	0	0	90	35
A_PA	218	108	A	0	0	108	35
A_PA	219	113	A	0	0	113	35
A_PA	220	99	C	0	0	99	35
A_PA	221	85	A	0	0	85	35
A_PA	222	87	C	0	0	87	35
A_PA	223	114	C	0	0	114	35
A_PA	224	92	G	0	0	92	35
A_PA	225	87	A	0	0	87	35
A_PA	226	94	T	0	0	94	35
A_PA	227	86	T	0	0	86	35
A_PA	228	90	T	0	0	90	35
A_PA	229	107	G	0	0	107	35
A_PA	230	109	A	0	0	109	35
A_PA	231	100	G	0	0	100	35
A_PA	232	91	A	0	0	91	35
A_PA	233	90	T	0	0	90	35
A_PA	234	100	A	0	0	100	35
A_PA	235	100	A	0	0	100	35
A_PA	236	109	T	0	0	109	35
A_PA	237	113	C	0	0	113	35
A_PA	238	99	G	0	0	99	35
A_PA	239	104	A	0	0	104	35
A_PA	240	101	A	0	0	101	35
A_PA	241	97	G	0	0	97	35
A_PA	242	103	G	0	0	103	35
A_PA	243	95	G	0	0	95	35
A_PA	244	92	A	0	0	92	35
A_PA	245	86	G	0	0	86	35
A_PA	246	98	A	0	0	98	35
A_PA	247	99	G	0	0	99	35
A_PA	248	101	A	0	0	101	35
A_PA	249	90	C	0	0	90	35
A_PA	250	96	C	0	0	96	35
A_PA	251	92	G	0	0	92	35
A_PA	252	90	A	0	0	90	35
A_PA	253	103	G	0	0	103	35
A_PA	254	100	C	0	0	100	35
A_PA	255	114	A	0	0	114	35
A_PA	256	105	A	0	0	105	35
A_PA	257	107	T	0	0	107	35
A_PA	258	95	G	0	0	95	35
A_PA	259	104	G	0	0	104	35
A_PA	260	105	C	0	0	105	35
A_PA	261	113	C	0	0	113	35
A_PA	262	114	T	0	0	114	35
A_PA	263	89	G	0	0	89	35
A_PA	264	100	G	0	0	100	35
A_PA	265	95	A	0	0	95	35
A_PA	266	99	C	0	0	99	35
A_PA	267	112	A	0	0	112	35
A_PA	268	100	G	0	0	100	35
A_PA	269	87	T	0	0	87	35
A_PA	270	101	G	0	0	101	35
A_PA	271	87	G	0	0	87	35
A_PA	272	97	T	0	0	97	35
A_PA	273	112	G	0	0	112	35
A_PA	274	94	A	0	0	94	35
A_PA	275	97	A	0	0	97	35
A_PA	276	92	T	0	0	92	35
A_PA	277	109	A	0	0	109	35
A_PA	278	90	G	0	0	90	35
A_PA	279	106	T	0	0	106	35
A_PA	280	86	A	0	0	86	35
A_PA	281	97	T	0	0	97	35
A_PA	282	100	C	0	0	100	35
A_PA	283	85	T	0	0	85	35
A_PA	284	98	G	0	0	98	35
A_PA	285	115	C	0	0	115	35
A_PA	286	106	A	0	0	106	35
A_PA	287	96	A	0	0	96	35
A_PA	288	95	C	0	0	95	35
A_PA	289	87	A	0	0	87	35
A_PA	290	88	C	0	0	88	35
A_PA	291	90	C	0	0	90	35
A_PA	292	115	A	0	0	115	35
A_PA	293	98	C	0	0	98	35
A_PA	294	106	A	0	0	106	35
A_PA	295	103	G	0	0	103	35
A_PA	296	113	G	0	0	113	35
A_PA	297	85	G	0	0	85	35
A_PA	298	93	G	0	0	93	35
A_PA	299	114	T	0	0	114	35
A_PA	300	97	C	0	0	97	35
A_PA	301	101	G	0	0	101	35
A_PA	302	96	A	0	0	96	35
A_PA	303	105	A	0	0	105	35
A_PA	304	88	A	0	0	88	35
A_PA	305	89	A	0	0	89	35
A_PA	306	107	G	0	0	107	35
A_PA	307	98	C	0	0	98	35
A_PA	308	100	C	0	0	100	35
A_PA	309	101	C	0	0	101	35
A_PA	310	109	A	0	0	109	35
A_PA	311	101	A	0	0	101	35
A_PA	312	99	A	0	0	99	35
A_PA	313	109	T	0	0	109	35
A_PA	314	98	T	0	0	98	35
A_PA	315	114	C	0	0	114	35
A_PA	316	107	C	0	0	107	35
A_PA	317	85	T	0	0	85	35
A_PA	318	106	C	0	0	106	35
A_PA	319	112	C	0	0	112	35
A_PA	320	91	C	0	0	91	35
A_PA	321	97	T	0	0	97	35
A_PA	322	102	G	0	0	102	35
A_PA	323	89	A	0	0	89	35
A_PA	324	99	T	0	0	99	35
A_PA	325	100	T	0	0	100	35
A_PA	326	94	T	0	0	94	35
A_PA	327	113	G	0	0	113	35
A_PA	328	93	T	0	0	93	35
A_PA	329	112	A	0	0	112	35
A_PA	330	97	T	0	0	97	35
A_PA	331	89	G	0	0	89	35
A_PA	332	115	A	0	0	115	35
A_PA	333	94	C	0	0	94	35
A_PA	334	109	T	0	0	109	35
A_PA	335	104	A	0	0	104	35
A_PA	336	87	C	0	0	87	35
A_PA	337	112	A	0	0	112	35
A_PA	338	114	A	0	0	114	35
A_PA	339	88	A	0	0	88	35
A_PA	340	89	G	0	0	89	35
A_PA	341	95	A	0	0	95	35
A_PA	342	94	G	0	0	94	35
A_PA	343	94	A	0	0	94	35
A_PA	344	114	A	0	0	114	35
A_PA	345	108	C	0	0	108	35
A_PA	346	110	C	0	0	110	35
A_PA	347	87	G	0	0	87	35
A_PA	348	111	A	0	0	111	35
A_PA	349	109	T	0	0	109	35
A_PA	350	104	T	0	0	104	35
A_PA	351	112	C	0	0	112	35
A_PA	352	112	A	0	0	112	35
A_PA	353	102	T	0	0	102	35
A_PA	354	102	T	0	0	102	35
A_PA	355	87	G	0	0	87	35
A_PA	356	89	A	0	0	89	35
A_PA	357	94	A	0	0	94	35
A_PA	358	88	A	0	0	88	35
A_PA	359	105	T	0	0	105	35
A_PA	360	104	T	0	0	104	35
A_PA	361	92	G	0	0	92	35
A_PA	362	106	G	0	0	106	35
A_PA	363	109	A	0	0	109	35
A_PA	364	115	G	0	0	115	35
A_PA	365	100	T	0	0	100	35
A_PA	366	99	A	0	0	99	35
A_PA	367	108	A	0	0	108	35
A_PA	368	85	C	0	0	85	35
A_PA	369	90	G	0	0	90	35
A_PA	370	99	C	0	0	99	35
A_PA	371	108	G	0	0	108	35
A_PA	372	114	A	0	0	114	35
A_PA	373	90	A	0	0	90	35
A_PA	374	108	G	0	0	108	35
A_PA	375	105	G	0	0	105	35
A_PA	376	107	G	0	0	107	35
A_PA	377	95	A	0	0	95	35
A_PA	378	113	A	0	0	113	35
A_PA	379	100	G	0	0	100	35
A_PA	380	110	T	0	0	110	35
A_PA	381	95	T	0	0	95	35
A_PA	382	109	C	0	0	109	35
A_PA	383	104	A	0	0	104	35
A_PA	384	85	C	0	0	85	35
A_PA	385	111	A	0	0	111	35
A_PA	386	104	T	0	0	104	35
A_PA	387	108	A	0	0	108	35
A_PA	388	102	T	0	0	102	35
A_PA	389	113	A	0	0	113	35
A_PA	390	96	C	0	0	96	35
A_PA	391	86	T	0	0	86	35
A_PA	392	97	A	0	0	97	35
A_PA	393	97	T	0	0	97	35
A_PA	394	94	T	0	0	94	35
A_PA	395	109	T	0	0	109	35
A_PA	396	97	A	0	0	97	35
A_PA	397	96	G	0	0	96	35
A_PA	398	86	A	0	0	86	35
A_PA	399	93	A	0	0	93	35
A_PA	400	113	A	0	0	113	35
A_PA	401	113	A	0	0	113	35
A_PA	402	96	A	0	0	96	35
A_PA	403	107	G	0	0	107	35
A_PA	404	115	C	0	0	115	35
A_PA	405	102	C	0	0	102	35
A_PA	406	99	A	0	0	99	35
A_PA	407	94	A	0	0	94	35
A_PA	408	99	C	0	0	99	35
A_PA	409	107	A	0	0	107	35
A_PA	410	104	A	0	0	104	35
A_PA	411	96	G	0	0	96	35
A_PA	412	99	A	0	0	99	35
A_PA	413	94	T	0	0	94	35
A_PA	414	101	A	0	0	101	35
A_PA	415	109	A	0	0	109	35
A_PA	416	93	A	0	0	93	35
A_PA	417	96	A	0	0	96	35
A_PA	418	86	T	0	0	86	35
A_PA	419	87	C	0	0	87	35
A_PA	420	114	A	0	0	114	35
A_PA	421	95	G	0	0	95	35
A_PA	422	99	A	0	0	99	35
A_PA	423	106	G	0	0	106	35
A_PA	424	111	A	0	0	111	35
A_PA	425	92	A	0	0	92	35
A_PA	426	91	A	0	0	91	35
A_PA	427	108	A	0	0	108	35
A_PA	428	100	C	0	0	100	35
A_PA	429	104	A	0	0	104	35
A_PA	430	95	C	0	0	95	35
A_PA	431	113	A	0	0	113	35
A_PA	432	106	T	0	0	106	35
A_PA	433	90	A	0	0	90	35
A_PA	434	114	T	0	0	114	35
A_PA	435	92	T	0	0	92	35
A_PA	436	104	C	0	0	104	35
A_PA	437	99	A	0	0	99	35
A_PA	438	92	C	0	0	92	35
A_PA	439	108	A	0	0	108	35
A_PA	440	99	T	0	0	99	35
A_PA	441	87	A	0	0	87	35
A_PA	442	106	T	0	0	106	35
A_PA	443	88	T	0	0	88	35
A_PA	444	111	C	0	0	111	35
A_PA	445	90	T	0	0	90	35
A_PA	446	113	C	0	0	113	35
A_PA	447	95	A	0	0	95	35
A_PA	448	90	T	0	0	90	35
A_PA	449	91	T	0	0	91	35
A_PA	450	89	C	0	0	89	35
A_PA	451	108	A	0	0	108	35
A_PA	452	107	C	0	0	107	35
A_PA	453	104	T	0	0	104	35
A_PA	454	111	G	0	0	111	35
A_PA	455	88	G	0	0	88	35
A_PA	456	101	A	0	0	101	35
A_PA	457	93	G	0	0	93	35
A_PA	458	115	A	0	0	115	35
A_PA	459	87	G	0	0	87	35
A_PA	460	104	G	0	0	104	35
A_PA	461	104	A	0	0	104	35
A_PA	462	90	A	0	0	90	35
A_PA	463	106	A	0	0	106	35
A_PA	464	94	T	0	0	94	35
A_PA	465	100	G	0	0	100	35
A_PA	466	102	G	0	0	102	35
A_PA	467	109	C	0	0	109	35
A_PA	468	109	C	0	0	109	35
A_PA	469	96	A	0	0	96	35
A_PA	470	111	C	0	0	111	35
A_PA	471	90	C	0	0	90	35
A_PA	472	112	A	0	0	112	35
A_PA	473	102	A	0	0	102	35
A_PA	474	99	G	0	0	99	35
A_PA	475	112	G	0	0	112	35
A_PA	476	94	C	0	0	94	35
A_PA	477	100	G	0	0	100	35
A_PA	478	107	G	0	0	107	35
A_PA	479	103	A	0	0	103	35
A_PA	480	113	C	0	0	113	35
A_PA	481	99	T	0	0	99	35
A_PA	482	100	A	0	0	100	35
A_PA	483	92	C	0	0	92	35
A_PA	484	105	A	0	0	105	35
A_PA	485	106	C	0	0	106	35
A_PA	486	101	C	0	0	101	35
A_PA	487	108	C	0	0	108	35
A_PA	488	111	T	0	0	111	35
A_PA	489	96	T	0	0	96	35
A_PA	490	88	G	0	0	88	35
A_PA	491	114	A	0	0	114	35
A_PA	492	108	T	0	0	108	35
A_PA	493	104	G	0	0	104	35
A_PA	494	100	A	0	0	100	35
A_PA	495	109	A	0	0	109	35
A_PA	496	104	G	0	0	104	35
A_PA	497	95	A	0	0	95	35
A_PA	498	109	G	0	0	109	35
A_PA	499	86	A	0	0	86	35
A_PA	500	106	G	0	0	106	35
A_PA	501	85	C	0	0	85	35
A_PA	502	90	A	0	0	90	35
A_PA	503	101	G	0	0	101	35
A_PA	504	97	A	0	0	97	35
A_PA	505	115	G	0	0	115	35
A_PA	506	89	C	0	0	89	35
A_PA	507	103	A	0	0	103	35
A_PA	508	104	A	0	0	104	35
A_PA	509	103	G	0	0	103	35
A_PA	510	105	A	0	0	105	35
A_PA	511	95	A	0	0	95	35
A_PA	512	96	T	0	0	96	35
A_PA	513	114	A	0	0	114	35
A_PA	514	93	A	0	0	93	35
A_PA	515	113	A	0	0	113	35
A_PA	516	100	A	0	0	100	35
A_PA	517	96	A	0	0	96	35
A_PA	518	98	C	0	0	98	35
A_PA	519	93	C	0	0	93	35
A_PA	520	85	A	0	0	85	35
A_PA	521	102	G	0	0	102	35
A_PA	522	104	A	0	0	104	35
A_PA	523	114	C	0	0	114	35
A_PA	524	109	T	0	0	109	35
A_PA	525	111	G	0	0	111	35
A_PA	526	87	T	0	0	87	35
A_PA	527	112	T	0	0	112	35
A_PA	528	105	C	0	0	105	35
A_PA	529	96	A	0	0	96	35
A_PA	530	87	C	0	0	87	35
A_PA	531	105	T	0	0	105	35
A_PA	532	114	A	0	0	114	35
A_PA	533	115	T	0	0	115	35
A_PA	534	90	A	0	0	90	35
A_PA	535	111	A	0	0	111	35
A_PA	536	88	G	0	0	88	35
A_PA	537	99	A	0	0	99	35
A_PA	538	91	C	0	0	91	35
A_PA	539	111	A	0	0	111	35
A_PA	540	90	A	0	0	90	35
A_PA	541	109	G	0	0	109	35
A_PA	542	95	A	0	0	95	35
A_PA	543	99	A	0	0	99	35
A_PA	544	96	A	0	0	96	35
A_PA	545	92	T	0	0	92	35
A_PA	546	86	G	0	0	86	35
A_PA	547	103	G	0	0	103	35
A_PA	548	102	C	0	0	102	35
A_PA	549	94	C	0	0	94	35
A_PA	550	91	A	0	0	91	35
A_PA	551	94	G	0	0	94	35
A_PA	552	88	T	0	0	88	35
A_PA	553	100	A	0	0	100	35
A_PA	554	105	G	0	0	105	35
A_PA	555	99	A	0	0	99	35
A_PA	556	89	G	0	0	89	35
A_PA	557	111	G	0	0	111	35
A_PA	558	95	T	0	0	95	35
A_PA	559	95	C	0	0	95	35
A_PA	560	86	T	0	0	86	35
A_PA	561	104	A	0	0	104	35
A_PA	562	115	T	0	0	115	35
A_PA	563	89	G	0	0	89	35
A_PA	564	113	G	0	0	113	35
A_PA	565	91	G	0	0	91	35
A_PA	566	89	A	0	0	89	35
A_PA	567	90	T	0	0	90	35
A_PA	568	101	T	0	0	101	35
A_PA	569	101	C	0	0	101	35
A_PA	570	85	C	0	0	85	35
A_PA	571	115	T	0	0	115	35
A_PA	572	113	T	0	0	113	35
A_PA	573	102	T	0	0	102	35
A_PA	574	88	C	0	0	88	35
A_PA	575	115	G	0	0	115	35
A_PA	576	103	T	0	0	103	35
A_PA	577	93	C	0	0	93	35
A_PA	578	101	A	0	0	101	35
A_PA	579	105	A	0	0	105	35
A_PA	580	107	T	0	0	107	35
A_PA	581	95	C	0	0	95	35
A_PA	582	106	C	0	0	106	35
A_PA	583	102	G	0	0	102	35
A_PA	584	96	A	0	0	96	35
A_PA	585	111	G	0	0	111	35
A_PA	586	107	A	0	0	107	35
A_PA	587	94	G	0	0	94	35
A_PA	588	106	A	0	0	106	35
A_PA	589	114	G	0	0	114	35
A_PA	590	86	G	0	0	86	35
A_PA	591	95	C	0	0	95	35
A_PA	592	99	G	0	0	99	35
A_PA	593	107	A	0	0	107	35
A_PA	594	99	A	0	0	99	35
A_PA	595	114	G	0	0	114	35
A_PA	596	92	A	0	0	92	35
A_PA	597	101	G	0	0	101	35
A_PA	598	115	A	0	0	115	35
A_PA	599	85	C	0	0	85	35
A_PA	600	110	A	0	0	110	35
A_PA	601	90	A	0	0	90	35
A_PA	602	99	T	0	0	99	35
A_PA	603	104	T	0	0	104	35
A_PA	604	105	G	0	0	105	35
A_PA	605	96	A	0	0	96	35
A_PA	606	105	A	0	0	105	35
A_PA	607	105	G	0	0	105	35
A_PA	608	101	A	0	0	101	35
A_PA	609	92	A	0	0	92	35
A_PA	610	93	A	0	0	93	35
A_PA	611	97	G	0	0	97	35
A_PA	612	89	A	0	0	89	35
A_PA	613	113	T	0	0	113	35
A_PA	614	111	T	0	0	111	35
A_PA	615	102	T	0	0	102	35
A_PA	616	109	G	0	0	109	35
A_PA	617	108	A	0	0	108	35
A_PA	618	90	A	0	0	90	35
A_PA	619	88	A	0	0	88	35
A_PA	620	98	T	0	0	98	35
A_PA	621	87	C	0	0	87	35
A_PA	622	95	A	0	0	95	35
A_PA	623	98	C	0	0	98	35
A_PA	624	111	A	0	0	111	35
A_PA	625	94	G	0	0	94	35
A_PA	626	96	G	0	0	96	35
A_PA	627	115	A	0	0	115	35
A_PA	628	88	A	0	0	88	35
A_PA	629	89	C	0	0	89	35
A_PA	630	96	C	0	0	96	35
A_PA	631	93	A	0	0	93	35
A_PA	632	86	T	0	0	86	35
A_PA	633	104	G	0	0	104	35
A_PA	634	111	C	0	0	111	35
A_PA	635	109	G	0	0	109	35
A_PA	636	89	C	0	0	89	35
A_PA	637	111	A	0	0	111	35
A_PA	638	104	G	0	0	104	35
A_PA	639	95	G	0	0	95	35
A_PA	640	114	C	0	0	114	35
A_PA	641	106	T	0	0	106	35
A_PA	642	87	T	0	0	87	35
A_PA	643	93	G	0	0	93	35
A_PA	644	111	C	0	0	111	35
A_PA	645	115	C	0	0	115	35
A_PA	646	98	G	0	0	98	35
A_PA	647	89	A	0	0	89	35
A_PA	648	109	C	0	0	109	35
A_PA	649	103	C	0	0	103	35
A_PA	650	103	A	0	0	103	35
A_PA	651	113	A	0	0	113	35
A_PA	652	106	A	0	0	106	35
A_PA	653	96	G	0	0	96	35
A_PA	654	94	T	0	0	94	35
A_PA	655	114	C	0	0	114	35
A_PA	656	101	T	0	0	101	35
A_PA	657	88	T	0	0	88	35
A_PA	658	101	C	0	0	101	35
A_PA	659	112	C	0	0	112	35
A_PA	660	99	A	0	0	99	35
A_PA	661	101	C	0	0	101	35
A_PA	662	95	C	0	0	95	35
A_PA	663	92	G	0	0	92	35
A_PA	664	86	A	0	0	86	35
A_PA	665	111	A	0	0	111	35
A_PA	666	88	C	0	0	88	35
A_PA	667	111	T	0	0	111	35
A_PA	668	103	T	0	0	103	35
A_PA	669	90	C	0	0	90	35
A_PA	670	104	T	0	0	104	35
A_PA	671	103	C	0	0	103	35
A_PA	672	108	C	0	0	108	35
A_PA	673	104	A	0	0	104	35
A_PA	674	114	G	0	0	114	35
A_PA	675	98	C	0	0	98	35
A_PA	676	110	C	0	0	110	35
A_PA	677	90	T	0	0	90	35
A_PA	678	98	T	0	0	98	35
A_PA	679	95	G	0	0	95	35
A_PA	680	99	A	0	0	99	35
A_PA	681	114	A	0	0	114	35
A_PA	682	86	A	0	0	86	35
A_PA	683	110	A	0	0	110	35
A_PA	684	86	C	0	0	86	35
A_PA	685	107	T	0	0	107	35
A_PA	686	109	T	0	0	109	35
A_PA	687	88	T	0	0	88	35
A_PA	688	95	A	0	0	95	35
A_PA	689	88	G	0	0	88	35
A_PA	690	109	A	0	0	109	35
A_PA	691	112	G	0	0	112	35
A_PA	692	92	C	0	0	92	35
A_PA	693	103	C	0	0	103	35
A_PA	694	102	T	0	0	102	35
A_PA	695	98	A	0	0	98	35
A_PA	696	114	T	0	0	114	35
A_PA	697	87	G	0	0	87	35
A_PA	698	106	T	0	0	106	35
A_PA	699	114	G	0	0	114	35
A_PA	700	96	G	0	0	96	35
A_PA	701	87	A	0	0	87	35
A_PA	702	106	T	0	0	106	35
A_PA	703	97	G	0	0	97	35
A_PA	704	86	G	0	0	86	35
A_PA	705	94	A	0	0	94	35
A_PA	706	87	T	0	0	87	35
A_PA	707	114	T	0	0	114	35
A_PA	708	92	C	0	0	92	35
A_PA	709	99	G	0	0	99	35
A_PA	710	115	A	0	0	115	35
A_PA	711	85	A	0	0	85	35
A_PA	712	115	C	0	0	115	35
A_PA	713	106	C	0	0	106	35
A_PA	714	93	G	0	0	93	35
A_PA	715	92	A	0	0	92	35
A_PA	716	92	A	0	0	92	35
A_PA	717	89	C	0	0	89	35
A_PA	718	103	G	0	0	103	35
A_PA	719	112	G	0	0	112	35
A_PA	720	113	C	0	0	113	35
A_PA	721	104	T	0	0	104	35
A_PA	722	111	G	0	0	111	35
A_PA	723	99	C	0	0	99	35
A_PA	724	103	A	0	0	103	35
A_PA	725	101	T	0	0	101	35
A_PA	726	87	T	0	0	87	35
A_PA	727	110	G	0	0	110	35
A_PA	728	115	A	0	0	115	35
A_PA	729	109	G	0	0	109	35
A_PA	730	88	G	0	0	88	35
A_PA	731	87	G	0	0	87	35
A_PA	732	114	C	0	0	114	35
A_PA	733	114	A	0	0	114	35
A_PA	734	101	A	0	0	101	35
A_PA	735	102	A	0	0	102	35
A_PA	736	93	C	0	0	93	35
A_PA	737	101	T	0	0	101	35
A_PA	738	110	T	0	0	110	35
A_PA	739	95	T	0	0	95	35
A_PA	740	86	C	0	0	86	35
A_PA	741	100	T	0	0	100	35
A_PA	742	85	C	0	0	85	35
A_PA	743	93	A	0	0	93	35
A_PA	744	115	A	0	0	115	35
A_PA	745	108	A	0	0	108	35
A_PA	746	111	T	0	0	111	35
A_PA	747	105	G	0	0	105	35
A_PA	748	115	T	0	0	115	35
A_PA	749	94	C	0	0	94	35
A_PA	750	92	A	0	0	92	35
A_PA	751	91	A	0	0	91	35
A_PA	752	94	A	0	0	94	35
A_PA	753	103	A	0	0	103	35
A_PA	754	91	G	0	0	91	35
A_PA	755	100	A	0	0	100	35
A_PA	756	103	A	0	0	103	35
A_PA	757	97	G	0	0	97	35
A_PA	758	89	T	0	0	89	35
A_PA	759	113	G	0	0	113	35
A_PA	760	106	A	0	0	106	35
A_PA	761	92	A	0	0	92	35
A_PA	762	105	C	0	0	105	35
A_PA	763	102	G	0	0	102	35
A_PA	764	107	C	0	0	107	35
A_PA	765	109	C	0	0	109	35
A_PA	766	100	A	0	0	100	35
A_PA	767	88	G	0	0	88	35
A_PA	768	101	A	0	0	101	35
A_PA	769	87	A	0	0	87	35
A_PA	770	87	T	0	0	87	35
A_PA	771	100	T	0	0	100	35
A_PA	772	115	G	0	0	115	35
A_PA	773	98	A	0	0	98	35
A_PA	774	86	G	0	0	86	35
A_PA	775	103	C	0	0	103	35
A_PA	776	87	C	0	0	87	35
A_PA	777	94	A	0	0	94	35
A_PA	778	88	T	0	0	88	35
A_PA	779	101	T	0	0	101	35
A_PA	780	92	T	0	0	92	35
A_PA	781	90	C	0	0	90	35
A_PA	782	105	T	0	0	105	35
A_PA	783	88	G	0	0	88	35
A_PA	784	115	A	0	0	115	35
A_PA	785	89	A	0	0	89	35
A_PA	786	88	G	0	0	88	35
A_PA	787	106	A	0	0	106	35
A_PA	788	110	C	0	0	110	35
A_PA	789	102	A	0	0	102	35
A_PA	790	104	A	0	0	104	35
A_PA	791	89	C	0	0	89	35
A_PA	792	114	A	0	0	114	35
A_PA	793	96	C	0	0	96	35
A_PA	794	113	C	0	0	113	35
A_PA	795	97	A	0	0	97	35
A_PA	796	115	C	0	0	115	35
A_PA	797	97	G	0	0	97	35
A_PA	798	91	C	0	0	91	35
A_PA	799	104	C	0	0	104	35
A_PA	800	99	C	0	0	99	35
A_PA	801	113	T	0	0	113	35
A_PA	802	106	C	0	0	106	35
A_PA	803	113	T	0	0	113	35
A_PA	804	102	C	0	0	102	35
A_PA	805	99	A	0	0	99	35
A_PA	806	115	G	0	0	115	35
A_PA	807	115	A	0	0	115	35
A_PA	808	114	T	0	0	114	35
A_PA	809	112	T	0	0	112	35
A_PA	810	113	A	0	0	113	35
A_PA	811	89	C	0	0	89	35
A_PA	812	108	C	0	0	108	35
A_PA	813	107	T	0	0	107	35
A_PA	814	92	G	0	0	92	35
A_PA	815	101	A	0	0	101	35
A_PA	816	98	T	0	0	98	35
A_PA	817	95	G	0	0	95	35
A_PA	818	112	G	0	0	112	35
A_PA	819	103	G	0	0	103	35
A_PA	820	107	C	0	0	107	35
A_PA	821	87	C	0	0	87	35
A_PA	822	102	T	0	0	102	35
A_PA	823	100	C	0	0	100	35
A_PA	824	88	C	0	0	88	35
A_PA	825	113	C	0	0	113	35
A_PA	826	104	T	0	0	104	35
A_PA	827	105	G	0	0	105	35
A_PA	828	115	T	0	0	115	35
A_PA	829	93	T	0	0	93	35
A_PA	830	94	C	0	0	94	35
A_PA	831	94	T	0	0	94	35
A_PA	832	93	C	0	0	93	35
A_PA	833	109	A	0	0	109	35
A_PA	834	98	G	0	0	98	35
A_PA	835	111	C	0	0	111	35
A_PA	836	90	G	0	0	90	35
A_PA	837	109	G	0	0	109	35
A_PA	838	85	T	0	0	85	35
A_PA	839	95	C	0	0	95	35
A_PA	840	111	G	0	0	111	35
A_PA	841	89	A	0	0	89	35
A_PA	842	88	A	0	0	88	35
A_PA	843	96	G	0	0	96	35
A_PA	844	96	T	0	0	96	35
A_PA	845	95	T	0	0	95	35
A_PA	846	93	C	0	0	93	35
A_PA	847	106	T	0	0	106	35
A_PA	848	91	T	0	0	91	35
A_PA	849	100	G	0	0	100	35
A_PA	850	87	C	0	0	87	35
A_PA	851	111	T	0	0	111	35
A_PA	852	99	G	0	0	99	35
A_PA	853	103	A	0	0	103	35
A_PA	854	97	T	0	0	97	35
A_PA	855	99	G	0	0	99	35
A_PA	856	101	G	0	0	101	35
A_PA	857	105	A	0	0	105	35
A_PA	858	88	T	0	0	88	35
A_PA	859	91	G	0	0	91	35
A_PA	860	114	C	0	0	114	35
A_PA	861	115	C	0	0	115	35
A_PA	862	94	C	0	0	94	35
A_PA	863	94	T	0	0	94	35
A_PA	864	88	T	0	0	88	35
A_PA	865	89	A	0	0	89	35
A_PA	866	113	A	0	0	113	35
A_PA	867	94	G	0	0	94	35
A_PA	868	98	T	0	0	98	35
A_PA	869	91	T	0	0	91	35
A_PA	870	103	G	0	0	103	35
A_PA	871	111	A	0	0	111	35
A_PA	872	108	G	0	0	108	35
A_PA	873	102	C	0	0	102	35
A_PA	874	86	A	0	0	86	35
A_PA	875	103	T	0	0	103	35
A_PA	876	101	C	0	0	101	35
A_PA	877	93	G	0	0	93	35
A_PA	878	103	A	0	0	103	35
A_PA	879	111	A	0	0	111	35
A_PA	880	94	G	0	0	94	35
A_PA	881	110	A	0	0	110	35
A_PA	882	87	C	0	0	87	35
A_PA	883	98	C	0	0	98	35
A_PA	884	99	C	0	0	99	35
A_PA	885	90	T	0	0	90	35
A_PA	886	100	A	0	0	100	35
A_PA	887	97	G	0	0	97	35
A_PA	888	99	C	0	0	99	35
A_PA	889	97	C	0	0	97	35
A_PA	890	96	A	0	0	96	35
A_PA	891	98	T	0	0	98	35
A_PA	892	106	G	0	0	106	35
A_PA	893	92	A	0	0	92	35
A_PA	894	97	G	0	0	97	35
A_PA	895	110	G	0	0	110	35
A_PA	896	91	G	0	0	91	35
A_PA	897	105	G	0	0	105	35
A_PA	898	108	G	0	0	108	35
A_PA	899	100	A	0	0	100	35
A_PA	900	92	G	0	0	92	35
A_PA	901	108	G	0	0	108	35
A_PA	902	103	G	0	0	103	35
A_PA	903	100	C	0	0	100	35
A_PA	904	110	A	0	0	110	35
A_PA	905	112	T	0	0	112	35
A_PA	906	110	A	0	0	110	35
A_PA	907	96	C	0	0	96	35
A_PA	908	86	C	0	0	86	35
A_PA	909	86	G	0	0	86	35
A_PA	910	105	C	0	0	105	35
A_PA	911	98	T	0	0	98	35
A_PA	912	104	G	0	0	104	35
A_PA	913	91	T	0	0	91	35
A_PA	914	90	A	0	0	90	35
A_PA	915	103	T	0	0	103	35
A_PA	916	88	G	0	0	88	35
A_PA	917	112	A	0	0	112	35
A_PA	918	101	T	0	0	101	35
A_PA	919	89	G	0	0	89	35
A_PA	920	100	C	0	0	100	35
A_PA	921	87	A	0	0	87	35
A_PA	922	115	A	0	0	115	35
A_PA	923	99	T	0	0	99	35
A_PA	924	102	C	0	0	102	35
A_PA	925	95	A	0	0	95	35
A_PA	926	93	A	0	0	93	35
A_PA	927	113	A	0	0	113	35
A_PA	928	109	T	0	0	109	35
A_PA	929	111	G	0	0	111	35
A_PA	930	112	C	0	0	112	35
A_PA	931	110	A	0	0	110	35
A_PA	932	100	T	0	0	100	35
A_PA	933	101	G	0	0	101	35
A_PA	934	106	A	0	0	106	35
A_PA	935	105	A	0	0	105	35
A_PA	936	110	G	0	0	110	35
A_PA	937	91	A	0	0	91	35
A_PA	938	86	C	0	0	86	35
A_PA	939	101	A	0	0	101	35
A_PA	940	97	T	0	0	97	35
A_PA	941	88	T	0	0	88	35
A_PA	942	105	T	0	0	105	35
A_PA	943	88	T	0	0	88	35
A_PA	944	104	T	0	0	104	35
A_PA	945	99	T	0	0	99	35
A_PA	946	94	G	0	0	94	35
A_PA	947	106	G	0	0	106	35
A_PA	948	97	C	0	0	97	35
A_PA	949	115	T	0	0	115	35
A_PA	950	107	G	0	0	107	35
A_PA	951	92	G	0	0	92	35
A_PA	952	102	A	0	0	102	35
A_PA	953	107	A	0	0	107	35
A_PA	954	88	A	0	0	88	35
A_PA	955	86	G	0	0	86	35
A_PA	956	115	A	0	0	115	35
A_PA	957	92	G	0	0	92	35
A_PA	958	100	C	0	0	100	35
A_PA	959	96	C	0	0	96	35
A_PA	960	105	C	0	0	105	35
A_PA	961	105	A	0	0	105	35
A_PA	962	115	A	0	0	115	35
A_PA	963	115	C	0	0	115	35
A_PA	964	87	A	0	0	87	35
A_PA	965	103	T	0	0	103	35
A_PA	966	98	C	0	0	98	35
A_PA	967	109	G	0	0	109	35
A_PA	968	91	T	0	0	91	35
A_PA	969	99	A	0	0	99	35
A_PA	970	102	A	0	0	102	35
A_PA	971	98	A	0	0	98	35
A_PA	972	98	G	0	0	98	35
A_PA	973	109	C	0	0	109	35
A_PA	974	101	C	0	0	101	35
A_PA	975	102	G	0	0	102	35
A_PA	976	98	C	0	0	98	35
A_PA	977	89	A	0	0	89	35
A_PA	978	109	T	0	0	109	35
A_PA	979	92	G	0	0	92	35
A_PA	980	103	A	0	0	103	35
A_PA	981	108	G	0	0	108	35
A_PA	982	106	A	0	0	106	35
A_PA	983	115	A	0	0	115	35
A_PA	984	95	A	0	0	95	35
A_PA	985	111	G	0	0	111	35
A_PA	986	114	G	0	0	114	35
A_PA	987	93	C	0	0	93	35
A_PA	988	103	A	0	0	103	35
A_PA	989	115	T	0	0	115	35
A_PA	990	92	A	0	0	92	35
A_PA	991	108	A	0	0	108	35
A_PA	992	90	A	0	0	90	35
A_PA	993	96	C	0	0	96	35
A_PA	994	88	C	0	0	88	35
A_PA	995	99	C	0	0	99	35
A_PA	996	108	T	0	0	108	35
A_PA	997	103	A	0	0	103	35
A_PA	998	90	A	0	0	90	35
A_PA	999	104	T	0	0	104	35
A_PA	1000	108	T	0	0	108	35
A_PA	1001	109	A	0	0	109	35
A_PA	1002	99	C	0	0	99	35
A_PA	1003	87	C	0	0	87	35
A_PA	1004	89	T	0	0	89	35
A_PA	1005	114	C	0	0	114	35
A_PA	1006	85	C	0	0	85	35
A_PA	1007	115	T	0	0	115	35
A_PA	1008	95	G	0	0	95	35
A_PA	1009	105	G	0	0	105	35
A_PA	1010	91	C	0	0	91	35
A_PA	1011	90	T	0	0	90	35
A_PA	1012	113	T	0	0	113	35
A_PA	1013	109	G	0	0	109	35
A_PA	1014	114	G	0	0	114	35
A_PA	1015	94	A	0	0	94	35
A_PA	1016	104	A	0	0	104	35
A_PA	1017	110	G	0	0	110	35
A_PA	1018	109	C	0	0	109	35
A_PA	1019	100	A	0	0	100	35
A_PA	1020	105	G	0	0	105	35
A_PA	1021	106	G	0	0	106	35
A_PA	1022	91	T	0	0	91	35
A_PA	1023	92	G	0	0	92	35
A_PA	1024	111	C	0	0	111	35
A_PA	1025	96	T	0	0	96	35
A_PA	1026	100	G	0	0	100	35
A_PA	1027	105	G	0	0	105	35
A_PA	1028	110	C	0	0	110	35
A_PA	1029	97	A	0	0	97	35
A_PA	1030	114	G	0	0	114	35
A_PA	1031	103	A	0	0	103	35
A_PA	1032	115	A	0	0	115	35
A_PA	1033	90	C	0	0	90	35
A_PA	1034	90	T	0	0	90	35
A_PA	1035	93	T	0	0	93	35
A_PA	1036	112	C	0	0	112	35
A_PA	1037	109	A	0	0	109	35
A_PA	1038	105	A	0	0	105	35
A_PA	1039	110	G	0	0	110	35
A_PA	1040	102	A	0	0	102	35
A_PA	1041	101	C	0	0	101	35
A_PA	1042	100	A	0	0	100	35
A_PA	1043	96	T	0	0	96	35
A_PA	1044	99	T	0	0	99	35
A_PA	1045	99	G	0	0	99	35
A_PA	1046	94	A	0	0	94	35
A_PA	1047	104	A	0	0	104	35
A_PA	1048	100	A	0	0	100	35
A_PA	1049	98	A	0	0	98	35
A_PA	1050	113	T	0	0	113	35
A_PA	1051	91	G	0	0	91	35
A_PA	1052	112	A	0	0	112	35
A_PA	1053	90	G	0	0	90	35
A_PA	1054	97	G	0	0	97	35
A_PA	1055	89	A	0	0	89	35
A_PA	1056	102	G	0	0	102	35
A_PA	1057	96	A	0	0	96	35
A_PA	1058	115	A	0	0	115	35
A_PA	1059	106	A	0	0	106	35
A_PA	1060	98	A	0	0	98	35
A_PA	1061	101	T	0	0	101	35
A_PA	1062	93	T	0	0	93	35
A_PA	1063	90	C	0	0	90	35
A_PA	1064	103	C	0	0	103	35
A_PA	1065	111	A	0	0	111	35
A_PA	1066	111	A	0	0	111	35
A_PA	1067	111	A	0	0	111	35
A_PA	1068	93	A	0	0	93	35
A_PA	1069	107	A	0	0	107	35
A_PA	1070	92	C	0	0	92	35
A_PA	1071	106	A	0	0	106	35
A_PA	1072	111	A	0	0	111	35
A_PA	1073	102	A	0	0	102	35
A_PA	1074	86	G	0	0	86	35
A_PA	1075	87	A	0	0	87	35
A_PA	1076	115	A	0	0	115	35
A_PA	1077	88	C	0	0	88	35
A_PA	1078	91	A	0	0	91	35
A_PA	1079	115	T	0	0	115	35
A_PA	1080	93	G	0	0	93	35
A_PA	1081	92	A	0	0	92	35
A_PA	1082	113	A	0	0	113	35
A_PA	1083	109	G	0	0	109	35
A_PA	1084	106	A	0	0	106	35
A_PA	1085	104	A	0	0	104	35
A_PA	1086	112	A	0	0	112	35
A_PA	1087	91	A	0	0	91	35
A_PA	1088	113	C	0	0	113	35
A_PA	1089	86	A	0	0	86	35
A_PA	1090	110	A	0	0	110	35
A_PA	1091	107	G	0	0	107	35
A_PA	1092	106	C	0	0	106	35
A_PA	1093	96	C	0	0	96	35
A_PA	1094	87	A	0	0	87	35
A_PA	1095	86	A	0	0	86	35
A_PA	1096	102	T	0	0	102	35
A_PA	1097	110	T	0	0	110	35
A_PA	1098	88	G	0	0	88	35
A_PA	1099	108	A	0	0	108	35
A_PA	1100	103	A	0	0	103	35
A_PA	1101	100	G	0	0	100	35
A_PA	1102	97	T	0	0	97	35
A_PA	1103	115	G	0	0	115	35
A_PA	1104	88	G	0	0	88	35
A_PA	1105	115	G	0	0	115	35
A_PA	1106	91	C	0	0	91	35
A_PA	1107	102	A	0	0	102	35
A_PA	1108	102	C	0	0	102	35
A_PA	1109	97	T	0	0	97	35
A_PA	1110	110	T	0	0	110	35
A_PA	1111	106	G	0	0	106	35
A_PA	1112	98	G	0	0	98	35
A_PA	1113	113	T	0	0	113	35
A_PA	1114	106	G	0	0	106	35
A_PA	1115	101	A	0	0	101	35
A_PA	1116	92	G	0	0	92	35
A_PA	1117	115	A	0	0	115	35
A_PA	1118	99	A	0	0	99	35
A_PA	1119	104	C	0	0	104	35
A_PA	1120	115	A	0	0	115	35
A_PA	1121	114	T	0	0	114	35
A_PA	1122	101	G	0	0	101	35
A_PA	1123	92	G	0	0	92	35
A_PA	1124	93	C	0	0	93	35
A_PA	1125	100	T	0	0	100	35
A_PA	1126	100	C	0	0	100	35
A_PA	1127	93	C	0	0	93	35
A_PA	1128	104	A	0	0	104	35
A_PA	1129	101	G	0	0	101	35
A_PA	1130	108	A	0	0	108	35
A_PA	1131	110	A	0	0	110	35
A_PA	1132	115	A	0	0	115	35
A_PA	1133	112	A	0	0	112	35
A_PA	1134	114	A	0	0	114	35
A_PA	1135	91	G	0	0	91	35
A_PA	1136	89	T	0	0	89	35
A_PA	1137	99	G	0	0	99	35
A_PA	1138	110	G	0	0	110	35
A_PA	1139	90	A	0	0	90	35
A_PA	1140	94	C	0	0	94	35
A_PA	1141	94	T	0	0	94	35
A_PA	1142	113	T	0	0	113	35
A_PA	1143	101	T	0	0	101	35
A_PA	1144	108	G	0	0	108	35
A_PA	1145	89	A	0	0	89	35
A_PA	1146	90	G	0	0	90	35
A_PA	1147	90	G	0	0	90	35
A_PA	1148	101	A	0	0	101	35
A_PA	1149	109	C	0	0	109	35
A_PA	1150	87	T	0	0	87	35
A_PA	1151	106	G	0	0	106	35
A_PA	1152	99	C	0	0	99	35
A_PA	1153	103	A	0	0	103	35
A_PA	1154	88	A	0	0	88	35
A_PA	1155	96	A	0	0	96	35
A_PA	1156	101	G	0	0	101	35
A_PA	1157	93	A	0	0	93	35
A_PA	1158	89	T	0	0	89	35
A_PA	1159	100	G	0	0	100	35
A_PA	1160	105	T	0	0	105	35
A_PA	1161	99	T	0	0	99	35
A_PA	1162	102	A	0	0	102	35
A_PA	1163	92	G	0	0	92	35
A_PA	1164	102	C	0	0	102	35
A_PA	1165	94	G	0	0	94	35
A_PA	1166	107	A	0	0	107	35
A_PA	1167	88	T	0	0	88	35
A_PA	1168	107	C	0	0	107	35
A_PA	1169	97	T	0	0	97	35
A_PA	1170	110	A	0	0	110	35
A_PA	1171	91	A	0	0	91	35
A_PA	1172	85	G	0	0	85	35
A_PA	1173	86	A	0	0	86	35
A_PA	1174	111	C	0	0	111	35
A_PA	1175	105	A	0	0	105	35
A_PA	1176	97	G	0	0	97	35
A_PA	1177	103	T	0	0	103	35
A_PA	1178	102	A	0	0	102	35
A_PA	1179	93	C	0	0	93	35
A_PA	1180	109	G	0	0	109	35
A_PA	1181	102	A	0	0	102	35
A_PA	1182	103	C	0	0	103	35
A_PA	1183	88	A	0	0	88	35
A_PA	1184	115	G	0	0	115	35
A_PA	1185	115	T	0	0	115	35
A_PA	1186	92	G	0	0	92	35
A_PA	1187	96	A	0	0	96	35
A_PA	1188	92	C	0	0	92	35
A_PA	1189	90	G	0	0	90	35
A_PA	1190	93	A	0	0	93	35
A_PA	1191	96	A	0	0	96	35
A_PA	1192	115	C	0	0	115	35
A_PA	1193	114	C	0	0	114	35
A_PA	1194	105	A	0	0	105	35
A_PA	1195	109	G	0	0	109	35
A_PA	1196	96	A	0	0	96	35
A_PA	1197	89	G	0	0	89	35
A_PA	1198	109	T	0	0	109	35
A_PA	1199	103	C	0	0	103	35
A_PA	1200	115	T	0	0	115	35
A_PA	1201	85	A	0	0	85	35
A_PA	1202	86	G	0	0	86	35
A_PA	1203	99	A	0	0	99	35
A_PA	1204	108	T	0	0	108	35
A_PA	1205	95	C	0	0	95	35
A_PA	1206	112	A	0	0	112	35
A_PA	1207	87	C	0	0	87	35
A_PA	1208	112	T	0	0	112	35
A_PA	1209	97	A	0	0	97	35
A_PA	1210	89	G	0	0	89	35
A_PA	1211	105	C	0	0	105	35
A_PA	1212	110	A	0	0	110	35
A_PA	1213	104	A	0	0	104	35
A_PA	1214	98	G	0	0	98	35
A_PA	1215	113	C	0	0	113	35
A_PA	1216	107	T	0	0	107	35
A_PA	1217	111	G	0	0	111	35
A_PA	1218	107	G	0	0	107	35
A_PA	1219	90	A	0	0	90	35
A_PA	1220	92	T	0	0	92	35
A_PA	1221	104	T	0	0	104	35
A_PA	1222	91	C	0	0	91	35
A_PA	1223	90	A	0	0	90	35
A_PA	1224	110	G	0	0	110	35
A_PA	1225	115	A	0	0	115	35
A_PA	1226	101	G	0	0	101	35
A_PA	1227	106	T	0	0	106	35
A_PA	1228	114	G	0	0	114	35
A_PA	1229	92	A	0	0	92	35
A_PA	1230	88	A	0	0	88	35
A_PA	1231	95	T	0	0	95	35
A_PA	1232	113	T	0	0	113	35
A_PA	1233	108	C	0	0	108	35
A_PA	1234	97	A	0	0	97	35
A_PA	1235	107	A	0	0	107	35
A_PA	1236	91	C	0	0	91	35
A_PA	1237	90	A	0	0	90	35
A_PA	1238	93	A	0	0	93	35
A_PA	1239	98	G	0	0	98	35
A_PA	1240	102	G	0	0	102	35
A_PA	1241	91	C	0	0	91	35
A_PA	1242	105	A	0	0	105	35
A_PA	1243	102	T	0	0	102	35
A_PA	1244	109	G	0	0	109	35
A_PA	1245	85	C	0	0	85	35
A_PA	1246	100	G	0	0	100	35
A_PA	1247	104	A	0	0	104	35
A_PA	1248	100	A	0	0	100	35
A_PA	1249	91	C	0	0	91	35
A_PA	1250	97	T	0	0	97	35
A_PA	1251	101	G	0	0	101	35
A_PA	1252	93	A	0	0	93	35
A_PA	1253	112	C	0	0	112	35
A_PA	1254	105	A	0	0	105	35
A_PA	1255	85	G	0	0	85	35
A_PA	1256	108	A	0	0	108	35
A_PA	1257	102	T	0	0	102	35
A_PA	1258	102	T	0	0	102	35
A_PA	1259	106	C	0	0	106	35
A_PA	1260	108	G	0	0	108	35
A_PA	1261	113	A	0	0	113	35
A_PA	1262	104	G	0	0	104	35
A_PA	1263	111	T	0	0	111	35
A_PA	1264	86	T	0	0	86	35
A_PA	1265	114	G	0	0	114	35
A_PA	1266	108	G	0	0	108	35
A_PA	1267	112	A	0	0	112	35
A_PA	1268	95	T	0	0	95	35
A_PA	1269	114	T	0	0	114	35
A_PA	1270	103	G	0	0	103	35
A_PA	1271	92	A	0	0	92	35
A_PA	1272	112	A	0	0	112	35
A_PA	1273	101	C	0	0	101	35
A_PA	1274	87	T	0	0	87	35
A_PA	1275	93	T	0	0	93	35
A_PA	1276	87	G	0	0	87	35
A_PA	1277	89	A	0	0	89	35
A_PA	1278	104	T	0	0	104	35
A_PA	1279	109	G	0	0	109	35
A_PA	1280	107	A	0	0	107	35
A_PA	1281	92	G	0	0	92	35
A_PA	1282	90	A	0	0	90	35
A_PA	1283	105	T	0	0	105	35
A_PA	1284	86	A	0	0	86	35
A_PA	1285	96	G	0	0	96	35
A_PA	1286	104	G	0	0	104	35
A_PA	1287	93	G	0	0	93	35
A_PA	1288	97	G	0	0	97	35
A_PA	1289	112	A	0	0	112	35
A_PA	1290	88	A	0	0	88	35
A_PA	1291	102	G	0	0	102	35
A_PA	1292	85	A	0	0	85	35
A_PA	1293	95	C	0	0	95	35
A_PA	1294	101	G	0	0	101	35
A_PA	1295	112	T	0	0	112	35
A_PA	1296	111	T	0	0	111	35
A_PA	1297	115	G	0	0	115	35
A_PA	1298	111	C	0	0	111	35
A_PA	1299	114	T	0	0	114	35
A_PA	1300	104	C	0	0	104	35
A_PA	1301	98	C	0	0	98	35
A_PA	1302	107	A	0	0	107	35
A_PA	1303	93	A	0	0	93	35
A_PA	1304	92	T	0	0	92	35
A_PA	1305	100	C	0	0	100	35
A_PA	1306	111	G	0	0	111	35
A_PA	1307	111	A	0	0	111	35
A_PA	1308	108	A	0	0	108	35
A_PA	1309	99	C	0	0	99	35
A_PA	1310	112	A	0	0	112	35
A_PA	1311	111	C	0	0	111	35
A_PA	1312	89	A	0	0	89	35
A_PA	1313	115	T	0	0	115	35
A_PA	1314	94	T	0	0	94	35
A_PA	1315	89	G	0	0	89	35
A_PA	1316	98	C	0	0	98	35
A_PA	1317	103	G	0	0	103	35
A_PA	1318	109	A	0	0	109	35
A_PA	1319	110	G	0	0	110	35
A_PA	1320	94	T	0	0	94	35
A_PA	1321	105	G	0	0	105	35
A_PA	1322	99	T	0	0	99	35
A_PA	1323	87	G	0	0	87	35
A_PA	1324	91	A	0	0	91	35
A_PA	1325	86	G	0	0	86	35
A_PA	1326	108	G	0	0	108	35
A_PA	1327	115	A	0	0	115	35
A_PA	1328	115	G	0	0	115	35
A_PA	1329	88	G	0	0	88	35
A_PA	1330	102	A	0	0	102	35
A_PA	1331	93	A	0	0	93	35
A_PA	1332	111	C	0	0	111	35
A_PA	1333	114	T	0	0	114	35
A_PA	1334	109	A	0	0	109	35
A_PA	1335	113	T	0	0	113	35
A_PA	1336	97	T	0	0	97	35
A_PA	1337	111	T	0	0	111	35
A_PA	1338	85	C	0	0	85	35
A_PA	1339	107	A	0	0	107	35
A_PA	1340	87	C	0	0	87	35
A_PA	1341	107	A	0	0	107	35
A_PA	1342	105	G	0	0	105	35
A_PA	1343	92	C	0	0	92	35
A_PA	1344	106	G	0	0	106	35
A_PA	1345	92	G	0	0	92	35
A_PA	1346	105	A	0	0	105	35
A_PA	1347	113	G	0	0	113	35
A_PA	1348	105	G	0	0	105	35
A_PA	1349	95	T	0	0	95	35
A_PA	1350	105	A	0	0	105	35
A_PA	1351	106	T	0	0	106	35
A_PA	1352	89	C	0	0	89	35
A_PA	1353	105	C	0	0	105	35
A_PA	1354	91	C	0	0	91	35
A_PA	1355	89	A	0	0	89	35
A_PA	1356	85	T	0	0	85	35
A_PA	1357	111	T	0	0	111	35
A_PA	1358	101	G	0	0	101	35
A_PA	1359	88	C	0	0	88	35
A_PA	1360	105	A	0	0	105	35
A_PA	1361	99	G	0	0	99	35
A_PA	1362	114	G	0	0	114	35
A_PA	1363	101	G	0	0	101	35
A_PA	1364	113	C	0	0	113	35
A_PA	1365	102	C	0	0	102	35
A_PA	1366	109	A	0	0	109	35
A_PA	1367	102	C	0	0	102	35
A_PA	1368	115	T	0	0	115	35
A_PA	1369	114	G	0	0	114	35
A_PA	1370	103	A	0	0	103	35
A_PA	1371	94	A	0	0	94	35
A_PA	1372	87	T	0	0	87	35
A_PA	1373	103	A	0	0	103	35
A_PA	1374	108	C	0	0	108	35
A_PA	1375	105	A	0	0	105	35
A_PA	1376	94	T	0	0	94	35
A_PA	1377	91	A	0	0	91	35
A_PA	1378	114	A	0	0	114	35
A_PA	1379	107	T	0	0	107	35
A_PA	1380	88	G	0	0	88	35
A_PA	1381	111	A	0	0	111	35
A_PA	1382	101	A	0	0	101	35
A_PA	1383	101	G	0	0	101	35
A_PA	1384	90	G	0	0	90	35
A_PA	1385	101	G	0	0	101	35
A_PA	1386	113	A	0	0	113	35
A_PA	1387	112	G	0	0	112	35
A_PA	1388	102	T	0	0	102	35
A_PA	1389	115	A	0	0	115	35
A_PA	1390	93	T	0	0	93	35
A_PA	1391	88	A	0	0	88	35
A_PA	1392	88	C	0	0	88	35
A_PA	1393	94	A	0	0	94	35
A_PA	1394	96	T	0	0	96	35
A_PA	1395	89	A	0	0	89	35
A_PA	1396	103	A	0	0	103	35
A_PA	1397	105	A	0	0	105	35
A_PA	1398	112	C	0	0	112	35
A_PA	1399	89	A	0	0	89	35
A_PA	1400	96	C	0	0	96	35
A_PA	1401	112	A	0	0	112	35
A_PA	1402	85	G	0	0	85	35
A_PA	1403	102	C	0	0	102	35
A_PA	1404	110	C	0	0	110	35
A_PA	1405	108	C	0	0	108	35
A_PA	1406	90	T	0	0	90	35
A_PA	1407	106	A	0	0	106	35
A_PA	1408	100	T	0	0	100	35
A_PA	1409	97	T	0	0	97	35
A_PA	1410	97	G	0	0	97	35
A_PA	1411	106	A	0	0	106	35
A_PA	1412	97	A	0	0	97	35
A_PA	1413	97	T	0	0	97	35
A_PA	1414	90	G	0	0	90	35
A_PA	1415	115	C	0	0	115	35
A_PA	1416	112	A	0	0	112	35
A_PA	1417	109	T	0	0	109	35
A_PA	1418	85	C	0	0	85	35
A_PA	1419	100	C	0	0	100	35
A_PA	1420	100	T	0	0	100	35
A_PA	1421	113	G	0	0	113	35
A_PA	1422	98	T	0	0	98	35
A_PA	1423	95	G	0	0	95	35
A_PA	1424	113	C	0	0	113	35
A_PA	1425	90	A	0	0	90	35
A_PA	1426	97	G	0	0	97	35
A_PA	1427	113	C	0	0	113	35
A_PA	1428	105	C	0	0	105	35
A_PA	1429	93	A	0	0	93	35
A_PA	1430	86	T	0	0	86	35
A_PA	1431	95	G	0	0	95	35
A_PA	1432	115	G	0	0	115	35
A_PA	1433	114	A	0	0	114	35
A_PA	1434	92	T	0	0	92	35
A_PA	1435	114	G	0	0	114	35
A_PA	1436	86	A	0	0	86	35
A_PA	1437	89	C	0	0	89	35
A_PA	1438	97	T	0	0	97	35
A_PA	1439	94	T	0	0	94	35
A_PA	1440	87	C	0	0	87	35
A_PA	1441	96	C	0	0	96	35
A_PA	1442	88	A	0	0	88	35
A_PA	1443	98	A	0	0	98	35
A_PA	1444	113	T	0	0	113	35
A_PA	1445	96	T	0	0	96	35
A_PA	1446	91	G	0	0	91	35
A_PA	1447	88	A	0	0	88	35
A_PA	1448	94	T	0	0	94	35
A_PA	1449	98	T	0	0	98	35
A_PA	1450	94	C	0	0	94	35
A_PA	1451	100	C	0	0	100	35
A_PA	1452	95	A	0	0	95	35
A_PA	1453	108	A	0	0	108	35
A_PA	1454	95	T	0	0	95	35
A_PA	1455	94	G	0	0	94	35
A_PA	1456	101	A	0	0	101	35
A_PA	1457	114	T	0	0	114	35
A_PA	1458	95	A	0	0	95	35
A_PA	1459	91	A	0	0	91	35
A_PA	1460	95	G	0	0	95	35
A_PA	1461	108	T	0	0	108	35
A_PA	1462	103	A	0	0	103	35
A_PA	1463	115	A	0	0	115	35
A_PA	1464	87	G	0	0	87	35
A_PA	1465	110	T	0	0	110	35
A_PA	1466	102	G	0	0	102	35
A_PA	1467	106	C	0	0	106	35
A_PA	1468	107	A	0	0	107	35
A_PA	1469	98	G	0	0	98	35
A_PA	1470	86	A	0	0	86	35
A_PA	1471	88	A	0	0	88	35
A_PA	1472	95	C	0	0	95	35
A_PA	1473	92	T	0	0	92	35
A_PA	1474	98	A	0	0	98	35
A_PA	1475	109	A	0	0	109	35
A_PA	1476	99	A	0	0	99	35
A_PA	1477	88	G	0	0	88	35
A_PA	1478	91	A	0	0	91	35
A_PA	1479	101	A	0	0	101	35
A_PA	1480	104	G	0	0	104	35
A_PA	1481	86	G	0	0	86	35
A_PA	1482	106	A	0	0	106	35
A_PA	1483	112	A	0	0	112	35
A_PA	1484	97	G	0	0	97	35
A_PA	1485	88	A	0	0	88	35
A_PA	1486	114	C	0	0	114	35
A_PA	1487	107	G	0	0	107	35
A_PA	1488	98	G	0	0	98	35
A_PA	1489	100	A	0	0	100	35
A_PA	1490	86	A	0	0	86	35
A_PA	1491	105	G	0	0	105	35
A_PA	1492	115	A	0	0	115	35
A_PA	1493	107	C	0	0	107	35
A_PA	1494	95	A	0	0	95	35
A_PA	1495	110	A	0	0	110	35
A_PA	1496	101	A	0	0	101	35
A_PA	1497	90	T	0	0	90	35
A_PA	1498	114	C	0	0	114	35
A_PA	1499	94	T	0	0	94	35
A_PA	1500	105	G	0	0	105	35
A_PA	1501	102	T	0	0	102	35
A_PA	1502	102	A	0	0	102	35
A_PA	1503	96	T	0	0	96	35
A_PA	1504	114	G	0	0	114	35
A_PA	1505	103	G	0	0	103	35
A_PA	1506	85	A	0	0	85	35
A_PA	1507	109	T	0	0	109	35
A_PA	1508	106	T	0	0	106	35
A_PA	1509	111	C	0	0	111	35
A_PA	1510	112	A	0	0	112	35
A_PA	1511	97	T	0	0	97	35
A_PA	1512	90	T	0	0	90	35
A_PA	1513	91	A	0	0	91	35
A_PA	1514	85	T	0	0	85	35
A_PA	1515	103	A	0	0	103	35
A_PA	1516	95	A	0	0	95	35
A_PA	1517	108	A	0	0	108	35
A_PA	1518	96	A	0	0	96	35
A_PA	1519	112	G	0	0	112	35
A_PA	1520	89	G	0	0	89	35
A_PA	1521	106	A	0	0	106	35
A_PA	1522	102	A	0	0	102	35
A_PA	1523	101	G	0	0	101	35
A_PA	1524	107	A	0	0	107	35
A_PA	1525	91	T	0	0	91	35
A_PA	1526	108	C	0	0	108	35
A_PA	1527	110	C	0	0	110	35
A_PA	1528	110	C	0	0	110	35
A_PA	1529	107	A	0	0	107	35
A_PA	1530	102	T	0	0	102	35
A_PA	1531	112	T	0	0	112	35
A_PA	1532	114	T	0	0	114	35
A_PA	1533	99	G	0	0	99	35
A_PA	1534	96	A	0	0	96	35
A_PA	1535	87	G	0	0	87	35
A_PA	1536	103	G	0	0	103	35
A_PA	1537	102	A	0	0	102	35
A_PA	1538	97	A	0	0	97	35
A_PA	1539	87	T	0	0	87	35
A_PA	1540	86	G	0	0	86	35
A_PA	1541	88	A	0	0	88	35
A_PA	1542	99	C	0	0	99	35
A_PA	1543	99	A	0	0	99	35
A_PA	1544	90	C	0	0	90	35
A_PA	1545	114	C	0	0	114	35
A_PA	1546	94	G	0	0	94	35
A_PA	1547	115	A	0	0	115	35
A_PA	1548	90	T	0	0	90	35
A_PA	1549	92	G	0	0	92	35
A_PA	1550	88	T	0	0	88	35
A_PA	1551	94	G	0	0	94	35
A_PA	1552	92	G	0	0	92	35
A_PA	1553	115	T	0	0	115	35
A_PA	1554	96	A	0	0	96	35
A_PA	1555	85	A	0	0	85	35
A_PA	1556	108	A	0	0	108	35
A_PA	1557	110	C	0	0	110	35
A_PA	1558	85	T	0	0	85	35
A_PA	1559	97	T	0	0	97	35
A_PA	1560	92	T	0	0	92	35
A_PA	1561	99	G	0	0	99	35
A_PA	1562	103	T	0	0	103	35
A_PA	1563	109	G	0	0	109	35
A_PA	1564	95	A	0	0	95	35
A_PA	1565	104	G	0	0	104	35
A_PA	1566	112	C	0	0	112	35
A_PA	1567	107	A	0	0	107	35
A_PA	1568	91	T	0	0	91	35
A_PA	1569	97	G	0	0	97	35
A_PA	1570	87	G	0	0	87	35
A_PA	1571	96	A	0	0	96	35
A_PA	1572	95	A	0	0	95	35
A_PA	1573	101	T	0	0	101	35
A_PA	1574	105	T	0	0	105	35
A_PA	1575	86	C	0	0	86	35
A_PA	1576	102	T	0	0	102	35
A_PA	1577	110	C	0	0	110	35
A_PA	1578	112	T	0	0	112	35
A_PA	1579	98	C	0	0	98	35
A_PA	1580	113	T	0	0	113	35
A_PA	1581	109	A	0	0	109	35
A_PA	1582	98	A	0	0	98	35
A_PA	1583	110	C	0	0	110	35
A_PA	1584	109	T	0	0	109	35
A_PA	1585	112	G	0	0	112	35
A_PA	1586	91	A	0	0	91	35
A_PA	1587	102	C	0	0	102	35
A_PA	1588	86	C	0	0	86	35
A_PA	1589	110	C	0	0	110	35
A_PA	1590	94	G	0	0	94	35
A_PA	1591	93	A	0	0	93	35
A_PA	1592	88	G	0	0	88	35
A_PA	1593	101	G	0	0	101	35
A_PA	1594	103	C	0	0	103	35
A_PA	1595	112	T	0	0	112	35
A_PA	1596	94	A	0	0	94	35
A_PA	1597	106	G	0	0	106	35
A_PA	1598	107	A	0	0	107	35
A_PA	1599	96	G	0	0	96	35
A_PA	1600	92	C	0	0	92	35
A_PA	1601	105	C	0	0	105	35
A_PA	1602	99	A	0	0	99	35
A_PA	1603	113	C	0	0	113	35
A_PA	1604	90	A	0	0	90	35
A_PA	1605	93	C	0	0	93	35
A_PA	1606	91	A	0	0	91	35
A_PA	1607	115	A	0	0	115	35
A_PA	1608	106	A	0	0	106	35
A_PA	1609	93	T	0	0	93	35
A_PA	1610	98	G	0	0	98	35
A_PA	1611	95	G	0	0	95	35
A_PA	1612	87	G	0	0	87	35
A_PA	1613	90	A	0	0	90	35
A_PA	1614	92	A	0	0	92	35
A_PA	1615	86	A	0	0	86	35
A_PA	1616	93	A	0	0	93	35
A_PA	1617	89	G	0	0	89	35
A_PA	1618	88	T	0	0	88	35
A_PA	1619	100	A	0	0	100	35
A_PA	1620	110	C	0	0	110	35
A_PA	1621	99	T	0	0	99	35
A_PA	1622	112	G	0	0	112	35
A_PA	1623	102	T	0	0	102	35
A_PA	1624	89	G	0	0	89	35
A_PA	1625	107	T	0	0	107	35
A_PA	1626	99	T	0	0	99	35
A_PA	1627	100	C	0	0	100	35
A_PA	1628	95	T	0	0	95	35
A_PA	1629	104	T	0	0	104	35
A_PA	1630	100	G	0	0	100	35
A_PA	1631	90	A	0	0	90	35
A_PA	1632	111	G	0	0	111	35
A_PA	1633	86	A	0	0	86	35
A_PA	1634	114	T	0	0	114	35
A_PA	1635	92	A	0	0	92	35
A_PA	1636	91	G	0	0	91	35
A_PA	1637	97	G	0	0	97	35
A_PA	1638	89	A	0	0	89	35
A_PA	1639	104	G	0	0	104	35
A_PA	1640	99	A	0	0	99	35
A_PA	1641	101	C	0	0	101	35
A_PA	1642	100	A	0	0	100	35
A_PA	1643	92	T	0	0	92	35
A_PA	1644	111	G	0	0	111	35
A_PA	1645	94	C	0	0	94	35
A_PA	1646	101	T	0	0	101	35
A_PA	1647	102	C	0	0	102	35
A_PA	1648	108	C	0	0	108	35
A_PA	1649	93	T	0	0	93	35
A_PA	1650	109	A	0	0	109	35
A_PA	1651	108	C	0	0	108	35
A_PA	1652	93	G	0	0	93	35
A_PA	1653	99	G	0	0	99	35
A_PA	1654	109	A	0	0	109	35
A_PA	1655	114	C	0	0	114	35
A_PA	1656	113	T	0	0	113	35
A_PA	1657	99	G	0	0	99	35
A_PA	1658	110	C	0	0	110	35
A_PA	1659	110	A	0	0	110	35
A_PA	1660	114	A	0	0	114	35
A_PA	1661	107	T	0	0	107	35
A_PA	1662	115	A	0	0	115	35
A_PA	1663	105	G	0	0	105	35
A_PA	1664	104	G	0	0	104	35
A_PA	1665	93	C	0	0	93	35
A_PA	1666	86	C	0	0	86	35
A_PA	1667	86	A	0	0	86	35
A_PA	1668	100	A	0	0	100	35
A_PA	1669	110	G	0	0	110	35
A_PA	1670	108	T	0	0	108	35
A_PA	1671	105	G	0	0	105	35
A_PA	1672	97	T	0	0	97	35
A_PA	1673	109	C	0	0	109	35
A_PA	1674	98	G	0	0	98	35
A_PA	1675	108	A	0	0	108	35
A_PA	1676	106	G	0	0	106	35
A_PA	1677	87	G	0	0	87	35
A_PA	1678	115	C	0	0	115	35
A_PA	1679	109	C	0	0	109	35
A_PA	1680	93	C	0	0	93	35
A_PA	1681	88	A	0	0	88	35
A_PA	1682	104	T	0	0	104	35
A_PA	1683	100	G	0	0	100	35
A_PA	1684	89	T	0	0	89	35
A_PA	1685	96	T	0	0	96	35
A_PA	1686	107	C	0	0	107	35
A_PA	1687	112	C	0	0	112	35
A_PA	1688	92	T	0	0	92	35
A_PA	1689	102	G	0	0	102	35
A_PA	1690	106	T	0	0	106	35
A_PA	1691	106	A	0	0	106	35
A_PA	1692	100	T	0	0	100	35
A_PA	1693	101	G	0	0	101	35
A_PA	1694	94	T	0	0	94	35
A_PA	1695	97	G	0	0	97	35
A_PA	1696	113	A	0	0	113	35
A_PA	1697	105	G	0	0	105	35
A_PA	1698	94	A	0	0	94	35
A_PA	1699	91	A	0	0	91	35
A_PA	1700	108	C	0	0	108	35
A_PA	1701	111	C	0	0	111	35
A_PA	1702	85	A	0	0	85	35
A_PA	1703	113	A	0	0	113	35
A_PA	1704	108	T	0	0	108	35
A_PA	1705	105	G	0	0	105	35
A_PA	1706	105	G	0	0	105	35
A_PA	1707	89	G	0	0	89	35
A_PA	1708	111	A	0	0	111	35
A_PA	1709	90	C	0	0	90	35
A_PA	1710	103	T	0	0	103	35
A_PA	1711	105	T	0	0	105	35
A_PA	1712	109	C	0	0	109	35
A_PA	1713	111	C	0	0	111	35
A_PA	1714	107	A	0	0	107	35
A_PA	1715	88	A	0	0	88	35
A_PA	1716	90	G	0	0	90	35
A_PA	1717	112	A	0	0	112	35
A_PA	1718	94	T	0	0	94	35
A_PA	1719	98	C	0	0	98	35
A_PA	1720	93	A	0	0	93	35
A_PA	1721	92	A	0	0	92	35
A_PA	1722	92	A	0	0	92	35
A_PA	1723	87	A	0	0	87	35
A_PA	1724	110	T	0	0	110	35
A_PA	1725	92	G	0	0	92	35
A_PA	1726	90	A	0	0	90	35
A_PA	1727	101	A	0	0	101	35
A_PA	1728	105	A	0	0	105	35
A_PA	1729	92	T	0	0	92	35
A_PA	1730	94	G	0	0	94	35
A_PA	1731	102	G	0	0	102	35
A_PA	1732	97	G	0	0	97	35
A_PA	1733	87	G	0	0	87	35
A_PA	1734	110	C	0	0	110	35
A_PA	1735	114	A	0	0	114	35
A_PA	1736	96	T	0	0	96	35
A_PA	1737	98	G	0	0	98	35
A_PA	1738	111	G	0	0	111	35
A_PA	1739	114	A	0	0	114	35
A_PA	1740	103	G	0	0	103	35
A_PA	1741	104	A	0	0	104	35
A_PA	1742	110	T	0	0	110	35
A_PA	1743	112	G	0	0	112	35
A_PA	1744	97	A	0	0	97	35
A_PA	1745	105	G	0	0	105	35
A_PA	1746	108	G	0	0	108	35
A_PA	1747	109	C	0	0	109	35
A_PA	1748	107	G	0	0	107	35
A_PA	1749	90	A	0	0	90	35
A_PA	1750	94	T	0	0	94	35
A_PA	1751	97	G	0	0	97	35
A_PA	1752	99	C	0	0	99	35
A_PA	1753	109	C	0	0	109	35
A_PA	1754	105	T	0	0	105	35
A_PA	1755	110	T	0	0	110	35
A_PA	1756	112	C	0	0	112	35
A_PA	1757	88	T	0	0	88	35
A_PA	1758	101	T	0	0	101	35
A_PA	1759	102	C	0	0	102	35
A_PA	1760	86	A	0	0	86	35
A_PA	1761	114	G	0	0	114	35
A_PA	1762	94	T	0	0	94	35
A_PA	1763	107	C	0	0	107	35
A_PA	1764	86	C	0	0	86	35
A_PA	1765	113	C	0	0	113	35
A_PA	1766	111	T	0	0	111	35
A_PA	1767	97	T	0	0	97	35
A_PA	1768	110	C	0	0	110	35
A_PA	1769	103	A	0	0	103	35
A_PA	1770	99	A	0	0	99	35
A_PA	1771	104	C	0	0	104	35
A_PA	1772	110	A	0	0	110	35
A_PA	1773	97	A	0	0	97	35
A_PA	1774	102	A	0	0	102	35
A_PA	1775	107	T	0	0	107	35
A_PA	1776	100	T	0	0	100	35
A_PA	1777	93	G	0	0	93	35
A_PA	1778	85	A	0	0	85	35
A_PA	1779	93	G	0	0	93	35
A_PA	1780	109	A	0	0	109	35
A_PA	1781	102	G	0	0	102	35
A_PA	1782	111	C	0	0	111	35
A_PA	1783	106	A	0	0	106	35
A_PA	1784	85	T	0	0	85	35
A_PA	1785	114	G	0	0	114	35
A_PA	1786	112	A	0	0	112	35
A_PA	1787	95	T	0	0	95	35
A_PA	1788	113	T	0	0	113	35
A_PA	1789	106	G	0	0	106	35
A_PA	1790	102	A	0	0	102	35
A_PA	1791	87	G	0	0	87	35
A_PA	1792	102	G	0	0	102	35
A_PA	1793	105	C	0	0	105	35
A_PA	1794	113	C	0	0	113	35
A_PA	1795	97	G	0	0	97	35
A_PA	1796	113	A	0	0	113	35
A_PA	1797	106	A	0	0	106	35
A_PA	1798	114	T	0	0	114	35
A_PA	1799	85	C	0	0	85	35
A_PA	1800	104	T	0	0	104	35
A_PA	1801	99	T	0	0	99	35
A_PA	1802	111	C	0	0	111	35
A_PA	1803	109	T	0	0	109	35
A_PA	1804	106	G	0	0	106	35
A_PA	1805	105	T	0	0	105	35
A_PA	1806	113	C	0	0	113	35
A_PA	1807	107	A	0	0	107	35
A_PA	1808	88	A	0	0	88	35
A_PA	1809	90	A	0	0	90	35
A_PA	1810	105	G	0	0	105	35
A_PA	1811	105	A	0	0	105	35
A_PA	1812	99	G	0	0	99	35
A_PA	1813	113	A	0	0	113	35
A_PA	1814	99	A	0	0	99	35
A_PA	1815	95	G	0	0	95	35
A_PA	1816	86	G	0	0	86	35
A_PA	1817	94	A	0	0	94	35
A_PA	1818	107	C	0	0	107	35
A_PA	1819	93	A	0	0	93	35
A_PA	1820	94	T	0	0	94	35
A_PA	1821	99	G	0	0	99	35
A_PA	1822	108	T	0	0	108	35
A_PA	1823	107	C	0	0	107	35
A_PA	1824	103	C	0	0	103	35
A_PA	1825	111	A	0	0	111	35
A_PA	1826	99	A	0	0	99	35
A_PA	1827	96	G	0	0	96	35
A_PA	1828	112	G	0	0	112	35
A_PA	1829	102	A	0	0	102	35
A_PA	1830	113	A	0	0	113	35
A_PA	1831	96	T	0	0	96	35
A_PA	1832	104	T	0	0	104	35
A_PA	1833	100	C	0	0	100	35
A_PA	1834	91	T	0	0	91	35
A_PA	1835	98	T	0	0	98	35
A_PA	1836	92	T	0	0	92	35
A_PA	1837	92	G	0	0	92	35
A_PA	1838	103	A	0	0	103	35
A_PA	1839	113	A	0	0	113	35
A_PA	1840	102	A	0	0	102	35
A_PA	1841	98	A	0	0	98	35
A_PA	1842	103	C	0	0	103	35
A_PA	1843	98	A	0	0	98	35
A_PA	1844	108	A	0	0	108	35
A_PA	1845	100	A	0	0	100	35
A_PA	1846	107	T	0	0	107	35
A_PA	1847	100	C	0	0	100	35
A_PA	1848	88	A	0	0	88	35
A_PA	1849	114	G	0	0	114	35
A_PA	1850	115	A	0	0	115	35
A_PA	1851	86	A	0	0	86	35
A_PA	1852	113	A	0	0	113	35
A_PA	1853	97	C	0	0	97	35
A_PA	1854	108	A	0	0	108	35
A_PA	1855	108	T	0	0	108	35
A_PA	1856	97	G	0	0	97	35
A_PA	1857	115	G	0	0	115	35
A_PA	1858	88	C	0	0	88	35
A_PA	1859	107	C	0	0	107	35
A_PA	1860	106	A	0	0	106	35
A_PA	1861	96	A	0	0	96	35
A_PA	1862	87	T	0	0	87	35
A_PA	1863	104	T	0	0	104	35
A_PA	1864	104	G	0	0	104	35
A_PA	1865	97	G	0	0	97	35
A_PA	1866	92	A	0	0	92	35
A_PA	1867	87	G	0	0	87	35
A_PA	1868	104	A	0	0	104	35
A_PA	1869	85	A	0	0	85	35
A_PA	1870	102	T	0	0	102	35
A_PA	1871	101	C	0	0	101	35
A_PA	1872	87	A	0	0	87	35
A_PA	1873	101	C	0	0	101	35
A_PA	1874	87	C	0	0	87	35
A_PA	1875	86	C	0	0	86	35
A_PA	1876	106	A	0	0	106	35
A_PA	1877	110	A	0	0	110	35
A_PA	1878	95	A	0	0	95	35
A_PA	1879	106	G	0	0	106	35
A_PA	1880	90	G	0	0	90	35
A_PA	1881	86	G	0	0	86	35
A_PA	1882	95	G	0	0	95	35
A_PA	1883	114	T	0	0	114	35
A_PA	1884	104	G	0	0	104	35
A_PA	1885	90	G	0	0	90	35
A_PA	1886	91	A	0	0	91	35
A_PA	1887	97	G	0	0	97	35
A_PA	1888	89	G	0	0	89	35
A_PA	1889	102	A	0	0	102	35
A_PA	1890	93	A	0	0	93	35
A_PA	1891	114	G	0	0	114	35
A_PA	1892	100	G	0	0	100	35
A_PA	1893	90	C	0	0	90	35
A_PA	1894	95	T	0	0	95	35
A_PA	1895	113	C	0	0	113	35
A_PA	1896	88	T	0	0	88	35
A_PA	1897	115	A	0	0	115	35
A_PA	1898	93	T	0	0	93	35
A_PA	1899	111	T	0	0	111	35
A_PA	1900	96	G	0	0	96	35
A_PA	1901	113	G	0	0	113	35
A_PA	1902	86	G	0	0	86	35
A_PA	1903	105	A	0	0	105	35
A_PA	1904	99	A	0	0	99	35
A_PA	1905	103	A	0	0	103	35
A_PA	1906	92	G	0	0	92	35
A_PA	1907	104	T	0	0	104	35
A_PA	1908	98	A	0	0	98	35
A_PA	1909	92	T	0	0	92	35
A_PA	1910	112	G	0	0	112	35
A_PA	1911	104	C	0	0	104	35
A_PA	1912	114	A	0	0	114	35
A_PA	1913	103	G	0	0	103	35
A_PA	1914	98	A	0	0	98	35
A_PA	1915	94	A	0	0	94	35
A_PA	1916	105	C	0	0	105	35
A_PA	1917	112	A	0	0	112	35
A_PA	1918	99	T	0	0	99	35
A_PA	1919	92	T	0	0	92	35
A_PA	1920	98	G	0	0	98	35
A_PA	1921	95	C	0	0	95	35
A_PA	1922	109	T	0	0	109	35
A_PA	1923	109	A	0	0	109	35
A_PA	1924	94	G	0	0	94	35
A_PA	1925	91	C	0	0	91	35
A_PA	1926	88	A	0	0	88	35
A_PA	1927	105	A	0	0	105	35
A_PA	1928	108	A	0	0	108	35
A_PA	1929	104	G	0	0	104	35
A_PA	1930	94	T	0	0	94	35
A_PA	1931	108	C	0	0	108	35
A_PA	1932	101	T	0	0	101	35
A_PA	1933	86	G	0	0	86	35
A_PA	1934	105	T	0	0	105	35
A_PA	1935	113	G	0	0	113	35
A_PA	1936	105	T	0	0	105	35
A_PA	1937	96	T	0	0	96	35
A_PA	1938	106	C	0	0	106	35
A_PA	1939	100	A	0	0	100	35
A_PA	1940	108	A	0	0	108	35
A_PA	1941	104	C	0	0	104	35
A_PA	1942	111	A	0	0	111	35
A_PA	1943	115	G	0	0	115	35
A_PA	1944	93	C	0	0	93	35
A_PA	1945	105	C	0	0	105	35
A_PA	1946	95	T	0	0	95	35
A_PA	1947	85	A	0	0	85	35
A_PA	1948	114	T	0	0	114	35
A_PA	1949	93	A	0	0	93	35
A_PA	1950	98	T	0	0	98	35
A_PA	1951	101	G	0	0	101	35
A_PA	1952	99	C	0	0	99	35
A_PA	1953	100	A	0	0	100	35
A_PA	1954	88	T	0	0	88	35
A_PA	1955	97	C	0	0	97	35
A_PA	1956	88	T	0	0	88	35
A_PA	1957	111	C	0	0	111	35
A_PA	1958	104	C	0	0	104	35
A_PA	1959	106	A	0	0	106	35
A_PA	1960	85	C	0	0	85	35
A_PA	1961	97	A	0	0	97	35
A_PA	1962	87	A	0	0	87	35
A_PA	1963	110	C	0	0	110	35
A_PA	1964	97	T	0	0	97	35
A_PA	1965	85	C	0	0	85	35
A_PA	1966	94	G	0	0	94	35
A_PA	1967	85	A	0	0	85	35
A_PA	1968	112	G	0	0	112	35
A_PA	1969	95	G	0	0	95	35
A_PA	1970	101	G	0	0	101	35
A_PA	1971	115	G	0	0	115	35
A_PA	1972	104	T	0	0	104	35
A_PA	1973	90	T	0	0	90	35
A_PA	1974	107	T	0	0	107	35
A_PA	1975	86	T	0	0	86	35
A_PA	1976	110	C	0	0	110	35
A_PA	1977	87	A	0	0	87	35
A_PA	1978	92	G	0	0	92	35
A_PA	1979	100	C	0	0	100	35
A_PA	1980	86	T	0	0	86	35
A_PA	1981	115	G	0	0	115	35
A_PA	1982	104	A	0	0	104	35
A_PA	1983	113	A	0	0	113	35
A_PA	1984	101	T	0	0	101	35
A_PA	1985	100	C	0	0	100	35
A_PA	1986	85	A	0	0	85	35
A_PA	1987	93	A	0	0	93	35
A_PA	1988	104	G	0	0	104	35
A_PA	1989	109	A	0	0	109	35
A_PA	1990	98	A	0	0	98	35
A_PA	1991	91	A	0	0	91	35
A_PA	1992	110	A	0	0	110	35
A_PA	1993	110	T	0	0	110	35
A_PA	1994	115	T	0	0	115	35
A_PA	1995	87	G	0	0	87	35
A_PA	1996	94	C	0	0	94	35
A_PA	1997	86	T	0	0	86	35
A_PA	1998	96	T	0	0	96	35
A_PA	1999	90	C	0	0	90	35
A_PA	2000	112	T	0	0	112	35
A_PA	2001	88	C	0	0	88	35
A_PA	2002	89	A	0	0	89	35
A_PA	2003	113	T	0	0	113	35
A_PA	2004	100	T	0	0	100	35
A_PA	2005	106	G	0	0	106	35
A_PA	2006	107	T	0	0	107	35
A_PA	2007	114	T	0	0	114	35
A_PA	2008	88	C	0	0	88	35
A_PA	2009	108	A	0	0	108	35
A_PA	2010	104	G	0	0	104	35
A_PA	2011	108	G	0	0	108	35
A_PA	2012	114	C	0	0	114	35
A_PA	2013	90	A	0	0	90	35
A_PA	2014	113	C	0	0	113	35
A_PA	2015	103	T	0	0	103	35
A_PA	2016	101	T	0	0	101	35
A_PA	2017	88	A	0	0	88	35
A_PA	2018	89	G	0	0	89	35
A_PA	2019	94	G	0	0	94	35
A_PA	2020	111	G	0	0	111	35
A_PA	2021	101	A	0	0	101	35
A_PA	2022	95	C	0	0	95	35
A_PA	2023	104	A	0	0	104	35
A_PA	2024	86	A	0	0	86	35
A_PA	2025	104	C	0	0	104	35
A_PA	2026	100	C	0	0	100	35
A_PA	2027	104	T	0	0	104	35
A_PA	2028	92	G	0	0	92	35
A_PA	2029	103	G	0	0	103	35
A_PA	2030	99	A	0	0	99	35
A_PA	2031	92	A	0	0	92	35
A_PA	2032	114	C	0	0	114	35
A_PA	2033	98	C	0	0	98	35
A_PA	2034	106	T	0	0	106	35
A_PA	2035	89	G	0	0	89	35
A_PA	2036	97	G	0	0	97	35
A_PA	2037	110	A	0	0	110	35
A_PA	2038	100	A	0	0	100	35
A_PA	2039	107	C	0	0	107	35
A_PA	2040	104	C	0	0	104	35
A_PA	2041	95	T	0	0	95	35
A_PA	2042	102	T	0	0	102	35
A_PA	2043	113	C	0	0	113	35
A_PA	2044	110	G	0	0	110	35
A_PA	2045	97	A	0	0	97	35
A_PA	2046	112	T	0	0	112	35
A_PA	2047	94	C	0	0	94	35
A_PA	2048	97	T	0	0	97	35
A_PA	2049	91	T	0	0	91	35
A_PA	2050	104	G	0	0	104	35
A_PA	2051	99	G	0	0	99	35
A_PA	2052	93	G	0	0	93	35
A_PA	2053	87	G	0	0	87	35
A_PA	2054	96	G	0	0	96	35
A_PA	2055	112	G	0	0	112	35
A_PA	2056	104	C	0	0	104	35
A_PA	2057	95	T	0	0	95	35
A_PA	2058	91	A	0	0	91	35
A_PA	2059	108	T	0	0	108	35
A_PA	2060	95	A	0	0	95	35
A_PA	2061	98	T	0	0	98	35
A_PA	2062	103	G	0	0	103	35
A_PA	2063	110	A	0	0	110	35
A_PA	2064	89	A	0	0	89	35
A_PA	2065	97	G	0	0	97	35
A_PA	2066	88	C	0	0	88	35
A_PA	2067	109	A	0	0	109	35
A_PA	2068	91	A	0	0	91	35
A_PA	2069	94	T	0	0	94	35
A_PA	2070	107	T	0	0	107	35
A_PA	2071	99	G	0	0	99	35
A_PA	2072	99	A	0	0	99	35
A_PA	2073	101	G	0	0	101	35
A_PA	2074	106	G	0	0	106	35
A_PA	2075	113	A	0	0	113	35
A_PA	2076	89	G	0	0	89	35
A_PA	2077	108	T	0	0	108	35
A_PA	2078	102	G	0	0	102	35
A_PA	2079	90	C	0	0	90	35
A_PA	2080	109	C	0	0	109	35
A_PA	2081	100	T	0	0	100	35
A_PA	2082	103	G	0	0	103	35
A_PA	2083	96	A	0	0	96	35
A_PA	2084	97	T	0	0	97	35
A_PA	2085	106	T	0	0	106	35
A_PA	2086	105	A	0	0	105	35
A_PA	2087	86	A	0	0	86	35
A_PA	2088	88	C	0	0	88	35
A_PA	2089	87	G	0	0	87	35
A_PA	2090	87	A	0	0	87	35
A_PA	2091	112	T	0	0	112	35
A_PA	2092	113	C	0	0	113	35
A_PA	2093	96	C	0	0	96	35
A_PA	2094	92	C	0	0	92	35
A_PA	2095	102	T	0	0	102	35
A_PA	2096	99	G	0	0	99	35
A_PA	2097	98	G	0	0	98	35
A_PA	2098	101	G	0	0	101	35
A_PA	2099	114	T	0	0	114	35
A_PA	2100	93	T	0	0	93	35
A_PA	2101	90	T	0	0	90	35
A_PA	2102	99	T	0	0	99	35
A_PA	2103	89	G	0	0	89	35
A_PA	2104	85	C	0	0	85	35
A_PA	2105	110	T	0	0	110	35
A_PA	2106	105	T	0	0	105	35
A_PA	2107	101	A	0	0	101	35
A_PA	2108	111	A	0	0	111	35
A_PA	2109	107	T	0	0	107	35
A_PA	2110	114	G	0	0	114	35
A_PA	2111	110	C	0	0	110	35
A_PA	2112	101	A	0	0	101	35
A_PA	2113	85	T	0	0	85	35
A_PA	2114	114	C	0	0	114	35
A_PA	2115	97	T	0	0	97	35
A_PA	2116	114	T	0	0	114	35
A_PA	2117	111	G	0	0	111	35
A_PA	2118	89	G	0	0	89	35
A_PA	2119	87	T	0	0	87	35
A_PA	2120	98	T	0	0	98	35
A_PA	2121	115	C	0	0	115	35
A_PA	2122	102	A	0	0	102	35
A_PA	2123	109	A	0	0	109	35
A_PA	2124	97	C	0	0	97	35
A_PA	2125	94	T	0	0	94	35
A_PA	2126	90	C	0	0	90	35
A_PA	2127	110	C	0	0	110	35
A_PA	2128	107	T	0	0	107	35
A_PA	2129	99	T	0	0	99	35
A_PA	2130	107	C	0	0	107	35
A_PA	2131	86	C	0	0	86	35
A_PA	2132	89	T	0	0	89	35
A_PA	2133	115	C	0	0	115	35
A_PA	2134	97	A	0	0	97	35
A_PA	2135	92	C	0	0	92	35
A_PA	2136	89	A	0	0	89	35
A_PA	2137	109	C	0	0	109	35
A_PA	2138	92	A	0	0	92	35
A_PA	2139	90	T	0	0	90	35
A_PA	2140	99	G	0	0	99	35
A_PA	2141	109	C	0	0	109	35
A_PA	2142	104	A	0	0	104	35
A_PA	2143	106	C	0	0	106	35
A_PA	2144	113	T	0	0	113	35
A_PA	2145	107	G	0	0	107	35
A_PA	2146	108	A	0	0	108	35
A_PA	2147	86	A	0	0	86	35
A_PA	2148	91	A	0	0	91	35
A_PA	2149	85	T	0	0	85	35
A_PA	2150	105	A	0	0	105	35
A_PA	2151	99	G	0	0	99	35
