Reference_Name	Position	Coverage Depth	Consensus	Deletions	Ambiguous	Consensus_Count	Consensus_Average_Quality
A_HA	1	24	A	0	0	24	34.9
A_HA	2	41	T	0	0	41	36.9
A_HA	3	65	G	0	0	65	38.0
A_HA	4	83	G	0	0	83	35.9
A_HA	5	111	A	0	0	111	35.4
A_HA	6	123	G	0	0	123	34.2
A_HA	7	162	A	0	0	162	37.8
A_HA	8	162	A	0	0	162	35.6
A_HA	9	188	C	0	0	188	35.2
A_HA	10	234	A	0	0	234	35.1
A_HA	11	252	T	0	0	252	34.4
A_HA	12	291	A	0	0	291	36.2
A_HA	13	302	G	0	0	302	34.4
A_HA	14	310	T	0	0	310	36.8
A_HA	15	336	A	0	0	336	35.6
A_HA	16	376	C	0	0	376	35.8
A_HA	17	379	T	0	0	379	37.3
A_HA	18	383	A	0	0	383	36.1
A_HA	19	441	C	0	0	441	35.8
A_HA	20	452	T	0	0	452	35.7
A_HA	21	498	T	0	0	498	36.2
A_HA	22	553	C	0	0	553	36.5
A_HA	23	539	T	0	0	539	35.8
A_HA	24	591	T	0	0	591	38.0
A_HA	25	522	G	0	0	522	35.8
A_HA	26	604	C	0	0	604	35.9
A_HA	27	647	A	0	0	647	37.2
A_HA	28	726	A	0	0	726	34.9
A_HA	29	641	T	0	0	641	34.1
A_HA	30	684	A	0	0	684	37.6
A_HA	31	741	G	0	0	741	37.0
A_HA	32	817	T	0	0	817	36.6
A_HA	33	790	T	0	0	790	35.3
A_HA	34	830	A	0	0	830	36.3
A_HA	35	835	G	0	0	835	35.1
A_HA	36	835	C	0	0	835	35.9
A_HA	37	854	C	0	0	854	37.1
A_HA	38	1049	T	0	0	1049	36.8
A_HA	39	908	T	0	0	908	34.9
A_HA	40	915	G	0	0	915	34.6
A_HA	41	970	T	0	0	970	35.8
A_HA	42	992	T	0	0	992	36.6
A_HA	43	1145	A	0	0	1145	36.7
A_HA	44	1103	A	0	0	1103	34.3
A_HA	45	982	A	0	0	982	36.1
A_HA	46	1026	A	0	0	1026	34.7
A_HA	47	1156	G	0	0	1156	37.1
A_HA	48	1142	T	0	0	1142	34.4
A_HA	49	1129	G	0	0	1129	34.8
A_HA	50	1340	A	0	0	1340	34.5
A_HA	51	1278	T	0	0	1278	35.3
A_HA	52	1121	C	0	0	1121	36.7
A_HA	53	1365	A	0	0	1365	34.5
A_HA	54	1382	G	0	0	1382	36.5
A_HA	55	1528	A	0	0	1528	34.5
A_HA	56	1509	T	0	0	1509	35.1
A_HA	57	1455	T	0	0	1455	37.2
A_HA	58	1447	T	0	0	1447	35.8
A_HA	59	1507	G	0	0	1507	37.9
A_HA	60	1665	C	0	0	1665	37.4
A_HA	61	1623	A	0	0	1623	34.9
A_HA	62	1599	T	0	0	1599	36.3
A_HA	63	1670	T	0	0	1670	35.6
A_HA	64	2020	G	0	0	2020	35.9
A_HA	65	1748	G	0	0	1748	36.6
A_HA	66	1739	T	0	0	1739	34.9
A_HA	67	1694	T	0	0	1694	34.5
A_HA	68	1678	A	0	0	1678	37.5
A_HA	69	1811	C	0	0	1811	34.1
A_HA	70	1862	C	0	0	1862	34.1
A_HA	71	1864	A	0	0	1864	35.6
A_HA	72	1957	T	0	0	1957	35.6
A_HA	73	2141	G	0	0	2141	34.7
A_HA	74	1861	C	0	0	1861	36.7
A_HA	75	2038	A	0	0	2038	36.0
A_HA	76	2083	A	0	0	2083	34.6
A_HA	77	2129	A	0	0	2129	34.3
A_HA	78	2244	C	0	0	2244	34.5
A_HA	79	2160	A	0	0	2160	37.6
A_HA	80	2534	A	0	0	2534	36.0
A_HA	81	2003	T	0	0	2003	35.0
A_HA	82	2219	T	0	0	2219	34.0
A_HA	83	2189	C	0	0	2189	36.7
A_HA	84	2538	G	0	0	2538	36.5
A_HA	85	2320	A	0	0	2320	37.6
A_HA	86	2296	C	0	0	2296	35.9
A_HA	87	2273	A	0	0	2273	36.9
A_HA	88	2590	G	0	0	2590	37.8
A_HA	89	2386	A	0	0	2386	34.8
A_HA	90	2351	G	0	0	2351	36.9
A_HA	91	2439	C	0	0	2439	36.1
A_HA	92	2458	A	0	0	2458	36.2
A_HA	93	2809	A	0	0	2809	36.2
A_HA	94	2580	G	0	0	2580	34.1
A_HA	95	2743	T	0	0	2743	36.0
A_HA	96	2801	T	0	0	2801	35.4
A_HA	97	2503	G	0	0	2503	36.5
A_HA	98	2345	A	0	0	2345	34.6
A_HA	99	2717	C	0	0	2717	36.4
A_HA	100	2926	A	0	0	2926	36.7
A_HA	101	2659	C	0	0	2659	35.4
A_HA	102	2971	G	0	0	2971	36.8
A_HA	103	2765	A	0	0	2765	35.7
A_HA	104	2488	T	0	0	2488	35.3
A_HA	105	2822	A	0	0	2822	34.6
A_HA	106	2721	A	0	0	2721	35.4
A_HA	107	2952	T	0	0	2952	37.8
A_HA	108	2826	G	0	0	2826	36.4
A_HA	109	2576	G	0	0	2576	36.9
A_HA	110	2586	A	0	0	2586	34.4
A_HA	111	2750	A	0	0	2750	35.1
A_HA	112	2585	A	0	0	2585	36.7
A_HA	113	2587	A	0	0	2587	37.8
A_HA	114	2745	G	0	0	2745	36.0
A_HA	115	2733	A	0	0	2733	34.8
A_HA	116	2757	A	0	0	2757	34.2
A_HA	117	2780	C	0	0	2780	34.4
A_HA	118	2990	G	0	0	2990	36.7
A_HA	119	2685	T	0	0	2685	37.4
A_HA	120	2690	C	0	0	2690	35.4
A_HA	121	2569	A	0	0	2569	35.1
A_HA	122	2689	C	0	0	2689	35.1
A_HA	123	2591	T	0	0	2591	34.6
A_HA	124	2621	G	0	0	2621	37.0
A_HA	125	2956	T	0	0	2956	34.9
A_HA	126	2936	T	0	0	2936	34.3
A_HA	127	2945	A	0	0	2945	35.7
A_HA	128	2583	C	0	0	2583	35.9
A_HA	129	2737	A	0	0	2737	37.0
A_HA	130	2646	C	0	0	2646	37.9
A_HA	131	2441	A	0	0	2441	35.0
A_HA	132	2851	T	0	0	2851	37.7
A_HA	133	2634	G	0	0	2634	36.8
A_HA	134	2739	C	0	0	2739	34.3
A_HA	135	2790	C	0	0	2790	36.3
A_HA	136	2603	C	0	0	2603	37.8
A_HA	137	2863	A	0	0	2863	34.5
A_HA	138	2266	A	0	0	2266	37.3
A_HA	139	2713	G	0	0	2713	34.2
A_HA	140	2406	A	0	0	2406	34.1
A_HA	141	2728	C	0	0	2728	34.4
A_HA	142	2848	A	0	0	2848	36.5
A_HA	143	2562	T	0	0	2562	34.9
A_HA	144	2807	A	0	0	2807	35.6
A_HA	145	2648	C	0	0	2648	36.7
A_HA	146	2629	T	0	0	2629	36.9
A_HA	147	2724	G	0	0	2724	34.8
A_HA	148	2426	G	0	0	2426	35.6
A_HA	149	2501	A	0	0	2501	36.9
A_HA	150	2621	A	0	0	2621	36.9
A_HA	151	2581	A	0	0	2581	34.6
A_HA	152	2682	A	0	0	2682	37.0
A_HA	153	2762	A	0	0	2762	37.7
A_HA	154	2762	A	0	0	2762	37.0
A_HA	155	2630	C	0	0	2630	34.4
A_HA	156	2611	A	0	0	2611	35.7
A_HA	157	2529	C	0	0	2529	34.9
A_HA	158	2478	A	0	0	2478	36.0
A_HA	159	2683	C	0	0	2683	35.8
A_HA	160	2550	A	0	0	2550	34.1
A_HA	161	2596	A	0	0	2596	35.8
A_HA	162	2466	C	0	0	2466	37.8
A_HA	163	2897	G	0	0	2897	36.0
A_HA	164	2612	G	0	0	2612	34.8
A_HA	165	2471	G	0	0	2471	34.4
A_HA	166	2686	A	0	0	2686	37.0
A_HA	167	2846	A	0	0	2846	35.0
A_HA	168	2647	G	0	0	2647	36.1
A_HA	169	2439	C	0	0	2439	36.7
A_HA	170	2634	T	0	0	2634	34.6
A_HA	171	2535	C	0	0	2535	37.7
A_HA	172	2533	T	0	0	2533	34.1
A_HA	173	2748	G	0	0	2748	34.7
A_HA	174	2716	T	0	0	2716	35.8
A_HA	175	2542	G	0	0	2542	35.4
A_HA	176	2620	A	0	0	2620	35.7
A_HA	177	2705	T	0	0	2705	37.8
A_HA	178	2701	T	0	0	2701	34.4
A_HA	179	2514	T	0	0	2514	36.2
A_HA	180	2390	A	0	0	2390	34.7
A_HA	181	2382	A	0	0	2382	35.3
A_HA	182	2706	A	0	0	2706	36.3
A_HA	183	2624	T	0	0	2624	38.0
A_HA	184	2515	G	0	0	2515	36.9
A_HA	185	2386	G	0	0	2386	36.5
A_HA	186	2643	G	0	0	2643	34.2
A_HA	187	2823	G	0	0	2823	35.3
A_HA	188	2436	T	0	0	2436	34.8
A_HA	189	2528	G	0	0	2528	37.7
A_HA	190	2587	A	0	0	2587	37.8
A_HA	191	2459	A	0	0	2459	35.4
A_HA	192	2415	G	0	0	2415	35.5
A_HA	193	2548	C	0	0	2548	36.6
A_HA	194	2636	C	0	0	2636	35.3
A_HA	195	2529	A	0	0	2529	34.5
A_HA	196	2651	C	0	0	2651	34.2
A_HA	197	2402	T	0	0	2402	35.4
A_HA	198	2530	G	0	0	2530	36.7
A_HA	199	2559	A	0	0	2559	36.2
A_HA	200	2842	T	0	0	2842	34.9
A_HA	201	2531	T	0	0	2531	36.6
A_HA	202	2784	T	0	0	2784	35.4
A_HA	203	2427	T	0	0	2427	37.0
A_HA	204	2565	A	0	0	2565	36.2
A_HA	205	2402	A	0	0	2402	35.8
A_HA	206	2537	A	0	0	2537	34.8
A_HA	207	2456	G	0	0	2456	34.8
A_HA	208	2811	G	0	0	2811	36.6
A_HA	209	2449	A	0	0	2449	37.4
A_HA	210	2539	T	0	0	2539	37.6
A_HA	211	2564	T	0	0	2564	34.8
A_HA	212	2576	G	0	0	2576	36.2
A_HA	213	2534	T	0	0	2534	34.2
A_HA	214	2485	A	0	0	2485	37.5
A_HA	215	2721	G	0	0	2721	37.0
A_HA	216	2452	T	0	0	2452	35.7
A_HA	217	2675	G	0	0	2675	34.7
A_HA	218	2881	T	0	0	2881	34.8
A_HA	219	2647	A	0	0	2647	36.4
A_HA	220	2575	G	0	0	2575	36.2
A_HA	221	2394	C	0	0	2394	34.0
A_HA	222	2394	T	0	0	2394	35.9
A_HA	223	2922	G	0	0	2922	36.3
A_HA	224	2820	G	0	0	2820	37.7
A_HA	225	2593	A	0	0	2593	35.1
A_HA	226	2497	T	0	0	2497	35.6
A_HA	227	2745	G	0	0	2745	35.5
A_HA	228	2982	G	0	0	2982	34.1
A_HA	229	2727	C	0	0	2727	36.0
A_HA	230	2622	T	0	0	2622	36.2
A_HA	231	2794	C	0	0	2794	36.7
A_HA	232	2806	C	0	0	2806	35.3
A_HA	233	2855	T	0	0	2855	34.2
A_HA	234	2710	C	0	0	2710	36.6
A_HA	235	2751	G	0	0	2751	35.2
A_HA	236	2800	G	0	0	2800	36.0
A_HA	237	2912	A	0	0	2912	37.7
A_HA	238	3045	A	0	0	3045	34.9
A_HA	239	3075	A	0	0	3075	35.1
A_HA	240	2768	C	0	0	2768	35.2
A_HA	241	3054	C	0	0	3054	34.1
A_HA	242	3085	C	0	0	3085	34.5
A_HA	243	3089	A	0	0	3089	34.6
A_HA	244	2968	A	0	0	2968	35.9
A_HA	245	3019	T	0	0	3019	37.3
A_HA	246	2742	G	0	0	2742	34.7
A_HA	247	3052	T	0	0	3052	35.5
A_HA	248	2706	G	0	0	2706	35.3
A_HA	249	2993	C	0	0	2993	37.0
A_HA	250	2721	G	0	0	2721	37.7
A_HA	251	3213	A	0	0	3213	34.1
A_HA	252	2996	C	0	0	2996	37.7
A_HA	253	2948	G	0	0	2948	36.6
A_HA	254	2766	A	0	0	2766	37.7
A_HA	255	2887	A	0	0	2887	35.9
A_HA	256	3261	T	0	0	3261	38.0
A_HA	257	3141	T	0	0	3141	35.7
A_HA	258	2895	C	0	0	2895	35.3
A_HA	259	3302	A	0	0	3302	36.8
A_HA	260	3042	T	0	0	3042	35.5
A_HA	261	3523	C	0	0	3523	36.3
A_HA	262	3404	A	0	0	3404	36.9
A_HA	263	2941	G	0	0	2941	35.5
A_HA	264	2716	A	0	0	2716	35.2
A_HA	265	3471	G	0	0	3471	34.8
A_HA	266	3242	T	0	0	3242	36.0
A_HA	267	3705	G	0	0	3705	34.4
A_HA	268	3773	C	0	0	3773	37.0
A_HA	269	3533	C	0	0	3533	37.1
A_HA	270	3043	G	0	0	3043	34.7
A_HA	271	3364	G	0	0	3364	34.3
A_HA	272	3685	A	0	0	3685	36.0
A_HA	273	3223	A	0	0	3223	35.9
A_HA	274	3340	T	0	0	3340	35.2
A_HA	275	3428	G	0	0	3428	35.4
A_HA	276	3871	G	0	0	3871	36.4
A_HA	277	3650	T	0	0	3650	34.4
A_HA	278	3380	C	0	0	3380	34.0
A_HA	279	3566	C	0	0	3566	36.8
A_HA	280	3662	T	0	0	3662	34.6
A_HA	281	3160	A	0	0	3160	37.0
A_HA	282	3509	C	0	0	3509	34.2
A_HA	283	3419	A	0	0	3419	35.8
A_HA	284	3576	T	0	0	3576	34.3
A_HA	285	3492	A	0	0	3492	36.7
A_HA	286	3885	G	0	0	3885	34.9
A_HA	287	3261	T	0	0	3261	35.2
A_HA	288	3753	G	0	0	3753	36.5
A_HA	289	3448	G	0	0	3448	35.3
A_HA	290	3548	A	0	0	3548	34.3
A_HA	291	3640	G	0	0	3640	34.3
A_HA	292	3660	C	0	0	3660	35.7
A_HA	293	3717	G	0	0	3717	36.4
A_HA	294	3874	G	0	0	3874	35.5
A_HA	295	3572	G	0	0	3572	37.6
A_HA	296	3666	C	0	0	3666	36.3
A_HA	297	3593	T	0	0	3593	38.0
A_HA	298	3490	A	0	0	3490	35.3
A_HA	299	3732	A	0	0	3732	36.0
A_HA	300	4145	C	0	0	4145	34.9
A_HA	301	3866	C	0	0	3866	37.2
A_HA	302	3882	C	0	0	3882	37.0
A_HA	303	3704	A	0	0	3704	37.7
A_HA	304	3913	G	0	0	3913	37.7
A_HA	305	4079	C	0	0	4079	36.8
A_HA	306	4063	T	0	0	4063	35.0
A_HA	307	3992	A	0	0	3992	38.0
A_HA	308	3965	A	0	0	3965	36.2
A_HA	309	3837	T	0	0	3837	35.7
A_HA	310	3791	G	0	0	3791	35.4
A_HA	311	3601	A	0	0	3601	35.8
A_HA	312	3968	C	0	0	3968	34.9
A_HA	313	3911	C	0	0	3911	36.7
A_HA	314	4010	T	0	0	4010	37.0
A_HA	315	3951	C	0	0	3951	35.7
A_HA	316	4095	T	0	0	4095	36.8
A_HA	317	4149	G	0	0	4149	37.5
A_HA	318	4024	T	0	0	4024	37.9
A_HA	319	3846	T	0	0	3846	36.4
A_HA	320	3797	A	0	0	3797	35.1
A_HA	321	3628	C	0	0	3628	37.8
A_HA	322	3887	C	0	0	3887	37.4
A_HA	323	4053	C	0	0	4053	37.9
A_HA	324	3850	A	0	0	3850	38.0
A_HA	325	3971	G	0	0	3971	37.5
A_HA	326	4274	G	0	0	4274	34.3
A_HA	327	4249	G	0	0	4249	36.0
A_HA	328	4288	A	0	0	4288	34.1
A_HA	329	4141	G	0	0	4141	37.5
A_HA	330	4259	C	0	0	4259	37.4
A_HA	331	4529	C	0	0	4529	36.4
A_HA	332	3861	T	0	0	3861	35.0
A_HA	333	3952	C	0	0	3952	36.2
A_HA	334	4086	A	0	0	4086	36.8
A_HA	335	3638	A	0	0	3638	37.8
A_HA	336	3622	T	0	0	3622	36.9
A_HA	337	4286	G	0	0	4286	37.8
A_HA	338	3941	A	0	0	3941	34.9
A_HA	339	3987	C	0	0	3987	37.1
A_HA	340	3997	T	0	0	3997	34.2
A_HA	341	4302	A	0	0	4302	35.1
A_HA	342	4346	T	0	0	4346	34.8
A_HA	343	3903	G	0	0	3903	36.5
A_HA	344	4436	A	0	0	4436	35.9
A_HA	345	3824	A	0	0	3824	34.7
A_HA	346	3768	G	0	0	3768	37.6
A_HA	347	3909	A	0	0	3909	36.0
A_HA	348	4272	A	0	0	4272	36.1
A_HA	349	4570	C	0	0	4570	35.4
A_HA	350	4416	T	0	0	4416	36.6
A_HA	351	3983	G	0	0	3983	34.3
A_HA	352	4127	A	0	0	4127	35.1
A_HA	353	4211	A	0	0	4211	34.3
A_HA	354	3972	A	0	0	3972	36.3
A_HA	355	4017	C	0	0	4017	35.2
A_HA	356	4132	A	0	0	4132	36.0
A_HA	357	4296	C	0	0	4296	35.7
A_HA	358	3670	A	0	0	3670	36.2
A_HA	359	3659	T	0	0	3659	35.7
A_HA	360	3856	G	0	0	3856	36.8
A_HA	361	3826	T	0	0	3826	37.9
A_HA	362	3920	T	0	0	3920	34.6
A_HA	363	3777	G	0	0	3777	35.3
A_HA	364	4002	A	0	0	4002	36.4
A_HA	365	3687	G	0	0	3687	35.0
A_HA	366	4367	C	0	0	4367	37.8
A_HA	367	4492	A	0	0	4492	37.7
A_HA	368	4058	G	0	0	4058	37.4
A_HA	369	4086	A	0	0	4086	36.9
A_HA	370	4203	A	0	0	4203	37.4
A_HA	371	3854	T	0	0	3854	34.7
A_HA	372	4571	A	0	0	4571	35.0
A_HA	373	3890	A	0	0	3890	36.6
A_HA	374	4187	A	0	0	4187	38.0
A_HA	375	4092	T	0	0	4092	36.0
A_HA	376	4118	C	0	0	4118	36.5
A_HA	377	3785	A	0	0	3785	34.7
A_HA	378	4112	T	0	0	4112	36.8
A_HA	379	3757	T	0	0	3757	35.3
A_HA	380	4059	T	0	0	4059	36.7
A_HA	381	3982	T	0	0	3982	36.9
A_HA	382	3817	G	0	0	3817	34.3
A_HA	383	3926	A	0	0	3926	35.0
A_HA	384	4146	G	0	0	4146	35.0
A_HA	385	3676	A	0	0	3676	34.6
A_HA	386	3186	A	0	0	3186	37.8
A_HA	387	3699	G	0	0	3699	36.7
A_HA	388	3796	A	0	0	3796	37.6
A_HA	389	3389	T	0	0	3389	35.6
A_HA	390	3466	T	0	0	3466	34.2
A_HA	391	3569	C	0	0	3569	34.7
A_HA	392	3788	A	0	0	3788	36.6
A_HA	393	4402	G	0	0	4402	34.6
A_HA	394	3997	A	0	0	3997	36.2
A_HA	395	3575	T	0	0	3575	36.4
A_HA	396	3610	C	0	0	3610	37.5
A_HA	397	3939	A	0	0	3939	35.3
A_HA	398	3761	T	0	0	3761	36.3
A_HA	399	3525	T	0	0	3525	37.3
A_HA	400	3550	C	0	0	3550	37.2
A_HA	401	3510	C	0	0	3510	37.9
A_HA	402	3678	C	0	0	3678	35.8
A_HA	403	3486	A	0	0	3486	34.2
A_HA	404	3782	A	0	0	3782	34.5
A_HA	405	3645	G	0	0	3645	37.7
A_HA	406	3387	A	0	0	3387	34.7
A_HA	407	3713	G	0	0	3713	36.2
A_HA	408	3453	T	0	0	3453	37.4
A_HA	409	3379	T	0	0	3379	35.0
A_HA	410	3216	C	0	0	3216	35.6
A_HA	411	3716	C	0	0	3716	35.2
A_HA	412	3316	T	0	0	3316	36.1
A_HA	413	3892	G	0	0	3892	35.5
A_HA	414	3488	G	0	0	3488	34.8
A_HA	415	3559	C	0	0	3559	36.8
A_HA	416	3129	C	0	0	3129	37.9
A_HA	417	3150	A	0	0	3150	34.6
A_HA	418	3218	A	0	0	3218	35.3
A_HA	419	3286	A	0	0	3286	35.8
A_HA	420	3534	T	0	0	3534	34.5
A_HA	421	3616	C	0	0	3616	35.1
A_HA	422	3360	A	0	0	3360	36.6
A_HA	423	3215	T	0	0	3215	34.4
A_HA	424	3407	G	0	0	3407	35.0
A_HA	425	3748	A	0	0	3748	34.7
A_HA	426	3276	A	0	0	3276	36.8
A_HA	427	3222	A	0	0	3222	35.8
A_HA	428	3190	C	0	0	3190	35.6
A_HA	429	2911	A	0	0	2911	34.5
A_HA	430	3180	T	0	0	3180	37.9
A_HA	431	3614	C	0	0	3614	35.8
A_HA	432	3049	A	0	0	3049	36.4
A_HA	433	3531	C	0	0	3531	34.8
A_HA	434	3316	T	0	0	3316	34.0
A_HA	435	3131	A	0	0	3131	37.6
A_HA	436	2820	G	0	0	2820	36.5
A_HA	437	3140	G	0	0	3140	36.9
A_HA	438	3062	G	0	0	3062	35.6
A_HA	439	3110	G	0	0	3110	35.7
A_HA	440	2786	T	0	0	2786	36.0
A_HA	441	2960	G	0	0	2960	35.3
A_HA	442	3040	A	0	0	3040	37.1
A_HA	443	2508	G	0	0	2508	37.3
A_HA	444	3091	C	0	0	3091	36.0
A_HA	445	3424	G	0	0	3424	36.8
A_HA	446	2697	C	0	0	2697	34.4
A_HA	447	3210	A	0	0	3210	36.0
A_HA	448	2910	G	0	0	2910	35.2
A_HA	449	2987	C	0	0	2987	35.1
A_HA	450	2894	T	0	0	2894	36.7
A_HA	451	2849	T	0	0	2849	34.9
A_HA	452	3024	G	0	0	3024	37.0
A_HA	453	2978	T	0	0	2978	36.3
A_HA	454	2684	C	0	0	2684	36.8
A_HA	455	2881	C	0	0	2881	38.0
A_HA	456	2935	A	0	0	2935	36.9
A_HA	457	2851	T	0	0	2851	34.5
A_HA	458	2443	A	0	0	2443	35.4
A_HA	459	3047	C	0	0	3047	36.5
A_HA	460	2784	C	0	0	2784	36.5
A_HA	461	2933	A	0	0	2933	37.4
A_HA	462	3096	G	0	0	3096	34.7
A_HA	463	2878	G	0	0	2878	35.8
A_HA	464	2682	G	0	0	2682	36.5
A_HA	465	2867	A	0	0	2867	36.0
A_HA	466	2950	G	0	0	2950	34.7
A_HA	467	2620	C	0	0	2620	35.6
A_HA	468	3178	G	0	0	3178	36.2
A_HA	469	3208	C	0	0	3208	37.6
A_HA	470	2765	C	0	0	2765	34.9
A_HA	471	2810	C	0	0	2810	37.6
A_HA	472	2674	T	0	0	2674	36.3
A_HA	473	2875	C	0	0	2875	36.1
A_HA	474	2650	C	0	0	2650	36.5
A_HA	475	3112	T	0	0	3112	37.5
A_HA	476	2373	T	0	0	2373	36.6
A_HA	477	2978	T	0	0	2978	37.0
A_HA	478	2569	T	0	0	2569	37.0
A_HA	479	2698	T	0	0	2698	36.8
A_HA	480	2869	C	0	0	2869	37.5
A_HA	481	2801	A	0	0	2801	36.4
A_HA	482	3005	G	0	0	3005	35.1
A_HA	483	2936	A	0	0	2936	34.9
A_HA	484	2506	A	0	0	2506	37.9
A_HA	485	2581	A	0	0	2581	35.6
A_HA	486	2567	T	0	0	2567	34.9
A_HA	487	2675	G	0	0	2675	37.1
A_HA	488	2778	T	0	0	2778	36.0
A_HA	489	3000	G	0	0	3000	37.3
A_HA	490	2489	G	0	0	2489	36.2
A_HA	491	2709	T	0	0	2709	37.1
A_HA	492	2625	G	0	0	2625	35.0
A_HA	493	2820	T	0	0	2820	34.2
A_HA	494	2942	G	0	0	2942	36.1
A_HA	495	2935	G	0	0	2935	35.7
A_HA	496	2706	C	0	0	2706	36.2
A_HA	497	3085	T	0	0	3085	34.1
A_HA	498	2507	T	0	0	2507	34.5
A_HA	499	3147	A	0	0	3147	36.2
A_HA	500	2849	T	0	0	2849	35.3
A_HA	501	2963	C	0	0	2963	37.2
A_HA	502	2666	A	0	0	2666	34.0
A_HA	503	2766	A	0	0	2766	36.9
A_HA	504	2761	A	0	0	2761	36.4
A_HA	505	2909	A	0	0	2909	35.1
A_HA	506	2614	A	0	0	2614	37.2
A_HA	507	2664	G	0	0	2664	35.5
A_HA	508	2926	A	0	0	2926	34.6
A_HA	509	2964	A	0	0	2964	34.8
A_HA	510	2854	C	0	0	2854	35.2
A_HA	511	2852	G	0	0	2852	37.5
A_HA	512	2945	A	0	0	2945	35.8
A_HA	513	2802	T	0	0	2802	34.9
A_HA	514	2689	G	0	0	2689	37.8
A_HA	515	2816	C	0	0	2816	37.7
A_HA	516	2779	A	0	0	2779	37.0
A_HA	517	3115	T	0	0	3115	35.9
A_HA	518	2969	A	0	0	2969	35.9
A_HA	519	3039	C	0	0	3039	37.4
A_HA	520	2950	C	0	0	2950	35.4
A_HA	521	2665	C	0	0	2665	36.8
A_HA	522	2914	A	0	0	2914	35.5
A_HA	523	2968	A	0	0	2968	36.9
A_HA	524	2892	C	0	0	2892	34.8
A_HA	525	2823	A	0	0	2823	37.5
A_HA	526	2875	A	0	0	2875	35.6
A_HA	527	2826	T	0	0	2826	37.6
A_HA	528	2785	A	0	0	2785	36.7
A_HA	529	3058	A	0	0	3058	36.1
A_HA	530	2875	A	0	0	2875	36.0
A_HA	531	2922	G	0	0	2922	37.7
A_HA	532	3043	A	0	0	3043	34.1
A_HA	533	2895	T	0	0	2895	34.5
A_HA	534	2832	A	0	0	2832	36.9
A_HA	535	2889	A	0	0	2889	34.7
A_HA	536	3037	G	0	0	3037	37.6
A_HA	537	3139	C	0	0	3139	35.3
A_HA	538	2565	T	0	0	2565	36.0
A_HA	539	3301	A	0	0	3301	37.4
A_HA	540	2804	C	0	0	2804	37.2
A_HA	541	3145	A	0	0	3145	37.0
A_HA	542	2933	A	0	0	2933	37.4
A_HA	543	2698	T	0	0	2698	35.3
A_HA	544	2879	A	0	0	2879	37.8
A_HA	545	2974	A	0	0	2974	34.2
A_HA	546	2829	T	0	0	2829	37.0
A_HA	547	2705	A	0	0	2705	34.5
A_HA	548	3023	C	0	0	3023	34.2
A_HA	549	3086	T	0	0	3086	34.3
A_HA	550	2834	A	0	0	2834	36.9
A_HA	551	2861	A	0	0	2861	36.1
A_HA	552	2809	T	0	0	2809	34.9
A_HA	553	2980	C	0	0	2980	35.1
A_HA	554	3354	G	0	0	3354	36.5
A_HA	555	2603	G	0	0	2603	34.9
A_HA	556	3047	G	0	0	3047	37.7
A_HA	557	3081	A	0	0	3081	34.8
A_HA	558	2882	A	0	0	2882	37.3
A_HA	559	2568	G	0	0	2568	37.1
A_HA	560	3132	A	0	0	3132	36.7
A_HA	561	2938	T	0	0	2938	36.8
A_HA	562	2814	C	0	0	2814	34.7
A_HA	563	3156	T	0	0	3156	34.6
A_HA	564	2861	C	0	0	2861	36.2
A_HA	565	3270	T	0	0	3270	34.0
A_HA	566	3127	T	0	0	3127	35.7
A_HA	567	2899	G	0	0	2899	37.4
A_HA	568	2883	A	0	0	2883	35.4
A_HA	569	2704	T	0	0	2704	35.9
A_HA	570	2897	A	0	0	2897	34.9
A_HA	571	2895	C	0	0	2895	37.9
A_HA	572	3341	T	0	0	3341	34.5
A_HA	573	3115	G	0	0	3115	37.7
A_HA	574	3034	T	0	0	3034	35.7
A_HA	575	3046	G	0	0	3046	36.6
A_HA	576	2992	G	0	0	2992	36.8
A_HA	577	3020	G	0	0	3020	36.6
A_HA	578	3106	G	0	0	3106	35.1
A_HA	579	2762	G	0	0	2762	35.4
A_HA	580	2972	A	0	0	2972	37.7
A_HA	581	2879	T	0	0	2879	35.6
A_HA	582	2791	T	0	0	2791	37.6
A_HA	583	2884	C	0	0	2884	35.6
A_HA	584	3110	A	0	0	3110	37.9
A_HA	585	2971	T	0	0	2971	37.9
A_HA	586	3175	C	0	0	3175	35.4
A_HA	587	2860	A	0	0	2860	37.7
A_HA	588	2631	T	0	0	2631	37.8
A_HA	589	2816	T	0	0	2816	37.7
A_HA	590	2771	C	0	0	2771	36.9
A_HA	591	2937	C	0	0	2937	35.4
A_HA	592	2779	A	0	0	2779	36.4
A_HA	593	2946	A	0	0	2946	36.1
A_HA	594	2690	C	0	0	2690	36.0
A_HA	595	2828	A	0	0	2828	36.9
A_HA	596	2582	A	0	0	2582	37.9
A_HA	597	2967	T	0	0	2967	36.2
A_HA	598	2709	G	0	0	2709	35.8
A_HA	599	2897	C	0	0	2897	36.7
A_HA	600	2823	A	0	0	2823	36.6
A_HA	601	2802	G	0	0	2802	34.6
A_HA	602	3044	A	0	0	3044	36.3
A_HA	603	2870	A	0	0	2870	34.9
A_HA	604	2761	G	0	0	2761	36.8
A_HA	605	2913	A	0	0	2913	36.8
A_HA	606	3005	G	0	0	3005	36.4
A_HA	607	2377	C	0	0	2377	35.9
A_HA	608	2749	A	0	0	2749	36.6
A_HA	609	2828	G	0	0	2828	35.5
A_HA	610	2918	A	0	0	2918	37.2
A_HA	611	2670	C	0	0	2670	38.0
A_HA	612	2478	A	0	0	2478	35.2
A_HA	613	2661	A	0	0	2661	35.4
A_HA	614	2528	A	0	0	2528	37.5
A_HA	615	2750	T	0	0	2750	36.3
A_HA	616	2740	C	0	0	2740	35.3
A_HA	617	2505	T	0	0	2505	35.4
A_HA	618	2610	C	0	0	2610	35.9
A_HA	619	2792	T	0	0	2792	36.9
A_HA	620	2672	A	0	0	2672	35.7
A_HA	621	2555	C	0	0	2555	37.2
A_HA	622	2543	A	0	0	2543	36.1
A_HA	623	2593	A	0	0	2593	36.1
A_HA	624	2616	A	0	0	2616	36.4
A_HA	625	2532	A	0	0	2532	34.7
A_HA	626	2619	A	0	0	2619	35.1
A_HA	627	2524	C	0	0	2524	34.5
A_HA	628	2441	C	0	0	2441	34.2
A_HA	629	2449	C	0	0	2449	36.8
A_HA	630	2559	A	0	0	2559	35.5
A_HA	631	2641	A	0	0	2641	37.5
A_HA	632	2530	C	0	0	2530	34.0
A_HA	633	2325	C	0	0	2325	37.6
A_HA	634	2448	A	0	0	2448	36.1
A_HA	635	2522	C	0	0	2522	36.3
A_HA	636	2601	C	0	0	2601	35.3
A_HA	637	2358	T	0	0	2358	36.5
A_HA	638	2903	A	0	0	2903	36.0
A_HA	639	2297	C	0	0	2297	35.9
A_HA	640	2569	A	0	0	2569	37.1
A_HA	641	2459	T	0	0	2459	37.2
A_HA	642	2326	T	0	0	2326	35.1
A_HA	643	2339	T	0	0	2339	34.0
A_HA	644	2371	C	0	0	2371	34.0
A_HA	645	2339	A	0	0	2339	36.3
A_HA	646	2237	G	0	0	2237	35.2
A_HA	647	2409	T	0	0	2409	35.1
A_HA	648	2221	T	0	0	2221	34.0
A_HA	649	2211	G	0	0	2211	34.4
A_HA	650	2254	G	0	0	2254	35.1
A_HA	651	2329	A	0	0	2329	34.4
A_HA	652	2309	A	0	0	2309	35.1
A_HA	653	2229	C	0	0	2229	37.0
A_HA	654	2121	A	0	0	2121	37.3
A_HA	655	2065	T	0	0	2065	37.1
A_HA	656	2109	C	0	0	2109	37.1
A_HA	657	2278	A	0	0	2278	36.4
A_HA	658	2105	A	0	0	2105	35.6
A_HA	659	2289	C	0	0	2289	37.9
A_HA	660	2085	T	0	0	2085	36.4
A_HA	661	2114	T	0	0	2114	37.4
A_HA	662	2144	T	0	0	2144	35.5
A_HA	663	1906	A	0	0	1906	35.6
A_HA	664	2044	A	0	0	2044	35.1
A_HA	665	2103	A	0	0	2103	37.1
A_HA	666	2194	C	0	0	2194	36.8
A_HA	667	1864	C	0	0	1864	35.5
A_HA	668	1992	A	0	0	1992	37.2
A_HA	669	1995	G	0	0	1995	37.8
A_HA	670	2023	A	0	0	2023	36.4
A_HA	671	1885	G	0	0	1885	34.2
A_HA	672	2130	G	0	0	2130	36.0
A_HA	673	2081	T	0	0	2081	34.5
A_HA	674	2027	T	0	0	2027	35.9
A_HA	675	1961	G	0	0	1961	35.4
A_HA	676	2046	G	0	0	2046	34.3
A_HA	677	1997	C	0	0	1997	36.1
A_HA	678	2043	A	0	0	2043	36.0
A_HA	679	2154	C	0	0	2154	36.0
A_HA	680	2089	C	0	0	2089	36.6
A_HA	681	2067	A	0	0	2067	36.7
A_HA	682	2078	A	0	0	2078	37.1
A_HA	683	2165	A	0	0	2165	34.1
A_HA	684	1934	A	0	0	1934	36.3
A_HA	685	2110	A	0	0	2110	35.4
A_HA	686	1971	T	0	0	1971	34.0
A_HA	687	2149	A	0	0	2149	37.0
A_HA	688	2029	G	0	0	2029	36.3
A_HA	689	2077	C	0	0	2077	35.1
A_HA	690	2182	T	0	0	2182	34.2
A_HA	691	2117	A	0	0	2117	35.7
A_HA	692	1946	C	0	0	1946	35.7
A_HA	693	1989	T	0	0	1989	36.7
A_HA	694	2129	A	0	0	2129	34.9
A_HA	695	2265	G	0	0	2265	37.2
A_HA	696	1894	A	0	0	1894	37.0
A_HA	697	2151	T	0	0	2151	35.2
A_HA	698	1995	C	0	0	1995	34.9
A_HA	699	2016	C	0	0	2016	36.0
A_HA	700	2110	C	0	0	2110	35.2
A_HA	701	1989	A	0	0	1989	34.4
A_HA	702	2166	A	0	0	2166	35.5
A_HA	703	2175	G	0	0	2175	36.2
A_HA	704	2139	T	0	0	2139	36.5
A_HA	705	1947	A	0	0	1947	34.8
A_HA	706	2181	A	0	0	2181	35.6
A_HA	707	2101	A	0	0	2101	36.6
A_HA	708	2127	C	0	0	2127	34.7
A_HA	709	2217	G	0	0	2217	37.2
A_HA	710	2130	G	0	0	2130	34.8
A_HA	711	2265	G	0	0	2265	35.1
A_HA	712	2274	C	0	0	2274	35.7
A_HA	713	2234	A	0	0	2234	34.9
A_HA	714	2018	A	0	0	2018	36.8
A_HA	715	2140	C	0	0	2140	35.1
A_HA	716	1952	G	0	0	1952	34.9
A_HA	717	1947	T	0	0	1947	34.5
A_HA	718	2445	G	0	0	2445	36.0
A_HA	719	2160	G	0	0	2160	36.5
A_HA	720	2185	A	0	0	2185	35.0
A_HA	721	2104	A	0	0	2104	34.6
A_HA	722	2282	G	0	0	2282	37.4
A_HA	723	2157	A	0	0	2157	37.5
A_HA	724	2274	A	0	0	2274	36.4
A_HA	725	2003	T	0	0	2003	34.9
A_HA	726	2233	G	0	0	2233	36.5
A_HA	727	2202	G	0	0	2202	36.0
A_HA	728	2516	A	0	0	2516	37.3
A_HA	729	2354	C	0	0	2354	34.1
A_HA	730	2213	T	0	0	2213	36.6
A_HA	731	2262	T	0	0	2262	35.9
A_HA	732	2317	C	0	0	2317	37.7
A_HA	733	2457	T	0	0	2457	37.7
A_HA	734	2090	T	0	0	2090	38.0
A_HA	735	2357	C	0	0	2357	35.5
A_HA	736	2391	T	0	0	2391	37.0
A_HA	737	2567	G	0	0	2567	37.6
A_HA	738	2325	G	0	0	2325	37.1
A_HA	739	2223	A	0	0	2223	36.6
A_HA	740	2720	C	0	0	2720	35.0
A_HA	741	2400	A	0	0	2400	37.1
A_HA	742	2541	A	0	0	2541	35.3
A_HA	743	2625	T	0	0	2625	35.9
A_HA	744	2534	C	0	0	2534	36.1
A_HA	745	2440	T	0	0	2440	36.5
A_HA	746	2539	T	0	0	2539	34.2
A_HA	747	2407	A	0	0	2407	34.4
A_HA	748	2425	A	0	0	2425	35.4
A_HA	749	2558	A	0	0	2558	37.0
A_HA	750	2656	A	0	0	2656	34.1
A_HA	751	2753	C	0	0	2753	37.9
A_HA	752	2551	C	0	0	2551	35.8
A_HA	753	2741	A	0	0	2741	36.9
A_HA	754	2654	G	0	0	2654	36.5
A_HA	755	2944	A	0	0	2944	35.8
A_HA	756	2527	T	0	0	2527	35.0
A_HA	757	2578	G	0	0	2578	36.1
A_HA	758	2829	A	0	0	2829	36.2
A_HA	759	2467	T	0	0	2467	37.2
A_HA	760	2915	G	0	0	2915	36.7
A_HA	761	2800	C	0	0	2800	37.6
A_HA	762	3160	A	0	0	3160	35.0
A_HA	763	2850	A	0	0	2850	35.6
A_HA	764	2930	T	0	0	2930	35.5
A_HA	765	2744	C	0	0	2744	35.5
A_HA	766	2994	C	0	0	2994	36.7
A_HA	767	3120	A	0	0	3120	36.1
A_HA	768	2789	T	0	0	2789	34.8
A_HA	769	2789	T	0	0	2789	36.1
A_HA	770	3169	T	0	0	3169	36.2
A_HA	771	3047	C	0	0	3047	36.4
A_HA	772	3078	G	0	0	3078	37.5
A_HA	773	3106	A	0	0	3106	37.9
A_HA	774	3359	G	0	0	3359	34.5
A_HA	775	3116	A	0	0	3116	34.2
A_HA	776	3052	G	0	0	3052	36.0
A_HA	777	3116	T	0	0	3116	36.6
A_HA	778	3017	A	0	0	3017	36.4
A_HA	779	3072	A	0	0	3072	34.1
A_HA	780	3130	C	0	0	3130	37.5
A_HA	781	3175	G	0	0	3175	37.8
A_HA	782	3314	G	0	0	3314	35.5
A_HA	783	2921	A	0	0	2921	35.3
A_HA	784	3008	A	0	0	3008	35.0
A_HA	785	3207	A	0	0	3207	35.2
A_HA	786	3037	T	0	0	3037	36.0
A_HA	787	3019	T	0	0	3019	37.5
A_HA	788	3303	T	0	0	3303	37.3
A_HA	789	3386	C	0	0	3386	35.9
A_HA	790	3247	A	0	0	3247	36.8
A_HA	791	3200	T	0	0	3200	37.3
A_HA	792	3346	T	0	0	3346	35.2
A_HA	793	3597	G	0	0	3597	35.8
A_HA	794	3831	C	0	0	3831	37.0
A_HA	795	3459	T	0	0	3459	35.8
A_HA	796	3774	C	0	0	3774	34.3
A_HA	797	3198	C	0	0	3198	35.8
A_HA	798	3558	A	0	0	3558	37.6
A_HA	799	3458	G	0	0	3458	36.5
A_HA	800	3238	A	0	0	3238	35.2
A_HA	801	3481	A	0	0	3481	34.9
A_HA	802	3589	T	0	0	3589	37.8
A_HA	803	3539	A	0	0	3539	36.9
A_HA	804	3429	T	0	0	3429	35.5
A_HA	805	3826	G	0	0	3826	36.1
A_HA	806	3207	C	0	0	3207	34.1
A_HA	807	3488	A	0	0	3488	35.0
A_HA	808	3436	T	0	0	3436	35.8
A_HA	809	3429	A	0	0	3429	34.1
A_HA	810	3468	C	0	0	3468	34.4
A_HA	811	3559	A	0	0	3559	36.3
A_HA	812	3515	A	0	0	3515	36.1
A_HA	813	3448	A	0	0	3448	35.8
A_HA	814	3762	A	0	0	3762	34.5
A_HA	815	3564	T	0	0	3564	35.3
A_HA	816	3461	T	0	0	3461	34.9
A_HA	817	4196	G	0	0	4196	35.5
A_HA	818	3885	T	0	0	3885	34.7
A_HA	819	3851	C	0	0	3851	37.9
A_HA	820	4032	A	0	0	4032	35.5
A_HA	821	3918	A	0	0	3918	37.3
A_HA	822	3137	G	0	0	3137	36.3
A_HA	823	3429	A	0	0	3429	37.6
A_HA	824	3250	A	0	0	3250	35.5
A_HA	825	3922	A	0	0	3922	37.0
A_HA	826	3792	G	0	0	3792	35.4
A_HA	827	3886	G	0	0	3886	36.6
A_HA	828	3846	G	0	0	3846	34.2
A_HA	829	3935	G	0	0	3935	37.6
A_HA	830	3822	A	0	0	3822	34.7
A_HA	831	3883	C	0	0	3883	35.2
A_HA	832	3777	T	0	0	3777	36.0
A_HA	833	3615	C	0	0	3615	36.6
A_HA	834	3860	A	0	0	3860	35.0
A_HA	835	3914	A	0	0	3914	34.8
A_HA	836	3630	C	0	0	3630	34.4
A_HA	837	3478	A	0	0	3478	37.8
A_HA	838	3745	A	0	0	3745	37.4
A_HA	839	3756	T	0	0	3756	37.4
A_HA	840	3985	T	0	0	3985	36.0
A_HA	841	3940	A	0	0	3940	38.0
A_HA	842	4142	T	0	0	4142	36.0
A_HA	843	3827	G	0	0	3827	37.0
A_HA	844	3707	A	0	0	3707	34.8
A_HA	845	3401	A	0	0	3401	35.0
A_HA	846	3910	A	0	0	3910	34.1
A_HA	847	4145	A	0	0	4145	34.8
A_HA	848	4451	G	0	0	4451	37.5
A_HA	849	4167	T	0	0	4167	35.3
A_HA	850	3680	G	0	0	3680	34.4
A_HA	851	3746	G	0	0	3746	34.4
A_HA	852	3879	A	0	0	3879	35.5
A_HA	853	3974	A	0	0	3974	35.6
A_HA	854	3803	T	0	0	3803	34.9
A_HA	855	3801	G	0	0	3801	34.9
A_HA	856	3700	G	0	0	3700	36.7
A_HA	857	3710	A	0	0	3710	36.4
A_HA	858	3650	A	0	0	3650	34.6
A_HA	859	3829	T	0	0	3829	37.6
A_HA	860	3876	A	0	0	3876	36.4
A_HA	861	4187	T	0	0	4187	35.1
A_HA	862	3941	G	0	0	3941	36.1
A_HA	863	3678	G	0	0	3678	36.7
A_HA	864	3850	C	0	0	3850	36.5
A_HA	865	3871	C	0	0	3871	35.5
A_HA	866	3577	A	0	0	3577	34.9
A_HA	867	3933	C	0	0	3933	37.6
A_HA	868	3501	T	0	0	3501	35.5
A_HA	869	3466	G	0	0	3466	34.8
A_HA	870	4223	C	0	0	4223	34.8
A_HA	871	4017	A	0	0	4017	37.7
A_HA	872	3576	A	0	0	3576	35.9
A_HA	873	4050	C	0	0	4050	37.2
A_HA	874	3306	A	0	0	3306	36.6
A_HA	875	3747	C	0	0	3747	36.8
A_HA	876	3536	C	0	0	3536	37.4
A_HA	877	4039	A	0	0	4039	36.0
A_HA	878	3557	A	0	0	3557	34.6
A_HA	879	3554	A	0	0	3554	37.3
A_HA	880	3781	T	0	0	3781	37.2
A_HA	881	3286	G	0	0	3286	35.0
A_HA	882	3769	T	0	0	3769	37.1
A_HA	883	3720	C	0	0	3720	35.4
A_HA	884	3672	A	0	0	3672	36.7
A_HA	885	3692	A	0	0	3692	35.2
A_HA	886	3594	A	0	0	3594	37.6
A_HA	887	4082	C	0	0	4082	35.7
A_HA	888	3290	C	0	0	3290	37.0
A_HA	889	3459	C	0	0	3459	36.7
A_HA	890	3811	C	0	0	3811	36.6
A_HA	891	3645	A	0	0	3645	34.7
A_HA	892	3761	G	0	0	3761	37.7
A_HA	893	3355	T	0	0	3355	36.2
A_HA	894	3521	A	0	0	3521	35.8
A_HA	895	3326	G	0	0	3326	36.9
A_HA	896	3624	G	0	0	3624	35.7
A_HA	897	3946	T	0	0	3946	34.5
A_HA	898	3622	G	0	0	3622	35.9
A_HA	899	3790	C	0	0	3790	35.5
A_HA	900	3450	G	0	0	3450	37.5
A_HA	901	3537	A	0	0	3537	34.1
A_HA	902	3231	T	0	0	3231	34.0
A_HA	903	3303	A	0	0	3303	34.7
A_HA	904	3362	A	0	0	3362	35.6
A_HA	905	3308	A	0	0	3308	35.7
A_HA	906	3663	T	0	0	3663	34.8
A_HA	907	3623	T	0	0	3623	37.4
A_HA	908	3305	C	0	0	3305	35.4
A_HA	909	3180	T	0	0	3180	36.5
A_HA	910	3441	A	0	0	3441	36.7
A_HA	911	3688	G	0	0	3688	36.4
A_HA	912	3520	T	0	0	3520	37.8
A_HA	913	3517	A	0	0	3517	34.8
A_HA	914	4015	T	0	0	4015	37.4
A_HA	915	3464	G	0	0	3464	34.6
A_HA	916	3631	C	0	0	3631	37.7
A_HA	917	3444	C	0	0	3444	36.3
A_HA	918	3551	A	0	0	3551	36.0
A_HA	919	3641	T	0	0	3641	37.2
A_HA	920	3419	T	0	0	3419	36.5
A_HA	921	3402	C	0	0	3402	37.1
A_HA	922	3340	C	0	0	3340	34.3
A_HA	923	3386	A	0	0	3386	37.5
A_HA	924	3394	C	0	0	3394	37.3
A_HA	925	3460	A	0	0	3460	36.3
A_HA	926	3491	A	0	0	3491	37.4
A_HA	927	3495	C	0	0	3495	35.4
A_HA	928	3322	A	0	0	3322	36.3
A_HA	929	3223	T	0	0	3223	36.0
A_HA	930	3775	A	0	0	3775	35.0
A_HA	931	3296	C	0	0	3296	35.1
A_HA	932	3269	A	0	0	3269	34.0
A_HA	933	3360	T	0	0	3360	37.3
A_HA	934	3328	C	0	0	3328	35.1
A_HA	935	3574	C	0	0	3574	36.2
A_HA	936	3324	T	0	0	3324	35.7
A_HA	937	3844	C	0	0	3844	34.1
A_HA	938	3424	T	0	0	3424	36.8
A_HA	939	3383	C	0	0	3383	34.4
A_HA	940	3377	A	0	0	3377	35.0
A_HA	941	3152	C	0	0	3152	36.6
A_HA	942	2650	C	0	0	2650	35.9
A_HA	943	2993	A	0	0	2993	37.0
A_HA	944	3242	T	0	0	3242	35.3
A_HA	945	3346	T	0	0	3346	37.3
A_HA	946	3150	G	0	0	3150	36.2
A_HA	947	3115	G	0	0	3115	37.6
A_HA	948	3190	G	0	0	3190	37.6
A_HA	949	3332	G	0	0	3332	35.5
A_HA	950	3226	A	0	0	3226	38.0
A_HA	951	3146	A	0	0	3146	36.1
A_HA	952	3214	T	0	0	3214	35.1
A_HA	953	2948	G	0	0	2948	37.6
A_HA	954	3293	C	0	0	3293	36.6
A_HA	955	3130	C	0	0	3130	35.1
A_HA	956	3382	C	0	0	3382	34.2
A_HA	957	3196	C	0	0	3196	35.7
A_HA	958	3308	A	0	0	3308	35.6
A_HA	959	2972	A	0	0	2972	35.0
A_HA	960	3329	A	0	0	3329	36.7
A_HA	961	3117	T	0	0	3117	36.5
A_HA	962	3339	A	0	0	3339	36.5
A_HA	963	3270	C	0	0	3270	36.4
A_HA	964	2891	G	0	0	2891	36.9
A_HA	965	3253	T	0	0	3253	37.6
A_HA	966	3163	G	0	0	3163	36.2
A_HA	967	3299	A	0	0	3299	35.8
A_HA	968	3138	A	0	0	3138	34.2
A_HA	969	3193	G	0	0	3193	34.8
A_HA	970	3362	T	0	0	3362	34.3
A_HA	971	3679	C	0	0	3679	37.6
A_HA	972	3303	A	0	0	3303	37.0
A_HA	973	3144	A	0	0	3144	34.5
A_HA	974	3582	A	0	0	3582	37.8
A_HA	975	3264	C	0	0	3264	36.8
A_HA	976	3284	A	0	0	3284	37.9
A_HA	977	3349	A	0	0	3349	37.1
A_HA	978	3061	G	0	0	3061	35.1
A_HA	979	3184	T	0	0	3184	37.8
A_HA	980	3105	T	0	0	3105	35.6
A_HA	981	3390	G	0	0	3390	37.6
A_HA	982	3394	G	0	0	3394	38.0
A_HA	983	3143	T	0	0	3143	34.5
A_HA	984	3528	C	0	0	3528	36.9
A_HA	985	2911	C	0	0	2911	34.8
A_HA	986	3271	T	0	0	3271	37.1
A_HA	987	3383	T	0	0	3383	34.2
A_HA	988	3596	G	0	0	3596	37.0
A_HA	989	3452	C	0	0	3452	37.1
A_HA	990	3225	G	0	0	3225	35.4
A_HA	991	3243	A	0	0	3243	35.5
A_HA	992	3539	C	0	0	3539	35.4
A_HA	993	3575	T	0	0	3575	36.6
A_HA	994	3549	G	0	0	3549	34.5
A_HA	995	3334	G	0	0	3334	37.6
A_HA	996	3708	G	0	0	3708	37.3
A_HA	997	3482	C	0	0	3482	35.2
A_HA	998	3529	T	0	0	3529	34.9
A_HA	999	3564	C	0	0	3564	34.8
A_HA	1000	3167	A	0	0	3167	37.4
A_HA	1001	3410	G	0	0	3410	36.3
A_HA	1002	3569	A	0	0	3569	35.4
A_HA	1003	3594	A	0	0	3594	35.7
A_HA	1004	3346	A	0	0	3346	34.5
A_HA	1005	3470	T	0	0	3470	37.0
A_HA	1006	3487	A	0	0	3487	34.5
A_HA	1007	3520	G	0	0	3520	35.2
A_HA	1008	3292	T	0	0	3292	36.1
A_HA	1009	3661	C	0	0	3661	37.6
A_HA	1010	3933	C	0	0	3933	37.3
A_HA	1011	3576	T	0	0	3576	37.1
A_HA	1012	3464	C	0	0	3464	34.2
A_HA	1013	3473	T	0	0	3473	37.8
A_HA	1014	3555	A	0	0	3555	37.8
A_HA	1015	3414	A	0	0	3414	35.4
A_HA	1016	3190	G	0	0	3190	34.1
A_HA	1017	3342	A	0	0	3342	34.4
A_HA	1018	3278	G	0	0	3278	34.7
A_HA	1019	3586	A	0	0	3586	37.6
A_HA	1020	3649	A	0	0	3649	35.8
A_HA	1021	3248	A	0	0	3248	36.0
A_HA	1022	3334	A	0	0	3334	35.6
A_HA	1023	3425	G	0	0	3425	37.5
A_HA	1024	3139	A	0	0	3139	34.9
A_HA	1025	3136	G	0	0	3136	35.8
A_HA	1026	3958	A	0	0	3958	37.2
A_HA	1027	3478	A	0	0	3478	34.9
A_HA	1028	3384	G	0	0	3384	35.5
A_HA	1029	3665	A	0	0	3665	36.4
A_HA	1030	3593	A	0	0	3593	37.2
A_HA	1031	3197	A	0	0	3197	36.1
A_HA	1032	3373	A	0	0	3373	36.6
A_HA	1033	3271	A	0	0	3271	37.7
A_HA	1034	4050	G	0	0	4050	34.2
A_HA	1035	3341	A	0	0	3341	36.5
A_HA	1036	3608	G	0	0	3608	35.3
A_HA	1037	3464	G	0	0	3464	34.3
A_HA	1038	3691	T	0	0	3691	34.7
A_HA	1039	3479	C	0	0	3479	35.4
A_HA	1040	3358	T	0	0	3358	36.8
A_HA	1041	3564	G	0	0	3564	34.6
A_HA	1042	3410	T	0	0	3410	37.3
A_HA	1043	3401	T	0	0	3401	34.3
A_HA	1044	3705	T	0	0	3705	34.9
A_HA	1045	3692	G	0	0	3692	37.2
A_HA	1046	3623	G	0	0	3623	35.4
A_HA	1047	3739	G	0	0	3739	35.6
A_HA	1048	3823	G	0	0	3823	35.4
A_HA	1049	3464	C	0	0	3464	35.2
A_HA	1050	3667	G	0	0	3667	36.2
A_HA	1051	3251	A	0	0	3251	36.9
A_HA	1052	3849	T	0	0	3849	35.8
A_HA	1053	3428	A	0	0	3428	35.8
A_HA	1054	3679	G	0	0	3679	35.3
A_HA	1055	3504	C	0	0	3504	34.2
A_HA	1056	3487	A	0	0	3487	34.6
A_HA	1057	3604	G	0	0	3604	35.5
A_HA	1058	3632	G	0	0	3632	34.0
A_HA	1059	3523	G	0	0	3523	36.9
A_HA	1060	3429	T	0	0	3429	37.0
A_HA	1061	3324	T	0	0	3324	36.2
A_HA	1062	3613	T	0	0	3613	35.5
A_HA	1063	3739	A	0	0	3739	36.6
A_HA	1064	3414	T	0	0	3414	36.9
A_HA	1065	3094	A	0	0	3094	34.5
A_HA	1066	3649	G	0	0	3649	36.9
A_HA	1067	3700	A	0	0	3700	35.3
A_HA	1068	3239	G	0	0	3239	36.5
A_HA	1069	3553	G	0	0	3553	36.7
A_HA	1070	3350	G	0	0	3350	37.9
A_HA	1071	3695	A	0	0	3695	36.9
A_HA	1072	3592	G	0	0	3592	37.2
A_HA	1073	3663	G	0	0	3663	36.7
A_HA	1074	3550	A	0	0	3550	35.0
A_HA	1075	3437	T	0	0	3437	34.2
A_HA	1076	3545	G	0	0	3545	36.0
A_HA	1077	3570	G	0	0	3570	38.0
A_HA	1078	3224	C	0	0	3224	37.0
A_HA	1079	3372	A	0	0	3372	35.8
A_HA	1080	3030	G	0	0	3030	35.9
A_HA	1081	3212	G	0	0	3212	37.0
A_HA	1082	3367	G	0	0	3367	34.5
A_HA	1083	3256	A	0	0	3256	37.5
A_HA	1084	3410	A	0	0	3410	34.6
A_HA	1085	3176	T	0	0	3176	35.9
A_HA	1086	3608	G	0	0	3608	34.5
A_HA	1087	3232	G	0	0	3232	36.8
A_HA	1088	3232	T	0	0	3232	36.9
A_HA	1089	2995	T	0	0	2995	35.4
A_HA	1090	3226	G	0	0	3226	35.7
A_HA	1091	2942	A	0	0	2942	34.6
A_HA	1092	2976	T	0	0	2976	35.7
A_HA	1093	3216	G	0	0	3216	35.1
A_HA	1094	3361	G	0	0	3361	35.5
A_HA	1095	3127	T	0	0	3127	35.2
A_HA	1096	3073	T	0	0	3073	35.7
A_HA	1097	3309	G	0	0	3309	35.5
A_HA	1098	3153	G	0	0	3153	35.4
A_HA	1099	3179	T	0	0	3179	35.4
A_HA	1100	2933	A	0	0	2933	37.1
A_HA	1101	3178	T	0	0	3178	37.8
A_HA	1102	3547	G	0	0	3547	37.7
A_HA	1103	2903	G	0	0	2903	34.7
A_HA	1104	3091	G	0	0	3091	34.4
A_HA	1105	3085	T	0	0	3085	36.1
A_HA	1106	3162	A	0	0	3162	36.6
A_HA	1107	3126	C	0	0	3126	36.1
A_HA	1108	2676	C	0	0	2676	34.8
A_HA	1109	3133	A	0	0	3133	37.4
A_HA	1110	2947	T	0	0	2947	35.4
A_HA	1111	2782	C	0	0	2782	36.1
A_HA	1112	3020	A	0	0	3020	34.3
A_HA	1113	2902	T	0	0	2902	36.7
A_HA	1114	3013	A	0	0	3013	37.1
A_HA	1115	2713	G	0	0	2713	35.4
A_HA	1116	2779	C	0	0	2779	37.9
A_HA	1117	2806	A	0	0	2806	34.0
A_HA	1118	2833	A	0	0	2833	37.3
A_HA	1119	2826	T	0	0	2826	34.9
A_HA	1120	2684	G	0	0	2684	34.0
A_HA	1121	2879	A	0	0	2879	35.4
A_HA	1122	2792	G	0	0	2792	36.6
A_HA	1123	2662	C	0	0	2662	35.8
A_HA	1124	2540	A	0	0	2540	34.2
A_HA	1125	2689	G	0	0	2689	36.8
A_HA	1126	2655	G	0	0	2655	35.5
A_HA	1127	2349	G	0	0	2349	36.3
A_HA	1128	2681	A	0	0	2681	36.3
A_HA	1129	2793	A	0	0	2793	36.4
A_HA	1130	2565	G	0	0	2565	37.9
A_HA	1131	2361	T	0	0	2361	35.7
A_HA	1132	2565	G	0	0	2565	35.4
A_HA	1133	2478	G	0	0	2478	34.9
A_HA	1134	2405	G	0	0	2405	37.7
A_HA	1135	2603	T	0	0	2603	36.3
A_HA	1136	2597	A	0	0	2597	36.7
A_HA	1137	2573	C	0	0	2573	37.0
A_HA	1138	2463	G	0	0	2463	35.8
A_HA	1139	2417	C	0	0	2417	37.0
A_HA	1140	2402	T	0	0	2402	36.1
A_HA	1141	2610	G	0	0	2610	37.6
A_HA	1142	2589	C	0	0	2589	37.0
A_HA	1143	2268	G	0	0	2268	37.4
A_HA	1144	2516	G	0	0	2516	37.1
A_HA	1145	2275	A	0	0	2275	37.0
A_HA	1146	2541	C	0	0	2541	35.4
A_HA	1147	2224	A	0	0	2224	37.4
A_HA	1148	2154	A	0	0	2154	37.4
A_HA	1149	2465	A	0	0	2465	35.0
A_HA	1150	2518	G	0	0	2518	37.4
A_HA	1151	2163	A	0	0	2163	37.3
A_HA	1152	2189	A	0	0	2189	37.0
A_HA	1153	2425	T	0	0	2425	35.9
A_HA	1154	2078	C	0	0	2078	38.0
A_HA	1155	2163	C	0	0	2163	35.3
A_HA	1156	2345	A	0	0	2345	34.8
A_HA	1157	2227	C	0	0	2227	36.4
A_HA	1158	2036	C	0	0	2036	34.9
A_HA	1159	2293	C	0	0	2293	35.7
A_HA	1160	2223	A	0	0	2223	34.0
A_HA	1161	2002	A	0	0	2002	34.1
A_HA	1162	2102	A	0	0	2102	35.8
A_HA	1163	2178	A	0	0	2178	36.2
A_HA	1164	1927	G	0	0	1927	34.7
A_HA	1165	2071	G	0	0	2071	36.9
A_HA	1166	2275	C	0	0	2275	35.9
A_HA	1167	2064	A	0	0	2064	36.0
A_HA	1168	2049	A	0	0	2049	37.5
A_HA	1169	1955	T	0	0	1955	35.9
A_HA	1170	2247	A	0	0	2247	34.1
A_HA	1171	2043	G	0	0	2043	35.9
A_HA	1172	2067	A	0	0	2067	35.8
A_HA	1173	1796	T	0	0	1796	34.6
A_HA	1174	1852	G	0	0	1852	34.4
A_HA	1175	2150	G	0	0	2150	37.5
A_HA	1176	1828	A	0	0	1828	35.8
A_HA	1177	2094	G	0	0	2094	35.2
A_HA	1178	1875	T	0	0	1875	37.4
A_HA	1179	2081	T	0	0	2081	37.5
A_HA	1180	2140	A	0	0	2140	37.4
A_HA	1181	2046	C	0	0	2046	35.4
A_HA	1182	1907	C	0	0	1907	35.9
A_HA	1183	1750	A	0	0	1750	35.2
A_HA	1184	1808	A	0	0	1808	36.3
A_HA	1185	1766	T	0	0	1766	35.7
A_HA	1186	1965	A	0	0	1965	34.5
A_HA	1187	1929	A	0	0	1929	35.5
A_HA	1188	1918	G	0	0	1918	34.4
A_HA	1189	1959	G	0	0	1959	37.3
A_HA	1190	1999	T	0	0	1999	37.2
A_HA	1191	2040	C	0	0	2040	37.6
A_HA	1192	1994	A	0	0	1994	35.0
A_HA	1193	1983	A	0	0	1983	37.3
A_HA	1194	2049	C	0	0	2049	37.1
A_HA	1195	2020	T	0	0	2020	37.7
A_HA	1196	2196	C	0	0	2196	36.5
A_HA	1197	1899	A	0	0	1899	34.2
A_HA	1198	1914	A	0	0	1914	34.1
A_HA	1199	1892	T	0	0	1892	35.3
A_HA	1200	2153	C	0	0	2153	36.3
A_HA	1201	1851	A	0	0	1851	36.6
A_HA	1202	1911	T	0	0	1911	37.8
A_HA	1203	2007	T	0	0	2007	37.5
A_HA	1204	1903	G	0	0	1903	36.5
A_HA	1205	2125	A	0	0	2125	37.8
A_HA	1206	2066	C	0	0	2066	34.0
A_HA	1207	1918	A	0	0	1918	34.4
A_HA	1208	2014	A	0	0	2014	34.3
A_HA	1209	2093	A	0	0	2093	36.4
A_HA	1210	1990	A	0	0	1990	36.1
A_HA	1211	2091	T	0	0	2091	37.0
A_HA	1212	1883	G	0	0	1883	36.7
A_HA	1213	2126	A	0	0	2126	35.3
A_HA	1214	1819	A	0	0	1819	34.0
A_HA	1215	2041	C	0	0	2041	34.1
A_HA	1216	2098	A	0	0	2098	37.8
A_HA	1217	1712	C	0	0	1712	34.8
A_HA	1218	2004	T	0	0	2004	36.2
A_HA	1219	2082	C	0	0	2082	34.0
A_HA	1220	2097	A	0	0	2097	36.6
A_HA	1221	2159	A	0	0	2159	36.1
A_HA	1222	2095	T	0	0	2095	37.0
A_HA	1223	2030	T	0	0	2030	34.6
A_HA	1224	2123	T	0	0	2123	37.1
A_HA	1225	2057	G	0	0	2057	34.2
A_HA	1226	2115	A	0	0	2115	36.8
A_HA	1227	2128	G	0	0	2128	37.1
A_HA	1228	2171	G	0	0	2171	37.4
A_HA	1229	2190	C	0	0	2190	35.5
A_HA	1230	2227	A	0	0	2227	34.5
A_HA	1231	2194	G	0	0	2194	35.7
A_HA	1232	2057	T	0	0	2057	34.7
A_HA	1233	2287	T	0	0	2287	37.5
A_HA	1234	2011	G	0	0	2011	35.0
A_HA	1235	2094	G	0	0	2094	36.0
A_HA	1236	1996	A	0	0	1996	36.9
A_HA	1237	2373	A	0	0	2373	35.3
A_HA	1238	2389	G	0	0	2389	36.8
A_HA	1239	2233	G	0	0	2233	34.6
A_HA	1240	2278	G	0	0	2278	35.1
A_HA	1241	2400	A	0	0	2400	34.1
A_HA	1242	2242	G	0	0	2242	36.0
A_HA	1243	2439	T	0	0	2439	36.5
A_HA	1244	2470	T	0	0	2470	37.6
A_HA	1245	2155	T	0	0	2155	35.2
A_HA	1246	2378	A	0	0	2378	37.4
A_HA	1247	2372	A	0	0	2372	34.9
A_HA	1248	2541	T	0	0	2541	35.1
A_HA	1249	2409	A	0	0	2409	34.4
A_HA	1250	2050	A	0	0	2050	37.1
A_HA	1251	2743	C	0	0	2743	36.0
A_HA	1252	2300	T	0	0	2300	34.1
A_HA	1253	2346	T	0	0	2346	35.1
A_HA	1254	2300	A	0	0	2300	37.6
A_HA	1255	2384	G	0	0	2384	37.5
A_HA	1256	2501	A	0	0	2501	34.2
A_HA	1257	2438	A	0	0	2438	35.6
A_HA	1258	2394	A	0	0	2394	37.3
A_HA	1259	2614	G	0	0	2614	37.3
A_HA	1260	2713	G	0	0	2713	34.3
A_HA	1261	2810	A	0	0	2810	37.5
A_HA	1262	2568	G	0	0	2568	35.3
A_HA	1263	2525	G	0	0	2525	36.8
A_HA	1264	2676	A	0	0	2676	36.4
A_HA	1265	3103	T	0	0	3103	36.2
A_HA	1266	2673	A	0	0	2673	35.4
A_HA	1267	2855	G	0	0	2855	37.5
A_HA	1268	2812	A	0	0	2812	35.0
A_HA	1269	2642	G	0	0	2642	36.8
A_HA	1270	2603	A	0	0	2603	37.0
A_HA	1271	2679	A	0	0	2679	37.4
A_HA	1272	2669	T	0	0	2669	35.8
A_HA	1273	3112	T	0	0	3112	37.8
A_HA	1274	2862	T	0	0	2862	37.7
A_HA	1275	2729	G	0	0	2729	35.8
A_HA	1276	2735	A	0	0	2735	35.1
A_HA	1277	2914	A	0	0	2914	36.0
A_HA	1278	2819	C	0	0	2819	34.6
A_HA	1279	2730	A	0	0	2730	34.4
A_HA	1280	2842	A	0	0	2842	34.0
A_HA	1281	2897	G	0	0	2897	37.6
A_HA	1282	2676	A	0	0	2676	35.6
A_HA	1283	3060	A	0	0	3060	34.1
A_HA	1284	2789	A	0	0	2789	37.9
A_HA	1285	2977	A	0	0	2977	35.4
A_HA	1286	2934	T	0	0	2934	34.4
A_HA	1287	3115	G	0	0	3115	35.8
A_HA	1288	2545	G	0	0	2545	35.4
A_HA	1289	2795	A	0	0	2795	34.2
A_HA	1290	2984	A	0	0	2984	34.2
A_HA	1291	2974	G	0	0	2974	37.5
A_HA	1292	3374	A	0	0	3374	37.0
A_HA	1293	2859	C	0	0	2859	34.1
A_HA	1294	3024	G	0	0	3024	34.6
A_HA	1295	2952	G	0	0	2952	35.7
A_HA	1296	2996	A	0	0	2996	37.9
A_HA	1297	3197	T	0	0	3197	36.1
A_HA	1298	3040	T	0	0	3040	37.0
A_HA	1299	3074	C	0	0	3074	36.6
A_HA	1300	3373	C	0	0	3373	37.7
A_HA	1301	3280	T	0	0	3280	36.2
A_HA	1302	3137	A	0	0	3137	34.4
A_HA	1303	3176	G	0	0	3176	36.4
A_HA	1304	2850	A	0	0	2850	34.6
A_HA	1305	2974	T	0	0	2974	34.6
A_HA	1306	3118	G	0	0	3118	35.9
A_HA	1307	3230	T	0	0	3230	35.7
A_HA	1308	3051	C	0	0	3051	34.0
A_HA	1309	2870	T	0	0	2870	34.9
A_HA	1310	3182	G	0	0	3182	34.2
A_HA	1311	3382	G	0	0	3382	36.5
A_HA	1312	3219	A	0	0	3219	36.8
A_HA	1313	2814	C	0	0	2814	35.8
A_HA	1314	3274	C	0	0	3274	36.1
A_HA	1315	2952	T	0	0	2952	37.4
A_HA	1316	3295	A	0	0	3295	36.7
A_HA	1317	2900	T	0	0	2900	37.6
A_HA	1318	3389	A	0	0	3389	37.6
A_HA	1319	3168	A	0	0	3168	35.6
A_HA	1320	3051	T	0	0	3051	34.7
A_HA	1321	3234	G	0	0	3234	37.0
A_HA	1322	3581	C	0	0	3581	35.5
A_HA	1323	3410	T	0	0	3410	36.3
A_HA	1324	3200	G	0	0	3200	37.2
A_HA	1325	3379	A	0	0	3379	35.4
A_HA	1326	3126	A	0	0	3126	37.1
A_HA	1327	3330	C	0	0	3330	35.4
A_HA	1328	3180	T	0	0	3180	34.4
A_HA	1329	3139	T	0	0	3139	37.7
A_HA	1330	3374	C	0	0	3374	37.0
A_HA	1331	3365	T	0	0	3365	36.2
A_HA	1332	3473	A	0	0	3473	36.3
A_HA	1333	3471	G	0	0	3471	35.2
A_HA	1334	3196	T	0	0	3196	36.0
A_HA	1335	3418	T	0	0	3418	34.1
A_HA	1336	3131	C	0	0	3131	34.3
A_HA	1337	3220	T	0	0	3220	34.6
A_HA	1338	3432	C	0	0	3432	34.4
A_HA	1339	3588	A	0	0	3588	36.8
A_HA	1340	3516	T	0	0	3516	34.8
A_HA	1341	3500	G	0	0	3500	37.8
A_HA	1342	3197	G	0	0	3197	36.8
A_HA	1343	3166	A	0	0	3166	35.0
A_HA	1344	3013	A	0	0	3013	36.7
A_HA	1345	3319	A	0	0	3319	37.4
A_HA	1346	3542	A	0	0	3542	38.0
A_HA	1347	3140	C	0	0	3140	38.0
A_HA	1348	3301	G	0	0	3301	35.7
A_HA	1349	3215	A	0	0	3215	37.3
A_HA	1350	2987	G	0	0	2987	37.9
A_HA	1351	3079	A	0	0	3079	36.7
A_HA	1352	3290	G	0	0	3290	36.3
A_HA	1353	3291	G	0	0	3291	37.3
A_HA	1354	2982	A	0	0	2982	37.4
A_HA	1355	3065	C	0	0	3065	35.9
A_HA	1356	3306	T	0	0	3306	37.9
A_HA	1357	3072	C	0	0	3072	34.1
A_HA	1358	3440	T	0	0	3440	35.7
A_HA	1359	3228	A	0	0	3228	36.4
A_HA	1360	3410	G	0	0	3410	34.9
A_HA	1361	3282	A	0	0	3282	36.2
A_HA	1362	3312	T	0	0	3312	34.0
A_HA	1363	3448	T	0	0	3448	35.5
A_HA	1364	3023	T	0	0	3023	36.9
A_HA	1365	2999	C	0	0	2999	37.8
A_HA	1366	3312	C	0	0	3312	37.5
A_HA	1367	3203	A	0	0	3203	34.3
A_HA	1368	3069	T	0	0	3069	36.6
A_HA	1369	3401	G	0	0	3401	37.0
A_HA	1370	2974	A	0	0	2974	36.6
A_HA	1371	3277	T	0	0	3277	36.6
A_HA	1372	3061	T	0	0	3061	34.6
A_HA	1373	3550	C	0	0	3550	35.3
A_HA	1374	3397	A	0	0	3397	34.8
A_HA	1375	2913	A	0	0	2913	34.1
A_HA	1376	3206	A	0	0	3206	34.4
A_HA	1377	2950	T	0	0	2950	35.6
A_HA	1378	3107	G	0	0	3107	34.8
A_HA	1379	2998	T	0	0	2998	37.2
A_HA	1380	3159	C	0	0	3159	35.9
A_HA	1381	3327	A	0	0	3327	37.7
A_HA	1382	3158	A	0	0	3158	36.1
A_HA	1383	3252	G	0	0	3252	37.0
A_HA	1384	3555	A	0	0	3555	35.7
A_HA	1385	3426	A	0	0	3426	37.5
A_HA	1386	3159	C	0	0	3159	34.6
A_HA	1387	2852	C	0	0	2852	37.3
A_HA	1388	3081	T	0	0	3081	36.5
A_HA	1389	3155	T	0	0	3155	34.1
A_HA	1390	2839	T	0	0	2839	37.6
A_HA	1391	3015	A	0	0	3015	35.3
A_HA	1392	2866	T	0	0	2866	34.1
A_HA	1393	3201	G	0	0	3201	36.3
A_HA	1394	3020	A	0	0	3020	37.1
A_HA	1395	3009	C	0	0	3009	35.8
A_HA	1396	3484	A	0	0	3484	38.0
A_HA	1397	2890	A	0	0	2890	37.1
A_HA	1398	2996	A	0	0	2996	37.6
A_HA	1399	3173	G	0	0	3173	36.6
A_HA	1400	3058	T	0	0	3058	37.6
A_HA	1401	2921	C	0	0	2921	34.1
A_HA	1402	2913	A	0	0	2913	35.3
A_HA	1403	3210	G	0	0	3210	37.3
A_HA	1404	3012	A	0	0	3012	36.2
A_HA	1405	2825	T	0	0	2825	34.8
A_HA	1406	3226	T	0	0	3226	37.9
A_HA	1407	2903	A	0	0	2903	35.0
A_HA	1408	3052	C	0	0	3052	35.8
A_HA	1409	3070	A	0	0	3070	38.0
A_HA	1410	3409	G	0	0	3409	34.6
A_HA	1411	3112	C	0	0	3112	36.0
A_HA	1412	3378	T	0	0	3378	34.0
A_HA	1413	3125	T	0	0	3125	37.5
A_HA	1414	3241	A	0	0	3241	36.5
A_HA	1415	3371	G	0	0	3371	37.9
A_HA	1416	3192	G	0	0	3192	35.2
A_HA	1417	3128	G	0	0	3128	38.0
A_HA	1418	3243	A	0	0	3243	37.2
A_HA	1419	2760	T	0	0	2760	37.5
A_HA	1420	3586	A	0	0	3586	36.6
A_HA	1421	3402	A	0	0	3402	35.2
A_HA	1422	3124	T	0	0	3124	36.2
A_HA	1423	3059	G	0	0	3059	34.2
A_HA	1424	3534	C	0	0	3534	36.3
A_HA	1425	3149	A	0	0	3149	34.9
A_HA	1426	3362	A	0	0	3362	36.5
A_HA	1427	3269	A	0	0	3269	37.6
A_HA	1428	3093	G	0	0	3093	35.9
A_HA	1429	3266	G	0	0	3266	34.2
A_HA	1430	3095	A	0	0	3095	34.6
A_HA	1431	3029	G	0	0	3029	34.1
A_HA	1432	3170	C	0	0	3170	34.5
A_HA	1433	2875	T	0	0	2875	37.8
A_HA	1434	3093	G	0	0	3093	34.9
A_HA	1435	3020	G	0	0	3020	36.7
A_HA	1436	3168	G	0	0	3168	37.1
A_HA	1437	3363	T	0	0	3363	35.3
A_HA	1438	3419	A	0	0	3419	36.7
A_HA	1439	3172	A	0	0	3172	37.4
A_HA	1440	2668	C	0	0	2668	34.4
A_HA	1441	3334	G	0	0	3334	36.4
A_HA	1442	3207	G	0	0	3207	37.9
A_HA	1443	3108	C	0	0	3108	34.8
A_HA	1444	3346	T	0	0	3346	36.6
A_HA	1445	3161	G	0	0	3161	34.2
A_HA	1446	2704	T	0	0	2704	35.6
A_HA	1447	3166	T	0	0	3166	35.7
A_HA	1448	2886	T	0	0	2886	35.6
A_HA	1449	3609	C	0	0	3609	36.3
A_HA	1450	3245	G	0	0	3245	34.8
A_HA	1451	3031	A	0	0	3031	37.1
A_HA	1452	3437	A	0	0	3437	36.3
A_HA	1453	3550	T	0	0	3550	37.4
A_HA	1454	3448	T	0	0	3448	36.6
A_HA	1455	3194	C	0	0	3194	36.3
A_HA	1456	3297	T	0	0	3297	36.1
A_HA	1457	3418	A	0	0	3418	37.7
A_HA	1458	3089	T	0	0	3089	34.8
A_HA	1459	3130	C	0	0	3130	34.1
A_HA	1460	3407	A	0	0	3407	34.1
A_HA	1461	3403	C	0	0	3403	35.9
A_HA	1462	3233	A	0	0	3233	37.1
A_HA	1463	3140	A	0	0	3140	34.1
A_HA	1464	3381	A	0	0	3381	36.6
A_HA	1465	3181	T	0	0	3181	34.8
A_HA	1466	3303	G	0	0	3303	34.4
A_HA	1467	3608	T	0	0	3608	37.2
A_HA	1468	3428	G	0	0	3428	34.2
A_HA	1469	3409	A	0	0	3409	36.1
A_HA	1470	3473	T	0	0	3473	34.4
A_HA	1471	3694	A	0	0	3694	35.2
A_HA	1472	3457	A	0	0	3457	34.3
A_HA	1473	3519	T	0	0	3519	36.4
A_HA	1474	3318	G	0	0	3318	36.2
A_HA	1475	3528	A	0	0	3528	35.1
A_HA	1476	3541	A	0	0	3541	34.6
A_HA	1477	3628	T	0	0	3628	36.7
A_HA	1478	3614	G	0	0	3614	35.8
A_HA	1479	3553	T	0	0	3553	35.5
A_HA	1480	3701	A	0	0	3701	35.8
A_HA	1481	3218	T	0	0	3218	35.7
A_HA	1482	3543	G	0	0	3543	35.8
A_HA	1483	3383	G	0	0	3383	35.9
A_HA	1484	3644	A	0	0	3644	36.3
A_HA	1485	3721	A	0	0	3721	34.3
A_HA	1486	3258	A	0	0	3258	37.7
A_HA	1487	3831	G	0	0	3831	36.1
A_HA	1488	3370	T	0	0	3370	34.9
A_HA	1489	3656	G	0	0	3656	34.8
A_HA	1490	3898	T	0	0	3898	36.9
A_HA	1491	3981	G	0	0	3981	34.0
A_HA	1492	3476	A	0	0	3476	34.3
A_HA	1493	3624	G	0	0	3624	35.9
A_HA	1494	3742	A	0	0	3742	35.8
A_HA	1495	3770	A	0	0	3770	37.7
A_HA	1496	3792	A	0	0	3792	35.8
A_HA	1497	3969	T	0	0	3969	34.1
A_HA	1498	3729	G	0	0	3729	36.1
A_HA	1499	3411	G	0	0	3411	35.6
A_HA	1500	3821	G	0	0	3821	37.6
A_HA	1501	3860	A	0	0	3860	37.6
A_HA	1502	3322	C	0	0	3322	37.4
A_HA	1503	3763	G	0	0	3763	35.2
A_HA	1504	4307	T	0	0	4307	36.8
A_HA	1505	4080	A	0	0	4080	34.3
A_HA	1506	3973	T	0	0	3973	35.9
A_HA	1507	3839	G	0	0	3839	36.8
A_HA	1508	4175	A	0	0	4175	35.2
A_HA	1509	3484	C	0	0	3484	35.2
A_HA	1510	3908	T	0	0	3908	36.4
A_HA	1511	4177	A	0	0	4177	37.0
A_HA	1512	3902	C	0	0	3902	36.1
A_HA	1513	3844	C	0	0	3844	35.4
A_HA	1514	3888	C	0	0	3888	35.4
A_HA	1515	4438	T	0	0	4438	34.0
A_HA	1516	3909	C	0	0	3909	34.9
A_HA	1517	3834	A	0	0	3834	37.8
A_HA	1518	4360	G	0	0	4360	35.7
A_HA	1519	3923	T	0	0	3923	37.0
A_HA	1520	3919	A	0	0	3919	35.1
A_HA	1521	3665	T	0	0	3665	34.9
A_HA	1522	3996	T	0	0	3996	36.2
A_HA	1523	4154	C	0	0	4154	36.8
A_HA	1524	3924	A	0	0	3924	36.7
A_HA	1525	4107	G	0	0	4107	35.9
A_HA	1526	4305	A	0	0	4305	34.1
A_HA	1527	4009	A	0	0	4009	36.2
A_HA	1528	4132	G	0	0	4132	38.0
A_HA	1529	4457	A	0	0	4457	37.7
A_HA	1530	3831	A	0	0	3831	36.1
A_HA	1531	4054	G	0	0	4054	37.5
A_HA	1532	3817	C	0	0	3817	36.2
A_HA	1533	3862	A	0	0	3862	36.9
A_HA	1534	4137	A	0	0	4137	37.4
A_HA	1535	4072	G	0	0	4072	37.1
A_HA	1536	4380	A	0	0	4380	34.4
A_HA	1537	4114	T	0	0	4114	34.8
A_HA	1538	4045	T	0	0	4045	37.2
A_HA	1539	3813	A	0	0	3813	34.4
A_HA	1540	4031	A	0	0	4031	36.6
A_HA	1541	3863	A	0	0	3863	34.2
A_HA	1542	3968	A	0	0	3968	38.0
A_HA	1543	4369	A	0	0	4369	36.8
A_HA	1544	4295	G	0	0	4295	36.6
A_HA	1545	3633	A	0	0	3633	35.9
A_HA	1546	3901	G	0	0	3901	35.6
A_HA	1547	4138	A	0	0	4138	35.3
A_HA	1548	3450	A	0	0	3450	36.4
A_HA	1549	4136	G	0	0	4136	37.1
A_HA	1550	3766	A	0	0	3766	37.4
A_HA	1551	3734	A	0	0	3734	36.4
A_HA	1552	4280	A	0	0	4280	37.7
A_HA	1553	3807	T	0	0	3807	37.3
A_HA	1554	3969	A	0	0	3969	37.0
A_HA	1555	3840	A	0	0	3840	35.5
A_HA	1556	4142	G	0	0	4142	35.3
A_HA	1557	3819	C	0	0	3819	37.7
A_HA	1558	4231	G	0	0	4231	34.7
A_HA	1559	3934	G	0	0	3934	37.6
A_HA	1560	3669	A	0	0	3669	36.5
A_HA	1561	4073	G	0	0	4073	37.6
A_HA	1562	4135	T	0	0	4135	37.4
A_HA	1563	3689	G	0	0	3689	35.2
A_HA	1564	4450	A	0	0	4450	36.7
A_HA	1565	4047	A	0	0	4047	36.3
A_HA	1566	3919	A	0	0	3919	36.2
A_HA	1567	4156	T	0	0	4156	35.9
A_HA	1568	3900	T	0	0	3900	35.9
A_HA	1569	3901	A	0	0	3901	36.0
A_HA	1570	4332	G	0	0	4332	34.3
A_HA	1571	3529	A	0	0	3529	34.6
A_HA	1572	4134	A	0	0	4134	35.0
A_HA	1573	4316	T	0	0	4316	35.7
A_HA	1574	3309	C	0	0	3309	35.5
A_HA	1575	3927	A	0	0	3927	35.2
A_HA	1576	4064	G	0	0	4064	35.6
A_HA	1577	3749	T	0	0	3749	35.0
A_HA	1578	3809	A	0	0	3809	37.4
A_HA	1579	3998	G	0	0	3998	36.3
A_HA	1580	4426	G	0	0	4426	35.0
A_HA	1581	3674	A	0	0	3674	36.3
A_HA	1582	3630	A	0	0	3630	35.5
A_HA	1583	3826	C	0	0	3826	35.8
A_HA	1584	3709	T	0	0	3709	34.3
A_HA	1585	3536	T	0	0	3536	36.3
A_HA	1586	3396	A	0	0	3396	34.9
A_HA	1587	3552	C	0	0	3552	34.5
A_HA	1588	3593	C	0	0	3593	35.8
A_HA	1589	3631	A	0	0	3631	34.8
A_HA	1590	3251	G	0	0	3251	34.8
A_HA	1591	3453	A	0	0	3453	34.8
A_HA	1592	2988	T	0	0	2988	36.2
A_HA	1593	4034	A	0	0	4034	34.7
A_HA	1594	3480	C	0	0	3480	34.9
A_HA	1595	3446	T	0	0	3446	35.1
A_HA	1596	3648	G	0	0	3648	35.8
A_HA	1597	3574	T	0	0	3574	34.4
A_HA	1598	3196	C	0	0	3196	34.2
A_HA	1599	3511	A	0	0	3511	36.1
A_HA	1600	3795	A	0	0	3795	37.7
A_HA	1601	3326	T	0	0	3326	35.6
A_HA	1602	3267	T	0	0	3267	35.5
A_HA	1603	3283	T	0	0	3283	36.2
A_HA	1604	3568	A	0	0	3568	34.5
A_HA	1605	3536	T	0	0	3536	36.8
A_HA	1606	3230	T	0	0	3230	35.0
A_HA	1607	2959	C	0	0	2959	35.3
A_HA	1608	2782	A	0	0	2782	34.1
A_HA	1609	3039	A	0	0	3039	36.8
A_HA	1610	3120	C	0	0	3120	37.6
A_HA	1611	3073	A	0	0	3073	38.0
A_HA	1612	3149	G	0	0	3149	36.8
A_HA	1613	2906	C	0	0	2906	35.5
A_HA	1614	2398	G	0	0	2398	35.0
A_HA	1615	2850	G	0	0	2850	34.8
A_HA	1616	2522	C	0	0	2522	36.9
A_HA	1617	2588	A	0	0	2588	34.8
A_HA	1618	2544	A	0	0	2544	37.4
A_HA	1619	2554	G	0	0	2554	36.9
A_HA	1620	2665	T	0	0	2665	37.9
A_HA	1621	2465	T	0	0	2465	34.6
A_HA	1622	2249	C	0	0	2249	34.9
A_HA	1623	2354	C	0	0	2354	34.9
A_HA	1624	2408	C	0	0	2408	36.0
A_HA	1625	2358	T	0	0	2358	35.9
A_HA	1626	2221	A	0	0	2221	37.4
A_HA	1627	2225	G	0	0	2225	37.3
A_HA	1628	2318	C	0	0	2318	37.5
A_HA	1629	2083	A	0	0	2083	34.2
A_HA	1630	2014	C	0	0	2014	35.5
A_HA	1631	2105	T	0	0	2105	36.9
A_HA	1632	1910	G	0	0	1910	36.6
A_HA	1633	1949	G	0	0	1949	37.1
A_HA	1634	2073	C	0	0	2073	36.0
A_HA	1635	2128	A	0	0	2128	36.3
A_HA	1636	2142	A	0	0	2142	35.3
A_HA	1637	1823	T	0	0	1823	36.2
A_HA	1638	1982	C	0	0	1982	34.6
A_HA	1639	1754	A	0	0	1754	37.5
A_HA	1640	1734	T	0	0	1734	34.2
A_HA	1641	1585	G	0	0	1585	37.6
A_HA	1642	1708	A	0	0	1708	36.4
A_HA	1643	1578	T	0	0	1578	37.0
A_HA	1644	1441	G	0	0	1441	36.2
A_HA	1645	1548	G	0	0	1548	37.6
A_HA	1646	1522	C	0	0	1522	36.5
A_HA	1647	1476	T	0	0	1476	34.0
A_HA	1648	1396	G	0	0	1396	34.5
A_HA	1649	1332	G	0	0	1332	36.0
A_HA	1650	1254	T	0	0	1254	35.5
A_HA	1651	1272	C	0	0	1272	37.4
A_HA	1652	1296	T	0	0	1296	36.8
A_HA	1653	1387	A	0	0	1387	35.8
A_HA	1654	1225	T	0	0	1225	34.3
A_HA	1655	1225	C	0	0	1225	34.3
A_HA	1656	1113	T	0	0	1113	34.4
A_HA	1657	1137	T	0	0	1137	34.2
A_HA	1658	1135	T	0	0	1135	34.9
A_HA	1659	1176	A	0	0	1176	36.2
A_HA	1660	1016	T	0	0	1016	37.4
A_HA	1661	1033	G	0	0	1033	34.4
A_HA	1662	1096	G	0	0	1096	35.8
A_HA	1663	919	A	0	0	919	36.3
A_HA	1664	870	T	0	0	870	36.6
A_HA	1665	958	G	0	0	958	35.5
A_HA	1666	844	T	0	0	844	36.8
A_HA	1667	771	G	0	0	771	37.2
A_HA	1668	792	C	0	0	792	35.8
A_HA	1669	834	T	0	0	834	37.5
A_HA	1670	794	C	0	0	794	35.0
A_HA	1671	730	C	0	0	730	35.2
A_HA	1672	680	A	0	0	680	37.1
A_HA	1673	672	A	0	0	672	35.2
A_HA	1674	658	T	0	0	658	35.7
A_HA	1675	649	G	0	0	649	36.7
A_HA	1676	663	G	0	0	663	37.5
A_HA	1677	618	G	0	0	618	35.4
A_HA	1678	606	T	0	0	606	37.4
A_HA	1679	626	C	0	0	626	37.1
A_HA	1680	617	G	0	0	617	35.2
A_HA	1681	534	T	0	0	534	34.6
A_HA	1682	489	T	0	0	489	35.8
A_HA	1683	463	A	0	0	463	38.0
A_HA	1684	448	C	0	0	448	37.1
A_HA	1685	400	A	0	0	400	37.4
A_HA	1686	366	A	0	0	366	34.6
A_HA	1687	363	T	0	0	363	34.4
A_HA	1688	329	G	0	0	329	37.3
A_HA	1689	335	C	0	0	335	35.3
A_HA	1690	311	A	0	0	311	36.7
A_HA	1691	286	G	0	0	286	36.3
A_HA	1692	298	A	0	0	298	37.9
A_HA	1693	237	A	0	0	237	37.7
A_HA	1694	213	T	0	0	213	34.8
A_HA	1695	194	T	0	0	194	35.0
A_HA	1696	175	T	0	0	175	37.7
A_HA	1697	140	G	0	0	140	37.9
A_HA	1698	124	C	0	0	124	36.6
A_HA	1699	116	A	0	0	116	35.1
A_HA	1700	85	T	0	0	85	34.3
A_HA	1701	72	T	0	0	72	37.3
A_HA	1702	42	T	0	0	42	37.7
A_HA	1703	21	A	0	0	21	34.4
A_HA	1704	0	G	0	0	0	35.5
