Reference_Name	Position	Coverage Depth	Consensus	Deletions	Ambiguous	Consensus_Count	Consensus_Average_Quality
A_NA	1	31	A	0	0	31	37.5
A_NA	2	75	T	0	0	75	35.4
A_NA	3	94	G	0	0	94	35.3
A_NA	4	130	A	0	0	130	37.3
A_NA	5	151	A	0	0	151	34.8
A_NA	6	194	T	0	0	194	36.3
A_NA	7	224	C	0	0	224	37.0
A_NA	8	254	C	0	0	254	34.7
A_NA	9	276	A	0	0	276	37.9
A_NA	10	324	A	0	0	324	34.1
A_NA	11	322	A	0	0	322	34.0
A_NA	12	378	T	0	0	378	34.6
A_NA	13	403	C	0	0	403	36.7
A_NA	14	452	A	0	0	452	36.3
A_NA	15	396	A	0	0	396	34.1
A_NA	16	498	A	0	0	498	35.4
A_NA	17	569	G	0	0	569	37.5
A_NA	18	496	G	0	0	496	36.0
A_NA	19	567	A	0	0	567	34.8
A_NA	20	610	T	0	0	610	34.3
A_NA	21	618	A	0	0	618	34.4
A_NA	22	671	A	0	0	671	37.3
A_NA	23	573	T	0	0	573	34.8
A_NA	24	659	A	0	0	659	37.9
A_NA	25	836	A	0	0	836	34.2
A_NA	26	753	C	0	0	753	37.5
A_NA	27	747	C	0	0	747	36.3
A_NA	28	863	A	0	0	863	35.4
A_NA	29	748	C	0	0	748	37.4
A_NA	30	907	T	0	0	907	35.8
A_NA	31	827	G	0	0	827	37.8
A_NA	32	890	G	0	0	890	37.0
A_NA	33	822	A	0	0	822	36.5
A_NA	34	889	T	0	0	889	37.0
A_NA	35	891	C	0	0	891	36.5
A_NA	36	829	A	0	0	829	37.4
A_NA	37	1022	A	0	0	1022	35.0
A_NA	38	1096	T	0	0	1096	37.9
A_NA	39	1063	C	0	0	1063	36.4
A_NA	40	896	T	0	0	896	34.6
A_NA	41	1126	G	0	0	1126	36.5
A_NA	42	1026	T	0	0	1026	37.9
A_NA	43	1008	A	0	0	1008	35.0
A_NA	44	1059	T	0	0	1059	34.2
A_NA	45	1115	G	0	0	1115	35.4
A_NA	46	1065	G	0	0	1065	35.3
A_NA	47	1252	T	0	0	1252	37.9
A_NA	48	1230	A	0	0	1230	37.9
A_NA	49	1154	A	0	0	1154	37.9
A_NA	50	1235	T	0	0	1235	37.5
A_NA	51	1184	T	0	0	1184	36.9
A_NA	52	1154	G	0	0	1154	36.7
A_NA	53	1237	G	0	0	1237	37.1
A_NA	54	1203	G	0	0	1203	35.0
A_NA	55	1145	A	0	0	1145	36.9
A_NA	56	1288	T	0	0	1288	36.4
A_NA	57	1261	A	0	0	1261	35.1
A_NA	58	1411	G	0	0	1411	36.7
A_NA	59	1398	T	0	0	1398	38.0
A_NA	60	1425	C	0	0	1425	34.7
A_NA	61	1446	A	0	0	1446	35.3
A_NA	62	1431	G	0	0	1431	37.2
A_NA	63	1274	C	0	0	1274	36.5
A_NA	64	1466	T	0	0	1466	34.3
A_NA	65	1369	T	0	0	1369	35.0
A_NA	66	1515	G	0	0	1515	35.7
A_NA	67	1383	A	0	0	1383	35.3
A_NA	68	1443	T	0	0	1443	35.3
A_NA	69	1542	G	0	0	1542	36.2
A_NA	70	1655	C	0	0	1655	36.5
A_NA	71	1549	T	0	0	1549	34.2
A_NA	72	1354	G	0	0	1354	35.2
A_NA	73	1599	C	0	0	1599	34.4
A_NA	74	1687	A	0	0	1687	37.1
A_NA	75	1655	A	0	0	1655	38.0
A_NA	76	1567	A	0	0	1567	36.8
A_NA	77	1847	T	0	0	1847	37.6
A_NA	78	1677	T	0	0	1677	37.8
A_NA	79	1506	G	0	0	1506	34.5
A_NA	80	1674	G	0	0	1674	34.3
A_NA	81	1646	G	0	0	1646	37.7
A_NA	82	1735	A	0	0	1735	36.2
A_NA	83	1945	A	0	0	1945	34.9
A_NA	84	1927	C	0	0	1927	34.2
A_NA	85	1779	A	0	0	1779	35.6
A_NA	86	1757	T	0	0	1757	37.1
A_NA	87	1983	A	0	0	1983	37.7
A_NA	88	1736	A	0	0	1736	34.5
A_NA	89	1910	T	0	0	1910	34.3
A_NA	90	1787	C	0	0	1787	36.6
A_NA	91	1616	T	0	0	1616	36.0
A_NA	92	1937	C	0	0	1937	37.1
A_NA	93	1846	A	0	0	1846	35.9
A_NA	94	1966	A	0	0	1966	34.6
A_NA	95	1885	T	0	0	1885	37.7
A_NA	96	1928	A	0	0	1928	34.2
A_NA	97	1968	T	0	0	1968	37.5
A_NA	98	1954	G	0	0	1954	34.9
A_NA	99	1894	G	0	0	1894	35.4
A_NA	100	2050	G	0	0	2050	35.9
A_NA	101	1915	T	0	0	1915	36.5
A_NA	102	1874	T	0	0	1874	36.7
A_NA	103	1742	A	0	0	1742	37.0
A_NA	104	2105	G	0	0	2105	35.0
A_NA	105	1867	C	0	0	1867	37.9
A_NA	106	1849	C	0	0	1849	35.8
A_NA	107	1819	A	0	0	1819	34.8
A_NA	108	1878	T	0	0	1878	37.1
A_NA	109	1959	T	0	0	1959	35.6
A_NA	110	1900	C	0	0	1900	37.4
A_NA	111	2210	A	0	0	2210	35.4
A_NA	112	1900	A	0	0	1900	37.4
A_NA	113	1914	T	0	0	1914	36.0
A_NA	114	1906	C	0	0	1906	36.6
A_NA	115	1870	C	0	0	1870	35.8
A_NA	116	1971	A	0	0	1971	34.5
A_NA	117	1711	A	0	0	1711	37.1
A_NA	118	1850	A	0	0	1850	38.0
A_NA	119	1993	C	0	0	1993	36.8
A_NA	120	1909	A	0	0	1909	35.4
A_NA	121	1807	G	0	0	1807	34.2
A_NA	122	1812	G	0	0	1812	35.2
A_NA	123	2017	G	0	0	2017	35.3
A_NA	124	1945	A	0	0	1945	36.4
A_NA	125	1933	A	0	0	1933	35.4
A_NA	126	1963	T	0	0	1963	34.2
A_NA	127	2023	C	0	0	2023	34.0
A_NA	128	2090	A	0	0	2090	34.2
A_NA	129	1901	A	0	0	1901	36.3
A_NA	130	1966	T	0	0	1966	35.5
A_NA	131	1849	A	0	0	1849	35.3
A_NA	132	2123	C	0	0	2123	34.1
A_NA	133	1852	C	0	0	1852	34.9
A_NA	134	1970	A	0	0	1970	36.3
A_NA	135	2117	G	0	0	2117	36.4
A_NA	136	1858	C	0	0	1858	37.3
A_NA	137	1915	C	0	0	1915	37.1
A_NA	138	1808	T	0	0	1808	35.7
A_NA	139	1838	G	0	0	1838	36.3
A_NA	140	1880	A	0	0	1880	34.0
A_NA	141	1974	A	0	0	1974	36.1
A_NA	142	2148	C	0	0	2148	36.2
A_NA	143	1873	C	0	0	1873	34.0
A_NA	144	2132	A	0	0	2132	37.8
A_NA	145	2080	T	0	0	2080	36.3
A_NA	146	2170	G	0	0	2170	35.1
A_NA	147	2207	C	0	0	2207	38.0
A_NA	148	2047	A	0	0	2047	35.5
A_NA	149	2032	A	0	0	2032	37.0
A_NA	150	2097	T	0	0	2097	36.6
A_NA	151	2300	C	0	0	2300	34.1
A_NA	152	2107	A	0	0	2107	35.6
A_NA	153	1887	A	0	0	1887	37.8
A_NA	154	1954	A	0	0	1954	34.5
A_NA	155	2151	G	0	0	2151	36.1
A_NA	156	2283	C	0	0	2283	37.8
A_NA	157	1987	A	0	0	1987	34.8
A_NA	158	2005	T	0	0	2005	35.1
A_NA	159	2002	C	0	0	2002	37.5
A_NA	160	2112	A	0	0	2112	35.9
A_NA	161	2069	T	0	0	2069	37.2
A_NA	162	2177	T	0	0	2177	34.4
A_NA	163	2047	G	0	0	2047	36.1
A_NA	164	2127	C	0	0	2127	36.1
A_NA	165	2242	C	0	0	2242	37.1
A_NA	166	2082	T	0	0	2082	35.0
A_NA	167	2188	A	0	0	2188	34.7
A_NA	168	2155	T	0	0	2155	35.7
A_NA	169	1965	G	0	0	1965	35.0
A_NA	170	2063	A	0	0	2063	35.8
A_NA	171	1852	G	0	0	1852	37.9
A_NA	172	2061	A	0	0	2061	34.8
A_NA	173	2121	A	0	0	2121	34.8
A_NA	174	2104	C	0	0	2104	35.8
A_NA	175	2105	A	0	0	2105	36.0
A_NA	176	2314	A	0	0	2314	36.7
A_NA	177	2071	C	0	0	2071	35.2
A_NA	178	2051	A	0	0	2051	36.0
A_NA	179	1979	C	0	0	1979	36.5
A_NA	180	1842	C	0	0	1842	35.0
A_NA	181	1952	T	0	0	1952	35.2
A_NA	182	1788	G	0	0	1788	34.8
A_NA	183	1982	G	0	0	1982	36.7
A_NA	184	2041	G	0	0	2041	35.0
A_NA	185	2145	T	0	0	2145	35.1
A_NA	186	2101	A	0	0	2101	34.7
A_NA	187	2183	A	0	0	2183	34.6
A_NA	188	1725	A	0	0	1725	34.9
A_NA	189	2140	T	0	0	2140	36.9
A_NA	190	2153	C	0	0	2153	35.8
A_NA	191	2371	A	0	0	2371	37.9
A_NA	192	2153	G	0	0	2153	35.2
A_NA	193	1963	A	0	0	1963	37.7
A_NA	194	2014	C	0	0	2014	37.3
A_NA	195	2304	G	0	0	2304	36.7
A_NA	196	1898	T	0	0	1898	36.4
A_NA	197	1811	A	0	0	1811	35.2
A_NA	198	1986	T	0	0	1986	36.6
A_NA	199	1866	G	0	0	1866	35.0
A_NA	200	2097	T	0	0	2097	36.5
A_NA	201	2085	C	0	0	2085	37.5
A_NA	202	1973	A	0	0	1973	34.1
A_NA	203	1921	A	0	0	1921	35.1
A_NA	204	2150	C	0	0	2150	37.6
A_NA	205	1893	A	0	0	1893	35.4
A_NA	206	2218	T	0	0	2218	35.2
A_NA	207	2147	C	0	0	2147	37.0
A_NA	208	1896	A	0	0	1896	36.1
A_NA	209	1802	A	0	0	1802	37.7
A_NA	210	2041	C	0	0	2041	37.6
A_NA	211	1927	A	0	0	1927	37.2
A_NA	212	1677	A	0	0	1677	36.9
A_NA	213	2134	T	0	0	2134	37.1
A_NA	214	1889	A	0	0	1889	37.0
A_NA	215	1937	C	0	0	1937	37.1
A_NA	216	1669	C	0	0	1669	37.2
A_NA	217	1994	A	0	0	1994	36.0
A_NA	218	2054	A	0	0	2054	35.5
A_NA	219	2008	T	0	0	2008	34.8
A_NA	220	1931	T	0	0	1931	35.0
A_NA	221	1758	T	0	0	1758	34.1
A_NA	222	1822	T	0	0	1822	37.9
A_NA	223	1755	C	0	0	1755	37.2
A_NA	224	1957	T	0	0	1957	34.3
A_NA	225	2049	T	0	0	2049	35.3
A_NA	226	1837	G	0	0	1837	35.1
A_NA	227	1794	C	0	0	1794	34.8
A_NA	228	1837	T	0	0	1837	37.2
A_NA	229	1850	G	0	0	1850	35.3
A_NA	230	1924	A	0	0	1924	35.4
A_NA	231	1812	G	0	0	1812	35.1
A_NA	232	1749	C	0	0	1749	36.9
A_NA	233	1714	A	0	0	1714	35.4
A_NA	234	1761	G	0	0	1761	34.9
A_NA	235	2022	G	0	0	2022	34.0
A_NA	236	1908	C	0	0	1908	34.7
A_NA	237	1725	T	0	0	1725	37.3
A_NA	238	1809	G	0	0	1809	35.1
A_NA	239	1715	T	0	0	1715	37.2
A_NA	240	1762	T	0	0	1762	35.8
A_NA	241	1864	A	0	0	1864	35.5
A_NA	242	1876	C	0	0	1876	37.8
A_NA	243	1715	T	0	0	1715	34.2
A_NA	244	1839	T	0	0	1839	34.4
A_NA	245	1655	C	0	0	1655	35.8
A_NA	246	1789	G	0	0	1789	36.8
A_NA	247	1695	G	0	0	1695	34.7
A_NA	248	1877	T	0	0	1877	36.8
A_NA	249	1801	A	0	0	1801	37.7
A_NA	250	1877	A	0	0	1877	37.5
A_NA	251	1762	C	0	0	1762	34.3
A_NA	252	1705	A	0	0	1705	35.7
A_NA	253	1864	T	0	0	1864	35.4
A_NA	254	1806	T	0	0	1806	34.1
A_NA	255	1611	A	0	0	1611	36.3
A_NA	256	1686	G	0	0	1686	36.7
A_NA	257	1807	C	0	0	1807	37.1
A_NA	258	1731	G	0	0	1731	34.3
A_NA	259	1889	G	0	0	1889	35.3
A_NA	260	1762	G	0	0	1762	37.9
A_NA	261	2017	C	0	0	2017	35.7
A_NA	262	1794	A	0	0	1794	35.8
A_NA	263	1782	A	0	0	1782	37.9
A_NA	264	1866	T	0	0	1866	36.9
A_NA	265	1866	T	0	0	1866	35.8
A_NA	266	1787	C	0	0	1787	36.9
A_NA	267	1720	A	0	0	1720	35.1
A_NA	268	1891	T	0	0	1891	35.2
A_NA	269	1783	C	0	0	1783	35.9
A_NA	270	1821	T	0	0	1821	36.6
A_NA	271	1666	C	0	0	1666	36.3
A_NA	272	2037	T	0	0	2037	36.0
A_NA	273	1936	T	0	0	1936	34.4
A_NA	274	1893	T	0	0	1893	36.9
A_NA	275	1861	G	0	0	1861	35.4
A_NA	276	2028	C	0	0	2028	36.4
A_NA	277	1855	C	0	0	1855	37.6
A_NA	278	2036	C	0	0	2036	37.6
A_NA	279	1966	T	0	0	1966	35.5
A_NA	280	2039	A	0	0	2039	35.2
A_NA	281	2091	T	0	0	2091	35.2
A_NA	282	1925	T	0	0	1925	37.2
A_NA	283	2306	A	0	0	2306	35.9
A_NA	284	1979	G	0	0	1979	37.7
A_NA	285	1940	T	0	0	1940	34.5
A_NA	286	1916	G	0	0	1916	37.0
A_NA	287	1948	G	0	0	1948	36.7
A_NA	288	2159	G	0	0	2159	37.1
A_NA	289	2004	T	0	0	2004	34.6
A_NA	290	1997	G	0	0	1997	35.3
A_NA	291	1901	G	0	0	1901	35.3
A_NA	292	1996	G	0	0	1996	34.3
A_NA	293	2071	C	0	0	2071	37.7
A_NA	294	2156	T	0	0	2156	34.4
A_NA	295	2102	A	0	0	2102	36.8
A_NA	296	2018	T	0	0	2018	34.2
A_NA	297	1999	A	0	0	1999	35.1
A_NA	298	2176	T	0	0	2176	35.5
A_NA	299	1881	A	0	0	1881	35.9
A_NA	300	2147	C	0	0	2147	35.0
A_NA	301	2325	A	0	0	2325	34.4
A_NA	302	2482	G	0	0	2482	34.1
A_NA	303	2253	T	0	0	2253	37.0
A_NA	304	2313	A	0	0	2313	34.9
A_NA	305	2540	A	0	0	2540	35.9
A_NA	306	2110	G	0	0	2110	35.4
A_NA	307	2331	G	0	0	2331	37.6
A_NA	308	2441	A	0	0	2441	36.7
A_NA	309	2169	C	0	0	2169	35.9
A_NA	310	2282	A	0	0	2282	38.0
A_NA	311	2144	A	0	0	2144	36.8
A_NA	312	2225	C	0	0	2225	34.9
A_NA	313	2313	G	0	0	2313	34.7
A_NA	314	2311	G	0	0	2311	37.4
A_NA	315	2706	T	0	0	2706	37.1
A_NA	316	2615	A	0	0	2615	35.7
A_NA	317	2148	T	0	0	2148	37.8
A_NA	318	2477	A	0	0	2477	34.6
A_NA	319	2313	A	0	0	2313	35.0
A_NA	320	2535	G	0	0	2535	36.5
A_NA	321	2524	A	0	0	2524	37.5
A_NA	322	2628	A	0	0	2628	36.7
A_NA	323	2682	T	0	0	2682	35.8
A_NA	324	2614	T	0	0	2614	37.8
A_NA	325	2647	G	0	0	2647	34.6
A_NA	326	2537	G	0	0	2537	34.2
A_NA	327	2683	G	0	0	2683	35.1
A_NA	328	2523	T	0	0	2523	35.3
A_NA	329	2563	C	0	0	2563	35.6
A_NA	330	2924	C	0	0	2924	35.0
A_NA	331	2562	A	0	0	2562	34.4
A_NA	332	2642	A	0	0	2642	34.4
A_NA	333	2872	G	0	0	2872	34.5
A_NA	334	2842	G	0	0	2842	35.7
A_NA	335	2783	G	0	0	2783	34.8
A_NA	336	3219	G	0	0	3219	37.3
A_NA	337	2944	G	0	0	2944	35.9
A_NA	338	2607	A	0	0	2607	37.5
A_NA	339	2873	T	0	0	2873	34.2
A_NA	340	2675	G	0	0	2675	35.4
A_NA	341	2881	T	0	0	2881	35.7
A_NA	342	2642	G	0	0	2642	36.3
A_NA	343	2567	T	0	0	2567	35.3
A_NA	344	3054	T	0	0	3054	35.0
A_NA	345	3062	T	0	0	3062	36.1
A_NA	346	2911	G	0	0	2911	35.9
A_NA	347	2906	T	0	0	2906	37.3
A_NA	348	2909	T	0	0	2909	34.2
A_NA	349	2684	A	0	0	2684	34.5
A_NA	350	3045	T	0	0	3045	36.3
A_NA	351	2755	A	0	0	2755	37.2
A_NA	352	3054	A	0	0	3054	36.4
A_NA	353	2964	G	0	0	2964	36.2
A_NA	354	2788	G	0	0	2788	37.0
A_NA	355	3261	G	0	0	3261	36.0
A_NA	356	3194	A	0	0	3194	35.2
A_NA	357	3072	A	0	0	3072	36.2
A_NA	358	2720	C	0	0	2720	36.0
A_NA	359	3178	C	0	0	3178	36.2
A_NA	360	2940	G	0	0	2940	35.8
A_NA	361	2860	T	0	0	2860	35.8
A_NA	362	3060	T	0	0	3060	35.0
A_NA	363	3156	C	0	0	3156	36.1
A_NA	364	2857	A	0	0	2857	35.2
A_NA	365	3228	T	0	0	3228	36.3
A_NA	366	2979	C	0	0	2979	35.3
A_NA	367	2965	T	0	0	2965	36.1
A_NA	368	2835	C	0	0	2835	36.1
A_NA	369	3060	A	0	0	3060	36.9
A_NA	370	2786	T	0	0	2786	35.4
A_NA	371	3035	G	0	0	3035	35.2
A_NA	372	3126	C	0	0	3126	35.3
A_NA	373	2900	T	0	0	2900	36.4
A_NA	374	2939	C	0	0	2939	34.1
A_NA	375	3117	C	0	0	3117	34.1
A_NA	376	2965	C	0	0	2965	34.3
A_NA	377	3086	A	0	0	3086	36.1
A_NA	378	3140	C	0	0	3140	37.9
A_NA	379	3217	T	0	0	3217	34.9
A_NA	380	3140	T	0	0	3140	37.0
A_NA	381	2784	G	0	0	2784	34.0
A_NA	382	3085	G	0	0	3085	35.7
A_NA	383	2898	A	0	0	2898	36.6
A_NA	384	2976	A	0	0	2976	34.8
A_NA	385	3136	T	0	0	3136	37.7
A_NA	386	2946	G	0	0	2946	36.7
A_NA	387	2915	C	0	0	2915	35.7
A_NA	388	3073	A	0	0	3073	36.2
A_NA	389	3345	G	0	0	3345	36.2
A_NA	390	2960	A	0	0	2960	37.0
A_NA	391	3340	A	0	0	3340	34.5
A_NA	392	2756	C	0	0	2756	34.4
A_NA	393	3019	C	0	0	3019	36.2
A_NA	394	3249	T	0	0	3249	37.6
A_NA	395	2826	T	0	0	2826	35.4
A_NA	396	2841	T	0	0	2841	36.5
A_NA	397	3107	T	0	0	3107	35.0
A_NA	398	3066	T	0	0	3066	37.4
A_NA	399	2886	T	0	0	2886	34.0
A_NA	400	2867	C	0	0	2867	36.5
A_NA	401	3369	T	0	0	3369	36.5
A_NA	402	2832	G	0	0	2832	37.6
A_NA	403	3198	A	0	0	3198	34.8
A_NA	404	3000	C	0	0	3000	34.9
A_NA	405	3235	C	0	0	3235	37.9
A_NA	406	2968	C	0	0	2968	37.8
A_NA	407	3096	A	0	0	3096	37.2
A_NA	408	3000	G	0	0	3000	36.4
A_NA	409	3109	G	0	0	3109	35.3
A_NA	410	2911	G	0	0	2911	37.5
A_NA	411	2903	A	0	0	2903	34.4
A_NA	412	2795	G	0	0	2795	34.3
A_NA	413	2961	C	0	0	2961	37.5
A_NA	414	2931	T	0	0	2931	36.6
A_NA	415	2894	C	0	0	2894	35.4
A_NA	416	3075	T	0	0	3075	34.1
A_NA	417	2787	G	0	0	2787	37.2
A_NA	418	2681	C	0	0	2681	34.4
A_NA	419	2620	T	0	0	2620	36.3
A_NA	420	2977	G	0	0	2977	37.9
A_NA	421	2835	A	0	0	2835	35.4
A_NA	422	2426	A	0	0	2426	37.4
A_NA	423	2914	T	0	0	2914	35.2
A_NA	424	2640	G	0	0	2640	36.0
A_NA	425	2731	A	0	0	2731	36.1
A_NA	426	2675	C	0	0	2675	37.4
A_NA	427	2778	A	0	0	2778	37.0
A_NA	428	2344	A	0	0	2344	34.4
A_NA	429	2555	A	0	0	2555	36.8
A_NA	430	2483	C	0	0	2483	36.5
A_NA	431	2620	A	0	0	2620	38.0
A_NA	432	2639	T	0	0	2639	34.9
A_NA	433	2443	T	0	0	2443	35.1
A_NA	434	2845	C	0	0	2845	35.7
A_NA	435	2463	T	0	0	2463	36.1
A_NA	436	2456	A	0	0	2456	36.9
A_NA	437	2589	A	0	0	2589	37.1
A_NA	438	2449	T	0	0	2449	37.8
A_NA	439	2480	G	0	0	2480	37.3
A_NA	440	2338	G	0	0	2338	36.9
A_NA	441	2563	G	0	0	2563	36.1
A_NA	442	2605	A	0	0	2605	36.4
A_NA	443	2332	C	0	0	2332	34.6
A_NA	444	2782	C	0	0	2782	37.7
A_NA	445	2603	G	0	0	2603	34.7
A_NA	446	2360	T	0	0	2360	34.5
A_NA	447	2591	T	0	0	2591	35.1
A_NA	448	2403	A	0	0	2403	37.1
A_NA	449	2515	A	0	0	2515	35.4
A_NA	450	2670	G	0	0	2670	35.1
A_NA	451	2444	G	0	0	2444	37.7
A_NA	452	2397	A	0	0	2397	34.5
A_NA	453	2547	T	0	0	2547	34.8
A_NA	454	2580	A	0	0	2580	36.9
A_NA	455	2366	G	0	0	2366	36.7
A_NA	456	2351	A	0	0	2351	37.4
A_NA	457	2429	A	0	0	2429	35.4
A_NA	458	2652	G	0	0	2652	36.1
A_NA	459	2410	C	0	0	2410	37.9
A_NA	460	2480	C	0	0	2480	36.9
A_NA	461	2434	C	0	0	2434	34.6
A_NA	462	2675	C	0	0	2675	34.9
A_NA	463	2475	T	0	0	2475	35.9
A_NA	464	2291	A	0	0	2291	38.0
A_NA	465	2338	T	0	0	2338	37.7
A_NA	466	2076	A	0	0	2076	34.1
A_NA	467	2067	G	0	0	2067	34.8
A_NA	468	2510	A	0	0	2510	36.3
A_NA	469	2518	A	0	0	2518	35.1
A_NA	470	2205	C	0	0	2205	34.3
A_NA	471	2320	T	0	0	2320	36.7
A_NA	472	2221	T	0	0	2221	35.0
A_NA	473	2126	T	0	0	2126	35.5
A_NA	474	2087	G	0	0	2087	35.9
A_NA	475	2328	A	0	0	2328	35.7
A_NA	476	2203	T	0	0	2203	35.2
A_NA	477	2340	G	0	0	2340	37.7
A_NA	478	2371	A	0	0	2371	35.8
A_NA	479	2168	G	0	0	2168	35.5
A_NA	480	2573	T	0	0	2573	35.3
A_NA	481	2322	T	0	0	2322	36.7
A_NA	482	2258	G	0	0	2258	36.0
A_NA	483	2435	T	0	0	2435	34.8
A_NA	484	2373	C	0	0	2373	36.8
A_NA	485	2311	C	0	0	2311	35.8
A_NA	486	2293	C	0	0	2293	37.4
A_NA	487	2416	G	0	0	2416	37.8
A_NA	488	2072	T	0	0	2072	34.7
A_NA	489	2331	G	0	0	2331	35.7
A_NA	490	2341	G	0	0	2341	37.3
A_NA	491	2313	G	0	0	2313	35.4
A_NA	492	2223	T	0	0	2223	36.5
A_NA	493	2038	G	0	0	2038	36.2
A_NA	494	2298	A	0	0	2298	36.9
A_NA	495	2331	G	0	0	2331	37.4
A_NA	496	2084	G	0	0	2084	37.4
A_NA	497	2225	C	0	0	2225	35.9
A_NA	498	2032	T	0	0	2032	35.0
A_NA	499	2194	C	0	0	2194	38.0
A_NA	500	2194	C	0	0	2194	34.5
A_NA	501	2237	T	0	0	2237	35.2
A_NA	502	2417	T	0	0	2417	37.9
A_NA	503	2313	C	0	0	2313	34.9
A_NA	504	2607	C	0	0	2607	35.7
A_NA	505	2460	C	0	0	2460	35.5
A_NA	506	2141	C	0	0	2141	34.4
A_NA	507	2391	G	0	0	2391	36.2
A_NA	508	2178	T	0	0	2178	36.1
A_NA	509	2506	A	0	0	2506	35.9
A_NA	510	2178	C	0	0	2178	35.1
A_NA	511	2260	A	0	0	2260	36.7
A_NA	512	2183	A	0	0	2183	34.4
A_NA	513	2302	T	0	0	2302	34.1
A_NA	514	2203	T	0	0	2203	34.6
A_NA	515	2496	C	0	0	2496	37.4
A_NA	516	2379	A	0	0	2379	34.5
A_NA	517	2245	A	0	0	2245	36.7
A_NA	518	2310	G	0	0	2310	36.6
A_NA	519	2546	A	0	0	2546	36.2
A_NA	520	2396	T	0	0	2396	37.2
A_NA	521	2469	T	0	0	2469	37.0
A_NA	522	2373	T	0	0	2373	37.6
A_NA	523	2267	G	0	0	2267	35.5
A_NA	524	2507	A	0	0	2507	37.0
A_NA	525	2531	G	0	0	2531	35.3
A_NA	526	2367	T	0	0	2367	35.6
A_NA	527	2379	C	0	0	2379	35.9
A_NA	528	2356	T	0	0	2356	37.5
A_NA	529	2406	G	0	0	2406	35.5
A_NA	530	2227	T	0	0	2227	35.2
A_NA	531	2526	T	0	0	2526	37.3
A_NA	532	2312	G	0	0	2312	37.2
A_NA	533	2447	C	0	0	2447	35.5
A_NA	534	2163	T	0	0	2163	35.6
A_NA	535	2319	T	0	0	2319	35.7
A_NA	536	2272	G	0	0	2272	37.7
A_NA	537	2306	G	0	0	2306	38.0
A_NA	538	2159	T	0	0	2159	37.6
A_NA	539	2619	C	0	0	2619	35.3
A_NA	540	2810	G	0	0	2810	35.7
A_NA	541	2222	G	0	0	2222	37.7
A_NA	542	2727	C	0	0	2727	36.9
A_NA	543	2252	A	0	0	2252	35.3
A_NA	544	2262	A	0	0	2262	36.7
A_NA	545	2318	G	0	0	2318	36.5
A_NA	546	2356	T	0	0	2356	35.8
A_NA	547	2626	G	0	0	2626	36.1
A_NA	548	2236	C	0	0	2236	36.6
A_NA	549	2510	T	0	0	2510	37.5
A_NA	550	2471	T	0	0	2471	35.5
A_NA	551	2656	G	0	0	2656	37.0
A_NA	552	2441	T	0	0	2441	34.4
A_NA	553	2342	C	0	0	2342	36.1
A_NA	554	2365	A	0	0	2365	34.1
A_NA	555	2094	T	0	0	2094	37.7
A_NA	556	2309	G	0	0	2309	36.0
A_NA	557	2402	A	0	0	2402	37.3
A_NA	558	2259	T	0	0	2259	37.7
A_NA	559	2238	G	0	0	2238	35.5
A_NA	560	2186	G	0	0	2186	37.4
A_NA	561	2203	C	0	0	2203	36.7
A_NA	562	2336	A	0	0	2336	35.6
A_NA	563	2446	T	0	0	2446	36.0
A_NA	564	2204	C	0	0	2204	36.2
A_NA	565	2513	A	0	0	2513	34.0
A_NA	566	2372	G	0	0	2372	37.4
A_NA	567	2186	T	0	0	2186	37.3
A_NA	568	2359	T	0	0	2359	36.4
A_NA	569	2822	G	0	0	2822	35.2
A_NA	570	2583	G	0	0	2583	35.0
A_NA	571	2148	T	0	0	2148	37.2
A_NA	572	2316	T	0	0	2316	37.3
A_NA	573	2312	G	0	0	2312	34.0
A_NA	574	2262	A	0	0	2262	34.8
A_NA	575	2108	C	0	0	2108	34.1
A_NA	576	2198	A	0	0	2198	37.5
A_NA	577	2522	A	0	0	2522	34.4
A_NA	578	2557	T	0	0	2557	36.2
A_NA	579	2089	C	0	0	2089	34.0
A_NA	580	2334	G	0	0	2334	34.6
A_NA	581	2128	G	0	0	2128	37.2
A_NA	582	2130	T	0	0	2130	35.5
A_NA	583	2138	A	0	0	2138	35.2
A_NA	584	2400	T	0	0	2400	34.9
A_NA	585	2113	T	0	0	2113	35.9
A_NA	586	2167	T	0	0	2167	36.6
A_NA	587	2144	C	0	0	2144	36.1
A_NA	588	2122	T	0	0	2122	37.2
A_NA	589	2256	G	0	0	2256	34.5
A_NA	590	2203	G	0	0	2203	34.6
A_NA	591	2076	T	0	0	2076	34.4
A_NA	592	2141	C	0	0	2141	35.6
A_NA	593	2221	C	0	0	2221	36.9
A_NA	594	2342	A	0	0	2342	37.1
A_NA	595	2266	G	0	0	2266	36.7
A_NA	596	1924	A	0	0	1924	37.2
A_NA	597	1973	C	0	0	1973	35.9
A_NA	598	2198	A	0	0	2198	35.7
A_NA	599	2041	A	0	0	2041	34.9
A_NA	600	2118	T	0	0	2118	34.8
A_NA	601	2147	G	0	0	2147	36.0
A_NA	602	2206	G	0	0	2206	37.9
A_NA	603	2347	A	0	0	2347	36.6
A_NA	604	1893	G	0	0	1893	35.2
A_NA	605	1945	C	0	0	1945	35.3
A_NA	606	2000	T	0	0	2000	37.8
A_NA	607	2151	G	0	0	2151	35.9
A_NA	608	1968	T	0	0	1968	35.0
A_NA	609	1940	G	0	0	1940	34.5
A_NA	610	1933	G	0	0	1933	36.6
A_NA	611	1921	C	0	0	1921	36.6
A_NA	612	2126	T	0	0	2126	34.3
A_NA	613	1744	G	0	0	1744	34.1
A_NA	614	1895	T	0	0	1895	35.8
A_NA	615	2004	A	0	0	2004	35.2
A_NA	616	1881	T	0	0	1881	37.8
A_NA	617	1748	T	0	0	1748	37.4
A_NA	618	1765	G	0	0	1765	34.1
A_NA	619	2042	A	0	0	2042	37.9
A_NA	620	1877	A	0	0	1877	36.9
A_NA	621	1815	G	0	0	1815	36.6
A_NA	622	1747	T	0	0	1747	34.5
A_NA	623	1808	A	0	0	1808	35.4
A_NA	624	1751	C	0	0	1751	34.4
A_NA	625	1913	A	0	0	1913	34.4
A_NA	626	1768	A	0	0	1768	35.7
A_NA	627	1690	T	0	0	1690	34.8
A_NA	628	1665	G	0	0	1665	35.4
A_NA	629	1767	G	0	0	1767	37.8
A_NA	630	1880	C	0	0	1880	36.4
A_NA	631	1596	A	0	0	1596	34.0
A_NA	632	1809	T	0	0	1809	34.5
A_NA	633	1723	A	0	0	1723	34.5
A_NA	634	1571	A	0	0	1571	36.0
A_NA	635	1656	T	0	0	1656	37.4
A_NA	636	1532	A	0	0	1532	36.1
A_NA	637	1583	A	0	0	1583	36.3
A_NA	638	1511	C	0	0	1511	34.9
A_NA	639	1697	G	0	0	1697	35.7
A_NA	640	1687	G	0	0	1687	35.8
A_NA	641	1633	A	0	0	1633	37.7
A_NA	642	1517	T	0	0	1517	34.3
A_NA	643	1578	A	0	0	1578	34.8
A_NA	644	1550	C	0	0	1550	37.4
A_NA	645	1463	T	0	0	1463	37.6
A_NA	646	1640	A	0	0	1640	37.0
A_NA	647	1598	T	0	0	1598	34.2
A_NA	648	1831	C	0	0	1831	36.3
A_NA	649	1741	A	0	0	1741	35.5
A_NA	650	1345	A	0	0	1345	34.4
A_NA	651	1342	G	0	0	1342	35.8
A_NA	652	1563	A	0	0	1563	35.5
A_NA	653	1506	G	0	0	1506	38.0
A_NA	654	1611	T	0	0	1611	36.4
A_NA	655	1439	T	0	0	1439	34.7
A_NA	656	1476	G	0	0	1476	37.5
A_NA	657	1644	G	0	0	1644	37.1
A_NA	658	1774	A	0	0	1774	36.3
A_NA	659	1636	G	0	0	1636	35.7
A_NA	660	1522	A	0	0	1522	36.3
A_NA	661	1430	A	0	0	1430	37.4
A_NA	662	1440	A	0	0	1440	36.1
A_NA	663	1603	C	0	0	1603	36.6
A_NA	664	1547	A	0	0	1547	37.5
A_NA	665	1379	A	0	0	1379	36.4
A_NA	666	1458	C	0	0	1458	34.5
A_NA	667	1533	A	0	0	1533	34.1
A_NA	668	1466	T	0	0	1466	36.6
A_NA	669	1351	T	0	0	1351	37.5
A_NA	670	1788	T	0	0	1788	36.7
A_NA	671	1776	T	0	0	1776	34.5
A_NA	672	1452	G	0	0	1452	35.4
A_NA	673	1541	A	0	0	1541	35.0
A_NA	674	1532	G	0	0	1532	34.7
A_NA	675	1382	A	0	0	1382	35.9
A_NA	676	1595	A	0	0	1595	37.0
A_NA	677	1432	C	0	0	1432	37.0
A_NA	678	1607	T	0	0	1607	35.0
A_NA	679	1698	C	0	0	1698	37.1
A_NA	680	1622	A	0	0	1622	34.6
A_NA	681	1423	A	0	0	1423	34.9
A_NA	682	1605	G	0	0	1605	35.7
A_NA	683	1426	A	0	0	1426	35.8
A_NA	684	1469	A	0	0	1469	35.1
A_NA	685	1563	T	0	0	1563	37.4
A_NA	686	1564	C	0	0	1564	34.2
A_NA	687	1464	T	0	0	1464	37.6
A_NA	688	1661	G	0	0	1661	34.3
A_NA	689	1602	A	0	0	1602	35.4
A_NA	690	1617	A	0	0	1617	36.2
A_NA	691	1708	T	0	0	1708	37.2
A_NA	692	1645	G	0	0	1645	37.3
A_NA	693	1694	T	0	0	1694	37.2
A_NA	694	1754	G	0	0	1754	37.0
A_NA	695	1534	C	0	0	1534	34.9
A_NA	696	1666	G	0	0	1666	36.6
A_NA	697	1593	T	0	0	1593	36.7
A_NA	698	1660	G	0	0	1660	36.8
A_NA	699	1714	C	0	0	1714	35.7
A_NA	700	1829	G	0	0	1829	35.1
A_NA	701	1595	T	0	0	1595	34.7
A_NA	702	1737	A	0	0	1737	37.9
A_NA	703	1671	A	0	0	1671	37.5
A_NA	704	1639	A	0	0	1639	36.8
A_NA	705	1684	T	0	0	1684	37.9
A_NA	706	1915	G	0	0	1915	36.7
A_NA	707	1933	G	0	0	1933	36.5
A_NA	708	2022	C	0	0	2022	34.8
A_NA	709	1833	T	0	0	1833	35.3
A_NA	710	1967	C	0	0	1967	35.7
A_NA	711	1746	T	0	0	1746	34.8
A_NA	712	1833	T	0	0	1833	35.2
A_NA	713	1629	G	0	0	1629	34.4
A_NA	714	1918	C	0	0	1918	36.0
A_NA	715	1861	T	0	0	1861	36.2
A_NA	716	1969	T	0	0	1969	36.6
A_NA	717	1849	C	0	0	1849	37.1
A_NA	718	2144	A	0	0	2144	34.4
A_NA	719	1825	C	0	0	1825	36.5
A_NA	720	2199	T	0	0	2199	34.7
A_NA	721	1926	G	0	0	1926	36.1
A_NA	722	2249	T	0	0	2249	34.6
A_NA	723	2059	A	0	0	2059	34.8
A_NA	724	2282	A	0	0	2282	36.6
A_NA	725	1850	T	0	0	1850	37.8
A_NA	726	2171	G	0	0	2171	37.3
A_NA	727	1927	A	0	0	1927	34.8
A_NA	728	2049	C	0	0	2049	35.6
A_NA	729	2098	T	0	0	2098	35.0
A_NA	730	2320	G	0	0	2320	36.6
A_NA	731	2208	A	0	0	2208	36.5
A_NA	732	2068	T	0	0	2068	36.7
A_NA	733	2141	G	0	0	2141	35.8
A_NA	734	2169	G	0	0	2169	36.0
A_NA	735	2318	A	0	0	2318	34.2
A_NA	736	2223	C	0	0	2223	34.8
A_NA	737	2276	C	0	0	2276	35.7
A_NA	738	2103	A	0	0	2103	35.6
A_NA	739	2399	A	0	0	2399	35.5
A_NA	740	2432	G	0	0	2432	37.0
A_NA	741	2181	C	0	0	2181	37.9
A_NA	742	2349	A	0	0	2349	35.2
A_NA	743	2404	A	0	0	2404	36.5
A_NA	744	2452	T	0	0	2452	37.9
A_NA	745	2237	G	0	0	2237	36.6
A_NA	746	2325	G	0	0	2325	35.9
A_NA	747	2611	G	0	0	2611	34.5
A_NA	748	2545	C	0	0	2545	37.6
A_NA	749	2411	A	0	0	2411	36.7
A_NA	750	2192	G	0	0	2192	36.9
A_NA	751	2062	G	0	0	2062	34.6
A_NA	752	2339	C	0	0	2339	37.9
A_NA	753	2329	C	0	0	2329	34.0
A_NA	754	2387	T	0	0	2387	34.9
A_NA	755	2732	C	0	0	2732	37.5
A_NA	756	2561	A	0	0	2561	34.9
A_NA	757	2199	T	0	0	2199	34.0
A_NA	758	2910	A	0	0	2910	34.9
A_NA	759	2531	T	0	0	2531	36.3
A_NA	760	2440	A	0	0	2440	34.6
A_NA	761	2780	A	0	0	2780	34.4
A_NA	762	2657	A	0	0	2657	37.0
A_NA	763	2809	A	0	0	2809	36.0
A_NA	764	2187	T	0	0	2187	37.4
A_NA	765	2620	C	0	0	2620	36.4
A_NA	766	2863	T	0	0	2863	34.9
A_NA	767	2903	T	0	0	2903	37.1
A_NA	768	2655	C	0	0	2655	36.8
A_NA	769	2752	A	0	0	2752	37.2
A_NA	770	2714	A	0	0	2714	36.1
A_NA	771	2501	G	0	0	2501	36.8
A_NA	772	2633	A	0	0	2633	34.3
A_NA	773	2356	T	0	0	2356	36.8
A_NA	774	2725	A	0	0	2725	34.2
A_NA	775	2768	G	0	0	2768	35.2
A_NA	776	2901	A	0	0	2901	34.8
A_NA	777	2907	G	0	0	2907	34.9
A_NA	778	2527	A	0	0	2527	35.8
A_NA	779	2436	A	0	0	2436	34.1
A_NA	780	2630	A	0	0	2630	35.8
A_NA	781	2536	G	0	0	2536	36.8
A_NA	782	2945	G	0	0	2945	38.0
A_NA	783	2739	G	0	0	2739	36.7
A_NA	784	2940	A	0	0	2940	37.6
A_NA	785	2820	A	0	0	2820	37.0
A_NA	786	2600	A	0	0	2600	35.3
A_NA	787	2780	G	0	0	2780	37.3
A_NA	788	2620	T	0	0	2620	35.7
A_NA	789	2771	A	0	0	2771	35.9
A_NA	790	2764	G	0	0	2764	36.1
A_NA	791	2709	T	0	0	2709	37.1
A_NA	792	2657	C	0	0	2657	37.7
A_NA	793	2903	A	0	0	2903	34.3
A_NA	794	2826	A	0	0	2826	36.1
A_NA	795	2913	A	0	0	2913	34.7
A_NA	796	2582	T	0	0	2582	37.6
A_NA	797	2825	C	0	0	2825	35.8
A_NA	798	2577	A	0	0	2577	36.9
A_NA	799	2923	G	0	0	2923	37.6
A_NA	800	2576	T	0	0	2576	36.8
A_NA	801	2655	T	0	0	2655	37.1
A_NA	802	2693	G	0	0	2693	38.0
A_NA	803	2670	A	0	0	2670	35.9
A_NA	804	2829	A	0	0	2829	35.3
A_NA	805	2915	T	0	0	2915	37.6
A_NA	806	2855	T	0	0	2855	37.4
A_NA	807	2738	G	0	0	2738	35.4
A_NA	808	2734	A	0	0	2734	36.3
A_NA	809	2510	A	0	0	2510	37.1
A_NA	810	2794	T	0	0	2794	36.1
A_NA	811	2640	G	0	0	2640	36.9
A_NA	812	2791	C	0	0	2791	34.6
A_NA	813	2752	C	0	0	2752	35.2
A_NA	814	2589	C	0	0	2589	38.0
A_NA	815	2738	C	0	0	2738	35.4
A_NA	816	2728	T	0	0	2728	34.2
A_NA	817	2471	A	0	0	2471	35.8
A_NA	818	2701	A	0	0	2701	37.9
A_NA	819	2561	T	0	0	2561	35.8
A_NA	820	2687	T	0	0	2687	37.0
A_NA	821	2817	A	0	0	2817	35.9
A_NA	822	2617	C	0	0	2617	37.9
A_NA	823	2745	C	0	0	2745	34.7
A_NA	824	2868	A	0	0	2868	34.7
A_NA	825	2599	C	0	0	2599	34.7
A_NA	826	2618	T	0	0	2618	36.5
A_NA	827	2819	A	0	0	2819	36.5
A_NA	828	2909	C	0	0	2909	35.9
A_NA	829	2614	G	0	0	2614	34.4
A_NA	830	2335	A	0	0	2335	37.2
A_NA	831	2598	G	0	0	2598	36.8
A_NA	832	2468	G	0	0	2468	35.2
A_NA	833	2539	A	0	0	2539	35.5
A_NA	834	2752	A	0	0	2752	37.0
A_NA	835	2581	T	0	0	2581	34.1
A_NA	836	2428	G	0	0	2428	35.1
A_NA	837	2783	C	0	0	2783	36.5
A_NA	838	2531	T	0	0	2531	34.5
A_NA	839	2441	C	0	0	2441	37.6
A_NA	840	2559	C	0	0	2559	35.7
A_NA	841	2661	T	0	0	2661	36.8
A_NA	842	2830	G	0	0	2830	35.3
A_NA	843	2391	T	0	0	2391	35.6
A_NA	844	2389	T	0	0	2389	37.1
A_NA	845	2566	A	0	0	2566	36.9
A_NA	846	2576	C	0	0	2576	35.1
A_NA	847	2536	C	0	0	2536	36.9
A_NA	848	2495	C	0	0	2495	35.2
A_NA	849	2370	T	0	0	2370	37.0
A_NA	850	2939	G	0	0	2939	34.1
A_NA	851	2411	A	0	0	2411	34.8
A_NA	852	2317	T	0	0	2317	37.3
A_NA	853	2738	G	0	0	2738	36.7
A_NA	854	2312	C	0	0	2312	36.1
A_NA	855	2512	G	0	0	2512	35.3
A_NA	856	2723	G	0	0	2723	34.9
A_NA	857	2358	G	0	0	2358	34.4
A_NA	858	2842	T	0	0	2842	36.1
A_NA	859	2660	G	0	0	2660	35.9
A_NA	860	2677	A	0	0	2677	37.8
A_NA	861	2371	G	0	0	2371	36.1
A_NA	862	2397	A	0	0	2397	34.0
A_NA	863	2265	T	0	0	2265	37.7
A_NA	864	2417	T	0	0	2417	34.4
A_NA	865	2630	A	0	0	2630	36.4
A_NA	866	2752	T	0	0	2752	35.2
A_NA	867	2237	G	0	0	2237	36.0
A_NA	868	2320	T	0	0	2320	35.2
A_NA	869	2395	G	0	0	2395	38.0
A_NA	870	2627	T	0	0	2627	36.5
A_NA	871	2393	G	0	0	2393	34.7
A_NA	872	2476	T	0	0	2476	34.5
A_NA	873	2812	G	0	0	2812	37.0
A_NA	874	2534	T	0	0	2534	35.5
A_NA	875	2560	G	0	0	2560	37.4
A_NA	876	2667	C	0	0	2667	35.4
A_NA	877	2392	A	0	0	2392	37.8
A_NA	878	2395	G	0	0	2395	36.9
A_NA	879	2343	G	0	0	2343	35.5
A_NA	880	2614	G	0	0	2614	36.9
A_NA	881	2363	A	0	0	2363	34.9
A_NA	882	2768	C	0	0	2768	35.3
A_NA	883	2313	A	0	0	2313	35.1
A_NA	884	2374	A	0	0	2374	37.5
A_NA	885	2389	T	0	0	2389	34.2
A_NA	886	2619	T	0	0	2619	34.4
A_NA	887	2274	G	0	0	2274	34.9
A_NA	888	2293	G	0	0	2293	35.0
A_NA	889	2654	C	0	0	2654	35.4
A_NA	890	2560	A	0	0	2560	37.0
A_NA	891	2448	T	0	0	2448	37.1
A_NA	892	2649	G	0	0	2649	37.2
A_NA	893	2478	G	0	0	2478	36.1
A_NA	894	2635	C	0	0	2635	37.7
A_NA	895	2742	T	0	0	2742	36.5
A_NA	896	2462	C	0	0	2462	35.9
A_NA	897	2378	A	0	0	2378	36.7
A_NA	898	2603	A	0	0	2603	37.1
A_NA	899	2589	A	0	0	2589	36.4
A_NA	900	2416	C	0	0	2416	34.4
A_NA	901	2384	C	0	0	2384	36.1
A_NA	902	2918	G	0	0	2918	35.2
A_NA	903	2733	G	0	0	2733	34.5
A_NA	904	2513	C	0	0	2513	36.6
A_NA	905	2422	C	0	0	2422	35.3
A_NA	906	2297	G	0	0	2297	34.9
A_NA	907	2707	T	0	0	2707	36.4
A_NA	908	2850	G	0	0	2850	34.1
A_NA	909	2120	G	0	0	2120	36.3
A_NA	910	2742	G	0	0	2742	35.7
A_NA	911	2528	T	0	0	2528	36.2
A_NA	912	2603	A	0	0	2603	37.8
A_NA	913	2773	T	0	0	2773	37.0
A_NA	914	2771	C	0	0	2771	34.9
A_NA	915	2765	T	0	0	2765	36.7
A_NA	916	2677	T	0	0	2677	35.3
A_NA	917	2478	T	0	0	2478	34.4
A_NA	918	2589	T	0	0	2589	34.2
A_NA	919	2646	A	0	0	2646	34.2
A_NA	920	2681	A	0	0	2681	37.7
A_NA	921	2797	T	0	0	2797	37.0
A_NA	922	2925	C	0	0	2925	34.0
A_NA	923	2495	A	0	0	2495	35.2
A_NA	924	2912	A	0	0	2912	37.3
A_NA	925	2893	A	0	0	2893	35.7
A_NA	926	2634	A	0	0	2634	37.0
A_NA	927	2610	T	0	0	2610	37.5
A_NA	928	2516	C	0	0	2516	37.8
A_NA	929	2904	T	0	0	2904	34.2
A_NA	930	2611	G	0	0	2611	36.0
A_NA	931	2777	G	0	0	2777	37.7
A_NA	932	2591	A	0	0	2591	37.7
A_NA	933	3026	G	0	0	3026	35.9
A_NA	934	2721	T	0	0	2721	36.9
A_NA	935	2762	A	0	0	2762	36.4
A_NA	936	2746	T	0	0	2746	35.3
A_NA	937	2802	C	0	0	2802	35.0
A_NA	938	2610	A	0	0	2610	35.2
A_NA	939	2662	A	0	0	2662	36.2
A_NA	940	2975	A	0	0	2975	34.5
A_NA	941	2759	T	0	0	2759	37.1
A_NA	942	2646	A	0	0	2646	35.9
A_NA	943	2670	G	0	0	2670	35.6
A_NA	944	3027	G	0	0	3027	34.9
A_NA	945	2622	A	0	0	2622	36.2
A_NA	946	2836	T	0	0	2836	37.9
A_NA	947	2721	A	0	0	2721	37.5
A_NA	948	2997	T	0	0	2997	38.0
A_NA	949	2792	A	0	0	2792	35.5
A_NA	950	2865	T	0	0	2865	36.5
A_NA	951	2802	A	0	0	2802	36.6
A_NA	952	2854	T	0	0	2854	36.5
A_NA	953	3067	G	0	0	3067	35.9
A_NA	954	2736	C	0	0	2736	34.9
A_NA	955	3014	A	0	0	3014	35.8
A_NA	956	2869	G	0	0	2869	37.0
A_NA	957	2615	T	0	0	2615	37.4
A_NA	958	2533	G	0	0	2533	35.8
A_NA	959	2978	G	0	0	2978	37.3
A_NA	960	2776	G	0	0	2776	36.3
A_NA	961	2911	G	0	0	2911	34.1
A_NA	962	2499	T	0	0	2499	35.7
A_NA	963	2584	T	0	0	2584	35.9
A_NA	964	2857	T	0	0	2857	35.2
A_NA	965	2583	T	0	0	2583	34.7
A_NA	966	2808	C	0	0	2808	37.6
A_NA	967	2487	G	0	0	2487	36.5
A_NA	968	2989	G	0	0	2989	37.1
A_NA	969	2926	A	0	0	2926	36.9
A_NA	970	2843	G	0	0	2843	35.3
A_NA	971	2751	A	0	0	2751	35.7
A_NA	972	2838	C	0	0	2838	34.9
A_NA	973	2917	A	0	0	2917	36.8
A_NA	974	2635	A	0	0	2635	37.4
A_NA	975	2549	C	0	0	2549	35.4
A_NA	976	2507	C	0	0	2507	34.2
A_NA	977	2914	C	0	0	2914	36.8
A_NA	978	2724	C	0	0	2724	37.8
A_NA	979	2650	C	0	0	2650	35.1
A_NA	980	2787	G	0	0	2787	35.5
A_NA	981	2531	C	0	0	2531	35.3
A_NA	982	2746	C	0	0	2746	36.9
A_NA	983	2955	C	0	0	2955	35.5
A_NA	984	2582	C	0	0	2582	36.3
A_NA	985	2810	A	0	0	2810	37.2
A_NA	986	2721	A	0	0	2721	37.3
A_NA	987	2555	T	0	0	2555	36.4
A_NA	988	2721	G	0	0	2721	35.6
A_NA	989	2607	A	0	0	2607	35.8
A_NA	990	2625	T	0	0	2625	36.0
A_NA	991	2187	G	0	0	2187	34.7
A_NA	992	2653	G	0	0	2653	35.0
A_NA	993	2705	A	0	0	2705	35.9
A_NA	994	2564	A	0	0	2564	36.6
A_NA	995	2661	C	0	0	2661	37.7
A_NA	996	2743	A	0	0	2743	35.1
A_NA	997	2579	G	0	0	2579	35.6
A_NA	998	2608	G	0	0	2608	37.3
A_NA	999	2387	C	0	0	2387	34.2
A_NA	1000	2437	A	0	0	2437	38.0
A_NA	1001	2414	G	0	0	2414	37.7
A_NA	1002	2482	T	0	0	2482	37.6
A_NA	1003	2486	T	0	0	2486	37.6
A_NA	1004	2358	G	0	0	2358	35.6
A_NA	1005	2595	C	0	0	2595	35.1
A_NA	1006	2309	A	0	0	2309	37.3
A_NA	1007	2202	G	0	0	2202	34.3
A_NA	1008	2321	T	0	0	2321	35.3
A_NA	1009	2213	C	0	0	2213	37.0
A_NA	1010	2382	C	0	0	2382	37.1
A_NA	1011	2234	A	0	0	2234	34.2
A_NA	1012	2204	A	0	0	2204	37.5
A_NA	1013	2278	T	0	0	2278	35.7
A_NA	1014	2418	G	0	0	2418	35.4
A_NA	1015	2381	T	0	0	2381	37.0
A_NA	1016	2263	C	0	0	2263	36.5
A_NA	1017	2004	C	0	0	2004	34.0
A_NA	1018	2203	T	0	0	2203	36.2
A_NA	1019	2073	C	0	0	2073	35.4
A_NA	1020	2162	T	0	0	2162	34.4
A_NA	1021	2306	A	0	0	2306	37.7
A_NA	1022	2149	A	0	0	2149	37.4
A_NA	1023	2017	C	0	0	2017	34.6
A_NA	1024	2260	G	0	0	2260	34.5
A_NA	1025	2089	G	0	0	2089	35.5
A_NA	1026	2027	G	0	0	2027	35.1
A_NA	1027	2162	G	0	0	2162	37.7
A_NA	1028	2086	C	0	0	2086	34.4
A_NA	1029	2086	A	0	0	2086	35.7
A_NA	1030	2022	T	0	0	2022	34.0
A_NA	1031	2048	A	0	0	2048	34.9
A_NA	1032	1927	T	0	0	1927	37.8
A_NA	1033	1977	G	0	0	1977	36.0
A_NA	1034	2048	G	0	0	2048	36.4
A_NA	1035	1922	G	0	0	1922	37.0
A_NA	1036	2049	G	0	0	2049	37.5
A_NA	1037	1886	T	0	0	1886	34.8
A_NA	1038	1979	A	0	0	1979	34.0
A_NA	1039	1775	A	0	0	1775	37.7
A_NA	1040	1874	A	0	0	1874	36.0
A_NA	1041	1807	A	0	0	1807	37.0
A_NA	1042	1766	G	0	0	1766	37.2
A_NA	1043	1725	G	0	0	1725	36.9
A_NA	1044	1715	G	0	0	1715	34.3
A_NA	1045	1897	T	0	0	1897	35.0
A_NA	1046	1879	T	0	0	1879	37.2
A_NA	1047	1743	T	0	0	1743	34.8
A_NA	1048	1874	T	0	0	1874	34.9
A_NA	1049	1698	C	0	0	1698	34.9
A_NA	1050	1549	A	0	0	1549	34.8
A_NA	1051	1747	T	0	0	1747	38.0
A_NA	1052	1604	T	0	0	1604	34.3
A_NA	1053	1697	T	0	0	1697	34.0
A_NA	1054	1942	A	0	0	1942	36.3
A_NA	1055	1508	A	0	0	1508	36.4
A_NA	1056	1558	G	0	0	1558	35.1
A_NA	1057	1542	T	0	0	1542	35.0
A_NA	1058	1737	A	0	0	1737	37.5
A_NA	1059	1662	C	0	0	1662	37.5
A_NA	1060	1729	G	0	0	1729	34.2
A_NA	1061	1600	G	0	0	1600	34.7
A_NA	1062	1700	T	0	0	1700	37.9
A_NA	1063	1540	A	0	0	1540	35.0
A_NA	1064	1633	A	0	0	1633	35.6
A_NA	1065	1594	T	0	0	1594	37.6
A_NA	1066	1426	G	0	0	1426	36.0
A_NA	1067	1470	G	0	0	1470	35.4
A_NA	1068	1599	G	0	0	1599	34.0
A_NA	1069	1603	G	0	0	1603	34.8
A_NA	1070	1543	T	0	0	1543	37.7
A_NA	1071	1671	T	0	0	1671	35.3
A_NA	1072	1618	T	0	0	1618	35.7
A_NA	1073	1431	G	0	0	1431	37.1
A_NA	1074	1449	G	0	0	1449	35.0
A_NA	1075	1524	A	0	0	1524	34.5
A_NA	1076	1446	T	0	0	1446	34.0
A_NA	1077	1359	C	0	0	1359	35.3
A_NA	1078	1431	G	0	0	1431	36.1
A_NA	1079	1485	G	0	0	1485	37.7
A_NA	1080	1648	A	0	0	1648	36.5
A_NA	1081	1591	A	0	0	1591	35.2
A_NA	1082	1477	G	0	0	1477	37.7
A_NA	1083	1592	A	0	0	1592	37.9
A_NA	1084	1477	A	0	0	1477	37.9
A_NA	1085	1612	C	0	0	1612	36.0
A_NA	1086	1552	A	0	0	1552	35.2
A_NA	1087	1441	A	0	0	1441	36.6
A_NA	1088	1500	A	0	0	1500	34.6
A_NA	1089	1339	A	0	0	1339	37.3
A_NA	1090	1735	A	0	0	1735	34.6
A_NA	1091	1478	G	0	0	1478	36.8
A_NA	1092	1598	C	0	0	1598	35.5
A_NA	1093	1589	A	0	0	1589	37.7
A_NA	1094	1543	C	0	0	1543	35.0
A_NA	1095	1511	T	0	0	1511	36.9
A_NA	1096	1592	A	0	0	1592	36.5
A_NA	1097	1677	G	0	0	1677	37.3
A_NA	1098	1425	T	0	0	1425	34.1
A_NA	1099	1500	T	0	0	1500	36.7
A_NA	1100	1692	C	0	0	1692	36.8
A_NA	1101	1709	C	0	0	1709	35.7
A_NA	1102	1630	A	0	0	1630	35.9
A_NA	1103	1656	G	0	0	1656	35.1
A_NA	1104	1623	A	0	0	1623	34.4
A_NA	1105	1637	A	0	0	1637	37.2
A_NA	1106	1490	G	0	0	1490	35.5
A_NA	1107	1708	C	0	0	1708	35.8
A_NA	1108	1622	G	0	0	1622	36.0
A_NA	1109	1669	G	0	0	1669	36.7
A_NA	1110	1694	C	0	0	1694	34.6
A_NA	1111	1583	T	0	0	1583	34.2
A_NA	1112	1644	T	0	0	1644	35.1
A_NA	1113	1660	T	0	0	1660	36.3
A_NA	1114	1585	G	0	0	1585	34.6
A_NA	1115	1581	A	0	0	1581	34.3
A_NA	1116	1664	G	0	0	1664	37.3
A_NA	1117	1612	A	0	0	1612	34.2
A_NA	1118	1599	T	0	0	1599	37.0
A_NA	1119	1565	G	0	0	1565	35.0
A_NA	1120	1609	A	0	0	1609	34.9
A_NA	1121	1579	T	0	0	1579	37.1
A_NA	1122	1689	T	0	0	1689	37.7
A_NA	1123	1756	T	0	0	1756	35.3
A_NA	1124	1839	G	0	0	1839	35.8
A_NA	1125	1609	G	0	0	1609	34.4
A_NA	1126	1848	G	0	0	1848	38.0
A_NA	1127	1833	A	0	0	1833	37.6
A_NA	1128	2045	T	0	0	2045	34.5
A_NA	1129	1877	C	0	0	1877	35.4
A_NA	1130	1759	C	0	0	1759	37.3
A_NA	1131	1912	G	0	0	1912	37.3
A_NA	1132	1854	A	0	0	1854	37.9
A_NA	1133	1883	A	0	0	1883	35.2
A_NA	1134	1922	T	0	0	1922	36.8
A_NA	1135	1858	G	0	0	1858	34.2
A_NA	1136	1906	G	0	0	1906	37.6
A_NA	1137	1801	G	0	0	1801	36.5
A_NA	1138	2033	T	0	0	2033	37.3
A_NA	1139	1946	G	0	0	1946	37.8
A_NA	1140	1988	G	0	0	1988	36.3
A_NA	1141	1907	A	0	0	1907	37.4
A_NA	1142	1970	C	0	0	1970	35.2
A_NA	1143	2005	T	0	0	2005	37.5
A_NA	1144	1973	G	0	0	1973	36.6
A_NA	1145	2121	A	0	0	2121	36.6
A_NA	1146	1761	G	0	0	1761	35.2
A_NA	1147	2166	A	0	0	2166	34.8
A_NA	1148	2153	C	0	0	2153	37.0
A_NA	1149	1911	G	0	0	1911	37.9
A_NA	1150	2105	G	0	0	2105	34.0
A_NA	1151	2270	A	0	0	2270	36.2
A_NA	1152	2202	C	0	0	2202	34.2
A_NA	1153	2134	A	0	0	2134	35.5
A_NA	1154	1977	G	0	0	1977	37.8
A_NA	1155	2159	T	0	0	2159	37.6
A_NA	1156	2011	A	0	0	2011	34.6
A_NA	1157	2193	G	0	0	2193	35.1
A_NA	1158	2053	T	0	0	2053	35.9
A_NA	1159	2002	T	0	0	2002	36.6
A_NA	1160	2178	T	0	0	2178	35.0
A_NA	1161	2110	C	0	0	2110	34.3
A_NA	1162	2189	T	0	0	2189	36.1
A_NA	1163	2277	C	0	0	2277	34.7
A_NA	1164	2655	A	0	0	2655	37.7
A_NA	1165	2098	G	0	0	2098	34.7
A_NA	1166	2327	T	0	0	2327	35.8
A_NA	1167	2075	G	0	0	2075	34.6
A_NA	1168	2294	A	0	0	2294	34.4
A_NA	1169	2171	A	0	0	2171	37.2
A_NA	1170	2191	G	0	0	2191	35.2
A_NA	1171	2419	C	0	0	2419	34.6
A_NA	1172	2409	A	0	0	2409	37.5
A_NA	1173	2138	A	0	0	2138	37.9
A_NA	1174	2433	G	0	0	2433	34.0
A_NA	1175	2153	A	0	0	2153	37.1
A_NA	1176	2493	C	0	0	2493	37.6
A_NA	1177	2352	A	0	0	2352	35.7
A_NA	1178	2247	T	0	0	2247	36.5
A_NA	1179	2092	C	0	0	2092	35.6
A_NA	1180	2228	G	0	0	2228	36.8
A_NA	1181	2291	T	0	0	2291	36.8
A_NA	1182	2610	A	0	0	2610	34.7
A_NA	1183	2114	G	0	0	2114	35.7
A_NA	1184	2621	C	0	0	2621	34.7
A_NA	1185	2492	A	0	0	2492	34.1
A_NA	1186	2180	A	0	0	2180	35.4
A_NA	1187	2469	T	0	0	2469	37.4
A_NA	1188	2231	A	0	0	2231	36.7
A_NA	1189	2243	A	0	0	2243	34.7
A_NA	1190	2294	C	0	0	2294	35.5
A_NA	1191	2510	T	0	0	2510	36.7
A_NA	1192	2108	G	0	0	2108	36.4
A_NA	1193	2142	A	0	0	2142	37.1
A_NA	1194	2122	C	0	0	2122	35.1
A_NA	1195	2179	T	0	0	2179	34.1
A_NA	1196	2376	T	0	0	2376	37.5
A_NA	1197	2466	G	0	0	2466	36.6
A_NA	1198	2577	T	0	0	2577	36.9
A_NA	1199	2135	C	0	0	2135	37.6
A_NA	1200	2500	A	0	0	2500	35.6
A_NA	1201	2342	G	0	0	2342	37.1
A_NA	1202	2359	G	0	0	2359	37.9
A_NA	1203	2521	A	0	0	2521	34.5
A_NA	1204	2430	T	0	0	2430	37.6
A_NA	1205	2395	A	0	0	2395	37.2
A_NA	1206	2182	T	0	0	2182	34.0
A_NA	1207	2376	A	0	0	2376	36.0
A_NA	1208	2590	G	0	0	2590	37.7
A_NA	1209	2490	T	0	0	2490	36.7
A_NA	1210	2379	G	0	0	2379	35.2
A_NA	1211	2383	G	0	0	2383	36.8
A_NA	1212	2348	G	0	0	2348	35.3
A_NA	1213	2389	A	0	0	2389	37.4
A_NA	1214	2374	C	0	0	2374	35.3
A_NA	1215	2245	T	0	0	2245	36.3
A_NA	1216	2240	T	0	0	2240	36.1
A_NA	1217	2120	T	0	0	2120	34.0
A_NA	1218	2473	T	0	0	2473	35.1
A_NA	1219	2167	G	0	0	2167	35.8
A_NA	1220	2566	T	0	0	2566	37.6
A_NA	1221	2322	C	0	0	2322	37.4
A_NA	1222	2202	C	0	0	2202	37.9
A_NA	1223	2445	A	0	0	2445	34.2
A_NA	1224	2104	G	0	0	2104	36.7
A_NA	1225	2134	C	0	0	2134	36.4
A_NA	1226	2173	A	0	0	2173	37.4
A_NA	1227	2410	C	0	0	2410	36.1
A_NA	1228	2444	C	0	0	2444	34.7
A_NA	1229	2174	C	0	0	2174	36.8
A_NA	1230	2289	A	0	0	2289	34.5
A_NA	1231	2270	G	0	0	2270	34.6
A_NA	1232	2065	A	0	0	2065	36.8
A_NA	1233	2189	A	0	0	2189	37.1
A_NA	1234	2303	C	0	0	2303	37.4
A_NA	1235	2161	T	0	0	2161	37.1
A_NA	1236	2237	G	0	0	2237	36.8
A_NA	1237	2304	A	0	0	2304	37.8
A_NA	1238	2344	C	0	0	2344	37.5
A_NA	1239	2276	A	0	0	2276	37.5
A_NA	1240	2397	G	0	0	2397	34.4
A_NA	1241	2487	G	0	0	2487	35.1
A_NA	1242	2349	A	0	0	2349	34.9
A_NA	1243	2120	T	0	0	2120	34.6
A_NA	1244	2054	T	0	0	2054	38.0
A_NA	1245	2108	A	0	0	2108	35.8
A_NA	1246	2370	G	0	0	2370	37.7
A_NA	1247	2296	A	0	0	2296	36.6
A_NA	1248	2439	T	0	0	2439	34.9
A_NA	1249	2104	T	0	0	2104	36.9
A_NA	1250	2397	G	0	0	2397	36.6
A_NA	1251	2112	C	0	0	2112	35.0
A_NA	1252	2114	A	0	0	2114	34.2
A_NA	1253	2120	T	0	0	2120	35.2
A_NA	1254	2319	G	0	0	2319	34.9
A_NA	1255	2211	A	0	0	2211	35.0
A_NA	1256	2102	G	0	0	2102	36.8
A_NA	1257	2297	G	0	0	2297	37.0
A_NA	1258	2104	C	0	0	2104	36.9
A_NA	1259	2181	C	0	0	2181	37.0
A_NA	1260	2213	T	0	0	2213	36.4
A_NA	1261	2289	T	0	0	2289	37.0
A_NA	1262	2127	G	0	0	2127	36.5
A_NA	1263	2358	T	0	0	2358	37.9
A_NA	1264	2173	T	0	0	2173	35.6
A_NA	1265	2211	T	0	0	2211	34.7
A_NA	1266	2179	C	0	0	2179	37.9
A_NA	1267	2427	T	0	0	2427	36.2
A_NA	1268	2308	G	0	0	2308	34.8
A_NA	1269	2182	G	0	0	2182	34.4
A_NA	1270	2119	G	0	0	2119	34.4
A_NA	1271	2440	T	0	0	2440	36.7
A_NA	1272	1858	T	0	0	1858	34.3
A_NA	1273	2124	G	0	0	2124	36.2
A_NA	1274	2141	A	0	0	2141	34.0
A_NA	1275	2042	G	0	0	2042	36.5
A_NA	1276	2135	C	0	0	2135	35.3
A_NA	1277	2325	T	0	0	2325	37.9
A_NA	1278	2106	G	0	0	2106	34.1
A_NA	1279	2471	A	0	0	2471	35.5
A_NA	1280	2322	T	0	0	2322	35.5
A_NA	1281	2413	T	0	0	2413	36.8
A_NA	1282	2622	A	0	0	2622	36.1
A_NA	1283	2494	G	0	0	2494	37.6
A_NA	1284	2485	A	0	0	2485	36.5
A_NA	1285	2570	G	0	0	2570	36.1
A_NA	1286	2526	G	0	0	2526	36.1
A_NA	1287	2231	G	0	0	2231	36.8
A_NA	1288	2628	A	0	0	2628	37.1
A_NA	1289	2297	G	0	0	2297	38.0
A_NA	1290	2239	G	0	0	2239	36.3
A_NA	1291	2238	C	0	0	2238	37.4
A_NA	1292	2394	C	0	0	2394	36.6
A_NA	1293	2270	C	0	0	2270	37.3
A_NA	1294	2172	A	0	0	2172	36.8
A_NA	1295	2273	A	0	0	2273	34.4
A_NA	1296	2498	A	0	0	2498	37.8
A_NA	1297	2342	G	0	0	2342	36.8
A_NA	1298	2255	A	0	0	2255	34.5
A_NA	1299	2691	G	0	0	2691	37.8
A_NA	1300	2514	A	0	0	2514	34.1
A_NA	1301	2546	A	0	0	2546	37.2
A_NA	1302	2402	C	0	0	2402	34.5
A_NA	1303	2564	A	0	0	2564	37.4
A_NA	1304	2563	C	0	0	2563	35.1
A_NA	1305	2562	A	0	0	2562	37.5
A_NA	1306	2576	A	0	0	2576	36.2
A_NA	1307	2480	T	0	0	2480	35.3
A_NA	1308	2508	T	0	0	2508	36.4
A_NA	1309	2417	T	0	0	2417	36.0
A_NA	1310	2879	G	0	0	2879	37.6
A_NA	1311	2118	G	0	0	2118	37.7
A_NA	1312	2447	A	0	0	2447	35.2
A_NA	1313	2753	C	0	0	2753	36.4
A_NA	1314	2453	T	0	0	2453	36.1
A_NA	1315	2517	A	0	0	2517	34.7
A_NA	1316	2547	G	0	0	2547	34.5
A_NA	1317	2488	C	0	0	2488	35.2
A_NA	1318	2498	G	0	0	2498	36.3
A_NA	1319	2792	G	0	0	2792	34.9
A_NA	1320	2261	G	0	0	2261	35.3
A_NA	1321	2598	A	0	0	2598	36.5
A_NA	1322	2525	G	0	0	2525	35.8
A_NA	1323	2757	C	0	0	2757	36.3
A_NA	1324	3135	A	0	0	3135	36.0
A_NA	1325	2634	G	0	0	2634	37.1
A_NA	1326	2965	C	0	0	2965	36.6
A_NA	1327	2905	A	0	0	2905	37.4
A_NA	1328	2734	T	0	0	2734	36.6
A_NA	1329	2827	A	0	0	2827	37.2
A_NA	1330	2531	T	0	0	2531	36.9
A_NA	1331	2734	C	0	0	2734	34.5
A_NA	1332	2452	C	0	0	2452	36.5
A_NA	1333	2472	T	0	0	2472	35.9
A_NA	1334	2508	T	0	0	2508	34.7
A_NA	1335	2614	T	0	0	2614	36.0
A_NA	1336	2423	T	0	0	2423	34.4
A_NA	1337	2675	G	0	0	2675	35.4
A_NA	1338	2428	T	0	0	2428	34.8
A_NA	1339	2464	G	0	0	2464	35.8
A_NA	1340	2409	G	0	0	2409	36.7
A_NA	1341	2232	T	0	0	2232	36.9
A_NA	1342	2704	G	0	0	2704	36.1
A_NA	1343	2285	T	0	0	2285	35.0
A_NA	1344	2465	A	0	0	2465	37.5
A_NA	1345	2422	A	0	0	2422	35.5
A_NA	1346	2318	A	0	0	2318	34.5
A_NA	1347	2350	T	0	0	2350	36.9
A_NA	1348	2237	A	0	0	2237	37.9
A_NA	1349	1947	G	0	0	1947	35.8
A_NA	1350	2150	T	0	0	2150	37.7
A_NA	1351	1931	G	0	0	1931	36.7
A_NA	1352	2204	A	0	0	2204	35.1
A_NA	1353	1916	C	0	0	1916	34.9
A_NA	1354	2235	A	0	0	2235	36.1
A_NA	1355	1793	C	0	0	1793	35.7
A_NA	1356	2154	T	0	0	2154	35.5
A_NA	1357	1912	G	0	0	1912	36.5
A_NA	1358	1879	T	0	0	1879	34.1
A_NA	1359	1878	G	0	0	1878	35.0
A_NA	1360	1725	G	0	0	1725	34.1
A_NA	1361	1694	G	0	0	1694	35.5
A_NA	1362	1972	T	0	0	1972	35.2
A_NA	1363	1670	T	0	0	1670	37.9
A_NA	1364	1712	G	0	0	1712	36.7
A_NA	1365	1439	G	0	0	1439	37.4
A_NA	1366	1429	T	0	0	1429	34.7
A_NA	1367	1629	C	0	0	1629	37.5
A_NA	1368	1546	T	0	0	1546	37.4
A_NA	1369	1584	T	0	0	1584	34.2
A_NA	1370	1428	G	0	0	1428	34.3
A_NA	1371	1424	G	0	0	1424	36.4
A_NA	1372	1293	C	0	0	1293	38.0
A_NA	1373	1332	C	0	0	1332	36.1
A_NA	1374	1324	A	0	0	1324	34.3
A_NA	1375	1305	G	0	0	1305	35.9
A_NA	1376	1256	A	0	0	1256	35.4
A_NA	1377	1163	C	0	0	1163	35.1
A_NA	1378	1237	G	0	0	1237	37.7
A_NA	1379	1262	G	0	0	1262	37.2
A_NA	1380	1038	T	0	0	1038	36.3
A_NA	1381	1123	G	0	0	1123	34.2
A_NA	1382	1070	C	0	0	1070	35.5
A_NA	1383	974	T	0	0	974	34.3
A_NA	1384	875	G	0	0	875	37.7
A_NA	1385	895	A	0	0	895	36.7
A_NA	1386	850	G	0	0	850	36.9
A_NA	1387	871	T	0	0	871	34.5
A_NA	1388	748	T	0	0	748	36.9
A_NA	1389	814	G	0	0	814	37.2
A_NA	1390	689	C	0	0	689	37.0
A_NA	1391	697	C	0	0	697	35.1
A_NA	1392	581	A	0	0	581	37.7
A_NA	1393	632	T	0	0	632	34.8
A_NA	1394	594	T	0	0	594	36.5
A_NA	1395	559	C	0	0	559	35.8
A_NA	1396	560	A	0	0	560	36.5
A_NA	1397	456	C	0	0	456	36.4
A_NA	1398	386	C	0	0	386	34.6
A_NA	1399	401	A	0	0	401	36.3
A_NA	1400	338	T	0	0	338	37.8
A_NA	1401	315	T	0	0	315	34.2
A_NA	1402	290	G	0	0	290	35.2
A_NA	1403	255	A	0	0	255	37.0
A_NA	1404	196	C	0	0	196	36.2
A_NA	1405	177	A	0	0	177	37.2
A_NA	1406	133	A	0	0	133	37.5
A_NA	1407	93	G	0	0	93	36.7
A_NA	1408	63	T	0	0	63	37.9
A_NA	1409	36	A	0	0	36	34.1
A_NA	1410	0	G	0	0	0	36.5
