Reference_Name	Position	Coverage Depth	Consensus	Deletions	Ambiguous	Consensus_Count	Consensus_Average_Quality
A_PB1	1	24	A	0	0	24	34.1
A_PB1	2	48	T	0	0	48	35.7
A_PB1	3	64	G	0	0	64	34.1
A_PB1	4	93	G	0	0	93	35.9
A_PB1	5	113	A	0	0	113	35.7
A_PB1	6	128	T	0	0	128	34.3
A_PB1	7	165	G	0	0	165	36.1
A_PB1	8	190	T	0	0	190	35.0
A_PB1	9	195	C	0	0	195	36.9
A_PB1	10	213	A	0	0	213	35.3
A_PB1	11	277	A	0	0	277	35.6
A_PB1	12	312	T	0	0	312	37.1
A_PB1	13	299	C	0	0	299	36.5
A_PB1	14	314	C	0	0	314	36.1
A_PB1	15	342	G	0	0	342	34.7
A_PB1	16	355	A	0	0	355	35.4
A_PB1	17	418	C	0	0	418	35.2
A_PB1	18	357	T	0	0	357	35.0
A_PB1	19	406	T	0	0	406	36.9
A_PB1	20	473	T	0	0	473	35.5
A_PB1	21	487	A	0	0	487	36.1
A_PB1	22	494	C	0	0	494	36.8
A_PB1	23	524	T	0	0	524	35.0
A_PB1	24	521	T	0	0	521	35.6
A_PB1	25	530	T	0	0	530	37.2
A_PB1	26	649	T	0	0	649	36.9
A_PB1	27	561	C	0	0	561	35.3
A_PB1	28	709	T	0	0	709	36.7
A_PB1	29	629	T	0	0	629	36.4
A_PB1	30	683	G	0	0	683	36.6
A_PB1	31	683	A	0	0	683	35.6
A_PB1	32	743	A	0	0	743	37.6
A_PB1	33	812	A	0	0	812	34.4
A_PB1	34	829	G	0	0	829	35.3
A_PB1	35	899	T	0	0	899	37.4
A_PB1	36	876	T	0	0	876	36.9
A_PB1	37	895	C	0	0	895	35.1
A_PB1	38	958	C	0	0	958	35.7
A_PB1	39	905	A	0	0	905	34.8
A_PB1	40	829	G	0	0	829	37.5
A_PB1	41	952	C	0	0	952	34.7
A_PB1	42	929	G	0	0	929	35.7
A_PB1	43	971	C	0	0	971	37.6
A_PB1	44	1046	A	0	0	1046	36.9
A_PB1	45	1021	A	0	0	1021	34.5
A_PB1	46	952	A	0	0	952	37.4
A_PB1	47	1113	A	0	0	1113	35.1
A_PB1	48	1056	T	0	0	1056	35.6
A_PB1	49	1098	G	0	0	1098	35.9
A_PB1	50	1231	C	0	0	1231	35.7
A_PB1	51	1132	C	0	0	1132	37.2
A_PB1	52	1159	A	0	0	1159	35.1
A_PB1	53	1225	T	0	0	1225	36.9
A_PB1	54	1092	A	0	0	1092	34.4
A_PB1	55	1186	A	0	0	1186	36.1
A_PB1	56	1266	G	0	0	1266	36.7
A_PB1	57	1347	C	0	0	1347	37.1
A_PB1	58	1361	A	0	0	1361	35.3
A_PB1	59	1250	C	0	0	1250	34.9
A_PB1	60	1311	C	0	0	1311	36.2
A_PB1	61	1428	A	0	0	1428	36.8
A_PB1	62	1260	C	0	0	1260	37.8
A_PB1	63	1455	A	0	0	1455	35.3
A_PB1	64	1312	T	0	0	1312	35.3
A_PB1	65	1571	T	0	0	1571	35.0
A_PB1	66	1616	C	0	0	1616	36.1
A_PB1	67	1562	C	0	0	1562	35.4
A_PB1	68	1537	C	0	0	1537	36.3
A_PB1	69	1442	G	0	0	1442	37.4
A_PB1	70	1683	T	0	0	1683	34.5
A_PB1	71	1566	A	0	0	1566	35.6
A_PB1	72	1603	T	0	0	1603	34.1
A_PB1	73	1634	A	0	0	1634	37.3
A_PB1	74	1922	C	0	0	1922	37.6
A_PB1	75	1628	T	0	0	1628	34.3
A_PB1	76	1665	G	0	0	1665	34.7
A_PB1	77	1791	G	0	0	1791	35.4
A_PB1	78	1908	A	0	0	1908	37.9
A_PB1	79	1932	G	0	0	1932	34.7
A_PB1	80	1809	A	0	0	1809	37.8
A_PB1	81	1866	T	0	0	1866	37.2
A_PB1	82	1830	C	0	0	1830	34.7
A_PB1	83	1852	C	0	0	1852	37.8
A_PB1	84	1877	T	0	0	1877	36.9
A_PB1	85	1782	C	0	0	1782	37.1
A_PB1	86	1986	C	0	0	1986	37.1
A_PB1	87	2082	A	0	0	2082	35.5
A_PB1	88	2033	T	0	0	2033	37.4
A_PB1	89	2044	A	0	0	2044	34.9
A_PB1	90	2223	C	0	0	2223	34.9
A_PB1	91	2017	A	0	0	2017	34.8
A_PB1	92	2096	G	0	0	2096	36.1
A_PB1	93	2088	C	0	0	2088	37.3
A_PB1	94	2313	C	0	0	2313	37.3
A_PB1	95	2059	A	0	0	2059	36.1
A_PB1	96	2267	T	0	0	2267	34.8
A_PB1	97	2222	G	0	0	2222	37.4
A_PB1	98	2196	G	0	0	2196	34.7
A_PB1	99	2257	A	0	0	2257	37.0
A_PB1	100	2354	A	0	0	2354	35.2
A_PB1	101	2528	C	0	0	2528	35.3
A_PB1	102	2322	A	0	0	2322	34.4
A_PB1	103	2416	G	0	0	2416	34.7
A_PB1	104	2587	G	0	0	2587	35.4
A_PB1	105	2309	A	0	0	2309	35.7
A_PB1	106	2623	A	0	0	2623	37.8
A_PB1	107	2417	C	0	0	2417	34.3
A_PB1	108	2399	A	0	0	2399	37.2
A_PB1	109	2498	G	0	0	2498	36.0
A_PB1	110	2471	G	0	0	2471	36.2
A_PB1	111	2673	A	0	0	2673	37.4
A_PB1	112	2763	T	0	0	2763	36.2
A_PB1	113	3145	A	0	0	3145	37.1
A_PB1	114	2886	T	0	0	2886	34.2
A_PB1	115	2980	A	0	0	2980	37.4
A_PB1	116	2793	C	0	0	2793	35.3
A_PB1	117	2807	C	0	0	2807	37.1
A_PB1	118	2855	A	0	0	2855	37.7
A_PB1	119	2684	T	0	0	2684	35.9
A_PB1	120	2844	G	0	0	2844	35.2
A_PB1	121	3075	G	0	0	3075	37.4
A_PB1	122	2615	A	0	0	2615	34.3
A_PB1	123	3060	C	0	0	3060	37.8
A_PB1	124	3136	A	0	0	3136	35.3
A_PB1	125	2964	C	0	0	2964	35.8
A_PB1	126	3207	A	0	0	3207	37.0
A_PB1	127	3426	G	0	0	3426	37.0
A_PB1	128	3022	T	0	0	3022	37.9
A_PB1	129	3100	T	0	0	3100	35.3
A_PB1	130	3234	A	0	0	3234	36.5
A_PB1	131	3505	A	0	0	3505	34.1
A_PB1	132	3439	C	0	0	3439	35.9
A_PB1	133	3472	A	0	0	3472	37.7
A_PB1	134	3336	G	0	0	3336	34.8
A_PB1	135	3084	A	0	0	3084	38.0
A_PB1	136	3587	A	0	0	3587	34.9
A_PB1	137	3468	C	0	0	3468	36.8
A_PB1	138	2973	A	0	0	2973	37.5
A_PB1	139	3348	C	0	0	3348	35.0
A_PB1	140	3232	A	0	0	3232	37.1
A_PB1	141	3399	T	0	0	3399	37.2
A_PB1	142	3487	C	0	0	3487	34.1
A_PB1	143	3287	A	0	0	3287	36.0
A_PB1	144	3523	G	0	0	3523	35.2
A_PB1	145	3498	T	0	0	3498	36.6
A_PB1	146	3559	A	0	0	3559	37.9
A_PB1	147	3084	T	0	0	3084	36.2
A_PB1	148	3084	T	0	0	3084	35.8
A_PB1	149	3551	C	0	0	3551	37.2
A_PB1	150	3379	A	0	0	3379	37.1
A_PB1	151	3857	G	0	0	3857	35.1
A_PB1	152	3519	A	0	0	3519	37.0
A_PB1	153	3808	A	0	0	3808	35.6
A_PB1	154	3512	A	0	0	3512	34.0
A_PB1	155	3640	A	0	0	3640	34.2
A_PB1	156	3654	A	0	0	3654	35.0
A_PB1	157	3423	G	0	0	3423	34.1
A_PB1	158	3773	G	0	0	3773	34.1
A_PB1	159	3603	G	0	0	3603	35.0
A_PB1	160	3333	A	0	0	3333	35.2
A_PB1	161	3888	A	0	0	3888	34.7
A_PB1	162	3533	A	0	0	3533	37.6
A_PB1	163	3624	T	0	0	3624	36.6
A_PB1	164	3491	G	0	0	3491	34.2
A_PB1	165	3352	G	0	0	3352	34.5
A_PB1	166	3522	A	0	0	3522	36.2
A_PB1	167	3562	C	0	0	3562	34.7
A_PB1	168	3561	A	0	0	3561	35.0
A_PB1	169	3829	A	0	0	3829	36.2
A_PB1	170	3680	C	0	0	3680	35.4
A_PB1	171	3390	A	0	0	3390	37.2
A_PB1	172	4282	A	0	0	4282	34.7
A_PB1	173	3569	A	0	0	3569	36.0
A_PB1	174	3722	C	0	0	3722	34.4
A_PB1	175	3647	T	0	0	3647	34.5
A_PB1	176	3725	C	0	0	3725	35.5
A_PB1	177	3867	A	0	0	3867	35.6
A_PB1	178	4041	G	0	0	4041	34.7
A_PB1	179	3508	A	0	0	3508	35.3
A_PB1	180	3580	A	0	0	3580	35.2
A_PB1	181	3564	A	0	0	3564	37.0
A_PB1	182	3968	C	0	0	3968	35.8
A_PB1	183	3790	T	0	0	3790	35.2
A_PB1	184	3569	G	0	0	3569	36.2
A_PB1	185	3331	G	0	0	3331	35.9
A_PB1	186	3990	A	0	0	3990	36.6
A_PB1	187	3862	G	0	0	3862	35.8
A_PB1	188	3436	C	0	0	3436	36.1
A_PB1	189	3628	A	0	0	3628	34.5
A_PB1	190	3739	C	0	0	3739	36.0
A_PB1	191	3664	C	0	0	3664	34.1
A_PB1	192	4223	T	0	0	4223	35.3
A_PB1	193	3831	C	0	0	3831	36.3
A_PB1	194	3621	A	0	0	3621	35.0
A_PB1	195	3650	A	0	0	3650	36.4
A_PB1	196	3785	C	0	0	3785	34.8
A_PB1	197	3962	T	0	0	3962	35.3
A_PB1	198	3668	C	0	0	3668	35.6
A_PB1	199	3961	A	0	0	3961	35.2
A_PB1	200	3776	A	0	0	3776	37.5
A_PB1	201	3822	T	0	0	3822	37.2
A_PB1	202	3619	C	0	0	3619	37.4
A_PB1	203	3625	C	0	0	3625	36.0
A_PB1	204	4228	A	0	0	4228	37.9
A_PB1	205	4013	A	0	0	4013	35.2
A_PB1	206	3910	T	0	0	3910	34.1
A_PB1	207	3970	T	0	0	3970	34.1
A_PB1	208	4126	G	0	0	4126	36.7
A_PB1	209	3961	A	0	0	3961	36.5
A_PB1	210	4192	T	0	0	4192	36.6
A_PB1	211	3563	G	0	0	3563	35.9
A_PB1	212	4041	G	0	0	4041	35.5
A_PB1	213	3838	A	0	0	3838	34.5
A_PB1	214	3784	C	0	0	3784	37.6
A_PB1	215	4365	C	0	0	4365	34.5
A_PB1	216	4183	A	0	0	4183	36.1
A_PB1	217	3903	T	0	0	3903	36.9
A_PB1	218	4144	T	0	0	4144	36.2
A_PB1	219	3918	G	0	0	3918	35.4
A_PB1	220	4158	C	0	0	4158	34.8
A_PB1	221	3684	C	0	0	3684	36.1
A_PB1	222	3762	T	0	0	3762	37.1
A_PB1	223	4079	G	0	0	4079	36.2
A_PB1	224	4253	A	0	0	4253	34.7
A_PB1	225	4149	G	0	0	4149	36.2
A_PB1	226	3620	G	0	0	3620	36.6
A_PB1	227	3708	A	0	0	3708	35.9
A_PB1	228	3873	C	0	0	3873	35.5
A_PB1	229	4077	A	0	0	4077	36.0
A_PB1	230	3848	A	0	0	3848	36.0
A_PB1	231	4074	T	0	0	4074	36.9
A_PB1	232	4375	G	0	0	4375	37.6
A_PB1	233	4040	A	0	0	4040	35.0
A_PB1	234	3871	A	0	0	3871	35.2
A_PB1	235	3956	C	0	0	3956	37.8
A_PB1	236	3732	C	0	0	3732	35.9
A_PB1	237	4343	A	0	0	4343	36.4
A_PB1	238	3990	A	0	0	3990	37.5
A_PB1	239	4274	G	0	0	4274	37.2
A_PB1	240	3911	T	0	0	3911	35.9
A_PB1	241	4017	G	0	0	4017	35.2
A_PB1	242	3932	G	0	0	3932	37.0
A_PB1	243	3728	G	0	0	3728	34.7
A_PB1	244	4256	T	0	0	4256	35.4
A_PB1	245	4137	A	0	0	4137	34.6
A_PB1	246	3732	T	0	0	3732	35.4
A_PB1	247	4023	G	0	0	4023	35.9
A_PB1	248	3827	C	0	0	3827	37.5
A_PB1	249	3866	A	0	0	3866	35.8
A_PB1	250	3927	C	0	0	3927	37.7
A_PB1	251	4243	A	0	0	4243	36.8
A_PB1	252	3867	A	0	0	3867	37.0
A_PB1	253	3653	A	0	0	3653	36.2
A_PB1	254	4374	C	0	0	4374	35.5
A_PB1	255	3755	G	0	0	3755	36.5
A_PB1	256	4140	G	0	0	4140	37.1
A_PB1	257	3586	A	0	0	3586	35.8
A_PB1	258	3513	C	0	0	3513	34.8
A_PB1	259	3644	T	0	0	3644	36.2
A_PB1	260	3959	G	0	0	3959	34.2
A_PB1	261	4067	T	0	0	4067	37.9
A_PB1	262	3632	G	0	0	3632	35.3
A_PB1	263	3847	T	0	0	3847	34.9
A_PB1	264	3959	C	0	0	3959	34.3
A_PB1	265	3808	C	0	0	3808	37.3
A_PB1	266	4084	T	0	0	4084	36.1
A_PB1	267	4040	T	0	0	4040	37.9
A_PB1	268	3512	G	0	0	3512	37.8
A_PB1	269	4037	A	0	0	4037	35.8
A_PB1	270	3224	A	0	0	3224	37.0
A_PB1	271	3926	G	0	0	3926	36.0
A_PB1	272	4041	C	0	0	4041	36.5
A_PB1	273	3711	A	0	0	3711	35.2
A_PB1	274	3698	A	0	0	3698	34.2
A_PB1	275	3484	T	0	0	3484	37.5
A_PB1	276	3739	G	0	0	3739	34.2
A_PB1	277	4025	G	0	0	4025	36.4
A_PB1	278	3615	C	0	0	3615	35.9
A_PB1	279	3595	T	0	0	3595	34.9
A_PB1	280	3906	T	0	0	3906	34.4
A_PB1	281	3912	T	0	0	3912	34.0
A_PB1	282	3359	C	0	0	3359	36.1
A_PB1	283	3723	C	0	0	3723	37.0
A_PB1	284	3873	T	0	0	3873	34.1
A_PB1	285	3447	T	0	0	3447	36.7
A_PB1	286	3841	G	0	0	3841	34.6
A_PB1	287	3373	A	0	0	3373	36.3
A_PB1	288	3570	A	0	0	3570	34.5
A_PB1	289	3607	G	0	0	3607	35.2
A_PB1	290	3567	A	0	0	3567	35.1
A_PB1	291	3622	G	0	0	3622	36.4
A_PB1	292	3630	T	0	0	3630	35.2
A_PB1	293	3618	C	0	0	3618	37.6
A_PB1	294	3433	C	0	0	3433	34.8
A_PB1	295	3925	C	0	0	3925	37.0
A_PB1	296	3702	A	0	0	3702	35.7
A_PB1	297	3868	C	0	0	3868	36.2
A_PB1	298	3325	C	0	0	3325	36.3
A_PB1	299	3369	C	0	0	3369	37.9
A_PB1	300	3728	A	0	0	3728	34.9
A_PB1	301	3426	G	0	0	3426	37.2
A_PB1	302	3667	G	0	0	3667	34.6
A_PB1	303	3388	A	0	0	3388	36.9
A_PB1	304	3295	A	0	0	3295	36.1
A_PB1	305	3431	T	0	0	3431	37.0
A_PB1	306	3361	C	0	0	3361	36.5
A_PB1	307	3649	T	0	0	3649	36.1
A_PB1	308	3326	T	0	0	3326	34.6
A_PB1	309	3513	T	0	0	3513	34.8
A_PB1	310	3185	G	0	0	3185	34.2
A_PB1	311	3143	A	0	0	3143	35.7
A_PB1	312	2991	A	0	0	2991	36.1
A_PB1	313	3494	A	0	0	3494	37.1
A_PB1	314	3034	A	0	0	3034	34.7
A_PB1	315	3588	C	0	0	3588	35.2
A_PB1	316	3408	T	0	0	3408	34.7
A_PB1	317	3523	C	0	0	3523	37.4
A_PB1	318	3176	G	0	0	3176	34.8
A_PB1	319	3357	T	0	0	3357	36.8
A_PB1	320	3140	G	0	0	3140	35.1
A_PB1	321	3044	T	0	0	3044	35.7
A_PB1	322	3603	C	0	0	3603	36.6
A_PB1	323	3217	T	0	0	3217	35.0
A_PB1	324	3109	T	0	0	3109	36.4
A_PB1	325	3178	G	0	0	3178	35.9
A_PB1	326	3152	A	0	0	3152	37.8
A_PB1	327	2820	A	0	0	2820	35.6
A_PB1	328	2895	A	0	0	2895	35.0
A_PB1	329	3037	C	0	0	3037	37.5
A_PB1	330	3386	G	0	0	3386	37.8
A_PB1	331	3058	A	0	0	3058	35.3
A_PB1	332	3165	T	0	0	3165	37.5
A_PB1	333	3054	G	0	0	3054	35.0
A_PB1	334	2866	G	0	0	2866	35.8
A_PB1	335	3156	A	0	0	3156	37.6
A_PB1	336	2873	A	0	0	2873	35.8
A_PB1	337	3041	G	0	0	3041	35.1
A_PB1	338	3210	T	0	0	3210	35.1
A_PB1	339	2822	T	0	0	2822	37.3
A_PB1	340	2948	G	0	0	2948	36.3
A_PB1	341	2892	T	0	0	2892	36.9
A_PB1	342	2793	T	0	0	2793	36.4
A_PB1	343	2585	C	0	0	2585	37.8
A_PB1	344	2702	A	0	0	2702	37.1
A_PB1	345	2646	A	0	0	2646	34.8
A_PB1	346	3130	C	0	0	3130	34.5
A_PB1	347	2821	A	0	0	2821	34.7
A_PB1	348	2986	A	0	0	2986	35.1
A_PB1	349	2914	A	0	0	2914	37.9
A_PB1	350	2961	C	0	0	2961	37.0
A_PB1	351	2521	A	0	0	2521	36.3
A_PB1	352	2819	A	0	0	2819	35.0
A_PB1	353	3027	G	0	0	3027	35.7
A_PB1	354	2982	A	0	0	2982	34.4
A_PB1	355	2782	G	0	0	2782	35.5
A_PB1	356	2616	T	0	0	2616	34.2
A_PB1	357	2648	G	0	0	2648	34.8
A_PB1	358	2568	G	0	0	2568	34.6
A_PB1	359	2738	A	0	0	2738	35.9
A_PB1	360	2703	C	0	0	2703	37.8
A_PB1	361	2471	A	0	0	2471	35.2
A_PB1	362	2910	A	0	0	2910	34.4
A_PB1	363	2608	G	0	0	2608	34.4
A_PB1	364	2608	T	0	0	2608	34.5
A_PB1	365	2836	T	0	0	2836	37.0
A_PB1	366	2337	G	0	0	2337	35.9
A_PB1	367	2612	A	0	0	2612	37.9
A_PB1	368	2763	C	0	0	2763	35.9
A_PB1	369	2826	C	0	0	2826	34.3
A_PB1	370	2365	C	0	0	2365	34.6
A_PB1	371	2531	A	0	0	2531	37.8
A_PB1	372	2815	A	0	0	2815	37.9
A_PB1	373	2468	G	0	0	2468	37.5
A_PB1	374	2475	G	0	0	2475	34.4
A_PB1	375	2477	C	0	0	2477	35.3
A_PB1	376	2510	C	0	0	2510	34.4
A_PB1	377	2521	G	0	0	2521	34.7
A_PB1	378	2743	T	0	0	2743	36.9
A_PB1	379	2340	C	0	0	2340	34.2
A_PB1	380	2543	A	0	0	2543	34.3
A_PB1	381	2457	G	0	0	2457	34.3
A_PB1	382	2740	A	0	0	2740	35.4
A_PB1	383	2286	C	0	0	2286	37.2
A_PB1	384	2760	C	0	0	2760	34.6
A_PB1	385	2289	T	0	0	2289	35.9
A_PB1	386	2518	A	0	0	2518	35.5
A_PB1	387	2534	T	0	0	2534	34.2
A_PB1	388	2388	G	0	0	2388	36.5
A_PB1	389	2249	A	0	0	2249	34.5
A_PB1	390	2468	T	0	0	2468	37.2
A_PB1	391	2237	T	0	0	2237	36.2
A_PB1	392	2313	G	0	0	2313	36.1
A_PB1	393	2430	G	0	0	2430	37.2
A_PB1	394	2290	A	0	0	2290	36.4
A_PB1	395	2270	C	0	0	2270	34.6
A_PB1	396	2396	G	0	0	2396	35.7
A_PB1	397	2201	T	0	0	2201	34.8
A_PB1	398	2392	T	0	0	2392	37.2
A_PB1	399	2455	A	0	0	2455	34.9
A_PB1	400	2376	A	0	0	2376	37.5
A_PB1	401	2450	A	0	0	2450	36.7
A_PB1	402	2273	C	0	0	2273	34.4
A_PB1	403	2359	A	0	0	2359	36.2
A_PB1	404	2388	G	0	0	2388	36.1
A_PB1	405	2350	G	0	0	2350	34.8
A_PB1	406	2207	A	0	0	2207	35.2
A_PB1	407	2144	A	0	0	2144	38.0
A_PB1	408	2257	T	0	0	2257	37.4
A_PB1	409	2389	C	0	0	2389	34.6
A_PB1	410	2376	A	0	0	2376	35.7
A_PB1	411	2297	G	0	0	2297	35.0
A_PB1	412	2291	C	0	0	2291	37.6
A_PB1	413	2192	C	0	0	2192	36.8
A_PB1	414	2133	G	0	0	2133	34.8
A_PB1	415	2258	G	0	0	2258	36.8
A_PB1	416	2024	C	0	0	2024	36.1
A_PB1	417	2183	T	0	0	2183	36.9
A_PB1	418	2272	G	0	0	2272	36.7
A_PB1	419	2213	C	0	0	2213	34.1
A_PB1	420	2240	A	0	0	2240	37.4
A_PB1	421	2309	A	0	0	2309	34.2
A_PB1	422	2508	C	0	0	2508	35.4
A_PB1	423	2247	T	0	0	2247	34.9
A_PB1	424	2237	G	0	0	2237	34.2
A_PB1	425	2087	C	0	0	2087	37.8
A_PB1	426	2328	A	0	0	2328	37.8
A_PB1	427	2370	T	0	0	2370	36.5
A_PB1	428	2238	T	0	0	2238	35.8
A_PB1	429	2165	A	0	0	2165	36.6
A_PB1	430	2046	G	0	0	2046	37.9
A_PB1	431	2062	C	0	0	2062	35.9
A_PB1	432	2197	T	0	0	2197	35.7
A_PB1	433	2342	A	0	0	2342	34.3
A_PB1	434	2322	A	0	0	2322	37.6
A_PB1	435	2134	T	0	0	2134	34.6
A_PB1	436	2333	A	0	0	2333	35.9
A_PB1	437	2231	C	0	0	2231	35.2
A_PB1	438	2098	T	0	0	2098	34.5
A_PB1	439	2361	A	0	0	2361	35.1
A_PB1	440	2377	T	0	0	2377	35.7
A_PB1	441	2235	A	0	0	2235	34.3
A_PB1	442	2280	G	0	0	2280	34.5
A_PB1	443	2132	A	0	0	2132	36.1
A_PB1	444	2174	G	0	0	2174	37.5
A_PB1	445	2150	G	0	0	2150	34.0
A_PB1	446	2124	T	0	0	2124	35.1
A_PB1	447	2339	C	0	0	2339	37.6
A_PB1	448	2333	T	0	0	2333	35.1
A_PB1	449	2070	T	0	0	2070	34.5
A_PB1	450	2104	C	0	0	2104	38.0
A_PB1	451	2333	A	0	0	2333	35.4
A_PB1	452	2031	G	0	0	2031	35.5
A_PB1	453	2267	A	0	0	2267	34.5
A_PB1	454	2211	T	0	0	2211	37.1
A_PB1	455	2070	C	0	0	2070	35.3
A_PB1	456	2170	T	0	0	2170	35.0
A_PB1	457	2127	A	0	0	2127	37.8
A_PB1	458	2265	A	0	0	2265	34.9
A_PB1	459	2163	C	0	0	2163	37.4
A_PB1	460	2373	G	0	0	2373	35.2
A_PB1	461	2371	G	0	0	2371	36.7
A_PB1	462	2285	C	0	0	2285	36.0
A_PB1	463	2215	C	0	0	2215	36.3
A_PB1	464	2411	T	0	0	2411	35.7
A_PB1	465	2076	C	0	0	2076	34.8
A_PB1	466	2145	A	0	0	2145	36.9
A_PB1	467	2188	C	0	0	2188	34.1
A_PB1	468	2192	A	0	0	2192	37.3
A_PB1	469	2341	G	0	0	2341	34.2
A_PB1	470	2639	C	0	0	2639	34.7
A_PB1	471	2164	C	0	0	2164	35.8
A_PB1	472	2511	A	0	0	2511	37.9
A_PB1	473	2418	A	0	0	2418	34.9
A_PB1	474	2184	T	0	0	2184	35.2
A_PB1	475	2173	G	0	0	2173	36.0
A_PB1	476	2260	A	0	0	2260	35.9
A_PB1	477	2245	A	0	0	2245	36.2
A_PB1	478	2350	T	0	0	2350	34.1
A_PB1	479	2447	C	0	0	2447	36.5
A_PB1	480	2478	A	0	0	2478	34.6
A_PB1	481	2386	G	0	0	2386	35.4
A_PB1	482	2359	G	0	0	2359	36.4
A_PB1	483	2153	A	0	0	2153	35.0
A_PB1	484	2279	A	0	0	2279	36.1
A_PB1	485	2180	G	0	0	2180	34.7
A_PB1	486	2410	G	0	0	2410	37.5
A_PB1	487	2321	C	0	0	2321	35.7
A_PB1	488	2452	T	0	0	2452	36.1
A_PB1	489	2205	A	0	0	2205	37.0
A_PB1	490	2655	A	0	0	2655	34.7
A_PB1	491	2260	T	0	0	2260	36.3
A_PB1	492	2336	A	0	0	2336	36.4
A_PB1	493	2632	G	0	0	2632	37.2
A_PB1	494	2406	A	0	0	2406	35.0
A_PB1	495	2430	T	0	0	2430	37.5
A_PB1	496	2493	T	0	0	2493	36.9
A_PB1	497	2178	T	0	0	2178	34.9
A_PB1	498	2562	T	0	0	2562	36.5
A_PB1	499	2502	C	0	0	2502	35.5
A_PB1	500	2290	T	0	0	2290	37.4
A_PB1	501	2598	C	0	0	2598	37.2
A_PB1	502	2547	A	0	0	2547	36.3
A_PB1	503	2344	A	0	0	2344	37.2
A_PB1	504	2543	G	0	0	2543	37.3
A_PB1	505	2327	G	0	0	2327	36.7
A_PB1	506	2510	A	0	0	2510	36.8
A_PB1	507	2955	T	0	0	2955	35.8
A_PB1	508	2672	G	0	0	2672	37.7
A_PB1	509	2587	T	0	0	2587	35.3
A_PB1	510	2364	G	0	0	2364	35.7
A_PB1	511	2399	A	0	0	2399	36.3
A_PB1	512	2497	T	0	0	2497	34.1
A_PB1	513	2657	G	0	0	2657	34.3
A_PB1	514	2840	G	0	0	2840	34.7
A_PB1	515	2580	A	0	0	2580	37.6
A_PB1	516	2703	A	0	0	2703	35.5
A_PB1	517	2520	T	0	0	2520	36.1
A_PB1	518	2272	C	0	0	2272	36.4
A_PB1	519	2589	A	0	0	2589	37.3
A_PB1	520	2429	A	0	0	2429	35.5
A_PB1	521	2419	T	0	0	2419	34.5
A_PB1	522	2331	G	0	0	2331	34.8
A_PB1	523	2666	G	0	0	2666	38.0
A_PB1	524	2654	A	0	0	2654	35.2
A_PB1	525	2508	T	0	0	2508	34.1
A_PB1	526	2708	A	0	0	2708	37.0
A_PB1	527	2657	A	0	0	2657	34.1
A_PB1	528	2642	G	0	0	2642	35.3
A_PB1	529	2602	G	0	0	2602	35.6
A_PB1	530	2653	A	0	0	2653	36.6
A_PB1	531	2375	G	0	0	2375	37.7
A_PB1	532	2660	G	0	0	2660	35.0
A_PB1	533	2724	A	0	0	2724	36.8
A_PB1	534	2697	A	0	0	2697	35.6
A_PB1	535	2629	A	0	0	2629	34.2
A_PB1	536	2629	T	0	0	2629	34.7
A_PB1	537	2651	G	0	0	2651	37.7
A_PB1	538	2743	G	0	0	2743	36.7
A_PB1	539	2723	A	0	0	2723	37.8
A_PB1	540	2622	A	0	0	2622	36.9
A_PB1	541	2591	A	0	0	2591	36.1
A_PB1	542	2666	T	0	0	2666	37.0
A_PB1	543	2555	A	0	0	2555	37.9
A_PB1	544	2794	A	0	0	2794	36.2
A_PB1	545	2511	C	0	0	2511	34.1
A_PB1	546	2716	A	0	0	2716	35.4
A_PB1	547	2934	A	0	0	2934	36.2
A_PB1	548	2929	C	0	0	2929	37.6
A_PB1	549	2613	G	0	0	2613	36.9
A_PB1	550	2642	C	0	0	2642	36.0
A_PB1	551	2989	A	0	0	2989	37.2
A_PB1	552	2728	T	0	0	2728	37.1
A_PB1	553	2746	T	0	0	2746	37.3
A_PB1	554	2825	T	0	0	2825	37.8
A_PB1	555	2996	C	0	0	2996	34.8
A_PB1	556	2613	C	0	0	2613	37.7
A_PB1	557	2811	A	0	0	2811	34.3
A_PB1	558	2779	A	0	0	2779	35.0
A_PB1	559	2751	A	0	0	2751	37.1
A_PB1	560	2943	G	0	0	2943	37.0
A_PB1	561	2998	G	0	0	2998	37.2
A_PB1	562	3093	A	0	0	3093	34.6
A_PB1	563	2820	A	0	0	2820	36.9
A_PB1	564	2937	A	0	0	2937	34.7
A_PB1	565	2716	A	0	0	2716	37.9
A_PB1	566	3047	G	0	0	3047	35.6
A_PB1	567	2866	A	0	0	2866	34.2
A_PB1	568	3021	A	0	0	3021	36.7
A_PB1	569	2910	G	0	0	2910	37.7
A_PB1	570	2900	A	0	0	2900	36.6
A_PB1	571	3097	G	0	0	3097	37.1
A_PB1	572	2773	T	0	0	2773	34.3
A_PB1	573	2744	G	0	0	2744	37.4
A_PB1	574	2728	A	0	0	2728	34.8
A_PB1	575	2866	G	0	0	2866	37.2
A_PB1	576	2482	A	0	0	2482	35.6
A_PB1	577	2953	G	0	0	2953	37.2
A_PB1	578	2687	A	0	0	2687	37.6
A_PB1	579	2493	C	0	0	2493	34.7
A_PB1	580	2595	A	0	0	2595	34.4
A_PB1	581	3020	A	0	0	3020	36.1
A_PB1	582	2406	C	0	0	2406	34.8
A_PB1	583	2669	A	0	0	2669	34.1
A_PB1	584	2987	T	0	0	2987	35.4
A_PB1	585	2978	G	0	0	2978	36.0
A_PB1	586	2954	A	0	0	2954	37.9
A_PB1	587	2771	C	0	0	2771	36.0
A_PB1	588	2501	C	0	0	2501	36.9
A_PB1	589	3017	A	0	0	3017	37.4
A_PB1	590	3078	A	0	0	3078	35.3
A_PB1	591	3024	G	0	0	3024	36.5
A_PB1	592	2624	A	0	0	2624	35.1
A_PB1	593	2771	A	0	0	2771	34.0
A_PB1	594	2660	A	0	0	2660	37.0
A_PB1	595	2896	A	0	0	2896	36.0
A_PB1	596	2906	T	0	0	2906	35.6
A_PB1	597	2636	G	0	0	2636	34.1
A_PB1	598	2975	G	0	0	2975	37.4
A_PB1	599	2981	T	0	0	2981	37.4
A_PB1	600	2613	C	0	0	2613	34.5
A_PB1	601	2967	A	0	0	2967	36.6
A_PB1	602	2877	C	0	0	2877	34.0
A_PB1	603	3037	A	0	0	3037	36.3
A_PB1	604	2786	C	0	0	2786	37.5
A_PB1	605	2864	A	0	0	2864	36.2
A_PB1	606	2516	A	0	0	2516	35.5
A_PB1	607	2956	A	0	0	2956	35.0
A_PB1	608	2966	G	0	0	2966	36.4
A_PB1	609	2803	G	0	0	2803	37.9
A_PB1	610	2707	A	0	0	2707	35.9
A_PB1	611	2588	C	0	0	2588	34.6
A_PB1	612	2839	A	0	0	2839	37.3
A_PB1	613	3113	A	0	0	3113	37.4
A_PB1	614	2762	T	0	0	2762	35.4
A_PB1	615	2487	A	0	0	2487	35.5
A_PB1	616	2719	G	0	0	2719	34.1
A_PB1	617	2444	G	0	0	2444	35.8
A_PB1	618	2686	A	0	0	2686	37.6
A_PB1	619	2759	A	0	0	2759	34.3
A_PB1	620	2658	A	0	0	2658	37.4
A_PB1	621	2754	G	0	0	2754	37.0
A_PB1	622	2914	A	0	0	2914	37.4
A_PB1	623	2366	A	0	0	2366	34.3
A_PB1	624	2770	G	0	0	2770	36.5
A_PB1	625	2686	A	0	0	2686	36.8
A_PB1	626	2904	A	0	0	2904	37.7
A_PB1	627	2548	A	0	0	2548	37.8
A_PB1	628	2793	C	0	0	2793	35.1
A_PB1	629	2776	A	0	0	2776	34.0
A_PB1	630	2735	G	0	0	2735	36.9
A_PB1	631	2576	A	0	0	2576	36.5
A_PB1	632	2665	G	0	0	2665	37.8
A_PB1	633	2592	G	0	0	2592	37.6
A_PB1	634	2653	C	0	0	2653	34.5
A_PB1	635	2568	T	0	0	2568	34.7
A_PB1	636	2761	A	0	0	2761	34.4
A_PB1	637	2592	A	0	0	2592	37.5
A_PB1	638	2916	A	0	0	2916	35.2
A_PB1	639	2856	T	0	0	2856	35.0
A_PB1	640	3076	A	0	0	3076	34.0
A_PB1	641	2545	A	0	0	2545	34.3
A_PB1	642	2571	A	0	0	2571	37.6
A_PB1	643	2708	A	0	0	2708	35.1
A_PB1	644	2793	A	0	0	2793	37.5
A_PB1	645	2656	G	0	0	2656	34.5
A_PB1	646	2767	A	0	0	2767	37.9
A_PB1	647	2688	G	0	0	2688	36.4
A_PB1	648	2853	C	0	0	2853	35.4
A_PB1	649	2555	T	0	0	2555	36.8
A_PB1	650	2889	A	0	0	2889	35.5
A_PB1	651	2816	T	0	0	2816	36.7
A_PB1	652	2450	C	0	0	2450	36.7
A_PB1	653	2765	T	0	0	2765	35.3
A_PB1	654	2387	A	0	0	2387	36.8
A_PB1	655	2472	A	0	0	2472	36.8
A_PB1	656	2788	T	0	0	2788	35.3
A_PB1	657	2687	A	0	0	2687	37.8
A_PB1	658	2448	A	0	0	2448	38.0
A_PB1	659	2485	G	0	0	2485	36.1
A_PB1	660	2395	A	0	0	2395	36.6
A_PB1	661	2597	G	0	0	2597	34.7
A_PB1	662	2649	C	0	0	2649	37.1
A_PB1	663	2579	A	0	0	2579	35.5
A_PB1	664	2515	T	0	0	2515	34.6
A_PB1	665	2389	T	0	0	2389	34.7
A_PB1	666	2526	G	0	0	2526	35.0
A_PB1	667	2596	A	0	0	2596	36.2
A_PB1	668	2657	C	0	0	2657	36.9
A_PB1	669	2545	A	0	0	2545	36.8
A_PB1	670	2866	C	0	0	2866	34.6
A_PB1	671	2594	T	0	0	2594	36.5
A_PB1	672	2481	G	0	0	2481	34.1
A_PB1	673	2552	A	0	0	2552	35.8
A_PB1	674	2645	A	0	0	2645	36.1
A_PB1	675	2493	C	0	0	2493	35.0
A_PB1	676	2465	A	0	0	2465	37.0
A_PB1	677	2640	C	0	0	2640	36.6
A_PB1	678	2276	G	0	0	2276	36.3
A_PB1	679	2562	A	0	0	2562	34.4
A_PB1	680	2565	T	0	0	2565	37.1
A_PB1	681	2689	G	0	0	2689	35.1
A_PB1	682	2295	A	0	0	2295	37.3
A_PB1	683	2505	C	0	0	2505	36.3
A_PB1	684	2477	A	0	0	2477	37.6
A_PB1	685	2306	A	0	0	2306	35.3
A_PB1	686	2580	A	0	0	2580	35.1
A_PB1	687	2570	A	0	0	2570	35.7
A_PB1	688	2593	G	0	0	2593	35.0
A_PB1	689	2262	A	0	0	2262	36.4
A_PB1	690	2668	C	0	0	2668	34.4
A_PB1	691	2200	G	0	0	2200	35.1
A_PB1	692	2514	C	0	0	2514	37.7
A_PB1	693	2619	C	0	0	2619	34.7
A_PB1	694	2600	G	0	0	2600	35.2
A_PB1	695	2338	A	0	0	2338	37.4
A_PB1	696	2500	A	0	0	2500	36.4
A_PB1	697	2565	A	0	0	2565	34.8
A_PB1	698	2254	G	0	0	2254	35.8
A_PB1	699	2453	A	0	0	2453	36.1
A_PB1	700	2426	G	0	0	2426	35.0
A_PB1	701	2474	G	0	0	2474	34.8
A_PB1	702	2718	C	0	0	2718	37.9
A_PB1	703	2482	A	0	0	2482	34.4
A_PB1	704	2515	A	0	0	2515	37.0
A_PB1	705	2111	A	0	0	2111	35.7
A_PB1	706	2302	T	0	0	2302	37.9
A_PB1	707	2754	T	0	0	2754	34.6
A_PB1	708	2397	A	0	0	2397	34.5
A_PB1	709	2559	A	0	0	2559	36.3
A_PB1	710	2771	A	0	0	2771	34.3
A_PB1	711	2374	A	0	0	2374	34.6
A_PB1	712	2498	A	0	0	2498	35.1
A_PB1	713	2759	G	0	0	2759	34.7
A_PB1	714	2432	A	0	0	2432	37.7
A_PB1	715	2553	A	0	0	2553	37.2
A_PB1	716	2676	G	0	0	2676	38.0
A_PB1	717	2542	G	0	0	2542	37.2
A_PB1	718	2376	G	0	0	2376	37.9
A_PB1	719	2547	C	0	0	2547	36.9
A_PB1	720	2577	A	0	0	2577	35.8
A_PB1	721	2577	A	0	0	2577	37.6
A_PB1	722	2676	T	0	0	2676	35.5
A_PB1	723	2646	T	0	0	2646	37.5
A_PB1	724	2697	G	0	0	2697	34.6
A_PB1	725	2381	C	0	0	2381	35.0
A_PB1	726	2584	G	0	0	2584	35.1
A_PB1	727	2784	A	0	0	2784	35.8
A_PB1	728	2667	C	0	0	2667	37.3
A_PB1	729	2499	A	0	0	2499	35.5
A_PB1	730	2469	C	0	0	2469	36.3
A_PB1	731	2720	C	0	0	2720	36.6
A_PB1	732	2603	T	0	0	2603	36.7
A_PB1	733	2850	G	0	0	2850	36.1
A_PB1	734	2977	G	0	0	2977	35.6
A_PB1	735	2744	A	0	0	2744	35.3
A_PB1	736	2763	A	0	0	2763	34.4
A_PB1	737	2559	T	0	0	2559	35.2
A_PB1	738	2641	G	0	0	2641	37.5
A_PB1	739	2635	C	0	0	2635	34.6
A_PB1	740	2584	A	0	0	2584	34.2
A_PB1	741	2472	A	0	0	2472	36.6
A_PB1	742	2679	A	0	0	2679	35.1
A_PB1	743	2663	T	0	0	2663	37.1
A_PB1	744	2760	C	0	0	2760	37.9
A_PB1	745	2749	A	0	0	2749	34.5
A_PB1	746	2680	G	0	0	2680	35.4
A_PB1	747	2676	A	0	0	2676	35.1
A_PB1	748	2812	G	0	0	2812	36.2
A_PB1	749	2597	G	0	0	2597	34.5
A_PB1	750	2504	G	0	0	2504	36.8
A_PB1	751	2741	T	0	0	2741	36.0
A_PB1	752	2702	T	0	0	2702	34.4
A_PB1	753	2584	T	0	0	2584	36.0
A_PB1	754	2692	G	0	0	2692	34.5
A_PB1	755	2986	T	0	0	2986	36.0
A_PB1	756	2899	G	0	0	2899	36.7
A_PB1	757	2853	T	0	0	2853	35.5
A_PB1	758	2778	A	0	0	2778	34.5
A_PB1	759	2686	C	0	0	2686	35.6
A_PB1	760	2719	T	0	0	2719	36.7
A_PB1	761	2512	T	0	0	2512	34.7
A_PB1	762	2938	T	0	0	2938	36.1
A_PB1	763	3184	G	0	0	3184	35.3
A_PB1	764	2778	T	0	0	2778	34.4
A_PB1	765	3257	T	0	0	3257	37.6
A_PB1	766	3241	G	0	0	3241	35.6
A_PB1	767	2805	A	0	0	2805	37.5
A_PB1	768	2909	A	0	0	2909	36.1
A_PB1	769	2815	A	0	0	2815	35.0
A_PB1	770	2929	C	0	0	2929	35.4
A_PB1	771	3273	A	0	0	3273	36.0
A_PB1	772	2818	T	0	0	2818	37.6
A_PB1	773	2856	T	0	0	2856	35.3
A_PB1	774	2725	A	0	0	2725	36.1
A_PB1	775	2922	G	0	0	2922	34.8
A_PB1	776	2833	C	0	0	2833	34.1
A_PB1	777	2682	G	0	0	2682	36.3
A_PB1	778	2978	A	0	0	2978	34.1
A_PB1	779	3006	G	0	0	3006	35.3
A_PB1	780	3076	G	0	0	3076	34.9
A_PB1	781	3071	A	0	0	3071	35.4
A_PB1	782	3048	G	0	0	3048	35.9
A_PB1	783	2894	C	0	0	2894	36.0
A_PB1	784	2926	A	0	0	2926	36.0
A_PB1	785	3154	T	0	0	3154	36.1
A_PB1	786	2960	T	0	0	2960	35.8
A_PB1	787	2939	T	0	0	2939	37.1
A_PB1	788	3157	G	0	0	3157	37.7
A_PB1	789	3282	T	0	0	3282	37.7
A_PB1	790	3279	G	0	0	3279	36.6
A_PB1	791	3069	A	0	0	3069	36.7
A_PB1	792	2947	T	0	0	2947	36.5
A_PB1	793	3360	A	0	0	3360	36.6
A_PB1	794	3109	A	0	0	3109	34.7
A_PB1	795	3257	G	0	0	3257	36.7
A_PB1	796	3624	C	0	0	3624	37.1
A_PB1	797	3282	T	0	0	3282	34.2
A_PB1	798	3485	T	0	0	3485	36.7
A_PB1	799	3544	G	0	0	3544	35.7
A_PB1	800	3075	A	0	0	3075	35.4
A_PB1	801	3552	A	0	0	3552	34.1
A_PB1	802	3506	C	0	0	3506	35.5
A_PB1	803	3029	A	0	0	3029	34.7
A_PB1	804	3215	A	0	0	3215	37.2
A_PB1	805	3162	T	0	0	3162	36.7
A_PB1	806	3637	C	0	0	3637	34.4
A_PB1	807	3700	T	0	0	3700	36.7
A_PB1	808	3127	G	0	0	3127	34.7
A_PB1	809	3110	G	0	0	3110	34.4
A_PB1	810	3141	A	0	0	3141	34.4
A_PB1	811	3363	C	0	0	3363	35.6
A_PB1	812	3227	T	0	0	3227	36.7
A_PB1	813	3322	C	0	0	3322	37.3
A_PB1	814	3200	C	0	0	3200	37.6
A_PB1	815	3130	C	0	0	3130	34.1
A_PB1	816	3565	A	0	0	3565	35.8
A_PB1	817	3788	G	0	0	3788	36.6
A_PB1	818	3458	T	0	0	3458	36.9
A_PB1	819	3594	T	0	0	3594	37.8
A_PB1	820	3299	G	0	0	3299	36.5
A_PB1	821	3525	G	0	0	3525	34.9
A_PB1	822	3468	G	0	0	3468	35.5
A_PB1	823	3481	G	0	0	3481	36.3
A_PB1	824	3514	G	0	0	3514	35.5
A_PB1	825	3701	C	0	0	3701	37.9
A_PB1	826	3598	A	0	0	3598	37.2
A_PB1	827	3454	A	0	0	3454	35.6
A_PB1	828	3643	T	0	0	3643	36.1
A_PB1	829	3931	G	0	0	3931	35.0
A_PB1	830	3556	A	0	0	3556	34.5
A_PB1	831	3519	A	0	0	3519	35.4
A_PB1	832	3499	A	0	0	3499	34.9
A_PB1	833	3306	A	0	0	3306	38.0
A_PB1	834	3849	G	0	0	3849	37.9
A_PB1	835	3456	A	0	0	3456	34.7
A_PB1	836	3534	A	0	0	3534	35.8
A_PB1	837	3806	G	0	0	3806	37.0
A_PB1	838	3483	G	0	0	3483	37.2
A_PB1	839	4324	C	0	0	4324	34.6
A_PB1	840	3574	T	0	0	3574	35.5
A_PB1	841	3794	A	0	0	3794	37.0
A_PB1	842	3984	A	0	0	3984	34.3
A_PB1	843	4072	A	0	0	4072	36.4
A_PB1	844	3727	C	0	0	3727	34.9
A_PB1	845	3740	T	0	0	3740	36.8
A_PB1	846	3732	G	0	0	3732	35.6
A_PB1	847	3909	G	0	0	3909	35.2
A_PB1	848	3672	C	0	0	3672	37.9
A_PB1	849	3761	A	0	0	3761	36.6
A_PB1	850	3959	A	0	0	3959	36.4
A_PB1	851	3903	A	0	0	3903	38.0
A_PB1	852	3834	T	0	0	3834	37.2
A_PB1	853	3664	G	0	0	3664	37.7
A_PB1	854	3963	T	0	0	3963	34.3
A_PB1	855	3787	T	0	0	3787	34.7
A_PB1	856	3796	G	0	0	3796	36.5
A_PB1	857	3674	T	0	0	3674	34.9
A_PB1	858	3752	G	0	0	3752	35.3
A_PB1	859	3628	A	0	0	3628	36.2
A_PB1	860	3846	G	0	0	3846	36.7
A_PB1	861	3757	A	0	0	3757	38.0
A_PB1	862	4069	A	0	0	4069	35.5
A_PB1	863	3630	A	0	0	3630	37.7
A_PB1	864	3960	A	0	0	3960	37.9
A_PB1	865	4297	A	0	0	4297	35.0
A_PB1	866	3664	T	0	0	3664	34.5
A_PB1	867	3956	G	0	0	3956	34.0
A_PB1	868	4110	A	0	0	4110	36.5
A_PB1	869	3727	T	0	0	3727	36.1
A_PB1	870	4047	G	0	0	4047	36.9
A_PB1	871	4037	A	0	0	4037	37.7
A_PB1	872	3534	C	0	0	3534	36.8
A_PB1	873	3959	T	0	0	3959	37.6
A_PB1	874	4108	A	0	0	4108	34.0
A_PB1	875	3725	A	0	0	3725	34.4
A_PB1	876	3681	T	0	0	3681	37.8
A_PB1	877	4046	T	0	0	4046	35.0
A_PB1	878	3589	C	0	0	3589	34.9
A_PB1	879	3941	G	0	0	3941	35.8
A_PB1	880	3933	C	0	0	3933	35.2
A_PB1	881	4071	A	0	0	4071	34.8
A_PB1	882	4484	G	0	0	4484	36.6
A_PB1	883	3808	G	0	0	3808	34.3
A_PB1	884	4060	A	0	0	4060	37.5
A_PB1	885	4073	C	0	0	4073	35.6
A_PB1	886	4170	A	0	0	4170	37.9
A_PB1	887	4205	C	0	0	4205	36.6
A_PB1	888	3920	A	0	0	3920	35.4
A_PB1	889	3741	G	0	0	3741	35.5
A_PB1	890	4215	A	0	0	4215	37.7
A_PB1	891	3995	G	0	0	3995	37.6
A_PB1	892	4239	C	0	0	4239	35.8
A_PB1	893	4097	T	0	0	4097	34.0
A_PB1	894	3878	C	0	0	3878	36.5
A_PB1	895	3903	T	0	0	3903	35.5
A_PB1	896	3796	C	0	0	3796	36.7
A_PB1	897	4371	C	0	0	4371	36.0
A_PB1	898	4115	T	0	0	4115	36.8
A_PB1	899	4129	T	0	0	4129	34.7
A_PB1	900	4151	C	0	0	4151	35.9
A_PB1	901	3977	A	0	0	3977	36.7
A_PB1	902	3711	C	0	0	3711	34.1
A_PB1	903	4197	A	0	0	4197	36.0
A_PB1	904	3870	A	0	0	3870	36.6
A_PB1	905	4261	T	0	0	4261	36.5
A_PB1	906	3784	C	0	0	3784	37.2
A_PB1	907	4397	A	0	0	4397	36.1
A_PB1	908	4017	C	0	0	4017	34.2
A_PB1	909	3874	T	0	0	3874	36.3
A_PB1	910	3810	G	0	0	3810	34.5
A_PB1	911	4119	G	0	0	4119	35.9
A_PB1	912	4200	A	0	0	4200	37.8
A_PB1	913	3925	G	0	0	3925	36.3
A_PB1	914	3804	A	0	0	3804	37.4
A_PB1	915	3820	C	0	0	3820	35.8
A_PB1	916	3937	A	0	0	3937	36.6
A_PB1	917	3903	A	0	0	3903	37.3
A_PB1	918	4311	C	0	0	4311	36.3
A_PB1	919	4006	A	0	0	4006	35.8
A_PB1	920	4156	C	0	0	4156	37.5
A_PB1	921	4240	C	0	0	4240	37.3
A_PB1	922	3665	A	0	0	3665	35.9
A_PB1	923	4628	A	0	0	4628	35.4
A_PB1	924	3871	A	0	0	3871	34.7
A_PB1	925	3800	T	0	0	3800	37.4
A_PB1	926	4082	G	0	0	4082	34.0
A_PB1	927	4145	G	0	0	4145	34.2
A_PB1	928	3966	A	0	0	3966	37.0
A_PB1	929	4320	A	0	0	4320	35.1
A_PB1	930	4538	T	0	0	4538	36.0
A_PB1	931	4102	G	0	0	4102	36.7
A_PB1	932	3948	A	0	0	3948	36.2
A_PB1	933	4175	A	0	0	4175	35.2
A_PB1	934	4011	A	0	0	4011	36.5
A_PB1	935	3807	A	0	0	3807	37.1
A_PB1	936	3775	T	0	0	3775	34.5
A_PB1	937	3798	C	0	0	3798	36.4
A_PB1	938	4074	A	0	0	4074	36.0
A_PB1	939	4095	G	0	0	4095	34.9
A_PB1	940	3567	A	0	0	3567	38.0
A_PB1	941	3770	A	0	0	3770	36.0
A_PB1	942	3936	C	0	0	3936	36.2
A_PB1	943	4033	C	0	0	4033	36.4
A_PB1	944	3536	C	0	0	3536	37.7
A_PB1	945	3723	T	0	0	3723	35.6
A_PB1	946	4228	A	0	0	4228	34.8
A_PB1	947	3443	G	0	0	3443	35.1
A_PB1	948	4396	G	0	0	4396	36.1
A_PB1	949	3508	A	0	0	3508	35.0
A_PB1	950	3706	T	0	0	3706	35.3
A_PB1	951	3616	G	0	0	3616	37.1
A_PB1	952	3916	T	0	0	3916	35.7
A_PB1	953	4061	T	0	0	4061	37.5
A_PB1	954	3877	T	0	0	3877	36.1
A_PB1	955	3565	C	0	0	3565	35.8
A_PB1	956	3684	T	0	0	3684	35.7
A_PB1	957	3910	G	0	0	3910	35.4
A_PB1	958	3509	G	0	0	3509	36.8
A_PB1	959	4249	C	0	0	4249	34.5
A_PB1	960	3955	A	0	0	3955	34.1
A_PB1	961	4001	A	0	0	4001	35.6
A_PB1	962	3931	T	0	0	3931	36.5
A_PB1	963	3430	G	0	0	3430	36.0
A_PB1	964	3895	A	0	0	3895	35.4
A_PB1	965	3860	T	0	0	3860	37.2
A_PB1	966	3775	A	0	0	3775	35.3
A_PB1	967	3606	A	0	0	3606	36.1
A_PB1	968	3763	C	0	0	3763	36.3
A_PB1	969	4073	A	0	0	4073	35.5
A_PB1	970	3615	T	0	0	3615	36.4
A_PB1	971	4009	A	0	0	4009	35.9
A_PB1	972	3735	T	0	0	3735	36.8
A_PB1	973	3754	A	0	0	3754	37.7
A_PB1	974	3677	T	0	0	3677	35.1
A_PB1	975	3520	A	0	0	3520	37.3
A_PB1	976	3685	A	0	0	3685	36.0
A_PB1	977	3710	C	0	0	3710	35.1
A_PB1	978	3739	A	0	0	3739	36.1
A_PB1	979	3544	A	0	0	3544	36.4
A_PB1	980	3648	G	0	0	3648	34.5
A_PB1	981	3358	G	0	0	3358	36.2
A_PB1	982	3441	A	0	0	3441	37.1
A_PB1	983	3857	A	0	0	3857	37.7
A_PB1	984	3525	C	0	0	3525	35.7
A_PB1	985	3292	C	0	0	3292	34.4
A_PB1	986	3826	A	0	0	3826	37.1
A_PB1	987	3543	A	0	0	3543	36.9
A_PB1	988	3318	C	0	0	3318	37.2
A_PB1	989	3293	C	0	0	3293	36.0
A_PB1	990	3066	T	0	0	3066	34.9
A_PB1	991	3400	G	0	0	3400	35.6
A_PB1	992	3684	A	0	0	3684	37.3
A_PB1	993	3660	A	0	0	3660	37.7
A_PB1	994	3089	T	0	0	3089	37.1
A_PB1	995	3313	G	0	0	3313	34.5
A_PB1	996	3381	G	0	0	3381	34.6
A_PB1	997	3684	T	0	0	3684	35.8
A_PB1	998	3168	T	0	0	3168	35.8
A_PB1	999	3374	C	0	0	3374	34.3
A_PB1	1000	3584	A	0	0	3584	37.9
A_PB1	1001	3669	G	0	0	3669	35.7
A_PB1	1002	3423	G	0	0	3423	35.5
A_PB1	1003	3208	A	0	0	3208	35.3
A_PB1	1004	3284	A	0	0	3284	37.5
A_PB1	1005	3131	T	0	0	3131	36.8
A_PB1	1006	3196	G	0	0	3196	37.9
A_PB1	1007	3331	T	0	0	3331	35.5
A_PB1	1008	3089	C	0	0	3089	36.4
A_PB1	1009	3422	T	0	0	3422	34.3
A_PB1	1010	3193	T	0	0	3193	34.7
A_PB1	1011	3252	G	0	0	3252	37.9
A_PB1	1012	2952	A	0	0	2952	36.8
A_PB1	1013	2951	G	0	0	2951	35.1
A_PB1	1014	3258	C	0	0	3258	35.1
A_PB1	1015	3382	A	0	0	3382	35.8
A_PB1	1016	3278	T	0	0	3278	37.9
A_PB1	1017	3075	T	0	0	3075	36.9
A_PB1	1018	2943	G	0	0	2943	36.8
A_PB1	1019	2862	C	0	0	2862	37.8
A_PB1	1020	3208	A	0	0	3208	37.9
A_PB1	1021	3075	C	0	0	3075	37.2
A_PB1	1022	3435	C	0	0	3435	35.7
A_PB1	1023	3040	T	0	0	3040	35.1
A_PB1	1024	3162	A	0	0	3162	37.1
A_PB1	1025	3627	T	0	0	3627	37.2
A_PB1	1026	2857	A	0	0	2857	35.6
A_PB1	1027	3186	A	0	0	3186	37.1
A_PB1	1028	3268	T	0	0	3268	34.8
A_PB1	1029	3183	G	0	0	3183	35.3
A_PB1	1030	3538	T	0	0	3538	35.4
A_PB1	1031	3054	T	0	0	3054	34.9
A_PB1	1032	2661	C	0	0	2661	36.1
A_PB1	1033	2980	T	0	0	2980	35.8
A_PB1	1034	2856	C	0	0	2856	37.4
A_PB1	1035	2722	A	0	0	2722	37.3
A_PB1	1036	3098	A	0	0	3098	34.5
A_PB1	1037	2698	A	0	0	2698	37.9
A_PB1	1038	2869	T	0	0	2869	35.0
A_PB1	1039	3234	A	0	0	3234	37.9
A_PB1	1040	3204	A	0	0	3204	35.4
A_PB1	1041	2839	A	0	0	2839	35.9
A_PB1	1042	2898	A	0	0	2898	37.4
A_PB1	1043	3168	T	0	0	3168	34.0
A_PB1	1044	2921	G	0	0	2921	35.4
A_PB1	1045	2997	G	0	0	2997	36.0
A_PB1	1046	2788	C	0	0	2788	36.0
A_PB1	1047	3251	A	0	0	3251	35.6
A_PB1	1048	2885	A	0	0	2885	34.9
A_PB1	1049	2638	G	0	0	2638	36.3
A_PB1	1050	3169	A	0	0	3169	35.9
A_PB1	1051	2912	C	0	0	2912	38.0
A_PB1	1052	2893	T	0	0	2893	34.4
A_PB1	1053	2774	A	0	0	2774	35.2
A_PB1	1054	2633	G	0	0	2633	35.9
A_PB1	1055	2997	G	0	0	2997	36.5
A_PB1	1056	2872	G	0	0	2872	37.2
A_PB1	1057	2839	A	0	0	2839	35.9
A_PB1	1058	3205	A	0	0	3205	34.7
A_PB1	1059	2985	A	0	0	2985	34.0
A_PB1	1060	2751	G	0	0	2751	35.4
A_PB1	1061	2744	G	0	0	2744	37.4
A_PB1	1062	2969	G	0	0	2969	36.3
A_PB1	1063	2688	T	0	0	2688	37.5
A_PB1	1064	2949	A	0	0	2949	35.7
A_PB1	1065	2653	C	0	0	2653	34.7
A_PB1	1066	2829	A	0	0	2829	35.4
A_PB1	1067	2575	T	0	0	2575	36.2
A_PB1	1068	2762	G	0	0	2762	34.2
A_PB1	1069	2925	T	0	0	2925	35.3
A_PB1	1070	2818	T	0	0	2818	36.5
A_PB1	1071	2733	C	0	0	2733	37.1
A_PB1	1072	2994	G	0	0	2994	34.7
A_PB1	1073	2576	A	0	0	2576	35.6
A_PB1	1074	2771	A	0	0	2771	34.3
A_PB1	1075	2753	A	0	0	2753	37.5
A_PB1	1076	2646	G	0	0	2646	37.2
A_PB1	1077	2955	T	0	0	2955	37.7
A_PB1	1078	2770	A	0	0	2770	34.5
A_PB1	1079	2684	A	0	0	2684	35.4
A_PB1	1080	2486	G	0	0	2486	36.5
A_PB1	1081	2872	A	0	0	2872	34.2
A_PB1	1082	2866	G	0	0	2866	37.0
A_PB1	1083	2715	C	0	0	2715	37.5
A_PB1	1084	2837	A	0	0	2837	35.5
A_PB1	1085	2557	T	0	0	2557	37.3
A_PB1	1086	2644	G	0	0	2644	37.6
A_PB1	1087	2623	A	0	0	2623	36.4
A_PB1	1088	2758	A	0	0	2758	37.1
A_PB1	1089	2970	G	0	0	2970	37.5
A_PB1	1090	2839	C	0	0	2839	37.3
A_PB1	1091	2627	T	0	0	2627	36.5
A_PB1	1092	2798	C	0	0	2798	37.5
A_PB1	1093	2652	C	0	0	2652	34.0
A_PB1	1094	2751	G	0	0	2751	36.1
A_PB1	1095	2638	A	0	0	2638	35.5
A_PB1	1096	2848	A	0	0	2848	37.1
A_PB1	1097	2462	C	0	0	2462	35.4
A_PB1	1098	2979	A	0	0	2979	36.6
A_PB1	1099	2651	C	0	0	2651	35.0
A_PB1	1100	2646	A	0	0	2646	34.5
A_PB1	1101	2846	A	0	0	2846	35.2
A_PB1	1102	2663	A	0	0	2663	36.3
A_PB1	1103	2761	T	0	0	2761	35.5
A_PB1	1104	2619	A	0	0	2619	35.4
A_PB1	1105	2718	C	0	0	2718	35.7
A_PB1	1106	2782	C	0	0	2782	36.5
A_PB1	1107	2481	A	0	0	2481	34.3
A_PB1	1108	2565	G	0	0	2565	34.3
A_PB1	1109	2846	C	0	0	2846	37.9
A_PB1	1110	2615	A	0	0	2615	37.5
A_PB1	1111	2633	G	0	0	2633	34.1
A_PB1	1112	3000	A	0	0	3000	37.5
A_PB1	1113	2485	A	0	0	2485	34.6
A_PB1	1114	2516	A	0	0	2516	36.8
A_PB1	1115	2704	T	0	0	2704	35.4
A_PB1	1116	3002	G	0	0	3002	37.3
A_PB1	1117	2853	C	0	0	2853	37.3
A_PB1	1118	2841	T	0	0	2841	36.6
A_PB1	1119	2571	A	0	0	2571	35.9
A_PB1	1120	2747	G	0	0	2747	35.7
A_PB1	1121	2693	C	0	0	2693	36.1
A_PB1	1122	2792	A	0	0	2792	34.8
A_PB1	1123	2519	A	0	0	2519	36.8
A_PB1	1124	2937	G	0	0	2937	34.1
A_PB1	1125	3020	C	0	0	3020	36.0
A_PB1	1126	2871	A	0	0	2871	36.8
A_PB1	1127	2710	T	0	0	2710	36.1
A_PB1	1128	2916	T	0	0	2916	35.1
A_PB1	1129	2745	G	0	0	2745	37.4
A_PB1	1130	2551	A	0	0	2551	37.3
A_PB1	1131	3105	T	0	0	3105	37.6
A_PB1	1132	2863	C	0	0	2863	37.0
A_PB1	1133	3156	T	0	0	3156	36.6
A_PB1	1134	2861	G	0	0	2861	36.2
A_PB1	1135	2780	A	0	0	2780	34.2
A_PB1	1136	2950	A	0	0	2950	34.2
A_PB1	1137	2877	G	0	0	2877	35.4
A_PB1	1138	2904	T	0	0	2904	35.6
A_PB1	1139	2908	A	0	0	2908	36.1
A_PB1	1140	2945	T	0	0	2945	36.3
A_PB1	1141	2759	T	0	0	2759	34.5
A_PB1	1142	3093	T	0	0	3093	36.8
A_PB1	1143	2866	C	0	0	2866	34.8
A_PB1	1144	2730	A	0	0	2730	34.2
A_PB1	1145	2775	A	0	0	2775	35.3
A_PB1	1146	2751	T	0	0	2751	35.0
A_PB1	1147	2911	G	0	0	2911	36.2
A_PB1	1148	2827	A	0	0	2827	37.8
A_PB1	1149	2719	G	0	0	2719	37.8
A_PB1	1150	3161	T	0	0	3161	34.5
A_PB1	1151	2662	C	0	0	2662	34.1
A_PB1	1152	3010	A	0	0	3010	37.9
A_PB1	1153	2707	A	0	0	2707	34.4
A_PB1	1154	2733	C	0	0	2733	35.3
A_PB1	1155	2662	A	0	0	2662	35.1
A_PB1	1156	3188	A	0	0	3188	36.3
A_PB1	1157	3106	G	0	0	3106	34.7
A_PB1	1158	2842	A	0	0	2842	36.8
A_PB1	1159	3272	A	0	0	3272	37.0
A_PB1	1160	2859	A	0	0	2859	34.4
A_PB1	1161	2860	G	0	0	2860	37.0
A_PB1	1162	2991	A	0	0	2991	36.4
A_PB1	1163	2550	A	0	0	2550	37.2
A_PB1	1164	2831	A	0	0	2831	36.0
A_PB1	1165	2901	A	0	0	2901	34.5
A_PB1	1166	3181	T	0	0	3181	38.0
A_PB1	1167	2930	A	0	0	2930	36.4
A_PB1	1168	3172	G	0	0	3172	36.1
A_PB1	1169	3061	A	0	0	3061	37.6
A_PB1	1170	2913	G	0	0	2913	35.6
A_PB1	1171	3257	A	0	0	3257	37.3
A_PB1	1172	2827	A	0	0	2827	34.1
A_PB1	1173	2884	G	0	0	2884	37.6
A_PB1	1174	2632	A	0	0	2632	37.3
A_PB1	1175	2874	T	0	0	2874	34.5
A_PB1	1176	2804	A	0	0	2804	37.0
A_PB1	1177	2942	A	0	0	2942	36.2
A_PB1	1178	2589	G	0	0	2589	35.7
A_PB1	1179	3034	A	0	0	3034	37.4
A_PB1	1180	3126	C	0	0	3126	36.1
A_PB1	1181	2959	C	0	0	2959	38.0
A_PB1	1182	3034	T	0	0	3034	35.5
A_PB1	1183	3081	C	0	0	3081	37.9
A_PB1	1184	3131	T	0	0	3131	36.0
A_PB1	1185	2916	T	0	0	2916	36.9
A_PB1	1186	2718	C	0	0	2718	37.8
A_PB1	1187	3019	T	0	0	3019	35.1
A_PB1	1188	3113	A	0	0	3113	37.2
A_PB1	1189	3084	A	0	0	3084	36.5
A_PB1	1190	2980	T	0	0	2980	37.4
A_PB1	1191	2949	A	0	0	2949	34.6
A_PB1	1192	3278	G	0	0	3278	35.9
A_PB1	1193	3013	A	0	0	3013	34.4
A_PB1	1194	3268	T	0	0	3268	34.7
A_PB1	1195	2932	G	0	0	2932	36.0
A_PB1	1196	3125	G	0	0	3125	35.8
A_PB1	1197	3205	T	0	0	3205	34.2
A_PB1	1198	2726	A	0	0	2726	36.9
A_PB1	1199	2786	C	0	0	2786	35.6
A_PB1	1200	2762	A	0	0	2762	34.4
A_PB1	1201	2647	G	0	0	2647	37.4
A_PB1	1202	2946	C	0	0	2946	34.5
A_PB1	1203	2877	C	0	0	2877	34.8
A_PB1	1204	2611	T	0	0	2611	36.7
A_PB1	1205	2870	C	0	0	2870	37.3
A_PB1	1206	3215	A	0	0	3215	35.5
A_PB1	1207	2858	T	0	0	2858	35.5
A_PB1	1208	3067	T	0	0	3067	37.8
A_PB1	1209	2881	A	0	0	2881	35.4
A_PB1	1210	2674	A	0	0	2674	36.1
A_PB1	1211	3027	G	0	0	3027	37.8
A_PB1	1212	2876	C	0	0	2876	36.7
A_PB1	1213	2968	C	0	0	2968	34.3
A_PB1	1214	2671	C	0	0	2671	34.0
A_PB1	1215	2840	A	0	0	2840	34.7
A_PB1	1216	2976	G	0	0	2976	37.1
A_PB1	1217	2919	G	0	0	2919	37.2
A_PB1	1218	3065	A	0	0	3065	37.9
A_PB1	1219	2570	A	0	0	2570	37.8
A_PB1	1220	2654	T	0	0	2654	35.9
A_PB1	1221	2827	G	0	0	2827	36.3
A_PB1	1222	2693	A	0	0	2693	36.0
A_PB1	1223	3084	T	0	0	3084	35.3
A_PB1	1224	3031	G	0	0	3031	35.5
A_PB1	1225	3066	A	0	0	3066	35.2
A_PB1	1226	3027	T	0	0	3027	37.4
A_PB1	1227	2796	G	0	0	2796	35.5
A_PB1	1228	2904	G	0	0	2904	34.0
A_PB1	1229	2923	G	0	0	2923	37.6
A_PB1	1230	2974	C	0	0	2974	35.8
A_PB1	1231	2799	A	0	0	2799	34.8
A_PB1	1232	2994	T	0	0	2994	34.5
A_PB1	1233	3188	G	0	0	3188	38.0
A_PB1	1234	3043	T	0	0	3043	35.5
A_PB1	1235	3000	T	0	0	3000	36.5
A_PB1	1236	2670	C	0	0	2670	35.6
A_PB1	1237	2820	A	0	0	2820	35.8
A_PB1	1238	2850	A	0	0	2850	35.4
A_PB1	1239	2780	T	0	0	2780	36.6
A_PB1	1240	2888	A	0	0	2888	34.3
A_PB1	1241	2925	T	0	0	2925	37.9
A_PB1	1242	2563	G	0	0	2563	35.8
A_PB1	1243	2758	C	0	0	2758	37.7
A_PB1	1244	2724	T	0	0	2724	35.4
A_PB1	1245	2815	G	0	0	2815	35.7
A_PB1	1246	2516	A	0	0	2516	35.9
A_PB1	1247	2821	G	0	0	2821	36.5
A_PB1	1248	2768	T	0	0	2768	36.2
A_PB1	1249	2582	A	0	0	2582	35.0
A_PB1	1250	2617	C	0	0	2617	34.4
A_PB1	1251	2897	A	0	0	2897	36.9
A_PB1	1252	2858	G	0	0	2858	35.3
A_PB1	1253	2560	T	0	0	2560	35.4
A_PB1	1254	2882	T	0	0	2882	36.5
A_PB1	1255	2665	T	0	0	2665	37.9
A_PB1	1256	2559	T	0	0	2559	34.8
A_PB1	1257	2583	G	0	0	2583	36.2
A_PB1	1258	2935	G	0	0	2935	34.3
A_PB1	1259	2767	G	0	0	2767	35.2
A_PB1	1260	2847	A	0	0	2847	35.6
A_PB1	1261	2722	G	0	0	2722	37.8
A_PB1	1262	2802	T	0	0	2802	35.7
A_PB1	1263	2489	T	0	0	2489	35.9
A_PB1	1264	2784	T	0	0	2784	36.7
A_PB1	1265	2362	C	0	0	2362	36.6
A_PB1	1266	2585	G	0	0	2585	35.8
A_PB1	1267	2313	A	0	0	2313	37.3
A_PB1	1268	2553	T	0	0	2553	34.3
A_PB1	1269	2735	T	0	0	2735	35.6
A_PB1	1270	2583	C	0	0	2583	35.9
A_PB1	1271	2489	T	0	0	2489	37.8
A_PB1	1272	2538	A	0	0	2538	34.5
A_PB1	1273	2606	A	0	0	2606	34.0
A_PB1	1274	2617	A	0	0	2617	37.1
A_PB1	1275	2418	T	0	0	2418	36.4
A_PB1	1276	2434	C	0	0	2434	35.4
A_PB1	1277	2489	T	0	0	2489	34.2
A_PB1	1278	2363	A	0	0	2363	36.3
A_PB1	1279	2528	G	0	0	2528	35.3
A_PB1	1280	2616	G	0	0	2616	37.8
A_PB1	1281	2636	A	0	0	2636	34.1
A_PB1	1282	2507	C	0	0	2507	34.8
A_PB1	1283	2751	A	0	0	2751	35.4
A_PB1	1284	2461	A	0	0	2461	35.8
A_PB1	1285	2206	A	0	0	2206	35.0
A_PB1	1286	2777	G	0	0	2777	34.3
A_PB1	1287	2635	G	0	0	2635	37.4
A_PB1	1288	2548	A	0	0	2548	34.8
A_PB1	1289	2522	G	0	0	2522	34.8
A_PB1	1290	2299	G	0	0	2299	34.7
A_PB1	1291	2516	T	0	0	2516	36.7
A_PB1	1292	2366	A	0	0	2366	34.1
A_PB1	1293	2420	C	0	0	2420	36.0
A_PB1	1294	2528	A	0	0	2528	35.7
A_PB1	1295	2399	C	0	0	2399	37.5
A_PB1	1296	2479	C	0	0	2479	36.6
A_PB1	1297	2313	A	0	0	2313	37.6
A_PB1	1298	2924	A	0	0	2924	34.7
A_PB1	1299	2699	A	0	0	2699	34.8
A_PB1	1300	2469	A	0	0	2469	36.7
A_PB1	1301	2364	C	0	0	2364	37.0
A_PB1	1302	2327	A	0	0	2327	35.0
A_PB1	1303	2452	A	0	0	2452	35.9
A_PB1	1304	2161	C	0	0	2161	34.1
A_PB1	1305	2308	A	0	0	2308	35.7
A_PB1	1306	2445	T	0	0	2445	37.4
A_PB1	1307	2219	A	0	0	2219	34.2
A_PB1	1308	2445	C	0	0	2445	35.8
A_PB1	1309	2491	T	0	0	2491	36.3
A_PB1	1310	2491	G	0	0	2491	37.0
A_PB1	1311	2198	G	0	0	2198	35.3
A_PB1	1312	2124	T	0	0	2124	37.0
A_PB1	1313	2211	G	0	0	2211	35.6
A_PB1	1314	2449	G	0	0	2449	34.9
A_PB1	1315	2176	G	0	0	2176	37.8
A_PB1	1316	2177	A	0	0	2177	34.6
A_PB1	1317	2290	C	0	0	2290	35.3
A_PB1	1318	2247	G	0	0	2247	37.9
A_PB1	1319	2412	G	0	0	2412	34.6
A_PB1	1320	2236	A	0	0	2236	34.6
A_PB1	1321	1999	C	0	0	1999	37.6
A_PB1	1322	2236	T	0	0	2236	34.0
A_PB1	1323	2158	C	0	0	2158	34.3
A_PB1	1324	2058	C	0	0	2058	35.1
A_PB1	1325	2338	A	0	0	2338	37.7
A_PB1	1326	2127	A	0	0	2127	34.6
A_PB1	1327	2249	T	0	0	2249	35.9
A_PB1	1328	2237	C	0	0	2237	37.9
A_PB1	1329	1994	C	0	0	1994	36.0
A_PB1	1330	2088	T	0	0	2088	37.1
A_PB1	1331	2205	C	0	0	2205	36.1
A_PB1	1332	2316	T	0	0	2316	35.5
A_PB1	1333	2138	G	0	0	2138	36.1
A_PB1	1334	2193	A	0	0	2193	37.6
A_PB1	1335	2141	T	0	0	2141	37.1
A_PB1	1336	2202	G	0	0	2202	36.7
A_PB1	1337	2320	A	0	0	2320	34.7
A_PB1	1338	2266	C	0	0	2266	35.3
A_PB1	1339	1919	T	0	0	1919	36.8
A_PB1	1340	2253	T	0	0	2253	35.9
A_PB1	1341	2125	T	0	0	2125	36.0
A_PB1	1342	2109	G	0	0	2109	34.5
A_PB1	1343	1968	C	0	0	1968	35.2
A_PB1	1344	2236	T	0	0	2236	37.0
A_PB1	1345	2193	C	0	0	2193	37.4
A_PB1	1346	2241	T	0	0	2241	36.3
A_PB1	1347	1988	C	0	0	1988	35.7
A_PB1	1348	2085	A	0	0	2085	37.6
A_PB1	1349	2010	T	0	0	2010	37.5
A_PB1	1350	1957	A	0	0	1957	37.3
A_PB1	1351	2009	G	0	0	2009	36.8
A_PB1	1352	2014	T	0	0	2014	35.8
A_PB1	1353	2445	G	0	0	2445	34.3
A_PB1	1354	1951	A	0	0	1951	35.6
A_PB1	1355	1846	A	0	0	1846	34.6
A_PB1	1356	1899	T	0	0	1899	36.9
A_PB1	1357	2096	G	0	0	2096	37.2
A_PB1	1358	1973	C	0	0	1973	36.2
A_PB1	1359	2093	T	0	0	2093	34.3
A_PB1	1360	1981	C	0	0	1981	36.5
A_PB1	1361	1902	C	0	0	1902	36.8
A_PB1	1362	2214	G	0	0	2214	34.5
A_PB1	1363	1962	A	0	0	1962	38.0
A_PB1	1364	2070	A	0	0	2070	36.8
A_PB1	1365	1758	T	0	0	1758	35.9
A_PB1	1366	1993	C	0	0	1993	35.0
A_PB1	1367	2052	A	0	0	2052	34.1
A_PB1	1368	2087	T	0	0	2087	34.5
A_PB1	1369	1940	G	0	0	1940	36.3
A_PB1	1370	2128	A	0	0	2128	34.2
A_PB1	1371	2100	G	0	0	2100	36.9
A_PB1	1372	2030	G	0	0	2030	36.4
A_PB1	1373	2079	G	0	0	2079	36.3
A_PB1	1374	1904	A	0	0	1904	35.8
A_PB1	1375	2083	A	0	0	2083	36.0
A_PB1	1376	1922	T	0	0	1922	34.7
A_PB1	1377	1900	A	0	0	1900	36.4
A_PB1	1378	1976	C	0	0	1976	34.0
A_PB1	1379	2142	A	0	0	2142	36.6
A_PB1	1380	2143	A	0	0	2143	36.0
A_PB1	1381	2019	G	0	0	2019	34.8
A_PB1	1382	2072	C	0	0	2072	35.7
A_PB1	1383	2063	A	0	0	2063	35.0
A_PB1	1384	2113	G	0	0	2113	34.8
A_PB1	1385	2059	G	0	0	2059	36.0
A_PB1	1386	1935	G	0	0	1935	36.7
A_PB1	1387	2099	G	0	0	2099	35.8
A_PB1	1388	1896	T	0	0	1896	36.5
A_PB1	1389	2222	A	0	0	2222	37.4
A_PB1	1390	1952	G	0	0	1952	34.9
A_PB1	1391	1851	A	0	0	1851	34.5
A_PB1	1392	2301	C	0	0	2301	35.1
A_PB1	1393	2228	A	0	0	2228	37.5
A_PB1	1394	2065	G	0	0	2065	34.0
A_PB1	1395	2219	A	0	0	2219	35.8
A_PB1	1396	2052	T	0	0	2052	37.1
A_PB1	1397	2226	T	0	0	2226	35.4
A_PB1	1398	2238	C	0	0	2238	36.1
A_PB1	1399	2211	T	0	0	2211	37.7
A_PB1	1400	2224	A	0	0	2224	35.1
A_PB1	1401	2264	T	0	0	2264	37.2
A_PB1	1402	2025	A	0	0	2025	35.7
A_PB1	1403	2247	G	0	0	2247	37.4
A_PB1	1404	2434	A	0	0	2434	34.9
A_PB1	1405	2368	A	0	0	2368	37.8
A_PB1	1406	2211	C	0	0	2211	37.4
A_PB1	1407	2168	C	0	0	2168	34.9
A_PB1	1408	2227	T	0	0	2227	37.2
A_PB1	1409	2259	G	0	0	2259	35.8
A_PB1	1410	2405	C	0	0	2405	35.8
A_PB1	1411	2201	A	0	0	2201	34.5
A_PB1	1412	2305	A	0	0	2305	36.7
A_PB1	1413	2084	G	0	0	2084	35.9
A_PB1	1414	2067	C	0	0	2067	34.9
A_PB1	1415	2267	T	0	0	2267	35.8
A_PB1	1416	2371	G	0	0	2371	34.5
A_PB1	1417	2188	G	0	0	2188	37.0
A_PB1	1418	2155	T	0	0	2155	35.6
A_PB1	1419	2348	C	0	0	2348	34.2
A_PB1	1420	2564	G	0	0	2564	35.3
A_PB1	1421	2218	G	0	0	2218	37.1
A_PB1	1422	2497	A	0	0	2497	36.5
A_PB1	1423	2589	A	0	0	2589	37.3
A_PB1	1424	2352	T	0	0	2352	37.5
A_PB1	1425	2414	C	0	0	2414	34.8
A_PB1	1426	2290	A	0	0	2290	36.2
A_PB1	1427	2292	A	0	0	2292	37.1
A_PB1	1428	2528	C	0	0	2528	37.4
A_PB1	1429	2544	A	0	0	2544	37.5
A_PB1	1430	2253	T	0	0	2253	37.4
A_PB1	1431	2533	G	0	0	2533	35.5
A_PB1	1432	2618	A	0	0	2618	35.7
A_PB1	1433	2415	G	0	0	2415	37.8
A_PB1	1434	2339	C	0	0	2339	36.9
A_PB1	1435	2567	A	0	0	2567	36.7
A_PB1	1436	2395	A	0	0	2395	35.4
A_PB1	1437	2132	A	0	0	2132	36.7
A_PB1	1438	2655	A	0	0	2655	35.4
A_PB1	1439	2666	A	0	0	2666	36.5
A_PB1	1440	2471	G	0	0	2471	37.9
A_PB1	1441	2880	A	0	0	2880	35.9
A_PB1	1442	2307	A	0	0	2307	34.7
A_PB1	1443	2939	G	0	0	2939	35.2
A_PB1	1444	2661	T	0	0	2661	37.7
A_PB1	1445	2661	C	0	0	2661	35.4
A_PB1	1446	2869	C	0	0	2869	34.2
A_PB1	1447	2841	T	0	0	2841	35.7
A_PB1	1448	2492	A	0	0	2492	35.3
A_PB1	1449	2535	C	0	0	2535	34.2
A_PB1	1450	2628	A	0	0	2628	38.0
A_PB1	1451	2607	T	0	0	2607	37.8
A_PB1	1452	2924	A	0	0	2924	34.9
A_PB1	1453	2601	A	0	0	2601	34.0
A_PB1	1454	2454	A	0	0	2454	35.2
A_PB1	1455	2596	C	0	0	2596	37.8
A_PB1	1456	2890	A	0	0	2890	35.2
A_PB1	1457	3118	G	0	0	3118	37.1
A_PB1	1458	2563	G	0	0	2563	36.3
A_PB1	1459	2794	A	0	0	2794	36.6
A_PB1	1460	2876	C	0	0	2876	34.4
A_PB1	1461	2636	A	0	0	2636	37.0
A_PB1	1462	2806	G	0	0	2806	37.0
A_PB1	1463	2710	G	0	0	2710	36.0
A_PB1	1464	2961	A	0	0	2961	36.6
A_PB1	1465	3054	A	0	0	3054	36.1
A_PB1	1466	2804	C	0	0	2804	37.1
A_PB1	1467	3119	A	0	0	3119	34.3
A_PB1	1468	2948	T	0	0	2948	37.5
A_PB1	1469	3002	T	0	0	3002	37.4
A_PB1	1470	2982	T	0	0	2982	36.3
A_PB1	1471	3311	G	0	0	3311	35.9
A_PB1	1472	2755	A	0	0	2755	36.7
A_PB1	1473	3045	A	0	0	3045	37.4
A_PB1	1474	3370	T	0	0	3370	37.5
A_PB1	1475	2977	T	0	0	2977	35.7
A_PB1	1476	2918	C	0	0	2918	36.7
A_PB1	1477	3373	A	0	0	3373	34.3
A_PB1	1478	3378	C	0	0	3378	37.5
A_PB1	1479	3152	A	0	0	3152	37.6
A_PB1	1480	2895	A	0	0	2895	37.1
A_PB1	1481	3310	G	0	0	3310	36.2
A_PB1	1482	3346	T	0	0	3346	36.2
A_PB1	1483	3002	T	0	0	3002	36.6
A_PB1	1484	3392	T	0	0	3392	36.3
A_PB1	1485	3045	T	0	0	3045	36.8
A_PB1	1486	3145	T	0	0	3145	37.3
A_PB1	1487	3033	T	0	0	3033	37.2
A_PB1	1488	3194	C	0	0	3194	37.1
A_PB1	1489	3031	T	0	0	3031	34.4
A_PB1	1490	3047	A	0	0	3047	36.7
A_PB1	1491	3489	C	0	0	3489	36.2
A_PB1	1492	3204	C	0	0	3204	34.8
A_PB1	1493	3533	G	0	0	3533	35.6
A_PB1	1494	3264	C	0	0	3264	37.4
A_PB1	1495	3183	T	0	0	3183	34.3
A_PB1	1496	3048	A	0	0	3048	35.5
A_PB1	1497	3360	T	0	0	3360	34.6
A_PB1	1498	3410	G	0	0	3410	38.0
A_PB1	1499	3208	G	0	0	3208	36.8
A_PB1	1500	3661	A	0	0	3661	37.9
A_PB1	1501	3421	T	0	0	3421	37.1
A_PB1	1502	3682	T	0	0	3682	37.4
A_PB1	1503	3277	T	0	0	3277	37.6
A_PB1	1504	3805	G	0	0	3805	36.9
A_PB1	1505	3295	T	0	0	3295	36.2
A_PB1	1506	3466	A	0	0	3466	36.9
A_PB1	1507	3352	G	0	0	3352	35.9
A_PB1	1508	3667	C	0	0	3667	37.0
A_PB1	1509	3456	C	0	0	3456	37.0
A_PB1	1510	3718	A	0	0	3718	34.8
A_PB1	1511	3726	A	0	0	3726	36.8
A_PB1	1512	3443	C	0	0	3443	34.3
A_PB1	1513	3793	T	0	0	3793	37.5
A_PB1	1514	3412	T	0	0	3412	35.4
A_PB1	1515	3451	C	0	0	3451	37.9
A_PB1	1516	3183	A	0	0	3183	35.3
A_PB1	1517	3762	G	0	0	3762	36.2
A_PB1	1518	3523	T	0	0	3523	34.8
A_PB1	1519	3798	A	0	0	3798	37.5
A_PB1	1520	3435	T	0	0	3435	36.5
A_PB1	1521	3678	G	0	0	3678	35.4
A_PB1	1522	3626	G	0	0	3626	36.2
A_PB1	1523	3282	A	0	0	3282	37.3
A_PB1	1524	3795	G	0	0	3795	34.5
A_PB1	1525	3443	T	0	0	3443	35.1
A_PB1	1526	3095	T	0	0	3095	35.8
A_PB1	1527	3810	G	0	0	3810	34.7
A_PB1	1528	3555	C	0	0	3555	36.5
A_PB1	1529	3467	C	0	0	3467	35.7
A_PB1	1530	3453	C	0	0	3453	36.6
A_PB1	1531	3873	A	0	0	3873	34.3
A_PB1	1532	3602	G	0	0	3602	37.7
A_PB1	1533	3448	C	0	0	3448	37.8
A_PB1	1534	3870	T	0	0	3870	35.1
A_PB1	1535	3506	T	0	0	3506	34.8
A_PB1	1536	3924	T	0	0	3924	35.3
A_PB1	1537	4005	G	0	0	4005	35.7
A_PB1	1538	4240	G	0	0	4240	36.6
A_PB1	1539	3832	A	0	0	3832	37.1
A_PB1	1540	3661	G	0	0	3661	35.0
A_PB1	1541	3834	T	0	0	3834	36.5
A_PB1	1542	3326	G	0	0	3326	37.3
A_PB1	1543	3465	T	0	0	3465	34.2
A_PB1	1544	3854	C	0	0	3854	35.4
A_PB1	1545	3627	T	0	0	3627	35.7
A_PB1	1546	3609	G	0	0	3609	37.6
A_PB1	1547	3678	G	0	0	3678	36.0
A_PB1	1548	3596	G	0	0	3596	34.5
A_PB1	1549	3650	A	0	0	3650	35.3
A_PB1	1550	3761	T	0	0	3761	37.2
A_PB1	1551	4008	C	0	0	4008	34.9
A_PB1	1552	4013	A	0	0	4013	37.0
A_PB1	1553	3664	A	0	0	3664	36.5
A_PB1	1554	3818	T	0	0	3818	37.2
A_PB1	1555	3735	G	0	0	3735	34.2
A_PB1	1556	3783	A	0	0	3783	35.5
A_PB1	1557	3743	A	0	0	3743	34.1
A_PB1	1558	3985	T	0	0	3985	34.4
A_PB1	1559	3943	C	0	0	3943	35.5
A_PB1	1560	4083	T	0	0	4083	35.2
A_PB1	1561	3939	G	0	0	3939	35.7
A_PB1	1562	3756	C	0	0	3756	35.0
A_PB1	1563	4042	A	0	0	4042	34.3
A_PB1	1564	3584	G	0	0	3584	35.2
A_PB1	1565	3796	A	0	0	3796	35.5
A_PB1	1566	4114	C	0	0	4114	37.0
A_PB1	1567	3749	A	0	0	3749	36.1
A_PB1	1568	3364	T	0	0	3364	36.5
A_PB1	1569	3840	G	0	0	3840	36.5
A_PB1	1570	3815	A	0	0	3815	37.3
A_PB1	1571	3734	G	0	0	3734	35.1
A_PB1	1572	3773	C	0	0	3773	35.1
A_PB1	1573	4081	A	0	0	4081	37.4
A_PB1	1574	3907	T	0	0	3907	37.0
A_PB1	1575	3885	T	0	0	3885	36.3
A_PB1	1576	3966	G	0	0	3966	37.2
A_PB1	1577	3534	G	0	0	3534	37.3
A_PB1	1578	4163	A	0	0	4163	35.7
A_PB1	1579	3592	G	0	0	3592	37.3
A_PB1	1580	3681	T	0	0	3681	35.0
A_PB1	1581	4209	A	0	0	4209	35.9
A_PB1	1582	3581	A	0	0	3581	34.1
A_PB1	1583	3596	C	0	0	3596	34.2
A_PB1	1584	3781	A	0	0	3781	38.0
A_PB1	1585	3814	G	0	0	3814	34.7
A_PB1	1586	3648	T	0	0	3648	34.3
A_PB1	1587	3947	G	0	0	3947	34.4
A_PB1	1588	3895	A	0	0	3895	35.0
A_PB1	1589	3995	T	0	0	3995	37.2
A_PB1	1590	3704	A	0	0	3704	36.9
A_PB1	1591	3933	A	0	0	3933	34.8
A_PB1	1592	4027	A	0	0	4027	36.7
A_PB1	1593	3894	G	0	0	3894	37.7
A_PB1	1594	4125	A	0	0	4125	36.8
A_PB1	1595	3613	A	0	0	3613	34.7
A_PB1	1596	3990	C	0	0	3990	35.5
A_PB1	1597	3391	A	0	0	3391	37.8
A_PB1	1598	3673	A	0	0	3673	34.6
A_PB1	1599	3856	C	0	0	3856	37.2
A_PB1	1600	3531	A	0	0	3531	37.6
A_PB1	1601	3525	T	0	0	3525	35.8
A_PB1	1602	3891	G	0	0	3891	36.3
A_PB1	1603	3633	A	0	0	3633	36.3
A_PB1	1604	4383	T	0	0	4383	35.1
A_PB1	1605	3341	C	0	0	3341	36.0
A_PB1	1606	3723	A	0	0	3723	37.6
A_PB1	1607	3592	A	0	0	3592	37.1
A_PB1	1608	3887	C	0	0	3887	36.3
A_PB1	1609	4030	A	0	0	4030	37.8
A_PB1	1610	3605	A	0	0	3605	34.8
A_PB1	1611	3468	T	0	0	3468	34.6
A_PB1	1612	3446	G	0	0	3446	36.0
A_PB1	1613	3664	A	0	0	3664	34.4
A_PB1	1614	3496	T	0	0	3496	35.1
A_PB1	1615	3560	C	0	0	3560	34.2
A_PB1	1616	3658	T	0	0	3658	34.5
A_PB1	1617	3746	T	0	0	3746	35.9
A_PB1	1618	3329	G	0	0	3329	36.5
A_PB1	1619	3847	G	0	0	3847	36.6
A_PB1	1620	3617	A	0	0	3617	34.6
A_PB1	1621	3783	C	0	0	3783	36.1
A_PB1	1622	3760	C	0	0	3760	34.6
A_PB1	1623	3126	A	0	0	3126	36.5
A_PB1	1624	3337	G	0	0	3337	37.9
A_PB1	1625	3681	C	0	0	3681	34.4
A_PB1	1626	3949	A	0	0	3949	36.9
A_PB1	1627	3728	A	0	0	3728	34.6
A_PB1	1628	3803	C	0	0	3803	35.6
A_PB1	1629	3314	A	0	0	3314	36.2
A_PB1	1630	3429	G	0	0	3429	36.7
A_PB1	1631	3614	C	0	0	3614	36.7
A_PB1	1632	3546	T	0	0	3546	37.2
A_PB1	1633	3432	C	0	0	3432	34.1
A_PB1	1634	3691	A	0	0	3691	36.6
A_PB1	1635	3657	A	0	0	3657	35.8
A_PB1	1636	3360	A	0	0	3360	34.4
A_PB1	1637	3517	T	0	0	3517	34.2
A_PB1	1638	3627	G	0	0	3627	37.8
A_PB1	1639	3647	G	0	0	3647	35.8
A_PB1	1640	3396	C	0	0	3396	34.7
A_PB1	1641	3384	T	0	0	3384	34.8
A_PB1	1642	3520	C	0	0	3520	35.0
A_PB1	1643	3243	T	0	0	3243	36.7
A_PB1	1644	3996	T	0	0	3996	35.3
A_PB1	1645	3560	C	0	0	3560	36.3
A_PB1	1646	3375	A	0	0	3375	36.3
A_PB1	1647	3261	G	0	0	3261	37.6
A_PB1	1648	3335	C	0	0	3335	37.6
A_PB1	1649	3743	T	0	0	3743	35.7
A_PB1	1650	3325	A	0	0	3325	37.9
A_PB1	1651	3254	T	0	0	3254	34.5
A_PB1	1652	3438	T	0	0	3438	34.6
A_PB1	1653	3353	C	0	0	3353	37.0
A_PB1	1654	3429	A	0	0	3429	34.8
A_PB1	1655	3854	T	0	0	3854	34.3
A_PB1	1656	3202	C	0	0	3202	34.6
A_PB1	1657	3586	A	0	0	3586	36.8
A_PB1	1658	3248	A	0	0	3248	34.3
A_PB1	1659	3315	G	0	0	3315	37.4
A_PB1	1660	3194	G	0	0	3194	34.6
A_PB1	1661	3520	A	0	0	3520	36.4
A_PB1	1662	3302	T	0	0	3302	36.3
A_PB1	1663	3332	T	0	0	3332	36.2
A_PB1	1664	3446	A	0	0	3446	36.8
A_PB1	1665	3337	C	0	0	3337	36.1
A_PB1	1666	3124	A	0	0	3124	36.4
A_PB1	1667	3863	G	0	0	3863	34.7
A_PB1	1668	3507	A	0	0	3507	36.4
A_PB1	1669	3585	T	0	0	3585	34.4
A_PB1	1670	3403	A	0	0	3403	35.2
A_PB1	1671	3159	C	0	0	3159	34.4
A_PB1	1672	3616	A	0	0	3616	36.1
A_PB1	1673	3531	C	0	0	3531	37.3
A_PB1	1674	3264	A	0	0	3264	36.5
A_PB1	1675	3172	T	0	0	3172	35.9
A_PB1	1676	3471	A	0	0	3471	37.2
A_PB1	1677	3195	C	0	0	3195	36.9
A_PB1	1678	2958	C	0	0	2958	34.8
A_PB1	1679	3300	G	0	0	3300	37.7
A_PB1	1680	2980	A	0	0	2980	36.3
A_PB1	1681	3239	T	0	0	3239	37.8
A_PB1	1682	2782	G	0	0	2782	37.5
A_PB1	1683	3280	T	0	0	3280	34.5
A_PB1	1684	3218	C	0	0	3218	37.3
A_PB1	1685	2898	A	0	0	2898	35.7
A_PB1	1686	2846	C	0	0	2846	34.3
A_PB1	1687	3568	A	0	0	3568	36.1
A_PB1	1688	3150	G	0	0	3150	34.8
A_PB1	1689	3354	A	0	0	3354	37.5
A_PB1	1690	3245	G	0	0	3245	37.8
A_PB1	1691	3475	G	0	0	3475	35.2
A_PB1	1692	3100	A	0	0	3100	37.4
A_PB1	1693	3208	G	0	0	3208	35.0
A_PB1	1694	3520	A	0	0	3520	34.4
A_PB1	1695	3322	C	0	0	3322	37.7
A_PB1	1696	3732	A	0	0	3732	36.7
A_PB1	1697	3325	C	0	0	3325	34.6
A_PB1	1698	3051	A	0	0	3051	34.1
A_PB1	1699	3496	C	0	0	3496	37.0
A_PB1	1700	3200	A	0	0	3200	37.2
A_PB1	1701	3121	A	0	0	3121	34.2
A_PB1	1702	3136	A	0	0	3136	36.1
A_PB1	1703	3090	T	0	0	3090	34.0
A_PB1	1704	3050	T	0	0	3050	37.4
A_PB1	1705	3260	C	0	0	3260	34.5
A_PB1	1706	3321	A	0	0	3321	37.1
A_PB1	1707	3317	G	0	0	3317	34.4
A_PB1	1708	3246	A	0	0	3246	36.8
A_PB1	1709	3198	C	0	0	3198	35.6
A_PB1	1710	3500	A	0	0	3500	35.0
A_PB1	1711	3188	A	0	0	3188	36.4
A_PB1	1712	3447	G	0	0	3447	34.0
A_PB1	1713	2974	G	0	0	2974	35.8
A_PB1	1714	3051	A	0	0	3051	35.0
A_PB1	1715	3435	G	0	0	3435	37.5
A_PB1	1716	3098	G	0	0	3098	38.0
A_PB1	1717	2993	T	0	0	2993	34.3
A_PB1	1718	3078	C	0	0	3078	37.1
A_PB1	1719	3057	A	0	0	3057	34.5
A_PB1	1720	3400	T	0	0	3400	36.0
A_PB1	1721	3225	T	0	0	3225	35.0
A_PB1	1722	3452	C	0	0	3452	36.7
A_PB1	1723	3061	G	0	0	3061	37.4
A_PB1	1724	3032	A	0	0	3032	35.3
A_PB1	1725	3234	G	0	0	3234	36.1
A_PB1	1726	3087	C	0	0	3087	36.8
A_PB1	1727	3412	T	0	0	3412	37.7
A_PB1	1728	3194	G	0	0	3194	35.6
A_PB1	1729	3268	A	0	0	3268	36.5
A_PB1	1730	3024	A	0	0	3024	35.9
A_PB1	1731	3082	G	0	0	3082	37.5
A_PB1	1732	3236	A	0	0	3236	35.6
A_PB1	1733	3514	A	0	0	3514	34.2
A_PB1	1734	2956	G	0	0	2956	37.4
A_PB1	1735	3099	T	0	0	3099	34.1
A_PB1	1736	3443	T	0	0	3443	37.4
A_PB1	1737	3357	G	0	0	3357	35.7
A_PB1	1738	2942	T	0	0	2942	37.4
A_PB1	1739	3386	G	0	0	3386	35.5
A_PB1	1740	3499	G	0	0	3499	36.2
A_PB1	1741	3296	G	0	0	3296	34.2
A_PB1	1742	3265	A	0	0	3265	34.8
A_PB1	1743	3022	A	0	0	3022	34.7
A_PB1	1744	3582	C	0	0	3582	34.2
A_PB1	1745	3391	A	0	0	3391	36.1
A_PB1	1746	3143	G	0	0	3143	34.8
A_PB1	1747	3329	A	0	0	3329	35.2
A_PB1	1748	3222	C	0	0	3222	37.7
A_PB1	1749	3459	C	0	0	3459	36.9
A_PB1	1750	3546	C	0	0	3546	35.7
A_PB1	1751	2886	G	0	0	2886	37.4
A_PB1	1752	3549	C	0	0	3549	34.7
A_PB1	1753	3480	T	0	0	3480	35.4
A_PB1	1754	3541	C	0	0	3541	35.5
A_PB1	1755	3271	A	0	0	3271	37.3
A_PB1	1756	3187	A	0	0	3187	36.5
A_PB1	1757	3120	A	0	0	3120	34.3
A_PB1	1758	3320	A	0	0	3320	34.7
A_PB1	1759	3359	G	0	0	3359	36.4
A_PB1	1760	3201	C	0	0	3201	37.5
A_PB1	1761	3565	A	0	0	3565	34.5
A_PB1	1762	3093	G	0	0	3093	36.7
A_PB1	1763	3681	G	0	0	3681	35.4
A_PB1	1764	3223	A	0	0	3223	35.2
A_PB1	1765	3303	C	0	0	3303	34.4
A_PB1	1766	3223	T	0	0	3223	34.8
A_PB1	1767	3006	G	0	0	3006	36.9
A_PB1	1768	3563	C	0	0	3563	34.5
A_PB1	1769	2833	T	0	0	2833	37.1
A_PB1	1770	3274	G	0	0	3274	35.7
A_PB1	1771	3036	G	0	0	3036	37.2
A_PB1	1772	3263	T	0	0	3263	37.8
A_PB1	1773	3024	C	0	0	3024	37.8
A_PB1	1774	3621	T	0	0	3621	35.7
A_PB1	1775	3368	C	0	0	3368	37.2
A_PB1	1776	3161	A	0	0	3161	34.4
A_PB1	1777	3554	G	0	0	3554	34.0
A_PB1	1778	3113	A	0	0	3113	36.7
A_PB1	1779	3372	T	0	0	3372	35.1
A_PB1	1780	3295	G	0	0	3295	36.6
A_PB1	1781	3131	G	0	0	3131	35.1
A_PB1	1782	2960	A	0	0	2960	37.7
A_PB1	1783	3224	G	0	0	3224	34.1
A_PB1	1784	3151	G	0	0	3151	34.1
A_PB1	1785	3134	A	0	0	3134	37.1
A_PB1	1786	3401	C	0	0	3401	35.6
A_PB1	1787	3217	C	0	0	3217	37.2
A_PB1	1788	3663	A	0	0	3663	35.3
A_PB1	1789	3341	A	0	0	3341	37.6
A_PB1	1790	3916	A	0	0	3916	37.5
A_PB1	1791	3398	T	0	0	3398	36.6
A_PB1	1792	3887	C	0	0	3887	34.2
A_PB1	1793	3621	T	0	0	3621	34.6
A_PB1	1794	3343	A	0	0	3343	37.4
A_PB1	1795	3478	T	0	0	3478	34.0
A_PB1	1796	3273	A	0	0	3273	35.2
A_PB1	1797	3444	C	0	0	3444	36.2
A_PB1	1798	3437	A	0	0	3437	37.6
A_PB1	1799	3336	A	0	0	3336	35.8
A_PB1	1800	3706	T	0	0	3706	36.5
A_PB1	1801	3324	A	0	0	3324	35.5
A_PB1	1802	3076	T	0	0	3076	34.1
A_PB1	1803	3912	T	0	0	3912	34.1
A_PB1	1804	3126	C	0	0	3126	35.2
A_PB1	1805	3705	G	0	0	3705	34.5
A_PB1	1806	3680	G	0	0	3680	36.0
A_PB1	1807	3469	A	0	0	3469	34.6
A_PB1	1808	3554	A	0	0	3554	35.9
A_PB1	1809	3712	T	0	0	3712	36.9
A_PB1	1810	3590	C	0	0	3590	36.0
A_PB1	1811	3646	T	0	0	3646	36.6
A_PB1	1812	3323	T	0	0	3323	35.4
A_PB1	1813	3349	C	0	0	3349	34.0
A_PB1	1814	3377	A	0	0	3377	34.7
A_PB1	1815	3337	C	0	0	3337	36.5
A_PB1	1816	3378	A	0	0	3378	37.4
A_PB1	1817	3536	T	0	0	3536	34.3
A_PB1	1818	3441	T	0	0	3441	36.8
A_PB1	1819	3574	C	0	0	3574	36.4
A_PB1	1820	3559	C	0	0	3559	36.7
A_PB1	1821	3351	A	0	0	3351	34.7
A_PB1	1822	3343	G	0	0	3343	34.1
A_PB1	1823	3242	A	0	0	3242	35.4
A_PB1	1824	3369	A	0	0	3369	35.4
A_PB1	1825	3137	G	0	0	3137	37.7
A_PB1	1826	3493	T	0	0	3493	37.5
A_PB1	1827	3716	C	0	0	3716	37.9
A_PB1	1828	3599	T	0	0	3599	34.9
A_PB1	1829	3541	G	0	0	3541	35.0
A_PB1	1830	3763	C	0	0	3763	37.1
A_PB1	1831	3388	T	0	0	3388	35.8
A_PB1	1832	3733	T	0	0	3733	35.1
A_PB1	1833	3759	G	0	0	3759	37.7
A_PB1	1834	3396	A	0	0	3396	34.7
A_PB1	1835	3358	A	0	0	3358	37.8
A_PB1	1836	3248	A	0	0	3248	35.6
A_PB1	1837	3539	T	0	0	3539	38.0
A_PB1	1838	4009	G	0	0	4009	37.2
A_PB1	1839	3327	G	0	0	3327	34.9
A_PB1	1840	3722	G	0	0	3722	36.6
A_PB1	1841	3948	A	0	0	3948	35.0
A_PB1	1842	3408	G	0	0	3408	37.7
A_PB1	1843	3603	C	0	0	3603	35.6
A_PB1	1844	3680	T	0	0	3680	37.7
A_PB1	1845	3645	A	0	0	3645	36.1
A_PB1	1846	3513	A	0	0	3513	34.5
A_PB1	1847	3221	T	0	0	3221	35.5
A_PB1	1848	3373	G	0	0	3373	35.0
A_PB1	1849	3315	G	0	0	3315	35.0
A_PB1	1850	3133	A	0	0	3133	34.2
A_PB1	1851	3681	C	0	0	3681	35.8
A_PB1	1852	3256	G	0	0	3256	34.7
A_PB1	1853	3271	A	0	0	3271	36.9
A_PB1	1854	3330	A	0	0	3330	35.1
A_PB1	1855	3672	G	0	0	3672	35.0
A_PB1	1856	3782	A	0	0	3782	36.6
A_PB1	1857	3528	C	0	0	3528	34.3
A_PB1	1858	3991	T	0	0	3991	35.7
A_PB1	1859	3104	A	0	0	3104	36.3
A_PB1	1860	3437	T	0	0	3437	36.8
A_PB1	1861	3312	C	0	0	3312	37.7
A_PB1	1862	3605	A	0	0	3605	35.6
A_PB1	1863	3482	G	0	0	3482	36.1
A_PB1	1864	3497	G	0	0	3497	37.3
A_PB1	1865	3388	G	0	0	3388	36.5
A_PB1	1866	3372	A	0	0	3372	35.1
A_PB1	1867	3421	A	0	0	3421	34.8
A_PB1	1868	3474	G	0	0	3474	34.0
A_PB1	1869	3548	G	0	0	3548	35.5
A_PB1	1870	3348	C	0	0	3348	34.9
A_PB1	1871	3518	T	0	0	3518	37.4
A_PB1	1872	3446	T	0	0	3446	37.0
A_PB1	1873	3311	T	0	0	3311	36.4
A_PB1	1874	3220	G	0	0	3220	34.9
A_PB1	1875	3217	T	0	0	3217	38.0
A_PB1	1876	3128	A	0	0	3128	35.2
A_PB1	1877	3433	A	0	0	3433	35.1
A_PB1	1878	3512	T	0	0	3512	37.8
A_PB1	1879	3446	C	0	0	3446	36.1
A_PB1	1880	2933	C	0	0	2933	37.8
A_PB1	1881	3316	C	0	0	3316	36.0
A_PB1	1882	3205	C	0	0	3205	37.5
A_PB1	1883	3361	T	0	0	3361	35.7
A_PB1	1884	3262	G	0	0	3262	34.8
A_PB1	1885	3008	A	0	0	3008	35.2
A_PB1	1886	3142	A	0	0	3142	35.6
A_PB1	1887	3327	C	0	0	3327	36.5
A_PB1	1888	3233	C	0	0	3233	34.3
A_PB1	1889	3579	C	0	0	3579	35.9
A_PB1	1890	3538	G	0	0	3538	36.3
A_PB1	1891	3032	T	0	0	3032	37.2
A_PB1	1892	3104	T	0	0	3104	37.0
A_PB1	1893	2947	T	0	0	2947	36.4
A_PB1	1894	3059	G	0	0	3059	36.9
A_PB1	1895	3167	T	0	0	3167	37.1
A_PB1	1896	2825	C	0	0	2825	35.1
A_PB1	1897	3345	A	0	0	3345	37.3
A_PB1	1898	3390	G	0	0	3390	35.9
A_PB1	1899	3000	C	0	0	3000	34.3
A_PB1	1900	3326	C	0	0	3326	37.4
A_PB1	1901	3237	A	0	0	3237	35.9
A_PB1	1902	3048	C	0	0	3048	36.2
A_PB1	1903	3142	A	0	0	3142	36.3
A_PB1	1904	3326	A	0	0	3326	34.7
A_PB1	1905	3165	G	0	0	3165	37.5
A_PB1	1906	3114	G	0	0	3114	36.8
A_PB1	1907	3071	A	0	0	3071	36.8
A_PB1	1908	3028	A	0	0	3028	36.9
A_PB1	1909	3138	A	0	0	3138	35.6
A_PB1	1910	3326	T	0	0	3326	38.0
A_PB1	1911	2847	A	0	0	2847	36.0
A_PB1	1912	3269	G	0	0	3269	35.9
A_PB1	1913	2841	A	0	0	2841	34.4
A_PB1	1914	3199	G	0	0	3199	37.0
A_PB1	1915	3098	T	0	0	3098	35.9
A_PB1	1916	2739	C	0	0	2739	36.5
A_PB1	1917	3254	T	0	0	3254	37.9
A_PB1	1918	2973	G	0	0	2973	35.5
A_PB1	1919	2905	T	0	0	2905	34.4
A_PB1	1920	3182	G	0	0	3182	38.0
A_PB1	1921	3306	A	0	0	3306	34.2
A_PB1	1922	2721	A	0	0	2721	35.2
A_PB1	1923	2476	C	0	0	2476	34.8
A_PB1	1924	3030	A	0	0	3030	37.7
A_PB1	1925	3058	A	0	0	3058	36.1
A_PB1	1926	2736	C	0	0	2736	34.9
A_PB1	1927	2816	G	0	0	2816	37.5
A_PB1	1928	2745	C	0	0	2745	37.4
A_PB1	1929	3189	T	0	0	3189	34.4
A_PB1	1930	2856	G	0	0	2856	37.9
A_PB1	1931	2926	T	0	0	2926	36.2
A_PB1	1932	2941	G	0	0	2941	35.2
A_PB1	1933	2685	G	0	0	2685	35.8
A_PB1	1934	3014	T	0	0	3014	35.7
A_PB1	1935	2902	G	0	0	2902	36.3
A_PB1	1936	2697	A	0	0	2697	34.1
A_PB1	1937	2558	T	0	0	2558	36.5
A_PB1	1938	2849	G	0	0	2849	36.3
A_PB1	1939	2921	C	0	0	2921	35.8
A_PB1	1940	2537	C	0	0	2537	34.9
A_PB1	1941	2820	A	0	0	2820	35.7
A_PB1	1942	2740	G	0	0	2740	36.2
A_PB1	1943	2389	C	0	0	2389	34.7
A_PB1	1944	3003	T	0	0	3003	36.6
A_PB1	1945	2847	C	0	0	2847	36.5
A_PB1	1946	2717	A	0	0	2717	35.8
A_PB1	1947	2551	T	0	0	2551	34.9
A_PB1	1948	2642	G	0	0	2642	36.0
A_PB1	1949	2374	G	0	0	2374	34.2
A_PB1	1950	2708	C	0	0	2708	34.2
A_PB1	1951	2720	C	0	0	2720	37.9
A_PB1	1952	2557	C	0	0	2557	38.0
A_PB1	1953	2410	G	0	0	2410	35.5
A_PB1	1954	2491	G	0	0	2491	34.2
A_PB1	1955	2697	C	0	0	2697	36.9
A_PB1	1956	2668	C	0	0	2668	34.5
A_PB1	1957	2461	A	0	0	2461	35.6
A_PB1	1958	2351	A	0	0	2351	36.5
A_PB1	1959	2440	G	0	0	2440	35.0
A_PB1	1960	2299	A	0	0	2299	34.8
A_PB1	1961	2384	G	0	0	2384	36.3
A_PB1	1962	2679	C	0	0	2679	34.6
A_PB1	1963	2400	A	0	0	2400	34.8
A_PB1	1964	2519	T	0	0	2519	34.8
A_PB1	1965	2481	G	0	0	2481	34.5
A_PB1	1966	2555	G	0	0	2555	34.5
A_PB1	1967	2467	A	0	0	2467	37.2
A_PB1	1968	2391	A	0	0	2391	34.7
A_PB1	1969	2362	T	0	0	2362	35.6
A_PB1	1970	2542	A	0	0	2542	36.3
A_PB1	1971	2523	T	0	0	2523	37.3
A_PB1	1972	2265	G	0	0	2265	34.7
A_PB1	1973	2494	A	0	0	2494	36.1
A_PB1	1974	2286	T	0	0	2286	35.4
A_PB1	1975	2327	G	0	0	2327	36.5
A_PB1	1976	2180	C	0	0	2180	35.0
A_PB1	1977	2069	T	0	0	2069	35.9
A_PB1	1978	2135	G	0	0	2135	35.5
A_PB1	1979	2077	T	0	0	2077	36.6
A_PB1	1980	2187	T	0	0	2187	35.2
A_PB1	1981	2168	G	0	0	2168	36.0
A_PB1	1982	2158	C	0	0	2158	37.0
A_PB1	1983	2265	C	0	0	2265	37.9
A_PB1	1984	2159	A	0	0	2159	37.8
A_PB1	1985	2212	C	0	0	2212	36.7
A_PB1	1986	2128	C	0	0	2128	37.4
A_PB1	1987	2291	A	0	0	2291	37.0
A_PB1	1988	2346	C	0	0	2346	35.8
A_PB1	1989	2356	T	0	0	2356	36.8
A_PB1	1990	2143	C	0	0	2143	36.0
A_PB1	1991	2065	A	0	0	2065	35.5
A_PB1	1992	2349	C	0	0	2349	37.0
A_PB1	1993	2181	T	0	0	2181	37.6
A_PB1	1994	2158	C	0	0	2158	34.6
A_PB1	1995	2272	C	0	0	2272	35.0
A_PB1	1996	2322	T	0	0	2322	37.7
A_PB1	1997	2053	G	0	0	2053	36.2
A_PB1	1998	2321	G	0	0	2321	36.9
A_PB1	1999	2124	A	0	0	2124	35.9
A_PB1	2000	2031	T	0	0	2031	36.4
A_PB1	2001	2110	A	0	0	2110	36.3
A_PB1	2002	2016	C	0	0	2016	37.3
A_PB1	2003	1980	C	0	0	1980	37.8
A_PB1	2004	1984	G	0	0	1984	34.7
A_PB1	2005	2019	A	0	0	2019	36.3
A_PB1	2006	2300	A	0	0	2300	34.0
A_PB1	2007	2082	G	0	0	2082	35.5
A_PB1	2008	1932	A	0	0	1932	34.4
A_PB1	2009	2272	G	0	0	2272	36.3
A_PB1	2010	1837	G	0	0	1837	35.4
A_PB1	2011	2143	A	0	0	2143	36.6
A_PB1	2012	2313	A	0	0	2313	38.0
A_PB1	2013	1877	C	0	0	1877	35.2
A_PB1	2014	1943	C	0	0	1943	35.0
A_PB1	2015	1908	G	0	0	1908	36.8
A_PB1	2016	2200	C	0	0	2200	35.5
A_PB1	2017	1939	T	0	0	1939	37.4
A_PB1	2018	1969	C	0	0	1969	36.1
A_PB1	2019	2033	C	0	0	2033	35.2
A_PB1	2020	1882	A	0	0	1882	37.9
A_PB1	2021	2020	T	0	0	2020	35.1
A_PB1	2022	2020	T	0	0	2020	34.1
A_PB1	2023	1931	C	0	0	1931	36.0
A_PB1	2024	2049	T	0	0	2049	34.2
A_PB1	2025	2169	C	0	0	2169	36.8
A_PB1	2026	2244	A	0	0	2244	35.1
A_PB1	2027	1963	A	0	0	1963	35.5
A_PB1	2028	2111	T	0	0	2111	36.8
A_PB1	2029	1897	A	0	0	1897	36.6
A_PB1	2030	1901	C	0	0	1901	36.7
A_PB1	2031	2171	A	0	0	2171	35.8
A_PB1	2032	1999	A	0	0	1999	35.2
A_PB1	2033	2138	G	0	0	2138	36.9
A_PB1	2034	2073	C	0	0	2073	37.0
A_PB1	2035	1922	C	0	0	1922	37.3
A_PB1	2036	2117	A	0	0	2117	35.5
A_PB1	2037	1914	A	0	0	1914	37.0
A_PB1	2038	1980	A	0	0	1980	36.0
A_PB1	2039	1790	G	0	0	1790	34.8
A_PB1	2040	1981	G	0	0	1981	36.1
A_PB1	2041	1916	G	0	0	1916	37.3
A_PB1	2042	1962	G	0	0	1962	36.4
A_PB1	2043	2071	A	0	0	2071	37.2
A_PB1	2044	1921	A	0	0	1921	35.1
A_PB1	2045	1955	T	0	0	1955	36.0
A_PB1	2046	2075	C	0	0	2075	37.4
A_PB1	2047	2014	C	0	0	2014	34.7
A_PB1	2048	1731	T	0	0	1731	37.4
A_PB1	2049	1772	T	0	0	1772	37.5
A_PB1	2050	1917	G	0	0	1917	37.2
A_PB1	2051	1998	A	0	0	1998	35.0
A_PB1	2052	1817	A	0	0	1817	37.9
A_PB1	2053	1889	G	0	0	1889	34.6
A_PB1	2054	1915	A	0	0	1915	36.9
A_PB1	2055	2101	C	0	0	2101	37.5
A_PB1	2056	1817	G	0	0	1817	37.5
A_PB1	2057	1879	A	0	0	1879	34.1
A_PB1	2058	2024	A	0	0	2024	37.4
A_PB1	2059	1831	C	0	0	1831	35.9
A_PB1	2060	1897	A	0	0	1897	37.7
A_PB1	2061	2202	G	0	0	2202	34.2
A_PB1	2062	2346	A	0	0	2346	37.0
A_PB1	2063	2268	T	0	0	2268	36.5
A_PB1	2064	1950	G	0	0	1950	37.2
A_PB1	2065	1917	T	0	0	1917	35.9
A_PB1	2066	1876	A	0	0	1876	37.2
A_PB1	2067	1937	T	0	0	1937	36.4
A_PB1	2068	1842	C	0	0	1842	37.6
A_PB1	2069	1940	A	0	0	1940	37.8
A_PB1	2070	1950	A	0	0	1950	34.0
A_PB1	2071	2143	A	0	0	2143	36.8
A_PB1	2072	1939	A	0	0	1939	34.7
A_PB1	2073	2143	G	0	0	2143	34.0
A_PB1	2074	1954	T	0	0	1954	35.6
A_PB1	2075	2440	G	0	0	2440	36.6
A_PB1	2076	1909	C	0	0	1909	36.0
A_PB1	2077	1885	T	0	0	1885	34.2
A_PB1	2078	1951	G	0	0	1951	37.1
A_PB1	2079	2031	C	0	0	2031	34.4
A_PB1	2080	2259	A	0	0	2259	36.4
A_PB1	2081	2461	A	0	0	2461	34.3
A_PB1	2082	1863	C	0	0	1863	35.3
A_PB1	2083	1998	C	0	0	1998	36.1
A_PB1	2084	2226	T	0	0	2226	34.7
A_PB1	2085	2178	G	0	0	2178	36.9
A_PB1	2086	2141	T	0	0	2141	37.8
A_PB1	2087	2222	T	0	0	2222	35.4
A_PB1	2088	2165	C	0	0	2165	35.6
A_PB1	2089	2094	G	0	0	2094	34.8
A_PB1	2090	2253	A	0	0	2253	35.9
A_PB1	2091	2390	A	0	0	2390	37.6
A_PB1	2092	2245	A	0	0	2245	34.1
A_PB1	2093	2090	A	0	0	2090	35.5
A_PB1	2094	2112	A	0	0	2112	37.6
A_PB1	2095	2083	T	0	0	2083	35.1
A_PB1	2096	2264	T	0	0	2264	34.9
A_PB1	2097	2385	C	0	0	2385	37.5
A_PB1	2098	2223	T	0	0	2223	34.5
A_PB1	2099	2267	T	0	0	2267	34.8
A_PB1	2100	2306	C	0	0	2306	35.1
A_PB1	2101	2318	C	0	0	2318	36.0
A_PB1	2102	2221	C	0	0	2221	37.2
A_PB1	2103	2144	T	0	0	2144	34.1
A_PB1	2104	2205	A	0	0	2205	37.6
A_PB1	2105	2364	G	0	0	2364	35.6
A_PB1	2106	2539	C	0	0	2539	37.1
A_PB1	2107	2407	A	0	0	2407	35.8
A_PB1	2108	2318	G	0	0	2318	35.3
A_PB1	2109	2053	T	0	0	2053	35.2
A_PB1	2110	2234	T	0	0	2234	35.2
A_PB1	2111	2325	C	0	0	2325	36.9
A_PB1	2112	2352	A	0	0	2352	34.8
A_PB1	2113	2651	T	0	0	2651	36.7
A_PB1	2114	2582	A	0	0	2582	34.1
A_PB1	2115	2199	C	0	0	2199	35.0
A_PB1	2116	2531	A	0	0	2531	35.8
A_PB1	2117	2439	G	0	0	2439	34.1
A_PB1	2118	2477	G	0	0	2477	35.4
A_PB1	2119	2654	A	0	0	2654	35.2
A_PB1	2120	2545	G	0	0	2545	37.0
A_PB1	2121	2533	G	0	0	2533	34.5
A_PB1	2122	2460	C	0	0	2460	37.4
A_PB1	2123	2438	C	0	0	2438	35.5
A_PB1	2124	2579	A	0	0	2579	34.0
A_PB1	2125	2364	G	0	0	2364	38.0
A_PB1	2126	2523	T	0	0	2523	37.0
A_PB1	2127	2683	T	0	0	2683	35.3
A_PB1	2128	2626	G	0	0	2626	34.7
A_PB1	2129	2677	G	0	0	2677	35.9
A_PB1	2130	2767	A	0	0	2767	36.8
A_PB1	2131	3025	A	0	0	3025	34.3
A_PB1	2132	2481	T	0	0	2481	34.7
A_PB1	2133	2678	T	0	0	2678	35.3
A_PB1	2134	2613	T	0	0	2613	37.7
A_PB1	2135	2622	C	0	0	2622	37.5
A_PB1	2136	2720	C	0	0	2720	36.3
A_PB1	2137	2620	A	0	0	2620	37.0
A_PB1	2138	2437	G	0	0	2437	35.9
A_PB1	2139	2548	C	0	0	2548	35.9
A_PB1	2140	2625	A	0	0	2625	36.4
A_PB1	2141	2501	T	0	0	2501	37.6
A_PB1	2142	2848	G	0	0	2848	37.2
A_PB1	2143	2737	G	0	0	2737	37.6
A_PB1	2144	2394	T	0	0	2394	37.9
A_PB1	2145	2820	G	0	0	2820	36.4
A_PB1	2146	2570	G	0	0	2570	34.0
A_PB1	2147	2638	A	0	0	2638	36.2
A_PB1	2148	2620	G	0	0	2620	35.2
A_PB1	2149	2723	G	0	0	2723	34.9
A_PB1	2150	2646	C	0	0	2646	37.5
A_PB1	2151	2407	C	0	0	2407	37.5
A_PB1	2152	2565	A	0	0	2565	36.2
A_PB1	2153	2696	T	0	0	2696	37.2
A_PB1	2154	2261	G	0	0	2261	37.7
A_PB1	2155	2276	G	0	0	2276	37.3
A_PB1	2156	2693	T	0	0	2693	36.5
A_PB1	2157	2504	T	0	0	2504	35.0
A_PB1	2158	2339	T	0	0	2339	35.4
A_PB1	2159	2472	C	0	0	2472	36.4
A_PB1	2160	2455	T	0	0	2455	37.9
A_PB1	2161	2521	A	0	0	2521	34.4
A_PB1	2162	2535	G	0	0	2535	36.6
A_PB1	2163	2400	G	0	0	2400	36.9
A_PB1	2164	2217	G	0	0	2217	34.8
A_PB1	2165	2354	C	0	0	2354	35.6
A_PB1	2166	2275	C	0	0	2275	35.0
A_PB1	2167	2220	C	0	0	2220	35.4
A_PB1	2168	2427	G	0	0	2427	34.4
A_PB1	2169	2463	A	0	0	2463	35.8
A_PB1	2170	2107	A	0	0	2107	34.3
A_PB1	2171	2052	T	0	0	2052	37.7
A_PB1	2172	2307	T	0	0	2307	36.9
A_PB1	2173	2299	G	0	0	2299	37.1
A_PB1	2174	2058	A	0	0	2058	36.2
A_PB1	2175	2234	C	0	0	2234	34.8
A_PB1	2176	2049	G	0	0	2049	37.5
A_PB1	2177	2033	C	0	0	2033	37.8
A_PB1	2178	2063	A	0	0	2063	35.8
A_PB1	2179	2379	C	0	0	2379	36.3
A_PB1	2180	1969	G	0	0	1969	35.5
A_PB1	2181	2225	A	0	0	2225	37.3
A_PB1	2182	2031	A	0	0	2031	34.5
A_PB1	2183	2251	T	0	0	2251	34.1
A_PB1	2184	1953	T	0	0	1953	34.4
A_PB1	2185	1932	G	0	0	1932	37.0
A_PB1	2186	2021	A	0	0	2021	36.3
A_PB1	2187	2091	C	0	0	2091	37.0
A_PB1	2188	1902	T	0	0	1902	34.8
A_PB1	2189	2047	T	0	0	2047	37.4
A_PB1	2190	2168	C	0	0	2168	35.9
A_PB1	2191	1980	G	0	0	1980	34.1
A_PB1	2192	1959	A	0	0	1959	35.6
A_PB1	2193	1840	A	0	0	1840	34.8
A_PB1	2194	1657	T	0	0	1657	35.8
A_PB1	2195	1816	C	0	0	1816	37.9
A_PB1	2196	1923	T	0	0	1923	34.9
A_PB1	2197	1765	G	0	0	1765	34.8
A_PB1	2198	1888	G	0	0	1888	34.7
A_PB1	2199	1730	A	0	0	1730	36.6
A_PB1	2200	1844	C	0	0	1844	35.2
A_PB1	2201	1639	G	0	0	1639	37.1
A_PB1	2202	1783	G	0	0	1783	34.6
A_PB1	2203	1595	A	0	0	1595	34.5
A_PB1	2204	1589	T	0	0	1589	34.9
A_PB1	2205	1571	T	0	0	1571	37.6
A_PB1	2206	1540	A	0	0	1540	35.1
A_PB1	2207	1509	A	0	0	1509	34.6
A_PB1	2208	1598	G	0	0	1598	34.2
A_PB1	2209	1467	A	0	0	1467	34.3
A_PB1	2210	1608	A	0	0	1608	37.9
A_PB1	2211	1573	G	0	0	1573	34.2
A_PB1	2212	1281	G	0	0	1281	37.9
A_PB1	2213	1483	A	0	0	1483	34.7
A_PB1	2214	1473	G	0	0	1473	37.6
A_PB1	2215	1423	G	0	0	1423	37.1
A_PB1	2216	1285	A	0	0	1285	37.4
A_PB1	2217	1311	G	0	0	1311	36.9
A_PB1	2218	1276	T	0	0	1276	36.1
A_PB1	2219	1331	T	0	0	1331	36.7
A_PB1	2220	1283	T	0	0	1283	37.5
A_PB1	2221	1183	G	0	0	1183	37.8
A_PB1	2222	1204	C	0	0	1204	34.3
A_PB1	2223	1153	T	0	0	1153	35.3
A_PB1	2224	1258	G	0	0	1258	37.2
A_PB1	2225	987	A	0	0	987	36.8
A_PB1	2226	1138	G	0	0	1138	37.9
A_PB1	2227	1033	A	0	0	1033	38.0
A_PB1	2228	1101	T	0	0	1101	37.1
A_PB1	2229	1225	C	0	0	1225	34.3
A_PB1	2230	1012	A	0	0	1012	34.3
A_PB1	2231	1073	T	0	0	1073	36.1
A_PB1	2232	1039	G	0	0	1039	36.6
A_PB1	2233	913	A	0	0	913	36.1
A_PB1	2234	953	A	0	0	953	36.9
A_PB1	2235	883	G	0	0	883	37.6
A_PB1	2236	906	A	0	0	906	37.5
A_PB1	2237	912	T	0	0	912	36.8
A_PB1	2238	802	C	0	0	802	36.6
A_PB1	2239	886	T	0	0	886	36.4
A_PB1	2240	789	G	0	0	789	35.9
A_PB1	2241	755	T	0	0	755	37.8
A_PB1	2242	806	T	0	0	806	34.6
A_PB1	2243	755	C	0	0	755	36.0
A_PB1	2244	730	C	0	0	730	35.2
A_PB1	2245	734	A	0	0	734	34.4
A_PB1	2246	702	C	0	0	702	35.9
A_PB1	2247	689	C	0	0	689	35.1
A_PB1	2248	620	A	0	0	620	37.7
A_PB1	2249	559	T	0	0	559	35.0
A_PB1	2250	549	T	0	0	549	34.6
A_PB1	2251	543	G	0	0	543	36.8
A_PB1	2252	516	A	0	0	516	35.8
A_PB1	2253	462	A	0	0	462	34.1
A_PB1	2254	420	G	0	0	420	37.8
A_PB1	2255	467	A	0	0	467	35.2
A_PB1	2256	411	G	0	0	411	37.5
A_PB1	2257	455	C	0	0	455	34.3
A_PB1	2258	339	T	0	0	339	35.7
A_PB1	2259	383	C	0	0	383	35.1
A_PB1	2260	351	A	0	0	351	38.0
A_PB1	2261	330	G	0	0	330	36.3
A_PB1	2262	296	A	0	0	296	34.4
A_PB1	2263	251	C	0	0	251	35.5
A_PB1	2264	226	G	0	0	226	34.7
A_PB1	2265	192	G	0	0	192	37.2
A_PB1	2266	225	C	0	0	225	36.1
A_PB1	2267	158	A	0	0	158	34.2
A_PB1	2268	140	G	0	0	140	36.1
A_PB1	2269	114	A	0	0	114	34.8
A_PB1	2270	95	A	0	0	95	37.9
A_PB1	2271	67	A	0	0	67	35.7
A_PB1	2272	51	T	0	0	51	36.0
A_PB1	2273	24	A	0	0	24	37.2
A_PB1	2274	0	G	0	0	0	34.3
