Reference_Name	Position	Coverage Depth	Consensus	Deletions	Ambiguous	Consensus_Count	Consensus_Average_Quality
A_MP	1	97	A	0	0	97	37.2
A_MP	2	203	T	0	0	203	35.6
A_MP	3	303	G	0	0	303	37.0
A_MP	4	394	A	0	0	394	35.9
A_MP	5	488	G	0	0	488	36.9
A_MP	6	589	T	0	0	589	35.4
A_MP	7	627	C	0	0	627	37.3
A_MP	8	831	T	0	0	831	37.6
A_MP	9	909	T	0	0	909	34.8
A_MP	10	958	C	0	0	958	35.0
A_MP	11	1092	T	0	0	1092	37.2
A_MP	12	1106	A	0	0	1106	34.8
A_MP	13	1216	A	0	0	1216	34.0
A_MP	14	1589	C	0	0	1589	35.9
A_MP	15	1590	C	0	0	1590	37.7
A_MP	16	1691	G	0	0	1691	37.5
A_MP	17	1556	A	0	0	1556	36.7
A_MP	18	1875	G	0	0	1875	36.9
A_MP	19	1929	G	0	0	1929	37.9
A_MP	20	1958	T	0	0	1958	36.0
A_MP	21	2337	C	0	0	2337	34.8
A_MP	22	2247	G	0	0	2247	37.3
A_MP	23	2559	A	0	0	2559	35.6
A_MP	24	2585	A	0	0	2585	36.8
A_MP	25	2617	A	0	0	2617	35.4
A_MP	26	2999	C	0	0	2999	35.7
A_MP	27	2874	G	0	0	2874	34.1
A_MP	28	3026	T	0	0	3026	37.5
A_MP	29	2942	A	0	0	2942	35.4
A_MP	30	2829	C	0	0	2829	35.3
A_MP	31	3554	G	0	0	3554	37.7
A_MP	32	3681	T	0	0	3681	36.7
A_MP	33	3681	T	0	0	3681	34.4
A_MP	34	3532	C	0	0	3532	35.8
A_MP	35	3583	T	0	0	3583	36.3
A_MP	36	4386	C	0	0	4386	36.0
A_MP	37	3981	T	0	0	3981	37.4
A_MP	38	3882	C	0	0	3882	35.1
A_MP	39	4603	T	0	0	4603	35.3
A_MP	40	4606	A	0	0	4606	36.3
A_MP	41	4944	T	0	0	4944	34.1
A_MP	42	5446	C	0	0	5446	36.9
A_MP	43	5353	G	0	0	5353	36.2
A_MP	44	5011	T	0	0	5011	35.8
A_MP	45	5732	C	0	0	5732	34.5
A_MP	46	6016	C	0	0	6016	36.5
A_MP	47	5677	C	0	0	5677	37.7
A_MP	48	6205	G	0	0	6205	35.6
A_MP	49	5794	T	0	0	5794	35.9
A_MP	50	5897	C	0	0	5897	36.9
A_MP	51	5822	G	0	0	5822	37.3
A_MP	52	5821	G	0	0	5821	35.0
A_MP	53	6414	G	0	0	6414	35.0
A_MP	54	6710	C	0	0	6710	36.4
A_MP	55	7153	C	0	0	7153	34.9
A_MP	56	7384	C	0	0	7384	34.6
A_MP	57	7651	C	0	0	7651	37.5
A_MP	58	7093	C	0	0	7093	35.0
A_MP	59	7691	T	0	0	7691	37.5
A_MP	60	8205	C	0	0	8205	37.1
A_MP	61	8017	A	0	0	8017	35.2
A_MP	62	7985	A	0	0	7985	34.3
A_MP	63	8206	A	0	0	8206	37.9
A_MP	64	7484	G	0	0	7484	37.7
A_MP	65	8028	C	0	0	8028	34.9
A_MP	66	7676	C	0	0	7676	36.7
A_MP	67	8722	G	0	0	8722	37.5
A_MP	68	7686	A	0	0	7686	37.4
A_MP	69	7429	G	0	0	7429	37.4
A_MP	70	7768	A	0	0	7768	34.4
A_MP	71	7426	T	0	0	7426	36.6
A_MP	72	7324	C	0	0	7324	37.1
A_MP	73	8384	G	0	0	8384	37.7
A_MP	74	7549	C	0	0	7549	35.3
A_MP	75	7650	G	0	0	7650	34.5
A_MP	76	7788	C	0	0	7788	36.2
A_MP	77	8254	A	0	0	8254	36.7
A_MP	78	7656	G	0	0	7656	36.4
A_MP	79	8327	A	0	0	8327	34.9
A_MP	80	7149	G	0	0	7149	35.0
A_MP	81	7287	A	0	0	7287	35.7
A_MP	82	7783	C	0	0	7783	37.6
A_MP	83	7228	T	0	0	7228	37.4
A_MP	84	7843	T	0	0	7843	34.2
A_MP	85	6929	G	0	0	6929	34.2
A_MP	86	7531	A	0	0	7531	36.7
A_MP	87	7883	A	0	0	7883	35.0
A_MP	88	7168	G	0	0	7168	34.5
A_MP	89	7868	A	0	0	7868	36.3
A_MP	90	8165	T	0	0	8165	35.8
A_MP	91	7204	G	0	0	7204	36.8
A_MP	92	7074	T	0	0	7074	34.7
A_MP	93	6660	C	0	0	6660	35.0
A_MP	94	7224	T	0	0	7224	35.3
A_MP	95	7013	T	0	0	7013	37.6
A_MP	96	7089	T	0	0	7089	34.4
A_MP	97	7806	G	0	0	7806	35.1
A_MP	98	6725	C	0	0	6725	34.6
A_MP	99	7713	A	0	0	7713	34.4
A_MP	100	6585	G	0	0	6585	36.6
A_MP	101	6990	G	0	0	6990	36.3
A_MP	102	6972	G	0	0	6972	35.9
A_MP	103	7658	A	0	0	7658	37.8
A_MP	104	6173	A	0	0	6173	34.7
A_MP	105	6761	G	0	0	6761	35.2
A_MP	106	6244	A	0	0	6244	36.7
A_MP	107	7660	A	0	0	7660	34.4
A_MP	108	6804	C	0	0	6804	36.2
A_MP	109	6823	A	0	0	6823	35.3
A_MP	110	6720	C	0	0	6720	37.2
A_MP	111	6527	C	0	0	6527	35.1
A_MP	112	5909	G	0	0	5909	35.2
A_MP	113	5908	A	0	0	5908	35.3
A_MP	114	6804	T	0	0	6804	35.0
A_MP	115	6205	C	0	0	6205	35.1
A_MP	116	6464	T	0	0	6464	35.3
A_MP	117	6438	T	0	0	6438	37.9
A_MP	118	6251	G	0	0	6251	37.4
A_MP	119	5845	A	0	0	5845	36.3
A_MP	120	5974	G	0	0	5974	35.0
A_MP	121	5709	G	0	0	5709	37.5
A_MP	122	5866	C	0	0	5866	34.9
A_MP	123	6270	T	0	0	6270	37.8
A_MP	124	5753	C	0	0	5753	34.7
A_MP	125	5375	T	0	0	5375	36.0
A_MP	126	5553	C	0	0	5553	36.0
A_MP	127	5416	A	0	0	5416	35.8
A_MP	128	5584	T	0	0	5584	35.9
A_MP	129	5230	G	0	0	5230	37.9
A_MP	130	5617	G	0	0	5617	36.9
A_MP	131	5158	A	0	0	5158	34.9
A_MP	132	5276	A	0	0	5276	37.1
A_MP	133	4618	T	0	0	4618	37.3
A_MP	134	5413	G	0	0	5413	34.2
A_MP	135	5339	G	0	0	5339	34.9
A_MP	136	5810	C	0	0	5810	37.6
A_MP	137	4958	T	0	0	4958	36.9
A_MP	138	5262	A	0	0	5262	37.2
A_MP	139	4781	A	0	0	4781	34.6
A_MP	140	5318	A	0	0	5318	37.7
A_MP	141	4696	G	0	0	4696	34.1
A_MP	142	4825	A	0	0	4825	34.2
A_MP	143	4614	C	0	0	4614	36.3
A_MP	144	4790	A	0	0	4790	34.5
A_MP	145	4480	A	0	0	4480	35.5
A_MP	146	4662	G	0	0	4662	35.4
A_MP	147	4451	A	0	0	4451	34.8
A_MP	148	4908	C	0	0	4908	37.7
A_MP	149	4626	C	0	0	4626	37.7
A_MP	150	4495	A	0	0	4495	35.6
A_MP	151	4975	A	0	0	4975	34.9
A_MP	152	4529	T	0	0	4529	35.0
A_MP	153	4487	C	0	0	4487	34.5
A_MP	154	3953	C	0	0	3953	34.7
A_MP	155	4173	T	0	0	4173	36.0
A_MP	156	4470	G	0	0	4470	35.0
A_MP	157	4944	T	0	0	4944	35.2
A_MP	158	4735	C	0	0	4735	37.4
A_MP	159	4424	A	0	0	4424	34.3
A_MP	160	4400	C	0	0	4400	35.2
A_MP	161	4444	C	0	0	4444	37.3
A_MP	162	5027	T	0	0	5027	36.3
A_MP	163	4998	C	0	0	4998	36.3
A_MP	164	4546	T	0	0	4546	36.7
A_MP	165	4615	G	0	0	4615	37.1
A_MP	166	4520	A	0	0	4520	35.2
A_MP	167	4648	C	0	0	4648	34.4
A_MP	168	4670	T	0	0	4670	35.3
A_MP	169	4503	A	0	0	4503	35.6
A_MP	170	4041	A	0	0	4041	35.6
A_MP	171	4809	G	0	0	4809	34.2
A_MP	172	4961	G	0	0	4961	36.5
A_MP	173	4668	G	0	0	4668	34.4
A_MP	174	4293	G	0	0	4293	37.3
A_MP	175	4091	A	0	0	4091	34.8
A_MP	176	4337	T	0	0	4337	34.0
A_MP	177	4936	T	0	0	4936	34.8
A_MP	178	4847	T	0	0	4847	34.5
A_MP	179	4671	T	0	0	4671	36.3
A_MP	180	4462	G	0	0	4462	35.6
A_MP	181	4574	G	0	0	4574	35.1
A_MP	182	4793	G	0	0	4793	37.9
A_MP	183	4804	A	0	0	4804	34.1
A_MP	184	4553	T	0	0	4553	37.9
A_MP	185	4758	T	0	0	4758	35.9
A_MP	186	5029	T	0	0	5029	36.9
A_MP	187	4950	G	0	0	4950	37.4
A_MP	188	4562	T	0	0	4562	34.9
A_MP	189	5084	G	0	0	5084	37.5
A_MP	190	5017	T	0	0	5017	36.4
A_MP	191	5268	T	0	0	5268	36.5
A_MP	192	5145	C	0	0	5145	37.0
A_MP	193	4704	A	0	0	4704	35.4
A_MP	194	4380	C	0	0	4380	35.3
A_MP	195	4885	G	0	0	4885	35.5
A_MP	196	5469	C	0	0	5469	35.7
A_MP	197	4969	T	0	0	4969	37.4
A_MP	198	4717	C	0	0	4717	37.7
A_MP	199	5092	A	0	0	5092	36.0
A_MP	200	4949	C	0	0	4949	34.3
A_MP	201	4874	C	0	0	4874	34.6
A_MP	202	5600	G	0	0	5600	35.4
A_MP	203	4768	T	0	0	4768	37.0
A_MP	204	5389	G	0	0	5389	36.5
A_MP	205	5430	C	0	0	5430	35.1
A_MP	206	4899	C	0	0	4899	34.7
A_MP	207	5189	C	0	0	5189	35.9
A_MP	208	4908	A	0	0	4908	35.8
A_MP	209	5211	G	0	0	5211	37.6
A_MP	210	5148	T	0	0	5148	35.5
A_MP	211	5303	G	0	0	5303	35.7
A_MP	212	5442	A	0	0	5442	37.5
A_MP	213	5071	G	0	0	5071	35.3
A_MP	214	5468	C	0	0	5468	36.6
A_MP	215	5030	G	0	0	5030	35.9
A_MP	216	5489	A	0	0	5489	37.5
A_MP	217	5472	G	0	0	5472	35.7
A_MP	218	5727	G	0	0	5727	35.9
A_MP	219	5247	A	0	0	5247	36.9
A_MP	220	5282	C	0	0	5282	37.5
A_MP	221	4452	T	0	0	4452	37.9
A_MP	222	5096	G	0	0	5096	36.1
A_MP	223	5308	C	0	0	5308	34.7
A_MP	224	5134	A	0	0	5134	36.1
A_MP	225	5725	G	0	0	5725	37.5
A_MP	226	5516	C	0	0	5516	36.8
A_MP	227	5447	G	0	0	5447	36.9
A_MP	228	5072	T	0	0	5072	36.6
A_MP	229	4957	A	0	0	4957	36.9
A_MP	230	5160	G	0	0	5160	35.8
A_MP	231	5080	A	0	0	5080	34.1
A_MP	232	5326	C	0	0	5326	34.6
A_MP	233	5730	G	0	0	5730	36.9
A_MP	234	5088	C	0	0	5088	36.3
A_MP	235	4881	T	0	0	4881	36.3
A_MP	236	5017	T	0	0	5017	36.0
A_MP	237	5309	T	0	0	5309	36.1
A_MP	238	5250	G	0	0	5250	37.4
A_MP	239	5401	T	0	0	5401	37.0
A_MP	240	5031	C	0	0	5031	36.1
A_MP	241	5601	C	0	0	5601	35.4
A_MP	242	5315	A	0	0	5315	34.7
A_MP	243	4844	A	0	0	4844	35.4
A_MP	244	5432	A	0	0	5432	37.9
A_MP	245	4886	A	0	0	4886	35.3
A_MP	246	5570	T	0	0	5570	36.8
A_MP	247	4892	G	0	0	4892	35.5
A_MP	248	4409	C	0	0	4409	35.9
A_MP	249	5266	T	0	0	5266	37.6
A_MP	250	5664	C	0	0	5664	38.0
A_MP	251	4729	T	0	0	4729	34.1
A_MP	252	5066	A	0	0	5066	34.6
A_MP	253	4720	A	0	0	4720	34.8
A_MP	254	5078	G	0	0	5078	34.7
A_MP	255	5194	T	0	0	5194	34.7
A_MP	256	4985	G	0	0	4985	34.6
A_MP	257	4695	G	0	0	4695	36.5
A_MP	258	5049	A	0	0	5049	36.1
A_MP	259	4447	A	0	0	4447	35.7
A_MP	260	4725	A	0	0	4725	34.7
A_MP	261	4602	T	0	0	4602	34.9
A_MP	262	5086	G	0	0	5086	37.3
A_MP	263	4986	G	0	0	4986	34.5
A_MP	264	4737	A	0	0	4737	34.8
A_MP	265	4773	G	0	0	4773	36.5
A_MP	266	4737	A	0	0	4737	34.9
A_MP	267	5166	C	0	0	5166	34.3
A_MP	268	4975	C	0	0	4975	37.6
A_MP	269	4590	C	0	0	4590	34.5
A_MP	270	4925	A	0	0	4925	36.4
A_MP	271	4960	A	0	0	4960	37.1
A_MP	272	4587	A	0	0	4587	34.3
A_MP	273	4608	C	0	0	4608	36.1
A_MP	274	4980	A	0	0	4980	37.5
A_MP	275	4942	A	0	0	4942	34.7
A_MP	276	4257	C	0	0	4257	34.4
A_MP	277	4554	A	0	0	4554	36.3
A_MP	278	4375	T	0	0	4375	34.8
A_MP	279	4676	G	0	0	4676	34.6
A_MP	280	4777	G	0	0	4777	37.1
A_MP	281	4699	A	0	0	4699	35.5
A_MP	282	4293	C	0	0	4293	36.2
A_MP	283	4645	A	0	0	4645	34.1
A_MP	284	4314	G	0	0	4314	35.7
A_MP	285	4066	G	0	0	4066	37.5
A_MP	286	4576	G	0	0	4576	34.5
A_MP	287	4885	C	0	0	4885	35.1
A_MP	288	4757	A	0	0	4757	37.1
A_MP	289	5020	G	0	0	5020	36.7
A_MP	290	4944	T	0	0	4944	34.5
A_MP	291	4889	C	0	0	4889	34.4
A_MP	292	4913	A	0	0	4913	35.6
A_MP	293	5064	A	0	0	5064	35.0
A_MP	294	4792	G	0	0	4792	34.5
A_MP	295	4884	T	0	0	4884	37.9
A_MP	296	5144	T	0	0	5144	34.2
A_MP	297	5163	G	0	0	5163	37.4
A_MP	298	4779	T	0	0	4779	37.5
A_MP	299	5782	A	0	0	5782	35.1
A_MP	300	5495	C	0	0	5495	35.8
A_MP	301	5645	A	0	0	5645	37.3
A_MP	302	5625	G	0	0	5625	36.0
A_MP	303	5813	G	0	0	5813	36.1
A_MP	304	5519	A	0	0	5519	37.1
A_MP	305	5345	A	0	0	5345	36.9
A_MP	306	5308	A	0	0	5308	35.5
A_MP	307	5573	C	0	0	5573	34.3
A_MP	308	5861	T	0	0	5861	35.0
A_MP	309	5460	G	0	0	5460	36.2
A_MP	310	5647	A	0	0	5647	35.0
A_MP	311	5134	A	0	0	5134	36.6
A_MP	312	5306	G	0	0	5306	35.6
A_MP	313	5385	A	0	0	5385	35.8
A_MP	314	5992	G	0	0	5992	36.6
A_MP	315	5502	A	0	0	5502	36.9
A_MP	316	6289	G	0	0	6289	35.3
A_MP	317	5571	A	0	0	5571	36.6
A_MP	318	6519	G	0	0	6519	37.2
A_MP	319	5904	A	0	0	5904	37.8
A_MP	320	6049	T	0	0	6049	37.3
A_MP	321	5831	A	0	0	5831	34.9
A_MP	322	6238	A	0	0	6238	35.1
A_MP	323	6638	C	0	0	6638	34.7
A_MP	324	6359	A	0	0	6359	34.6
A_MP	325	6091	T	0	0	6091	37.9
A_MP	326	5907	T	0	0	5907	35.1
A_MP	327	6594	C	0	0	6594	36.9
A_MP	328	5998	C	0	0	5998	35.0
A_MP	329	7471	A	0	0	7471	34.3
A_MP	330	6862	T	0	0	6862	34.2
A_MP	331	6505	G	0	0	6505	34.1
A_MP	332	6684	G	0	0	6684	35.0
A_MP	333	6628	G	0	0	6628	35.6
A_MP	334	6713	G	0	0	6713	36.0
A_MP	335	6615	C	0	0	6615	35.2
A_MP	336	7880	T	0	0	7880	36.8
A_MP	337	6195	A	0	0	6195	35.5
A_MP	338	6962	A	0	0	6962	36.7
A_MP	339	7120	A	0	0	7120	37.7
A_MP	340	7290	G	0	0	7290	34.6
A_MP	341	7214	A	0	0	7214	36.3
A_MP	342	7513	A	0	0	7513	35.9
A_MP	343	7279	G	0	0	7279	37.8
A_MP	344	7473	T	0	0	7473	36.8
A_MP	345	7943	T	0	0	7943	35.9
A_MP	346	7942	G	0	0	7942	35.3
A_MP	347	7157	C	0	0	7157	35.0
A_MP	348	6456	A	0	0	6456	34.8
A_MP	349	7316	C	0	0	7316	37.2
A_MP	350	8220	T	0	0	8220	36.1
A_MP	351	8197	C	0	0	8197	36.7
A_MP	352	7481	A	0	0	7481	37.2
A_MP	353	7698	G	0	0	7698	35.6
A_MP	354	7576	T	0	0	7576	36.0
A_MP	355	7148	T	0	0	7148	37.4
A_MP	356	8588	A	0	0	8588	37.7
A_MP	357	8573	C	0	0	8573	37.0
A_MP	358	9000	T	0	0	9000	36.0
A_MP	359	7351	C	0	0	7351	36.5
A_MP	360	8637	A	0	0	8637	37.2
A_MP	361	7555	A	0	0	7555	36.3
A_MP	362	7475	C	0	0	7475	35.6
A_MP	363	7798	C	0	0	7798	37.1
A_MP	364	7974	G	0	0	7974	36.8
A_MP	365	7530	G	0	0	7530	35.5
A_MP	366	7703	T	0	0	7703	36.3
A_MP	367	8406	G	0	0	8406	34.3
A_MP	368	7758	C	0	0	7758	35.0
A_MP	369	7740	A	0	0	7740	36.1
A_MP	370	8004	C	0	0	8004	36.3
A_MP	371	7477	T	0	0	7477	35.8
A_MP	372	7992	T	0	0	7992	37.6
A_MP	373	8045	G	0	0	8045	36.7
A_MP	374	7642	C	0	0	7642	36.4
A_MP	375	8064	C	0	0	8064	35.9
A_MP	376	8540	A	0	0	8540	34.1
A_MP	377	8138	G	0	0	8138	36.5
A_MP	378	8054	T	0	0	8054	34.7
A_MP	379	6788	T	0	0	6788	35.5
A_MP	380	8026	G	0	0	8026	36.2
A_MP	381	7885	T	0	0	7885	36.0
A_MP	382	6893	A	0	0	6893	37.0
A_MP	383	7429	T	0	0	7429	38.0
A_MP	384	7408	G	0	0	7408	37.1
A_MP	385	7765	G	0	0	7765	37.9
A_MP	386	8018	G	0	0	8018	38.0
A_MP	387	7769	T	0	0	7769	34.3
A_MP	388	6474	C	0	0	6474	37.0
A_MP	389	7805	T	0	0	7805	34.2
A_MP	390	6819	C	0	0	6819	36.3
A_MP	391	8141	A	0	0	8141	36.6
A_MP	392	7038	T	0	0	7038	34.0
A_MP	393	7252	A	0	0	7252	37.0
A_MP	394	7120	T	0	0	7120	35.9
A_MP	395	7391	A	0	0	7391	35.9
A_MP	396	6068	C	0	0	6068	35.1
A_MP	397	6305	A	0	0	6305	34.8
A_MP	398	7235	A	0	0	7235	35.5
A_MP	399	6261	C	0	0	6261	37.0
A_MP	400	7217	A	0	0	7217	37.2
A_MP	401	7150	G	0	0	7150	35.0
A_MP	402	6766	G	0	0	6766	34.8
A_MP	403	5975	A	0	0	5975	35.5
A_MP	404	7089	T	0	0	7089	35.4
A_MP	405	6934	G	0	0	6934	34.7
A_MP	406	6589	G	0	0	6589	36.0
A_MP	407	6397	G	0	0	6397	34.7
A_MP	408	6542	G	0	0	6542	36.2
A_MP	409	6097	A	0	0	6097	37.3
A_MP	410	5955	C	0	0	5955	34.2
A_MP	411	6619	G	0	0	6619	37.8
A_MP	412	6170	G	0	0	6170	37.6
A_MP	413	5583	T	0	0	5583	36.2
A_MP	414	5781	G	0	0	5781	37.3
A_MP	415	6265	A	0	0	6265	37.1
A_MP	416	5924	C	0	0	5924	37.2
A_MP	417	6305	C	0	0	6305	37.6
A_MP	418	6248	G	0	0	6248	37.8
A_MP	419	5914	C	0	0	5914	37.3
A_MP	420	6199	A	0	0	6199	37.0
A_MP	421	5597	G	0	0	5597	37.0
A_MP	422	6342	A	0	0	6342	36.3
A_MP	423	5825	A	0	0	5825	35.5
A_MP	424	5759	G	0	0	5759	35.3
A_MP	425	5708	T	0	0	5708	34.5
A_MP	426	6254	G	0	0	6254	36.4
A_MP	427	6012	G	0	0	6012	36.9
A_MP	428	5259	C	0	0	5259	35.0
A_MP	429	5876	A	0	0	5876	34.2
A_MP	430	5877	T	0	0	5877	36.6
A_MP	431	5754	T	0	0	5754	34.0
A_MP	432	5442	G	0	0	5442	37.4
A_MP	433	5396	G	0	0	5396	36.8
A_MP	434	5414	G	0	0	5414	35.6
A_MP	435	5019	C	0	0	5019	34.4
A_MP	436	5527	C	0	0	5527	37.2
A_MP	437	5676	T	0	0	5676	35.9
A_MP	438	5476	A	0	0	5476	36.3
A_MP	439	5737	G	0	0	5737	35.4
A_MP	440	5743	T	0	0	5743	36.2
A_MP	441	5310	G	0	0	5310	36.6
A_MP	442	5920	T	0	0	5920	37.6
A_MP	443	5151	G	0	0	5151	35.0
A_MP	444	5080	T	0	0	5080	35.3
A_MP	445	5514	G	0	0	5514	34.9
A_MP	446	5798	C	0	0	5798	35.2
A_MP	447	5581	C	0	0	5581	37.2
A_MP	448	5374	A	0	0	5374	37.2
A_MP	449	5248	C	0	0	5248	37.7
A_MP	450	5602	C	0	0	5602	36.5
A_MP	451	5714	T	0	0	5714	37.6
A_MP	452	5445	G	0	0	5445	34.0
A_MP	453	5804	T	0	0	5804	34.7
A_MP	454	5491	G	0	0	5491	37.2
A_MP	455	5860	A	0	0	5860	37.8
A_MP	456	4992	G	0	0	4992	36.8
A_MP	457	5796	C	0	0	5796	37.1
A_MP	458	4894	A	0	0	4894	35.2
A_MP	459	5697	G	0	0	5697	37.7
A_MP	460	5659	A	0	0	5659	34.3
A_MP	461	5008	T	0	0	5008	36.1
A_MP	462	4984	T	0	0	4984	37.8
A_MP	463	5675	G	0	0	5675	34.6
A_MP	464	5888	C	0	0	5888	34.6
A_MP	465	5385	T	0	0	5385	37.2
A_MP	466	5056	G	0	0	5056	35.6
A_MP	467	5260	A	0	0	5260	34.8
A_MP	468	5755	T	0	0	5755	35.0
A_MP	469	5533	T	0	0	5533	37.7
A_MP	470	6283	C	0	0	6283	34.4
A_MP	471	5525	A	0	0	5525	35.7
A_MP	472	5617	C	0	0	5617	36.9
A_MP	473	5694	A	0	0	5694	36.2
A_MP	474	5367	G	0	0	5367	38.0
A_MP	475	6041	C	0	0	6041	34.2
A_MP	476	5086	A	0	0	5086	35.7
A_MP	477	5752	T	0	0	5752	34.0
A_MP	478	5341	C	0	0	5341	34.0
A_MP	479	6798	G	0	0	6798	37.8
A_MP	480	6020	G	0	0	6020	34.8
A_MP	481	5873	T	0	0	5873	34.1
A_MP	482	5582	C	0	0	5582	36.9
A_MP	483	5473	T	0	0	5473	37.8
A_MP	484	5914	C	0	0	5914	37.2
A_MP	485	5302	A	0	0	5302	36.7
A_MP	486	5702	C	0	0	5702	37.2
A_MP	487	6216	A	0	0	6216	37.6
A_MP	488	6470	G	0	0	6470	37.6
A_MP	489	5614	A	0	0	5614	37.1
A_MP	490	5670	C	0	0	5670	36.4
A_MP	491	5229	A	0	0	5229	34.8
A_MP	492	5661	G	0	0	5661	37.2
A_MP	493	5715	A	0	0	5715	36.2
A_MP	494	4942	T	0	0	4942	36.7
A_MP	495	6631	A	0	0	6631	36.3
A_MP	496	6198	G	0	0	6198	36.8
A_MP	497	5673	C	0	0	5673	36.5
A_MP	498	6070	T	0	0	6070	36.1
A_MP	499	5217	A	0	0	5217	36.0
A_MP	500	5713	C	0	0	5713	34.7
A_MP	501	5872	C	0	0	5872	34.3
A_MP	502	4872	A	0	0	4872	37.3
A_MP	503	5666	C	0	0	5666	35.5
A_MP	504	5799	C	0	0	5799	35.4
A_MP	505	5948	A	0	0	5948	34.6
A_MP	506	5491	C	0	0	5491	35.6
A_MP	507	5463	C	0	0	5463	34.8
A_MP	508	5479	A	0	0	5479	35.7
A_MP	509	4899	A	0	0	4899	36.8
A_MP	510	5782	C	0	0	5782	34.6
A_MP	511	5477	C	0	0	5477	36.5
A_MP	512	4951	C	0	0	4951	36.1
A_MP	513	4858	A	0	0	4858	36.5
A_MP	514	5184	C	0	0	5184	35.6
A_MP	515	6102	T	0	0	6102	35.2
A_MP	516	4936	G	0	0	4936	36.9
A_MP	517	5481	A	0	0	5481	34.4
A_MP	518	5285	T	0	0	5285	36.9
A_MP	519	5370	C	0	0	5370	37.7
A_MP	520	5736	A	0	0	5736	37.9
A_MP	521	5468	G	0	0	5468	34.4
A_MP	522	5350	A	0	0	5350	37.0
A_MP	523	5195	C	0	0	5195	37.1
A_MP	524	4937	A	0	0	4937	38.0
A_MP	525	4630	T	0	0	4630	36.0
A_MP	526	4243	G	0	0	4243	36.7
A_MP	527	4843	A	0	0	4843	34.1
A_MP	528	5281	A	0	0	5281	36.8
A_MP	529	5267	A	0	0	5267	36.2
A_MP	530	4797	A	0	0	4797	34.6
A_MP	531	4801	C	0	0	4801	37.5
A_MP	532	4825	A	0	0	4825	34.5
A_MP	533	4652	G	0	0	4652	36.0
A_MP	534	4788	A	0	0	4788	35.8
A_MP	535	4339	A	0	0	4339	35.8
A_MP	536	4758	T	0	0	4758	35.2
A_MP	537	4503	G	0	0	4503	35.9
A_MP	538	4611	G	0	0	4611	37.8
A_MP	539	4424	T	0	0	4424	34.6
A_MP	540	4168	T	0	0	4168	37.6
A_MP	541	3943	T	0	0	3943	36.2
A_MP	542	4264	T	0	0	4264	37.0
A_MP	543	4817	G	0	0	4817	36.8
A_MP	544	4347	G	0	0	4347	35.0
A_MP	545	4544	C	0	0	4544	34.2
A_MP	546	4149	C	0	0	4149	36.3
A_MP	547	4016	A	0	0	4016	35.8
A_MP	548	4457	G	0	0	4457	36.8
A_MP	549	3628	T	0	0	3628	37.3
A_MP	550	4269	A	0	0	4269	37.5
A_MP	551	3741	C	0	0	3741	38.0
A_MP	552	3779	T	0	0	3779	35.6
A_MP	553	4006	A	0	0	4006	35.0
A_MP	554	3683	C	0	0	3683	37.7
A_MP	555	4067	A	0	0	4067	37.7
A_MP	556	3692	G	0	0	3692	34.9
A_MP	557	3908	C	0	0	3908	35.4
A_MP	558	3990	T	0	0	3990	37.8
A_MP	559	3887	A	0	0	3887	34.7
A_MP	560	4082	A	0	0	4082	35.8
A_MP	561	3490	G	0	0	3490	34.0
A_MP	562	3841	G	0	0	3841	34.6
A_MP	563	3326	C	0	0	3326	37.7
A_MP	564	3888	T	0	0	3888	34.9
A_MP	565	3681	A	0	0	3681	34.4
A_MP	566	3906	T	0	0	3906	37.8
A_MP	567	4184	G	0	0	4184	37.2
A_MP	568	3913	G	0	0	3913	34.7
A_MP	569	3699	A	0	0	3699	37.6
A_MP	570	3576	G	0	0	3576	37.6
A_MP	571	4137	C	0	0	4137	34.2
A_MP	572	4323	A	0	0	4323	35.6
A_MP	573	3923	G	0	0	3923	37.0
A_MP	574	4039	A	0	0	4039	36.9
A_MP	575	4012	T	0	0	4012	35.3
A_MP	576	3500	G	0	0	3500	36.1
A_MP	577	3959	G	0	0	3959	37.0
A_MP	578	4087	C	0	0	4087	37.9
A_MP	579	3953	T	0	0	3953	34.1
A_MP	580	4315	G	0	0	4315	35.0
A_MP	581	4523	G	0	0	4523	37.5
A_MP	582	3985	A	0	0	3985	35.8
A_MP	583	4375	T	0	0	4375	34.5
A_MP	584	4150	C	0	0	4150	35.8
A_MP	585	4612	G	0	0	4612	34.4
A_MP	586	4276	A	0	0	4276	37.2
A_MP	587	4103	G	0	0	4103	34.6
A_MP	588	4846	T	0	0	4846	36.7
A_MP	589	4843	G	0	0	4843	37.0
A_MP	590	4630	A	0	0	4630	36.6
A_MP	591	4533	G	0	0	4533	35.1
A_MP	592	4726	C	0	0	4726	35.3
A_MP	593	4485	A	0	0	4485	37.4
A_MP	594	4646	A	0	0	4646	36.5
A_MP	595	5235	G	0	0	5235	36.5
A_MP	596	4646	C	0	0	4646	34.7
A_MP	597	4906	A	0	0	4906	34.7
A_MP	598	4687	G	0	0	4687	37.1
A_MP	599	5002	T	0	0	5002	36.8
A_MP	600	4946	G	0	0	4946	35.1
A_MP	601	4997	G	0	0	4997	35.5
A_MP	602	5103	A	0	0	5103	34.5
A_MP	603	4938	A	0	0	4938	34.3
A_MP	604	5296	G	0	0	5296	35.3
A_MP	605	5570	C	0	0	5570	35.7
A_MP	606	5376	C	0	0	5376	34.6
A_MP	607	5324	A	0	0	5324	37.2
A_MP	608	5584	T	0	0	5584	36.4
A_MP	609	6057	G	0	0	6057	34.7
A_MP	610	6217	G	0	0	6217	36.0
A_MP	611	5408	A	0	0	5408	36.3
A_MP	612	6136	G	0	0	6136	34.1
A_MP	613	6368	G	0	0	6368	35.5
A_MP	614	6126	T	0	0	6126	38.0
A_MP	615	6160	T	0	0	6160	37.2
A_MP	616	5949	G	0	0	5949	37.5
A_MP	617	6223	C	0	0	6223	34.1
A_MP	618	6725	T	0	0	6725	36.1
A_MP	619	6256	A	0	0	6256	34.0
A_MP	620	6103	G	0	0	6103	36.8
A_MP	621	6346	T	0	0	6346	37.3
A_MP	622	6743	C	0	0	6743	36.0
A_MP	623	6452	A	0	0	6452	35.5
A_MP	624	6105	G	0	0	6105	37.7
A_MP	625	6062	G	0	0	6062	35.5
A_MP	626	6101	C	0	0	6101	34.8
A_MP	627	6883	T	0	0	6883	34.5
A_MP	628	6820	A	0	0	6820	35.4
A_MP	629	6475	G	0	0	6475	36.9
A_MP	630	6397	G	0	0	6397	37.8
A_MP	631	5937	C	0	0	5937	37.0
A_MP	632	6611	A	0	0	6611	36.0
A_MP	633	6943	G	0	0	6943	36.6
A_MP	634	6580	A	0	0	6580	34.7
A_MP	635	6420	T	0	0	6420	35.7
A_MP	636	6603	G	0	0	6603	35.3
A_MP	637	7332	G	0	0	7332	35.6
A_MP	638	6308	T	0	0	6308	35.8
A_MP	639	7391	G	0	0	7391	37.7
A_MP	640	7590	C	0	0	7590	37.6
A_MP	641	7250	A	0	0	7250	37.4
A_MP	642	7282	G	0	0	7282	35.7
A_MP	643	6538	G	0	0	6538	36.6
A_MP	644	6664	C	0	0	6664	37.7
A_MP	645	7385	G	0	0	7385	37.1
A_MP	646	7488	A	0	0	7488	36.2
A_MP	647	6640	T	0	0	6640	36.1
A_MP	648	6927	G	0	0	6927	37.1
A_MP	649	7764	A	0	0	7764	35.0
A_MP	650	6961	G	0	0	6961	35.4
A_MP	651	7101	G	0	0	7101	36.6
A_MP	652	7122	A	0	0	7122	36.8
A_MP	653	7491	C	0	0	7491	35.1
A_MP	654	6950	C	0	0	6950	37.8
A_MP	655	7845	A	0	0	7845	34.4
A_MP	656	7192	T	0	0	7192	37.6
A_MP	657	7062	T	0	0	7062	37.9
A_MP	658	8206	G	0	0	8206	34.9
A_MP	659	7847	G	0	0	7847	37.0
A_MP	660	7162	A	0	0	7162	37.7
A_MP	661	7185	A	0	0	7185	37.9
A_MP	662	7443	C	0	0	7443	36.8
A_MP	663	7363	T	0	0	7363	35.7
A_MP	664	6951	C	0	0	6951	35.4
A_MP	665	7301	A	0	0	7301	35.5
A_MP	666	7690	T	0	0	7690	35.3
A_MP	667	7036	C	0	0	7036	35.1
A_MP	668	7143	C	0	0	7143	37.8
A_MP	669	7584	T	0	0	7584	34.1
A_MP	670	7878	A	0	0	7878	34.1
A_MP	671	6566	G	0	0	6566	35.0
A_MP	672	7517	C	0	0	7517	37.5
A_MP	673	6587	T	0	0	6587	36.7
A_MP	674	7298	C	0	0	7298	36.2
A_MP	675	6442	C	0	0	6442	36.1
A_MP	676	6627	A	0	0	6627	36.4
A_MP	677	7135	G	0	0	7135	35.4
A_MP	678	6341	T	0	0	6341	35.2
A_MP	679	6687	G	0	0	6687	35.7
A_MP	680	6294	C	0	0	6294	36.4
A_MP	681	6650	C	0	0	6650	37.7
A_MP	682	6637	G	0	0	6637	34.4
A_MP	683	7344	G	0	0	7344	36.3
A_MP	684	7168	T	0	0	7168	37.5
A_MP	685	6479	C	0	0	6479	35.6
A_MP	686	7188	T	0	0	7188	36.2
A_MP	687	6652	G	0	0	6652	37.6
A_MP	688	6794	A	0	0	6794	35.2
A_MP	689	6629	G	0	0	6629	36.0
A_MP	690	7222	A	0	0	7222	34.1
A_MP	691	7321	G	0	0	7321	35.6
A_MP	692	5772	A	0	0	5772	37.0
A_MP	693	6871	T	0	0	6871	35.2
A_MP	694	6914	G	0	0	6914	35.4
A_MP	695	6830	A	0	0	6830	37.1
A_MP	696	6346	T	0	0	6346	35.7
A_MP	697	5843	C	0	0	5843	36.6
A_MP	698	6925	T	0	0	6925	36.8
A_MP	699	5997	C	0	0	5997	34.0
A_MP	700	6685	C	0	0	6685	35.4
A_MP	701	6571	T	0	0	6571	35.3
A_MP	702	6821	T	0	0	6821	37.9
A_MP	703	6229	G	0	0	6229	36.8
A_MP	704	6751	A	0	0	6751	34.4
A_MP	705	6214	A	0	0	6214	37.2
A_MP	706	6303	A	0	0	6303	34.4
A_MP	707	5691	A	0	0	5691	34.2
A_MP	708	6182	T	0	0	6182	35.0
A_MP	709	6426	T	0	0	6426	36.4
A_MP	710	6472	T	0	0	6472	35.8
A_MP	711	6573	G	0	0	6573	38.0
A_MP	712	5978	C	0	0	5978	36.8
A_MP	713	6652	A	0	0	6652	37.0
A_MP	714	6328	G	0	0	6328	36.3
A_MP	715	6414	G	0	0	6414	35.9
A_MP	716	5705	C	0	0	5705	37.4
A_MP	717	6592	C	0	0	6592	34.2
A_MP	718	6639	T	0	0	6639	35.4
A_MP	719	6206	A	0	0	6206	37.5
A_MP	720	6496	C	0	0	6496	35.7
A_MP	721	6806	C	0	0	6806	36.1
A_MP	722	6590	A	0	0	6590	36.3
A_MP	723	6073	A	0	0	6073	36.7
A_MP	724	5730	A	0	0	5730	34.8
A_MP	725	6968	A	0	0	6968	37.0
A_MP	726	6470	A	0	0	6470	36.3
A_MP	727	6120	C	0	0	6120	34.6
A_MP	728	5724	G	0	0	5724	36.2
A_MP	729	6775	G	0	0	6775	36.1
A_MP	730	6467	A	0	0	6467	37.9
A_MP	731	5774	T	0	0	5774	35.0
A_MP	732	6643	G	0	0	6643	37.4
A_MP	733	6834	G	0	0	6834	36.3
A_MP	734	6443	G	0	0	6443	36.6
A_MP	735	6476	A	0	0	6476	34.4
A_MP	736	6982	G	0	0	6982	36.1
A_MP	737	6573	T	0	0	6573	35.6
A_MP	738	6905	G	0	0	6905	34.0
A_MP	739	6790	C	0	0	6790	34.2
A_MP	740	6363	A	0	0	6363	37.4
A_MP	741	6522	A	0	0	6522	37.5
A_MP	742	6449	C	0	0	6449	34.5
A_MP	743	6544	T	0	0	6544	34.4
A_MP	744	6809	G	0	0	6809	35.3
A_MP	745	6251	C	0	0	6251	34.7
A_MP	746	6763	A	0	0	6763	35.8
A_MP	747	6414	G	0	0	6414	36.0
A_MP	748	6818	C	0	0	6818	36.1
A_MP	749	6401	G	0	0	6401	38.0
A_MP	750	6613	A	0	0	6613	34.5
A_MP	751	7591	T	0	0	7591	35.7
A_MP	752	7475	T	0	0	7475	36.4
A_MP	753	6762	C	0	0	6762	37.9
A_MP	754	6429	A	0	0	6429	36.9
A_MP	755	7352	A	0	0	7352	35.5
A_MP	756	6876	G	0	0	6876	36.4
A_MP	757	6618	T	0	0	6618	36.1
A_MP	758	7288	G	0	0	7288	37.2
A_MP	759	6980	A	0	0	6980	36.6
A_MP	760	7127	T	0	0	7127	36.0
A_MP	761	7476	C	0	0	7476	36.3
A_MP	762	7005	C	0	0	7005	34.5
A_MP	763	6908	T	0	0	6908	37.8
A_MP	764	7101	C	0	0	7101	34.7
A_MP	765	7233	T	0	0	7233	37.3
A_MP	766	7051	C	0	0	7051	36.6
A_MP	767	6610	G	0	0	6610	34.1
A_MP	768	7062	T	0	0	7062	37.0
A_MP	769	7243	T	0	0	7243	34.2
A_MP	770	6775	A	0	0	6775	34.9
A_MP	771	6957	T	0	0	6957	36.5
A_MP	772	6617	T	0	0	6617	35.9
A_MP	773	7046	G	0	0	7046	35.5
A_MP	774	7112	C	0	0	7112	36.8
A_MP	775	6699	C	0	0	6699	36.3
A_MP	776	6205	G	0	0	6205	34.9
A_MP	777	6964	C	0	0	6964	34.2
A_MP	778	8006	A	0	0	8006	37.0
A_MP	779	5975	A	0	0	5975	34.9
A_MP	780	7286	G	0	0	7286	36.8
A_MP	781	6817	T	0	0	6817	37.0
A_MP	782	6604	A	0	0	6604	37.4
A_MP	783	6964	T	0	0	6964	35.9
A_MP	784	6952	C	0	0	6952	37.4
A_MP	785	6731	A	0	0	6731	34.2
A_MP	786	5831	T	0	0	5831	35.0
A_MP	787	6352	T	0	0	6352	36.8
A_MP	788	6456	G	0	0	6456	34.9
A_MP	789	6060	G	0	0	6060	34.1
A_MP	790	6511	G	0	0	6511	36.7
A_MP	791	5875	A	0	0	5875	38.0
A_MP	792	6504	T	0	0	6504	37.6
A_MP	793	6002	C	0	0	6002	37.9
A_MP	794	7686	T	0	0	7686	34.5
A_MP	795	6774	T	0	0	6774	35.9
A_MP	796	5642	G	0	0	5642	36.9
A_MP	797	6311	C	0	0	6311	35.6
A_MP	798	6100	A	0	0	6100	36.4
A_MP	799	5891	C	0	0	5891	34.6
A_MP	800	5710	T	0	0	5710	37.8
A_MP	801	5426	T	0	0	5426	35.9
A_MP	802	5780	G	0	0	5780	34.2
A_MP	803	5633	A	0	0	5633	35.7
A_MP	804	5902	T	0	0	5902	37.2
A_MP	805	5772	A	0	0	5772	34.4
A_MP	806	5379	T	0	0	5379	34.6
A_MP	807	5788	T	0	0	5788	35.3
A_MP	808	5715	G	0	0	5715	37.7
A_MP	809	5775	T	0	0	5775	36.1
A_MP	810	5437	G	0	0	5437	36.6
A_MP	811	5370	G	0	0	5370	34.1
A_MP	812	5583	A	0	0	5583	34.7
A_MP	813	4745	T	0	0	4745	35.9
A_MP	814	5786	T	0	0	5786	37.7
A_MP	815	5084	C	0	0	5084	36.9
A_MP	816	4679	T	0	0	4679	36.0
A_MP	817	5395	T	0	0	5395	37.7
A_MP	818	4914	G	0	0	4914	36.0
A_MP	819	4963	A	0	0	4963	37.0
A_MP	820	4874	T	0	0	4874	35.2
A_MP	821	4913	C	0	0	4913	34.7
A_MP	822	5343	G	0	0	5343	36.4
A_MP	823	5286	C	0	0	5286	34.4
A_MP	824	4470	C	0	0	4470	35.3
A_MP	825	4411	T	0	0	4411	35.3
A_MP	826	4815	T	0	0	4815	37.5
A_MP	827	4214	T	0	0	4214	35.9
A_MP	828	4536	T	0	0	4536	37.9
A_MP	829	4175	C	0	0	4175	38.0
A_MP	830	3949	T	0	0	3949	36.9
A_MP	831	4608	T	0	0	4608	37.6
A_MP	832	4658	C	0	0	4658	34.5
A_MP	833	5041	A	0	0	5041	34.3
A_MP	834	4091	A	0	0	4091	36.3
A_MP	835	3900	A	0	0	3900	34.5
A_MP	836	4191	T	0	0	4191	35.3
A_MP	837	4105	G	0	0	4105	36.5
A_MP	838	3804	C	0	0	3804	35.5
A_MP	839	3998	G	0	0	3998	34.2
A_MP	840	4219	T	0	0	4219	36.0
A_MP	841	3898	T	0	0	3898	35.4
A_MP	842	4451	T	0	0	4451	34.7
A_MP	843	3817	A	0	0	3817	35.3
A_MP	844	3574	T	0	0	3574	34.7
A_MP	845	3899	C	0	0	3899	35.1
A_MP	846	3830	G	0	0	3830	36.3
A_MP	847	3651	T	0	0	3651	34.0
A_MP	848	3872	C	0	0	3872	37.0
A_MP	849	3458	G	0	0	3458	36.4
A_MP	850	4244	C	0	0	4244	34.5
A_MP	851	3461	C	0	0	3461	35.0
A_MP	852	3487	T	0	0	3487	35.3
A_MP	853	3817	T	0	0	3817	35.4
A_MP	854	3460	A	0	0	3460	35.7
A_MP	855	3726	A	0	0	3726	35.2
A_MP	856	3879	A	0	0	3879	36.2
A_MP	857	3837	T	0	0	3837	34.7
A_MP	858	3473	A	0	0	3473	37.9
A_MP	859	3815	C	0	0	3815	37.2
A_MP	860	3858	G	0	0	3858	37.0
A_MP	861	3292	G	0	0	3292	37.5
A_MP	862	4094	T	0	0	4094	36.7
A_MP	863	3730	T	0	0	3730	38.0
A_MP	864	3644	C	0	0	3644	36.9
A_MP	865	3669	G	0	0	3669	35.0
A_MP	866	3875	A	0	0	3875	36.0
A_MP	867	3561	A	0	0	3561	37.6
A_MP	868	3860	A	0	0	3860	35.0
A_MP	869	4151	G	0	0	4151	34.0
A_MP	870	3769	G	0	0	3769	34.3
A_MP	871	4190	A	0	0	4190	36.0
A_MP	872	3926	G	0	0	3926	37.0
A_MP	873	3830	G	0	0	3830	36.0
A_MP	874	3968	G	0	0	3968	34.5
A_MP	875	4447	C	0	0	4447	37.5
A_MP	876	4608	C	0	0	4608	36.7
A_MP	877	4254	T	0	0	4254	34.4
A_MP	878	4862	T	0	0	4862	35.9
A_MP	879	3951	C	0	0	3951	36.2
A_MP	880	4588	T	0	0	4588	36.9
A_MP	881	4118	A	0	0	4118	35.7
A_MP	882	4317	C	0	0	4317	37.7
A_MP	883	4569	G	0	0	4569	37.1
A_MP	884	4588	G	0	0	4588	37.9
A_MP	885	4530	A	0	0	4530	35.4
A_MP	886	4916	A	0	0	4916	34.2
A_MP	887	4511	G	0	0	4511	34.0
A_MP	888	5144	G	0	0	5144	37.8
A_MP	889	4783	A	0	0	4783	34.7
A_MP	890	5059	G	0	0	5059	37.8
A_MP	891	4237	T	0	0	4237	36.6
A_MP	892	4738	A	0	0	4738	34.6
A_MP	893	4796	C	0	0	4796	37.9
A_MP	894	4848	C	0	0	4848	37.5
A_MP	895	5032	T	0	0	5032	35.2
A_MP	896	5251	G	0	0	5251	36.0
A_MP	897	4929	A	0	0	4929	37.2
A_MP	898	5063	G	0	0	5063	34.9
A_MP	899	4809	T	0	0	4809	36.7
A_MP	900	5628	C	0	0	5628	37.8
A_MP	901	5297	C	0	0	5297	36.4
A_MP	902	5246	A	0	0	5246	35.0
A_MP	903	5199	T	0	0	5199	34.5
A_MP	904	5247	G	0	0	5247	35.6
A_MP	905	5729	A	0	0	5729	34.4
A_MP	906	5207	G	0	0	5207	35.5
A_MP	907	5464	G	0	0	5464	37.8
A_MP	908	5832	G	0	0	5832	37.1
A_MP	909	5828	A	0	0	5828	35.2
A_MP	910	5669	A	0	0	5669	34.6
A_MP	911	5723	G	0	0	5723	36.8
A_MP	912	5482	A	0	0	5482	35.9
A_MP	913	6017	G	0	0	6017	37.4
A_MP	914	6295	T	0	0	6295	35.0
A_MP	915	5332	A	0	0	5332	37.3
A_MP	916	5794	C	0	0	5794	36.9
A_MP	917	5626	C	0	0	5626	35.4
A_MP	918	5910	G	0	0	5910	34.1
A_MP	919	6271	G	0	0	6271	36.0
A_MP	920	5985	C	0	0	5985	34.4
A_MP	921	5968	A	0	0	5968	35.5
A_MP	922	5874	G	0	0	5874	35.6
A_MP	923	6142	G	0	0	6142	35.1
A_MP	924	5461	A	0	0	5461	36.6
A_MP	925	5962	A	0	0	5962	36.4
A_MP	926	5600	C	0	0	5600	35.7
A_MP	927	5550	A	0	0	5550	36.9
A_MP	928	5052	G	0	0	5052	37.7
A_MP	929	5438	C	0	0	5438	37.5
A_MP	930	5458	A	0	0	5458	35.7
A_MP	931	4790	G	0	0	4790	35.9
A_MP	932	4508	A	0	0	4508	34.8
A_MP	933	5130	G	0	0	5130	37.3
A_MP	934	4768	T	0	0	4768	34.9
A_MP	935	4812	G	0	0	4812	36.5
A_MP	936	4682	C	0	0	4682	36.6
A_MP	937	4932	T	0	0	4932	34.3
A_MP	938	4592	G	0	0	4592	35.2
A_MP	939	4075	T	0	0	4075	36.0
A_MP	940	4177	G	0	0	4177	35.3
A_MP	941	4066	G	0	0	4066	35.5
A_MP	942	4538	G	0	0	4538	36.0
A_MP	943	4481	T	0	0	4481	37.3
A_MP	944	3714	G	0	0	3714	34.9
A_MP	945	3797	T	0	0	3797	37.2
A_MP	946	3939	T	0	0	3939	36.1
A_MP	947	3716	G	0	0	3716	34.6
A_MP	948	3367	A	0	0	3367	34.7
A_MP	949	3199	C	0	0	3199	35.0
A_MP	950	3755	G	0	0	3755	35.9
A_MP	951	3196	A	0	0	3196	36.6
A_MP	952	2945	T	0	0	2945	34.6
A_MP	953	3052	G	0	0	3052	37.3
A_MP	954	2880	G	0	0	2880	37.6
A_MP	955	2635	T	0	0	2635	36.3
A_MP	956	2952	C	0	0	2952	34.7
A_MP	957	2582	A	0	0	2582	35.1
A_MP	958	2492	T	0	0	2492	36.7
A_MP	959	2420	T	0	0	2420	34.8
A_MP	960	2199	T	0	0	2199	37.7
A_MP	961	2199	T	0	0	2199	36.8
A_MP	962	1817	G	0	0	1817	35.2
A_MP	963	1858	T	0	0	1858	34.9
A_MP	964	1821	C	0	0	1821	36.9
A_MP	965	1753	A	0	0	1753	35.9
A_MP	966	1553	A	0	0	1553	37.4
A_MP	967	1531	C	0	0	1531	34.0
A_MP	968	1265	A	0	0	1265	36.7
A_MP	969	1320	T	0	0	1320	35.6
A_MP	970	1226	A	0	0	1226	36.0
A_MP	971	1073	G	0	0	1073	34.4
A_MP	972	987	A	0	0	987	36.5
A_MP	973	976	G	0	0	976	34.2
A_MP	974	778	C	0	0	778	34.3
A_MP	975	674	T	0	0	674	36.2
A_MP	976	640	G	0	0	640	34.2
A_MP	977	520	G	0	0	520	36.8
A_MP	978	386	A	0	0	386	35.6
A_MP	979	318	G	0	0	318	36.3
A_MP	980	190	T	0	0	190	36.7
A_MP	981	108	A	0	0	108	35.1
A_MP	982	0	A	0	0	0	36.5
