Reference_Name	Position	Coverage Depth	Consensus	Deletions	Ambiguous	Consensus_Count	Consensus_Average_Quality
A_NA	1	31	A	0	0	31	37.2
A_NA	2	63	T	0	0	63	34.8
A_NA	3	99	G	0	0	99	38.0
A_NA	4	133	A	0	0	133	37.4
A_NA	5	147	A	0	0	147	37.6
A_NA	6	183	T	0	0	183	36.5
A_NA	7	201	C	0	0	201	37.9
A_NA	8	255	C	0	0	255	36.4
A_NA	9	341	A	0	0	341	36.6
A_NA	10	301	A	0	0	301	35.7
A_NA	11	331	A	0	0	331	36.3
A_NA	12	369	T	0	0	369	37.3
A_NA	13	415	C	0	0	415	37.4
A_NA	14	453	A	0	0	453	37.1
A_NA	15	460	A	0	0	460	36.4
A_NA	16	564	A	0	0	564	36.6
A_NA	17	554	G	0	0	554	34.5
A_NA	18	605	G	0	0	605	34.2
A_NA	19	667	A	0	0	667	36.9
A_NA	20	682	T	0	0	682	36.7
A_NA	21	694	A	0	0	694	35.8
A_NA	22	752	A	0	0	752	36.0
A_NA	23	798	T	0	0	798	36.3
A_NA	24	793	A	0	0	793	34.3
A_NA	25	781	A	0	0	781	35.4
A_NA	26	1029	C	0	0	1029	35.1
A_NA	27	990	C	0	0	990	37.6
A_NA	28	962	A	0	0	962	36.9
A_NA	29	1013	C	0	0	1013	36.3
A_NA	30	1069	T	0	0	1069	34.1
A_NA	31	1132	G	0	0	1132	35.6
A_NA	32	1094	G	0	0	1094	37.5
A_NA	33	1177	A	0	0	1177	34.3
A_NA	34	1341	T	0	0	1341	37.2
A_NA	35	1257	C	0	0	1257	35.4
A_NA	36	1392	A	0	0	1392	37.0
A_NA	37	1332	A	0	0	1332	35.8
A_NA	38	1430	T	0	0	1430	36.2
A_NA	39	1483	C	0	0	1483	36.3
A_NA	40	1598	T	0	0	1598	36.7
A_NA	41	1550	G	0	0	1550	35.7
A_NA	42	1577	T	0	0	1577	35.6
A_NA	43	1624	A	0	0	1624	34.8
A_NA	44	1752	T	0	0	1752	37.3
A_NA	45	1701	G	0	0	1701	37.4
A_NA	46	1717	G	0	0	1717	34.2
A_NA	47	1806	T	0	0	1806	34.6
A_NA	48	1866	A	0	0	1866	34.8
A_NA	49	1930	A	0	0	1930	37.1
A_NA	50	2211	T	0	0	2211	35.0
A_NA	51	2177	T	0	0	2177	34.6
A_NA	52	2226	G	0	0	2226	36.3
A_NA	53	2237	G	0	0	2237	36.4
A_NA	54	2365	G	0	0	2365	35.3
A_NA	55	2484	A	0	0	2484	36.6
A_NA	56	2433	T	0	0	2433	34.4
A_NA	57	2460	A	0	0	2460	37.9
A_NA	58	2453	G	0	0	2453	34.4
A_NA	59	2601	T	0	0	2601	36.8
A_NA	60	2401	C	0	0	2401	36.2
A_NA	61	2581	A	0	0	2581	34.7
A_NA	62	2602	G	0	0	2602	34.3
A_NA	63	2883	C	0	0	2883	37.2
A_NA	64	2790	T	0	0	2790	36.9
A_NA	65	2845	T	0	0	2845	37.5
A_NA	66	3044	G	0	0	3044	34.8
A_NA	67	3231	A	0	0	3231	35.4
A_NA	68	3204	T	0	0	3204	34.3
A_NA	69	3139	G	0	0	3139	35.2
A_NA	70	3604	C	0	0	3604	35.2
A_NA	71	3728	T	0	0	3728	37.4
A_NA	72	3350	G	0	0	3350	36.6
A_NA	73	3529	C	0	0	3529	35.5
A_NA	74	3207	A	0	0	3207	34.6
A_NA	75	3579	A	0	0	3579	35.7
A_NA	76	3705	A	0	0	3705	36.8
A_NA	77	4044	T	0	0	4044	34.4
A_NA	78	3562	T	0	0	3562	35.0
A_NA	79	3722	G	0	0	3722	35.2
A_NA	80	3734	G	0	0	3734	34.0
A_NA	81	4245	G	0	0	4245	35.9
A_NA	82	4125	A	0	0	4125	37.8
A_NA	83	3948	A	0	0	3948	37.0
A_NA	84	4058	C	0	0	4058	37.2
A_NA	85	4210	A	0	0	4210	34.7
A_NA	86	4444	T	0	0	4444	34.4
A_NA	87	4046	A	0	0	4046	36.1
A_NA	88	4914	A	0	0	4914	36.5
A_NA	89	4683	T	0	0	4683	35.9
A_NA	90	4377	C	0	0	4377	34.2
A_NA	91	4774	T	0	0	4774	37.5
A_NA	92	4160	C	0	0	4160	34.9
A_NA	93	4756	A	0	0	4756	36.4
A_NA	94	4793	A	0	0	4793	37.4
A_NA	95	4715	T	0	0	4715	34.5
A_NA	96	4755	A	0	0	4755	36.3
A_NA	97	4588	T	0	0	4588	34.6
A_NA	98	4798	G	0	0	4798	35.8
A_NA	99	4311	G	0	0	4311	35.2
A_NA	100	4734	G	0	0	4734	36.5
A_NA	101	4780	T	0	0	4780	37.7
A_NA	102	4414	T	0	0	4414	35.3
A_NA	103	4271	A	0	0	4271	36.6
A_NA	104	4996	G	0	0	4996	36.9
A_NA	105	4740	C	0	0	4740	38.0
A_NA	106	4279	C	0	0	4279	34.5
A_NA	107	4953	A	0	0	4953	35.6
A_NA	108	4798	T	0	0	4798	35.5
A_NA	109	4209	T	0	0	4209	35.5
A_NA	110	4182	C	0	0	4182	35.4
A_NA	111	4651	A	0	0	4651	37.0
A_NA	112	4526	A	0	0	4526	37.3
A_NA	113	4869	T	0	0	4869	36.0
A_NA	114	4203	C	0	0	4203	37.8
A_NA	115	4729	C	0	0	4729	36.5
A_NA	116	4514	A	0	0	4514	34.4
A_NA	117	4288	A	0	0	4288	36.5
A_NA	118	4530	A	0	0	4530	37.9
A_NA	119	4870	C	0	0	4870	37.4
A_NA	120	4365	A	0	0	4365	34.8
A_NA	121	4812	G	0	0	4812	37.6
A_NA	122	4936	G	0	0	4936	38.0
A_NA	123	4552	G	0	0	4552	35.0
A_NA	124	4458	A	0	0	4458	36.8
A_NA	125	4341	A	0	0	4341	35.1
A_NA	126	4785	T	0	0	4785	35.0
A_NA	127	3895	C	0	0	3895	34.6
A_NA	128	4668	A	0	0	4668	34.3
A_NA	129	4422	A	0	0	4422	35.5
A_NA	130	4530	T	0	0	4530	37.9
A_NA	131	5006	A	0	0	5006	36.0
A_NA	132	4905	C	0	0	4905	35.9
A_NA	133	5272	C	0	0	5272	34.0
A_NA	134	4745	A	0	0	4745	36.8
A_NA	135	4145	G	0	0	4145	37.9
A_NA	136	4645	C	0	0	4645	37.4
A_NA	137	4580	C	0	0	4580	37.5
A_NA	138	4306	T	0	0	4306	37.8
A_NA	139	4642	G	0	0	4642	37.8
A_NA	140	4720	A	0	0	4720	36.4
A_NA	141	4187	A	0	0	4187	34.5
A_NA	142	4351	C	0	0	4351	34.8
A_NA	143	4361	C	0	0	4361	37.9
A_NA	144	4161	A	0	0	4161	35.5
A_NA	145	4323	T	0	0	4323	35.1
A_NA	146	4372	G	0	0	4372	35.2
A_NA	147	3992	C	0	0	3992	34.5
A_NA	148	4370	A	0	0	4370	36.9
A_NA	149	4322	A	0	0	4322	37.7
A_NA	150	4359	T	0	0	4359	37.3
A_NA	151	4128	C	0	0	4128	37.3
A_NA	152	4373	A	0	0	4373	35.1
A_NA	153	5117	A	0	0	5117	37.4
A_NA	154	4433	A	0	0	4433	36.0
A_NA	155	4540	G	0	0	4540	35.3
A_NA	156	4292	C	0	0	4292	36.8
A_NA	157	4690	A	0	0	4690	34.9
A_NA	158	4279	T	0	0	4279	37.6
A_NA	159	4535	C	0	0	4535	36.9
A_NA	160	4043	A	0	0	4043	34.2
A_NA	161	4454	T	0	0	4454	35.6
A_NA	162	3498	T	0	0	3498	36.0
A_NA	163	4728	G	0	0	4728	35.0
A_NA	164	3829	C	0	0	3829	34.9
A_NA	165	4316	C	0	0	4316	36.6
A_NA	166	4144	T	0	0	4144	36.5
A_NA	167	3986	A	0	0	3986	34.8
A_NA	168	4578	T	0	0	4578	36.8
A_NA	169	4290	G	0	0	4290	35.2
A_NA	170	4311	A	0	0	4311	35.7
A_NA	171	4295	G	0	0	4295	34.3
A_NA	172	4411	A	0	0	4411	37.1
A_NA	173	3842	A	0	0	3842	34.9
A_NA	174	4120	C	0	0	4120	36.4
A_NA	175	4111	A	0	0	4111	35.2
A_NA	176	4239	A	0	0	4239	35.7
A_NA	177	4090	C	0	0	4090	37.1
A_NA	178	3779	A	0	0	3779	36.3
A_NA	179	4008	C	0	0	4008	35.3
A_NA	180	4038	C	0	0	4038	35.0
A_NA	181	4139	T	0	0	4139	34.3
A_NA	182	4241	G	0	0	4241	36.3
A_NA	183	3635	G	0	0	3635	37.4
A_NA	184	3704	G	0	0	3704	34.6
A_NA	185	3953	T	0	0	3953	38.0
A_NA	186	4347	A	0	0	4347	34.7
A_NA	187	4006	A	0	0	4006	35.3
A_NA	188	3967	A	0	0	3967	37.1
A_NA	189	3736	T	0	0	3736	37.4
A_NA	190	3504	C	0	0	3504	36.9
A_NA	191	4143	A	0	0	4143	34.9
A_NA	192	3906	G	0	0	3906	34.4
A_NA	193	3608	A	0	0	3608	36.0
A_NA	194	3660	C	0	0	3660	36.3
A_NA	195	3826	G	0	0	3826	37.6
A_NA	196	4036	T	0	0	4036	35.8
A_NA	197	3544	A	0	0	3544	35.3
A_NA	198	3428	T	0	0	3428	34.5
A_NA	199	3570	G	0	0	3570	35.6
A_NA	200	3508	T	0	0	3508	36.1
A_NA	201	3604	C	0	0	3604	35.4
A_NA	202	3746	A	0	0	3746	34.1
A_NA	203	3191	A	0	0	3191	34.8
A_NA	204	3942	C	0	0	3942	37.6
A_NA	205	3466	A	0	0	3466	35.6
A_NA	206	3563	T	0	0	3563	35.3
A_NA	207	3752	C	0	0	3752	37.3
A_NA	208	3426	A	0	0	3426	35.5
A_NA	209	4120	A	0	0	4120	36.7
A_NA	210	3777	C	0	0	3777	35.8
A_NA	211	3200	A	0	0	3200	38.0
A_NA	212	3906	A	0	0	3906	37.4
A_NA	213	3403	T	0	0	3403	35.8
A_NA	214	3780	A	0	0	3780	37.0
A_NA	215	3854	C	0	0	3854	36.1
A_NA	216	3745	C	0	0	3745	35.5
A_NA	217	3564	A	0	0	3564	35.8
A_NA	218	3462	A	0	0	3462	36.2
A_NA	219	3615	T	0	0	3615	34.3
A_NA	220	3551	T	0	0	3551	36.6
A_NA	221	3606	T	0	0	3606	36.5
A_NA	222	3610	T	0	0	3610	35.5
A_NA	223	3419	C	0	0	3419	35.5
A_NA	224	3585	T	0	0	3585	34.2
A_NA	225	3679	T	0	0	3679	34.4
A_NA	226	3227	G	0	0	3227	37.1
A_NA	227	3510	C	0	0	3510	34.4
A_NA	228	3492	T	0	0	3492	34.7
A_NA	229	3427	G	0	0	3427	34.4
A_NA	230	3350	A	0	0	3350	36.7
A_NA	231	3340	G	0	0	3340	36.4
A_NA	232	2984	C	0	0	2984	35.7
A_NA	233	4011	A	0	0	4011	37.3
A_NA	234	3792	G	0	0	3792	36.3
A_NA	235	3511	G	0	0	3511	37.6
A_NA	236	3498	C	0	0	3498	36.3
A_NA	237	3353	T	0	0	3353	34.8
A_NA	238	3615	G	0	0	3615	37.4
A_NA	239	3522	T	0	0	3522	36.5
A_NA	240	3348	T	0	0	3348	36.9
A_NA	241	3492	A	0	0	3492	36.1
A_NA	242	3460	C	0	0	3460	37.1
A_NA	243	3502	T	0	0	3502	37.1
A_NA	244	3785	T	0	0	3785	34.4
A_NA	245	3628	C	0	0	3628	35.2
A_NA	246	3663	G	0	0	3663	36.3
A_NA	247	3439	G	0	0	3439	34.9
A_NA	248	3441	T	0	0	3441	36.4
A_NA	249	3489	A	0	0	3489	35.0
A_NA	250	3586	A	0	0	3586	34.1
A_NA	251	3483	C	0	0	3483	34.2
A_NA	252	3666	A	0	0	3666	36.0
A_NA	253	3569	T	0	0	3569	36.0
A_NA	254	4028	T	0	0	4028	37.6
A_NA	255	3691	A	0	0	3691	36.7
A_NA	256	3255	G	0	0	3255	36.3
A_NA	257	3654	C	0	0	3654	34.0
A_NA	258	3958	G	0	0	3958	36.5
A_NA	259	4111	G	0	0	4111	35.4
A_NA	260	3570	G	0	0	3570	37.0
A_NA	261	3589	C	0	0	3589	35.8
A_NA	262	3332	A	0	0	3332	34.8
A_NA	263	3975	A	0	0	3975	35.6
A_NA	264	3942	T	0	0	3942	35.8
A_NA	265	3714	T	0	0	3714	36.8
A_NA	266	3629	C	0	0	3629	35.5
A_NA	267	3909	A	0	0	3909	34.5
A_NA	268	3644	T	0	0	3644	37.8
A_NA	269	4013	C	0	0	4013	34.5
A_NA	270	3728	T	0	0	3728	35.2
A_NA	271	3803	C	0	0	3803	37.6
A_NA	272	3942	T	0	0	3942	34.2
A_NA	273	3703	T	0	0	3703	36.8
A_NA	274	3866	T	0	0	3866	37.4
A_NA	275	3668	G	0	0	3668	37.7
A_NA	276	3704	C	0	0	3704	35.3
A_NA	277	3512	C	0	0	3512	36.8
A_NA	278	3716	C	0	0	3716	34.7
A_NA	279	3362	T	0	0	3362	36.3
A_NA	280	3759	A	0	0	3759	36.3
A_NA	281	3699	T	0	0	3699	36.1
A_NA	282	3710	T	0	0	3710	36.4
A_NA	283	3914	A	0	0	3914	36.8
A_NA	284	3724	G	0	0	3724	36.3
A_NA	285	3811	T	0	0	3811	34.2
A_NA	286	3761	G	0	0	3761	35.5
A_NA	287	3715	G	0	0	3715	34.6
A_NA	288	3718	G	0	0	3718	37.1
A_NA	289	3531	T	0	0	3531	37.3
A_NA	290	3882	G	0	0	3882	34.6
A_NA	291	3942	G	0	0	3942	36.4
A_NA	292	3487	G	0	0	3487	36.6
A_NA	293	4218	C	0	0	4218	36.4
A_NA	294	3674	T	0	0	3674	36.9
A_NA	295	3648	A	0	0	3648	36.5
A_NA	296	3952	T	0	0	3952	36.5
A_NA	297	3848	A	0	0	3848	34.2
A_NA	298	3955	T	0	0	3955	35.0
A_NA	299	3627	A	0	0	3627	37.9
A_NA	300	3369	C	0	0	3369	35.7
A_NA	301	3997	A	0	0	3997	37.2
A_NA	302	3560	G	0	0	3560	36.1
A_NA	303	3570	T	0	0	3570	35.2
A_NA	304	3627	A	0	0	3627	34.2
A_NA	305	3555	A	0	0	3555	37.0
A_NA	306	3221	G	0	0	3221	34.8
A_NA	307	3700	G	0	0	3700	37.1
A_NA	308	3370	A	0	0	3370	34.7
A_NA	309	3552	C	0	0	3552	37.7
A_NA	310	3625	A	0	0	3625	34.5
A_NA	311	3622	A	0	0	3622	35.7
A_NA	312	3438	C	0	0	3438	36.3
A_NA	313	3896	G	0	0	3896	35.9
A_NA	314	3553	G	0	0	3553	37.9
A_NA	315	3838	T	0	0	3838	34.3
A_NA	316	3551	A	0	0	3551	37.1
A_NA	317	3341	T	0	0	3341	35.7
A_NA	318	3327	A	0	0	3327	34.3
A_NA	319	3627	A	0	0	3627	35.4
A_NA	320	3475	G	0	0	3475	35.2
A_NA	321	3389	A	0	0	3389	35.8
A_NA	322	3443	A	0	0	3443	37.3
A_NA	323	3338	T	0	0	3338	34.5
A_NA	324	3590	T	0	0	3590	35.2
A_NA	325	3667	G	0	0	3667	36.2
A_NA	326	3689	G	0	0	3689	35.8
A_NA	327	3457	G	0	0	3457	35.1
A_NA	328	3379	T	0	0	3379	34.2
A_NA	329	3448	C	0	0	3448	37.7
A_NA	330	3423	C	0	0	3423	36.5
A_NA	331	3488	A	0	0	3488	34.3
A_NA	332	3140	A	0	0	3140	36.9
A_NA	333	3445	G	0	0	3445	37.5
A_NA	334	3069	G	0	0	3069	36.7
A_NA	335	3502	G	0	0	3502	36.9
A_NA	336	3345	G	0	0	3345	38.0
A_NA	337	3202	G	0	0	3202	37.8
A_NA	338	3350	A	0	0	3350	34.0
A_NA	339	2990	T	0	0	2990	37.4
A_NA	340	3115	G	0	0	3115	36.9
A_NA	341	3252	T	0	0	3252	34.6
A_NA	342	3105	G	0	0	3105	37.9
A_NA	343	3037	T	0	0	3037	37.0
A_NA	344	3123	T	0	0	3123	36.0
A_NA	345	3206	T	0	0	3206	34.2
A_NA	346	3011	G	0	0	3011	36.9
A_NA	347	3020	T	0	0	3020	36.9
A_NA	348	3066	T	0	0	3066	36.6
A_NA	349	3150	A	0	0	3150	34.0
A_NA	350	3192	T	0	0	3192	34.8
A_NA	351	2817	A	0	0	2817	35.3
A_NA	352	2908	A	0	0	2908	34.1
A_NA	353	2944	G	0	0	2944	37.1
A_NA	354	3216	G	0	0	3216	36.3
A_NA	355	2684	G	0	0	2684	35.4
A_NA	356	2766	A	0	0	2766	35.5
A_NA	357	3116	A	0	0	3116	35.5
A_NA	358	2882	C	0	0	2882	35.1
A_NA	359	2724	C	0	0	2724	35.8
A_NA	360	2884	G	0	0	2884	37.0
A_NA	361	2655	T	0	0	2655	35.9
A_NA	362	2891	T	0	0	2891	34.1
A_NA	363	2715	C	0	0	2715	37.7
A_NA	364	2650	A	0	0	2650	35.6
A_NA	365	2465	T	0	0	2465	34.4
A_NA	366	2417	C	0	0	2417	36.5
A_NA	367	2859	T	0	0	2859	35.6
A_NA	368	2706	C	0	0	2706	37.1
A_NA	369	2605	A	0	0	2605	36.8
A_NA	370	2769	T	0	0	2769	35.2
A_NA	371	2664	G	0	0	2664	35.6
A_NA	372	2620	C	0	0	2620	37.8
A_NA	373	2623	T	0	0	2623	35.4
A_NA	374	2335	C	0	0	2335	36.0
A_NA	375	2433	C	0	0	2433	35.7
A_NA	376	2812	C	0	0	2812	36.1
A_NA	377	2183	A	0	0	2183	34.7
A_NA	378	2380	C	0	0	2380	37.0
A_NA	379	2314	T	0	0	2314	37.2
A_NA	380	2415	T	0	0	2415	35.9
A_NA	381	2385	G	0	0	2385	37.9
A_NA	382	2371	G	0	0	2371	34.7
A_NA	383	2428	A	0	0	2428	36.9
A_NA	384	2552	A	0	0	2552	37.8
A_NA	385	2140	T	0	0	2140	35.2
A_NA	386	2354	G	0	0	2354	36.0
A_NA	387	2371	C	0	0	2371	37.2
A_NA	388	2459	A	0	0	2459	36.8
A_NA	389	2371	G	0	0	2371	36.0
A_NA	390	2396	A	0	0	2396	34.4
A_NA	391	2542	A	0	0	2542	34.7
A_NA	392	2192	C	0	0	2192	36.2
A_NA	393	2253	C	0	0	2253	37.1
A_NA	394	2538	T	0	0	2538	37.6
A_NA	395	2202	T	0	0	2202	37.5
A_NA	396	2280	T	0	0	2280	36.5
A_NA	397	2108	T	0	0	2108	35.3
A_NA	398	2271	T	0	0	2271	35.7
A_NA	399	2190	T	0	0	2190	36.6
A_NA	400	2386	C	0	0	2386	37.1
A_NA	401	2458	T	0	0	2458	37.5
A_NA	402	2328	G	0	0	2328	37.4
A_NA	403	2052	A	0	0	2052	35.0
A_NA	404	2090	C	0	0	2090	36.2
A_NA	405	2059	C	0	0	2059	35.3
A_NA	406	2269	C	0	0	2269	37.9
A_NA	407	2080	A	0	0	2080	35.9
A_NA	408	2384	G	0	0	2384	35.1
A_NA	409	2425	G	0	0	2425	37.5
A_NA	410	2300	G	0	0	2300	36.6
A_NA	411	2368	A	0	0	2368	36.8
A_NA	412	2288	G	0	0	2288	37.1
A_NA	413	2485	C	0	0	2485	34.0
A_NA	414	2274	T	0	0	2274	37.5
A_NA	415	2221	C	0	0	2221	36.0
A_NA	416	2281	T	0	0	2281	35.6
A_NA	417	2444	G	0	0	2444	36.3
A_NA	418	2371	C	0	0	2371	35.2
A_NA	419	2456	T	0	0	2456	37.9
A_NA	420	2416	G	0	0	2416	37.2
A_NA	421	2597	A	0	0	2597	37.5
A_NA	422	2456	A	0	0	2456	35.0
A_NA	423	2318	T	0	0	2318	37.1
A_NA	424	2135	G	0	0	2135	36.9
A_NA	425	2259	A	0	0	2259	35.3
A_NA	426	2463	C	0	0	2463	35.8
A_NA	427	2397	A	0	0	2397	34.4
A_NA	428	2641	A	0	0	2641	34.8
A_NA	429	2206	A	0	0	2206	34.2
A_NA	430	2262	C	0	0	2262	36.7
A_NA	431	2666	A	0	0	2666	37.3
A_NA	432	2464	T	0	0	2464	34.2
A_NA	433	2404	T	0	0	2404	36.8
A_NA	434	2267	C	0	0	2267	35.5
A_NA	435	2540	T	0	0	2540	37.1
A_NA	436	2428	A	0	0	2428	34.4
A_NA	437	2583	A	0	0	2583	36.2
A_NA	438	2535	T	0	0	2535	34.4
A_NA	439	2624	G	0	0	2624	37.1
A_NA	440	2428	G	0	0	2428	36.7
A_NA	441	2903	G	0	0	2903	34.7
A_NA	442	2866	A	0	0	2866	36.6
A_NA	443	2590	C	0	0	2590	36.1
A_NA	444	2513	C	0	0	2513	37.2
A_NA	445	2600	G	0	0	2600	37.5
A_NA	446	2901	T	0	0	2901	36.4
A_NA	447	2712	T	0	0	2712	34.6
A_NA	448	2710	A	0	0	2710	35.9
A_NA	449	2855	A	0	0	2855	34.1
A_NA	450	2446	G	0	0	2446	35.2
A_NA	451	2761	G	0	0	2761	37.4
A_NA	452	2850	A	0	0	2850	35.4
A_NA	453	3119	T	0	0	3119	35.0
A_NA	454	2938	A	0	0	2938	37.2
A_NA	455	2795	G	0	0	2795	35.8
A_NA	456	2746	A	0	0	2746	34.4
A_NA	457	3123	A	0	0	3123	37.7
A_NA	458	2980	G	0	0	2980	36.2
A_NA	459	2898	C	0	0	2898	37.6
A_NA	460	2909	C	0	0	2909	35.7
A_NA	461	3282	C	0	0	3282	38.0
A_NA	462	3145	C	0	0	3145	37.1
A_NA	463	2860	T	0	0	2860	36.3
A_NA	464	3421	A	0	0	3421	37.1
A_NA	465	2996	T	0	0	2996	36.6
A_NA	466	2983	A	0	0	2983	34.5
A_NA	467	3408	G	0	0	3408	34.4
A_NA	468	3227	A	0	0	3227	37.8
A_NA	469	3405	A	0	0	3405	34.2
A_NA	470	3011	C	0	0	3011	37.3
A_NA	471	3287	T	0	0	3287	35.6
A_NA	472	3716	T	0	0	3716	36.5
A_NA	473	3203	T	0	0	3203	34.9
A_NA	474	3535	G	0	0	3535	35.1
A_NA	475	3453	A	0	0	3453	36.8
A_NA	476	3156	T	0	0	3156	34.2
A_NA	477	3417	G	0	0	3417	35.9
A_NA	478	3407	A	0	0	3407	35.1
A_NA	479	3558	G	0	0	3558	36.9
A_NA	480	3162	T	0	0	3162	34.1
A_NA	481	3685	T	0	0	3685	34.7
A_NA	482	3289	G	0	0	3289	37.0
A_NA	483	3427	T	0	0	3427	37.8
A_NA	484	3374	C	0	0	3374	34.3
A_NA	485	3516	C	0	0	3516	37.4
A_NA	486	3755	C	0	0	3755	36.4
A_NA	487	3720	G	0	0	3720	36.0
A_NA	488	3643	T	0	0	3643	36.1
A_NA	489	4094	G	0	0	4094	35.7
A_NA	490	3572	G	0	0	3572	37.2
A_NA	491	3386	G	0	0	3386	36.3
A_NA	492	3853	T	0	0	3853	36.5
A_NA	493	3696	G	0	0	3696	37.5
A_NA	494	3526	A	0	0	3526	35.8
A_NA	495	4001	G	0	0	4001	36.0
A_NA	496	3671	G	0	0	3671	35.3
A_NA	497	3694	C	0	0	3694	37.4
A_NA	498	3663	T	0	0	3663	34.8
A_NA	499	3747	C	0	0	3747	36.5
A_NA	500	3467	C	0	0	3467	35.1
A_NA	501	3877	T	0	0	3877	35.1
A_NA	502	3956	T	0	0	3956	36.2
A_NA	503	3577	C	0	0	3577	34.9
A_NA	504	4156	C	0	0	4156	35.2
A_NA	505	3969	C	0	0	3969	34.8
A_NA	506	4062	C	0	0	4062	36.8
A_NA	507	3916	G	0	0	3916	35.3
A_NA	508	4048	T	0	0	4048	38.0
A_NA	509	3869	A	0	0	3869	35.5
A_NA	510	4004	C	0	0	4004	36.9
A_NA	511	4135	A	0	0	4135	37.3
A_NA	512	3832	A	0	0	3832	36.5
A_NA	513	3860	T	0	0	3860	37.8
A_NA	514	4110	T	0	0	4110	37.4
A_NA	515	3999	C	0	0	3999	36.7
A_NA	516	3934	A	0	0	3934	34.0
A_NA	517	3837	A	0	0	3837	37.3
A_NA	518	3976	G	0	0	3976	37.7
A_NA	519	4368	A	0	0	4368	34.3
A_NA	520	4085	T	0	0	4085	34.6
A_NA	521	4020	T	0	0	4020	35.1
A_NA	522	3954	T	0	0	3954	37.4
A_NA	523	4004	G	0	0	4004	37.6
A_NA	524	4193	A	0	0	4193	36.9
A_NA	525	4349	G	0	0	4349	36.0
A_NA	526	4367	T	0	0	4367	37.0
A_NA	527	4082	C	0	0	4082	35.9
A_NA	528	4023	T	0	0	4023	35.9
A_NA	529	4440	G	0	0	4440	37.7
A_NA	530	4610	T	0	0	4610	34.4
A_NA	531	4187	T	0	0	4187	35.6
A_NA	532	4257	G	0	0	4257	36.3
A_NA	533	3997	C	0	0	3997	34.2
A_NA	534	3887	T	0	0	3887	37.2
A_NA	535	4541	T	0	0	4541	34.0
A_NA	536	4034	G	0	0	4034	37.5
A_NA	537	3935	G	0	0	3935	34.2
A_NA	538	4178	T	0	0	4178	37.5
A_NA	539	4124	C	0	0	4124	34.3
A_NA	540	4453	G	0	0	4453	35.2
A_NA	541	4624	G	0	0	4624	37.6
A_NA	542	4405	C	0	0	4405	37.0
A_NA	543	4164	A	0	0	4164	34.0
A_NA	544	4613	A	0	0	4613	34.1
A_NA	545	4205	G	0	0	4205	36.2
A_NA	546	4103	T	0	0	4103	35.4
A_NA	547	4180	G	0	0	4180	36.2
A_NA	548	3976	C	0	0	3976	35.8
A_NA	549	3973	T	0	0	3973	34.2
A_NA	550	3655	T	0	0	3655	35.5
A_NA	551	3990	G	0	0	3990	36.2
A_NA	552	4439	T	0	0	4439	34.1
A_NA	553	4075	C	0	0	4075	36.8
A_NA	554	4082	A	0	0	4082	36.3
A_NA	555	4146	T	0	0	4146	35.8
A_NA	556	4473	G	0	0	4473	35.5
A_NA	557	4678	A	0	0	4678	34.3
A_NA	558	4126	T	0	0	4126	34.7
A_NA	559	4037	G	0	0	4037	36.0
A_NA	560	3882	G	0	0	3882	35.4
A_NA	561	4227	C	0	0	4227	34.6
A_NA	562	3975	A	0	0	3975	37.2
A_NA	563	4233	T	0	0	4233	36.6
A_NA	564	3826	C	0	0	3826	35.4
A_NA	565	3815	A	0	0	3815	34.3
A_NA	566	3731	G	0	0	3731	37.4
A_NA	567	3663	T	0	0	3663	36.0
A_NA	568	3803	T	0	0	3803	36.4
A_NA	569	4216	G	0	0	4216	37.5
A_NA	570	3952	G	0	0	3952	34.9
A_NA	571	4373	T	0	0	4373	37.5
A_NA	572	3728	T	0	0	3728	35.0
A_NA	573	3838	G	0	0	3838	37.4
A_NA	574	3934	A	0	0	3934	36.2
A_NA	575	3950	C	0	0	3950	36.0
A_NA	576	3834	A	0	0	3834	35.8
A_NA	577	3889	A	0	0	3889	35.5
A_NA	578	3598	T	0	0	3598	37.6
A_NA	579	3789	C	0	0	3789	36.3
A_NA	580	3730	G	0	0	3730	34.1
A_NA	581	3768	G	0	0	3768	35.8
A_NA	582	3602	T	0	0	3602	36.9
A_NA	583	3946	A	0	0	3946	35.1
A_NA	584	4019	T	0	0	4019	36.5
A_NA	585	4132	T	0	0	4132	36.1
A_NA	586	3588	T	0	0	3588	36.1
A_NA	587	3701	C	0	0	3701	37.2
A_NA	588	3856	T	0	0	3856	34.0
A_NA	589	3971	G	0	0	3971	34.8
A_NA	590	3970	G	0	0	3970	35.1
A_NA	591	3841	T	0	0	3841	37.1
A_NA	592	3776	C	0	0	3776	37.7
A_NA	593	3359	C	0	0	3359	38.0
A_NA	594	3481	A	0	0	3481	37.1
A_NA	595	3961	G	0	0	3961	35.0
A_NA	596	3804	A	0	0	3804	37.8
A_NA	597	3715	C	0	0	3715	34.1
A_NA	598	4207	A	0	0	4207	36.3
A_NA	599	3952	A	0	0	3952	34.5
A_NA	600	4067	T	0	0	4067	35.0
A_NA	601	3821	G	0	0	3821	34.6
A_NA	602	3579	G	0	0	3579	36.5
A_NA	603	3841	A	0	0	3841	37.4
A_NA	604	3765	G	0	0	3765	36.6
A_NA	605	3721	C	0	0	3721	35.2
A_NA	606	3644	T	0	0	3644	36.4
A_NA	607	3885	G	0	0	3885	35.0
A_NA	608	3684	T	0	0	3684	36.3
A_NA	609	3539	G	0	0	3539	37.2
A_NA	610	4170	G	0	0	4170	36.0
A_NA	611	3858	C	0	0	3858	35.7
A_NA	612	3738	T	0	0	3738	37.2
A_NA	613	3637	G	0	0	3637	37.2
A_NA	614	3484	T	0	0	3484	36.3
A_NA	615	3731	A	0	0	3731	36.5
A_NA	616	3377	T	0	0	3377	35.5
A_NA	617	4051	T	0	0	4051	36.9
A_NA	618	4089	G	0	0	4089	34.7
A_NA	619	3965	A	0	0	3965	36.1
A_NA	620	3977	A	0	0	3977	34.6
A_NA	621	3930	G	0	0	3930	35.7
A_NA	622	3407	T	0	0	3407	38.0
A_NA	623	3765	A	0	0	3765	35.6
A_NA	624	3543	C	0	0	3543	34.4
A_NA	625	3737	A	0	0	3737	36.8
A_NA	626	4104	A	0	0	4104	37.4
A_NA	627	3831	T	0	0	3831	34.8
A_NA	628	3335	G	0	0	3335	36.6
A_NA	629	3607	G	0	0	3607	36.1
A_NA	630	3700	C	0	0	3700	36.7
A_NA	631	4080	A	0	0	4080	37.7
A_NA	632	4144	T	0	0	4144	34.8
A_NA	633	3567	A	0	0	3567	36.3
A_NA	634	4028	A	0	0	4028	35.3
A_NA	635	3828	T	0	0	3828	36.5
A_NA	636	4132	A	0	0	4132	34.1
A_NA	637	3643	A	0	0	3643	37.5
A_NA	638	4155	C	0	0	4155	37.1
A_NA	639	4107	G	0	0	4107	34.0
A_NA	640	3954	G	0	0	3954	34.5
A_NA	641	4007	A	0	0	4007	36.6
A_NA	642	3771	T	0	0	3771	35.3
A_NA	643	3805	A	0	0	3805	35.0
A_NA	644	3362	C	0	0	3362	36.6
A_NA	645	4073	T	0	0	4073	37.0
A_NA	646	3644	A	0	0	3644	37.0
A_NA	647	4100	T	0	0	4100	34.9
A_NA	648	3917	C	0	0	3917	35.5
A_NA	649	4220	A	0	0	4220	37.2
A_NA	650	4102	A	0	0	4102	35.8
A_NA	651	4118	G	0	0	4118	36.3
A_NA	652	3679	A	0	0	3679	35.7
A_NA	653	3917	G	0	0	3917	34.4
A_NA	654	3871	T	0	0	3871	34.1
A_NA	655	4198	T	0	0	4198	35.5
A_NA	656	4431	G	0	0	4431	34.8
A_NA	657	4324	G	0	0	4324	35.9
A_NA	658	4137	A	0	0	4137	37.8
A_NA	659	3926	G	0	0	3926	36.2
A_NA	660	4571	A	0	0	4571	34.2
A_NA	661	3998	A	0	0	3998	36.0
A_NA	662	3936	A	0	0	3936	37.2
A_NA	663	4361	C	0	0	4361	35.0
A_NA	664	3930	A	0	0	3930	35.7
A_NA	665	4319	A	0	0	4319	35.2
A_NA	666	4238	C	0	0	4238	38.0
A_NA	667	4055	A	0	0	4055	37.5
A_NA	668	4762	T	0	0	4762	34.4
A_NA	669	4491	T	0	0	4491	36.9
A_NA	670	4591	T	0	0	4591	37.6
A_NA	671	4117	T	0	0	4117	38.0
A_NA	672	4496	G	0	0	4496	35.8
A_NA	673	4231	A	0	0	4231	34.6
A_NA	674	4117	G	0	0	4117	36.9
A_NA	675	4068	A	0	0	4068	36.1
A_NA	676	3897	A	0	0	3897	35.2
A_NA	677	4432	C	0	0	4432	35.9
A_NA	678	3666	T	0	0	3666	37.8
A_NA	679	4158	C	0	0	4158	35.7
A_NA	680	4220	A	0	0	4220	34.1
A_NA	681	4294	A	0	0	4294	37.3
A_NA	682	4387	G	0	0	4387	34.3
A_NA	683	4502	A	0	0	4502	34.6
A_NA	684	4202	A	0	0	4202	36.4
A_NA	685	4181	T	0	0	4181	34.0
A_NA	686	4402	C	0	0	4402	34.6
A_NA	687	4501	T	0	0	4501	37.2
A_NA	688	4709	G	0	0	4709	34.8
A_NA	689	4418	A	0	0	4418	34.0
A_NA	690	4088	A	0	0	4088	34.5
A_NA	691	4479	T	0	0	4479	35.4
A_NA	692	3805	G	0	0	3805	36.1
A_NA	693	4610	T	0	0	4610	34.4
A_NA	694	4351	G	0	0	4351	34.9
A_NA	695	4750	C	0	0	4750	34.4
A_NA	696	4466	G	0	0	4466	35.0
A_NA	697	4285	T	0	0	4285	35.1
A_NA	698	4810	G	0	0	4810	37.6
A_NA	699	4539	C	0	0	4539	36.7
A_NA	700	4885	G	0	0	4885	35.3
A_NA	701	4171	T	0	0	4171	34.3
A_NA	702	4169	A	0	0	4169	37.9
A_NA	703	4685	A	0	0	4685	36.0
A_NA	704	4048	A	0	0	4048	36.5
A_NA	705	5116	T	0	0	5116	35.5
A_NA	706	4389	G	0	0	4389	35.2
A_NA	707	4146	G	0	0	4146	37.2
A_NA	708	3854	C	0	0	3854	38.0
A_NA	709	4379	T	0	0	4379	36.2
A_NA	710	4359	C	0	0	4359	35.8
A_NA	711	4217	T	0	0	4217	37.7
A_NA	712	4457	T	0	0	4457	37.8
A_NA	713	4022	G	0	0	4022	38.0
A_NA	714	4453	C	0	0	4453	34.5
A_NA	715	4258	T	0	0	4258	34.9
A_NA	716	4440	T	0	0	4440	34.7
A_NA	717	4122	C	0	0	4122	36.8
A_NA	718	4524	A	0	0	4524	36.2
A_NA	719	4442	C	0	0	4442	38.0
A_NA	720	4201	T	0	0	4201	36.1
A_NA	721	4165	G	0	0	4165	36.5
A_NA	722	4105	T	0	0	4105	34.1
A_NA	723	3867	A	0	0	3867	37.8
A_NA	724	4360	A	0	0	4360	37.3
A_NA	725	4025	T	0	0	4025	37.3
A_NA	726	4196	G	0	0	4196	35.5
A_NA	727	4105	A	0	0	4105	35.5
A_NA	728	4739	C	0	0	4739	36.8
A_NA	729	3966	T	0	0	3966	37.3
A_NA	730	4206	G	0	0	4206	35.3
A_NA	731	4280	A	0	0	4280	37.5
A_NA	732	4249	T	0	0	4249	37.7
A_NA	733	4127	G	0	0	4127	34.6
A_NA	734	4082	G	0	0	4082	35.3
A_NA	735	4199	A	0	0	4199	35.3
A_NA	736	4283	C	0	0	4283	36.1
A_NA	737	3943	C	0	0	3943	37.2
A_NA	738	3915	A	0	0	3915	37.1
A_NA	739	4078	A	0	0	4078	37.9
A_NA	740	4065	G	0	0	4065	35.9
A_NA	741	3911	C	0	0	3911	35.7
A_NA	742	3943	A	0	0	3943	34.7
A_NA	743	4385	A	0	0	4385	36.3
A_NA	744	3753	T	0	0	3753	37.3
A_NA	745	3837	G	0	0	3837	36.0
A_NA	746	3847	G	0	0	3847	35.2
A_NA	747	3599	G	0	0	3599	34.3
A_NA	748	3505	C	0	0	3505	34.8
A_NA	749	3368	A	0	0	3368	36.9
A_NA	750	3668	G	0	0	3668	34.9
A_NA	751	3778	G	0	0	3778	36.5
A_NA	752	3413	C	0	0	3413	34.5
A_NA	753	3601	C	0	0	3601	36.8
A_NA	754	3438	T	0	0	3438	34.3
A_NA	755	3553	C	0	0	3553	37.8
A_NA	756	3305	A	0	0	3305	37.4
A_NA	757	3708	T	0	0	3708	34.1
A_NA	758	3314	A	0	0	3314	35.7
A_NA	759	3563	T	0	0	3563	37.4
A_NA	760	3433	A	0	0	3433	37.8
A_NA	761	3353	A	0	0	3353	34.7
A_NA	762	3250	A	0	0	3250	37.6
A_NA	763	3346	A	0	0	3346	38.0
A_NA	764	3113	T	0	0	3113	35.7
A_NA	765	3464	C	0	0	3464	37.5
A_NA	766	3220	T	0	0	3220	34.2
A_NA	767	3563	T	0	0	3563	37.1
A_NA	768	3544	C	0	0	3544	36.4
A_NA	769	3152	A	0	0	3152	35.7
A_NA	770	3201	A	0	0	3201	35.5
A_NA	771	2785	G	0	0	2785	34.9
A_NA	772	3084	A	0	0	3084	35.8
A_NA	773	3078	T	0	0	3078	35.2
A_NA	774	3090	A	0	0	3090	36.4
A_NA	775	3192	G	0	0	3192	34.9
A_NA	776	3305	A	0	0	3305	35.3
A_NA	777	3097	G	0	0	3097	34.1
A_NA	778	3068	A	0	0	3068	35.5
A_NA	779	2887	A	0	0	2887	36.8
A_NA	780	2939	A	0	0	2939	35.2
A_NA	781	3286	G	0	0	3286	37.7
A_NA	782	3163	G	0	0	3163	34.7
A_NA	783	3057	G	0	0	3057	37.2
A_NA	784	2721	A	0	0	2721	34.9
A_NA	785	2852	A	0	0	2852	36.2
A_NA	786	2931	A	0	0	2931	35.9
A_NA	787	2830	G	0	0	2830	36.4
A_NA	788	2825	T	0	0	2825	38.0
A_NA	789	2706	A	0	0	2706	38.0
A_NA	790	2559	G	0	0	2559	35.5
A_NA	791	2931	T	0	0	2931	37.2
A_NA	792	2480	C	0	0	2480	35.0
A_NA	793	2351	A	0	0	2351	36.2
A_NA	794	2724	A	0	0	2724	35.9
A_NA	795	2627	A	0	0	2627	37.0
A_NA	796	2685	T	0	0	2685	35.0
A_NA	797	2654	C	0	0	2654	35.0
A_NA	798	2601	A	0	0	2601	35.0
A_NA	799	2194	G	0	0	2194	36.9
A_NA	800	2504	T	0	0	2504	35.5
A_NA	801	2646	T	0	0	2646	37.7
A_NA	802	2413	G	0	0	2413	35.2
A_NA	803	2513	A	0	0	2513	34.7
A_NA	804	2437	A	0	0	2437	37.4
A_NA	805	2292	T	0	0	2292	35.8
A_NA	806	2267	T	0	0	2267	37.5
A_NA	807	2583	G	0	0	2583	34.4
A_NA	808	2418	A	0	0	2418	35.6
A_NA	809	2394	A	0	0	2394	36.6
A_NA	810	2483	T	0	0	2483	36.3
A_NA	811	2311	G	0	0	2311	35.2
A_NA	812	2399	C	0	0	2399	34.0
A_NA	813	2591	C	0	0	2591	35.7
A_NA	814	2260	C	0	0	2260	35.4
A_NA	815	2417	C	0	0	2417	35.1
A_NA	816	2344	T	0	0	2344	36.0
A_NA	817	2373	A	0	0	2373	34.9
A_NA	818	2305	A	0	0	2305	35.9
A_NA	819	2126	T	0	0	2126	36.2
A_NA	820	2367	T	0	0	2367	34.5
A_NA	821	2228	A	0	0	2228	34.4
A_NA	822	2229	C	0	0	2229	34.1
A_NA	823	2276	C	0	0	2276	34.1
A_NA	824	2556	A	0	0	2556	35.4
A_NA	825	2737	C	0	0	2737	37.8
A_NA	826	2269	T	0	0	2269	36.4
A_NA	827	2302	A	0	0	2302	35.9
A_NA	828	2361	C	0	0	2361	35.6
A_NA	829	2302	G	0	0	2302	34.7
A_NA	830	2584	A	0	0	2584	35.6
A_NA	831	2326	G	0	0	2326	34.6
A_NA	832	2312	G	0	0	2312	36.7
A_NA	833	2114	A	0	0	2114	37.1
A_NA	834	2579	A	0	0	2579	37.6
A_NA	835	2194	T	0	0	2194	35.1
A_NA	836	2530	G	0	0	2530	34.2
A_NA	837	2442	C	0	0	2442	37.3
A_NA	838	2637	T	0	0	2637	34.2
A_NA	839	2508	C	0	0	2508	34.1
A_NA	840	2526	C	0	0	2526	35.9
A_NA	841	2521	T	0	0	2521	35.3
A_NA	842	2559	G	0	0	2559	34.8
A_NA	843	2643	T	0	0	2643	34.8
A_NA	844	2471	T	0	0	2471	36.7
A_NA	845	2521	A	0	0	2521	35.2
A_NA	846	2601	C	0	0	2601	36.4
A_NA	847	2394	C	0	0	2394	34.7
A_NA	848	2726	C	0	0	2726	37.8
A_NA	849	2868	T	0	0	2868	36.5
A_NA	850	2551	G	0	0	2551	37.1
A_NA	851	2528	A	0	0	2528	34.9
A_NA	852	2167	T	0	0	2167	34.4
A_NA	853	2501	G	0	0	2501	35.0
A_NA	854	2695	C	0	0	2695	37.0
A_NA	855	2769	G	0	0	2769	35.1
A_NA	856	2690	G	0	0	2690	35.1
A_NA	857	2840	G	0	0	2840	37.9
A_NA	858	2456	T	0	0	2456	35.5
A_NA	859	2697	G	0	0	2697	37.2
A_NA	860	2532	A	0	0	2532	34.8
A_NA	861	2520	G	0	0	2520	35.8
A_NA	862	2511	A	0	0	2511	36.3
A_NA	863	2845	T	0	0	2845	35.0
A_NA	864	2613	T	0	0	2613	36.0
A_NA	865	2708	A	0	0	2708	34.2
A_NA	866	2993	T	0	0	2993	35.1
A_NA	867	2831	G	0	0	2831	35.1
A_NA	868	3163	T	0	0	3163	35.4
A_NA	869	2783	G	0	0	2783	37.7
A_NA	870	2621	T	0	0	2621	34.1
A_NA	871	2534	G	0	0	2534	35.8
A_NA	872	2817	T	0	0	2817	37.4
A_NA	873	3105	G	0	0	3105	37.1
A_NA	874	2945	T	0	0	2945	34.9
A_NA	875	2647	G	0	0	2647	35.1
A_NA	876	3177	C	0	0	3177	36.4
A_NA	877	2902	A	0	0	2902	37.4
A_NA	878	3114	G	0	0	3114	37.3
A_NA	879	2713	G	0	0	2713	37.0
A_NA	880	3235	G	0	0	3235	34.5
A_NA	881	3074	A	0	0	3074	34.7
A_NA	882	2989	C	0	0	2989	37.2
A_NA	883	3110	A	0	0	3110	37.2
A_NA	884	2915	A	0	0	2915	34.9
A_NA	885	2935	T	0	0	2935	34.2
A_NA	886	3443	T	0	0	3443	37.1
A_NA	887	3049	G	0	0	3049	37.2
A_NA	888	3294	G	0	0	3294	34.4
A_NA	889	3084	C	0	0	3084	35.9
A_NA	890	2895	A	0	0	2895	35.8
A_NA	891	3527	T	0	0	3527	37.4
A_NA	892	3042	G	0	0	3042	35.0
A_NA	893	3610	G	0	0	3610	37.7
A_NA	894	3128	C	0	0	3128	36.5
A_NA	895	3289	T	0	0	3289	36.6
A_NA	896	3323	C	0	0	3323	37.6
A_NA	897	3179	A	0	0	3179	37.5
A_NA	898	3232	A	0	0	3232	34.2
A_NA	899	3280	A	0	0	3280	38.0
A_NA	900	3744	C	0	0	3744	34.4
A_NA	901	2897	C	0	0	2897	37.5
A_NA	902	3158	G	0	0	3158	37.6
A_NA	903	3238	G	0	0	3238	35.9
A_NA	904	3139	C	0	0	3139	37.6
A_NA	905	3629	C	0	0	3629	37.4
A_NA	906	3467	G	0	0	3467	37.5
A_NA	907	3183	T	0	0	3183	34.6
A_NA	908	3152	G	0	0	3152	36.0
A_NA	909	3350	G	0	0	3350	35.0
A_NA	910	3448	G	0	0	3448	34.9
A_NA	911	3888	T	0	0	3888	36.0
A_NA	912	3339	A	0	0	3339	36.2
A_NA	913	3378	T	0	0	3378	37.5
A_NA	914	3311	C	0	0	3311	36.4
A_NA	915	3657	T	0	0	3657	36.3
A_NA	916	3403	T	0	0	3403	37.9
A_NA	917	3421	T	0	0	3421	37.2
A_NA	918	3084	T	0	0	3084	37.2
A_NA	919	3243	A	0	0	3243	35.8
A_NA	920	3475	A	0	0	3475	35.9
A_NA	921	3485	T	0	0	3485	34.4
A_NA	922	3547	C	0	0	3547	34.7
A_NA	923	3269	A	0	0	3269	34.1
A_NA	924	3557	A	0	0	3557	36.4
A_NA	925	3310	A	0	0	3310	36.9
A_NA	926	3512	A	0	0	3512	36.0
A_NA	927	3811	T	0	0	3811	34.4
A_NA	928	3335	C	0	0	3335	36.9
A_NA	929	3489	T	0	0	3489	35.5
A_NA	930	3032	G	0	0	3032	37.9
A_NA	931	3818	G	0	0	3818	38.0
A_NA	932	3323	A	0	0	3323	35.5
A_NA	933	3574	G	0	0	3574	37.9
A_NA	934	3468	T	0	0	3468	35.8
A_NA	935	4001	A	0	0	4001	35.3
A_NA	936	3226	T	0	0	3226	35.9
A_NA	937	3151	C	0	0	3151	36.9
A_NA	938	3812	A	0	0	3812	36.5
A_NA	939	3434	A	0	0	3434	34.9
A_NA	940	3578	A	0	0	3578	37.8
A_NA	941	3320	T	0	0	3320	34.4
A_NA	942	3555	A	0	0	3555	36.5
A_NA	943	3235	G	0	0	3235	34.4
A_NA	944	3193	G	0	0	3193	35.2
A_NA	945	3599	A	0	0	3599	36.2
A_NA	946	3221	T	0	0	3221	35.9
A_NA	947	3332	A	0	0	3332	36.9
A_NA	948	3465	T	0	0	3465	36.5
A_NA	949	3072	A	0	0	3072	37.4
A_NA	950	3568	T	0	0	3568	36.2
A_NA	951	3440	A	0	0	3440	35.8
A_NA	952	3394	T	0	0	3394	35.0
A_NA	953	3382	G	0	0	3382	36.3
A_NA	954	3570	C	0	0	3570	37.3
A_NA	955	3379	A	0	0	3379	36.2
A_NA	956	3277	G	0	0	3277	38.0
A_NA	957	3536	T	0	0	3536	35.2
A_NA	958	3436	G	0	0	3436	37.7
A_NA	959	3069	G	0	0	3069	36.0
A_NA	960	3261	G	0	0	3261	35.1
A_NA	961	3004	G	0	0	3004	34.8
A_NA	962	3321	T	0	0	3321	37.1
A_NA	963	3595	T	0	0	3595	36.9
A_NA	964	3039	T	0	0	3039	37.1
A_NA	965	3107	T	0	0	3107	35.3
A_NA	966	4036	C	0	0	4036	35.3
A_NA	967	3364	G	0	0	3364	36.9
A_NA	968	3711	G	0	0	3711	37.9
A_NA	969	3250	A	0	0	3250	36.2
A_NA	970	3163	G	0	0	3163	36.6
A_NA	971	3157	A	0	0	3157	37.9
A_NA	972	3106	C	0	0	3106	35.4
A_NA	973	3391	A	0	0	3391	36.0
A_NA	974	3020	A	0	0	3020	36.2
A_NA	975	3261	C	0	0	3261	34.2
A_NA	976	3426	C	0	0	3426	36.6
A_NA	977	3533	C	0	0	3533	36.5
A_NA	978	3610	C	0	0	3610	36.9
A_NA	979	3170	C	0	0	3170	37.7
A_NA	980	3549	G	0	0	3549	34.2
A_NA	981	3024	C	0	0	3024	35.4
A_NA	982	3337	C	0	0	3337	34.7
A_NA	983	3132	C	0	0	3132	36.1
A_NA	984	3139	C	0	0	3139	36.9
A_NA	985	3118	A	0	0	3118	35.6
A_NA	986	2940	A	0	0	2940	35.4
A_NA	987	3242	T	0	0	3242	35.1
A_NA	988	3403	G	0	0	3403	36.2
A_NA	989	3395	A	0	0	3395	37.1
A_NA	990	3312	T	0	0	3312	36.4
A_NA	991	3369	G	0	0	3369	37.3
A_NA	992	3447	G	0	0	3447	34.9
A_NA	993	3637	A	0	0	3637	35.5
A_NA	994	2997	A	0	0	2997	36.4
A_NA	995	3434	C	0	0	3434	37.6
A_NA	996	3296	A	0	0	3296	37.3
A_NA	997	3399	G	0	0	3399	36.1
A_NA	998	3195	G	0	0	3195	34.8
A_NA	999	3280	C	0	0	3280	37.3
A_NA	1000	3496	A	0	0	3496	35.1
A_NA	1001	3122	G	0	0	3122	34.1
A_NA	1002	3210	T	0	0	3210	35.1
A_NA	1003	3454	T	0	0	3454	37.6
A_NA	1004	3662	G	0	0	3662	36.4
A_NA	1005	3198	C	0	0	3198	35.6
A_NA	1006	2951	A	0	0	2951	34.2
A_NA	1007	3425	G	0	0	3425	37.5
A_NA	1008	3182	T	0	0	3182	37.2
A_NA	1009	3810	C	0	0	3810	34.0
A_NA	1010	3192	C	0	0	3192	36.7
A_NA	1011	3252	A	0	0	3252	35.3
A_NA	1012	3213	A	0	0	3213	36.7
A_NA	1013	2948	T	0	0	2948	37.4
A_NA	1014	3522	G	0	0	3522	35.8
A_NA	1015	3474	T	0	0	3474	37.2
A_NA	1016	3501	C	0	0	3501	36.6
A_NA	1017	3908	C	0	0	3908	34.6
A_NA	1018	3241	T	0	0	3241	37.5
A_NA	1019	3538	C	0	0	3538	34.7
A_NA	1020	3332	T	0	0	3332	36.9
A_NA	1021	3666	A	0	0	3666	37.8
A_NA	1022	3402	A	0	0	3402	35.5
A_NA	1023	3444	C	0	0	3444	35.8
A_NA	1024	3694	G	0	0	3694	35.4
A_NA	1025	3293	G	0	0	3293	34.0
A_NA	1026	3312	G	0	0	3312	37.2
A_NA	1027	3783	G	0	0	3783	37.4
A_NA	1028	3577	C	0	0	3577	35.5
A_NA	1029	4035	A	0	0	4035	34.4
A_NA	1030	3677	T	0	0	3677	34.5
A_NA	1031	3471	A	0	0	3471	37.7
A_NA	1032	3269	T	0	0	3269	34.9
A_NA	1033	3238	G	0	0	3238	36.9
A_NA	1034	3567	G	0	0	3567	37.4
A_NA	1035	3928	G	0	0	3928	35.0
A_NA	1036	3685	G	0	0	3685	35.1
A_NA	1037	3954	T	0	0	3954	36.3
A_NA	1038	3692	A	0	0	3692	35.9
A_NA	1039	3920	A	0	0	3920	34.2
A_NA	1040	3371	A	0	0	3371	35.5
A_NA	1041	3045	A	0	0	3045	34.8
A_NA	1042	3934	G	0	0	3934	35.7
A_NA	1043	3432	G	0	0	3432	37.0
A_NA	1044	3711	G	0	0	3711	37.6
A_NA	1045	3803	T	0	0	3803	38.0
A_NA	1046	3591	T	0	0	3591	38.0
A_NA	1047	3961	T	0	0	3961	35.2
A_NA	1048	3596	T	0	0	3596	34.6
A_NA	1049	4217	C	0	0	4217	36.4
A_NA	1050	4196	A	0	0	4196	34.2
A_NA	1051	3765	T	0	0	3765	35.3
A_NA	1052	4000	T	0	0	4000	35.5
A_NA	1053	3855	T	0	0	3855	36.0
A_NA	1054	3860	A	0	0	3860	36.2
A_NA	1055	3656	A	0	0	3656	35.7
A_NA	1056	3888	G	0	0	3888	37.8
A_NA	1057	3833	T	0	0	3833	36.0
A_NA	1058	4445	A	0	0	4445	34.7
A_NA	1059	4314	C	0	0	4314	36.1
A_NA	1060	4085	G	0	0	4085	35.1
A_NA	1061	4446	G	0	0	4446	37.2
A_NA	1062	3811	T	0	0	3811	37.4
A_NA	1063	4094	A	0	0	4094	37.6
A_NA	1064	4930	A	0	0	4930	36.6
A_NA	1065	4189	T	0	0	4189	36.7
A_NA	1066	4310	G	0	0	4310	36.9
A_NA	1067	4697	G	0	0	4697	35.1
A_NA	1068	4345	G	0	0	4345	37.6
A_NA	1069	4273	G	0	0	4273	36.3
A_NA	1070	4090	T	0	0	4090	34.0
A_NA	1071	4403	T	0	0	4403	37.1
A_NA	1072	4074	T	0	0	4074	36.5
A_NA	1073	4158	G	0	0	4158	34.4
A_NA	1074	4290	G	0	0	4290	34.9
A_NA	1075	4113	A	0	0	4113	36.5
A_NA	1076	4586	T	0	0	4586	36.4
A_NA	1077	4426	C	0	0	4426	36.4
A_NA	1078	4892	G	0	0	4892	34.3
A_NA	1079	4358	G	0	0	4358	35.9
A_NA	1080	4582	A	0	0	4582	37.8
A_NA	1081	4185	A	0	0	4185	35.9
A_NA	1082	4390	G	0	0	4390	34.6
A_NA	1083	4545	A	0	0	4545	34.1
A_NA	1084	4503	A	0	0	4503	37.5
A_NA	1085	4780	C	0	0	4780	34.2
A_NA	1086	4407	A	0	0	4407	37.2
A_NA	1087	4918	A	0	0	4918	35.5
A_NA	1088	4140	A	0	0	4140	36.6
A_NA	1089	4429	A	0	0	4429	37.8
A_NA	1090	4731	A	0	0	4731	35.4
A_NA	1091	4123	G	0	0	4123	34.5
A_NA	1092	4638	C	0	0	4638	36.6
A_NA	1093	5290	A	0	0	5290	34.3
A_NA	1094	4826	C	0	0	4826	35.4
A_NA	1095	4579	T	0	0	4579	36.6
A_NA	1096	4711	A	0	0	4711	37.7
A_NA	1097	4730	G	0	0	4730	35.0
A_NA	1098	4634	T	0	0	4634	34.4
A_NA	1099	4806	T	0	0	4806	37.4
A_NA	1100	4763	C	0	0	4763	37.5
A_NA	1101	4653	C	0	0	4653	35.1
A_NA	1102	4933	A	0	0	4933	36.1
A_NA	1103	4796	G	0	0	4796	35.3
A_NA	1104	5305	A	0	0	5305	34.6
A_NA	1105	5075	A	0	0	5075	35.9
A_NA	1106	4048	G	0	0	4048	35.9
A_NA	1107	5097	C	0	0	5097	35.2
A_NA	1108	4902	G	0	0	4902	36.4
A_NA	1109	4162	G	0	0	4162	36.3
A_NA	1110	4711	C	0	0	4711	35.3
A_NA	1111	4460	T	0	0	4460	37.3
A_NA	1112	4904	T	0	0	4904	36.4
A_NA	1113	4633	T	0	0	4633	36.0
A_NA	1114	4290	G	0	0	4290	34.2
A_NA	1115	4838	A	0	0	4838	37.9
A_NA	1116	4554	G	0	0	4554	35.8
A_NA	1117	5143	A	0	0	5143	34.1
A_NA	1118	4647	T	0	0	4647	37.3
A_NA	1119	4448	G	0	0	4448	36.3
A_NA	1120	4389	A	0	0	4389	35.3
A_NA	1121	4240	T	0	0	4240	37.3
A_NA	1122	5210	T	0	0	5210	37.2
A_NA	1123	4842	T	0	0	4842	37.2
A_NA	1124	4412	G	0	0	4412	35.1
A_NA	1125	4637	G	0	0	4637	36.0
A_NA	1126	4670	G	0	0	4670	36.8
A_NA	1127	4299	A	0	0	4299	37.9
A_NA	1128	5007	T	0	0	5007	37.6
A_NA	1129	4662	C	0	0	4662	36.6
A_NA	1130	4635	C	0	0	4635	37.8
A_NA	1131	4203	G	0	0	4203	36.3
A_NA	1132	4812	A	0	0	4812	36.7
A_NA	1133	4691	A	0	0	4691	35.0
A_NA	1134	4425	T	0	0	4425	36.9
A_NA	1135	5467	G	0	0	5467	36.8
A_NA	1136	4669	G	0	0	4669	37.2
A_NA	1137	4570	G	0	0	4570	35.8
A_NA	1138	4276	T	0	0	4276	35.0
A_NA	1139	4775	G	0	0	4775	37.1
A_NA	1140	4225	G	0	0	4225	36.9
A_NA	1141	4313	A	0	0	4313	36.6
A_NA	1142	4624	C	0	0	4624	37.7
A_NA	1143	4596	T	0	0	4596	36.2
A_NA	1144	5111	G	0	0	5111	37.6
A_NA	1145	4436	A	0	0	4436	36.8
A_NA	1146	4615	G	0	0	4615	38.0
A_NA	1147	4636	A	0	0	4636	37.2
A_NA	1148	4123	C	0	0	4123	37.8
A_NA	1149	4611	G	0	0	4611	34.8
A_NA	1150	4808	G	0	0	4808	34.2
A_NA	1151	4202	A	0	0	4202	36.6
A_NA	1152	4060	C	0	0	4060	37.9
A_NA	1153	3882	A	0	0	3882	34.6
A_NA	1154	4664	G	0	0	4664	36.4
A_NA	1155	4234	T	0	0	4234	35.9
A_NA	1156	4356	A	0	0	4356	36.4
A_NA	1157	3800	G	0	0	3800	34.9
A_NA	1158	4319	T	0	0	4319	36.1
A_NA	1159	4120	T	0	0	4120	37.2
A_NA	1160	4205	T	0	0	4205	34.5
A_NA	1161	4576	C	0	0	4576	35.2
A_NA	1162	4064	T	0	0	4064	35.3
A_NA	1163	4117	C	0	0	4117	34.9
A_NA	1164	4102	A	0	0	4102	36.2
A_NA	1165	3823	G	0	0	3823	38.0
A_NA	1166	4169	T	0	0	4169	34.4
A_NA	1167	3778	G	0	0	3778	36.4
A_NA	1168	3555	A	0	0	3555	35.7
A_NA	1169	4044	A	0	0	4044	35.4
A_NA	1170	3944	G	0	0	3944	35.9
A_NA	1171	3495	C	0	0	3495	37.5
A_NA	1172	3386	A	0	0	3386	36.5
A_NA	1173	3826	A	0	0	3826	37.2
A_NA	1174	3631	G	0	0	3631	34.0
A_NA	1175	3940	A	0	0	3940	35.5
A_NA	1176	4021	C	0	0	4021	36.1
A_NA	1177	3733	A	0	0	3733	36.0
A_NA	1178	3824	T	0	0	3824	35.8
A_NA	1179	3644	C	0	0	3644	36.9
A_NA	1180	3553	G	0	0	3553	34.7
A_NA	1181	3173	T	0	0	3173	36.1
A_NA	1182	3658	A	0	0	3658	36.2
A_NA	1183	3592	G	0	0	3592	37.9
A_NA	1184	3668	C	0	0	3668	35.7
A_NA	1185	3430	A	0	0	3430	37.6
A_NA	1186	3461	A	0	0	3461	34.9
A_NA	1187	3529	T	0	0	3529	34.4
A_NA	1188	3230	A	0	0	3230	35.6
A_NA	1189	3141	A	0	0	3141	36.6
A_NA	1190	3506	C	0	0	3506	34.8
A_NA	1191	3144	T	0	0	3144	35.9
A_NA	1192	3728	G	0	0	3728	37.4
A_NA	1193	3646	A	0	0	3646	35.0
A_NA	1194	3321	C	0	0	3321	37.2
A_NA	1195	3470	T	0	0	3470	34.7
A_NA	1196	3473	T	0	0	3473	35.5
A_NA	1197	3448	G	0	0	3448	34.7
A_NA	1198	3257	T	0	0	3257	37.5
A_NA	1199	3002	C	0	0	3002	38.0
A_NA	1200	3446	A	0	0	3446	37.1
A_NA	1201	3013	G	0	0	3013	36.7
A_NA	1202	2788	G	0	0	2788	36.3
A_NA	1203	3359	A	0	0	3359	35.5
A_NA	1204	3317	T	0	0	3317	37.0
A_NA	1205	3434	A	0	0	3434	36.5
A_NA	1206	3309	T	0	0	3309	37.7
A_NA	1207	2988	A	0	0	2988	37.3
A_NA	1208	3018	G	0	0	3018	36.3
A_NA	1209	2855	T	0	0	2855	35.0
A_NA	1210	2826	G	0	0	2826	36.7
A_NA	1211	3320	G	0	0	3320	34.6
A_NA	1212	3409	G	0	0	3409	35.6
A_NA	1213	2909	A	0	0	2909	36.8
A_NA	1214	2678	C	0	0	2678	36.3
A_NA	1215	3044	T	0	0	3044	35.9
A_NA	1216	2868	T	0	0	2868	37.7
A_NA	1217	3082	T	0	0	3082	34.9
A_NA	1218	2965	T	0	0	2965	35.8
A_NA	1219	2889	G	0	0	2889	36.6
A_NA	1220	3242	T	0	0	3242	36.8
A_NA	1221	3174	C	0	0	3174	37.1
A_NA	1222	3090	C	0	0	3090	35.0
A_NA	1223	3105	A	0	0	3105	36.6
A_NA	1224	2899	G	0	0	2899	34.5
A_NA	1225	3177	C	0	0	3177	36.9
A_NA	1226	2875	A	0	0	2875	37.2
A_NA	1227	2747	C	0	0	2747	37.7
A_NA	1228	2627	C	0	0	2627	37.3
A_NA	1229	2998	C	0	0	2998	35.7
A_NA	1230	2677	A	0	0	2677	35.7
A_NA	1231	2871	G	0	0	2871	34.6
A_NA	1232	2813	A	0	0	2813	34.8
A_NA	1233	3186	A	0	0	3186	36.2
A_NA	1234	2478	C	0	0	2478	34.2
A_NA	1235	3144	T	0	0	3144	34.8
A_NA	1236	2919	G	0	0	2919	34.3
A_NA	1237	2827	A	0	0	2827	34.2
A_NA	1238	2666	C	0	0	2666	37.1
A_NA	1239	2536	A	0	0	2536	38.0
A_NA	1240	3041	G	0	0	3041	37.3
A_NA	1241	2797	G	0	0	2797	36.3
A_NA	1242	2758	A	0	0	2758	34.7
A_NA	1243	2987	T	0	0	2987	36.1
A_NA	1244	2844	T	0	0	2844	36.9
A_NA	1245	3257	A	0	0	3257	36.4
A_NA	1246	3094	G	0	0	3094	34.4
A_NA	1247	3060	A	0	0	3060	34.0
A_NA	1248	2536	T	0	0	2536	37.7
A_NA	1249	2840	T	0	0	2840	34.8
A_NA	1250	2734	G	0	0	2734	34.9
A_NA	1251	2889	C	0	0	2889	34.1
A_NA	1252	3160	A	0	0	3160	34.1
A_NA	1253	2680	T	0	0	2680	37.2
A_NA	1254	2966	G	0	0	2966	35.8
A_NA	1255	3090	A	0	0	3090	34.6
A_NA	1256	2756	G	0	0	2756	36.8
A_NA	1257	3052	G	0	0	3052	34.8
A_NA	1258	2841	C	0	0	2841	35.8
A_NA	1259	3107	C	0	0	3107	36.9
A_NA	1260	2766	T	0	0	2766	36.6
A_NA	1261	3013	T	0	0	3013	35.6
A_NA	1262	2727	G	0	0	2727	36.3
A_NA	1263	2920	T	0	0	2920	37.4
A_NA	1264	2662	T	0	0	2662	36.0
A_NA	1265	2898	T	0	0	2898	35.7
A_NA	1266	2841	C	0	0	2841	37.5
A_NA	1267	3508	T	0	0	3508	35.7
A_NA	1268	2820	G	0	0	2820	36.4
A_NA	1269	2975	G	0	0	2975	35.2
A_NA	1270	2977	G	0	0	2977	37.9
A_NA	1271	3244	T	0	0	3244	37.6
A_NA	1272	2985	T	0	0	2985	34.5
A_NA	1273	3010	G	0	0	3010	34.8
A_NA	1274	3166	A	0	0	3166	36.9
A_NA	1275	2928	G	0	0	2928	34.5
A_NA	1276	2943	C	0	0	2943	34.1
A_NA	1277	3710	T	0	0	3710	37.4
A_NA	1278	2859	G	0	0	2859	36.8
A_NA	1279	2934	A	0	0	2934	34.5
A_NA	1280	2966	T	0	0	2966	37.6
A_NA	1281	3368	T	0	0	3368	37.6
A_NA	1282	3391	A	0	0	3391	37.3
A_NA	1283	3183	G	0	0	3183	34.5
A_NA	1284	3148	A	0	0	3148	36.7
A_NA	1285	2927	G	0	0	2927	35.5
A_NA	1286	3270	G	0	0	3270	37.3
A_NA	1287	3193	G	0	0	3193	37.5
A_NA	1288	3297	A	0	0	3297	36.5
A_NA	1289	2966	G	0	0	2966	36.3
A_NA	1290	3072	G	0	0	3072	35.3
A_NA	1291	3133	C	0	0	3133	36.8
A_NA	1292	3468	C	0	0	3468	34.3
A_NA	1293	3377	C	0	0	3377	36.9
A_NA	1294	3618	A	0	0	3618	34.3
A_NA	1295	3250	A	0	0	3250	37.1
A_NA	1296	3281	A	0	0	3281	35.0
A_NA	1297	3455	G	0	0	3455	34.6
A_NA	1298	3355	A	0	0	3355	36.8
A_NA	1299	3376	G	0	0	3376	36.4
A_NA	1300	3477	A	0	0	3477	35.8
A_NA	1301	3330	A	0	0	3330	36.9
A_NA	1302	3216	C	0	0	3216	37.1
A_NA	1303	3194	A	0	0	3194	37.8
A_NA	1304	3551	C	0	0	3551	36.4
A_NA	1305	3408	A	0	0	3408	35.5
A_NA	1306	3073	A	0	0	3073	34.5
A_NA	1307	3504	T	0	0	3504	35.5
A_NA	1308	3312	T	0	0	3312	35.7
A_NA	1309	3245	T	0	0	3245	35.4
A_NA	1310	2946	G	0	0	2946	37.5
A_NA	1311	3380	G	0	0	3380	36.9
A_NA	1312	3029	A	0	0	3029	36.9
A_NA	1313	3195	C	0	0	3195	36.4
A_NA	1314	2990	T	0	0	2990	37.9
A_NA	1315	3215	A	0	0	3215	36.9
A_NA	1316	3610	G	0	0	3610	37.6
A_NA	1317	3277	C	0	0	3277	34.1
A_NA	1318	3263	G	0	0	3263	36.6
A_NA	1319	3306	G	0	0	3306	38.0
A_NA	1320	3291	G	0	0	3291	36.8
A_NA	1321	3149	A	0	0	3149	36.3
A_NA	1322	3114	G	0	0	3114	35.1
A_NA	1323	3019	C	0	0	3019	37.9
A_NA	1324	2905	A	0	0	2905	35.1
A_NA	1325	2994	G	0	0	2994	37.8
A_NA	1326	3156	C	0	0	3156	37.8
A_NA	1327	3245	A	0	0	3245	36.3
A_NA	1328	3352	T	0	0	3352	35.0
A_NA	1329	3240	A	0	0	3240	34.7
A_NA	1330	2961	T	0	0	2961	35.9
A_NA	1331	3252	C	0	0	3252	37.4
A_NA	1332	2915	C	0	0	2915	36.8
A_NA	1333	2755	T	0	0	2755	35.8
A_NA	1334	3357	T	0	0	3357	37.9
A_NA	1335	2935	T	0	0	2935	36.6
A_NA	1336	2435	T	0	0	2435	34.5
A_NA	1337	2564	G	0	0	2564	35.4
A_NA	1338	2540	T	0	0	2540	36.0
A_NA	1339	2386	G	0	0	2386	34.2
A_NA	1340	2555	G	0	0	2555	37.7
A_NA	1341	2558	T	0	0	2558	36.2
A_NA	1342	2352	G	0	0	2352	34.5
A_NA	1343	2478	T	0	0	2478	34.4
A_NA	1344	2465	A	0	0	2465	34.5
A_NA	1345	2245	A	0	0	2245	34.4
A_NA	1346	2479	A	0	0	2479	36.2
A_NA	1347	2350	T	0	0	2350	34.7
A_NA	1348	2231	A	0	0	2231	36.4
A_NA	1349	2335	G	0	0	2335	37.7
A_NA	1350	2081	T	0	0	2081	37.7
A_NA	1351	2190	G	0	0	2190	37.5
A_NA	1352	2085	A	0	0	2085	34.2
A_NA	1353	1908	C	0	0	1908	37.2
A_NA	1354	2053	A	0	0	2053	35.8
A_NA	1355	2017	C	0	0	2017	34.2
A_NA	1356	1881	T	0	0	1881	37.4
A_NA	1357	1899	G	0	0	1899	37.9
A_NA	1358	1663	T	0	0	1663	35.4
A_NA	1359	1788	G	0	0	1788	37.5
A_NA	1360	1918	G	0	0	1918	36.8
A_NA	1361	1598	G	0	0	1598	35.5
A_NA	1362	1681	T	0	0	1681	34.4
A_NA	1363	1592	T	0	0	1592	36.0
A_NA	1364	1431	G	0	0	1431	36.2
A_NA	1365	1537	G	0	0	1537	36.8
A_NA	1366	1619	T	0	0	1619	34.0
A_NA	1367	1388	C	0	0	1388	37.7
A_NA	1368	1399	T	0	0	1399	34.8
A_NA	1369	1306	T	0	0	1306	37.6
A_NA	1370	1405	G	0	0	1405	35.2
A_NA	1371	1321	G	0	0	1321	34.4
A_NA	1372	1318	C	0	0	1318	35.7
A_NA	1373	1371	C	0	0	1371	34.5
A_NA	1374	1135	A	0	0	1135	34.9
A_NA	1375	1112	G	0	0	1112	36.8
A_NA	1376	984	A	0	0	984	36.1
A_NA	1377	1046	C	0	0	1046	37.9
A_NA	1378	1078	G	0	0	1078	35.4
A_NA	1379	966	G	0	0	966	35.1
A_NA	1380	951	T	0	0	951	34.8
A_NA	1381	985	G	0	0	985	37.3
A_NA	1382	870	C	0	0	870	35.5
A_NA	1383	969	T	0	0	969	34.1
A_NA	1384	802	G	0	0	802	37.9
A_NA	1385	816	A	0	0	816	35.1
A_NA	1386	757	G	0	0	757	35.5
A_NA	1387	714	T	0	0	714	34.7
A_NA	1388	687	T	0	0	687	35.8
A_NA	1389	643	G	0	0	643	37.6
A_NA	1390	594	C	0	0	594	36.4
A_NA	1391	581	C	0	0	581	37.4
A_NA	1392	623	A	0	0	623	36.8
A_NA	1393	535	T	0	0	535	35.1
A_NA	1394	449	T	0	0	449	35.7
A_NA	1395	533	C	0	0	533	34.1
A_NA	1396	463	A	0	0	463	35.3
A_NA	1397	420	C	0	0	420	34.5
A_NA	1398	378	C	0	0	378	37.4
A_NA	1399	355	A	0	0	355	36.1
A_NA	1400	309	T	0	0	309	34.1
A_NA	1401	258	T	0	0	258	35.3
A_NA	1402	268	G	0	0	268	36.5
A_NA	1403	208	A	0	0	208	36.6
A_NA	1404	205	C	0	0	205	37.6
A_NA	1405	143	A	0	0	143	37.4
A_NA	1406	129	A	0	0	129	38.0
A_NA	1407	92	G	0	0	92	36.3
A_NA	1408	60	T	0	0	60	34.4
A_NA	1409	34	A	0	0	34	34.8
A_NA	1410	0	G	0	0	0	35.8
