Reference_Name	Position	Coverage Depth	Consensus	Deletions	Ambiguous	Consensus_Count	Consensus_Average_Quality
A_NP	1	64	A	0	0	64	36.1
A_NP	2	120	T	0	0	120	34.9
A_NP	3	173	G	0	0	173	36.8
A_NP	4	243	G	0	0	243	37.0
A_NP	5	348	C	0	0	348	37.3
A_NP	6	354	G	0	0	354	34.6
A_NP	7	462	T	0	0	462	34.9
A_NP	8	530	C	0	0	530	37.3
A_NP	9	597	T	0	0	597	34.5
A_NP	10	648	C	0	0	648	37.2
A_NP	11	670	A	0	0	670	36.1
A_NP	12	888	A	0	0	888	37.8
A_NP	13	889	G	0	0	889	37.3
A_NP	14	976	G	0	0	976	36.1
A_NP	15	983	C	0	0	983	37.7
A_NP	16	1060	A	0	0	1060	37.8
A_NP	17	1129	C	0	0	1129	35.5
A_NP	18	1131	C	0	0	1131	34.2
A_NP	19	1418	A	0	0	1418	35.7
A_NP	20	1263	A	0	0	1263	36.7
A_NP	21	1333	A	0	0	1333	36.6
A_NP	22	1386	C	0	0	1386	35.9
A_NP	23	1603	G	0	0	1603	34.5
A_NP	24	1812	A	0	0	1812	34.3
A_NP	25	1919	T	0	0	1919	36.2
A_NP	26	1758	C	0	0	1758	36.3
A_NP	27	1713	C	0	0	1713	37.2
A_NP	28	1883	T	0	0	1883	36.3
A_NP	29	1929	A	0	0	1929	37.5
A_NP	30	2074	T	0	0	2074	37.4
A_NP	31	2503	G	0	0	2503	38.0
A_NP	32	2300	A	0	0	2300	36.5
A_NP	33	2426	A	0	0	2426	36.5
A_NP	34	2458	C	0	0	2458	35.3
A_NP	35	2333	A	0	0	2333	34.4
A_NP	36	2826	A	0	0	2826	35.6
A_NP	37	2499	A	0	0	2499	38.0
A_NP	38	2648	T	0	0	2648	36.5
A_NP	39	2947	G	0	0	2947	37.4
A_NP	40	2981	G	0	0	2981	36.9
A_NP	41	2786	A	0	0	2786	36.9
A_NP	42	3344	A	0	0	3344	37.6
A_NP	43	3418	A	0	0	3418	35.2
A_NP	44	3160	C	0	0	3160	35.6
A_NP	45	3616	T	0	0	3616	35.5
A_NP	46	3690	G	0	0	3690	37.4
A_NP	47	3313	G	0	0	3313	37.7
A_NP	48	3594	T	0	0	3594	36.5
A_NP	49	3711	G	0	0	3711	35.3
A_NP	50	3703	G	0	0	3703	34.0
A_NP	51	3919	G	0	0	3919	35.6
A_NP	52	4164	G	0	0	4164	37.7
A_NP	53	4087	A	0	0	4087	35.1
A_NP	54	3735	A	0	0	3735	35.7
A_NP	55	4225	C	0	0	4225	37.6
A_NP	56	4050	G	0	0	4050	34.9
A_NP	57	4860	C	0	0	4860	36.3
A_NP	58	4792	C	0	0	4792	37.7
A_NP	59	4249	A	0	0	4249	37.0
A_NP	60	4637	G	0	0	4637	35.2
A_NP	61	4664	A	0	0	4664	35.4
A_NP	62	4747	A	0	0	4747	35.7
A_NP	63	4951	T	0	0	4951	34.7
A_NP	64	4739	G	0	0	4739	35.9
A_NP	65	4882	C	0	0	4882	36.1
A_NP	66	5009	C	0	0	5009	36.5
A_NP	67	4951	A	0	0	4951	37.9
A_NP	68	5337	C	0	0	5337	34.3
A_NP	69	5933	T	0	0	5933	37.4
A_NP	70	5777	G	0	0	5777	37.2
A_NP	71	5415	A	0	0	5415	36.7
A_NP	72	5619	A	0	0	5619	35.9
A_NP	73	5302	A	0	0	5302	34.9
A_NP	74	5420	T	0	0	5420	36.1
A_NP	75	5817	C	0	0	5817	37.6
A_NP	76	6341	A	0	0	6341	34.2
A_NP	77	6255	G	0	0	6255	37.5
A_NP	78	6060	A	0	0	6060	34.3
A_NP	79	5761	G	0	0	5761	34.1
A_NP	80	6049	C	0	0	6049	36.6
A_NP	81	6221	A	0	0	6221	37.6
A_NP	82	6324	T	0	0	6324	34.1
A_NP	83	6759	C	0	0	6759	35.5
A_NP	84	7126	T	0	0	7126	35.0
A_NP	85	6775	G	0	0	6775	34.4
A_NP	86	6455	T	0	0	6455	35.0
A_NP	87	5860	T	0	0	5860	34.4
A_NP	88	6275	G	0	0	6275	37.0
A_NP	89	7857	G	0	0	7857	37.9
A_NP	90	7351	A	0	0	7351	35.6
A_NP	91	6844	A	0	0	6844	35.6
A_NP	92	6835	G	0	0	6835	35.9
A_NP	93	6507	A	0	0	6507	34.5
A_NP	94	6609	A	0	0	6609	35.4
A_NP	95	6434	T	0	0	6434	37.1
A_NP	96	7024	G	0	0	7024	37.6
A_NP	97	7261	G	0	0	7261	35.9
A_NP	98	6933	T	0	0	6933	36.7
A_NP	99	7510	T	0	0	7510	37.4
A_NP	100	6640	G	0	0	6640	35.9
A_NP	101	6857	G	0	0	6857	34.7
A_NP	102	6342	C	0	0	6342	34.2
A_NP	103	6482	G	0	0	6482	36.1
A_NP	104	7059	G	0	0	7059	36.2
A_NP	105	6893	A	0	0	6893	34.5
A_NP	106	6895	A	0	0	6895	37.5
A_NP	107	6416	T	0	0	6416	35.6
A_NP	108	6082	C	0	0	6082	35.4
A_NP	109	6691	G	0	0	6691	36.8
A_NP	110	6934	G	0	0	6934	36.1
A_NP	111	7403	G	0	0	7403	34.7
A_NP	112	7054	A	0	0	7054	36.5
A_NP	113	6311	G	0	0	6311	37.9
A_NP	114	6673	A	0	0	6673	34.6
A_NP	115	6513	T	0	0	6513	35.2
A_NP	116	7523	T	0	0	7523	34.8
A_NP	117	6273	C	0	0	6273	36.7
A_NP	118	6187	T	0	0	6187	35.5
A_NP	119	6432	A	0	0	6432	35.0
A_NP	120	6288	C	0	0	6288	36.7
A_NP	121	6477	A	0	0	6477	36.1
A_NP	122	6506	T	0	0	6506	34.6
A_NP	123	5732	A	0	0	5732	36.9
A_NP	124	5555	C	0	0	5555	36.4
A_NP	125	6483	A	0	0	6483	37.9
A_NP	126	6635	G	0	0	6635	36.8
A_NP	127	6658	A	0	0	6658	36.2
A_NP	128	6709	T	0	0	6709	36.6
A_NP	129	6755	G	0	0	6755	36.6
A_NP	130	6252	T	0	0	6252	36.8
A_NP	131	6898	G	0	0	6898	34.8
A_NP	132	6846	C	0	0	6846	37.9
A_NP	133	5650	A	0	0	5650	34.6
A_NP	134	6369	C	0	0	6369	37.8
A_NP	135	5979	T	0	0	5979	37.9
A_NP	136	6389	G	0	0	6389	37.2
A_NP	137	5899	A	0	0	5899	34.7
A_NP	138	6683	G	0	0	6683	36.0
A_NP	139	6455	C	0	0	6455	35.9
A_NP	140	6375	T	0	0	6375	37.3
A_NP	141	6164	C	0	0	6164	34.7
A_NP	142	6082	A	0	0	6082	37.8
A_NP	143	5733	A	0	0	5733	35.9
A_NP	144	6331	A	0	0	6331	36.0
A_NP	145	6825	C	0	0	6825	37.7
A_NP	146	6453	T	0	0	6453	35.8
A_NP	147	6328	C	0	0	6328	37.6
A_NP	148	6570	A	0	0	6570	35.6
A_NP	149	6407	G	0	0	6407	36.6
A_NP	150	5742	T	0	0	5742	37.0
A_NP	151	6394	G	0	0	6394	35.4
A_NP	152	6350	A	0	0	6350	37.3
A_NP	153	6530	T	0	0	6530	36.0
A_NP	154	5966	T	0	0	5966	34.5
A_NP	155	6770	A	0	0	6770	35.5
A_NP	156	5819	C	0	0	5819	34.0
A_NP	157	6003	G	0	0	6003	35.4
A_NP	158	6574	A	0	0	6574	36.3
A_NP	159	7006	A	0	0	7006	35.3
A_NP	160	7170	G	0	0	7170	37.1
A_NP	161	6963	G	0	0	6963	36.2
A_NP	162	6603	G	0	0	6603	35.0
A_NP	163	6254	A	0	0	6254	37.8
A_NP	164	6159	G	0	0	6159	36.2
A_NP	165	6011	G	0	0	6011	36.9
A_NP	166	6254	C	0	0	6254	34.2
A_NP	167	6606	T	0	0	6606	34.8
A_NP	168	6790	G	0	0	6790	37.0
A_NP	169	5961	A	0	0	5961	35.0
A_NP	170	6876	T	0	0	6876	34.5
A_NP	171	7475	C	0	0	7475	35.1
A_NP	172	6208	C	0	0	6208	37.3
A_NP	173	6690	A	0	0	6690	35.8
A_NP	174	5847	A	0	0	5847	36.6
A_NP	175	6669	A	0	0	6669	34.5
A_NP	176	6128	A	0	0	6128	37.9
A_NP	177	6096	C	0	0	6096	37.7
A_NP	178	6749	A	0	0	6749	35.0
A_NP	179	7228	G	0	0	7228	37.4
A_NP	180	5839	C	0	0	5839	34.9
A_NP	181	6326	A	0	0	6326	37.4
A_NP	182	6108	T	0	0	6108	37.0
A_NP	183	7043	A	0	0	7043	35.0
A_NP	184	6700	A	0	0	6700	35.0
A_NP	185	6606	C	0	0	6606	37.3
A_NP	186	6861	C	0	0	6861	35.5
A_NP	187	7092	A	0	0	7092	36.0
A_NP	188	7073	T	0	0	7073	37.7
A_NP	189	6192	A	0	0	6192	36.6
A_NP	190	6395	G	0	0	6395	37.0
A_NP	191	7793	A	0	0	7793	38.0
A_NP	192	7058	A	0	0	7058	35.1
A_NP	193	6736	A	0	0	6736	35.7
A_NP	194	7129	G	0	0	7129	34.9
A_NP	195	7299	G	0	0	7299	36.0
A_NP	196	6774	A	0	0	6774	38.0
A_NP	197	7324	T	0	0	7324	35.4
A_NP	198	6924	G	0	0	6924	35.8
A_NP	199	6753	G	0	0	6753	37.3
A_NP	200	6488	T	0	0	6488	35.3
A_NP	201	7356	T	0	0	7356	36.8
A_NP	202	6821	C	0	0	6821	35.5
A_NP	203	7632	T	0	0	7632	37.6
A_NP	204	6966	C	0	0	6966	37.8
A_NP	205	7475	T	0	0	7475	37.4
A_NP	206	6612	C	0	0	6612	36.0
A_NP	207	6460	G	0	0	6460	36.8
A_NP	208	6541	G	0	0	6541	37.0
A_NP	209	7827	C	0	0	7827	36.9
A_NP	210	6934	A	0	0	6934	37.5
A_NP	211	7307	T	0	0	7307	36.7
A_NP	212	6866	T	0	0	6866	34.4
A_NP	213	6497	T	0	0	6497	35.7
A_NP	214	7388	G	0	0	7388	36.8
A_NP	215	7216	A	0	0	7216	37.7
A_NP	216	8023	T	0	0	8023	35.9
A_NP	217	7057	G	0	0	7057	35.6
A_NP	218	6616	A	0	0	6616	36.6
A_NP	219	7699	G	0	0	7699	36.9
A_NP	220	6667	A	0	0	6667	37.0
A_NP	221	7713	G	0	0	7713	36.0
A_NP	222	6950	G	0	0	6950	37.5
A_NP	223	7230	A	0	0	7230	37.4
A_NP	224	7120	G	0	0	7120	35.5
A_NP	225	7116	G	0	0	7116	36.3
A_NP	226	7544	A	0	0	7544	37.9
A_NP	227	7887	A	0	0	7887	37.1
A_NP	228	7398	C	0	0	7398	37.3
A_NP	229	7894	A	0	0	7894	35.3
A_NP	230	7287	A	0	0	7287	37.1
A_NP	231	7068	G	0	0	7068	35.9
A_NP	232	7123	T	0	0	7123	36.3
A_NP	233	8028	A	0	0	8028	34.4
A_NP	234	7755	C	0	0	7755	37.7
A_NP	235	6995	C	0	0	6995	35.5
A_NP	236	6644	T	0	0	6644	35.1
A_NP	237	7306	G	0	0	7306	37.5
A_NP	238	7658	G	0	0	7658	37.9
A_NP	239	7329	A	0	0	7329	34.7
A_NP	240	6668	G	0	0	6668	35.7
A_NP	241	8097	G	0	0	8097	37.5
A_NP	242	7251	A	0	0	7251	34.2
A_NP	243	7570	A	0	0	7570	37.9
A_NP	244	7174	C	0	0	7174	36.7
A_NP	245	7202	A	0	0	7202	36.2
A_NP	246	7723	T	0	0	7723	37.2
A_NP	247	7086	C	0	0	7086	36.6
A_NP	248	7109	C	0	0	7109	34.6
A_NP	249	7696	C	0	0	7696	35.3
A_NP	250	7257	A	0	0	7257	36.6
A_NP	251	7351	G	0	0	7351	37.1
A_NP	252	7736	T	0	0	7736	36.3
A_NP	253	7560	G	0	0	7560	37.2
A_NP	254	6273	C	0	0	6273	35.5
A_NP	255	6552	C	0	0	6552	34.8
A_NP	256	6801	G	0	0	6801	37.2
A_NP	257	7122	G	0	0	7122	35.4
A_NP	258	7047	G	0	0	7047	35.9
A_NP	259	7691	A	0	0	7691	34.4
A_NP	260	6218	A	0	0	6218	35.2
A_NP	261	7261	G	0	0	7261	36.0
A_NP	262	7307	G	0	0	7307	37.9
A_NP	263	7092	A	0	0	7092	36.4
A_NP	264	6993	T	0	0	6993	35.4
A_NP	265	6910	C	0	0	6910	35.5
A_NP	266	7021	C	0	0	7021	35.1
A_NP	267	7175	C	0	0	7175	37.1
A_NP	268	7014	A	0	0	7014	36.3
A_NP	269	6484	A	0	0	6484	35.1
A_NP	270	7331	G	0	0	7331	36.4
A_NP	271	6605	A	0	0	6605	36.5
A_NP	272	7611	A	0	0	7611	37.5
A_NP	273	7111	G	0	0	7111	35.2
A_NP	274	7250	A	0	0	7250	34.9
A_NP	275	7034	C	0	0	7034	36.8
A_NP	276	7294	T	0	0	7294	36.2
A_NP	277	6006	G	0	0	6006	34.5
A_NP	278	7007	G	0	0	7007	36.4
A_NP	279	6042	A	0	0	6042	37.0
A_NP	280	6806	G	0	0	6806	37.1
A_NP	281	6213	G	0	0	6213	36.4
A_NP	282	6891	T	0	0	6891	37.1
A_NP	283	6801	C	0	0	6801	35.2
A_NP	284	6562	C	0	0	6562	37.3
A_NP	285	6744	A	0	0	6744	36.4
A_NP	286	5894	A	0	0	5894	34.7
A_NP	287	5948	T	0	0	5948	36.0
A_NP	288	7360	C	0	0	7360	35.3
A_NP	289	6515	T	0	0	6515	37.7
A_NP	290	6164	A	0	0	6164	35.4
A_NP	291	6507	C	0	0	6507	36.6
A_NP	292	5834	A	0	0	5834	34.2
A_NP	293	6838	G	0	0	6838	36.4
A_NP	294	6696	G	0	0	6696	35.0
A_NP	295	5954	A	0	0	5954	35.8
A_NP	296	5929	G	0	0	5929	34.9
A_NP	297	6504	G	0	0	6504	37.1
A_NP	298	6492	A	0	0	6492	38.0
A_NP	299	7260	G	0	0	7260	36.4
A_NP	300	5845	A	0	0	5845	34.4
A_NP	301	6137	G	0	0	6137	35.9
A_NP	302	5759	A	0	0	5759	36.8
A_NP	303	6439	T	0	0	6439	35.3
A_NP	304	5925	G	0	0	5925	37.6
A_NP	305	5581	G	0	0	5581	36.7
A_NP	306	5889	C	0	0	5889	34.9
A_NP	307	5843	A	0	0	5843	34.5
A_NP	308	5011	A	0	0	5011	37.6
A_NP	309	6378	A	0	0	6378	38.0
A_NP	310	6006	T	0	0	6006	37.7
A_NP	311	6056	G	0	0	6056	36.7
A_NP	312	5167	G	0	0	5167	36.6
A_NP	313	5692	G	0	0	5692	37.6
A_NP	314	5735	T	0	0	5735	35.5
A_NP	315	5701	G	0	0	5701	35.8
A_NP	316	5697	A	0	0	5697	36.5
A_NP	317	5215	G	0	0	5215	37.9
A_NP	318	5573	A	0	0	5573	36.0
A_NP	319	5219	G	0	0	5219	35.7
A_NP	320	4947	A	0	0	4947	36.5
A_NP	321	4433	G	0	0	4433	37.0
A_NP	322	5889	T	0	0	5889	35.8
A_NP	323	5261	T	0	0	5261	37.4
A_NP	324	5421	G	0	0	5421	34.6
A_NP	325	5562	A	0	0	5562	36.8
A_NP	326	5095	T	0	0	5095	36.2
A_NP	327	5327	C	0	0	5327	36.9
A_NP	328	4633	C	0	0	4633	35.6
A_NP	329	4834	T	0	0	4834	36.9
A_NP	330	4924	C	0	0	4924	37.8
A_NP	331	4601	T	0	0	4601	34.3
A_NP	332	4897	A	0	0	4897	36.0
A_NP	333	4833	C	0	0	4833	35.2
A_NP	334	4247	G	0	0	4247	37.3
A_NP	335	4501	A	0	0	4501	37.5
A_NP	336	4841	C	0	0	4841	35.9
A_NP	337	4916	A	0	0	4916	34.9
A_NP	338	4496	A	0	0	4496	35.9
A_NP	339	4693	A	0	0	4693	37.8
A_NP	340	4175	G	0	0	4175	37.3
A_NP	341	4066	A	0	0	4066	36.4
A_NP	342	4288	A	0	0	4288	37.1
A_NP	343	4731	G	0	0	4731	36.3
A_NP	344	4394	A	0	0	4394	34.4
A_NP	345	4173	G	0	0	4173	34.4
A_NP	346	4608	A	0	0	4608	35.1
A_NP	347	4536	T	0	0	4536	34.5
A_NP	348	4232	C	0	0	4232	34.0
A_NP	349	3932	A	0	0	3932	34.3
A_NP	350	4102	G	0	0	4102	34.0
A_NP	351	4033	A	0	0	4033	36.0
A_NP	352	3883	A	0	0	3883	34.5
A_NP	353	3966	G	0	0	3966	35.2
A_NP	354	3866	A	0	0	3866	37.9
A_NP	355	4498	A	0	0	4498	36.6
A_NP	356	4437	T	0	0	4437	35.1
A_NP	357	4341	T	0	0	4341	37.8
A_NP	358	3842	T	0	0	3842	34.4
A_NP	359	4482	G	0	0	4482	34.7
A_NP	360	3897	G	0	0	3897	37.7
A_NP	361	4254	C	0	0	4254	37.9
A_NP	362	3503	G	0	0	3503	36.6
A_NP	363	4228	T	0	0	4228	34.4
A_NP	364	4185	C	0	0	4185	37.5
A_NP	365	4020	A	0	0	4020	34.3
A_NP	366	3913	A	0	0	3913	36.6
A_NP	367	4182	G	0	0	4182	35.7
A_NP	368	4096	C	0	0	4096	37.4
A_NP	369	3835	T	0	0	3835	36.2
A_NP	370	3818	A	0	0	3818	36.3
A_NP	371	4283	A	0	0	4283	34.2
A_NP	372	3887	T	0	0	3887	34.4
A_NP	373	4279	A	0	0	4279	36.7
A_NP	374	3756	A	0	0	3756	36.1
A_NP	375	4004	T	0	0	4004	34.5
A_NP	376	3712	G	0	0	3712	35.6
A_NP	377	4125	G	0	0	4125	34.0
A_NP	378	3658	A	0	0	3658	35.7
A_NP	379	4175	G	0	0	4175	36.7
A_NP	380	3749	A	0	0	3749	34.6
A_NP	381	3706	G	0	0	3706	34.9
A_NP	382	3778	G	0	0	3778	36.0
A_NP	383	4370	A	0	0	4370	36.6
A_NP	384	4015	T	0	0	4015	34.8
A_NP	385	4572	G	0	0	4572	35.6
A_NP	386	4127	C	0	0	4127	35.7
A_NP	387	4009	A	0	0	4009	36.7
A_NP	388	4201	A	0	0	4201	35.9
A_NP	389	3296	C	0	0	3296	35.1
A_NP	390	4020	T	0	0	4020	36.8
A_NP	391	3870	G	0	0	3870	34.9
A_NP	392	3920	C	0	0	3920	34.9
A_NP	393	3763	T	0	0	3763	37.8
A_NP	394	4404	G	0	0	4404	37.6
A_NP	395	3931	G	0	0	3931	37.5
A_NP	396	3713	T	0	0	3713	37.0
A_NP	397	3985	C	0	0	3985	37.1
A_NP	398	4284	T	0	0	4284	37.2
A_NP	399	4147	C	0	0	4147	35.8
A_NP	400	4048	A	0	0	4048	37.8
A_NP	401	3667	C	0	0	3667	35.8
A_NP	402	3927	T	0	0	3927	37.0
A_NP	403	3977	C	0	0	3977	37.9
A_NP	404	4178	A	0	0	4178	34.8
A_NP	405	4150	T	0	0	4150	36.6
A_NP	406	3968	T	0	0	3968	36.8
A_NP	407	3954	T	0	0	3954	35.6
A_NP	408	4425	G	0	0	4425	35.1
A_NP	409	3885	A	0	0	3885	35.4
A_NP	410	4622	T	0	0	4622	34.8
A_NP	411	4013	G	0	0	4013	34.1
A_NP	412	4771	A	0	0	4771	34.5
A_NP	413	4941	T	0	0	4941	36.6
A_NP	414	4014	T	0	0	4014	36.8
A_NP	415	4327	T	0	0	4327	35.9
A_NP	416	4689	G	0	0	4689	36.8
A_NP	417	4431	G	0	0	4431	35.6
A_NP	418	4684	C	0	0	4684	38.0
A_NP	419	5238	A	0	0	5238	35.5
A_NP	420	4726	T	0	0	4726	35.0
A_NP	421	4909	T	0	0	4909	37.7
A_NP	422	4382	C	0	0	4382	36.1
A_NP	423	4871	C	0	0	4871	37.2
A_NP	424	4733	A	0	0	4733	35.1
A_NP	425	4459	A	0	0	4459	35.0
A_NP	426	4659	T	0	0	4659	35.6
A_NP	427	4452	C	0	0	4452	37.0
A_NP	428	4743	T	0	0	4743	37.8
A_NP	429	4805	G	0	0	4805	35.5
A_NP	430	4946	A	0	0	4946	35.3
A_NP	431	4572	A	0	0	4572	35.5
A_NP	432	4032	T	0	0	4032	35.5
A_NP	433	5341	G	0	0	5341	35.0
A_NP	434	5080	A	0	0	5080	37.8
A_NP	435	5214	T	0	0	5214	36.4
A_NP	436	5040	G	0	0	5040	35.6
A_NP	437	5249	C	0	0	5249	34.9
A_NP	438	5125	C	0	0	5125	35.1
A_NP	439	4270	A	0	0	4270	36.5
A_NP	440	5719	C	0	0	5719	36.1
A_NP	441	5227	A	0	0	5227	35.8
A_NP	442	5642	T	0	0	5642	34.4
A_NP	443	5274	A	0	0	5274	34.9
A_NP	444	5086	C	0	0	5086	35.5
A_NP	445	5526	C	0	0	5526	34.4
A_NP	446	5573	A	0	0	5573	36.9
A_NP	447	5830	G	0	0	5830	34.9
A_NP	448	4711	A	0	0	4711	36.3
A_NP	449	5655	G	0	0	5655	36.8
A_NP	450	5443	A	0	0	5443	37.3
A_NP	451	5251	A	0	0	5251	35.6
A_NP	452	5397	C	0	0	5397	37.4
A_NP	453	5354	A	0	0	5354	36.7
A_NP	454	5440	A	0	0	5440	35.4
A_NP	455	5138	G	0	0	5138	35.7
A_NP	456	5249	G	0	0	5249	35.6
A_NP	457	5579	G	0	0	5579	34.5
A_NP	458	5570	C	0	0	5570	36.9
A_NP	459	6051	A	0	0	6051	34.2
A_NP	460	5202	C	0	0	5202	34.3
A_NP	461	5614	T	0	0	5614	35.4
A_NP	462	5744	T	0	0	5744	34.3
A_NP	463	5699	G	0	0	5699	35.9
A_NP	464	5581	T	0	0	5581	36.8
A_NP	465	5796	G	0	0	5796	36.6
A_NP	466	5104	C	0	0	5104	34.2
A_NP	467	5624	G	0	0	5624	36.7
A_NP	468	5358	T	0	0	5358	37.8
A_NP	469	6620	A	0	0	6620	37.5
A_NP	470	5340	C	0	0	5340	37.0
A_NP	471	5981	T	0	0	5981	37.7
A_NP	472	5479	G	0	0	5479	34.9
A_NP	473	5239	G	0	0	5239	35.0
A_NP	474	6504	A	0	0	6504	35.2
A_NP	475	5252	A	0	0	5252	35.7
A_NP	476	5654	T	0	0	5654	37.4
A_NP	477	5443	G	0	0	5443	36.2
A_NP	478	5356	G	0	0	5356	36.2
A_NP	479	5654	A	0	0	5654	35.3
A_NP	480	6145	C	0	0	6145	36.4
A_NP	481	5857	C	0	0	5857	36.8
A_NP	482	5827	C	0	0	5827	36.1
A_NP	483	6119	T	0	0	6119	37.0
A_NP	484	5768	A	0	0	5768	37.0
A_NP	485	5984	G	0	0	5984	34.7
A_NP	486	5980	A	0	0	5980	37.2
A_NP	487	5172	A	0	0	5172	34.9
A_NP	488	5758	T	0	0	5758	34.0
A_NP	489	6121	G	0	0	6121	36.0
A_NP	490	6282	T	0	0	6282	34.4
A_NP	491	6569	G	0	0	6569	37.7
A_NP	492	5590	C	0	0	5590	37.2
A_NP	493	5284	T	0	0	5284	35.7
A_NP	494	5636	C	0	0	5636	35.6
A_NP	495	6151	T	0	0	6151	36.4
A_NP	496	5822	C	0	0	5822	34.0
A_NP	497	5498	T	0	0	5498	36.2
A_NP	498	5514	G	0	0	5514	35.5
A_NP	499	6032	A	0	0	6032	37.2
A_NP	500	6093	T	0	0	6093	37.4
A_NP	501	6304	G	0	0	6304	37.6
A_NP	502	5466	C	0	0	5466	36.4
A_NP	503	5684	A	0	0	5684	34.5
A_NP	504	5657	A	0	0	5657	36.4
A_NP	505	6278	G	0	0	6278	34.9
A_NP	506	5134	G	0	0	5134	35.6
A_NP	507	5603	C	0	0	5603	35.9
A_NP	508	5523	T	0	0	5523	34.9
A_NP	509	5737	C	0	0	5737	34.0
A_NP	510	4783	A	0	0	4783	36.7
A_NP	511	5848	A	0	0	5848	34.6
A_NP	512	6282	C	0	0	6282	37.4
A_NP	513	6697	C	0	0	6697	37.5
A_NP	514	5786	C	0	0	5786	35.9
A_NP	515	5271	T	0	0	5271	34.8
A_NP	516	5579	C	0	0	5579	34.5
A_NP	517	6043	C	0	0	6043	37.0
A_NP	518	5483	C	0	0	5483	34.7
A_NP	519	5966	T	0	0	5966	37.3
A_NP	520	5521	A	0	0	5521	36.2
A_NP	521	5526	G	0	0	5526	36.7
A_NP	522	5676	G	0	0	5676	37.8
A_NP	523	5393	A	0	0	5393	35.2
A_NP	524	6105	G	0	0	6105	36.3
A_NP	525	5355	A	0	0	5355	36.9
A_NP	526	5241	T	0	0	5241	37.2
A_NP	527	5781	C	0	0	5781	34.2
A_NP	528	5508	C	0	0	5508	35.5
A_NP	529	5527	G	0	0	5527	37.8
A_NP	530	5618	G	0	0	5618	36.9
A_NP	531	5296	G	0	0	5296	36.6
A_NP	532	5735	G	0	0	5735	34.3
A_NP	533	5507	C	0	0	5507	34.9
A_NP	534	5149	T	0	0	5149	37.9
A_NP	535	5768	G	0	0	5768	37.4
A_NP	536	5643	C	0	0	5643	36.3
A_NP	537	5277	T	0	0	5277	37.9
A_NP	538	5974	G	0	0	5974	35.3
A_NP	539	5406	G	0	0	5406	37.3
A_NP	540	5886	A	0	0	5886	36.0
A_NP	541	5322	G	0	0	5322	36.4
A_NP	542	5876	C	0	0	5876	36.4
A_NP	543	4844	A	0	0	4844	36.9
A_NP	544	5028	G	0	0	5028	37.4
A_NP	545	5530	C	0	0	5530	37.7
A_NP	546	5402	A	0	0	5402	34.8
A_NP	547	5681	G	0	0	5681	36.6
A_NP	548	5463	T	0	0	5463	35.9
A_NP	549	5518	G	0	0	5518	34.7
A_NP	550	5362	A	0	0	5362	35.6
A_NP	551	5302	A	0	0	5302	37.5
A_NP	552	5716	A	0	0	5716	35.0
A_NP	553	5742	G	0	0	5742	37.6
A_NP	554	5677	G	0	0	5677	35.8
A_NP	555	5679	A	0	0	5679	35.5
A_NP	556	4893	G	0	0	4893	35.9
A_NP	557	5561	T	0	0	5561	34.4
A_NP	558	5758	T	0	0	5758	35.7
A_NP	559	5356	G	0	0	5356	36.5
A_NP	560	5308	G	0	0	5308	37.7
A_NP	561	5422	A	0	0	5422	34.5
A_NP	562	5218	A	0	0	5218	35.5
A_NP	563	5950	C	0	0	5950	36.6
A_NP	564	5272	A	0	0	5272	35.9
A_NP	565	5290	A	0	0	5290	36.6
A_NP	566	6020	T	0	0	6020	34.4
A_NP	567	4991	G	0	0	4991	35.9
A_NP	568	5574	G	0	0	5574	36.5
A_NP	569	5608	T	0	0	5608	37.8
A_NP	570	5534	G	0	0	5534	35.2
A_NP	571	5604	A	0	0	5604	36.5
A_NP	572	6177	T	0	0	6177	36.2
A_NP	573	5610	G	0	0	5610	37.3
A_NP	574	5492	G	0	0	5492	35.6
A_NP	575	4863	A	0	0	4863	34.6
A_NP	576	5499	A	0	0	5499	34.1
A_NP	577	5295	C	0	0	5295	37.1
A_NP	578	6057	T	0	0	6057	36.6
A_NP	579	6329	A	0	0	6329	34.8
A_NP	580	5576	A	0	0	5576	34.9
A_NP	581	5887	T	0	0	5887	34.8
A_NP	582	6094	T	0	0	6094	35.2
A_NP	583	5855	C	0	0	5855	35.2
A_NP	584	6613	G	0	0	6613	35.9
A_NP	585	5418	A	0	0	5418	36.9
A_NP	586	6391	A	0	0	6391	37.0
A_NP	587	5534	T	0	0	5534	37.5
A_NP	588	5698	G	0	0	5698	35.7
A_NP	589	6421	A	0	0	6421	36.0
A_NP	590	5928	T	0	0	5928	35.8
A_NP	591	5587	C	0	0	5587	34.9
A_NP	592	5796	A	0	0	5796	35.1
A_NP	593	5858	A	0	0	5858	37.6
A_NP	594	5889	A	0	0	5889	35.3
A_NP	595	5961	C	0	0	5961	37.8
A_NP	596	6457	G	0	0	6457	34.1
A_NP	597	5746	A	0	0	5746	34.5
A_NP	598	6197	G	0	0	6197	36.3
A_NP	599	6101	G	0	0	6101	37.0
A_NP	600	6178	G	0	0	6178	34.1
A_NP	601	5700	A	0	0	5700	34.2
A_NP	602	6552	T	0	0	6552	37.0
A_NP	603	5808	C	0	0	5808	34.8
A_NP	604	6802	A	0	0	6802	37.3
A_NP	605	5638	A	0	0	5638	37.1
A_NP	606	5341	T	0	0	5341	37.2
A_NP	607	6884	G	0	0	6884	34.8
A_NP	608	6333	A	0	0	6333	36.2
A_NP	609	6788	T	0	0	6788	37.1
A_NP	610	6538	C	0	0	6538	35.9
A_NP	611	6187	G	0	0	6187	36.7
A_NP	612	6357	G	0	0	6357	34.3
A_NP	613	6463	A	0	0	6463	35.1
A_NP	614	6966	A	0	0	6966	36.5
A_NP	615	6789	T	0	0	6789	34.1
A_NP	616	6568	T	0	0	6568	35.3
A_NP	617	6848	T	0	0	6848	37.1
A_NP	618	5823	C	0	0	5823	37.0
A_NP	619	6450	T	0	0	6450	37.9
A_NP	620	6248	G	0	0	6248	34.2
A_NP	621	6994	G	0	0	6994	34.2
A_NP	622	6025	A	0	0	6025	37.2
A_NP	623	6501	G	0	0	6501	34.1
A_NP	624	7650	A	0	0	7650	36.9
A_NP	625	7109	G	0	0	7109	37.9
A_NP	626	7281	G	0	0	7281	37.9
A_NP	627	6557	C	0	0	6557	34.5
A_NP	628	6449	G	0	0	6449	35.6
A_NP	629	6707	A	0	0	6707	34.7
A_NP	630	6792	A	0	0	6792	36.6
A_NP	631	6627	A	0	0	6627	36.8
A_NP	632	6871	A	0	0	6871	36.3
A_NP	633	7859	C	0	0	7859	36.7
A_NP	634	6855	G	0	0	6855	35.0
A_NP	635	7087	G	0	0	7087	36.3
A_NP	636	7025	T	0	0	7025	34.8
A_NP	637	7200	C	0	0	7200	35.6
A_NP	638	8105	G	0	0	8105	35.9
A_NP	639	7707	G	0	0	7707	36.3
A_NP	640	6576	A	0	0	6576	35.0
A_NP	641	6948	G	0	0	6948	36.7
A_NP	642	7348	A	0	0	7348	36.4
A_NP	643	7258	A	0	0	7258	37.3
A_NP	644	7698	C	0	0	7698	35.2
A_NP	645	7461	C	0	0	7461	35.6
A_NP	646	7277	A	0	0	7277	38.0
A_NP	647	6883	G	0	0	6883	36.3
A_NP	648	7518	G	0	0	7518	34.5
A_NP	649	7627	A	0	0	7627	34.0
A_NP	650	7905	T	0	0	7905	35.9
A_NP	651	8339	T	0	0	8339	36.7
A_NP	652	7805	G	0	0	7805	34.1
A_NP	653	8050	C	0	0	8050	34.9
A_NP	654	7239	C	0	0	7239	35.1
A_NP	655	7758	T	0	0	7758	34.2
A_NP	656	7657	A	0	0	7657	37.5
A_NP	657	7753	C	0	0	7753	34.0
A_NP	658	8038	G	0	0	8038	35.7
A_NP	659	7993	A	0	0	7993	35.6
A_NP	660	7369	G	0	0	7369	36.8
A_NP	661	7549	A	0	0	7549	36.5
A_NP	662	7023	G	0	0	7023	36.7
A_NP	663	7819	A	0	0	7819	37.5
A_NP	664	8380	A	0	0	8380	36.1
A_NP	665	7089	T	0	0	7089	37.6
A_NP	666	7910	G	0	0	7910	35.3
A_NP	667	7239	T	0	0	7239	36.9
A_NP	668	8908	G	0	0	8908	36.1
A_NP	669	8626	C	0	0	8626	35.4
A_NP	670	7835	A	0	0	7835	36.1
A_NP	671	7550	A	0	0	7550	37.0
A_NP	672	7634	C	0	0	7634	37.8
A_NP	673	7997	A	0	0	7997	37.3
A_NP	674	8443	T	0	0	8443	37.1
A_NP	675	7585	C	0	0	7585	34.2
A_NP	676	8687	C	0	0	8687	37.9
A_NP	677	6747	T	0	0	6747	34.7
A_NP	678	7735	C	0	0	7735	37.9
A_NP	679	7424	A	0	0	7424	35.9
A_NP	680	8100	A	0	0	8100	37.9
A_NP	681	7890	G	0	0	7890	36.9
A_NP	682	8268	G	0	0	8268	36.2
A_NP	683	7609	G	0	0	7609	37.1
A_NP	684	7502	A	0	0	7502	35.5
A_NP	685	8290	A	0	0	8290	37.9
A_NP	686	8679	A	0	0	8679	36.1
A_NP	687	8144	G	0	0	8144	35.1
A_NP	688	8857	T	0	0	8857	37.8
A_NP	689	8868	T	0	0	8868	37.2
A_NP	690	7644	C	0	0	7644	36.8
A_NP	691	8335	C	0	0	8335	35.2
A_NP	692	8169	A	0	0	8169	35.1
A_NP	693	7532	A	0	0	7532	34.6
A_NP	694	7912	A	0	0	7912	37.2
A_NP	695	6947	C	0	0	6947	34.3
A_NP	696	8391	A	0	0	8391	35.2
A_NP	697	8267	G	0	0	8267	34.3
A_NP	698	7021	C	0	0	7021	37.7
A_NP	699	7406	A	0	0	7406	37.2
A_NP	700	7554	G	0	0	7554	35.9
A_NP	701	7494	C	0	0	7494	35.6
A_NP	702	7288	A	0	0	7288	35.8
A_NP	703	7938	C	0	0	7938	35.2
A_NP	704	8231	A	0	0	8231	35.3
A_NP	705	8228	A	0	0	8228	36.3
A_NP	706	7452	C	0	0	7452	35.8
A_NP	707	9408	G	0	0	9408	36.6
A_NP	708	7386	G	0	0	7386	35.8
A_NP	709	7279	G	0	0	7279	37.3
A_NP	710	8392	C	0	0	8392	37.8
A_NP	711	7497	A	0	0	7497	36.4
A_NP	712	7763	A	0	0	7763	34.4
A_NP	713	7416	T	0	0	7416	35.9
A_NP	714	7065	G	0	0	7065	37.0
A_NP	715	7309	A	0	0	7309	34.8
A_NP	716	7209	T	0	0	7209	36.2
A_NP	717	7669	G	0	0	7669	34.3
A_NP	718	6837	G	0	0	6837	37.6
A_NP	719	7311	A	0	0	7311	35.6
A_NP	720	7197	C	0	0	7197	37.2
A_NP	721	7172	C	0	0	7172	35.0
A_NP	722	6965	A	0	0	6965	37.2
A_NP	723	6524	A	0	0	6524	36.1
A_NP	724	6810	G	0	0	6810	35.7
A_NP	725	6866	T	0	0	6866	35.3
A_NP	726	7403	G	0	0	7403	37.3
A_NP	727	7230	A	0	0	7230	37.6
A_NP	728	7332	G	0	0	7332	36.0
A_NP	729	6656	A	0	0	6656	34.5
A_NP	730	7381	G	0	0	7381	34.6
A_NP	731	7183	A	0	0	7183	36.0
A_NP	732	6839	A	0	0	6839	34.1
A_NP	733	6502	A	0	0	6502	37.4
A_NP	734	7585	G	0	0	7585	37.4
A_NP	735	7375	C	0	0	7375	37.1
A_NP	736	6796	C	0	0	6796	36.4
A_NP	737	6130	G	0	0	6130	34.9
A_NP	738	7509	G	0	0	7509	36.7
A_NP	739	6392	A	0	0	6392	35.9
A_NP	740	6577	A	0	0	6577	34.8
A_NP	741	6582	T	0	0	6582	36.5
A_NP	742	6608	C	0	0	6608	34.3
A_NP	743	6394	C	0	0	6394	35.4
A_NP	744	7127	T	0	0	7127	36.1
A_NP	745	6501	G	0	0	6501	34.6
A_NP	746	6417	G	0	0	6417	36.2
A_NP	747	6309	G	0	0	6309	35.6
A_NP	748	6182	A	0	0	6182	35.6
A_NP	749	6158	A	0	0	6158	35.6
A_NP	750	6470	T	0	0	6470	36.6
A_NP	751	6668	G	0	0	6668	35.1
A_NP	752	6440	C	0	0	6440	35.0
A_NP	753	6075	T	0	0	6075	36.8
A_NP	754	6750	G	0	0	6750	35.4
A_NP	755	6032	A	0	0	6032	34.3
A_NP	756	6134	A	0	0	6134	35.8
A_NP	757	5759	A	0	0	5759	36.6
A_NP	758	5915	T	0	0	5915	34.8
A_NP	759	5769	T	0	0	5769	34.8
A_NP	760	5775	G	0	0	5775	37.7
A_NP	761	5664	A	0	0	5664	34.1
A_NP	762	5793	A	0	0	5793	35.7
A_NP	763	5436	G	0	0	5436	36.0
A_NP	764	6138	A	0	0	6138	36.7
A_NP	765	5519	T	0	0	5519	34.5
A_NP	766	5562	C	0	0	5562	34.9
A_NP	767	5320	T	0	0	5320	36.6
A_NP	768	6041	C	0	0	6041	37.5
A_NP	769	5232	A	0	0	5232	35.3
A_NP	770	5581	T	0	0	5581	37.5
A_NP	771	5546	C	0	0	5546	37.6
A_NP	772	5100	T	0	0	5100	35.8
A_NP	773	5582	T	0	0	5582	37.3
A_NP	774	6015	T	0	0	6015	35.4
A_NP	775	5608	C	0	0	5608	34.1
A_NP	776	5120	T	0	0	5120	37.6
A_NP	777	4970	C	0	0	4970	37.1
A_NP	778	5347	G	0	0	5347	34.9
A_NP	779	5241	C	0	0	5241	36.0
A_NP	780	5102	A	0	0	5102	37.2
A_NP	781	4692	C	0	0	4692	35.5
A_NP	782	5456	G	0	0	5456	34.1
A_NP	783	5586	A	0	0	5586	36.4
A_NP	784	4670	T	0	0	4670	34.9
A_NP	785	5217	C	0	0	5217	37.5
A_NP	786	4864	T	0	0	4864	36.1
A_NP	787	5293	G	0	0	5293	35.4
A_NP	788	5407	C	0	0	5407	35.7
A_NP	789	4730	T	0	0	4730	34.8
A_NP	790	4830	C	0	0	4830	37.1
A_NP	791	5160	T	0	0	5160	37.4
A_NP	792	4942	C	0	0	4942	35.6
A_NP	793	4508	A	0	0	4508	36.8
A_NP	794	4897	T	0	0	4897	36.9
A_NP	795	4595	C	0	0	4595	36.1
A_NP	796	4897	C	0	0	4897	34.4
A_NP	797	5492	T	0	0	5492	34.3
A_NP	798	4525	G	0	0	4525	35.8
A_NP	799	4477	A	0	0	4477	36.8
A_NP	800	4721	G	0	0	4721	35.7
A_NP	801	4691	G	0	0	4691	36.2
A_NP	802	5472	G	0	0	5472	34.5
A_NP	803	5331	G	0	0	5331	37.1
A_NP	804	5008	A	0	0	5008	35.7
A_NP	805	4167	T	0	0	4167	37.3
A_NP	806	4513	C	0	0	4513	37.1
A_NP	807	4923	A	0	0	4923	37.7
A_NP	808	4811	G	0	0	4811	34.1
A_NP	809	4608	T	0	0	4608	37.7
A_NP	810	4370	G	0	0	4370	37.4
A_NP	811	4388	G	0	0	4388	37.8
A_NP	812	4955	C	0	0	4955	36.7
A_NP	813	4864	T	0	0	4864	34.9
A_NP	814	4815	C	0	0	4815	36.3
A_NP	815	5014	A	0	0	5014	36.3
A_NP	816	5047	T	0	0	5047	36.5
A_NP	817	4732	A	0	0	4732	34.6
A_NP	818	4834	A	0	0	4834	34.9
A_NP	819	4712	G	0	0	4712	37.1
A_NP	820	4675	T	0	0	4675	36.7
A_NP	821	4682	C	0	0	4682	36.0
A_NP	822	5215	C	0	0	5215	37.7
A_NP	823	4318	T	0	0	4318	37.7
A_NP	824	4751	G	0	0	4751	35.4
A_NP	825	4954	T	0	0	4954	36.9
A_NP	826	4416	C	0	0	4416	36.2
A_NP	827	4838	T	0	0	4838	35.6
A_NP	828	4965	G	0	0	4965	35.3
A_NP	829	4839	C	0	0	4839	37.7
A_NP	830	5112	C	0	0	5112	37.6
A_NP	831	5003	T	0	0	5003	37.9
A_NP	832	5114	G	0	0	5114	36.7
A_NP	833	5345	C	0	0	5345	37.1
A_NP	834	5489	T	0	0	5489	35.4
A_NP	835	4908	T	0	0	4908	37.5
A_NP	836	4797	G	0	0	4797	36.2
A_NP	837	5011	C	0	0	5011	37.8
A_NP	838	5082	G	0	0	5082	34.8
A_NP	839	4884	T	0	0	4884	36.6
A_NP	840	5323	A	0	0	5323	37.4
A_NP	841	5217	T	0	0	5217	34.9
A_NP	842	4799	A	0	0	4799	37.9
A_NP	843	5236	T	0	0	5236	37.9
A_NP	844	5080	G	0	0	5080	36.3
A_NP	845	4681	G	0	0	4681	37.2
A_NP	846	4879	A	0	0	4879	37.9
A_NP	847	5351	C	0	0	5351	35.0
A_NP	848	5181	T	0	0	5181	37.7
A_NP	849	4668	T	0	0	4668	34.2
A_NP	850	4853	G	0	0	4853	37.4
A_NP	851	4723	C	0	0	4723	36.9
A_NP	852	4509	T	0	0	4509	36.6
A_NP	853	4969	G	0	0	4969	35.7
A_NP	854	4719	T	0	0	4719	36.1
A_NP	855	4764	A	0	0	4764	36.5
A_NP	856	4773	G	0	0	4773	34.4
A_NP	857	5059	C	0	0	5059	34.1
A_NP	858	5212	C	0	0	5212	34.5
A_NP	859	5018	A	0	0	5018	35.1
A_NP	860	4908	G	0	0	4908	34.5
A_NP	861	5035	T	0	0	5035	34.3
A_NP	862	5010	G	0	0	5010	36.8
A_NP	863	4898	G	0	0	4898	35.7
A_NP	864	4741	A	0	0	4741	34.5
A_NP	865	5530	T	0	0	5530	38.0
A_NP	866	5844	A	0	0	5844	36.0
A_NP	867	5068	T	0	0	5068	37.6
A_NP	868	5220	G	0	0	5220	35.9
A_NP	869	5200	A	0	0	5200	35.3
A_NP	870	5383	C	0	0	5383	37.2
A_NP	871	5344	T	0	0	5344	34.0
A_NP	872	5325	T	0	0	5325	34.9
A_NP	873	5387	T	0	0	5387	34.3
A_NP	874	5681	G	0	0	5681	35.0
A_NP	875	6077	A	0	0	6077	34.4
A_NP	876	5784	A	0	0	5784	36.0
A_NP	877	5441	A	0	0	5441	34.8
A_NP	878	5222	G	0	0	5222	36.5
A_NP	879	5153	A	0	0	5153	36.8
A_NP	880	5319	G	0	0	5319	35.9
A_NP	881	5369	A	0	0	5369	35.7
A_NP	882	5820	G	0	0	5820	35.0
A_NP	883	4910	G	0	0	4910	34.8
A_NP	884	5381	G	0	0	5381	36.9
A_NP	885	5162	A	0	0	5162	37.9
A_NP	886	5453	T	0	0	5453	36.7
A_NP	887	5711	A	0	0	5711	38.0
A_NP	888	6113	T	0	0	6113	36.3
A_NP	889	5258	T	0	0	5258	37.5
A_NP	890	5459	C	0	0	5459	37.7
A_NP	891	5363	T	0	0	5363	35.7
A_NP	892	5267	C	0	0	5267	36.9
A_NP	893	5507	T	0	0	5507	35.2
A_NP	894	5254	A	0	0	5254	36.3
A_NP	895	5309	G	0	0	5309	35.5
A_NP	896	5972	T	0	0	5972	37.2
A_NP	897	5311	C	0	0	5311	36.8
A_NP	898	5838	G	0	0	5838	34.6
A_NP	899	5227	G	0	0	5227	37.1
A_NP	900	5947	A	0	0	5947	34.7
A_NP	901	5835	A	0	0	5835	37.7
A_NP	902	5833	T	0	0	5833	35.6
A_NP	903	5651	T	0	0	5651	34.0
A_NP	904	5523	G	0	0	5523	36.9
A_NP	905	5997	A	0	0	5997	36.1
A_NP	906	5030	T	0	0	5030	35.2
A_NP	907	5679	C	0	0	5679	35.1
A_NP	908	5536	C	0	0	5536	35.2
A_NP	909	5599	T	0	0	5599	37.2
A_NP	910	5089	T	0	0	5089	35.8
A_NP	911	5736	T	0	0	5736	36.1
A_NP	912	5675	C	0	0	5675	36.5
A_NP	913	5273	C	0	0	5273	35.9
A_NP	914	5485	G	0	0	5485	36.2
A_NP	915	5179	T	0	0	5179	37.0
A_NP	916	5521	C	0	0	5521	34.2
A_NP	917	5532	T	0	0	5532	37.3
A_NP	918	5529	G	0	0	5529	35.2
A_NP	919	5383	C	0	0	5383	35.5
A_NP	920	4946	T	0	0	4946	36.5
A_NP	921	5226	C	0	0	5226	34.2
A_NP	922	5378	C	0	0	5378	37.5
A_NP	923	5242	A	0	0	5242	37.5
A_NP	924	5249	A	0	0	5249	37.0
A_NP	925	5241	A	0	0	5241	35.0
A_NP	926	5573	A	0	0	5573	34.3
A_NP	927	4846	C	0	0	4846	34.4
A_NP	928	5039	A	0	0	5039	37.8
A_NP	929	5155	G	0	0	5155	37.3
A_NP	930	5087	C	0	0	5087	34.4
A_NP	931	4988	C	0	0	4988	35.1
A_NP	932	4779	A	0	0	4779	35.1
A_NP	933	5093	A	0	0	5093	34.5
A_NP	934	5036	G	0	0	5036	36.3
A_NP	935	5170	T	0	0	5170	35.3
A_NP	936	4894	C	0	0	4894	36.0
A_NP	937	4794	T	0	0	4794	35.7
A_NP	938	4531	T	0	0	4531	34.9
A_NP	939	5332	C	0	0	5332	35.2
A_NP	940	5072	A	0	0	5072	34.3
A_NP	941	5631	G	0	0	5631	34.0
A_NP	942	5018	T	0	0	5018	35.3
A_NP	943	4799	C	0	0	4799	35.6
A_NP	944	5024	T	0	0	5024	34.1
A_NP	945	5081	C	0	0	5081	36.5
A_NP	946	4551	A	0	0	4551	34.5
A_NP	947	4665	T	0	0	4665	37.4
A_NP	948	4850	C	0	0	4850	35.7
A_NP	949	5003	A	0	0	5003	37.7
A_NP	950	4819	G	0	0	4819	36.9
A_NP	951	4727	A	0	0	4727	34.5
A_NP	952	4634	C	0	0	4634	35.8
A_NP	953	4284	C	0	0	4284	34.2
A_NP	954	4833	G	0	0	4833	34.4
A_NP	955	4653	A	0	0	4653	37.4
A_NP	956	4981	A	0	0	4981	37.9
A_NP	957	4908	C	0	0	4908	34.0
A_NP	958	4370	G	0	0	4370	34.7
A_NP	959	4866	A	0	0	4866	36.6
A_NP	960	4716	A	0	0	4716	37.5
A_NP	961	5008	A	0	0	5008	35.0
A_NP	962	4792	A	0	0	4792	35.9
A_NP	963	4541	T	0	0	4541	34.9
A_NP	964	4410	C	0	0	4410	37.0
A_NP	965	5091	C	0	0	5091	35.6
A_NP	966	4392	A	0	0	4392	34.8
A_NP	967	4570	G	0	0	4570	34.2
A_NP	968	4457	C	0	0	4457	36.5
A_NP	969	4456	T	0	0	4456	37.7
A_NP	970	4298	C	0	0	4298	36.5
A_NP	971	4536	A	0	0	4536	34.8
A_NP	972	4536	T	0	0	4536	35.1
A_NP	973	4457	A	0	0	4457	34.8
A_NP	974	4596	A	0	0	4596	37.7
A_NP	975	4332	A	0	0	4332	34.8
A_NP	976	4639	A	0	0	4639	36.9
A_NP	977	4519	G	0	0	4519	34.7
A_NP	978	4549	T	0	0	4549	36.6
A_NP	979	4381	C	0	0	4381	36.2
A_NP	980	4534	A	0	0	4534	34.0
A_NP	981	4108	G	0	0	4108	36.0
A_NP	982	4499	C	0	0	4499	37.6
A_NP	983	4831	T	0	0	4831	34.5
A_NP	984	4172	G	0	0	4172	37.6
A_NP	985	4253	G	0	0	4253	36.7
A_NP	986	4672	T	0	0	4672	34.4
A_NP	987	4726	A	0	0	4726	35.0
A_NP	988	4358	T	0	0	4358	35.3
A_NP	989	4436	G	0	0	4436	37.8
A_NP	990	4449	G	0	0	4449	35.4
A_NP	991	4341	A	0	0	4341	36.1
A_NP	992	4498	T	0	0	4498	35.7
A_NP	993	4291	G	0	0	4291	37.6
A_NP	994	4683	G	0	0	4683	35.7
A_NP	995	4340	C	0	0	4340	36.0
A_NP	996	4876	A	0	0	4876	37.5
A_NP	997	4428	T	0	0	4428	35.8
A_NP	998	4502	G	0	0	4502	35.2
A_NP	999	4383	C	0	0	4383	34.3
A_NP	1000	4764	C	0	0	4764	37.6
A_NP	1001	4682	A	0	0	4682	34.7
A_NP	1002	4754	C	0	0	4754	37.9
A_NP	1003	5394	T	0	0	5394	34.7
A_NP	1004	4623	C	0	0	4623	36.9
A_NP	1005	4385	T	0	0	4385	37.0
A_NP	1006	4725	G	0	0	4725	35.2
A_NP	1007	4614	C	0	0	4614	34.7
A_NP	1008	4334	G	0	0	4334	35.7
A_NP	1009	4409	G	0	0	4409	36.4
A_NP	1010	4664	C	0	0	4664	37.3
A_NP	1011	4476	A	0	0	4476	37.4
A_NP	1012	4367	T	0	0	4367	36.6
A_NP	1013	4587	T	0	0	4587	36.9
A_NP	1014	4551	T	0	0	4551	36.7
A_NP	1015	4528	G	0	0	4528	35.2
A_NP	1016	4189	A	0	0	4189	36.9
A_NP	1017	4949	G	0	0	4949	35.9
A_NP	1018	4884	G	0	0	4884	36.3
A_NP	1019	4722	A	0	0	4722	34.1
A_NP	1020	4612	T	0	0	4612	35.6
A_NP	1021	4718	C	0	0	4718	35.9
A_NP	1022	4748	T	0	0	4748	38.0
A_NP	1023	5045	G	0	0	5045	37.6
A_NP	1024	4765	A	0	0	4765	37.7
A_NP	1025	4794	G	0	0	4794	35.2
A_NP	1026	5341	A	0	0	5341	36.8
A_NP	1027	4913	G	0	0	4913	35.7
A_NP	1028	5057	T	0	0	5057	35.7
A_NP	1029	4996	G	0	0	4996	35.3
A_NP	1030	5209	T	0	0	5209	37.8
A_NP	1031	5073	C	0	0	5073	36.8
A_NP	1032	5115	A	0	0	5115	37.4
A_NP	1033	5199	A	0	0	5199	35.1
A_NP	1034	5106	G	0	0	5106	35.1
A_NP	1035	5532	C	0	0	5532	37.6
A_NP	1036	5423	T	0	0	5423	35.9
A_NP	1037	5257	T	0	0	5257	36.3
A_NP	1038	5359	C	0	0	5359	34.5
A_NP	1039	5154	A	0	0	5154	37.9
A_NP	1040	5398	T	0	0	5398	35.8
A_NP	1041	5735	C	0	0	5735	34.7
A_NP	1042	5560	A	0	0	5560	37.8
A_NP	1043	5375	G	0	0	5375	37.3
A_NP	1044	4830	A	0	0	4830	34.2
A_NP	1045	5139	G	0	0	5139	36.6
A_NP	1046	4827	G	0	0	4827	36.3
A_NP	1047	5568	G	0	0	5568	37.8
A_NP	1048	5580	A	0	0	5580	34.8
A_NP	1049	5719	C	0	0	5719	36.6
A_NP	1050	5510	A	0	0	5510	34.5
A_NP	1051	5799	A	0	0	5799	37.3
A_NP	1052	5841	G	0	0	5841	36.2
A_NP	1053	5636	A	0	0	5636	34.3
A_NP	1054	6204	G	0	0	6204	35.8
A_NP	1055	5989	T	0	0	5989	35.8
A_NP	1056	6837	A	0	0	6837	34.5
A_NP	1057	5933	G	0	0	5933	34.9
A_NP	1058	6050	T	0	0	6050	35.1
A_NP	1059	6526	C	0	0	6526	34.3
A_NP	1060	6085	C	0	0	6085	34.1
A_NP	1061	6157	C	0	0	6157	36.3
A_NP	1062	6601	A	0	0	6601	36.3
A_NP	1063	6018	A	0	0	6018	38.0
A_NP	1064	6970	G	0	0	6970	37.6
A_NP	1065	5942	A	0	0	5942	36.7
A_NP	1066	6395	G	0	0	6395	34.7
A_NP	1067	7171	G	0	0	7171	34.0
A_NP	1068	6668	A	0	0	6668	35.3
A_NP	1069	6748	C	0	0	6748	37.8
A_NP	1070	7250	A	0	0	7250	34.3
A_NP	1071	7294	A	0	0	7294	36.0
A_NP	1072	6802	C	0	0	6802	37.3
A_NP	1073	6816	T	0	0	6816	37.1
A_NP	1074	6797	G	0	0	6797	37.7
A_NP	1075	7389	T	0	0	7389	37.2
A_NP	1076	7171	C	0	0	7171	35.9
A_NP	1077	7272	C	0	0	7272	37.1
A_NP	1078	6692	A	0	0	6692	36.1
A_NP	1079	6441	C	0	0	6441	37.5
A_NP	1080	7223	C	0	0	7223	35.7
A_NP	1081	6883	A	0	0	6883	36.8
A_NP	1082	7591	G	0	0	7591	35.2
A_NP	1083	6941	A	0	0	6941	35.3
A_NP	1084	7469	G	0	0	7469	34.8
A_NP	1085	7187	G	0	0	7187	35.4
A_NP	1086	6358	A	0	0	6358	36.5
A_NP	1087	6866	G	0	0	6866	34.4
A_NP	1088	7223	T	0	0	7223	34.3
A_NP	1089	7379	T	0	0	7379	36.7
A_NP	1090	6828	C	0	0	6828	36.3
A_NP	1091	7178	A	0	0	7178	37.5
A_NP	1092	7038	G	0	0	7038	34.7
A_NP	1093	7244	A	0	0	7244	37.2
A_NP	1094	7814	T	0	0	7814	36.4
A_NP	1095	7578	T	0	0	7578	34.3
A_NP	1096	7196	G	0	0	7196	34.6
A_NP	1097	7488	C	0	0	7488	38.0
A_NP	1098	6657	T	0	0	6657	36.9
A_NP	1099	7307	T	0	0	7307	36.7
A_NP	1100	7899	C	0	0	7899	37.2
A_NP	1101	7788	A	0	0	7788	35.5
A_NP	1102	7159	A	0	0	7159	34.3
A_NP	1103	7489	A	0	0	7489	34.3
A_NP	1104	7712	T	0	0	7712	34.2
A_NP	1105	7144	G	0	0	7144	37.9
A_NP	1106	7354	A	0	0	7354	36.5
A_NP	1107	8202	A	0	0	8202	34.7
A_NP	1108	7794	A	0	0	7794	37.6
A_NP	1109	7627	A	0	0	7627	36.1
A_NP	1110	7652	C	0	0	7652	36.3
A_NP	1111	7908	A	0	0	7908	34.3
A_NP	1112	7835	T	0	0	7835	34.2
A_NP	1113	7969	G	0	0	7969	34.4
A_NP	1114	7483	G	0	0	7483	34.7
A_NP	1115	8320	A	0	0	8320	35.4
A_NP	1116	8087	G	0	0	8087	36.8
A_NP	1117	7970	A	0	0	7970	37.8
A_NP	1118	7382	C	0	0	7382	36.4
A_NP	1119	6913	A	0	0	6913	37.8
A_NP	1120	7706	A	0	0	7706	36.2
A_NP	1121	7418	T	0	0	7418	36.7
A_NP	1122	8225	G	0	0	8225	35.0
A_NP	1123	7891	G	0	0	7891	36.3
A_NP	1124	8200	A	0	0	8200	37.5
A_NP	1125	8090	C	0	0	8090	37.3
A_NP	1126	7418	T	0	0	7418	35.8
A_NP	1127	6936	C	0	0	6936	36.2
A_NP	1128	8044	C	0	0	8044	37.9
A_NP	1129	7708	A	0	0	7708	37.2
A_NP	1130	7794	G	0	0	7794	37.2
A_NP	1131	8108	T	0	0	8108	35.2
A_NP	1132	7796	A	0	0	7796	36.1
A_NP	1133	7590	C	0	0	7590	36.5
A_NP	1134	7749	T	0	0	7749	36.0
A_NP	1135	8043	C	0	0	8043	37.0
A_NP	1136	7622	T	0	0	7622	36.1
A_NP	1137	6783	T	0	0	6783	34.2
A_NP	1138	7612	G	0	0	7612	37.4
A_NP	1139	7847	A	0	0	7847	36.3
A_NP	1140	7672	A	0	0	7672	35.5
A_NP	1141	7686	C	0	0	7686	35.2
A_NP	1142	7751	T	0	0	7751	36.2
A_NP	1143	7743	G	0	0	7743	34.8
A_NP	1144	8000	A	0	0	8000	37.5
A_NP	1145	7329	G	0	0	7329	37.7
A_NP	1146	7458	G	0	0	7458	35.3
A_NP	1147	7157	A	0	0	7157	35.2
A_NP	1148	7285	G	0	0	7285	35.5
A_NP	1149	7995	C	0	0	7995	35.4
A_NP	1150	7310	A	0	0	7310	35.2
A_NP	1151	8337	G	0	0	8337	36.1
A_NP	1152	7977	A	0	0	7977	35.8
A_NP	1153	7915	T	0	0	7915	36.3
A_NP	1154	7382	A	0	0	7382	36.9
A_NP	1155	7393	C	0	0	7393	37.2
A_NP	1156	7388	T	0	0	7388	36.3
A_NP	1157	7520	G	0	0	7520	37.4
A_NP	1158	7764	G	0	0	7764	36.7
A_NP	1159	7727	G	0	0	7727	36.7
A_NP	1160	6412	C	0	0	6412	37.2
A_NP	1161	6966	T	0	0	6966	34.1
A_NP	1162	7174	A	0	0	7174	36.2
A_NP	1163	7130	T	0	0	7130	36.6
A_NP	1164	7320	A	0	0	7320	36.1
A_NP	1165	7485	A	0	0	7485	34.3
A_NP	1166	7208	G	0	0	7208	36.7
A_NP	1167	7306	A	0	0	7306	37.2
A_NP	1168	6517	A	0	0	6517	37.4
A_NP	1169	8168	C	0	0	8168	34.8
A_NP	1170	6318	A	0	0	6318	34.7
A_NP	1171	7706	A	0	0	7706	35.5
A_NP	1172	6874	G	0	0	6874	37.4
A_NP	1173	7430	A	0	0	7430	34.8
A_NP	1174	6739	A	0	0	6739	34.6
A_NP	1175	6879	G	0	0	6879	36.8
A_NP	1176	7318	T	0	0	7318	35.7
A_NP	1177	6466	G	0	0	6466	35.8
A_NP	1178	6816	G	0	0	6816	37.2
A_NP	1179	7081	A	0	0	7081	34.4
A_NP	1180	6535	G	0	0	6535	36.7
A_NP	1181	7224	G	0	0	7224	34.8
A_NP	1182	6138	A	0	0	6138	37.5
A_NP	1183	7017	A	0	0	7017	34.1
A_NP	1184	6820	A	0	0	6820	34.8
A_NP	1185	6168	C	0	0	6168	35.5
A_NP	1186	6660	A	0	0	6660	37.8
A_NP	1187	6145	C	0	0	6145	36.8
A_NP	1188	6426	T	0	0	6426	36.3
A_NP	1189	6568	A	0	0	6568	35.6
A_NP	1190	6286	A	0	0	6286	36.8
A_NP	1191	6834	C	0	0	6834	35.8
A_NP	1192	6376	C	0	0	6376	36.0
A_NP	1193	6287	A	0	0	6287	34.0
A_NP	1194	7081	A	0	0	7081	34.3
A_NP	1195	7473	C	0	0	7473	35.2
A_NP	1196	6582	A	0	0	6582	34.2
A_NP	1197	7290	G	0	0	7290	35.7
A_NP	1198	6418	A	0	0	6418	35.1
A_NP	1199	7204	G	0	0	7204	37.7
A_NP	1200	6232	A	0	0	6232	35.1
A_NP	1201	6414	G	0	0	6414	34.0
A_NP	1202	6342	C	0	0	6342	34.6
A_NP	1203	6026	A	0	0	6026	36.1
A_NP	1204	6125	T	0	0	6125	35.2
A_NP	1205	5798	C	0	0	5798	36.3
A_NP	1206	5747	T	0	0	5747	37.7
A_NP	1207	6581	G	0	0	6581	37.5
A_NP	1208	6061	C	0	0	6061	34.7
A_NP	1209	6084	A	0	0	6084	34.4
A_NP	1210	6441	G	0	0	6441	36.1
A_NP	1211	5838	G	0	0	5838	35.7
A_NP	1212	6616	A	0	0	6616	36.1
A_NP	1213	6327	C	0	0	6327	36.4
A_NP	1214	6702	A	0	0	6702	37.9
A_NP	1215	6566	A	0	0	6566	34.7
A_NP	1216	5499	A	0	0	5499	36.2
A_NP	1217	6544	T	0	0	6544	34.6
A_NP	1218	5991	C	0	0	5991	34.1
A_NP	1219	5714	A	0	0	5714	34.5
A_NP	1220	6288	G	0	0	6288	34.9
A_NP	1221	6102	C	0	0	6102	37.3
A_NP	1222	6422	G	0	0	6422	36.7
A_NP	1223	6289	T	0	0	6289	35.9
A_NP	1224	5972	A	0	0	5972	36.9
A_NP	1225	5840	C	0	0	5840	34.4
A_NP	1226	5984	A	0	0	5984	34.3
A_NP	1227	5954	G	0	0	5954	36.0
A_NP	1228	5411	C	0	0	5411	35.5
A_NP	1229	5998	C	0	0	5998	35.6
A_NP	1230	6337	C	0	0	6337	37.3
A_NP	1231	6113	A	0	0	6113	34.5
A_NP	1232	5896	C	0	0	5896	37.8
A_NP	1233	5586	A	0	0	5586	37.2
A_NP	1234	5884	T	0	0	5884	37.2
A_NP	1235	5397	T	0	0	5397	37.2
A_NP	1236	6762	C	0	0	6762	37.7
A_NP	1237	5386	T	0	0	5386	34.5
A_NP	1238	5895	C	0	0	5895	34.2
A_NP	1239	5764	T	0	0	5764	34.9
A_NP	1240	6198	G	0	0	6198	36.8
A_NP	1241	6176	T	0	0	6176	34.6
A_NP	1242	5966	G	0	0	5966	34.6
A_NP	1243	5832	C	0	0	5832	36.0
A_NP	1244	6092	A	0	0	6092	35.0
A_NP	1245	5894	A	0	0	5894	34.4
A_NP	1246	5397	A	0	0	5397	35.3
A_NP	1247	5784	G	0	0	5784	35.0
A_NP	1248	5772	A	0	0	5772	36.5
A_NP	1249	7085	A	0	0	7085	37.5
A_NP	1250	6078	A	0	0	6078	37.2
A_NP	1251	5762	C	0	0	5762	36.6
A_NP	1252	5858	C	0	0	5858	35.3
A_NP	1253	6429	T	0	0	6429	34.8
A_NP	1254	6741	C	0	0	6741	37.2
A_NP	1255	5830	C	0	0	5830	37.1
A_NP	1256	5845	C	0	0	5845	37.3
A_NP	1257	5262	A	0	0	5262	35.4
A_NP	1258	6035	T	0	0	6035	35.2
A_NP	1259	6210	T	0	0	6210	37.0
A_NP	1260	6261	C	0	0	6261	37.2
A_NP	1261	5937	G	0	0	5937	37.6
A_NP	1262	5702	A	0	0	5702	37.2
A_NP	1263	6322	G	0	0	6322	34.3
A_NP	1264	5368	A	0	0	5368	36.2
A_NP	1265	6191	G	0	0	6191	35.2
A_NP	1266	5971	A	0	0	5971	37.4
A_NP	1267	6186	G	0	0	6186	34.5
A_NP	1268	5960	C	0	0	5960	34.6
A_NP	1269	6591	A	0	0	6591	35.0
A_NP	1270	5960	A	0	0	5960	36.1
A_NP	1271	5205	C	0	0	5205	36.5
A_NP	1272	5637	C	0	0	5637	36.0
A_NP	1273	5953	A	0	0	5953	37.6
A_NP	1274	5855	T	0	0	5855	35.7
A_NP	1275	6096	C	0	0	6096	37.0
A_NP	1276	5913	A	0	0	5913	37.2
A_NP	1277	6438	T	0	0	6438	36.1
A_NP	1278	6196	G	0	0	6196	35.6
A_NP	1279	5996	G	0	0	5996	37.0
A_NP	1280	6363	C	0	0	6363	36.2
A_NP	1281	6745	A	0	0	6745	34.7
A_NP	1282	5854	G	0	0	5854	34.8
A_NP	1283	5795	C	0	0	5795	34.9
A_NP	1284	5547	A	0	0	5547	34.7
A_NP	1285	6151	T	0	0	6151	36.3
A_NP	1286	6398	T	0	0	6398	37.0
A_NP	1287	6777	T	0	0	6777	36.1
A_NP	1288	5853	A	0	0	5853	35.6
A_NP	1289	6523	C	0	0	6523	34.9
A_NP	1290	6097	G	0	0	6097	36.7
A_NP	1291	6085	G	0	0	6085	35.0
A_NP	1292	5869	G	0	0	5869	35.7
A_NP	1293	6830	A	0	0	6830	36.2
A_NP	1294	6276	A	0	0	6276	35.1
A_NP	1295	6773	A	0	0	6773	36.2
A_NP	1296	5770	C	0	0	5770	37.5
A_NP	1297	6555	A	0	0	6555	34.0
A_NP	1298	6189	C	0	0	6189	37.1
A_NP	1299	6335	T	0	0	6335	36.5
A_NP	1300	5999	G	0	0	5999	37.8
A_NP	1301	5899	A	0	0	5899	36.0
A_NP	1302	6980	A	0	0	6980	36.7
A_NP	1303	6121	G	0	0	6121	36.9
A_NP	1304	6202	G	0	0	6202	35.2
A_NP	1305	6338	C	0	0	6338	36.7
A_NP	1306	6379	A	0	0	6379	35.7
A_NP	1307	6986	G	0	0	6986	37.9
A_NP	1308	5829	A	0	0	5829	36.5
A_NP	1309	6871	A	0	0	6871	35.5
A_NP	1310	6094	C	0	0	6094	37.3
A_NP	1311	6173	T	0	0	6173	35.3
A_NP	1312	6034	T	0	0	6034	35.2
A_NP	1313	6119	C	0	0	6119	35.4
A_NP	1314	5679	A	0	0	5679	34.9
A_NP	1315	5890	G	0	0	5890	36.8
A_NP	1316	6641	A	0	0	6641	36.2
A_NP	1317	6310	C	0	0	6310	34.4
A_NP	1318	6102	A	0	0	6102	37.5
A_NP	1319	6496	T	0	0	6496	37.8
A_NP	1320	6567	G	0	0	6567	34.8
A_NP	1321	6995	A	0	0	6995	37.4
A_NP	1322	6144	G	0	0	6144	36.7
A_NP	1323	6941	A	0	0	6941	36.7
A_NP	1324	6691	A	0	0	6691	35.5
A_NP	1325	6190	C	0	0	6190	37.3
A_NP	1326	6236	T	0	0	6236	36.0
A_NP	1327	5678	G	0	0	5678	35.2
A_NP	1328	5903	A	0	0	5903	36.3
A_NP	1329	6633	G	0	0	6633	37.2
A_NP	1330	6424	A	0	0	6424	37.5
A_NP	1331	6310	T	0	0	6310	34.2
A_NP	1332	5947	C	0	0	5947	35.0
A_NP	1333	6534	A	0	0	6534	35.6
A_NP	1334	6599	T	0	0	6599	35.1
A_NP	1335	5966	A	0	0	5966	37.9
A_NP	1336	5975	A	0	0	5975	37.5
A_NP	1337	5685	G	0	0	5685	35.3
A_NP	1338	5989	G	0	0	5989	34.1
A_NP	1339	5547	A	0	0	5547	36.4
A_NP	1340	5566	T	0	0	5566	34.4
A_NP	1341	5686	G	0	0	5686	37.8
A_NP	1342	5836	A	0	0	5836	34.2
A_NP	1343	5699	T	0	0	5699	34.4
A_NP	1344	5712	G	0	0	5712	36.9
A_NP	1345	5706	G	0	0	5706	37.2
A_NP	1346	6149	A	0	0	6149	36.8
A_NP	1347	6058	A	0	0	6058	36.9
A_NP	1348	5346	A	0	0	5346	37.8
A_NP	1349	6021	A	0	0	6021	37.9
A_NP	1350	5718	T	0	0	5718	34.2
A_NP	1351	5608	G	0	0	5608	36.2
A_NP	1352	5425	C	0	0	5425	37.8
A_NP	1353	6263	C	0	0	6263	35.9
A_NP	1354	5514	A	0	0	5514	35.6
A_NP	1355	5412	G	0	0	5412	34.5
A_NP	1356	5365	A	0	0	5365	36.3
A_NP	1357	5506	C	0	0	5506	36.9
A_NP	1358	5395	C	0	0	5395	34.9
A_NP	1359	5657	T	0	0	5657	37.8
A_NP	1360	5780	G	0	0	5780	37.4
A_NP	1361	4664	A	0	0	4664	35.6
A_NP	1362	5170	A	0	0	5170	36.7
A_NP	1363	5204	G	0	0	5204	34.4
A_NP	1364	5677	A	0	0	5677	35.5
A_NP	1365	5034	T	0	0	5034	34.4
A_NP	1366	5246	G	0	0	5246	34.5
A_NP	1367	5155	T	0	0	5155	37.0
A_NP	1368	4874	G	0	0	4874	35.8
A_NP	1369	5286	T	0	0	5286	35.1
A_NP	1370	5073	C	0	0	5073	35.4
A_NP	1371	4713	T	0	0	4713	36.7
A_NP	1372	4570	T	0	0	4570	36.7
A_NP	1373	4781	T	0	0	4781	35.2
A_NP	1374	5035	C	0	0	5035	37.3
A_NP	1375	4724	C	0	0	4724	36.9
A_NP	1376	5087	A	0	0	5087	36.9
A_NP	1377	5441	G	0	0	5441	36.1
A_NP	1378	4796	G	0	0	4796	35.4
A_NP	1379	4987	G	0	0	4987	35.0
A_NP	1380	4814	G	0	0	4814	35.7
A_NP	1381	5105	C	0	0	5105	37.6
A_NP	1382	4536	G	0	0	4536	36.6
A_NP	1383	4646	G	0	0	4646	37.9
A_NP	1384	4842	G	0	0	4842	34.7
A_NP	1385	4661	G	0	0	4661	35.8
A_NP	1386	4667	A	0	0	4667	34.8
A_NP	1387	4876	G	0	0	4876	37.7
A_NP	1388	4413	T	0	0	4413	37.6
A_NP	1389	4159	C	0	0	4159	34.9
A_NP	1390	4207	T	0	0	4207	36.4
A_NP	1391	4805	T	0	0	4805	36.2
A_NP	1392	4119	C	0	0	4119	37.6
A_NP	1393	4312	G	0	0	4312	35.8
A_NP	1394	4267	A	0	0	4267	34.9
A_NP	1395	4525	G	0	0	4525	35.9
A_NP	1396	4541	C	0	0	4541	36.6
A_NP	1397	4520	T	0	0	4520	37.1
A_NP	1398	3958	C	0	0	3958	34.6
A_NP	1399	4095	T	0	0	4095	34.3
A_NP	1400	4262	C	0	0	4262	34.3
A_NP	1401	4217	G	0	0	4217	35.9
A_NP	1402	4255	G	0	0	4255	36.9
A_NP	1403	4500	A	0	0	4500	35.1
A_NP	1404	3910	C	0	0	3910	36.0
A_NP	1405	4095	G	0	0	4095	34.1
A_NP	1406	4136	A	0	0	4136	35.4
A_NP	1407	4199	A	0	0	4199	35.4
A_NP	1408	3943	A	0	0	3943	34.0
A_NP	1409	4175	A	0	0	4175	36.4
A_NP	1410	3919	G	0	0	3919	37.0
A_NP	1411	3567	G	0	0	3567	37.5
A_NP	1412	3616	C	0	0	3616	34.5
A_NP	1413	3753	A	0	0	3753	35.5
A_NP	1414	3592	A	0	0	3592	35.3
A_NP	1415	3908	C	0	0	3908	34.0
A_NP	1416	3650	G	0	0	3650	36.7
A_NP	1417	3340	A	0	0	3340	36.1
A_NP	1418	3814	A	0	0	3814	36.8
A_NP	1419	3468	C	0	0	3468	37.1
A_NP	1420	3454	C	0	0	3454	37.5
A_NP	1421	3275	C	0	0	3275	37.7
A_NP	1422	3123	G	0	0	3123	35.2
A_NP	1423	3215	A	0	0	3215	37.6
A_NP	1424	2850	T	0	0	2850	35.5
A_NP	1425	2888	C	0	0	2888	36.4
A_NP	1426	3037	G	0	0	3037	35.0
A_NP	1427	3358	T	0	0	3358	34.6
A_NP	1428	3003	G	0	0	3003	35.5
A_NP	1429	2743	C	0	0	2743	36.0
A_NP	1430	2873	C	0	0	2873	37.8
A_NP	1431	2885	T	0	0	2885	35.2
A_NP	1432	2814	T	0	0	2814	35.2
A_NP	1433	2863	C	0	0	2863	34.8
A_NP	1434	2729	C	0	0	2729	36.2
A_NP	1435	2676	T	0	0	2676	37.2
A_NP	1436	2660	T	0	0	2660	34.3
A_NP	1437	2684	T	0	0	2684	34.9
A_NP	1438	2604	G	0	0	2604	34.0
A_NP	1439	2583	A	0	0	2583	36.6
A_NP	1440	2141	C	0	0	2141	36.5
A_NP	1441	2317	A	0	0	2317	35.5
A_NP	1442	2569	T	0	0	2569	36.3
A_NP	1443	2461	G	0	0	2461	37.3
A_NP	1444	2059	A	0	0	2059	34.1
A_NP	1445	2567	G	0	0	2567	34.8
A_NP	1446	2131	T	0	0	2131	37.3
A_NP	1447	2317	A	0	0	2317	35.8
A_NP	1448	2260	A	0	0	2260	37.3
A_NP	1449	2147	T	0	0	2147	35.1
A_NP	1450	2128	G	0	0	2128	36.2
A_NP	1451	2179	A	0	0	2179	36.2
A_NP	1452	2008	A	0	0	2008	36.9
A_NP	1453	1807	G	0	0	1807	34.7
A_NP	1454	1900	G	0	0	1900	34.1
A_NP	1455	1928	A	0	0	1928	37.5
A_NP	1456	1928	T	0	0	1928	37.8
A_NP	1457	1781	C	0	0	1781	35.8
A_NP	1458	1738	T	0	0	1738	36.2
A_NP	1459	1799	T	0	0	1799	36.1
A_NP	1460	1721	A	0	0	1721	36.2
A_NP	1461	1608	T	0	0	1608	34.2
A_NP	1462	1534	T	0	0	1534	35.7
A_NP	1463	1597	T	0	0	1597	38.0
A_NP	1464	1708	C	0	0	1708	35.6
A_NP	1465	1695	T	0	0	1695	34.4
A_NP	1466	1412	T	0	0	1412	35.6
A_NP	1467	1373	C	0	0	1373	36.6
A_NP	1468	1463	G	0	0	1463	37.6
A_NP	1469	1431	G	0	0	1431	38.0
A_NP	1470	1463	A	0	0	1463	35.2
A_NP	1471	1354	G	0	0	1354	36.2
A_NP	1472	1227	A	0	0	1227	37.3
A_NP	1473	1118	C	0	0	1118	35.1
A_NP	1474	1075	A	0	0	1075	35.7
A_NP	1475	1177	A	0	0	1177	37.7
A_NP	1476	1133	T	0	0	1133	35.4
A_NP	1477	1013	G	0	0	1013	34.7
A_NP	1478	1074	C	0	0	1074	37.2
A_NP	1479	907	A	0	0	907	37.1
A_NP	1480	842	G	0	0	842	34.8
A_NP	1481	871	A	0	0	871	34.2
A_NP	1482	895	G	0	0	895	34.9
A_NP	1483	766	G	0	0	766	36.0
A_NP	1484	642	A	0	0	642	37.9
A_NP	1485	671	G	0	0	671	35.3
A_NP	1486	620	T	0	0	620	36.4
A_NP	1487	597	A	0	0	597	36.6
A_NP	1488	475	T	0	0	475	37.0
A_NP	1489	420	G	0	0	420	35.8
A_NP	1490	352	A	0	0	352	37.7
A_NP	1491	356	C	0	0	356	36.8
A_NP	1492	299	A	0	0	299	37.5
A_NP	1493	239	A	0	0	239	34.5
A_NP	1494	208	T	0	0	208	35.7
A_NP	1495	115	T	0	0	115	37.5
A_NP	1496	55	A	0	0	55	35.4
A_NP	1497	0	A	0	0	0	34.1
