Reference_Name	Position	Coverage Depth	Consensus	Deletions	Ambiguous	Consensus_Count	Consensus_Average_Quality
A_PB2	1	27	A	0	0	27	36.5
A_PB2	2	52	T	0	0	52	34.2
A_PB2	3	77	G	0	0	77	35.6
A_PB2	4	111	G	0	0	111	36.5
A_PB2	5	116	A	0	0	116	35.7
A_PB2	6	149	G	0	0	149	36.2
A_PB2	7	178	A	0	0	178	34.8
A_PB2	8	181	G	0	0	181	34.2
A_PB2	9	209	A	0	0	209	35.9
A_PB2	10	244	A	0	0	244	36.8
A_PB2	11	261	T	0	0	261	34.4
A_PB2	12	279	A	0	0	279	37.0
A_PB2	13	319	A	0	0	319	36.6
A_PB2	14	326	A	0	0	326	36.3
A_PB2	15	387	A	0	0	387	37.1
A_PB2	16	323	G	0	0	323	35.6
A_PB2	17	423	A	0	0	423	37.2
A_PB2	18	420	A	0	0	420	35.9
A_PB2	19	428	C	0	0	428	35.0
A_PB2	20	434	T	0	0	434	34.1
A_PB2	21	454	A	0	0	454	34.7
A_PB2	22	493	A	0	0	493	37.2
A_PB2	23	545	G	0	0	545	36.9
A_PB2	24	544	A	0	0	544	37.5
A_PB2	25	550	G	0	0	550	36.8
A_PB2	26	570	A	0	0	570	35.8
A_PB2	27	589	T	0	0	589	35.9
A_PB2	28	631	C	0	0	631	35.4
A_PB2	29	725	T	0	0	725	36.7
A_PB2	30	697	A	0	0	697	35.1
A_PB2	31	714	A	0	0	714	35.4
A_PB2	32	736	T	0	0	736	36.8
A_PB2	33	637	G	0	0	637	34.1
A_PB2	34	780	T	0	0	780	34.5
A_PB2	35	690	C	0	0	690	36.3
A_PB2	36	793	A	0	0	793	35.3
A_PB2	37	725	C	0	0	725	36.2
A_PB2	38	837	A	0	0	837	35.5
A_PB2	39	947	G	0	0	947	36.8
A_PB2	40	882	T	0	0	882	37.4
A_PB2	41	809	C	0	0	809	36.0
A_PB2	42	935	T	0	0	935	36.1
A_PB2	43	817	C	0	0	817	34.5
A_PB2	44	934	G	0	0	934	34.2
A_PB2	45	819	C	0	0	819	37.2
A_PB2	46	955	A	0	0	955	37.9
A_PB2	47	962	C	0	0	962	34.8
A_PB2	48	1085	T	0	0	1085	35.0
A_PB2	49	991	C	0	0	991	36.2
A_PB2	50	945	G	0	0	945	34.2
A_PB2	51	930	C	0	0	930	35.4
A_PB2	52	1018	G	0	0	1018	35.8
A_PB2	53	1110	A	0	0	1110	37.8
A_PB2	54	1046	G	0	0	1046	34.8
A_PB2	55	1123	A	0	0	1123	35.8
A_PB2	56	1041	T	0	0	1041	35.6
A_PB2	57	1215	A	0	0	1215	37.9
A_PB2	58	964	C	0	0	964	35.1
A_PB2	59	1043	T	0	0	1043	36.1
A_PB2	60	1114	G	0	0	1114	35.5
A_PB2	61	1233	A	0	0	1233	36.9
A_PB2	62	1260	C	0	0	1260	37.1
A_PB2	63	1162	C	0	0	1162	34.7
A_PB2	64	1143	A	0	0	1143	36.4
A_PB2	65	1304	A	0	0	1304	37.3
A_PB2	66	1309	A	0	0	1309	36.2
A_PB2	67	1193	A	0	0	1193	35.0
A_PB2	68	1455	C	0	0	1455	37.1
A_PB2	69	1383	C	0	0	1383	35.6
A_PB2	70	1449	A	0	0	1449	37.3
A_PB2	71	1558	C	0	0	1558	37.0
A_PB2	72	1267	T	0	0	1267	37.4
A_PB2	73	1361	G	0	0	1361	35.7
A_PB2	74	1361	T	0	0	1361	37.3
A_PB2	75	1455	T	0	0	1455	35.9
A_PB2	76	1541	G	0	0	1541	37.6
A_PB2	77	1378	A	0	0	1378	35.5
A_PB2	78	1382	C	0	0	1382	36.8
A_PB2	79	1588	C	0	0	1588	35.4
A_PB2	80	1487	A	0	0	1487	37.5
A_PB2	81	1463	C	0	0	1463	35.0
A_PB2	82	1477	A	0	0	1477	35.7
A_PB2	83	1500	T	0	0	1500	37.0
A_PB2	84	1532	G	0	0	1532	35.9
A_PB2	85	1566	G	0	0	1566	35.3
A_PB2	86	1633	C	0	0	1633	37.5
A_PB2	87	1553	C	0	0	1553	37.6
A_PB2	88	1676	A	0	0	1676	37.6
A_PB2	89	1663	T	0	0	1663	36.2
A_PB2	90	1657	A	0	0	1657	36.2
A_PB2	91	1649	A	0	0	1649	34.2
A_PB2	92	1587	T	0	0	1587	34.3
A_PB2	93	1665	C	0	0	1665	35.6
A_PB2	94	1720	A	0	0	1720	34.4
A_PB2	95	1862	A	0	0	1862	34.1
A_PB2	96	1896	A	0	0	1896	35.7
A_PB2	97	1828	A	0	0	1828	35.6
A_PB2	98	1765	A	0	0	1765	34.5
A_PB2	99	1696	G	0	0	1696	37.6
A_PB2	100	1719	T	0	0	1719	35.0
A_PB2	101	1739	A	0	0	1739	34.3
A_PB2	102	1944	C	0	0	1944	38.0
A_PB2	103	1736	A	0	0	1736	36.0
A_PB2	104	1785	C	0	0	1785	36.9
A_PB2	105	1978	A	0	0	1978	37.0
A_PB2	106	2107	T	0	0	2107	36.9
A_PB2	107	1873	C	0	0	1873	37.4
A_PB2	108	1808	G	0	0	1808	37.3
A_PB2	109	1951	G	0	0	1951	36.0
A_PB2	110	2012	G	0	0	2012	34.9
A_PB2	111	1950	A	0	0	1950	35.7
A_PB2	112	2079	A	0	0	2079	37.1
A_PB2	113	2010	G	0	0	2010	37.4
A_PB2	114	1879	G	0	0	1879	37.3
A_PB2	115	2255	C	0	0	2255	36.6
A_PB2	116	2127	A	0	0	2127	37.4
A_PB2	117	2181	A	0	0	2181	35.8
A_PB2	118	2238	G	0	0	2238	35.5
A_PB2	119	2389	A	0	0	2389	34.4
A_PB2	120	2348	G	0	0	2348	37.8
A_PB2	121	2403	A	0	0	2403	36.9
A_PB2	122	2293	A	0	0	2293	37.6
A_PB2	123	2105	G	0	0	2105	37.6
A_PB2	124	2179	A	0	0	2179	36.5
A_PB2	125	2259	A	0	0	2259	36.7
A_PB2	126	2667	C	0	0	2667	36.2
A_PB2	127	2386	C	0	0	2386	37.6
A_PB2	128	2361	C	0	0	2361	37.4
A_PB2	129	2659	C	0	0	2659	36.5
A_PB2	130	2615	G	0	0	2615	35.0
A_PB2	131	2362	C	0	0	2362	34.6
A_PB2	132	2412	A	0	0	2412	35.5
A_PB2	133	2598	C	0	0	2598	37.0
A_PB2	134	2521	T	0	0	2521	34.4
A_PB2	135	2762	C	0	0	2762	37.4
A_PB2	136	2502	A	0	0	2502	36.5
A_PB2	137	2540	G	0	0	2540	34.8
A_PB2	138	2462	A	0	0	2462	37.8
A_PB2	139	2876	A	0	0	2876	36.6
A_PB2	140	2451	T	0	0	2451	35.1
A_PB2	141	2603	G	0	0	2603	36.9
A_PB2	142	2538	A	0	0	2538	35.9
A_PB2	143	2911	A	0	0	2911	34.1
A_PB2	144	2901	A	0	0	2901	37.3
A_PB2	145	2677	T	0	0	2677	34.3
A_PB2	146	2475	G	0	0	2475	36.8
A_PB2	147	3117	G	0	0	3117	36.3
A_PB2	148	2832	A	0	0	2832	37.2
A_PB2	149	2833	T	0	0	2833	34.7
A_PB2	150	2441	G	0	0	2441	35.3
A_PB2	151	3001	A	0	0	3001	37.7
A_PB2	152	2884	T	0	0	2884	36.1
A_PB2	153	2718	G	0	0	2718	34.4
A_PB2	154	2770	G	0	0	2770	36.8
A_PB2	155	2884	C	0	0	2884	35.3
A_PB2	156	2704	A	0	0	2704	37.9
A_PB2	157	2973	A	0	0	2973	36.1
A_PB2	158	2949	T	0	0	2949	34.9
A_PB2	159	2934	G	0	0	2934	35.2
A_PB2	160	3069	A	0	0	3069	34.5
A_PB2	161	2955	A	0	0	2955	35.4
A_PB2	162	2694	A	0	0	2694	35.0
A_PB2	163	3161	T	0	0	3161	36.0
A_PB2	164	2980	A	0	0	2980	36.8
A_PB2	165	2889	T	0	0	2889	36.9
A_PB2	166	2717	C	0	0	2717	34.9
A_PB2	167	2475	C	0	0	2475	35.1
A_PB2	168	3303	A	0	0	3303	35.5
A_PB2	169	2915	A	0	0	2915	36.4
A_PB2	170	2863	T	0	0	2863	34.6
A_PB2	171	3099	T	0	0	3099	35.0
A_PB2	172	2851	A	0	0	2851	36.6
A_PB2	173	2833	C	0	0	2833	35.8
A_PB2	174	2968	A	0	0	2968	34.8
A_PB2	175	3371	G	0	0	3371	34.5
A_PB2	176	3087	C	0	0	3087	34.4
A_PB2	177	2845	A	0	0	2845	36.5
A_PB2	178	3041	G	0	0	3041	34.8
A_PB2	179	2740	A	0	0	2740	37.5
A_PB2	180	3059	T	0	0	3059	36.1
A_PB2	181	3320	A	0	0	3320	37.4
A_PB2	182	3102	A	0	0	3102	35.8
A_PB2	183	3117	G	0	0	3117	37.0
A_PB2	184	2967	C	0	0	2967	35.6
A_PB2	185	3235	G	0	0	3235	37.9
A_PB2	186	2734	A	0	0	2734	35.0
A_PB2	187	3354	A	0	0	3354	36.6
A_PB2	188	3650	T	0	0	3650	37.7
A_PB2	189	3393	A	0	0	3393	36.2
A_PB2	190	3505	A	0	0	3505	34.2
A_PB2	191	2779	T	0	0	2779	37.5
A_PB2	192	3358	G	0	0	3358	34.8
A_PB2	193	3033	G	0	0	3033	36.9
A_PB2	194	2937	A	0	0	2937	37.3
A_PB2	195	3470	A	0	0	3470	36.5
A_PB2	196	3465	A	0	0	3465	37.3
A_PB2	197	3093	T	0	0	3093	34.1
A_PB2	198	3050	G	0	0	3050	35.0
A_PB2	199	3630	A	0	0	3630	36.8
A_PB2	200	3273	T	0	0	3273	37.7
A_PB2	201	2938	C	0	0	2938	36.1
A_PB2	202	3229	C	0	0	3229	37.0
A_PB2	203	3036	C	0	0	3036	35.8
A_PB2	204	3359	T	0	0	3359	34.4
A_PB2	205	3369	G	0	0	3369	35.7
A_PB2	206	3523	A	0	0	3523	34.4
A_PB2	207	3304	G	0	0	3304	35.4
A_PB2	208	3414	A	0	0	3414	34.0
A_PB2	209	3355	G	0	0	3355	35.9
A_PB2	210	3703	G	0	0	3703	35.8
A_PB2	211	3303	A	0	0	3303	37.3
A_PB2	212	3352	A	0	0	3352	37.3
A_PB2	213	3454	T	0	0	3454	37.4
A_PB2	214	3535	G	0	0	3535	34.5
A_PB2	215	3529	A	0	0	3529	35.9
A_PB2	216	2985	A	0	0	2985	36.1
A_PB2	217	3390	C	0	0	3390	35.0
A_PB2	218	3295	A	0	0	3295	34.3
A_PB2	219	3445	A	0	0	3445	34.8
A_PB2	220	3400	G	0	0	3400	37.3
A_PB2	221	3187	G	0	0	3187	37.3
A_PB2	222	3682	G	0	0	3682	34.7
A_PB2	223	3685	C	0	0	3685	35.1
A_PB2	224	3039	A	0	0	3039	35.1
A_PB2	225	3637	A	0	0	3637	34.6
A_PB2	226	3683	A	0	0	3683	34.9
A_PB2	227	3708	C	0	0	3708	34.3
A_PB2	228	3537	T	0	0	3537	36.6
A_PB2	229	3498	C	0	0	3498	34.9
A_PB2	230	3140	T	0	0	3140	34.7
A_PB2	231	3633	C	0	0	3633	36.3
A_PB2	232	3551	T	0	0	3551	37.8
A_PB2	233	3697	G	0	0	3697	35.6
A_PB2	234	3276	G	0	0	3276	36.8
A_PB2	235	3406	A	0	0	3406	35.0
A_PB2	236	3674	G	0	0	3674	36.6
A_PB2	237	3657	C	0	0	3657	36.8
A_PB2	238	3619	A	0	0	3619	36.5
A_PB2	239	3338	A	0	0	3338	34.2
A_PB2	240	3491	A	0	0	3491	36.9
A_PB2	241	3626	A	0	0	3626	35.7
A_PB2	242	3507	C	0	0	3507	36.6
A_PB2	243	3745	A	0	0	3745	35.7
A_PB2	244	3221	A	0	0	3221	36.7
A_PB2	245	3658	A	0	0	3658	36.1
A_PB2	246	3408	C	0	0	3408	34.6
A_PB2	247	3805	G	0	0	3805	37.1
A_PB2	248	3574	A	0	0	3574	36.5
A_PB2	249	3605	T	0	0	3605	35.2
A_PB2	250	3604	G	0	0	3604	34.9
A_PB2	251	3929	C	0	0	3929	36.6
A_PB2	252	3502	C	0	0	3502	37.9
A_PB2	253	3341	G	0	0	3341	37.0
A_PB2	254	3622	G	0	0	3622	35.5
A_PB2	255	3295	A	0	0	3295	37.5
A_PB2	256	3532	T	0	0	3532	37.1
A_PB2	257	3604	C	0	0	3604	34.7
A_PB2	258	3359	A	0	0	3359	37.3
A_PB2	259	3444	G	0	0	3444	34.4
A_PB2	260	3958	A	0	0	3958	34.4
A_PB2	261	3535	C	0	0	3535	34.8
A_PB2	262	3516	C	0	0	3516	37.1
A_PB2	263	3707	G	0	0	3707	34.7
A_PB2	264	3555	A	0	0	3555	36.0
A_PB2	265	3680	G	0	0	3680	36.0
A_PB2	266	3739	T	0	0	3739	37.0
A_PB2	267	3599	G	0	0	3599	35.8
A_PB2	268	3523	A	0	0	3523	36.9
A_PB2	269	3629	T	0	0	3629	37.8
A_PB2	270	3552	G	0	0	3552	34.2
A_PB2	271	3627	G	0	0	3627	36.5
A_PB2	272	3687	T	0	0	3687	35.7
A_PB2	273	3689	A	0	0	3689	37.3
A_PB2	274	3706	T	0	0	3706	36.6
A_PB2	275	3793	C	0	0	3793	35.1
A_PB2	276	3587	A	0	0	3587	37.3
A_PB2	277	3429	C	0	0	3429	35.3
A_PB2	278	3727	C	0	0	3727	37.8
A_PB2	279	3946	C	0	0	3946	37.0
A_PB2	280	3332	C	0	0	3332	35.7
A_PB2	281	3691	T	0	0	3691	34.4
A_PB2	282	3232	G	0	0	3232	36.2
A_PB2	283	3729	G	0	0	3729	37.4
A_PB2	284	3446	C	0	0	3446	35.4
A_PB2	285	3361	T	0	0	3361	37.0
A_PB2	286	3719	G	0	0	3719	34.3
A_PB2	287	3600	T	0	0	3600	36.1
A_PB2	288	3601	G	0	0	3601	36.8
A_PB2	289	3893	A	0	0	3893	35.6
A_PB2	290	3235	C	0	0	3235	36.9
A_PB2	291	3666	A	0	0	3666	37.5
A_PB2	292	3172	T	0	0	3172	35.5
A_PB2	293	3612	G	0	0	3612	34.4
A_PB2	294	3878	G	0	0	3878	37.3
A_PB2	295	3219	T	0	0	3219	36.2
A_PB2	296	3355	G	0	0	3355	34.5
A_PB2	297	3960	G	0	0	3960	37.4
A_PB2	298	3262	A	0	0	3262	34.3
A_PB2	299	3536	A	0	0	3536	36.8
A_PB2	300	3621	C	0	0	3621	36.4
A_PB2	301	3361	A	0	0	3361	36.9
A_PB2	302	3686	G	0	0	3686	37.0
A_PB2	303	3526	G	0	0	3526	36.3
A_PB2	304	3311	A	0	0	3311	36.9
A_PB2	305	3472	A	0	0	3472	35.4
A_PB2	306	3577	C	0	0	3577	36.4
A_PB2	307	3637	G	0	0	3637	36.3
A_PB2	308	3261	G	0	0	3261	35.6
A_PB2	309	3695	A	0	0	3695	34.6
A_PB2	310	3522	C	0	0	3522	34.2
A_PB2	311	3520	C	0	0	3520	37.4
A_PB2	312	3555	A	0	0	3555	34.2
A_PB2	313	3765	A	0	0	3765	37.1
A_PB2	314	3578	C	0	0	3578	37.8
A_PB2	315	3383	A	0	0	3383	34.8
A_PB2	316	3873	A	0	0	3873	34.3
A_PB2	317	3454	C	0	0	3454	34.7
A_PB2	318	3627	A	0	0	3627	37.8
A_PB2	319	3497	A	0	0	3497	35.4
A_PB2	320	4013	G	0	0	4013	36.5
A_PB2	321	3864	T	0	0	3864	36.1
A_PB2	322	3666	A	0	0	3666	36.9
A_PB2	323	3450	C	0	0	3450	35.6
A_PB2	324	3673	A	0	0	3673	35.3
A_PB2	325	3722	G	0	0	3722	35.5
A_PB2	326	3457	T	0	0	3457	35.6
A_PB2	327	3173	C	0	0	3173	35.0
A_PB2	328	3353	C	0	0	3353	35.7
A_PB2	329	3378	A	0	0	3378	35.6
A_PB2	330	4122	C	0	0	4122	37.0
A_PB2	331	3563	T	0	0	3563	36.8
A_PB2	332	3571	A	0	0	3571	36.9
A_PB2	333	3460	C	0	0	3460	37.0
A_PB2	334	3406	C	0	0	3406	37.8
A_PB2	335	3449	C	0	0	3449	35.7
A_PB2	336	3242	A	0	0	3242	35.6
A_PB2	337	3292	A	0	0	3292	37.9
A_PB2	338	3710	A	0	0	3710	34.9
A_PB2	339	3675	G	0	0	3675	36.6
A_PB2	340	3192	G	0	0	3192	34.0
A_PB2	341	3413	T	0	0	3413	35.4
A_PB2	342	3317	A	0	0	3317	36.0
A_PB2	343	3293	T	0	0	3293	36.5
A_PB2	344	3569	A	0	0	3569	34.8
A_PB2	345	3532	T	0	0	3532	34.7
A_PB2	346	3669	A	0	0	3669	34.9
A_PB2	347	3554	A	0	0	3554	37.8
A_PB2	348	3306	A	0	0	3306	37.2
A_PB2	349	3340	A	0	0	3340	36.5
A_PB2	350	3346	C	0	0	3346	34.9
A_PB2	351	3026	T	0	0	3026	34.6
A_PB2	352	3455	T	0	0	3455	36.4
A_PB2	353	3466	A	0	0	3466	35.4
A_PB2	354	3559	T	0	0	3559	35.9
A_PB2	355	3564	T	0	0	3564	35.9
A_PB2	356	3374	T	0	0	3374	36.9
A_PB2	357	3372	C	0	0	3372	37.6
A_PB2	358	3291	G	0	0	3291	34.8
A_PB2	359	3673	A	0	0	3673	37.6
A_PB2	360	3492	A	0	0	3492	35.5
A_PB2	361	3154	A	0	0	3154	36.8
A_PB2	362	3547	A	0	0	3547	37.5
A_PB2	363	3441	A	0	0	3441	35.5
A_PB2	364	3462	G	0	0	3462	36.3
A_PB2	365	3467	T	0	0	3467	34.1
A_PB2	366	3231	T	0	0	3231	37.0
A_PB2	367	3377	G	0	0	3377	37.4
A_PB2	368	3282	A	0	0	3282	35.6
A_PB2	369	3264	A	0	0	3264	35.3
A_PB2	370	3576	A	0	0	3576	35.5
A_PB2	371	3174	G	0	0	3174	35.2
A_PB2	372	3647	G	0	0	3647	37.3
A_PB2	373	3404	T	0	0	3404	37.8
A_PB2	374	3204	T	0	0	3204	35.1
A_PB2	375	3196	G	0	0	3196	37.8
A_PB2	376	3276	A	0	0	3276	35.8
A_PB2	377	3517	A	0	0	3517	34.9
A_PB2	378	3283	A	0	0	3283	35.3
A_PB2	379	3355	C	0	0	3355	37.8
A_PB2	380	3389	A	0	0	3389	35.0
A_PB2	381	3601	C	0	0	3601	35.1
A_PB2	382	3425	G	0	0	3425	37.0
A_PB2	383	3768	G	0	0	3768	35.2
A_PB2	384	3264	G	0	0	3264	36.5
A_PB2	385	3370	A	0	0	3370	36.4
A_PB2	386	3665	C	0	0	3665	35.0
A_PB2	387	3111	C	0	0	3111	36.4
A_PB2	388	3299	T	0	0	3299	36.9
A_PB2	389	3530	T	0	0	3530	36.0
A_PB2	390	3132	T	0	0	3132	36.7
A_PB2	391	3706	G	0	0	3706	36.4
A_PB2	392	3181	G	0	0	3181	34.6
A_PB2	393	3277	C	0	0	3277	36.0
A_PB2	394	3192	C	0	0	3192	34.7
A_PB2	395	3600	C	0	0	3600	34.9
A_PB2	396	3541	T	0	0	3541	34.1
A_PB2	397	3445	G	0	0	3445	35.4
A_PB2	398	3289	T	0	0	3289	34.8
A_PB2	399	3399	G	0	0	3399	37.7
A_PB2	400	3734	C	0	0	3734	37.5
A_PB2	401	3318	A	0	0	3318	35.0
A_PB2	402	3486	C	0	0	3486	34.6
A_PB2	403	3343	T	0	0	3343	34.2
A_PB2	404	3639	T	0	0	3639	35.2
A_PB2	405	3626	C	0	0	3626	36.1
A_PB2	406	4315	A	0	0	4315	36.4
A_PB2	407	3874	G	0	0	3874	37.8
A_PB2	408	3348	A	0	0	3348	34.7
A_PB2	409	3370	A	0	0	3370	35.7
A_PB2	410	3537	A	0	0	3537	36.0
A_PB2	411	3658	C	0	0	3658	35.9
A_PB2	412	3573	C	0	0	3573	35.0
A_PB2	413	3576	A	0	0	3576	34.1
A_PB2	414	3338	A	0	0	3338	35.4
A_PB2	415	3763	G	0	0	3763	38.0
A_PB2	416	3297	T	0	0	3297	36.5
A_PB2	417	3364	T	0	0	3364	35.5
A_PB2	418	3896	A	0	0	3896	37.5
A_PB2	419	3577	A	0	0	3577	35.5
A_PB2	420	3693	G	0	0	3693	35.6
A_PB2	421	3464	A	0	0	3464	37.7
A_PB2	422	3947	T	0	0	3947	34.7
A_PB2	423	3639	A	0	0	3639	35.3
A_PB2	424	3474	A	0	0	3474	34.3
A_PB2	425	3610	G	0	0	3610	36.0
A_PB2	426	3493	A	0	0	3493	34.2
A_PB2	427	3678	C	0	0	3678	37.7
A_PB2	428	3728	G	0	0	3728	37.5
A_PB2	429	3444	G	0	0	3444	35.6
A_PB2	430	4271	A	0	0	4271	34.6
A_PB2	431	4099	G	0	0	4099	35.8
A_PB2	432	3854	G	0	0	3854	37.2
A_PB2	433	3612	G	0	0	3612	34.8
A_PB2	434	3750	T	0	0	3750	36.2
A_PB2	435	3800	C	0	0	3800	37.9
A_PB2	436	3894	G	0	0	3894	34.6
A_PB2	437	3874	A	0	0	3874	36.3
A_PB2	438	3358	T	0	0	3358	37.4
A_PB2	439	3328	A	0	0	3328	37.6
A_PB2	440	3938	T	0	0	3938	35.6
A_PB2	441	3510	A	0	0	3510	36.9
A_PB2	442	4309	A	0	0	4309	34.1
A_PB2	443	3759	A	0	0	3759	37.3
A_PB2	444	3634	C	0	0	3634	35.0
A_PB2	445	4180	C	0	0	4180	34.4
A_PB2	446	3821	C	0	0	3821	34.1
A_PB2	447	4126	G	0	0	4126	36.2
A_PB2	448	3885	G	0	0	3885	37.8
A_PB2	449	3925	G	0	0	3925	37.4
A_PB2	450	3730	C	0	0	3730	34.1
A_PB2	451	3842	C	0	0	3842	35.6
A_PB2	452	4081	A	0	0	4081	35.4
A_PB2	453	3731	T	0	0	3731	37.7
A_PB2	454	3575	G	0	0	3575	34.5
A_PB2	455	3851	C	0	0	3851	36.7
A_PB2	456	4113	T	0	0	4113	35.3
A_PB2	457	3855	G	0	0	3855	35.2
A_PB2	458	3800	A	0	0	3800	36.3
A_PB2	459	4255	C	0	0	4255	34.9
A_PB2	460	4166	C	0	0	4166	36.6
A_PB2	461	3976	T	0	0	3976	36.7
A_PB2	462	3741	C	0	0	3741	37.2
A_PB2	463	4111	A	0	0	4111	36.3
A_PB2	464	4215	G	0	0	4215	34.8
A_PB2	465	3909	T	0	0	3909	37.5
A_PB2	466	4210	G	0	0	4210	34.0
A_PB2	467	3887	C	0	0	3887	37.5
A_PB2	468	4080	C	0	0	4080	34.8
A_PB2	469	4294	A	0	0	4294	36.7
A_PB2	470	3747	A	0	0	3747	34.2
A_PB2	471	4226	A	0	0	4226	34.1
A_PB2	472	4170	G	0	0	4170	38.0
A_PB2	473	4117	A	0	0	4117	35.3
A_PB2	474	4089	G	0	0	4089	35.5
A_PB2	475	4135	G	0	0	4135	35.1
A_PB2	476	3930	C	0	0	3930	35.5
A_PB2	477	4400	G	0	0	4400	36.2
A_PB2	478	4250	C	0	0	4250	36.6
A_PB2	479	4264	A	0	0	4264	35.3
A_PB2	480	4145	G	0	0	4145	35.5
A_PB2	481	3417	G	0	0	3417	34.2
A_PB2	482	4538	A	0	0	4538	35.7
A_PB2	483	4061	T	0	0	4061	34.4
A_PB2	484	4162	G	0	0	4162	35.4
A_PB2	485	4472	T	0	0	4472	38.0
A_PB2	486	4287	A	0	0	4287	36.9
A_PB2	487	4458	A	0	0	4458	34.2
A_PB2	488	4667	T	0	0	4667	36.7
A_PB2	489	4658	C	0	0	4658	35.1
A_PB2	490	4188	A	0	0	4188	35.8
A_PB2	491	4233	T	0	0	4233	37.4
A_PB2	492	4722	G	0	0	4722	37.0
A_PB2	493	4485	G	0	0	4485	35.4
A_PB2	494	4297	A	0	0	4297	37.3
A_PB2	495	4943	A	0	0	4943	37.7
A_PB2	496	5255	G	0	0	5255	36.1
A_PB2	497	4608	T	0	0	4608	36.6
A_PB2	498	4754	C	0	0	4754	37.0
A_PB2	499	4250	G	0	0	4250	37.1
A_PB2	500	4507	T	0	0	4507	34.6
A_PB2	501	4526	C	0	0	4526	34.5
A_PB2	502	4916	T	0	0	4916	35.4
A_PB2	503	4831	T	0	0	4831	37.2
A_PB2	504	4769	C	0	0	4769	34.4
A_PB2	505	5314	C	0	0	5314	34.1
A_PB2	506	4290	C	0	0	4290	36.1
A_PB2	507	4601	A	0	0	4601	35.0
A_PB2	508	4399	A	0	0	4399	36.6
A_PB2	509	4968	A	0	0	4968	35.9
A_PB2	510	4682	T	0	0	4682	37.7
A_PB2	511	4435	G	0	0	4435	34.4
A_PB2	512	4349	A	0	0	4349	35.3
A_PB2	513	5014	A	0	0	5014	35.1
A_PB2	514	4751	G	0	0	4751	37.7
A_PB2	515	5324	T	0	0	5324	36.7
A_PB2	516	5082	G	0	0	5082	37.6
A_PB2	517	4099	G	0	0	4099	36.9
A_PB2	518	5122	G	0	0	5122	37.6
A_PB2	519	4486	A	0	0	4486	37.1
A_PB2	520	5777	G	0	0	5777	34.3
A_PB2	521	4622	C	0	0	4622	35.0
A_PB2	522	5104	A	0	0	5104	35.4
A_PB2	523	4470	A	0	0	4470	34.7
A_PB2	524	4731	G	0	0	4731	37.2
A_PB2	525	4470	G	0	0	4470	34.1
A_PB2	526	4912	A	0	0	4912	37.7
A_PB2	527	4412	T	0	0	4412	34.8
A_PB2	528	5062	A	0	0	5062	35.9
A_PB2	529	5065	T	0	0	5065	34.7
A_PB2	530	5573	T	0	0	5573	35.2
A_PB2	531	4758	G	0	0	4758	36.5
A_PB2	532	4624	A	0	0	4624	37.3
A_PB2	533	4747	C	0	0	4747	34.5
A_PB2	534	4698	G	0	0	4698	35.3
A_PB2	535	4899	T	0	0	4899	36.5
A_PB2	536	4196	C	0	0	4196	36.7
A_PB2	537	4851	G	0	0	4851	38.0
A_PB2	538	5012	G	0	0	5012	37.7
A_PB2	539	4705	A	0	0	4705	36.4
A_PB2	540	4828	G	0	0	4828	35.1
A_PB2	541	4871	T	0	0	4871	37.4
A_PB2	542	4848	C	0	0	4848	34.3
A_PB2	543	4968	A	0	0	4968	37.9
A_PB2	544	4684	C	0	0	4684	36.5
A_PB2	545	4743	A	0	0	4743	35.3
A_PB2	546	5225	A	0	0	5225	36.0
A_PB2	547	4265	C	0	0	4265	35.5
A_PB2	548	5069	T	0	0	5069	36.4
A_PB2	549	4919	G	0	0	4919	35.8
A_PB2	550	4577	A	0	0	4577	37.3
A_PB2	551	4807	C	0	0	4807	34.8
A_PB2	552	4901	G	0	0	4901	34.7
A_PB2	553	5498	A	0	0	5498	36.3
A_PB2	554	5198	T	0	0	5198	36.6
A_PB2	555	4506	A	0	0	4506	34.1
A_PB2	556	5305	A	0	0	5305	34.9
A_PB2	557	5352	C	0	0	5352	35.9
A_PB2	558	5137	A	0	0	5137	36.9
A_PB2	559	5306	A	0	0	5306	35.6
A_PB2	560	5001	A	0	0	5001	35.9
A_PB2	561	4827	G	0	0	4827	37.3
A_PB2	562	5159	G	0	0	5159	37.1
A_PB2	563	4949	A	0	0	4949	37.1
A_PB2	564	4643	G	0	0	4643	37.1
A_PB2	565	5399	A	0	0	5399	34.2
A_PB2	566	5446	A	0	0	5446	34.3
A_PB2	567	4660	A	0	0	4660	34.4
A_PB2	568	4579	A	0	0	4579	36.3
A_PB2	569	5718	A	0	0	5718	36.8
A_PB2	570	4511	G	0	0	4511	34.8
A_PB2	571	5001	G	0	0	5001	35.9
A_PB2	572	4766	A	0	0	4766	37.2
A_PB2	573	5238	A	0	0	5238	36.2
A_PB2	574	5278	G	0	0	5278	35.4
A_PB2	575	5093	A	0	0	5093	37.9
A_PB2	576	4776	A	0	0	4776	37.7
A_PB2	577	4808	C	0	0	4808	37.5
A_PB2	578	5127	T	0	0	5127	35.0
A_PB2	579	4730	C	0	0	4730	36.1
A_PB2	580	4985	C	0	0	4985	37.3
A_PB2	581	5580	A	0	0	5580	35.4
A_PB2	582	5153	G	0	0	5153	35.7
A_PB2	583	4363	G	0	0	4363	34.3
A_PB2	584	4414	A	0	0	4414	36.0
A_PB2	585	4838	C	0	0	4838	35.5
A_PB2	586	5511	T	0	0	5511	37.8
A_PB2	587	5100	G	0	0	5100	36.6
A_PB2	588	4959	C	0	0	4959	36.7
A_PB2	589	4633	A	0	0	4633	34.1
A_PB2	590	4732	A	0	0	4732	36.9
A_PB2	591	5112	A	0	0	5112	35.9
A_PB2	592	4722	A	0	0	4722	36.8
A_PB2	593	4769	T	0	0	4769	35.9
A_PB2	594	5345	C	0	0	5345	34.9
A_PB2	595	4806	G	0	0	4806	37.2
A_PB2	596	4686	C	0	0	4686	34.3
A_PB2	597	4556	T	0	0	4556	37.5
A_PB2	598	4399	C	0	0	4399	37.6
A_PB2	599	4368	C	0	0	4368	37.7
A_PB2	600	4566	T	0	0	4566	37.0
A_PB2	601	4467	C	0	0	4467	36.9
A_PB2	602	4621	T	0	0	4621	34.6
A_PB2	603	4655	G	0	0	4655	35.9
A_PB2	604	5044	A	0	0	5044	37.5
A_PB2	605	5590	T	0	0	5590	35.4
A_PB2	606	5194	G	0	0	5194	36.2
A_PB2	607	4445	G	0	0	4445	36.5
A_PB2	608	4605	T	0	0	4605	37.9
A_PB2	609	4375	T	0	0	4375	34.7
A_PB2	610	4449	G	0	0	4449	36.9
A_PB2	611	4346	C	0	0	4346	34.2
A_PB2	612	4715	A	0	0	4715	37.7
A_PB2	613	4779	T	0	0	4779	35.3
A_PB2	614	4797	A	0	0	4797	34.2
A_PB2	615	4661	C	0	0	4661	35.9
A_PB2	616	4386	A	0	0	4386	37.8
A_PB2	617	4501	T	0	0	4501	35.8
A_PB2	618	3645	G	0	0	3645	34.4
A_PB2	619	4462	C	0	0	4462	36.4
A_PB2	620	4465	T	0	0	4465	37.1
A_PB2	621	4563	A	0	0	4563	37.2
A_PB2	622	4309	G	0	0	4309	34.5
A_PB2	623	4572	A	0	0	4572	36.9
A_PB2	624	4482	A	0	0	4482	34.5
A_PB2	625	4428	A	0	0	4428	37.6
A_PB2	626	4051	G	0	0	4051	37.8
A_PB2	627	4474	A	0	0	4474	37.9
A_PB2	628	4550	G	0	0	4550	37.9
A_PB2	629	4737	A	0	0	4737	35.3
A_PB2	630	4199	G	0	0	4199	35.6
A_PB2	631	4860	T	0	0	4860	36.8
A_PB2	632	3836	T	0	0	3836	36.8
A_PB2	633	4376	G	0	0	4376	35.0
A_PB2	634	4544	G	0	0	4544	35.2
A_PB2	635	4308	T	0	0	4308	37.9
A_PB2	636	3784	T	0	0	3784	36.3
A_PB2	637	4338	C	0	0	4338	36.7
A_PB2	638	3919	G	0	0	3919	37.5
A_PB2	639	4110	C	0	0	4110	36.2
A_PB2	640	4160	A	0	0	4160	37.1
A_PB2	641	4739	A	0	0	4739	35.8
A_PB2	642	4363	G	0	0	4363	34.5
A_PB2	643	4495	A	0	0	4495	35.2
A_PB2	644	4211	C	0	0	4211	37.7
A_PB2	645	3801	G	0	0	3801	34.2
A_PB2	646	4209	A	0	0	4209	35.7
A_PB2	647	4408	G	0	0	4408	34.3
A_PB2	648	4387	G	0	0	4387	36.6
A_PB2	649	4088	T	0	0	4088	36.6
A_PB2	650	3981	T	0	0	3981	34.7
A_PB2	651	3783	T	0	0	3783	37.7
A_PB2	652	4128	C	0	0	4128	34.2
A_PB2	653	3764	T	0	0	3764	37.0
A_PB2	654	3983	C	0	0	3983	34.9
A_PB2	655	4398	C	0	0	4398	34.5
A_PB2	656	4533	C	0	0	4533	37.4
A_PB2	657	4394	A	0	0	4394	35.2
A_PB2	658	4665	G	0	0	4665	36.8
A_PB2	659	3809	T	0	0	3809	34.4
A_PB2	660	4085	T	0	0	4085	35.1
A_PB2	661	3776	G	0	0	3776	35.2
A_PB2	662	4121	C	0	0	4121	36.3
A_PB2	663	3818	T	0	0	3818	37.4
A_PB2	664	4035	G	0	0	4035	37.7
A_PB2	665	4240	G	0	0	4240	34.8
A_PB2	666	4311	T	0	0	4311	35.0
A_PB2	667	3622	G	0	0	3622	37.4
A_PB2	668	3754	G	0	0	3754	37.8
A_PB2	669	3420	G	0	0	3420	36.2
A_PB2	670	4056	A	0	0	4056	35.8
A_PB2	671	3924	C	0	0	3924	36.2
A_PB2	672	3758	A	0	0	3758	37.5
A_PB2	673	3762	A	0	0	3762	36.7
A_PB2	674	3663	G	0	0	3663	35.3
A_PB2	675	3926	C	0	0	3926	37.2
A_PB2	676	3970	A	0	0	3970	37.7
A_PB2	677	3883	G	0	0	3883	35.4
A_PB2	678	3784	T	0	0	3784	34.2
A_PB2	679	3346	G	0	0	3346	35.1
A_PB2	680	3909	T	0	0	3909	34.0
A_PB2	681	3505	C	0	0	3505	34.3
A_PB2	682	3458	T	0	0	3458	37.8
A_PB2	683	3255	A	0	0	3255	37.3
A_PB2	684	3393	C	0	0	3393	37.8
A_PB2	685	3284	A	0	0	3284	34.7
A_PB2	686	3974	T	0	0	3974	36.8
A_PB2	687	3654	T	0	0	3654	37.8
A_PB2	688	3445	G	0	0	3445	38.0
A_PB2	689	3520	A	0	0	3520	36.5
A_PB2	690	3534	G	0	0	3534	35.7
A_PB2	691	3267	G	0	0	3267	36.8
A_PB2	692	3879	T	0	0	3879	35.8
A_PB2	693	3957	G	0	0	3957	35.4
A_PB2	694	3717	C	0	0	3717	36.1
A_PB2	695	3514	T	0	0	3514	36.8
A_PB2	696	3721	G	0	0	3721	36.4
A_PB2	697	3543	C	0	0	3543	34.7
A_PB2	698	3668	A	0	0	3668	36.5
A_PB2	699	3550	T	0	0	3550	36.5
A_PB2	700	3893	T	0	0	3893	36.1
A_PB2	701	3492	T	0	0	3492	35.4
A_PB2	702	3570	G	0	0	3570	35.6
A_PB2	703	3146	A	0	0	3146	34.4
A_PB2	704	3524	C	0	0	3524	36.2
A_PB2	705	3276	C	0	0	3276	34.8
A_PB2	706	3488	C	0	0	3488	36.0
A_PB2	707	3324	A	0	0	3324	35.4
A_PB2	708	3007	G	0	0	3007	34.6
A_PB2	709	3836	G	0	0	3836	36.0
A_PB2	710	3212	G	0	0	3212	34.5
A_PB2	711	3325	G	0	0	3325	37.2
A_PB2	712	3203	A	0	0	3203	36.4
A_PB2	713	3247	C	0	0	3247	37.7
A_PB2	714	3213	A	0	0	3213	36.3
A_PB2	715	3010	T	0	0	3010	36.5
A_PB2	716	3298	G	0	0	3298	34.7
A_PB2	717	3354	C	0	0	3354	37.1
A_PB2	718	3387	T	0	0	3387	37.2
A_PB2	719	2961	G	0	0	2961	34.6
A_PB2	720	3447	G	0	0	3447	34.6
A_PB2	721	3165	G	0	0	3165	36.2
A_PB2	722	2974	A	0	0	2974	34.0
A_PB2	723	3318	G	0	0	3318	35.0
A_PB2	724	3123	C	0	0	3123	38.0
A_PB2	725	3193	A	0	0	3193	35.5
A_PB2	726	3349	G	0	0	3349	37.6
A_PB2	727	2950	A	0	0	2950	37.4
A_PB2	728	2777	T	0	0	2777	36.2
A_PB2	729	3287	G	0	0	3287	35.3
A_PB2	730	3282	T	0	0	3282	35.2
A_PB2	731	3341	A	0	0	3341	36.7
A_PB2	732	3194	C	0	0	3194	36.7
A_PB2	733	3325	A	0	0	3325	34.6
A_PB2	734	2876	C	0	0	2876	36.7
A_PB2	735	3175	T	0	0	3175	36.1
A_PB2	736	3143	C	0	0	3143	34.8
A_PB2	737	3195	C	0	0	3195	35.3
A_PB2	738	3083	G	0	0	3083	37.6
A_PB2	739	3124	G	0	0	3124	37.4
A_PB2	740	2795	G	0	0	2795	37.6
A_PB2	741	3158	A	0	0	3158	37.0
A_PB2	742	3159	G	0	0	3159	37.2
A_PB2	743	2976	G	0	0	2976	36.3
A_PB2	744	3150	A	0	0	3150	35.3
A_PB2	745	2980	G	0	0	2980	36.0
A_PB2	746	3216	A	0	0	3216	35.8
A_PB2	747	3451	A	0	0	3451	34.8
A_PB2	748	2780	G	0	0	2780	35.9
A_PB2	749	3264	T	0	0	3264	37.2
A_PB2	750	3092	G	0	0	3092	37.9
A_PB2	751	3061	A	0	0	3061	35.8
A_PB2	752	3012	G	0	0	3012	37.7
A_PB2	753	2967	G	0	0	2967	38.0
A_PB2	754	3131	A	0	0	3131	37.8
A_PB2	755	2927	A	0	0	2927	35.9
A_PB2	756	3207	C	0	0	3207	37.9
A_PB2	757	3043	G	0	0	3043	36.2
A_PB2	758	2796	A	0	0	2796	37.7
A_PB2	759	3178	T	0	0	3178	36.0
A_PB2	760	3216	G	0	0	3216	35.0
A_PB2	761	3316	A	0	0	3316	35.2
A_PB2	762	2814	T	0	0	2814	35.9
A_PB2	763	2971	G	0	0	2971	36.0
A_PB2	764	3010	T	0	0	3010	35.2
A_PB2	765	2938	A	0	0	2938	37.2
A_PB2	766	3347	G	0	0	3347	37.6
A_PB2	767	3200	A	0	0	3200	36.3
A_PB2	768	3052	C	0	0	3052	38.0
A_PB2	769	2964	C	0	0	2964	35.6
A_PB2	770	3154	A	0	0	3154	35.0
A_PB2	771	2940	A	0	0	2940	35.5
A_PB2	772	2943	A	0	0	2943	37.5
A_PB2	773	3589	G	0	0	3589	34.4
A_PB2	774	3092	C	0	0	3092	35.2
A_PB2	775	3029	T	0	0	3029	37.6
A_PB2	776	2903	T	0	0	2903	36.7
A_PB2	777	3021	G	0	0	3021	34.3
A_PB2	778	3149	A	0	0	3149	36.0
A_PB2	779	2907	T	0	0	2907	35.0
A_PB2	780	2835	C	0	0	2835	35.7
A_PB2	781	3268	A	0	0	3268	37.9
A_PB2	782	3073	T	0	0	3073	35.0
A_PB2	783	3338	T	0	0	3338	37.0
A_PB2	784	3313	G	0	0	3313	37.0
A_PB2	785	2866	C	0	0	2866	34.2
A_PB2	786	3439	T	0	0	3439	36.5
A_PB2	787	3331	G	0	0	3331	35.1
A_PB2	788	3151	C	0	0	3151	35.9
A_PB2	789	2852	C	0	0	2852	34.9
A_PB2	790	3694	A	0	0	3694	34.1
A_PB2	791	2900	G	0	0	2900	35.9
A_PB2	792	3185	G	0	0	3185	35.7
A_PB2	793	3230	A	0	0	3230	34.3
A_PB2	794	3059	A	0	0	3059	34.8
A_PB2	795	3017	T	0	0	3017	34.7
A_PB2	796	3201	A	0	0	3201	35.5
A_PB2	797	3175	T	0	0	3175	37.4
A_PB2	798	3105	A	0	0	3105	36.9
A_PB2	799	2823	G	0	0	2823	37.9
A_PB2	800	2746	T	0	0	2746	37.9
A_PB2	801	3103	A	0	0	3103	35.3
A_PB2	802	2792	A	0	0	2792	35.5
A_PB2	803	3279	G	0	0	3279	36.0
A_PB2	804	3280	A	0	0	3280	35.3
A_PB2	805	3319	A	0	0	3319	36.5
A_PB2	806	3293	G	0	0	3293	36.5
A_PB2	807	3085	A	0	0	3085	36.5
A_PB2	808	3254	G	0	0	3254	34.9
A_PB2	809	3394	C	0	0	3394	36.8
A_PB2	810	3097	A	0	0	3097	37.5
A_PB2	811	3197	A	0	0	3197	34.5
A_PB2	812	3116	C	0	0	3116	34.5
A_PB2	813	3266	A	0	0	3266	36.1
A_PB2	814	3093	G	0	0	3093	34.2
A_PB2	815	3356	T	0	0	3356	35.0
A_PB2	816	3184	A	0	0	3184	37.5
A_PB2	817	2803	T	0	0	2803	35.0
A_PB2	818	3411	C	0	0	3411	35.2
A_PB2	819	2903	A	0	0	2903	35.3
A_PB2	820	3229	G	0	0	3229	35.3
A_PB2	821	2811	C	0	0	2811	34.0
A_PB2	822	2935	A	0	0	2935	36.5
A_PB2	823	3052	G	0	0	3052	35.8
A_PB2	824	3515	A	0	0	3515	36.7
A_PB2	825	3370	T	0	0	3370	35.9
A_PB2	826	3123	C	0	0	3123	34.1
A_PB2	827	3151	C	0	0	3151	35.7
A_PB2	828	3231	A	0	0	3231	35.1
A_PB2	829	3332	T	0	0	3332	36.1
A_PB2	830	3322	T	0	0	3322	37.2
A_PB2	831	3229	A	0	0	3229	35.4
A_PB2	832	3494	G	0	0	3494	35.6
A_PB2	833	3262	C	0	0	3262	35.5
A_PB2	834	3191	A	0	0	3191	36.1
A_PB2	835	3366	T	0	0	3366	34.3
A_PB2	836	3150	C	0	0	3150	34.9
A_PB2	837	3209	T	0	0	3209	35.5
A_PB2	838	3392	C	0	0	3392	35.0
A_PB2	839	3711	T	0	0	3711	37.2
A_PB2	840	3221	A	0	0	3221	36.4
A_PB2	841	3305	T	0	0	3305	36.5
A_PB2	842	3440	T	0	0	3440	35.6
A_PB2	843	3273	G	0	0	3273	36.0
A_PB2	844	3521	G	0	0	3521	34.3
A_PB2	845	3480	A	0	0	3480	36.3
A_PB2	846	3041	G	0	0	3041	34.8
A_PB2	847	3221	A	0	0	3221	34.9
A_PB2	848	3482	T	0	0	3482	36.2
A_PB2	849	3786	G	0	0	3786	34.3
A_PB2	850	3234	T	0	0	3234	37.2
A_PB2	851	3282	G	0	0	3282	37.6
A_PB2	852	3210	T	0	0	3210	36.4
A_PB2	853	3383	C	0	0	3383	34.4
A_PB2	854	3266	A	0	0	3266	35.5
A_PB2	855	3335	C	0	0	3335	34.6
A_PB2	856	3743	A	0	0	3743	34.5
A_PB2	857	2939	G	0	0	2939	34.1
A_PB2	858	3370	C	0	0	3370	36.9
A_PB2	859	3171	A	0	0	3171	35.9
A_PB2	860	3587	C	0	0	3587	35.8
A_PB2	861	3196	A	0	0	3196	34.1
A_PB2	862	3198	C	0	0	3198	37.0
A_PB2	863	3128	A	0	0	3128	37.4
A_PB2	864	3314	A	0	0	3314	37.2
A_PB2	865	3085	A	0	0	3085	36.4
A_PB2	866	3414	T	0	0	3414	37.9
A_PB2	867	3521	T	0	0	3521	35.1
A_PB2	868	3308	G	0	0	3308	35.7
A_PB2	869	3376	G	0	0	3376	36.8
A_PB2	870	3457	G	0	0	3457	35.1
A_PB2	871	3130	G	0	0	3130	37.4
A_PB2	872	3382	G	0	0	3382	36.8
A_PB2	873	3318	A	0	0	3318	36.3
A_PB2	874	3515	A	0	0	3515	35.5
A_PB2	875	3284	T	0	0	3284	36.0
A_PB2	876	3253	A	0	0	3253	37.8
A_PB2	877	3379	A	0	0	3379	34.4
A_PB2	878	3442	G	0	0	3442	36.8
A_PB2	879	3432	G	0	0	3432	35.4
A_PB2	880	3161	A	0	0	3161	36.4
A_PB2	881	3384	T	0	0	3384	36.1
A_PB2	882	3160	G	0	0	3160	36.2
A_PB2	883	3259	G	0	0	3259	34.2
A_PB2	884	3646	T	0	0	3646	37.8
A_PB2	885	3340	A	0	0	3340	34.5
A_PB2	886	3144	G	0	0	3144	34.7
A_PB2	887	3180	A	0	0	3180	36.1
A_PB2	888	3984	C	0	0	3984	37.5
A_PB2	889	3422	A	0	0	3422	35.2
A_PB2	890	3398	T	0	0	3398	36.5
A_PB2	891	3641	C	0	0	3641	35.1
A_PB2	892	3919	C	0	0	3919	35.0
A_PB2	893	3119	T	0	0	3119	37.7
A_PB2	894	3298	T	0	0	3298	34.2
A_PB2	895	3631	C	0	0	3631	34.2
A_PB2	896	3012	G	0	0	3012	37.3
A_PB2	897	3441	G	0	0	3441	35.2
A_PB2	898	3459	C	0	0	3459	37.7
A_PB2	899	3605	A	0	0	3605	34.1
A_PB2	900	3265	A	0	0	3265	34.2
A_PB2	901	3214	A	0	0	3214	37.6
A_PB2	902	3298	A	0	0	3298	36.2
A_PB2	903	3746	T	0	0	3746	35.8
A_PB2	904	3488	C	0	0	3488	37.1
A_PB2	905	3526	C	0	0	3526	36.7
A_PB2	906	3442	A	0	0	3442	35.9
A_PB2	907	3123	A	0	0	3123	35.4
A_PB2	908	3204	C	0	0	3204	35.2
A_PB2	909	3087	A	0	0	3087	36.6
A_PB2	910	3325	G	0	0	3325	36.9
A_PB2	911	3430	A	0	0	3430	35.8
A_PB2	912	3280	G	0	0	3280	37.1
A_PB2	913	3114	G	0	0	3114	34.0
A_PB2	914	3491	A	0	0	3491	35.2
A_PB2	915	3029	A	0	0	3029	37.8
A_PB2	916	3110	C	0	0	3110	35.4
A_PB2	917	3288	A	0	0	3288	34.2
A_PB2	918	3252	A	0	0	3252	37.4
A_PB2	919	3149	G	0	0	3149	37.3
A_PB2	920	3550	C	0	0	3550	34.7
A_PB2	921	3288	C	0	0	3288	35.3
A_PB2	922	3585	G	0	0	3585	35.8
A_PB2	923	3258	T	0	0	3258	34.4
A_PB2	924	3035	G	0	0	3035	35.6
A_PB2	925	3272	G	0	0	3272	36.2
A_PB2	926	3044	A	0	0	3044	36.2
A_PB2	927	3133	T	0	0	3133	36.6
A_PB2	928	3393	A	0	0	3393	37.6
A_PB2	929	3298	T	0	0	3298	35.9
A_PB2	930	3225	A	0	0	3225	36.5
A_PB2	931	2888	T	0	0	2888	34.9
A_PB2	932	2987	G	0	0	2987	34.1
A_PB2	933	3003	C	0	0	3003	34.3
A_PB2	934	2912	A	0	0	2912	34.7
A_PB2	935	3098	A	0	0	3098	34.8
A_PB2	936	3426	G	0	0	3426	35.3
A_PB2	937	3284	G	0	0	3284	35.1
A_PB2	938	3387	C	0	0	3387	36.6
A_PB2	939	3422	A	0	0	3422	35.3
A_PB2	940	3363	G	0	0	3363	36.1
A_PB2	941	3307	C	0	0	3307	34.7
A_PB2	942	3094	A	0	0	3094	35.6
A_PB2	943	3262	A	0	0	3262	34.9
A_PB2	944	3112	T	0	0	3112	34.9
A_PB2	945	2919	G	0	0	2919	34.4
A_PB2	946	3129	G	0	0	3129	35.7
A_PB2	947	3108	G	0	0	3108	34.0
A_PB2	948	3152	C	0	0	3152	37.8
A_PB2	949	3339	T	0	0	3339	35.6
A_PB2	950	3004	T	0	0	3004	34.2
A_PB2	951	3274	G	0	0	3274	36.5
A_PB2	952	3252	A	0	0	3252	36.1
A_PB2	953	3245	G	0	0	3245	36.7
A_PB2	954	3073	G	0	0	3073	37.1
A_PB2	955	2900	A	0	0	2900	35.4
A_PB2	956	3040	T	0	0	3040	38.0
A_PB2	957	3046	T	0	0	3046	37.8
A_PB2	958	3052	A	0	0	3052	36.2
A_PB2	959	3496	G	0	0	3496	37.0
A_PB2	960	3231	C	0	0	3231	34.8
A_PB2	961	3045	T	0	0	3045	35.8
A_PB2	962	3010	C	0	0	3010	34.2
A_PB2	963	3159	A	0	0	3159	37.9
A_PB2	964	2845	T	0	0	2845	37.1
A_PB2	965	3214	C	0	0	3214	37.6
A_PB2	966	2796	T	0	0	2796	35.7
A_PB2	967	2854	T	0	0	2854	35.1
A_PB2	968	2921	T	0	0	2921	35.4
A_PB2	969	2966	C	0	0	2966	35.0
A_PB2	970	2918	A	0	0	2918	35.1
A_PB2	971	3277	G	0	0	3277	37.9
A_PB2	972	3291	C	0	0	3291	37.7
A_PB2	973	2924	T	0	0	2924	38.0
A_PB2	974	2603	T	0	0	2603	34.7
A_PB2	975	3089	T	0	0	3089	37.2
A_PB2	976	2915	G	0	0	2915	36.9
A_PB2	977	2631	G	0	0	2631	36.6
A_PB2	978	2943	T	0	0	2943	36.0
A_PB2	979	2831	G	0	0	2831	37.4
A_PB2	980	2939	G	0	0	2939	34.5
A_PB2	981	2991	A	0	0	2991	34.4
A_PB2	982	2862	T	0	0	2862	34.9
A_PB2	983	2809	T	0	0	2809	36.5
A_PB2	984	3183	C	0	0	3183	34.5
A_PB2	985	3126	A	0	0	3126	35.8
A_PB2	986	2520	C	0	0	2520	34.4
A_PB2	987	2988	T	0	0	2988	36.0
A_PB2	988	3104	T	0	0	3104	34.8
A_PB2	989	2782	T	0	0	2782	35.6
A_PB2	990	2736	T	0	0	2736	35.1
A_PB2	991	3203	A	0	0	3203	37.4
A_PB2	992	2972	A	0	0	2972	37.1
A_PB2	993	2561	A	0	0	2561	37.6
A_PB2	994	2755	A	0	0	2755	37.5
A_PB2	995	2700	G	0	0	2700	37.9
A_PB2	996	2583	A	0	0	2583	37.7
A_PB2	997	2770	A	0	0	2770	37.3
A_PB2	998	2841	C	0	0	2841	36.1
A_PB2	999	2880	A	0	0	2880	35.7
A_PB2	1000	2657	A	0	0	2657	35.2
A_PB2	1001	2790	G	0	0	2790	35.2
A_PB2	1002	2638	T	0	0	2638	34.5
A_PB2	1003	2757	G	0	0	2757	37.6
A_PB2	1004	2900	G	0	0	2900	36.4
A_PB2	1005	2766	A	0	0	2766	36.9
A_PB2	1006	2790	T	0	0	2790	36.5
A_PB2	1007	2952	C	0	0	2952	36.4
A_PB2	1008	2750	G	0	0	2750	34.1
A_PB2	1009	2903	T	0	0	2903	37.7
A_PB2	1010	2727	C	0	0	2727	35.9
A_PB2	1011	2973	A	0	0	2973	37.1
A_PB2	1012	2884	G	0	0	2884	35.2
A_PB2	1013	2878	T	0	0	2878	36.8
A_PB2	1014	3052	C	0	0	3052	37.6
A_PB2	1015	2745	A	0	0	2745	34.6
A_PB2	1016	3131	A	0	0	3131	37.6
A_PB2	1017	2642	A	0	0	2642	34.1
A_PB2	1018	2857	A	0	0	2857	36.5
A_PB2	1019	2697	A	0	0	2697	35.1
A_PB2	1020	2607	A	0	0	2607	34.1
A_PB2	1021	2610	G	0	0	2610	35.7
A_PB2	1022	2469	A	0	0	2469	36.7
A_PB2	1023	2655	A	0	0	2655	37.1
A_PB2	1024	2579	G	0	0	2579	37.3
A_PB2	1025	2378	A	0	0	2378	35.6
A_PB2	1026	2446	A	0	0	2446	36.4
A_PB2	1027	2902	G	0	0	2902	37.2
A_PB2	1028	2545	A	0	0	2545	36.8
A_PB2	1029	2524	A	0	0	2524	37.5
A_PB2	1030	2431	G	0	0	2431	36.1
A_PB2	1031	2929	T	0	0	2929	36.7
A_PB2	1032	2861	G	0	0	2861	37.2
A_PB2	1033	2776	C	0	0	2776	34.4
A_PB2	1034	2874	T	0	0	2874	36.1
A_PB2	1035	2862	A	0	0	2862	34.8
A_PB2	1036	2770	A	0	0	2770	36.5
A_PB2	1037	2520	C	0	0	2520	37.2
A_PB2	1038	2795	A	0	0	2795	37.1
A_PB2	1039	2894	G	0	0	2894	34.5
A_PB2	1040	2804	G	0	0	2804	36.0
A_PB2	1041	2497	C	0	0	2497	36.7
A_PB2	1042	2872	A	0	0	2872	37.6
A_PB2	1043	2553	A	0	0	2553	34.4
A_PB2	1044	2884	C	0	0	2884	35.0
A_PB2	1045	3117	C	0	0	3117	37.9
A_PB2	1046	2862	T	0	0	2862	36.4
A_PB2	1047	2752	T	0	0	2752	35.4
A_PB2	1048	2640	C	0	0	2640	37.9
A_PB2	1049	3220	A	0	0	3220	37.8
A_PB2	1050	2867	A	0	0	2867	34.6
A_PB2	1051	2748	A	0	0	2748	37.0
A_PB2	1052	3052	C	0	0	3052	36.8
A_PB2	1053	2734	A	0	0	2734	37.4
A_PB2	1054	2652	T	0	0	2652	37.4
A_PB2	1055	2627	T	0	0	2627	37.8
A_PB2	1056	2785	G	0	0	2785	37.9
A_PB2	1057	3077	A	0	0	3077	34.2
A_PB2	1058	2930	A	0	0	2930	34.6
A_PB2	1059	2488	A	0	0	2488	36.2
A_PB2	1060	2737	A	0	0	2737	34.4
A_PB2	1061	2870	T	0	0	2870	36.1
A_PB2	1062	2727	A	0	0	2727	37.2
A_PB2	1063	2723	A	0	0	2723	34.0
A_PB2	1064	2685	G	0	0	2685	36.0
A_PB2	1065	2709	A	0	0	2709	36.4
A_PB2	1066	2980	G	0	0	2980	37.7
A_PB2	1067	2951	T	0	0	2951	35.2
A_PB2	1068	2833	A	0	0	2833	36.0
A_PB2	1069	3102	C	0	0	3102	35.8
A_PB2	1070	2884	A	0	0	2884	35.5
A_PB2	1071	2783	T	0	0	2783	37.3
A_PB2	1072	2961	G	0	0	2961	34.5
A_PB2	1073	3010	A	0	0	3010	35.2
A_PB2	1074	2793	G	0	0	2793	35.3
A_PB2	1075	2978	G	0	0	2978	35.3
A_PB2	1076	3213	G	0	0	3213	36.2
A_PB2	1077	2832	G	0	0	2832	35.7
A_PB2	1078	2679	T	0	0	2679	34.8
A_PB2	1079	2819	A	0	0	2819	37.2
A_PB2	1080	3087	T	0	0	3087	35.4
A_PB2	1081	3308	G	0	0	3308	35.6
A_PB2	1082	2891	A	0	0	2891	35.3
A_PB2	1083	3135	A	0	0	3135	35.7
A_PB2	1084	2921	G	0	0	2921	34.7
A_PB2	1085	3012	A	0	0	3012	35.1
A_PB2	1086	3349	G	0	0	3349	34.4
A_PB2	1087	2978	T	0	0	2978	35.6
A_PB2	1088	2879	T	0	0	2879	34.2
A_PB2	1089	3126	C	0	0	3126	35.7
A_PB2	1090	3080	A	0	0	3080	37.5
A_PB2	1091	3479	C	0	0	3479	36.2
A_PB2	1092	3527	A	0	0	3527	36.8
A_PB2	1093	3060	A	0	0	3060	36.6
A_PB2	1094	3045	T	0	0	3045	35.4
A_PB2	1095	2934	G	0	0	2934	37.3
A_PB2	1096	3194	G	0	0	3194	34.1
A_PB2	1097	3075	T	0	0	3075	34.4
A_PB2	1098	2954	T	0	0	2954	35.4
A_PB2	1099	3423	G	0	0	3423	36.7
A_PB2	1100	3471	G	0	0	3471	34.3
A_PB2	1101	3136	G	0	0	3136	35.8
A_PB2	1102	3433	A	0	0	3433	36.1
A_PB2	1103	3163	G	0	0	3163	34.3
A_PB2	1104	3447	A	0	0	3447	36.1
A_PB2	1105	3201	A	0	0	3201	34.3
A_PB2	1106	3568	G	0	0	3568	37.5
A_PB2	1107	3377	A	0	0	3377	35.7
A_PB2	1108	3390	G	0	0	3390	35.1
A_PB2	1109	3168	C	0	0	3168	37.7
A_PB2	1110	3160	A	0	0	3160	36.9
A_PB2	1111	3703	A	0	0	3703	34.9
A_PB2	1112	3377	C	0	0	3377	36.7
A_PB2	1113	3389	G	0	0	3389	37.4
A_PB2	1114	3370	G	0	0	3370	34.7
A_PB2	1115	3516	C	0	0	3516	35.5
A_PB2	1116	3315	C	0	0	3315	37.7
A_PB2	1117	3897	A	0	0	3897	34.4
A_PB2	1118	3687	T	0	0	3687	34.4
A_PB2	1119	3747	T	0	0	3747	37.2
A_PB2	1120	3127	C	0	0	3127	36.6
A_PB2	1121	3631	T	0	0	3631	34.1
A_PB2	1122	3492	C	0	0	3492	35.2
A_PB2	1123	3567	A	0	0	3567	37.6
A_PB2	1124	3925	G	0	0	3925	36.7
A_PB2	1125	3631	G	0	0	3631	37.8
A_PB2	1126	3829	A	0	0	3829	37.0
A_PB2	1127	3356	A	0	0	3356	34.3
A_PB2	1128	3658	A	0	0	3658	36.1
A_PB2	1129	3924	G	0	0	3924	35.0
A_PB2	1130	4053	C	0	0	4053	36.3
A_PB2	1131	3606	A	0	0	3606	35.4
A_PB2	1132	3918	A	0	0	3918	35.8
A_PB2	1133	3369	C	0	0	3369	37.7
A_PB2	1134	3520	C	0	0	3520	34.0
A_PB2	1135	3226	A	0	0	3226	34.3
A_PB2	1136	4075	G	0	0	4075	37.4
A_PB2	1137	3959	A	0	0	3959	35.8
A_PB2	1138	3901	A	0	0	3901	35.6
A_PB2	1139	3729	G	0	0	3729	37.1
A_PB2	1140	3526	G	0	0	3526	34.6
A_PB2	1141	3803	C	0	0	3803	36.6
A_PB2	1142	4064	T	0	0	4064	37.5
A_PB2	1143	4341	G	0	0	4341	36.6
A_PB2	1144	3787	A	0	0	3787	37.7
A_PB2	1145	4192	T	0	0	4192	36.4
A_PB2	1146	4280	C	0	0	4280	36.3
A_PB2	1147	3560	C	0	0	3560	36.7
A_PB2	1148	4316	A	0	0	4316	36.3
A_PB2	1149	4281	G	0	0	4281	37.4
A_PB2	1150	4207	C	0	0	4207	36.9
A_PB2	1151	3656	T	0	0	3656	34.3
A_PB2	1152	4004	A	0	0	4004	34.9
A_PB2	1153	3844	A	0	0	3844	35.6
A_PB2	1154	3977	T	0	0	3977	34.4
A_PB2	1155	4328	A	0	0	4328	35.4
A_PB2	1156	4203	G	0	0	4203	34.3
A_PB2	1157	4046	T	0	0	4046	34.3
A_PB2	1158	4362	A	0	0	4362	34.4
A_PB2	1159	4401	A	0	0	4401	35.2
A_PB2	1160	4155	G	0	0	4155	37.7
A_PB2	1161	4237	T	0	0	4237	34.2
A_PB2	1162	4281	G	0	0	4281	36.5
A_PB2	1163	4239	G	0	0	4239	36.9
A_PB2	1164	4505	G	0	0	4505	34.7
A_PB2	1165	4802	A	0	0	4802	37.9
A_PB2	1166	3749	G	0	0	3749	37.4
A_PB2	1167	4401	A	0	0	4401	34.3
A_PB2	1168	4396	G	0	0	4396	35.6
A_PB2	1169	4200	A	0	0	4200	37.6
A_PB2	1170	4695	C	0	0	4695	36.0
A_PB2	1171	4511	G	0	0	4511	37.4
A_PB2	1172	4108	A	0	0	4108	37.6
A_PB2	1173	4435	G	0	0	4435	37.9
A_PB2	1174	4260	C	0	0	4260	35.4
A_PB2	1175	4315	A	0	0	4315	34.2
A_PB2	1176	3984	G	0	0	3984	35.7
A_PB2	1177	4316	T	0	0	4316	34.2
A_PB2	1178	3885	C	0	0	3885	35.6
A_PB2	1179	4560	A	0	0	4560	37.9
A_PB2	1180	4342	A	0	0	4342	35.2
A_PB2	1181	4781	T	0	0	4781	38.0
A_PB2	1182	4514	T	0	0	4514	34.3
A_PB2	1183	4582	G	0	0	4582	37.4
A_PB2	1184	4730	C	0	0	4730	34.8
A_PB2	1185	4667	T	0	0	4667	35.7
A_PB2	1186	4365	G	0	0	4365	37.1
A_PB2	1187	5050	A	0	0	5050	36.6
A_PB2	1188	4705	A	0	0	4705	37.5
A_PB2	1189	4489	G	0	0	4489	37.6
A_PB2	1190	4179	C	0	0	4179	36.7
A_PB2	1191	4681	A	0	0	4681	37.8
A_PB2	1192	4850	A	0	0	4850	37.7
A_PB2	1193	4825	T	0	0	4825	34.5
A_PB2	1194	4593	A	0	0	4593	34.8
A_PB2	1195	4689	A	0	0	4689	36.2
A_PB2	1196	4527	T	0	0	4527	36.9
A_PB2	1197	4464	T	0	0	4464	34.1
A_PB2	1198	4923	G	0	0	4923	38.0
A_PB2	1199	4806	T	0	0	4806	35.3
A_PB2	1200	4266	G	0	0	4266	36.5
A_PB2	1201	4772	G	0	0	4772	34.7
A_PB2	1202	4956	C	0	0	4956	36.3
A_PB2	1203	4769	C	0	0	4769	34.4
A_PB2	1204	4312	A	0	0	4312	36.2
A_PB2	1205	4481	T	0	0	4481	37.8
A_PB2	1206	4535	G	0	0	4535	34.2
A_PB2	1207	4264	G	0	0	4264	34.3
A_PB2	1208	4477	T	0	0	4477	35.1
A_PB2	1209	4657	A	0	0	4657	37.7
A_PB2	1210	5139	T	0	0	5139	34.7
A_PB2	1211	4873	T	0	0	4873	37.0
A_PB2	1212	4918	C	0	0	4918	34.5
A_PB2	1213	4634	T	0	0	4634	35.7
A_PB2	1214	4482	C	0	0	4482	36.3
A_PB2	1215	5000	A	0	0	5000	36.2
A_PB2	1216	4899	C	0	0	4899	36.8
A_PB2	1217	4877	A	0	0	4877	34.6
A_PB2	1218	4407	A	0	0	4407	35.3
A_PB2	1219	4679	G	0	0	4679	34.9
A_PB2	1220	4720	A	0	0	4720	38.0
A_PB2	1221	4850	G	0	0	4850	35.3
A_PB2	1222	5056	G	0	0	5056	34.3
A_PB2	1223	4765	A	0	0	4765	37.7
A_PB2	1224	4779	C	0	0	4779	35.6
A_PB2	1225	4927	T	0	0	4927	37.1
A_PB2	1226	4625	G	0	0	4625	34.3
A_PB2	1227	4845	C	0	0	4845	35.4
A_PB2	1228	4951	A	0	0	4951	34.5
A_PB2	1229	4747	T	0	0	4747	37.8
A_PB2	1230	4616	G	0	0	4616	34.8
A_PB2	1231	4948	A	0	0	4948	36.0
A_PB2	1232	4779	T	0	0	4779	34.9
A_PB2	1233	4643	T	0	0	4643	35.2
A_PB2	1234	4581	A	0	0	4581	36.6
A_PB2	1235	4784	A	0	0	4784	37.7
A_PB2	1236	4508	A	0	0	4508	35.3
A_PB2	1237	4879	G	0	0	4879	37.4
A_PB2	1238	4733	C	0	0	4733	37.7
A_PB2	1239	5061	A	0	0	5061	35.2
A_PB2	1240	4872	G	0	0	4872	35.3
A_PB2	1241	5059	T	0	0	5059	35.5
A_PB2	1242	4932	T	0	0	4932	36.7
A_PB2	1243	4888	A	0	0	4888	37.5
A_PB2	1244	4757	G	0	0	4757	37.4
A_PB2	1245	4560	A	0	0	4560	34.2
A_PB2	1246	4664	G	0	0	4664	37.5
A_PB2	1247	4615	G	0	0	4615	37.1
A_PB2	1248	4598	T	0	0	4598	37.1
A_PB2	1249	4964	G	0	0	4964	37.5
A_PB2	1250	4601	A	0	0	4601	37.6
A_PB2	1251	4922	C	0	0	4922	37.5
A_PB2	1252	4434	C	0	0	4434	37.6
A_PB2	1253	5255	T	0	0	5255	36.3
A_PB2	1254	4605	G	0	0	4605	35.0
A_PB2	1255	4661	A	0	0	4661	35.6
A_PB2	1256	4886	A	0	0	4886	35.0
A_PB2	1257	4921	T	0	0	4921	35.2
A_PB2	1258	4923	T	0	0	4923	34.3
A_PB2	1259	4825	T	0	0	4825	35.9
A_PB2	1260	5074	T	0	0	5074	34.9
A_PB2	1261	4714	G	0	0	4714	34.2
A_PB2	1262	4701	T	0	0	4701	35.4
A_PB2	1263	4731	C	0	0	4731	35.9
A_PB2	1264	5330	A	0	0	5330	36.4
A_PB2	1265	4846	A	0	0	4846	37.1
A_PB2	1266	4986	T	0	0	4986	36.2
A_PB2	1267	4966	A	0	0	4966	37.8
A_PB2	1268	4709	G	0	0	4709	37.1
A_PB2	1269	5022	G	0	0	5022	34.2
A_PB2	1270	4905	G	0	0	4905	34.5
A_PB2	1271	4384	C	0	0	4384	34.1
A_PB2	1272	4091	G	0	0	4091	37.5
A_PB2	1273	5137	A	0	0	5137	36.8
A_PB2	1274	4717	A	0	0	4717	34.4
A_PB2	1275	4641	C	0	0	4641	35.1
A_PB2	1276	4335	C	0	0	4335	36.0
A_PB2	1277	4159	A	0	0	4159	37.7
A_PB2	1278	4865	G	0	0	4865	35.3
A_PB2	1279	4777	C	0	0	4777	36.1
A_PB2	1280	4550	G	0	0	4550	34.7
A_PB2	1281	4619	A	0	0	4619	34.6
A_PB2	1282	4901	C	0	0	4901	34.3
A_PB2	1283	4903	T	0	0	4903	38.0
A_PB2	1284	4298	A	0	0	4298	35.0
A_PB2	1285	4771	A	0	0	4771	34.1
A_PB2	1286	4641	A	0	0	4641	37.4
A_PB2	1287	4530	C	0	0	4530	37.8
A_PB2	1288	4716	C	0	0	4716	36.1
A_PB2	1289	4696	C	0	0	4696	36.7
A_PB2	1290	4544	A	0	0	4544	34.2
A_PB2	1291	4733	A	0	0	4733	37.9
A_PB2	1292	4695	T	0	0	4695	36.6
A_PB2	1293	4400	G	0	0	4400	34.5
A_PB2	1294	4494	C	0	0	4494	36.6
A_PB2	1295	4178	A	0	0	4178	36.1
A_PB2	1296	4994	T	0	0	4994	36.6
A_PB2	1297	4555	C	0	0	4555	34.2
A_PB2	1298	4411	A	0	0	4411	37.8
A_PB2	1299	4328	A	0	0	4328	37.8
A_PB2	1300	4924	C	0	0	4924	34.1
A_PB2	1301	4656	T	0	0	4656	35.5
A_PB2	1302	4903	C	0	0	4903	36.3
A_PB2	1303	4129	T	0	0	4129	34.4
A_PB2	1304	4060	T	0	0	4060	37.9
A_PB2	1305	4229	G	0	0	4229	35.6
A_PB2	1306	4294	A	0	0	4294	36.7
A_PB2	1307	4338	G	0	0	4338	36.0
A_PB2	1308	4502	G	0	0	4502	35.5
A_PB2	1309	4447	C	0	0	4447	37.5
A_PB2	1310	4229	A	0	0	4229	36.3
A_PB2	1311	4005	T	0	0	4005	35.7
A_PB2	1312	4163	T	0	0	4163	35.6
A_PB2	1313	4470	T	0	0	4470	36.0
A_PB2	1314	4548	C	0	0	4548	35.4
A_PB2	1315	4616	C	0	0	4616	37.7
A_PB2	1316	4255	A	0	0	4255	34.7
A_PB2	1317	4610	A	0	0	4610	36.6
A_PB2	1318	4262	A	0	0	4262	35.9
A_PB2	1319	3563	A	0	0	3563	37.2
A_PB2	1320	3805	G	0	0	3805	37.9
A_PB2	1321	4369	G	0	0	4369	36.4
A_PB2	1322	4104	A	0	0	4104	35.8
A_PB2	1323	3886	T	0	0	3886	34.4
A_PB2	1324	4212	G	0	0	4212	35.6
A_PB2	1325	4397	C	0	0	4397	34.2
A_PB2	1326	4168	A	0	0	4168	35.4
A_PB2	1327	5273	A	0	0	5273	35.2
A_PB2	1328	4013	A	0	0	4013	36.0
A_PB2	1329	4104	G	0	0	4104	35.7
A_PB2	1330	4474	G	0	0	4474	35.7
A_PB2	1331	4234	T	0	0	4234	36.4
A_PB2	1332	3890	G	0	0	3890	37.9
A_PB2	1333	4682	C	0	0	4682	34.6
A_PB2	1334	4357	T	0	0	4357	34.2
A_PB2	1335	4151	T	0	0	4151	34.4
A_PB2	1336	4316	T	0	0	4316	34.9
A_PB2	1337	3790	T	0	0	3790	35.6
A_PB2	1338	4358	C	0	0	4358	34.7
A_PB2	1339	4196	C	0	0	4196	35.9
A_PB2	1340	3719	A	0	0	3719	37.4
A_PB2	1341	3796	A	0	0	3796	36.5
A_PB2	1342	4068	A	0	0	4068	35.5
A_PB2	1343	3653	A	0	0	3653	36.6
A_PB2	1344	3994	T	0	0	3994	36.0
A_PB2	1345	3916	T	0	0	3916	37.7
A_PB2	1346	3888	G	0	0	3888	35.7
A_PB2	1347	4176	G	0	0	4176	35.6
A_PB2	1348	3917	G	0	0	3917	36.7
A_PB2	1349	3958	G	0	0	3958	34.7
A_PB2	1350	3872	A	0	0	3872	36.2
A_PB2	1351	4189	A	0	0	4189	37.3
A_PB2	1352	4173	T	0	0	4173	35.3
A_PB2	1353	4143	T	0	0	4143	37.5
A_PB2	1354	4181	G	0	0	4181	37.3
A_PB2	1355	3951	A	0	0	3951	35.7
A_PB2	1356	4166	A	0	0	4166	37.5
A_PB2	1357	4004	C	0	0	4004	35.9
A_PB2	1358	4127	C	0	0	4127	36.5
A_PB2	1359	4193	C	0	0	4193	36.0
A_PB2	1360	4111	A	0	0	4111	37.3
A_PB2	1361	3793	T	0	0	3793	35.7
A_PB2	1362	3875	T	0	0	3875	37.4
A_PB2	1363	3699	G	0	0	3699	37.0
A_PB2	1364	4101	A	0	0	4101	37.2
A_PB2	1365	3882	C	0	0	3882	37.9
A_PB2	1366	3918	A	0	0	3918	36.4
A_PB2	1367	3835	A	0	0	3835	37.6
A_PB2	1368	4119	T	0	0	4119	35.5
A_PB2	1369	3869	G	0	0	3869	34.5
A_PB2	1370	3689	T	0	0	3689	35.8
A_PB2	1371	4149	G	0	0	4149	35.1
A_PB2	1372	3922	A	0	0	3922	34.5
A_PB2	1373	3372	T	0	0	3372	35.5
A_PB2	1374	3366	G	0	0	3366	35.9
A_PB2	1375	3746	G	0	0	3746	36.2
A_PB2	1376	3925	G	0	0	3925	36.5
A_PB2	1377	3959	A	0	0	3959	35.7
A_PB2	1378	3769	A	0	0	3769	36.7
A_PB2	1379	3888	T	0	0	3888	36.0
A_PB2	1380	3662	G	0	0	3662	35.8
A_PB2	1381	4054	A	0	0	4054	35.3
A_PB2	1382	3871	T	0	0	3871	37.4
A_PB2	1383	4228	C	0	0	4228	35.2
A_PB2	1384	3882	G	0	0	3882	36.4
A_PB2	1385	3787	G	0	0	3787	37.0
A_PB2	1386	3382	G	0	0	3382	35.5
A_PB2	1387	4231	G	0	0	4231	35.9
A_PB2	1388	3969	T	0	0	3969	36.7
A_PB2	1389	3763	A	0	0	3763	36.2
A_PB2	1390	3358	A	0	0	3358	35.6
A_PB2	1391	3799	T	0	0	3799	36.4
A_PB2	1392	4108	G	0	0	4108	34.3
A_PB2	1393	3269	C	0	0	3269	35.6
A_PB2	1394	3830	C	0	0	3830	36.8
A_PB2	1395	3783	C	0	0	3783	34.1
A_PB2	1396	3819	G	0	0	3819	34.1
A_PB2	1397	3583	A	0	0	3583	34.5
A_PB2	1398	3361	C	0	0	3361	37.9
A_PB2	1399	3647	A	0	0	3647	36.0
A_PB2	1400	3740	T	0	0	3740	37.6
A_PB2	1401	3645	G	0	0	3645	37.6
A_PB2	1402	3762	A	0	0	3762	34.4
A_PB2	1403	3630	C	0	0	3630	36.6
A_PB2	1404	3641	C	0	0	3641	34.7
A_PB2	1405	3513	C	0	0	3513	37.8
A_PB2	1406	3719	C	0	0	3719	34.3
A_PB2	1407	3684	A	0	0	3684	37.8
A_PB2	1408	3240	A	0	0	3240	35.3
A_PB2	1409	3669	G	0	0	3669	37.3
A_PB2	1410	3934	T	0	0	3934	34.4
A_PB2	1411	3710	A	0	0	3710	34.0
A_PB2	1412	3892	C	0	0	3892	35.3
A_PB2	1413	3518	T	0	0	3518	37.7
A_PB2	1414	3627	G	0	0	3627	37.6
A_PB2	1415	3587	A	0	0	3587	34.7
A_PB2	1416	3804	G	0	0	3804	37.3
A_PB2	1417	4355	A	0	0	4355	35.3
A_PB2	1418	3645	T	0	0	3645	37.0
A_PB2	1419	3777	G	0	0	3777	37.3
A_PB2	1420	4115	T	0	0	4115	37.2
A_PB2	1421	4224	C	0	0	4224	35.8
A_PB2	1422	3671	G	0	0	3671	35.4
A_PB2	1423	3656	C	0	0	3656	34.4
A_PB2	1424	3432	T	0	0	3432	38.0
A_PB2	1425	3368	G	0	0	3368	34.1
A_PB2	1426	3578	A	0	0	3578	37.7
A_PB2	1427	3443	G	0	0	3443	36.9
A_PB2	1428	3859	G	0	0	3859	34.5
A_PB2	1429	3557	G	0	0	3557	36.1
A_PB2	1430	3590	G	0	0	3590	37.6
A_PB2	1431	3599	A	0	0	3599	35.2
A_PB2	1432	3848	A	0	0	3848	34.7
A_PB2	1433	3858	T	0	0	3858	35.8
A_PB2	1434	3502	A	0	0	3502	35.4
A_PB2	1435	4192	A	0	0	4192	34.0
A_PB2	1436	3991	G	0	0	3991	34.9
A_PB2	1437	3593	A	0	0	3593	34.4
A_PB2	1438	3715	G	0	0	3715	35.1
A_PB2	1439	3642	T	0	0	3642	34.6
A_PB2	1440	3750	C	0	0	3750	35.2
A_PB2	1441	3440	A	0	0	3440	36.9
A_PB2	1442	3688	G	0	0	3688	36.1
A_PB2	1443	3941	T	0	0	3941	37.9
A_PB2	1444	3739	A	0	0	3739	34.6
A_PB2	1445	3423	A	0	0	3423	35.3
A_PB2	1446	4074	G	0	0	4074	37.9
A_PB2	1447	3657	A	0	0	3657	34.9
A_PB2	1448	3780	T	0	0	3780	36.6
A_PB2	1449	3757	G	0	0	3757	35.0
A_PB2	1450	3879	G	0	0	3879	36.7
A_PB2	1451	3842	G	0	0	3842	36.6
A_PB2	1452	4197	A	0	0	4197	34.8
A_PB2	1453	3742	G	0	0	3742	36.8
A_PB2	1454	3920	T	0	0	3920	35.2
A_PB2	1455	3367	A	0	0	3367	34.8
A_PB2	1456	3713	G	0	0	3713	36.9
A_PB2	1457	3931	A	0	0	3931	36.6
A_PB2	1458	3573	T	0	0	3573	37.8
A_PB2	1459	4054	G	0	0	4054	36.6
A_PB2	1460	3395	A	0	0	3395	36.2
A_PB2	1461	3709	A	0	0	3709	34.4
A_PB2	1462	3138	T	0	0	3138	35.5
A_PB2	1463	3516	A	0	0	3516	35.9
A_PB2	1464	3914	C	0	0	3914	35.2
A_PB2	1465	3959	T	0	0	3959	34.4
A_PB2	1466	3887	C	0	0	3887	36.1
A_PB2	1467	3659	A	0	0	3659	34.3
A_PB2	1468	3757	A	0	0	3757	35.8
A_PB2	1469	3529	G	0	0	3529	36.1
A_PB2	1470	4145	T	0	0	4145	36.5
A_PB2	1471	4010	A	0	0	4010	34.8
A_PB2	1472	4252	C	0	0	4252	37.7
A_PB2	1473	4172	A	0	0	4172	37.1
A_PB2	1474	3749	G	0	0	3749	36.8
A_PB2	1475	3766	A	0	0	3766	37.9
A_PB2	1476	3945	G	0	0	3945	36.9
A_PB2	1477	3554	C	0	0	3554	35.3
A_PB2	1478	3738	G	0	0	3738	37.7
A_PB2	1479	4208	A	0	0	4208	37.2
A_PB2	1480	4103	G	0	0	4103	37.7
A_PB2	1481	4432	T	0	0	4432	35.1
A_PB2	1482	4375	A	0	0	4375	35.3
A_PB2	1483	3624	G	0	0	3624	37.9
A_PB2	1484	4505	T	0	0	4505	34.6
A_PB2	1485	4011	A	0	0	4011	35.8
A_PB2	1486	3701	G	0	0	3701	38.0
A_PB2	1487	3821	T	0	0	3821	34.8
A_PB2	1488	4136	A	0	0	4136	34.7
A_PB2	1489	3895	A	0	0	3895	35.6
A_PB2	1490	4258	G	0	0	4258	36.7
A_PB2	1491	3820	C	0	0	3820	34.3
A_PB2	1492	3871	A	0	0	3871	35.1
A_PB2	1493	3417	T	0	0	3417	36.1
A_PB2	1494	4400	C	0	0	4400	37.2
A_PB2	1495	3884	G	0	0	3884	36.3
A_PB2	1496	4052	A	0	0	4052	37.6
A_PB2	1497	4058	C	0	0	4058	35.1
A_PB2	1498	3974	C	0	0	3974	34.3
A_PB2	1499	4259	G	0	0	4259	37.9
A_PB2	1500	4089	G	0	0	4089	35.1
A_PB2	1501	4073	T	0	0	4073	37.7
A_PB2	1502	3995	T	0	0	3995	34.8
A_PB2	1503	4077	T	0	0	4077	35.5
A_PB2	1504	3807	T	0	0	3807	36.6
A_PB2	1505	4017	T	0	0	4017	37.1
A_PB2	1506	3714	A	0	0	3714	35.0
A_PB2	1507	3907	A	0	0	3907	35.2
A_PB2	1508	3603	G	0	0	3603	34.9
A_PB2	1509	4108	A	0	0	4108	34.1
A_PB2	1510	3938	G	0	0	3938	36.6
A_PB2	1511	4084	T	0	0	4084	36.0
A_PB2	1512	4049	T	0	0	4049	37.4
A_PB2	1513	3709	C	0	0	3709	35.6
A_PB2	1514	4416	G	0	0	4416	37.6
A_PB2	1515	4011	A	0	0	4011	36.2
A_PB2	1516	4022	G	0	0	4022	37.2
A_PB2	1517	3849	A	0	0	3849	34.9
A_PB2	1518	3947	C	0	0	3947	35.6
A_PB2	1519	4414	C	0	0	4414	35.9
A_PB2	1520	3860	A	0	0	3860	36.0
A_PB2	1521	4047	A	0	0	4047	34.3
A_PB2	1522	3932	C	0	0	3932	34.4
A_PB2	1523	3890	G	0	0	3890	37.9
A_PB2	1524	3891	G	0	0	3891	34.1
A_PB2	1525	3931	G	0	0	3931	37.2
A_PB2	1526	3776	G	0	0	3776	34.1
A_PB2	1527	4061	G	0	0	4061	37.1
A_PB2	1528	4350	A	0	0	4350	34.8
A_PB2	1529	3902	A	0	0	3902	37.1
A_PB2	1530	4124	C	0	0	4124	35.7
A_PB2	1531	4132	G	0	0	4132	36.1
A_PB2	1532	4413	T	0	0	4413	34.2
A_PB2	1533	3936	A	0	0	3936	37.8
A_PB2	1534	3910	C	0	0	3910	37.3
A_PB2	1535	3973	T	0	0	3973	35.6
A_PB2	1536	4159	A	0	0	4159	36.8
A_PB2	1537	4016	T	0	0	4016	34.4
A_PB2	1538	4061	T	0	0	4061	37.6
A_PB2	1539	3910	A	0	0	3910	37.1
A_PB2	1540	3938	T	0	0	3938	37.5
A_PB2	1541	4080	C	0	0	4080	35.6
A_PB2	1542	3915	A	0	0	3915	35.4
A_PB2	1543	4207	C	0	0	4207	35.9
A_PB2	1544	3489	C	0	0	3489	36.7
A_PB2	1545	3867	C	0	0	3867	34.4
A_PB2	1546	3823	G	0	0	3823	36.7
A_PB2	1547	4224	A	0	0	4224	36.5
A_PB2	1548	4016	A	0	0	4016	35.7
A_PB2	1549	3594	G	0	0	3594	35.9
A_PB2	1550	3733	A	0	0	3733	35.1
A_PB2	1551	3767	G	0	0	3767	37.4
A_PB2	1552	3366	G	0	0	3366	37.6
A_PB2	1553	3798	T	0	0	3798	36.2
A_PB2	1554	3988	C	0	0	3988	35.1
A_PB2	1555	3584	A	0	0	3584	37.3
A_PB2	1556	4064	G	0	0	4064	34.1
A_PB2	1557	3901	T	0	0	3901	35.6
A_PB2	1558	3906	G	0	0	3906	35.6
A_PB2	1559	3599	A	0	0	3599	36.4
A_PB2	1560	3600	G	0	0	3600	36.2
A_PB2	1561	3867	A	0	0	3867	35.5
A_PB2	1562	3488	C	0	0	3488	37.5
A_PB2	1563	3423	A	0	0	3423	35.2
A_PB2	1564	3552	C	0	0	3552	35.8
A_PB2	1565	4035	A	0	0	4035	35.2
A_PB2	1566	3325	A	0	0	3325	37.2
A_PB2	1567	3513	G	0	0	3513	36.6
A_PB2	1568	4135	G	0	0	4135	34.7
A_PB2	1569	3682	A	0	0	3682	34.2
A_PB2	1570	3407	A	0	0	3407	36.5
A_PB2	1571	3848	C	0	0	3848	34.8
A_PB2	1572	3404	G	0	0	3404	34.5
A_PB2	1573	3661	G	0	0	3661	36.1
A_PB2	1574	3689	A	0	0	3689	37.1
A_PB2	1575	3723	G	0	0	3723	34.0
A_PB2	1576	3421	A	0	0	3421	34.4
A_PB2	1577	3506	A	0	0	3506	37.5
A_PB2	1578	3071	A	0	0	3071	34.1
A_PB2	1579	3298	C	0	0	3298	35.5
A_PB2	1580	3425	T	0	0	3425	37.3
A_PB2	1581	3614	G	0	0	3614	34.6
A_PB2	1582	3395	A	0	0	3395	36.4
A_PB2	1583	3317	C	0	0	3317	37.4
A_PB2	1584	3726	A	0	0	3726	35.7
A_PB2	1585	3343	A	0	0	3343	37.6
A_PB2	1586	3298	T	0	0	3298	36.1
A_PB2	1587	3630	C	0	0	3630	35.9
A_PB2	1588	3085	A	0	0	3085	34.5
A_PB2	1589	3345	C	0	0	3345	35.6
A_PB2	1590	3440	T	0	0	3440	35.2
A_PB2	1591	3361	T	0	0	3361	34.3
A_PB2	1592	3521	A	0	0	3521	34.7
A_PB2	1593	3379	T	0	0	3379	35.2
A_PB2	1594	3280	T	0	0	3280	37.1
A_PB2	1595	3350	C	0	0	3350	37.4
A_PB2	1596	3559	G	0	0	3559	34.2
A_PB2	1597	3584	T	0	0	3584	35.7
A_PB2	1598	3365	C	0	0	3365	36.2
A_PB2	1599	3069	A	0	0	3069	36.2
A_PB2	1600	3227	T	0	0	3227	36.7
A_PB2	1601	2925	C	0	0	2925	34.3
A_PB2	1602	3353	A	0	0	3353	36.7
A_PB2	1603	3634	A	0	0	3634	35.4
A_PB2	1604	3104	T	0	0	3104	35.7
A_PB2	1605	3172	G	0	0	3172	36.6
A_PB2	1606	3260	A	0	0	3260	35.1
A_PB2	1607	2879	T	0	0	2879	36.4
A_PB2	1608	3077	G	0	0	3077	35.5
A_PB2	1609	2978	T	0	0	2978	35.6
A_PB2	1610	3085	G	0	0	3085	37.0
A_PB2	1611	3056	G	0	0	3056	36.7
A_PB2	1612	2878	G	0	0	2878	35.4
A_PB2	1613	3040	A	0	0	3040	35.5
A_PB2	1614	3056	G	0	0	3056	37.7
A_PB2	1615	3034	A	0	0	3034	35.7
A_PB2	1616	3114	T	0	0	3114	37.6
A_PB2	1617	2958	C	0	0	2958	34.4
A_PB2	1618	2875	A	0	0	2875	37.0
A_PB2	1619	3192	A	0	0	3192	35.8
A_PB2	1620	2956	T	0	0	2956	36.2
A_PB2	1621	2977	G	0	0	2977	36.0
A_PB2	1622	2923	G	0	0	2923	36.0
A_PB2	1623	2919	T	0	0	2919	37.0
A_PB2	1624	3206	C	0	0	3206	36.9
A_PB2	1625	2965	C	0	0	2965	35.4
A_PB2	1626	2841	T	0	0	2841	34.1
A_PB2	1627	2997	G	0	0	2997	37.8
A_PB2	1628	3030	A	0	0	3030	35.7
A_PB2	1629	2769	G	0	0	2769	36.8
A_PB2	1630	2907	T	0	0	2907	36.1
A_PB2	1631	2899	C	0	0	2899	36.6
A_PB2	1632	2921	G	0	0	2921	36.7
A_PB2	1633	2976	G	0	0	2976	34.6
A_PB2	1634	2678	T	0	0	2678	34.0
A_PB2	1635	2931	G	0	0	2931	35.9
A_PB2	1636	2763	T	0	0	2763	35.7
A_PB2	1637	2896	T	0	0	2896	34.9
A_PB2	1638	2587	G	0	0	2587	37.1
A_PB2	1639	2693	G	0	0	2693	35.8
A_PB2	1640	3051	T	0	0	3051	36.5
A_PB2	1641	2765	C	0	0	2765	35.2
A_PB2	1642	2685	A	0	0	2685	34.0
A_PB2	1643	2742	A	0	0	2742	37.2
A_PB2	1644	2586	T	0	0	2586	36.1
A_PB2	1645	2481	A	0	0	2481	34.4
A_PB2	1646	2744	C	0	0	2744	34.4
A_PB2	1647	2752	T	0	0	2752	35.8
A_PB2	1648	2567	T	0	0	2567	36.6
A_PB2	1649	2820	A	0	0	2820	35.3
A_PB2	1650	2565	C	0	0	2565	37.5
A_PB2	1651	2696	C	0	0	2696	35.3
A_PB2	1652	2443	A	0	0	2443	36.8
A_PB2	1653	2554	G	0	0	2554	37.1
A_PB2	1654	2671	T	0	0	2671	37.0
A_PB2	1655	2465	G	0	0	2465	37.3
A_PB2	1656	2679	G	0	0	2679	36.0
A_PB2	1657	2367	A	0	0	2367	35.2
A_PB2	1658	2497	T	0	0	2497	34.1
A_PB2	1659	2293	A	0	0	2293	34.8
A_PB2	1660	2516	A	0	0	2516	34.3
A_PB2	1661	2403	T	0	0	2403	35.9
A_PB2	1662	2446	T	0	0	2446	34.9
A_PB2	1663	2608	A	0	0	2608	37.2
A_PB2	1664	2392	G	0	0	2392	34.2
A_PB2	1665	2800	A	0	0	2800	35.8
A_PB2	1666	2486	A	0	0	2486	34.6
A_PB2	1667	2467	A	0	0	2467	34.4
A_PB2	1668	2524	C	0	0	2524	35.8
A_PB2	1669	2490	T	0	0	2490	34.9
A_PB2	1670	2512	G	0	0	2512	37.3
A_PB2	1671	2772	G	0	0	2772	36.6
A_PB2	1672	2491	G	0	0	2491	37.5
A_PB2	1673	2383	A	0	0	2383	34.4
A_PB2	1674	2292	A	0	0	2292	35.8
A_PB2	1675	2692	A	0	0	2692	34.7
A_PB2	1676	2357	C	0	0	2357	37.7
A_PB2	1677	2580	T	0	0	2580	35.2
A_PB2	1678	2563	G	0	0	2563	34.4
A_PB2	1679	2425	T	0	0	2425	38.0
A_PB2	1680	2368	A	0	0	2368	36.4
A_PB2	1681	2625	A	0	0	2625	35.9
A_PB2	1682	2394	A	0	0	2394	35.8
A_PB2	1683	2336	A	0	0	2336	37.9
A_PB2	1684	2478	A	0	0	2478	36.1
A_PB2	1685	2347	T	0	0	2347	36.4
A_PB2	1686	2713	T	0	0	2713	37.1
A_PB2	1687	2442	C	0	0	2442	36.6
A_PB2	1688	2247	A	0	0	2247	37.4
A_PB2	1689	2309	A	0	0	2309	35.1
A_PB2	1690	2135	T	0	0	2135	37.1
A_PB2	1691	2424	G	0	0	2424	35.3
A_PB2	1692	2594	G	0	0	2594	34.6
A_PB2	1693	2575	T	0	0	2575	35.9
A_PB2	1694	2428	C	0	0	2428	35.0
A_PB2	1695	2498	A	0	0	2498	37.8
A_PB2	1696	2356	C	0	0	2356	37.7
A_PB2	1697	2588	A	0	0	2588	34.1
A_PB2	1698	2524	G	0	0	2524	35.5
A_PB2	1699	2261	G	0	0	2261	34.8
A_PB2	1700	2076	A	0	0	2076	37.7
A_PB2	1701	2189	T	0	0	2189	35.3
A_PB2	1702	2598	C	0	0	2598	36.4
A_PB2	1703	2585	C	0	0	2585	36.8
A_PB2	1704	2257	C	0	0	2257	34.9
A_PB2	1705	2174	A	0	0	2174	35.3
A_PB2	1706	2306	C	0	0	2306	34.2
A_PB2	1707	2333	A	0	0	2333	34.2
A_PB2	1708	2304	A	0	0	2304	34.5
A_PB2	1709	2316	T	0	0	2316	35.2
A_PB2	1710	2195	G	0	0	2195	36.8
A_PB2	1711	2332	T	0	0	2332	34.2
A_PB2	1712	2431	T	0	0	2431	37.9
A_PB2	1713	2531	G	0	0	2531	35.5
A_PB2	1714	2411	T	0	0	2411	36.2
A_PB2	1715	2451	A	0	0	2451	37.1
A_PB2	1716	2257	T	0	0	2257	36.9
A_PB2	1717	2478	A	0	0	2478	35.6
A_PB2	1718	2394	A	0	0	2394	34.7
A_PB2	1719	2252	T	0	0	2252	34.3
A_PB2	1720	2424	A	0	0	2424	34.4
A_PB2	1721	2488	A	0	0	2488	35.4
A_PB2	1722	2520	G	0	0	2520	37.9
A_PB2	1723	2384	A	0	0	2384	35.9
A_PB2	1724	2377	T	0	0	2377	34.7
A_PB2	1725	2490	G	0	0	2490	35.8
A_PB2	1726	2589	G	0	0	2589	36.6
A_PB2	1727	2422	A	0	0	2422	34.2
A_PB2	1728	2205	A	0	0	2205	34.3
A_PB2	1729	2329	T	0	0	2329	34.2
A_PB2	1730	2501	T	0	0	2501	36.4
A_PB2	1731	2452	C	0	0	2452	35.7
A_PB2	1732	2730	G	0	0	2730	37.0
A_PB2	1733	2500	A	0	0	2500	37.0
A_PB2	1734	2476	G	0	0	2476	36.6
A_PB2	1735	2343	C	0	0	2343	35.9
A_PB2	1736	2329	C	0	0	2329	34.8
A_PB2	1737	2332	A	0	0	2332	37.8
A_PB2	1738	2345	T	0	0	2345	34.1
A_PB2	1739	2468	T	0	0	2468	37.4
A_PB2	1740	2418	C	0	0	2418	35.1
A_PB2	1741	2726	C	0	0	2726	34.0
A_PB2	1742	2622	A	0	0	2622	37.0
A_PB2	1743	2297	G	0	0	2297	36.0
A_PB2	1744	2582	T	0	0	2582	36.6
A_PB2	1745	2851	C	0	0	2851	36.0
A_PB2	1746	2432	T	0	0	2432	35.3
A_PB2	1747	2498	C	0	0	2498	37.4
A_PB2	1748	2588	T	0	0	2588	34.5
A_PB2	1749	2644	A	0	0	2644	36.5
A_PB2	1750	2691	G	0	0	2691	37.8
A_PB2	1751	2606	T	0	0	2606	34.4
A_PB2	1752	2614	C	0	0	2614	37.8
A_PB2	1753	2536	C	0	0	2536	37.8
A_PB2	1754	2722	C	0	0	2722	35.7
A_PB2	1755	2865	T	0	0	2865	36.3
A_PB2	1756	2620	A	0	0	2620	36.2
A_PB2	1757	2633	A	0	0	2633	35.9
A_PB2	1758	2508	G	0	0	2508	34.0
A_PB2	1759	3059	G	0	0	3059	35.2
A_PB2	1760	2577	C	0	0	2577	36.5
A_PB2	1761	2693	A	0	0	2693	35.3
A_PB2	1762	2594	G	0	0	2594	36.9
A_PB2	1763	2603	C	0	0	2603	35.2
A_PB2	1764	3315	C	0	0	3315	37.1
A_PB2	1765	2835	A	0	0	2835	35.1
A_PB2	1766	2845	G	0	0	2845	35.3
A_PB2	1767	2638	A	0	0	2638	37.4
A_PB2	1768	2706	G	0	0	2706	34.8
A_PB2	1769	2755	G	0	0	2755	36.2
A_PB2	1770	3016	T	0	0	3016	36.3
A_PB2	1771	2583	C	0	0	2583	36.6
A_PB2	1772	2862	A	0	0	2862	37.0
A_PB2	1773	2868	A	0	0	2868	35.4
A_PB2	1774	2895	T	0	0	2895	37.7
A_PB2	1775	3085	A	0	0	3085	34.9
A_PB2	1776	3206	C	0	0	3206	37.9
A_PB2	1777	3118	A	0	0	3118	35.9
A_PB2	1778	2777	G	0	0	2777	38.0
A_PB2	1779	2904	T	0	0	2904	37.3
A_PB2	1780	3040	G	0	0	3040	36.1
A_PB2	1781	2833	G	0	0	2833	36.6
A_PB2	1782	3438	G	0	0	3438	37.2
A_PB2	1783	2904	T	0	0	2904	34.2
A_PB2	1784	2907	T	0	0	2907	36.3
A_PB2	1785	3035	T	0	0	3035	35.4
A_PB2	1786	3119	G	0	0	3119	35.4
A_PB2	1787	2590	T	0	0	2590	34.8
A_PB2	1788	2998	G	0	0	2998	35.3
A_PB2	1789	3479	A	0	0	3479	36.5
A_PB2	1790	3065	G	0	0	3065	37.0
A_PB2	1791	3148	A	0	0	3148	35.5
A_PB2	1792	3228	A	0	0	3228	36.8
A_PB2	1793	3169	C	0	0	3169	36.1
A_PB2	1794	2748	A	0	0	2748	35.9
A_PB2	1795	3007	C	0	0	3007	37.3
A_PB2	1796	3263	T	0	0	3263	37.0
A_PB2	1797	2963	A	0	0	2963	37.1
A_PB2	1798	3167	T	0	0	3167	37.7
A_PB2	1799	3303	T	0	0	3303	35.0
A_PB2	1800	3337	C	0	0	3337	36.2
A_PB2	1801	3218	C	0	0	3218	34.2
A_PB2	1802	3159	A	0	0	3159	34.8
A_PB2	1803	3526	G	0	0	3526	35.8
A_PB2	1804	3530	C	0	0	3530	36.2
A_PB2	1805	3190	A	0	0	3190	36.6
A_PB2	1806	3357	A	0	0	3357	37.9
A_PB2	1807	3104	A	0	0	3104	35.4
A_PB2	1808	3437	T	0	0	3437	34.1
A_PB2	1809	3237	G	0	0	3237	34.6
A_PB2	1810	3599	A	0	0	3599	35.3
A_PB2	1811	3428	G	0	0	3428	34.1
A_PB2	1812	3531	A	0	0	3531	37.6
A_PB2	1813	3435	G	0	0	3435	37.3
A_PB2	1814	3555	A	0	0	3555	37.9
A_PB2	1815	3350	T	0	0	3350	35.7
A_PB2	1816	3371	G	0	0	3371	37.5
A_PB2	1817	3480	T	0	0	3480	36.4
A_PB2	1818	3692	G	0	0	3692	34.3
A_PB2	1819	3893	C	0	0	3893	37.2
A_PB2	1820	3797	T	0	0	3797	35.8
A_PB2	1821	3746	T	0	0	3746	36.9
A_PB2	1822	3635	G	0	0	3635	34.2
A_PB2	1823	3672	G	0	0	3672	36.6
A_PB2	1824	3392	A	0	0	3392	34.1
A_PB2	1825	3709	A	0	0	3709	37.0
A_PB2	1826	3476	C	0	0	3476	37.6
A_PB2	1827	3647	A	0	0	3647	36.6
A_PB2	1828	3486	T	0	0	3486	34.3
A_PB2	1829	3488	T	0	0	3488	36.8
A_PB2	1830	3434	T	0	0	3434	35.1
A_PB2	1831	3811	G	0	0	3811	35.0
A_PB2	1832	3598	A	0	0	3598	37.3
A_PB2	1833	3717	C	0	0	3717	36.1
A_PB2	1834	4444	A	0	0	4444	34.1
A_PB2	1835	3437	C	0	0	3437	37.3
A_PB2	1836	3749	T	0	0	3749	37.4
A_PB2	1837	4230	G	0	0	4230	37.3
A_PB2	1838	3749	T	0	0	3749	34.3
A_PB2	1839	3967	T	0	0	3967	37.2
A_PB2	1840	4035	C	0	0	4035	35.8
A_PB2	1841	3720	A	0	0	3720	35.5
A_PB2	1842	4470	G	0	0	4470	37.4
A_PB2	1843	3670	A	0	0	3670	37.7
A_PB2	1844	4157	T	0	0	4157	37.1
A_PB2	1845	4119	A	0	0	4119	35.8
A_PB2	1846	4151	G	0	0	4151	37.8
A_PB2	1847	4152	T	0	0	4152	37.4
A_PB2	1848	3771	A	0	0	3771	36.2
A_PB2	1849	4193	A	0	0	4193	34.0
A_PB2	1850	4327	A	0	0	4327	35.0
A_PB2	1851	4157	A	0	0	4157	34.6
A_PB2	1852	3724	C	0	0	3724	35.2
A_PB2	1853	3992	T	0	0	3992	37.8
A_PB2	1854	3600	C	0	0	3600	36.0
A_PB2	1855	4090	C	0	0	4090	36.1
A_PB2	1856	3845	T	0	0	3845	34.8
A_PB2	1857	4222	C	0	0	4222	35.1
A_PB2	1858	4018	C	0	0	4018	36.1
A_PB2	1859	4352	C	0	0	4352	36.4
A_PB2	1860	4203	C	0	0	4203	36.0
A_PB2	1861	3765	T	0	0	3765	34.5
A_PB2	1862	4085	T	0	0	4085	37.2
A_PB2	1863	3839	T	0	0	3839	36.6
A_PB2	1864	4557	G	0	0	4557	35.2
A_PB2	1865	4158	C	0	0	4158	37.4
A_PB2	1866	4388	T	0	0	4388	34.0
A_PB2	1867	4064	G	0	0	4064	35.2
A_PB2	1868	4074	C	0	0	4074	34.7
A_PB2	1869	4106	C	0	0	4106	35.0
A_PB2	1870	4326	G	0	0	4326	34.5
A_PB2	1871	3836	C	0	0	3836	37.1
A_PB2	1872	4493	C	0	0	4493	36.2
A_PB2	1873	4865	C	0	0	4865	35.3
A_PB2	1874	4443	C	0	0	4443	37.7
A_PB2	1875	4103	A	0	0	4103	35.4
A_PB2	1876	3893	C	0	0	3893	37.7
A_PB2	1877	4465	C	0	0	4465	37.7
A_PB2	1878	4406	G	0	0	4406	37.7
A_PB2	1879	4156	G	0	0	4156	34.3
A_PB2	1880	4062	A	0	0	4062	37.0
A_PB2	1881	3651	A	0	0	3651	37.8
A_PB2	1882	4214	C	0	0	4214	34.5
A_PB2	1883	4290	A	0	0	4290	36.8
A_PB2	1884	4128	A	0	0	4128	36.9
A_PB2	1885	4461	A	0	0	4461	38.0
A_PB2	1886	4127	G	0	0	4127	35.8
A_PB2	1887	4138	T	0	0	4138	34.1
A_PB2	1888	4260	A	0	0	4260	37.4
A_PB2	1889	3308	G	0	0	3308	34.9
A_PB2	1890	4431	G	0	0	4431	35.8
A_PB2	1891	4327	A	0	0	4327	36.1
A_PB2	1892	4047	T	0	0	4047	37.5
A_PB2	1893	4352	G	0	0	4352	36.7
A_PB2	1894	4371	C	0	0	4371	36.7
A_PB2	1895	4127	A	0	0	4127	34.8
A_PB2	1896	3927	G	0	0	3927	35.6
A_PB2	1897	4411	T	0	0	4411	34.8
A_PB2	1898	4231	T	0	0	4231	34.2
A_PB2	1899	4506	C	0	0	4506	37.3
A_PB2	1900	4388	T	0	0	4388	35.7
A_PB2	1901	4317	C	0	0	4317	37.3
A_PB2	1902	4878	C	0	0	4878	35.2
A_PB2	1903	4159	T	0	0	4159	34.8
A_PB2	1904	4320	C	0	0	4320	37.5
A_PB2	1905	4246	C	0	0	4246	34.0
A_PB2	1906	4232	C	0	0	4232	36.0
A_PB2	1907	4257	T	0	0	4257	36.7
A_PB2	1908	4631	G	0	0	4631	36.3
A_PB2	1909	4459	A	0	0	4459	37.9
A_PB2	1910	4418	C	0	0	4418	37.4
A_PB2	1911	4381	T	0	0	4381	36.8
A_PB2	1912	3932	G	0	0	3932	35.1
A_PB2	1913	4432	T	0	0	4432	37.2
A_PB2	1914	4441	G	0	0	4441	36.1
A_PB2	1915	4587	A	0	0	4587	37.4
A_PB2	1916	4334	A	0	0	4334	34.0
A_PB2	1917	4392	T	0	0	4392	37.3
A_PB2	1918	4192	G	0	0	4192	35.0
A_PB2	1919	4048	T	0	0	4048	35.9
A_PB2	1920	4220	A	0	0	4220	34.2
A_PB2	1921	4530	A	0	0	4530	37.7
A_PB2	1922	4195	G	0	0	4195	34.2
A_PB2	1923	3938	A	0	0	3938	36.2
A_PB2	1924	3901	G	0	0	3901	35.2
A_PB2	1925	4427	G	0	0	4427	35.8
A_PB2	1926	4606	A	0	0	4606	37.4
A_PB2	1927	4416	T	0	0	4416	36.2
A_PB2	1928	3767	C	0	0	3767	35.0
A_PB2	1929	4267	A	0	0	4267	37.3
A_PB2	1930	4205	G	0	0	4205	35.6
A_PB2	1931	3475	G	0	0	3475	35.7
A_PB2	1932	3878	A	0	0	3878	34.7
A_PB2	1933	4537	A	0	0	4537	37.4
A_PB2	1934	4478	T	0	0	4478	36.4
A_PB2	1935	4297	G	0	0	4297	37.6
A_PB2	1936	4160	A	0	0	4160	34.8
A_PB2	1937	4193	G	0	0	4193	37.6
A_PB2	1938	4689	G	0	0	4689	34.5
A_PB2	1939	4502	A	0	0	4502	34.8
A_PB2	1940	4194	T	0	0	4194	37.1
A_PB2	1941	4272	A	0	0	4272	36.7
A_PB2	1942	4177	C	0	0	4177	34.7
A_PB2	1943	4379	T	0	0	4379	34.7
A_PB2	1944	3881	G	0	0	3881	37.2
A_PB2	1945	4272	G	0	0	4272	34.7
A_PB2	1946	4136	T	0	0	4136	34.3
A_PB2	1947	4272	A	0	0	4272	35.0
A_PB2	1948	4171	A	0	0	4171	37.7
A_PB2	1949	4220	G	0	0	4220	34.6
A_PB2	1950	4122	A	0	0	4122	37.5
A_PB2	1951	4259	G	0	0	4259	37.4
A_PB2	1952	3962	G	0	0	3962	34.7
A_PB2	1953	3871	C	0	0	3871	37.5
A_PB2	1954	4505	A	0	0	4505	36.1
A_PB2	1955	4428	A	0	0	4428	36.5
A_PB2	1956	4041	T	0	0	4041	34.3
A_PB2	1957	4757	T	0	0	4757	37.3
A_PB2	1958	4278	C	0	0	4278	35.9
A_PB2	1959	4142	A	0	0	4142	35.0
A_PB2	1960	3998	C	0	0	3998	36.3
A_PB2	1961	4215	C	0	0	4215	34.8
A_PB2	1962	4564	A	0	0	4564	37.4
A_PB2	1963	4245	G	0	0	4245	36.0
A_PB2	1964	4145	T	0	0	4145	37.8
A_PB2	1965	4238	C	0	0	4238	37.4
A_PB2	1966	3903	T	0	0	3903	36.3
A_PB2	1967	4121	T	0	0	4121	35.5
A_PB2	1968	4283	C	0	0	4283	34.1
A_PB2	1969	3813	A	0	0	3813	37.4
A_PB2	1970	4278	A	0	0	4278	34.3
A_PB2	1971	4369	T	0	0	4369	36.8
A_PB2	1972	3640	T	0	0	3640	34.8
A_PB2	1973	3934	A	0	0	3934	37.8
A_PB2	1974	3952	C	0	0	3952	35.3
A_PB2	1975	4201	A	0	0	4201	35.6
A_PB2	1976	4085	A	0	0	4085	35.3
A_PB2	1977	3841	C	0	0	3841	34.6
A_PB2	1978	4105	A	0	0	4105	34.6
A_PB2	1979	4640	A	0	0	4640	35.7
A_PB2	1980	3930	G	0	0	3930	37.0
A_PB2	1981	4199	G	0	0	4199	34.5
A_PB2	1982	4241	C	0	0	4241	37.3
A_PB2	1983	3695	C	0	0	3695	37.8
A_PB2	1984	3901	A	0	0	3901	35.0
A_PB2	1985	3759	C	0	0	3759	36.2
A_PB2	1986	4085	C	0	0	4085	34.0
A_PB2	1987	4083	A	0	0	4083	35.7
A_PB2	1988	3775	A	0	0	3775	37.4
A_PB2	1989	3807	G	0	0	3807	37.7
A_PB2	1990	4162	A	0	0	4162	35.1
A_PB2	1991	4557	G	0	0	4557	35.9
A_PB2	1992	3930	G	0	0	3930	35.9
A_PB2	1993	3242	C	0	0	3242	35.4
A_PB2	1994	3687	T	0	0	3687	37.6
A_PB2	1995	3821	C	0	0	3821	34.1
A_PB2	1996	3893	A	0	0	3893	34.7
A_PB2	1997	3843	C	0	0	3843	37.9
A_PB2	1998	4313	A	0	0	4313	37.6
A_PB2	1999	3388	G	0	0	3388	36.1
A_PB2	2000	4039	T	0	0	4039	37.5
A_PB2	2001	4169	T	0	0	4169	35.5
A_PB2	2002	3906	C	0	0	3906	34.7
A_PB2	2003	4057	T	0	0	4057	35.2
A_PB2	2004	4565	C	0	0	4565	36.5
A_PB2	2005	3840	G	0	0	3840	34.9
A_PB2	2006	4064	G	0	0	4064	37.2
A_PB2	2007	3597	G	0	0	3597	36.5
A_PB2	2008	3795	A	0	0	3795	35.1
A_PB2	2009	3949	A	0	0	3949	35.1
A_PB2	2010	4203	A	0	0	4203	35.0
A_PB2	2011	3669	G	0	0	3669	35.6
A_PB2	2012	4345	A	0	0	4345	35.0
A_PB2	2013	3513	T	0	0	3513	37.4
A_PB2	2014	3994	G	0	0	3994	36.8
A_PB2	2015	3987	C	0	0	3987	37.5
A_PB2	2016	3720	A	0	0	3720	35.1
A_PB2	2017	4081	G	0	0	4081	37.2
A_PB2	2018	3787	G	0	0	3787	34.6
A_PB2	2019	3857	T	0	0	3857	37.4
A_PB2	2020	3618	G	0	0	3618	35.5
A_PB2	2021	4070	C	0	0	4070	36.6
A_PB2	2022	3559	A	0	0	3559	35.9
A_PB2	2023	3819	T	0	0	3819	35.0
A_PB2	2024	3590	T	0	0	3590	36.4
A_PB2	2025	3870	G	0	0	3870	37.9
A_PB2	2026	3934	A	0	0	3934	37.6
A_PB2	2027	3563	C	0	0	3563	34.9
A_PB2	2028	3844	C	0	0	3844	36.1
A_PB2	2029	3993	G	0	0	3993	37.5
A_PB2	2030	3806	A	0	0	3806	34.9
A_PB2	2031	4246	A	0	0	4246	34.4
A_PB2	2032	3655	G	0	0	3655	36.7
A_PB2	2033	3954	A	0	0	3954	37.2
A_PB2	2034	4146	T	0	0	4146	35.7
A_PB2	2035	4219	C	0	0	4219	35.6
A_PB2	2036	3536	C	0	0	3536	36.6
A_PB2	2037	3702	A	0	0	3702	37.1
A_PB2	2038	4375	G	0	0	4375	37.7
A_PB2	2039	4257	A	0	0	4257	35.7
A_PB2	2040	3819	T	0	0	3819	34.5
A_PB2	2041	3576	G	0	0	3576	34.1
A_PB2	2042	4431	A	0	0	4431	35.5
A_PB2	2043	3951	A	0	0	3951	34.6
A_PB2	2044	3943	G	0	0	3943	35.0
A_PB2	2045	4105	G	0	0	4105	34.4
A_PB2	2046	3885	C	0	0	3885	36.6
A_PB2	2047	4287	A	0	0	4287	35.2
A_PB2	2048	3927	C	0	0	3927	34.6
A_PB2	2049	3843	A	0	0	3843	37.5
A_PB2	2050	4383	G	0	0	4383	37.4
A_PB2	2051	4038	C	0	0	4038	37.0
A_PB2	2052	3893	T	0	0	3893	35.2
A_PB2	2053	3951	G	0	0	3951	35.3
A_PB2	2054	4142	G	0	0	4142	34.2
A_PB2	2055	3953	A	0	0	3953	36.0
A_PB2	2056	4155	G	0	0	4155	37.9
A_PB2	2057	4015	T	0	0	4015	35.7
A_PB2	2058	3721	G	0	0	3721	36.6
A_PB2	2059	4108	G	0	0	4108	35.0
A_PB2	2060	3948	A	0	0	3948	34.8
A_PB2	2061	3667	G	0	0	3667	36.1
A_PB2	2062	4502	T	0	0	4502	35.9
A_PB2	2063	4220	C	0	0	4220	37.7
A_PB2	2064	4186	T	0	0	4186	37.4
A_PB2	2065	4071	G	0	0	4071	36.3
A_PB2	2066	4214	C	0	0	4214	37.0
A_PB2	2067	3773	T	0	0	3773	35.0
A_PB2	2068	4416	G	0	0	4416	37.6
A_PB2	2069	3822	T	0	0	3822	34.2
A_PB2	2070	4213	T	0	0	4213	36.2
A_PB2	2071	3832	T	0	0	3832	36.3
A_PB2	2072	3925	T	0	0	3925	36.4
A_PB2	2073	4075	A	0	0	4075	36.9
A_PB2	2074	3920	A	0	0	3920	36.9
A_PB2	2075	3948	G	0	0	3948	36.4
A_PB2	2076	3832	A	0	0	3832	36.6
A_PB2	2077	4418	G	0	0	4418	34.8
A_PB2	2078	3929	G	0	0	3929	35.4
A_PB2	2079	4294	A	0	0	4294	37.0
A_PB2	2080	4767	T	0	0	4767	35.2
A_PB2	2081	4150	T	0	0	4150	36.1
A_PB2	2082	4188	C	0	0	4188	34.9
A_PB2	2083	4250	C	0	0	4250	34.8
A_PB2	2084	3927	T	0	0	3927	36.7
A_PB2	2085	3985	C	0	0	3985	37.7
A_PB2	2086	4394	A	0	0	4394	36.2
A_PB2	2087	3756	T	0	0	3756	34.9
A_PB2	2088	3766	T	0	0	3766	37.0
A_PB2	2089	4042	T	0	0	4042	36.1
A_PB2	2090	4252	T	0	0	4252	34.4
A_PB2	2091	4170	G	0	0	4170	37.5
A_PB2	2092	4339	G	0	0	4339	36.3
A_PB2	2093	4661	G	0	0	4661	37.7
A_PB2	2094	4675	C	0	0	4675	34.7
A_PB2	2095	4022	A	0	0	4022	36.1
A_PB2	2096	4056	A	0	0	4056	35.5
A_PB2	2097	4247	A	0	0	4247	36.3
A_PB2	2098	4379	G	0	0	4379	36.8
A_PB2	2099	4179	A	0	0	4179	35.5
A_PB2	2100	3977	A	0	0	3977	35.3
A_PB2	2101	4250	G	0	0	4250	37.3
A_PB2	2102	4646	A	0	0	4646	37.4
A_PB2	2103	4086	C	0	0	4086	37.8
A_PB2	2104	4496	A	0	0	4496	34.3
A_PB2	2105	3848	A	0	0	3848	34.3
A_PB2	2106	3979	G	0	0	3979	35.4
A_PB2	2107	4135	A	0	0	4135	36.0
A_PB2	2108	4596	G	0	0	4596	37.4
A_PB2	2109	4724	A	0	0	4724	35.2
A_PB2	2110	3991	T	0	0	3991	34.8
A_PB2	2111	4070	A	0	0	4070	35.8
A_PB2	2112	4626	T	0	0	4626	35.4
A_PB2	2113	4397	G	0	0	4397	34.9
A_PB2	2114	4836	G	0	0	4836	35.7
A_PB2	2115	4598	C	0	0	4598	34.8
A_PB2	2116	4273	C	0	0	4273	36.1
A_PB2	2117	4307	C	0	0	4307	36.8
A_PB2	2118	4734	A	0	0	4734	34.5
A_PB2	2119	4739	G	0	0	4739	36.9
A_PB2	2120	4723	C	0	0	4723	37.9
A_PB2	2121	4201	A	0	0	4201	36.9
A_PB2	2122	4570	T	0	0	4570	34.9
A_PB2	2123	4569	T	0	0	4569	37.2
A_PB2	2124	4573	G	0	0	4573	37.2
A_PB2	2125	4350	A	0	0	4350	37.9
A_PB2	2126	4469	G	0	0	4469	35.1
A_PB2	2127	3912	C	0	0	3912	34.9
A_PB2	2128	4570	A	0	0	4570	34.8
A_PB2	2129	4482	T	0	0	4482	36.4
A_PB2	2130	4337	C	0	0	4337	36.5
A_PB2	2131	4333	A	0	0	4333	35.0
A_PB2	2132	4764	A	0	0	4764	35.1
A_PB2	2133	4574	T	0	0	4574	37.4
A_PB2	2134	4470	G	0	0	4470	35.7
A_PB2	2135	4457	A	0	0	4457	34.8
A_PB2	2136	4481	G	0	0	4481	35.0
A_PB2	2137	4676	C	0	0	4676	36.4
A_PB2	2138	4238	T	0	0	4238	37.0
A_PB2	2139	4546	G	0	0	4546	34.4
A_PB2	2140	4410	A	0	0	4410	37.4
A_PB2	2141	4472	G	0	0	4472	37.7
A_PB2	2142	4604	C	0	0	4604	35.2
A_PB2	2143	5035	A	0	0	5035	34.4
A_PB2	2144	4626	A	0	0	4626	35.1
A_PB2	2145	4299	T	0	0	4299	37.3
A_PB2	2146	4210	C	0	0	4210	37.5
A_PB2	2147	4487	T	0	0	4487	35.3
A_PB2	2148	4387	T	0	0	4387	37.3
A_PB2	2149	4742	G	0	0	4742	37.1
A_PB2	2150	4065	C	0	0	4065	36.5
A_PB2	2151	4016	A	0	0	4016	35.9
A_PB2	2152	4164	A	0	0	4164	36.8
A_PB2	2153	4194	A	0	0	4194	38.0
A_PB2	2154	4558	G	0	0	4558	37.4
A_PB2	2155	4338	G	0	0	4338	34.1
A_PB2	2156	4161	G	0	0	4161	37.3
A_PB2	2157	4300	A	0	0	4300	35.1
A_PB2	2158	4023	G	0	0	4023	37.3
A_PB2	2159	4433	A	0	0	4433	37.4
A_PB2	2160	4124	G	0	0	4124	35.4
A_PB2	2161	3790	A	0	0	3790	34.4
A_PB2	2162	3688	A	0	0	3688	37.5
A_PB2	2163	4091	G	0	0	4091	34.2
A_PB2	2164	4229	G	0	0	4229	36.0
A_PB2	2165	3857	C	0	0	3857	36.2
A_PB2	2166	4014	T	0	0	4014	35.7
A_PB2	2167	3829	A	0	0	3829	36.4
A_PB2	2168	3335	A	0	0	3335	35.6
A_PB2	2169	3606	T	0	0	3606	36.2
A_PB2	2170	3550	G	0	0	3550	35.8
A_PB2	2171	3609	T	0	0	3609	36.7
A_PB2	2172	3508	G	0	0	3508	36.1
A_PB2	2173	3899	C	0	0	3899	34.6
A_PB2	2174	3287	T	0	0	3287	37.0
A_PB2	2175	4076	A	0	0	4076	35.8
A_PB2	2176	3602	A	0	0	3602	36.0
A_PB2	2177	3464	T	0	0	3464	36.8
A_PB2	2178	3473	T	0	0	3473	34.1
A_PB2	2179	3492	G	0	0	3492	34.3
A_PB2	2180	3233	G	0	0	3233	37.9
A_PB2	2181	3436	G	0	0	3436	34.8
A_PB2	2182	3433	C	0	0	3433	36.3
A_PB2	2183	2937	A	0	0	2937	35.3
A_PB2	2184	3144	A	0	0	3144	35.0
A_PB2	2185	2974	G	0	0	2974	37.7
A_PB2	2186	3048	G	0	0	3048	34.7
A_PB2	2187	3129	A	0	0	3129	37.8
A_PB2	2188	2831	G	0	0	2831	34.3
A_PB2	2189	3028	A	0	0	3028	36.6
A_PB2	2190	2761	C	0	0	2761	34.8
A_PB2	2191	2944	G	0	0	2944	37.1
A_PB2	2192	2822	T	0	0	2822	34.9
A_PB2	2193	2603	A	0	0	2603	36.8
A_PB2	2194	2583	G	0	0	2583	34.2
A_PB2	2195	2853	T	0	0	2853	35.1
A_PB2	2196	2722	G	0	0	2722	36.0
A_PB2	2197	2773	T	0	0	2773	37.8
A_PB2	2198	2680	T	0	0	2680	37.1
A_PB2	2199	2519	G	0	0	2519	36.2
A_PB2	2200	2731	G	0	0	2731	37.3
A_PB2	2201	2670	T	0	0	2670	37.6
A_PB2	2202	2683	G	0	0	2683	36.1
A_PB2	2203	2402	A	0	0	2402	34.1
A_PB2	2204	2341	T	0	0	2341	36.1
A_PB2	2205	2534	G	0	0	2534	37.7
A_PB2	2206	2351	A	0	0	2351	35.0
A_PB2	2207	2108	A	0	0	2108	35.4
A_PB2	2208	2492	A	0	0	2492	35.8
A_PB2	2209	2281	C	0	0	2281	37.9
A_PB2	2210	2214	G	0	0	2214	34.7
A_PB2	2211	2198	G	0	0	2198	37.0
A_PB2	2212	2265	A	0	0	2265	34.5
A_PB2	2213	2196	A	0	0	2196	36.2
A_PB2	2214	2072	A	0	0	2072	34.1
A_PB2	2215	2029	C	0	0	2029	37.1
A_PB2	2216	1889	G	0	0	1889	34.6
A_PB2	2217	2095	G	0	0	2095	36.9
A_PB2	2218	1999	G	0	0	1999	34.0
A_PB2	2219	1945	A	0	0	1945	35.5
A_PB2	2220	1912	C	0	0	1912	36.0
A_PB2	2221	1990	T	0	0	1990	36.1
A_PB2	2222	1815	C	0	0	1815	37.2
A_PB2	2223	1857	T	0	0	1857	36.8
A_PB2	2224	1736	A	0	0	1736	36.4
A_PB2	2225	1857	G	0	0	1857	35.0
A_PB2	2226	1819	C	0	0	1819	34.6
A_PB2	2227	1622	A	0	0	1622	34.3
A_PB2	2228	1581	T	0	0	1581	35.3
A_PB2	2229	1434	A	0	0	1434	36.0
A_PB2	2230	1643	C	0	0	1643	37.8
A_PB2	2231	1500	T	0	0	1500	35.3
A_PB2	2232	1539	T	0	0	1539	37.4
A_PB2	2233	1382	A	0	0	1382	37.5
A_PB2	2234	1447	C	0	0	1447	34.2
A_PB2	2235	1387	T	0	0	1387	34.5
A_PB2	2236	1316	G	0	0	1316	38.0
A_PB2	2237	1358	A	0	0	1358	36.9
A_PB2	2238	1192	C	0	0	1192	36.5
A_PB2	2239	1322	A	0	0	1322	37.9
A_PB2	2240	1161	G	0	0	1161	37.3
A_PB2	2241	1084	C	0	0	1084	35.5
A_PB2	2242	1168	C	0	0	1168	35.4
A_PB2	2243	1070	A	0	0	1070	36.2
A_PB2	2244	1243	G	0	0	1243	35.1
A_PB2	2245	960	A	0	0	960	37.6
A_PB2	2246	1076	C	0	0	1076	36.7
A_PB2	2247	928	A	0	0	928	34.3
A_PB2	2248	955	G	0	0	955	37.0
A_PB2	2249	977	C	0	0	977	34.8
A_PB2	2250	865	G	0	0	865	35.9
A_PB2	2251	696	A	0	0	696	36.8
A_PB2	2252	776	C	0	0	776	36.7
A_PB2	2253	759	C	0	0	759	36.5
A_PB2	2254	791	A	0	0	791	34.2
A_PB2	2255	734	A	0	0	734	35.7
A_PB2	2256	695	A	0	0	695	34.6
A_PB2	2257	653	A	0	0	653	34.6
A_PB2	2258	581	G	0	0	581	35.6
A_PB2	2259	567	A	0	0	567	37.0
A_PB2	2260	537	A	0	0	537	37.1
A_PB2	2261	520	T	0	0	520	36.6
A_PB2	2262	440	T	0	0	440	34.0
A_PB2	2263	433	C	0	0	433	37.1
A_PB2	2264	449	G	0	0	449	37.9
A_PB2	2265	388	G	0	0	388	37.4
A_PB2	2266	378	A	0	0	378	36.0
A_PB2	2267	350	T	0	0	350	37.5
A_PB2	2268	313	G	0	0	313	35.6
A_PB2	2269	299	G	0	0	299	37.7
A_PB2	2270	270	C	0	0	270	34.7
A_PB2	2271	241	C	0	0	241	35.8
A_PB2	2272	220	A	0	0	220	37.5
A_PB2	2273	162	T	0	0	162	37.5
A_PB2	2274	147	C	0	0	147	34.5
A_PB2	2275	127	A	0	0	127	35.6
A_PB2	2276	90	A	0	0	90	34.9
A_PB2	2277	77	T	0	0	77	34.5
A_PB2	2278	49	T	0	0	49	34.2
A_PB2	2279	27	A	0	0	27	35.6
A_PB2	2280	0	G	0	0	0	37.1
