Reference_Name	Position	Coverage Depth	Consensus	Deletions	Ambiguous	Consensus_Count	Consensus_Average_Quality
A_HA	1	27	A	0	0	27	37.1
A_HA	2	51	T	0	0	51	36.6
A_HA	3	73	G	0	0	73	35.6
A_HA	4	122	G	0	0	122	36.9
A_HA	5	129	A	0	0	129	36.1
A_HA	6	154	G	0	0	154	35.5
A_HA	7	181	A	0	0	181	35.5
A_HA	8	241	A	0	0	241	35.3
A_HA	9	236	C	0	0	236	35.6
A_HA	10	283	A	0	0	283	34.4
A_HA	11	299	T	0	0	299	37.0
A_HA	12	318	A	0	0	318	37.2
A_HA	13	354	G	0	0	354	36.6
A_HA	14	378	T	0	0	378	34.5
A_HA	15	410	A	0	0	410	37.4
A_HA	16	448	C	0	0	448	36.7
A_HA	17	459	T	0	0	459	37.3
A_HA	18	521	A	0	0	521	37.0
A_HA	19	560	C	0	0	560	35.5
A_HA	20	562	T	0	0	562	36.6
A_HA	21	577	T	0	0	577	35.0
A_HA	22	558	C	0	0	558	34.4
A_HA	23	688	T	0	0	688	36.9
A_HA	24	620	T	0	0	620	35.7
A_HA	25	612	G	0	0	612	34.8
A_HA	26	680	C	0	0	680	34.9
A_HA	27	697	A	0	0	697	34.5
A_HA	28	769	A	0	0	769	34.4
A_HA	29	657	T	0	0	657	37.4
A_HA	30	762	A	0	0	762	36.2
A_HA	31	898	G	0	0	898	34.9
A_HA	32	971	T	0	0	971	36.6
A_HA	33	946	T	0	0	946	35.2
A_HA	34	989	A	0	0	989	35.3
A_HA	35	1020	G	0	0	1020	34.3
A_HA	36	1011	C	0	0	1011	36.6
A_HA	37	1063	C	0	0	1063	36.8
A_HA	38	961	T	0	0	961	35.6
A_HA	39	1036	T	0	0	1036	37.9
A_HA	40	1117	G	0	0	1117	35.2
A_HA	41	1205	T	0	0	1205	34.0
A_HA	42	1317	T	0	0	1317	34.3
A_HA	43	1175	A	0	0	1175	34.7
A_HA	44	1102	A	0	0	1102	37.6
A_HA	45	1166	A	0	0	1166	35.9
A_HA	46	1428	A	0	0	1428	37.9
A_HA	47	1267	G	0	0	1267	35.1
A_HA	48	1251	T	0	0	1251	36.0
A_HA	49	1365	G	0	0	1365	35.7
A_HA	50	1501	A	0	0	1501	34.1
A_HA	51	1346	T	0	0	1346	34.9
A_HA	52	1627	C	0	0	1627	37.6
A_HA	53	1684	A	0	0	1684	36.9
A_HA	54	1606	G	0	0	1606	35.1
A_HA	55	1515	A	0	0	1515	34.8
A_HA	56	1570	T	0	0	1570	35.1
A_HA	57	1560	T	0	0	1560	34.9
A_HA	58	1749	T	0	0	1749	36.8
A_HA	59	1607	G	0	0	1607	37.5
A_HA	60	1871	C	0	0	1871	36.5
A_HA	61	1727	A	0	0	1727	34.0
A_HA	62	1857	T	0	0	1857	37.5
A_HA	63	1608	T	0	0	1608	35.9
A_HA	64	1837	G	0	0	1837	36.5
A_HA	65	1851	G	0	0	1851	36.1
A_HA	66	1758	T	0	0	1758	35.3
A_HA	67	2008	T	0	0	2008	35.4
A_HA	68	1734	A	0	0	1734	36.4
A_HA	69	1932	C	0	0	1932	37.8
A_HA	70	1894	C	0	0	1894	34.6
A_HA	71	2129	A	0	0	2129	37.8
A_HA	72	2101	T	0	0	2101	34.6
A_HA	73	1899	G	0	0	1899	34.1
A_HA	74	2086	C	0	0	2086	36.1
A_HA	75	2185	A	0	0	2185	35.5
A_HA	76	2126	A	0	0	2126	34.2
A_HA	77	2262	A	0	0	2262	37.1
A_HA	78	2102	C	0	0	2102	37.8
A_HA	79	2277	A	0	0	2277	36.8
A_HA	80	2069	A	0	0	2069	36.8
A_HA	81	2339	T	0	0	2339	36.6
A_HA	82	2313	T	0	0	2313	35.8
A_HA	83	2075	C	0	0	2075	34.6
A_HA	84	2264	G	0	0	2264	36.7
A_HA	85	2513	A	0	0	2513	35.5
A_HA	86	2455	C	0	0	2455	35.6
A_HA	87	2380	A	0	0	2380	35.4
A_HA	88	2295	G	0	0	2295	34.8
A_HA	89	2643	A	0	0	2643	35.3
A_HA	90	2454	G	0	0	2454	34.8
A_HA	91	2594	C	0	0	2594	34.7
A_HA	92	2655	A	0	0	2655	34.1
A_HA	93	2720	A	0	0	2720	35.4
A_HA	94	2748	G	0	0	2748	37.7
A_HA	95	2617	T	0	0	2617	37.8
A_HA	96	2600	T	0	0	2600	36.7
A_HA	97	2567	G	0	0	2567	34.9
A_HA	98	3073	A	0	0	3073	36.7
A_HA	99	3442	C	0	0	3442	36.0
A_HA	100	2896	A	0	0	2896	34.8
A_HA	101	2961	C	0	0	2961	36.9
A_HA	102	2754	G	0	0	2754	37.6
A_HA	103	2759	A	0	0	2759	36.8
A_HA	104	2843	T	0	0	2843	37.7
A_HA	105	3085	A	0	0	3085	36.5
A_HA	106	2943	A	0	0	2943	35.9
A_HA	107	3165	T	0	0	3165	34.6
A_HA	108	2772	G	0	0	2772	34.7
A_HA	109	2928	G	0	0	2928	35.0
A_HA	110	2928	A	0	0	2928	36.7
A_HA	111	2833	A	0	0	2833	36.2
A_HA	112	2768	A	0	0	2768	36.9
A_HA	113	2853	A	0	0	2853	36.2
A_HA	114	2950	G	0	0	2950	36.5
A_HA	115	2791	A	0	0	2791	34.8
A_HA	116	2507	A	0	0	2507	36.6
A_HA	117	3006	C	0	0	3006	34.2
A_HA	118	2755	G	0	0	2755	37.8
A_HA	119	2645	T	0	0	2645	37.0
A_HA	120	2629	C	0	0	2629	34.5
A_HA	121	2813	A	0	0	2813	36.9
A_HA	122	2647	C	0	0	2647	36.9
A_HA	123	2558	T	0	0	2558	34.8
A_HA	124	3112	G	0	0	3112	35.6
A_HA	125	2845	T	0	0	2845	34.3
A_HA	126	2626	T	0	0	2626	37.8
A_HA	127	2834	A	0	0	2834	37.0
A_HA	128	2836	C	0	0	2836	34.8
A_HA	129	2441	A	0	0	2441	35.0
A_HA	130	2733	C	0	0	2733	34.5
A_HA	131	2916	A	0	0	2916	35.9
A_HA	132	2920	T	0	0	2920	36.8
A_HA	133	2659	G	0	0	2659	36.1
A_HA	134	2759	C	0	0	2759	35.1
A_HA	135	2618	C	0	0	2618	35.5
A_HA	136	2637	C	0	0	2637	34.2
A_HA	137	2615	A	0	0	2615	37.0
A_HA	138	2629	A	0	0	2629	36.7
A_HA	139	2499	G	0	0	2499	37.7
A_HA	140	2533	A	0	0	2533	35.0
A_HA	141	2789	C	0	0	2789	35.1
A_HA	142	2595	A	0	0	2595	35.2
A_HA	143	2841	T	0	0	2841	35.8
A_HA	144	2806	A	0	0	2806	37.4
A_HA	145	2764	C	0	0	2764	37.1
A_HA	146	2499	T	0	0	2499	35.2
A_HA	147	2665	G	0	0	2665	34.2
A_HA	148	2562	G	0	0	2562	37.0
A_HA	149	2826	A	0	0	2826	36.9
A_HA	150	2382	A	0	0	2382	35.2
A_HA	151	2309	A	0	0	2309	34.3
A_HA	152	2577	A	0	0	2577	35.6
A_HA	153	2662	A	0	0	2662	35.6
A_HA	154	2446	A	0	0	2446	37.2
A_HA	155	2441	C	0	0	2441	36.5
A_HA	156	2510	A	0	0	2510	35.9
A_HA	157	2480	C	0	0	2480	35.0
A_HA	158	2518	A	0	0	2518	35.0
A_HA	159	2440	C	0	0	2440	35.9
A_HA	160	2678	A	0	0	2678	37.2
A_HA	161	2489	A	0	0	2489	34.5
A_HA	162	2523	C	0	0	2523	35.6
A_HA	163	2506	G	0	0	2506	36.7
A_HA	164	2519	G	0	0	2519	35.1
A_HA	165	2289	G	0	0	2289	36.0
A_HA	166	2396	A	0	0	2396	35.3
A_HA	167	2276	A	0	0	2276	37.7
A_HA	168	2307	G	0	0	2307	35.1
A_HA	169	2238	C	0	0	2238	34.4
A_HA	170	2215	T	0	0	2215	36.8
A_HA	171	2171	C	0	0	2171	37.6
A_HA	172	2436	T	0	0	2436	34.7
A_HA	173	2343	G	0	0	2343	36.7
A_HA	174	2290	T	0	0	2290	36.4
A_HA	175	2204	G	0	0	2204	38.0
A_HA	176	2230	A	0	0	2230	36.1
A_HA	177	2140	T	0	0	2140	36.2
A_HA	178	2121	T	0	0	2121	34.0
A_HA	179	2262	T	0	0	2262	36.8
A_HA	180	2228	A	0	0	2228	38.0
A_HA	181	1970	A	0	0	1970	34.4
A_HA	182	2151	A	0	0	2151	34.3
A_HA	183	2082	T	0	0	2082	35.8
A_HA	184	2099	G	0	0	2099	36.5
A_HA	185	2396	G	0	0	2396	37.7
A_HA	186	2237	G	0	0	2237	36.3
A_HA	187	1961	G	0	0	1961	35.2
A_HA	188	2189	T	0	0	2189	34.6
A_HA	189	2037	G	0	0	2037	34.5
A_HA	190	2022	A	0	0	2022	36.7
A_HA	191	1968	A	0	0	1968	36.4
A_HA	192	1901	G	0	0	1901	35.3
A_HA	193	1965	C	0	0	1965	35.5
A_HA	194	2047	C	0	0	2047	35.1
A_HA	195	1754	A	0	0	1754	34.6
A_HA	196	2007	C	0	0	2007	35.9
A_HA	197	2116	T	0	0	2116	35.4
A_HA	198	1682	G	0	0	1682	37.9
A_HA	199	1907	A	0	0	1907	37.4
A_HA	200	1971	T	0	0	1971	36.5
A_HA	201	2081	T	0	0	2081	36.7
A_HA	202	1825	T	0	0	1825	37.7
A_HA	203	2015	T	0	0	2015	36.8
A_HA	204	1837	A	0	0	1837	37.5
A_HA	205	1890	A	0	0	1890	36.5
A_HA	206	1971	A	0	0	1971	37.0
A_HA	207	2020	G	0	0	2020	35.7
A_HA	208	1953	G	0	0	1953	34.6
A_HA	209	2241	A	0	0	2241	35.1
A_HA	210	1793	T	0	0	1793	34.2
A_HA	211	1803	T	0	0	1803	34.4
A_HA	212	1892	G	0	0	1892	34.5
A_HA	213	1715	T	0	0	1715	34.7
A_HA	214	1685	A	0	0	1685	36.7
A_HA	215	1909	G	0	0	1909	36.4
A_HA	216	1686	T	0	0	1686	36.4
A_HA	217	1794	G	0	0	1794	35.2
A_HA	218	1831	T	0	0	1831	37.4
A_HA	219	1855	A	0	0	1855	36.4
A_HA	220	1744	G	0	0	1744	35.3
A_HA	221	1655	C	0	0	1655	36.1
A_HA	222	1972	T	0	0	1972	37.3
A_HA	223	1576	G	0	0	1576	35.6
A_HA	224	1694	G	0	0	1694	35.2
A_HA	225	1851	A	0	0	1851	34.9
A_HA	226	1529	T	0	0	1529	35.0
A_HA	227	1759	G	0	0	1759	35.2
A_HA	228	1914	G	0	0	1914	36.3
A_HA	229	1755	C	0	0	1755	38.0
A_HA	230	1946	T	0	0	1946	37.5
A_HA	231	1743	C	0	0	1743	36.0
A_HA	232	2069	C	0	0	2069	35.2
A_HA	233	1670	T	0	0	1670	36.2
A_HA	234	1580	C	0	0	1580	35.5
A_HA	235	1833	G	0	0	1833	34.2
A_HA	236	1856	G	0	0	1856	37.7
A_HA	237	1691	A	0	0	1691	34.1
A_HA	238	1528	A	0	0	1528	35.6
A_HA	239	1657	A	0	0	1657	36.6
A_HA	240	1744	C	0	0	1744	37.1
A_HA	241	1636	C	0	0	1636	37.6
A_HA	242	1586	C	0	0	1586	34.8
A_HA	243	1757	A	0	0	1757	36.3
A_HA	244	1726	A	0	0	1726	37.1
A_HA	245	1866	T	0	0	1866	36.5
A_HA	246	1627	G	0	0	1627	34.5
A_HA	247	1707	T	0	0	1707	35.2
A_HA	248	1751	G	0	0	1751	36.0
A_HA	249	1801	C	0	0	1801	36.7
A_HA	250	1627	G	0	0	1627	35.1
A_HA	251	2006	A	0	0	2006	36.9
A_HA	252	1669	C	0	0	1669	35.9
A_HA	253	1749	G	0	0	1749	36.6
A_HA	254	1731	A	0	0	1731	35.0
A_HA	255	1676	A	0	0	1676	36.9
A_HA	256	2072	T	0	0	2072	35.2
A_HA	257	1772	T	0	0	1772	36.7
A_HA	258	1852	C	0	0	1852	34.7
A_HA	259	1844	A	0	0	1844	37.9
A_HA	260	1640	T	0	0	1640	35.6
A_HA	261	1801	C	0	0	1801	37.0
A_HA	262	1722	A	0	0	1722	35.5
A_HA	263	1947	G	0	0	1947	37.2
A_HA	264	1770	A	0	0	1770	35.4
A_HA	265	1803	G	0	0	1803	35.4
A_HA	266	1728	T	0	0	1728	36.2
A_HA	267	1998	G	0	0	1998	36.1
A_HA	268	1766	C	0	0	1766	36.4
A_HA	269	2035	C	0	0	2035	36.3
A_HA	270	1751	G	0	0	1751	36.1
A_HA	271	1849	G	0	0	1849	34.6
A_HA	272	1939	A	0	0	1939	36.9
A_HA	273	2171	A	0	0	2171	37.5
A_HA	274	1988	T	0	0	1988	36.4
A_HA	275	1844	G	0	0	1844	34.1
A_HA	276	2175	G	0	0	2175	37.6
A_HA	277	1779	T	0	0	1779	34.8
A_HA	278	2047	C	0	0	2047	35.1
A_HA	279	2014	C	0	0	2014	34.5
A_HA	280	2017	T	0	0	2017	36.8
A_HA	281	2244	A	0	0	2244	36.8
A_HA	282	1830	C	0	0	1830	34.9
A_HA	283	1894	A	0	0	1894	37.1
A_HA	284	1848	T	0	0	1848	35.7
A_HA	285	2151	A	0	0	2151	35.7
A_HA	286	2101	G	0	0	2101	35.7
A_HA	287	2059	T	0	0	2059	34.9
A_HA	288	2111	G	0	0	2111	37.7
A_HA	289	1982	G	0	0	1982	36.0
A_HA	290	2238	A	0	0	2238	36.4
A_HA	291	2127	G	0	0	2127	35.9
A_HA	292	2083	C	0	0	2083	37.4
A_HA	293	1993	G	0	0	1993	34.4
A_HA	294	2302	G	0	0	2302	35.2
A_HA	295	2296	G	0	0	2296	36.2
A_HA	296	2064	C	0	0	2064	36.6
A_HA	297	2360	T	0	0	2360	34.5
A_HA	298	2279	A	0	0	2279	37.9
A_HA	299	2097	A	0	0	2097	35.8
A_HA	300	2246	C	0	0	2246	35.8
A_HA	301	2278	C	0	0	2278	37.7
A_HA	302	2364	C	0	0	2364	34.1
A_HA	303	2257	A	0	0	2257	35.5
A_HA	304	2336	G	0	0	2336	35.7
A_HA	305	2185	C	0	0	2185	34.6
A_HA	306	2101	T	0	0	2101	37.1
A_HA	307	2403	A	0	0	2403	37.6
A_HA	308	2521	A	0	0	2521	35.8
A_HA	309	2168	T	0	0	2168	37.3
A_HA	310	2122	G	0	0	2122	37.2
A_HA	311	2557	A	0	0	2557	34.4
A_HA	312	2428	C	0	0	2428	37.3
A_HA	313	2610	C	0	0	2610	37.9
A_HA	314	2591	T	0	0	2591	34.2
A_HA	315	2498	C	0	0	2498	35.6
A_HA	316	2283	T	0	0	2283	37.1
A_HA	317	2232	G	0	0	2232	34.4
A_HA	318	2460	T	0	0	2460	37.5
A_HA	319	2684	T	0	0	2684	34.2
A_HA	320	2399	A	0	0	2399	37.0
A_HA	321	2918	C	0	0	2918	35.5
A_HA	322	2530	C	0	0	2530	35.3
A_HA	323	2474	C	0	0	2474	37.3
A_HA	324	2819	A	0	0	2819	34.5
A_HA	325	2351	G	0	0	2351	35.7
A_HA	326	2506	G	0	0	2506	35.7
A_HA	327	2540	G	0	0	2540	34.1
A_HA	328	2612	A	0	0	2612	36.6
A_HA	329	2736	G	0	0	2736	34.3
A_HA	330	2801	C	0	0	2801	35.8
A_HA	331	2833	C	0	0	2833	34.7
A_HA	332	2564	T	0	0	2564	36.3
A_HA	333	2769	C	0	0	2769	34.8
A_HA	334	2485	A	0	0	2485	37.6
A_HA	335	2540	A	0	0	2540	35.7
A_HA	336	2611	T	0	0	2611	37.0
A_HA	337	2662	G	0	0	2662	34.9
A_HA	338	2906	A	0	0	2906	34.3
A_HA	339	2562	C	0	0	2562	37.0
A_HA	340	2848	T	0	0	2848	37.6
A_HA	341	3024	A	0	0	3024	36.9
A_HA	342	2750	T	0	0	2750	35.5
A_HA	343	2788	G	0	0	2788	35.9
A_HA	344	2754	A	0	0	2754	35.5
A_HA	345	2799	A	0	0	2799	36.6
A_HA	346	3003	G	0	0	3003	34.9
A_HA	347	3057	A	0	0	3057	34.4
A_HA	348	2699	A	0	0	2699	36.4
A_HA	349	3007	C	0	0	3007	37.3
A_HA	350	2930	T	0	0	2930	35.1
A_HA	351	2904	G	0	0	2904	37.9
A_HA	352	3220	A	0	0	3220	35.7
A_HA	353	2652	A	0	0	2652	36.5
A_HA	354	3096	A	0	0	3096	35.7
A_HA	355	2646	C	0	0	2646	37.3
A_HA	356	2928	A	0	0	2928	37.8
A_HA	357	3200	C	0	0	3200	36.3
A_HA	358	2793	A	0	0	2793	35.1
A_HA	359	2939	T	0	0	2939	35.4
A_HA	360	3225	G	0	0	3225	35.4
A_HA	361	2638	T	0	0	2638	35.6
A_HA	362	3181	T	0	0	3181	34.6
A_HA	363	2992	G	0	0	2992	36.0
A_HA	364	2869	A	0	0	2869	37.3
A_HA	365	2811	G	0	0	2811	36.0
A_HA	366	3256	C	0	0	3256	37.3
A_HA	367	2986	A	0	0	2986	35.7
A_HA	368	2700	G	0	0	2700	37.0
A_HA	369	3097	A	0	0	3097	35.4
A_HA	370	3075	A	0	0	3075	34.5
A_HA	371	2848	T	0	0	2848	34.2
A_HA	372	3153	A	0	0	3153	36.3
A_HA	373	3184	A	0	0	3184	35.7
A_HA	374	3137	A	0	0	3137	34.4
A_HA	375	2918	T	0	0	2918	35.9
A_HA	376	2944	C	0	0	2944	34.1
A_HA	377	3113	A	0	0	3113	35.3
A_HA	378	2907	T	0	0	2907	37.1
A_HA	379	3316	T	0	0	3316	36.6
A_HA	380	3079	T	0	0	3079	35.7
A_HA	381	3017	T	0	0	3017	36.8
A_HA	382	3361	G	0	0	3361	37.0
A_HA	383	3283	A	0	0	3283	37.7
A_HA	384	2922	G	0	0	2922	34.7
A_HA	385	3077	A	0	0	3077	36.9
A_HA	386	3163	A	0	0	3163	36.5
A_HA	387	3183	G	0	0	3183	35.6
A_HA	388	3049	A	0	0	3049	34.6
A_HA	389	3093	T	0	0	3093	35.4
A_HA	390	2842	T	0	0	2842	37.0
A_HA	391	3051	C	0	0	3051	37.0
A_HA	392	2919	A	0	0	2919	37.6
A_HA	393	3250	G	0	0	3250	35.4
A_HA	394	2899	A	0	0	2899	35.9
A_HA	395	3189	T	0	0	3189	37.3
A_HA	396	3119	C	0	0	3119	36.4
A_HA	397	3165	A	0	0	3165	35.5
A_HA	398	2799	T	0	0	2799	34.8
A_HA	399	2865	T	0	0	2865	37.4
A_HA	400	3531	C	0	0	3531	37.1
A_HA	401	2910	C	0	0	2910	37.7
A_HA	402	3094	C	0	0	3094	34.8
A_HA	403	2897	A	0	0	2897	38.0
A_HA	404	3000	A	0	0	3000	35.5
A_HA	405	2866	G	0	0	2866	37.9
A_HA	406	3183	A	0	0	3183	35.2
A_HA	407	2944	G	0	0	2944	36.7
A_HA	408	3070	T	0	0	3070	34.7
A_HA	409	2770	T	0	0	2770	36.5
A_HA	410	3107	C	0	0	3107	36.0
A_HA	411	3100	C	0	0	3100	35.9
A_HA	412	3061	T	0	0	3061	36.7
A_HA	413	3235	G	0	0	3235	34.3
A_HA	414	3192	G	0	0	3192	36.8
A_HA	415	2915	C	0	0	2915	35.8
A_HA	416	2870	C	0	0	2870	34.5
A_HA	417	2955	A	0	0	2955	34.3
A_HA	418	3279	A	0	0	3279	35.4
A_HA	419	3024	A	0	0	3024	35.7
A_HA	420	2891	T	0	0	2891	34.9
A_HA	421	3168	C	0	0	3168	34.8
A_HA	422	3001	A	0	0	3001	35.4
A_HA	423	2936	T	0	0	2936	37.1
A_HA	424	2906	G	0	0	2906	34.8
A_HA	425	3050	A	0	0	3050	35.7
A_HA	426	3096	A	0	0	3096	34.9
A_HA	427	2894	A	0	0	2894	36.3
A_HA	428	3036	C	0	0	3036	36.9
A_HA	429	3015	A	0	0	3015	35.7
A_HA	430	2830	T	0	0	2830	35.9
A_HA	431	3280	C	0	0	3280	34.6
A_HA	432	2905	A	0	0	2905	37.2
A_HA	433	2939	C	0	0	2939	36.1
A_HA	434	2745	T	0	0	2745	36.5
A_HA	435	3035	A	0	0	3035	35.5
A_HA	436	2751	G	0	0	2751	37.6
A_HA	437	2985	G	0	0	2985	34.0
A_HA	438	3007	G	0	0	3007	34.6
A_HA	439	2821	G	0	0	2821	35.2
A_HA	440	3205	T	0	0	3205	35.7
A_HA	441	2892	G	0	0	2892	35.2
A_HA	442	2987	A	0	0	2987	37.3
A_HA	443	2923	G	0	0	2923	35.8
A_HA	444	2907	C	0	0	2907	36.6
A_HA	445	3037	G	0	0	3037	35.6
A_HA	446	2718	C	0	0	2718	35.0
A_HA	447	2551	A	0	0	2551	37.9
A_HA	448	2910	G	0	0	2910	34.3
A_HA	449	2816	C	0	0	2816	34.6
A_HA	450	2869	T	0	0	2869	34.3
A_HA	451	2810	T	0	0	2810	37.2
A_HA	452	2708	G	0	0	2708	37.4
A_HA	453	2552	T	0	0	2552	35.1
A_HA	454	3076	C	0	0	3076	34.6
A_HA	455	3475	C	0	0	3475	36.6
A_HA	456	2748	A	0	0	2748	37.3
A_HA	457	3050	T	0	0	3050	36.5
A_HA	458	3101	A	0	0	3101	37.3
A_HA	459	2912	C	0	0	2912	36.3
A_HA	460	2776	C	0	0	2776	35.6
A_HA	461	2669	A	0	0	2669	37.6
A_HA	462	3051	G	0	0	3051	38.0
A_HA	463	2845	G	0	0	2845	35.4
A_HA	464	2810	G	0	0	2810	37.7
A_HA	465	2980	A	0	0	2980	37.6
A_HA	466	3038	G	0	0	3038	35.0
A_HA	467	3022	C	0	0	3022	35.3
A_HA	468	2732	G	0	0	2732	35.4
A_HA	469	2802	C	0	0	2802	34.7
A_HA	470	2984	C	0	0	2984	37.1
A_HA	471	2869	C	0	0	2869	36.0
A_HA	472	2683	T	0	0	2683	34.9
A_HA	473	2894	C	0	0	2894	36.7
A_HA	474	3012	C	0	0	3012	37.9
A_HA	475	3052	T	0	0	3052	34.2
A_HA	476	2886	T	0	0	2886	34.7
A_HA	477	3070	T	0	0	3070	37.8
A_HA	478	2725	T	0	0	2725	37.0
A_HA	479	3089	T	0	0	3089	36.1
A_HA	480	3120	C	0	0	3120	36.3
A_HA	481	2907	A	0	0	2907	34.1
A_HA	482	2987	G	0	0	2987	34.8
A_HA	483	2708	A	0	0	2708	36.7
A_HA	484	3258	A	0	0	3258	37.5
A_HA	485	2605	A	0	0	2605	35.3
A_HA	486	2692	T	0	0	2692	35.8
A_HA	487	2726	G	0	0	2726	36.4
A_HA	488	2736	T	0	0	2736	37.9
A_HA	489	3031	G	0	0	3031	37.2
A_HA	490	2918	G	0	0	2918	35.2
A_HA	491	2646	T	0	0	2646	34.0
A_HA	492	3200	G	0	0	3200	37.4
A_HA	493	2771	T	0	0	2771	36.1
A_HA	494	2868	G	0	0	2868	36.3
A_HA	495	3124	G	0	0	3124	37.2
A_HA	496	2838	C	0	0	2838	34.3
A_HA	497	2587	T	0	0	2587	36.3
A_HA	498	2926	T	0	0	2926	34.5
A_HA	499	2886	A	0	0	2886	34.5
A_HA	500	3206	T	0	0	3206	37.4
A_HA	501	2722	C	0	0	2722	35.5
A_HA	502	3084	A	0	0	3084	36.8
A_HA	503	3031	A	0	0	3031	36.4
A_HA	504	3051	A	0	0	3051	35.3
A_HA	505	2704	A	0	0	2704	34.6
A_HA	506	3155	A	0	0	3155	36.3
A_HA	507	3064	G	0	0	3064	34.1
A_HA	508	3033	A	0	0	3033	35.6
A_HA	509	2823	A	0	0	2823	34.7
A_HA	510	2941	C	0	0	2941	37.4
A_HA	511	3445	G	0	0	3445	37.8
A_HA	512	2887	A	0	0	2887	34.2
A_HA	513	3026	T	0	0	3026	37.3
A_HA	514	2829	G	0	0	2829	37.7
A_HA	515	2884	C	0	0	2884	34.1
A_HA	516	2827	A	0	0	2827	34.4
A_HA	517	3160	T	0	0	3160	35.9
A_HA	518	3093	A	0	0	3093	35.0
A_HA	519	3155	C	0	0	3155	36.8
A_HA	520	2950	C	0	0	2950	36.3
A_HA	521	2965	C	0	0	2965	35.1
A_HA	522	3102	A	0	0	3102	34.5
A_HA	523	3206	A	0	0	3206	34.1
A_HA	524	3067	C	0	0	3067	34.9
A_HA	525	3163	A	0	0	3163	37.2
A_HA	526	2832	A	0	0	2832	36.6
A_HA	527	3248	T	0	0	3248	37.6
A_HA	528	3407	A	0	0	3407	35.1
A_HA	529	3102	A	0	0	3102	36.1
A_HA	530	2978	A	0	0	2978	37.7
A_HA	531	3100	G	0	0	3100	36.0
A_HA	532	3249	A	0	0	3249	36.9
A_HA	533	2843	T	0	0	2843	34.3
A_HA	534	3070	A	0	0	3070	37.8
A_HA	535	3180	A	0	0	3180	34.6
A_HA	536	3196	G	0	0	3196	35.2
A_HA	537	2707	C	0	0	2707	37.6
A_HA	538	2786	T	0	0	2786	36.2
A_HA	539	3344	A	0	0	3344	36.5
A_HA	540	3372	C	0	0	3372	37.7
A_HA	541	3032	A	0	0	3032	35.6
A_HA	542	3378	A	0	0	3378	34.2
A_HA	543	3278	T	0	0	3278	35.9
A_HA	544	3440	A	0	0	3440	37.6
A_HA	545	3394	A	0	0	3394	35.2
A_HA	546	2933	T	0	0	2933	37.9
A_HA	547	3593	A	0	0	3593	37.9
A_HA	548	3153	C	0	0	3153	37.2
A_HA	549	3507	T	0	0	3507	37.5
A_HA	550	3558	A	0	0	3558	37.6
A_HA	551	3516	A	0	0	3516	34.1
A_HA	552	3514	T	0	0	3514	37.9
A_HA	553	3401	C	0	0	3401	37.4
A_HA	554	3228	G	0	0	3228	37.4
A_HA	555	3261	G	0	0	3261	37.4
A_HA	556	2934	G	0	0	2934	37.2
A_HA	557	3087	A	0	0	3087	34.2
A_HA	558	3263	A	0	0	3263	37.4
A_HA	559	3205	G	0	0	3205	37.3
A_HA	560	3206	A	0	0	3206	34.2
A_HA	561	3310	T	0	0	3310	36.4
A_HA	562	3293	C	0	0	3293	37.6
A_HA	563	3144	T	0	0	3144	34.6
A_HA	564	3083	C	0	0	3083	35.8
A_HA	565	3476	T	0	0	3476	36.5
A_HA	566	3310	T	0	0	3310	35.7
A_HA	567	3537	G	0	0	3537	35.4
A_HA	568	3361	A	0	0	3361	34.6
A_HA	569	3608	T	0	0	3608	35.3
A_HA	570	3417	A	0	0	3417	36.4
A_HA	571	3001	C	0	0	3001	36.7
A_HA	572	3555	T	0	0	3555	36.3
A_HA	573	3304	G	0	0	3304	34.7
A_HA	574	3826	T	0	0	3826	37.4
A_HA	575	3428	G	0	0	3428	37.7
A_HA	576	3459	G	0	0	3459	37.7
A_HA	577	3447	G	0	0	3447	35.5
A_HA	578	3171	G	0	0	3171	34.5
A_HA	579	3533	G	0	0	3533	35.3
A_HA	580	4042	A	0	0	4042	37.8
A_HA	581	3438	T	0	0	3438	37.8
A_HA	582	3289	T	0	0	3289	37.6
A_HA	583	3092	C	0	0	3092	37.7
A_HA	584	3461	A	0	0	3461	34.3
A_HA	585	3654	T	0	0	3654	36.8
A_HA	586	3203	C	0	0	3203	34.0
A_HA	587	3382	A	0	0	3382	37.0
A_HA	588	3338	T	0	0	3338	37.5
A_HA	589	3416	T	0	0	3416	37.7
A_HA	590	3258	C	0	0	3258	37.3
A_HA	591	3101	C	0	0	3101	36.3
A_HA	592	2997	A	0	0	2997	37.1
A_HA	593	3788	A	0	0	3788	37.4
A_HA	594	3461	C	0	0	3461	37.9
A_HA	595	3355	A	0	0	3355	37.8
A_HA	596	3242	A	0	0	3242	34.4
A_HA	597	3428	T	0	0	3428	36.1
A_HA	598	3136	G	0	0	3136	37.4
A_HA	599	3483	C	0	0	3483	34.9
A_HA	600	3678	A	0	0	3678	35.4
A_HA	601	3482	G	0	0	3482	37.7
A_HA	602	3473	A	0	0	3473	34.5
A_HA	603	3169	A	0	0	3169	35.7
A_HA	604	3175	G	0	0	3175	36.1
A_HA	605	3536	A	0	0	3536	37.2
A_HA	606	3416	G	0	0	3416	37.7
A_HA	607	3571	C	0	0	3571	34.1
A_HA	608	3372	A	0	0	3372	36.6
A_HA	609	3111	G	0	0	3111	34.0
A_HA	610	3000	A	0	0	3000	36.0
A_HA	611	3508	C	0	0	3508	34.6
A_HA	612	3492	A	0	0	3492	35.6
A_HA	613	3264	A	0	0	3264	35.3
A_HA	614	3388	A	0	0	3388	37.8
A_HA	615	3056	T	0	0	3056	34.0
A_HA	616	3498	C	0	0	3498	37.7
A_HA	617	3525	T	0	0	3525	35.8
A_HA	618	3259	C	0	0	3259	37.4
A_HA	619	3246	T	0	0	3246	37.1
A_HA	620	3158	A	0	0	3158	36.2
A_HA	621	3031	C	0	0	3031	37.3
A_HA	622	3293	A	0	0	3293	37.4
A_HA	623	2944	A	0	0	2944	37.0
A_HA	624	3255	A	0	0	3255	34.0
A_HA	625	3274	A	0	0	3274	37.3
A_HA	626	3146	A	0	0	3146	37.3
A_HA	627	3151	C	0	0	3151	37.8
A_HA	628	3120	C	0	0	3120	37.9
A_HA	629	3389	C	0	0	3389	36.0
A_HA	630	2983	A	0	0	2983	36.9
A_HA	631	3336	A	0	0	3336	37.3
A_HA	632	2958	C	0	0	2958	34.7
A_HA	633	3228	C	0	0	3228	36.9
A_HA	634	3117	A	0	0	3117	34.1
A_HA	635	2730	C	0	0	2730	34.3
A_HA	636	3058	C	0	0	3058	34.0
A_HA	637	3179	T	0	0	3179	37.5
A_HA	638	2911	A	0	0	2911	36.3
A_HA	639	3210	C	0	0	3210	37.4
A_HA	640	3140	A	0	0	3140	34.3
A_HA	641	2588	T	0	0	2588	34.3
A_HA	642	3064	T	0	0	3064	35.6
A_HA	643	2891	T	0	0	2891	36.5
A_HA	644	2510	C	0	0	2510	34.1
A_HA	645	2920	A	0	0	2920	35.6
A_HA	646	2993	G	0	0	2993	35.4
A_HA	647	3017	T	0	0	3017	36.3
A_HA	648	3010	T	0	0	3010	37.7
A_HA	649	2781	G	0	0	2781	37.1
A_HA	650	2610	G	0	0	2610	37.1
A_HA	651	2711	A	0	0	2711	35.5
A_HA	652	3078	A	0	0	3078	34.5
A_HA	653	2908	C	0	0	2908	35.1
A_HA	654	2544	A	0	0	2544	36.3
A_HA	655	2672	T	0	0	2672	34.1
A_HA	656	2761	C	0	0	2761	37.3
A_HA	657	2744	A	0	0	2744	36.1
A_HA	658	2861	A	0	0	2861	37.0
A_HA	659	2544	C	0	0	2544	37.7
A_HA	660	2475	T	0	0	2475	36.6
A_HA	661	2945	T	0	0	2945	34.6
A_HA	662	2810	T	0	0	2810	37.2
A_HA	663	2866	A	0	0	2866	37.9
A_HA	664	2583	A	0	0	2583	37.4
A_HA	665	2687	A	0	0	2687	35.4
A_HA	666	2548	C	0	0	2548	37.5
A_HA	667	2569	C	0	0	2569	36.3
A_HA	668	2500	A	0	0	2500	34.5
A_HA	669	2605	G	0	0	2605	34.3
A_HA	670	2627	A	0	0	2627	34.4
A_HA	671	2333	G	0	0	2333	35.2
A_HA	672	2456	G	0	0	2456	37.8
A_HA	673	2422	T	0	0	2422	37.4
A_HA	674	2446	T	0	0	2446	37.2
A_HA	675	2401	G	0	0	2401	36.2
A_HA	676	2260	G	0	0	2260	37.4
A_HA	677	2488	C	0	0	2488	36.0
A_HA	678	2750	A	0	0	2750	36.9
A_HA	679	2479	C	0	0	2479	37.9
A_HA	680	2509	C	0	0	2509	34.6
A_HA	681	2400	A	0	0	2400	36.9
A_HA	682	2563	A	0	0	2563	35.9
A_HA	683	2399	A	0	0	2399	34.7
A_HA	684	2383	A	0	0	2383	37.4
A_HA	685	2013	A	0	0	2013	35.8
A_HA	686	2175	T	0	0	2175	36.4
A_HA	687	2214	A	0	0	2214	35.8
A_HA	688	2455	G	0	0	2455	35.8
A_HA	689	2100	C	0	0	2100	34.0
A_HA	690	2376	T	0	0	2376	37.5
A_HA	691	2350	A	0	0	2350	37.1
A_HA	692	2236	C	0	0	2236	34.9
A_HA	693	2248	T	0	0	2248	35.1
A_HA	694	2154	A	0	0	2154	35.9
A_HA	695	2208	G	0	0	2208	37.8
A_HA	696	2460	A	0	0	2460	37.3
A_HA	697	2187	T	0	0	2187	35.7
A_HA	698	2221	C	0	0	2221	35.9
A_HA	699	2022	C	0	0	2022	37.3
A_HA	700	2024	C	0	0	2024	35.6
A_HA	701	2159	A	0	0	2159	37.1
A_HA	702	2175	A	0	0	2175	37.8
A_HA	703	2075	G	0	0	2075	36.6
A_HA	704	2038	T	0	0	2038	35.5
A_HA	705	2170	A	0	0	2170	36.6
A_HA	706	1913	A	0	0	1913	34.8
A_HA	707	1859	A	0	0	1859	34.3
A_HA	708	1960	C	0	0	1960	35.8
A_HA	709	1996	G	0	0	1996	35.5
A_HA	710	1834	G	0	0	1834	36.0
A_HA	711	1944	G	0	0	1944	37.6
A_HA	712	1991	C	0	0	1991	36.0
A_HA	713	2143	A	0	0	2143	34.6
A_HA	714	1851	A	0	0	1851	35.2
A_HA	715	2249	C	0	0	2249	35.0
A_HA	716	2078	G	0	0	2078	36.4
A_HA	717	2195	T	0	0	2195	37.7
A_HA	718	2210	G	0	0	2210	34.3
A_HA	719	2062	G	0	0	2062	35.9
A_HA	720	1977	A	0	0	1977	34.6
A_HA	721	1934	A	0	0	1934	36.0
A_HA	722	1936	G	0	0	1936	36.0
A_HA	723	1940	A	0	0	1940	35.1
A_HA	724	1973	A	0	0	1973	36.3
A_HA	725	1734	T	0	0	1734	35.6
A_HA	726	1846	G	0	0	1846	36.9
A_HA	727	1931	G	0	0	1931	37.9
A_HA	728	1914	A	0	0	1914	34.8
A_HA	729	1849	C	0	0	1849	36.9
A_HA	730	1915	T	0	0	1915	35.9
A_HA	731	1971	T	0	0	1971	34.6
A_HA	732	2012	C	0	0	2012	36.3
A_HA	733	1701	T	0	0	1701	37.2
A_HA	734	1922	T	0	0	1922	37.1
A_HA	735	1770	C	0	0	1770	37.7
A_HA	736	1676	T	0	0	1676	36.4
A_HA	737	1904	G	0	0	1904	35.7
A_HA	738	1938	G	0	0	1938	36.1
A_HA	739	1934	A	0	0	1934	35.7
A_HA	740	1740	C	0	0	1740	36.1
A_HA	741	1784	A	0	0	1784	34.8
A_HA	742	1853	A	0	0	1853	38.0
A_HA	743	1908	T	0	0	1908	35.7
A_HA	744	1800	C	0	0	1800	37.0
A_HA	745	1713	T	0	0	1713	34.2
A_HA	746	1879	T	0	0	1879	34.8
A_HA	747	1883	A	0	0	1883	34.2
A_HA	748	1791	A	0	0	1791	36.6
A_HA	749	2014	A	0	0	2014	36.5
A_HA	750	1792	A	0	0	1792	37.1
A_HA	751	1904	C	0	0	1904	37.2
A_HA	752	1780	C	0	0	1780	34.1
A_HA	753	1750	A	0	0	1750	34.1
A_HA	754	1920	G	0	0	1920	34.7
A_HA	755	1935	A	0	0	1935	34.1
A_HA	756	1743	T	0	0	1743	36.1
A_HA	757	2027	G	0	0	2027	37.5
A_HA	758	1865	A	0	0	1865	34.6
A_HA	759	1913	T	0	0	1913	36.2
A_HA	760	1806	G	0	0	1806	35.3
A_HA	761	2027	C	0	0	2027	34.2
A_HA	762	2012	A	0	0	2012	36.0
A_HA	763	1952	A	0	0	1952	34.2
A_HA	764	1725	T	0	0	1725	37.0
A_HA	765	1869	C	0	0	1869	34.8
A_HA	766	1946	C	0	0	1946	37.3
A_HA	767	1991	A	0	0	1991	35.5
A_HA	768	2020	T	0	0	2020	36.3
A_HA	769	2052	T	0	0	2052	36.9
A_HA	770	2123	T	0	0	2123	38.0
A_HA	771	1977	C	0	0	1977	37.8
A_HA	772	2170	G	0	0	2170	37.7
A_HA	773	2117	A	0	0	2117	35.7
A_HA	774	1859	G	0	0	1859	34.3
A_HA	775	2023	A	0	0	2023	37.2
A_HA	776	1913	G	0	0	1913	35.6
A_HA	777	2082	T	0	0	2082	37.7
A_HA	778	2233	A	0	0	2233	36.0
A_HA	779	1937	A	0	0	1937	35.2
A_HA	780	1979	C	0	0	1979	38.0
A_HA	781	2325	G	0	0	2325	36.6
A_HA	782	2050	G	0	0	2050	35.9
A_HA	783	1828	A	0	0	1828	36.4
A_HA	784	1927	A	0	0	1927	34.4
A_HA	785	2152	A	0	0	2152	36.9
A_HA	786	2253	T	0	0	2253	34.5
A_HA	787	2139	T	0	0	2139	35.7
A_HA	788	1928	T	0	0	1928	36.3
A_HA	789	2011	C	0	0	2011	34.5
A_HA	790	2111	A	0	0	2111	36.6
A_HA	791	2072	T	0	0	2072	36.4
A_HA	792	2023	T	0	0	2023	36.2
A_HA	793	2185	G	0	0	2185	34.4
A_HA	794	2161	C	0	0	2161	37.2
A_HA	795	2041	T	0	0	2041	35.7
A_HA	796	2268	C	0	0	2268	36.8
A_HA	797	2332	C	0	0	2332	36.2
A_HA	798	2176	A	0	0	2176	34.2
A_HA	799	2161	G	0	0	2161	37.9
A_HA	800	2213	A	0	0	2213	36.7
A_HA	801	2130	A	0	0	2130	36.4
A_HA	802	2188	T	0	0	2188	36.9
A_HA	803	2203	A	0	0	2203	37.1
A_HA	804	2061	T	0	0	2061	37.4
A_HA	805	2212	G	0	0	2212	37.1
A_HA	806	2312	C	0	0	2312	34.2
A_HA	807	2443	A	0	0	2443	35.8
A_HA	808	2214	T	0	0	2214	37.7
A_HA	809	2212	A	0	0	2212	36.7
A_HA	810	2308	C	0	0	2308	34.2
A_HA	811	2101	A	0	0	2101	35.8
A_HA	812	2353	A	0	0	2353	34.7
A_HA	813	2310	A	0	0	2310	35.8
A_HA	814	2236	A	0	0	2236	36.8
A_HA	815	2197	T	0	0	2197	36.1
A_HA	816	2140	T	0	0	2140	36.5
A_HA	817	2278	G	0	0	2278	36.4
A_HA	818	2433	T	0	0	2433	36.9
A_HA	819	2129	C	0	0	2129	34.3
A_HA	820	2291	A	0	0	2291	35.9
A_HA	821	2580	A	0	0	2580	37.3
A_HA	822	2576	G	0	0	2576	36.3
A_HA	823	2678	A	0	0	2678	34.6
A_HA	824	2442	A	0	0	2442	36.5
A_HA	825	2462	A	0	0	2462	34.8
A_HA	826	2276	G	0	0	2276	36.0
A_HA	827	2794	G	0	0	2794	35.7
A_HA	828	2530	G	0	0	2530	34.5
A_HA	829	2373	G	0	0	2373	35.6
A_HA	830	2459	A	0	0	2459	34.7
A_HA	831	2280	C	0	0	2280	36.2
A_HA	832	2283	T	0	0	2283	35.5
A_HA	833	2369	C	0	0	2369	36.3
A_HA	834	2728	A	0	0	2728	36.4
A_HA	835	2545	A	0	0	2545	34.6
A_HA	836	2663	C	0	0	2663	35.3
A_HA	837	2517	A	0	0	2517	34.4
A_HA	838	2422	A	0	0	2422	36.6
A_HA	839	2574	T	0	0	2574	34.6
A_HA	840	2188	T	0	0	2188	36.9
A_HA	841	2481	A	0	0	2481	36.8
A_HA	842	2381	T	0	0	2381	34.1
A_HA	843	2658	G	0	0	2658	36.5
A_HA	844	2410	A	0	0	2410	37.9
A_HA	845	2357	A	0	0	2357	35.3
A_HA	846	2511	A	0	0	2511	36.6
A_HA	847	2434	A	0	0	2434	37.2
A_HA	848	2287	G	0	0	2287	37.9
A_HA	849	2794	T	0	0	2794	34.3
A_HA	850	2461	G	0	0	2461	36.5
A_HA	851	2646	G	0	0	2646	37.3
A_HA	852	2630	A	0	0	2630	35.5
A_HA	853	2420	A	0	0	2420	36.2
A_HA	854	2282	T	0	0	2282	37.2
A_HA	855	2509	G	0	0	2509	37.2
A_HA	856	2407	G	0	0	2407	37.0
A_HA	857	2649	A	0	0	2649	37.3
A_HA	858	2289	A	0	0	2289	34.5
A_HA	859	2850	T	0	0	2850	37.4
A_HA	860	2601	A	0	0	2601	37.9
A_HA	861	2690	T	0	0	2690	37.3
A_HA	862	2423	G	0	0	2423	35.6
A_HA	863	2817	G	0	0	2817	36.6
A_HA	864	2565	C	0	0	2565	36.5
A_HA	865	2485	C	0	0	2485	36.3
A_HA	866	2444	A	0	0	2444	35.9
A_HA	867	2889	C	0	0	2889	37.5
A_HA	868	2545	T	0	0	2545	36.9
A_HA	869	2874	G	0	0	2874	35.8
A_HA	870	2771	C	0	0	2771	38.0
A_HA	871	2728	A	0	0	2728	35.2
A_HA	872	2713	A	0	0	2713	34.7
A_HA	873	2531	C	0	0	2531	36.5
A_HA	874	2743	A	0	0	2743	35.0
A_HA	875	2374	C	0	0	2374	36.3
A_HA	876	2433	C	0	0	2433	37.5
A_HA	877	2363	A	0	0	2363	36.4
A_HA	878	2319	A	0	0	2319	34.2
A_HA	879	2679	A	0	0	2679	36.2
A_HA	880	2757	T	0	0	2757	35.0
A_HA	881	2886	G	0	0	2886	34.5
A_HA	882	2453	T	0	0	2453	35.9
A_HA	883	2379	C	0	0	2379	36.7
A_HA	884	2543	A	0	0	2543	35.7
A_HA	885	2882	A	0	0	2882	36.8
A_HA	886	2863	A	0	0	2863	34.9
A_HA	887	2307	C	0	0	2307	35.2
A_HA	888	2659	C	0	0	2659	34.9
A_HA	889	2281	C	0	0	2281	34.3
A_HA	890	2643	C	0	0	2643	35.6
A_HA	891	2846	A	0	0	2846	34.3
A_HA	892	2612	G	0	0	2612	37.7
A_HA	893	2604	T	0	0	2604	36.9
A_HA	894	2476	A	0	0	2476	34.1
A_HA	895	2345	G	0	0	2345	37.1
A_HA	896	2274	G	0	0	2274	35.9
A_HA	897	2653	T	0	0	2653	36.3
A_HA	898	2538	G	0	0	2538	36.3
A_HA	899	2607	C	0	0	2607	36.2
A_HA	900	2592	G	0	0	2592	36.6
A_HA	901	2681	A	0	0	2681	36.7
A_HA	902	2169	T	0	0	2169	37.5
A_HA	903	2714	A	0	0	2714	37.6
A_HA	904	2108	A	0	0	2108	34.3
A_HA	905	2426	A	0	0	2426	37.2
A_HA	906	2675	T	0	0	2675	34.6
A_HA	907	2595	T	0	0	2595	34.0
A_HA	908	2456	C	0	0	2456	37.7
A_HA	909	2446	T	0	0	2446	36.3
A_HA	910	2288	A	0	0	2288	35.8
A_HA	911	2235	G	0	0	2235	34.2
A_HA	912	2414	T	0	0	2414	36.0
A_HA	913	2381	A	0	0	2381	34.5
A_HA	914	2529	T	0	0	2529	35.7
A_HA	915	2318	G	0	0	2318	34.6
A_HA	916	2389	C	0	0	2389	35.7
A_HA	917	2360	C	0	0	2360	34.7
A_HA	918	2522	A	0	0	2522	35.3
A_HA	919	2716	T	0	0	2716	35.7
A_HA	920	2237	T	0	0	2237	34.6
A_HA	921	2627	C	0	0	2627	36.9
A_HA	922	2425	C	0	0	2425	37.9
A_HA	923	2240	A	0	0	2240	35.1
A_HA	924	2397	C	0	0	2397	37.4
A_HA	925	2373	A	0	0	2373	37.2
A_HA	926	2794	A	0	0	2794	35.3
A_HA	927	2565	C	0	0	2565	34.4
A_HA	928	2270	A	0	0	2270	36.7
A_HA	929	2566	T	0	0	2566	37.9
A_HA	930	2401	A	0	0	2401	36.2
A_HA	931	2381	C	0	0	2381	37.4
A_HA	932	2307	A	0	0	2307	36.4
A_HA	933	2193	T	0	0	2193	36.9
A_HA	934	2318	C	0	0	2318	34.7
A_HA	935	2095	C	0	0	2095	37.1
A_HA	936	2483	T	0	0	2483	34.7
A_HA	937	2281	C	0	0	2281	34.6
A_HA	938	2263	T	0	0	2263	37.4
A_HA	939	2611	C	0	0	2611	34.9
A_HA	940	2295	A	0	0	2295	35.0
A_HA	941	2426	C	0	0	2426	35.5
A_HA	942	2168	C	0	0	2168	37.4
A_HA	943	2345	A	0	0	2345	35.1
A_HA	944	2343	T	0	0	2343	34.1
A_HA	945	2547	T	0	0	2547	35.4
A_HA	946	2447	G	0	0	2447	36.7
A_HA	947	2460	G	0	0	2460	34.5
A_HA	948	2353	G	0	0	2353	35.8
A_HA	949	2543	G	0	0	2543	35.0
A_HA	950	2612	A	0	0	2612	37.8
A_HA	951	2562	A	0	0	2562	35.9
A_HA	952	2473	T	0	0	2473	34.9
A_HA	953	2373	G	0	0	2373	37.5
A_HA	954	2266	C	0	0	2266	34.3
A_HA	955	2414	C	0	0	2414	37.7
A_HA	956	2572	C	0	0	2572	36.1
A_HA	957	2220	C	0	0	2220	34.4
A_HA	958	2316	A	0	0	2316	34.7
A_HA	959	2499	A	0	0	2499	37.0
A_HA	960	2537	A	0	0	2537	37.8
A_HA	961	2257	T	0	0	2257	34.2
A_HA	962	2450	A	0	0	2450	37.9
A_HA	963	2679	C	0	0	2679	36.7
A_HA	964	2553	G	0	0	2553	35.5
A_HA	965	2528	T	0	0	2528	35.3
A_HA	966	2538	G	0	0	2538	36.6
A_HA	967	2653	A	0	0	2653	36.6
A_HA	968	2526	A	0	0	2526	35.0
A_HA	969	2694	G	0	0	2694	35.5
A_HA	970	2645	T	0	0	2645	36.7
A_HA	971	2548	C	0	0	2548	35.9
A_HA	972	2651	A	0	0	2651	34.8
A_HA	973	2655	A	0	0	2655	37.3
A_HA	974	2578	A	0	0	2578	36.5
A_HA	975	2550	C	0	0	2550	37.7
A_HA	976	2605	A	0	0	2605	34.5
A_HA	977	2499	A	0	0	2499	36.9
A_HA	978	2551	G	0	0	2551	35.1
A_HA	979	2613	T	0	0	2613	37.7
A_HA	980	2733	T	0	0	2733	34.5
A_HA	981	2765	G	0	0	2765	36.6
A_HA	982	2624	G	0	0	2624	35.7
A_HA	983	2650	T	0	0	2650	37.2
A_HA	984	2779	C	0	0	2779	35.2
A_HA	985	2554	C	0	0	2554	37.1
A_HA	986	2661	T	0	0	2661	35.8
A_HA	987	2462	T	0	0	2462	34.8
A_HA	988	3102	G	0	0	3102	36.0
A_HA	989	2466	C	0	0	2466	36.3
A_HA	990	2733	G	0	0	2733	37.6
A_HA	991	2820	A	0	0	2820	38.0
A_HA	992	2894	C	0	0	2894	34.3
A_HA	993	2474	T	0	0	2474	35.9
A_HA	994	2630	G	0	0	2630	35.9
A_HA	995	2829	G	0	0	2829	36.7
A_HA	996	2813	G	0	0	2813	34.3
A_HA	997	2784	C	0	0	2784	36.8
A_HA	998	2764	T	0	0	2764	34.1
A_HA	999	2779	C	0	0	2779	35.3
A_HA	1000	2674	A	0	0	2674	36.8
A_HA	1001	2756	G	0	0	2756	34.9
A_HA	1002	2725	A	0	0	2725	37.6
A_HA	1003	2607	A	0	0	2607	37.7
A_HA	1004	2967	A	0	0	2967	37.6
A_HA	1005	2642	T	0	0	2642	35.1
A_HA	1006	3030	A	0	0	3030	37.8
A_HA	1007	2754	G	0	0	2754	37.5
A_HA	1008	2873	T	0	0	2873	34.8
A_HA	1009	3281	C	0	0	3281	34.6
A_HA	1010	2763	C	0	0	2763	36.9
A_HA	1011	2970	T	0	0	2970	36.7
A_HA	1012	3026	C	0	0	3026	36.7
A_HA	1013	3073	T	0	0	3073	37.7
A_HA	1014	3032	A	0	0	3032	34.4
A_HA	1015	3060	A	0	0	3060	34.8
A_HA	1016	2824	G	0	0	2824	36.1
A_HA	1017	3353	A	0	0	3353	35.0
A_HA	1018	3015	G	0	0	3015	34.8
A_HA	1019	2909	A	0	0	2909	35.9
A_HA	1020	3200	A	0	0	3200	37.7
A_HA	1021	3303	A	0	0	3303	34.7
A_HA	1022	2793	A	0	0	2793	35.1
A_HA	1023	2753	G	0	0	2753	36.2
A_HA	1024	3131	A	0	0	3131	34.1
A_HA	1025	3306	G	0	0	3306	34.2
A_HA	1026	2840	A	0	0	2840	37.1
A_HA	1027	3272	A	0	0	3272	35.9
A_HA	1028	3159	G	0	0	3159	37.4
A_HA	1029	3382	A	0	0	3382	37.0
A_HA	1030	3202	A	0	0	3202	35.6
A_HA	1031	3329	A	0	0	3329	36.7
A_HA	1032	3139	A	0	0	3139	35.8
A_HA	1033	3399	A	0	0	3399	35.5
A_HA	1034	3480	G	0	0	3480	35.3
A_HA	1035	3117	A	0	0	3117	36.9
A_HA	1036	3501	G	0	0	3501	37.3
A_HA	1037	3180	G	0	0	3180	34.7
A_HA	1038	3152	T	0	0	3152	37.3
A_HA	1039	3159	C	0	0	3159	34.0
A_HA	1040	3260	T	0	0	3260	36.1
A_HA	1041	3296	G	0	0	3296	34.5
A_HA	1042	3277	T	0	0	3277	34.3
A_HA	1043	3184	T	0	0	3184	34.9
A_HA	1044	3249	T	0	0	3249	37.0
A_HA	1045	3258	G	0	0	3258	35.9
A_HA	1046	3177	G	0	0	3177	34.5
A_HA	1047	3412	G	0	0	3412	35.7
A_HA	1048	2949	G	0	0	2949	36.4
A_HA	1049	2852	C	0	0	2852	35.6
A_HA	1050	3512	G	0	0	3512	37.5
A_HA	1051	3773	A	0	0	3773	37.2
A_HA	1052	3534	T	0	0	3534	34.3
A_HA	1053	3448	A	0	0	3448	37.7
A_HA	1054	3704	G	0	0	3704	34.6
A_HA	1055	3144	C	0	0	3144	36.2
A_HA	1056	3601	A	0	0	3601	34.4
A_HA	1057	3287	G	0	0	3287	34.8
A_HA	1058	3740	G	0	0	3740	37.9
A_HA	1059	3118	G	0	0	3118	37.8
A_HA	1060	3580	T	0	0	3580	35.4
A_HA	1061	3292	T	0	0	3292	34.1
A_HA	1062	3759	T	0	0	3759	37.9
A_HA	1063	3708	A	0	0	3708	34.1
A_HA	1064	3326	T	0	0	3326	34.5
A_HA	1065	3652	A	0	0	3652	34.1
A_HA	1066	3647	G	0	0	3647	34.2
A_HA	1067	3599	A	0	0	3599	37.7
A_HA	1068	3469	G	0	0	3469	34.1
A_HA	1069	3415	G	0	0	3415	34.3
A_HA	1070	3393	G	0	0	3393	34.3
A_HA	1071	3582	A	0	0	3582	36.4
A_HA	1072	3615	G	0	0	3615	34.7
A_HA	1073	3378	G	0	0	3378	37.2
A_HA	1074	3469	A	0	0	3469	34.9
A_HA	1075	3395	T	0	0	3395	35.2
A_HA	1076	3375	G	0	0	3375	34.3
A_HA	1077	3663	G	0	0	3663	34.6
A_HA	1078	3427	C	0	0	3427	34.7
A_HA	1079	3949	A	0	0	3949	37.8
A_HA	1080	3527	G	0	0	3527	34.1
A_HA	1081	3756	G	0	0	3756	36.3
A_HA	1082	3492	G	0	0	3492	37.5
A_HA	1083	3858	A	0	0	3858	37.7
A_HA	1084	3697	A	0	0	3697	34.8
A_HA	1085	3738	T	0	0	3738	37.7
A_HA	1086	3458	G	0	0	3458	34.2
A_HA	1087	3920	G	0	0	3920	36.0
A_HA	1088	3851	T	0	0	3851	37.9
A_HA	1089	4072	T	0	0	4072	36.5
A_HA	1090	3607	G	0	0	3607	37.9
A_HA	1091	3842	A	0	0	3842	35.1
A_HA	1092	3562	T	0	0	3562	36.8
A_HA	1093	3678	G	0	0	3678	36.0
A_HA	1094	3802	G	0	0	3802	36.7
A_HA	1095	3521	T	0	0	3521	36.0
A_HA	1096	3700	T	0	0	3700	36.4
A_HA	1097	3616	G	0	0	3616	34.9
A_HA	1098	3905	G	0	0	3905	37.7
A_HA	1099	3605	T	0	0	3605	34.9
A_HA	1100	3270	A	0	0	3270	37.0
A_HA	1101	3341	T	0	0	3341	37.1
A_HA	1102	3056	G	0	0	3056	36.7
A_HA	1103	3428	G	0	0	3428	35.4
A_HA	1104	3868	G	0	0	3868	36.1
A_HA	1105	3629	T	0	0	3629	37.6
A_HA	1106	3467	A	0	0	3467	35.3
A_HA	1107	3565	C	0	0	3565	37.7
A_HA	1108	4188	C	0	0	4188	36.3
A_HA	1109	3327	A	0	0	3327	35.4
A_HA	1110	3686	T	0	0	3686	36.2
A_HA	1111	3765	C	0	0	3765	35.4
A_HA	1112	3863	A	0	0	3863	35.5
A_HA	1113	3783	T	0	0	3783	34.5
A_HA	1114	3569	A	0	0	3569	34.4
A_HA	1115	3523	G	0	0	3523	37.6
A_HA	1116	3269	C	0	0	3269	36.8
A_HA	1117	3529	A	0	0	3529	35.8
A_HA	1118	3041	A	0	0	3041	34.2
A_HA	1119	4223	T	0	0	4223	37.5
A_HA	1120	3681	G	0	0	3681	37.8
A_HA	1121	3561	A	0	0	3561	34.2
A_HA	1122	3453	G	0	0	3453	36.5
A_HA	1123	3376	C	0	0	3376	35.1
A_HA	1124	3461	A	0	0	3461	37.8
A_HA	1125	3247	G	0	0	3247	36.7
A_HA	1126	3834	G	0	0	3834	35.5
A_HA	1127	3509	G	0	0	3509	37.4
A_HA	1128	3553	A	0	0	3553	34.8
A_HA	1129	3162	A	0	0	3162	36.1
A_HA	1130	3672	G	0	0	3672	35.1
A_HA	1131	3423	T	0	0	3423	35.9
A_HA	1132	3560	G	0	0	3560	35.4
A_HA	1133	3369	G	0	0	3369	37.4
A_HA	1134	3211	G	0	0	3211	34.6
A_HA	1135	3411	T	0	0	3411	36.3
A_HA	1136	3286	A	0	0	3286	36.8
A_HA	1137	3054	C	0	0	3054	37.2
A_HA	1138	3179	G	0	0	3179	37.1
A_HA	1139	3277	C	0	0	3277	34.5
A_HA	1140	2998	T	0	0	2998	37.8
A_HA	1141	3531	G	0	0	3531	36.9
A_HA	1142	3135	C	0	0	3135	37.1
A_HA	1143	2959	G	0	0	2959	36.5
A_HA	1144	3363	G	0	0	3363	37.5
A_HA	1145	3363	A	0	0	3363	35.6
A_HA	1146	3590	C	0	0	3590	37.4
A_HA	1147	3285	A	0	0	3285	37.2
A_HA	1148	3035	A	0	0	3035	36.8
A_HA	1149	3136	A	0	0	3136	36.2
A_HA	1150	3004	G	0	0	3004	36.6
A_HA	1151	3406	A	0	0	3406	35.0
A_HA	1152	3158	A	0	0	3158	34.6
A_HA	1153	3074	T	0	0	3074	35.2
A_HA	1154	2911	C	0	0	2911	34.9
A_HA	1155	3067	C	0	0	3067	35.6
A_HA	1156	2984	A	0	0	2984	35.3
A_HA	1157	2877	C	0	0	2877	37.5
A_HA	1158	3349	C	0	0	3349	34.7
A_HA	1159	3047	C	0	0	3047	35.9
A_HA	1160	2900	A	0	0	2900	35.3
A_HA	1161	3105	A	0	0	3105	38.0
A_HA	1162	2620	A	0	0	2620	37.7
A_HA	1163	2735	A	0	0	2735	34.7
A_HA	1164	2845	G	0	0	2845	35.3
A_HA	1165	2862	G	0	0	2862	37.0
A_HA	1166	3174	C	0	0	3174	37.2
A_HA	1167	2738	A	0	0	2738	36.0
A_HA	1168	2743	A	0	0	2743	37.5
A_HA	1169	2763	T	0	0	2763	37.1
A_HA	1170	2983	A	0	0	2983	36.2
A_HA	1171	2759	G	0	0	2759	34.2
A_HA	1172	3104	A	0	0	3104	36.8
A_HA	1173	3093	T	0	0	3093	35.6
A_HA	1174	2714	G	0	0	2714	36.0
A_HA	1175	3114	G	0	0	3114	38.0
A_HA	1176	2996	A	0	0	2996	37.7
A_HA	1177	2903	G	0	0	2903	36.0
A_HA	1178	2963	T	0	0	2963	36.5
A_HA	1179	2662	T	0	0	2662	35.5
A_HA	1180	2833	A	0	0	2833	34.1
A_HA	1181	2669	C	0	0	2669	37.5
A_HA	1182	2580	C	0	0	2580	35.8
A_HA	1183	2697	A	0	0	2697	34.4
A_HA	1184	2631	A	0	0	2631	37.0
A_HA	1185	2592	T	0	0	2592	37.8
A_HA	1186	2678	A	0	0	2678	36.8
A_HA	1187	2904	A	0	0	2904	36.1
A_HA	1188	2706	G	0	0	2706	36.5
A_HA	1189	2496	G	0	0	2496	35.7
A_HA	1190	2421	T	0	0	2421	35.3
A_HA	1191	2626	C	0	0	2626	37.4
A_HA	1192	2681	A	0	0	2681	37.6
A_HA	1193	2674	A	0	0	2674	35.8
A_HA	1194	2611	C	0	0	2611	35.3
A_HA	1195	2545	T	0	0	2545	37.6
A_HA	1196	2584	C	0	0	2584	36.8
A_HA	1197	2407	A	0	0	2407	36.1
A_HA	1198	2392	A	0	0	2392	35.0
A_HA	1199	2877	T	0	0	2877	36.1
A_HA	1200	2619	C	0	0	2619	37.4
A_HA	1201	2654	A	0	0	2654	36.2
A_HA	1202	2411	T	0	0	2411	34.3
A_HA	1203	2308	T	0	0	2308	36.3
A_HA	1204	2562	G	0	0	2562	37.2
A_HA	1205	2470	A	0	0	2470	36.3
A_HA	1206	2502	C	0	0	2502	34.9
A_HA	1207	2318	A	0	0	2318	34.5
A_HA	1208	2382	A	0	0	2382	36.0
A_HA	1209	2334	A	0	0	2334	36.5
A_HA	1210	2007	A	0	0	2007	34.8
A_HA	1211	2476	T	0	0	2476	36.1
A_HA	1212	2512	G	0	0	2512	35.3
A_HA	1213	2318	A	0	0	2318	36.9
A_HA	1214	2273	A	0	0	2273	34.0
A_HA	1215	2177	C	0	0	2177	34.4
A_HA	1216	2431	A	0	0	2431	35.0
A_HA	1217	2351	C	0	0	2351	36.7
A_HA	1218	2339	T	0	0	2339	35.5
A_HA	1219	2190	C	0	0	2190	34.8
A_HA	1220	2367	A	0	0	2367	34.3
A_HA	1221	2383	A	0	0	2383	37.6
A_HA	1222	2121	T	0	0	2121	35.8
A_HA	1223	2240	T	0	0	2240	37.6
A_HA	1224	2421	T	0	0	2421	35.3
A_HA	1225	2213	G	0	0	2213	36.7
A_HA	1226	2294	A	0	0	2294	34.7
A_HA	1227	2350	G	0	0	2350	36.5
A_HA	1228	2541	G	0	0	2541	34.7
A_HA	1229	2649	C	0	0	2649	36.7
A_HA	1230	2445	A	0	0	2445	34.6
A_HA	1231	2362	G	0	0	2362	36.3
A_HA	1232	2525	T	0	0	2525	37.3
A_HA	1233	2285	T	0	0	2285	35.9
A_HA	1234	2419	G	0	0	2419	34.0
A_HA	1235	2329	G	0	0	2329	36.2
A_HA	1236	2366	A	0	0	2366	37.6
A_HA	1237	2168	A	0	0	2168	37.3
A_HA	1238	2305	G	0	0	2305	37.6
A_HA	1239	2199	G	0	0	2199	34.2
A_HA	1240	2086	G	0	0	2086	37.2
A_HA	1241	2270	A	0	0	2270	34.4
A_HA	1242	2066	G	0	0	2066	34.8
A_HA	1243	2074	T	0	0	2074	34.7
A_HA	1244	2446	T	0	0	2446	35.6
A_HA	1245	2182	T	0	0	2182	34.5
A_HA	1246	2278	A	0	0	2278	35.3
A_HA	1247	2484	A	0	0	2484	36.1
A_HA	1248	2213	T	0	0	2213	37.8
A_HA	1249	2384	A	0	0	2384	37.9
A_HA	1250	2233	A	0	0	2233	37.8
A_HA	1251	2275	C	0	0	2275	37.3
A_HA	1252	2337	T	0	0	2337	35.0
A_HA	1253	2192	T	0	0	2192	37.5
A_HA	1254	2345	A	0	0	2345	35.1
A_HA	1255	2114	G	0	0	2114	36.6
A_HA	1256	2391	A	0	0	2391	36.3
A_HA	1257	2235	A	0	0	2235	36.7
A_HA	1258	2543	A	0	0	2543	35.8
A_HA	1259	2095	G	0	0	2095	35.2
A_HA	1260	2362	G	0	0	2362	34.4
A_HA	1261	2445	A	0	0	2445	35.9
A_HA	1262	2362	G	0	0	2362	36.1
A_HA	1263	2308	G	0	0	2308	36.1
A_HA	1264	2516	A	0	0	2516	37.6
A_HA	1265	2381	T	0	0	2381	38.0
A_HA	1266	2460	A	0	0	2460	35.6
A_HA	1267	2568	G	0	0	2568	36.5
A_HA	1268	2438	A	0	0	2438	34.3
A_HA	1269	2346	G	0	0	2346	37.3
A_HA	1270	2234	A	0	0	2234	37.7
A_HA	1271	2290	A	0	0	2290	36.5
A_HA	1272	2340	T	0	0	2340	34.9
A_HA	1273	2522	T	0	0	2522	36.5
A_HA	1274	2348	T	0	0	2348	37.7
A_HA	1275	2178	G	0	0	2178	37.2
A_HA	1276	2260	A	0	0	2260	35.9
A_HA	1277	2275	A	0	0	2275	37.9
A_HA	1278	2162	C	0	0	2162	35.8
A_HA	1279	2342	A	0	0	2342	36.8
A_HA	1280	2342	A	0	0	2342	37.1
A_HA	1281	2313	G	0	0	2313	35.8
A_HA	1282	2436	A	0	0	2436	36.8
A_HA	1283	2328	A	0	0	2328	34.0
A_HA	1284	2429	A	0	0	2429	35.3
A_HA	1285	2550	A	0	0	2550	35.8
A_HA	1286	2363	T	0	0	2363	35.1
A_HA	1287	2655	G	0	0	2655	36.2
A_HA	1288	2339	G	0	0	2339	35.9
A_HA	1289	2650	A	0	0	2650	35.3
A_HA	1290	2193	A	0	0	2193	35.2
A_HA	1291	2411	G	0	0	2411	36.5
A_HA	1292	2368	A	0	0	2368	34.8
A_HA	1293	2409	C	0	0	2409	35.4
A_HA	1294	2642	G	0	0	2642	34.7
A_HA	1295	2575	G	0	0	2575	35.7
A_HA	1296	2517	A	0	0	2517	36.5
A_HA	1297	2429	T	0	0	2429	36.1
A_HA	1298	2464	T	0	0	2464	36.8
A_HA	1299	2709	C	0	0	2709	37.7
A_HA	1300	2755	C	0	0	2755	34.5
A_HA	1301	2605	T	0	0	2605	34.6
A_HA	1302	2481	A	0	0	2481	34.4
A_HA	1303	2426	G	0	0	2426	38.0
A_HA	1304	2409	A	0	0	2409	37.9
A_HA	1305	2572	T	0	0	2572	35.8
A_HA	1306	2590	G	0	0	2590	37.3
A_HA	1307	2257	T	0	0	2257	35.3
A_HA	1308	2426	C	0	0	2426	37.4
A_HA	1309	2460	T	0	0	2460	34.4
A_HA	1310	2655	G	0	0	2655	34.3
A_HA	1311	2490	G	0	0	2490	34.7
A_HA	1312	2372	A	0	0	2372	37.0
A_HA	1313	2584	C	0	0	2584	37.9
A_HA	1314	2469	C	0	0	2469	36.7
A_HA	1315	2753	T	0	0	2753	35.9
A_HA	1316	2328	A	0	0	2328	37.1
A_HA	1317	2476	T	0	0	2476	37.4
A_HA	1318	2553	A	0	0	2553	36.2
A_HA	1319	2633	A	0	0	2633	34.5
A_HA	1320	2373	T	0	0	2373	36.5
A_HA	1321	2411	G	0	0	2411	36.3
A_HA	1322	2236	C	0	0	2236	34.5
A_HA	1323	2588	T	0	0	2588	37.7
A_HA	1324	2251	G	0	0	2251	36.5
A_HA	1325	2508	A	0	0	2508	34.8
A_HA	1326	2576	A	0	0	2576	36.0
A_HA	1327	2649	C	0	0	2649	34.3
A_HA	1328	2259	T	0	0	2259	36.2
A_HA	1329	2467	T	0	0	2467	36.2
A_HA	1330	2695	C	0	0	2695	38.0
A_HA	1331	2766	T	0	0	2766	36.3
A_HA	1332	2431	A	0	0	2431	37.6
A_HA	1333	2337	G	0	0	2337	34.4
A_HA	1334	2730	T	0	0	2730	36.9
A_HA	1335	2327	T	0	0	2327	36.5
A_HA	1336	2562	C	0	0	2562	34.1
A_HA	1337	2609	T	0	0	2609	35.7
A_HA	1338	2408	C	0	0	2408	36.6
A_HA	1339	2385	A	0	0	2385	36.9
A_HA	1340	2411	T	0	0	2411	34.5
A_HA	1341	2667	G	0	0	2667	34.0
A_HA	1342	2730	G	0	0	2730	35.0
A_HA	1343	2352	A	0	0	2352	35.9
A_HA	1344	2780	A	0	0	2780	34.8
A_HA	1345	2439	A	0	0	2439	37.6
A_HA	1346	2261	A	0	0	2261	34.1
A_HA	1347	2435	C	0	0	2435	35.6
A_HA	1348	2405	G	0	0	2405	37.8
A_HA	1349	2380	A	0	0	2380	36.3
A_HA	1350	2558	G	0	0	2558	34.3
A_HA	1351	2561	A	0	0	2561	35.6
A_HA	1352	2152	G	0	0	2152	35.7
A_HA	1353	2395	G	0	0	2395	35.7
A_HA	1354	2346	A	0	0	2346	34.3
A_HA	1355	2264	C	0	0	2264	35.2
A_HA	1356	2332	T	0	0	2332	37.7
A_HA	1357	2430	C	0	0	2430	35.9
A_HA	1358	2482	T	0	0	2482	36.7
A_HA	1359	2652	A	0	0	2652	35.6
A_HA	1360	2283	G	0	0	2283	37.4
A_HA	1361	2282	A	0	0	2282	34.8
A_HA	1362	2100	T	0	0	2100	34.3
A_HA	1363	2513	T	0	0	2513	38.0
A_HA	1364	2500	T	0	0	2500	34.7
A_HA	1365	2261	C	0	0	2261	36.2
A_HA	1366	2229	C	0	0	2229	36.9
A_HA	1367	2226	A	0	0	2226	37.3
A_HA	1368	2411	T	0	0	2411	37.9
A_HA	1369	2441	G	0	0	2441	36.0
A_HA	1370	2417	A	0	0	2417	36.6
A_HA	1371	2322	T	0	0	2322	36.9
A_HA	1372	2181	T	0	0	2181	38.0
A_HA	1373	2556	C	0	0	2556	36.4
A_HA	1374	2267	A	0	0	2267	35.7
A_HA	1375	2202	A	0	0	2202	36.5
A_HA	1376	2223	A	0	0	2223	34.4
A_HA	1377	2159	T	0	0	2159	34.6
A_HA	1378	2290	G	0	0	2290	36.7
A_HA	1379	2329	T	0	0	2329	34.6
A_HA	1380	2135	C	0	0	2135	35.1
A_HA	1381	2093	A	0	0	2093	37.9
A_HA	1382	2147	A	0	0	2147	36.0
A_HA	1383	2155	G	0	0	2155	34.1
A_HA	1384	2263	A	0	0	2263	35.6
A_HA	1385	2166	A	0	0	2166	36.8
A_HA	1386	2178	C	0	0	2178	37.6
A_HA	1387	2398	C	0	0	2398	35.1
A_HA	1388	2041	T	0	0	2041	37.7
A_HA	1389	2010	T	0	0	2010	35.9
A_HA	1390	2412	T	0	0	2412	37.5
A_HA	1391	2011	A	0	0	2011	34.4
A_HA	1392	2058	T	0	0	2058	37.9
A_HA	1393	2053	G	0	0	2053	34.2
A_HA	1394	1998	A	0	0	1998	36.4
A_HA	1395	1878	C	0	0	1878	34.4
A_HA	1396	2118	A	0	0	2118	35.9
A_HA	1397	2269	A	0	0	2269	35.1
A_HA	1398	1787	A	0	0	1787	35.7
A_HA	1399	2090	G	0	0	2090	36.0
A_HA	1400	1925	T	0	0	1925	34.9
A_HA	1401	2181	C	0	0	2181	35.6
A_HA	1402	1888	A	0	0	1888	34.1
A_HA	1403	1908	G	0	0	1908	37.2
A_HA	1404	2168	A	0	0	2168	37.0
A_HA	1405	1973	T	0	0	1973	37.0
A_HA	1406	2024	T	0	0	2024	34.7
A_HA	1407	2080	A	0	0	2080	36.1
A_HA	1408	1890	C	0	0	1890	35.1
A_HA	1409	2083	A	0	0	2083	34.4
A_HA	1410	2073	G	0	0	2073	37.7
A_HA	1411	1807	C	0	0	1807	34.2
A_HA	1412	1923	T	0	0	1923	37.6
A_HA	1413	2078	T	0	0	2078	37.4
A_HA	1414	1801	A	0	0	1801	34.9
A_HA	1415	2046	G	0	0	2046	36.7
A_HA	1416	1995	G	0	0	1995	34.1
A_HA	1417	2098	G	0	0	2098	37.5
A_HA	1418	2179	A	0	0	2179	35.0
A_HA	1419	2031	T	0	0	2031	36.5
A_HA	1420	2028	A	0	0	2028	34.9
A_HA	1421	2005	A	0	0	2005	34.6
A_HA	1422	2075	T	0	0	2075	34.4
A_HA	1423	1788	G	0	0	1788	36.1
A_HA	1424	2113	C	0	0	2113	34.9
A_HA	1425	2090	A	0	0	2090	36.2
A_HA	1426	1879	A	0	0	1879	36.0
A_HA	1427	2022	A	0	0	2022	35.1
A_HA	1428	2066	G	0	0	2066	36.9
A_HA	1429	1871	G	0	0	1871	34.4
A_HA	1430	1949	A	0	0	1949	35.6
A_HA	1431	1909	G	0	0	1909	37.8
A_HA	1432	1837	C	0	0	1837	35.1
A_HA	1433	1988	T	0	0	1988	34.8
A_HA	1434	1837	G	0	0	1837	37.5
A_HA	1435	1844	G	0	0	1844	36.9
A_HA	1436	1870	G	0	0	1870	37.2
A_HA	1437	1836	T	0	0	1836	37.3
A_HA	1438	1981	A	0	0	1981	37.5
A_HA	1439	1959	A	0	0	1959	37.3
A_HA	1440	1824	C	0	0	1824	34.3
A_HA	1441	2004	G	0	0	2004	36.5
A_HA	1442	1899	G	0	0	1899	35.4
A_HA	1443	2156	C	0	0	2156	35.5
A_HA	1444	2013	T	0	0	2013	36.5
A_HA	1445	1826	G	0	0	1826	35.7
A_HA	1446	2013	T	0	0	2013	36.0
A_HA	1447	2044	T	0	0	2044	37.0
A_HA	1448	1848	T	0	0	1848	35.2
A_HA	1449	1971	C	0	0	1971	37.5
A_HA	1450	1861	G	0	0	1861	35.3
A_HA	1451	1934	A	0	0	1934	37.1
A_HA	1452	1785	A	0	0	1785	34.1
A_HA	1453	2123	T	0	0	2123	36.4
A_HA	1454	2254	T	0	0	2254	36.7
A_HA	1455	1868	C	0	0	1868	37.7
A_HA	1456	1907	T	0	0	1907	37.8
A_HA	1457	2101	A	0	0	2101	35.8
A_HA	1458	2200	T	0	0	2200	35.0
A_HA	1459	2071	C	0	0	2071	35.7
A_HA	1460	2045	A	0	0	2045	35.4
A_HA	1461	2139	C	0	0	2139	36.1
A_HA	1462	1946	A	0	0	1946	36.2
A_HA	1463	1786	A	0	0	1786	38.0
A_HA	1464	1966	A	0	0	1966	34.7
A_HA	1465	2043	T	0	0	2043	37.0
A_HA	1466	2122	G	0	0	2122	37.7
A_HA	1467	2031	T	0	0	2031	35.2
A_HA	1468	1934	G	0	0	1934	36.1
A_HA	1469	2200	A	0	0	2200	35.1
A_HA	1470	2205	T	0	0	2205	35.5
A_HA	1471	2273	A	0	0	2273	37.6
A_HA	1472	2150	A	0	0	2150	36.3
A_HA	1473	1976	T	0	0	1976	37.3
A_HA	1474	2300	G	0	0	2300	36.6
A_HA	1475	2241	A	0	0	2241	36.6
A_HA	1476	2262	A	0	0	2262	34.3
A_HA	1477	2011	T	0	0	2011	34.4
A_HA	1478	2011	G	0	0	2011	37.3
A_HA	1479	2141	T	0	0	2141	37.5
A_HA	1480	2109	A	0	0	2109	35.0
A_HA	1481	1944	T	0	0	1944	35.6
A_HA	1482	2127	G	0	0	2127	37.9
A_HA	1483	2121	G	0	0	2121	35.8
A_HA	1484	2478	A	0	0	2478	35.3
A_HA	1485	2021	A	0	0	2021	36.6
A_HA	1486	2084	A	0	0	2084	37.1
A_HA	1487	2321	G	0	0	2321	34.9
A_HA	1488	2244	T	0	0	2244	37.4
A_HA	1489	2625	G	0	0	2625	34.4
A_HA	1490	2079	T	0	0	2079	37.2
A_HA	1491	2248	G	0	0	2248	36.8
A_HA	1492	2078	A	0	0	2078	34.4
A_HA	1493	2463	G	0	0	2463	35.1
A_HA	1494	2434	A	0	0	2434	36.3
A_HA	1495	2331	A	0	0	2331	37.2
A_HA	1496	2314	A	0	0	2314	34.9
A_HA	1497	2069	T	0	0	2069	34.4
A_HA	1498	2128	G	0	0	2128	36.4
A_HA	1499	2324	G	0	0	2324	34.0
A_HA	1500	2451	G	0	0	2451	34.3
A_HA	1501	2387	A	0	0	2387	36.3
A_HA	1502	2371	C	0	0	2371	36.7
A_HA	1503	2604	G	0	0	2604	36.3
A_HA	1504	2696	T	0	0	2696	34.8
A_HA	1505	2645	A	0	0	2645	37.1
A_HA	1506	2261	T	0	0	2261	36.1
A_HA	1507	2570	G	0	0	2570	36.5
A_HA	1508	2691	A	0	0	2691	37.4
A_HA	1509	2532	C	0	0	2532	34.4
A_HA	1510	2751	T	0	0	2751	36.9
A_HA	1511	2607	A	0	0	2607	37.8
A_HA	1512	2639	C	0	0	2639	37.4
A_HA	1513	2620	C	0	0	2620	34.9
A_HA	1514	2855	C	0	0	2855	36.3
A_HA	1515	2692	T	0	0	2692	36.0
A_HA	1516	3210	C	0	0	3210	37.9
A_HA	1517	2762	A	0	0	2762	37.2
A_HA	1518	2668	G	0	0	2668	37.4
A_HA	1519	2366	T	0	0	2366	34.3
A_HA	1520	2903	A	0	0	2903	37.8
A_HA	1521	2849	T	0	0	2849	37.0
A_HA	1522	2920	T	0	0	2920	35.8
A_HA	1523	2725	C	0	0	2725	37.0
A_HA	1524	2896	A	0	0	2896	34.4
A_HA	1525	2997	G	0	0	2997	37.0
A_HA	1526	2914	A	0	0	2914	37.2
A_HA	1527	3210	A	0	0	3210	36.5
A_HA	1528	3030	G	0	0	3030	34.0
A_HA	1529	2799	A	0	0	2799	34.5
A_HA	1530	2682	A	0	0	2682	37.3
A_HA	1531	3014	G	0	0	3014	36.5
A_HA	1532	3052	C	0	0	3052	35.9
A_HA	1533	3052	A	0	0	3052	34.2
A_HA	1534	2941	A	0	0	2941	35.0
A_HA	1535	2736	G	0	0	2736	35.2
A_HA	1536	3011	A	0	0	3011	34.0
A_HA	1537	3429	T	0	0	3429	37.4
A_HA	1538	3082	T	0	0	3082	36.7
A_HA	1539	3018	A	0	0	3018	36.4
A_HA	1540	2922	A	0	0	2922	35.0
A_HA	1541	2918	A	0	0	2918	37.0
A_HA	1542	3352	A	0	0	3352	37.2
A_HA	1543	3160	A	0	0	3160	36.4
A_HA	1544	3061	G	0	0	3061	34.9
A_HA	1545	3407	A	0	0	3407	35.9
A_HA	1546	3265	G	0	0	3265	36.8
A_HA	1547	2883	A	0	0	2883	35.3
A_HA	1548	3513	A	0	0	3513	37.8
A_HA	1549	2901	G	0	0	2901	36.9
A_HA	1550	3017	A	0	0	3017	34.8
A_HA	1551	3093	A	0	0	3093	35.4
A_HA	1552	3614	A	0	0	3614	35.9
A_HA	1553	3663	T	0	0	3663	37.7
A_HA	1554	2954	A	0	0	2954	36.1
A_HA	1555	3477	A	0	0	3477	34.3
A_HA	1556	3556	G	0	0	3556	34.1
A_HA	1557	3073	C	0	0	3073	36.9
A_HA	1558	3552	G	0	0	3552	35.7
A_HA	1559	3161	G	0	0	3161	35.0
A_HA	1560	3391	A	0	0	3391	35.0
A_HA	1561	3611	G	0	0	3611	36.5
A_HA	1562	3234	T	0	0	3234	36.8
A_HA	1563	3129	G	0	0	3129	35.0
A_HA	1564	3452	A	0	0	3452	34.4
A_HA	1565	3730	A	0	0	3730	35.2
A_HA	1566	3825	A	0	0	3825	35.3
A_HA	1567	3323	T	0	0	3323	38.0
A_HA	1568	3163	T	0	0	3163	36.9
A_HA	1569	3371	A	0	0	3371	35.5
A_HA	1570	3622	G	0	0	3622	35.0
A_HA	1571	3348	A	0	0	3348	36.5
A_HA	1572	3294	A	0	0	3294	37.5
A_HA	1573	3448	T	0	0	3448	37.4
A_HA	1574	3664	C	0	0	3664	37.1
A_HA	1575	3429	A	0	0	3429	34.4
A_HA	1576	3443	G	0	0	3443	35.5
A_HA	1577	3447	T	0	0	3447	36.7
A_HA	1578	3540	A	0	0	3540	35.7
A_HA	1579	3550	G	0	0	3550	34.6
A_HA	1580	3789	G	0	0	3789	35.3
A_HA	1581	3459	A	0	0	3459	34.8
A_HA	1582	3815	A	0	0	3815	36.8
A_HA	1583	3543	C	0	0	3543	35.6
A_HA	1584	3437	T	0	0	3437	34.1
A_HA	1585	3780	T	0	0	3780	37.3
A_HA	1586	3342	A	0	0	3342	35.4
A_HA	1587	3824	C	0	0	3824	35.7
A_HA	1588	3313	C	0	0	3313	36.6
A_HA	1589	3394	A	0	0	3394	37.0
A_HA	1590	3449	G	0	0	3449	34.5
A_HA	1591	3561	A	0	0	3561	34.8
A_HA	1592	3561	T	0	0	3561	37.8
A_HA	1593	3791	A	0	0	3791	37.4
A_HA	1594	3590	C	0	0	3590	36.5
A_HA	1595	3178	T	0	0	3178	34.8
A_HA	1596	3265	G	0	0	3265	35.1
A_HA	1597	3559	T	0	0	3559	35.1
A_HA	1598	3404	C	0	0	3404	37.0
A_HA	1599	3284	A	0	0	3284	36.8
A_HA	1600	3617	A	0	0	3617	34.1
A_HA	1601	3378	T	0	0	3378	35.4
A_HA	1602	3367	T	0	0	3367	36.7
A_HA	1603	2916	T	0	0	2916	34.2
A_HA	1604	3269	A	0	0	3269	34.9
A_HA	1605	3143	T	0	0	3143	37.1
A_HA	1606	3357	T	0	0	3357	36.6
A_HA	1607	3355	C	0	0	3355	37.5
A_HA	1608	3360	A	0	0	3360	37.4
A_HA	1609	3436	A	0	0	3436	35.6
A_HA	1610	3160	C	0	0	3160	35.1
A_HA	1611	3042	A	0	0	3042	36.5
A_HA	1612	2906	G	0	0	2906	35.8
A_HA	1613	2881	C	0	0	2881	34.1
A_HA	1614	2804	G	0	0	2804	37.6
A_HA	1615	3171	G	0	0	3171	34.2
A_HA	1616	2774	C	0	0	2774	37.9
A_HA	1617	2940	A	0	0	2940	35.4
A_HA	1618	2863	A	0	0	2863	36.3
A_HA	1619	3014	G	0	0	3014	36.5
A_HA	1620	2955	T	0	0	2955	37.4
A_HA	1621	3115	T	0	0	3115	36.9
A_HA	1622	2683	C	0	0	2683	35.2
A_HA	1623	2791	C	0	0	2791	34.9
A_HA	1624	2666	C	0	0	2666	37.1
A_HA	1625	2764	T	0	0	2764	35.3
A_HA	1626	2335	A	0	0	2335	36.5
A_HA	1627	2430	G	0	0	2430	37.7
A_HA	1628	2581	C	0	0	2581	35.5
A_HA	1629	2410	A	0	0	2410	36.4
A_HA	1630	2254	C	0	0	2254	37.0
A_HA	1631	2608	T	0	0	2608	36.5
A_HA	1632	2402	G	0	0	2402	34.8
A_HA	1633	2501	G	0	0	2501	36.6
A_HA	1634	2395	C	0	0	2395	36.3
A_HA	1635	2413	A	0	0	2413	37.8
A_HA	1636	2273	A	0	0	2273	34.9
A_HA	1637	2093	T	0	0	2093	37.1
A_HA	1638	2206	C	0	0	2206	37.3
A_HA	1639	2039	A	0	0	2039	34.3
A_HA	1640	2108	T	0	0	2108	36.3
A_HA	1641	2345	G	0	0	2345	37.5
A_HA	1642	2138	A	0	0	2138	37.8
A_HA	1643	2059	T	0	0	2059	34.2
A_HA	1644	1848	G	0	0	1848	35.4
A_HA	1645	1776	G	0	0	1776	35.4
A_HA	1646	1756	C	0	0	1756	35.7
A_HA	1647	1710	T	0	0	1710	35.8
A_HA	1648	1670	G	0	0	1670	37.2
A_HA	1649	1775	G	0	0	1775	37.5
A_HA	1650	1544	T	0	0	1544	37.8
A_HA	1651	1552	C	0	0	1552	35.7
A_HA	1652	1822	T	0	0	1822	34.2
A_HA	1653	1651	A	0	0	1651	37.3
A_HA	1654	1546	T	0	0	1546	36.5
A_HA	1655	1540	C	0	0	1540	34.9
A_HA	1656	1520	T	0	0	1520	34.7
A_HA	1657	1546	T	0	0	1546	37.0
A_HA	1658	1511	T	0	0	1511	37.7
A_HA	1659	1376	A	0	0	1376	37.9
A_HA	1660	1437	T	0	0	1437	34.7
A_HA	1661	1331	G	0	0	1331	35.4
A_HA	1662	1314	G	0	0	1314	36.6
A_HA	1663	1246	A	0	0	1246	36.6
A_HA	1664	1183	T	0	0	1183	37.3
A_HA	1665	1151	G	0	0	1151	36.5
A_HA	1666	1019	T	0	0	1019	37.0
A_HA	1667	1076	G	0	0	1076	34.5
A_HA	1668	990	C	0	0	990	35.6
A_HA	1669	1060	T	0	0	1060	37.6
A_HA	1670	1006	C	0	0	1006	35.7
A_HA	1671	966	C	0	0	966	34.5
A_HA	1672	850	A	0	0	850	34.3
A_HA	1673	902	A	0	0	902	34.2
A_HA	1674	857	T	0	0	857	36.9
A_HA	1675	834	G	0	0	834	36.6
A_HA	1676	913	G	0	0	913	36.2
A_HA	1677	727	G	0	0	727	36.5
A_HA	1678	749	T	0	0	749	34.6
A_HA	1679	757	C	0	0	757	37.4
A_HA	1680	666	G	0	0	666	35.0
A_HA	1681	642	T	0	0	642	35.3
A_HA	1682	529	T	0	0	529	35.6
A_HA	1683	603	A	0	0	603	36.5
A_HA	1684	571	C	0	0	571	34.7
A_HA	1685	515	A	0	0	515	34.2
A_HA	1686	500	A	0	0	500	37.6
A_HA	1687	540	T	0	0	540	36.4
A_HA	1688	476	G	0	0	476	36.9
A_HA	1689	437	C	0	0	437	35.4
A_HA	1690	426	A	0	0	426	37.3
A_HA	1691	359	G	0	0	359	35.6
A_HA	1692	324	A	0	0	324	35.0
A_HA	1693	315	A	0	0	315	34.3
A_HA	1694	286	T	0	0	286	34.2
A_HA	1695	280	T	0	0	280	35.3
A_HA	1696	209	T	0	0	209	35.0
A_HA	1697	201	G	0	0	201	36.4
A_HA	1698	171	C	0	0	171	35.8
A_HA	1699	148	A	0	0	148	35.4
A_HA	1700	111	T	0	0	111	34.9
A_HA	1701	85	T	0	0	85	37.7
A_HA	1702	54	T	0	0	54	35.4
A_HA	1703	28	A	0	0	28	34.5
A_HA	1704	0	G	0	0	0	36.1
