Reference_Name	Position	Coverage Depth	Consensus	Deletions	Ambiguous	Consensus_Count	Consensus_Average_Quality
A_NP	1	50	A	0	0	50	36.6
A_NP	2	101	T	0	0	101	36.3
A_NP	3	134	G	0	0	134	35.1
A_NP	4	195	G	0	0	195	36.3
A_NP	5	216	C	0	0	216	34.1
A_NP	6	308	G	0	0	308	35.9
A_NP	7	319	T	0	0	319	36.7
A_NP	8	375	C	0	0	375	34.1
A_NP	9	423	T	0	0	423	34.2
A_NP	10	466	C	0	0	466	34.6
A_NP	11	521	A	0	0	521	35.0
A_NP	12	533	A	0	0	533	34.0
A_NP	13	526	G	0	0	526	34.6
A_NP	14	625	G	0	0	625	34.9
A_NP	15	631	C	0	0	631	36.4
A_NP	16	647	A	0	0	647	36.9
A_NP	17	727	C	0	0	727	35.1
A_NP	18	860	C	0	0	860	36.7
A_NP	19	809	A	0	0	809	37.4
A_NP	20	949	A	0	0	949	37.7
A_NP	21	842	A	0	0	842	35.8
A_NP	22	1120	C	0	0	1120	35.9
A_NP	23	1198	G	0	0	1198	37.4
A_NP	24	1037	A	0	0	1037	36.8
A_NP	25	965	T	0	0	965	34.4
A_NP	26	1108	C	0	0	1108	34.2
A_NP	27	1249	C	0	0	1249	36.1
A_NP	28	1225	T	0	0	1225	35.3
A_NP	29	1286	A	0	0	1286	35.1
A_NP	30	1272	T	0	0	1272	35.6
A_NP	31	1281	G	0	0	1281	34.4
A_NP	32	1351	A	0	0	1351	34.4
A_NP	33	1480	A	0	0	1480	34.3
A_NP	34	1585	C	0	0	1585	37.5
A_NP	35	1502	A	0	0	1502	37.3
A_NP	36	1697	A	0	0	1697	37.0
A_NP	37	1511	A	0	0	1511	35.1
A_NP	38	1826	T	0	0	1826	37.2
A_NP	39	1757	G	0	0	1757	37.8
A_NP	40	1626	G	0	0	1626	36.5
A_NP	41	1753	A	0	0	1753	37.0
A_NP	42	1876	A	0	0	1876	36.5
A_NP	43	1743	A	0	0	1743	34.4
A_NP	44	1859	C	0	0	1859	34.3
A_NP	45	1908	T	0	0	1908	35.6
A_NP	46	2082	G	0	0	2082	35.4
A_NP	47	1969	G	0	0	1969	35.3
A_NP	48	2090	T	0	0	2090	37.9
A_NP	49	1987	G	0	0	1987	34.4
A_NP	50	2026	G	0	0	2026	37.4
A_NP	51	1994	G	0	0	1994	35.8
A_NP	52	2051	G	0	0	2051	35.6
A_NP	53	2089	A	0	0	2089	34.0
A_NP	54	2424	A	0	0	2424	35.2
A_NP	55	2225	C	0	0	2225	37.1
A_NP	56	2275	G	0	0	2275	34.4
A_NP	57	2343	C	0	0	2343	36.9
A_NP	58	2429	C	0	0	2429	37.5
A_NP	59	2531	A	0	0	2531	38.0
A_NP	60	2342	G	0	0	2342	37.0
A_NP	61	2675	A	0	0	2675	37.7
A_NP	62	2779	A	0	0	2779	35.2
A_NP	63	2582	T	0	0	2582	34.7
A_NP	64	2796	G	0	0	2796	36.5
A_NP	65	2915	C	0	0	2915	34.7
A_NP	66	2646	C	0	0	2646	35.0
A_NP	67	2709	A	0	0	2709	37.1
A_NP	68	2843	C	0	0	2843	37.3
A_NP	69	2798	T	0	0	2798	37.6
A_NP	70	3319	G	0	0	3319	36.8
A_NP	71	3444	A	0	0	3444	37.2
A_NP	72	3328	A	0	0	3328	36.4
A_NP	73	3299	A	0	0	3299	34.8
A_NP	74	3713	T	0	0	3713	34.8
A_NP	75	3166	C	0	0	3166	34.7
A_NP	76	3562	A	0	0	3562	34.4
A_NP	77	3522	G	0	0	3522	35.7
A_NP	78	3215	A	0	0	3215	36.5
A_NP	79	3487	G	0	0	3487	37.5
A_NP	80	3740	C	0	0	3740	37.7
A_NP	81	3841	A	0	0	3841	36.6
A_NP	82	3478	T	0	0	3478	35.4
A_NP	83	3528	C	0	0	3528	37.8
A_NP	84	4103	T	0	0	4103	34.2
A_NP	85	3910	G	0	0	3910	34.5
A_NP	86	3993	T	0	0	3993	36.9
A_NP	87	4338	T	0	0	4338	34.3
A_NP	88	3700	G	0	0	3700	38.0
A_NP	89	3903	G	0	0	3903	36.5
A_NP	90	4063	A	0	0	4063	34.2
A_NP	91	4062	A	0	0	4062	37.6
A_NP	92	3765	G	0	0	3765	36.6
A_NP	93	4067	A	0	0	4067	35.3
A_NP	94	4110	A	0	0	4110	36.9
A_NP	95	3982	T	0	0	3982	37.2
A_NP	96	4378	G	0	0	4378	34.7
A_NP	97	4259	G	0	0	4259	37.7
A_NP	98	4119	T	0	0	4119	37.6
A_NP	99	4524	T	0	0	4524	34.7
A_NP	100	4329	G	0	0	4329	35.4
A_NP	101	4132	G	0	0	4132	36.2
A_NP	102	4569	C	0	0	4569	36.9
A_NP	103	4880	G	0	0	4880	34.9
A_NP	104	4735	G	0	0	4735	34.9
A_NP	105	4181	A	0	0	4181	34.4
A_NP	106	4312	A	0	0	4312	34.3
A_NP	107	5302	T	0	0	5302	35.4
A_NP	108	5045	C	0	0	5045	34.8
A_NP	109	5130	G	0	0	5130	37.9
A_NP	110	5526	G	0	0	5526	35.5
A_NP	111	4911	G	0	0	4911	36.0
A_NP	112	4603	A	0	0	4603	34.6
A_NP	113	5265	G	0	0	5265	35.5
A_NP	114	4858	A	0	0	4858	37.6
A_NP	115	4993	T	0	0	4993	37.8
A_NP	116	4454	T	0	0	4454	34.6
A_NP	117	5143	C	0	0	5143	36.3
A_NP	118	5619	T	0	0	5619	35.6
A_NP	119	5363	A	0	0	5363	37.7
A_NP	120	4956	C	0	0	4956	37.4
A_NP	121	4533	A	0	0	4533	37.1
A_NP	122	5148	T	0	0	5148	34.4
A_NP	123	5334	A	0	0	5334	36.3
A_NP	124	5141	C	0	0	5141	36.3
A_NP	125	5091	A	0	0	5091	35.7
A_NP	126	5275	G	0	0	5275	37.2
A_NP	127	4753	A	0	0	4753	37.1
A_NP	128	5326	T	0	0	5326	36.7
A_NP	129	5798	G	0	0	5798	35.5
A_NP	130	5206	T	0	0	5206	34.8
A_NP	131	5026	G	0	0	5026	37.3
A_NP	132	5389	C	0	0	5389	34.7
A_NP	133	5777	A	0	0	5777	36.2
A_NP	134	6058	C	0	0	6058	37.1
A_NP	135	5251	T	0	0	5251	37.5
A_NP	136	5557	G	0	0	5557	35.1
A_NP	137	5303	A	0	0	5303	35.7
A_NP	138	6101	G	0	0	6101	37.9
A_NP	139	5811	C	0	0	5811	34.5
A_NP	140	5544	T	0	0	5544	35.0
A_NP	141	6087	C	0	0	6087	34.5
A_NP	142	5599	A	0	0	5599	36.7
A_NP	143	6309	A	0	0	6309	37.4
A_NP	144	6355	A	0	0	6355	37.0
A_NP	145	5867	C	0	0	5867	34.1
A_NP	146	6099	T	0	0	6099	36.0
A_NP	147	5930	C	0	0	5930	34.8
A_NP	148	6181	A	0	0	6181	34.9
A_NP	149	5809	G	0	0	5809	34.5
A_NP	150	5702	T	0	0	5702	36.9
A_NP	151	6166	G	0	0	6166	35.8
A_NP	152	6260	A	0	0	6260	36.6
A_NP	153	6329	T	0	0	6329	35.8
A_NP	154	6425	T	0	0	6425	36.4
A_NP	155	5445	A	0	0	5445	34.8
A_NP	156	5622	C	0	0	5622	36.8
A_NP	157	6584	G	0	0	6584	37.5
A_NP	158	5874	A	0	0	5874	36.9
A_NP	159	5923	A	0	0	5923	37.9
A_NP	160	5767	G	0	0	5767	34.0
A_NP	161	7052	G	0	0	7052	35.6
A_NP	162	5864	G	0	0	5864	35.1
A_NP	163	6083	A	0	0	6083	36.1
A_NP	164	6145	G	0	0	6145	37.5
A_NP	165	5714	G	0	0	5714	37.8
A_NP	166	6647	C	0	0	6647	34.9
A_NP	167	6543	T	0	0	6543	34.6
A_NP	168	6187	G	0	0	6187	34.4
A_NP	169	6277	A	0	0	6277	37.4
A_NP	170	6139	T	0	0	6139	36.2
A_NP	171	6056	C	0	0	6056	37.9
A_NP	172	6518	C	0	0	6518	35.6
A_NP	173	6519	A	0	0	6519	34.8
A_NP	174	6494	A	0	0	6494	36.9
A_NP	175	6990	A	0	0	6990	36.2
A_NP	176	6796	A	0	0	6796	34.1
A_NP	177	6144	C	0	0	6144	35.9
A_NP	178	6454	A	0	0	6454	36.2
A_NP	179	6764	G	0	0	6764	37.3
A_NP	180	6803	C	0	0	6803	37.9
A_NP	181	6720	A	0	0	6720	34.5
A_NP	182	6598	T	0	0	6598	35.6
A_NP	183	6048	A	0	0	6048	37.2
A_NP	184	6799	A	0	0	6799	37.1
A_NP	185	6618	C	0	0	6618	34.8
A_NP	186	6343	C	0	0	6343	36.3
A_NP	187	6107	A	0	0	6107	37.0
A_NP	188	7137	T	0	0	7137	37.1
A_NP	189	7015	A	0	0	7015	36.8
A_NP	190	6281	G	0	0	6281	34.0
A_NP	191	6428	A	0	0	6428	37.3
A_NP	192	7093	A	0	0	7093	35.2
A_NP	193	6525	A	0	0	6525	34.2
A_NP	194	7100	G	0	0	7100	35.8
A_NP	195	6242	G	0	0	6242	36.4
A_NP	196	6875	A	0	0	6875	34.5
A_NP	197	6985	T	0	0	6985	36.9
A_NP	198	6513	G	0	0	6513	35.3
A_NP	199	6459	G	0	0	6459	35.0
A_NP	200	7008	T	0	0	7008	34.5
A_NP	201	6700	T	0	0	6700	37.6
A_NP	202	6663	C	0	0	6663	36.7
A_NP	203	6255	T	0	0	6255	36.6
A_NP	204	6353	C	0	0	6353	37.4
A_NP	205	6749	T	0	0	6749	34.2
A_NP	206	6360	C	0	0	6360	37.6
A_NP	207	6013	G	0	0	6013	37.1
A_NP	208	6616	G	0	0	6616	37.5
A_NP	209	6519	C	0	0	6519	36.5
A_NP	210	6579	A	0	0	6579	34.2
A_NP	211	5947	T	0	0	5947	37.3
A_NP	212	6331	T	0	0	6331	34.1
A_NP	213	6527	T	0	0	6527	35.4
A_NP	214	6163	G	0	0	6163	35.5
A_NP	215	6333	A	0	0	6333	34.2
A_NP	216	6435	T	0	0	6435	37.4
A_NP	217	6662	G	0	0	6662	36.1
A_NP	218	6273	A	0	0	6273	37.0
A_NP	219	6240	G	0	0	6240	34.1
A_NP	220	5858	A	0	0	5858	37.7
A_NP	221	6604	G	0	0	6604	37.1
A_NP	222	6755	G	0	0	6755	35.9
A_NP	223	6472	A	0	0	6472	37.7
A_NP	224	5592	G	0	0	5592	36.4
A_NP	225	6032	G	0	0	6032	36.8
A_NP	226	6323	A	0	0	6323	35.3
A_NP	227	6315	A	0	0	6315	36.9
A_NP	228	5968	C	0	0	5968	36.5
A_NP	229	6471	A	0	0	6471	35.0
A_NP	230	6316	A	0	0	6316	35.6
A_NP	231	6384	G	0	0	6384	36.2
A_NP	232	6367	T	0	0	6367	35.7
A_NP	233	7206	A	0	0	7206	37.8
A_NP	234	5329	C	0	0	5329	36.2
A_NP	235	5926	C	0	0	5926	37.3
A_NP	236	6338	T	0	0	6338	35.7
A_NP	237	6641	G	0	0	6641	34.3
A_NP	238	5511	G	0	0	5511	34.4
A_NP	239	6054	A	0	0	6054	36.7
A_NP	240	5869	G	0	0	5869	36.2
A_NP	241	6564	G	0	0	6564	35.9
A_NP	242	5613	A	0	0	5613	34.2
A_NP	243	5587	A	0	0	5587	35.0
A_NP	244	5568	C	0	0	5568	37.3
A_NP	245	5666	A	0	0	5666	37.1
A_NP	246	5653	T	0	0	5653	34.8
A_NP	247	5597	C	0	0	5597	35.3
A_NP	248	5766	C	0	0	5766	34.7
A_NP	249	5177	C	0	0	5177	37.5
A_NP	250	5369	A	0	0	5369	36.5
A_NP	251	5570	G	0	0	5570	36.5
A_NP	252	5674	T	0	0	5674	36.0
A_NP	253	5375	G	0	0	5375	34.9
A_NP	254	5798	C	0	0	5798	37.9
A_NP	255	5604	C	0	0	5604	34.2
A_NP	256	6006	G	0	0	6006	35.8
A_NP	257	5233	G	0	0	5233	35.5
A_NP	258	5606	G	0	0	5606	35.5
A_NP	259	5796	A	0	0	5796	36.9
A_NP	260	5082	A	0	0	5082	37.1
A_NP	261	5297	G	0	0	5297	37.9
A_NP	262	5299	G	0	0	5299	34.7
A_NP	263	6021	A	0	0	6021	37.7
A_NP	264	5377	T	0	0	5377	35.5
A_NP	265	5078	C	0	0	5078	37.2
A_NP	266	6336	C	0	0	6336	35.8
A_NP	267	5624	C	0	0	5624	35.4
A_NP	268	4847	A	0	0	4847	34.5
A_NP	269	5488	A	0	0	5488	36.2
A_NP	270	5073	G	0	0	5073	34.8
A_NP	271	5571	A	0	0	5571	36.9
A_NP	272	4877	A	0	0	4877	34.6
A_NP	273	5279	G	0	0	5279	34.3
A_NP	274	5180	A	0	0	5180	34.9
A_NP	275	5771	C	0	0	5771	37.9
A_NP	276	4899	T	0	0	4899	37.8
A_NP	277	5142	G	0	0	5142	37.4
A_NP	278	4972	G	0	0	4972	37.5
A_NP	279	5255	A	0	0	5255	36.9
A_NP	280	4656	G	0	0	4656	36.4
A_NP	281	5045	G	0	0	5045	35.4
A_NP	282	5277	T	0	0	5277	36.1
A_NP	283	4908	C	0	0	4908	34.5
A_NP	284	5293	C	0	0	5293	37.6
A_NP	285	5167	A	0	0	5167	35.5
A_NP	286	4882	A	0	0	4882	35.8
A_NP	287	5218	T	0	0	5218	35.2
A_NP	288	5037	C	0	0	5037	35.0
A_NP	289	5841	T	0	0	5841	34.3
A_NP	290	5217	A	0	0	5217	37.9
A_NP	291	5504	C	0	0	5504	34.3
A_NP	292	5174	A	0	0	5174	34.5
A_NP	293	4312	G	0	0	4312	34.1
A_NP	294	4939	G	0	0	4939	37.7
A_NP	295	4702	A	0	0	4702	35.3
A_NP	296	5028	G	0	0	5028	37.4
A_NP	297	4953	G	0	0	4953	34.6
A_NP	298	5190	A	0	0	5190	34.1
A_NP	299	5090	G	0	0	5090	34.9
A_NP	300	4812	A	0	0	4812	36.8
A_NP	301	4979	G	0	0	4979	35.7
A_NP	302	4406	A	0	0	4406	34.1
A_NP	303	4810	T	0	0	4810	36.0
A_NP	304	4516	G	0	0	4516	36.8
A_NP	305	5264	G	0	0	5264	37.1
A_NP	306	4664	C	0	0	4664	37.3
A_NP	307	5217	A	0	0	5217	34.8
A_NP	308	5313	A	0	0	5313	36.1
A_NP	309	5075	A	0	0	5075	35.1
A_NP	310	4629	T	0	0	4629	36.7
A_NP	311	5310	G	0	0	5310	37.7
A_NP	312	4911	G	0	0	4911	36.3
A_NP	313	5110	G	0	0	5110	34.2
A_NP	314	4819	T	0	0	4819	35.6
A_NP	315	4728	G	0	0	4728	36.4
A_NP	316	5604	A	0	0	5604	35.4
A_NP	317	4815	G	0	0	4815	36.3
A_NP	318	5492	A	0	0	5492	36.0
A_NP	319	5021	G	0	0	5021	37.0
A_NP	320	5070	A	0	0	5070	35.3
A_NP	321	5088	G	0	0	5088	37.0
A_NP	322	5047	T	0	0	5047	37.5
A_NP	323	4896	T	0	0	4896	35.8
A_NP	324	4647	G	0	0	4647	34.2
A_NP	325	5126	A	0	0	5126	37.1
A_NP	326	5163	T	0	0	5163	35.2
A_NP	327	5221	C	0	0	5221	34.8
A_NP	328	4989	C	0	0	4989	35.9
A_NP	329	5170	T	0	0	5170	36.6
A_NP	330	4572	C	0	0	4572	37.7
A_NP	331	5115	T	0	0	5115	37.4
A_NP	332	5118	A	0	0	5118	37.9
A_NP	333	5379	C	0	0	5379	36.3
A_NP	334	5030	G	0	0	5030	35.4
A_NP	335	4874	A	0	0	4874	37.7
A_NP	336	5666	C	0	0	5666	37.7
A_NP	337	4806	A	0	0	4806	35.6
A_NP	338	4504	A	0	0	4504	37.7
A_NP	339	4704	A	0	0	4704	37.0
A_NP	340	5471	G	0	0	5471	36.7
A_NP	341	4927	A	0	0	4927	34.9
A_NP	342	4767	A	0	0	4767	36.7
A_NP	343	5509	G	0	0	5509	34.0
A_NP	344	5071	A	0	0	5071	36.5
A_NP	345	5130	G	0	0	5130	35.5
A_NP	346	4577	A	0	0	4577	37.5
A_NP	347	5380	T	0	0	5380	35.5
A_NP	348	5230	C	0	0	5230	35.7
A_NP	349	4785	A	0	0	4785	34.5
A_NP	350	5442	G	0	0	5442	37.8
A_NP	351	5352	A	0	0	5352	36.6
A_NP	352	4866	A	0	0	4866	35.4
A_NP	353	4665	G	0	0	4665	36.0
A_NP	354	5051	A	0	0	5051	36.4
A_NP	355	4989	A	0	0	4989	36.1
A_NP	356	5134	T	0	0	5134	35.7
A_NP	357	5160	T	0	0	5160	35.9
A_NP	358	5087	T	0	0	5087	34.3
A_NP	359	5863	G	0	0	5863	35.5
A_NP	360	5258	G	0	0	5258	37.8
A_NP	361	5777	C	0	0	5777	37.4
A_NP	362	5216	G	0	0	5216	37.8
A_NP	363	5383	T	0	0	5383	35.3
A_NP	364	5204	C	0	0	5204	36.9
A_NP	365	4877	A	0	0	4877	36.0
A_NP	366	5471	A	0	0	5471	36.8
A_NP	367	5586	G	0	0	5586	38.0
A_NP	368	5112	C	0	0	5112	35.4
A_NP	369	5437	T	0	0	5437	37.2
A_NP	370	5184	A	0	0	5184	36.1
A_NP	371	5431	A	0	0	5431	37.7
A_NP	372	5306	T	0	0	5306	36.7
A_NP	373	5437	A	0	0	5437	34.1
A_NP	374	5478	A	0	0	5478	36.9
A_NP	375	4903	T	0	0	4903	36.0
A_NP	376	4881	G	0	0	4881	37.9
A_NP	377	4893	G	0	0	4893	34.1
A_NP	378	5299	A	0	0	5299	37.7
A_NP	379	5509	G	0	0	5509	36.3
A_NP	380	5787	A	0	0	5787	36.3
A_NP	381	5114	G	0	0	5114	34.5
A_NP	382	5216	G	0	0	5216	36.4
A_NP	383	5163	A	0	0	5163	35.6
A_NP	384	5357	T	0	0	5357	37.0
A_NP	385	5620	G	0	0	5620	35.7
A_NP	386	5829	C	0	0	5829	35.2
A_NP	387	5298	A	0	0	5298	37.4
A_NP	388	5263	A	0	0	5263	35.1
A_NP	389	5665	C	0	0	5665	35.0
A_NP	390	5513	T	0	0	5513	37.0
A_NP	391	5593	G	0	0	5593	36.6
A_NP	392	5121	C	0	0	5121	36.2
A_NP	393	5038	T	0	0	5038	35.9
A_NP	394	5054	G	0	0	5054	36.7
A_NP	395	5161	G	0	0	5161	36.2
A_NP	396	5310	T	0	0	5310	34.9
A_NP	397	5309	C	0	0	5309	34.3
A_NP	398	5240	T	0	0	5240	35.3
A_NP	399	5386	C	0	0	5386	34.0
A_NP	400	5850	A	0	0	5850	35.1
A_NP	401	5172	C	0	0	5172	35.8
A_NP	402	5143	T	0	0	5143	37.5
A_NP	403	4744	C	0	0	4744	35.8
A_NP	404	4850	A	0	0	4850	35.9
A_NP	405	5314	T	0	0	5314	35.3
A_NP	406	4474	T	0	0	4474	35.6
A_NP	407	4956	T	0	0	4956	36.1
A_NP	408	4557	G	0	0	4557	37.4
A_NP	409	4893	A	0	0	4893	37.5
A_NP	410	4767	T	0	0	4767	37.5
A_NP	411	4610	G	0	0	4610	34.8
A_NP	412	5209	A	0	0	5209	36.9
A_NP	413	4901	T	0	0	4901	35.7
A_NP	414	5066	T	0	0	5066	35.1
A_NP	415	4654	T	0	0	4654	36.6
A_NP	416	4563	G	0	0	4563	37.9
A_NP	417	5262	G	0	0	5262	35.0
A_NP	418	5129	C	0	0	5129	36.3
A_NP	419	4812	A	0	0	4812	37.5
A_NP	420	4417	T	0	0	4417	36.2
A_NP	421	4907	T	0	0	4907	35.7
A_NP	422	4533	C	0	0	4533	35.1
A_NP	423	4392	C	0	0	4392	35.3
A_NP	424	4423	A	0	0	4423	35.7
A_NP	425	4605	A	0	0	4605	34.5
A_NP	426	4307	T	0	0	4307	35.2
A_NP	427	4732	C	0	0	4732	34.2
A_NP	428	4391	T	0	0	4391	35.8
A_NP	429	5102	G	0	0	5102	34.6
A_NP	430	4169	A	0	0	4169	34.4
A_NP	431	4380	A	0	0	4380	37.3
A_NP	432	4336	T	0	0	4336	35.9
A_NP	433	4291	G	0	0	4291	35.5
A_NP	434	4219	A	0	0	4219	37.9
A_NP	435	4621	T	0	0	4621	34.9
A_NP	436	4664	G	0	0	4664	36.2
A_NP	437	4406	C	0	0	4406	35.9
A_NP	438	3871	C	0	0	3871	34.5
A_NP	439	4192	A	0	0	4192	34.9
A_NP	440	4547	C	0	0	4547	34.2
A_NP	441	3674	A	0	0	3674	35.0
A_NP	442	3863	T	0	0	3863	37.2
A_NP	443	4177	A	0	0	4177	37.8
A_NP	444	4338	C	0	0	4338	36.5
A_NP	445	3712	C	0	0	3712	37.5
A_NP	446	4242	A	0	0	4242	36.6
A_NP	447	4496	G	0	0	4496	35.5
A_NP	448	3580	A	0	0	3580	37.0
A_NP	449	4151	G	0	0	4151	34.4
A_NP	450	4011	A	0	0	4011	36.4
A_NP	451	3899	A	0	0	3899	36.6
A_NP	452	3696	C	0	0	3696	34.6
A_NP	453	3732	A	0	0	3732	35.1
A_NP	454	4149	A	0	0	4149	37.1
A_NP	455	3817	G	0	0	3817	34.7
A_NP	456	3512	G	0	0	3512	35.9
A_NP	457	3474	G	0	0	3474	35.5
A_NP	458	3619	C	0	0	3619	36.0
A_NP	459	3567	A	0	0	3567	34.9
A_NP	460	3950	C	0	0	3950	34.5
A_NP	461	3701	T	0	0	3701	37.9
A_NP	462	3491	T	0	0	3491	37.3
A_NP	463	3488	G	0	0	3488	37.6
A_NP	464	3807	T	0	0	3807	36.0
A_NP	465	3564	G	0	0	3564	37.7
A_NP	466	3229	C	0	0	3229	35.2
A_NP	467	3168	G	0	0	3168	35.6
A_NP	468	3653	T	0	0	3653	37.3
A_NP	469	3749	A	0	0	3749	36.9
A_NP	470	3379	C	0	0	3379	37.3
A_NP	471	3502	T	0	0	3502	36.4
A_NP	472	3166	G	0	0	3166	37.8
A_NP	473	3518	G	0	0	3518	35.8
A_NP	474	3540	A	0	0	3540	34.2
A_NP	475	3090	A	0	0	3090	35.1
A_NP	476	3475	T	0	0	3475	34.5
A_NP	477	3262	G	0	0	3262	35.3
A_NP	478	3266	G	0	0	3266	37.3
A_NP	479	3479	A	0	0	3479	36.9
A_NP	480	3517	C	0	0	3517	36.7
A_NP	481	3232	C	0	0	3232	37.5
A_NP	482	3208	C	0	0	3208	36.4
A_NP	483	3346	T	0	0	3346	34.7
A_NP	484	3250	A	0	0	3250	37.6
A_NP	485	3242	G	0	0	3242	38.0
A_NP	486	3504	A	0	0	3504	34.9
A_NP	487	3415	A	0	0	3415	34.1
A_NP	488	3391	T	0	0	3391	36.3
A_NP	489	3723	G	0	0	3723	37.1
A_NP	490	3316	T	0	0	3316	37.9
A_NP	491	3117	G	0	0	3117	36.4
A_NP	492	3584	C	0	0	3584	34.5
A_NP	493	2890	T	0	0	2890	35.0
A_NP	494	3028	C	0	0	3028	34.6
A_NP	495	3389	T	0	0	3389	34.3
A_NP	496	3422	C	0	0	3422	34.9
A_NP	497	2905	T	0	0	2905	37.2
A_NP	498	3009	G	0	0	3009	34.9
A_NP	499	3193	A	0	0	3193	35.0
A_NP	500	3272	T	0	0	3272	34.3
A_NP	501	3184	G	0	0	3184	36.8
A_NP	502	3049	C	0	0	3049	37.4
A_NP	503	3114	A	0	0	3114	35.3
A_NP	504	3090	A	0	0	3090	37.9
A_NP	505	3116	G	0	0	3116	36.9
A_NP	506	3448	G	0	0	3448	35.7
A_NP	507	3171	C	0	0	3171	34.4
A_NP	508	3442	T	0	0	3442	37.8
A_NP	509	3327	C	0	0	3327	37.6
A_NP	510	3208	A	0	0	3208	36.7
A_NP	511	3161	A	0	0	3161	34.8
A_NP	512	3463	C	0	0	3463	34.5
A_NP	513	3694	C	0	0	3694	36.2
A_NP	514	2908	C	0	0	2908	35.5
A_NP	515	3164	T	0	0	3164	37.1
A_NP	516	3598	C	0	0	3598	37.9
A_NP	517	3455	C	0	0	3455	35.9
A_NP	518	3199	C	0	0	3199	36.7
A_NP	519	3569	T	0	0	3569	37.8
A_NP	520	3292	A	0	0	3292	36.1
A_NP	521	3649	G	0	0	3649	34.5
A_NP	522	3818	G	0	0	3818	37.2
A_NP	523	3527	A	0	0	3527	37.9
A_NP	524	3649	G	0	0	3649	34.4
A_NP	525	3344	A	0	0	3344	34.9
A_NP	526	3487	T	0	0	3487	34.6
A_NP	527	3403	C	0	0	3403	34.9
A_NP	528	4075	C	0	0	4075	37.4
A_NP	529	3621	G	0	0	3621	37.4
A_NP	530	3523	G	0	0	3523	35.2
A_NP	531	3608	G	0	0	3608	35.3
A_NP	532	3808	G	0	0	3808	37.2
A_NP	533	3931	C	0	0	3931	36.6
A_NP	534	3659	T	0	0	3659	38.0
A_NP	535	3930	G	0	0	3930	35.3
A_NP	536	3758	C	0	0	3758	36.0
A_NP	537	3829	T	0	0	3829	34.1
A_NP	538	3711	G	0	0	3711	36.1
A_NP	539	4169	G	0	0	4169	35.6
A_NP	540	4037	A	0	0	4037	37.8
A_NP	541	4100	G	0	0	4100	37.3
A_NP	542	4026	C	0	0	4026	34.9
A_NP	543	3712	A	0	0	3712	36.8
A_NP	544	3892	G	0	0	3892	34.6
A_NP	545	4010	C	0	0	4010	35.4
A_NP	546	4202	A	0	0	4202	36.0
A_NP	547	4463	G	0	0	4463	36.2
A_NP	548	4231	T	0	0	4231	37.3
A_NP	549	4732	G	0	0	4732	37.2
A_NP	550	4073	A	0	0	4073	36.2
A_NP	551	4237	A	0	0	4237	35.2
A_NP	552	4522	A	0	0	4522	35.7
A_NP	553	4513	G	0	0	4513	37.7
A_NP	554	4262	G	0	0	4262	37.1
A_NP	555	4147	A	0	0	4147	37.1
A_NP	556	4260	G	0	0	4260	34.6
A_NP	557	4682	T	0	0	4682	37.6
A_NP	558	4328	T	0	0	4328	35.5
A_NP	559	4235	G	0	0	4235	35.3
A_NP	560	4624	G	0	0	4624	34.1
A_NP	561	4661	A	0	0	4661	34.9
A_NP	562	4665	A	0	0	4665	35.7
A_NP	563	4873	C	0	0	4873	37.5
A_NP	564	4667	A	0	0	4667	37.8
A_NP	565	4495	A	0	0	4495	34.1
A_NP	566	4799	T	0	0	4799	34.2
A_NP	567	5066	G	0	0	5066	36.0
A_NP	568	4458	G	0	0	4458	34.3
A_NP	569	4845	T	0	0	4845	36.1
A_NP	570	4881	G	0	0	4881	36.8
A_NP	571	4462	A	0	0	4462	34.8
A_NP	572	5182	T	0	0	5182	35.3
A_NP	573	4941	G	0	0	4941	34.6
A_NP	574	4669	G	0	0	4669	36.9
A_NP	575	4708	A	0	0	4708	37.0
A_NP	576	4745	A	0	0	4745	37.1
A_NP	577	5515	C	0	0	5515	35.4
A_NP	578	4957	T	0	0	4957	34.1
A_NP	579	5008	A	0	0	5008	35.9
A_NP	580	5069	A	0	0	5069	35.2
A_NP	581	5452	T	0	0	5452	35.8
A_NP	582	5007	T	0	0	5007	37.4
A_NP	583	5106	C	0	0	5106	36.3
A_NP	584	5023	G	0	0	5023	35.7
A_NP	585	5231	A	0	0	5231	37.4
A_NP	586	5028	A	0	0	5028	37.9
A_NP	587	6006	T	0	0	6006	36.7
A_NP	588	5280	G	0	0	5280	37.1
A_NP	589	5891	A	0	0	5891	34.3
A_NP	590	5216	T	0	0	5216	37.4
A_NP	591	4906	C	0	0	4906	37.4
A_NP	592	5113	A	0	0	5113	35.9
A_NP	593	5898	A	0	0	5898	37.9
A_NP	594	4867	A	0	0	4867	37.3
A_NP	595	5526	C	0	0	5526	37.3
A_NP	596	5975	G	0	0	5975	36.5
A_NP	597	5525	A	0	0	5525	35.4
A_NP	598	5352	G	0	0	5352	34.9
A_NP	599	5402	G	0	0	5402	37.0
A_NP	600	5600	G	0	0	5600	36.3
A_NP	601	6318	A	0	0	6318	36.3
A_NP	602	6128	T	0	0	6128	36.4
A_NP	603	5672	C	0	0	5672	36.8
A_NP	604	5032	A	0	0	5032	34.8
A_NP	605	5638	A	0	0	5638	34.2
A_NP	606	5824	T	0	0	5824	36.0
A_NP	607	6055	G	0	0	6055	38.0
A_NP	608	5828	A	0	0	5828	36.1
A_NP	609	5943	T	0	0	5943	35.1
A_NP	610	6568	C	0	0	6568	34.3
A_NP	611	6281	G	0	0	6281	36.5
A_NP	612	6257	G	0	0	6257	37.7
A_NP	613	6409	A	0	0	6409	36.9
A_NP	614	5296	A	0	0	5296	34.2
A_NP	615	5360	T	0	0	5360	36.0
A_NP	616	6274	T	0	0	6274	35.9
A_NP	617	5815	T	0	0	5815	37.8
A_NP	618	6122	C	0	0	6122	36.9
A_NP	619	5927	T	0	0	5927	35.4
A_NP	620	6276	G	0	0	6276	37.0
A_NP	621	5950	G	0	0	5950	34.3
A_NP	622	5846	A	0	0	5846	34.2
A_NP	623	5595	G	0	0	5595	34.8
A_NP	624	5796	A	0	0	5796	36.8
A_NP	625	5631	G	0	0	5631	36.4
A_NP	626	5415	G	0	0	5415	37.2
A_NP	627	6466	C	0	0	6466	34.5
A_NP	628	5718	G	0	0	5718	37.0
A_NP	629	6259	A	0	0	6259	36.7
A_NP	630	5813	A	0	0	5813	34.1
A_NP	631	6209	A	0	0	6209	37.1
A_NP	632	4961	A	0	0	4961	36.6
A_NP	633	5824	C	0	0	5824	36.8
A_NP	634	6037	G	0	0	6037	36.3
A_NP	635	5273	G	0	0	5273	35.7
A_NP	636	6202	T	0	0	6202	35.1
A_NP	637	5447	C	0	0	5447	36.8
A_NP	638	5807	G	0	0	5807	36.1
A_NP	639	6298	G	0	0	6298	35.0
A_NP	640	5567	A	0	0	5567	37.0
A_NP	641	6173	G	0	0	6173	34.8
A_NP	642	5744	A	0	0	5744	34.2
A_NP	643	5627	A	0	0	5627	34.2
A_NP	644	5984	C	0	0	5984	36.6
A_NP	645	6945	C	0	0	6945	36.9
A_NP	646	6012	A	0	0	6012	36.7
A_NP	647	5958	G	0	0	5958	36.1
A_NP	648	5779	G	0	0	5779	37.5
A_NP	649	5943	A	0	0	5943	35.1
A_NP	650	5430	T	0	0	5430	37.1
A_NP	651	5478	T	0	0	5478	34.8
A_NP	652	5678	G	0	0	5678	35.2
A_NP	653	5908	C	0	0	5908	35.8
A_NP	654	5851	C	0	0	5851	37.9
A_NP	655	5897	T	0	0	5897	37.2
A_NP	656	6017	A	0	0	6017	36.2
A_NP	657	5708	C	0	0	5708	35.2
A_NP	658	5576	G	0	0	5576	37.4
A_NP	659	6347	A	0	0	6347	34.2
A_NP	660	6184	G	0	0	6184	34.3
A_NP	661	5422	A	0	0	5422	37.9
A_NP	662	5625	G	0	0	5625	36.3
A_NP	663	5618	A	0	0	5618	34.9
A_NP	664	6383	A	0	0	6383	35.2
A_NP	665	6075	T	0	0	6075	35.1
A_NP	666	4877	G	0	0	4877	36.1
A_NP	667	5401	T	0	0	5401	34.2
A_NP	668	5752	G	0	0	5752	34.7
A_NP	669	5638	C	0	0	5638	36.5
A_NP	670	5775	A	0	0	5775	35.1
A_NP	671	6084	A	0	0	6084	36.1
A_NP	672	6231	C	0	0	6231	34.2
A_NP	673	5918	A	0	0	5918	34.7
A_NP	674	5342	T	0	0	5342	34.4
A_NP	675	5409	C	0	0	5409	34.1
A_NP	676	6080	C	0	0	6080	34.6
A_NP	677	5711	T	0	0	5711	35.2
A_NP	678	6268	C	0	0	6268	36.3
A_NP	679	5108	A	0	0	5108	36.7
A_NP	680	5712	A	0	0	5712	34.0
A_NP	681	5285	G	0	0	5285	35.3
A_NP	682	5692	G	0	0	5692	34.9
A_NP	683	5033	G	0	0	5033	36.4
A_NP	684	5934	A	0	0	5934	36.9
A_NP	685	5561	A	0	0	5561	35.2
A_NP	686	5830	A	0	0	5830	35.5
A_NP	687	5653	G	0	0	5653	37.5
A_NP	688	5503	T	0	0	5503	36.4
A_NP	689	5134	T	0	0	5134	35.6
A_NP	690	5105	C	0	0	5105	34.1
A_NP	691	5556	C	0	0	5556	37.6
A_NP	692	5189	A	0	0	5189	37.6
A_NP	693	5320	A	0	0	5320	35.8
A_NP	694	5511	A	0	0	5511	35.7
A_NP	695	5216	C	0	0	5216	35.6
A_NP	696	5524	A	0	0	5524	37.1
A_NP	697	5502	G	0	0	5502	36.4
A_NP	698	5561	C	0	0	5561	35.3
A_NP	699	5621	A	0	0	5621	36.3
A_NP	700	5214	G	0	0	5214	35.8
A_NP	701	5839	C	0	0	5839	35.1
A_NP	702	4681	A	0	0	4681	35.6
A_NP	703	5330	C	0	0	5330	37.9
A_NP	704	6166	A	0	0	6166	35.8
A_NP	705	5382	A	0	0	5382	35.4
A_NP	706	5787	C	0	0	5787	34.5
A_NP	707	6377	G	0	0	6377	34.4
A_NP	708	5479	G	0	0	5479	37.0
A_NP	709	4917	G	0	0	4917	37.7
A_NP	710	4857	C	0	0	4857	37.3
A_NP	711	5785	A	0	0	5785	35.4
A_NP	712	5250	A	0	0	5250	34.7
A_NP	713	6614	T	0	0	6614	35.6
A_NP	714	5529	G	0	0	5529	36.4
A_NP	715	6268	A	0	0	6268	37.2
A_NP	716	5384	T	0	0	5384	34.3
A_NP	717	5087	G	0	0	5087	36.8
A_NP	718	5531	G	0	0	5531	35.8
A_NP	719	4780	A	0	0	4780	34.1
A_NP	720	5397	C	0	0	5397	34.8
A_NP	721	5114	C	0	0	5114	35.9
A_NP	722	5288	A	0	0	5288	36.7
A_NP	723	5210	A	0	0	5210	34.2
A_NP	724	5323	G	0	0	5323	34.6
A_NP	725	5332	T	0	0	5332	37.3
A_NP	726	5547	G	0	0	5547	37.7
A_NP	727	5830	A	0	0	5830	34.6
A_NP	728	5628	G	0	0	5628	34.9
A_NP	729	5861	A	0	0	5861	34.8
A_NP	730	5379	G	0	0	5379	35.9
A_NP	731	4913	A	0	0	4913	36.3
A_NP	732	5909	A	0	0	5909	35.0
A_NP	733	5552	A	0	0	5552	37.5
A_NP	734	5039	G	0	0	5039	35.5
A_NP	735	5400	C	0	0	5400	37.3
A_NP	736	5531	C	0	0	5531	35.8
A_NP	737	5228	G	0	0	5228	37.6
A_NP	738	5557	G	0	0	5557	36.3
A_NP	739	5084	A	0	0	5084	34.4
A_NP	740	5465	A	0	0	5465	36.1
A_NP	741	5788	T	0	0	5788	36.8
A_NP	742	5300	C	0	0	5300	36.4
A_NP	743	5523	C	0	0	5523	36.7
A_NP	744	5858	T	0	0	5858	35.1
A_NP	745	5812	G	0	0	5812	37.7
A_NP	746	5336	G	0	0	5336	37.5
A_NP	747	5769	G	0	0	5769	36.3
A_NP	748	6037	A	0	0	6037	34.2
A_NP	749	5555	A	0	0	5555	34.8
A_NP	750	5766	T	0	0	5766	37.4
A_NP	751	5739	G	0	0	5739	34.3
A_NP	752	5901	C	0	0	5901	36.4
A_NP	753	6779	T	0	0	6779	37.8
A_NP	754	5870	G	0	0	5870	36.4
A_NP	755	6126	A	0	0	6126	36.0
A_NP	756	5139	A	0	0	5139	37.8
A_NP	757	5900	A	0	0	5900	36.3
A_NP	758	5809	T	0	0	5809	34.6
A_NP	759	6015	T	0	0	6015	35.7
A_NP	760	5891	G	0	0	5891	36.8
A_NP	761	6300	A	0	0	6300	37.8
A_NP	762	5945	A	0	0	5945	35.8
A_NP	763	5685	G	0	0	5685	35.7
A_NP	764	5839	A	0	0	5839	35.5
A_NP	765	5823	T	0	0	5823	37.5
A_NP	766	5639	C	0	0	5639	35.8
A_NP	767	6467	T	0	0	6467	34.8
A_NP	768	5371	C	0	0	5371	36.9
A_NP	769	6235	A	0	0	6235	34.2
A_NP	770	5981	T	0	0	5981	37.0
A_NP	771	5949	C	0	0	5949	35.4
A_NP	772	6008	T	0	0	6008	36.0
A_NP	773	5867	T	0	0	5867	36.8
A_NP	774	5989	T	0	0	5989	36.5
A_NP	775	5969	C	0	0	5969	37.6
A_NP	776	6287	T	0	0	6287	37.9
A_NP	777	6393	C	0	0	6393	34.7
A_NP	778	6096	G	0	0	6096	35.3
A_NP	779	5746	C	0	0	5746	35.8
A_NP	780	5934	A	0	0	5934	34.1
A_NP	781	5638	C	0	0	5638	34.5
A_NP	782	6351	G	0	0	6351	37.8
A_NP	783	6482	A	0	0	6482	35.1
A_NP	784	6284	T	0	0	6284	36.5
A_NP	785	6329	C	0	0	6329	34.2
A_NP	786	5884	T	0	0	5884	36.2
A_NP	787	6264	G	0	0	6264	36.4
A_NP	788	6537	C	0	0	6537	37.6
A_NP	789	6222	T	0	0	6222	37.4
A_NP	790	6212	C	0	0	6212	36.2
A_NP	791	5912	T	0	0	5912	35.5
A_NP	792	5876	C	0	0	5876	34.6
A_NP	793	6724	A	0	0	6724	37.5
A_NP	794	6084	T	0	0	6084	37.6
A_NP	795	5716	C	0	0	5716	37.8
A_NP	796	5865	C	0	0	5865	37.0
A_NP	797	5780	T	0	0	5780	35.5
A_NP	798	6327	G	0	0	6327	35.7
A_NP	799	6149	A	0	0	6149	35.1
A_NP	800	5891	G	0	0	5891	34.9
A_NP	801	6209	G	0	0	6209	37.3
A_NP	802	6516	G	0	0	6516	36.7
A_NP	803	6087	G	0	0	6087	34.7
A_NP	804	6364	A	0	0	6364	37.6
A_NP	805	6694	T	0	0	6694	34.8
A_NP	806	6744	C	0	0	6744	37.6
A_NP	807	6002	A	0	0	6002	35.9
A_NP	808	6110	G	0	0	6110	35.7
A_NP	809	5869	T	0	0	5869	36.4
A_NP	810	7077	G	0	0	7077	35.1
A_NP	811	5973	G	0	0	5973	37.0
A_NP	812	6063	C	0	0	6063	34.5
A_NP	813	6232	T	0	0	6232	36.6
A_NP	814	6031	C	0	0	6031	37.9
A_NP	815	6319	A	0	0	6319	36.7
A_NP	816	6383	T	0	0	6383	36.3
A_NP	817	6727	A	0	0	6727	35.0
A_NP	818	6217	A	0	0	6217	34.8
A_NP	819	6105	G	0	0	6105	35.9
A_NP	820	5862	T	0	0	5862	37.1
A_NP	821	5948	C	0	0	5948	36.7
A_NP	822	6583	C	0	0	6583	34.7
A_NP	823	5708	T	0	0	5708	36.7
A_NP	824	5899	G	0	0	5899	36.4
A_NP	825	6316	T	0	0	6316	35.5
A_NP	826	5330	C	0	0	5330	35.1
A_NP	827	5437	T	0	0	5437	37.4
A_NP	828	5663	G	0	0	5663	36.0
A_NP	829	6413	C	0	0	6413	37.6
A_NP	830	5991	C	0	0	5991	37.5
A_NP	831	5410	T	0	0	5410	36.5
A_NP	832	6444	G	0	0	6444	37.8
A_NP	833	5610	C	0	0	5610	36.5
A_NP	834	6051	T	0	0	6051	36.6
A_NP	835	6157	T	0	0	6157	36.0
A_NP	836	5782	G	0	0	5782	36.8
A_NP	837	5293	C	0	0	5293	36.3
A_NP	838	5981	G	0	0	5981	34.4
A_NP	839	6472	T	0	0	6472	35.3
A_NP	840	5467	A	0	0	5467	36.2
A_NP	841	6055	T	0	0	6055	37.8
A_NP	842	5501	A	0	0	5501	36.3
A_NP	843	6028	T	0	0	6028	34.5
A_NP	844	5330	G	0	0	5330	35.2
A_NP	845	5214	G	0	0	5214	35.3
A_NP	846	5646	A	0	0	5646	35.8
A_NP	847	5385	C	0	0	5385	34.6
A_NP	848	5738	T	0	0	5738	36.6
A_NP	849	5159	T	0	0	5159	34.8
A_NP	850	5902	G	0	0	5902	38.0
A_NP	851	5393	C	0	0	5393	35.0
A_NP	852	5130	T	0	0	5130	36.0
A_NP	853	5715	G	0	0	5715	37.0
A_NP	854	5300	T	0	0	5300	36.4
A_NP	855	5345	A	0	0	5345	37.1
A_NP	856	5469	G	0	0	5469	35.8
A_NP	857	5026	C	0	0	5026	35.3
A_NP	858	4843	C	0	0	4843	36.5
A_NP	859	5160	A	0	0	5160	36.9
A_NP	860	5079	G	0	0	5079	34.6
A_NP	861	5251	T	0	0	5251	36.6
A_NP	862	5364	G	0	0	5364	35.7
A_NP	863	5310	G	0	0	5310	35.3
A_NP	864	4655	A	0	0	4655	34.9
A_NP	865	4645	T	0	0	4645	36.9
A_NP	866	4697	A	0	0	4697	34.3
A_NP	867	4486	T	0	0	4486	37.4
A_NP	868	4778	G	0	0	4778	34.4
A_NP	869	4722	A	0	0	4722	35.3
A_NP	870	4917	C	0	0	4917	34.5
A_NP	871	4806	T	0	0	4806	34.7
A_NP	872	4954	T	0	0	4954	34.7
A_NP	873	4963	T	0	0	4963	37.2
A_NP	874	5456	G	0	0	5456	37.5
A_NP	875	4270	A	0	0	4270	34.7
A_NP	876	4495	A	0	0	4495	37.0
A_NP	877	4228	A	0	0	4228	36.8
A_NP	878	4751	G	0	0	4751	34.8
A_NP	879	4848	A	0	0	4848	36.7
A_NP	880	5253	G	0	0	5253	34.7
A_NP	881	4696	A	0	0	4696	34.3
A_NP	882	4998	G	0	0	4998	35.3
A_NP	883	4003	G	0	0	4003	36.8
A_NP	884	4408	G	0	0	4408	37.3
A_NP	885	3992	A	0	0	3992	35.0
A_NP	886	4253	T	0	0	4253	35.8
A_NP	887	4504	A	0	0	4504	35.3
A_NP	888	4177	T	0	0	4177	37.1
A_NP	889	4196	T	0	0	4196	35.5
A_NP	890	4294	C	0	0	4294	37.8
A_NP	891	4662	T	0	0	4662	37.7
A_NP	892	4283	C	0	0	4283	34.4
A_NP	893	3780	T	0	0	3780	35.7
A_NP	894	4172	A	0	0	4172	36.9
A_NP	895	3708	G	0	0	3708	36.3
A_NP	896	4224	T	0	0	4224	34.7
A_NP	897	3964	C	0	0	3964	36.7
A_NP	898	3947	G	0	0	3947	34.6
A_NP	899	4209	G	0	0	4209	36.5
A_NP	900	3894	A	0	0	3894	38.0
A_NP	901	3641	A	0	0	3641	38.0
A_NP	902	3921	T	0	0	3921	35.6
A_NP	903	3723	T	0	0	3723	37.7
A_NP	904	3846	G	0	0	3846	35.8
A_NP	905	4061	A	0	0	4061	34.9
A_NP	906	3761	T	0	0	3761	36.3
A_NP	907	3819	C	0	0	3819	34.9
A_NP	908	3823	C	0	0	3823	34.3
A_NP	909	3597	T	0	0	3597	37.7
A_NP	910	3421	T	0	0	3421	35.5
A_NP	911	4091	T	0	0	4091	36.8
A_NP	912	3481	C	0	0	3481	35.2
A_NP	913	3421	C	0	0	3421	37.5
A_NP	914	3762	G	0	0	3762	37.3
A_NP	915	3450	T	0	0	3450	34.6
A_NP	916	3522	C	0	0	3522	36.8
A_NP	917	3664	T	0	0	3664	36.5
A_NP	918	3243	G	0	0	3243	34.6
A_NP	919	3412	C	0	0	3412	35.5
A_NP	920	3591	T	0	0	3591	35.9
A_NP	921	3696	C	0	0	3696	35.8
A_NP	922	3598	C	0	0	3598	36.7
A_NP	923	3056	A	0	0	3056	35.1
A_NP	924	3948	A	0	0	3948	37.3
A_NP	925	3880	A	0	0	3880	37.9
A_NP	926	3482	A	0	0	3482	35.8
A_NP	927	2975	C	0	0	2975	34.3
A_NP	928	3638	A	0	0	3638	36.1
A_NP	929	3558	G	0	0	3558	35.9
A_NP	930	3209	C	0	0	3209	36.9
A_NP	931	3082	C	0	0	3082	34.8
A_NP	932	3337	A	0	0	3337	36.5
A_NP	933	3374	A	0	0	3374	35.7
A_NP	934	3157	G	0	0	3157	37.3
A_NP	935	3107	T	0	0	3107	35.6
A_NP	936	3458	C	0	0	3458	34.8
A_NP	937	3062	T	0	0	3062	34.6
A_NP	938	3420	T	0	0	3420	34.4
A_NP	939	3614	C	0	0	3614	34.8
A_NP	940	3316	A	0	0	3316	37.8
A_NP	941	3454	G	0	0	3454	36.6
A_NP	942	3221	T	0	0	3221	37.0
A_NP	943	3433	C	0	0	3433	37.9
A_NP	944	3439	T	0	0	3439	34.8
A_NP	945	3382	C	0	0	3382	37.6
A_NP	946	3522	A	0	0	3522	37.3
A_NP	947	3470	T	0	0	3470	34.5
A_NP	948	3275	C	0	0	3275	34.5
A_NP	949	3168	A	0	0	3168	35.4
A_NP	950	3810	G	0	0	3810	34.6
A_NP	951	3492	A	0	0	3492	35.9
A_NP	952	3283	C	0	0	3283	36.2
A_NP	953	3224	C	0	0	3224	37.5
A_NP	954	3598	G	0	0	3598	37.2
A_NP	955	3266	A	0	0	3266	35.4
A_NP	956	3313	A	0	0	3313	36.1
A_NP	957	3443	C	0	0	3443	37.0
A_NP	958	3439	G	0	0	3439	35.3
A_NP	959	3303	A	0	0	3303	36.4
A_NP	960	3518	A	0	0	3518	36.1
A_NP	961	3432	A	0	0	3432	37.5
A_NP	962	3208	A	0	0	3208	34.4
A_NP	963	3307	T	0	0	3307	35.9
A_NP	964	3257	C	0	0	3257	36.5
A_NP	965	3818	C	0	0	3818	37.6
A_NP	966	3577	A	0	0	3577	37.3
A_NP	967	3466	G	0	0	3466	36.9
A_NP	968	3715	C	0	0	3715	35.5
A_NP	969	3728	T	0	0	3728	35.7
A_NP	970	3522	C	0	0	3522	34.8
A_NP	971	3330	A	0	0	3330	35.5
A_NP	972	3587	T	0	0	3587	34.6
A_NP	973	3914	A	0	0	3914	36.1
A_NP	974	3935	A	0	0	3935	36.4
A_NP	975	3908	A	0	0	3908	37.3
A_NP	976	3301	A	0	0	3301	36.3
A_NP	977	4008	G	0	0	4008	37.3
A_NP	978	3577	T	0	0	3577	35.1
A_NP	979	3687	C	0	0	3687	37.2
A_NP	980	3853	A	0	0	3853	36.1
A_NP	981	3634	G	0	0	3634	37.7
A_NP	982	3824	C	0	0	3824	34.8
A_NP	983	3959	T	0	0	3959	37.4
A_NP	984	3749	G	0	0	3749	35.1
A_NP	985	3876	G	0	0	3876	34.9
A_NP	986	4146	T	0	0	4146	36.9
A_NP	987	3999	A	0	0	3999	37.7
A_NP	988	4161	T	0	0	4161	36.5
A_NP	989	3688	G	0	0	3688	35.7
A_NP	990	4257	G	0	0	4257	35.3
A_NP	991	4003	A	0	0	4003	36.3
A_NP	992	4039	T	0	0	4039	36.0
A_NP	993	4225	G	0	0	4225	34.3
A_NP	994	4367	G	0	0	4367	36.7
A_NP	995	3780	C	0	0	3780	36.0
A_NP	996	4320	A	0	0	4320	35.0
A_NP	997	4394	T	0	0	4394	34.7
A_NP	998	4413	G	0	0	4413	34.9
A_NP	999	4065	C	0	0	4065	34.6
A_NP	1000	3979	C	0	0	3979	34.9
A_NP	1001	4807	A	0	0	4807	34.5
A_NP	1002	4176	C	0	0	4176	37.6
A_NP	1003	4684	T	0	0	4684	37.5
A_NP	1004	4365	C	0	0	4365	37.4
A_NP	1005	4168	T	0	0	4168	35.4
A_NP	1006	4520	G	0	0	4520	36.0
A_NP	1007	4684	C	0	0	4684	36.4
A_NP	1008	4486	G	0	0	4486	34.2
A_NP	1009	4214	G	0	0	4214	37.3
A_NP	1010	4470	C	0	0	4470	36.9
A_NP	1011	4215	A	0	0	4215	35.8
A_NP	1012	4586	T	0	0	4586	34.7
A_NP	1013	4323	T	0	0	4323	34.1
A_NP	1014	4336	T	0	0	4336	36.0
A_NP	1015	4497	G	0	0	4497	35.8
A_NP	1016	4935	A	0	0	4935	35.4
A_NP	1017	4410	G	0	0	4410	37.1
A_NP	1018	4579	G	0	0	4579	34.8
A_NP	1019	4492	A	0	0	4492	34.2
A_NP	1020	4589	T	0	0	4589	36.5
A_NP	1021	4347	C	0	0	4347	34.9
A_NP	1022	4539	T	0	0	4539	34.3
A_NP	1023	5097	G	0	0	5097	35.9
A_NP	1024	4471	A	0	0	4471	37.7
A_NP	1025	5121	G	0	0	5121	34.8
A_NP	1026	4650	A	0	0	4650	36.4
A_NP	1027	4951	G	0	0	4951	37.0
A_NP	1028	4920	T	0	0	4920	37.4
A_NP	1029	4864	G	0	0	4864	37.5
A_NP	1030	4596	T	0	0	4596	36.1
A_NP	1031	4888	C	0	0	4888	34.4
A_NP	1032	5230	A	0	0	5230	35.7
A_NP	1033	5468	A	0	0	5468	35.8
A_NP	1034	4936	G	0	0	4936	37.1
A_NP	1035	5140	C	0	0	5140	35.1
A_NP	1036	5061	T	0	0	5061	35.3
A_NP	1037	4736	T	0	0	4736	37.7
A_NP	1038	4757	C	0	0	4757	36.0
A_NP	1039	4190	A	0	0	4190	36.0
A_NP	1040	5239	T	0	0	5239	35.9
A_NP	1041	5060	C	0	0	5060	35.7
A_NP	1042	4586	A	0	0	4586	34.6
A_NP	1043	4771	G	0	0	4771	36.7
A_NP	1044	4990	A	0	0	4990	34.1
A_NP	1045	4976	G	0	0	4976	35.4
A_NP	1046	4785	G	0	0	4785	37.8
A_NP	1047	4931	G	0	0	4931	36.9
A_NP	1048	4536	A	0	0	4536	36.8
A_NP	1049	5160	C	0	0	5160	36.1
A_NP	1050	5570	A	0	0	5570	37.2
A_NP	1051	4903	A	0	0	4903	37.5
A_NP	1052	5504	G	0	0	5504	37.9
A_NP	1053	5105	A	0	0	5105	35.3
A_NP	1054	5149	G	0	0	5149	34.8
A_NP	1055	5279	T	0	0	5279	36.3
A_NP	1056	5058	A	0	0	5058	37.2
A_NP	1057	5279	G	0	0	5279	37.6
A_NP	1058	5200	T	0	0	5200	36.5
A_NP	1059	5133	C	0	0	5133	34.5
A_NP	1060	4823	C	0	0	4823	35.3
A_NP	1061	5470	C	0	0	5470	35.4
A_NP	1062	4697	A	0	0	4697	36.1
A_NP	1063	4963	A	0	0	4963	34.2
A_NP	1064	4762	G	0	0	4762	35.9
A_NP	1065	4982	A	0	0	4982	37.5
A_NP	1066	4591	G	0	0	4591	34.0
A_NP	1067	4447	G	0	0	4447	37.4
A_NP	1068	5476	A	0	0	5476	37.7
A_NP	1069	5472	C	0	0	5472	36.8
A_NP	1070	5095	A	0	0	5095	36.1
A_NP	1071	4833	A	0	0	4833	37.3
A_NP	1072	5300	C	0	0	5300	37.8
A_NP	1073	4472	T	0	0	4472	36.1
A_NP	1074	4609	G	0	0	4609	34.3
A_NP	1075	4723	T	0	0	4723	36.7
A_NP	1076	4828	C	0	0	4828	34.6
A_NP	1077	4980	C	0	0	4980	34.9
A_NP	1078	4734	A	0	0	4734	36.6
A_NP	1079	4918	C	0	0	4918	36.6
A_NP	1080	4903	C	0	0	4903	34.3
A_NP	1081	4999	A	0	0	4999	37.0
A_NP	1082	4678	G	0	0	4678	36.0
A_NP	1083	5180	A	0	0	5180	35.0
A_NP	1084	4595	G	0	0	4595	36.3
A_NP	1085	4694	G	0	0	4694	36.4
A_NP	1086	5233	A	0	0	5233	36.0
A_NP	1087	4756	G	0	0	4756	35.7
A_NP	1088	4548	T	0	0	4548	37.7
A_NP	1089	4352	T	0	0	4352	35.9
A_NP	1090	5200	C	0	0	5200	36.8
A_NP	1091	4682	A	0	0	4682	36.1
A_NP	1092	4683	G	0	0	4683	34.9
A_NP	1093	4590	A	0	0	4590	36.8
A_NP	1094	5173	T	0	0	5173	35.5
A_NP	1095	4827	T	0	0	4827	37.7
A_NP	1096	4893	G	0	0	4893	34.8
A_NP	1097	5263	C	0	0	5263	37.0
A_NP	1098	4771	T	0	0	4771	37.2
A_NP	1099	4593	T	0	0	4593	34.9
A_NP	1100	4327	C	0	0	4327	34.3
A_NP	1101	4615	A	0	0	4615	35.4
A_NP	1102	4690	A	0	0	4690	36.5
A_NP	1103	4236	A	0	0	4236	36.1
A_NP	1104	4490	T	0	0	4490	36.1
A_NP	1105	4771	G	0	0	4771	38.0
A_NP	1106	4715	A	0	0	4715	35.8
A_NP	1107	4955	A	0	0	4955	34.2
A_NP	1108	4358	A	0	0	4358	36.8
A_NP	1109	4820	A	0	0	4820	35.6
A_NP	1110	4830	C	0	0	4830	35.2
A_NP	1111	4257	A	0	0	4257	35.4
A_NP	1112	4281	T	0	0	4281	35.3
A_NP	1113	4656	G	0	0	4656	34.9
A_NP	1114	4992	G	0	0	4992	36.5
A_NP	1115	4316	A	0	0	4316	37.2
A_NP	1116	4725	G	0	0	4725	35.2
A_NP	1117	4906	A	0	0	4906	36.9
A_NP	1118	5059	C	0	0	5059	35.0
A_NP	1119	5408	A	0	0	5408	36.0
A_NP	1120	4380	A	0	0	4380	37.5
A_NP	1121	4271	T	0	0	4271	35.9
A_NP	1122	4100	G	0	0	4100	37.9
A_NP	1123	4620	G	0	0	4620	36.2
A_NP	1124	4748	A	0	0	4748	34.5
A_NP	1125	5594	C	0	0	5594	36.6
A_NP	1126	4398	T	0	0	4398	36.1
A_NP	1127	4783	C	0	0	4783	37.2
A_NP	1128	4516	C	0	0	4516	36.9
A_NP	1129	5260	A	0	0	5260	36.4
A_NP	1130	5340	G	0	0	5340	37.0
A_NP	1131	5204	T	0	0	5204	34.1
A_NP	1132	5025	A	0	0	5025	35.8
A_NP	1133	4832	C	0	0	4832	37.4
A_NP	1134	4910	T	0	0	4910	35.2
A_NP	1135	4758	C	0	0	4758	36.6
A_NP	1136	5004	T	0	0	5004	34.8
A_NP	1137	4877	T	0	0	4877	34.4
A_NP	1138	4739	G	0	0	4739	36.3
A_NP	1139	4624	A	0	0	4624	37.1
A_NP	1140	4678	A	0	0	4678	36.5
A_NP	1141	4701	C	0	0	4701	34.5
A_NP	1142	4924	T	0	0	4924	36.5
A_NP	1143	4566	G	0	0	4566	37.9
A_NP	1144	5201	A	0	0	5201	36.6
A_NP	1145	4765	G	0	0	4765	37.8
A_NP	1146	5044	G	0	0	5044	37.4
A_NP	1147	4737	A	0	0	4737	35.4
A_NP	1148	5024	G	0	0	5024	35.1
A_NP	1149	4949	C	0	0	4949	37.7
A_NP	1150	4378	A	0	0	4378	36.4
A_NP	1151	5226	G	0	0	5226	36.0
A_NP	1152	5121	A	0	0	5121	37.8
A_NP	1153	5236	T	0	0	5236	37.9
A_NP	1154	5168	A	0	0	5168	36.5
A_NP	1155	4842	C	0	0	4842	34.7
A_NP	1156	5348	T	0	0	5348	36.1
A_NP	1157	5533	G	0	0	5533	34.0
A_NP	1158	4578	G	0	0	4578	36.5
A_NP	1159	5096	G	0	0	5096	37.4
A_NP	1160	5639	C	0	0	5639	34.5
A_NP	1161	5221	T	0	0	5221	37.9
A_NP	1162	4898	A	0	0	4898	34.0
A_NP	1163	5133	T	0	0	5133	36.3
A_NP	1164	5154	A	0	0	5154	37.9
A_NP	1165	5105	A	0	0	5105	35.3
A_NP	1166	4855	G	0	0	4855	36.3
A_NP	1167	5164	A	0	0	5164	36.9
A_NP	1168	4591	A	0	0	4591	35.6
A_NP	1169	5210	C	0	0	5210	34.2
A_NP	1170	5484	A	0	0	5484	36.1
A_NP	1171	5080	A	0	0	5080	36.1
A_NP	1172	5356	G	0	0	5356	35.3
A_NP	1173	5505	A	0	0	5505	34.7
A_NP	1174	5588	A	0	0	5588	34.9
A_NP	1175	5498	G	0	0	5498	35.2
A_NP	1176	5775	T	0	0	5775	35.1
A_NP	1177	5371	G	0	0	5371	34.2
A_NP	1178	5507	G	0	0	5507	35.5
A_NP	1179	5769	A	0	0	5769	35.2
A_NP	1180	5465	G	0	0	5465	37.6
A_NP	1181	5530	G	0	0	5530	34.5
A_NP	1182	5710	A	0	0	5710	36.1
A_NP	1183	5802	A	0	0	5802	35.6
A_NP	1184	6147	A	0	0	6147	37.2
A_NP	1185	5482	C	0	0	5482	35.5
A_NP	1186	5911	A	0	0	5911	37.0
A_NP	1187	5790	C	0	0	5790	34.8
A_NP	1188	5699	T	0	0	5699	37.4
A_NP	1189	5760	A	0	0	5760	34.9
A_NP	1190	5835	A	0	0	5835	37.7
A_NP	1191	5561	C	0	0	5561	35.4
A_NP	1192	6206	C	0	0	6206	34.6
A_NP	1193	6158	A	0	0	6158	35.2
A_NP	1194	6031	A	0	0	6031	37.8
A_NP	1195	6125	C	0	0	6125	37.5
A_NP	1196	5905	A	0	0	5905	35.4
A_NP	1197	5717	G	0	0	5717	36.1
A_NP	1198	5459	A	0	0	5459	35.4
A_NP	1199	5441	G	0	0	5441	35.2
A_NP	1200	6882	A	0	0	6882	36.0
A_NP	1201	5830	G	0	0	5830	37.9
A_NP	1202	5704	C	0	0	5704	36.8
A_NP	1203	5921	A	0	0	5921	36.6
A_NP	1204	6113	T	0	0	6113	36.6
A_NP	1205	6125	C	0	0	6125	35.7
A_NP	1206	6330	T	0	0	6330	34.8
A_NP	1207	5918	G	0	0	5918	36.6
A_NP	1208	6599	C	0	0	6599	36.8
A_NP	1209	5871	A	0	0	5871	35.5
A_NP	1210	5224	G	0	0	5224	36.4
A_NP	1211	6350	G	0	0	6350	36.2
A_NP	1212	6642	A	0	0	6642	34.5
A_NP	1213	7071	C	0	0	7071	34.4
A_NP	1214	6232	A	0	0	6232	34.5
A_NP	1215	7074	A	0	0	7074	34.0
A_NP	1216	5734	A	0	0	5734	34.7
A_NP	1217	6419	T	0	0	6419	35.5
A_NP	1218	6652	C	0	0	6652	34.4
A_NP	1219	7193	A	0	0	7193	35.5
A_NP	1220	6623	G	0	0	6623	34.4
A_NP	1221	6660	C	0	0	6660	35.7
A_NP	1222	7165	G	0	0	7165	35.5
A_NP	1223	6288	T	0	0	6288	37.6
A_NP	1224	6754	A	0	0	6754	35.5
A_NP	1225	6342	C	0	0	6342	36.2
A_NP	1226	6843	A	0	0	6843	36.1
A_NP	1227	6466	G	0	0	6466	34.1
A_NP	1228	7061	C	0	0	7061	36.3
A_NP	1229	6335	C	0	0	6335	34.9
A_NP	1230	6778	C	0	0	6778	37.7
A_NP	1231	6370	A	0	0	6370	34.3
A_NP	1232	6349	C	0	0	6349	37.2
A_NP	1233	6669	A	0	0	6669	36.5
A_NP	1234	7470	T	0	0	7470	35.6
A_NP	1235	6477	T	0	0	6477	34.0
A_NP	1236	6608	C	0	0	6608	35.5
A_NP	1237	6709	T	0	0	6709	36.3
A_NP	1238	7619	C	0	0	7619	35.1
A_NP	1239	6911	T	0	0	6911	34.6
A_NP	1240	7363	G	0	0	7363	37.6
A_NP	1241	6754	T	0	0	6754	36.5
A_NP	1242	7043	G	0	0	7043	34.9
A_NP	1243	6622	C	0	0	6622	36.0
A_NP	1244	6284	A	0	0	6284	35.3
A_NP	1245	6475	A	0	0	6475	35.1
A_NP	1246	6322	A	0	0	6322	35.8
A_NP	1247	6267	G	0	0	6267	35.9
A_NP	1248	6091	A	0	0	6091	34.2
A_NP	1249	7244	A	0	0	7244	35.3
A_NP	1250	6886	A	0	0	6886	37.5
A_NP	1251	6408	C	0	0	6408	37.2
A_NP	1252	6553	C	0	0	6553	37.0
A_NP	1253	6420	T	0	0	6420	38.0
A_NP	1254	6739	C	0	0	6739	34.8
A_NP	1255	6879	C	0	0	6879	36.2
A_NP	1256	6636	C	0	0	6636	34.9
A_NP	1257	7217	A	0	0	7217	34.7
A_NP	1258	6712	T	0	0	6712	37.5
A_NP	1259	6309	T	0	0	6309	36.0
A_NP	1260	6410	C	0	0	6410	36.1
A_NP	1261	6379	G	0	0	6379	34.7
A_NP	1262	6525	A	0	0	6525	37.9
A_NP	1263	6225	G	0	0	6225	35.3
A_NP	1264	6344	A	0	0	6344	36.2
A_NP	1265	7085	G	0	0	7085	37.0
A_NP	1266	6712	A	0	0	6712	34.2
A_NP	1267	6878	G	0	0	6878	37.9
A_NP	1268	6909	C	0	0	6909	34.4
A_NP	1269	6397	A	0	0	6397	36.6
A_NP	1270	7204	A	0	0	7204	37.6
A_NP	1271	7244	C	0	0	7244	36.2
A_NP	1272	6656	C	0	0	6656	37.8
A_NP	1273	6249	A	0	0	6249	36.9
A_NP	1274	6684	T	0	0	6684	34.0
A_NP	1275	6044	C	0	0	6044	37.0
A_NP	1276	5611	A	0	0	5611	36.9
A_NP	1277	6605	T	0	0	6605	34.0
A_NP	1278	6013	G	0	0	6013	34.9
A_NP	1279	6278	G	0	0	6278	37.9
A_NP	1280	6529	C	0	0	6529	36.8
A_NP	1281	6345	A	0	0	6345	37.9
A_NP	1282	6885	G	0	0	6885	38.0
A_NP	1283	6656	C	0	0	6656	34.7
A_NP	1284	6093	A	0	0	6093	36.0
A_NP	1285	5759	T	0	0	5759	36.8
A_NP	1286	6257	T	0	0	6257	36.0
A_NP	1287	6588	T	0	0	6588	36.8
A_NP	1288	6133	A	0	0	6133	37.0
A_NP	1289	6544	C	0	0	6544	37.5
A_NP	1290	6149	G	0	0	6149	36.2
A_NP	1291	6291	G	0	0	6291	37.0
A_NP	1292	5980	G	0	0	5980	36.8
A_NP	1293	5811	A	0	0	5811	36.5
A_NP	1294	6543	A	0	0	6543	35.5
A_NP	1295	5510	A	0	0	5510	36.5
A_NP	1296	5832	C	0	0	5832	35.5
A_NP	1297	5718	A	0	0	5718	34.1
A_NP	1298	5977	C	0	0	5977	34.9
A_NP	1299	5586	T	0	0	5586	34.0
A_NP	1300	5615	G	0	0	5615	37.9
A_NP	1301	5677	A	0	0	5677	34.3
A_NP	1302	5173	A	0	0	5173	34.4
A_NP	1303	5566	G	0	0	5566	34.1
A_NP	1304	5554	G	0	0	5554	37.8
A_NP	1305	5561	C	0	0	5561	36.7
A_NP	1306	6026	A	0	0	6026	37.3
A_NP	1307	5408	G	0	0	5408	35.1
A_NP	1308	5384	A	0	0	5384	34.5
A_NP	1309	5941	A	0	0	5941	37.4
A_NP	1310	5439	C	0	0	5439	34.2
A_NP	1311	5328	T	0	0	5328	35.8
A_NP	1312	5460	T	0	0	5460	35.0
A_NP	1313	5645	C	0	0	5645	37.4
A_NP	1314	5653	A	0	0	5653	37.3
A_NP	1315	4834	G	0	0	4834	37.8
A_NP	1316	4865	A	0	0	4865	37.1
A_NP	1317	4890	C	0	0	4890	36.7
A_NP	1318	4519	A	0	0	4519	37.1
A_NP	1319	5011	T	0	0	5011	36.0
A_NP	1320	5209	G	0	0	5209	35.2
A_NP	1321	5289	A	0	0	5289	36.1
A_NP	1322	5033	G	0	0	5033	36.8
A_NP	1323	5340	A	0	0	5340	36.4
A_NP	1324	5207	A	0	0	5207	35.8
A_NP	1325	4563	C	0	0	4563	37.9
A_NP	1326	5366	T	0	0	5366	36.8
A_NP	1327	4675	G	0	0	4675	37.1
A_NP	1328	4593	A	0	0	4593	34.3
A_NP	1329	4837	G	0	0	4837	34.0
A_NP	1330	5101	A	0	0	5101	36.5
A_NP	1331	4498	T	0	0	4498	37.5
A_NP	1332	4342	C	0	0	4342	35.9
A_NP	1333	4659	A	0	0	4659	34.3
A_NP	1334	4407	T	0	0	4407	37.7
A_NP	1335	4668	A	0	0	4668	37.3
A_NP	1336	4182	A	0	0	4182	38.0
A_NP	1337	4628	G	0	0	4628	38.0
A_NP	1338	5163	G	0	0	5163	35.7
A_NP	1339	4689	A	0	0	4689	34.9
A_NP	1340	5162	T	0	0	5162	36.2
A_NP	1341	4526	G	0	0	4526	37.3
A_NP	1342	4590	A	0	0	4590	36.4
A_NP	1343	4697	T	0	0	4697	34.7
A_NP	1344	4582	G	0	0	4582	36.2
A_NP	1345	4759	G	0	0	4759	37.1
A_NP	1346	4136	A	0	0	4136	35.1
A_NP	1347	4146	A	0	0	4146	36.0
A_NP	1348	4469	A	0	0	4469	34.9
A_NP	1349	4169	A	0	0	4169	35.5
A_NP	1350	4205	T	0	0	4205	35.7
A_NP	1351	4129	G	0	0	4129	36.4
A_NP	1352	4844	C	0	0	4844	37.6
A_NP	1353	4354	C	0	0	4354	36.6
A_NP	1354	4472	A	0	0	4472	35.0
A_NP	1355	4240	G	0	0	4240	34.1
A_NP	1356	4436	A	0	0	4436	35.5
A_NP	1357	4412	C	0	0	4412	35.7
A_NP	1358	4298	C	0	0	4298	36.1
A_NP	1359	3840	T	0	0	3840	34.8
A_NP	1360	3974	G	0	0	3974	34.7
A_NP	1361	4434	A	0	0	4434	35.3
A_NP	1362	4161	A	0	0	4161	34.3
A_NP	1363	4272	G	0	0	4272	36.4
A_NP	1364	3884	A	0	0	3884	36.3
A_NP	1365	4437	T	0	0	4437	34.3
A_NP	1366	3866	G	0	0	3866	36.8
A_NP	1367	4385	T	0	0	4385	34.4
A_NP	1368	4185	G	0	0	4185	35.2
A_NP	1369	3958	T	0	0	3958	37.8
A_NP	1370	4343	C	0	0	4343	35.7
A_NP	1371	4180	T	0	0	4180	36.9
A_NP	1372	4003	T	0	0	4003	35.2
A_NP	1373	4559	T	0	0	4559	37.2
A_NP	1374	4455	C	0	0	4455	35.3
A_NP	1375	3735	C	0	0	3735	35.8
A_NP	1376	3878	A	0	0	3878	36.1
A_NP	1377	3959	G	0	0	3959	34.1
A_NP	1378	4040	G	0	0	4040	34.9
A_NP	1379	4031	G	0	0	4031	35.4
A_NP	1380	3952	G	0	0	3952	35.6
A_NP	1381	3810	C	0	0	3810	35.4
A_NP	1382	3971	G	0	0	3971	35.5
A_NP	1383	4705	G	0	0	4705	35.1
A_NP	1384	3857	G	0	0	3857	36.9
A_NP	1385	4214	G	0	0	4214	37.4
A_NP	1386	3800	A	0	0	3800	34.6
A_NP	1387	4096	G	0	0	4096	34.7
A_NP	1388	4291	T	0	0	4291	35.0
A_NP	1389	4052	C	0	0	4052	36.7
A_NP	1390	3790	T	0	0	3790	34.3
A_NP	1391	4462	T	0	0	4462	36.2
A_NP	1392	3931	C	0	0	3931	35.6
A_NP	1393	4284	G	0	0	4284	34.0
A_NP	1394	4257	A	0	0	4257	36.5
A_NP	1395	4080	G	0	0	4080	37.4
A_NP	1396	4418	C	0	0	4418	37.4
A_NP	1397	4145	T	0	0	4145	36.3
A_NP	1398	4083	C	0	0	4083	35.6
A_NP	1399	4195	T	0	0	4195	38.0
A_NP	1400	4257	C	0	0	4257	34.6
A_NP	1401	4610	G	0	0	4610	36.1
A_NP	1402	4306	G	0	0	4306	36.1
A_NP	1403	4598	A	0	0	4598	34.6
A_NP	1404	4036	C	0	0	4036	35.3
A_NP	1405	3963	G	0	0	3963	36.9
A_NP	1406	4578	A	0	0	4578	35.9
A_NP	1407	3916	A	0	0	3916	34.5
A_NP	1408	4102	A	0	0	4102	37.7
A_NP	1409	4055	A	0	0	4055	37.5
A_NP	1410	4218	G	0	0	4218	36.2
A_NP	1411	4085	G	0	0	4085	37.7
A_NP	1412	3991	C	0	0	3991	38.0
A_NP	1413	4150	A	0	0	4150	35.4
A_NP	1414	3823	A	0	0	3823	37.8
A_NP	1415	3485	C	0	0	3485	36.1
A_NP	1416	3832	G	0	0	3832	35.0
A_NP	1417	3806	A	0	0	3806	34.5
A_NP	1418	4114	A	0	0	4114	35.9
A_NP	1419	3745	C	0	0	3745	34.5
A_NP	1420	3711	C	0	0	3711	37.4
A_NP	1421	4197	C	0	0	4197	34.7
A_NP	1422	4114	G	0	0	4114	37.7
A_NP	1423	3627	A	0	0	3627	37.8
A_NP	1424	3648	T	0	0	3648	37.7
A_NP	1425	3600	C	0	0	3600	37.3
A_NP	1426	3214	G	0	0	3214	34.4
A_NP	1427	3475	T	0	0	3475	35.9
A_NP	1428	3391	G	0	0	3391	35.3
A_NP	1429	3481	C	0	0	3481	37.4
A_NP	1430	3428	C	0	0	3428	37.4
A_NP	1431	3437	T	0	0	3437	38.0
A_NP	1432	3277	T	0	0	3277	36.9
A_NP	1433	3085	C	0	0	3085	36.4
A_NP	1434	2918	C	0	0	2918	34.2
A_NP	1435	3287	T	0	0	3287	35.4
A_NP	1436	3078	T	0	0	3078	36.0
A_NP	1437	3243	T	0	0	3243	36.7
A_NP	1438	3309	G	0	0	3309	37.4
A_NP	1439	2703	A	0	0	2703	35.7
A_NP	1440	2936	C	0	0	2936	34.6
A_NP	1441	2651	A	0	0	2651	34.3
A_NP	1442	2761	T	0	0	2761	35.3
A_NP	1443	2845	G	0	0	2845	36.5
A_NP	1444	2713	A	0	0	2713	37.2
A_NP	1445	2884	G	0	0	2884	36.5
A_NP	1446	2484	T	0	0	2484	37.3
A_NP	1447	2465	A	0	0	2465	37.1
A_NP	1448	2665	A	0	0	2665	35.8
A_NP	1449	2365	T	0	0	2365	35.5
A_NP	1450	2661	G	0	0	2661	37.8
A_NP	1451	2289	A	0	0	2289	37.1
A_NP	1452	2300	A	0	0	2300	36.4
A_NP	1453	2252	G	0	0	2252	35.4
A_NP	1454	2164	G	0	0	2164	36.8
A_NP	1455	2277	A	0	0	2277	37.3
A_NP	1456	2107	T	0	0	2107	36.7
A_NP	1457	2101	C	0	0	2101	36.8
A_NP	1458	1915	T	0	0	1915	34.9
A_NP	1459	2157	T	0	0	2157	34.6
A_NP	1460	1886	A	0	0	1886	35.7
A_NP	1461	2013	T	0	0	2013	37.7
A_NP	1462	1982	T	0	0	1982	34.8
A_NP	1463	1732	T	0	0	1732	37.8
A_NP	1464	1470	C	0	0	1470	37.7
A_NP	1465	1734	T	0	0	1734	36.5
A_NP	1466	1611	T	0	0	1611	37.5
A_NP	1467	1577	C	0	0	1577	36.8
A_NP	1468	1377	G	0	0	1377	35.0
A_NP	1469	1582	G	0	0	1582	36.9
A_NP	1470	1298	A	0	0	1298	37.8
A_NP	1471	1390	G	0	0	1390	34.7
A_NP	1472	1305	A	0	0	1305	35.4
A_NP	1473	1246	C	0	0	1246	34.9
A_NP	1474	1207	A	0	0	1207	34.3
A_NP	1475	1229	A	0	0	1229	35.4
A_NP	1476	1056	T	0	0	1056	36.7
A_NP	1477	1161	G	0	0	1161	37.0
A_NP	1478	958	C	0	0	958	34.4
A_NP	1479	976	A	0	0	976	36.4
A_NP	1480	874	G	0	0	874	37.4
A_NP	1481	824	A	0	0	824	36.6
A_NP	1482	760	G	0	0	760	37.4
A_NP	1483	731	G	0	0	731	35.8
A_NP	1484	683	A	0	0	683	35.6
A_NP	1485	645	G	0	0	645	37.7
A_NP	1486	539	T	0	0	539	34.5
A_NP	1487	458	A	0	0	458	35.8
A_NP	1488	467	T	0	0	467	36.0
A_NP	1489	361	G	0	0	361	34.7
A_NP	1490	351	A	0	0	351	37.7
A_NP	1491	292	C	0	0	292	35.0
A_NP	1492	240	A	0	0	240	37.3
A_NP	1493	196	A	0	0	196	34.5
A_NP	1494	153	T	0	0	153	35.1
A_NP	1495	99	T	0	0	99	37.0
A_NP	1496	48	A	0	0	48	35.4
A_NP	1497	0	A	0	0	0	37.0
