Reference_Name	Position	Coverage Depth	Consensus	Deletions	Ambiguous	Consensus_Count	Consensus_Average_Quality
A_NS	1	45	A	0	0	45	35.8
A_NS	2	92	T	0	0	92	35.4
A_NS	3	132	G	0	0	132	36.7
A_NS	4	163	G	0	0	163	34.5
A_NS	5	226	A	0	0	226	37.8
A_NS	6	284	T	0	0	284	34.0
A_NS	7	296	T	0	0	296	35.2
A_NS	8	334	C	0	0	334	36.3
A_NS	9	386	C	0	0	386	34.2
A_NS	10	455	A	0	0	455	36.2
A_NS	11	501	A	0	0	501	35.6
A_NS	12	538	C	0	0	538	35.9
A_NS	13	585	A	0	0	585	34.7
A_NS	14	624	C	0	0	624	36.6
A_NS	15	671	G	0	0	671	35.9
A_NS	16	700	A	0	0	700	34.5
A_NS	17	759	T	0	0	759	36.3
A_NS	18	759	A	0	0	759	37.5
A_NS	19	911	A	0	0	911	36.5
A_NS	20	885	C	0	0	885	37.9
A_NS	21	830	C	0	0	830	36.3
A_NS	22	1128	T	0	0	1128	35.5
A_NS	23	947	C	0	0	947	37.0
A_NS	24	1057	G	0	0	1057	34.5
A_NS	25	1068	T	0	0	1068	36.4
A_NS	26	1142	T	0	0	1142	34.7
A_NS	27	1243	C	0	0	1243	37.3
A_NS	28	1221	C	0	0	1221	34.6
A_NS	29	1251	A	0	0	1251	37.3
A_NS	30	1288	G	0	0	1288	34.4
A_NS	31	1387	G	0	0	1387	36.6
A_NS	32	1438	T	0	0	1438	37.3
A_NS	33	1509	A	0	0	1509	34.3
A_NS	34	1581	G	0	0	1581	34.6
A_NS	35	1537	A	0	0	1537	36.2
A_NS	36	1568	T	0	0	1568	36.4
A_NS	37	1811	T	0	0	1811	35.9
A_NS	38	2163	G	0	0	2163	34.1
A_NS	39	1798	C	0	0	1798	34.8
A_NS	40	1855	T	0	0	1855	36.0
A_NS	41	2155	A	0	0	2155	35.1
A_NS	42	2010	T	0	0	2010	35.9
A_NS	43	2305	C	0	0	2305	37.7
A_NS	44	2466	T	0	0	2466	34.0
A_NS	45	2126	A	0	0	2126	36.2
A_NS	46	2107	T	0	0	2107	36.1
A_NS	47	2308	G	0	0	2308	36.7
A_NS	48	2644	G	0	0	2644	34.8
A_NS	49	2381	C	0	0	2381	35.1
A_NS	50	2574	A	0	0	2574	36.5
A_NS	51	2827	C	0	0	2827	36.6
A_NS	52	2866	A	0	0	2866	37.1
A_NS	53	2725	T	0	0	2725	36.7
A_NS	54	2698	A	0	0	2698	37.8
A_NS	55	2432	A	0	0	2432	34.2
A_NS	56	2644	G	0	0	2644	36.7
A_NS	57	2729	A	0	0	2729	35.8
A_NS	58	3001	A	0	0	3001	35.0
A_NS	59	2817	A	0	0	2817	36.3
A_NS	60	2779	G	0	0	2779	35.9
A_NS	61	2672	C	0	0	2672	37.4
A_NS	62	2904	T	0	0	2904	37.3
A_NS	63	2489	G	0	0	2489	37.1
A_NS	64	2826	C	0	0	2826	34.2
A_NS	65	2840	T	0	0	2840	35.5
A_NS	66	2758	C	0	0	2758	37.0
A_NS	67	2972	A	0	0	2972	34.5
A_NS	68	2938	G	0	0	2938	36.9
A_NS	69	2693	C	0	0	2693	35.2
A_NS	70	2398	A	0	0	2398	36.2
A_NS	71	2792	T	0	0	2792	34.7
A_NS	72	2984	G	0	0	2984	34.3
A_NS	73	2639	A	0	0	2639	34.0
A_NS	74	2764	G	0	0	2764	35.5
A_NS	75	2834	A	0	0	2834	38.0
A_NS	76	2903	G	0	0	2903	36.5
A_NS	77	2809	A	0	0	2809	36.1
A_NS	78	2911	C	0	0	2911	36.5
A_NS	79	2719	A	0	0	2719	36.3
A_NS	80	2881	T	0	0	2881	34.6
A_NS	81	2673	G	0	0	2673	37.9
A_NS	82	3075	T	0	0	3075	34.1
A_NS	83	2501	G	0	0	2501	35.0
A_NS	84	2478	T	0	0	2478	37.9
A_NS	85	2959	G	0	0	2959	36.1
A_NS	86	3179	A	0	0	3179	34.3
A_NS	87	2832	T	0	0	2832	34.3
A_NS	88	2866	G	0	0	2866	34.5
A_NS	89	2826	C	0	0	2826	37.6
A_NS	90	2562	T	0	0	2562	37.6
A_NS	91	2836	C	0	0	2836	36.8
A_NS	92	2842	C	0	0	2842	34.8
A_NS	93	2784	C	0	0	2784	35.6
A_NS	94	2736	T	0	0	2736	36.8
A_NS	95	2665	T	0	0	2665	37.8
A_NS	96	2597	T	0	0	2597	35.9
A_NS	97	2865	G	0	0	2865	36.2
A_NS	98	2835	A	0	0	2835	34.9
A_NS	99	2512	T	0	0	2512	34.3
A_NS	100	2663	G	0	0	2663	36.3
A_NS	101	2503	A	0	0	2503	36.9
A_NS	102	2520	T	0	0	2520	37.5
A_NS	103	2649	A	0	0	2649	35.3
A_NS	104	2401	G	0	0	2401	35.5
A_NS	105	2492	A	0	0	2492	36.2
A_NS	106	2343	C	0	0	2343	36.1
A_NS	107	2399	T	0	0	2399	35.8
A_NS	108	2414	C	0	0	2414	36.0
A_NS	109	2338	A	0	0	2338	35.7
A_NS	110	2368	G	0	0	2368	35.3
A_NS	111	2580	A	0	0	2580	36.5
A_NS	112	2282	A	0	0	2282	36.6
A_NS	113	2596	G	0	0	2596	37.1
A_NS	114	2340	A	0	0	2340	34.1
A_NS	115	2290	G	0	0	2290	34.4
A_NS	116	2256	A	0	0	2256	35.8
A_NS	117	2383	T	0	0	2383	35.1
A_NS	118	2275	C	0	0	2275	35.2
A_NS	119	2116	A	0	0	2116	37.2
A_NS	120	1935	G	0	0	1935	36.8
A_NS	121	2119	A	0	0	2119	37.2
A_NS	122	2104	A	0	0	2104	35.3
A_NS	123	1898	G	0	0	1898	36.6
A_NS	124	1902	G	0	0	1902	37.8
A_NS	125	2077	C	0	0	2077	34.4
A_NS	126	2185	A	0	0	2185	35.7
A_NS	127	1984	T	0	0	1984	36.6
A_NS	128	2109	T	0	0	2109	37.4
A_NS	129	1940	A	0	0	1940	34.3
A_NS	130	1796	A	0	0	1796	35.1
A_NS	131	1822	A	0	0	1822	35.1
A_NS	132	2125	G	0	0	2125	37.1
A_NS	133	1720	G	0	0	1720	37.7
A_NS	134	1729	G	0	0	1729	36.0
A_NS	135	2048	A	0	0	2048	36.7
A_NS	136	1751	A	0	0	1751	34.8
A_NS	137	1810	G	0	0	1810	35.4
A_NS	138	1690	A	0	0	1690	37.8
A_NS	139	1859	G	0	0	1859	37.0
A_NS	140	1642	G	0	0	1642	37.1
A_NS	141	1731	C	0	0	1731	36.2
A_NS	142	1706	A	0	0	1706	35.5
A_NS	143	1580	G	0	0	1580	34.2
A_NS	144	1716	C	0	0	1716	35.9
A_NS	145	1582	A	0	0	1582	35.2
A_NS	146	1687	C	0	0	1687	36.7
A_NS	147	1797	A	0	0	1797	37.7
A_NS	148	1657	C	0	0	1657	35.4
A_NS	149	1476	T	0	0	1476	37.3
A_NS	150	1631	T	0	0	1631	37.9
A_NS	151	1531	G	0	0	1531	34.2
A_NS	152	1592	G	0	0	1592	37.0
A_NS	153	1570	A	0	0	1570	34.4
A_NS	154	1683	C	0	0	1683	35.8
A_NS	155	1610	T	0	0	1610	35.2
A_NS	156	1672	C	0	0	1672	35.2
A_NS	157	1572	G	0	0	1572	37.8
A_NS	158	1651	A	0	0	1651	35.3
A_NS	159	1667	C	0	0	1667	35.9
A_NS	160	1596	C	0	0	1596	34.6
A_NS	161	1508	T	0	0	1508	36.5
A_NS	162	1556	G	0	0	1556	34.9
A_NS	163	1608	C	0	0	1608	35.8
A_NS	164	1491	G	0	0	1491	37.4
A_NS	165	1576	A	0	0	1576	34.2
A_NS	166	1691	G	0	0	1691	37.1
A_NS	167	1525	T	0	0	1525	36.6
A_NS	168	1745	G	0	0	1745	35.0
A_NS	169	1861	G	0	0	1861	37.9
A_NS	170	1774	C	0	0	1774	36.3
A_NS	171	1684	C	0	0	1684	37.3
A_NS	172	1643	A	0	0	1643	37.4
A_NS	173	1728	C	0	0	1728	37.5
A_NS	174	1628	A	0	0	1628	37.9
A_NS	175	1646	A	0	0	1646	35.3
A_NS	176	1779	T	0	0	1779	35.4
A_NS	177	1544	G	0	0	1544	35.0
A_NS	178	1801	G	0	0	1801	35.8
A_NS	179	1889	A	0	0	1889	36.7
A_NS	180	1833	G	0	0	1833	37.8
A_NS	181	1817	G	0	0	1817	35.0
A_NS	182	1721	G	0	0	1721	35.1
A_NS	183	1964	C	0	0	1964	34.7
A_NS	184	2075	A	0	0	2075	35.8
A_NS	185	1908	A	0	0	1908	34.6
A_NS	186	1934	A	0	0	1934	37.9
A_NS	187	1823	A	0	0	1823	37.2
A_NS	188	1905	A	0	0	1905	37.1
A_NS	189	2036	G	0	0	2036	35.3
A_NS	190	1971	A	0	0	1971	35.0
A_NS	191	1973	T	0	0	1973	36.7
A_NS	192	1958	T	0	0	1958	35.8
A_NS	193	1792	G	0	0	1792	35.5
A_NS	194	2160	T	0	0	2160	34.9
A_NS	195	1898	T	0	0	1898	37.3
A_NS	196	1888	G	0	0	1888	36.4
A_NS	197	2261	A	0	0	2261	36.5
A_NS	198	1995	G	0	0	1995	36.7
A_NS	199	2071	G	0	0	2071	36.1
A_NS	200	1830	A	0	0	1830	34.3
A_NS	201	2007	C	0	0	2007	37.9
A_NS	202	1887	A	0	0	1887	36.1
A_NS	203	2046	T	0	0	2046	35.2
A_NS	204	2050	C	0	0	2050	35.5
A_NS	205	2283	C	0	0	2283	37.7
A_NS	206	2054	T	0	0	2054	36.8
A_NS	207	2133	A	0	0	2133	35.5
A_NS	208	1917	A	0	0	1917	37.0
A_NS	209	2011	A	0	0	2011	35.5
A_NS	210	2010	G	0	0	2010	36.6
A_NS	211	1892	A	0	0	1892	34.9
A_NS	212	1892	G	0	0	1892	34.7
A_NS	213	1792	T	0	0	1792	35.9
A_NS	214	2182	G	0	0	2182	37.9
A_NS	215	2040	A	0	0	2040	36.2
A_NS	216	2069	A	0	0	2069	34.3
A_NS	217	1930	A	0	0	1930	37.4
A_NS	218	2090	C	0	0	2090	35.6
A_NS	219	1983	G	0	0	1983	36.0
A_NS	220	1939	G	0	0	1939	37.8
A_NS	221	1984	A	0	0	1984	34.6
A_NS	222	2024	T	0	0	2024	34.5
A_NS	223	1860	G	0	0	1860	35.4
A_NS	224	1813	A	0	0	1813	36.9
A_NS	225	1992	A	0	0	1992	36.9
A_NS	226	2193	A	0	0	2193	37.1
A_NS	227	1932	A	0	0	1932	36.0
A_NS	228	1918	C	0	0	1918	36.1
A_NS	229	1910	C	0	0	1910	35.8
A_NS	230	1853	T	0	0	1853	36.0
A_NS	231	1823	C	0	0	1823	35.7
A_NS	232	1897	A	0	0	1897	34.9
A_NS	233	1757	A	0	0	1757	37.0
A_NS	234	1850	A	0	0	1850	35.0
A_NS	235	1688	A	0	0	1688	35.3
A_NS	236	1812	T	0	0	1812	35.3
A_NS	237	1974	T	0	0	1974	35.4
A_NS	238	1748	G	0	0	1748	34.6
A_NS	239	1781	C	0	0	1781	34.5
A_NS	240	1894	A	0	0	1894	35.9
A_NS	241	1923	A	0	0	1923	35.4
A_NS	242	1778	T	0	0	1778	36.7
A_NS	243	1721	T	0	0	1721	36.7
A_NS	244	1802	G	0	0	1802	36.4
A_NS	245	1848	C	0	0	1848	36.7
A_NS	246	1885	G	0	0	1885	36.8
A_NS	247	1833	T	0	0	1833	34.3
A_NS	248	1848	C	0	0	1848	35.4
A_NS	249	1833	C	0	0	1833	35.3
A_NS	250	1910	A	0	0	1910	38.0
A_NS	251	1660	G	0	0	1660	37.8
A_NS	252	1784	C	0	0	1784	37.2
A_NS	253	1906	C	0	0	1906	35.8
A_NS	254	1858	C	0	0	1858	34.7
A_NS	255	1708	T	0	0	1708	37.0
A_NS	256	1794	G	0	0	1794	36.3
A_NS	257	1790	T	0	0	1790	35.3
A_NS	258	1841	T	0	0	1841	36.5
A_NS	259	1772	C	0	0	1772	36.4
A_NS	260	1854	C	0	0	1854	37.6
A_NS	261	1809	T	0	0	1809	36.1
A_NS	262	1845	C	0	0	1845	34.8
A_NS	263	1919	G	0	0	1919	35.5
A_NS	264	1789	G	0	0	1789	35.5
A_NS	265	2139	T	0	0	2139	37.4
A_NS	266	1811	A	0	0	1811	36.4
A_NS	267	1857	C	0	0	1857	36.3
A_NS	268	1915	A	0	0	1915	37.2
A_NS	269	1936	T	0	0	1936	38.0
A_NS	270	2008	C	0	0	2008	34.6
A_NS	271	2154	A	0	0	2154	37.6
A_NS	272	2111	C	0	0	2111	37.3
A_NS	273	2055	T	0	0	2055	35.6
A_NS	274	1727	G	0	0	1727	36.0
A_NS	275	2139	A	0	0	2139	36.5
A_NS	276	1834	T	0	0	1834	36.2
A_NS	277	2105	A	0	0	2105	37.5
A_NS	278	2071	T	0	0	2071	34.4
A_NS	279	2110	G	0	0	2110	37.3
A_NS	280	2020	A	0	0	2020	37.3
A_NS	281	2339	G	0	0	2339	34.9
A_NS	282	2398	C	0	0	2398	36.4
A_NS	283	2367	A	0	0	2367	34.5
A_NS	284	2291	T	0	0	2291	35.3
A_NS	285	2141	A	0	0	2141	34.7
A_NS	286	2417	G	0	0	2417	34.6
A_NS	287	2374	A	0	0	2374	35.1
A_NS	288	2092	G	0	0	2092	36.6
A_NS	289	2399	G	0	0	2399	34.6
A_NS	290	2489	A	0	0	2489	34.2
A_NS	291	2294	A	0	0	2294	35.4
A_NS	292	2242	A	0	0	2242	34.2
A_NS	293	2731	T	0	0	2731	37.5
A_NS	294	2815	A	0	0	2815	34.8
A_NS	295	2378	A	0	0	2378	34.4
A_NS	296	2543	G	0	0	2543	36.3
A_NS	297	2320	C	0	0	2320	37.6
A_NS	298	2728	A	0	0	2728	37.8
A_NS	299	2209	G	0	0	2209	37.7
A_NS	300	2382	G	0	0	2382	34.1
A_NS	301	2660	G	0	0	2660	34.8
A_NS	302	2799	A	0	0	2799	36.5
A_NS	303	2858	G	0	0	2858	36.4
A_NS	304	2389	T	0	0	2389	34.4
A_NS	305	2632	G	0	0	2632	34.3
A_NS	306	2654	G	0	0	2654	35.2
A_NS	307	2875	T	0	0	2875	36.8
A_NS	308	2911	A	0	0	2911	34.2
A_NS	309	2872	C	0	0	2872	37.9
A_NS	310	2624	A	0	0	2624	34.8
A_NS	311	2984	T	0	0	2984	36.6
A_NS	312	2962	G	0	0	2962	34.1
A_NS	313	2473	C	0	0	2473	37.1
A_NS	314	2837	T	0	0	2837	34.7
A_NS	315	2764	C	0	0	2764	37.7
A_NS	316	3211	A	0	0	3211	34.8
A_NS	317	2660	T	0	0	2660	34.9
A_NS	318	2704	G	0	0	2704	34.7
A_NS	319	3311	C	0	0	3311	35.5
A_NS	320	3096	C	0	0	3096	34.4
A_NS	321	2828	A	0	0	2828	35.7
A_NS	322	3145	A	0	0	3145	36.9
A_NS	323	3066	G	0	0	3066	38.0
A_NS	324	3499	G	0	0	3499	37.3
A_NS	325	3029	C	0	0	3029	34.8
A_NS	326	2458	A	0	0	2458	34.1
A_NS	327	3107	G	0	0	3107	36.7
A_NS	328	2724	A	0	0	2724	37.2
A_NS	329	2918	A	0	0	2918	35.3
A_NS	330	2788	A	0	0	2788	34.4
A_NS	331	2878	A	0	0	2878	35.1
A_NS	332	2608	T	0	0	2608	37.1
A_NS	333	3191	A	0	0	3191	36.9
A_NS	334	3044	A	0	0	3044	36.3
A_NS	335	2789	C	0	0	2789	37.8
A_NS	336	2618	A	0	0	2618	34.6
A_NS	337	2730	G	0	0	2730	34.9
A_NS	338	2769	G	0	0	2769	35.2
A_NS	339	2879	G	0	0	2879	36.1
A_NS	340	2970	G	0	0	2970	36.0
A_NS	341	3018	G	0	0	3018	37.4
A_NS	342	2673	T	0	0	2673	36.8
A_NS	343	2707	C	0	0	2707	36.3
A_NS	344	2914	T	0	0	2914	36.8
A_NS	345	2997	G	0	0	2997	37.5
A_NS	346	2899	A	0	0	2899	34.8
A_NS	347	2865	T	0	0	2865	34.6
A_NS	348	2640	G	0	0	2640	35.0
A_NS	349	2304	G	0	0	2304	35.3
A_NS	350	2754	T	0	0	2754	36.3
A_NS	351	2198	G	0	0	2198	35.5
A_NS	352	2843	A	0	0	2843	36.2
A_NS	353	2666	A	0	0	2666	34.3
A_NS	354	2628	A	0	0	2628	34.6
A_NS	355	2473	A	0	0	2473	35.8
A_NS	356	2627	T	0	0	2627	36.0
A_NS	357	2759	G	0	0	2759	35.7
A_NS	358	2500	G	0	0	2500	35.2
A_NS	359	2388	A	0	0	2388	35.5
A_NS	360	2506	T	0	0	2506	35.7
A_NS	361	2310	C	0	0	2310	35.3
A_NS	362	2515	A	0	0	2515	34.0
A_NS	363	2512	G	0	0	2512	35.9
A_NS	364	1990	G	0	0	1990	37.1
A_NS	365	2258	C	0	0	2258	37.7
A_NS	366	2468	C	0	0	2468	35.5
A_NS	367	2554	A	0	0	2554	34.9
A_NS	368	2640	T	0	0	2640	37.7
A_NS	369	2167	C	0	0	2167	34.4
A_NS	370	2332	A	0	0	2332	36.8
A_NS	371	2203	T	0	0	2203	37.0
A_NS	372	1974	G	0	0	1974	37.5
A_NS	373	2287	G	0	0	2287	35.3
A_NS	374	2550	A	0	0	2550	37.1
A_NS	375	2136	C	0	0	2136	36.4
A_NS	376	2475	A	0	0	2475	36.2
A_NS	377	2152	A	0	0	2152	35.9
A_NS	378	2424	G	0	0	2424	37.2
A_NS	379	2239	A	0	0	2239	37.8
A_NS	380	1902	G	0	0	1902	37.6
A_NS	381	2079	G	0	0	2079	35.9
A_NS	382	2018	A	0	0	2018	37.6
A_NS	383	2093	T	0	0	2093	36.7
A_NS	384	1822	A	0	0	1822	36.2
A_NS	385	2367	A	0	0	2367	35.4
A_NS	386	2232	T	0	0	2232	36.3
A_NS	387	2182	A	0	0	2182	34.8
A_NS	388	1834	C	0	0	1834	37.4
A_NS	389	1937	T	0	0	1937	36.9
A_NS	390	1982	C	0	0	1982	36.1
A_NS	391	2205	A	0	0	2205	36.0
A_NS	392	2031	A	0	0	2031	37.0
A_NS	393	1858	G	0	0	1858	35.6
A_NS	394	1998	G	0	0	1998	34.5
A_NS	395	2262	C	0	0	2262	34.1
A_NS	396	2221	A	0	0	2221	35.5
A_NS	397	2110	A	0	0	2110	34.9
A_NS	398	2100	A	0	0	2100	35.3
A_NS	399	1943	C	0	0	1943	37.1
A_NS	400	1893	T	0	0	1893	36.4
A_NS	401	2120	T	0	0	2120	37.5
A_NS	402	1919	C	0	0	1919	35.2
A_NS	403	2039	T	0	0	2039	36.3
A_NS	404	2181	C	0	0	2181	35.1
A_NS	405	2185	T	0	0	2185	35.1
A_NS	406	1806	G	0	0	1806	35.0
A_NS	407	1906	T	0	0	1906	36.1
A_NS	408	1989	C	0	0	1989	37.7
A_NS	409	1881	C	0	0	1881	34.6
A_NS	410	2132	T	0	0	2132	36.4
A_NS	411	2121	A	0	0	2121	34.8
A_NS	412	1937	T	0	0	1937	37.5
A_NS	413	2100	T	0	0	2100	37.4
A_NS	414	2151	T	0	0	2151	34.9
A_NS	415	2282	A	0	0	2282	35.8
A_NS	416	2182	A	0	0	2182	35.9
A_NS	417	2014	T	0	0	2014	37.3
A_NS	418	2286	C	0	0	2286	36.5
A_NS	419	2263	A	0	0	2263	36.6
A_NS	420	2253	A	0	0	2253	35.8
A_NS	421	2218	C	0	0	2218	34.1
A_NS	422	2214	T	0	0	2214	37.4
A_NS	423	2291	G	0	0	2291	36.5
A_NS	424	2359	G	0	0	2359	36.3
A_NS	425	2016	A	0	0	2016	37.9
A_NS	426	1990	A	0	0	1990	36.5
A_NS	427	2129	A	0	0	2129	35.3
A_NS	428	2264	C	0	0	2264	34.0
A_NS	429	2049	A	0	0	2049	34.5
A_NS	430	1975	T	0	0	1975	34.6
A_NS	431	2264	T	0	0	2264	36.8
A_NS	432	2112	A	0	0	2112	37.1
A_NS	433	1995	G	0	0	1995	37.8
A_NS	434	2321	T	0	0	2321	35.8
A_NS	435	2040	C	0	0	2040	35.0
A_NS	436	2243	T	0	0	2243	36.0
A_NS	437	2237	C	0	0	2237	34.2
A_NS	438	2145	A	0	0	2145	34.8
A_NS	439	2137	C	0	0	2137	36.0
A_NS	440	2025	T	0	0	2025	37.7
A_NS	441	2121	G	0	0	2121	37.0
A_NS	442	2285	A	0	0	2285	34.7
A_NS	443	2084	G	0	0	2084	37.1
A_NS	444	2032	G	0	0	2032	37.8
A_NS	445	2057	G	0	0	2057	36.3
A_NS	446	2134	C	0	0	2134	37.2
A_NS	447	2243	T	0	0	2243	34.2
A_NS	448	2173	T	0	0	2173	36.4
A_NS	449	1917	T	0	0	1917	36.3
A_NS	450	2022	C	0	0	2022	34.1
A_NS	451	2132	A	0	0	2132	37.3
A_NS	452	1938	C	0	0	1938	35.5
A_NS	453	2215	A	0	0	2215	37.0
A_NS	454	2212	G	0	0	2212	36.8
A_NS	455	1997	A	0	0	1997	35.0
A_NS	456	1982	A	0	0	1982	35.1
A_NS	457	2030	G	0	0	2030	36.3
A_NS	458	1832	A	0	0	1832	37.1
A_NS	459	1734	T	0	0	1734	35.8
A_NS	460	1892	G	0	0	1892	34.1
A_NS	461	2029	G	0	0	2029	37.9
A_NS	462	1964	C	0	0	1964	35.1
A_NS	463	1786	G	0	0	1786	37.2
A_NS	464	1747	C	0	0	1747	37.5
A_NS	465	2027	C	0	0	2027	36.2
A_NS	466	1687	A	0	0	1687	37.0
A_NS	467	1925	T	0	0	1925	37.5
A_NS	468	1811	T	0	0	1811	36.4
A_NS	469	1706	G	0	0	1706	35.3
A_NS	470	1670	T	0	0	1670	36.8
A_NS	471	1688	G	0	0	1688	37.2
A_NS	472	1769	G	0	0	1769	35.6
A_NS	473	1702	C	0	0	1702	35.2
A_NS	474	1756	T	0	0	1756	34.0
A_NS	475	1620	G	0	0	1620	37.0
A_NS	476	1717	A	0	0	1717	35.1
A_NS	477	1639	A	0	0	1639	35.0
A_NS	478	1551	A	0	0	1551	38.0
A_NS	479	1622	T	0	0	1622	35.9
A_NS	480	1571	A	0	0	1571	36.2
A_NS	481	1610	T	0	0	1610	37.2
A_NS	482	1447	C	0	0	1447	35.8
A_NS	483	1450	T	0	0	1450	36.4
A_NS	484	1425	C	0	0	1425	35.8
A_NS	485	1562	C	0	0	1562	36.4
A_NS	486	1704	T	0	0	1704	36.1
A_NS	487	1443	A	0	0	1443	34.0
A_NS	488	1427	T	0	0	1427	34.8
A_NS	489	1427	T	0	0	1427	35.5
A_NS	490	1350	C	0	0	1350	34.5
A_NS	491	1484	C	0	0	1484	34.9
A_NS	492	1410	T	0	0	1410	37.2
A_NS	493	1420	T	0	0	1420	38.0
A_NS	494	1560	C	0	0	1560	36.1
A_NS	495	1477	C	0	0	1477	37.5
A_NS	496	1404	A	0	0	1404	36.1
A_NS	497	1518	T	0	0	1518	36.5
A_NS	498	1355	G	0	0	1355	35.2
A_NS	499	1488	C	0	0	1488	35.4
A_NS	500	1351	C	0	0	1351	36.9
A_NS	501	1481	A	0	0	1481	35.7
A_NS	502	1421	G	0	0	1421	35.2
A_NS	503	1646	G	0	0	1646	35.5
A_NS	504	1483	A	0	0	1483	35.2
A_NS	505	1480	C	0	0	1480	36.4
A_NS	506	1469	A	0	0	1469	37.8
A_NS	507	1448	T	0	0	1448	37.2
A_NS	508	1525	T	0	0	1525	35.1
A_NS	509	1653	C	0	0	1653	34.1
A_NS	510	1519	T	0	0	1519	37.4
A_NS	511	1633	A	0	0	1633	37.9
A_NS	512	1486	C	0	0	1486	38.0
A_NS	513	1566	A	0	0	1566	35.2
A_NS	514	1675	G	0	0	1675	37.4
A_NS	515	1641	A	0	0	1641	36.5
A_NS	516	1651	G	0	0	1651	35.5
A_NS	517	1706	G	0	0	1706	37.0
A_NS	518	1722	A	0	0	1722	37.0
A_NS	519	1568	T	0	0	1568	35.6
A_NS	520	1651	G	0	0	1651	36.1
A_NS	521	1794	T	0	0	1794	34.3
A_NS	522	1953	C	0	0	1953	35.1
A_NS	523	1817	A	0	0	1817	34.8
A_NS	524	1684	A	0	0	1684	35.2
A_NS	525	1792	A	0	0	1792	35.6
A_NS	526	1829	A	0	0	1829	34.6
A_NS	527	1850	A	0	0	1850	37.4
A_NS	528	1961	T	0	0	1961	34.3
A_NS	529	2077	G	0	0	2077	36.4
A_NS	530	1961	C	0	0	1961	37.3
A_NS	531	1837	A	0	0	1837	36.2
A_NS	532	2305	A	0	0	2305	34.4
A_NS	533	1946	T	0	0	1946	35.1
A_NS	534	1877	T	0	0	1877	34.4
A_NS	535	2063	G	0	0	2063	34.2
A_NS	536	2059	G	0	0	2059	35.7
A_NS	537	2275	A	0	0	2275	36.8
A_NS	538	2241	A	0	0	2241	36.6
A_NS	539	2271	T	0	0	2271	34.2
A_NS	540	2160	C	0	0	2160	37.8
A_NS	541	2420	C	0	0	2420	37.1
A_NS	542	2458	T	0	0	2458	34.3
A_NS	543	2234	C	0	0	2234	37.7
A_NS	544	2653	A	0	0	2653	35.4
A_NS	545	2432	T	0	0	2432	34.6
A_NS	546	2387	C	0	0	2387	36.9
A_NS	547	2450	G	0	0	2450	37.9
A_NS	548	2484	G	0	0	2484	37.3
A_NS	549	2482	T	0	0	2482	37.4
A_NS	550	2368	G	0	0	2368	34.4
A_NS	551	2290	G	0	0	2290	37.1
A_NS	552	2812	A	0	0	2812	35.1
A_NS	553	2299	C	0	0	2299	37.9
A_NS	554	2441	T	0	0	2441	35.0
A_NS	555	2552	T	0	0	2552	34.5
A_NS	556	2576	G	0	0	2576	35.9
A_NS	557	2689	A	0	0	2689	34.5
A_NS	558	2895	A	0	0	2895	36.8
A_NS	559	2730	T	0	0	2730	34.1
A_NS	560	2627	G	0	0	2627	36.9
A_NS	561	2515	G	0	0	2515	34.1
A_NS	562	2580	A	0	0	2580	37.4
A_NS	563	2924	A	0	0	2924	34.5
A_NS	564	2627	T	0	0	2627	35.0
A_NS	565	2759	G	0	0	2759	37.1
A_NS	566	2957	A	0	0	2957	36.5
A_NS	567	2660	T	0	0	2660	35.8
A_NS	568	2786	A	0	0	2786	37.8
A_NS	569	2398	A	0	0	2398	37.9
A_NS	570	2690	C	0	0	2690	34.7
A_NS	571	2773	T	0	0	2773	36.3
A_NS	572	2504	C	0	0	2504	36.3
A_NS	573	2550	A	0	0	2550	36.8
A_NS	574	2975	A	0	0	2975	35.1
A_NS	575	2702	T	0	0	2702	34.6
A_NS	576	2454	T	0	0	2454	36.6
A_NS	577	2675	C	0	0	2675	37.6
A_NS	578	2549	G	0	0	2549	35.4
A_NS	579	2794	A	0	0	2794	37.5
A_NS	580	2884	G	0	0	2884	35.9
A_NS	581	2643	C	0	0	2643	34.8
A_NS	582	2828	G	0	0	2828	34.2
A_NS	583	2597	T	0	0	2597	35.5
A_NS	584	2657	C	0	0	2657	35.1
A_NS	585	2645	T	0	0	2645	36.5
A_NS	586	2712	G	0	0	2712	36.1
A_NS	587	2633	A	0	0	2633	37.5
A_NS	588	2954	A	0	0	2954	37.1
A_NS	589	2599	A	0	0	2599	34.3
A_NS	590	2557	A	0	0	2557	34.2
A_NS	591	2442	T	0	0	2442	35.2
A_NS	592	2637	A	0	0	2637	36.6
A_NS	593	2605	T	0	0	2605	37.5
A_NS	594	2812	A	0	0	2812	36.4
A_NS	595	2822	C	0	0	2822	37.9
A_NS	596	2435	A	0	0	2435	37.7
A_NS	597	2559	G	0	0	2559	36.1
A_NS	598	2522	A	0	0	2522	38.0
A_NS	599	2731	G	0	0	2731	36.8
A_NS	600	2416	A	0	0	2416	35.4
A_NS	601	2359	T	0	0	2359	37.7
A_NS	602	2557	T	0	0	2557	35.2
A_NS	603	2566	C	0	0	2566	35.0
A_NS	604	2418	G	0	0	2418	37.3
A_NS	605	2946	C	0	0	2946	35.6
A_NS	606	2454	T	0	0	2454	35.7
A_NS	607	2278	T	0	0	2278	35.2
A_NS	608	2418	G	0	0	2418	34.4
A_NS	609	2458	G	0	0	2458	36.4
A_NS	610	2286	G	0	0	2286	36.5
A_NS	611	2205	G	0	0	2205	35.2
A_NS	612	2476	A	0	0	2476	36.0
A_NS	613	2369	G	0	0	2369	35.4
A_NS	614	2369	T	0	0	2369	34.7
A_NS	615	2185	C	0	0	2185	35.1
A_NS	616	2519	C	0	0	2519	35.3
A_NS	617	2337	G	0	0	2337	37.6
A_NS	618	2448	T	0	0	2448	35.5
A_NS	619	2233	G	0	0	2233	35.8
A_NS	620	2197	A	0	0	2197	37.7
A_NS	621	2472	T	0	0	2472	37.6
A_NS	622	2567	G	0	0	2567	34.8
A_NS	623	2477	A	0	0	2477	36.4
A_NS	624	2441	G	0	0	2441	37.2
A_NS	625	2380	A	0	0	2380	35.3
A_NS	626	2250	A	0	0	2250	35.6
A_NS	627	2451	T	0	0	2451	37.4
A_NS	628	2662	G	0	0	2662	37.3
A_NS	629	2383	G	0	0	2383	36.0
A_NS	630	2472	G	0	0	2472	37.0
A_NS	631	2037	G	0	0	2037	36.1
A_NS	632	2324	G	0	0	2324	35.9
A_NS	633	2034	A	0	0	2034	34.7
A_NS	634	2352	C	0	0	2352	34.9
A_NS	635	2320	C	0	0	2320	37.7
A_NS	636	2578	T	0	0	2578	37.0
A_NS	637	2326	C	0	0	2326	35.0
A_NS	638	2494	C	0	0	2494	36.0
A_NS	639	2182	A	0	0	2182	34.7
A_NS	640	2296	C	0	0	2296	34.9
A_NS	641	2172	T	0	0	2172	37.5
A_NS	642	2363	C	0	0	2363	35.1
A_NS	643	2302	C	0	0	2302	34.5
A_NS	644	2209	C	0	0	2209	36.3
A_NS	645	2658	T	0	0	2658	37.8
A_NS	646	2215	C	0	0	2215	34.6
A_NS	647	2287	C	0	0	2287	36.4
A_NS	648	2335	A	0	0	2335	36.8
A_NS	649	2578	A	0	0	2578	36.4
A_NS	650	2361	A	0	0	2361	34.4
A_NS	651	2310	G	0	0	2310	34.6
A_NS	652	2362	C	0	0	2362	36.4
A_NS	653	2438	A	0	0	2438	37.3
A_NS	654	2617	G	0	0	2617	34.1
A_NS	655	2466	A	0	0	2466	36.2
A_NS	656	2293	A	0	0	2293	34.9
A_NS	657	2574	A	0	0	2574	36.0
A_NS	658	2246	C	0	0	2246	36.0
A_NS	659	2282	G	0	0	2282	36.4
A_NS	660	2620	C	0	0	2620	34.5
A_NS	661	2205	T	0	0	2205	35.1
A_NS	662	2592	A	0	0	2592	34.1
A_NS	663	2446	C	0	0	2446	36.5
A_NS	664	2432	A	0	0	2432	35.2
A_NS	665	2701	T	0	0	2701	36.9
A_NS	666	2741	G	0	0	2741	34.3
A_NS	667	2490	G	0	0	2490	36.1
A_NS	668	2703	C	0	0	2703	37.1
A_NS	669	2639	G	0	0	2639	37.3
A_NS	670	2370	A	0	0	2370	36.9
A_NS	671	2626	G	0	0	2626	37.6
A_NS	672	2332	A	0	0	2332	34.5
A_NS	673	2473	A	0	0	2473	34.5
A_NS	674	2451	G	0	0	2451	37.7
A_NS	675	2471	A	0	0	2471	35.8
A_NS	676	2582	G	0	0	2582	36.9
A_NS	677	2447	T	0	0	2447	35.8
A_NS	678	2431	T	0	0	2431	37.6
A_NS	679	2319	G	0	0	2319	36.4
A_NS	680	2624	A	0	0	2624	34.0
A_NS	681	2452	G	0	0	2452	35.9
A_NS	682	2600	T	0	0	2600	36.6
A_NS	683	2682	C	0	0	2682	34.9
A_NS	684	2627	A	0	0	2627	34.2
A_NS	685	2431	G	0	0	2431	34.7
A_NS	686	2741	A	0	0	2741	34.1
A_NS	687	2474	A	0	0	2474	37.4
A_NS	688	2221	G	0	0	2221	34.4
A_NS	689	2341	T	0	0	2341	34.2
A_NS	690	2352	T	0	0	2352	35.2
A_NS	691	2205	T	0	0	2205	34.1
A_NS	692	2083	G	0	0	2083	36.9
A_NS	693	2520	A	0	0	2520	36.4
A_NS	694	2252	A	0	0	2252	35.0
A_NS	695	2126	G	0	0	2126	35.6
A_NS	696	2389	A	0	0	2389	34.0
A_NS	697	2548	G	0	0	2548	37.3
A_NS	698	2172	A	0	0	2172	36.1
A_NS	699	2066	T	0	0	2066	34.2
A_NS	700	2020	C	0	0	2020	36.7
A_NS	701	2294	A	0	0	2294	37.8
A_NS	702	2132	G	0	0	2132	36.6
A_NS	703	2464	A	0	0	2464	35.5
A_NS	704	2189	T	0	0	2189	37.5
A_NS	705	1879	G	0	0	1879	36.4
A_NS	706	1999	G	0	0	1999	34.1
A_NS	707	2024	C	0	0	2024	37.0
A_NS	708	1772	T	0	0	1772	34.9
A_NS	709	1967	A	0	0	1967	36.7
A_NS	710	1792	A	0	0	1792	36.9
A_NS	711	1948	T	0	0	1948	35.3
A_NS	712	2019	T	0	0	2019	35.3
A_NS	713	1822	G	0	0	1822	36.9
A_NS	714	1897	C	0	0	1897	37.4
A_NS	715	1763	A	0	0	1763	37.4
A_NS	716	1736	G	0	0	1736	37.9
A_NS	717	1859	A	0	0	1859	36.8
A_NS	718	1725	G	0	0	1725	37.0
A_NS	719	1621	T	0	0	1621	37.4
A_NS	720	1689	G	0	0	1689	37.1
A_NS	721	1582	C	0	0	1582	37.8
A_NS	722	1520	A	0	0	1520	37.1
A_NS	723	1737	G	0	0	1737	34.3
A_NS	724	1582	A	0	0	1582	35.4
A_NS	725	1616	A	0	0	1616	34.2
A_NS	726	1533	A	0	0	1533	36.8
A_NS	727	1544	C	0	0	1544	34.7
A_NS	728	1661	A	0	0	1661	35.0
A_NS	729	1558	T	0	0	1558	37.8
A_NS	730	1571	A	0	0	1571	35.1
A_NS	731	1422	T	0	0	1422	34.2
A_NS	732	1446	T	0	0	1446	34.1
A_NS	733	1432	A	0	0	1432	34.4
A_NS	734	1448	A	0	0	1448	35.1
A_NS	735	1447	C	0	0	1447	34.2
A_NS	736	1553	C	0	0	1553	34.9
A_NS	737	1418	A	0	0	1418	35.3
A_NS	738	1568	A	0	0	1568	36.8
A_NS	739	1236	A	0	0	1236	35.3
A_NS	740	1312	A	0	0	1312	35.4
A_NS	741	1387	C	0	0	1387	35.5
A_NS	742	1321	T	0	0	1321	36.1
A_NS	743	1340	G	0	0	1340	35.3
A_NS	744	1421	A	0	0	1421	35.2
A_NS	745	1406	G	0	0	1406	35.1
A_NS	746	1157	A	0	0	1157	36.5
A_NS	747	1455	A	0	0	1455	34.2
A_NS	748	1522	C	0	0	1522	36.0
A_NS	749	1466	A	0	0	1466	34.9
A_NS	750	1389	G	0	0	1389	36.3
A_NS	751	1533	C	0	0	1533	37.1
A_NS	752	1451	T	0	0	1451	35.1
A_NS	753	1640	T	0	0	1640	37.3
A_NS	754	1649	C	0	0	1649	37.7
A_NS	755	1502	G	0	0	1502	35.7
A_NS	756	1496	A	0	0	1496	37.8
A_NS	757	1559	G	0	0	1559	38.0
A_NS	758	1586	C	0	0	1586	34.5
A_NS	759	1338	A	0	0	1338	37.8
A_NS	760	1559	G	0	0	1559	35.5
A_NS	761	1468	A	0	0	1468	34.7
A_NS	762	1534	T	0	0	1534	35.1
A_NS	763	1689	A	0	0	1689	36.2
A_NS	764	1654	A	0	0	1654	37.7
A_NS	765	1556	C	0	0	1556	36.9
A_NS	766	1563	G	0	0	1563	36.3
A_NS	767	1606	T	0	0	1606	36.6
A_NS	768	1674	T	0	0	1674	36.8
A_NS	769	1753	C	0	0	1753	36.5
A_NS	770	1599	T	0	0	1599	34.1
A_NS	771	1869	T	0	0	1869	34.4
A_NS	772	1772	G	0	0	1772	37.6
A_NS	773	1816	C	0	0	1816	36.2
A_NS	774	1701	A	0	0	1701	36.7
A_NS	775	1771	G	0	0	1771	36.4
A_NS	776	1675	G	0	0	1675	37.3
A_NS	777	1705	C	0	0	1705	37.4
A_NS	778	1755	A	0	0	1755	35.6
A_NS	779	1985	T	0	0	1985	35.2
A_NS	780	1917	T	0	0	1917	35.2
A_NS	781	1912	G	0	0	1912	34.8
A_NS	782	1847	C	0	0	1847	35.4
A_NS	783	1981	A	0	0	1981	35.0
A_NS	784	1937	A	0	0	1937	35.2
A_NS	785	2112	C	0	0	2112	34.4
A_NS	786	1974	T	0	0	1974	37.1
A_NS	787	2055	T	0	0	2055	36.7
A_NS	788	2036	T	0	0	2036	35.0
A_NS	789	2024	T	0	0	2024	36.9
A_NS	790	1931	A	0	0	1931	35.2
A_NS	791	2203	C	0	0	2203	37.5
A_NS	792	1961	T	0	0	1961	37.2
A_NS	793	2016	T	0	0	2016	35.5
A_NS	794	2199	G	0	0	2199	37.5
A_NS	795	1763	A	0	0	1763	34.5
A_NS	796	1758	G	0	0	1758	36.9
A_NS	797	1867	G	0	0	1867	35.5
A_NS	798	1800	T	0	0	1800	34.5
A_NS	799	1702	T	0	0	1702	37.0
A_NS	800	1725	G	0	0	1725	35.2
A_NS	801	1393	A	0	0	1393	35.6
A_NS	802	1462	G	0	0	1462	36.7
A_NS	803	1649	A	0	0	1649	34.8
A_NS	804	1726	G	0	0	1726	36.8
A_NS	805	1601	T	0	0	1601	35.6
A_NS	806	1469	G	0	0	1469	36.9
A_NS	807	1464	A	0	0	1464	34.3
A_NS	808	1434	G	0	0	1434	37.5
A_NS	809	1382	A	0	0	1382	35.2
A_NS	810	1303	T	0	0	1303	36.9
A_NS	811	1240	A	0	0	1240	35.8
A_NS	812	1361	A	0	0	1361	34.8
A_NS	813	1198	G	0	0	1198	34.1
A_NS	814	1084	G	0	0	1084	35.9
A_NS	815	1106	A	0	0	1106	37.7
A_NS	816	1016	C	0	0	1016	37.8
A_NS	817	1077	A	0	0	1077	35.9
A_NS	818	1017	T	0	0	1017	36.2
A_NS	819	866	T	0	0	866	35.4
A_NS	820	796	T	0	0	796	37.8
A_NS	821	790	T	0	0	790	34.9
A_NS	822	890	C	0	0	890	36.0
A_NS	823	701	T	0	0	701	35.2
A_NS	824	652	T	0	0	652	37.5
A_NS	825	577	T	0	0	577	34.3
A_NS	826	537	T	0	0	537	35.5
A_NS	827	490	C	0	0	490	37.9
A_NS	828	433	A	0	0	433	36.4
A_NS	829	410	G	0	0	410	34.4
A_NS	830	351	C	0	0	351	34.5
A_NS	831	306	T	0	0	306	35.0
A_NS	832	296	T	0	0	296	34.4
A_NS	833	222	A	0	0	222	37.4
A_NS	834	180	T	0	0	180	37.6
A_NS	835	137	T	0	0	137	37.9
A_NS	836	95	T	0	0	95	35.0
A_NS	837	49	A	0	0	49	35.8
A_NS	838	0	G	0	0	0	37.5
