Reference_Name	Position	Coverage Depth	Consensus	Deletions	Ambiguous	Consensus_Count	Consensus_Average_Quality
A_PA	1	31	A	0	0	31	36.8
A_PA	2	65	T	0	0	65	37.4
A_PA	3	108	G	0	0	108	37.5
A_PA	4	129	G	0	0	129	37.7
A_PA	5	169	A	0	0	169	37.8
A_PA	6	199	A	0	0	199	37.8
A_PA	7	210	G	0	0	210	34.2
A_PA	8	277	A	0	0	277	36.5
A_PA	9	295	C	0	0	295	35.7
A_PA	10	332	T	0	0	332	36.7
A_PA	11	379	T	0	0	379	36.7
A_PA	12	403	T	0	0	403	36.0
A_PA	13	415	G	0	0	415	36.5
A_PA	14	486	T	0	0	486	34.4
A_PA	15	506	G	0	0	506	35.4
A_PA	16	579	C	0	0	579	36.2
A_PA	17	558	G	0	0	558	37.6
A_PA	18	605	A	0	0	605	36.3
A_PA	19	630	C	0	0	630	38.0
A_PA	20	618	A	0	0	618	35.3
A_PA	21	747	A	0	0	747	36.1
A_PA	22	700	T	0	0	700	35.1
A_PA	23	678	G	0	0	678	34.2
A_PA	24	675	C	0	0	675	35.4
A_PA	25	779	T	0	0	779	37.3
A_PA	26	767	T	0	0	767	34.0
A_PA	27	845	C	0	0	845	35.8
A_PA	28	924	A	0	0	924	37.6
A_PA	29	930	A	0	0	930	36.1
A_PA	30	942	T	0	0	942	35.9
A_PA	31	966	C	0	0	966	36.4
A_PA	32	1032	C	0	0	1032	34.2
A_PA	33	1076	A	0	0	1076	35.2
A_PA	34	1036	A	0	0	1036	37.8
A_PA	35	1232	T	0	0	1232	36.0
A_PA	36	1324	G	0	0	1324	37.8
A_PA	37	1213	A	0	0	1213	35.0
A_PA	38	1159	T	0	0	1159	37.2
A_PA	39	1174	T	0	0	1174	35.8
A_PA	40	1348	G	0	0	1348	35.0
A_PA	41	1171	T	0	0	1171	36.9
A_PA	42	1348	C	0	0	1348	37.8
A_PA	43	1359	G	0	0	1359	37.6
A_PA	44	1456	A	0	0	1456	37.5
A_PA	45	1331	G	0	0	1331	35.6
A_PA	46	1486	C	0	0	1486	37.6
A_PA	47	1417	T	0	0	1417	36.1
A_PA	48	1597	T	0	0	1597	36.3
A_PA	49	1722	G	0	0	1722	36.9
A_PA	50	1550	C	0	0	1550	36.4
A_PA	51	1731	G	0	0	1731	35.0
A_PA	52	1636	G	0	0	1636	35.7
A_PA	53	1876	A	0	0	1876	34.4
A_PA	54	1625	A	0	0	1625	34.1
A_PA	55	1787	A	0	0	1787	36.2
A_PA	56	2213	A	0	0	2213	36.1
A_PA	57	1918	A	0	0	1918	35.8
A_PA	58	1848	G	0	0	1848	36.7
A_PA	59	1724	C	0	0	1724	36.5
A_PA	60	1894	A	0	0	1894	36.7
A_PA	61	2030	A	0	0	2030	36.0
A_PA	62	1892	T	0	0	1892	37.0
A_PA	63	2092	G	0	0	2092	36.5
A_PA	64	2036	A	0	0	2036	35.9
A_PA	65	2047	A	0	0	2047	35.9
A_PA	66	1973	A	0	0	1973	34.1
A_PA	67	2001	G	0	0	2001	35.1
A_PA	68	2187	A	0	0	2187	35.3
A_PA	69	1984	A	0	0	1984	36.1
A_PA	70	2280	T	0	0	2280	37.7
A_PA	71	2157	A	0	0	2157	36.8
A_PA	72	2217	T	0	0	2217	37.1
A_PA	73	2422	G	0	0	2422	37.2
A_PA	74	2081	G	0	0	2081	38.0
A_PA	75	2405	G	0	0	2405	36.7
A_PA	76	2457	G	0	0	2457	37.2
A_PA	77	2280	A	0	0	2280	35.7
A_PA	78	2461	A	0	0	2461	34.3
A_PA	79	2660	G	0	0	2660	34.6
A_PA	80	2306	A	0	0	2306	35.4
A_PA	81	2406	T	0	0	2406	34.4
A_PA	82	2391	C	0	0	2391	35.1
A_PA	83	2491	C	0	0	2491	36.1
A_PA	84	2612	G	0	0	2612	34.8
A_PA	85	3112	A	0	0	3112	37.8
A_PA	86	2568	A	0	0	2568	35.4
A_PA	87	2823	A	0	0	2823	35.0
A_PA	88	2792	A	0	0	2792	35.0
A_PA	89	2835	T	0	0	2835	37.6
A_PA	90	3073	C	0	0	3073	36.1
A_PA	91	3034	G	0	0	3034	37.1
A_PA	92	2900	A	0	0	2900	36.1
A_PA	93	2981	G	0	0	2981	35.0
A_PA	94	2943	A	0	0	2943	36.2
A_PA	95	2994	C	0	0	2994	37.5
A_PA	96	2638	A	0	0	2638	37.6
A_PA	97	2984	A	0	0	2984	35.7
A_PA	98	2967	A	0	0	2967	36.9
A_PA	99	2652	C	0	0	2652	34.8
A_PA	100	3338	A	0	0	3338	34.6
A_PA	101	3137	A	0	0	3137	36.2
A_PA	102	3150	A	0	0	3150	37.8
A_PA	103	3442	T	0	0	3442	37.6
A_PA	104	3331	T	0	0	3331	35.7
A_PA	105	3207	T	0	0	3207	34.0
A_PA	106	3457	G	0	0	3457	35.6
A_PA	107	3786	C	0	0	3786	36.1
A_PA	108	3341	C	0	0	3341	35.1
A_PA	109	3496	G	0	0	3496	37.2
A_PA	110	3291	C	0	0	3291	34.9
A_PA	111	3482	A	0	0	3482	35.7
A_PA	112	3415	A	0	0	3415	35.4
A_PA	113	3427	T	0	0	3427	36.9
A_PA	114	4190	A	0	0	4190	35.4
A_PA	115	3452	T	0	0	3452	36.0
A_PA	116	3491	G	0	0	3491	36.6
A_PA	117	3432	C	0	0	3432	34.2
A_PA	118	3560	A	0	0	3560	37.6
A_PA	119	3919	C	0	0	3919	35.1
A_PA	120	3773	A	0	0	3773	34.8
A_PA	121	3145	C	0	0	3145	35.3
A_PA	122	3772	A	0	0	3772	36.0
A_PA	123	4126	C	0	0	4126	34.6
A_PA	124	3798	T	0	0	3798	37.3
A_PA	125	4010	T	0	0	4010	37.7
A_PA	126	4253	A	0	0	4253	36.2
A_PA	127	4054	G	0	0	4054	35.6
A_PA	128	3812	A	0	0	3812	36.9
A_PA	129	3875	A	0	0	3875	34.2
A_PA	130	3931	G	0	0	3931	38.0
A_PA	131	3798	T	0	0	3798	35.8
A_PA	132	3698	C	0	0	3698	36.5
A_PA	133	4153	T	0	0	4153	37.9
A_PA	134	3849	G	0	0	3849	34.1
A_PA	135	3734	T	0	0	3734	37.9
A_PA	136	3810	T	0	0	3810	35.4
A_PA	137	3905	T	0	0	3905	34.5
A_PA	138	4203	C	0	0	4203	34.1
A_PA	139	3961	A	0	0	3961	37.4
A_PA	140	3704	T	0	0	3704	35.5
A_PA	141	3642	G	0	0	3642	36.3
A_PA	142	4169	T	0	0	4169	34.3
A_PA	143	3739	A	0	0	3739	35.9
A_PA	144	3961	T	0	0	3961	35.1
A_PA	145	3934	T	0	0	3934	36.6
A_PA	146	3770	C	0	0	3770	34.9
A_PA	147	4404	G	0	0	4404	36.2
A_PA	148	4283	G	0	0	4283	37.3
A_PA	149	4196	A	0	0	4196	37.4
A_PA	150	3851	T	0	0	3851	37.1
A_PA	151	4473	T	0	0	4473	37.9
A_PA	152	3878	T	0	0	3878	35.6
A_PA	153	3982	C	0	0	3982	36.2
A_PA	154	4003	C	0	0	4003	34.9
A_PA	155	4426	A	0	0	4426	34.9
A_PA	156	4062	T	0	0	4062	35.7
A_PA	157	4101	T	0	0	4101	35.9
A_PA	158	4231	T	0	0	4231	36.4
A_PA	159	4056	T	0	0	4056	37.4
A_PA	160	4333	A	0	0	4333	35.1
A_PA	161	4337	T	0	0	4337	35.5
A_PA	162	4212	T	0	0	4212	34.2
A_PA	163	4429	G	0	0	4429	34.1
A_PA	164	4188	A	0	0	4188	34.7
A_PA	165	4037	T	0	0	4037	36.7
A_PA	166	4032	G	0	0	4032	36.3
A_PA	167	3962	A	0	0	3962	37.8
A_PA	168	4507	A	0	0	4507	36.9
A_PA	169	4190	C	0	0	4190	34.3
A_PA	170	4379	G	0	0	4379	36.0
A_PA	171	4242	A	0	0	4242	35.8
A_PA	172	3829	G	0	0	3829	36.8
A_PA	173	3978	G	0	0	3978	37.6
A_PA	174	4392	C	0	0	4392	35.9
A_PA	175	4492	G	0	0	4492	37.4
A_PA	176	3989	A	0	0	3989	34.8
A_PA	177	4400	A	0	0	4400	35.9
A_PA	178	4161	T	0	0	4161	37.1
A_PA	179	3860	C	0	0	3860	35.9
A_PA	180	4673	A	0	0	4673	36.4
A_PA	181	4567	A	0	0	4567	37.1
A_PA	182	4110	T	0	0	4110	37.9
A_PA	183	4320	G	0	0	4320	34.0
A_PA	184	4341	A	0	0	4341	36.3
A_PA	185	4440	T	0	0	4440	36.4
A_PA	186	4511	T	0	0	4511	37.9
A_PA	187	4644	G	0	0	4644	37.1
A_PA	188	4494	T	0	0	4494	36.8
A_PA	189	4540	A	0	0	4540	37.1
A_PA	190	4735	G	0	0	4735	35.3
A_PA	191	4221	A	0	0	4221	34.2
A_PA	192	3859	A	0	0	3859	36.3
A_PA	193	4451	T	0	0	4451	36.7
A_PA	194	4504	C	0	0	4504	35.8
A_PA	195	4855	T	0	0	4855	36.4
A_PA	196	4315	G	0	0	4315	34.0
A_PA	197	5176	G	0	0	5176	35.2
A_PA	198	4122	C	0	0	4122	37.8
A_PA	199	5104	G	0	0	5104	34.9
A_PA	200	4242	A	0	0	4242	34.1
A_PA	201	4280	T	0	0	4280	34.6
A_PA	202	4707	C	0	0	4707	37.6
A_PA	203	5359	C	0	0	5359	36.8
A_PA	204	4411	A	0	0	4411	35.0
A_PA	205	4679	A	0	0	4679	36.6
A_PA	206	4568	A	0	0	4568	34.6
A_PA	207	4344	T	0	0	4344	37.4
A_PA	208	4208	G	0	0	4208	37.3
A_PA	209	4891	C	0	0	4891	35.9
A_PA	210	4459	A	0	0	4459	34.8
A_PA	211	5015	T	0	0	5015	34.3
A_PA	212	4951	T	0	0	4951	36.0
A_PA	213	4906	A	0	0	4906	37.6
A_PA	214	4584	T	0	0	4584	37.8
A_PA	215	4695	T	0	0	4695	37.5
A_PA	216	4470	G	0	0	4470	35.1
A_PA	217	4882	A	0	0	4882	35.7
A_PA	218	4823	A	0	0	4823	37.4
A_PA	219	4788	A	0	0	4788	36.7
A_PA	220	4654	C	0	0	4654	34.4
A_PA	221	5043	A	0	0	5043	34.9
A_PA	222	5511	C	0	0	5511	34.4
A_PA	223	5084	C	0	0	5084	34.5
A_PA	224	4922	G	0	0	4922	34.9
A_PA	225	5403	A	0	0	5403	36.9
A_PA	226	4635	T	0	0	4635	36.9
A_PA	227	5589	T	0	0	5589	37.4
A_PA	228	5008	T	0	0	5008	36.1
A_PA	229	5246	G	0	0	5246	35.7
A_PA	230	4993	A	0	0	4993	36.4
A_PA	231	4627	G	0	0	4627	37.7
A_PA	232	4824	A	0	0	4824	36.2
A_PA	233	5535	T	0	0	5535	34.2
A_PA	234	4882	A	0	0	4882	34.6
A_PA	235	4871	A	0	0	4871	34.8
A_PA	236	5175	T	0	0	5175	35.4
A_PA	237	4930	C	0	0	4930	35.0
A_PA	238	5061	G	0	0	5061	34.1
A_PA	239	4807	A	0	0	4807	36.4
A_PA	240	5206	A	0	0	5206	34.5
A_PA	241	5087	G	0	0	5087	37.7
A_PA	242	4494	G	0	0	4494	34.7
A_PA	243	5396	G	0	0	5396	36.8
A_PA	244	4943	A	0	0	4943	34.9
A_PA	245	5126	G	0	0	5126	36.8
A_PA	246	5382	A	0	0	5382	37.1
A_PA	247	4886	G	0	0	4886	34.3
A_PA	248	5797	A	0	0	5797	36.7
A_PA	249	5207	C	0	0	5207	34.2
A_PA	250	5294	C	0	0	5294	35.2
A_PA	251	5477	G	0	0	5477	34.8
A_PA	252	5234	A	0	0	5234	36.9
A_PA	253	4674	G	0	0	4674	35.9
A_PA	254	4736	C	0	0	4736	34.4
A_PA	255	5504	A	0	0	5504	37.5
A_PA	256	4691	A	0	0	4691	34.0
A_PA	257	5249	T	0	0	5249	36.5
A_PA	258	5378	G	0	0	5378	35.1
A_PA	259	5424	G	0	0	5424	36.8
A_PA	260	5191	C	0	0	5191	36.0
A_PA	261	5209	C	0	0	5209	35.8
A_PA	262	5018	T	0	0	5018	34.5
A_PA	263	5118	G	0	0	5118	37.3
A_PA	264	5310	G	0	0	5310	34.9
A_PA	265	4938	A	0	0	4938	37.6
A_PA	266	4994	C	0	0	4994	34.7
A_PA	267	4940	A	0	0	4940	34.4
A_PA	268	5349	G	0	0	5349	34.1
A_PA	269	5592	T	0	0	5592	35.4
A_PA	270	4889	G	0	0	4889	36.8
A_PA	271	5017	G	0	0	5017	37.2
A_PA	272	5871	T	0	0	5871	34.4
A_PA	273	4747	G	0	0	4747	36.5
A_PA	274	4695	A	0	0	4695	37.2
A_PA	275	6296	A	0	0	6296	35.3
A_PA	276	5322	T	0	0	5322	35.1
A_PA	277	4570	A	0	0	4570	34.6
A_PA	278	5229	G	0	0	5229	37.9
A_PA	279	5670	T	0	0	5670	36.6
A_PA	280	5401	A	0	0	5401	36.5
A_PA	281	4843	T	0	0	4843	37.9
A_PA	282	5755	C	0	0	5755	34.6
A_PA	283	5591	T	0	0	5591	36.7
A_PA	284	5156	G	0	0	5156	37.3
A_PA	285	5057	C	0	0	5057	35.5
A_PA	286	5533	A	0	0	5533	34.9
A_PA	287	5235	A	0	0	5235	36.5
A_PA	288	5684	C	0	0	5684	37.7
A_PA	289	5326	A	0	0	5326	35.6
A_PA	290	4749	C	0	0	4749	37.9
A_PA	291	5820	C	0	0	5820	35.6
A_PA	292	5248	A	0	0	5248	35.0
A_PA	293	5456	C	0	0	5456	36.2
A_PA	294	5486	A	0	0	5486	34.5
A_PA	295	4996	G	0	0	4996	34.0
A_PA	296	5200	G	0	0	5200	35.3
A_PA	297	5771	G	0	0	5771	37.9
A_PA	298	5545	G	0	0	5545	36.5
A_PA	299	5552	T	0	0	5552	37.1
A_PA	300	5577	C	0	0	5577	35.8
A_PA	301	5783	G	0	0	5783	36.7
A_PA	302	5020	A	0	0	5020	34.2
A_PA	303	5682	A	0	0	5682	34.3
A_PA	304	5459	A	0	0	5459	34.8
A_PA	305	6000	A	0	0	6000	34.3
A_PA	306	5071	G	0	0	5071	34.1
A_PA	307	5260	C	0	0	5260	37.5
A_PA	308	5552	C	0	0	5552	37.6
A_PA	309	5220	C	0	0	5220	37.4
A_PA	310	5462	A	0	0	5462	34.0
A_PA	311	5007	A	0	0	5007	36.7
A_PA	312	5130	A	0	0	5130	36.9
A_PA	313	5357	T	0	0	5357	35.8
A_PA	314	5179	T	0	0	5179	36.4
A_PA	315	5990	C	0	0	5990	34.5
A_PA	316	5361	C	0	0	5361	35.1
A_PA	317	5228	T	0	0	5228	34.3
A_PA	318	4949	C	0	0	4949	37.8
A_PA	319	4919	C	0	0	4919	36.3
A_PA	320	4899	C	0	0	4899	34.7
A_PA	321	5281	T	0	0	5281	35.0
A_PA	322	4988	G	0	0	4988	37.6
A_PA	323	5289	A	0	0	5289	35.6
A_PA	324	4978	T	0	0	4978	34.9
A_PA	325	4910	T	0	0	4910	34.5
A_PA	326	4442	T	0	0	4442	36.5
A_PA	327	5238	G	0	0	5238	36.3
A_PA	328	5152	T	0	0	5152	37.2
A_PA	329	4908	A	0	0	4908	36.6
A_PA	330	4864	T	0	0	4864	34.5
A_PA	331	5536	G	0	0	5536	36.5
A_PA	332	5151	A	0	0	5151	34.7
A_PA	333	4948	C	0	0	4948	34.2
A_PA	334	5650	T	0	0	5650	35.9
A_PA	335	4983	A	0	0	4983	37.1
A_PA	336	4799	C	0	0	4799	34.5
A_PA	337	5749	A	0	0	5749	37.9
A_PA	338	5734	A	0	0	5734	37.8
A_PA	339	4595	A	0	0	4595	34.4
A_PA	340	5267	G	0	0	5267	34.8
A_PA	341	4830	A	0	0	4830	36.8
A_PA	342	4669	G	0	0	4669	36.0
A_PA	343	4732	A	0	0	4732	34.8
A_PA	344	4754	A	0	0	4754	36.5
A_PA	345	4648	C	0	0	4648	34.7
A_PA	346	4799	C	0	0	4799	35.5
A_PA	347	4398	G	0	0	4398	38.0
A_PA	348	5369	A	0	0	5369	36.3
A_PA	349	4781	T	0	0	4781	34.6
A_PA	350	4897	T	0	0	4897	34.0
A_PA	351	4570	C	0	0	4570	35.7
A_PA	352	5142	A	0	0	5142	37.5
A_PA	353	4695	T	0	0	4695	35.3
A_PA	354	4675	T	0	0	4675	37.8
A_PA	355	4805	G	0	0	4805	35.4
A_PA	356	4898	A	0	0	4898	36.2
A_PA	357	4742	A	0	0	4742	35.7
A_PA	358	4543	A	0	0	4543	37.4
A_PA	359	4641	T	0	0	4641	37.8
A_PA	360	4335	T	0	0	4335	37.3
A_PA	361	4387	G	0	0	4387	34.2
A_PA	362	4414	G	0	0	4414	37.2
A_PA	363	4015	A	0	0	4015	35.7
A_PA	364	3723	G	0	0	3723	35.0
A_PA	365	4334	T	0	0	4334	35.2
A_PA	366	3986	A	0	0	3986	35.8
A_PA	367	4736	A	0	0	4736	34.4
A_PA	368	4574	C	0	0	4574	35.2
A_PA	369	4597	G	0	0	4597	34.9
A_PA	370	4550	C	0	0	4550	37.2
A_PA	371	4220	G	0	0	4220	34.9
A_PA	372	4409	A	0	0	4409	35.2
A_PA	373	4033	A	0	0	4033	34.3
A_PA	374	4381	G	0	0	4381	37.1
A_PA	375	4404	G	0	0	4404	35.4
A_PA	376	4500	G	0	0	4500	35.2
A_PA	377	4718	A	0	0	4718	36.6
A_PA	378	4412	A	0	0	4412	34.7
A_PA	379	4025	G	0	0	4025	36.4
A_PA	380	4227	T	0	0	4227	35.9
A_PA	381	3996	T	0	0	3996	36.0
A_PA	382	3838	C	0	0	3838	37.0
A_PA	383	4292	A	0	0	4292	36.6
A_PA	384	4240	C	0	0	4240	36.9
A_PA	385	4413	A	0	0	4413	34.1
A_PA	386	4151	T	0	0	4151	36.8
A_PA	387	3972	A	0	0	3972	36.0
A_PA	388	4151	T	0	0	4151	36.4
A_PA	389	4341	A	0	0	4341	37.1
A_PA	390	3966	C	0	0	3966	36.9
A_PA	391	3985	T	0	0	3985	37.6
A_PA	392	3959	A	0	0	3959	34.1
A_PA	393	3847	T	0	0	3847	37.1
A_PA	394	4108	T	0	0	4108	37.5
A_PA	395	4342	T	0	0	4342	34.8
A_PA	396	3557	A	0	0	3557	36.8
A_PA	397	4627	G	0	0	4627	34.7
A_PA	398	4223	A	0	0	4223	35.7
A_PA	399	4012	A	0	0	4012	36.3
A_PA	400	4141	A	0	0	4141	36.6
A_PA	401	3769	A	0	0	3769	35.8
A_PA	402	3580	A	0	0	3580	35.1
A_PA	403	4315	G	0	0	4315	36.9
A_PA	404	3984	C	0	0	3984	36.6
A_PA	405	4054	C	0	0	4054	36.5
A_PA	406	3679	A	0	0	3679	34.3
A_PA	407	4004	A	0	0	4004	36.8
A_PA	408	3794	C	0	0	3794	35.6
A_PA	409	3799	A	0	0	3799	35.2
A_PA	410	3388	A	0	0	3388	37.1
A_PA	411	3519	G	0	0	3519	35.7
A_PA	412	3726	A	0	0	3726	36.6
A_PA	413	4142	T	0	0	4142	36.0
A_PA	414	3656	A	0	0	3656	36.4
A_PA	415	3784	A	0	0	3784	34.1
A_PA	416	3330	A	0	0	3330	35.9
A_PA	417	3975	A	0	0	3975	34.4
A_PA	418	3668	T	0	0	3668	36.1
A_PA	419	3406	C	0	0	3406	35.5
A_PA	420	3507	A	0	0	3507	34.9
A_PA	421	3478	G	0	0	3478	34.9
A_PA	422	3602	A	0	0	3602	37.2
A_PA	423	3687	G	0	0	3687	37.3
A_PA	424	3390	A	0	0	3390	37.3
A_PA	425	3482	A	0	0	3482	36.2
A_PA	426	3553	A	0	0	3553	36.8
A_PA	427	3587	A	0	0	3587	37.0
A_PA	428	3325	C	0	0	3325	36.5
A_PA	429	3474	A	0	0	3474	35.0
A_PA	430	3611	C	0	0	3611	34.6
A_PA	431	3480	A	0	0	3480	36.2
A_PA	432	3427	T	0	0	3427	36.1
A_PA	433	3545	A	0	0	3545	34.4
A_PA	434	3623	T	0	0	3623	37.2
A_PA	435	3793	T	0	0	3793	35.9
A_PA	436	3094	C	0	0	3094	37.7
A_PA	437	3299	A	0	0	3299	34.3
A_PA	438	3349	C	0	0	3349	34.4
A_PA	439	3270	A	0	0	3270	37.4
A_PA	440	3358	T	0	0	3358	37.9
A_PA	441	3003	A	0	0	3003	36.4
A_PA	442	3133	T	0	0	3133	34.9
A_PA	443	3057	T	0	0	3057	36.0
A_PA	444	3228	C	0	0	3228	37.0
A_PA	445	3277	T	0	0	3277	35.3
A_PA	446	3433	C	0	0	3433	37.4
A_PA	447	3531	A	0	0	3531	37.4
A_PA	448	3491	T	0	0	3491	36.5
A_PA	449	3138	T	0	0	3138	37.1
A_PA	450	3039	C	0	0	3039	35.0
A_PA	451	3190	A	0	0	3190	37.6
A_PA	452	3111	C	0	0	3111	35.5
A_PA	453	3081	T	0	0	3081	34.1
A_PA	454	3219	G	0	0	3219	34.7
A_PA	455	3181	G	0	0	3181	37.2
A_PA	456	3014	A	0	0	3014	34.9
A_PA	457	3125	G	0	0	3125	34.3
A_PA	458	3342	A	0	0	3342	36.6
A_PA	459	2828	G	0	0	2828	37.1
A_PA	460	2999	G	0	0	2999	34.2
A_PA	461	3098	A	0	0	3098	36.3
A_PA	462	3164	A	0	0	3164	36.8
A_PA	463	3083	A	0	0	3083	35.6
A_PA	464	3215	T	0	0	3215	37.3
A_PA	465	3213	G	0	0	3213	34.6
A_PA	466	3058	G	0	0	3058	37.3
A_PA	467	3141	C	0	0	3141	34.8
A_PA	468	2874	C	0	0	2874	37.1
A_PA	469	3181	A	0	0	3181	36.9
A_PA	470	3169	C	0	0	3169	36.9
A_PA	471	3135	C	0	0	3135	34.7
A_PA	472	3002	A	0	0	3002	34.4
A_PA	473	3286	A	0	0	3286	35.2
A_PA	474	3255	G	0	0	3255	34.5
A_PA	475	2964	G	0	0	2964	37.5
A_PA	476	2792	C	0	0	2792	35.4
A_PA	477	3087	G	0	0	3087	36.1
A_PA	478	3467	G	0	0	3467	35.8
A_PA	479	3248	A	0	0	3248	34.9
A_PA	480	3271	C	0	0	3271	37.6
A_PA	481	3280	T	0	0	3280	37.1
A_PA	482	2978	A	0	0	2978	35.2
A_PA	483	3006	C	0	0	3006	37.7
A_PA	484	3033	A	0	0	3033	36.8
A_PA	485	3394	C	0	0	3394	36.4
A_PA	486	3283	C	0	0	3283	36.6
A_PA	487	2808	C	0	0	2808	34.6
A_PA	488	3158	T	0	0	3158	35.8
A_PA	489	3161	T	0	0	3161	34.5
A_PA	490	3091	G	0	0	3091	35.7
A_PA	491	3129	A	0	0	3129	35.8
A_PA	492	2991	T	0	0	2991	37.3
A_PA	493	3111	G	0	0	3111	36.5
A_PA	494	3014	A	0	0	3014	37.1
A_PA	495	3273	A	0	0	3273	36.4
A_PA	496	3025	G	0	0	3025	35.8
A_PA	497	2729	A	0	0	2729	37.8
A_PA	498	3033	G	0	0	3033	37.5
A_PA	499	2988	A	0	0	2988	34.2
A_PA	500	3238	G	0	0	3238	35.5
A_PA	501	3071	C	0	0	3071	34.8
A_PA	502	3306	A	0	0	3306	34.4
A_PA	503	3210	G	0	0	3210	37.2
A_PA	504	3407	A	0	0	3407	34.6
A_PA	505	2913	G	0	0	2913	37.3
A_PA	506	2927	C	0	0	2927	35.3
A_PA	507	3277	A	0	0	3277	35.2
A_PA	508	3412	A	0	0	3412	34.4
A_PA	509	3393	G	0	0	3393	37.2
A_PA	510	3341	A	0	0	3341	35.2
A_PA	511	3120	A	0	0	3120	34.8
A_PA	512	3297	T	0	0	3297	36.5
A_PA	513	2918	A	0	0	2918	36.0
A_PA	514	2898	A	0	0	2898	34.5
A_PA	515	3364	A	0	0	3364	36.8
A_PA	516	3329	A	0	0	3329	35.5
A_PA	517	3146	A	0	0	3146	36.3
A_PA	518	3055	C	0	0	3055	34.9
A_PA	519	3464	C	0	0	3464	37.5
A_PA	520	3097	A	0	0	3097	36.7
A_PA	521	3480	G	0	0	3480	34.3
A_PA	522	3734	A	0	0	3734	34.3
A_PA	523	3018	C	0	0	3018	34.9
A_PA	524	3348	T	0	0	3348	34.6
A_PA	525	3393	G	0	0	3393	37.8
A_PA	526	3226	T	0	0	3226	34.3
A_PA	527	3242	T	0	0	3242	34.5
A_PA	528	3365	C	0	0	3365	35.3
A_PA	529	3414	A	0	0	3414	35.2
A_PA	530	3408	C	0	0	3408	35.1
A_PA	531	3343	T	0	0	3343	35.7
A_PA	532	3504	A	0	0	3504	37.7
A_PA	533	3141	T	0	0	3141	35.1
A_PA	534	3153	A	0	0	3153	36.6
A_PA	535	3305	A	0	0	3305	35.3
A_PA	536	3145	G	0	0	3145	34.6
A_PA	537	3111	A	0	0	3111	34.5
A_PA	538	3558	C	0	0	3558	36.8
A_PA	539	3541	A	0	0	3541	37.1
A_PA	540	3224	A	0	0	3224	34.6
A_PA	541	3460	G	0	0	3460	34.3
A_PA	542	3224	A	0	0	3224	36.0
A_PA	543	3556	A	0	0	3556	36.0
A_PA	544	3165	A	0	0	3165	34.6
A_PA	545	3600	T	0	0	3600	37.0
A_PA	546	3223	G	0	0	3223	36.0
A_PA	547	3431	G	0	0	3431	36.0
A_PA	548	3537	C	0	0	3537	36.1
A_PA	549	3328	C	0	0	3328	34.7
A_PA	550	3319	A	0	0	3319	36.2
A_PA	551	3264	G	0	0	3264	34.1
A_PA	552	3008	T	0	0	3008	34.7
A_PA	553	3733	A	0	0	3733	36.5
A_PA	554	3489	G	0	0	3489	35.9
A_PA	555	3673	A	0	0	3673	36.0
A_PA	556	3382	G	0	0	3382	35.2
A_PA	557	3579	G	0	0	3579	35.0
A_PA	558	3800	T	0	0	3800	34.5
A_PA	559	3908	C	0	0	3908	36.2
A_PA	560	3430	T	0	0	3430	37.7
A_PA	561	3583	A	0	0	3583	37.3
A_PA	562	3703	T	0	0	3703	37.2
A_PA	563	3442	G	0	0	3442	36.1
A_PA	564	3364	G	0	0	3364	37.9
A_PA	565	3374	G	0	0	3374	35.1
A_PA	566	3703	A	0	0	3703	34.6
A_PA	567	3350	T	0	0	3350	34.6
A_PA	568	3266	T	0	0	3266	37.1
A_PA	569	3337	C	0	0	3337	37.5
A_PA	570	3368	C	0	0	3368	37.4
A_PA	571	3589	T	0	0	3589	37.0
A_PA	572	3426	T	0	0	3426	34.5
A_PA	573	4137	T	0	0	4137	37.8
A_PA	574	4083	C	0	0	4083	36.6
A_PA	575	3680	G	0	0	3680	34.3
A_PA	576	3715	T	0	0	3715	34.8
A_PA	577	3510	C	0	0	3510	35.3
A_PA	578	3781	A	0	0	3781	36.0
A_PA	579	3151	A	0	0	3151	35.7
A_PA	580	3791	T	0	0	3791	37.2
A_PA	581	3461	C	0	0	3461	34.4
A_PA	582	3889	C	0	0	3889	34.2
A_PA	583	4167	G	0	0	4167	35.8
A_PA	584	3479	A	0	0	3479	34.7
A_PA	585	3804	G	0	0	3804	36.2
A_PA	586	3555	A	0	0	3555	35.4
A_PA	587	4174	G	0	0	4174	35.3
A_PA	588	3757	A	0	0	3757	34.7
A_PA	589	3585	G	0	0	3585	36.1
A_PA	590	4026	G	0	0	4026	37.1
A_PA	591	3769	C	0	0	3769	35.3
A_PA	592	3781	G	0	0	3781	37.2
A_PA	593	3843	A	0	0	3843	34.1
A_PA	594	3363	A	0	0	3363	34.4
A_PA	595	3931	G	0	0	3931	36.6
A_PA	596	3532	A	0	0	3532	37.1
A_PA	597	4028	G	0	0	4028	37.5
A_PA	598	3541	A	0	0	3541	37.4
A_PA	599	3609	C	0	0	3609	35.9
A_PA	600	3914	A	0	0	3914	38.0
A_PA	601	3549	A	0	0	3549	37.6
A_PA	602	3739	T	0	0	3739	35.7
A_PA	603	3726	T	0	0	3726	37.3
A_PA	604	3699	G	0	0	3699	35.4
A_PA	605	3783	A	0	0	3783	37.8
A_PA	606	3759	A	0	0	3759	35.7
A_PA	607	3351	G	0	0	3351	34.3
A_PA	608	4218	A	0	0	4218	35.2
A_PA	609	3354	A	0	0	3354	35.3
A_PA	610	3728	A	0	0	3728	36.8
A_PA	611	3644	G	0	0	3644	38.0
A_PA	612	3846	A	0	0	3846	34.8
A_PA	613	3617	T	0	0	3617	34.2
A_PA	614	3837	T	0	0	3837	35.1
A_PA	615	3864	T	0	0	3864	34.8
A_PA	616	3718	G	0	0	3718	36.7
A_PA	617	3870	A	0	0	3870	36.2
A_PA	618	3719	A	0	0	3719	37.3
A_PA	619	3547	A	0	0	3547	35.3
A_PA	620	3885	T	0	0	3885	37.0
A_PA	621	3626	C	0	0	3626	36.7
A_PA	622	3931	A	0	0	3931	37.2
A_PA	623	3852	C	0	0	3852	36.7
A_PA	624	3539	A	0	0	3539	36.9
A_PA	625	3704	G	0	0	3704	37.4
A_PA	626	3202	G	0	0	3202	34.3
A_PA	627	3933	A	0	0	3933	34.2
A_PA	628	3391	A	0	0	3391	38.0
A_PA	629	3453	C	0	0	3453	36.5
A_PA	630	3421	C	0	0	3421	34.5
A_PA	631	3392	A	0	0	3392	37.7
A_PA	632	3717	T	0	0	3717	34.1
A_PA	633	3318	G	0	0	3318	36.1
A_PA	634	3920	C	0	0	3920	35.2
A_PA	635	3624	G	0	0	3624	36.3
A_PA	636	3633	C	0	0	3633	37.1
A_PA	637	3913	A	0	0	3913	37.4
A_PA	638	3700	G	0	0	3700	37.6
A_PA	639	3732	G	0	0	3732	34.9
A_PA	640	3851	C	0	0	3851	37.6
A_PA	641	3508	T	0	0	3508	35.6
A_PA	642	3348	T	0	0	3348	35.1
A_PA	643	3626	G	0	0	3626	36.4
A_PA	644	3801	C	0	0	3801	35.8
A_PA	645	3166	C	0	0	3166	37.4
A_PA	646	3469	G	0	0	3469	34.8
A_PA	647	3553	A	0	0	3553	36.4
A_PA	648	3670	C	0	0	3670	35.9
A_PA	649	3433	C	0	0	3433	37.9
A_PA	650	3572	A	0	0	3572	37.1
A_PA	651	3636	A	0	0	3636	37.6
A_PA	652	3339	A	0	0	3339	37.1
A_PA	653	3987	G	0	0	3987	36.2
A_PA	654	3422	T	0	0	3422	37.4
A_PA	655	3848	C	0	0	3848	34.6
A_PA	656	3724	T	0	0	3724	36.2
A_PA	657	3974	T	0	0	3974	36.4
A_PA	658	3795	C	0	0	3795	36.3
A_PA	659	3428	C	0	0	3428	36.9
A_PA	660	3481	A	0	0	3481	34.3
A_PA	661	3825	C	0	0	3825	36.5
A_PA	662	3725	C	0	0	3725	37.9
A_PA	663	3344	G	0	0	3344	35.2
A_PA	664	3516	A	0	0	3516	36.0
A_PA	665	3607	A	0	0	3607	34.1
A_PA	666	3561	C	0	0	3561	34.9
A_PA	667	3406	T	0	0	3406	35.4
A_PA	668	3451	T	0	0	3451	34.3
A_PA	669	3276	C	0	0	3276	35.7
A_PA	670	3366	T	0	0	3366	37.7
A_PA	671	3280	C	0	0	3280	35.1
A_PA	672	3622	C	0	0	3622	34.9
A_PA	673	3223	A	0	0	3223	37.0
A_PA	674	3071	G	0	0	3071	36.6
A_PA	675	3444	C	0	0	3444	34.0
A_PA	676	3647	C	0	0	3647	34.9
A_PA	677	3090	T	0	0	3090	34.1
A_PA	678	3338	T	0	0	3338	35.6
A_PA	679	3511	G	0	0	3511	34.4
A_PA	680	3395	A	0	0	3395	37.7
A_PA	681	3381	A	0	0	3381	37.9
A_PA	682	3556	A	0	0	3556	36.0
A_PA	683	3231	A	0	0	3231	36.0
A_PA	684	3532	C	0	0	3532	37.1
A_PA	685	3304	T	0	0	3304	35.4
A_PA	686	3157	T	0	0	3157	34.4
A_PA	687	3458	T	0	0	3458	34.5
A_PA	688	3334	A	0	0	3334	34.0
A_PA	689	3323	G	0	0	3323	37.3
A_PA	690	3665	A	0	0	3665	34.8
A_PA	691	3652	G	0	0	3652	35.5
A_PA	692	3229	C	0	0	3229	37.0
A_PA	693	2902	C	0	0	2902	38.0
A_PA	694	3549	T	0	0	3549	37.1
A_PA	695	3468	A	0	0	3468	36.8
A_PA	696	3155	T	0	0	3155	36.8
A_PA	697	3777	G	0	0	3777	37.9
A_PA	698	3199	T	0	0	3199	35.6
A_PA	699	3487	G	0	0	3487	35.6
A_PA	700	3118	G	0	0	3118	37.9
A_PA	701	3920	A	0	0	3920	36.0
A_PA	702	3019	T	0	0	3019	34.5
A_PA	703	3261	G	0	0	3261	36.5
A_PA	704	3078	G	0	0	3078	36.2
A_PA	705	3344	A	0	0	3344	37.7
A_PA	706	3151	T	0	0	3151	36.0
A_PA	707	3234	T	0	0	3234	34.4
A_PA	708	3496	C	0	0	3496	36.9
A_PA	709	3057	G	0	0	3057	37.9
A_PA	710	3298	A	0	0	3298	36.7
A_PA	711	3318	A	0	0	3318	37.0
A_PA	712	3174	C	0	0	3174	37.1
A_PA	713	2913	C	0	0	2913	36.3
A_PA	714	3184	G	0	0	3184	35.2
A_PA	715	2937	A	0	0	2937	37.6
A_PA	716	3001	A	0	0	3001	36.8
A_PA	717	3165	C	0	0	3165	34.3
A_PA	718	3273	G	0	0	3273	36.6
A_PA	719	3256	G	0	0	3256	35.8
A_PA	720	3547	C	0	0	3547	34.3
A_PA	721	3337	T	0	0	3337	35.7
A_PA	722	3481	G	0	0	3481	35.2
A_PA	723	3252	C	0	0	3252	35.9
A_PA	724	3401	A	0	0	3401	37.8
A_PA	725	3481	T	0	0	3481	35.4
A_PA	726	3164	T	0	0	3164	34.1
A_PA	727	3186	G	0	0	3186	35.7
A_PA	728	3271	A	0	0	3271	35.8
A_PA	729	3378	G	0	0	3378	37.3
A_PA	730	3313	G	0	0	3313	34.6
A_PA	731	3317	G	0	0	3317	35.8
A_PA	732	3209	C	0	0	3209	37.4
A_PA	733	3277	A	0	0	3277	35.8
A_PA	734	3194	A	0	0	3194	37.2
A_PA	735	3378	A	0	0	3378	36.2
A_PA	736	3247	C	0	0	3247	35.5
A_PA	737	3138	T	0	0	3138	34.4
A_PA	738	3063	T	0	0	3063	36.0
A_PA	739	3048	T	0	0	3048	34.8
A_PA	740	3532	C	0	0	3532	34.1
A_PA	741	2671	T	0	0	2671	34.5
A_PA	742	3420	C	0	0	3420	37.6
A_PA	743	3229	A	0	0	3229	35.3
A_PA	744	3080	A	0	0	3080	34.6
A_PA	745	3232	A	0	0	3232	34.1
A_PA	746	3174	T	0	0	3174	37.8
A_PA	747	3157	G	0	0	3157	37.1
A_PA	748	3243	T	0	0	3243	34.5
A_PA	749	3240	C	0	0	3240	37.4
A_PA	750	3097	A	0	0	3097	34.9
A_PA	751	3219	A	0	0	3219	37.1
A_PA	752	3108	A	0	0	3108	36.9
A_PA	753	3483	A	0	0	3483	37.4
A_PA	754	3157	G	0	0	3157	36.7
A_PA	755	3031	A	0	0	3031	37.9
A_PA	756	3404	A	0	0	3404	37.4
A_PA	757	3241	G	0	0	3241	34.8
A_PA	758	3330	T	0	0	3330	34.6
A_PA	759	3038	G	0	0	3038	37.7
A_PA	760	3150	A	0	0	3150	34.7
A_PA	761	3459	A	0	0	3459	37.6
A_PA	762	3251	C	0	0	3251	34.6
A_PA	763	3629	G	0	0	3629	36.9
A_PA	764	3000	C	0	0	3000	37.4
A_PA	765	3345	C	0	0	3345	35.4
A_PA	766	3499	A	0	0	3499	34.7
A_PA	767	3280	G	0	0	3280	37.2
A_PA	768	3068	A	0	0	3068	36.6
A_PA	769	3258	A	0	0	3258	37.7
A_PA	770	3354	T	0	0	3354	37.9
A_PA	771	3657	T	0	0	3657	34.0
A_PA	772	3453	G	0	0	3453	34.7
A_PA	773	2886	A	0	0	2886	35.3
A_PA	774	3473	G	0	0	3473	37.7
A_PA	775	3297	C	0	0	3297	34.9
A_PA	776	3303	C	0	0	3303	34.4
A_PA	777	3556	A	0	0	3556	37.4
A_PA	778	3173	T	0	0	3173	34.4
A_PA	779	3341	T	0	0	3341	37.7
A_PA	780	3205	T	0	0	3205	36.6
A_PA	781	3730	C	0	0	3730	35.7
A_PA	782	3502	T	0	0	3502	34.5
A_PA	783	3826	G	0	0	3826	34.4
A_PA	784	3351	A	0	0	3351	34.6
A_PA	785	3781	A	0	0	3781	36.7
A_PA	786	3335	G	0	0	3335	35.3
A_PA	787	3783	A	0	0	3783	34.5
A_PA	788	3296	C	0	0	3296	34.7
A_PA	789	3609	A	0	0	3609	35.8
A_PA	790	3487	A	0	0	3487	36.3
A_PA	791	3539	C	0	0	3539	34.6
A_PA	792	3722	A	0	0	3722	37.6
A_PA	793	3592	C	0	0	3592	37.8
A_PA	794	3683	C	0	0	3683	34.3
A_PA	795	3387	A	0	0	3387	34.4
A_PA	796	3928	C	0	0	3928	35.7
A_PA	797	3626	G	0	0	3626	36.5
A_PA	798	3739	C	0	0	3739	35.5
A_PA	799	3735	C	0	0	3735	34.8
A_PA	800	3718	C	0	0	3718	37.8
A_PA	801	4087	T	0	0	4087	36.1
A_PA	802	3786	C	0	0	3786	35.2
A_PA	803	3887	T	0	0	3887	36.9
A_PA	804	4363	C	0	0	4363	37.8
A_PA	805	3996	A	0	0	3996	35.2
A_PA	806	3897	G	0	0	3897	34.7
A_PA	807	3774	A	0	0	3774	36.0
A_PA	808	3884	T	0	0	3884	35.8
A_PA	809	4113	T	0	0	4113	37.2
A_PA	810	4091	A	0	0	4091	34.3
A_PA	811	3772	C	0	0	3772	34.6
A_PA	812	3801	C	0	0	3801	34.4
A_PA	813	4128	T	0	0	4128	36.6
A_PA	814	3815	G	0	0	3815	34.8
A_PA	815	3903	A	0	0	3903	35.6
A_PA	816	3963	T	0	0	3963	34.2
A_PA	817	4684	G	0	0	4684	37.4
A_PA	818	4105	G	0	0	4105	36.7
A_PA	819	4358	G	0	0	4358	35.8
A_PA	820	4438	C	0	0	4438	38.0
A_PA	821	4086	C	0	0	4086	35.3
A_PA	822	4411	T	0	0	4411	34.5
A_PA	823	3931	C	0	0	3931	34.8
A_PA	824	3681	C	0	0	3681	36.6
A_PA	825	4019	C	0	0	4019	34.0
A_PA	826	4331	T	0	0	4331	35.0
A_PA	827	4378	G	0	0	4378	37.1
A_PA	828	4467	T	0	0	4467	35.6
A_PA	829	4023	T	0	0	4023	36.4
A_PA	830	4249	C	0	0	4249	37.4
A_PA	831	4381	T	0	0	4381	36.5
A_PA	832	4412	C	0	0	4412	34.1
A_PA	833	4536	A	0	0	4536	35.1
A_PA	834	4570	G	0	0	4570	37.0
A_PA	835	4260	C	0	0	4260	37.9
A_PA	836	4364	G	0	0	4364	34.8
A_PA	837	4364	G	0	0	4364	37.8
A_PA	838	4161	T	0	0	4161	36.8
A_PA	839	4235	C	0	0	4235	37.8
A_PA	840	4594	G	0	0	4594	34.9
A_PA	841	5079	A	0	0	5079	36.2
A_PA	842	4759	A	0	0	4759	36.6
A_PA	843	5025	G	0	0	5025	36.9
A_PA	844	5015	T	0	0	5015	35.9
A_PA	845	4501	T	0	0	4501	37.6
A_PA	846	4408	C	0	0	4408	36.9
A_PA	847	4784	T	0	0	4784	37.3
A_PA	848	4460	T	0	0	4460	37.2
A_PA	849	4616	G	0	0	4616	37.1
A_PA	850	4795	C	0	0	4795	34.8
A_PA	851	4276	T	0	0	4276	34.4
A_PA	852	4868	G	0	0	4868	36.7
A_PA	853	4767	A	0	0	4767	37.6
A_PA	854	4828	T	0	0	4828	35.8
A_PA	855	4792	G	0	0	4792	37.7
A_PA	856	5324	G	0	0	5324	35.7
A_PA	857	4591	A	0	0	4591	36.5
A_PA	858	4573	T	0	0	4573	37.8
A_PA	859	4338	G	0	0	4338	36.2
A_PA	860	5501	C	0	0	5501	34.3
A_PA	861	4900	C	0	0	4900	34.9
A_PA	862	5189	C	0	0	5189	37.4
A_PA	863	4770	T	0	0	4770	37.8
A_PA	864	5014	T	0	0	5014	34.3
A_PA	865	4489	A	0	0	4489	37.8
A_PA	866	4850	A	0	0	4850	34.5
A_PA	867	4729	G	0	0	4729	34.5
A_PA	868	5022	T	0	0	5022	37.5
A_PA	869	5159	T	0	0	5159	37.3
A_PA	870	5159	G	0	0	5159	34.1
A_PA	871	4758	A	0	0	4758	37.8
A_PA	872	5119	G	0	0	5119	37.1
A_PA	873	5133	C	0	0	5133	34.2
A_PA	874	4920	A	0	0	4920	34.5
A_PA	875	5018	T	0	0	5018	37.6
A_PA	876	5183	C	0	0	5183	35.3
A_PA	877	5210	G	0	0	5210	36.9
A_PA	878	4652	A	0	0	4652	36.7
A_PA	879	5141	A	0	0	5141	37.2
A_PA	880	5111	G	0	0	5111	34.8
A_PA	881	5656	A	0	0	5656	37.8
A_PA	882	4998	C	0	0	4998	36.4
A_PA	883	4638	C	0	0	4638	35.0
A_PA	884	5344	C	0	0	5344	34.7
A_PA	885	5059	T	0	0	5059	34.5
A_PA	886	5326	A	0	0	5326	35.2
A_PA	887	5749	G	0	0	5749	36.3
A_PA	888	5222	C	0	0	5222	35.7
A_PA	889	4807	C	0	0	4807	36.0
A_PA	890	5057	A	0	0	5057	36.7
A_PA	891	5022	T	0	0	5022	34.4
A_PA	892	5413	G	0	0	5413	37.8
A_PA	893	5489	A	0	0	5489	36.4
A_PA	894	4784	G	0	0	4784	35.6
A_PA	895	5451	G	0	0	5451	37.1
A_PA	896	5520	G	0	0	5520	35.0
A_PA	897	5360	G	0	0	5360	34.0
A_PA	898	5454	G	0	0	5454	35.6
A_PA	899	5333	A	0	0	5333	34.2
A_PA	900	5276	G	0	0	5276	35.2
A_PA	901	5230	G	0	0	5230	35.0
A_PA	902	5431	G	0	0	5431	36.0
A_PA	903	6139	C	0	0	6139	36.1
A_PA	904	5362	A	0	0	5362	35.2
A_PA	905	6414	T	0	0	6414	34.8
A_PA	906	5437	A	0	0	5437	36.9
A_PA	907	5437	C	0	0	5437	35.5
A_PA	908	5104	C	0	0	5104	34.9
A_PA	909	4875	G	0	0	4875	37.8
A_PA	910	5384	C	0	0	5384	34.9
A_PA	911	5585	T	0	0	5585	35.3
A_PA	912	5416	G	0	0	5416	36.7
A_PA	913	5258	T	0	0	5258	35.3
A_PA	914	5324	A	0	0	5324	37.2
A_PA	915	5709	T	0	0	5709	35.6
A_PA	916	5067	G	0	0	5067	37.4
A_PA	917	5569	A	0	0	5569	36.1
A_PA	918	4840	T	0	0	4840	37.0
A_PA	919	5637	G	0	0	5637	35.9
A_PA	920	5417	C	0	0	5417	37.2
A_PA	921	5234	A	0	0	5234	34.5
A_PA	922	5596	A	0	0	5596	36.9
A_PA	923	5895	T	0	0	5895	37.3
A_PA	924	5565	C	0	0	5565	36.5
A_PA	925	5767	A	0	0	5767	36.3
A_PA	926	5425	A	0	0	5425	35.6
A_PA	927	5273	A	0	0	5273	37.4
A_PA	928	5664	T	0	0	5664	35.8
A_PA	929	5167	G	0	0	5167	36.2
A_PA	930	5806	C	0	0	5806	35.4
A_PA	931	5864	A	0	0	5864	37.2
A_PA	932	5246	T	0	0	5246	38.0
A_PA	933	6028	G	0	0	6028	34.4
A_PA	934	5522	A	0	0	5522	34.4
A_PA	935	4935	A	0	0	4935	36.6
A_PA	936	5835	G	0	0	5835	37.9
A_PA	937	5716	A	0	0	5716	35.6
A_PA	938	5571	C	0	0	5571	36.4
A_PA	939	5005	A	0	0	5005	34.6
A_PA	940	5498	T	0	0	5498	35.1
A_PA	941	5366	T	0	0	5366	36.8
A_PA	942	5043	T	0	0	5043	35.1
A_PA	943	5578	T	0	0	5578	34.0
A_PA	944	5530	T	0	0	5530	36.0
A_PA	945	5731	T	0	0	5731	34.9
A_PA	946	4820	G	0	0	4820	37.2
A_PA	947	5320	G	0	0	5320	34.2
A_PA	948	5013	C	0	0	5013	36.9
A_PA	949	4934	T	0	0	4934	35.7
A_PA	950	5252	G	0	0	5252	37.6
A_PA	951	5137	G	0	0	5137	35.5
A_PA	952	5876	A	0	0	5876	35.8
A_PA	953	5528	A	0	0	5528	35.8
A_PA	954	4910	A	0	0	4910	36.1
A_PA	955	5375	G	0	0	5375	35.7
A_PA	956	5107	A	0	0	5107	35.6
A_PA	957	5502	G	0	0	5502	34.9
A_PA	958	5500	C	0	0	5500	36.1
A_PA	959	5070	C	0	0	5070	36.4
A_PA	960	5336	C	0	0	5336	36.3
A_PA	961	5490	A	0	0	5490	35.4
A_PA	962	5624	A	0	0	5624	37.8
A_PA	963	5419	C	0	0	5419	37.3
A_PA	964	5103	A	0	0	5103	36.3
A_PA	965	5424	T	0	0	5424	35.4
A_PA	966	5475	C	0	0	5475	35.4
A_PA	967	4818	G	0	0	4818	34.3
A_PA	968	5910	T	0	0	5910	34.6
A_PA	969	4616	A	0	0	4616	35.1
A_PA	970	4806	A	0	0	4806	37.8
A_PA	971	5036	A	0	0	5036	37.8
A_PA	972	5163	G	0	0	5163	37.5
A_PA	973	5153	C	0	0	5153	34.4
A_PA	974	5525	C	0	0	5525	35.1
A_PA	975	4898	G	0	0	4898	36.7
A_PA	976	6153	C	0	0	6153	34.3
A_PA	977	4865	A	0	0	4865	37.4
A_PA	978	4857	T	0	0	4857	35.8
A_PA	979	5026	G	0	0	5026	36.2
A_PA	980	5118	A	0	0	5118	36.5
A_PA	981	4808	G	0	0	4808	34.7
A_PA	982	4904	A	0	0	4904	34.7
A_PA	983	5487	A	0	0	5487	34.4
A_PA	984	5289	A	0	0	5289	35.8
A_PA	985	4728	G	0	0	4728	34.1
A_PA	986	5150	G	0	0	5150	34.8
A_PA	987	4770	C	0	0	4770	37.0
A_PA	988	4522	A	0	0	4522	37.5
A_PA	989	5080	T	0	0	5080	34.8
A_PA	990	4923	A	0	0	4923	36.2
A_PA	991	5136	A	0	0	5136	34.7
A_PA	992	5055	A	0	0	5055	35.8
A_PA	993	4867	C	0	0	4867	37.6
A_PA	994	5370	C	0	0	5370	36.8
A_PA	995	4976	C	0	0	4976	34.6
A_PA	996	4445	T	0	0	4445	34.2
A_PA	997	4786	A	0	0	4786	37.2
A_PA	998	5002	A	0	0	5002	37.3
A_PA	999	4998	T	0	0	4998	34.5
A_PA	1000	4826	T	0	0	4826	34.6
A_PA	1001	4470	A	0	0	4470	36.2
A_PA	1002	4488	C	0	0	4488	37.8
A_PA	1003	4414	C	0	0	4414	36.1
A_PA	1004	4914	T	0	0	4914	35.1
A_PA	1005	5203	C	0	0	5203	34.1
A_PA	1006	4505	C	0	0	4505	37.0
A_PA	1007	4512	T	0	0	4512	34.9
A_PA	1008	4759	G	0	0	4759	37.3
A_PA	1009	4464	G	0	0	4464	37.3
A_PA	1010	4972	C	0	0	4972	34.5
A_PA	1011	4499	T	0	0	4499	36.7
A_PA	1012	4520	T	0	0	4520	35.7
A_PA	1013	5218	G	0	0	5218	34.0
A_PA	1014	4628	G	0	0	4628	35.2
A_PA	1015	4865	A	0	0	4865	35.1
A_PA	1016	4538	A	0	0	4538	35.3
A_PA	1017	4290	G	0	0	4290	36.1
A_PA	1018	4107	C	0	0	4107	34.9
A_PA	1019	4627	A	0	0	4627	37.2
A_PA	1020	4439	G	0	0	4439	36.8
A_PA	1021	4465	G	0	0	4465	35.7
A_PA	1022	4373	T	0	0	4373	36.4
A_PA	1023	4617	G	0	0	4617	38.0
A_PA	1024	4575	C	0	0	4575	34.7
A_PA	1025	4515	T	0	0	4515	34.3
A_PA	1026	4405	G	0	0	4405	37.7
A_PA	1027	4293	G	0	0	4293	36.5
A_PA	1028	4352	C	0	0	4352	34.2
A_PA	1029	4456	A	0	0	4456	36.4
A_PA	1030	3973	G	0	0	3973	35.3
A_PA	1031	4610	A	0	0	4610	36.5
A_PA	1032	4437	A	0	0	4437	35.5
A_PA	1033	4503	C	0	0	4503	36.3
A_PA	1034	4202	T	0	0	4202	35.2
A_PA	1035	4428	T	0	0	4428	34.0
A_PA	1036	3940	C	0	0	3940	36.1
A_PA	1037	3741	A	0	0	3741	37.4
A_PA	1038	5080	A	0	0	5080	34.0
A_PA	1039	4344	G	0	0	4344	36.9
A_PA	1040	3891	A	0	0	3891	37.6
A_PA	1041	4175	C	0	0	4175	35.6
A_PA	1042	4684	A	0	0	4684	37.3
A_PA	1043	4023	T	0	0	4023	37.3
A_PA	1044	4249	T	0	0	4249	37.4
A_PA	1045	4206	G	0	0	4206	35.7
A_PA	1046	3753	A	0	0	3753	35.8
A_PA	1047	3805	A	0	0	3805	35.5
A_PA	1048	3984	A	0	0	3984	35.3
A_PA	1049	4225	A	0	0	4225	37.9
A_PA	1050	4446	T	0	0	4446	37.0
A_PA	1051	4127	G	0	0	4127	35.1
A_PA	1052	3831	A	0	0	3831	36.8
A_PA	1053	3683	G	0	0	3683	35.2
A_PA	1054	4054	G	0	0	4054	36.1
A_PA	1055	3500	A	0	0	3500	35.7
A_PA	1056	3833	G	0	0	3833	36.1
A_PA	1057	4046	A	0	0	4046	37.9
A_PA	1058	3902	A	0	0	3902	37.3
A_PA	1059	3877	A	0	0	3877	37.0
A_PA	1060	3833	A	0	0	3833	37.6
A_PA	1061	4121	T	0	0	4121	35.0
A_PA	1062	3769	T	0	0	3769	34.1
A_PA	1063	4120	C	0	0	4120	36.2
A_PA	1064	3809	C	0	0	3809	34.8
A_PA	1065	3894	A	0	0	3894	35.8
A_PA	1066	3891	A	0	0	3891	34.5
A_PA	1067	4339	A	0	0	4339	35.8
A_PA	1068	3917	A	0	0	3917	35.1
A_PA	1069	3901	A	0	0	3901	36.2
A_PA	1070	3799	C	0	0	3799	35.5
A_PA	1071	4102	A	0	0	4102	36.5
A_PA	1072	3833	A	0	0	3833	36.1
A_PA	1073	3835	A	0	0	3835	35.8
A_PA	1074	4044	G	0	0	4044	37.5
A_PA	1075	4037	A	0	0	4037	37.5
A_PA	1076	4365	A	0	0	4365	36.7
A_PA	1077	4093	C	0	0	4093	35.6
A_PA	1078	3275	A	0	0	3275	36.8
A_PA	1079	3886	T	0	0	3886	35.6
A_PA	1080	3795	G	0	0	3795	37.7
A_PA	1081	4021	A	0	0	4021	34.6
A_PA	1082	4039	A	0	0	4039	37.3
A_PA	1083	3622	G	0	0	3622	37.9
A_PA	1084	3770	A	0	0	3770	37.1
A_PA	1085	3529	A	0	0	3529	37.9
A_PA	1086	3341	A	0	0	3341	35.2
A_PA	1087	3725	A	0	0	3725	37.5
A_PA	1088	3718	C	0	0	3718	37.4
A_PA	1089	4302	A	0	0	4302	35.3
A_PA	1090	3723	A	0	0	3723	37.3
A_PA	1091	3870	G	0	0	3870	37.2
A_PA	1092	3851	C	0	0	3851	34.8
A_PA	1093	3557	C	0	0	3557	35.7
A_PA	1094	4259	A	0	0	4259	36.8
A_PA	1095	4095	A	0	0	4095	37.3
A_PA	1096	3815	T	0	0	3815	37.8
A_PA	1097	3858	T	0	0	3858	37.9
A_PA	1098	3825	G	0	0	3825	34.2
A_PA	1099	3887	A	0	0	3887	37.9
A_PA	1100	4034	A	0	0	4034	37.8
A_PA	1101	3785	G	0	0	3785	35.5
A_PA	1102	4103	T	0	0	4103	36.2
A_PA	1103	4176	G	0	0	4176	36.7
A_PA	1104	3818	G	0	0	3818	35.6
A_PA	1105	4073	G	0	0	4073	37.4
A_PA	1106	3778	C	0	0	3778	37.3
A_PA	1107	3863	A	0	0	3863	36.6
A_PA	1108	3761	C	0	0	3761	34.9
A_PA	1109	4034	T	0	0	4034	35.3
A_PA	1110	3565	T	0	0	3565	36.0
A_PA	1111	3594	G	0	0	3594	36.3
A_PA	1112	3947	G	0	0	3947	36.2
A_PA	1113	3557	T	0	0	3557	34.4
A_PA	1114	4048	G	0	0	4048	37.7
A_PA	1115	4099	A	0	0	4099	37.4
A_PA	1116	3468	G	0	0	3468	36.3
A_PA	1117	3963	A	0	0	3963	34.4
A_PA	1118	4330	A	0	0	4330	37.4
A_PA	1119	3846	C	0	0	3846	36.0
A_PA	1120	4261	A	0	0	4261	34.4
A_PA	1121	3647	T	0	0	3647	36.8
A_PA	1122	3582	G	0	0	3582	36.3
A_PA	1123	3696	G	0	0	3696	37.3
A_PA	1124	3783	C	0	0	3783	35.3
A_PA	1125	4037	T	0	0	4037	37.9
A_PA	1126	4112	C	0	0	4112	36.7
A_PA	1127	3633	C	0	0	3633	38.0
A_PA	1128	4663	A	0	0	4663	37.7
A_PA	1129	4048	G	0	0	4048	35.6
A_PA	1130	4221	A	0	0	4221	34.7
A_PA	1131	4061	A	0	0	4061	34.5
A_PA	1132	3682	A	0	0	3682	36.8
A_PA	1133	3822	A	0	0	3822	36.9
A_PA	1134	4204	A	0	0	4204	37.4
A_PA	1135	3661	G	0	0	3661	35.5
A_PA	1136	3984	T	0	0	3984	35.1
A_PA	1137	3967	G	0	0	3967	35.7
A_PA	1138	4026	G	0	0	4026	36.3
A_PA	1139	3904	A	0	0	3904	37.9
A_PA	1140	4504	C	0	0	4504	37.7
A_PA	1141	4034	T	0	0	4034	34.6
A_PA	1142	3960	T	0	0	3960	37.1
A_PA	1143	3868	T	0	0	3868	34.6
A_PA	1144	4342	G	0	0	4342	37.1
A_PA	1145	4421	A	0	0	4421	34.2
A_PA	1146	4134	G	0	0	4134	37.2
A_PA	1147	3659	G	0	0	3659	34.5
A_PA	1148	4276	A	0	0	4276	34.4
A_PA	1149	3888	C	0	0	3888	37.8
A_PA	1150	4259	T	0	0	4259	36.0
A_PA	1151	3892	G	0	0	3892	34.7
A_PA	1152	3755	C	0	0	3755	34.6
A_PA	1153	3914	A	0	0	3914	36.9
A_PA	1154	4118	A	0	0	4118	35.1
A_PA	1155	4030	A	0	0	4030	37.8
A_PA	1156	3722	G	0	0	3722	36.7
A_PA	1157	3989	A	0	0	3989	34.8
A_PA	1158	3706	T	0	0	3706	34.4
A_PA	1159	3768	G	0	0	3768	35.4
A_PA	1160	3853	T	0	0	3853	37.5
A_PA	1161	4186	T	0	0	4186	36.1
A_PA	1162	4172	A	0	0	4172	34.0
A_PA	1163	4088	G	0	0	4088	35.7
A_PA	1164	4003	C	0	0	4003	37.8
A_PA	1165	3629	G	0	0	3629	35.4
A_PA	1166	4228	A	0	0	4228	37.2
A_PA	1167	4241	T	0	0	4241	37.7
A_PA	1168	4122	C	0	0	4122	34.6
A_PA	1169	4271	T	0	0	4271	35.4
A_PA	1170	3767	A	0	0	3767	36.3
A_PA	1171	3446	A	0	0	3446	37.4
A_PA	1172	3895	G	0	0	3895	35.8
A_PA	1173	3951	A	0	0	3951	34.5
A_PA	1174	4077	C	0	0	4077	34.7
A_PA	1175	3691	A	0	0	3691	35.7
A_PA	1176	4103	G	0	0	4103	34.7
A_PA	1177	4252	T	0	0	4252	34.5
A_PA	1178	4173	A	0	0	4173	35.3
A_PA	1179	3455	C	0	0	3455	35.8
A_PA	1180	4172	G	0	0	4172	34.9
A_PA	1181	4110	A	0	0	4110	35.1
A_PA	1182	4202	C	0	0	4202	34.3
A_PA	1183	4003	A	0	0	4003	37.6
A_PA	1184	3559	G	0	0	3559	37.1
A_PA	1185	3909	T	0	0	3909	34.6
A_PA	1186	3985	G	0	0	3985	34.0
A_PA	1187	4053	A	0	0	4053	34.0
A_PA	1188	4201	C	0	0	4201	37.9
A_PA	1189	3763	G	0	0	3763	36.4
A_PA	1190	4394	A	0	0	4394	36.2
A_PA	1191	4154	A	0	0	4154	35.3
A_PA	1192	3870	C	0	0	3870	34.3
A_PA	1193	4062	C	0	0	4062	38.0
A_PA	1194	4162	A	0	0	4162	36.7
A_PA	1195	3992	G	0	0	3992	35.6
A_PA	1196	3988	A	0	0	3988	36.5
A_PA	1197	4023	G	0	0	4023	35.1
A_PA	1198	3743	T	0	0	3743	36.3
A_PA	1199	3724	C	0	0	3724	35.2
A_PA	1200	4022	T	0	0	4022	34.1
A_PA	1201	4066	A	0	0	4066	37.9
A_PA	1202	4087	G	0	0	4087	35.4
A_PA	1203	4180	A	0	0	4180	37.3
A_PA	1204	4442	T	0	0	4442	34.9
A_PA	1205	4147	C	0	0	4147	35.8
A_PA	1206	3854	A	0	0	3854	34.2
A_PA	1207	4355	C	0	0	4355	34.6
A_PA	1208	3887	T	0	0	3887	36.4
A_PA	1209	4069	A	0	0	4069	36.7
A_PA	1210	3855	G	0	0	3855	37.2
A_PA	1211	4080	C	0	0	4080	35.7
A_PA	1212	4279	A	0	0	4279	36.3
A_PA	1213	3988	A	0	0	3988	36.9
A_PA	1214	3920	G	0	0	3920	34.3
A_PA	1215	4067	C	0	0	4067	34.2
A_PA	1216	4162	T	0	0	4162	35.6
A_PA	1217	3744	G	0	0	3744	36.4
A_PA	1218	4225	G	0	0	4225	37.5
A_PA	1219	3925	A	0	0	3925	34.3
A_PA	1220	3810	T	0	0	3810	35.4
A_PA	1221	3970	T	0	0	3970	34.2
A_PA	1222	3946	C	0	0	3946	35.5
A_PA	1223	4170	A	0	0	4170	35.9
A_PA	1224	3775	G	0	0	3775	35.8
A_PA	1225	4069	A	0	0	4069	34.9
A_PA	1226	3864	G	0	0	3864	36.9
A_PA	1227	4148	T	0	0	4148	35.6
A_PA	1228	3944	G	0	0	3944	35.9
A_PA	1229	3536	A	0	0	3536	37.2
A_PA	1230	4015	A	0	0	4015	37.0
A_PA	1231	3505	T	0	0	3505	37.3
A_PA	1232	3467	T	0	0	3467	37.2
A_PA	1233	3879	C	0	0	3879	36.1
A_PA	1234	3441	A	0	0	3441	37.6
A_PA	1235	4065	A	0	0	4065	37.1
A_PA	1236	3696	C	0	0	3696	37.6
A_PA	1237	4354	A	0	0	4354	37.8
A_PA	1238	4064	A	0	0	4064	35.9
A_PA	1239	3998	G	0	0	3998	37.3
A_PA	1240	3739	G	0	0	3739	34.2
A_PA	1241	3848	C	0	0	3848	36.3
A_PA	1242	4026	A	0	0	4026	34.8
A_PA	1243	4035	T	0	0	4035	35.5
A_PA	1244	3579	G	0	0	3579	35.1
A_PA	1245	3655	C	0	0	3655	34.8
A_PA	1246	3784	G	0	0	3784	34.1
A_PA	1247	3641	A	0	0	3641	37.0
A_PA	1248	3588	A	0	0	3588	36.9
A_PA	1249	3503	C	0	0	3503	38.0
A_PA	1250	3804	T	0	0	3804	35.8
A_PA	1251	3544	G	0	0	3544	35.1
A_PA	1252	3964	A	0	0	3964	35.4
A_PA	1253	3649	C	0	0	3649	35.1
A_PA	1254	3740	A	0	0	3740	37.7
A_PA	1255	3673	G	0	0	3673	35.1
A_PA	1256	3887	A	0	0	3887	36.5
A_PA	1257	4095	T	0	0	4095	37.2
A_PA	1258	3874	T	0	0	3874	37.4
A_PA	1259	3816	C	0	0	3816	36.3
A_PA	1260	3799	G	0	0	3799	34.7
A_PA	1261	3647	A	0	0	3647	37.9
A_PA	1262	3618	G	0	0	3618	34.2
A_PA	1263	4056	T	0	0	4056	34.1
A_PA	1264	3605	T	0	0	3605	34.6
A_PA	1265	3473	G	0	0	3473	34.5
A_PA	1266	3129	G	0	0	3129	35.6
A_PA	1267	3702	A	0	0	3702	36.6
A_PA	1268	3684	T	0	0	3684	36.7
A_PA	1269	3281	T	0	0	3281	35.2
A_PA	1270	3026	G	0	0	3026	35.2
A_PA	1271	3092	A	0	0	3092	35.7
A_PA	1272	3767	A	0	0	3767	34.5
A_PA	1273	3338	C	0	0	3338	37.5
A_PA	1274	3310	T	0	0	3310	38.0
A_PA	1275	3861	T	0	0	3861	37.0
A_PA	1276	2982	G	0	0	2982	34.5
A_PA	1277	3129	A	0	0	3129	35.4
A_PA	1278	3405	T	0	0	3405	34.1
A_PA	1279	3458	G	0	0	3458	35.9
A_PA	1280	3424	A	0	0	3424	37.5
A_PA	1281	3232	G	0	0	3232	36.3
A_PA	1282	3180	A	0	0	3180	36.2
A_PA	1283	3264	T	0	0	3264	37.7
A_PA	1284	3204	A	0	0	3204	36.0
A_PA	1285	3693	G	0	0	3693	34.2
A_PA	1286	3037	G	0	0	3037	35.3
A_PA	1287	3540	G	0	0	3540	34.8
A_PA	1288	3191	G	0	0	3191	35.3
A_PA	1289	3036	A	0	0	3036	36.2
A_PA	1290	3425	A	0	0	3425	35.2
A_PA	1291	3584	G	0	0	3584	35.6
A_PA	1292	3105	A	0	0	3105	35.8
A_PA	1293	3445	C	0	0	3445	35.4
A_PA	1294	2976	G	0	0	2976	36.5
A_PA	1295	2941	T	0	0	2941	37.4
A_PA	1296	2995	T	0	0	2995	37.8
A_PA	1297	2999	G	0	0	2999	36.0
A_PA	1298	2997	C	0	0	2997	34.5
A_PA	1299	3033	T	0	0	3033	36.1
A_PA	1300	3249	C	0	0	3249	37.9
A_PA	1301	3105	C	0	0	3105	37.7
A_PA	1302	3064	A	0	0	3064	35.9
A_PA	1303	3106	A	0	0	3106	36.7
A_PA	1304	3049	T	0	0	3049	34.5
A_PA	1305	3239	C	0	0	3239	37.0
A_PA	1306	3187	G	0	0	3187	37.8
A_PA	1307	3403	A	0	0	3403	34.4
A_PA	1308	2700	A	0	0	2700	36.0
A_PA	1309	2971	C	0	0	2971	34.2
A_PA	1310	3329	A	0	0	3329	34.8
A_PA	1311	2934	C	0	0	2934	36.7
A_PA	1312	2911	A	0	0	2911	35.5
A_PA	1313	3058	T	0	0	3058	35.1
A_PA	1314	3065	T	0	0	3065	36.4
A_PA	1315	3180	G	0	0	3180	37.3
A_PA	1316	3032	C	0	0	3032	35.9
A_PA	1317	3113	G	0	0	3113	34.4
A_PA	1318	2777	A	0	0	2777	36.6
A_PA	1319	3345	G	0	0	3345	35.4
A_PA	1320	2765	T	0	0	2765	36.6
A_PA	1321	2523	G	0	0	2523	36.1
A_PA	1322	2753	T	0	0	2753	35.4
A_PA	1323	2824	G	0	0	2824	37.7
A_PA	1324	2803	A	0	0	2803	35.8
A_PA	1325	2819	G	0	0	2819	37.9
A_PA	1326	3083	G	0	0	3083	37.7
A_PA	1327	2984	A	0	0	2984	36.2
A_PA	1328	2537	G	0	0	2537	36.1
A_PA	1329	3055	G	0	0	3055	34.7
A_PA	1330	2707	A	0	0	2707	35.5
A_PA	1331	2656	A	0	0	2656	34.4
A_PA	1332	2949	C	0	0	2949	36.7
A_PA	1333	2755	T	0	0	2755	34.3
A_PA	1334	2984	A	0	0	2984	35.0
A_PA	1335	2704	T	0	0	2704	34.1
A_PA	1336	2856	T	0	0	2856	37.6
A_PA	1337	2826	T	0	0	2826	34.1
A_PA	1338	2754	C	0	0	2754	36.7
A_PA	1339	2807	A	0	0	2807	34.3
A_PA	1340	2811	C	0	0	2811	35.7
A_PA	1341	2510	A	0	0	2510	36.3
A_PA	1342	2632	G	0	0	2632	37.9
A_PA	1343	2517	C	0	0	2517	35.9
A_PA	1344	3089	G	0	0	3089	37.8
A_PA	1345	2655	G	0	0	2655	35.6
A_PA	1346	2672	A	0	0	2672	35.9
A_PA	1347	2757	G	0	0	2757	34.3
A_PA	1348	2625	G	0	0	2625	37.6
A_PA	1349	2730	T	0	0	2730	36.7
A_PA	1350	2792	A	0	0	2792	37.5
A_PA	1351	2697	T	0	0	2697	35.4
A_PA	1352	2885	C	0	0	2885	37.6
A_PA	1353	2976	C	0	0	2976	35.6
A_PA	1354	2540	C	0	0	2540	36.6
A_PA	1355	2801	A	0	0	2801	34.9
A_PA	1356	2671	T	0	0	2671	35.1
A_PA	1357	2834	T	0	0	2834	37.8
A_PA	1358	2408	G	0	0	2408	36.6
A_PA	1359	2540	C	0	0	2540	34.4
A_PA	1360	2517	A	0	0	2517	35.2
A_PA	1361	2430	G	0	0	2430	34.1
A_PA	1362	2632	G	0	0	2632	35.7
A_PA	1363	2613	G	0	0	2613	34.8
A_PA	1364	2773	C	0	0	2773	34.8
A_PA	1365	2503	C	0	0	2503	35.8
A_PA	1366	2651	A	0	0	2651	35.5
A_PA	1367	2705	C	0	0	2705	35.2
A_PA	1368	2670	T	0	0	2670	34.8
A_PA	1369	2733	G	0	0	2733	34.5
A_PA	1370	2934	A	0	0	2934	36.8
A_PA	1371	2344	A	0	0	2344	36.3
A_PA	1372	2636	T	0	0	2636	34.3
A_PA	1373	2613	A	0	0	2613	34.6
A_PA	1374	2759	C	0	0	2759	36.1
A_PA	1375	2372	A	0	0	2372	36.2
A_PA	1376	2617	T	0	0	2617	37.4
A_PA	1377	2505	A	0	0	2505	35.7
A_PA	1378	2671	A	0	0	2671	36.2
A_PA	1379	2656	T	0	0	2656	35.4
A_PA	1380	2644	G	0	0	2644	36.7
A_PA	1381	2883	A	0	0	2883	35.7
A_PA	1382	2967	A	0	0	2967	36.5
A_PA	1383	2697	G	0	0	2697	34.2
A_PA	1384	2730	G	0	0	2730	37.7
A_PA	1385	2701	G	0	0	2701	34.9
A_PA	1386	2695	A	0	0	2695	36.5
A_PA	1387	2818	G	0	0	2818	36.2
A_PA	1388	2959	T	0	0	2959	35.9
A_PA	1389	2830	A	0	0	2830	35.7
A_PA	1390	3138	T	0	0	3138	35.2
A_PA	1391	3118	A	0	0	3118	37.4
A_PA	1392	2517	C	0	0	2517	34.7
A_PA	1393	3137	A	0	0	3137	35.0
A_PA	1394	2738	T	0	0	2738	34.5
A_PA	1395	2840	A	0	0	2840	37.8
A_PA	1396	2796	A	0	0	2796	35.0
A_PA	1397	2897	A	0	0	2897	36.0
A_PA	1398	2729	C	0	0	2729	35.0
A_PA	1399	3005	A	0	0	3005	35.9
A_PA	1400	2680	C	0	0	2680	34.4
A_PA	1401	2958	A	0	0	2958	37.6
A_PA	1402	2931	G	0	0	2931	34.4
A_PA	1403	2852	C	0	0	2852	35.3
A_PA	1404	2940	C	0	0	2940	37.8
A_PA	1405	2916	C	0	0	2916	37.2
A_PA	1406	3007	T	0	0	3007	37.5
A_PA	1407	2831	A	0	0	2831	36.9
A_PA	1408	2916	T	0	0	2916	35.0
A_PA	1409	3037	T	0	0	3037	34.2
A_PA	1410	2991	G	0	0	2991	37.7
A_PA	1411	3143	A	0	0	3143	38.0
A_PA	1412	3307	A	0	0	3307	36.3
A_PA	1413	2761	T	0	0	2761	36.5
A_PA	1414	3333	G	0	0	3333	35.6
A_PA	1415	2966	C	0	0	2966	35.2
A_PA	1416	3540	A	0	0	3540	36.8
A_PA	1417	3130	T	0	0	3130	36.1
A_PA	1418	2696	C	0	0	2696	36.2
A_PA	1419	3429	C	0	0	3429	35.0
A_PA	1420	3342	T	0	0	3342	37.9
A_PA	1421	2817	G	0	0	2817	35.1
A_PA	1422	3430	T	0	0	3430	35.5
A_PA	1423	3196	G	0	0	3196	37.2
A_PA	1424	3247	C	0	0	3247	35.7
A_PA	1425	3519	A	0	0	3519	37.7
A_PA	1426	3445	G	0	0	3445	35.6
A_PA	1427	2975	C	0	0	2975	36.2
A_PA	1428	3435	C	0	0	3435	36.1
A_PA	1429	3277	A	0	0	3277	36.9
A_PA	1430	3047	T	0	0	3047	35.2
A_PA	1431	3085	G	0	0	3085	35.8
A_PA	1432	3247	G	0	0	3247	35.8
A_PA	1433	3367	A	0	0	3367	37.7
A_PA	1434	3401	T	0	0	3401	37.5
A_PA	1435	3042	G	0	0	3042	36.0
A_PA	1436	3211	A	0	0	3211	35.2
A_PA	1437	3513	C	0	0	3513	34.8
A_PA	1438	3226	T	0	0	3226	37.4
A_PA	1439	3366	T	0	0	3366	36.7
A_PA	1440	3676	C	0	0	3676	37.2
A_PA	1441	3562	C	0	0	3562	37.1
A_PA	1442	3347	A	0	0	3347	36.7
A_PA	1443	3501	A	0	0	3501	37.2
A_PA	1444	3544	T	0	0	3544	34.0
A_PA	1445	3295	T	0	0	3295	35.5
A_PA	1446	4061	G	0	0	4061	35.2
A_PA	1447	3365	A	0	0	3365	34.6
A_PA	1448	3551	T	0	0	3551	37.0
A_PA	1449	3543	T	0	0	3543	34.6
A_PA	1450	3867	C	0	0	3867	37.4
A_PA	1451	3763	C	0	0	3763	36.3
A_PA	1452	3542	A	0	0	3542	37.7
A_PA	1453	4230	A	0	0	4230	37.8
A_PA	1454	3702	T	0	0	3702	37.0
A_PA	1455	3615	G	0	0	3615	35.6
A_PA	1456	3338	A	0	0	3338	35.1
A_PA	1457	3815	T	0	0	3815	37.2
A_PA	1458	3685	A	0	0	3685	36.1
A_PA	1459	4240	A	0	0	4240	35.6
A_PA	1460	3889	G	0	0	3889	36.7
A_PA	1461	3686	T	0	0	3686	37.8
A_PA	1462	4253	A	0	0	4253	35.5
A_PA	1463	3724	A	0	0	3724	37.8
A_PA	1464	3892	G	0	0	3892	35.8
A_PA	1465	3985	T	0	0	3985	34.3
A_PA	1466	3760	G	0	0	3760	34.6
A_PA	1467	3920	C	0	0	3920	38.0
A_PA	1468	3861	A	0	0	3861	34.7
A_PA	1469	4196	G	0	0	4196	35.9
A_PA	1470	4332	A	0	0	4332	34.7
A_PA	1471	4077	A	0	0	4077	34.6
A_PA	1472	4162	C	0	0	4162	37.5
A_PA	1473	3840	T	0	0	3840	36.1
A_PA	1474	3849	A	0	0	3849	36.6
A_PA	1475	3830	A	0	0	3830	35.2
A_PA	1476	4460	A	0	0	4460	36.6
A_PA	1477	3975	G	0	0	3975	35.6
A_PA	1478	4452	A	0	0	4452	35.0
A_PA	1479	4458	A	0	0	4458	37.3
A_PA	1480	4542	G	0	0	4542	36.9
A_PA	1481	4206	G	0	0	4206	36.9
A_PA	1482	4394	A	0	0	4394	35.3
A_PA	1483	4616	A	0	0	4616	34.4
A_PA	1484	4235	G	0	0	4235	35.0
A_PA	1485	4338	A	0	0	4338	34.6
A_PA	1486	4114	C	0	0	4114	36.6
A_PA	1487	4440	G	0	0	4440	34.3
A_PA	1488	4058	G	0	0	4058	37.5
A_PA	1489	4546	A	0	0	4546	34.4
A_PA	1490	4081	A	0	0	4081	35.0
A_PA	1491	4415	G	0	0	4415	34.4
A_PA	1492	4579	A	0	0	4579	36.8
A_PA	1493	4403	C	0	0	4403	37.3
A_PA	1494	4330	A	0	0	4330	37.1
A_PA	1495	4635	A	0	0	4635	34.1
A_PA	1496	3845	A	0	0	3845	37.9
A_PA	1497	4185	T	0	0	4185	38.0
A_PA	1498	4323	C	0	0	4323	37.0
A_PA	1499	4452	T	0	0	4452	36.0
A_PA	1500	4808	G	0	0	4808	36.5
A_PA	1501	4839	T	0	0	4839	37.3
A_PA	1502	4812	A	0	0	4812	35.3
A_PA	1503	4467	T	0	0	4467	37.3
A_PA	1504	4456	G	0	0	4456	35.7
A_PA	1505	4594	G	0	0	4594	35.2
A_PA	1506	4140	A	0	0	4140	37.7
A_PA	1507	4812	T	0	0	4812	37.1
A_PA	1508	4448	T	0	0	4448	37.7
A_PA	1509	4851	C	0	0	4851	34.4
A_PA	1510	4387	A	0	0	4387	36.7
A_PA	1511	4510	T	0	0	4510	34.8
A_PA	1512	4360	T	0	0	4360	36.0
A_PA	1513	4368	A	0	0	4368	34.1
A_PA	1514	4600	T	0	0	4600	35.6
A_PA	1515	4880	A	0	0	4880	35.5
A_PA	1516	4191	A	0	0	4191	35.9
A_PA	1517	4662	A	0	0	4662	36.3
A_PA	1518	4554	A	0	0	4554	37.8
A_PA	1519	4720	G	0	0	4720	36.9
A_PA	1520	4408	G	0	0	4408	36.1
A_PA	1521	4941	A	0	0	4941	36.4
A_PA	1522	4857	A	0	0	4857	34.0
A_PA	1523	4745	G	0	0	4745	34.5
A_PA	1524	5136	A	0	0	5136	34.6
A_PA	1525	5065	T	0	0	5065	35.1
A_PA	1526	4870	C	0	0	4870	36.8
A_PA	1527	5018	C	0	0	5018	34.3
A_PA	1528	5024	C	0	0	5024	37.4
A_PA	1529	4973	A	0	0	4973	37.3
A_PA	1530	5246	T	0	0	5246	37.1
A_PA	1531	5227	T	0	0	5227	35.7
A_PA	1532	4632	T	0	0	4632	35.3
A_PA	1533	4706	G	0	0	4706	37.0
A_PA	1534	4826	A	0	0	4826	35.2
A_PA	1535	4300	G	0	0	4300	37.7
A_PA	1536	4980	G	0	0	4980	36.7
A_PA	1537	5234	A	0	0	5234	34.9
A_PA	1538	4811	A	0	0	4811	35.5
A_PA	1539	5122	T	0	0	5122	37.0
A_PA	1540	4689	G	0	0	4689	36.5
A_PA	1541	4639	A	0	0	4639	35.0
A_PA	1542	5029	C	0	0	5029	36.4
A_PA	1543	4429	A	0	0	4429	37.5
A_PA	1544	4841	C	0	0	4841	35.4
A_PA	1545	4818	C	0	0	4818	36.4
A_PA	1546	5136	G	0	0	5136	36.9
A_PA	1547	4767	A	0	0	4767	36.0
A_PA	1548	5049	T	0	0	5049	36.8
A_PA	1549	4844	G	0	0	4844	36.9
A_PA	1550	4872	T	0	0	4872	37.8
A_PA	1551	5014	G	0	0	5014	34.6
A_PA	1552	5400	G	0	0	5400	36.0
A_PA	1553	4539	T	0	0	4539	35.4
A_PA	1554	5014	A	0	0	5014	37.0
A_PA	1555	5025	A	0	0	5025	35.0
A_PA	1556	4701	A	0	0	4701	36.8
A_PA	1557	4847	C	0	0	4847	36.8
A_PA	1558	4509	T	0	0	4509	36.9
A_PA	1559	4666	T	0	0	4666	35.3
A_PA	1560	5591	T	0	0	5591	34.2
A_PA	1561	5208	G	0	0	5208	36.0
A_PA	1562	5201	T	0	0	5201	36.6
A_PA	1563	4600	G	0	0	4600	34.7
A_PA	1564	4466	A	0	0	4466	36.7
A_PA	1565	4575	G	0	0	4575	37.6
A_PA	1566	4664	C	0	0	4664	36.7
A_PA	1567	4401	A	0	0	4401	37.8
A_PA	1568	4742	T	0	0	4742	35.2
A_PA	1569	4560	G	0	0	4560	37.6
A_PA	1570	4988	G	0	0	4988	35.8
A_PA	1571	4933	A	0	0	4933	35.3
A_PA	1572	5179	A	0	0	5179	35.7
A_PA	1573	5135	T	0	0	5135	35.7
A_PA	1574	4936	T	0	0	4936	37.8
A_PA	1575	5158	C	0	0	5158	34.4
A_PA	1576	5003	T	0	0	5003	34.9
A_PA	1577	4237	C	0	0	4237	35.6
A_PA	1578	4511	T	0	0	4511	37.9
A_PA	1579	5030	C	0	0	5030	35.2
A_PA	1580	4840	T	0	0	4840	35.6
A_PA	1581	5642	A	0	0	5642	37.0
A_PA	1582	4906	A	0	0	4906	34.5
A_PA	1583	4856	C	0	0	4856	35.3
A_PA	1584	5484	T	0	0	5484	37.1
A_PA	1585	4811	G	0	0	4811	34.3
A_PA	1586	4609	A	0	0	4609	35.1
A_PA	1587	4727	C	0	0	4727	34.3
A_PA	1588	4946	C	0	0	4946	36.3
A_PA	1589	4885	C	0	0	4885	36.8
A_PA	1590	5307	G	0	0	5307	35.7
A_PA	1591	5042	A	0	0	5042	35.1
A_PA	1592	4952	G	0	0	4952	35.3
A_PA	1593	5477	G	0	0	5477	37.2
A_PA	1594	4710	C	0	0	4710	36.0
A_PA	1595	4803	T	0	0	4803	36.2
A_PA	1596	4777	A	0	0	4777	36.6
A_PA	1597	4456	G	0	0	4456	34.3
A_PA	1598	4600	A	0	0	4600	37.9
A_PA	1599	4581	G	0	0	4581	35.2
A_PA	1600	4787	C	0	0	4787	35.2
A_PA	1601	4461	C	0	0	4461	35.5
A_PA	1602	4666	A	0	0	4666	34.7
A_PA	1603	4678	C	0	0	4678	35.1
A_PA	1604	4752	A	0	0	4752	35.3
A_PA	1605	4983	C	0	0	4983	37.0
A_PA	1606	4762	A	0	0	4762	35.0
A_PA	1607	4762	A	0	0	4762	36.3
A_PA	1608	4845	A	0	0	4845	35.8
A_PA	1609	4836	T	0	0	4836	37.2
A_PA	1610	4379	G	0	0	4379	35.2
A_PA	1611	4427	G	0	0	4427	35.8
A_PA	1612	5440	G	0	0	5440	37.5
A_PA	1613	4635	A	0	0	4635	37.8
A_PA	1614	4471	A	0	0	4471	36.1
A_PA	1615	4982	A	0	0	4982	34.7
A_PA	1616	4366	A	0	0	4366	36.3
A_PA	1617	4604	G	0	0	4604	36.3
A_PA	1618	4982	T	0	0	4982	35.4
A_PA	1619	4829	A	0	0	4829	34.3
A_PA	1620	4744	C	0	0	4744	34.7
A_PA	1621	4592	T	0	0	4592	37.3
A_PA	1622	4539	G	0	0	4539	37.0
A_PA	1623	4570	T	0	0	4570	36.6
A_PA	1624	4372	G	0	0	4372	36.2
A_PA	1625	4846	T	0	0	4846	37.1
A_PA	1626	4780	T	0	0	4780	35.0
A_PA	1627	4721	C	0	0	4721	37.7
A_PA	1628	4467	T	0	0	4467	35.1
A_PA	1629	4617	T	0	0	4617	36.8
A_PA	1630	4649	G	0	0	4649	34.8
A_PA	1631	4349	A	0	0	4349	36.7
A_PA	1632	4449	G	0	0	4449	35.0
A_PA	1633	4790	A	0	0	4790	37.8
A_PA	1634	4612	T	0	0	4612	35.7
A_PA	1635	3931	A	0	0	3931	35.8
A_PA	1636	4313	G	0	0	4313	37.3
A_PA	1637	4779	G	0	0	4779	35.5
A_PA	1638	4630	A	0	0	4630	37.7
A_PA	1639	4597	G	0	0	4597	34.4
A_PA	1640	4551	A	0	0	4551	36.2
A_PA	1641	4225	C	0	0	4225	36.7
A_PA	1642	4253	A	0	0	4253	36.4
A_PA	1643	4554	T	0	0	4554	37.2
A_PA	1644	4228	G	0	0	4228	36.3
A_PA	1645	4452	C	0	0	4452	36.0
A_PA	1646	4846	T	0	0	4846	37.4
A_PA	1647	4455	C	0	0	4455	36.4
A_PA	1648	4453	C	0	0	4453	37.2
A_PA	1649	4163	T	0	0	4163	36.6
A_PA	1650	4279	A	0	0	4279	34.4
A_PA	1651	4562	C	0	0	4562	35.0
A_PA	1652	4479	G	0	0	4479	35.9
A_PA	1653	4081	G	0	0	4081	34.1
A_PA	1654	4158	A	0	0	4158	34.4
A_PA	1655	4346	C	0	0	4346	35.6
A_PA	1656	4391	T	0	0	4391	36.2
A_PA	1657	4341	G	0	0	4341	37.7
A_PA	1658	4380	C	0	0	4380	37.9
A_PA	1659	4720	A	0	0	4720	36.5
A_PA	1660	4710	A	0	0	4710	34.9
A_PA	1661	4332	T	0	0	4332	37.3
A_PA	1662	4368	A	0	0	4368	37.5
A_PA	1663	4256	G	0	0	4256	35.0
A_PA	1664	4855	G	0	0	4855	34.3
A_PA	1665	4269	C	0	0	4269	36.1
A_PA	1666	4387	C	0	0	4387	36.4
A_PA	1667	4762	A	0	0	4762	36.6
A_PA	1668	4372	A	0	0	4372	36.8
A_PA	1669	4644	G	0	0	4644	35.2
A_PA	1670	4708	T	0	0	4708	34.1
A_PA	1671	4501	G	0	0	4501	35.4
A_PA	1672	4325	T	0	0	4325	37.2
A_PA	1673	4691	C	0	0	4691	37.8
A_PA	1674	4486	G	0	0	4486	34.6
A_PA	1675	4674	A	0	0	4674	34.6
A_PA	1676	4061	G	0	0	4061	36.4
A_PA	1677	4248	G	0	0	4248	34.5
A_PA	1678	4449	C	0	0	4449	37.4
A_PA	1679	4652	C	0	0	4652	34.9
A_PA	1680	4702	C	0	0	4702	34.7
A_PA	1681	4194	A	0	0	4194	36.8
A_PA	1682	4585	T	0	0	4585	38.0
A_PA	1683	4265	G	0	0	4265	34.4
A_PA	1684	3807	T	0	0	3807	36.2
A_PA	1685	4181	T	0	0	4181	37.8
A_PA	1686	4286	C	0	0	4286	34.2
A_PA	1687	4307	C	0	0	4307	36.0
A_PA	1688	4392	T	0	0	4392	37.6
A_PA	1689	4093	G	0	0	4093	34.7
A_PA	1690	4696	T	0	0	4696	37.1
A_PA	1691	4415	A	0	0	4415	36.8
A_PA	1692	3819	T	0	0	3819	36.1
A_PA	1693	4459	G	0	0	4459	34.8
A_PA	1694	4247	T	0	0	4247	36.8
A_PA	1695	4529	G	0	0	4529	35.9
A_PA	1696	4886	A	0	0	4886	38.0
A_PA	1697	4410	G	0	0	4410	36.3
A_PA	1698	4225	A	0	0	4225	35.6
A_PA	1699	4115	A	0	0	4115	35.2
A_PA	1700	4711	C	0	0	4711	35.2
A_PA	1701	4991	C	0	0	4991	36.1
A_PA	1702	4024	A	0	0	4024	37.2
A_PA	1703	4132	A	0	0	4132	34.8
A_PA	1704	4534	T	0	0	4534	35.0
A_PA	1705	4943	G	0	0	4943	37.0
A_PA	1706	4546	G	0	0	4546	35.2
A_PA	1707	3905	G	0	0	3905	37.3
A_PA	1708	4463	A	0	0	4463	37.4
A_PA	1709	4238	C	0	0	4238	36.3
A_PA	1710	4441	T	0	0	4441	37.5
A_PA	1711	4425	T	0	0	4425	35.4
A_PA	1712	4108	C	0	0	4108	34.2
A_PA	1713	4582	C	0	0	4582	35.9
A_PA	1714	4537	A	0	0	4537	37.9
A_PA	1715	4999	A	0	0	4999	34.8
A_PA	1716	4397	G	0	0	4397	37.2
A_PA	1717	4244	A	0	0	4244	36.5
A_PA	1718	4664	T	0	0	4664	37.1
A_PA	1719	4393	C	0	0	4393	36.4
A_PA	1720	4254	A	0	0	4254	36.4
A_PA	1721	4340	A	0	0	4340	35.5
A_PA	1722	4443	A	0	0	4443	35.3
A_PA	1723	4578	A	0	0	4578	37.8
A_PA	1724	4192	T	0	0	4192	37.3
A_PA	1725	4198	G	0	0	4198	34.4
A_PA	1726	4392	A	0	0	4392	34.0
A_PA	1727	4157	A	0	0	4157	35.3
A_PA	1728	4043	A	0	0	4043	36.9
A_PA	1729	4230	T	0	0	4230	35.2
A_PA	1730	3880	G	0	0	3880	36.7
A_PA	1731	4780	G	0	0	4780	37.6
A_PA	1732	4696	G	0	0	4696	35.7
A_PA	1733	4613	G	0	0	4613	36.0
A_PA	1734	5060	C	0	0	5060	37.0
A_PA	1735	4688	A	0	0	4688	37.9
A_PA	1736	4696	T	0	0	4696	35.2
A_PA	1737	4120	G	0	0	4120	37.8
A_PA	1738	4818	G	0	0	4818	37.0
A_PA	1739	4891	A	0	0	4891	37.7
A_PA	1740	4674	G	0	0	4674	36.8
A_PA	1741	3925	A	0	0	3925	35.4
A_PA	1742	4180	T	0	0	4180	35.9
A_PA	1743	4921	G	0	0	4921	37.9
A_PA	1744	4315	A	0	0	4315	37.6
A_PA	1745	4851	G	0	0	4851	36.3
A_PA	1746	4568	G	0	0	4568	35.1
A_PA	1747	4974	C	0	0	4974	35.4
A_PA	1748	4630	G	0	0	4630	36.6
A_PA	1749	4414	A	0	0	4414	36.5
A_PA	1750	4347	T	0	0	4347	37.9
A_PA	1751	4743	G	0	0	4743	36.0
A_PA	1752	4488	C	0	0	4488	38.0
A_PA	1753	4714	C	0	0	4714	34.6
A_PA	1754	4867	T	0	0	4867	34.9
A_PA	1755	4886	T	0	0	4886	34.9
A_PA	1756	4679	C	0	0	4679	37.7
A_PA	1757	4756	T	0	0	4756	37.0
A_PA	1758	4454	T	0	0	4454	36.4
A_PA	1759	4652	C	0	0	4652	36.2
A_PA	1760	4495	A	0	0	4495	37.2
A_PA	1761	4619	G	0	0	4619	36.0
A_PA	1762	4518	T	0	0	4518	35.3
A_PA	1763	4628	C	0	0	4628	36.5
A_PA	1764	4227	C	0	0	4227	34.5
A_PA	1765	4835	C	0	0	4835	37.0
A_PA	1766	4709	T	0	0	4709	37.0
A_PA	1767	4328	T	0	0	4328	35.7
A_PA	1768	4641	C	0	0	4641	37.6
A_PA	1769	5031	A	0	0	5031	34.3
A_PA	1770	4793	A	0	0	4793	34.1
A_PA	1771	4963	C	0	0	4963	34.5
A_PA	1772	5408	A	0	0	5408	37.2
A_PA	1773	4852	A	0	0	4852	37.2
A_PA	1774	5352	A	0	0	5352	34.2
A_PA	1775	5487	T	0	0	5487	35.8
A_PA	1776	5309	T	0	0	5309	37.1
A_PA	1777	4803	G	0	0	4803	36.0
A_PA	1778	4837	A	0	0	4837	36.3
A_PA	1779	4598	G	0	0	4598	35.0
A_PA	1780	5479	A	0	0	5479	34.2
A_PA	1781	4431	G	0	0	4431	37.9
A_PA	1782	4882	C	0	0	4882	34.6
A_PA	1783	4780	A	0	0	4780	34.8
A_PA	1784	4376	T	0	0	4376	37.2
A_PA	1785	4755	G	0	0	4755	34.1
A_PA	1786	4901	A	0	0	4901	35.2
A_PA	1787	4710	T	0	0	4710	36.5
A_PA	1788	5141	T	0	0	5141	36.5
A_PA	1789	4582	G	0	0	4582	36.6
A_PA	1790	5139	A	0	0	5139	36.3
A_PA	1791	4266	G	0	0	4266	36.2
A_PA	1792	4704	G	0	0	4704	34.8
A_PA	1793	4544	C	0	0	4544	36.0
A_PA	1794	5230	C	0	0	5230	34.2
A_PA	1795	5011	G	0	0	5011	35.6
A_PA	1796	5049	A	0	0	5049	36.7
A_PA	1797	4763	A	0	0	4763	36.0
A_PA	1798	4783	T	0	0	4783	36.0
A_PA	1799	4916	C	0	0	4916	37.9
A_PA	1800	5184	T	0	0	5184	34.5
A_PA	1801	4566	T	0	0	4566	37.9
A_PA	1802	4876	C	0	0	4876	36.3
A_PA	1803	4338	T	0	0	4338	34.1
A_PA	1804	4763	G	0	0	4763	35.2
A_PA	1805	5240	T	0	0	5240	36.1
A_PA	1806	5093	C	0	0	5093	37.4
A_PA	1807	4985	A	0	0	4985	37.0
A_PA	1808	5270	A	0	0	5270	35.5
A_PA	1809	4658	A	0	0	4658	35.9
A_PA	1810	4705	G	0	0	4705	36.2
A_PA	1811	5011	A	0	0	5011	36.6
A_PA	1812	5310	G	0	0	5310	36.5
A_PA	1813	5016	A	0	0	5016	36.6
A_PA	1814	4524	A	0	0	4524	35.1
A_PA	1815	4624	G	0	0	4624	35.2
A_PA	1816	4577	G	0	0	4577	36.0
A_PA	1817	4597	A	0	0	4597	35.1
A_PA	1818	5173	C	0	0	5173	36.3
A_PA	1819	4750	A	0	0	4750	38.0
A_PA	1820	4313	T	0	0	4313	35.6
A_PA	1821	5087	G	0	0	5087	36.9
A_PA	1822	4840	T	0	0	4840	38.0
A_PA	1823	5167	C	0	0	5167	34.7
A_PA	1824	5269	C	0	0	5269	38.0
A_PA	1825	4568	A	0	0	4568	36.6
A_PA	1826	5299	A	0	0	5299	35.2
A_PA	1827	4720	G	0	0	4720	37.1
A_PA	1828	4744	G	0	0	4744	36.4
A_PA	1829	4570	A	0	0	4570	37.1
A_PA	1830	4635	A	0	0	4635	37.9
A_PA	1831	5391	T	0	0	5391	34.7
A_PA	1832	4776	T	0	0	4776	37.4
A_PA	1833	4955	C	0	0	4955	34.3
A_PA	1834	4852	T	0	0	4852	35.0
A_PA	1835	4836	T	0	0	4836	36.1
A_PA	1836	5100	T	0	0	5100	36.3
A_PA	1837	4369	G	0	0	4369	37.1
A_PA	1838	5084	A	0	0	5084	37.7
A_PA	1839	4569	A	0	0	4569	36.6
A_PA	1840	5089	A	0	0	5089	36.3
A_PA	1841	4275	A	0	0	4275	36.0
A_PA	1842	4948	C	0	0	4948	37.5
A_PA	1843	4951	A	0	0	4951	36.0
A_PA	1844	5060	A	0	0	5060	34.9
A_PA	1845	4578	A	0	0	4578	34.0
A_PA	1846	4701	T	0	0	4701	34.2
A_PA	1847	3918	C	0	0	3918	34.1
A_PA	1848	4410	A	0	0	4410	37.5
A_PA	1849	4571	G	0	0	4571	35.4
A_PA	1850	4539	A	0	0	4539	35.8
A_PA	1851	4173	A	0	0	4173	36.8
A_PA	1852	4228	A	0	0	4228	35.8
A_PA	1853	4222	C	0	0	4222	37.6
A_PA	1854	4947	A	0	0	4947	37.9
A_PA	1855	4863	T	0	0	4863	34.6
A_PA	1856	5340	G	0	0	5340	37.3
A_PA	1857	4636	G	0	0	4636	37.4
A_PA	1858	4456	C	0	0	4456	35.6
A_PA	1859	4462	C	0	0	4462	34.1
A_PA	1860	4280	A	0	0	4280	37.3
A_PA	1861	4914	A	0	0	4914	34.5
A_PA	1862	4233	T	0	0	4233	35.6
A_PA	1863	4559	T	0	0	4559	37.5
A_PA	1864	4468	G	0	0	4468	35.7
A_PA	1865	4072	G	0	0	4072	34.0
A_PA	1866	4348	A	0	0	4348	37.8
A_PA	1867	4106	G	0	0	4106	37.8
A_PA	1868	5361	A	0	0	5361	37.1
A_PA	1869	4173	A	0	0	4173	35.5
A_PA	1870	4574	T	0	0	4574	37.1
A_PA	1871	4249	C	0	0	4249	37.4
A_PA	1872	4417	A	0	0	4417	37.8
A_PA	1873	4407	C	0	0	4407	36.0
A_PA	1874	3904	C	0	0	3904	37.6
A_PA	1875	4424	C	0	0	4424	34.8
A_PA	1876	4217	A	0	0	4217	37.0
A_PA	1877	4019	A	0	0	4019	36.6
A_PA	1878	4221	A	0	0	4221	37.1
A_PA	1879	4051	G	0	0	4051	37.4
A_PA	1880	4251	G	0	0	4251	37.3
A_PA	1881	4232	G	0	0	4232	36.8
A_PA	1882	4090	G	0	0	4090	36.7
A_PA	1883	4367	T	0	0	4367	36.3
A_PA	1884	4180	G	0	0	4180	35.9
A_PA	1885	4202	G	0	0	4202	35.8
A_PA	1886	4226	A	0	0	4226	36.2
A_PA	1887	4263	G	0	0	4263	34.5
A_PA	1888	3838	G	0	0	3838	35.0
A_PA	1889	3825	A	0	0	3825	37.1
A_PA	1890	4281	A	0	0	4281	35.1
A_PA	1891	4338	G	0	0	4338	34.3
A_PA	1892	3697	G	0	0	3697	35.0
A_PA	1893	4053	C	0	0	4053	37.7
A_PA	1894	4085	T	0	0	4085	34.8
A_PA	1895	3760	C	0	0	3760	36.9
A_PA	1896	3799	T	0	0	3799	34.1
A_PA	1897	3794	A	0	0	3794	34.3
A_PA	1898	3988	T	0	0	3988	34.4
A_PA	1899	3855	T	0	0	3855	36.4
A_PA	1900	3911	G	0	0	3911	34.2
A_PA	1901	4295	G	0	0	4295	35.2
A_PA	1902	3718	G	0	0	3718	37.2
A_PA	1903	3510	A	0	0	3510	34.2
A_PA	1904	4182	A	0	0	4182	35.9
A_PA	1905	3271	A	0	0	3271	35.6
A_PA	1906	3613	G	0	0	3613	35.0
A_PA	1907	3813	T	0	0	3813	34.6
A_PA	1908	3360	A	0	0	3360	35.0
A_PA	1909	3932	T	0	0	3932	36.7
A_PA	1910	4423	G	0	0	4423	37.4
A_PA	1911	3303	C	0	0	3303	36.6
A_PA	1912	3455	A	0	0	3455	34.0
A_PA	1913	3439	G	0	0	3439	37.7
A_PA	1914	3521	A	0	0	3521	34.6
A_PA	1915	3960	A	0	0	3960	37.8
A_PA	1916	3392	C	0	0	3392	37.4
A_PA	1917	3578	A	0	0	3578	36.7
A_PA	1918	3762	T	0	0	3762	37.7
A_PA	1919	3859	T	0	0	3859	34.9
A_PA	1920	3328	G	0	0	3328	36.3
A_PA	1921	3397	C	0	0	3397	36.5
A_PA	1922	3491	T	0	0	3491	37.1
A_PA	1923	3211	A	0	0	3211	37.1
A_PA	1924	3431	G	0	0	3431	34.5
A_PA	1925	3215	C	0	0	3215	35.5
A_PA	1926	3526	A	0	0	3526	34.7
A_PA	1927	3271	A	0	0	3271	36.1
A_PA	1928	3171	A	0	0	3171	36.9
A_PA	1929	3257	G	0	0	3257	35.7
A_PA	1930	3280	T	0	0	3280	34.8
A_PA	1931	3385	C	0	0	3385	37.2
A_PA	1932	3286	T	0	0	3286	35.8
A_PA	1933	3108	G	0	0	3108	37.0
A_PA	1934	3330	T	0	0	3330	36.7
A_PA	1935	3193	G	0	0	3193	36.0
A_PA	1936	3283	T	0	0	3283	36.1
A_PA	1937	3046	T	0	0	3046	35.3
A_PA	1938	3359	C	0	0	3359	35.3
A_PA	1939	3457	A	0	0	3457	35.9
A_PA	1940	2936	A	0	0	2936	37.0
A_PA	1941	3015	C	0	0	3015	37.9
A_PA	1942	3226	A	0	0	3226	35.0
A_PA	1943	3048	G	0	0	3048	36.6
A_PA	1944	3158	C	0	0	3158	34.9
A_PA	1945	2882	C	0	0	2882	36.6
A_PA	1946	3244	T	0	0	3244	36.8
A_PA	1947	3075	A	0	0	3075	34.6
A_PA	1948	3507	T	0	0	3507	35.0
A_PA	1949	2562	A	0	0	2562	34.1
A_PA	1950	2780	T	0	0	2780	34.2
A_PA	1951	3168	G	0	0	3168	36.6
A_PA	1952	2809	C	0	0	2809	36.2
A_PA	1953	2942	A	0	0	2942	35.6
A_PA	1954	2916	T	0	0	2916	34.4
A_PA	1955	2867	C	0	0	2867	37.4
A_PA	1956	2660	T	0	0	2660	35.5
A_PA	1957	2933	C	0	0	2933	37.8
A_PA	1958	2837	C	0	0	2837	36.0
A_PA	1959	3131	A	0	0	3131	36.2
A_PA	1960	3022	C	0	0	3022	34.6
A_PA	1961	2867	A	0	0	2867	34.6
A_PA	1962	2748	A	0	0	2748	35.5
A_PA	1963	2838	C	0	0	2838	37.6
A_PA	1964	2727	T	0	0	2727	35.1
A_PA	1965	3084	C	0	0	3084	36.6
A_PA	1966	2825	G	0	0	2825	35.9
A_PA	1967	2618	A	0	0	2618	35.0
A_PA	1968	2772	G	0	0	2772	35.7
A_PA	1969	2822	G	0	0	2822	36.3
A_PA	1970	2920	G	0	0	2920	36.5
A_PA	1971	2755	G	0	0	2755	37.0
A_PA	1972	3079	T	0	0	3079	34.3
A_PA	1973	2855	T	0	0	2855	36.4
A_PA	1974	2845	T	0	0	2845	35.0
A_PA	1975	2616	T	0	0	2616	34.4
A_PA	1976	2660	C	0	0	2660	35.1
A_PA	1977	2623	A	0	0	2623	37.0
A_PA	1978	2633	G	0	0	2633	35.0
A_PA	1979	2688	C	0	0	2688	35.4
A_PA	1980	2585	T	0	0	2585	35.1
A_PA	1981	2447	G	0	0	2447	36.0
A_PA	1982	2930	A	0	0	2930	37.7
A_PA	1983	2824	A	0	0	2824	36.2
A_PA	1984	2790	T	0	0	2790	37.9
A_PA	1985	2730	C	0	0	2730	35.7
A_PA	1986	2802	A	0	0	2802	34.2
A_PA	1987	2890	A	0	0	2890	37.6
A_PA	1988	2591	G	0	0	2591	35.4
A_PA	1989	2496	A	0	0	2496	37.1
A_PA	1990	2253	A	0	0	2253	37.9
A_PA	1991	2672	A	0	0	2672	37.7
A_PA	1992	2624	A	0	0	2624	37.6
A_PA	1993	2542	T	0	0	2542	37.0
A_PA	1994	2785	T	0	0	2785	35.7
A_PA	1995	2393	G	0	0	2393	36.4
A_PA	1996	2832	C	0	0	2832	35.4
A_PA	1997	2445	T	0	0	2445	37.7
A_PA	1998	2443	T	0	0	2443	36.5
A_PA	1999	2410	C	0	0	2410	36.7
A_PA	2000	2430	T	0	0	2430	35.2
A_PA	2001	2516	C	0	0	2516	37.6
A_PA	2002	2686	A	0	0	2686	34.1
A_PA	2003	2545	T	0	0	2545	37.7
A_PA	2004	2473	T	0	0	2473	37.9
A_PA	2005	2504	G	0	0	2504	34.6
A_PA	2006	2591	T	0	0	2591	35.5
A_PA	2007	2793	T	0	0	2793	36.9
A_PA	2008	2586	C	0	0	2586	34.1
A_PA	2009	2448	A	0	0	2448	34.8
A_PA	2010	2447	G	0	0	2447	34.2
A_PA	2011	2708	G	0	0	2708	34.4
A_PA	2012	2520	C	0	0	2520	35.8
A_PA	2013	2728	A	0	0	2728	37.6
A_PA	2014	2637	C	0	0	2637	34.9
A_PA	2015	2678	T	0	0	2678	37.4
A_PA	2016	2519	T	0	0	2519	34.8
A_PA	2017	2684	A	0	0	2684	37.3
A_PA	2018	2819	G	0	0	2819	37.3
A_PA	2019	2711	G	0	0	2711	35.9
A_PA	2020	2424	G	0	0	2424	35.5
A_PA	2021	2612	A	0	0	2612	36.8
A_PA	2022	2677	C	0	0	2677	37.1
A_PA	2023	2473	A	0	0	2473	35.7
A_PA	2024	2941	A	0	0	2941	37.6
A_PA	2025	2415	C	0	0	2415	34.9
A_PA	2026	2559	C	0	0	2559	35.5
A_PA	2027	2598	T	0	0	2598	36.1
A_PA	2028	2488	G	0	0	2488	37.3
A_PA	2029	2691	G	0	0	2691	36.7
A_PA	2030	2567	A	0	0	2567	37.2
A_PA	2031	2599	A	0	0	2599	36.2
A_PA	2032	2808	C	0	0	2808	35.0
A_PA	2033	2727	C	0	0	2727	34.1
A_PA	2034	2721	T	0	0	2721	34.7
A_PA	2035	2390	G	0	0	2390	35.8
A_PA	2036	2364	G	0	0	2364	35.5
A_PA	2037	2354	A	0	0	2354	37.8
A_PA	2038	2508	A	0	0	2508	37.9
A_PA	2039	2506	C	0	0	2506	35.0
A_PA	2040	2663	C	0	0	2663	36.9
A_PA	2041	2250	T	0	0	2250	35.2
A_PA	2042	2398	T	0	0	2398	37.8
A_PA	2043	2252	C	0	0	2252	36.9
A_PA	2044	2314	G	0	0	2314	36.3
A_PA	2045	2481	A	0	0	2481	34.9
A_PA	2046	2509	T	0	0	2509	35.5
A_PA	2047	2308	C	0	0	2308	36.5
A_PA	2048	2418	T	0	0	2418	37.5
A_PA	2049	2655	T	0	0	2655	37.6
A_PA	2050	2212	G	0	0	2212	35.1
A_PA	2051	1925	G	0	0	1925	37.6
A_PA	2052	2422	G	0	0	2422	37.2
A_PA	2053	2354	G	0	0	2354	37.2
A_PA	2054	2503	G	0	0	2503	35.6
A_PA	2055	2277	G	0	0	2277	34.6
A_PA	2056	2048	C	0	0	2048	35.8
A_PA	2057	2281	T	0	0	2281	35.6
A_PA	2058	2137	A	0	0	2137	35.8
A_PA	2059	1982	T	0	0	1982	37.5
A_PA	2060	2173	A	0	0	2173	34.3
A_PA	2061	2286	T	0	0	2286	37.1
A_PA	2062	2083	G	0	0	2083	37.5
A_PA	2063	1962	A	0	0	1962	35.4
A_PA	2064	2074	A	0	0	2074	36.1
A_PA	2065	2033	G	0	0	2033	37.3
A_PA	2066	2343	C	0	0	2343	34.7
A_PA	2067	2152	A	0	0	2152	34.2
A_PA	2068	1848	A	0	0	1848	35.6
A_PA	2069	2193	T	0	0	2193	36.5
A_PA	2070	2160	T	0	0	2160	34.8
A_PA	2071	2125	G	0	0	2125	38.0
A_PA	2072	1897	A	0	0	1897	35.4
A_PA	2073	1862	G	0	0	1862	36.4
A_PA	2074	2049	G	0	0	2049	35.5
A_PA	2075	1878	A	0	0	1878	37.3
A_PA	2076	2024	G	0	0	2024	35.9
A_PA	2077	1776	T	0	0	1776	34.3
A_PA	2078	1676	G	0	0	1676	35.2
A_PA	2079	1822	C	0	0	1822	37.2
A_PA	2080	1777	C	0	0	1777	35.5
A_PA	2081	1664	T	0	0	1664	34.3
A_PA	2082	1843	G	0	0	1843	36.4
A_PA	2083	1750	A	0	0	1750	37.6
A_PA	2084	1948	T	0	0	1948	37.1
A_PA	2085	1920	T	0	0	1920	35.6
A_PA	2086	1557	A	0	0	1557	35.8
A_PA	2087	1541	A	0	0	1541	35.4
A_PA	2088	1536	C	0	0	1536	34.4
A_PA	2089	1710	G	0	0	1710	36.2
A_PA	2090	1784	A	0	0	1784	37.6
A_PA	2091	1662	T	0	0	1662	36.5
A_PA	2092	1531	C	0	0	1531	34.2
A_PA	2093	1563	C	0	0	1563	35.3
A_PA	2094	1686	C	0	0	1686	35.3
A_PA	2095	1523	T	0	0	1523	37.9
A_PA	2096	1518	G	0	0	1518	35.7
A_PA	2097	1581	G	0	0	1581	36.8
A_PA	2098	1515	G	0	0	1515	34.8
A_PA	2099	1412	T	0	0	1412	38.0
A_PA	2100	1321	T	0	0	1321	34.6
A_PA	2101	1452	T	0	0	1452	34.1
A_PA	2102	1356	T	0	0	1356	34.2
A_PA	2103	1365	G	0	0	1365	36.8
A_PA	2104	1463	C	0	0	1463	35.0
A_PA	2105	1273	T	0	0	1273	37.6
A_PA	2106	1343	T	0	0	1343	37.3
A_PA	2107	1100	A	0	0	1100	37.8
A_PA	2108	1307	A	0	0	1307	36.6
A_PA	2109	1270	T	0	0	1270	35.4
A_PA	2110	1193	G	0	0	1193	34.5
A_PA	2111	1202	C	0	0	1202	37.8
A_PA	2112	1258	A	0	0	1258	34.4
A_PA	2113	1103	T	0	0	1103	34.5
A_PA	2114	1105	C	0	0	1105	36.4
A_PA	2115	982	T	0	0	982	37.0
A_PA	2116	1002	T	0	0	1002	35.3
A_PA	2117	945	G	0	0	945	35.7
A_PA	2118	889	G	0	0	889	37.6
A_PA	2119	945	T	0	0	945	36.3
A_PA	2120	860	T	0	0	860	35.1
A_PA	2121	1012	C	0	0	1012	34.5
A_PA	2122	892	A	0	0	892	34.7
A_PA	2123	838	A	0	0	838	35.3
A_PA	2124	867	C	0	0	867	36.1
A_PA	2125	794	T	0	0	794	34.2
A_PA	2126	762	C	0	0	762	36.2
A_PA	2127	671	C	0	0	671	37.7
A_PA	2128	760	T	0	0	760	37.8
A_PA	2129	659	T	0	0	659	35.5
A_PA	2130	611	C	0	0	611	37.4
A_PA	2131	636	C	0	0	636	35.4
A_PA	2132	623	T	0	0	623	37.3
A_PA	2133	528	C	0	0	528	37.2
A_PA	2134	582	A	0	0	582	35.3
A_PA	2135	534	C	0	0	534	34.9
A_PA	2136	462	A	0	0	462	34.9
A_PA	2137	446	C	0	0	446	37.1
A_PA	2138	371	A	0	0	371	34.7
A_PA	2139	362	T	0	0	362	35.9
A_PA	2140	331	G	0	0	331	35.2
A_PA	2141	343	C	0	0	343	36.1
A_PA	2142	277	A	0	0	277	37.4
A_PA	2143	256	C	0	0	256	37.1
A_PA	2144	214	T	0	0	214	37.7
A_PA	2145	205	G	0	0	205	37.2
A_PA	2146	162	A	0	0	162	34.7
A_PA	2147	147	A	0	0	147	35.3
A_PA	2148	94	A	0	0	94	37.3
A_PA	2149	60	T	0	0	60	35.0
A_PA	2150	31	A	0	0	31	36.1
A_PA	2151	0	G	0	0	0	37.7
