Reference_Name	Position	Coverage Depth	Consensus	Deletions	Ambiguous	Consensus_Count	Consensus_Average_Quality
A_PB2	1	19	A	0	0	19	35.1
A_PB2	2	40	T	0	0	40	37.7
A_PB2	3	63	G	0	0	63	36.1
A_PB2	4	85	G	0	0	85	36.3
A_PB2	5	98	A	0	0	98	34.7
A_PB2	6	113	G	0	0	113	34.2
A_PB2	7	135	A	0	0	135	37.5
A_PB2	8	152	G	0	0	152	37.3
A_PB2	9	173	A	0	0	173	36.4
A_PB2	10	214	A	0	0	214	37.8
A_PB2	11	198	T	0	0	198	34.9
A_PB2	12	242	A	0	0	242	36.0
A_PB2	13	260	A	0	0	260	35.0
A_PB2	14	282	A	0	0	282	37.4
A_PB2	15	318	A	0	0	318	35.3
A_PB2	16	328	G	0	0	328	35.2
A_PB2	17	383	A	0	0	383	36.7
A_PB2	18	341	A	0	0	341	34.1
A_PB2	19	383	C	0	0	383	35.0
A_PB2	20	376	T	0	0	376	34.3
A_PB2	21	381	A	0	0	381	37.3
A_PB2	22	429	A	0	0	429	35.1
A_PB2	23	444	G	0	0	444	34.4
A_PB2	24	451	A	0	0	451	38.0
A_PB2	25	465	G	0	0	465	35.3
A_PB2	26	488	A	0	0	488	34.1
A_PB2	27	465	T	0	0	465	34.5
A_PB2	28	607	C	0	0	607	36.8
A_PB2	29	591	T	0	0	591	37.0
A_PB2	30	558	A	0	0	558	34.8
A_PB2	31	647	A	0	0	647	36.9
A_PB2	32	643	T	0	0	643	37.4
A_PB2	33	647	G	0	0	647	36.0
A_PB2	34	658	T	0	0	658	37.7
A_PB2	35	648	C	0	0	648	36.5
A_PB2	36	716	A	0	0	716	34.9
A_PB2	37	744	C	0	0	744	36.1
A_PB2	38	750	A	0	0	750	37.1
A_PB2	39	663	G	0	0	663	34.4
A_PB2	40	758	T	0	0	758	35.7
A_PB2	41	789	C	0	0	789	36.2
A_PB2	42	792	T	0	0	792	35.2
A_PB2	43	798	C	0	0	798	37.4
A_PB2	44	893	G	0	0	893	34.5
A_PB2	45	879	C	0	0	879	34.8
A_PB2	46	852	A	0	0	852	36.6
A_PB2	47	913	C	0	0	913	35.0
A_PB2	48	1018	T	0	0	1018	34.8
A_PB2	49	950	C	0	0	950	34.7
A_PB2	50	1006	G	0	0	1006	35.8
A_PB2	51	969	C	0	0	969	35.3
A_PB2	52	911	G	0	0	911	35.4
A_PB2	53	1105	A	0	0	1105	37.6
A_PB2	54	1055	G	0	0	1055	34.6
A_PB2	55	1152	A	0	0	1152	36.8
A_PB2	56	986	T	0	0	986	34.9
A_PB2	57	1176	A	0	0	1176	34.7
A_PB2	58	1125	C	0	0	1125	37.1
A_PB2	59	1200	T	0	0	1200	35.4
A_PB2	60	1344	G	0	0	1344	35.2
A_PB2	61	1126	A	0	0	1126	37.4
A_PB2	62	1066	C	0	0	1066	37.6
A_PB2	63	1363	C	0	0	1363	36.3
A_PB2	64	1292	A	0	0	1292	35.8
A_PB2	65	1229	A	0	0	1229	37.9
A_PB2	66	1246	A	0	0	1246	37.8
A_PB2	67	1235	A	0	0	1235	36.6
A_PB2	68	1321	C	0	0	1321	37.0
A_PB2	69	1343	C	0	0	1343	35.6
A_PB2	70	1263	A	0	0	1263	35.6
A_PB2	71	1218	C	0	0	1218	34.4
A_PB2	72	1407	T	0	0	1407	36.7
A_PB2	73	1265	G	0	0	1265	36.7
A_PB2	74	1482	T	0	0	1482	37.1
A_PB2	75	1445	T	0	0	1445	36.5
A_PB2	76	1281	G	0	0	1281	37.8
A_PB2	77	1440	A	0	0	1440	36.1
A_PB2	78	1539	C	0	0	1539	34.0
A_PB2	79	1546	C	0	0	1546	35.3
A_PB2	80	1506	A	0	0	1506	37.5
A_PB2	81	1505	C	0	0	1505	37.6
A_PB2	82	1510	A	0	0	1510	35.0
A_PB2	83	1584	T	0	0	1584	38.0
A_PB2	84	1467	G	0	0	1467	37.4
A_PB2	85	1610	G	0	0	1610	35.2
A_PB2	86	1736	C	0	0	1736	37.7
A_PB2	87	1652	C	0	0	1652	35.6
A_PB2	88	1486	A	0	0	1486	36.0
A_PB2	89	1757	T	0	0	1757	34.6
A_PB2	90	1819	A	0	0	1819	37.0
A_PB2	91	1718	A	0	0	1718	34.6
A_PB2	92	1688	T	0	0	1688	37.8
A_PB2	93	1805	C	0	0	1805	36.2
A_PB2	94	1825	A	0	0	1825	34.8
A_PB2	95	1813	A	0	0	1813	35.4
A_PB2	96	1781	A	0	0	1781	37.2
A_PB2	97	1769	A	0	0	1769	34.1
A_PB2	98	2054	A	0	0	2054	37.3
A_PB2	99	1699	G	0	0	1699	36.9
A_PB2	100	2039	T	0	0	2039	37.5
A_PB2	101	1844	A	0	0	1844	35.7
A_PB2	102	1774	C	0	0	1774	36.3
A_PB2	103	2172	A	0	0	2172	35.1
A_PB2	104	2075	C	0	0	2075	36.7
A_PB2	105	2263	A	0	0	2263	37.9
A_PB2	106	1985	T	0	0	1985	34.7
A_PB2	107	2174	C	0	0	2174	37.8
A_PB2	108	2037	G	0	0	2037	35.8
A_PB2	109	2028	G	0	0	2028	35.9
A_PB2	110	2010	G	0	0	2010	35.3
A_PB2	111	2228	A	0	0	2228	35.2
A_PB2	112	2039	A	0	0	2039	34.3
A_PB2	113	2012	G	0	0	2012	36.6
A_PB2	114	2182	G	0	0	2182	37.9
A_PB2	115	2109	C	0	0	2109	34.4
A_PB2	116	2114	A	0	0	2114	36.3
A_PB2	117	2241	A	0	0	2241	37.5
A_PB2	118	2431	G	0	0	2431	35.0
A_PB2	119	2624	A	0	0	2624	37.5
A_PB2	120	2305	G	0	0	2305	37.6
A_PB2	121	2413	A	0	0	2413	34.6
A_PB2	122	2442	A	0	0	2442	34.9
A_PB2	123	2328	G	0	0	2328	36.0
A_PB2	124	2339	A	0	0	2339	35.7
A_PB2	125	2651	A	0	0	2651	37.5
A_PB2	126	2545	C	0	0	2545	36.4
A_PB2	127	2440	C	0	0	2440	36.6
A_PB2	128	2574	C	0	0	2574	34.2
A_PB2	129	2498	C	0	0	2498	36.8
A_PB2	130	2484	G	0	0	2484	36.5
A_PB2	131	2424	C	0	0	2424	37.7
A_PB2	132	2536	A	0	0	2536	36.7
A_PB2	133	2803	C	0	0	2803	35.1
A_PB2	134	2937	T	0	0	2937	36.1
A_PB2	135	2788	C	0	0	2788	37.4
A_PB2	136	2694	A	0	0	2694	34.0
A_PB2	137	2610	G	0	0	2610	37.6
A_PB2	138	2798	A	0	0	2798	37.4
A_PB2	139	2715	A	0	0	2715	35.7
A_PB2	140	2587	T	0	0	2587	36.4
A_PB2	141	2559	G	0	0	2559	34.8
A_PB2	142	2747	A	0	0	2747	36.6
A_PB2	143	2595	A	0	0	2595	34.4
A_PB2	144	2764	A	0	0	2764	36.0
A_PB2	145	2517	T	0	0	2517	37.6
A_PB2	146	2820	G	0	0	2820	35.4
A_PB2	147	2855	G	0	0	2855	35.9
A_PB2	148	2559	A	0	0	2559	36.2
A_PB2	149	3041	T	0	0	3041	35.6
A_PB2	150	2966	G	0	0	2966	34.1
A_PB2	151	2984	A	0	0	2984	36.7
A_PB2	152	2694	T	0	0	2694	37.2
A_PB2	153	2644	G	0	0	2644	35.9
A_PB2	154	2716	G	0	0	2716	36.9
A_PB2	155	2611	C	0	0	2611	34.3
A_PB2	156	2962	A	0	0	2962	37.3
A_PB2	157	2799	A	0	0	2799	37.9
A_PB2	158	2611	T	0	0	2611	35.4
A_PB2	159	2804	G	0	0	2804	35.0
A_PB2	160	2763	A	0	0	2763	35.4
A_PB2	161	3101	A	0	0	3101	37.3
A_PB2	162	3041	A	0	0	3041	34.4
A_PB2	163	3002	T	0	0	3002	38.0
A_PB2	164	3091	A	0	0	3091	35.5
A_PB2	165	2880	T	0	0	2880	37.9
A_PB2	166	2813	C	0	0	2813	37.9
A_PB2	167	2866	C	0	0	2866	35.9
A_PB2	168	2825	A	0	0	2825	37.5
A_PB2	169	2961	A	0	0	2961	35.7
A_PB2	170	3033	T	0	0	3033	37.4
A_PB2	171	3259	T	0	0	3259	37.8
A_PB2	172	2675	A	0	0	2675	35.3
A_PB2	173	2695	C	0	0	2695	35.2
A_PB2	174	2961	A	0	0	2961	35.9
A_PB2	175	2992	G	0	0	2992	35.3
A_PB2	176	3011	C	0	0	3011	35.4
A_PB2	177	2955	A	0	0	2955	36.9
A_PB2	178	2807	G	0	0	2807	36.7
A_PB2	179	2996	A	0	0	2996	36.8
A_PB2	180	2685	T	0	0	2685	37.3
A_PB2	181	3020	A	0	0	3020	36.0
A_PB2	182	3307	A	0	0	3307	37.0
A_PB2	183	3169	G	0	0	3169	35.0
A_PB2	184	2842	C	0	0	2842	35.9
A_PB2	185	3035	G	0	0	3035	35.2
A_PB2	186	3067	A	0	0	3067	36.6
A_PB2	187	2837	A	0	0	2837	36.2
A_PB2	188	3043	T	0	0	3043	37.4
A_PB2	189	3151	A	0	0	3151	35.2
A_PB2	190	3354	A	0	0	3354	36.4
A_PB2	191	3045	T	0	0	3045	35.6
A_PB2	192	3216	G	0	0	3216	37.7
A_PB2	193	3412	G	0	0	3412	37.2
A_PB2	194	3301	A	0	0	3301	35.4
A_PB2	195	3224	A	0	0	3224	35.1
A_PB2	196	3286	A	0	0	3286	35.0
A_PB2	197	3580	T	0	0	3580	37.0
A_PB2	198	3043	G	0	0	3043	34.7
A_PB2	199	3164	A	0	0	3164	37.6
A_PB2	200	3057	T	0	0	3057	37.3
A_PB2	201	3289	C	0	0	3289	34.3
A_PB2	202	3270	C	0	0	3270	35.2
A_PB2	203	3303	C	0	0	3303	35.3
A_PB2	204	3404	T	0	0	3404	36.4
A_PB2	205	3166	G	0	0	3166	37.9
A_PB2	206	3217	A	0	0	3217	37.5
A_PB2	207	3169	G	0	0	3169	36.4
A_PB2	208	3115	A	0	0	3115	36.5
A_PB2	209	3206	G	0	0	3206	37.1
A_PB2	210	3345	G	0	0	3345	35.5
A_PB2	211	3415	A	0	0	3415	36.8
A_PB2	212	3788	A	0	0	3788	35.7
A_PB2	213	3625	T	0	0	3625	34.2
A_PB2	214	3387	G	0	0	3387	38.0
A_PB2	215	3423	A	0	0	3423	37.0
A_PB2	216	3177	A	0	0	3177	37.0
A_PB2	217	3320	C	0	0	3320	36.0
A_PB2	218	3566	A	0	0	3566	37.9
A_PB2	219	3097	A	0	0	3097	36.0
A_PB2	220	3228	G	0	0	3228	36.5
A_PB2	221	3476	G	0	0	3476	34.6
A_PB2	222	3144	G	0	0	3144	36.1
A_PB2	223	3414	C	0	0	3414	35.5
A_PB2	224	3184	A	0	0	3184	36.8
A_PB2	225	3401	A	0	0	3401	34.2
A_PB2	226	2954	A	0	0	2954	37.5
A_PB2	227	3532	C	0	0	3532	34.5
A_PB2	228	3345	T	0	0	3345	34.9
A_PB2	229	3679	C	0	0	3679	34.6
A_PB2	230	3384	T	0	0	3384	34.7
A_PB2	231	3310	C	0	0	3310	34.9
A_PB2	232	3683	T	0	0	3683	37.3
A_PB2	233	3748	G	0	0	3748	35.2
A_PB2	234	3603	G	0	0	3603	36.8
A_PB2	235	3681	A	0	0	3681	37.7
A_PB2	236	3371	G	0	0	3371	34.9
A_PB2	237	3742	C	0	0	3742	35.9
A_PB2	238	3248	A	0	0	3248	37.7
A_PB2	239	3529	A	0	0	3529	37.3
A_PB2	240	3825	A	0	0	3825	37.2
A_PB2	241	3673	A	0	0	3673	37.5
A_PB2	242	3604	C	0	0	3604	37.3
A_PB2	243	3329	A	0	0	3329	34.4
A_PB2	244	3467	A	0	0	3467	36.3
A_PB2	245	3626	A	0	0	3626	34.4
A_PB2	246	3610	C	0	0	3610	34.3
A_PB2	247	3870	G	0	0	3870	35.0
A_PB2	248	3804	A	0	0	3804	35.3
A_PB2	249	3261	T	0	0	3261	36.2
A_PB2	250	3814	G	0	0	3814	34.1
A_PB2	251	3752	C	0	0	3752	36.2
A_PB2	252	3648	C	0	0	3648	37.4
A_PB2	253	3425	G	0	0	3425	36.2
A_PB2	254	3539	G	0	0	3539	35.5
A_PB2	255	3316	A	0	0	3316	37.6
A_PB2	256	3505	T	0	0	3505	36.7
A_PB2	257	3447	C	0	0	3447	35.9
A_PB2	258	3541	A	0	0	3541	35.9
A_PB2	259	3670	G	0	0	3670	35.4
A_PB2	260	3670	A	0	0	3670	34.1
A_PB2	261	3560	C	0	0	3560	37.9
A_PB2	262	3701	C	0	0	3701	35.5
A_PB2	263	3308	G	0	0	3308	36.7
A_PB2	264	3695	A	0	0	3695	37.7
A_PB2	265	3527	G	0	0	3527	37.2
A_PB2	266	3343	T	0	0	3343	34.7
A_PB2	267	3397	G	0	0	3397	36.3
A_PB2	268	3640	A	0	0	3640	36.4
A_PB2	269	3221	T	0	0	3221	37.0
A_PB2	270	3751	G	0	0	3751	34.5
A_PB2	271	3318	G	0	0	3318	36.3
A_PB2	272	3959	T	0	0	3959	37.6
A_PB2	273	4208	A	0	0	4208	36.4
A_PB2	274	3733	T	0	0	3733	37.4
A_PB2	275	3683	C	0	0	3683	37.6
A_PB2	276	3948	A	0	0	3948	34.3
A_PB2	277	3731	C	0	0	3731	35.6
A_PB2	278	3418	C	0	0	3418	35.2
A_PB2	279	3574	C	0	0	3574	35.2
A_PB2	280	3779	C	0	0	3779	37.3
A_PB2	281	3309	T	0	0	3309	34.0
A_PB2	282	3637	G	0	0	3637	36.4
A_PB2	283	3892	G	0	0	3892	35.5
A_PB2	284	3626	C	0	0	3626	36.5
A_PB2	285	3720	T	0	0	3720	37.8
A_PB2	286	3743	G	0	0	3743	37.3
A_PB2	287	3874	T	0	0	3874	35.9
A_PB2	288	3624	G	0	0	3624	35.5
A_PB2	289	3483	A	0	0	3483	37.6
A_PB2	290	3595	C	0	0	3595	35.5
A_PB2	291	3492	A	0	0	3492	36.4
A_PB2	292	3657	T	0	0	3657	37.6
A_PB2	293	3463	G	0	0	3463	34.5
A_PB2	294	3310	G	0	0	3310	34.1
A_PB2	295	3943	T	0	0	3943	37.4
A_PB2	296	3850	G	0	0	3850	36.2
A_PB2	297	3555	G	0	0	3555	34.7
A_PB2	298	3561	A	0	0	3561	36.7
A_PB2	299	3730	A	0	0	3730	37.5
A_PB2	300	4333	C	0	0	4333	34.5
A_PB2	301	3564	A	0	0	3564	37.9
A_PB2	302	3512	G	0	0	3512	34.0
A_PB2	303	3726	G	0	0	3726	35.3
A_PB2	304	3687	A	0	0	3687	36.7
A_PB2	305	3316	A	0	0	3316	37.6
A_PB2	306	3960	C	0	0	3960	35.1
A_PB2	307	3954	G	0	0	3954	35.2
A_PB2	308	3495	G	0	0	3495	37.5
A_PB2	309	3686	A	0	0	3686	37.1
A_PB2	310	4092	C	0	0	4092	36.1
A_PB2	311	3739	C	0	0	3739	36.7
A_PB2	312	3841	A	0	0	3841	35.3
A_PB2	313	3487	A	0	0	3487	35.6
A_PB2	314	3568	C	0	0	3568	37.4
A_PB2	315	3439	A	0	0	3439	35.0
A_PB2	316	3896	A	0	0	3896	35.9
A_PB2	317	3716	C	0	0	3716	36.0
A_PB2	318	3590	A	0	0	3590	36.6
A_PB2	319	3309	A	0	0	3309	37.7
A_PB2	320	3487	G	0	0	3487	35.9
A_PB2	321	3477	T	0	0	3477	37.0
A_PB2	322	3592	A	0	0	3592	36.0
A_PB2	323	3466	C	0	0	3466	37.4
A_PB2	324	3789	A	0	0	3789	37.0
A_PB2	325	3280	G	0	0	3280	36.0
A_PB2	326	4299	T	0	0	4299	36.8
A_PB2	327	3402	C	0	0	3402	36.6
A_PB2	328	3622	C	0	0	3622	36.6
A_PB2	329	3182	A	0	0	3182	35.0
A_PB2	330	3483	C	0	0	3483	35.4
A_PB2	331	3778	T	0	0	3778	34.7
A_PB2	332	3671	A	0	0	3671	35.2
A_PB2	333	3624	C	0	0	3624	37.5
A_PB2	334	3188	C	0	0	3188	34.1
A_PB2	335	3862	C	0	0	3862	35.9
A_PB2	336	3586	A	0	0	3586	34.5
A_PB2	337	3299	A	0	0	3299	37.0
A_PB2	338	3160	A	0	0	3160	36.4
A_PB2	339	3534	G	0	0	3534	37.7
A_PB2	340	3592	G	0	0	3592	36.5
A_PB2	341	3494	T	0	0	3494	34.4
A_PB2	342	3481	A	0	0	3481	38.0
A_PB2	343	3237	T	0	0	3237	35.5
A_PB2	344	3439	A	0	0	3439	36.0
A_PB2	345	3276	T	0	0	3276	37.3
A_PB2	346	3377	A	0	0	3377	34.8
A_PB2	347	3193	A	0	0	3193	34.3
A_PB2	348	3564	A	0	0	3564	35.2
A_PB2	349	3282	A	0	0	3282	36.1
A_PB2	350	3415	C	0	0	3415	37.1
A_PB2	351	3186	T	0	0	3186	35.9
A_PB2	352	3497	T	0	0	3497	34.6
A_PB2	353	3615	A	0	0	3615	34.5
A_PB2	354	3303	T	0	0	3303	35.4
A_PB2	355	3242	T	0	0	3242	35.1
A_PB2	356	3171	T	0	0	3171	34.5
A_PB2	357	3334	C	0	0	3334	36.0
A_PB2	358	3481	G	0	0	3481	37.0
A_PB2	359	3228	A	0	0	3228	36.3
A_PB2	360	3208	A	0	0	3208	37.1
A_PB2	361	3475	A	0	0	3475	35.5
A_PB2	362	3601	A	0	0	3601	35.7
A_PB2	363	3234	A	0	0	3234	37.4
A_PB2	364	3175	G	0	0	3175	34.7
A_PB2	365	3109	T	0	0	3109	36.3
A_PB2	366	2940	T	0	0	2940	34.3
A_PB2	367	3146	G	0	0	3146	36.5
A_PB2	368	3538	A	0	0	3538	34.8
A_PB2	369	3110	A	0	0	3110	36.2
A_PB2	370	3372	A	0	0	3372	36.0
A_PB2	371	3224	G	0	0	3224	34.6
A_PB2	372	3535	G	0	0	3535	36.7
A_PB2	373	2999	T	0	0	2999	35.1
A_PB2	374	3204	T	0	0	3204	37.3
A_PB2	375	3434	G	0	0	3434	37.4
A_PB2	376	3105	A	0	0	3105	37.2
A_PB2	377	3211	A	0	0	3211	37.4
A_PB2	378	3063	A	0	0	3063	34.9
A_PB2	379	3087	C	0	0	3087	35.9
A_PB2	380	3162	A	0	0	3162	36.3
A_PB2	381	3398	C	0	0	3398	35.8
A_PB2	382	3247	G	0	0	3247	36.9
A_PB2	383	3225	G	0	0	3225	35.7
A_PB2	384	3033	G	0	0	3033	35.6
A_PB2	385	3009	A	0	0	3009	34.2
A_PB2	386	3065	C	0	0	3065	36.1
A_PB2	387	3355	C	0	0	3355	34.0
A_PB2	388	2918	T	0	0	2918	34.2
A_PB2	389	3219	T	0	0	3219	34.7
A_PB2	390	3015	T	0	0	3015	34.6
A_PB2	391	3042	G	0	0	3042	37.3
A_PB2	392	3029	G	0	0	3029	36.5
A_PB2	393	2792	C	0	0	2792	35.5
A_PB2	394	3034	C	0	0	3034	36.1
A_PB2	395	2975	C	0	0	2975	35.5
A_PB2	396	3113	T	0	0	3113	36.3
A_PB2	397	2946	G	0	0	2946	35.0
A_PB2	398	2571	T	0	0	2571	35.1
A_PB2	399	2587	G	0	0	2587	34.6
A_PB2	400	2893	C	0	0	2893	34.0
A_PB2	401	2794	A	0	0	2794	37.8
A_PB2	402	2703	C	0	0	2703	34.5
A_PB2	403	2580	T	0	0	2580	34.1
A_PB2	404	2837	T	0	0	2837	36.3
A_PB2	405	2869	C	0	0	2869	35.9
A_PB2	406	2855	A	0	0	2855	34.7
A_PB2	407	2473	G	0	0	2473	34.1
A_PB2	408	2679	A	0	0	2679	35.8
A_PB2	409	2662	A	0	0	2662	36.5
A_PB2	410	2689	A	0	0	2689	36.0
A_PB2	411	2574	C	0	0	2574	37.2
A_PB2	412	2901	C	0	0	2901	35.7
A_PB2	413	2650	A	0	0	2650	36.7
A_PB2	414	2642	A	0	0	2642	37.3
A_PB2	415	2610	G	0	0	2610	34.0
A_PB2	416	2689	T	0	0	2689	34.5
A_PB2	417	2703	T	0	0	2703	35.3
A_PB2	418	2790	A	0	0	2790	36.3
A_PB2	419	2783	A	0	0	2783	36.5
A_PB2	420	2645	G	0	0	2645	34.9
A_PB2	421	2522	A	0	0	2522	37.5
A_PB2	422	2675	T	0	0	2675	34.1
A_PB2	423	2513	A	0	0	2513	35.9
A_PB2	424	2398	A	0	0	2398	37.2
A_PB2	425	2634	G	0	0	2634	37.7
A_PB2	426	2716	A	0	0	2716	36.9
A_PB2	427	2308	C	0	0	2308	35.2
A_PB2	428	2641	G	0	0	2641	37.9
A_PB2	429	2465	G	0	0	2465	36.5
A_PB2	430	2700	A	0	0	2700	35.8
A_PB2	431	2764	G	0	0	2764	36.1
A_PB2	432	2339	G	0	0	2339	34.3
A_PB2	433	2671	G	0	0	2671	36.4
A_PB2	434	2559	T	0	0	2559	36.5
A_PB2	435	2282	C	0	0	2282	37.4
A_PB2	436	2346	G	0	0	2346	37.6
A_PB2	437	2320	A	0	0	2320	37.7
A_PB2	438	2699	T	0	0	2699	35.0
A_PB2	439	2324	A	0	0	2324	34.3
A_PB2	440	2330	T	0	0	2330	36.8
A_PB2	441	2725	A	0	0	2725	36.0
A_PB2	442	2365	A	0	0	2365	34.5
A_PB2	443	2474	A	0	0	2474	36.2
A_PB2	444	2562	C	0	0	2562	35.4
A_PB2	445	2623	C	0	0	2623	34.2
A_PB2	446	2236	C	0	0	2236	36.3
A_PB2	447	2404	G	0	0	2404	36.1
A_PB2	448	2342	G	0	0	2342	34.8
A_PB2	449	2599	G	0	0	2599	37.4
A_PB2	450	2314	C	0	0	2314	34.6
A_PB2	451	2146	C	0	0	2146	35.2
A_PB2	452	2328	A	0	0	2328	34.8
A_PB2	453	2569	T	0	0	2569	34.2
A_PB2	454	2323	G	0	0	2323	35.3
A_PB2	455	2179	C	0	0	2179	34.4
A_PB2	456	2303	T	0	0	2303	37.4
A_PB2	457	2351	G	0	0	2351	36.5
A_PB2	458	2365	A	0	0	2365	36.4
A_PB2	459	2516	C	0	0	2516	37.0
A_PB2	460	2227	C	0	0	2227	34.1
A_PB2	461	2082	T	0	0	2082	35.7
A_PB2	462	2183	C	0	0	2183	37.2
A_PB2	463	2286	A	0	0	2286	36.5
A_PB2	464	2325	G	0	0	2325	36.5
A_PB2	465	2634	T	0	0	2634	37.4
A_PB2	466	2184	G	0	0	2184	37.7
A_PB2	467	2239	C	0	0	2239	37.8
A_PB2	468	2317	C	0	0	2317	37.2
A_PB2	469	2173	A	0	0	2173	35.8
A_PB2	470	2318	A	0	0	2318	37.0
A_PB2	471	2103	A	0	0	2103	36.7
A_PB2	472	2222	G	0	0	2222	37.6
A_PB2	473	2291	A	0	0	2291	37.0
A_PB2	474	2231	G	0	0	2231	36.4
A_PB2	475	2327	G	0	0	2327	34.8
A_PB2	476	2388	C	0	0	2388	35.4
A_PB2	477	2227	G	0	0	2227	34.9
A_PB2	478	2213	C	0	0	2213	38.0
A_PB2	479	2401	A	0	0	2401	35.4
A_PB2	480	2239	G	0	0	2239	36.8
A_PB2	481	2000	G	0	0	2000	35.5
A_PB2	482	2280	A	0	0	2280	36.8
A_PB2	483	2079	T	0	0	2079	34.6
A_PB2	484	2564	G	0	0	2564	36.6
A_PB2	485	2560	T	0	0	2560	37.7
A_PB2	486	2252	A	0	0	2252	35.9
A_PB2	487	2300	A	0	0	2300	36.9
A_PB2	488	2112	T	0	0	2112	34.8
A_PB2	489	2449	C	0	0	2449	34.9
A_PB2	490	2497	A	0	0	2497	36.8
A_PB2	491	2264	T	0	0	2264	35.3
A_PB2	492	2162	G	0	0	2162	34.8
A_PB2	493	2328	G	0	0	2328	35.3
A_PB2	494	2113	A	0	0	2113	35.3
A_PB2	495	2044	A	0	0	2044	36.2
A_PB2	496	2291	G	0	0	2291	34.2
A_PB2	497	2289	T	0	0	2289	34.3
A_PB2	498	2266	C	0	0	2266	36.5
A_PB2	499	2101	G	0	0	2101	35.3
A_PB2	500	2356	T	0	0	2356	35.3
A_PB2	501	2125	C	0	0	2125	34.9
A_PB2	502	2427	T	0	0	2427	35.4
A_PB2	503	2209	T	0	0	2209	35.1
A_PB2	504	2331	C	0	0	2331	34.3
A_PB2	505	2078	C	0	0	2078	35.6
A_PB2	506	2114	C	0	0	2114	34.1
A_PB2	507	2020	A	0	0	2020	36.8
A_PB2	508	2613	A	0	0	2613	37.2
A_PB2	509	2209	A	0	0	2209	37.5
A_PB2	510	2208	T	0	0	2208	34.1
A_PB2	511	2212	G	0	0	2212	37.8
A_PB2	512	2322	A	0	0	2322	35.1
A_PB2	513	2176	A	0	0	2176	35.2
A_PB2	514	2271	G	0	0	2271	36.5
A_PB2	515	2261	T	0	0	2261	35.8
A_PB2	516	2225	G	0	0	2225	34.3
A_PB2	517	2260	G	0	0	2260	37.9
A_PB2	518	2328	G	0	0	2328	36.1
A_PB2	519	2195	A	0	0	2195	38.0
A_PB2	520	2020	G	0	0	2020	35.7
A_PB2	521	2138	C	0	0	2138	37.7
A_PB2	522	2137	A	0	0	2137	36.3
A_PB2	523	2493	A	0	0	2493	36.6
A_PB2	524	2325	G	0	0	2325	34.9
A_PB2	525	2202	G	0	0	2202	36.5
A_PB2	526	2167	A	0	0	2167	36.7
A_PB2	527	2430	T	0	0	2430	37.2
A_PB2	528	2359	A	0	0	2359	34.3
A_PB2	529	2429	T	0	0	2429	36.9
A_PB2	530	2453	T	0	0	2453	34.9
A_PB2	531	2111	G	0	0	2111	36.6
A_PB2	532	2418	A	0	0	2418	36.6
A_PB2	533	2424	C	0	0	2424	37.7
A_PB2	534	2479	G	0	0	2479	36.5
A_PB2	535	2599	T	0	0	2599	36.3
A_PB2	536	2250	C	0	0	2250	34.0
A_PB2	537	2212	G	0	0	2212	36.1
A_PB2	538	2293	G	0	0	2293	36.9
A_PB2	539	2486	A	0	0	2486	35.9
A_PB2	540	2431	G	0	0	2431	35.1
A_PB2	541	2440	T	0	0	2440	35.5
A_PB2	542	2403	C	0	0	2403	34.6
A_PB2	543	2147	A	0	0	2147	34.5
A_PB2	544	2308	C	0	0	2308	34.2
A_PB2	545	2534	A	0	0	2534	37.4
A_PB2	546	2192	A	0	0	2192	35.7
A_PB2	547	2366	C	0	0	2366	36.4
A_PB2	548	2463	T	0	0	2463	37.8
A_PB2	549	2647	G	0	0	2647	35.1
A_PB2	550	2531	A	0	0	2531	35.0
A_PB2	551	2603	C	0	0	2603	36.3
A_PB2	552	2469	G	0	0	2469	37.9
A_PB2	553	2176	A	0	0	2176	38.0
A_PB2	554	2569	T	0	0	2569	34.1
A_PB2	555	2381	A	0	0	2381	35.4
A_PB2	556	2359	A	0	0	2359	34.2
A_PB2	557	2492	C	0	0	2492	34.8
A_PB2	558	2302	A	0	0	2302	36.6
A_PB2	559	2267	A	0	0	2267	35.6
A_PB2	560	2292	A	0	0	2292	36.6
A_PB2	561	2685	G	0	0	2685	36.4
A_PB2	562	2299	G	0	0	2299	38.0
A_PB2	563	2184	A	0	0	2184	37.1
A_PB2	564	2447	G	0	0	2447	37.4
A_PB2	565	2431	A	0	0	2431	36.3
A_PB2	566	2425	A	0	0	2425	37.1
A_PB2	567	2565	A	0	0	2565	36.3
A_PB2	568	2445	A	0	0	2445	36.2
A_PB2	569	2586	A	0	0	2586	36.1
A_PB2	570	2813	G	0	0	2813	36.0
A_PB2	571	2428	G	0	0	2428	36.8
A_PB2	572	2540	A	0	0	2540	35.8
A_PB2	573	2514	A	0	0	2514	35.0
A_PB2	574	2367	G	0	0	2367	35.9
A_PB2	575	2504	A	0	0	2504	35.2
A_PB2	576	2380	A	0	0	2380	36.0
A_PB2	577	2304	C	0	0	2304	35.3
A_PB2	578	2536	T	0	0	2536	36.7
A_PB2	579	2249	C	0	0	2249	34.6
A_PB2	580	2345	C	0	0	2345	36.3
A_PB2	581	2366	A	0	0	2366	35.6
A_PB2	582	2668	G	0	0	2668	34.9
A_PB2	583	2441	G	0	0	2441	37.8
A_PB2	584	3057	A	0	0	3057	36.0
A_PB2	585	2246	C	0	0	2246	36.3
A_PB2	586	2531	T	0	0	2531	34.3
A_PB2	587	2587	G	0	0	2587	36.3
A_PB2	588	2420	C	0	0	2420	36.7
A_PB2	589	2568	A	0	0	2568	37.3
A_PB2	590	2469	A	0	0	2469	34.6
A_PB2	591	2385	A	0	0	2385	35.5
A_PB2	592	2413	A	0	0	2413	36.5
A_PB2	593	2939	T	0	0	2939	35.3
A_PB2	594	2786	C	0	0	2786	34.7
A_PB2	595	2483	G	0	0	2483	35.9
A_PB2	596	2774	C	0	0	2774	36.9
A_PB2	597	2380	T	0	0	2380	36.3
A_PB2	598	2363	C	0	0	2363	35.0
A_PB2	599	2294	C	0	0	2294	34.5
A_PB2	600	2626	T	0	0	2626	35.9
A_PB2	601	2556	C	0	0	2556	34.9
A_PB2	602	2497	T	0	0	2497	34.9
A_PB2	603	2485	G	0	0	2485	34.6
A_PB2	604	2417	A	0	0	2417	37.2
A_PB2	605	2697	T	0	0	2697	36.1
A_PB2	606	2488	G	0	0	2488	36.9
A_PB2	607	2624	G	0	0	2624	36.5
A_PB2	608	2747	T	0	0	2747	37.2
A_PB2	609	2809	T	0	0	2809	34.9
A_PB2	610	2529	G	0	0	2529	34.1
A_PB2	611	2708	C	0	0	2708	34.8
A_PB2	612	2398	A	0	0	2398	37.9
A_PB2	613	2623	T	0	0	2623	34.6
A_PB2	614	2805	A	0	0	2805	34.2
A_PB2	615	2537	C	0	0	2537	37.1
A_PB2	616	2522	A	0	0	2522	36.0
A_PB2	617	2586	T	0	0	2586	36.3
A_PB2	618	2462	G	0	0	2462	36.8
A_PB2	619	2583	C	0	0	2583	36.3
A_PB2	620	2510	T	0	0	2510	36.0
A_PB2	621	2759	A	0	0	2759	37.2
A_PB2	622	2791	G	0	0	2791	34.7
A_PB2	623	2604	A	0	0	2604	35.4
A_PB2	624	2559	A	0	0	2559	34.8
A_PB2	625	2747	A	0	0	2747	34.2
A_PB2	626	2466	G	0	0	2466	36.5
A_PB2	627	2418	A	0	0	2418	35.1
A_PB2	628	2743	G	0	0	2743	36.9
A_PB2	629	2555	A	0	0	2555	34.7
A_PB2	630	2583	G	0	0	2583	35.7
A_PB2	631	2779	T	0	0	2779	34.8
A_PB2	632	2377	T	0	0	2377	37.8
A_PB2	633	2841	G	0	0	2841	34.7
A_PB2	634	2372	G	0	0	2372	34.5
A_PB2	635	2519	T	0	0	2519	35.3
A_PB2	636	2441	T	0	0	2441	36.9
A_PB2	637	2712	C	0	0	2712	34.0
A_PB2	638	2589	G	0	0	2589	35.8
A_PB2	639	2504	C	0	0	2504	36.9
A_PB2	640	2664	A	0	0	2664	34.1
A_PB2	641	2351	A	0	0	2351	34.2
A_PB2	642	2512	G	0	0	2512	37.5
A_PB2	643	2396	A	0	0	2396	35.4
A_PB2	644	2195	C	0	0	2195	37.7
A_PB2	645	2759	G	0	0	2759	36.2
A_PB2	646	2474	A	0	0	2474	35.3
A_PB2	647	2332	G	0	0	2332	36.9
A_PB2	648	2742	G	0	0	2742	34.6
A_PB2	649	2464	T	0	0	2464	36.1
A_PB2	650	2294	T	0	0	2294	36.9
A_PB2	651	2278	T	0	0	2278	37.5
A_PB2	652	2459	C	0	0	2459	34.0
A_PB2	653	2154	T	0	0	2154	35.1
A_PB2	654	2436	C	0	0	2436	35.9
A_PB2	655	2439	C	0	0	2439	36.8
A_PB2	656	2442	C	0	0	2442	36.1
A_PB2	657	2270	A	0	0	2270	35.8
A_PB2	658	2424	G	0	0	2424	37.3
A_PB2	659	2275	T	0	0	2275	36.8
A_PB2	660	2946	T	0	0	2946	36.2
A_PB2	661	2230	G	0	0	2230	37.0
A_PB2	662	2507	C	0	0	2507	35.8
A_PB2	663	2364	T	0	0	2364	35.2
A_PB2	664	2557	G	0	0	2557	36.9
A_PB2	665	2408	G	0	0	2408	35.6
A_PB2	666	2374	T	0	0	2374	37.1
A_PB2	667	2469	G	0	0	2469	36.9
A_PB2	668	2310	G	0	0	2310	34.4
A_PB2	669	2337	G	0	0	2337	34.7
A_PB2	670	2727	A	0	0	2727	35.3
A_PB2	671	2586	C	0	0	2586	36.4
A_PB2	672	2474	A	0	0	2474	35.1
A_PB2	673	2266	A	0	0	2266	34.2
A_PB2	674	2396	G	0	0	2396	34.5
A_PB2	675	2338	C	0	0	2338	37.3
A_PB2	676	2304	A	0	0	2304	35.1
A_PB2	677	2421	G	0	0	2421	34.2
A_PB2	678	2562	T	0	0	2562	37.2
A_PB2	679	2431	G	0	0	2431	35.5
A_PB2	680	1987	T	0	0	1987	37.6
A_PB2	681	2376	C	0	0	2376	36.8
A_PB2	682	2156	T	0	0	2156	35.4
A_PB2	683	2372	A	0	0	2372	35.1
A_PB2	684	2439	C	0	0	2439	34.3
A_PB2	685	2131	A	0	0	2131	34.4
A_PB2	686	2452	T	0	0	2452	36.5
A_PB2	687	2175	T	0	0	2175	36.4
A_PB2	688	2440	G	0	0	2440	36.8
A_PB2	689	2123	A	0	0	2123	35.2
A_PB2	690	2269	G	0	0	2269	34.0
A_PB2	691	2294	G	0	0	2294	37.1
A_PB2	692	2270	T	0	0	2270	36.4
A_PB2	693	2198	G	0	0	2198	35.5
A_PB2	694	2361	C	0	0	2361	36.7
A_PB2	695	2201	T	0	0	2201	37.6
A_PB2	696	2558	G	0	0	2558	35.3
A_PB2	697	2337	C	0	0	2337	37.4
A_PB2	698	2184	A	0	0	2184	35.3
A_PB2	699	2309	T	0	0	2309	34.4
A_PB2	700	2440	T	0	0	2440	36.8
A_PB2	701	2373	T	0	0	2373	34.9
A_PB2	702	2308	G	0	0	2308	35.0
A_PB2	703	2310	A	0	0	2310	34.2
A_PB2	704	2221	C	0	0	2221	36.3
A_PB2	705	2346	C	0	0	2346	36.2
A_PB2	706	2299	C	0	0	2299	36.3
A_PB2	707	2108	A	0	0	2108	34.9
A_PB2	708	2358	G	0	0	2358	35.7
A_PB2	709	2332	G	0	0	2332	34.2
A_PB2	710	2087	G	0	0	2087	36.5
A_PB2	711	2295	G	0	0	2295	37.5
A_PB2	712	2132	A	0	0	2132	37.2
A_PB2	713	2214	C	0	0	2214	36.5
A_PB2	714	1855	A	0	0	1855	36.9
A_PB2	715	2004	T	0	0	2004	36.6
A_PB2	716	2323	G	0	0	2323	35.6
A_PB2	717	2232	C	0	0	2232	34.5
A_PB2	718	2183	T	0	0	2183	36.7
A_PB2	719	1972	G	0	0	1972	35.0
A_PB2	720	2247	G	0	0	2247	37.1
A_PB2	721	2165	G	0	0	2165	37.1
A_PB2	722	2060	A	0	0	2060	34.4
A_PB2	723	2017	G	0	0	2017	35.9
A_PB2	724	1952	C	0	0	1952	37.5
A_PB2	725	2108	A	0	0	2108	34.8
A_PB2	726	2109	G	0	0	2109	35.1
A_PB2	727	2007	A	0	0	2007	34.3
A_PB2	728	1839	T	0	0	1839	37.1
A_PB2	729	2129	G	0	0	2129	34.7
A_PB2	730	2116	T	0	0	2116	34.5
A_PB2	731	2135	A	0	0	2135	36.6
A_PB2	732	2177	C	0	0	2177	36.2
A_PB2	733	2135	A	0	0	2135	36.7
A_PB2	734	2092	C	0	0	2092	36.9
A_PB2	735	1954	T	0	0	1954	35.6
A_PB2	736	2063	C	0	0	2063	35.7
A_PB2	737	2041	C	0	0	2041	37.4
A_PB2	738	2265	G	0	0	2265	34.6
A_PB2	739	2044	G	0	0	2044	36.7
A_PB2	740	1980	G	0	0	1980	34.2
A_PB2	741	1983	A	0	0	1983	36.7
A_PB2	742	2091	G	0	0	2091	36.3
A_PB2	743	2117	G	0	0	2117	36.0
A_PB2	744	2217	A	0	0	2217	35.0
A_PB2	745	2112	G	0	0	2112	37.4
A_PB2	746	2035	A	0	0	2035	37.4
A_PB2	747	1976	A	0	0	1976	37.6
A_PB2	748	1975	G	0	0	1975	35.9
A_PB2	749	2167	T	0	0	2167	36.0
A_PB2	750	1980	G	0	0	1980	35.5
A_PB2	751	2093	A	0	0	2093	37.2
A_PB2	752	2134	G	0	0	2134	37.0
A_PB2	753	1823	G	0	0	1823	37.0
A_PB2	754	1951	A	0	0	1951	35.1
A_PB2	755	1950	A	0	0	1950	35.9
A_PB2	756	1894	C	0	0	1894	35.2
A_PB2	757	2068	G	0	0	2068	37.7
A_PB2	758	2176	A	0	0	2176	37.8
A_PB2	759	2039	T	0	0	2039	35.0
A_PB2	760	2128	G	0	0	2128	34.1
A_PB2	761	2033	A	0	0	2033	34.2
A_PB2	762	2217	T	0	0	2217	36.1
A_PB2	763	2057	G	0	0	2057	36.1
A_PB2	764	2134	T	0	0	2134	37.3
A_PB2	765	2273	A	0	0	2273	36.7
A_PB2	766	2027	G	0	0	2027	37.9
A_PB2	767	2040	A	0	0	2040	37.4
A_PB2	768	2211	C	0	0	2211	36.0
A_PB2	769	1976	C	0	0	1976	37.3
A_PB2	770	2240	A	0	0	2240	37.0
A_PB2	771	2217	A	0	0	2217	34.2
A_PB2	772	2238	A	0	0	2238	36.1
A_PB2	773	2180	G	0	0	2180	34.3
A_PB2	774	2036	C	0	0	2036	37.5
A_PB2	775	1891	T	0	0	1891	37.6
A_PB2	776	2192	T	0	0	2192	37.2
A_PB2	777	1999	G	0	0	1999	36.8
A_PB2	778	2041	A	0	0	2041	34.2
A_PB2	779	2031	T	0	0	2031	35.4
A_PB2	780	2163	C	0	0	2163	36.0
A_PB2	781	2131	A	0	0	2131	34.9
A_PB2	782	2235	T	0	0	2235	36.4
A_PB2	783	2116	T	0	0	2116	37.0
A_PB2	784	2274	G	0	0	2274	35.3
A_PB2	785	2351	C	0	0	2351	37.7
A_PB2	786	2234	T	0	0	2234	34.7
A_PB2	787	1974	G	0	0	1974	34.4
A_PB2	788	2354	C	0	0	2354	37.6
A_PB2	789	2298	C	0	0	2298	34.4
A_PB2	790	2178	A	0	0	2178	36.2
A_PB2	791	2221	G	0	0	2221	35.5
A_PB2	792	2048	G	0	0	2048	36.3
A_PB2	793	2140	A	0	0	2140	35.0
A_PB2	794	2061	A	0	0	2061	34.5
A_PB2	795	1952	T	0	0	1952	36.8
A_PB2	796	2107	A	0	0	2107	37.4
A_PB2	797	2364	T	0	0	2364	37.2
A_PB2	798	2183	A	0	0	2183	35.3
A_PB2	799	2182	G	0	0	2182	35.8
A_PB2	800	2262	T	0	0	2262	34.1
A_PB2	801	2342	A	0	0	2342	34.7
A_PB2	802	2388	A	0	0	2388	37.0
A_PB2	803	2087	G	0	0	2087	37.3
A_PB2	804	2287	A	0	0	2287	35.8
A_PB2	805	2306	A	0	0	2306	35.0
A_PB2	806	2251	G	0	0	2251	37.5
A_PB2	807	2109	A	0	0	2109	37.2
A_PB2	808	2328	G	0	0	2328	36.3
A_PB2	809	2392	C	0	0	2392	34.6
A_PB2	810	2339	A	0	0	2339	36.0
A_PB2	811	2228	A	0	0	2228	34.4
A_PB2	812	2061	C	0	0	2061	37.7
A_PB2	813	2479	A	0	0	2479	36.8
A_PB2	814	2579	G	0	0	2579	35.4
A_PB2	815	2262	T	0	0	2262	35.9
A_PB2	816	2429	A	0	0	2429	36.9
A_PB2	817	2364	T	0	0	2364	36.9
A_PB2	818	2342	C	0	0	2342	36.4
A_PB2	819	2341	A	0	0	2341	34.3
A_PB2	820	2209	G	0	0	2209	35.8
A_PB2	821	2453	C	0	0	2453	35.5
A_PB2	822	2600	A	0	0	2600	35.2
A_PB2	823	2544	G	0	0	2544	37.8
A_PB2	824	2567	A	0	0	2567	35.7
A_PB2	825	2509	T	0	0	2509	36.7
A_PB2	826	2686	C	0	0	2686	35.4
A_PB2	827	2526	C	0	0	2526	37.1
A_PB2	828	2591	A	0	0	2591	36.7
A_PB2	829	2648	T	0	0	2648	35.2
A_PB2	830	2537	T	0	0	2537	37.1
A_PB2	831	2669	A	0	0	2669	34.7
A_PB2	832	2829	G	0	0	2829	37.1
A_PB2	833	2496	C	0	0	2496	35.4
A_PB2	834	2521	A	0	0	2521	34.5
A_PB2	835	2620	T	0	0	2620	35.5
A_PB2	836	2391	C	0	0	2391	34.4
A_PB2	837	2467	T	0	0	2467	36.1
A_PB2	838	2343	C	0	0	2343	35.4
A_PB2	839	2696	T	0	0	2696	35.6
A_PB2	840	2805	A	0	0	2805	37.4
A_PB2	841	2562	T	0	0	2562	35.3
A_PB2	842	3011	T	0	0	3011	37.4
A_PB2	843	2593	G	0	0	2593	35.3
A_PB2	844	2696	G	0	0	2696	36.5
A_PB2	845	2715	A	0	0	2715	37.9
A_PB2	846	2739	G	0	0	2739	37.3
A_PB2	847	2674	A	0	0	2674	34.2
A_PB2	848	2744	T	0	0	2744	35.3
A_PB2	849	2827	G	0	0	2827	34.9
A_PB2	850	2894	T	0	0	2894	36.0
A_PB2	851	2605	G	0	0	2605	34.6
A_PB2	852	2792	T	0	0	2792	36.7
A_PB2	853	2968	C	0	0	2968	34.1
A_PB2	854	2824	A	0	0	2824	37.8
A_PB2	855	2946	C	0	0	2946	35.7
A_PB2	856	2624	A	0	0	2624	37.8
A_PB2	857	2777	G	0	0	2777	36.2
A_PB2	858	2690	C	0	0	2690	36.2
A_PB2	859	3245	A	0	0	3245	35.6
A_PB2	860	2780	C	0	0	2780	36.6
A_PB2	861	2970	A	0	0	2970	35.4
A_PB2	862	2962	C	0	0	2962	37.7
A_PB2	863	3089	A	0	0	3089	37.5
A_PB2	864	2794	A	0	0	2794	35.1
A_PB2	865	2901	A	0	0	2901	35.3
A_PB2	866	2848	T	0	0	2848	35.7
A_PB2	867	2938	T	0	0	2938	37.0
A_PB2	868	3172	G	0	0	3172	36.7
A_PB2	869	2741	G	0	0	2741	34.5
A_PB2	870	2945	G	0	0	2945	38.0
A_PB2	871	2994	G	0	0	2994	34.5
A_PB2	872	2918	G	0	0	2918	36.3
A_PB2	873	2822	A	0	0	2822	34.8
A_PB2	874	3548	A	0	0	3548	35.0
A_PB2	875	3145	T	0	0	3145	37.8
A_PB2	876	3017	A	0	0	3017	34.8
A_PB2	877	3072	A	0	0	3072	34.6
A_PB2	878	3342	G	0	0	3342	34.7
A_PB2	879	3085	G	0	0	3085	34.4
A_PB2	880	3250	A	0	0	3250	35.8
A_PB2	881	3021	T	0	0	3021	37.2
A_PB2	882	3211	G	0	0	3211	34.5
A_PB2	883	2948	G	0	0	2948	35.6
A_PB2	884	3080	T	0	0	3080	37.6
A_PB2	885	3061	A	0	0	3061	36.9
A_PB2	886	3222	G	0	0	3222	37.3
A_PB2	887	2821	A	0	0	2821	37.2
A_PB2	888	3272	C	0	0	3272	34.8
A_PB2	889	3127	A	0	0	3127	37.0
A_PB2	890	3205	T	0	0	3205	37.7
A_PB2	891	3095	C	0	0	3095	37.0
A_PB2	892	3223	C	0	0	3223	34.8
A_PB2	893	3451	T	0	0	3451	35.4
A_PB2	894	3370	T	0	0	3370	38.0
A_PB2	895	3435	C	0	0	3435	36.9
A_PB2	896	2951	G	0	0	2951	34.5
A_PB2	897	3490	G	0	0	3490	36.0
A_PB2	898	3297	C	0	0	3297	37.0
A_PB2	899	3142	A	0	0	3142	36.4
A_PB2	900	3248	A	0	0	3248	34.9
A_PB2	901	3027	A	0	0	3027	36.2
A_PB2	902	3480	A	0	0	3480	37.0
A_PB2	903	3206	T	0	0	3206	37.5
A_PB2	904	3270	C	0	0	3270	36.1
A_PB2	905	3515	C	0	0	3515	34.0
A_PB2	906	3714	A	0	0	3714	36.0
A_PB2	907	3290	A	0	0	3290	37.7
A_PB2	908	3407	C	0	0	3407	38.0
A_PB2	909	3373	A	0	0	3373	35.1
A_PB2	910	3375	G	0	0	3375	37.2
A_PB2	911	3805	A	0	0	3805	35.8
A_PB2	912	3229	G	0	0	3229	36.5
A_PB2	913	3148	G	0	0	3148	34.9
A_PB2	914	3480	A	0	0	3480	37.4
A_PB2	915	3323	A	0	0	3323	36.8
A_PB2	916	3192	C	0	0	3192	35.6
A_PB2	917	3358	A	0	0	3358	36.2
A_PB2	918	3346	A	0	0	3346	37.3
A_PB2	919	3848	G	0	0	3848	35.6
A_PB2	920	3526	C	0	0	3526	35.7
A_PB2	921	3850	C	0	0	3850	34.8
A_PB2	922	3273	G	0	0	3273	34.8
A_PB2	923	3627	T	0	0	3627	35.7
A_PB2	924	3321	G	0	0	3321	36.0
A_PB2	925	3280	G	0	0	3280	34.6
A_PB2	926	3609	A	0	0	3609	34.3
A_PB2	927	3596	T	0	0	3596	34.3
A_PB2	928	3486	A	0	0	3486	35.7
A_PB2	929	3568	T	0	0	3568	37.5
A_PB2	930	3384	A	0	0	3384	37.2
A_PB2	931	3609	T	0	0	3609	36.5
A_PB2	932	3589	G	0	0	3589	37.6
A_PB2	933	3336	C	0	0	3336	35.2
A_PB2	934	3438	A	0	0	3438	35.3
A_PB2	935	3160	A	0	0	3160	35.5
A_PB2	936	3347	G	0	0	3347	37.6
A_PB2	937	3413	G	0	0	3413	35.8
A_PB2	938	3555	C	0	0	3555	36.6
A_PB2	939	3703	A	0	0	3703	36.1
A_PB2	940	3787	G	0	0	3787	35.8
A_PB2	941	3650	C	0	0	3650	37.7
A_PB2	942	3505	A	0	0	3505	34.5
A_PB2	943	3683	A	0	0	3683	37.2
A_PB2	944	3506	T	0	0	3506	37.2
A_PB2	945	3894	G	0	0	3894	36.0
A_PB2	946	3784	G	0	0	3784	37.0
A_PB2	947	3557	G	0	0	3557	36.3
A_PB2	948	3596	C	0	0	3596	38.0
A_PB2	949	3586	T	0	0	3586	37.1
A_PB2	950	3606	T	0	0	3606	37.0
A_PB2	951	3636	G	0	0	3636	34.2
A_PB2	952	3322	A	0	0	3322	37.6
A_PB2	953	3942	G	0	0	3942	35.9
A_PB2	954	3471	G	0	0	3471	36.6
A_PB2	955	3904	A	0	0	3904	37.3
A_PB2	956	3733	T	0	0	3733	35.7
A_PB2	957	3289	T	0	0	3289	37.0
A_PB2	958	3788	A	0	0	3788	37.7
A_PB2	959	3530	G	0	0	3530	35.6
A_PB2	960	3540	C	0	0	3540	37.8
A_PB2	961	3562	T	0	0	3562	35.6
A_PB2	962	3545	C	0	0	3545	35.6
A_PB2	963	4198	A	0	0	4198	36.5
A_PB2	964	3582	T	0	0	3582	38.0
A_PB2	965	3834	C	0	0	3834	37.7
A_PB2	966	3537	T	0	0	3537	37.8
A_PB2	967	3995	T	0	0	3995	34.9
A_PB2	968	3703	T	0	0	3703	37.6
A_PB2	969	3832	C	0	0	3832	35.7
A_PB2	970	3884	A	0	0	3884	36.2
A_PB2	971	3537	G	0	0	3537	37.0
A_PB2	972	3705	C	0	0	3705	36.5
A_PB2	973	3702	T	0	0	3702	34.3
A_PB2	974	3673	T	0	0	3673	35.8
A_PB2	975	3750	T	0	0	3750	34.1
A_PB2	976	3725	G	0	0	3725	36.2
A_PB2	977	3994	G	0	0	3994	34.1
A_PB2	978	3266	T	0	0	3266	35.5
A_PB2	979	3789	G	0	0	3789	37.9
A_PB2	980	3766	G	0	0	3766	35.2
A_PB2	981	3981	A	0	0	3981	35.7
A_PB2	982	3815	T	0	0	3815	34.8
A_PB2	983	3842	T	0	0	3842	37.7
A_PB2	984	3709	C	0	0	3709	34.4
A_PB2	985	3363	A	0	0	3363	34.6
A_PB2	986	3709	C	0	0	3709	35.6
A_PB2	987	3778	T	0	0	3778	37.1
A_PB2	988	3497	T	0	0	3497	35.4
A_PB2	989	3847	T	0	0	3847	36.1
A_PB2	990	3814	T	0	0	3814	37.6
A_PB2	991	3850	A	0	0	3850	35.4
A_PB2	992	3427	A	0	0	3427	34.3
A_PB2	993	3284	A	0	0	3284	35.8
A_PB2	994	3666	A	0	0	3666	35.3
A_PB2	995	3786	G	0	0	3786	37.0
A_PB2	996	3501	A	0	0	3501	36.1
A_PB2	997	3514	A	0	0	3514	37.9
A_PB2	998	3386	C	0	0	3386	35.4
A_PB2	999	3712	A	0	0	3712	34.5
A_PB2	1000	3919	A	0	0	3919	36.6
A_PB2	1001	3405	G	0	0	3405	37.9
A_PB2	1002	3617	T	0	0	3617	34.5
A_PB2	1003	3700	G	0	0	3700	35.9
A_PB2	1004	3479	G	0	0	3479	37.0
A_PB2	1005	3695	A	0	0	3695	34.8
A_PB2	1006	3560	T	0	0	3560	37.2
A_PB2	1007	3614	C	0	0	3614	34.8
A_PB2	1008	3714	G	0	0	3714	35.5
A_PB2	1009	3605	T	0	0	3605	34.3
A_PB2	1010	3706	C	0	0	3706	35.6
A_PB2	1011	3215	A	0	0	3215	34.7
A_PB2	1012	3495	G	0	0	3495	37.2
A_PB2	1013	3748	T	0	0	3748	36.9
A_PB2	1014	3568	C	0	0	3568	37.5
A_PB2	1015	3399	A	0	0	3399	35.9
A_PB2	1016	3390	A	0	0	3390	34.8
A_PB2	1017	3512	A	0	0	3512	35.1
A_PB2	1018	3429	A	0	0	3429	35.4
A_PB2	1019	3519	A	0	0	3519	36.2
A_PB2	1020	3484	A	0	0	3484	35.5
A_PB2	1021	3040	G	0	0	3040	35.9
A_PB2	1022	3565	A	0	0	3565	36.6
A_PB2	1023	3504	A	0	0	3504	35.9
A_PB2	1024	3334	G	0	0	3334	37.0
A_PB2	1025	3314	A	0	0	3314	37.6
A_PB2	1026	3091	A	0	0	3091	36.6
A_PB2	1027	3116	G	0	0	3116	36.7
A_PB2	1028	3373	A	0	0	3373	37.6
A_PB2	1029	3498	A	0	0	3498	36.1
A_PB2	1030	3524	G	0	0	3524	36.1
A_PB2	1031	3415	T	0	0	3415	36.9
A_PB2	1032	3440	G	0	0	3440	37.9
A_PB2	1033	3391	C	0	0	3391	36.4
A_PB2	1034	3373	T	0	0	3373	36.5
A_PB2	1035	3322	A	0	0	3322	35.5
A_PB2	1036	3402	A	0	0	3402	35.8
A_PB2	1037	3037	C	0	0	3037	34.4
A_PB2	1038	3150	A	0	0	3150	34.9
A_PB2	1039	3352	G	0	0	3352	35.1
A_PB2	1040	3192	G	0	0	3192	37.8
A_PB2	1041	3676	C	0	0	3676	37.7
A_PB2	1042	3089	A	0	0	3089	36.1
A_PB2	1043	3488	A	0	0	3488	36.8
A_PB2	1044	3002	C	0	0	3002	35.2
A_PB2	1045	3131	C	0	0	3131	36.9
A_PB2	1046	3268	T	0	0	3268	34.5
A_PB2	1047	3099	T	0	0	3099	34.1
A_PB2	1048	3150	C	0	0	3150	34.5
A_PB2	1049	2660	A	0	0	2660	34.5
A_PB2	1050	2868	A	0	0	2868	35.1
A_PB2	1051	3212	A	0	0	3212	34.3
A_PB2	1052	3226	C	0	0	3226	35.1
A_PB2	1053	3344	A	0	0	3344	36.7
A_PB2	1054	2988	T	0	0	2988	36.5
A_PB2	1055	3193	T	0	0	3193	36.2
A_PB2	1056	2823	G	0	0	2823	34.9
A_PB2	1057	3065	A	0	0	3065	37.1
A_PB2	1058	3111	A	0	0	3111	37.5
A_PB2	1059	3067	A	0	0	3067	35.3
A_PB2	1060	2853	A	0	0	2853	35.1
A_PB2	1061	3072	T	0	0	3072	36.2
A_PB2	1062	2962	A	0	0	2962	37.6
A_PB2	1063	3066	A	0	0	3066	36.6
A_PB2	1064	3225	G	0	0	3225	35.1
A_PB2	1065	3276	A	0	0	3276	37.5
A_PB2	1066	3113	G	0	0	3113	34.5
A_PB2	1067	3413	T	0	0	3413	35.3
A_PB2	1068	3236	A	0	0	3236	36.1
A_PB2	1069	3154	C	0	0	3154	37.9
A_PB2	1070	3148	A	0	0	3148	37.9
A_PB2	1071	3291	T	0	0	3291	35.9
A_PB2	1072	3202	G	0	0	3202	35.9
A_PB2	1073	2756	A	0	0	2756	34.1
A_PB2	1074	3426	G	0	0	3426	36.9
A_PB2	1075	2982	G	0	0	2982	35.0
A_PB2	1076	2796	G	0	0	2796	36.8
A_PB2	1077	2918	G	0	0	2918	34.9
A_PB2	1078	2718	T	0	0	2718	34.8
A_PB2	1079	3247	A	0	0	3247	34.9
A_PB2	1080	3174	T	0	0	3174	36.2
A_PB2	1081	2974	G	0	0	2974	34.9
A_PB2	1082	3127	A	0	0	3127	34.2
A_PB2	1083	2883	A	0	0	2883	35.0
A_PB2	1084	2771	G	0	0	2771	37.0
A_PB2	1085	2959	A	0	0	2959	36.7
A_PB2	1086	3044	G	0	0	3044	38.0
A_PB2	1087	2828	T	0	0	2828	37.2
A_PB2	1088	2795	T	0	0	2795	37.9
A_PB2	1089	2886	C	0	0	2886	35.7
A_PB2	1090	3033	A	0	0	3033	34.9
A_PB2	1091	2734	C	0	0	2734	37.9
A_PB2	1092	3035	A	0	0	3035	36.7
A_PB2	1093	2936	A	0	0	2936	35.8
A_PB2	1094	3085	T	0	0	3085	37.0
A_PB2	1095	2709	G	0	0	2709	34.4
A_PB2	1096	2914	G	0	0	2914	36.4
A_PB2	1097	2822	T	0	0	2822	34.9
A_PB2	1098	2936	T	0	0	2936	37.2
A_PB2	1099	2710	G	0	0	2710	37.8
A_PB2	1100	2779	G	0	0	2779	34.6
A_PB2	1101	2868	G	0	0	2868	38.0
A_PB2	1102	2989	A	0	0	2989	34.6
A_PB2	1103	2858	G	0	0	2858	35.1
A_PB2	1104	3066	A	0	0	3066	36.6
A_PB2	1105	2904	A	0	0	2904	35.8
A_PB2	1106	3345	G	0	0	3345	38.0
A_PB2	1107	2780	A	0	0	2780	36.5
A_PB2	1108	3022	G	0	0	3022	37.6
A_PB2	1109	2963	C	0	0	2963	34.5
A_PB2	1110	2603	A	0	0	2603	35.1
A_PB2	1111	2745	A	0	0	2745	34.5
A_PB2	1112	2634	C	0	0	2634	36.4
A_PB2	1113	2697	G	0	0	2697	37.3
A_PB2	1114	2864	G	0	0	2864	34.3
A_PB2	1115	2762	C	0	0	2762	34.4
A_PB2	1116	2555	C	0	0	2555	37.3
A_PB2	1117	2697	A	0	0	2697	34.4
A_PB2	1118	2662	T	0	0	2662	36.3
A_PB2	1119	2881	T	0	0	2881	36.6
A_PB2	1120	2630	C	0	0	2630	34.0
A_PB2	1121	2838	T	0	0	2838	37.2
A_PB2	1122	2993	C	0	0	2993	35.6
A_PB2	1123	2809	A	0	0	2809	35.8
A_PB2	1124	2954	G	0	0	2954	35.7
A_PB2	1125	2765	G	0	0	2765	36.0
A_PB2	1126	2456	A	0	0	2456	36.6
A_PB2	1127	2889	A	0	0	2889	36.2
A_PB2	1128	2816	A	0	0	2816	36.2
A_PB2	1129	2945	G	0	0	2945	35.0
A_PB2	1130	2748	C	0	0	2748	34.5
A_PB2	1131	2916	A	0	0	2916	34.0
A_PB2	1132	2853	A	0	0	2853	34.5
A_PB2	1133	2831	C	0	0	2831	36.8
A_PB2	1134	3090	C	0	0	3090	36.4
A_PB2	1135	2768	A	0	0	2768	36.6
A_PB2	1136	2817	G	0	0	2817	34.3
A_PB2	1137	2953	A	0	0	2953	36.0
A_PB2	1138	2540	A	0	0	2540	35.7
A_PB2	1139	2654	G	0	0	2654	36.9
A_PB2	1140	2530	G	0	0	2530	34.9
A_PB2	1141	2673	C	0	0	2673	35.1
A_PB2	1142	3077	T	0	0	3077	35.4
A_PB2	1143	2727	G	0	0	2727	35.5
A_PB2	1144	2677	A	0	0	2677	34.0
A_PB2	1145	2709	T	0	0	2709	36.8
A_PB2	1146	2764	C	0	0	2764	36.1
A_PB2	1147	3143	C	0	0	3143	36.4
A_PB2	1148	2858	A	0	0	2858	37.9
A_PB2	1149	2743	G	0	0	2743	35.0
A_PB2	1150	2873	C	0	0	2873	37.7
A_PB2	1151	2492	T	0	0	2492	34.1
A_PB2	1152	2854	A	0	0	2854	37.0
A_PB2	1153	2684	A	0	0	2684	34.7
A_PB2	1154	2724	T	0	0	2724	36.7
A_PB2	1155	2886	A	0	0	2886	34.7
A_PB2	1156	2690	G	0	0	2690	36.1
A_PB2	1157	2528	T	0	0	2528	35.5
A_PB2	1158	2603	A	0	0	2603	35.2
A_PB2	1159	2538	A	0	0	2538	37.2
A_PB2	1160	2786	G	0	0	2786	34.2
A_PB2	1161	2873	T	0	0	2873	36.2
A_PB2	1162	2824	G	0	0	2824	34.9
A_PB2	1163	3246	G	0	0	3246	35.6
A_PB2	1164	2833	G	0	0	2833	36.4
A_PB2	1165	2802	A	0	0	2802	36.8
A_PB2	1166	2843	G	0	0	2843	37.8
A_PB2	1167	2847	A	0	0	2847	37.2
A_PB2	1168	2896	G	0	0	2896	36.7
A_PB2	1169	2893	A	0	0	2893	36.0
A_PB2	1170	2669	C	0	0	2669	36.6
A_PB2	1171	2882	G	0	0	2882	37.8
A_PB2	1172	2786	A	0	0	2786	37.7
A_PB2	1173	2741	G	0	0	2741	37.8
A_PB2	1174	2784	C	0	0	2784	36.0
A_PB2	1175	2924	A	0	0	2924	35.9
A_PB2	1176	2766	G	0	0	2766	36.0
A_PB2	1177	2805	T	0	0	2805	37.0
A_PB2	1178	2665	C	0	0	2665	36.0
A_PB2	1179	2811	A	0	0	2811	35.3
A_PB2	1180	2830	A	0	0	2830	35.7
A_PB2	1181	2766	T	0	0	2766	37.9
A_PB2	1182	2784	T	0	0	2784	36.2
A_PB2	1183	2666	G	0	0	2666	34.9
A_PB2	1184	2821	C	0	0	2821	35.6
A_PB2	1185	2632	T	0	0	2632	36.7
A_PB2	1186	3070	G	0	0	3070	35.5
A_PB2	1187	2813	A	0	0	2813	37.2
A_PB2	1188	3197	A	0	0	3197	36.6
A_PB2	1189	2821	G	0	0	2821	35.5
A_PB2	1190	2887	C	0	0	2887	35.6
A_PB2	1191	2902	A	0	0	2902	35.1
A_PB2	1192	2772	A	0	0	2772	35.2
A_PB2	1193	2957	T	0	0	2957	35.3
A_PB2	1194	2877	A	0	0	2877	35.0
A_PB2	1195	3077	A	0	0	3077	34.5
A_PB2	1196	2944	T	0	0	2944	37.8
A_PB2	1197	2807	T	0	0	2807	34.4
A_PB2	1198	3090	G	0	0	3090	34.9
A_PB2	1199	2880	T	0	0	2880	37.7
A_PB2	1200	2996	G	0	0	2996	36.4
A_PB2	1201	2719	G	0	0	2719	37.9
A_PB2	1202	3250	C	0	0	3250	34.6
A_PB2	1203	2705	C	0	0	2705	34.7
A_PB2	1204	2804	A	0	0	2804	37.7
A_PB2	1205	2951	T	0	0	2951	35.9
A_PB2	1206	2844	G	0	0	2844	35.1
A_PB2	1207	2617	G	0	0	2617	34.9
A_PB2	1208	3052	T	0	0	3052	34.9
A_PB2	1209	2892	A	0	0	2892	35.5
A_PB2	1210	3299	T	0	0	3299	36.5
A_PB2	1211	2846	T	0	0	2846	34.2
A_PB2	1212	2615	C	0	0	2615	36.3
A_PB2	1213	2939	T	0	0	2939	37.8
A_PB2	1214	2783	C	0	0	2783	36.2
A_PB2	1215	2984	A	0	0	2984	35.4
A_PB2	1216	2864	C	0	0	2864	36.0
A_PB2	1217	2938	A	0	0	2938	37.2
A_PB2	1218	2811	A	0	0	2811	34.8
A_PB2	1219	3024	G	0	0	3024	35.1
A_PB2	1220	2745	A	0	0	2745	34.2
A_PB2	1221	2839	G	0	0	2839	35.7
A_PB2	1222	2758	G	0	0	2758	34.9
A_PB2	1223	3145	A	0	0	3145	34.2
A_PB2	1224	2874	C	0	0	2874	35.1
A_PB2	1225	2987	T	0	0	2987	36.3
A_PB2	1226	2703	G	0	0	2703	36.5
A_PB2	1227	2907	C	0	0	2907	35.4
A_PB2	1228	3234	A	0	0	3234	35.4
A_PB2	1229	3165	T	0	0	3165	37.9
A_PB2	1230	2818	G	0	0	2818	36.2
A_PB2	1231	2839	A	0	0	2839	36.7
A_PB2	1232	3079	T	0	0	3079	34.0
A_PB2	1233	3010	T	0	0	3010	36.6
A_PB2	1234	3239	A	0	0	3239	35.4
A_PB2	1235	3176	A	0	0	3176	34.8
A_PB2	1236	2830	A	0	0	2830	37.8
A_PB2	1237	2846	G	0	0	2846	35.5
A_PB2	1238	3138	C	0	0	3138	34.7
A_PB2	1239	2846	A	0	0	2846	35.5
A_PB2	1240	2877	G	0	0	2877	34.7
A_PB2	1241	2859	T	0	0	2859	34.4
A_PB2	1242	2884	T	0	0	2884	35.1
A_PB2	1243	2849	A	0	0	2849	35.9
A_PB2	1244	2873	G	0	0	2873	37.4
A_PB2	1245	2899	A	0	0	2899	38.0
A_PB2	1246	2693	G	0	0	2693	35.2
A_PB2	1247	3169	G	0	0	3169	37.6
A_PB2	1248	2552	T	0	0	2552	36.8
A_PB2	1249	2890	G	0	0	2890	34.4
A_PB2	1250	2774	A	0	0	2774	36.7
A_PB2	1251	3008	C	0	0	3008	35.9
A_PB2	1252	2983	C	0	0	2983	34.1
A_PB2	1253	2917	T	0	0	2917	36.8
A_PB2	1254	2669	G	0	0	2669	35.2
A_PB2	1255	2572	A	0	0	2572	36.2
A_PB2	1256	2599	A	0	0	2599	36.5
A_PB2	1257	2971	T	0	0	2971	35.6
A_PB2	1258	2864	T	0	0	2864	37.8
A_PB2	1259	3286	T	0	0	3286	35.7
A_PB2	1260	3270	T	0	0	3270	37.4
A_PB2	1261	2911	G	0	0	2911	35.4
A_PB2	1262	2904	T	0	0	2904	34.4
A_PB2	1263	3094	C	0	0	3094	36.6
A_PB2	1264	2805	A	0	0	2805	34.6
A_PB2	1265	2693	A	0	0	2693	36.5
A_PB2	1266	2865	T	0	0	2865	36.3
A_PB2	1267	3078	A	0	0	3078	37.3
A_PB2	1268	2960	G	0	0	2960	35.4
A_PB2	1269	2771	G	0	0	2771	37.9
A_PB2	1270	2808	G	0	0	2808	35.2
A_PB2	1271	2736	C	0	0	2736	34.8
A_PB2	1272	3121	G	0	0	3121	37.9
A_PB2	1273	2903	A	0	0	2903	34.6
A_PB2	1274	2730	A	0	0	2730	34.8
A_PB2	1275	2894	C	0	0	2894	37.8
A_PB2	1276	2954	C	0	0	2954	35.1
A_PB2	1277	3124	A	0	0	3124	37.6
A_PB2	1278	2701	G	0	0	2701	36.6
A_PB2	1279	2747	C	0	0	2747	35.8
A_PB2	1280	2607	G	0	0	2607	35.6
A_PB2	1281	2886	A	0	0	2886	37.3
A_PB2	1282	2967	C	0	0	2967	37.4
A_PB2	1283	3115	T	0	0	3115	35.4
A_PB2	1284	2702	A	0	0	2702	37.1
A_PB2	1285	2678	A	0	0	2678	37.8
A_PB2	1286	2713	A	0	0	2713	34.2
A_PB2	1287	3029	C	0	0	3029	35.0
A_PB2	1288	2984	C	0	0	2984	34.1
A_PB2	1289	2529	C	0	0	2529	34.9
A_PB2	1290	2676	A	0	0	2676	35.4
A_PB2	1291	2918	A	0	0	2918	36.1
A_PB2	1292	3216	T	0	0	3216	35.7
A_PB2	1293	2865	G	0	0	2865	37.5
A_PB2	1294	2637	C	0	0	2637	34.2
A_PB2	1295	2969	A	0	0	2969	36.6
A_PB2	1296	2504	T	0	0	2504	37.7
A_PB2	1297	2623	C	0	0	2623	34.4
A_PB2	1298	2606	A	0	0	2606	36.9
A_PB2	1299	2522	A	0	0	2522	37.6
A_PB2	1300	2691	C	0	0	2691	35.6
A_PB2	1301	2738	T	0	0	2738	37.1
A_PB2	1302	2584	C	0	0	2584	37.1
A_PB2	1303	3103	T	0	0	3103	36.5
A_PB2	1304	2552	T	0	0	2552	34.7
A_PB2	1305	2853	G	0	0	2853	37.9
A_PB2	1306	2848	A	0	0	2848	34.9
A_PB2	1307	2952	G	0	0	2952	34.7
A_PB2	1308	2974	G	0	0	2974	37.3
A_PB2	1309	2635	C	0	0	2635	34.6
A_PB2	1310	2478	A	0	0	2478	34.9
A_PB2	1311	2593	T	0	0	2593	37.9
A_PB2	1312	2455	T	0	0	2455	35.5
A_PB2	1313	2729	T	0	0	2729	36.4
A_PB2	1314	2671	C	0	0	2671	34.4
A_PB2	1315	2564	C	0	0	2564	34.3
A_PB2	1316	2630	A	0	0	2630	34.8
A_PB2	1317	2695	A	0	0	2695	36.8
A_PB2	1318	2429	A	0	0	2429	35.1
A_PB2	1319	2594	A	0	0	2594	35.0
A_PB2	1320	2884	G	0	0	2884	37.0
A_PB2	1321	2540	G	0	0	2540	36.1
A_PB2	1322	2541	A	0	0	2541	38.0
A_PB2	1323	2476	T	0	0	2476	34.9
A_PB2	1324	2669	G	0	0	2669	35.6
A_PB2	1325	2634	C	0	0	2634	35.1
A_PB2	1326	2933	A	0	0	2933	37.7
A_PB2	1327	2587	A	0	0	2587	35.8
A_PB2	1328	2445	A	0	0	2445	37.6
A_PB2	1329	2462	G	0	0	2462	34.5
A_PB2	1330	2485	G	0	0	2485	36.9
A_PB2	1331	2401	T	0	0	2401	37.5
A_PB2	1332	2419	G	0	0	2419	35.0
A_PB2	1333	2407	C	0	0	2407	36.6
A_PB2	1334	2397	T	0	0	2397	36.8
A_PB2	1335	2486	T	0	0	2486	34.9
A_PB2	1336	2600	T	0	0	2600	34.0
A_PB2	1337	2583	T	0	0	2583	34.2
A_PB2	1338	2239	C	0	0	2239	34.9
A_PB2	1339	2350	C	0	0	2350	35.1
A_PB2	1340	2273	A	0	0	2273	35.4
A_PB2	1341	2311	A	0	0	2311	37.6
A_PB2	1342	2290	A	0	0	2290	35.9
A_PB2	1343	2081	A	0	0	2081	36.1
A_PB2	1344	2237	T	0	0	2237	36.1
A_PB2	1345	2508	T	0	0	2508	36.0
A_PB2	1346	2449	G	0	0	2449	35.4
A_PB2	1347	2303	G	0	0	2303	36.6
A_PB2	1348	2019	G	0	0	2019	36.2
A_PB2	1349	2495	G	0	0	2495	35.6
A_PB2	1350	2053	A	0	0	2053	38.0
A_PB2	1351	2226	A	0	0	2226	36.8
A_PB2	1352	2255	T	0	0	2255	37.5
A_PB2	1353	2306	T	0	0	2306	34.3
A_PB2	1354	1859	G	0	0	1859	35.2
A_PB2	1355	1934	A	0	0	1934	37.0
A_PB2	1356	2247	A	0	0	2247	36.9
A_PB2	1357	2456	C	0	0	2456	36.4
A_PB2	1358	1996	C	0	0	1996	35.0
A_PB2	1359	2178	C	0	0	2178	34.3
A_PB2	1360	2273	A	0	0	2273	36.5
A_PB2	1361	2013	T	0	0	2013	34.6
A_PB2	1362	2156	T	0	0	2156	35.2
A_PB2	1363	2257	G	0	0	2257	35.6
A_PB2	1364	2136	A	0	0	2136	35.5
A_PB2	1365	2068	C	0	0	2068	36.1
A_PB2	1366	2185	A	0	0	2185	35.6
A_PB2	1367	2074	A	0	0	2074	34.7
A_PB2	1368	1956	T	0	0	1956	37.6
A_PB2	1369	2250	G	0	0	2250	34.7
A_PB2	1370	1918	T	0	0	1918	37.1
A_PB2	1371	1885	G	0	0	1885	35.8
A_PB2	1372	1855	A	0	0	1855	34.9
A_PB2	1373	2052	T	0	0	2052	37.7
A_PB2	1374	2094	G	0	0	2094	34.2
A_PB2	1375	1839	G	0	0	1839	37.4
A_PB2	1376	2134	G	0	0	2134	36.7
A_PB2	1377	1877	A	0	0	1877	34.2
A_PB2	1378	1998	A	0	0	1998	36.8
A_PB2	1379	1903	T	0	0	1903	37.2
A_PB2	1380	1665	G	0	0	1665	34.5
A_PB2	1381	1945	A	0	0	1945	35.9
A_PB2	1382	1989	T	0	0	1989	34.1
A_PB2	1383	1996	C	0	0	1996	34.8
A_PB2	1384	1948	G	0	0	1948	37.3
A_PB2	1385	1942	G	0	0	1942	36.0
A_PB2	1386	1891	G	0	0	1891	36.2
A_PB2	1387	1912	G	0	0	1912	36.3
A_PB2	1388	1806	T	0	0	1806	34.0
A_PB2	1389	1792	A	0	0	1792	37.4
A_PB2	1390	1769	A	0	0	1769	35.0
A_PB2	1391	1959	T	0	0	1959	37.3
A_PB2	1392	1942	G	0	0	1942	35.3
A_PB2	1393	1820	C	0	0	1820	35.0
A_PB2	1394	1841	C	0	0	1841	34.0
A_PB2	1395	1891	C	0	0	1891	35.9
A_PB2	1396	1821	G	0	0	1821	36.1
A_PB2	1397	1799	A	0	0	1799	35.2
A_PB2	1398	1870	C	0	0	1870	34.9
A_PB2	1399	1818	A	0	0	1818	37.4
A_PB2	1400	1936	T	0	0	1936	37.2
A_PB2	1401	1733	G	0	0	1733	36.5
A_PB2	1402	1801	A	0	0	1801	36.3
A_PB2	1403	1836	C	0	0	1836	37.4
A_PB2	1404	1822	C	0	0	1822	37.3
A_PB2	1405	1874	C	0	0	1874	36.5
A_PB2	1406	1836	C	0	0	1836	35.1
A_PB2	1407	1755	A	0	0	1755	37.2
A_PB2	1408	1816	A	0	0	1816	37.8
A_PB2	1409	1878	G	0	0	1878	34.1
A_PB2	1410	1662	T	0	0	1662	37.6
A_PB2	1411	1869	A	0	0	1869	37.7
A_PB2	1412	1872	C	0	0	1872	37.0
A_PB2	1413	1784	T	0	0	1784	34.7
A_PB2	1414	1667	G	0	0	1667	34.6
A_PB2	1415	1766	A	0	0	1766	36.8
A_PB2	1416	1926	G	0	0	1926	35.5
A_PB2	1417	1864	A	0	0	1864	36.3
A_PB2	1418	2180	T	0	0	2180	37.9
A_PB2	1419	1750	G	0	0	1750	36.4
A_PB2	1420	1792	T	0	0	1792	36.5
A_PB2	1421	1808	C	0	0	1808	36.9
A_PB2	1422	1729	G	0	0	1729	34.4
A_PB2	1423	1789	C	0	0	1789	35.0
A_PB2	1424	1873	T	0	0	1873	35.7
A_PB2	1425	1701	G	0	0	1701	36.5
A_PB2	1426	1921	A	0	0	1921	37.6
A_PB2	1427	1765	G	0	0	1765	34.8
A_PB2	1428	1942	G	0	0	1942	38.0
A_PB2	1429	1817	G	0	0	1817	34.4
A_PB2	1430	1978	G	0	0	1978	35.1
A_PB2	1431	1756	A	0	0	1756	34.1
A_PB2	1432	1791	A	0	0	1791	35.8
A_PB2	1433	1636	T	0	0	1636	34.9
A_PB2	1434	1715	A	0	0	1715	37.6
A_PB2	1435	1585	A	0	0	1585	37.1
A_PB2	1436	1849	G	0	0	1849	35.9
A_PB2	1437	1764	A	0	0	1764	34.5
A_PB2	1438	1704	G	0	0	1704	34.3
A_PB2	1439	1611	T	0	0	1611	37.9
A_PB2	1440	1623	C	0	0	1623	35.4
A_PB2	1441	1860	A	0	0	1860	34.8
A_PB2	1442	1915	G	0	0	1915	35.2
A_PB2	1443	1757	T	0	0	1757	37.5
A_PB2	1444	1869	A	0	0	1869	36.8
A_PB2	1445	1701	A	0	0	1701	36.8
A_PB2	1446	1951	G	0	0	1951	37.8
A_PB2	1447	1741	A	0	0	1741	35.2
A_PB2	1448	1876	T	0	0	1876	35.4
A_PB2	1449	1692	G	0	0	1692	37.6
A_PB2	1450	1821	G	0	0	1821	35.9
A_PB2	1451	1837	G	0	0	1837	36.6
A_PB2	1452	1658	A	0	0	1658	38.0
A_PB2	1453	1703	G	0	0	1703	34.1
A_PB2	1454	1890	T	0	0	1890	36.4
A_PB2	1455	1750	A	0	0	1750	35.5
A_PB2	1456	1690	G	0	0	1690	37.2
A_PB2	1457	1915	A	0	0	1915	34.7
A_PB2	1458	2023	T	0	0	2023	35.9
A_PB2	1459	1991	G	0	0	1991	37.3
A_PB2	1460	1672	A	0	0	1672	34.6
A_PB2	1461	2069	A	0	0	2069	37.9
A_PB2	1462	1773	T	0	0	1773	36.6
A_PB2	1463	1954	A	0	0	1954	34.1
A_PB2	1464	1647	C	0	0	1647	34.2
A_PB2	1465	1908	T	0	0	1908	36.6
A_PB2	1466	2049	C	0	0	2049	37.8
A_PB2	1467	2006	A	0	0	2006	37.7
A_PB2	1468	1979	A	0	0	1979	37.9
A_PB2	1469	1807	G	0	0	1807	35.5
A_PB2	1470	2126	T	0	0	2126	37.4
A_PB2	1471	2031	A	0	0	2031	37.7
A_PB2	1472	1903	C	0	0	1903	34.8
A_PB2	1473	1713	A	0	0	1713	34.0
A_PB2	1474	1869	G	0	0	1869	34.9
A_PB2	1475	2040	A	0	0	2040	35.4
A_PB2	1476	1962	G	0	0	1962	36.2
A_PB2	1477	2036	C	0	0	2036	37.4
A_PB2	1478	2165	G	0	0	2165	37.7
A_PB2	1479	1933	A	0	0	1933	37.1
A_PB2	1480	1984	G	0	0	1984	36.4
A_PB2	1481	2232	T	0	0	2232	37.5
A_PB2	1482	2062	A	0	0	2062	34.4
A_PB2	1483	1880	G	0	0	1880	36.6
A_PB2	1484	2180	T	0	0	2180	36.7
A_PB2	1485	1994	A	0	0	1994	35.4
A_PB2	1486	2022	G	0	0	2022	36.6
A_PB2	1487	2074	T	0	0	2074	37.7
A_PB2	1488	2214	A	0	0	2214	37.7
A_PB2	1489	2246	A	0	0	2246	35.0
A_PB2	1490	2255	G	0	0	2255	36.3
A_PB2	1491	2293	C	0	0	2293	36.4
A_PB2	1492	2145	A	0	0	2145	37.8
A_PB2	1493	2309	T	0	0	2309	34.5
A_PB2	1494	2096	C	0	0	2096	34.8
A_PB2	1495	2151	G	0	0	2151	36.7
A_PB2	1496	2273	A	0	0	2273	35.0
A_PB2	1497	2056	C	0	0	2056	35.8
A_PB2	1498	2513	C	0	0	2513	36.1
A_PB2	1499	2216	G	0	0	2216	34.5
A_PB2	1500	2256	G	0	0	2256	36.3
A_PB2	1501	2233	T	0	0	2233	34.2
A_PB2	1502	2122	T	0	0	2122	34.5
A_PB2	1503	2220	T	0	0	2220	34.1
A_PB2	1504	2124	T	0	0	2124	35.6
A_PB2	1505	2361	T	0	0	2361	37.6
A_PB2	1506	2407	A	0	0	2407	35.9
A_PB2	1507	2193	A	0	0	2193	35.6
A_PB2	1508	2316	G	0	0	2316	37.8
A_PB2	1509	2338	A	0	0	2338	34.4
A_PB2	1510	2442	G	0	0	2442	37.2
A_PB2	1511	2516	T	0	0	2516	35.9
A_PB2	1512	2380	T	0	0	2380	37.0
A_PB2	1513	2244	C	0	0	2244	35.9
A_PB2	1514	2218	G	0	0	2218	35.2
A_PB2	1515	2160	A	0	0	2160	35.5
A_PB2	1516	2445	G	0	0	2445	37.3
A_PB2	1517	2216	A	0	0	2216	35.3
A_PB2	1518	2271	C	0	0	2271	34.9
A_PB2	1519	2134	C	0	0	2134	36.8
A_PB2	1520	2214	A	0	0	2214	36.9
A_PB2	1521	2463	A	0	0	2463	35.2
A_PB2	1522	2471	C	0	0	2471	37.7
A_PB2	1523	2355	G	0	0	2355	35.0
A_PB2	1524	2752	G	0	0	2752	35.5
A_PB2	1525	2548	G	0	0	2548	35.9
A_PB2	1526	2305	G	0	0	2305	37.7
A_PB2	1527	2304	G	0	0	2304	34.2
A_PB2	1528	2520	A	0	0	2520	34.0
A_PB2	1529	2671	A	0	0	2671	37.6
A_PB2	1530	2564	C	0	0	2564	35.5
A_PB2	1531	2836	G	0	0	2836	36.3
A_PB2	1532	2699	T	0	0	2699	37.6
A_PB2	1533	2197	A	0	0	2197	35.9
A_PB2	1534	2395	C	0	0	2395	37.9
A_PB2	1535	2499	T	0	0	2499	36.8
A_PB2	1536	2545	A	0	0	2545	35.4
A_PB2	1537	2694	T	0	0	2694	36.9
A_PB2	1538	2623	T	0	0	2623	36.1
A_PB2	1539	2801	A	0	0	2801	37.8
A_PB2	1540	3062	T	0	0	3062	36.5
A_PB2	1541	2585	C	0	0	2585	34.4
A_PB2	1542	2722	A	0	0	2722	35.6
A_PB2	1543	3369	C	0	0	3369	37.9
A_PB2	1544	2636	C	0	0	2636	34.4
A_PB2	1545	2608	C	0	0	2608	36.2
A_PB2	1546	2682	G	0	0	2682	37.8
A_PB2	1547	2906	A	0	0	2906	35.9
A_PB2	1548	2951	A	0	0	2951	37.3
A_PB2	1549	2794	G	0	0	2794	37.7
A_PB2	1550	2716	A	0	0	2716	37.4
A_PB2	1551	2668	G	0	0	2668	37.8
A_PB2	1552	2884	G	0	0	2884	37.4
A_PB2	1553	2648	T	0	0	2648	37.0
A_PB2	1554	2946	C	0	0	2946	37.3
A_PB2	1555	2902	A	0	0	2902	37.3
A_PB2	1556	2767	G	0	0	2767	34.3
A_PB2	1557	2997	T	0	0	2997	37.9
A_PB2	1558	2693	G	0	0	2693	36.4
A_PB2	1559	3034	A	0	0	3034	36.2
A_PB2	1560	3012	G	0	0	3012	36.6
A_PB2	1561	3049	A	0	0	3049	35.2
A_PB2	1562	2667	C	0	0	2667	34.9
A_PB2	1563	2895	A	0	0	2895	37.2
A_PB2	1564	2959	C	0	0	2959	34.5
A_PB2	1565	3078	A	0	0	3078	34.6
A_PB2	1566	2884	A	0	0	2884	37.7
A_PB2	1567	3049	G	0	0	3049	34.7
A_PB2	1568	2736	G	0	0	2736	35.2
A_PB2	1569	2961	A	0	0	2961	37.0
A_PB2	1570	2757	A	0	0	2757	34.1
A_PB2	1571	3183	C	0	0	3183	36.6
A_PB2	1572	3127	G	0	0	3127	35.7
A_PB2	1573	2667	G	0	0	2667	34.6
A_PB2	1574	2796	A	0	0	2796	35.4
A_PB2	1575	3168	G	0	0	3168	34.9
A_PB2	1576	2956	A	0	0	2956	35.6
A_PB2	1577	2813	A	0	0	2813	37.7
A_PB2	1578	3028	A	0	0	3028	34.3
A_PB2	1579	2761	C	0	0	2761	35.5
A_PB2	1580	3047	T	0	0	3047	36.8
A_PB2	1581	2945	G	0	0	2945	35.0
A_PB2	1582	2834	A	0	0	2834	36.5
A_PB2	1583	3311	C	0	0	3311	36.0
A_PB2	1584	3204	A	0	0	3204	35.6
A_PB2	1585	3034	A	0	0	3034	34.6
A_PB2	1586	3198	T	0	0	3198	37.4
A_PB2	1587	2948	C	0	0	2948	35.3
A_PB2	1588	3157	A	0	0	3157	37.4
A_PB2	1589	3014	C	0	0	3014	35.9
A_PB2	1590	2961	T	0	0	2961	35.6
A_PB2	1591	3311	T	0	0	3311	34.9
A_PB2	1592	2924	A	0	0	2924	37.0
A_PB2	1593	3171	T	0	0	3171	36.7
A_PB2	1594	2819	T	0	0	2819	36.9
A_PB2	1595	2986	C	0	0	2986	35.3
A_PB2	1596	2986	G	0	0	2986	34.3
A_PB2	1597	3097	T	0	0	3097	35.6
A_PB2	1598	3098	C	0	0	3098	36.5
A_PB2	1599	3325	A	0	0	3325	36.6
A_PB2	1600	3195	T	0	0	3195	37.2
A_PB2	1601	3254	C	0	0	3254	36.9
A_PB2	1602	3450	A	0	0	3450	37.6
A_PB2	1603	3390	A	0	0	3390	35.1
A_PB2	1604	3260	T	0	0	3260	34.6
A_PB2	1605	2991	G	0	0	2991	34.6
A_PB2	1606	3319	A	0	0	3319	37.7
A_PB2	1607	3250	T	0	0	3250	37.6
A_PB2	1608	3224	G	0	0	3224	36.5
A_PB2	1609	3227	T	0	0	3227	34.5
A_PB2	1610	3463	G	0	0	3463	34.4
A_PB2	1611	3442	G	0	0	3442	37.2
A_PB2	1612	3357	G	0	0	3357	37.1
A_PB2	1613	2980	A	0	0	2980	35.4
A_PB2	1614	3242	G	0	0	3242	35.9
A_PB2	1615	3332	A	0	0	3332	36.9
A_PB2	1616	3105	T	0	0	3105	34.1
A_PB2	1617	3199	C	0	0	3199	36.2
A_PB2	1618	2989	A	0	0	2989	36.7
A_PB2	1619	3143	A	0	0	3143	34.1
A_PB2	1620	3050	T	0	0	3050	34.5
A_PB2	1621	3246	G	0	0	3246	34.2
A_PB2	1622	3585	G	0	0	3585	37.5
A_PB2	1623	2819	T	0	0	2819	36.6
A_PB2	1624	3327	C	0	0	3327	36.7
A_PB2	1625	3494	C	0	0	3494	37.7
A_PB2	1626	3164	T	0	0	3164	37.0
A_PB2	1627	3319	G	0	0	3319	35.8
A_PB2	1628	3188	A	0	0	3188	35.9
A_PB2	1629	3096	G	0	0	3096	36.5
A_PB2	1630	3343	T	0	0	3343	35.2
A_PB2	1631	2956	C	0	0	2956	37.9
A_PB2	1632	3270	G	0	0	3270	37.9
A_PB2	1633	2872	G	0	0	2872	35.2
A_PB2	1634	3085	T	0	0	3085	36.2
A_PB2	1635	3323	G	0	0	3323	36.6
A_PB2	1636	3087	T	0	0	3087	35.3
A_PB2	1637	3264	T	0	0	3264	37.3
A_PB2	1638	3292	G	0	0	3292	37.5
A_PB2	1639	3388	G	0	0	3388	37.6
A_PB2	1640	3311	T	0	0	3311	37.4
A_PB2	1641	3047	C	0	0	3047	34.1
A_PB2	1642	3390	A	0	0	3390	34.8
A_PB2	1643	3017	A	0	0	3017	36.4
A_PB2	1644	2981	T	0	0	2981	35.5
A_PB2	1645	3083	A	0	0	3083	36.6
A_PB2	1646	2992	C	0	0	2992	34.2
A_PB2	1647	3293	T	0	0	3293	34.6
A_PB2	1648	3463	T	0	0	3463	38.0
A_PB2	1649	2964	A	0	0	2964	34.9
A_PB2	1650	3054	C	0	0	3054	36.6
A_PB2	1651	3564	C	0	0	3564	34.6
A_PB2	1652	3189	A	0	0	3189	36.0
A_PB2	1653	3197	G	0	0	3197	35.2
A_PB2	1654	2868	T	0	0	2868	37.5
A_PB2	1655	3175	G	0	0	3175	37.1
A_PB2	1656	3067	G	0	0	3067	35.3
A_PB2	1657	3106	A	0	0	3106	35.5
A_PB2	1658	3138	T	0	0	3138	34.3
A_PB2	1659	3417	A	0	0	3417	36.3
A_PB2	1660	3133	A	0	0	3133	37.6
A_PB2	1661	2959	T	0	0	2959	35.7
A_PB2	1662	3315	T	0	0	3315	37.1
A_PB2	1663	3445	A	0	0	3445	37.9
A_PB2	1664	3434	G	0	0	3434	36.4
A_PB2	1665	2970	A	0	0	2970	35.8
A_PB2	1666	3237	A	0	0	3237	36.3
A_PB2	1667	3045	A	0	0	3045	35.4
A_PB2	1668	3097	C	0	0	3097	36.0
A_PB2	1669	3017	T	0	0	3017	34.7
A_PB2	1670	3011	G	0	0	3011	37.8
A_PB2	1671	3244	G	0	0	3244	34.5
A_PB2	1672	3406	G	0	0	3406	34.0
A_PB2	1673	3225	A	0	0	3225	38.0
A_PB2	1674	3273	A	0	0	3273	34.8
A_PB2	1675	3170	A	0	0	3170	35.8
A_PB2	1676	3255	C	0	0	3255	37.4
A_PB2	1677	2854	T	0	0	2854	35.2
A_PB2	1678	3319	G	0	0	3319	34.9
A_PB2	1679	3270	T	0	0	3270	34.8
A_PB2	1680	3013	A	0	0	3013	36.0
A_PB2	1681	3226	A	0	0	3226	37.5
A_PB2	1682	3125	A	0	0	3125	34.1
A_PB2	1683	3237	A	0	0	3237	36.5
A_PB2	1684	3181	A	0	0	3181	34.9
A_PB2	1685	3050	T	0	0	3050	35.7
A_PB2	1686	3040	T	0	0	3040	37.2
A_PB2	1687	3058	C	0	0	3058	35.1
A_PB2	1688	3423	A	0	0	3423	37.6
A_PB2	1689	3150	A	0	0	3150	36.5
A_PB2	1690	3614	T	0	0	3614	37.9
A_PB2	1691	3288	G	0	0	3288	36.8
A_PB2	1692	2994	G	0	0	2994	35.1
A_PB2	1693	3215	T	0	0	3215	37.1
A_PB2	1694	3206	C	0	0	3206	36.4
A_PB2	1695	3336	A	0	0	3336	34.3
A_PB2	1696	3083	C	0	0	3083	34.6
A_PB2	1697	3202	A	0	0	3202	34.8
A_PB2	1698	3179	G	0	0	3179	34.7
A_PB2	1699	2990	G	0	0	2990	38.0
A_PB2	1700	3121	A	0	0	3121	36.1
A_PB2	1701	3089	T	0	0	3089	35.1
A_PB2	1702	3077	C	0	0	3077	37.9
A_PB2	1703	3086	C	0	0	3086	34.8
A_PB2	1704	3152	C	0	0	3152	36.1
A_PB2	1705	2801	A	0	0	2801	37.5
A_PB2	1706	3158	C	0	0	3158	35.8
A_PB2	1707	3091	A	0	0	3091	35.4
A_PB2	1708	2949	A	0	0	2949	34.1
A_PB2	1709	2784	T	0	0	2784	35.7
A_PB2	1710	3152	G	0	0	3152	35.2
A_PB2	1711	3446	T	0	0	3446	35.0
A_PB2	1712	2765	T	0	0	2765	35.8
A_PB2	1713	2847	G	0	0	2847	35.5
A_PB2	1714	3364	T	0	0	3364	37.6
A_PB2	1715	3122	A	0	0	3122	37.5
A_PB2	1716	3296	T	0	0	3296	34.2
A_PB2	1717	2767	A	0	0	2767	36.4
A_PB2	1718	3248	A	0	0	3248	35.8
A_PB2	1719	3223	T	0	0	3223	34.1
A_PB2	1720	3145	A	0	0	3145	36.5
A_PB2	1721	2643	A	0	0	2643	35.8
A_PB2	1722	2730	G	0	0	2730	36.6
A_PB2	1723	2892	A	0	0	2892	35.5
A_PB2	1724	2935	T	0	0	2935	35.6
A_PB2	1725	2691	G	0	0	2691	37.4
A_PB2	1726	2873	G	0	0	2873	35.0
A_PB2	1727	3228	A	0	0	3228	34.9
A_PB2	1728	2674	A	0	0	2674	35.2
A_PB2	1729	3082	T	0	0	3082	37.0
A_PB2	1730	3209	T	0	0	3209	37.3
A_PB2	1731	3078	C	0	0	3078	34.7
A_PB2	1732	2674	G	0	0	2674	37.8
A_PB2	1733	2702	A	0	0	2702	35.6
A_PB2	1734	2992	G	0	0	2992	35.7
A_PB2	1735	2894	C	0	0	2894	35.8
A_PB2	1736	2872	C	0	0	2872	35.1
A_PB2	1737	3326	A	0	0	3326	36.2
A_PB2	1738	3134	T	0	0	3134	37.2
A_PB2	1739	2957	T	0	0	2957	35.7
A_PB2	1740	2829	C	0	0	2829	36.8
A_PB2	1741	2668	C	0	0	2668	37.9
A_PB2	1742	3179	A	0	0	3179	34.9
A_PB2	1743	2933	G	0	0	2933	37.2
A_PB2	1744	3046	T	0	0	3046	34.5
A_PB2	1745	2788	C	0	0	2788	37.7
A_PB2	1746	3128	T	0	0	3128	37.9
A_PB2	1747	2581	C	0	0	2581	37.7
A_PB2	1748	2848	T	0	0	2848	35.5
A_PB2	1749	2959	A	0	0	2959	35.1
A_PB2	1750	2786	G	0	0	2786	36.5
A_PB2	1751	3101	T	0	0	3101	37.0
A_PB2	1752	3210	C	0	0	3210	37.7
A_PB2	1753	2988	C	0	0	2988	35.6
A_PB2	1754	2642	C	0	0	2642	36.0
A_PB2	1755	2984	T	0	0	2984	37.1
A_PB2	1756	2935	A	0	0	2935	34.9
A_PB2	1757	2839	A	0	0	2839	37.9
A_PB2	1758	3074	G	0	0	3074	35.3
A_PB2	1759	2985	G	0	0	2985	37.8
A_PB2	1760	3233	C	0	0	3233	34.0
A_PB2	1761	3254	A	0	0	3254	35.7
A_PB2	1762	3112	G	0	0	3112	36.7
A_PB2	1763	3155	C	0	0	3155	37.7
A_PB2	1764	3245	C	0	0	3245	34.4
A_PB2	1765	2992	A	0	0	2992	34.4
A_PB2	1766	3129	G	0	0	3129	37.4
A_PB2	1767	2984	A	0	0	2984	36.0
A_PB2	1768	2753	G	0	0	2753	35.8
A_PB2	1769	2878	G	0	0	2878	36.8
A_PB2	1770	2902	T	0	0	2902	34.9
A_PB2	1771	2696	C	0	0	2696	37.0
A_PB2	1772	2957	A	0	0	2957	36.7
A_PB2	1773	3159	A	0	0	3159	34.5
A_PB2	1774	2758	T	0	0	2758	34.3
A_PB2	1775	3275	A	0	0	3275	37.7
A_PB2	1776	3026	C	0	0	3026	36.4
A_PB2	1777	2848	A	0	0	2848	35.0
A_PB2	1778	3439	G	0	0	3439	35.3
A_PB2	1779	2879	T	0	0	2879	35.0
A_PB2	1780	3054	G	0	0	3054	36.9
A_PB2	1781	2754	G	0	0	2754	36.5
A_PB2	1782	3039	G	0	0	3039	37.1
A_PB2	1783	3515	T	0	0	3515	36.5
A_PB2	1784	3074	T	0	0	3074	34.8
A_PB2	1785	2872	T	0	0	2872	36.4
A_PB2	1786	2974	G	0	0	2974	35.6
A_PB2	1787	2915	T	0	0	2915	35.6
A_PB2	1788	3300	G	0	0	3300	36.6
A_PB2	1789	2578	A	0	0	2578	36.5
A_PB2	1790	2915	G	0	0	2915	36.5
A_PB2	1791	2800	A	0	0	2800	36.9
A_PB2	1792	2944	A	0	0	2944	34.9
A_PB2	1793	3049	C	0	0	3049	36.1
A_PB2	1794	3114	A	0	0	3114	34.2
A_PB2	1795	2782	C	0	0	2782	37.5
A_PB2	1796	2936	T	0	0	2936	36.0
A_PB2	1797	2841	A	0	0	2841	34.9
A_PB2	1798	3030	T	0	0	3030	37.9
A_PB2	1799	2739	T	0	0	2739	34.8
A_PB2	1800	3073	C	0	0	3073	35.2
A_PB2	1801	3298	C	0	0	3298	34.7
A_PB2	1802	3105	A	0	0	3105	34.4
A_PB2	1803	3117	G	0	0	3117	37.2
A_PB2	1804	2905	C	0	0	2905	35.1
A_PB2	1805	3191	A	0	0	3191	34.1
A_PB2	1806	3087	A	0	0	3087	35.6
A_PB2	1807	3169	A	0	0	3169	38.0
A_PB2	1808	2862	T	0	0	2862	36.1
A_PB2	1809	3110	G	0	0	3110	36.5
A_PB2	1810	3167	A	0	0	3167	35.6
A_PB2	1811	3045	G	0	0	3045	35.4
A_PB2	1812	3128	A	0	0	3128	34.9
A_PB2	1813	3169	G	0	0	3169	37.7
A_PB2	1814	2723	A	0	0	2723	36.2
A_PB2	1815	3001	T	0	0	3001	34.6
A_PB2	1816	3457	G	0	0	3457	37.8
A_PB2	1817	2858	T	0	0	2858	36.9
A_PB2	1818	3139	G	0	0	3139	37.8
A_PB2	1819	3243	C	0	0	3243	36.6
A_PB2	1820	2989	T	0	0	2989	37.7
A_PB2	1821	3302	T	0	0	3302	34.1
A_PB2	1822	3499	G	0	0	3499	35.6
A_PB2	1823	2698	G	0	0	2698	37.6
A_PB2	1824	3294	A	0	0	3294	37.9
A_PB2	1825	2996	A	0	0	2996	36.9
A_PB2	1826	2925	C	0	0	2925	36.5
A_PB2	1827	3287	A	0	0	3287	34.6
A_PB2	1828	3316	T	0	0	3316	34.8
A_PB2	1829	3090	T	0	0	3090	36.1
A_PB2	1830	3174	T	0	0	3174	37.0
A_PB2	1831	3353	G	0	0	3353	35.9
A_PB2	1832	3035	A	0	0	3035	34.2
A_PB2	1833	3282	C	0	0	3282	35.7
A_PB2	1834	3222	A	0	0	3222	36.5
A_PB2	1835	3295	C	0	0	3295	37.5
A_PB2	1836	3191	T	0	0	3191	37.4
A_PB2	1837	3384	G	0	0	3384	37.6
A_PB2	1838	3478	T	0	0	3478	36.5
A_PB2	1839	3623	T	0	0	3623	36.2
A_PB2	1840	2951	C	0	0	2951	35.2
A_PB2	1841	3365	A	0	0	3365	36.7
A_PB2	1842	3449	G	0	0	3449	37.6
A_PB2	1843	3258	A	0	0	3258	36.5
A_PB2	1844	3084	T	0	0	3084	37.7
A_PB2	1845	3090	A	0	0	3090	35.3
A_PB2	1846	3680	G	0	0	3680	35.4
A_PB2	1847	3271	T	0	0	3271	34.6
A_PB2	1848	3502	A	0	0	3502	36.0
A_PB2	1849	3433	A	0	0	3433	37.0
A_PB2	1850	3587	A	0	0	3587	37.7
A_PB2	1851	3496	A	0	0	3496	36.6
A_PB2	1852	3404	C	0	0	3404	36.4
A_PB2	1853	3060	T	0	0	3060	34.0
A_PB2	1854	3141	C	0	0	3141	37.2
A_PB2	1855	3507	C	0	0	3507	36.5
A_PB2	1856	3340	T	0	0	3340	35.4
A_PB2	1857	3197	C	0	0	3197	36.8
A_PB2	1858	3342	C	0	0	3342	34.2
A_PB2	1859	3553	C	0	0	3553	35.2
A_PB2	1860	3293	C	0	0	3293	35.6
A_PB2	1861	3646	T	0	0	3646	37.1
A_PB2	1862	2895	T	0	0	2895	36.9
A_PB2	1863	3562	T	0	0	3562	36.4
A_PB2	1864	3261	G	0	0	3261	36.5
A_PB2	1865	3447	C	0	0	3447	36.3
A_PB2	1866	3014	T	0	0	3014	34.4
A_PB2	1867	3585	G	0	0	3585	34.8
A_PB2	1868	3300	C	0	0	3300	36.4
A_PB2	1869	3316	C	0	0	3316	34.5
A_PB2	1870	3549	G	0	0	3549	37.6
A_PB2	1871	3236	C	0	0	3236	35.3
A_PB2	1872	3381	C	0	0	3381	36.5
A_PB2	1873	3508	C	0	0	3508	36.7
A_PB2	1874	3506	C	0	0	3506	34.5
A_PB2	1875	3661	A	0	0	3661	35.3
A_PB2	1876	3368	C	0	0	3368	35.1
A_PB2	1877	3270	C	0	0	3270	35.1
A_PB2	1878	3316	G	0	0	3316	37.5
A_PB2	1879	3371	G	0	0	3371	34.8
A_PB2	1880	3723	A	0	0	3723	37.2
A_PB2	1881	3632	A	0	0	3632	35.8
A_PB2	1882	3403	C	0	0	3403	37.2
A_PB2	1883	3241	A	0	0	3241	35.7
A_PB2	1884	3702	A	0	0	3702	35.6
A_PB2	1885	3236	A	0	0	3236	35.8
A_PB2	1886	3338	G	0	0	3338	37.4
A_PB2	1887	2985	T	0	0	2985	36.0
A_PB2	1888	3325	A	0	0	3325	35.5
A_PB2	1889	3642	G	0	0	3642	37.2
A_PB2	1890	3713	G	0	0	3713	37.5
A_PB2	1891	3131	A	0	0	3131	34.1
A_PB2	1892	3364	T	0	0	3364	34.3
A_PB2	1893	3310	G	0	0	3310	36.3
A_PB2	1894	3737	C	0	0	3737	34.4
A_PB2	1895	3438	A	0	0	3438	35.5
A_PB2	1896	3420	G	0	0	3420	35.8
A_PB2	1897	3053	T	0	0	3053	34.9
A_PB2	1898	3508	T	0	0	3508	35.5
A_PB2	1899	3521	C	0	0	3521	37.8
A_PB2	1900	3605	T	0	0	3605	35.6
A_PB2	1901	3431	C	0	0	3431	36.1
A_PB2	1902	3560	C	0	0	3560	37.9
A_PB2	1903	3463	T	0	0	3463	34.4
A_PB2	1904	3481	C	0	0	3481	36.9
A_PB2	1905	3507	C	0	0	3507	35.6
A_PB2	1906	3499	C	0	0	3499	37.4
A_PB2	1907	3716	T	0	0	3716	36.9
A_PB2	1908	3688	G	0	0	3688	35.2
A_PB2	1909	3508	A	0	0	3508	35.6
A_PB2	1910	3351	C	0	0	3351	35.1
A_PB2	1911	3775	T	0	0	3775	34.5
A_PB2	1912	3454	G	0	0	3454	37.1
A_PB2	1913	3650	T	0	0	3650	34.3
A_PB2	1914	3330	G	0	0	3330	37.4
A_PB2	1915	3499	A	0	0	3499	37.9
A_PB2	1916	3175	A	0	0	3175	36.0
A_PB2	1917	3650	T	0	0	3650	35.1
A_PB2	1918	3111	G	0	0	3111	37.6
A_PB2	1919	3138	T	0	0	3138	37.7
A_PB2	1920	3515	A	0	0	3515	34.2
A_PB2	1921	3697	A	0	0	3697	37.3
A_PB2	1922	3240	G	0	0	3240	36.8
A_PB2	1923	3738	A	0	0	3738	37.9
A_PB2	1924	3237	G	0	0	3237	35.1
A_PB2	1925	3282	G	0	0	3282	35.1
A_PB2	1926	2879	A	0	0	2879	36.9
A_PB2	1927	3079	T	0	0	3079	36.2
A_PB2	1928	3255	C	0	0	3255	35.4
A_PB2	1929	3605	A	0	0	3605	37.6
A_PB2	1930	3066	G	0	0	3066	37.1
A_PB2	1931	3370	G	0	0	3370	35.0
A_PB2	1932	3377	A	0	0	3377	34.5
A_PB2	1933	3681	A	0	0	3681	35.0
A_PB2	1934	3365	T	0	0	3365	37.3
A_PB2	1935	3493	G	0	0	3493	35.9
A_PB2	1936	3300	A	0	0	3300	36.0
A_PB2	1937	3562	G	0	0	3562	35.6
A_PB2	1938	3298	G	0	0	3298	36.6
A_PB2	1939	3129	A	0	0	3129	35.5
A_PB2	1940	3062	T	0	0	3062	37.4
A_PB2	1941	3183	A	0	0	3183	36.7
A_PB2	1942	3220	C	0	0	3220	34.3
A_PB2	1943	3211	T	0	0	3211	34.1
A_PB2	1944	3415	G	0	0	3415	36.7
A_PB2	1945	3164	G	0	0	3164	37.6
A_PB2	1946	3251	T	0	0	3251	36.9
A_PB2	1947	3042	A	0	0	3042	34.4
A_PB2	1948	3173	A	0	0	3173	35.8
A_PB2	1949	3355	G	0	0	3355	36.3
A_PB2	1950	3188	A	0	0	3188	35.7
A_PB2	1951	3466	G	0	0	3466	37.2
A_PB2	1952	3232	G	0	0	3232	37.5
A_PB2	1953	3379	C	0	0	3379	37.7
A_PB2	1954	3274	A	0	0	3274	37.9
A_PB2	1955	3202	A	0	0	3202	36.5
A_PB2	1956	3380	T	0	0	3380	36.2
A_PB2	1957	3082	T	0	0	3082	35.4
A_PB2	1958	3095	C	0	0	3095	34.2
A_PB2	1959	3245	A	0	0	3245	35.4
A_PB2	1960	2973	C	0	0	2973	34.0
A_PB2	1961	3383	C	0	0	3383	37.2
A_PB2	1962	3075	A	0	0	3075	35.9
A_PB2	1963	2991	G	0	0	2991	37.2
A_PB2	1964	3282	T	0	0	3282	34.7
A_PB2	1965	2899	C	0	0	2899	37.6
A_PB2	1966	3193	T	0	0	3193	37.8
A_PB2	1967	3253	T	0	0	3253	34.1
A_PB2	1968	3187	C	0	0	3187	37.0
A_PB2	1969	2994	A	0	0	2994	34.8
A_PB2	1970	3122	A	0	0	3122	35.0
A_PB2	1971	3153	T	0	0	3153	37.7
A_PB2	1972	2911	T	0	0	2911	36.4
A_PB2	1973	3034	A	0	0	3034	36.6
A_PB2	1974	2868	C	0	0	2868	37.6
A_PB2	1975	3073	A	0	0	3073	34.9
A_PB2	1976	3278	A	0	0	3278	36.6
A_PB2	1977	3084	C	0	0	3084	35.2
A_PB2	1978	3168	A	0	0	3168	37.5
A_PB2	1979	3164	A	0	0	3164	34.5
A_PB2	1980	2815	G	0	0	2815	34.8
A_PB2	1981	3104	G	0	0	3104	36.6
A_PB2	1982	2994	C	0	0	2994	36.3
A_PB2	1983	2559	C	0	0	2559	36.7
A_PB2	1984	2801	A	0	0	2801	34.6
A_PB2	1985	2969	C	0	0	2969	36.1
A_PB2	1986	2988	C	0	0	2988	36.3
A_PB2	1987	2921	A	0	0	2921	37.2
A_PB2	1988	2924	A	0	0	2924	35.9
A_PB2	1989	2914	G	0	0	2914	35.8
A_PB2	1990	2646	A	0	0	2646	35.3
A_PB2	1991	2580	G	0	0	2580	34.2
A_PB2	1992	2640	G	0	0	2640	34.5
A_PB2	1993	2798	C	0	0	2798	35.9
A_PB2	1994	2832	T	0	0	2832	34.0
A_PB2	1995	2787	C	0	0	2787	35.4
A_PB2	1996	2753	A	0	0	2753	35.5
A_PB2	1997	2777	C	0	0	2777	34.4
A_PB2	1998	2642	A	0	0	2642	35.8
A_PB2	1999	2716	G	0	0	2716	35.5
A_PB2	2000	2523	T	0	0	2523	34.5
A_PB2	2001	2392	T	0	0	2392	36.2
A_PB2	2002	2687	C	0	0	2687	37.1
A_PB2	2003	2721	T	0	0	2721	36.8
A_PB2	2004	2873	C	0	0	2873	37.2
A_PB2	2005	2473	G	0	0	2473	34.8
A_PB2	2006	2674	G	0	0	2674	37.8
A_PB2	2007	2402	G	0	0	2402	37.7
A_PB2	2008	2472	A	0	0	2472	35.6
A_PB2	2009	2510	A	0	0	2510	34.9
A_PB2	2010	2604	A	0	0	2604	36.4
A_PB2	2011	2494	G	0	0	2494	36.4
A_PB2	2012	2500	A	0	0	2500	37.2
A_PB2	2013	2434	T	0	0	2434	37.2
A_PB2	2014	2786	G	0	0	2786	37.2
A_PB2	2015	2749	C	0	0	2749	36.5
A_PB2	2016	2738	A	0	0	2738	38.0
A_PB2	2017	2912	G	0	0	2912	37.6
A_PB2	2018	2605	G	0	0	2605	35.6
A_PB2	2019	2307	T	0	0	2307	35.4
A_PB2	2020	2480	G	0	0	2480	34.6
A_PB2	2021	2447	C	0	0	2447	35.0
A_PB2	2022	2329	A	0	0	2329	37.8
A_PB2	2023	2149	T	0	0	2149	34.9
A_PB2	2024	2383	T	0	0	2383	36.1
A_PB2	2025	2326	G	0	0	2326	34.3
A_PB2	2026	2270	A	0	0	2270	34.6
A_PB2	2027	2422	C	0	0	2422	34.6
A_PB2	2028	2179	C	0	0	2179	37.0
A_PB2	2029	2378	G	0	0	2378	36.2
A_PB2	2030	2468	A	0	0	2468	35.9
A_PB2	2031	2361	A	0	0	2361	36.3
A_PB2	2032	2069	G	0	0	2069	35.9
A_PB2	2033	2440	A	0	0	2440	36.9
A_PB2	2034	2204	T	0	0	2204	34.2
A_PB2	2035	2361	C	0	0	2361	34.7
A_PB2	2036	2084	C	0	0	2084	34.9
A_PB2	2037	2081	A	0	0	2081	35.2
A_PB2	2038	2370	G	0	0	2370	35.8
A_PB2	2039	2145	A	0	0	2145	34.1
A_PB2	2040	2091	T	0	0	2091	35.6
A_PB2	2041	2387	G	0	0	2387	34.4
A_PB2	2042	2133	A	0	0	2133	37.4
A_PB2	2043	1847	A	0	0	1847	36.4
A_PB2	2044	2050	G	0	0	2050	34.2
A_PB2	2045	2309	G	0	0	2309	34.3
A_PB2	2046	2110	C	0	0	2110	35.0
A_PB2	2047	2157	A	0	0	2157	34.4
A_PB2	2048	2200	C	0	0	2200	36.2
A_PB2	2049	1791	A	0	0	1791	37.0
A_PB2	2050	1988	G	0	0	1988	34.8
A_PB2	2051	2141	C	0	0	2141	34.5
A_PB2	2052	2091	T	0	0	2091	34.9
A_PB2	2053	2075	G	0	0	2075	36.1
A_PB2	2054	1981	G	0	0	1981	34.2
A_PB2	2055	2008	A	0	0	2008	36.6
A_PB2	2056	2205	G	0	0	2205	35.8
A_PB2	2057	1945	T	0	0	1945	35.9
A_PB2	2058	2046	G	0	0	2046	37.6
A_PB2	2059	1899	G	0	0	1899	37.4
A_PB2	2060	1982	A	0	0	1982	37.5
A_PB2	2061	1760	G	0	0	1760	34.6
A_PB2	2062	2201	T	0	0	2201	34.3
A_PB2	2063	2114	C	0	0	2114	36.7
A_PB2	2064	1941	T	0	0	1941	37.2
A_PB2	2065	2068	G	0	0	2068	36.5
A_PB2	2066	1937	C	0	0	1937	34.2
A_PB2	2067	1974	T	0	0	1974	34.7
A_PB2	2068	2102	G	0	0	2102	34.7
A_PB2	2069	1995	T	0	0	1995	35.7
A_PB2	2070	2126	T	0	0	2126	38.0
A_PB2	2071	1810	T	0	0	1810	35.0
A_PB2	2072	2001	T	0	0	2001	35.5
A_PB2	2073	2049	A	0	0	2049	34.9
A_PB2	2074	1891	A	0	0	1891	34.9
A_PB2	2075	1749	G	0	0	1749	34.1
A_PB2	2076	1946	A	0	0	1946	37.7
A_PB2	2077	1954	G	0	0	1954	34.8
A_PB2	2078	2148	G	0	0	2148	35.8
A_PB2	2079	1870	A	0	0	1870	35.9
A_PB2	2080	1893	T	0	0	1893	36.3
A_PB2	2081	1944	T	0	0	1944	37.6
A_PB2	2082	1939	C	0	0	1939	34.8
A_PB2	2083	1831	C	0	0	1831	34.9
A_PB2	2084	1853	T	0	0	1853	36.2
A_PB2	2085	1825	C	0	0	1825	37.9
A_PB2	2086	1887	A	0	0	1887	35.7
A_PB2	2087	1760	T	0	0	1760	35.0
A_PB2	2088	1754	T	0	0	1754	35.1
A_PB2	2089	2116	T	0	0	2116	35.4
A_PB2	2090	2025	T	0	0	2025	37.2
A_PB2	2091	1895	G	0	0	1895	36.9
A_PB2	2092	1979	G	0	0	1979	34.2
A_PB2	2093	1854	G	0	0	1854	36.9
A_PB2	2094	1807	C	0	0	1807	35.7
A_PB2	2095	2128	A	0	0	2128	36.1
A_PB2	2096	2065	A	0	0	2065	36.4
A_PB2	2097	1824	A	0	0	1824	36.8
A_PB2	2098	1810	G	0	0	1810	34.7
A_PB2	2099	2010	A	0	0	2010	34.8
A_PB2	2100	1738	A	0	0	1738	35.1
A_PB2	2101	2026	G	0	0	2026	37.8
A_PB2	2102	1888	A	0	0	1888	36.3
A_PB2	2103	1656	C	0	0	1656	34.6
A_PB2	2104	1659	A	0	0	1659	34.1
A_PB2	2105	1932	A	0	0	1932	37.5
A_PB2	2106	1891	G	0	0	1891	37.3
A_PB2	2107	1926	A	0	0	1926	34.2
A_PB2	2108	2015	G	0	0	2015	34.5
A_PB2	2109	1775	A	0	0	1775	37.1
A_PB2	2110	1879	T	0	0	1879	36.8
A_PB2	2111	1947	A	0	0	1947	35.4
A_PB2	2112	1782	T	0	0	1782	34.6
A_PB2	2113	1925	G	0	0	1925	37.6
A_PB2	2114	1821	G	0	0	1821	37.3
A_PB2	2115	1914	C	0	0	1914	35.3
A_PB2	2116	2019	C	0	0	2019	37.3
A_PB2	2117	1927	C	0	0	1927	35.2
A_PB2	2118	1675	A	0	0	1675	34.8
A_PB2	2119	1882	G	0	0	1882	37.5
A_PB2	2120	1716	C	0	0	1716	37.6
A_PB2	2121	1986	A	0	0	1986	37.1
A_PB2	2122	1683	T	0	0	1683	35.4
A_PB2	2123	1821	T	0	0	1821	34.9
A_PB2	2124	1946	G	0	0	1946	35.4
A_PB2	2125	1877	A	0	0	1877	37.7
A_PB2	2126	1886	G	0	0	1886	36.4
A_PB2	2127	1867	C	0	0	1867	36.3
A_PB2	2128	1831	A	0	0	1831	34.2
A_PB2	2129	1778	T	0	0	1778	36.0
A_PB2	2130	2001	C	0	0	2001	36.8
A_PB2	2131	1904	A	0	0	1904	37.5
A_PB2	2132	1716	A	0	0	1716	36.7
A_PB2	2133	1865	T	0	0	1865	35.4
A_PB2	2134	1864	G	0	0	1864	35.0
A_PB2	2135	2003	A	0	0	2003	35.4
A_PB2	2136	2046	G	0	0	2046	37.9
A_PB2	2137	2071	C	0	0	2071	35.4
A_PB2	2138	1786	T	0	0	1786	37.9
A_PB2	2139	1928	G	0	0	1928	35.6
A_PB2	2140	1972	A	0	0	1972	34.7
A_PB2	2141	1927	G	0	0	1927	34.2
A_PB2	2142	1985	C	0	0	1985	34.6
A_PB2	2143	2110	A	0	0	2110	38.0
A_PB2	2144	2015	A	0	0	2015	37.7
A_PB2	2145	1866	T	0	0	1866	35.4
A_PB2	2146	1802	C	0	0	1802	36.4
A_PB2	2147	1962	T	0	0	1962	37.8
A_PB2	2148	1874	T	0	0	1874	37.6
A_PB2	2149	2008	G	0	0	2008	35.5
A_PB2	2150	1916	C	0	0	1916	37.8
A_PB2	2151	1960	A	0	0	1960	34.5
A_PB2	2152	2091	A	0	0	2091	36.4
A_PB2	2153	1898	A	0	0	1898	36.9
A_PB2	2154	1753	G	0	0	1753	36.0
A_PB2	2155	1697	G	0	0	1697	35.7
A_PB2	2156	1644	G	0	0	1644	34.8
A_PB2	2157	1813	A	0	0	1813	35.4
A_PB2	2158	1869	G	0	0	1869	34.9
A_PB2	2159	1900	A	0	0	1900	35.3
A_PB2	2160	2047	G	0	0	2047	34.2
A_PB2	2161	1677	A	0	0	1677	36.1
A_PB2	2162	1794	A	0	0	1794	37.5
A_PB2	2163	1845	G	0	0	1845	37.6
A_PB2	2164	1747	G	0	0	1747	37.5
A_PB2	2165	1931	C	0	0	1931	35.5
A_PB2	2166	1786	T	0	0	1786	36.4
A_PB2	2167	1667	A	0	0	1667	34.5
A_PB2	2168	1945	A	0	0	1945	37.3
A_PB2	2169	1703	T	0	0	1703	37.2
A_PB2	2170	1957	G	0	0	1957	37.6
A_PB2	2171	1611	T	0	0	1611	36.6
A_PB2	2172	1729	G	0	0	1729	35.1
A_PB2	2173	1859	C	0	0	1859	34.2
A_PB2	2174	1795	T	0	0	1795	34.1
A_PB2	2175	1634	A	0	0	1634	36.4
A_PB2	2176	1637	A	0	0	1637	37.0
A_PB2	2177	1459	T	0	0	1459	35.6
A_PB2	2178	1606	T	0	0	1606	35.7
A_PB2	2179	1520	G	0	0	1520	37.3
A_PB2	2180	1589	G	0	0	1589	35.0
A_PB2	2181	1678	G	0	0	1678	36.0
A_PB2	2182	1532	C	0	0	1532	37.7
A_PB2	2183	1637	A	0	0	1637	37.2
A_PB2	2184	1480	A	0	0	1480	37.4
A_PB2	2185	1478	G	0	0	1478	35.4
A_PB2	2186	1498	G	0	0	1498	34.1
A_PB2	2187	1508	A	0	0	1508	36.8
A_PB2	2188	1522	G	0	0	1522	37.5
A_PB2	2189	1428	A	0	0	1428	36.8
A_PB2	2190	1569	C	0	0	1569	35.9
A_PB2	2191	1568	G	0	0	1568	37.3
A_PB2	2192	1508	T	0	0	1508	34.6
A_PB2	2193	1515	A	0	0	1515	34.1
A_PB2	2194	1395	G	0	0	1395	37.9
A_PB2	2195	1429	T	0	0	1429	37.1
A_PB2	2196	1294	G	0	0	1294	37.1
A_PB2	2197	1546	T	0	0	1546	35.2
A_PB2	2198	1357	T	0	0	1357	35.8
A_PB2	2199	1411	G	0	0	1411	34.5
A_PB2	2200	1401	G	0	0	1401	36.9
A_PB2	2201	1277	T	0	0	1277	37.2
A_PB2	2202	1305	G	0	0	1305	35.5
A_PB2	2203	1286	A	0	0	1286	35.0
A_PB2	2204	1277	T	0	0	1277	34.2
A_PB2	2205	1461	G	0	0	1461	35.1
A_PB2	2206	1330	A	0	0	1330	34.6
A_PB2	2207	1419	A	0	0	1419	37.7
A_PB2	2208	1344	A	0	0	1344	34.7
A_PB2	2209	1275	C	0	0	1275	34.6
A_PB2	2210	1280	G	0	0	1280	34.8
A_PB2	2211	1368	G	0	0	1368	37.2
A_PB2	2212	1291	A	0	0	1291	34.6
A_PB2	2213	1179	A	0	0	1179	36.5
A_PB2	2214	1080	A	0	0	1080	36.1
A_PB2	2215	1115	C	0	0	1115	35.2
A_PB2	2216	1103	G	0	0	1103	36.6
A_PB2	2217	1121	G	0	0	1121	34.5
A_PB2	2218	1191	G	0	0	1191	37.5
A_PB2	2219	1191	A	0	0	1191	35.7
A_PB2	2220	1110	C	0	0	1110	36.9
A_PB2	2221	1193	T	0	0	1193	35.5
A_PB2	2222	1115	C	0	0	1115	34.9
A_PB2	2223	1007	T	0	0	1007	37.7
A_PB2	2224	1092	A	0	0	1092	35.4
A_PB2	2225	1088	G	0	0	1088	37.1
A_PB2	2226	1037	C	0	0	1037	37.4
A_PB2	2227	1033	A	0	0	1033	36.3
A_PB2	2228	1047	T	0	0	1047	34.9
A_PB2	2229	1003	A	0	0	1003	35.1
A_PB2	2230	846	C	0	0	846	36.0
A_PB2	2231	809	T	0	0	809	36.5
A_PB2	2232	863	T	0	0	863	36.6
A_PB2	2233	878	A	0	0	878	37.4
A_PB2	2234	875	C	0	0	875	35.9
A_PB2	2235	979	T	0	0	979	36.0
A_PB2	2236	911	G	0	0	911	37.4
A_PB2	2237	850	A	0	0	850	36.4
A_PB2	2238	828	C	0	0	828	34.8
A_PB2	2239	783	A	0	0	783	35.9
A_PB2	2240	821	G	0	0	821	35.9
A_PB2	2241	808	C	0	0	808	37.2
A_PB2	2242	835	C	0	0	835	36.1
A_PB2	2243	722	A	0	0	722	35.2
A_PB2	2244	752	G	0	0	752	34.7
A_PB2	2245	718	A	0	0	718	34.8
A_PB2	2246	622	C	0	0	622	34.3
A_PB2	2247	672	A	0	0	672	35.7
A_PB2	2248	653	G	0	0	653	36.3
A_PB2	2249	575	C	0	0	575	35.0
A_PB2	2250	534	G	0	0	534	37.2
A_PB2	2251	562	A	0	0	562	34.2
A_PB2	2252	525	C	0	0	525	37.9
A_PB2	2253	583	C	0	0	583	37.7
A_PB2	2254	483	A	0	0	483	34.6
A_PB2	2255	509	A	0	0	509	34.6
A_PB2	2256	453	A	0	0	453	35.4
A_PB2	2257	474	A	0	0	474	36.7
A_PB2	2258	435	G	0	0	435	37.1
A_PB2	2259	379	A	0	0	379	36.0
A_PB2	2260	429	A	0	0	429	37.7
A_PB2	2261	369	T	0	0	369	36.1
A_PB2	2262	370	T	0	0	370	36.1
A_PB2	2263	375	C	0	0	375	35.7
A_PB2	2264	327	G	0	0	327	34.3
A_PB2	2265	284	G	0	0	284	34.2
A_PB2	2266	253	A	0	0	253	36.1
A_PB2	2267	265	T	0	0	265	37.4
A_PB2	2268	234	G	0	0	234	36.8
A_PB2	2269	219	G	0	0	219	36.4
A_PB2	2270	218	C	0	0	218	35.5
A_PB2	2271	182	C	0	0	182	37.7
A_PB2	2272	176	A	0	0	176	36.1
A_PB2	2273	145	T	0	0	145	37.0
A_PB2	2274	117	C	0	0	117	35.5
A_PB2	2275	97	A	0	0	97	35.8
A_PB2	2276	85	A	0	0	85	34.4
A_PB2	2277	59	T	0	0	59	35.4
A_PB2	2278	39	T	0	0	39	36.6
A_PB2	2279	20	A	0	0	20	37.8
A_PB2	2280	0	G	0	0	0	35.0
