Reference_Name	Position	Coverage Depth	Consensus	Deletions	Ambiguous	Consensus_Count	Consensus_Average_Quality
A_MP	1	3	A	0	0	3	36.3
A_MP	2	8	T	0	0	8	36.6
A_MP	3	12	G	0	0	12	34.6
A_MP	4	16	A	0	0	16	35.9
A_MP	5	19	G	0	0	19	37.8
A_MP	6	23	T	0	0	23	35.8
A_MP	7	30	C	0	0	30	36.1
A_MP	8	34	T	0	0	34	36.6
A_MP	9	39	T	0	0	39	36.3
A_MP	10	41	C	0	0	41	36.0
A_MP	11	50	T	0	0	50	37.5
A_MP	12	54	A	0	0	54	37.4
A_MP	13	57	A	0	0	57	34.1
A_MP	14	55	C	0	0	55	35.3
A_MP	15	61	C	0	0	61	34.3
A_MP	16	71	G	0	0	71	37.6
A_MP	17	77	A	0	0	77	35.1
A_MP	18	79	G	0	0	79	34.3
A_MP	19	89	G	0	0	89	34.2
A_MP	20	84	T	0	0	84	35.6
A_MP	21	94	C	0	0	94	37.6
A_MP	22	97	G	0	0	97	35.8
A_MP	23	105	A	0	0	105	35.2
A_MP	24	94	A	0	0	94	36.8
A_MP	25	106	A	0	0	106	35.6
A_MP	26	109	C	0	0	109	37.7
A_MP	27	115	G	0	0	115	36.0
A_MP	28	113	T	0	0	113	37.2
A_MP	29	146	A	0	0	146	34.2
A_MP	30	130	C	0	0	130	36.6
A_MP	31	129	G	0	0	129	36.3
A_MP	32	122	T	0	0	122	36.9
A_MP	33	154	T	0	0	154	37.6
A_MP	34	151	C	0	0	151	36.7
A_MP	35	146	T	0	0	146	35.3
A_MP	36	143	C	0	0	143	37.6
A_MP	37	148	T	0	0	148	38.0
A_MP	38	152	C	0	0	152	36.7
A_MP	39	155	T	0	0	155	36.8
A_MP	40	173	A	0	0	173	36.6
A_MP	41	169	T	0	0	169	35.9
A_MP	42	179	C	0	0	179	38.0
A_MP	43	180	G	0	0	180	36.4
A_MP	44	184	T	0	0	184	35.9
A_MP	45	207	C	0	0	207	34.7
A_MP	46	212	C	0	0	212	35.0
A_MP	47	208	C	0	0	208	34.3
A_MP	48	185	G	0	0	185	34.1
A_MP	49	213	T	0	0	213	34.8
A_MP	50	192	C	0	0	192	36.4
A_MP	51	198	G	0	0	198	36.2
A_MP	52	218	G	0	0	218	34.6
A_MP	53	215	G	0	0	215	34.8
A_MP	54	212	C	0	0	212	36.0
A_MP	55	220	C	0	0	220	34.8
A_MP	56	238	C	0	0	238	36.6
A_MP	57	228	C	0	0	228	34.3
A_MP	58	246	C	0	0	246	34.3
A_MP	59	250	T	0	0	250	37.3
A_MP	60	239	C	0	0	239	37.6
A_MP	61	230	A	0	0	230	36.3
A_MP	62	236	A	0	0	236	37.0
A_MP	63	232	A	0	0	232	35.8
A_MP	64	222	G	0	0	222	37.2
A_MP	65	208	C	0	0	208	36.1
A_MP	66	211	C	0	0	211	35.3
A_MP	67	235	G	0	0	235	37.5
A_MP	68	228	A	0	0	228	35.7
A_MP	69	234	G	0	0	234	34.5
A_MP	70	226	A	0	0	226	34.3
A_MP	71	238	T	0	0	238	36.6
A_MP	72	207	C	0	0	207	34.6
A_MP	73	214	G	0	0	214	35.7
A_MP	74	213	C	0	0	213	37.9
A_MP	75	221	G	0	0	221	34.4
A_MP	76	219	C	0	0	219	36.1
A_MP	77	225	A	0	0	225	36.5
A_MP	78	220	G	0	0	220	37.8
A_MP	79	219	A	0	0	219	36.8
A_MP	80	213	G	0	0	213	35.8
A_MP	81	229	A	0	0	229	34.9
A_MP	82	222	C	0	0	222	34.3
A_MP	83	222	T	0	0	222	36.6
A_MP	84	232	T	0	0	232	36.1
A_MP	85	213	G	0	0	213	36.3
A_MP	86	226	A	0	0	226	35.1
A_MP	87	233	A	0	0	233	35.3
A_MP	88	214	G	0	0	214	36.4
A_MP	89	219	A	0	0	219	36.1
A_MP	90	211	T	0	0	211	35.4
A_MP	91	206	G	0	0	206	35.0
A_MP	92	222	T	0	0	222	36.0
A_MP	93	228	C	0	0	228	37.1
A_MP	94	234	T	0	0	234	35.2
A_MP	95	201	T	0	0	201	36.4
A_MP	96	238	T	0	0	238	34.8
A_MP	97	233	G	0	0	233	35.1
A_MP	98	206	C	0	0	206	34.7
A_MP	99	221	A	0	0	221	37.6
A_MP	100	241	G	0	0	241	36.2
A_MP	101	223	G	0	0	223	34.1
A_MP	102	231	G	0	0	231	34.4
A_MP	103	227	A	0	0	227	37.6
A_MP	104	216	A	0	0	216	36.2
A_MP	105	247	G	0	0	247	35.4
A_MP	106	198	A	0	0	198	37.0
A_MP	107	242	A	0	0	242	36.7
A_MP	108	226	C	0	0	226	35.2
A_MP	109	227	A	0	0	227	37.0
A_MP	110	227	C	0	0	227	37.7
A_MP	111	227	C	0	0	227	34.6
A_MP	112	243	G	0	0	243	35.8
A_MP	113	254	A	0	0	254	34.3
A_MP	114	221	T	0	0	221	35.1
A_MP	115	215	C	0	0	215	37.4
A_MP	116	242	T	0	0	242	35.7
A_MP	117	228	T	0	0	228	34.4
A_MP	118	233	G	0	0	233	37.1
A_MP	119	220	A	0	0	220	35.0
A_MP	120	218	G	0	0	218	34.9
A_MP	121	234	G	0	0	234	37.7
A_MP	122	221	C	0	0	221	34.5
A_MP	123	241	T	0	0	241	35.1
A_MP	124	268	C	0	0	268	35.2
A_MP	125	229	T	0	0	229	34.9
A_MP	126	241	C	0	0	241	36.5
A_MP	127	254	A	0	0	254	36.7
A_MP	128	238	T	0	0	238	34.5
A_MP	129	268	G	0	0	268	37.8
A_MP	130	251	G	0	0	251	37.3
A_MP	131	241	A	0	0	241	35.0
A_MP	132	283	A	0	0	283	37.2
A_MP	133	245	T	0	0	245	36.4
A_MP	134	241	G	0	0	241	36.8
A_MP	135	271	G	0	0	271	35.2
A_MP	136	235	C	0	0	235	34.8
A_MP	137	218	T	0	0	218	35.2
A_MP	138	266	A	0	0	266	37.9
A_MP	139	276	A	0	0	276	37.6
A_MP	140	258	A	0	0	258	36.7
A_MP	141	230	G	0	0	230	36.2
A_MP	142	250	A	0	0	250	35.7
A_MP	143	232	C	0	0	232	36.4
A_MP	144	269	A	0	0	269	37.2
A_MP	145	230	A	0	0	230	36.1
A_MP	146	242	G	0	0	242	36.0
A_MP	147	215	A	0	0	215	36.5
A_MP	148	261	C	0	0	261	34.6
A_MP	149	230	C	0	0	230	37.9
A_MP	150	244	A	0	0	244	37.1
A_MP	151	243	A	0	0	243	35.4
A_MP	152	225	T	0	0	225	35.6
A_MP	153	240	C	0	0	240	37.4
A_MP	154	249	C	0	0	249	36.0
A_MP	155	241	T	0	0	241	37.5
A_MP	156	217	G	0	0	217	37.3
A_MP	157	236	T	0	0	236	37.5
A_MP	158	230	C	0	0	230	36.5
A_MP	159	215	A	0	0	215	35.0
A_MP	160	204	C	0	0	204	35.9
A_MP	161	226	C	0	0	226	36.7
A_MP	162	204	T	0	0	204	37.6
A_MP	163	213	C	0	0	213	36.1
A_MP	164	208	T	0	0	208	37.1
A_MP	165	239	G	0	0	239	35.6
A_MP	166	212	A	0	0	212	34.8
A_MP	167	187	C	0	0	187	35.5
A_MP	168	207	T	0	0	207	36.8
A_MP	169	199	A	0	0	199	34.8
A_MP	170	194	A	0	0	194	37.8
A_MP	171	196	G	0	0	196	35.9
A_MP	172	217	G	0	0	217	37.3
A_MP	173	223	G	0	0	223	35.1
A_MP	174	217	G	0	0	217	37.3
A_MP	175	200	A	0	0	200	35.5
A_MP	176	199	T	0	0	199	37.9
A_MP	177	196	T	0	0	196	34.6
A_MP	178	196	T	0	0	196	34.3
A_MP	179	184	T	0	0	184	37.3
A_MP	180	178	G	0	0	178	34.4
A_MP	181	169	G	0	0	169	34.8
A_MP	182	189	G	0	0	189	36.1
A_MP	183	176	A	0	0	176	35.6
A_MP	184	190	T	0	0	190	34.4
A_MP	185	180	T	0	0	180	36.6
A_MP	186	202	T	0	0	202	34.2
A_MP	187	197	G	0	0	197	37.4
A_MP	188	173	T	0	0	173	37.6
A_MP	189	174	G	0	0	174	35.8
A_MP	190	186	T	0	0	186	37.7
A_MP	191	152	T	0	0	152	36.7
A_MP	192	176	C	0	0	176	34.9
A_MP	193	168	A	0	0	168	34.3
A_MP	194	167	C	0	0	167	37.5
A_MP	195	161	G	0	0	161	36.4
A_MP	196	169	C	0	0	169	36.9
A_MP	197	152	T	0	0	152	37.7
A_MP	198	153	C	0	0	153	35.4
A_MP	199	144	A	0	0	144	37.5
A_MP	200	147	C	0	0	147	34.6
A_MP	201	152	C	0	0	152	36.4
A_MP	202	157	G	0	0	157	36.5
A_MP	203	160	T	0	0	160	34.8
A_MP	204	154	G	0	0	154	37.4
A_MP	205	149	C	0	0	149	36.2
A_MP	206	152	C	0	0	152	35.4
A_MP	207	133	C	0	0	133	37.6
A_MP	208	159	A	0	0	159	37.2
A_MP	209	147	G	0	0	147	34.9
A_MP	210	132	T	0	0	132	35.2
A_MP	211	144	G	0	0	144	37.3
A_MP	212	147	A	0	0	147	37.0
A_MP	213	128	G	0	0	128	35.5
A_MP	214	136	C	0	0	136	36.9
A_MP	215	138	G	0	0	138	37.7
A_MP	216	140	A	0	0	140	37.3
A_MP	217	134	G	0	0	134	37.1
A_MP	218	141	G	0	0	141	38.0
A_MP	219	129	A	0	0	129	36.4
A_MP	220	140	C	0	0	140	37.4
A_MP	221	138	T	0	0	138	37.4
A_MP	222	136	G	0	0	136	35.6
A_MP	223	133	C	0	0	133	34.1
A_MP	224	159	A	0	0	159	35.5
A_MP	225	139	G	0	0	139	34.5
A_MP	226	145	C	0	0	145	36.1
A_MP	227	121	G	0	0	121	35.7
A_MP	228	142	T	0	0	142	35.9
A_MP	229	128	A	0	0	128	35.9
A_MP	230	134	G	0	0	134	34.9
A_MP	231	142	A	0	0	142	36.3
A_MP	232	141	C	0	0	141	36.0
A_MP	233	128	G	0	0	128	37.3
A_MP	234	153	C	0	0	153	35.8
A_MP	235	137	T	0	0	137	37.5
A_MP	236	135	T	0	0	135	37.7
A_MP	237	150	T	0	0	150	36.8
A_MP	238	135	G	0	0	135	37.3
A_MP	239	141	T	0	0	141	36.0
A_MP	240	144	C	0	0	144	35.2
A_MP	241	150	C	0	0	150	36.5
A_MP	242	138	A	0	0	138	37.9
A_MP	243	133	A	0	0	133	37.9
A_MP	244	148	A	0	0	148	36.1
A_MP	245	160	A	0	0	160	37.2
A_MP	246	145	T	0	0	145	34.9
A_MP	247	150	G	0	0	150	36.3
A_MP	248	158	C	0	0	158	36.6
A_MP	249	174	T	0	0	174	35.2
A_MP	250	145	C	0	0	145	35.3
A_MP	251	146	T	0	0	146	35.3
A_MP	252	161	A	0	0	161	34.7
A_MP	253	168	A	0	0	168	36.0
A_MP	254	157	G	0	0	157	35.7
A_MP	255	181	T	0	0	181	36.8
A_MP	256	164	G	0	0	164	37.5
A_MP	257	171	G	0	0	171	37.6
A_MP	258	177	A	0	0	177	37.8
A_MP	259	166	A	0	0	166	36.9
A_MP	260	187	A	0	0	187	35.5
A_MP	261	178	T	0	0	178	35.6
A_MP	262	172	G	0	0	172	36.3
A_MP	263	179	G	0	0	179	37.4
A_MP	264	195	A	0	0	195	36.3
A_MP	265	203	G	0	0	203	37.7
A_MP	266	190	A	0	0	190	34.3
A_MP	267	190	C	0	0	190	35.2
A_MP	268	171	C	0	0	171	36.0
A_MP	269	198	C	0	0	198	36.0
A_MP	270	200	A	0	0	200	37.0
A_MP	271	188	A	0	0	188	37.9
A_MP	272	195	A	0	0	195	37.2
A_MP	273	196	C	0	0	196	35.6
A_MP	274	204	A	0	0	204	35.5
A_MP	275	194	A	0	0	194	35.8
A_MP	276	210	C	0	0	210	36.3
A_MP	277	209	A	0	0	209	35.7
A_MP	278	218	T	0	0	218	36.8
A_MP	279	199	G	0	0	199	36.2
A_MP	280	201	G	0	0	201	34.5
A_MP	281	214	A	0	0	214	37.7
A_MP	282	214	C	0	0	214	36.6
A_MP	283	207	A	0	0	207	36.9
A_MP	284	191	G	0	0	191	37.1
A_MP	285	212	G	0	0	212	34.9
A_MP	286	204	G	0	0	204	36.6
A_MP	287	188	C	0	0	188	37.5
A_MP	288	219	A	0	0	219	35.1
A_MP	289	209	G	0	0	209	37.5
A_MP	290	204	T	0	0	204	34.6
A_MP	291	188	C	0	0	188	34.1
A_MP	292	198	A	0	0	198	36.3
A_MP	293	226	A	0	0	226	34.5
A_MP	294	210	G	0	0	210	36.8
A_MP	295	226	T	0	0	226	34.2
A_MP	296	196	T	0	0	196	35.2
A_MP	297	213	G	0	0	213	35.6
A_MP	298	226	T	0	0	226	35.1
A_MP	299	219	A	0	0	219	34.5
A_MP	300	218	C	0	0	218	34.6
A_MP	301	228	A	0	0	228	36.7
A_MP	302	233	G	0	0	233	34.3
A_MP	303	221	G	0	0	221	34.6
A_MP	304	210	A	0	0	210	34.7
A_MP	305	226	A	0	0	226	37.5
A_MP	306	211	A	0	0	211	34.7
A_MP	307	231	C	0	0	231	37.0
A_MP	308	216	T	0	0	216	34.2
A_MP	309	231	G	0	0	231	35.0
A_MP	310	208	A	0	0	208	37.4
A_MP	311	219	A	0	0	219	34.5
A_MP	312	201	G	0	0	201	37.9
A_MP	313	231	A	0	0	231	34.8
A_MP	314	211	G	0	0	211	35.5
A_MP	315	215	A	0	0	215	37.0
A_MP	316	199	G	0	0	199	35.1
A_MP	317	206	A	0	0	206	35.4
A_MP	318	208	G	0	0	208	35.5
A_MP	319	210	A	0	0	210	34.7
A_MP	320	238	T	0	0	238	35.5
A_MP	321	204	A	0	0	204	36.4
A_MP	322	200	A	0	0	200	37.7
A_MP	323	217	C	0	0	217	36.1
A_MP	324	188	A	0	0	188	35.2
A_MP	325	215	T	0	0	215	35.1
A_MP	326	207	T	0	0	207	37.0
A_MP	327	206	C	0	0	206	35.7
A_MP	328	193	C	0	0	193	36.8
A_MP	329	224	A	0	0	224	34.9
A_MP	330	208	T	0	0	208	35.9
A_MP	331	219	G	0	0	219	35.6
A_MP	332	234	G	0	0	234	37.9
A_MP	333	206	G	0	0	206	34.4
A_MP	334	213	G	0	0	213	36.4
A_MP	335	212	C	0	0	212	36.1
A_MP	336	230	T	0	0	230	37.3
A_MP	337	222	A	0	0	222	37.3
A_MP	338	192	A	0	0	192	34.0
A_MP	339	236	A	0	0	236	37.6
A_MP	340	204	G	0	0	204	37.0
A_MP	341	214	A	0	0	214	34.5
A_MP	342	206	A	0	0	206	37.1
A_MP	343	181	G	0	0	181	35.2
A_MP	344	208	T	0	0	208	36.5
A_MP	345	207	T	0	0	207	36.7
A_MP	346	215	G	0	0	215	37.7
A_MP	347	216	C	0	0	216	37.2
A_MP	348	221	A	0	0	221	37.0
A_MP	349	198	C	0	0	198	37.8
A_MP	350	211	T	0	0	211	37.3
A_MP	351	212	C	0	0	212	37.1
A_MP	352	225	A	0	0	225	34.0
A_MP	353	203	G	0	0	203	35.4
A_MP	354	208	T	0	0	208	36.3
A_MP	355	210	T	0	0	210	35.5
A_MP	356	212	A	0	0	212	34.2
A_MP	357	211	C	0	0	211	34.7
A_MP	358	216	T	0	0	216	36.9
A_MP	359	201	C	0	0	201	36.5
A_MP	360	207	A	0	0	207	36.1
A_MP	361	219	A	0	0	219	38.0
A_MP	362	221	C	0	0	221	36.6
A_MP	363	223	C	0	0	223	35.5
A_MP	364	223	G	0	0	223	35.8
A_MP	365	221	G	0	0	221	36.3
A_MP	366	202	T	0	0	202	34.4
A_MP	367	220	G	0	0	220	36.8
A_MP	368	215	C	0	0	215	37.7
A_MP	369	188	A	0	0	188	34.1
A_MP	370	215	C	0	0	215	36.9
A_MP	371	205	T	0	0	205	36.6
A_MP	372	212	T	0	0	212	38.0
A_MP	373	248	G	0	0	248	34.5
A_MP	374	212	C	0	0	212	34.3
A_MP	375	234	C	0	0	234	36.2
A_MP	376	228	A	0	0	228	34.8
A_MP	377	215	G	0	0	215	37.2
A_MP	378	230	T	0	0	230	34.9
A_MP	379	222	T	0	0	222	35.1
A_MP	380	225	G	0	0	225	35.0
A_MP	381	228	T	0	0	228	37.4
A_MP	382	266	A	0	0	266	34.9
A_MP	383	232	T	0	0	232	35.9
A_MP	384	208	G	0	0	208	35.3
A_MP	385	216	G	0	0	216	36.5
A_MP	386	214	G	0	0	214	37.8
A_MP	387	219	T	0	0	219	37.0
A_MP	388	261	C	0	0	261	34.7
A_MP	389	236	T	0	0	236	37.4
A_MP	390	244	C	0	0	244	35.9
A_MP	391	236	A	0	0	236	35.9
A_MP	392	256	T	0	0	256	35.7
A_MP	393	258	A	0	0	258	36.3
A_MP	394	235	T	0	0	235	35.2
A_MP	395	257	A	0	0	257	37.2
A_MP	396	256	C	0	0	256	35.9
A_MP	397	249	A	0	0	249	37.4
A_MP	398	252	A	0	0	252	34.6
A_MP	399	255	C	0	0	255	35.4
A_MP	400	224	A	0	0	224	35.0
A_MP	401	282	G	0	0	282	36.8
A_MP	402	232	G	0	0	232	35.1
A_MP	403	264	A	0	0	264	34.9
A_MP	404	239	T	0	0	239	35.1
A_MP	405	285	G	0	0	285	34.5
A_MP	406	280	G	0	0	280	36.7
A_MP	407	245	G	0	0	245	35.6
A_MP	408	262	G	0	0	262	36.8
A_MP	409	249	A	0	0	249	34.0
A_MP	410	272	C	0	0	272	36.9
A_MP	411	267	G	0	0	267	34.1
A_MP	412	272	G	0	0	272	34.5
A_MP	413	290	T	0	0	290	34.4
A_MP	414	302	G	0	0	302	34.8
A_MP	415	297	A	0	0	297	35.7
A_MP	416	268	C	0	0	268	36.8
A_MP	417	270	C	0	0	270	36.2
A_MP	418	284	G	0	0	284	34.1
A_MP	419	268	C	0	0	268	34.1
A_MP	420	277	A	0	0	277	35.8
A_MP	421	299	G	0	0	299	34.2
A_MP	422	254	A	0	0	254	35.0
A_MP	423	274	A	0	0	274	35.3
A_MP	424	280	G	0	0	280	34.5
A_MP	425	283	T	0	0	283	37.7
A_MP	426	313	G	0	0	313	34.8
A_MP	427	276	G	0	0	276	35.3
A_MP	428	288	C	0	0	288	35.2
A_MP	429	263	A	0	0	263	34.3
A_MP	430	303	T	0	0	303	34.9
A_MP	431	277	T	0	0	277	36.9
A_MP	432	289	G	0	0	289	36.6
A_MP	433	248	G	0	0	248	35.7
A_MP	434	285	G	0	0	285	34.3
A_MP	435	278	C	0	0	278	35.4
A_MP	436	247	C	0	0	247	34.5
A_MP	437	260	T	0	0	260	35.7
A_MP	438	266	A	0	0	266	36.1
A_MP	439	245	G	0	0	245	37.5
A_MP	440	258	T	0	0	258	37.3
A_MP	441	245	G	0	0	245	37.0
A_MP	442	312	T	0	0	312	37.5
A_MP	443	236	G	0	0	236	34.0
A_MP	444	255	T	0	0	255	35.9
A_MP	445	256	G	0	0	256	34.8
A_MP	446	226	C	0	0	226	36.2
A_MP	447	262	C	0	0	262	35.4
A_MP	448	272	A	0	0	272	34.4
A_MP	449	268	C	0	0	268	37.3
A_MP	450	251	C	0	0	251	36.4
A_MP	451	251	T	0	0	251	36.1
A_MP	452	229	G	0	0	229	34.3
A_MP	453	260	T	0	0	260	35.9
A_MP	454	244	G	0	0	244	37.3
A_MP	455	244	A	0	0	244	37.7
A_MP	456	216	G	0	0	216	35.5
A_MP	457	216	C	0	0	216	34.1
A_MP	458	224	A	0	0	224	34.3
A_MP	459	219	G	0	0	219	37.4
A_MP	460	215	A	0	0	215	35.4
A_MP	461	216	T	0	0	216	35.6
A_MP	462	235	T	0	0	235	35.0
A_MP	463	230	G	0	0	230	34.0
A_MP	464	231	C	0	0	231	35.1
A_MP	465	223	T	0	0	223	34.8
A_MP	466	213	G	0	0	213	34.5
A_MP	467	227	A	0	0	227	36.6
A_MP	468	211	T	0	0	211	36.2
A_MP	469	210	T	0	0	210	37.4
A_MP	470	217	C	0	0	217	34.0
A_MP	471	216	A	0	0	216	36.4
A_MP	472	203	C	0	0	203	35.6
A_MP	473	209	A	0	0	209	34.9
A_MP	474	215	G	0	0	215	34.4
A_MP	475	219	C	0	0	219	35.2
A_MP	476	192	A	0	0	192	37.4
A_MP	477	205	T	0	0	205	35.2
A_MP	478	177	C	0	0	177	34.1
A_MP	479	200	G	0	0	200	34.3
A_MP	480	192	G	0	0	192	37.3
A_MP	481	200	T	0	0	200	35.0
A_MP	482	187	C	0	0	187	36.1
A_MP	483	211	T	0	0	211	35.1
A_MP	484	169	C	0	0	169	37.4
A_MP	485	184	A	0	0	184	38.0
A_MP	486	169	C	0	0	169	36.8
A_MP	487	174	A	0	0	174	36.5
A_MP	488	168	G	0	0	168	36.8
A_MP	489	169	A	0	0	169	38.0
A_MP	490	167	C	0	0	167	37.0
A_MP	491	189	A	0	0	189	34.5
A_MP	492	177	G	0	0	177	36.0
A_MP	493	173	A	0	0	173	34.9
A_MP	494	163	T	0	0	163	36.9
A_MP	495	185	A	0	0	185	37.9
A_MP	496	163	G	0	0	163	37.2
A_MP	497	157	C	0	0	157	36.6
A_MP	498	167	T	0	0	167	35.0
A_MP	499	160	A	0	0	160	34.9
A_MP	500	168	C	0	0	168	37.3
A_MP	501	151	C	0	0	151	35.7
A_MP	502	151	A	0	0	151	34.5
A_MP	503	164	C	0	0	164	38.0
A_MP	504	162	C	0	0	162	36.4
A_MP	505	171	A	0	0	171	37.0
A_MP	506	171	C	0	0	171	34.8
A_MP	507	150	C	0	0	150	36.6
A_MP	508	162	A	0	0	162	37.7
A_MP	509	163	A	0	0	163	35.0
A_MP	510	152	C	0	0	152	36.2
A_MP	511	159	C	0	0	159	34.3
A_MP	512	136	C	0	0	136	36.2
A_MP	513	168	A	0	0	168	35.8
A_MP	514	159	C	0	0	159	36.2
A_MP	515	148	T	0	0	148	34.0
A_MP	516	170	G	0	0	170	37.2
A_MP	517	167	A	0	0	167	35.6
A_MP	518	141	T	0	0	141	35.6
A_MP	519	174	C	0	0	174	37.0
A_MP	520	153	A	0	0	153	37.4
A_MP	521	164	G	0	0	164	35.6
A_MP	522	149	A	0	0	149	35.1
A_MP	523	164	C	0	0	164	34.9
A_MP	524	150	A	0	0	150	36.9
A_MP	525	170	T	0	0	170	35.2
A_MP	526	151	G	0	0	151	37.8
A_MP	527	157	A	0	0	157	37.4
A_MP	528	149	A	0	0	149	36.6
A_MP	529	162	A	0	0	162	35.7
A_MP	530	176	A	0	0	176	35.3
A_MP	531	161	C	0	0	161	36.9
A_MP	532	176	A	0	0	176	37.8
A_MP	533	168	G	0	0	168	35.2
A_MP	534	166	A	0	0	166	36.0
A_MP	535	168	A	0	0	168	35.3
A_MP	536	164	T	0	0	164	34.8
A_MP	537	158	G	0	0	158	37.0
A_MP	538	178	G	0	0	178	37.6
A_MP	539	181	T	0	0	181	34.5
A_MP	540	161	T	0	0	161	36.4
A_MP	541	176	T	0	0	176	36.9
A_MP	542	173	T	0	0	173	35.0
A_MP	543	189	G	0	0	189	37.2
A_MP	544	195	G	0	0	195	34.5
A_MP	545	166	C	0	0	166	35.7
A_MP	546	179	C	0	0	179	35.4
A_MP	547	166	A	0	0	166	34.7
A_MP	548	166	G	0	0	166	35.4
A_MP	549	189	T	0	0	189	36.0
A_MP	550	193	A	0	0	193	34.6
A_MP	551	187	C	0	0	187	35.4
A_MP	552	183	T	0	0	183	34.3
A_MP	553	183	A	0	0	183	34.1
A_MP	554	184	C	0	0	184	36.2
A_MP	555	162	A	0	0	162	34.7
A_MP	556	184	G	0	0	184	34.7
A_MP	557	190	C	0	0	190	35.1
A_MP	558	191	T	0	0	191	35.4
A_MP	559	196	A	0	0	196	36.5
A_MP	560	177	A	0	0	177	36.1
A_MP	561	173	G	0	0	173	36.5
A_MP	562	177	G	0	0	177	36.0
A_MP	563	170	C	0	0	170	34.4
A_MP	564	190	T	0	0	190	35.9
A_MP	565	193	A	0	0	193	36.0
A_MP	566	196	T	0	0	196	35.4
A_MP	567	192	G	0	0	192	36.5
A_MP	568	201	G	0	0	201	37.4
A_MP	569	193	A	0	0	193	34.3
A_MP	570	200	G	0	0	200	36.2
A_MP	571	176	C	0	0	176	37.4
A_MP	572	185	A	0	0	185	34.5
A_MP	573	181	G	0	0	181	35.2
A_MP	574	196	A	0	0	196	37.7
A_MP	575	178	T	0	0	178	34.1
A_MP	576	177	G	0	0	177	34.5
A_MP	577	186	G	0	0	186	36.9
A_MP	578	178	C	0	0	178	35.2
A_MP	579	216	T	0	0	216	37.0
A_MP	580	177	G	0	0	177	34.0
A_MP	581	192	G	0	0	192	34.1
A_MP	582	201	A	0	0	201	36.5
A_MP	583	173	T	0	0	173	34.3
A_MP	584	195	C	0	0	195	37.0
A_MP	585	207	G	0	0	207	34.3
A_MP	586	196	A	0	0	196	37.3
A_MP	587	197	G	0	0	197	35.8
A_MP	588	186	T	0	0	186	37.2
A_MP	589	202	G	0	0	202	37.4
A_MP	590	202	A	0	0	202	36.7
A_MP	591	188	G	0	0	188	36.5
A_MP	592	185	C	0	0	185	37.0
A_MP	593	199	A	0	0	199	37.9
A_MP	594	195	A	0	0	195	38.0
A_MP	595	202	G	0	0	202	37.5
A_MP	596	196	C	0	0	196	37.5
A_MP	597	179	A	0	0	179	36.6
A_MP	598	174	G	0	0	174	34.9
A_MP	599	191	T	0	0	191	35.1
A_MP	600	172	G	0	0	172	37.7
A_MP	601	161	G	0	0	161	37.0
A_MP	602	176	A	0	0	176	34.2
A_MP	603	181	A	0	0	181	35.9
A_MP	604	178	G	0	0	178	36.9
A_MP	605	179	C	0	0	179	35.8
A_MP	606	187	C	0	0	187	34.6
A_MP	607	177	A	0	0	177	37.7
A_MP	608	176	T	0	0	176	36.1
A_MP	609	166	G	0	0	166	34.8
A_MP	610	177	G	0	0	177	37.3
A_MP	611	175	A	0	0	175	36.7
A_MP	612	171	G	0	0	171	36.6
A_MP	613	197	G	0	0	197	36.6
A_MP	614	174	T	0	0	174	37.9
A_MP	615	161	T	0	0	161	34.6
A_MP	616	186	G	0	0	186	37.9
A_MP	617	181	C	0	0	181	35.5
A_MP	618	172	T	0	0	172	35.8
A_MP	619	158	A	0	0	158	35.8
A_MP	620	170	G	0	0	170	37.2
A_MP	621	165	T	0	0	165	36.1
A_MP	622	159	C	0	0	159	35.4
A_MP	623	160	A	0	0	160	34.5
A_MP	624	169	G	0	0	169	34.1
A_MP	625	164	G	0	0	164	36.2
A_MP	626	158	C	0	0	158	36.1
A_MP	627	170	T	0	0	170	34.2
A_MP	628	170	A	0	0	170	37.2
A_MP	629	178	G	0	0	178	37.4
A_MP	630	158	G	0	0	158	34.5
A_MP	631	153	C	0	0	153	36.6
A_MP	632	156	A	0	0	156	36.7
A_MP	633	173	G	0	0	173	36.2
A_MP	634	166	A	0	0	166	36.5
A_MP	635	163	T	0	0	163	34.3
A_MP	636	174	G	0	0	174	34.5
A_MP	637	171	G	0	0	171	37.8
A_MP	638	158	T	0	0	158	37.6
A_MP	639	192	G	0	0	192	37.7
A_MP	640	157	C	0	0	157	35.7
A_MP	641	181	A	0	0	181	34.8
A_MP	642	187	G	0	0	187	35.3
A_MP	643	163	G	0	0	163	36.2
A_MP	644	171	C	0	0	171	37.7
A_MP	645	169	G	0	0	169	35.6
A_MP	646	170	A	0	0	170	37.8
A_MP	647	180	T	0	0	180	35.7
A_MP	648	195	G	0	0	195	36.0
A_MP	649	194	A	0	0	194	37.5
A_MP	650	178	G	0	0	178	35.8
A_MP	651	196	G	0	0	196	34.5
A_MP	652	181	A	0	0	181	35.1
A_MP	653	185	C	0	0	185	34.1
A_MP	654	186	C	0	0	186	36.8
A_MP	655	176	A	0	0	176	36.2
A_MP	656	178	T	0	0	178	36.3
A_MP	657	187	T	0	0	187	37.7
A_MP	658	191	G	0	0	191	36.2
A_MP	659	183	G	0	0	183	36.8
A_MP	660	193	A	0	0	193	34.5
A_MP	661	184	A	0	0	184	34.2
A_MP	662	201	C	0	0	201	34.8
A_MP	663	183	T	0	0	183	36.9
A_MP	664	204	C	0	0	204	34.4
A_MP	665	194	A	0	0	194	37.5
A_MP	666	241	T	0	0	241	36.5
A_MP	667	209	C	0	0	209	38.0
A_MP	668	235	C	0	0	235	35.4
A_MP	669	183	T	0	0	183	36.0
A_MP	670	253	A	0	0	253	35.7
A_MP	671	226	G	0	0	226	36.1
A_MP	672	217	C	0	0	217	37.2
A_MP	673	222	T	0	0	222	37.1
A_MP	674	226	C	0	0	226	37.7
A_MP	675	224	C	0	0	224	35.0
A_MP	676	230	A	0	0	230	35.2
A_MP	677	219	G	0	0	219	36.1
A_MP	678	243	T	0	0	243	38.0
A_MP	679	235	G	0	0	235	36.7
A_MP	680	253	C	0	0	253	37.7
A_MP	681	226	C	0	0	226	37.9
A_MP	682	258	G	0	0	258	34.4
A_MP	683	231	G	0	0	231	35.8
A_MP	684	234	T	0	0	234	34.2
A_MP	685	248	C	0	0	248	35.6
A_MP	686	260	T	0	0	260	35.0
A_MP	687	252	G	0	0	252	36.2
A_MP	688	235	A	0	0	235	37.1
A_MP	689	253	G	0	0	253	37.0
A_MP	690	299	A	0	0	299	35.8
A_MP	691	261	G	0	0	261	34.5
A_MP	692	249	A	0	0	249	37.8
A_MP	693	260	T	0	0	260	35.2
A_MP	694	243	G	0	0	243	37.6
A_MP	695	259	A	0	0	259	34.9
A_MP	696	248	T	0	0	248	34.4
A_MP	697	267	C	0	0	267	36.9
A_MP	698	293	T	0	0	293	35.0
A_MP	699	292	C	0	0	292	37.3
A_MP	700	280	C	0	0	280	35.4
A_MP	701	285	T	0	0	285	36.3
A_MP	702	252	T	0	0	252	34.3
A_MP	703	308	G	0	0	308	34.1
A_MP	704	300	A	0	0	300	35.8
A_MP	705	278	A	0	0	278	36.0
A_MP	706	283	A	0	0	283	35.8
A_MP	707	278	A	0	0	278	36.7
A_MP	708	242	T	0	0	242	35.1
A_MP	709	277	T	0	0	277	36.1
A_MP	710	257	T	0	0	257	37.3
A_MP	711	275	G	0	0	275	37.0
A_MP	712	263	C	0	0	263	34.8
A_MP	713	261	A	0	0	261	35.2
A_MP	714	321	G	0	0	321	35.7
A_MP	715	274	G	0	0	274	35.5
A_MP	716	286	C	0	0	286	34.1
A_MP	717	274	C	0	0	274	35.6
A_MP	718	296	T	0	0	296	36.6
A_MP	719	299	A	0	0	299	35.3
A_MP	720	295	C	0	0	295	35.8
A_MP	721	331	C	0	0	331	34.8
A_MP	722	271	A	0	0	271	35.6
A_MP	723	250	A	0	0	250	37.6
A_MP	724	271	A	0	0	271	37.1
A_MP	725	295	A	0	0	295	34.7
A_MP	726	273	A	0	0	273	35.4
A_MP	727	264	C	0	0	264	34.1
A_MP	728	278	G	0	0	278	36.5
A_MP	729	294	G	0	0	294	36.7
A_MP	730	294	A	0	0	294	36.0
A_MP	731	279	T	0	0	279	36.9
A_MP	732	246	G	0	0	246	36.1
A_MP	733	283	G	0	0	283	36.5
A_MP	734	271	G	0	0	271	35.9
A_MP	735	270	A	0	0	270	36.7
A_MP	736	240	G	0	0	240	36.4
A_MP	737	248	T	0	0	248	36.0
A_MP	738	281	G	0	0	281	37.4
A_MP	739	254	C	0	0	254	38.0
A_MP	740	259	A	0	0	259	37.2
A_MP	741	266	A	0	0	266	37.2
A_MP	742	241	C	0	0	241	36.0
A_MP	743	256	T	0	0	256	37.1
A_MP	744	243	G	0	0	243	36.2
A_MP	745	244	C	0	0	244	37.7
A_MP	746	270	A	0	0	270	37.2
A_MP	747	258	G	0	0	258	37.5
A_MP	748	216	C	0	0	216	36.7
A_MP	749	236	G	0	0	236	36.0
A_MP	750	236	A	0	0	236	37.2
A_MP	751	229	T	0	0	229	35.3
A_MP	752	232	T	0	0	232	36.1
A_MP	753	237	C	0	0	237	35.0
A_MP	754	221	A	0	0	221	37.9
A_MP	755	224	A	0	0	224	35.2
A_MP	756	253	G	0	0	253	37.7
A_MP	757	214	T	0	0	214	36.9
A_MP	758	246	G	0	0	246	36.0
A_MP	759	240	A	0	0	240	37.3
A_MP	760	212	T	0	0	212	35.2
A_MP	761	224	C	0	0	224	36.9
A_MP	762	243	C	0	0	243	35.7
A_MP	763	215	T	0	0	215	34.6
A_MP	764	220	C	0	0	220	37.2
A_MP	765	196	T	0	0	196	34.2
A_MP	766	232	C	0	0	232	35.7
A_MP	767	222	G	0	0	222	37.1
A_MP	768	232	T	0	0	232	36.2
A_MP	769	243	T	0	0	243	36.3
A_MP	770	203	A	0	0	203	36.3
A_MP	771	206	T	0	0	206	37.8
A_MP	772	199	T	0	0	199	34.5
A_MP	773	209	G	0	0	209	36.0
A_MP	774	212	C	0	0	212	35.1
A_MP	775	201	C	0	0	201	36.8
A_MP	776	192	G	0	0	192	36.4
A_MP	777	209	C	0	0	209	37.4
A_MP	778	200	A	0	0	200	34.6
A_MP	779	202	A	0	0	202	37.4
A_MP	780	224	G	0	0	224	37.0
A_MP	781	204	T	0	0	204	35.0
A_MP	782	192	A	0	0	192	36.3
A_MP	783	188	T	0	0	188	35.9
A_MP	784	182	C	0	0	182	35.1
A_MP	785	207	A	0	0	207	35.6
A_MP	786	198	T	0	0	198	34.4
A_MP	787	201	T	0	0	201	35.6
A_MP	788	187	G	0	0	187	36.3
A_MP	789	186	G	0	0	186	37.2
A_MP	790	180	G	0	0	180	35.2
A_MP	791	217	A	0	0	217	34.5
A_MP	792	200	T	0	0	200	37.5
A_MP	793	195	C	0	0	195	37.8
A_MP	794	189	T	0	0	189	37.8
A_MP	795	174	T	0	0	174	34.9
A_MP	796	176	G	0	0	176	34.6
A_MP	797	192	C	0	0	192	37.6
A_MP	798	195	A	0	0	195	37.2
A_MP	799	230	C	0	0	230	36.4
A_MP	800	195	T	0	0	195	34.7
A_MP	801	184	T	0	0	184	36.8
A_MP	802	208	G	0	0	208	34.4
A_MP	803	197	A	0	0	197	36.2
A_MP	804	203	T	0	0	203	35.2
A_MP	805	171	A	0	0	171	34.3
A_MP	806	199	T	0	0	199	37.4
A_MP	807	193	T	0	0	193	34.2
A_MP	808	188	G	0	0	188	36.2
A_MP	809	214	T	0	0	214	36.8
A_MP	810	193	G	0	0	193	36.9
A_MP	811	205	G	0	0	205	37.2
A_MP	812	208	A	0	0	208	34.2
A_MP	813	191	T	0	0	191	34.6
A_MP	814	184	T	0	0	184	37.0
A_MP	815	198	C	0	0	198	37.7
A_MP	816	186	T	0	0	186	34.7
A_MP	817	202	T	0	0	202	36.4
A_MP	818	171	G	0	0	171	34.5
A_MP	819	199	A	0	0	199	37.9
A_MP	820	201	T	0	0	201	37.3
A_MP	821	177	C	0	0	177	34.9
A_MP	822	189	G	0	0	189	35.4
A_MP	823	199	C	0	0	199	35.9
A_MP	824	210	C	0	0	210	34.6
A_MP	825	203	T	0	0	203	36.6
A_MP	826	220	T	0	0	220	37.5
A_MP	827	208	T	0	0	208	35.0
A_MP	828	188	T	0	0	188	35.8
A_MP	829	210	C	0	0	210	36.6
A_MP	830	198	T	0	0	198	35.8
A_MP	831	213	T	0	0	213	35.0
A_MP	832	199	C	0	0	199	36.4
A_MP	833	212	A	0	0	212	37.2
A_MP	834	210	A	0	0	210	34.6
A_MP	835	201	A	0	0	201	34.3
A_MP	836	191	T	0	0	191	35.0
A_MP	837	215	G	0	0	215	34.1
A_MP	838	193	C	0	0	193	35.0
A_MP	839	214	G	0	0	214	37.9
A_MP	840	201	T	0	0	201	35.9
A_MP	841	218	T	0	0	218	34.8
A_MP	842	184	T	0	0	184	35.1
A_MP	843	212	A	0	0	212	34.5
A_MP	844	220	T	0	0	220	34.1
A_MP	845	213	C	0	0	213	37.4
A_MP	846	197	G	0	0	197	36.0
A_MP	847	213	T	0	0	213	36.1
A_MP	848	217	C	0	0	217	35.5
A_MP	849	229	G	0	0	229	36.1
A_MP	850	183	C	0	0	183	37.3
A_MP	851	184	C	0	0	184	37.1
A_MP	852	194	T	0	0	194	34.1
A_MP	853	215	T	0	0	215	38.0
A_MP	854	224	A	0	0	224	36.2
A_MP	855	203	A	0	0	203	34.7
A_MP	856	187	A	0	0	187	34.4
A_MP	857	218	T	0	0	218	35.2
A_MP	858	211	A	0	0	211	36.7
A_MP	859	198	C	0	0	198	35.1
A_MP	860	194	G	0	0	194	37.0
A_MP	861	198	G	0	0	198	36.7
A_MP	862	200	T	0	0	200	37.8
A_MP	863	183	T	0	0	183	37.5
A_MP	864	181	C	0	0	181	35.9
A_MP	865	188	G	0	0	188	34.1
A_MP	866	175	A	0	0	175	37.7
A_MP	867	189	A	0	0	189	35.4
A_MP	868	181	A	0	0	181	35.8
A_MP	869	208	G	0	0	208	35.9
A_MP	870	167	G	0	0	167	34.6
A_MP	871	169	A	0	0	169	36.1
A_MP	872	188	G	0	0	188	35.6
A_MP	873	183	G	0	0	183	35.7
A_MP	874	165	G	0	0	165	34.0
A_MP	875	170	C	0	0	170	36.8
A_MP	876	163	C	0	0	163	34.1
A_MP	877	177	T	0	0	177	36.4
A_MP	878	178	T	0	0	178	37.4
A_MP	879	151	C	0	0	151	35.1
A_MP	880	167	T	0	0	167	34.5
A_MP	881	174	A	0	0	174	35.2
A_MP	882	168	C	0	0	168	37.6
A_MP	883	160	G	0	0	160	34.2
A_MP	884	141	G	0	0	141	34.1
A_MP	885	168	A	0	0	168	35.1
A_MP	886	164	A	0	0	164	37.9
A_MP	887	152	G	0	0	152	35.4
A_MP	888	153	G	0	0	153	35.1
A_MP	889	154	A	0	0	154	35.6
A_MP	890	146	G	0	0	146	35.7
A_MP	891	152	T	0	0	152	37.4
A_MP	892	151	A	0	0	151	34.7
A_MP	893	143	C	0	0	143	37.1
A_MP	894	153	C	0	0	153	37.7
A_MP	895	166	T	0	0	166	34.6
A_MP	896	144	G	0	0	144	37.2
A_MP	897	157	A	0	0	157	36.4
A_MP	898	134	G	0	0	134	37.1
A_MP	899	152	T	0	0	152	36.1
A_MP	900	147	C	0	0	147	35.4
A_MP	901	150	C	0	0	150	36.0
A_MP	902	142	A	0	0	142	34.4
A_MP	903	158	T	0	0	158	36.5
A_MP	904	135	G	0	0	135	38.0
A_MP	905	154	A	0	0	154	37.8
A_MP	906	132	G	0	0	132	34.3
A_MP	907	144	G	0	0	144	36.3
A_MP	908	142	G	0	0	142	36.4
A_MP	909	132	A	0	0	132	34.5
A_MP	910	145	A	0	0	145	37.5
A_MP	911	156	G	0	0	156	34.3
A_MP	912	156	A	0	0	156	35.7
A_MP	913	138	G	0	0	138	35.0
A_MP	914	135	T	0	0	135	37.1
A_MP	915	143	A	0	0	143	36.9
A_MP	916	123	C	0	0	123	34.7
A_MP	917	136	C	0	0	136	38.0
A_MP	918	140	G	0	0	140	36.0
A_MP	919	146	G	0	0	146	36.9
A_MP	920	139	C	0	0	139	37.9
A_MP	921	132	A	0	0	132	35.1
A_MP	922	134	G	0	0	134	36.2
A_MP	923	148	G	0	0	148	36.9
A_MP	924	136	A	0	0	136	37.1
A_MP	925	126	A	0	0	126	34.8
A_MP	926	127	C	0	0	127	37.5
A_MP	927	142	A	0	0	142	34.5
A_MP	928	122	G	0	0	122	37.7
A_MP	929	122	C	0	0	122	36.0
A_MP	930	120	A	0	0	120	35.1
A_MP	931	137	G	0	0	137	36.5
A_MP	932	123	A	0	0	123	36.3
A_MP	933	140	G	0	0	140	35.8
A_MP	934	123	T	0	0	123	36.5
A_MP	935	110	G	0	0	110	35.4
A_MP	936	122	C	0	0	122	36.1
A_MP	937	116	T	0	0	116	36.3
A_MP	938	107	G	0	0	107	34.6
A_MP	939	113	T	0	0	113	36.7
A_MP	940	109	G	0	0	109	35.8
A_MP	941	111	G	0	0	111	35.9
A_MP	942	100	G	0	0	100	36.7
A_MP	943	113	T	0	0	113	36.1
A_MP	944	101	G	0	0	101	37.3
A_MP	945	104	T	0	0	104	35.9
A_MP	946	99	T	0	0	99	36.2
A_MP	947	106	G	0	0	106	36.0
A_MP	948	97	A	0	0	97	37.0
A_MP	949	95	C	0	0	95	37.2
A_MP	950	96	G	0	0	96	35.0
A_MP	951	94	A	0	0	94	35.6
A_MP	952	92	T	0	0	92	34.3
A_MP	953	92	G	0	0	92	35.3
A_MP	954	88	G	0	0	88	36.9
A_MP	955	80	T	0	0	80	36.8
A_MP	956	84	C	0	0	84	37.9
A_MP	957	85	A	0	0	85	35.1
A_MP	958	80	T	0	0	80	35.9
A_MP	959	78	T	0	0	78	35.2
A_MP	960	72	T	0	0	72	35.7
A_MP	961	72	T	0	0	72	35.5
A_MP	962	71	G	0	0	71	36.0
A_MP	963	71	T	0	0	71	34.6
A_MP	964	64	C	0	0	64	34.3
A_MP	965	60	A	0	0	60	36.0
A_MP	966	56	A	0	0	56	36.4
A_MP	967	55	C	0	0	55	34.4
A_MP	968	50	A	0	0	50	35.6
A_MP	969	45	T	0	0	45	35.4
A_MP	970	45	A	0	0	45	34.7
A_MP	971	38	G	0	0	38	35.2
A_MP	972	41	A	0	0	41	36.1
A_MP	973	36	G	0	0	36	37.3
A_MP	974	33	C	0	0	33	34.6
A_MP	975	28	T	0	0	28	37.4
A_MP	976	24	G	0	0	24	37.6
A_MP	977	20	G	0	0	20	35.9
A_MP	978	16	A	0	0	16	37.1
A_MP	979	11	G	0	0	11	34.8
A_MP	980	8	T	0	0	8	34.3
A_MP	981	4	A	0	0	4	37.7
A_MP	982	0	A	0	0	0	35.3
