Reference_Name	Position	Coverage Depth	Consensus	Deletions	Ambiguous	Consensus_Count	Consensus_Average_Quality
A_PA	1	1	A	0	0	1	34.9
A_PA	2	2	T	0	0	2	35.5
A_PA	3	3	G	0	0	3	36.0
A_PA	4	4	G	0	0	4	36.8
A_PA	5	5	A	0	0	5	36.0
A_PA	6	7	A	0	0	7	35.0
A_PA	7	8	G	0	0	8	37.5
A_PA	8	8	A	0	0	8	35.5
A_PA	9	10	C	0	0	10	35.4
A_PA	10	11	T	0	0	11	35.4
A_PA	11	14	T	0	0	14	37.2
A_PA	12	14	T	0	0	14	34.1
A_PA	13	14	G	0	0	14	34.9
A_PA	14	16	T	0	0	16	37.7
A_PA	15	16	G	0	0	16	34.0
A_PA	16	16	C	0	0	16	34.7
A_PA	17	17	G	0	0	17	37.6
A_PA	18	21	A	0	0	21	37.0
A_PA	19	20	C	0	0	20	34.5
A_PA	20	22	A	0	0	22	35.7
A_PA	21	24	A	0	0	24	35.3
A_PA	22	24	T	0	0	24	37.3
A_PA	23	25	G	0	0	25	37.7
A_PA	24	29	C	0	0	29	36.6
A_PA	25	26	T	0	0	26	37.5
A_PA	26	27	T	0	0	27	34.7
A_PA	27	29	C	0	0	29	37.6
A_PA	28	32	A	0	0	32	35.0
A_PA	29	32	A	0	0	32	35.9
A_PA	30	32	T	0	0	32	34.7
A_PA	31	31	C	0	0	31	36.6
A_PA	32	31	C	0	0	31	38.0
A_PA	33	38	A	0	0	38	35.2
A_PA	34	38	A	0	0	38	35.4
A_PA	35	38	T	0	0	38	34.3
A_PA	36	44	G	0	0	44	37.2
A_PA	37	42	A	0	0	42	37.0
A_PA	38	42	T	0	0	42	34.2
A_PA	39	48	T	0	0	48	35.5
A_PA	40	41	G	0	0	41	35.8
A_PA	41	47	T	0	0	47	37.0
A_PA	42	44	C	0	0	44	34.9
A_PA	43	48	G	0	0	48	37.1
A_PA	44	43	A	0	0	43	36.3
A_PA	45	50	G	0	0	50	37.2
A_PA	46	48	C	0	0	48	35.5
A_PA	47	51	T	0	0	51	37.4
A_PA	48	53	T	0	0	53	34.9
A_PA	49	58	G	0	0	58	35.0
A_PA	50	52	C	0	0	52	37.0
A_PA	51	55	G	0	0	55	35.3
A_PA	52	54	G	0	0	54	34.2
A_PA	53	56	A	0	0	56	35.7
A_PA	54	48	A	0	0	48	35.9
A_PA	55	51	A	0	0	51	37.1
A_PA	56	57	A	0	0	57	37.9
A_PA	57	55	A	0	0	55	37.9
A_PA	58	61	G	0	0	61	34.2
A_PA	59	60	C	0	0	60	34.6
A_PA	60	60	A	0	0	60	35.2
A_PA	61	63	A	0	0	63	35.2
A_PA	62	66	T	0	0	66	34.6
A_PA	63	60	G	0	0	60	34.9
A_PA	64	65	A	0	0	65	36.3
A_PA	65	58	A	0	0	58	37.5
A_PA	66	68	A	0	0	68	35.4
A_PA	67	65	G	0	0	65	34.7
A_PA	68	66	A	0	0	66	34.4
A_PA	69	67	A	0	0	67	35.9
A_PA	70	61	T	0	0	61	34.5
A_PA	71	69	A	0	0	69	35.6
A_PA	72	76	T	0	0	76	37.3
A_PA	73	79	G	0	0	79	35.0
A_PA	74	71	G	0	0	71	36.4
A_PA	75	72	G	0	0	72	34.6
A_PA	76	69	G	0	0	69	36.3
A_PA	77	75	A	0	0	75	36.8
A_PA	78	67	A	0	0	67	35.1
A_PA	79	72	G	0	0	72	36.5
A_PA	80	78	A	0	0	78	35.9
A_PA	81	74	T	0	0	74	35.5
A_PA	82	77	C	0	0	77	35.1
A_PA	83	81	C	0	0	81	35.3
A_PA	84	78	G	0	0	78	34.3
A_PA	85	83	A	0	0	83	36.1
A_PA	86	82	A	0	0	82	35.9
A_PA	87	71	A	0	0	71	37.5
A_PA	88	83	A	0	0	83	34.5
A_PA	89	79	T	0	0	79	37.2
A_PA	90	84	C	0	0	84	34.1
A_PA	91	78	G	0	0	78	35.3
A_PA	92	84	A	0	0	84	36.6
A_PA	93	89	G	0	0	89	35.4
A_PA	94	79	A	0	0	79	37.7
A_PA	95	80	C	0	0	80	37.7
A_PA	96	76	A	0	0	76	36.8
A_PA	97	84	A	0	0	84	37.8
A_PA	98	86	A	0	0	86	35.2
A_PA	99	92	C	0	0	92	34.7
A_PA	100	92	A	0	0	92	35.4
A_PA	101	94	A	0	0	94	37.0
A_PA	102	84	A	0	0	84	36.3
A_PA	103	93	T	0	0	93	35.6
A_PA	104	97	T	0	0	97	37.3
A_PA	105	97	T	0	0	97	37.0
A_PA	106	87	G	0	0	87	37.8
A_PA	107	98	C	0	0	98	37.3
A_PA	108	94	C	0	0	94	35.4
A_PA	109	77	G	0	0	77	34.6
A_PA	110	86	C	0	0	86	34.9
A_PA	111	94	A	0	0	94	37.2
A_PA	112	85	A	0	0	85	35.2
A_PA	113	93	T	0	0	93	35.6
A_PA	114	100	A	0	0	100	37.5
A_PA	115	86	T	0	0	86	36.9
A_PA	116	94	G	0	0	94	34.7
A_PA	117	83	C	0	0	83	34.2
A_PA	118	94	A	0	0	94	36.8
A_PA	119	94	C	0	0	94	35.5
A_PA	120	98	A	0	0	98	35.3
A_PA	121	97	C	0	0	97	34.1
A_PA	122	96	A	0	0	96	37.9
A_PA	123	94	C	0	0	94	37.3
A_PA	124	92	T	0	0	92	37.5
A_PA	125	95	T	0	0	95	37.2
A_PA	126	94	A	0	0	94	37.1
A_PA	127	101	G	0	0	101	35.2
A_PA	128	103	A	0	0	103	35.1
A_PA	129	108	A	0	0	108	37.5
A_PA	130	106	G	0	0	106	35.5
A_PA	131	89	T	0	0	89	34.3
A_PA	132	96	C	0	0	96	34.3
A_PA	133	84	T	0	0	84	36.0
A_PA	134	88	G	0	0	88	35.5
A_PA	135	96	T	0	0	96	37.2
A_PA	136	92	T	0	0	92	36.0
A_PA	137	97	T	0	0	97	37.3
A_PA	138	86	C	0	0	86	34.4
A_PA	139	95	A	0	0	95	36.8
A_PA	140	86	T	0	0	86	34.0
A_PA	141	87	G	0	0	87	36.0
A_PA	142	100	T	0	0	100	36.8
A_PA	143	92	A	0	0	92	35.5
A_PA	144	90	T	0	0	90	34.1
A_PA	145	88	T	0	0	88	35.8
A_PA	146	94	C	0	0	94	35.1
A_PA	147	91	G	0	0	91	37.4
A_PA	148	91	G	0	0	91	35.6
A_PA	149	92	A	0	0	92	36.9
A_PA	150	87	T	0	0	87	36.5
A_PA	151	88	T	0	0	88	34.3
A_PA	152	86	T	0	0	86	36.7
A_PA	153	82	C	0	0	82	34.1
A_PA	154	87	C	0	0	87	37.0
A_PA	155	84	A	0	0	84	35.7
A_PA	156	84	T	0	0	84	35.1
A_PA	157	91	T	0	0	91	36.5
A_PA	158	84	T	0	0	84	34.2
A_PA	159	84	T	0	0	84	36.7
A_PA	160	76	A	0	0	76	34.3
A_PA	161	83	T	0	0	83	35.3
A_PA	162	85	T	0	0	85	34.2
A_PA	163	90	G	0	0	90	35.6
A_PA	164	83	A	0	0	83	37.7
A_PA	165	83	T	0	0	83	35.8
A_PA	166	81	G	0	0	81	34.3
A_PA	167	89	A	0	0	89	36.1
A_PA	168	95	A	0	0	95	38.0
A_PA	169	82	C	0	0	82	37.7
A_PA	170	91	G	0	0	91	36.0
A_PA	171	76	A	0	0	76	35.4
A_PA	172	92	G	0	0	92	35.2
A_PA	173	89	G	0	0	89	35.7
A_PA	174	81	C	0	0	81	34.3
A_PA	175	83	G	0	0	83	37.5
A_PA	176	89	A	0	0	89	37.5
A_PA	177	94	A	0	0	94	34.1
A_PA	178	84	T	0	0	84	36.9
A_PA	179	82	C	0	0	82	37.6
A_PA	180	84	A	0	0	84	37.6
A_PA	181	97	A	0	0	97	37.2
A_PA	182	79	T	0	0	79	37.0
A_PA	183	80	G	0	0	80	36.6
A_PA	184	101	A	0	0	101	36.1
A_PA	185	83	T	0	0	83	38.0
A_PA	186	84	T	0	0	84	35.3
A_PA	187	86	G	0	0	86	37.7
A_PA	188	84	T	0	0	84	36.5
A_PA	189	78	A	0	0	78	36.7
A_PA	190	81	G	0	0	81	35.0
A_PA	191	81	A	0	0	81	37.9
A_PA	192	87	A	0	0	87	37.5
A_PA	193	85	T	0	0	85	37.4
A_PA	194	80	C	0	0	80	35.0
A_PA	195	86	T	0	0	86	36.2
A_PA	196	87	G	0	0	87	36.2
A_PA	197	78	G	0	0	78	36.7
A_PA	198	81	C	0	0	81	34.9
A_PA	199	92	G	0	0	92	34.9
A_PA	200	88	A	0	0	88	34.3
A_PA	201	87	T	0	0	87	35.8
A_PA	202	74	C	0	0	74	34.7
A_PA	203	100	C	0	0	100	36.8
A_PA	204	86	A	0	0	86	36.6
A_PA	205	95	A	0	0	95	34.6
A_PA	206	91	A	0	0	91	35.4
A_PA	207	85	T	0	0	85	36.0
A_PA	208	95	G	0	0	95	37.3
A_PA	209	85	C	0	0	85	35.4
A_PA	210	82	A	0	0	82	36.8
A_PA	211	91	T	0	0	91	36.4
A_PA	212	86	T	0	0	86	35.1
A_PA	213	95	A	0	0	95	36.6
A_PA	214	91	T	0	0	91	34.3
A_PA	215	93	T	0	0	93	36.2
A_PA	216	92	G	0	0	92	37.3
A_PA	217	96	A	0	0	96	34.1
A_PA	218	97	A	0	0	97	35.3
A_PA	219	88	A	0	0	88	35.3
A_PA	220	91	C	0	0	91	36.8
A_PA	221	99	A	0	0	99	34.8
A_PA	222	84	C	0	0	84	34.5
A_PA	223	91	C	0	0	91	35.8
A_PA	224	89	G	0	0	89	37.5
A_PA	225	85	A	0	0	85	37.6
A_PA	226	100	T	0	0	100	35.2
A_PA	227	94	T	0	0	94	37.4
A_PA	228	89	T	0	0	89	37.7
A_PA	229	97	G	0	0	97	36.8
A_PA	230	101	A	0	0	101	34.4
A_PA	231	96	G	0	0	96	35.2
A_PA	232	101	A	0	0	101	36.9
A_PA	233	93	T	0	0	93	35.8
A_PA	234	99	A	0	0	99	35.1
A_PA	235	97	A	0	0	97	34.9
A_PA	236	94	T	0	0	94	36.5
A_PA	237	99	C	0	0	99	34.9
A_PA	238	99	G	0	0	99	36.0
A_PA	239	98	A	0	0	98	35.1
A_PA	240	95	A	0	0	95	37.6
A_PA	241	98	G	0	0	98	36.2
A_PA	242	108	G	0	0	108	35.2
A_PA	243	93	G	0	0	93	34.9
A_PA	244	95	A	0	0	95	35.4
A_PA	245	112	G	0	0	112	37.6
A_PA	246	112	A	0	0	112	34.3
A_PA	247	98	G	0	0	98	35.7
A_PA	248	103	A	0	0	103	37.0
A_PA	249	103	C	0	0	103	35.5
A_PA	250	113	C	0	0	113	35.4
A_PA	251	97	G	0	0	97	34.7
A_PA	252	94	A	0	0	94	37.3
A_PA	253	112	G	0	0	112	37.5
A_PA	254	108	C	0	0	108	35.0
A_PA	255	99	A	0	0	99	34.8
A_PA	256	108	A	0	0	108	36.6
A_PA	257	106	T	0	0	106	36.4
A_PA	258	106	G	0	0	106	35.2
A_PA	259	117	G	0	0	117	36.3
A_PA	260	109	C	0	0	109	35.1
A_PA	261	111	C	0	0	111	37.4
A_PA	262	111	T	0	0	111	36.2
A_PA	263	112	G	0	0	112	35.1
A_PA	264	102	G	0	0	102	37.4
A_PA	265	119	A	0	0	119	34.3
A_PA	266	112	C	0	0	112	36.8
A_PA	267	111	A	0	0	111	37.9
A_PA	268	128	G	0	0	128	37.1
A_PA	269	115	T	0	0	115	35.6
A_PA	270	130	G	0	0	130	35.8
A_PA	271	119	G	0	0	119	36.1
A_PA	272	106	T	0	0	106	37.2
A_PA	273	120	G	0	0	120	37.9
A_PA	274	118	A	0	0	118	36.0
A_PA	275	116	A	0	0	116	36.7
A_PA	276	121	T	0	0	121	35.7
A_PA	277	132	A	0	0	132	35.6
A_PA	278	123	G	0	0	123	36.4
A_PA	279	112	T	0	0	112	36.3
A_PA	280	109	A	0	0	109	36.7
A_PA	281	111	T	0	0	111	35.7
A_PA	282	121	C	0	0	121	37.1
A_PA	283	120	T	0	0	120	37.0
A_PA	284	129	G	0	0	129	36.8
A_PA	285	127	C	0	0	127	37.7
A_PA	286	138	A	0	0	138	36.6
A_PA	287	123	A	0	0	123	34.8
A_PA	288	130	C	0	0	130	35.8
A_PA	289	128	A	0	0	128	35.7
A_PA	290	125	C	0	0	125	35.7
A_PA	291	136	C	0	0	136	36.8
A_PA	292	129	A	0	0	129	34.6
A_PA	293	127	C	0	0	127	36.4
A_PA	294	131	A	0	0	131	36.0
A_PA	295	138	G	0	0	138	36.6
A_PA	296	134	G	0	0	134	37.8
A_PA	297	130	G	0	0	130	35.2
A_PA	298	130	G	0	0	130	37.5
A_PA	299	137	T	0	0	137	37.2
A_PA	300	128	C	0	0	128	35.4
A_PA	301	125	G	0	0	125	34.6
A_PA	302	136	A	0	0	136	36.7
A_PA	303	130	A	0	0	130	36.8
A_PA	304	148	A	0	0	148	34.3
A_PA	305	143	A	0	0	143	36.9
A_PA	306	136	G	0	0	136	36.9
A_PA	307	143	C	0	0	143	37.8
A_PA	308	136	C	0	0	136	35.0
A_PA	309	127	C	0	0	127	37.1
A_PA	310	159	A	0	0	159	35.8
A_PA	311	130	A	0	0	130	35.1
A_PA	312	145	A	0	0	145	37.2
A_PA	313	154	T	0	0	154	34.1
A_PA	314	144	T	0	0	144	38.0
A_PA	315	139	C	0	0	139	34.6
A_PA	316	124	C	0	0	124	36.3
A_PA	317	126	T	0	0	126	35.0
A_PA	318	141	C	0	0	141	36.6
A_PA	319	135	C	0	0	135	34.6
A_PA	320	141	C	0	0	141	36.1
A_PA	321	138	T	0	0	138	36.7
A_PA	322	151	G	0	0	151	34.1
A_PA	323	138	A	0	0	138	34.2
A_PA	324	141	T	0	0	141	37.6
A_PA	325	138	T	0	0	138	35.9
A_PA	326	143	T	0	0	143	35.4
A_PA	327	140	G	0	0	140	35.5
A_PA	328	131	T	0	0	131	34.0
A_PA	329	161	A	0	0	161	35.3
A_PA	330	164	T	0	0	164	36.2
A_PA	331	155	G	0	0	155	34.6
A_PA	332	163	A	0	0	163	34.0
A_PA	333	147	C	0	0	147	36.0
A_PA	334	151	T	0	0	151	36.4
A_PA	335	163	A	0	0	163	37.4
A_PA	336	139	C	0	0	139	37.7
A_PA	337	154	A	0	0	154	35.3
A_PA	338	146	A	0	0	146	35.2
A_PA	339	133	A	0	0	133	34.3
A_PA	340	162	G	0	0	162	35.3
A_PA	341	146	A	0	0	146	37.3
A_PA	342	143	G	0	0	143	35.2
A_PA	343	149	A	0	0	149	37.5
A_PA	344	154	A	0	0	154	35.3
A_PA	345	156	C	0	0	156	36.6
A_PA	346	132	C	0	0	132	37.6
A_PA	347	172	G	0	0	172	36.1
A_PA	348	144	A	0	0	144	37.5
A_PA	349	156	T	0	0	156	35.6
A_PA	350	154	T	0	0	154	35.6
A_PA	351	153	C	0	0	153	36.4
A_PA	352	143	A	0	0	143	37.8
A_PA	353	160	T	0	0	160	37.8
A_PA	354	135	T	0	0	135	38.0
A_PA	355	146	G	0	0	146	37.7
A_PA	356	157	A	0	0	157	35.7
A_PA	357	150	A	0	0	150	36.5
A_PA	358	155	A	0	0	155	35.9
A_PA	359	137	T	0	0	137	34.0
A_PA	360	154	T	0	0	154	36.7
A_PA	361	140	G	0	0	140	34.1
A_PA	362	142	G	0	0	142	35.3
A_PA	363	144	A	0	0	144	34.2
A_PA	364	161	G	0	0	161	36.1
A_PA	365	165	T	0	0	165	35.4
A_PA	366	154	A	0	0	154	37.8
A_PA	367	145	A	0	0	145	36.8
A_PA	368	166	C	0	0	166	36.7
A_PA	369	151	G	0	0	151	35.2
A_PA	370	146	C	0	0	146	35.3
A_PA	371	141	G	0	0	141	34.1
A_PA	372	158	A	0	0	158	37.7
A_PA	373	141	A	0	0	141	37.9
A_PA	374	153	G	0	0	153	35.3
A_PA	375	167	G	0	0	167	34.1
A_PA	376	156	G	0	0	156	34.9
A_PA	377	156	A	0	0	156	36.4
A_PA	378	166	A	0	0	166	37.5
A_PA	379	142	G	0	0	142	35.4
A_PA	380	146	T	0	0	146	36.6
A_PA	381	166	T	0	0	166	36.9
A_PA	382	145	C	0	0	145	35.5
A_PA	383	155	A	0	0	155	35.5
A_PA	384	148	C	0	0	148	36.5
A_PA	385	171	A	0	0	171	35.7
A_PA	386	162	T	0	0	162	36.1
A_PA	387	159	A	0	0	159	37.8
A_PA	388	157	T	0	0	157	37.7
A_PA	389	150	A	0	0	150	35.8
A_PA	390	147	C	0	0	147	37.6
A_PA	391	159	T	0	0	159	37.9
A_PA	392	145	A	0	0	145	37.6
A_PA	393	152	T	0	0	152	34.2
A_PA	394	153	T	0	0	153	35.9
A_PA	395	150	T	0	0	150	35.7
A_PA	396	160	A	0	0	160	34.4
A_PA	397	156	G	0	0	156	35.1
A_PA	398	154	A	0	0	154	35.9
A_PA	399	162	A	0	0	162	36.7
A_PA	400	137	A	0	0	137	36.6
A_PA	401	145	A	0	0	145	35.4
A_PA	402	162	A	0	0	162	37.7
A_PA	403	161	G	0	0	161	36.4
A_PA	404	166	C	0	0	166	35.7
A_PA	405	160	C	0	0	160	36.4
A_PA	406	142	A	0	0	142	36.5
A_PA	407	148	A	0	0	148	37.0
A_PA	408	154	C	0	0	154	35.9
A_PA	409	157	A	0	0	157	35.2
A_PA	410	128	A	0	0	128	36.2
A_PA	411	152	G	0	0	152	34.8
A_PA	412	155	A	0	0	155	36.8
A_PA	413	144	T	0	0	144	36.5
A_PA	414	147	A	0	0	147	37.8
A_PA	415	151	A	0	0	151	34.1
A_PA	416	151	A	0	0	151	37.5
A_PA	417	153	A	0	0	153	35.7
A_PA	418	163	T	0	0	163	36.4
A_PA	419	152	C	0	0	152	34.3
A_PA	420	143	A	0	0	143	37.5
A_PA	421	143	G	0	0	143	37.6
A_PA	422	157	A	0	0	157	35.6
A_PA	423	145	G	0	0	145	37.9
A_PA	424	148	A	0	0	148	37.4
A_PA	425	136	A	0	0	136	35.1
A_PA	426	138	A	0	0	138	34.6
A_PA	427	122	A	0	0	122	36.1
A_PA	428	154	C	0	0	154	37.4
A_PA	429	163	A	0	0	163	37.0
A_PA	430	152	C	0	0	152	34.8
A_PA	431	159	A	0	0	159	34.7
A_PA	432	165	T	0	0	165	37.0
A_PA	433	162	A	0	0	162	37.2
A_PA	434	159	T	0	0	159	36.6
A_PA	435	152	T	0	0	152	36.2
A_PA	436	139	C	0	0	139	34.0
A_PA	437	145	A	0	0	145	36.7
A_PA	438	140	C	0	0	140	35.0
A_PA	439	138	A	0	0	138	34.1
A_PA	440	146	T	0	0	146	35.3
A_PA	441	142	A	0	0	142	36.9
A_PA	442	160	T	0	0	160	35.7
A_PA	443	132	T	0	0	132	36.9
A_PA	444	135	C	0	0	135	37.4
A_PA	445	139	T	0	0	139	36.2
A_PA	446	152	C	0	0	152	37.5
A_PA	447	152	A	0	0	152	36.6
A_PA	448	137	T	0	0	137	34.2
A_PA	449	136	T	0	0	136	34.5
A_PA	450	153	C	0	0	153	36.6
A_PA	451	138	A	0	0	138	36.5
A_PA	452	145	C	0	0	145	34.3
A_PA	453	156	T	0	0	156	37.6
A_PA	454	142	G	0	0	142	35.9
A_PA	455	152	G	0	0	152	37.3
A_PA	456	139	A	0	0	139	36.3
A_PA	457	140	G	0	0	140	34.4
A_PA	458	135	A	0	0	135	36.4
A_PA	459	153	G	0	0	153	34.0
A_PA	460	157	G	0	0	157	34.7
A_PA	461	142	A	0	0	142	34.6
A_PA	462	150	A	0	0	150	34.1
A_PA	463	146	A	0	0	146	36.2
A_PA	464	140	T	0	0	140	37.0
A_PA	465	130	G	0	0	130	36.5
A_PA	466	146	G	0	0	146	34.6
A_PA	467	139	C	0	0	139	34.2
A_PA	468	126	C	0	0	126	34.8
A_PA	469	145	A	0	0	145	34.7
A_PA	470	137	C	0	0	137	35.7
A_PA	471	134	C	0	0	134	35.5
A_PA	472	140	A	0	0	140	38.0
A_PA	473	160	A	0	0	160	34.9
A_PA	474	134	G	0	0	134	35.8
A_PA	475	134	G	0	0	134	36.7
A_PA	476	131	C	0	0	131	34.3
A_PA	477	133	G	0	0	133	34.0
A_PA	478	154	G	0	0	154	34.9
A_PA	479	130	A	0	0	130	34.8
A_PA	480	137	C	0	0	137	36.9
A_PA	481	142	T	0	0	142	35.2
A_PA	482	141	A	0	0	141	36.9
A_PA	483	144	C	0	0	144	36.1
A_PA	484	146	A	0	0	146	35.1
A_PA	485	137	C	0	0	137	35.3
A_PA	486	129	C	0	0	129	35.0
A_PA	487	135	C	0	0	135	35.4
A_PA	488	134	T	0	0	134	36.7
A_PA	489	143	T	0	0	143	37.6
A_PA	490	140	G	0	0	140	37.4
A_PA	491	137	A	0	0	137	36.7
A_PA	492	139	T	0	0	139	35.8
A_PA	493	128	G	0	0	128	37.5
A_PA	494	144	A	0	0	144	37.8
A_PA	495	146	A	0	0	146	35.1
A_PA	496	142	G	0	0	142	36.5
A_PA	497	158	A	0	0	158	37.7
A_PA	498	146	G	0	0	146	37.0
A_PA	499	138	A	0	0	138	37.0
A_PA	500	137	G	0	0	137	37.2
A_PA	501	162	C	0	0	162	37.3
A_PA	502	139	A	0	0	139	36.8
A_PA	503	127	G	0	0	127	36.7
A_PA	504	157	A	0	0	157	37.5
A_PA	505	143	G	0	0	143	35.3
A_PA	506	153	C	0	0	153	35.2
A_PA	507	146	A	0	0	146	35.0
A_PA	508	138	A	0	0	138	35.7
A_PA	509	138	G	0	0	138	35.4
A_PA	510	149	A	0	0	149	36.6
A_PA	511	135	A	0	0	135	34.7
A_PA	512	136	T	0	0	136	35.4
A_PA	513	126	A	0	0	126	34.6
A_PA	514	145	A	0	0	145	34.1
A_PA	515	141	A	0	0	141	35.6
A_PA	516	153	A	0	0	153	37.9
A_PA	517	154	A	0	0	154	37.3
A_PA	518	145	C	0	0	145	36.9
A_PA	519	147	C	0	0	147	34.2
A_PA	520	135	A	0	0	135	35.4
A_PA	521	155	G	0	0	155	35.6
A_PA	522	133	A	0	0	133	35.5
A_PA	523	164	C	0	0	164	37.3
A_PA	524	155	T	0	0	155	34.0
A_PA	525	155	G	0	0	155	37.3
A_PA	526	147	T	0	0	147	36.3
A_PA	527	161	T	0	0	161	35.5
A_PA	528	155	C	0	0	155	35.0
A_PA	529	133	A	0	0	133	37.8
A_PA	530	149	C	0	0	149	36.6
A_PA	531	128	T	0	0	128	34.5
A_PA	532	147	A	0	0	147	36.6
A_PA	533	149	T	0	0	149	37.2
A_PA	534	155	A	0	0	155	35.4
A_PA	535	142	A	0	0	142	37.0
A_PA	536	145	G	0	0	145	36.9
A_PA	537	163	A	0	0	163	34.4
A_PA	538	151	C	0	0	151	36.6
A_PA	539	149	A	0	0	149	34.5
A_PA	540	141	A	0	0	141	35.2
A_PA	541	152	G	0	0	152	36.1
A_PA	542	173	A	0	0	173	35.9
A_PA	543	155	A	0	0	155	37.1
A_PA	544	151	A	0	0	151	37.5
A_PA	545	157	T	0	0	157	35.7
A_PA	546	145	G	0	0	145	34.3
A_PA	547	166	G	0	0	166	36.9
A_PA	548	147	C	0	0	147	34.9
A_PA	549	149	C	0	0	149	35.5
A_PA	550	162	A	0	0	162	36.4
A_PA	551	152	G	0	0	152	37.5
A_PA	552	183	T	0	0	183	34.4
A_PA	553	141	A	0	0	141	35.0
A_PA	554	154	G	0	0	154	35.8
A_PA	555	144	A	0	0	144	34.3
A_PA	556	149	G	0	0	149	34.8
A_PA	557	157	G	0	0	157	36.8
A_PA	558	161	T	0	0	161	35.8
A_PA	559	148	C	0	0	148	34.5
A_PA	560	157	T	0	0	157	35.4
A_PA	561	156	A	0	0	156	35.9
A_PA	562	160	T	0	0	160	37.3
A_PA	563	151	G	0	0	151	37.5
A_PA	564	166	G	0	0	166	35.3
A_PA	565	175	G	0	0	175	36.7
A_PA	566	155	A	0	0	155	34.9
A_PA	567	145	T	0	0	145	37.3
A_PA	568	147	T	0	0	147	37.5
A_PA	569	158	C	0	0	158	36.2
A_PA	570	154	C	0	0	154	37.5
A_PA	571	151	T	0	0	151	36.2
A_PA	572	171	T	0	0	171	35.4
A_PA	573	161	T	0	0	161	37.9
A_PA	574	165	C	0	0	165	35.2
A_PA	575	165	G	0	0	165	34.6
A_PA	576	158	T	0	0	158	37.4
A_PA	577	167	C	0	0	167	36.9
A_PA	578	158	A	0	0	158	36.7
A_PA	579	159	A	0	0	159	36.3
A_PA	580	158	T	0	0	158	37.7
A_PA	581	148	C	0	0	148	36.0
A_PA	582	159	C	0	0	159	36.4
A_PA	583	161	G	0	0	161	34.5
A_PA	584	170	A	0	0	170	34.4
A_PA	585	156	G	0	0	156	35.0
A_PA	586	154	A	0	0	154	34.5
A_PA	587	154	G	0	0	154	35.7
A_PA	588	156	A	0	0	156	37.3
A_PA	589	153	G	0	0	153	34.7
A_PA	590	169	G	0	0	169	34.1
A_PA	591	148	C	0	0	148	34.7
A_PA	592	176	G	0	0	176	37.6
A_PA	593	173	A	0	0	173	37.5
A_PA	594	153	A	0	0	153	34.3
A_PA	595	172	G	0	0	172	35.6
A_PA	596	157	A	0	0	157	34.3
A_PA	597	179	G	0	0	179	37.4
A_PA	598	186	A	0	0	186	36.1
A_PA	599	163	C	0	0	163	35.5
A_PA	600	161	A	0	0	161	35.8
A_PA	601	163	A	0	0	163	34.0
A_PA	602	166	T	0	0	166	37.5
A_PA	603	178	T	0	0	178	34.3
A_PA	604	158	G	0	0	158	37.4
A_PA	605	150	A	0	0	150	34.6
A_PA	606	160	A	0	0	160	37.3
A_PA	607	154	G	0	0	154	36.8
A_PA	608	172	A	0	0	172	37.0
A_PA	609	156	A	0	0	156	37.6
A_PA	610	164	A	0	0	164	37.7
A_PA	611	171	G	0	0	171	37.6
A_PA	612	173	A	0	0	173	37.0
A_PA	613	154	T	0	0	154	35.5
A_PA	614	165	T	0	0	165	34.9
A_PA	615	170	T	0	0	170	34.7
A_PA	616	170	G	0	0	170	37.4
A_PA	617	170	A	0	0	170	36.3
A_PA	618	159	A	0	0	159	36.7
A_PA	619	151	A	0	0	151	36.5
A_PA	620	163	T	0	0	163	36.2
A_PA	621	173	C	0	0	173	37.4
A_PA	622	160	A	0	0	160	34.8
A_PA	623	161	C	0	0	161	36.2
A_PA	624	165	A	0	0	165	37.0
A_PA	625	171	G	0	0	171	35.4
A_PA	626	165	G	0	0	165	37.7
A_PA	627	167	A	0	0	167	37.8
A_PA	628	182	A	0	0	182	37.4
A_PA	629	178	C	0	0	178	37.2
A_PA	630	151	C	0	0	151	35.7
A_PA	631	186	A	0	0	186	35.2
A_PA	632	159	T	0	0	159	35.2
A_PA	633	165	G	0	0	165	36.3
A_PA	634	182	C	0	0	182	34.9
A_PA	635	165	G	0	0	165	35.2
A_PA	636	177	C	0	0	177	35.9
A_PA	637	164	A	0	0	164	35.9
A_PA	638	164	G	0	0	164	36.6
A_PA	639	156	G	0	0	156	36.7
A_PA	640	167	C	0	0	167	36.4
A_PA	641	167	T	0	0	167	37.1
A_PA	642	166	T	0	0	166	36.4
A_PA	643	164	G	0	0	164	34.7
A_PA	644	168	C	0	0	168	37.7
A_PA	645	164	C	0	0	164	36.6
A_PA	646	167	G	0	0	167	37.1
A_PA	647	145	A	0	0	145	37.9
A_PA	648	169	C	0	0	169	37.4
A_PA	649	164	C	0	0	164	36.3
A_PA	650	146	A	0	0	146	37.2
A_PA	651	168	A	0	0	168	35.5
A_PA	652	173	A	0	0	173	36.8
A_PA	653	154	G	0	0	154	35.8
A_PA	654	173	T	0	0	173	36.0
A_PA	655	171	C	0	0	171	37.6
A_PA	656	155	T	0	0	155	34.9
A_PA	657	174	T	0	0	174	36.9
A_PA	658	163	C	0	0	163	35.0
A_PA	659	168	C	0	0	168	37.4
A_PA	660	158	A	0	0	158	34.1
A_PA	661	151	C	0	0	151	37.1
A_PA	662	151	C	0	0	151	35.0
A_PA	663	147	G	0	0	147	35.6
A_PA	664	157	A	0	0	157	34.0
A_PA	665	163	A	0	0	163	34.3
A_PA	666	157	C	0	0	157	36.9
A_PA	667	153	T	0	0	153	36.9
A_PA	668	157	T	0	0	157	36.1
A_PA	669	166	C	0	0	166	36.7
A_PA	670	173	T	0	0	173	35.2
A_PA	671	150	C	0	0	150	34.3
A_PA	672	180	C	0	0	180	36.8
A_PA	673	136	A	0	0	136	37.7
A_PA	674	163	G	0	0	163	36.4
A_PA	675	149	C	0	0	149	37.1
A_PA	676	137	C	0	0	137	36.3
A_PA	677	147	T	0	0	147	35.3
A_PA	678	138	T	0	0	138	36.9
A_PA	679	157	G	0	0	157	34.1
A_PA	680	142	A	0	0	142	34.4
A_PA	681	162	A	0	0	162	35.1
A_PA	682	167	A	0	0	167	35.7
A_PA	683	158	A	0	0	158	36.2
A_PA	684	139	C	0	0	139	34.5
A_PA	685	136	T	0	0	136	36.5
A_PA	686	176	T	0	0	176	35.7
A_PA	687	146	T	0	0	146	37.3
A_PA	688	143	A	0	0	143	37.7
A_PA	689	154	G	0	0	154	35.8
A_PA	690	144	A	0	0	144	35.0
A_PA	691	148	G	0	0	148	36.1
A_PA	692	155	C	0	0	155	36.9
A_PA	693	133	C	0	0	133	36.2
A_PA	694	139	T	0	0	139	36.9
A_PA	695	144	A	0	0	144	35.7
A_PA	696	147	T	0	0	147	35.5
A_PA	697	152	G	0	0	152	34.5
A_PA	698	159	T	0	0	159	36.6
A_PA	699	147	G	0	0	147	35.1
A_PA	700	135	G	0	0	135	37.3
A_PA	701	137	A	0	0	137	37.2
A_PA	702	146	T	0	0	146	36.6
A_PA	703	158	G	0	0	158	37.6
A_PA	704	151	G	0	0	151	36.5
A_PA	705	139	A	0	0	139	35.0
A_PA	706	139	T	0	0	139	36.7
A_PA	707	143	T	0	0	143	36.6
A_PA	708	133	C	0	0	133	36.3
A_PA	709	143	G	0	0	143	35.7
A_PA	710	132	A	0	0	132	36.1
A_PA	711	130	A	0	0	130	35.1
A_PA	712	120	C	0	0	120	37.1
A_PA	713	136	C	0	0	136	35.1
A_PA	714	133	G	0	0	133	35.4
A_PA	715	129	A	0	0	129	34.4
A_PA	716	129	A	0	0	129	37.3
A_PA	717	136	C	0	0	136	35.9
A_PA	718	129	G	0	0	129	36.8
A_PA	719	136	G	0	0	136	36.4
A_PA	720	126	C	0	0	126	34.5
A_PA	721	123	T	0	0	123	34.3
A_PA	722	123	G	0	0	123	37.4
A_PA	723	135	C	0	0	135	34.9
A_PA	724	116	A	0	0	116	35.5
A_PA	725	132	T	0	0	132	37.5
A_PA	726	127	T	0	0	127	36.4
A_PA	727	132	G	0	0	132	35.9
A_PA	728	121	A	0	0	121	35.9
A_PA	729	131	G	0	0	131	34.2
A_PA	730	133	G	0	0	133	36.9
A_PA	731	123	G	0	0	123	34.6
A_PA	732	126	C	0	0	126	37.7
A_PA	733	123	A	0	0	123	37.8
A_PA	734	124	A	0	0	124	35.6
A_PA	735	130	A	0	0	130	34.7
A_PA	736	128	C	0	0	128	35.4
A_PA	737	119	T	0	0	119	37.7
A_PA	738	104	T	0	0	104	36.1
A_PA	739	113	T	0	0	113	37.0
A_PA	740	100	C	0	0	100	35.8
A_PA	741	121	T	0	0	121	37.8
A_PA	742	125	C	0	0	125	34.8
A_PA	743	111	A	0	0	111	36.5
A_PA	744	126	A	0	0	126	35.4
A_PA	745	117	A	0	0	117	34.5
A_PA	746	107	T	0	0	107	36.6
A_PA	747	111	G	0	0	111	35.8
A_PA	748	112	T	0	0	112	37.7
A_PA	749	107	C	0	0	107	37.3
A_PA	750	98	A	0	0	98	36.6
A_PA	751	107	A	0	0	107	35.6
A_PA	752	109	A	0	0	109	35.6
A_PA	753	107	A	0	0	107	37.5
A_PA	754	113	G	0	0	113	37.0
A_PA	755	108	A	0	0	108	37.6
A_PA	756	122	A	0	0	122	35.0
A_PA	757	108	G	0	0	108	37.2
A_PA	758	107	T	0	0	107	34.1
A_PA	759	110	G	0	0	110	34.9
A_PA	760	102	A	0	0	102	35.0
A_PA	761	103	A	0	0	103	37.7
A_PA	762	108	C	0	0	108	37.9
A_PA	763	119	G	0	0	119	35.9
A_PA	764	109	C	0	0	109	34.3
A_PA	765	101	C	0	0	101	34.9
A_PA	766	106	A	0	0	106	35.3
A_PA	767	102	G	0	0	102	34.4
A_PA	768	97	A	0	0	97	36.0
A_PA	769	105	A	0	0	105	34.5
A_PA	770	88	T	0	0	88	35.6
A_PA	771	106	T	0	0	106	37.3
A_PA	772	95	G	0	0	95	36.7
A_PA	773	102	A	0	0	102	35.9
A_PA	774	100	G	0	0	100	36.5
A_PA	775	101	C	0	0	101	37.5
A_PA	776	104	C	0	0	104	34.5
A_PA	777	87	A	0	0	87	35.9
A_PA	778	99	T	0	0	99	36.5
A_PA	779	100	T	0	0	100	37.8
A_PA	780	96	T	0	0	96	34.7
A_PA	781	102	C	0	0	102	34.2
A_PA	782	95	T	0	0	95	34.0
A_PA	783	88	G	0	0	88	35.9
A_PA	784	97	A	0	0	97	37.7
A_PA	785	95	A	0	0	95	35.9
A_PA	786	109	G	0	0	109	37.2
A_PA	787	90	A	0	0	90	34.2
A_PA	788	95	C	0	0	95	35.8
A_PA	789	100	A	0	0	100	36.9
A_PA	790	90	A	0	0	90	37.5
A_PA	791	88	C	0	0	88	35.0
A_PA	792	90	A	0	0	90	34.5
A_PA	793	86	C	0	0	86	38.0
A_PA	794	99	C	0	0	99	37.9
A_PA	795	106	A	0	0	106	34.5
A_PA	796	91	C	0	0	91	38.0
A_PA	797	86	G	0	0	86	37.2
A_PA	798	93	C	0	0	93	35.3
A_PA	799	85	C	0	0	85	36.0
A_PA	800	84	C	0	0	84	36.5
A_PA	801	90	T	0	0	90	36.1
A_PA	802	84	C	0	0	84	36.3
A_PA	803	90	T	0	0	90	37.3
A_PA	804	92	C	0	0	92	34.7
A_PA	805	101	A	0	0	101	37.2
A_PA	806	88	G	0	0	88	34.8
A_PA	807	88	A	0	0	88	35.9
A_PA	808	89	T	0	0	89	35.3
A_PA	809	90	T	0	0	90	36.5
A_PA	810	92	A	0	0	92	34.5
A_PA	811	86	C	0	0	86	34.6
A_PA	812	95	C	0	0	95	37.9
A_PA	813	94	T	0	0	94	36.7
A_PA	814	93	G	0	0	93	37.3
A_PA	815	82	A	0	0	82	36.3
A_PA	816	92	T	0	0	92	37.3
A_PA	817	90	G	0	0	90	36.2
A_PA	818	95	G	0	0	95	34.2
A_PA	819	89	G	0	0	89	34.6
A_PA	820	82	C	0	0	82	34.5
A_PA	821	84	C	0	0	84	35.1
A_PA	822	95	T	0	0	95	35.7
A_PA	823	88	C	0	0	88	35.5
A_PA	824	89	C	0	0	89	36.6
A_PA	825	86	C	0	0	86	36.2
A_PA	826	93	T	0	0	93	34.1
A_PA	827	83	G	0	0	83	35.5
A_PA	828	84	T	0	0	84	34.5
A_PA	829	94	T	0	0	94	35.8
A_PA	830	101	C	0	0	101	36.4
A_PA	831	96	T	0	0	96	37.1
A_PA	832	95	C	0	0	95	37.7
A_PA	833	89	A	0	0	89	37.5
A_PA	834	83	G	0	0	83	34.1
A_PA	835	90	C	0	0	90	35.0
A_PA	836	98	G	0	0	98	36.1
A_PA	837	90	G	0	0	90	34.9
A_PA	838	94	T	0	0	94	35.0
A_PA	839	90	C	0	0	90	35.3
A_PA	840	85	G	0	0	85	34.6
A_PA	841	98	A	0	0	98	34.1
A_PA	842	95	A	0	0	95	34.3
A_PA	843	86	G	0	0	86	37.0
A_PA	844	85	T	0	0	85	36.5
A_PA	845	89	T	0	0	89	36.8
A_PA	846	93	C	0	0	93	37.7
A_PA	847	91	T	0	0	91	34.3
A_PA	848	98	T	0	0	98	34.8
A_PA	849	95	G	0	0	95	35.3
A_PA	850	110	C	0	0	110	34.0
A_PA	851	89	T	0	0	89	36.2
A_PA	852	106	G	0	0	106	35.3
A_PA	853	98	A	0	0	98	37.2
A_PA	854	97	T	0	0	97	34.2
A_PA	855	97	G	0	0	97	37.2
A_PA	856	101	G	0	0	101	35.2
A_PA	857	88	A	0	0	88	36.8
A_PA	858	84	T	0	0	84	35.6
A_PA	859	99	G	0	0	99	35.1
A_PA	860	107	C	0	0	107	36.5
A_PA	861	103	C	0	0	103	36.4
A_PA	862	89	C	0	0	89	34.2
A_PA	863	97	T	0	0	97	34.3
A_PA	864	96	T	0	0	96	36.1
A_PA	865	91	A	0	0	91	35.8
A_PA	866	98	A	0	0	98	35.8
A_PA	867	101	G	0	0	101	34.4
A_PA	868	97	T	0	0	97	35.6
A_PA	869	107	T	0	0	107	37.9
A_PA	870	95	G	0	0	95	35.4
A_PA	871	92	A	0	0	92	36.2
A_PA	872	99	G	0	0	99	35.7
A_PA	873	95	C	0	0	95	35.2
A_PA	874	107	A	0	0	107	34.4
A_PA	875	93	T	0	0	93	36.3
A_PA	876	109	C	0	0	109	37.7
A_PA	877	114	G	0	0	114	34.2
A_PA	878	108	A	0	0	108	37.2
A_PA	879	100	A	0	0	100	36.8
A_PA	880	94	G	0	0	94	34.2
A_PA	881	103	A	0	0	103	36.2
A_PA	882	99	C	0	0	99	37.2
A_PA	883	95	C	0	0	95	35.7
A_PA	884	117	C	0	0	117	36.6
A_PA	885	102	T	0	0	102	35.4
A_PA	886	111	A	0	0	111	35.0
A_PA	887	103	G	0	0	103	36.8
A_PA	888	107	C	0	0	107	36.8
A_PA	889	116	C	0	0	116	35.2
A_PA	890	111	A	0	0	111	34.2
A_PA	891	105	T	0	0	105	36.0
A_PA	892	107	G	0	0	107	34.5
A_PA	893	103	A	0	0	103	36.1
A_PA	894	119	G	0	0	119	36.8
A_PA	895	115	G	0	0	115	35.0
A_PA	896	104	G	0	0	104	37.6
A_PA	897	106	G	0	0	106	37.0
A_PA	898	109	G	0	0	109	35.7
A_PA	899	116	A	0	0	116	37.9
A_PA	900	113	G	0	0	113	36.7
A_PA	901	112	G	0	0	112	37.4
A_PA	902	100	G	0	0	100	37.5
A_PA	903	117	C	0	0	117	35.3
A_PA	904	102	A	0	0	102	37.2
A_PA	905	111	T	0	0	111	36.4
A_PA	906	113	A	0	0	113	34.1
A_PA	907	112	C	0	0	112	34.1
A_PA	908	102	C	0	0	102	37.8
A_PA	909	108	G	0	0	108	36.1
A_PA	910	110	C	0	0	110	37.4
A_PA	911	113	T	0	0	113	36.6
A_PA	912	112	G	0	0	112	36.6
A_PA	913	116	T	0	0	116	37.3
A_PA	914	119	A	0	0	119	36.6
A_PA	915	123	T	0	0	123	34.8
A_PA	916	129	G	0	0	129	37.1
A_PA	917	114	A	0	0	114	34.8
A_PA	918	113	T	0	0	113	37.5
A_PA	919	124	G	0	0	124	35.5
A_PA	920	118	C	0	0	118	35.3
A_PA	921	119	A	0	0	119	34.6
A_PA	922	116	A	0	0	116	35.8
A_PA	923	116	T	0	0	116	36.9
A_PA	924	116	C	0	0	116	34.2
A_PA	925	122	A	0	0	122	35.9
A_PA	926	126	A	0	0	126	34.5
A_PA	927	135	A	0	0	135	34.4
A_PA	928	112	T	0	0	112	37.3
A_PA	929	112	G	0	0	112	37.0
A_PA	930	129	C	0	0	129	35.4
A_PA	931	134	A	0	0	134	35.2
A_PA	932	114	T	0	0	114	35.7
A_PA	933	120	G	0	0	120	35.4
A_PA	934	128	A	0	0	128	37.8
A_PA	935	129	A	0	0	129	37.2
A_PA	936	120	G	0	0	120	35.9
A_PA	937	129	A	0	0	129	36.9
A_PA	938	110	C	0	0	110	37.1
A_PA	939	123	A	0	0	123	37.9
A_PA	940	113	T	0	0	113	34.0
A_PA	941	124	T	0	0	124	37.8
A_PA	942	143	T	0	0	143	37.7
A_PA	943	117	T	0	0	117	34.1
A_PA	944	124	T	0	0	124	35.9
A_PA	945	138	T	0	0	138	36.4
A_PA	946	131	G	0	0	131	36.0
A_PA	947	135	G	0	0	135	36.2
A_PA	948	118	C	0	0	118	35.7
A_PA	949	130	T	0	0	130	35.1
A_PA	950	126	G	0	0	126	36.1
A_PA	951	121	G	0	0	121	34.4
A_PA	952	130	A	0	0	130	35.4
A_PA	953	129	A	0	0	129	36.1
A_PA	954	134	A	0	0	134	35.4
A_PA	955	120	G	0	0	120	35.0
A_PA	956	125	A	0	0	125	34.1
A_PA	957	122	G	0	0	122	36.4
A_PA	958	139	C	0	0	139	34.8
A_PA	959	129	C	0	0	129	34.4
A_PA	960	121	C	0	0	121	34.4
A_PA	961	133	A	0	0	133	35.5
A_PA	962	120	A	0	0	120	37.6
A_PA	963	121	C	0	0	121	36.4
A_PA	964	128	A	0	0	128	36.3
A_PA	965	135	T	0	0	135	37.6
A_PA	966	116	C	0	0	116	34.7
A_PA	967	128	G	0	0	128	37.3
A_PA	968	119	T	0	0	119	36.7
A_PA	969	147	A	0	0	147	36.8
A_PA	970	125	A	0	0	125	35.5
A_PA	971	134	A	0	0	134	37.1
A_PA	972	140	G	0	0	140	34.8
A_PA	973	124	C	0	0	124	36.6
A_PA	974	118	C	0	0	118	34.3
A_PA	975	128	G	0	0	128	35.3
A_PA	976	129	C	0	0	129	35.6
A_PA	977	134	A	0	0	134	35.6
A_PA	978	121	T	0	0	121	34.7
A_PA	979	124	G	0	0	124	34.0
A_PA	980	130	A	0	0	130	37.1
A_PA	981	131	G	0	0	131	36.2
A_PA	982	118	A	0	0	118	35.4
A_PA	983	130	A	0	0	130	35.1
A_PA	984	128	A	0	0	128	35.0
A_PA	985	134	G	0	0	134	36.7
A_PA	986	129	G	0	0	129	37.9
A_PA	987	128	C	0	0	128	36.4
A_PA	988	129	A	0	0	129	36.7
A_PA	989	129	T	0	0	129	34.0
A_PA	990	127	A	0	0	127	35.2
A_PA	991	132	A	0	0	132	36.4
A_PA	992	138	A	0	0	138	35.9
A_PA	993	130	C	0	0	130	34.5
A_PA	994	118	C	0	0	118	37.5
A_PA	995	127	C	0	0	127	37.7
A_PA	996	132	T	0	0	132	38.0
A_PA	997	121	A	0	0	121	36.9
A_PA	998	131	A	0	0	131	36.5
A_PA	999	130	T	0	0	130	36.9
A_PA	1000	118	T	0	0	118	36.7
A_PA	1001	125	A	0	0	125	36.4
A_PA	1002	129	C	0	0	129	36.6
A_PA	1003	125	C	0	0	125	36.7
A_PA	1004	136	T	0	0	136	35.4
A_PA	1005	121	C	0	0	121	36.0
A_PA	1006	130	C	0	0	130	37.0
A_PA	1007	128	T	0	0	128	36.8
A_PA	1008	112	G	0	0	112	35.2
A_PA	1009	124	G	0	0	124	36.2
A_PA	1010	129	C	0	0	129	35.1
A_PA	1011	127	T	0	0	127	36.0
A_PA	1012	129	T	0	0	129	35.8
A_PA	1013	125	G	0	0	125	36.3
A_PA	1014	125	G	0	0	125	34.6
A_PA	1015	126	A	0	0	126	37.5
A_PA	1016	131	A	0	0	131	36.2
A_PA	1017	122	G	0	0	122	34.7
A_PA	1018	122	C	0	0	122	34.1
A_PA	1019	117	A	0	0	117	35.1
A_PA	1020	124	G	0	0	124	35.1
A_PA	1021	114	G	0	0	114	37.7
A_PA	1022	110	T	0	0	110	35.9
A_PA	1023	125	G	0	0	125	34.6
A_PA	1024	117	C	0	0	117	37.8
A_PA	1025	119	T	0	0	119	35.7
A_PA	1026	131	G	0	0	131	34.1
A_PA	1027	128	G	0	0	128	36.5
A_PA	1028	119	C	0	0	119	36.6
A_PA	1029	136	A	0	0	136	36.2
A_PA	1030	125	G	0	0	125	34.6
A_PA	1031	125	A	0	0	125	37.2
A_PA	1032	130	A	0	0	130	34.0
A_PA	1033	138	C	0	0	138	36.4
A_PA	1034	130	T	0	0	130	35.7
A_PA	1035	119	T	0	0	119	35.3
A_PA	1036	118	C	0	0	118	34.9
A_PA	1037	129	A	0	0	129	35.1
A_PA	1038	127	A	0	0	127	36.1
A_PA	1039	125	G	0	0	125	36.7
A_PA	1040	113	A	0	0	113	34.6
A_PA	1041	115	C	0	0	115	35.2
A_PA	1042	123	A	0	0	123	37.1
A_PA	1043	119	T	0	0	119	34.5
A_PA	1044	128	T	0	0	128	34.9
A_PA	1045	129	G	0	0	129	35.5
A_PA	1046	134	A	0	0	134	34.7
A_PA	1047	119	A	0	0	119	37.0
A_PA	1048	112	A	0	0	112	35.0
A_PA	1049	120	A	0	0	120	36.1
A_PA	1050	117	T	0	0	117	36.9
A_PA	1051	109	G	0	0	109	35.2
A_PA	1052	129	A	0	0	129	34.8
A_PA	1053	117	G	0	0	117	36.9
A_PA	1054	119	G	0	0	119	35.0
A_PA	1055	129	A	0	0	129	37.8
A_PA	1056	119	G	0	0	119	36.3
A_PA	1057	133	A	0	0	133	34.7
A_PA	1058	109	A	0	0	109	36.1
A_PA	1059	119	A	0	0	119	36.2
A_PA	1060	125	A	0	0	125	37.4
A_PA	1061	124	T	0	0	124	36.4
A_PA	1062	121	T	0	0	121	35.5
A_PA	1063	116	C	0	0	116	34.6
A_PA	1064	133	C	0	0	133	34.9
A_PA	1065	119	A	0	0	119	35.4
A_PA	1066	138	A	0	0	138	35.2
A_PA	1067	118	A	0	0	118	35.3
A_PA	1068	126	A	0	0	126	35.7
A_PA	1069	130	A	0	0	130	35.7
A_PA	1070	113	C	0	0	113	37.0
A_PA	1071	124	A	0	0	124	34.6
A_PA	1072	117	A	0	0	117	34.4
A_PA	1073	126	A	0	0	126	37.9
A_PA	1074	114	G	0	0	114	36.0
A_PA	1075	129	A	0	0	129	37.2
A_PA	1076	117	A	0	0	117	34.2
A_PA	1077	112	C	0	0	112	36.9
A_PA	1078	126	A	0	0	126	36.2
A_PA	1079	127	T	0	0	127	37.2
A_PA	1080	125	G	0	0	125	36.5
A_PA	1081	124	A	0	0	124	34.4
A_PA	1082	124	A	0	0	124	35.0
A_PA	1083	118	G	0	0	118	37.6
A_PA	1084	122	A	0	0	122	34.8
A_PA	1085	131	A	0	0	131	35.7
A_PA	1086	123	A	0	0	123	35.5
A_PA	1087	112	A	0	0	112	35.5
A_PA	1088	111	C	0	0	111	35.7
A_PA	1089	126	A	0	0	126	34.4
A_PA	1090	127	A	0	0	127	35.7
A_PA	1091	117	G	0	0	117	35.6
A_PA	1092	121	C	0	0	121	37.0
A_PA	1093	120	C	0	0	120	36.9
A_PA	1094	125	A	0	0	125	37.3
A_PA	1095	111	A	0	0	111	37.9
A_PA	1096	133	T	0	0	133	36.4
A_PA	1097	120	T	0	0	120	37.2
A_PA	1098	141	G	0	0	141	36.7
A_PA	1099	117	A	0	0	117	34.0
A_PA	1100	132	A	0	0	132	36.4
A_PA	1101	120	G	0	0	120	34.1
A_PA	1102	124	T	0	0	124	34.5
A_PA	1103	127	G	0	0	127	37.1
A_PA	1104	120	G	0	0	120	37.6
A_PA	1105	136	G	0	0	136	37.2
A_PA	1106	129	C	0	0	129	37.8
A_PA	1107	113	A	0	0	113	35.1
A_PA	1108	116	C	0	0	116	37.8
A_PA	1109	129	T	0	0	129	36.2
A_PA	1110	132	T	0	0	132	36.5
A_PA	1111	120	G	0	0	120	36.1
A_PA	1112	135	G	0	0	135	36.1
A_PA	1113	130	T	0	0	130	35.5
A_PA	1114	125	G	0	0	125	34.5
A_PA	1115	121	A	0	0	121	36.4
A_PA	1116	119	G	0	0	119	35.3
A_PA	1117	124	A	0	0	124	35.1
A_PA	1118	134	A	0	0	134	37.9
A_PA	1119	124	C	0	0	124	37.1
A_PA	1120	129	A	0	0	129	34.5
A_PA	1121	135	T	0	0	135	34.2
A_PA	1122	126	G	0	0	126	36.9
A_PA	1123	132	G	0	0	132	36.7
A_PA	1124	132	C	0	0	132	37.3
A_PA	1125	126	T	0	0	126	35.7
A_PA	1126	123	C	0	0	123	35.3
A_PA	1127	131	C	0	0	131	34.7
A_PA	1128	129	A	0	0	129	37.9
A_PA	1129	132	G	0	0	132	36.3
A_PA	1130	121	A	0	0	121	34.1
A_PA	1131	139	A	0	0	139	35.0
A_PA	1132	134	A	0	0	134	34.4
A_PA	1133	142	A	0	0	142	37.1
A_PA	1134	141	A	0	0	141	37.7
A_PA	1135	135	G	0	0	135	35.7
A_PA	1136	132	T	0	0	132	37.1
A_PA	1137	127	G	0	0	127	36.1
A_PA	1138	137	G	0	0	137	34.8
A_PA	1139	146	A	0	0	146	37.8
A_PA	1140	137	C	0	0	137	35.3
A_PA	1141	136	T	0	0	136	36.4
A_PA	1142	128	T	0	0	128	35.2
A_PA	1143	134	T	0	0	134	34.8
A_PA	1144	137	G	0	0	137	36.6
A_PA	1145	137	A	0	0	137	35.2
A_PA	1146	142	G	0	0	142	35.7
A_PA	1147	130	G	0	0	130	37.7
A_PA	1148	151	A	0	0	151	34.6
A_PA	1149	138	C	0	0	138	36.0
A_PA	1150	129	T	0	0	129	36.1
A_PA	1151	146	G	0	0	146	37.0
A_PA	1152	144	C	0	0	144	37.3
A_PA	1153	135	A	0	0	135	35.9
A_PA	1154	148	A	0	0	148	36.6
A_PA	1155	135	A	0	0	135	37.1
A_PA	1156	147	G	0	0	147	36.2
A_PA	1157	130	A	0	0	130	37.9
A_PA	1158	144	T	0	0	144	37.9
A_PA	1159	138	G	0	0	138	36.2
A_PA	1160	160	T	0	0	160	36.3
A_PA	1161	149	T	0	0	149	36.5
A_PA	1162	142	A	0	0	142	36.4
A_PA	1163	161	G	0	0	161	37.9
A_PA	1164	174	C	0	0	174	36.6
A_PA	1165	168	G	0	0	168	35.9
A_PA	1166	170	A	0	0	170	37.9
A_PA	1167	130	T	0	0	130	37.2
A_PA	1168	134	C	0	0	134	37.9
A_PA	1169	155	T	0	0	155	36.0
A_PA	1170	174	A	0	0	174	35.2
A_PA	1171	143	A	0	0	143	38.0
A_PA	1172	150	G	0	0	150	36.4
A_PA	1173	142	A	0	0	142	37.4
A_PA	1174	149	C	0	0	149	35.3
A_PA	1175	147	A	0	0	147	35.1
A_PA	1176	145	G	0	0	145	36.5
A_PA	1177	147	T	0	0	147	36.4
A_PA	1178	154	A	0	0	154	37.2
A_PA	1179	161	C	0	0	161	37.6
A_PA	1180	158	G	0	0	158	37.3
A_PA	1181	165	A	0	0	165	34.2
A_PA	1182	149	C	0	0	149	37.5
A_PA	1183	151	A	0	0	151	35.2
A_PA	1184	149	G	0	0	149	34.3
A_PA	1185	146	T	0	0	146	37.0
A_PA	1186	158	G	0	0	158	37.3
A_PA	1187	156	A	0	0	156	34.4
A_PA	1188	166	C	0	0	166	36.7
A_PA	1189	156	G	0	0	156	37.0
A_PA	1190	161	A	0	0	161	36.3
A_PA	1191	170	A	0	0	170	36.9
A_PA	1192	169	C	0	0	169	37.6
A_PA	1193	157	C	0	0	157	37.9
A_PA	1194	158	A	0	0	158	34.0
A_PA	1195	167	G	0	0	167	35.5
A_PA	1196	156	A	0	0	156	34.7
A_PA	1197	163	G	0	0	163	37.8
A_PA	1198	163	T	0	0	163	35.9
A_PA	1199	154	C	0	0	154	37.0
A_PA	1200	160	T	0	0	160	37.7
A_PA	1201	146	A	0	0	146	37.7
A_PA	1202	166	G	0	0	166	38.0
A_PA	1203	163	A	0	0	163	36.8
A_PA	1204	167	T	0	0	167	36.1
A_PA	1205	155	C	0	0	155	34.7
A_PA	1206	176	A	0	0	176	34.5
A_PA	1207	166	C	0	0	166	37.7
A_PA	1208	188	T	0	0	188	36.7
A_PA	1209	166	A	0	0	166	35.3
A_PA	1210	168	G	0	0	168	36.6
A_PA	1211	183	C	0	0	183	36.6
A_PA	1212	179	A	0	0	179	34.6
A_PA	1213	163	A	0	0	163	34.8
A_PA	1214	170	G	0	0	170	37.7
A_PA	1215	172	C	0	0	172	36.8
A_PA	1216	177	T	0	0	177	34.1
A_PA	1217	162	G	0	0	162	36.5
A_PA	1218	175	G	0	0	175	34.4
A_PA	1219	176	A	0	0	176	36.6
A_PA	1220	166	T	0	0	166	35.6
A_PA	1221	183	T	0	0	183	37.4
A_PA	1222	164	C	0	0	164	37.4
A_PA	1223	194	A	0	0	194	36.2
A_PA	1224	180	G	0	0	180	34.7
A_PA	1225	172	A	0	0	172	36.0
A_PA	1226	189	G	0	0	189	36.6
A_PA	1227	168	T	0	0	168	35.7
A_PA	1228	166	G	0	0	166	37.8
A_PA	1229	197	A	0	0	197	34.1
A_PA	1230	175	A	0	0	175	34.3
A_PA	1231	172	T	0	0	172	36.0
A_PA	1232	196	T	0	0	196	35.8
A_PA	1233	181	C	0	0	181	37.9
A_PA	1234	185	A	0	0	185	35.4
A_PA	1235	168	A	0	0	168	35.2
A_PA	1236	199	C	0	0	199	37.4
A_PA	1237	154	A	0	0	154	35.1
A_PA	1238	191	A	0	0	191	36.9
A_PA	1239	186	G	0	0	186	37.7
A_PA	1240	186	G	0	0	186	35.2
A_PA	1241	182	C	0	0	182	37.8
A_PA	1242	172	A	0	0	172	36.9
A_PA	1243	175	T	0	0	175	36.4
A_PA	1244	184	G	0	0	184	37.7
A_PA	1245	176	C	0	0	176	34.1
A_PA	1246	176	G	0	0	176	36.2
A_PA	1247	180	A	0	0	180	36.1
A_PA	1248	173	A	0	0	173	35.7
A_PA	1249	182	C	0	0	182	35.9
A_PA	1250	165	T	0	0	165	37.0
A_PA	1251	171	G	0	0	171	34.1
A_PA	1252	187	A	0	0	187	36.5
A_PA	1253	194	C	0	0	194	35.4
A_PA	1254	197	A	0	0	197	34.9
A_PA	1255	174	G	0	0	174	35.5
A_PA	1256	181	A	0	0	181	38.0
A_PA	1257	177	T	0	0	177	36.6
A_PA	1258	183	T	0	0	183	34.5
A_PA	1259	175	C	0	0	175	35.0
A_PA	1260	178	G	0	0	178	37.4
A_PA	1261	179	A	0	0	179	34.4
A_PA	1262	160	G	0	0	160	34.1
A_PA	1263	170	T	0	0	170	34.8
A_PA	1264	182	T	0	0	182	34.9
A_PA	1265	186	G	0	0	186	37.2
A_PA	1266	153	G	0	0	153	35.8
A_PA	1267	172	A	0	0	172	37.1
A_PA	1268	175	T	0	0	175	34.2
A_PA	1269	181	T	0	0	181	34.5
A_PA	1270	176	G	0	0	176	36.8
A_PA	1271	175	A	0	0	175	34.4
A_PA	1272	172	A	0	0	172	34.4
A_PA	1273	188	C	0	0	188	37.2
A_PA	1274	172	T	0	0	172	38.0
A_PA	1275	188	T	0	0	188	34.8
A_PA	1276	160	G	0	0	160	36.5
A_PA	1277	178	A	0	0	178	37.2
A_PA	1278	188	T	0	0	188	34.0
A_PA	1279	193	G	0	0	193	37.5
A_PA	1280	174	A	0	0	174	34.2
A_PA	1281	192	G	0	0	192	35.7
A_PA	1282	179	A	0	0	179	34.6
A_PA	1283	174	T	0	0	174	35.6
A_PA	1284	184	A	0	0	184	37.7
A_PA	1285	168	G	0	0	168	35.0
A_PA	1286	170	G	0	0	170	37.5
A_PA	1287	157	G	0	0	157	34.0
A_PA	1288	166	G	0	0	166	37.2
A_PA	1289	168	A	0	0	168	36.5
A_PA	1290	159	A	0	0	159	34.4
A_PA	1291	180	G	0	0	180	34.2
A_PA	1292	193	A	0	0	193	36.6
A_PA	1293	165	C	0	0	165	34.0
A_PA	1294	178	G	0	0	178	35.4
A_PA	1295	165	T	0	0	165	34.1
A_PA	1296	179	T	0	0	179	35.1
A_PA	1297	164	G	0	0	164	34.8
A_PA	1298	179	C	0	0	179	37.0
A_PA	1299	162	T	0	0	162	35.6
A_PA	1300	175	C	0	0	175	35.8
A_PA	1301	173	C	0	0	173	35.9
A_PA	1302	162	A	0	0	162	36.6
A_PA	1303	157	A	0	0	157	34.3
A_PA	1304	182	T	0	0	182	36.2
A_PA	1305	200	C	0	0	200	37.5
A_PA	1306	160	G	0	0	160	35.9
A_PA	1307	152	A	0	0	152	37.8
A_PA	1308	154	A	0	0	154	36.5
A_PA	1309	163	C	0	0	163	35.3
A_PA	1310	140	A	0	0	140	34.6
A_PA	1311	167	C	0	0	167	36.1
A_PA	1312	156	A	0	0	156	35.9
A_PA	1313	181	T	0	0	181	36.3
A_PA	1314	158	T	0	0	158	35.7
A_PA	1315	151	G	0	0	151	34.1
A_PA	1316	174	C	0	0	174	34.4
A_PA	1317	164	G	0	0	164	37.9
A_PA	1318	147	A	0	0	147	37.6
A_PA	1319	154	G	0	0	154	34.9
A_PA	1320	153	T	0	0	153	37.5
A_PA	1321	168	G	0	0	168	35.9
A_PA	1322	166	T	0	0	166	35.7
A_PA	1323	145	G	0	0	145	37.8
A_PA	1324	150	A	0	0	150	37.6
A_PA	1325	160	G	0	0	160	35.5
A_PA	1326	153	G	0	0	153	37.1
A_PA	1327	162	A	0	0	162	35.0
A_PA	1328	156	G	0	0	156	34.5
A_PA	1329	157	G	0	0	157	37.3
A_PA	1330	148	A	0	0	148	35.4
A_PA	1331	167	A	0	0	167	36.6
A_PA	1332	145	C	0	0	145	36.9
A_PA	1333	163	T	0	0	163	37.6
A_PA	1334	145	A	0	0	145	37.5
A_PA	1335	141	T	0	0	141	35.4
A_PA	1336	169	T	0	0	169	36.3
A_PA	1337	136	T	0	0	136	36.8
A_PA	1338	148	C	0	0	148	35.2
A_PA	1339	150	A	0	0	150	34.8
A_PA	1340	147	C	0	0	147	37.1
A_PA	1341	149	A	0	0	149	34.9
A_PA	1342	159	G	0	0	159	36.8
A_PA	1343	151	C	0	0	151	36.2
A_PA	1344	135	G	0	0	135	35.0
A_PA	1345	144	G	0	0	144	36.5
A_PA	1346	154	A	0	0	154	37.3
A_PA	1347	149	G	0	0	149	36.4
A_PA	1348	144	G	0	0	144	37.0
A_PA	1349	129	T	0	0	129	37.7
A_PA	1350	154	A	0	0	154	35.5
A_PA	1351	172	T	0	0	172	35.8
A_PA	1352	145	C	0	0	145	34.1
A_PA	1353	129	C	0	0	129	36.8
A_PA	1354	139	C	0	0	139	36.4
A_PA	1355	139	A	0	0	139	34.0
A_PA	1356	136	T	0	0	136	35.0
A_PA	1357	138	T	0	0	138	34.3
A_PA	1358	144	G	0	0	144	35.6
A_PA	1359	163	C	0	0	163	36.9
A_PA	1360	128	A	0	0	128	37.7
A_PA	1361	136	G	0	0	136	36.3
A_PA	1362	138	G	0	0	138	36.6
A_PA	1363	129	G	0	0	129	34.2
A_PA	1364	123	C	0	0	123	35.0
A_PA	1365	135	C	0	0	135	37.8
A_PA	1366	138	A	0	0	138	37.4
A_PA	1367	141	C	0	0	141	35.5
A_PA	1368	132	T	0	0	132	36.5
A_PA	1369	138	G	0	0	138	36.9
A_PA	1370	120	A	0	0	120	36.2
A_PA	1371	125	A	0	0	125	36.4
A_PA	1372	139	T	0	0	139	36.4
A_PA	1373	129	A	0	0	129	36.7
A_PA	1374	129	C	0	0	129	34.3
A_PA	1375	141	A	0	0	141	37.7
A_PA	1376	122	T	0	0	122	35.1
A_PA	1377	119	A	0	0	119	36.5
A_PA	1378	133	A	0	0	133	34.7
A_PA	1379	120	T	0	0	120	34.2
A_PA	1380	117	G	0	0	117	34.0
A_PA	1381	141	A	0	0	141	36.9
A_PA	1382	139	A	0	0	139	36.7
A_PA	1383	136	G	0	0	136	37.7
A_PA	1384	119	G	0	0	119	37.1
A_PA	1385	117	G	0	0	117	36.1
A_PA	1386	132	A	0	0	132	37.5
A_PA	1387	125	G	0	0	125	34.7
A_PA	1388	124	T	0	0	124	36.9
A_PA	1389	122	A	0	0	122	36.0
A_PA	1390	121	T	0	0	121	34.1
A_PA	1391	117	A	0	0	117	35.9
A_PA	1392	127	C	0	0	127	36.8
A_PA	1393	125	A	0	0	125	37.0
A_PA	1394	123	T	0	0	123	37.8
A_PA	1395	119	A	0	0	119	37.1
A_PA	1396	117	A	0	0	117	36.8
A_PA	1397	113	A	0	0	113	35.5
A_PA	1398	135	C	0	0	135	35.7
A_PA	1399	108	A	0	0	108	36.4
A_PA	1400	124	C	0	0	124	34.9
A_PA	1401	119	A	0	0	119	37.8
A_PA	1402	103	G	0	0	103	35.3
A_PA	1403	111	C	0	0	111	37.5
A_PA	1404	128	C	0	0	128	36.9
A_PA	1405	114	C	0	0	114	34.3
A_PA	1406	125	T	0	0	125	35.1
A_PA	1407	114	A	0	0	114	36.1
A_PA	1408	115	T	0	0	115	35.7
A_PA	1409	117	T	0	0	117	35.2
A_PA	1410	112	G	0	0	112	36.4
A_PA	1411	120	A	0	0	120	35.3
A_PA	1412	120	A	0	0	120	35.3
A_PA	1413	115	T	0	0	115	36.5
A_PA	1414	114	G	0	0	114	34.8
A_PA	1415	111	C	0	0	111	35.1
A_PA	1416	102	A	0	0	102	37.3
A_PA	1417	122	T	0	0	122	36.8
A_PA	1418	118	C	0	0	118	37.1
A_PA	1419	125	C	0	0	125	34.9
A_PA	1420	103	T	0	0	103	34.6
A_PA	1421	105	G	0	0	105	35.9
A_PA	1422	112	T	0	0	112	35.5
A_PA	1423	109	G	0	0	109	34.6
A_PA	1424	114	C	0	0	114	38.0
A_PA	1425	110	A	0	0	110	35.3
A_PA	1426	107	G	0	0	107	37.1
A_PA	1427	121	C	0	0	121	34.8
A_PA	1428	107	C	0	0	107	35.5
A_PA	1429	112	A	0	0	112	34.2
A_PA	1430	111	T	0	0	111	34.2
A_PA	1431	123	G	0	0	123	36.8
A_PA	1432	111	G	0	0	111	37.2
A_PA	1433	115	A	0	0	115	34.1
A_PA	1434	97	T	0	0	97	34.2
A_PA	1435	101	G	0	0	101	34.6
A_PA	1436	113	A	0	0	113	37.5
A_PA	1437	112	C	0	0	112	36.6
A_PA	1438	105	T	0	0	105	34.6
A_PA	1439	111	T	0	0	111	37.3
A_PA	1440	121	C	0	0	121	34.2
A_PA	1441	131	C	0	0	131	37.9
A_PA	1442	111	A	0	0	111	37.6
A_PA	1443	117	A	0	0	117	38.0
A_PA	1444	104	T	0	0	104	35.1
A_PA	1445	114	T	0	0	114	34.1
A_PA	1446	103	G	0	0	103	34.2
A_PA	1447	103	A	0	0	103	37.1
A_PA	1448	123	T	0	0	123	36.0
A_PA	1449	114	T	0	0	114	34.7
A_PA	1450	97	C	0	0	97	35.6
A_PA	1451	102	C	0	0	102	36.7
A_PA	1452	108	A	0	0	108	35.0
A_PA	1453	108	A	0	0	108	35.4
A_PA	1454	116	T	0	0	116	35.3
A_PA	1455	112	G	0	0	112	36.2
A_PA	1456	103	A	0	0	103	37.1
A_PA	1457	108	T	0	0	108	35.7
A_PA	1458	117	A	0	0	117	35.9
A_PA	1459	104	A	0	0	104	34.8
A_PA	1460	109	G	0	0	109	36.4
A_PA	1461	109	T	0	0	109	34.9
A_PA	1462	110	A	0	0	110	34.2
A_PA	1463	114	A	0	0	114	34.4
A_PA	1464	115	G	0	0	115	35.1
A_PA	1465	108	T	0	0	108	35.9
A_PA	1466	128	G	0	0	128	35.8
A_PA	1467	101	C	0	0	101	37.1
A_PA	1468	120	A	0	0	120	37.1
A_PA	1469	100	G	0	0	100	37.4
A_PA	1470	114	A	0	0	114	36.1
A_PA	1471	113	A	0	0	113	35.1
A_PA	1472	104	C	0	0	104	34.0
A_PA	1473	110	T	0	0	110	35.8
A_PA	1474	121	A	0	0	121	37.2
A_PA	1475	110	A	0	0	110	34.7
A_PA	1476	111	A	0	0	111	36.4
A_PA	1477	105	G	0	0	105	36.4
A_PA	1478	110	A	0	0	110	34.1
A_PA	1479	106	A	0	0	106	35.0
A_PA	1480	109	G	0	0	109	36.1
A_PA	1481	115	G	0	0	115	36.6
A_PA	1482	109	A	0	0	109	34.1
A_PA	1483	110	A	0	0	110	37.1
A_PA	1484	105	G	0	0	105	34.1
A_PA	1485	117	A	0	0	117	35.6
A_PA	1486	111	C	0	0	111	37.4
A_PA	1487	105	G	0	0	105	34.3
A_PA	1488	119	G	0	0	119	34.0
A_PA	1489	119	A	0	0	119	36.7
A_PA	1490	110	A	0	0	110	34.4
A_PA	1491	103	G	0	0	103	34.6
A_PA	1492	119	A	0	0	119	34.7
A_PA	1493	114	C	0	0	114	36.5
A_PA	1494	101	A	0	0	101	37.3
A_PA	1495	120	A	0	0	120	36.5
A_PA	1496	115	A	0	0	115	35.2
A_PA	1497	118	T	0	0	118	34.4
A_PA	1498	110	C	0	0	110	35.8
A_PA	1499	119	T	0	0	119	35.4
A_PA	1500	110	G	0	0	110	37.1
A_PA	1501	115	T	0	0	115	37.0
A_PA	1502	112	A	0	0	112	34.8
A_PA	1503	122	T	0	0	122	37.2
A_PA	1504	107	G	0	0	107	35.9
A_PA	1505	125	G	0	0	125	34.2
A_PA	1506	124	A	0	0	124	37.6
A_PA	1507	111	T	0	0	111	36.5
A_PA	1508	121	T	0	0	121	36.3
A_PA	1509	119	C	0	0	119	37.1
A_PA	1510	125	A	0	0	125	35.7
A_PA	1511	127	T	0	0	127	34.2
A_PA	1512	128	T	0	0	128	37.1
A_PA	1513	121	A	0	0	121	34.2
A_PA	1514	109	T	0	0	109	35.6
A_PA	1515	127	A	0	0	127	35.1
A_PA	1516	123	A	0	0	123	36.7
A_PA	1517	114	A	0	0	114	37.0
A_PA	1518	121	A	0	0	121	35.1
A_PA	1519	119	G	0	0	119	36.7
A_PA	1520	127	G	0	0	127	34.0
A_PA	1521	122	A	0	0	122	34.2
A_PA	1522	100	A	0	0	100	36.2
A_PA	1523	121	G	0	0	121	35.0
A_PA	1524	127	A	0	0	127	37.6
A_PA	1525	127	T	0	0	127	36.8
A_PA	1526	126	C	0	0	126	37.7
A_PA	1527	128	C	0	0	128	35.8
A_PA	1528	118	C	0	0	118	35.9
A_PA	1529	115	A	0	0	115	36.0
A_PA	1530	127	T	0	0	127	34.1
A_PA	1531	113	T	0	0	113	35.5
A_PA	1532	117	T	0	0	117	35.1
A_PA	1533	114	G	0	0	114	35.2
A_PA	1534	124	A	0	0	124	36.8
A_PA	1535	124	G	0	0	124	37.9
A_PA	1536	111	G	0	0	111	36.2
A_PA	1537	124	A	0	0	124	36.3
A_PA	1538	120	A	0	0	120	37.7
A_PA	1539	133	T	0	0	133	37.5
A_PA	1540	118	G	0	0	118	35.7
A_PA	1541	119	A	0	0	119	35.1
A_PA	1542	121	C	0	0	121	36.9
A_PA	1543	120	A	0	0	120	36.8
A_PA	1544	120	C	0	0	120	37.7
A_PA	1545	120	C	0	0	120	37.5
A_PA	1546	119	G	0	0	119	36.1
A_PA	1547	116	A	0	0	116	35.0
A_PA	1548	125	T	0	0	125	36.9
A_PA	1549	130	G	0	0	130	36.3
A_PA	1550	137	T	0	0	137	34.4
A_PA	1551	137	G	0	0	137	34.8
A_PA	1552	125	G	0	0	125	35.4
A_PA	1553	135	T	0	0	135	36.4
A_PA	1554	118	A	0	0	118	36.3
A_PA	1555	130	A	0	0	130	37.3
A_PA	1556	126	A	0	0	126	37.0
A_PA	1557	130	C	0	0	130	37.8
A_PA	1558	113	T	0	0	113	36.2
A_PA	1559	130	T	0	0	130	37.8
A_PA	1560	126	T	0	0	126	37.1
A_PA	1561	117	G	0	0	117	35.9
A_PA	1562	113	T	0	0	113	36.2
A_PA	1563	134	G	0	0	134	37.0
A_PA	1564	138	A	0	0	138	36.0
A_PA	1565	117	G	0	0	117	35.2
A_PA	1566	129	C	0	0	129	35.9
A_PA	1567	130	A	0	0	130	36.2
A_PA	1568	132	T	0	0	132	35.0
A_PA	1569	128	G	0	0	128	36.7
A_PA	1570	136	G	0	0	136	37.0
A_PA	1571	133	A	0	0	133	37.1
A_PA	1572	116	A	0	0	116	34.9
A_PA	1573	119	T	0	0	119	36.0
A_PA	1574	123	T	0	0	123	35.4
A_PA	1575	120	C	0	0	120	37.0
A_PA	1576	120	T	0	0	120	36.0
A_PA	1577	119	C	0	0	119	37.0
A_PA	1578	116	T	0	0	116	36.0
A_PA	1579	124	C	0	0	124	35.7
A_PA	1580	118	T	0	0	118	35.2
A_PA	1581	130	A	0	0	130	35.6
A_PA	1582	117	A	0	0	117	37.5
A_PA	1583	131	C	0	0	131	35.4
A_PA	1584	124	T	0	0	124	36.4
A_PA	1585	121	G	0	0	121	36.8
A_PA	1586	121	A	0	0	121	36.2
A_PA	1587	115	C	0	0	115	34.8
A_PA	1588	124	C	0	0	124	35.9
A_PA	1589	117	C	0	0	117	35.3
A_PA	1590	124	G	0	0	124	35.8
A_PA	1591	116	A	0	0	116	36.0
A_PA	1592	114	G	0	0	114	37.0
A_PA	1593	105	G	0	0	105	34.5
A_PA	1594	122	C	0	0	122	37.3
A_PA	1595	116	T	0	0	116	36.8
A_PA	1596	124	A	0	0	124	37.1
A_PA	1597	111	G	0	0	111	35.4
A_PA	1598	119	A	0	0	119	37.2
A_PA	1599	113	G	0	0	113	37.6
A_PA	1600	120	C	0	0	120	37.2
A_PA	1601	108	C	0	0	108	34.8
A_PA	1602	117	A	0	0	117	36.8
A_PA	1603	114	C	0	0	114	35.1
A_PA	1604	123	A	0	0	123	35.6
A_PA	1605	121	C	0	0	121	37.1
A_PA	1606	114	A	0	0	114	35.3
A_PA	1607	126	A	0	0	126	35.6
A_PA	1608	116	A	0	0	116	37.9
A_PA	1609	118	T	0	0	118	34.9
A_PA	1610	119	G	0	0	119	34.1
A_PA	1611	117	G	0	0	117	34.8
A_PA	1612	105	G	0	0	105	34.6
A_PA	1613	102	A	0	0	102	35.0
A_PA	1614	103	A	0	0	103	35.5
A_PA	1615	112	A	0	0	112	37.8
A_PA	1616	113	A	0	0	113	35.8
A_PA	1617	109	G	0	0	109	37.7
A_PA	1618	107	T	0	0	107	35.0
A_PA	1619	121	A	0	0	121	34.0
A_PA	1620	107	C	0	0	107	36.4
A_PA	1621	118	T	0	0	118	34.0
A_PA	1622	112	G	0	0	112	37.2
A_PA	1623	99	T	0	0	99	34.1
A_PA	1624	116	G	0	0	116	34.8
A_PA	1625	110	T	0	0	110	37.2
A_PA	1626	111	T	0	0	111	37.2
A_PA	1627	109	C	0	0	109	36.5
A_PA	1628	92	T	0	0	92	36.8
A_PA	1629	100	T	0	0	100	36.9
A_PA	1630	115	G	0	0	115	36.0
A_PA	1631	95	A	0	0	95	35.5
A_PA	1632	107	G	0	0	107	37.2
A_PA	1633	95	A	0	0	95	37.3
A_PA	1634	109	T	0	0	109	36.9
A_PA	1635	116	A	0	0	116	37.7
A_PA	1636	104	G	0	0	104	36.5
A_PA	1637	97	G	0	0	97	38.0
A_PA	1638	105	A	0	0	105	37.4
A_PA	1639	100	G	0	0	100	37.0
A_PA	1640	109	A	0	0	109	36.8
A_PA	1641	97	C	0	0	97	37.9
A_PA	1642	114	A	0	0	114	37.4
A_PA	1643	111	T	0	0	111	35.5
A_PA	1644	106	G	0	0	106	37.4
A_PA	1645	106	C	0	0	106	37.9
A_PA	1646	112	T	0	0	112	37.5
A_PA	1647	104	C	0	0	104	37.4
A_PA	1648	104	C	0	0	104	35.3
A_PA	1649	106	T	0	0	106	36.7
A_PA	1650	95	A	0	0	95	36.8
A_PA	1651	107	C	0	0	107	37.6
A_PA	1652	104	G	0	0	104	37.7
A_PA	1653	103	G	0	0	103	34.8
A_PA	1654	109	A	0	0	109	36.7
A_PA	1655	99	C	0	0	99	35.4
A_PA	1656	105	T	0	0	105	37.2
A_PA	1657	98	G	0	0	98	34.1
A_PA	1658	98	C	0	0	98	37.6
A_PA	1659	100	A	0	0	100	36.2
A_PA	1660	97	A	0	0	97	34.8
A_PA	1661	95	T	0	0	95	37.3
A_PA	1662	108	A	0	0	108	36.8
A_PA	1663	110	G	0	0	110	37.7
A_PA	1664	96	G	0	0	96	34.5
A_PA	1665	106	C	0	0	106	36.8
A_PA	1666	101	C	0	0	101	37.2
A_PA	1667	100	A	0	0	100	36.2
A_PA	1668	92	A	0	0	92	36.7
A_PA	1669	98	G	0	0	98	34.2
A_PA	1670	112	T	0	0	112	34.2
A_PA	1671	96	G	0	0	96	35.3
A_PA	1672	97	T	0	0	97	37.1
A_PA	1673	101	C	0	0	101	35.2
A_PA	1674	91	G	0	0	91	36.8
A_PA	1675	92	A	0	0	92	35.2
A_PA	1676	94	G	0	0	94	34.3
A_PA	1677	92	G	0	0	92	34.5
A_PA	1678	105	C	0	0	105	34.1
A_PA	1679	96	C	0	0	96	35.6
A_PA	1680	112	C	0	0	112	38.0
A_PA	1681	103	A	0	0	103	37.8
A_PA	1682	99	T	0	0	99	34.2
A_PA	1683	96	G	0	0	96	34.3
A_PA	1684	93	T	0	0	93	36.0
A_PA	1685	95	T	0	0	95	37.7
A_PA	1686	90	C	0	0	90	36.4
A_PA	1687	89	C	0	0	89	37.3
A_PA	1688	98	T	0	0	98	34.8
A_PA	1689	105	G	0	0	105	37.5
A_PA	1690	98	T	0	0	98	34.8
A_PA	1691	98	A	0	0	98	34.1
A_PA	1692	98	T	0	0	98	35.9
A_PA	1693	93	G	0	0	93	35.4
A_PA	1694	104	T	0	0	104	36.6
A_PA	1695	102	G	0	0	102	37.0
A_PA	1696	94	A	0	0	94	34.9
A_PA	1697	102	G	0	0	102	36.5
A_PA	1698	96	A	0	0	96	37.7
A_PA	1699	94	A	0	0	94	36.2
A_PA	1700	78	C	0	0	78	35.2
A_PA	1701	103	C	0	0	103	36.4
A_PA	1702	104	A	0	0	104	36.4
A_PA	1703	94	A	0	0	94	34.4
A_PA	1704	90	T	0	0	90	35.7
A_PA	1705	88	G	0	0	88	35.7
A_PA	1706	98	G	0	0	98	34.7
A_PA	1707	95	G	0	0	95	36.0
A_PA	1708	111	A	0	0	111	36.0
A_PA	1709	99	C	0	0	99	37.7
A_PA	1710	99	T	0	0	99	34.7
A_PA	1711	87	T	0	0	87	37.0
A_PA	1712	89	C	0	0	89	35.7
A_PA	1713	101	C	0	0	101	35.2
A_PA	1714	94	A	0	0	94	37.3
A_PA	1715	104	A	0	0	104	37.1
A_PA	1716	93	G	0	0	93	35.3
A_PA	1717	100	A	0	0	100	35.1
A_PA	1718	93	T	0	0	93	35.9
A_PA	1719	105	C	0	0	105	34.9
A_PA	1720	102	A	0	0	102	34.5
A_PA	1721	94	A	0	0	94	37.5
A_PA	1722	90	A	0	0	90	34.1
A_PA	1723	98	A	0	0	98	34.5
A_PA	1724	92	T	0	0	92	36.9
A_PA	1725	102	G	0	0	102	34.1
A_PA	1726	103	A	0	0	103	34.6
A_PA	1727	103	A	0	0	103	36.2
A_PA	1728	104	A	0	0	104	36.6
A_PA	1729	103	T	0	0	103	36.1
A_PA	1730	107	G	0	0	107	36.0
A_PA	1731	111	G	0	0	111	36.0
A_PA	1732	97	G	0	0	97	37.2
A_PA	1733	106	G	0	0	106	34.2
A_PA	1734	100	C	0	0	100	34.5
A_PA	1735	100	A	0	0	100	34.8
A_PA	1736	100	T	0	0	100	37.5
A_PA	1737	103	G	0	0	103	35.2
A_PA	1738	113	G	0	0	113	37.3
A_PA	1739	103	A	0	0	103	35.0
A_PA	1740	98	G	0	0	98	35.0
A_PA	1741	105	A	0	0	105	35.1
A_PA	1742	102	T	0	0	102	34.3
A_PA	1743	106	G	0	0	106	37.6
A_PA	1744	104	A	0	0	104	36.9
A_PA	1745	103	G	0	0	103	35.9
A_PA	1746	118	G	0	0	118	35.1
A_PA	1747	100	C	0	0	100	37.3
A_PA	1748	103	G	0	0	103	36.1
A_PA	1749	116	A	0	0	116	34.9
A_PA	1750	101	T	0	0	101	37.4
A_PA	1751	108	G	0	0	108	35.3
A_PA	1752	118	C	0	0	118	35.5
A_PA	1753	97	C	0	0	97	34.9
A_PA	1754	111	T	0	0	111	36.7
A_PA	1755	119	T	0	0	119	35.5
A_PA	1756	106	C	0	0	106	35.5
A_PA	1757	110	T	0	0	110	35.0
A_PA	1758	102	T	0	0	102	38.0
A_PA	1759	105	C	0	0	105	35.4
A_PA	1760	99	A	0	0	99	34.8
A_PA	1761	121	G	0	0	121	35.8
A_PA	1762	109	T	0	0	109	36.2
A_PA	1763	108	C	0	0	108	37.6
A_PA	1764	103	C	0	0	103	36.3
A_PA	1765	117	C	0	0	117	34.7
A_PA	1766	129	T	0	0	129	37.6
A_PA	1767	110	T	0	0	110	34.9
A_PA	1768	123	C	0	0	123	36.1
A_PA	1769	131	A	0	0	131	34.2
A_PA	1770	120	A	0	0	120	37.1
A_PA	1771	118	C	0	0	118	34.9
A_PA	1772	127	A	0	0	127	37.1
A_PA	1773	107	A	0	0	107	36.1
A_PA	1774	128	A	0	0	128	34.5
A_PA	1775	111	T	0	0	111	37.8
A_PA	1776	130	T	0	0	130	37.3
A_PA	1777	128	G	0	0	128	35.4
A_PA	1778	127	A	0	0	127	35.7
A_PA	1779	120	G	0	0	120	35.0
A_PA	1780	132	A	0	0	132	35.8
A_PA	1781	116	G	0	0	116	37.3
A_PA	1782	130	C	0	0	130	36.8
A_PA	1783	129	A	0	0	129	35.0
A_PA	1784	118	T	0	0	118	35.5
A_PA	1785	130	G	0	0	130	34.4
A_PA	1786	123	A	0	0	123	37.4
A_PA	1787	148	T	0	0	148	34.6
A_PA	1788	137	T	0	0	137	35.5
A_PA	1789	108	G	0	0	108	37.3
A_PA	1790	118	A	0	0	118	35.0
A_PA	1791	132	G	0	0	132	37.2
A_PA	1792	129	G	0	0	129	36.2
A_PA	1793	133	C	0	0	133	34.9
A_PA	1794	140	C	0	0	140	35.5
A_PA	1795	133	G	0	0	133	35.0
A_PA	1796	140	A	0	0	140	37.5
A_PA	1797	136	A	0	0	136	34.4
A_PA	1798	135	T	0	0	135	37.8
A_PA	1799	151	C	0	0	151	35.3
A_PA	1800	153	T	0	0	153	36.7
A_PA	1801	140	T	0	0	140	35.5
A_PA	1802	123	C	0	0	123	36.6
A_PA	1803	127	T	0	0	127	37.6
A_PA	1804	124	G	0	0	124	36.5
A_PA	1805	132	T	0	0	132	34.8
A_PA	1806	140	C	0	0	140	37.9
A_PA	1807	140	A	0	0	140	35.8
A_PA	1808	125	A	0	0	125	35.2
A_PA	1809	145	A	0	0	145	36.1
A_PA	1810	136	G	0	0	136	35.1
A_PA	1811	135	A	0	0	135	36.2
A_PA	1812	131	G	0	0	131	34.5
A_PA	1813	169	A	0	0	169	34.9
A_PA	1814	152	A	0	0	152	37.0
A_PA	1815	130	G	0	0	130	38.0
A_PA	1816	151	G	0	0	151	37.3
A_PA	1817	127	A	0	0	127	36.2
A_PA	1818	150	C	0	0	150	36.7
A_PA	1819	160	A	0	0	160	34.6
A_PA	1820	130	T	0	0	130	34.4
A_PA	1821	138	G	0	0	138	35.2
A_PA	1822	176	T	0	0	176	36.9
A_PA	1823	151	C	0	0	151	34.8
A_PA	1824	152	C	0	0	152	34.3
A_PA	1825	158	A	0	0	158	34.9
A_PA	1826	161	A	0	0	161	36.4
A_PA	1827	140	G	0	0	140	36.9
A_PA	1828	136	G	0	0	136	36.8
A_PA	1829	148	A	0	0	148	34.5
A_PA	1830	161	A	0	0	161	37.5
A_PA	1831	160	T	0	0	160	36.9
A_PA	1832	160	T	0	0	160	34.2
A_PA	1833	159	C	0	0	159	36.7
A_PA	1834	138	T	0	0	138	34.3
A_PA	1835	145	T	0	0	145	37.0
A_PA	1836	152	T	0	0	152	35.6
A_PA	1837	165	G	0	0	165	35.4
A_PA	1838	169	A	0	0	169	35.4
A_PA	1839	180	A	0	0	180	34.2
A_PA	1840	147	A	0	0	147	34.9
A_PA	1841	152	A	0	0	152	36.8
A_PA	1842	157	C	0	0	157	36.7
A_PA	1843	156	A	0	0	156	34.7
A_PA	1844	170	A	0	0	170	34.2
A_PA	1845	158	A	0	0	158	35.7
A_PA	1846	162	T	0	0	162	34.4
A_PA	1847	168	C	0	0	168	34.2
A_PA	1848	168	A	0	0	168	35.5
A_PA	1849	183	G	0	0	183	35.4
A_PA	1850	171	A	0	0	171	36.4
A_PA	1851	167	A	0	0	167	36.0
A_PA	1852	145	A	0	0	145	38.0
A_PA	1853	182	C	0	0	182	34.3
A_PA	1854	191	A	0	0	191	35.9
A_PA	1855	168	T	0	0	168	34.8
A_PA	1856	162	G	0	0	162	35.7
A_PA	1857	191	G	0	0	191	36.8
A_PA	1858	170	C	0	0	170	35.4
A_PA	1859	176	C	0	0	176	35.5
A_PA	1860	159	A	0	0	159	34.3
A_PA	1861	162	A	0	0	162	34.1
A_PA	1862	167	T	0	0	167	35.4
A_PA	1863	188	T	0	0	188	34.0
A_PA	1864	167	G	0	0	167	34.1
A_PA	1865	164	G	0	0	164	37.3
A_PA	1866	175	A	0	0	175	37.3
A_PA	1867	185	G	0	0	185	37.8
A_PA	1868	162	A	0	0	162	35.5
A_PA	1869	177	A	0	0	177	35.8
A_PA	1870	178	T	0	0	178	34.1
A_PA	1871	169	C	0	0	169	36.6
A_PA	1872	165	A	0	0	165	34.2
A_PA	1873	179	C	0	0	179	36.1
A_PA	1874	156	C	0	0	156	35.3
A_PA	1875	175	C	0	0	175	37.6
A_PA	1876	155	A	0	0	155	36.7
A_PA	1877	177	A	0	0	177	34.6
A_PA	1878	174	A	0	0	174	37.6
A_PA	1879	167	G	0	0	167	35.7
A_PA	1880	167	G	0	0	167	35.8
A_PA	1881	173	G	0	0	173	34.1
A_PA	1882	181	G	0	0	181	34.2
A_PA	1883	175	T	0	0	175	37.7
A_PA	1884	171	G	0	0	171	34.1
A_PA	1885	179	G	0	0	179	35.9
A_PA	1886	178	A	0	0	178	34.4
A_PA	1887	173	G	0	0	173	34.9
A_PA	1888	161	G	0	0	161	35.1
A_PA	1889	148	A	0	0	148	37.5
A_PA	1890	181	A	0	0	181	37.1
A_PA	1891	166	G	0	0	166	35.4
A_PA	1892	155	G	0	0	155	35.1
A_PA	1893	164	C	0	0	164	34.2
A_PA	1894	167	T	0	0	167	36.3
A_PA	1895	178	C	0	0	178	37.5
A_PA	1896	188	T	0	0	188	37.0
A_PA	1897	182	A	0	0	182	36.7
A_PA	1898	155	T	0	0	155	37.8
A_PA	1899	168	T	0	0	168	34.3
A_PA	1900	192	G	0	0	192	36.9
A_PA	1901	182	G	0	0	182	35.9
A_PA	1902	166	G	0	0	166	35.7
A_PA	1903	174	A	0	0	174	36.5
A_PA	1904	175	A	0	0	175	34.6
A_PA	1905	176	A	0	0	176	38.0
A_PA	1906	163	G	0	0	163	36.1
A_PA	1907	166	T	0	0	166	37.4
A_PA	1908	168	A	0	0	168	35.4
A_PA	1909	171	T	0	0	171	37.4
A_PA	1910	176	G	0	0	176	37.7
A_PA	1911	169	C	0	0	169	37.9
A_PA	1912	170	A	0	0	170	36.4
A_PA	1913	179	G	0	0	179	34.4
A_PA	1914	181	A	0	0	181	36.7
A_PA	1915	159	A	0	0	159	36.6
A_PA	1916	164	C	0	0	164	34.8
A_PA	1917	185	A	0	0	185	37.1
A_PA	1918	159	T	0	0	159	36.6
A_PA	1919	161	T	0	0	161	35.0
A_PA	1920	172	G	0	0	172	36.8
A_PA	1921	151	C	0	0	151	36.7
A_PA	1922	149	T	0	0	149	37.6
A_PA	1923	182	A	0	0	182	35.8
A_PA	1924	169	G	0	0	169	35.1
A_PA	1925	164	C	0	0	164	36.2
A_PA	1926	165	A	0	0	165	37.4
A_PA	1927	165	A	0	0	165	35.1
A_PA	1928	164	A	0	0	164	36.6
A_PA	1929	166	G	0	0	166	36.1
A_PA	1930	166	T	0	0	166	34.7
A_PA	1931	170	C	0	0	170	36.1
A_PA	1932	172	T	0	0	172	34.1
A_PA	1933	166	G	0	0	166	35.5
A_PA	1934	178	T	0	0	178	37.6
A_PA	1935	171	G	0	0	171	35.3
A_PA	1936	172	T	0	0	172	37.8
A_PA	1937	172	T	0	0	172	34.4
A_PA	1938	158	C	0	0	158	34.2
A_PA	1939	164	A	0	0	164	37.2
A_PA	1940	151	A	0	0	151	35.8
A_PA	1941	170	C	0	0	170	37.4
A_PA	1942	160	A	0	0	160	36.1
A_PA	1943	165	G	0	0	165	35.4
A_PA	1944	169	C	0	0	169	34.7
A_PA	1945	165	C	0	0	165	37.2
A_PA	1946	164	T	0	0	164	35.6
A_PA	1947	156	A	0	0	156	34.3
A_PA	1948	174	T	0	0	174	36.4
A_PA	1949	142	A	0	0	142	37.4
A_PA	1950	181	T	0	0	181	34.5
A_PA	1951	161	G	0	0	161	34.1
A_PA	1952	169	C	0	0	169	34.1
A_PA	1953	157	A	0	0	157	35.0
A_PA	1954	149	T	0	0	149	35.9
A_PA	1955	162	C	0	0	162	37.2
A_PA	1956	166	T	0	0	166	35.2
A_PA	1957	140	C	0	0	140	34.9
A_PA	1958	166	C	0	0	166	35.7
A_PA	1959	160	A	0	0	160	37.8
A_PA	1960	160	C	0	0	160	36.6
A_PA	1961	149	A	0	0	149	37.5
A_PA	1962	143	A	0	0	143	37.5
A_PA	1963	138	C	0	0	138	35.5
A_PA	1964	156	T	0	0	156	37.1
A_PA	1965	155	C	0	0	155	34.9
A_PA	1966	158	G	0	0	158	34.7
A_PA	1967	162	A	0	0	162	34.7
A_PA	1968	159	G	0	0	159	35.8
A_PA	1969	160	G	0	0	160	34.2
A_PA	1970	139	G	0	0	139	37.5
A_PA	1971	158	G	0	0	158	34.6
A_PA	1972	154	T	0	0	154	37.5
A_PA	1973	156	T	0	0	156	37.8
A_PA	1974	155	T	0	0	155	35.2
A_PA	1975	150	T	0	0	150	35.5
A_PA	1976	153	C	0	0	153	36.3
A_PA	1977	146	A	0	0	146	36.3
A_PA	1978	153	G	0	0	153	37.2
A_PA	1979	139	C	0	0	139	34.3
A_PA	1980	151	T	0	0	151	35.5
A_PA	1981	156	G	0	0	156	36.9
A_PA	1982	142	A	0	0	142	34.1
A_PA	1983	149	A	0	0	149	37.0
A_PA	1984	130	T	0	0	130	34.7
A_PA	1985	150	C	0	0	150	35.7
A_PA	1986	139	A	0	0	139	37.6
A_PA	1987	151	A	0	0	151	34.7
A_PA	1988	147	G	0	0	147	34.3
A_PA	1989	149	A	0	0	149	34.5
A_PA	1990	122	A	0	0	122	34.3
A_PA	1991	138	A	0	0	138	37.3
A_PA	1992	140	A	0	0	140	34.3
A_PA	1993	154	T	0	0	154	35.1
A_PA	1994	142	T	0	0	142	37.4
A_PA	1995	127	G	0	0	127	34.6
A_PA	1996	129	C	0	0	129	35.0
A_PA	1997	143	T	0	0	143	34.1
A_PA	1998	140	T	0	0	140	37.1
A_PA	1999	137	C	0	0	137	34.1
A_PA	2000	150	T	0	0	150	35.3
A_PA	2001	131	C	0	0	131	36.2
A_PA	2002	142	A	0	0	142	34.2
A_PA	2003	152	T	0	0	152	35.4
A_PA	2004	138	T	0	0	138	36.4
A_PA	2005	137	G	0	0	137	36.9
A_PA	2006	128	T	0	0	128	36.7
A_PA	2007	126	T	0	0	126	35.5
A_PA	2008	141	C	0	0	141	37.0
A_PA	2009	142	A	0	0	142	35.3
A_PA	2010	131	G	0	0	131	36.6
A_PA	2011	145	G	0	0	145	37.7
A_PA	2012	134	C	0	0	134	36.7
A_PA	2013	154	A	0	0	154	34.0
A_PA	2014	129	C	0	0	129	36.2
A_PA	2015	132	T	0	0	132	37.5
A_PA	2016	139	T	0	0	139	36.3
A_PA	2017	138	A	0	0	138	36.1
A_PA	2018	144	G	0	0	144	34.8
A_PA	2019	132	G	0	0	132	37.2
A_PA	2020	135	G	0	0	135	37.4
A_PA	2021	136	A	0	0	136	37.8
A_PA	2022	133	C	0	0	133	36.4
A_PA	2023	137	A	0	0	137	37.0
A_PA	2024	126	A	0	0	126	36.6
A_PA	2025	129	C	0	0	129	34.7
A_PA	2026	139	C	0	0	139	34.4
A_PA	2027	129	T	0	0	129	37.2
A_PA	2028	130	G	0	0	130	34.1
A_PA	2029	125	G	0	0	125	34.0
A_PA	2030	140	A	0	0	140	35.6
A_PA	2031	143	A	0	0	143	37.0
A_PA	2032	123	C	0	0	123	34.5
A_PA	2033	123	C	0	0	123	36.6
A_PA	2034	121	T	0	0	121	37.1
A_PA	2035	117	G	0	0	117	35.2
A_PA	2036	113	G	0	0	113	35.2
A_PA	2037	129	A	0	0	129	36.8
A_PA	2038	116	A	0	0	116	34.5
A_PA	2039	113	C	0	0	113	36.4
A_PA	2040	101	C	0	0	101	37.9
A_PA	2041	113	T	0	0	113	36.6
A_PA	2042	113	T	0	0	113	35.3
A_PA	2043	107	C	0	0	107	35.4
A_PA	2044	105	G	0	0	105	37.4
A_PA	2045	110	A	0	0	110	35.2
A_PA	2046	116	T	0	0	116	35.0
A_PA	2047	109	C	0	0	109	36.9
A_PA	2048	101	T	0	0	101	34.3
A_PA	2049	101	T	0	0	101	36.3
A_PA	2050	107	G	0	0	107	37.9
A_PA	2051	104	G	0	0	104	35.4
A_PA	2052	107	G	0	0	107	35.7
A_PA	2053	102	G	0	0	102	37.3
A_PA	2054	106	G	0	0	106	35.5
A_PA	2055	89	G	0	0	89	34.6
A_PA	2056	104	C	0	0	104	35.7
A_PA	2057	111	T	0	0	111	35.3
A_PA	2058	93	A	0	0	93	36.7
A_PA	2059	97	T	0	0	97	35.2
A_PA	2060	100	A	0	0	100	37.5
A_PA	2061	96	T	0	0	96	36.3
A_PA	2062	89	G	0	0	89	37.5
A_PA	2063	99	A	0	0	99	38.0
A_PA	2064	89	A	0	0	89	36.4
A_PA	2065	92	G	0	0	92	36.9
A_PA	2066	94	C	0	0	94	37.9
A_PA	2067	83	A	0	0	83	34.4
A_PA	2068	99	A	0	0	99	34.1
A_PA	2069	90	T	0	0	90	37.3
A_PA	2070	84	T	0	0	84	35.3
A_PA	2071	76	G	0	0	76	35.1
A_PA	2072	89	A	0	0	89	37.9
A_PA	2073	82	G	0	0	82	37.0
A_PA	2074	79	G	0	0	79	35.6
A_PA	2075	70	A	0	0	70	35.8
A_PA	2076	71	G	0	0	71	37.3
A_PA	2077	92	T	0	0	92	34.8
A_PA	2078	73	G	0	0	73	35.8
A_PA	2079	78	C	0	0	78	35.2
A_PA	2080	81	C	0	0	81	36.3
A_PA	2081	75	T	0	0	75	35.4
A_PA	2082	71	G	0	0	71	34.2
A_PA	2083	65	A	0	0	65	35.2
A_PA	2084	69	T	0	0	69	37.9
A_PA	2085	64	T	0	0	64	37.0
A_PA	2086	73	A	0	0	73	35.5
A_PA	2087	58	A	0	0	58	36.7
A_PA	2088	74	C	0	0	74	34.4
A_PA	2089	65	G	0	0	65	36.0
A_PA	2090	66	A	0	0	66	34.2
A_PA	2091	58	T	0	0	58	37.9
A_PA	2092	67	C	0	0	67	37.8
A_PA	2093	73	C	0	0	73	36.8
A_PA	2094	63	C	0	0	63	34.4
A_PA	2095	54	T	0	0	54	36.8
A_PA	2096	67	G	0	0	67	35.5
A_PA	2097	64	G	0	0	64	36.3
A_PA	2098	63	G	0	0	63	36.8
A_PA	2099	60	T	0	0	60	37.0
A_PA	2100	53	T	0	0	53	36.4
A_PA	2101	56	T	0	0	56	34.4
A_PA	2102	52	T	0	0	52	37.6
A_PA	2103	48	G	0	0	48	35.7
A_PA	2104	47	C	0	0	47	36.6
A_PA	2105	45	T	0	0	45	37.1
A_PA	2106	46	T	0	0	46	35.5
A_PA	2107	50	A	0	0	50	37.5
A_PA	2108	48	A	0	0	48	36.8
A_PA	2109	43	T	0	0	43	34.4
A_PA	2110	47	G	0	0	47	35.1
A_PA	2111	48	C	0	0	48	37.2
A_PA	2112	42	A	0	0	42	37.6
A_PA	2113	40	T	0	0	40	34.7
A_PA	2114	39	C	0	0	39	36.0
A_PA	2115	41	T	0	0	41	35.1
A_PA	2116	33	T	0	0	33	36.4
A_PA	2117	35	G	0	0	35	37.7
A_PA	2118	39	G	0	0	39	36.1
A_PA	2119	38	T	0	0	38	37.5
A_PA	2120	36	T	0	0	36	37.6
A_PA	2121	33	C	0	0	33	36.1
A_PA	2122	33	A	0	0	33	37.8
A_PA	2123	30	A	0	0	30	37.1
A_PA	2124	33	C	0	0	33	34.7
A_PA	2125	26	T	0	0	26	35.6
A_PA	2126	29	C	0	0	29	36.5
A_PA	2127	26	C	0	0	26	36.0
A_PA	2128	26	T	0	0	26	35.0
A_PA	2129	25	T	0	0	25	35.8
A_PA	2130	22	C	0	0	22	36.6
A_PA	2131	20	C	0	0	20	37.4
A_PA	2132	22	T	0	0	22	34.8
A_PA	2133	20	C	0	0	20	36.9
A_PA	2134	18	A	0	0	18	37.3
A_PA	2135	17	C	0	0	17	36.2
A_PA	2136	16	A	0	0	16	34.1
A_PA	2137	15	C	0	0	15	37.0
A_PA	2138	14	A	0	0	14	34.5
A_PA	2139	13	T	0	0	13	37.5
A_PA	2140	12	G	0	0	12	35.5
A_PA	2141	11	C	0	0	11	34.1
A_PA	2142	10	A	0	0	10	36.7
A_PA	2143	8	C	0	0	8	35.7
A_PA	2144	9	T	0	0	9	37.2
A_PA	2145	6	G	0	0	6	34.3
A_PA	2146	6	A	0	0	6	36.2
A_PA	2147	4	A	0	0	4	37.7
A_PA	2148	3	A	0	0	3	34.9
A_PA	2149	2	T	0	0	2	34.0
A_PA	2150	1	A	0	0	1	34.9
A_PA	2151	0	G	0	0	0	35.7
