Reference_Name	Position	Coverage Depth	Consensus	Deletions	Ambiguous	Consensus_Count	Consensus_Average_Quality
A_PB1	1	1	A	0	0	1	37.5
A_PB1	2	2	T	0	0	2	34.8
A_PB1	3	3	G	0	0	3	35.7
A_PB1	4	5	G	0	0	5	34.7
A_PB1	5	7	A	0	0	7	34.1
A_PB1	6	7	T	0	0	7	38.0
A_PB1	7	8	G	0	0	8	34.2
A_PB1	8	8	T	0	0	8	36.4
A_PB1	9	10	C	0	0	10	35.9
A_PB1	10	12	A	0	0	12	37.9
A_PB1	11	14	A	0	0	14	35.2
A_PB1	12	14	T	0	0	14	34.4
A_PB1	13	14	C	0	0	14	37.6
A_PB1	14	17	C	0	0	17	34.7
A_PB1	15	17	G	0	0	17	34.5
A_PB1	16	20	A	0	0	20	34.9
A_PB1	17	22	C	0	0	22	36.4
A_PB1	18	21	T	0	0	21	34.5
A_PB1	19	22	T	0	0	22	36.5
A_PB1	20	23	T	0	0	23	37.2
A_PB1	21	25	A	0	0	25	36.3
A_PB1	22	25	C	0	0	25	37.1
A_PB1	23	27	T	0	0	27	37.1
A_PB1	24	30	T	0	0	30	34.9
A_PB1	25	31	T	0	0	31	34.4
A_PB1	26	30	T	0	0	30	37.3
A_PB1	27	34	C	0	0	34	37.2
A_PB1	28	30	T	0	0	30	37.3
A_PB1	29	36	T	0	0	36	36.2
A_PB1	30	30	G	0	0	30	37.5
A_PB1	31	40	A	0	0	40	35.9
A_PB1	32	33	A	0	0	33	37.3
A_PB1	33	39	A	0	0	39	34.6
A_PB1	34	36	G	0	0	36	36.9
A_PB1	35	40	T	0	0	40	37.3
A_PB1	36	44	T	0	0	44	34.4
A_PB1	37	44	C	0	0	44	37.5
A_PB1	38	45	C	0	0	45	36.2
A_PB1	39	43	A	0	0	43	34.5
A_PB1	40	48	G	0	0	48	37.1
A_PB1	41	48	C	0	0	48	36.6
A_PB1	42	48	G	0	0	48	34.8
A_PB1	43	47	C	0	0	47	36.1
A_PB1	44	54	A	0	0	54	37.5
A_PB1	45	50	A	0	0	50	36.1
A_PB1	46	54	A	0	0	54	37.3
A_PB1	47	51	A	0	0	51	37.9
A_PB1	48	57	T	0	0	57	34.7
A_PB1	49	55	G	0	0	55	34.6
A_PB1	50	58	C	0	0	58	34.2
A_PB1	51	65	C	0	0	65	36.9
A_PB1	52	55	A	0	0	55	36.4
A_PB1	53	62	T	0	0	62	34.7
A_PB1	54	62	A	0	0	62	37.9
A_PB1	55	63	A	0	0	63	36.8
A_PB1	56	61	G	0	0	61	37.6
A_PB1	57	68	C	0	0	68	34.5
A_PB1	58	74	A	0	0	74	36.0
A_PB1	59	61	C	0	0	61	34.7
A_PB1	60	69	C	0	0	69	34.3
A_PB1	61	66	A	0	0	66	36.6
A_PB1	62	73	C	0	0	73	36.3
A_PB1	63	66	A	0	0	66	34.7
A_PB1	64	72	T	0	0	72	36.5
A_PB1	65	73	T	0	0	73	34.8
A_PB1	66	61	C	0	0	61	35.3
A_PB1	67	69	C	0	0	69	35.6
A_PB1	68	67	C	0	0	67	37.5
A_PB1	69	72	G	0	0	72	36.6
A_PB1	70	77	T	0	0	77	35.4
A_PB1	71	72	A	0	0	72	36.7
A_PB1	72	78	T	0	0	78	37.3
A_PB1	73	76	A	0	0	76	34.4
A_PB1	74	75	C	0	0	75	37.4
A_PB1	75	79	T	0	0	79	37.9
A_PB1	76	74	G	0	0	74	37.4
A_PB1	77	78	G	0	0	78	36.3
A_PB1	78	77	A	0	0	77	34.3
A_PB1	79	92	G	0	0	92	34.1
A_PB1	80	82	A	0	0	82	37.0
A_PB1	81	85	T	0	0	85	36.2
A_PB1	82	82	C	0	0	82	34.9
A_PB1	83	79	C	0	0	79	36.1
A_PB1	84	82	T	0	0	82	35.0
A_PB1	85	82	C	0	0	82	34.8
A_PB1	86	90	C	0	0	90	35.7
A_PB1	87	92	A	0	0	92	37.3
A_PB1	88	93	T	0	0	93	34.6
A_PB1	89	89	A	0	0	89	35.4
A_PB1	90	90	C	0	0	90	36.2
A_PB1	91	82	A	0	0	82	35.0
A_PB1	92	91	G	0	0	91	37.5
A_PB1	93	98	C	0	0	98	34.2
A_PB1	94	102	C	0	0	102	36.6
A_PB1	95	97	A	0	0	97	35.3
A_PB1	96	91	T	0	0	91	37.1
A_PB1	97	89	G	0	0	89	35.4
A_PB1	98	98	G	0	0	98	35.0
A_PB1	99	88	A	0	0	88	36.0
A_PB1	100	96	A	0	0	96	37.7
A_PB1	101	90	C	0	0	90	34.6
A_PB1	102	96	A	0	0	96	34.5
A_PB1	103	100	G	0	0	100	34.8
A_PB1	104	95	G	0	0	95	35.8
A_PB1	105	93	A	0	0	93	35.5
A_PB1	106	99	A	0	0	99	35.0
A_PB1	107	92	C	0	0	92	35.1
A_PB1	108	105	A	0	0	105	35.5
A_PB1	109	105	G	0	0	105	35.7
A_PB1	110	104	G	0	0	104	34.5
A_PB1	111	102	A	0	0	102	35.2
A_PB1	112	92	T	0	0	92	36.5
A_PB1	113	115	A	0	0	115	36.7
A_PB1	114	93	T	0	0	93	37.3
A_PB1	115	98	A	0	0	98	35.0
A_PB1	116	106	C	0	0	106	36.4
A_PB1	117	98	C	0	0	98	37.1
A_PB1	118	97	A	0	0	97	35.3
A_PB1	119	97	T	0	0	97	35.7
A_PB1	120	102	G	0	0	102	35.9
A_PB1	121	109	G	0	0	109	37.5
A_PB1	122	93	A	0	0	93	38.0
A_PB1	123	102	C	0	0	102	34.2
A_PB1	124	101	A	0	0	101	34.3
A_PB1	125	115	C	0	0	115	34.3
A_PB1	126	102	A	0	0	102	36.8
A_PB1	127	107	G	0	0	107	36.3
A_PB1	128	111	T	0	0	111	37.6
A_PB1	129	102	T	0	0	102	34.9
A_PB1	130	114	A	0	0	114	36.9
A_PB1	131	111	A	0	0	111	35.1
A_PB1	132	94	C	0	0	94	36.1
A_PB1	133	109	A	0	0	109	37.7
A_PB1	134	106	G	0	0	106	37.8
A_PB1	135	117	A	0	0	117	35.0
A_PB1	136	104	A	0	0	104	34.1
A_PB1	137	111	C	0	0	111	35.5
A_PB1	138	107	A	0	0	107	35.6
A_PB1	139	113	C	0	0	113	37.0
A_PB1	140	93	A	0	0	93	35.6
A_PB1	141	109	T	0	0	109	34.6
A_PB1	142	104	C	0	0	104	36.8
A_PB1	143	107	A	0	0	107	36.7
A_PB1	144	106	G	0	0	106	34.8
A_PB1	145	107	T	0	0	107	34.8
A_PB1	146	91	A	0	0	91	37.5
A_PB1	147	95	T	0	0	95	36.2
A_PB1	148	97	T	0	0	97	37.2
A_PB1	149	114	C	0	0	114	36.4
A_PB1	150	101	A	0	0	101	36.2
A_PB1	151	117	G	0	0	117	35.5
A_PB1	152	101	A	0	0	101	37.4
A_PB1	153	96	A	0	0	96	34.6
A_PB1	154	104	A	0	0	104	34.3
A_PB1	155	91	A	0	0	91	36.9
A_PB1	156	95	A	0	0	95	34.6
A_PB1	157	101	G	0	0	101	35.8
A_PB1	158	100	G	0	0	100	36.4
A_PB1	159	93	G	0	0	93	38.0
A_PB1	160	99	A	0	0	99	34.3
A_PB1	161	103	A	0	0	103	37.0
A_PB1	162	89	A	0	0	89	36.6
A_PB1	163	103	T	0	0	103	35.8
A_PB1	164	104	G	0	0	104	35.0
A_PB1	165	98	G	0	0	98	34.2
A_PB1	166	103	A	0	0	103	36.3
A_PB1	167	103	C	0	0	103	35.1
A_PB1	168	87	A	0	0	87	37.9
A_PB1	169	86	A	0	0	86	34.3
A_PB1	170	108	C	0	0	108	35.1
A_PB1	171	97	A	0	0	97	36.4
A_PB1	172	98	A	0	0	98	36.4
A_PB1	173	91	A	0	0	91	37.4
A_PB1	174	94	C	0	0	94	36.4
A_PB1	175	91	T	0	0	91	37.3
A_PB1	176	99	C	0	0	99	37.8
A_PB1	177	85	A	0	0	85	37.4
A_PB1	178	91	G	0	0	91	34.4
A_PB1	179	94	A	0	0	94	35.1
A_PB1	180	88	A	0	0	88	37.4
A_PB1	181	86	A	0	0	86	34.5
A_PB1	182	80	C	0	0	80	34.8
A_PB1	183	86	T	0	0	86	34.7
A_PB1	184	98	G	0	0	98	35.3
A_PB1	185	93	G	0	0	93	36.6
A_PB1	186	92	A	0	0	92	36.4
A_PB1	187	103	G	0	0	103	34.6
A_PB1	188	97	C	0	0	97	34.1
A_PB1	189	92	A	0	0	92	35.7
A_PB1	190	87	C	0	0	87	34.1
A_PB1	191	105	C	0	0	105	34.1
A_PB1	192	85	T	0	0	85	36.9
A_PB1	193	98	C	0	0	98	35.6
A_PB1	194	92	A	0	0	92	35.3
A_PB1	195	81	A	0	0	81	36.4
A_PB1	196	90	C	0	0	90	35.3
A_PB1	197	97	T	0	0	97	34.8
A_PB1	198	90	C	0	0	90	37.5
A_PB1	199	94	A	0	0	94	34.3
A_PB1	200	88	A	0	0	88	34.2
A_PB1	201	92	T	0	0	92	34.3
A_PB1	202	92	C	0	0	92	35.2
A_PB1	203	89	C	0	0	89	37.5
A_PB1	204	104	A	0	0	104	36.5
A_PB1	205	84	A	0	0	84	34.5
A_PB1	206	90	T	0	0	90	36.9
A_PB1	207	92	T	0	0	92	37.3
A_PB1	208	93	G	0	0	93	34.1
A_PB1	209	99	A	0	0	99	35.7
A_PB1	210	93	T	0	0	93	36.7
A_PB1	211	88	G	0	0	88	37.6
A_PB1	212	94	G	0	0	94	34.1
A_PB1	213	86	A	0	0	86	35.6
A_PB1	214	87	C	0	0	87	36.8
A_PB1	215	90	C	0	0	90	35.1
A_PB1	216	101	A	0	0	101	37.3
A_PB1	217	83	T	0	0	83	36.9
A_PB1	218	91	T	0	0	91	37.2
A_PB1	219	93	G	0	0	93	35.7
A_PB1	220	104	C	0	0	104	34.4
A_PB1	221	88	C	0	0	88	37.8
A_PB1	222	94	T	0	0	94	35.1
A_PB1	223	82	G	0	0	82	35.1
A_PB1	224	89	A	0	0	89	35.9
A_PB1	225	98	G	0	0	98	34.8
A_PB1	226	93	G	0	0	93	35.3
A_PB1	227	99	A	0	0	99	35.0
A_PB1	228	98	C	0	0	98	36.8
A_PB1	229	92	A	0	0	92	34.0
A_PB1	230	98	A	0	0	98	37.7
A_PB1	231	92	T	0	0	92	37.9
A_PB1	232	96	G	0	0	96	36.7
A_PB1	233	103	A	0	0	103	36.0
A_PB1	234	94	A	0	0	94	36.9
A_PB1	235	96	C	0	0	96	35.7
A_PB1	236	91	C	0	0	91	36.5
A_PB1	237	89	A	0	0	89	35.0
A_PB1	238	95	A	0	0	95	35.4
A_PB1	239	97	G	0	0	97	37.0
A_PB1	240	119	T	0	0	119	36.0
A_PB1	241	90	G	0	0	90	36.6
A_PB1	242	111	G	0	0	111	36.1
A_PB1	243	110	G	0	0	110	37.2
A_PB1	244	94	T	0	0	94	34.9
A_PB1	245	100	A	0	0	100	35.3
A_PB1	246	110	T	0	0	110	34.4
A_PB1	247	99	G	0	0	99	34.9
A_PB1	248	97	C	0	0	97	35.5
A_PB1	249	110	A	0	0	110	37.6
A_PB1	250	101	C	0	0	101	35.4
A_PB1	251	97	A	0	0	97	37.1
A_PB1	252	111	A	0	0	111	35.5
A_PB1	253	103	A	0	0	103	36.9
A_PB1	254	105	C	0	0	105	37.1
A_PB1	255	97	G	0	0	97	37.0
A_PB1	256	97	G	0	0	97	37.3
A_PB1	257	118	A	0	0	118	36.1
A_PB1	258	102	C	0	0	102	35.2
A_PB1	259	111	T	0	0	111	34.5
A_PB1	260	113	G	0	0	113	35.9
A_PB1	261	91	T	0	0	91	37.3
A_PB1	262	104	G	0	0	104	36.5
A_PB1	263	116	T	0	0	116	37.9
A_PB1	264	107	C	0	0	107	35.7
A_PB1	265	102	C	0	0	102	37.4
A_PB1	266	98	T	0	0	98	36.6
A_PB1	267	115	T	0	0	115	35.1
A_PB1	268	109	G	0	0	109	37.1
A_PB1	269	108	A	0	0	108	36.6
A_PB1	270	114	A	0	0	114	36.9
A_PB1	271	118	G	0	0	118	37.8
A_PB1	272	115	C	0	0	115	34.2
A_PB1	273	119	A	0	0	119	35.3
A_PB1	274	112	A	0	0	112	34.5
A_PB1	275	108	T	0	0	108	37.1
A_PB1	276	106	G	0	0	106	37.1
A_PB1	277	131	G	0	0	131	35.0
A_PB1	278	122	C	0	0	122	35.4
A_PB1	279	108	T	0	0	108	34.8
A_PB1	280	115	T	0	0	115	37.0
A_PB1	281	117	T	0	0	117	37.7
A_PB1	282	118	C	0	0	118	37.2
A_PB1	283	115	C	0	0	115	34.5
A_PB1	284	122	T	0	0	122	37.6
A_PB1	285	121	T	0	0	121	37.7
A_PB1	286	113	G	0	0	113	36.8
A_PB1	287	131	A	0	0	131	34.3
A_PB1	288	115	A	0	0	115	35.8
A_PB1	289	116	G	0	0	116	36.2
A_PB1	290	121	A	0	0	121	34.3
A_PB1	291	126	G	0	0	126	35.6
A_PB1	292	131	T	0	0	131	35.8
A_PB1	293	114	C	0	0	114	36.7
A_PB1	294	124	C	0	0	124	37.9
A_PB1	295	126	C	0	0	126	34.2
A_PB1	296	133	A	0	0	133	36.1
A_PB1	297	125	C	0	0	125	36.4
A_PB1	298	117	C	0	0	117	36.1
A_PB1	299	136	C	0	0	136	35.2
A_PB1	300	124	A	0	0	124	34.5
A_PB1	301	124	G	0	0	124	35.0
A_PB1	302	131	G	0	0	131	35.2
A_PB1	303	142	A	0	0	142	36.7
A_PB1	304	126	A	0	0	126	37.7
A_PB1	305	141	T	0	0	141	37.2
A_PB1	306	130	C	0	0	130	37.1
A_PB1	307	135	T	0	0	135	37.1
A_PB1	308	124	T	0	0	124	35.0
A_PB1	309	133	T	0	0	133	34.3
A_PB1	310	131	G	0	0	131	37.6
A_PB1	311	130	A	0	0	130	37.0
A_PB1	312	132	A	0	0	132	36.2
A_PB1	313	126	A	0	0	126	35.9
A_PB1	314	128	A	0	0	128	36.4
A_PB1	315	144	C	0	0	144	35.7
A_PB1	316	128	T	0	0	128	36.4
A_PB1	317	142	C	0	0	142	34.8
A_PB1	318	133	G	0	0	133	36.5
A_PB1	319	131	T	0	0	131	34.2
A_PB1	320	142	G	0	0	142	35.1
A_PB1	321	124	T	0	0	124	37.4
A_PB1	322	137	C	0	0	137	35.0
A_PB1	323	127	T	0	0	127	35.1
A_PB1	324	133	T	0	0	133	37.5
A_PB1	325	127	G	0	0	127	35.3
A_PB1	326	160	A	0	0	160	36.1
A_PB1	327	142	A	0	0	142	36.2
A_PB1	328	136	A	0	0	136	35.7
A_PB1	329	134	C	0	0	134	35.8
A_PB1	330	120	G	0	0	120	36.3
A_PB1	331	151	A	0	0	151	34.3
A_PB1	332	152	T	0	0	152	34.3
A_PB1	333	147	G	0	0	147	35.8
A_PB1	334	137	G	0	0	137	37.0
A_PB1	335	136	A	0	0	136	35.3
A_PB1	336	134	A	0	0	134	35.4
A_PB1	337	144	G	0	0	144	34.3
A_PB1	338	157	T	0	0	157	34.3
A_PB1	339	141	T	0	0	141	36.8
A_PB1	340	145	G	0	0	145	37.4
A_PB1	341	142	T	0	0	142	35.6
A_PB1	342	153	T	0	0	153	37.5
A_PB1	343	137	C	0	0	137	36.3
A_PB1	344	140	A	0	0	140	36.8
A_PB1	345	139	A	0	0	139	36.8
A_PB1	346	141	C	0	0	141	37.2
A_PB1	347	137	A	0	0	137	37.3
A_PB1	348	148	A	0	0	148	36.4
A_PB1	349	136	A	0	0	136	34.5
A_PB1	350	149	C	0	0	149	37.3
A_PB1	351	153	A	0	0	153	36.8
A_PB1	352	144	A	0	0	144	36.0
A_PB1	353	137	G	0	0	137	35.0
A_PB1	354	144	A	0	0	144	35.6
A_PB1	355	131	G	0	0	131	36.2
A_PB1	356	162	T	0	0	162	35.9
A_PB1	357	137	G	0	0	137	35.3
A_PB1	358	147	G	0	0	147	34.6
A_PB1	359	136	A	0	0	136	34.1
A_PB1	360	145	C	0	0	145	37.6
A_PB1	361	163	A	0	0	163	37.2
A_PB1	362	149	A	0	0	149	36.9
A_PB1	363	134	G	0	0	134	34.3
A_PB1	364	148	T	0	0	148	36.4
A_PB1	365	164	T	0	0	164	36.1
A_PB1	366	161	G	0	0	161	36.5
A_PB1	367	144	A	0	0	144	37.7
A_PB1	368	145	C	0	0	145	34.5
A_PB1	369	182	C	0	0	182	36.6
A_PB1	370	152	C	0	0	152	37.4
A_PB1	371	141	A	0	0	141	35.4
A_PB1	372	146	A	0	0	146	36.8
A_PB1	373	151	G	0	0	151	36.0
A_PB1	374	152	G	0	0	152	37.3
A_PB1	375	152	C	0	0	152	36.5
A_PB1	376	151	C	0	0	151	35.6
A_PB1	377	157	G	0	0	157	34.5
A_PB1	378	150	T	0	0	150	35.4
A_PB1	379	152	C	0	0	152	36.4
A_PB1	380	142	A	0	0	142	37.0
A_PB1	381	156	G	0	0	156	36.4
A_PB1	382	155	A	0	0	155	35.5
A_PB1	383	149	C	0	0	149	34.5
A_PB1	384	146	C	0	0	146	35.7
A_PB1	385	161	T	0	0	161	35.4
A_PB1	386	146	A	0	0	146	34.4
A_PB1	387	165	T	0	0	165	37.7
A_PB1	388	171	G	0	0	171	36.0
A_PB1	389	171	A	0	0	171	37.9
A_PB1	390	155	T	0	0	155	35.0
A_PB1	391	162	T	0	0	162	36.3
A_PB1	392	149	G	0	0	149	35.3
A_PB1	393	152	G	0	0	152	37.1
A_PB1	394	137	A	0	0	137	37.8
A_PB1	395	161	C	0	0	161	37.6
A_PB1	396	162	G	0	0	162	37.5
A_PB1	397	171	T	0	0	171	34.6
A_PB1	398	164	T	0	0	164	35.3
A_PB1	399	157	A	0	0	157	34.4
A_PB1	400	163	A	0	0	163	37.8
A_PB1	401	158	A	0	0	158	36.3
A_PB1	402	146	C	0	0	146	36.5
A_PB1	403	134	A	0	0	134	35.9
A_PB1	404	147	G	0	0	147	35.9
A_PB1	405	162	G	0	0	162	34.4
A_PB1	406	172	A	0	0	172	36.2
A_PB1	407	142	A	0	0	142	35.3
A_PB1	408	153	T	0	0	153	36.2
A_PB1	409	159	C	0	0	159	37.7
A_PB1	410	137	A	0	0	137	35.8
A_PB1	411	162	G	0	0	162	34.1
A_PB1	412	156	C	0	0	156	37.9
A_PB1	413	144	C	0	0	144	36.9
A_PB1	414	154	G	0	0	154	36.0
A_PB1	415	141	G	0	0	141	38.0
A_PB1	416	163	C	0	0	163	34.5
A_PB1	417	161	T	0	0	161	37.2
A_PB1	418	148	G	0	0	148	35.3
A_PB1	419	147	C	0	0	147	35.2
A_PB1	420	163	A	0	0	163	35.6
A_PB1	421	144	A	0	0	144	34.6
A_PB1	422	143	C	0	0	143	37.0
A_PB1	423	149	T	0	0	149	36.2
A_PB1	424	159	G	0	0	159	34.0
A_PB1	425	156	C	0	0	156	37.1
A_PB1	426	155	A	0	0	155	34.2
A_PB1	427	153	T	0	0	153	37.0
A_PB1	428	148	T	0	0	148	34.7
A_PB1	429	136	A	0	0	136	34.5
A_PB1	430	149	G	0	0	149	35.1
A_PB1	431	160	C	0	0	160	35.8
A_PB1	432	154	T	0	0	154	37.4
A_PB1	433	131	A	0	0	131	37.2
A_PB1	434	162	A	0	0	162	36.9
A_PB1	435	149	T	0	0	149	35.6
A_PB1	436	154	A	0	0	154	34.2
A_PB1	437	145	C	0	0	145	34.7
A_PB1	438	142	T	0	0	142	36.3
A_PB1	439	154	A	0	0	154	36.1
A_PB1	440	140	T	0	0	140	34.8
A_PB1	441	154	A	0	0	154	36.6
A_PB1	442	148	G	0	0	148	37.8
A_PB1	443	136	A	0	0	136	35.5
A_PB1	444	129	G	0	0	129	38.0
A_PB1	445	157	G	0	0	157	35.1
A_PB1	446	150	T	0	0	150	36.9
A_PB1	447	146	C	0	0	146	35.8
A_PB1	448	150	T	0	0	150	34.6
A_PB1	449	154	T	0	0	154	34.1
A_PB1	450	141	C	0	0	141	34.8
A_PB1	451	152	A	0	0	152	37.4
A_PB1	452	147	G	0	0	147	36.8
A_PB1	453	136	A	0	0	136	37.2
A_PB1	454	146	T	0	0	146	35.6
A_PB1	455	155	C	0	0	155	37.8
A_PB1	456	158	T	0	0	158	36.2
A_PB1	457	144	A	0	0	144	37.1
A_PB1	458	152	A	0	0	152	37.5
A_PB1	459	153	C	0	0	153	37.0
A_PB1	460	154	G	0	0	154	37.0
A_PB1	461	149	G	0	0	149	34.8
A_PB1	462	150	C	0	0	150	36.7
A_PB1	463	156	C	0	0	156	36.2
A_PB1	464	157	T	0	0	157	34.5
A_PB1	465	138	C	0	0	138	36.6
A_PB1	466	150	A	0	0	150	34.3
A_PB1	467	165	C	0	0	165	35.1
A_PB1	468	152	A	0	0	152	35.8
A_PB1	469	143	G	0	0	143	36.1
A_PB1	470	153	C	0	0	153	36.1
A_PB1	471	152	C	0	0	152	34.9
A_PB1	472	169	A	0	0	169	37.7
A_PB1	473	145	A	0	0	145	34.9
A_PB1	474	164	T	0	0	164	37.7
A_PB1	475	142	G	0	0	142	36.9
A_PB1	476	137	A	0	0	137	35.8
A_PB1	477	155	A	0	0	155	35.4
A_PB1	478	142	T	0	0	142	37.1
A_PB1	479	145	C	0	0	145	37.1
A_PB1	480	144	A	0	0	144	36.8
A_PB1	481	142	G	0	0	142	34.8
A_PB1	482	144	G	0	0	144	37.7
A_PB1	483	141	A	0	0	141	34.0
A_PB1	484	162	A	0	0	162	34.3
A_PB1	485	159	G	0	0	159	34.1
A_PB1	486	152	G	0	0	152	35.8
A_PB1	487	160	C	0	0	160	36.8
A_PB1	488	137	T	0	0	137	36.4
A_PB1	489	156	A	0	0	156	36.8
A_PB1	490	158	A	0	0	158	37.8
A_PB1	491	135	T	0	0	135	36.5
A_PB1	492	146	A	0	0	146	35.5
A_PB1	493	147	G	0	0	147	36.2
A_PB1	494	143	A	0	0	143	35.0
A_PB1	495	137	T	0	0	137	36.2
A_PB1	496	169	T	0	0	169	34.9
A_PB1	497	138	T	0	0	138	36.6
A_PB1	498	132	T	0	0	132	35.3
A_PB1	499	142	C	0	0	142	35.4
A_PB1	500	134	T	0	0	134	37.1
A_PB1	501	143	C	0	0	143	35.8
A_PB1	502	145	A	0	0	145	36.7
A_PB1	503	157	A	0	0	157	35.4
A_PB1	504	151	G	0	0	151	34.7
A_PB1	505	163	G	0	0	163	36.5
A_PB1	506	152	A	0	0	152	36.1
A_PB1	507	150	T	0	0	150	34.7
A_PB1	508	161	G	0	0	161	36.9
A_PB1	509	150	T	0	0	150	35.1
A_PB1	510	141	G	0	0	141	37.7
A_PB1	511	145	A	0	0	145	36.6
A_PB1	512	139	T	0	0	139	37.1
A_PB1	513	154	G	0	0	154	35.6
A_PB1	514	155	G	0	0	155	37.2
A_PB1	515	135	A	0	0	135	34.4
A_PB1	516	159	A	0	0	159	36.3
A_PB1	517	137	T	0	0	137	35.5
A_PB1	518	176	C	0	0	176	35.6
A_PB1	519	141	A	0	0	141	35.8
A_PB1	520	135	A	0	0	135	36.3
A_PB1	521	150	T	0	0	150	37.4
A_PB1	522	156	G	0	0	156	37.9
A_PB1	523	149	G	0	0	149	35.4
A_PB1	524	158	A	0	0	158	37.8
A_PB1	525	147	T	0	0	147	35.1
A_PB1	526	149	A	0	0	149	36.7
A_PB1	527	148	A	0	0	148	37.1
A_PB1	528	140	G	0	0	140	36.9
A_PB1	529	147	G	0	0	147	34.8
A_PB1	530	148	A	0	0	148	36.1
A_PB1	531	149	G	0	0	149	34.0
A_PB1	532	156	G	0	0	156	34.9
A_PB1	533	138	A	0	0	138	34.2
A_PB1	534	151	A	0	0	151	35.6
A_PB1	535	163	A	0	0	163	36.7
A_PB1	536	151	T	0	0	151	36.5
A_PB1	537	159	G	0	0	159	37.5
A_PB1	538	155	G	0	0	155	37.8
A_PB1	539	154	A	0	0	154	34.6
A_PB1	540	148	A	0	0	148	34.5
A_PB1	541	154	A	0	0	154	35.0
A_PB1	542	148	T	0	0	148	34.3
A_PB1	543	155	A	0	0	155	35.4
A_PB1	544	141	A	0	0	141	37.1
A_PB1	545	157	C	0	0	157	37.5
A_PB1	546	137	A	0	0	137	36.4
A_PB1	547	157	A	0	0	157	37.6
A_PB1	548	162	C	0	0	162	36.9
A_PB1	549	150	G	0	0	150	38.0
A_PB1	550	133	C	0	0	133	37.5
A_PB1	551	151	A	0	0	151	36.7
A_PB1	552	153	T	0	0	153	37.4
A_PB1	553	151	T	0	0	151	34.8
A_PB1	554	149	T	0	0	149	35.1
A_PB1	555	158	C	0	0	158	35.5
A_PB1	556	152	C	0	0	152	38.0
A_PB1	557	148	A	0	0	148	36.2
A_PB1	558	148	A	0	0	148	36.0
A_PB1	559	156	A	0	0	156	35.7
A_PB1	560	178	G	0	0	178	36.9
A_PB1	561	154	G	0	0	154	35.1
A_PB1	562	171	A	0	0	171	36.7
A_PB1	563	162	A	0	0	162	35.1
A_PB1	564	171	A	0	0	171	37.5
A_PB1	565	168	A	0	0	168	34.5
A_PB1	566	161	G	0	0	161	37.8
A_PB1	567	159	A	0	0	159	35.5
A_PB1	568	152	A	0	0	152	37.3
A_PB1	569	165	G	0	0	165	36.6
A_PB1	570	171	A	0	0	171	34.3
A_PB1	571	157	G	0	0	157	34.3
A_PB1	572	138	T	0	0	138	36.5
A_PB1	573	180	G	0	0	180	35.8
A_PB1	574	163	A	0	0	163	34.3
A_PB1	575	157	G	0	0	157	37.6
A_PB1	576	162	A	0	0	162	34.7
A_PB1	577	178	G	0	0	178	36.0
A_PB1	578	184	A	0	0	184	36.9
A_PB1	579	159	C	0	0	159	37.0
A_PB1	580	159	A	0	0	159	36.6
A_PB1	581	161	A	0	0	161	36.8
A_PB1	582	168	C	0	0	168	36.7
A_PB1	583	165	A	0	0	165	34.8
A_PB1	584	174	T	0	0	174	35.0
A_PB1	585	158	G	0	0	158	36.2
A_PB1	586	165	A	0	0	165	35.4
A_PB1	587	166	C	0	0	166	36.3
A_PB1	588	156	C	0	0	156	36.0
A_PB1	589	171	A	0	0	171	36.6
A_PB1	590	173	A	0	0	173	34.8
A_PB1	591	175	G	0	0	175	36.3
A_PB1	592	158	A	0	0	158	34.9
A_PB1	593	174	A	0	0	174	34.1
A_PB1	594	169	A	0	0	169	35.2
A_PB1	595	167	A	0	0	167	35.2
A_PB1	596	187	T	0	0	187	35.2
A_PB1	597	159	G	0	0	159	36.4
A_PB1	598	166	G	0	0	166	36.2
A_PB1	599	182	T	0	0	182	37.5
A_PB1	600	145	C	0	0	145	36.8
A_PB1	601	170	A	0	0	170	35.1
A_PB1	602	170	C	0	0	170	34.7
A_PB1	603	164	A	0	0	164	34.2
A_PB1	604	155	C	0	0	155	37.4
A_PB1	605	174	A	0	0	174	36.4
A_PB1	606	168	A	0	0	168	36.5
A_PB1	607	183	A	0	0	183	35.9
A_PB1	608	174	G	0	0	174	36.6
A_PB1	609	170	G	0	0	170	37.4
A_PB1	610	170	A	0	0	170	34.3
A_PB1	611	147	C	0	0	147	35.0
A_PB1	612	179	A	0	0	179	36.3
A_PB1	613	177	A	0	0	177	37.4
A_PB1	614	178	T	0	0	178	38.0
A_PB1	615	184	A	0	0	184	34.8
A_PB1	616	182	G	0	0	182	35.5
A_PB1	617	185	G	0	0	185	36.4
A_PB1	618	170	A	0	0	170	34.3
A_PB1	619	169	A	0	0	169	37.6
A_PB1	620	166	A	0	0	166	36.4
A_PB1	621	183	G	0	0	183	35.9
A_PB1	622	198	A	0	0	198	34.6
A_PB1	623	182	A	0	0	182	38.0
A_PB1	624	172	G	0	0	172	35.6
A_PB1	625	167	A	0	0	167	34.3
A_PB1	626	164	A	0	0	164	35.3
A_PB1	627	165	A	0	0	165	37.1
A_PB1	628	164	C	0	0	164	34.6
A_PB1	629	183	A	0	0	183	35.1
A_PB1	630	156	G	0	0	156	36.9
A_PB1	631	172	A	0	0	172	34.1
A_PB1	632	175	G	0	0	175	37.7
A_PB1	633	161	G	0	0	161	36.2
A_PB1	634	193	C	0	0	193	36.4
A_PB1	635	178	T	0	0	178	37.7
A_PB1	636	177	A	0	0	177	36.0
A_PB1	637	204	A	0	0	204	36.9
A_PB1	638	194	A	0	0	194	34.3
A_PB1	639	177	T	0	0	177	37.5
A_PB1	640	196	A	0	0	196	37.9
A_PB1	641	184	A	0	0	184	36.3
A_PB1	642	178	A	0	0	178	36.1
A_PB1	643	184	A	0	0	184	36.3
A_PB1	644	176	A	0	0	176	35.3
A_PB1	645	192	G	0	0	192	38.0
A_PB1	646	189	A	0	0	189	36.5
A_PB1	647	179	G	0	0	179	36.6
A_PB1	648	179	C	0	0	179	35.5
A_PB1	649	171	T	0	0	171	37.9
A_PB1	650	180	A	0	0	180	37.8
A_PB1	651	183	T	0	0	183	36.7
A_PB1	652	173	C	0	0	173	34.1
A_PB1	653	171	T	0	0	171	34.2
A_PB1	654	185	A	0	0	185	34.9
A_PB1	655	185	A	0	0	185	35.2
A_PB1	656	176	T	0	0	176	36.8
A_PB1	657	181	A	0	0	181	35.0
A_PB1	658	163	A	0	0	163	34.8
A_PB1	659	180	G	0	0	180	34.4
A_PB1	660	186	A	0	0	186	36.3
A_PB1	661	173	G	0	0	173	35.7
A_PB1	662	181	C	0	0	181	36.4
A_PB1	663	189	A	0	0	189	36.0
A_PB1	664	174	T	0	0	174	37.9
A_PB1	665	174	T	0	0	174	37.9
A_PB1	666	177	G	0	0	177	35.4
A_PB1	667	195	A	0	0	195	34.4
A_PB1	668	176	C	0	0	176	36.9
A_PB1	669	178	A	0	0	178	35.2
A_PB1	670	184	C	0	0	184	35.3
A_PB1	671	179	T	0	0	179	36.2
A_PB1	672	179	G	0	0	179	37.4
A_PB1	673	176	A	0	0	176	37.8
A_PB1	674	175	A	0	0	175	35.3
A_PB1	675	178	C	0	0	178	36.5
A_PB1	676	185	A	0	0	185	35.6
A_PB1	677	173	C	0	0	173	34.1
A_PB1	678	218	G	0	0	218	35.5
A_PB1	679	180	A	0	0	180	35.6
A_PB1	680	189	T	0	0	189	37.3
A_PB1	681	189	G	0	0	189	35.2
A_PB1	682	184	A	0	0	184	34.0
A_PB1	683	203	C	0	0	203	34.3
A_PB1	684	185	A	0	0	185	35.3
A_PB1	685	205	A	0	0	205	35.9
A_PB1	686	190	A	0	0	190	34.8
A_PB1	687	186	A	0	0	186	37.2
A_PB1	688	192	G	0	0	192	36.1
A_PB1	689	164	A	0	0	164	35.0
A_PB1	690	183	C	0	0	183	37.8
A_PB1	691	221	G	0	0	221	37.0
A_PB1	692	191	C	0	0	191	36.6
A_PB1	693	184	C	0	0	184	36.4
A_PB1	694	195	G	0	0	195	35.1
A_PB1	695	183	A	0	0	183	36.9
A_PB1	696	188	A	0	0	188	37.6
A_PB1	697	183	A	0	0	183	36.7
A_PB1	698	178	G	0	0	178	35.0
A_PB1	699	177	A	0	0	177	35.9
A_PB1	700	197	G	0	0	197	34.8
A_PB1	701	164	G	0	0	164	35.3
A_PB1	702	176	C	0	0	176	37.6
A_PB1	703	197	A	0	0	197	34.7
A_PB1	704	175	A	0	0	175	36.5
A_PB1	705	178	A	0	0	178	35.4
A_PB1	706	154	T	0	0	154	37.2
A_PB1	707	204	T	0	0	204	35.4
A_PB1	708	179	A	0	0	179	35.0
A_PB1	709	178	A	0	0	178	37.2
A_PB1	710	184	A	0	0	184	35.1
A_PB1	711	179	A	0	0	179	34.2
A_PB1	712	175	A	0	0	175	34.6
A_PB1	713	169	G	0	0	169	34.7
A_PB1	714	188	A	0	0	188	34.4
A_PB1	715	162	A	0	0	162	35.6
A_PB1	716	181	G	0	0	181	36.7
A_PB1	717	179	G	0	0	179	35.6
A_PB1	718	183	G	0	0	183	37.2
A_PB1	719	183	C	0	0	183	36.7
A_PB1	720	170	A	0	0	170	35.0
A_PB1	721	177	A	0	0	177	34.8
A_PB1	722	164	T	0	0	164	36.0
A_PB1	723	171	T	0	0	171	34.3
A_PB1	724	170	G	0	0	170	34.5
A_PB1	725	176	C	0	0	176	36.3
A_PB1	726	187	G	0	0	187	38.0
A_PB1	727	164	A	0	0	164	37.2
A_PB1	728	178	C	0	0	178	35.4
A_PB1	729	158	A	0	0	158	35.3
A_PB1	730	154	C	0	0	154	37.9
A_PB1	731	158	C	0	0	158	36.0
A_PB1	732	168	T	0	0	168	37.9
A_PB1	733	169	G	0	0	169	36.7
A_PB1	734	160	G	0	0	160	36.9
A_PB1	735	145	A	0	0	145	34.1
A_PB1	736	185	A	0	0	185	37.0
A_PB1	737	165	T	0	0	165	36.3
A_PB1	738	149	G	0	0	149	34.3
A_PB1	739	172	C	0	0	172	34.5
A_PB1	740	167	A	0	0	167	36.2
A_PB1	741	170	A	0	0	170	35.4
A_PB1	742	163	A	0	0	163	34.0
A_PB1	743	152	T	0	0	152	37.9
A_PB1	744	141	C	0	0	141	34.2
A_PB1	745	139	A	0	0	139	34.0
A_PB1	746	135	G	0	0	135	35.3
A_PB1	747	160	A	0	0	160	37.9
A_PB1	748	144	G	0	0	144	34.6
A_PB1	749	156	G	0	0	156	35.0
A_PB1	750	162	G	0	0	162	36.2
A_PB1	751	146	T	0	0	146	34.8
A_PB1	752	159	T	0	0	159	34.1
A_PB1	753	157	T	0	0	157	35.0
A_PB1	754	161	G	0	0	161	35.9
A_PB1	755	172	T	0	0	172	34.4
A_PB1	756	153	G	0	0	153	35.8
A_PB1	757	154	T	0	0	154	35.0
A_PB1	758	136	A	0	0	136	36.0
A_PB1	759	139	C	0	0	139	35.2
A_PB1	760	163	T	0	0	163	35.1
A_PB1	761	151	T	0	0	151	37.7
A_PB1	762	157	T	0	0	157	36.4
A_PB1	763	144	G	0	0	144	36.8
A_PB1	764	144	T	0	0	144	37.9
A_PB1	765	147	T	0	0	147	35.2
A_PB1	766	147	G	0	0	147	37.8
A_PB1	767	151	A	0	0	151	35.2
A_PB1	768	142	A	0	0	142	36.2
A_PB1	769	125	A	0	0	125	34.6
A_PB1	770	155	C	0	0	155	35.9
A_PB1	771	140	A	0	0	140	34.3
A_PB1	772	124	T	0	0	124	37.1
A_PB1	773	141	T	0	0	141	36.0
A_PB1	774	137	A	0	0	137	35.5
A_PB1	775	152	G	0	0	152	37.6
A_PB1	776	133	C	0	0	133	37.9
A_PB1	777	144	G	0	0	144	37.5
A_PB1	778	140	A	0	0	140	36.9
A_PB1	779	150	G	0	0	150	35.4
A_PB1	780	143	G	0	0	143	37.1
A_PB1	781	123	A	0	0	123	37.9
A_PB1	782	130	G	0	0	130	36.0
A_PB1	783	148	C	0	0	148	37.5
A_PB1	784	139	A	0	0	139	34.6
A_PB1	785	133	T	0	0	133	35.8
A_PB1	786	139	T	0	0	139	35.6
A_PB1	787	124	T	0	0	124	36.0
A_PB1	788	129	G	0	0	129	35.3
A_PB1	789	136	T	0	0	136	37.1
A_PB1	790	134	G	0	0	134	36.1
A_PB1	791	134	A	0	0	134	34.3
A_PB1	792	125	T	0	0	125	37.8
A_PB1	793	143	A	0	0	143	34.6
A_PB1	794	141	A	0	0	141	35.5
A_PB1	795	147	G	0	0	147	36.9
A_PB1	796	116	C	0	0	116	34.0
A_PB1	797	129	T	0	0	129	37.2
A_PB1	798	121	T	0	0	121	36.5
A_PB1	799	121	G	0	0	121	36.2
A_PB1	800	114	A	0	0	114	37.8
A_PB1	801	126	A	0	0	126	36.7
A_PB1	802	127	C	0	0	127	34.7
A_PB1	803	112	A	0	0	112	34.5
A_PB1	804	115	A	0	0	115	36.3
A_PB1	805	118	T	0	0	118	34.9
A_PB1	806	117	C	0	0	117	34.8
A_PB1	807	120	T	0	0	120	36.3
A_PB1	808	125	G	0	0	125	36.9
A_PB1	809	127	G	0	0	127	35.0
A_PB1	810	132	A	0	0	132	37.3
A_PB1	811	124	C	0	0	124	34.9
A_PB1	812	117	T	0	0	117	34.9
A_PB1	813	116	C	0	0	116	35.0
A_PB1	814	110	C	0	0	110	34.5
A_PB1	815	109	C	0	0	109	37.7
A_PB1	816	120	A	0	0	120	36.3
A_PB1	817	124	G	0	0	124	37.3
A_PB1	818	114	T	0	0	114	36.7
A_PB1	819	116	T	0	0	116	35.9
A_PB1	820	114	G	0	0	114	35.3
A_PB1	821	109	G	0	0	109	35.2
A_PB1	822	113	G	0	0	113	35.3
A_PB1	823	121	G	0	0	121	34.2
A_PB1	824	128	G	0	0	128	34.8
A_PB1	825	112	C	0	0	112	34.4
A_PB1	826	113	A	0	0	113	35.1
A_PB1	827	108	A	0	0	108	35.3
A_PB1	828	107	T	0	0	107	36.0
A_PB1	829	123	G	0	0	123	37.6
A_PB1	830	119	A	0	0	119	36.0
A_PB1	831	107	A	0	0	107	35.0
A_PB1	832	107	A	0	0	107	34.9
A_PB1	833	117	A	0	0	117	34.5
A_PB1	834	103	G	0	0	103	37.9
A_PB1	835	108	A	0	0	108	36.2
A_PB1	836	110	A	0	0	110	34.5
A_PB1	837	107	G	0	0	107	36.6
A_PB1	838	111	G	0	0	111	36.2
A_PB1	839	114	C	0	0	114	35.5
A_PB1	840	113	T	0	0	113	36.3
A_PB1	841	105	A	0	0	105	34.0
A_PB1	842	114	A	0	0	114	34.1
A_PB1	843	105	A	0	0	105	34.1
A_PB1	844	105	C	0	0	105	35.7
A_PB1	845	105	T	0	0	105	36.7
A_PB1	846	105	G	0	0	105	37.9
A_PB1	847	105	G	0	0	105	35.0
A_PB1	848	103	C	0	0	103	36.3
A_PB1	849	98	A	0	0	98	37.6
A_PB1	850	115	A	0	0	115	34.2
A_PB1	851	101	A	0	0	101	34.7
A_PB1	852	110	T	0	0	110	36.4
A_PB1	853	99	G	0	0	99	36.3
A_PB1	854	114	T	0	0	114	35.2
A_PB1	855	111	T	0	0	111	36.9
A_PB1	856	95	G	0	0	95	36.4
A_PB1	857	104	T	0	0	104	35.5
A_PB1	858	99	G	0	0	99	34.5
A_PB1	859	106	A	0	0	106	37.1
A_PB1	860	112	G	0	0	112	35.9
A_PB1	861	95	A	0	0	95	35.5
A_PB1	862	103	A	0	0	103	34.8
A_PB1	863	105	A	0	0	105	35.0
A_PB1	864	95	A	0	0	95	37.4
A_PB1	865	123	A	0	0	123	36.3
A_PB1	866	111	T	0	0	111	34.3
A_PB1	867	100	G	0	0	100	35.7
A_PB1	868	103	A	0	0	103	35.8
A_PB1	869	107	T	0	0	107	37.9
A_PB1	870	90	G	0	0	90	34.9
A_PB1	871	105	A	0	0	105	34.9
A_PB1	872	102	C	0	0	102	34.3
A_PB1	873	97	T	0	0	97	37.9
A_PB1	874	110	A	0	0	110	36.7
A_PB1	875	102	A	0	0	102	38.0
A_PB1	876	95	T	0	0	95	37.4
A_PB1	877	107	T	0	0	107	36.3
A_PB1	878	102	C	0	0	102	34.2
A_PB1	879	103	G	0	0	103	36.6
A_PB1	880	117	C	0	0	117	37.0
A_PB1	881	113	A	0	0	113	34.2
A_PB1	882	108	G	0	0	108	34.8
A_PB1	883	110	G	0	0	110	36.9
A_PB1	884	111	A	0	0	111	36.7
A_PB1	885	100	C	0	0	100	35.7
A_PB1	886	111	A	0	0	111	36.8
A_PB1	887	106	C	0	0	106	36.4
A_PB1	888	103	A	0	0	103	35.8
A_PB1	889	97	G	0	0	97	35.6
A_PB1	890	108	A	0	0	108	37.7
A_PB1	891	96	G	0	0	96	36.0
A_PB1	892	104	C	0	0	104	36.0
A_PB1	893	117	T	0	0	117	37.6
A_PB1	894	103	C	0	0	103	36.8
A_PB1	895	106	T	0	0	106	34.8
A_PB1	896	117	C	0	0	117	36.9
A_PB1	897	108	C	0	0	108	37.2
A_PB1	898	128	T	0	0	128	36.1
A_PB1	899	106	T	0	0	106	37.2
A_PB1	900	98	C	0	0	98	36.1
A_PB1	901	102	A	0	0	102	35.5
A_PB1	902	106	C	0	0	106	34.5
A_PB1	903	108	A	0	0	108	35.7
A_PB1	904	103	A	0	0	103	35.6
A_PB1	905	102	T	0	0	102	35.6
A_PB1	906	109	C	0	0	109	36.2
A_PB1	907	104	A	0	0	104	36.1
A_PB1	908	105	C	0	0	105	37.3
A_PB1	909	108	T	0	0	108	37.9
A_PB1	910	110	G	0	0	110	37.0
A_PB1	911	105	G	0	0	105	36.6
A_PB1	912	96	A	0	0	96	36.8
A_PB1	913	104	G	0	0	104	37.8
A_PB1	914	91	A	0	0	91	34.4
A_PB1	915	111	C	0	0	111	34.5
A_PB1	916	109	A	0	0	109	34.4
A_PB1	917	110	A	0	0	110	37.6
A_PB1	918	117	C	0	0	117	34.3
A_PB1	919	112	A	0	0	112	36.8
A_PB1	920	99	C	0	0	99	35.5
A_PB1	921	118	C	0	0	118	36.5
A_PB1	922	124	A	0	0	124	37.4
A_PB1	923	116	A	0	0	116	35.5
A_PB1	924	105	A	0	0	105	36.9
A_PB1	925	108	T	0	0	108	37.2
A_PB1	926	112	G	0	0	112	35.6
A_PB1	927	118	G	0	0	118	37.3
A_PB1	928	103	A	0	0	103	37.2
A_PB1	929	106	A	0	0	106	37.5
A_PB1	930	121	T	0	0	121	34.5
A_PB1	931	121	G	0	0	121	34.9
A_PB1	932	105	A	0	0	105	37.4
A_PB1	933	114	A	0	0	114	37.6
A_PB1	934	115	A	0	0	115	36.1
A_PB1	935	104	A	0	0	104	37.4
A_PB1	936	124	T	0	0	124	35.0
A_PB1	937	117	C	0	0	117	34.7
A_PB1	938	110	A	0	0	110	37.5
A_PB1	939	119	G	0	0	119	36.9
A_PB1	940	105	A	0	0	105	36.4
A_PB1	941	124	A	0	0	124	37.7
A_PB1	942	116	C	0	0	116	35.6
A_PB1	943	115	C	0	0	115	37.8
A_PB1	944	120	C	0	0	120	34.0
A_PB1	945	117	T	0	0	117	34.6
A_PB1	946	117	A	0	0	117	35.2
A_PB1	947	118	G	0	0	118	35.8
A_PB1	948	112	G	0	0	112	35.0
A_PB1	949	119	A	0	0	119	37.5
A_PB1	950	114	T	0	0	114	36.3
A_PB1	951	117	G	0	0	117	34.3
A_PB1	952	119	T	0	0	119	34.3
A_PB1	953	117	T	0	0	117	36.4
A_PB1	954	130	T	0	0	130	36.4
A_PB1	955	123	C	0	0	123	34.4
A_PB1	956	113	T	0	0	113	34.9
A_PB1	957	126	G	0	0	126	34.6
A_PB1	958	123	G	0	0	123	36.5
A_PB1	959	125	C	0	0	125	35.0
A_PB1	960	105	A	0	0	105	37.8
A_PB1	961	113	A	0	0	113	35.2
A_PB1	962	118	T	0	0	118	36.9
A_PB1	963	124	G	0	0	124	34.5
A_PB1	964	132	A	0	0	132	35.6
A_PB1	965	121	T	0	0	121	37.5
A_PB1	966	130	A	0	0	130	37.9
A_PB1	967	118	A	0	0	118	37.0
A_PB1	968	121	C	0	0	121	34.4
A_PB1	969	137	A	0	0	137	37.9
A_PB1	970	115	T	0	0	115	34.3
A_PB1	971	123	A	0	0	123	37.9
A_PB1	972	121	T	0	0	121	36.9
A_PB1	973	128	A	0	0	128	36.3
A_PB1	974	123	T	0	0	123	35.1
A_PB1	975	134	A	0	0	134	35.8
A_PB1	976	124	A	0	0	124	36.2
A_PB1	977	124	C	0	0	124	34.8
A_PB1	978	130	A	0	0	130	35.9
A_PB1	979	130	A	0	0	130	37.2
A_PB1	980	132	G	0	0	132	35.6
A_PB1	981	147	G	0	0	147	37.7
A_PB1	982	117	A	0	0	117	34.1
A_PB1	983	122	A	0	0	122	35.0
A_PB1	984	125	C	0	0	125	36.5
A_PB1	985	126	C	0	0	126	35.2
A_PB1	986	124	A	0	0	124	37.7
A_PB1	987	130	A	0	0	130	38.0
A_PB1	988	130	C	0	0	130	34.6
A_PB1	989	117	C	0	0	117	37.8
A_PB1	990	120	T	0	0	120	37.3
A_PB1	991	132	G	0	0	132	35.9
A_PB1	992	128	A	0	0	128	37.5
A_PB1	993	126	A	0	0	126	35.2
A_PB1	994	135	T	0	0	135	37.2
A_PB1	995	121	G	0	0	121	35.8
A_PB1	996	140	G	0	0	140	34.1
A_PB1	997	131	T	0	0	131	35.3
A_PB1	998	122	T	0	0	122	35.0
A_PB1	999	125	C	0	0	125	36.3
A_PB1	1000	137	A	0	0	137	37.4
A_PB1	1001	123	G	0	0	123	37.0
A_PB1	1002	119	G	0	0	119	37.6
A_PB1	1003	130	A	0	0	130	37.1
A_PB1	1004	135	A	0	0	135	34.5
A_PB1	1005	134	T	0	0	134	37.2
A_PB1	1006	129	G	0	0	129	34.9
A_PB1	1007	124	T	0	0	124	36.5
A_PB1	1008	125	C	0	0	125	36.6
A_PB1	1009	144	T	0	0	144	36.6
A_PB1	1010	128	T	0	0	128	35.8
A_PB1	1011	130	G	0	0	130	34.7
A_PB1	1012	126	A	0	0	126	34.3
A_PB1	1013	122	G	0	0	122	35.4
A_PB1	1014	121	C	0	0	121	34.3
A_PB1	1015	127	A	0	0	127	36.2
A_PB1	1016	117	T	0	0	117	34.3
A_PB1	1017	117	T	0	0	117	35.3
A_PB1	1018	135	G	0	0	135	34.4
A_PB1	1019	136	C	0	0	136	37.0
A_PB1	1020	130	A	0	0	130	37.0
A_PB1	1021	114	C	0	0	114	36.3
A_PB1	1022	136	C	0	0	136	34.4
A_PB1	1023	124	T	0	0	124	36.2
A_PB1	1024	140	A	0	0	140	34.6
A_PB1	1025	107	T	0	0	107	35.9
A_PB1	1026	126	A	0	0	126	37.3
A_PB1	1027	128	A	0	0	128	37.0
A_PB1	1028	125	T	0	0	125	36.4
A_PB1	1029	127	G	0	0	127	37.0
A_PB1	1030	126	T	0	0	126	35.8
A_PB1	1031	137	T	0	0	137	34.5
A_PB1	1032	142	C	0	0	142	37.0
A_PB1	1033	134	T	0	0	134	36.9
A_PB1	1034	122	C	0	0	122	37.0
A_PB1	1035	127	A	0	0	127	36.5
A_PB1	1036	132	A	0	0	132	36.8
A_PB1	1037	118	A	0	0	118	37.5
A_PB1	1038	124	T	0	0	124	37.4
A_PB1	1039	134	A	0	0	134	36.4
A_PB1	1040	138	A	0	0	138	37.7
A_PB1	1041	129	A	0	0	129	36.9
A_PB1	1042	136	A	0	0	136	37.6
A_PB1	1043	130	T	0	0	130	37.5
A_PB1	1044	138	G	0	0	138	34.6
A_PB1	1045	125	G	0	0	125	37.2
A_PB1	1046	134	C	0	0	134	36.0
A_PB1	1047	122	A	0	0	122	37.1
A_PB1	1048	142	A	0	0	142	34.8
A_PB1	1049	139	G	0	0	139	36.9
A_PB1	1050	129	A	0	0	129	35.5
A_PB1	1051	122	C	0	0	122	35.4
A_PB1	1052	137	T	0	0	137	35.9
A_PB1	1053	123	A	0	0	123	37.3
A_PB1	1054	132	G	0	0	132	37.2
A_PB1	1055	138	G	0	0	138	37.2
A_PB1	1056	144	G	0	0	144	37.9
A_PB1	1057	133	A	0	0	133	35.3
A_PB1	1058	132	A	0	0	132	34.4
A_PB1	1059	132	A	0	0	132	34.4
A_PB1	1060	118	G	0	0	118	37.4
A_PB1	1061	139	G	0	0	139	34.2
A_PB1	1062	126	G	0	0	126	34.6
A_PB1	1063	123	T	0	0	123	34.7
A_PB1	1064	120	A	0	0	120	35.3
A_PB1	1065	145	C	0	0	145	37.4
A_PB1	1066	138	A	0	0	138	34.2
A_PB1	1067	114	T	0	0	114	36.1
A_PB1	1068	123	G	0	0	123	36.7
A_PB1	1069	121	T	0	0	121	37.6
A_PB1	1070	133	T	0	0	133	36.6
A_PB1	1071	147	C	0	0	147	36.0
A_PB1	1072	123	G	0	0	123	36.6
A_PB1	1073	126	A	0	0	126	37.8
A_PB1	1074	111	A	0	0	111	37.5
A_PB1	1075	118	A	0	0	118	36.8
A_PB1	1076	128	G	0	0	128	37.9
A_PB1	1077	121	T	0	0	121	37.1
A_PB1	1078	132	A	0	0	132	37.4
A_PB1	1079	127	A	0	0	127	34.6
A_PB1	1080	114	G	0	0	114	37.6
A_PB1	1081	120	A	0	0	120	35.7
A_PB1	1082	120	G	0	0	120	36.7
A_PB1	1083	136	C	0	0	136	37.8
A_PB1	1084	120	A	0	0	120	36.4
A_PB1	1085	127	T	0	0	127	35.6
A_PB1	1086	125	G	0	0	125	37.2
A_PB1	1087	133	A	0	0	133	34.6
A_PB1	1088	121	A	0	0	121	36.6
A_PB1	1089	124	G	0	0	124	34.5
A_PB1	1090	120	C	0	0	120	34.2
A_PB1	1091	135	T	0	0	135	37.7
A_PB1	1092	130	C	0	0	130	35.7
A_PB1	1093	119	C	0	0	119	35.0
A_PB1	1094	131	G	0	0	131	34.6
A_PB1	1095	119	A	0	0	119	35.7
A_PB1	1096	119	A	0	0	119	35.1
A_PB1	1097	128	C	0	0	128	34.9
A_PB1	1098	133	A	0	0	133	36.0
A_PB1	1099	131	C	0	0	131	37.1
A_PB1	1100	125	A	0	0	125	34.8
A_PB1	1101	138	A	0	0	138	34.4
A_PB1	1102	125	A	0	0	125	34.0
A_PB1	1103	126	T	0	0	126	37.5
A_PB1	1104	136	A	0	0	136	36.8
A_PB1	1105	133	C	0	0	133	34.5
A_PB1	1106	130	C	0	0	130	35.0
A_PB1	1107	127	A	0	0	127	36.5
A_PB1	1108	113	G	0	0	113	35.4
A_PB1	1109	115	C	0	0	115	34.9
A_PB1	1110	130	A	0	0	130	35.6
A_PB1	1111	128	G	0	0	128	37.9
A_PB1	1112	123	A	0	0	123	36.9
A_PB1	1113	116	A	0	0	116	34.6
A_PB1	1114	128	A	0	0	128	37.3
A_PB1	1115	126	T	0	0	126	37.9
A_PB1	1116	130	G	0	0	130	36.4
A_PB1	1117	132	C	0	0	132	36.3
A_PB1	1118	110	T	0	0	110	35.1
A_PB1	1119	123	A	0	0	123	35.4
A_PB1	1120	120	G	0	0	120	37.5
A_PB1	1121	121	C	0	0	121	37.4
A_PB1	1122	119	A	0	0	119	34.5
A_PB1	1123	132	A	0	0	132	35.2
A_PB1	1124	115	G	0	0	115	35.0
A_PB1	1125	121	C	0	0	121	35.2
A_PB1	1126	115	A	0	0	115	34.4
A_PB1	1127	107	T	0	0	107	36.8
A_PB1	1128	127	T	0	0	127	34.9
A_PB1	1129	124	G	0	0	124	36.1
A_PB1	1130	128	A	0	0	128	36.5
A_PB1	1131	129	T	0	0	129	36.2
A_PB1	1132	123	C	0	0	123	35.0
A_PB1	1133	125	T	0	0	125	34.1
A_PB1	1134	120	G	0	0	120	36.2
A_PB1	1135	127	A	0	0	127	37.0
A_PB1	1136	114	A	0	0	114	36.2
A_PB1	1137	116	G	0	0	116	36.5
A_PB1	1138	122	T	0	0	122	35.9
A_PB1	1139	113	A	0	0	113	34.8
A_PB1	1140	111	T	0	0	111	35.5
A_PB1	1141	114	T	0	0	114	36.1
A_PB1	1142	118	T	0	0	118	34.5
A_PB1	1143	124	C	0	0	124	37.3
A_PB1	1144	110	A	0	0	110	36.0
A_PB1	1145	125	A	0	0	125	37.2
A_PB1	1146	111	T	0	0	111	35.8
A_PB1	1147	128	G	0	0	128	35.5
A_PB1	1148	124	A	0	0	124	37.3
A_PB1	1149	116	G	0	0	116	37.3
A_PB1	1150	121	T	0	0	121	36.6
A_PB1	1151	144	C	0	0	144	35.2
A_PB1	1152	118	A	0	0	118	37.1
A_PB1	1153	141	A	0	0	141	34.4
A_PB1	1154	127	C	0	0	127	37.1
A_PB1	1155	116	A	0	0	116	37.0
A_PB1	1156	124	A	0	0	124	35.2
A_PB1	1157	125	G	0	0	125	36.4
A_PB1	1158	120	A	0	0	120	35.5
A_PB1	1159	119	A	0	0	119	35.5
A_PB1	1160	123	A	0	0	123	34.8
A_PB1	1161	122	G	0	0	122	37.1
A_PB1	1162	119	A	0	0	119	37.7
A_PB1	1163	120	A	0	0	120	34.3
A_PB1	1164	120	A	0	0	120	34.6
A_PB1	1165	128	A	0	0	128	35.8
A_PB1	1166	131	T	0	0	131	35.8
A_PB1	1167	123	A	0	0	123	37.5
A_PB1	1168	134	G	0	0	134	36.6
A_PB1	1169	126	A	0	0	126	36.5
A_PB1	1170	119	G	0	0	119	37.6
A_PB1	1171	128	A	0	0	128	37.3
A_PB1	1172	122	A	0	0	122	36.4
A_PB1	1173	125	G	0	0	125	35.2
A_PB1	1174	118	A	0	0	118	34.8
A_PB1	1175	129	T	0	0	129	36.6
A_PB1	1176	123	A	0	0	123	34.5
A_PB1	1177	118	A	0	0	118	35.8
A_PB1	1178	124	G	0	0	124	37.9
A_PB1	1179	126	A	0	0	126	37.1
A_PB1	1180	120	C	0	0	120	36.9
A_PB1	1181	140	C	0	0	140	36.1
A_PB1	1182	133	T	0	0	133	37.5
A_PB1	1183	139	C	0	0	139	35.2
A_PB1	1184	116	T	0	0	116	36.7
A_PB1	1185	119	T	0	0	119	37.3
A_PB1	1186	128	C	0	0	128	35.1
A_PB1	1187	123	T	0	0	123	35.9
A_PB1	1188	121	A	0	0	121	37.8
A_PB1	1189	135	A	0	0	135	34.9
A_PB1	1190	129	T	0	0	129	36.7
A_PB1	1191	129	A	0	0	129	34.4
A_PB1	1192	132	G	0	0	132	36.7
A_PB1	1193	134	A	0	0	134	34.8
A_PB1	1194	132	T	0	0	132	35.5
A_PB1	1195	139	G	0	0	139	35.7
A_PB1	1196	135	G	0	0	135	37.9
A_PB1	1197	127	T	0	0	127	35.6
A_PB1	1198	135	A	0	0	135	34.2
A_PB1	1199	140	C	0	0	140	37.4
A_PB1	1200	139	A	0	0	139	35.0
A_PB1	1201	148	G	0	0	148	36.5
A_PB1	1202	141	C	0	0	141	34.9
A_PB1	1203	137	C	0	0	137	37.3
A_PB1	1204	143	T	0	0	143	36.8
A_PB1	1205	135	C	0	0	135	36.5
A_PB1	1206	128	A	0	0	128	34.2
A_PB1	1207	121	T	0	0	121	37.8
A_PB1	1208	134	T	0	0	134	34.1
A_PB1	1209	147	A	0	0	147	37.0
A_PB1	1210	141	A	0	0	141	34.2
A_PB1	1211	134	G	0	0	134	35.4
A_PB1	1212	132	C	0	0	132	35.3
A_PB1	1213	137	C	0	0	137	36.7
A_PB1	1214	127	C	0	0	127	37.8
A_PB1	1215	140	A	0	0	140	35.4
A_PB1	1216	142	G	0	0	142	35.8
A_PB1	1217	118	G	0	0	118	34.4
A_PB1	1218	143	A	0	0	143	35.4
A_PB1	1219	158	A	0	0	158	35.3
A_PB1	1220	140	T	0	0	140	34.8
A_PB1	1221	146	G	0	0	146	34.0
A_PB1	1222	153	A	0	0	153	35.5
A_PB1	1223	144	T	0	0	144	35.0
A_PB1	1224	146	G	0	0	146	37.0
A_PB1	1225	140	A	0	0	140	36.5
A_PB1	1226	153	T	0	0	153	36.7
A_PB1	1227	156	G	0	0	156	37.3
A_PB1	1228	147	G	0	0	147	34.1
A_PB1	1229	157	G	0	0	157	36.5
A_PB1	1230	137	C	0	0	137	36.2
A_PB1	1231	153	A	0	0	153	37.9
A_PB1	1232	145	T	0	0	145	34.2
A_PB1	1233	141	G	0	0	141	36.9
A_PB1	1234	141	T	0	0	141	35.4
A_PB1	1235	156	T	0	0	156	36.8
A_PB1	1236	152	C	0	0	152	37.2
A_PB1	1237	153	A	0	0	153	36.8
A_PB1	1238	151	A	0	0	151	37.0
A_PB1	1239	170	T	0	0	170	34.3
A_PB1	1240	163	A	0	0	163	36.9
A_PB1	1241	167	T	0	0	167	37.6
A_PB1	1242	161	G	0	0	161	36.2
A_PB1	1243	158	C	0	0	158	37.8
A_PB1	1244	152	T	0	0	152	34.5
A_PB1	1245	154	G	0	0	154	35.7
A_PB1	1246	158	A	0	0	158	34.2
A_PB1	1247	165	G	0	0	165	36.6
A_PB1	1248	176	T	0	0	176	35.8
A_PB1	1249	170	A	0	0	170	34.5
A_PB1	1250	152	C	0	0	152	34.1
A_PB1	1251	155	A	0	0	155	37.0
A_PB1	1252	183	G	0	0	183	35.2
A_PB1	1253	167	T	0	0	167	36.3
A_PB1	1254	157	T	0	0	157	35.6
A_PB1	1255	187	T	0	0	187	35.5
A_PB1	1256	163	T	0	0	163	36.5
A_PB1	1257	183	G	0	0	183	34.2
A_PB1	1258	161	G	0	0	161	36.1
A_PB1	1259	178	G	0	0	178	35.6
A_PB1	1260	170	A	0	0	170	34.2
A_PB1	1261	174	G	0	0	174	35.2
A_PB1	1262	165	T	0	0	165	35.6
A_PB1	1263	172	T	0	0	172	36.6
A_PB1	1264	186	T	0	0	186	37.7
A_PB1	1265	181	C	0	0	181	36.6
A_PB1	1266	175	G	0	0	175	37.9
A_PB1	1267	176	A	0	0	176	36.2
A_PB1	1268	192	T	0	0	192	36.1
A_PB1	1269	156	T	0	0	156	35.0
A_PB1	1270	186	C	0	0	186	36.3
A_PB1	1271	165	T	0	0	165	34.6
A_PB1	1272	191	A	0	0	191	36.8
A_PB1	1273	172	A	0	0	172	34.2
A_PB1	1274	196	A	0	0	196	36.4
A_PB1	1275	173	T	0	0	173	36.1
A_PB1	1276	187	C	0	0	187	37.1
A_PB1	1277	162	T	0	0	162	36.5
A_PB1	1278	171	A	0	0	171	34.0
A_PB1	1279	188	G	0	0	188	37.9
A_PB1	1280	173	G	0	0	173	37.5
A_PB1	1281	200	A	0	0	200	37.4
A_PB1	1282	186	C	0	0	186	35.6
A_PB1	1283	181	A	0	0	181	37.1
A_PB1	1284	175	A	0	0	175	37.5
A_PB1	1285	190	A	0	0	190	35.3
A_PB1	1286	182	G	0	0	182	37.5
A_PB1	1287	186	G	0	0	186	34.0
A_PB1	1288	183	A	0	0	183	37.8
A_PB1	1289	151	G	0	0	151	37.4
A_PB1	1290	186	G	0	0	186	36.3
A_PB1	1291	168	T	0	0	168	36.9
A_PB1	1292	159	A	0	0	159	35.7
A_PB1	1293	179	C	0	0	179	35.4
A_PB1	1294	165	A	0	0	165	36.5
A_PB1	1295	180	C	0	0	180	34.2
A_PB1	1296	189	C	0	0	189	35.0
A_PB1	1297	195	A	0	0	195	34.7
A_PB1	1298	190	A	0	0	190	37.9
A_PB1	1299	183	A	0	0	183	35.7
A_PB1	1300	172	A	0	0	172	36.8
A_PB1	1301	178	C	0	0	178	35.9
A_PB1	1302	193	A	0	0	193	36.7
A_PB1	1303	174	A	0	0	174	36.8
A_PB1	1304	191	C	0	0	191	37.0
A_PB1	1305	203	A	0	0	203	34.2
A_PB1	1306	187	T	0	0	187	35.8
A_PB1	1307	187	A	0	0	187	35.7
A_PB1	1308	173	C	0	0	173	34.4
A_PB1	1309	177	T	0	0	177	34.2
A_PB1	1310	201	G	0	0	201	36.7
A_PB1	1311	170	G	0	0	170	34.9
A_PB1	1312	187	T	0	0	187	37.5
A_PB1	1313	185	G	0	0	185	36.0
A_PB1	1314	189	G	0	0	189	37.2
A_PB1	1315	174	G	0	0	174	37.9
A_PB1	1316	177	A	0	0	177	37.1
A_PB1	1317	202	C	0	0	202	35.7
A_PB1	1318	202	G	0	0	202	34.9
A_PB1	1319	200	G	0	0	200	35.1
A_PB1	1320	188	A	0	0	188	34.3
A_PB1	1321	197	C	0	0	197	37.5
A_PB1	1322	190	T	0	0	190	34.1
A_PB1	1323	197	C	0	0	197	36.1
A_PB1	1324	186	C	0	0	186	36.6
A_PB1	1325	204	A	0	0	204	36.0
A_PB1	1326	173	A	0	0	173	34.3
A_PB1	1327	184	T	0	0	184	34.5
A_PB1	1328	192	C	0	0	192	35.3
A_PB1	1329	179	C	0	0	179	36.4
A_PB1	1330	176	T	0	0	176	36.3
A_PB1	1331	200	C	0	0	200	35.5
A_PB1	1332	191	T	0	0	191	34.3
A_PB1	1333	196	G	0	0	196	35.1
A_PB1	1334	209	A	0	0	209	37.3
A_PB1	1335	190	T	0	0	190	36.6
A_PB1	1336	187	G	0	0	187	37.0
A_PB1	1337	172	A	0	0	172	35.7
A_PB1	1338	215	C	0	0	215	34.5
A_PB1	1339	182	T	0	0	182	34.8
A_PB1	1340	192	T	0	0	192	37.8
A_PB1	1341	197	T	0	0	197	35.8
A_PB1	1342	202	G	0	0	202	34.5
A_PB1	1343	204	C	0	0	204	37.2
A_PB1	1344	179	T	0	0	179	36.9
A_PB1	1345	178	C	0	0	178	35.2
A_PB1	1346	195	T	0	0	195	37.2
A_PB1	1347	182	C	0	0	182	37.7
A_PB1	1348	176	A	0	0	176	34.3
A_PB1	1349	176	T	0	0	176	35.3
A_PB1	1350	230	A	0	0	230	37.5
A_PB1	1351	202	G	0	0	202	36.3
A_PB1	1352	191	T	0	0	191	37.5
A_PB1	1353	177	G	0	0	177	34.3
A_PB1	1354	207	A	0	0	207	37.8
A_PB1	1355	212	A	0	0	212	37.5
A_PB1	1356	202	T	0	0	202	37.6
A_PB1	1357	178	G	0	0	178	36.4
A_PB1	1358	189	C	0	0	189	36.8
A_PB1	1359	199	T	0	0	199	34.3
A_PB1	1360	172	C	0	0	172	36.4
A_PB1	1361	174	C	0	0	174	36.5
A_PB1	1362	197	G	0	0	197	34.8
A_PB1	1363	197	A	0	0	197	37.1
A_PB1	1364	201	A	0	0	201	36.9
A_PB1	1365	185	T	0	0	185	36.1
A_PB1	1366	172	C	0	0	172	34.1
A_PB1	1367	180	A	0	0	180	36.0
A_PB1	1368	182	T	0	0	182	37.5
A_PB1	1369	188	G	0	0	188	37.6
A_PB1	1370	197	A	0	0	197	36.0
A_PB1	1371	193	G	0	0	193	36.4
A_PB1	1372	190	G	0	0	190	34.6
A_PB1	1373	187	G	0	0	187	37.7
A_PB1	1374	202	A	0	0	202	35.6
A_PB1	1375	183	A	0	0	183	36.1
A_PB1	1376	191	T	0	0	191	35.0
A_PB1	1377	177	A	0	0	177	35.3
A_PB1	1378	191	C	0	0	191	35.5
A_PB1	1379	172	A	0	0	172	36.3
A_PB1	1380	183	A	0	0	183	37.7
A_PB1	1381	184	G	0	0	184	35.9
A_PB1	1382	183	C	0	0	183	37.2
A_PB1	1383	188	A	0	0	188	35.5
A_PB1	1384	179	G	0	0	179	34.1
A_PB1	1385	172	G	0	0	172	34.8
A_PB1	1386	184	G	0	0	184	36.0
A_PB1	1387	177	G	0	0	177	36.6
A_PB1	1388	168	T	0	0	168	35.9
A_PB1	1389	183	A	0	0	183	34.4
A_PB1	1390	165	G	0	0	165	34.8
A_PB1	1391	182	A	0	0	182	37.2
A_PB1	1392	190	C	0	0	190	36.5
A_PB1	1393	189	A	0	0	189	37.1
A_PB1	1394	186	G	0	0	186	36.1
A_PB1	1395	174	A	0	0	174	35.4
A_PB1	1396	189	T	0	0	189	36.1
A_PB1	1397	181	T	0	0	181	36.1
A_PB1	1398	213	C	0	0	213	34.1
A_PB1	1399	179	T	0	0	179	37.8
A_PB1	1400	181	A	0	0	181	37.1
A_PB1	1401	180	T	0	0	180	36.2
A_PB1	1402	155	A	0	0	155	36.7
A_PB1	1403	171	G	0	0	171	36.1
A_PB1	1404	188	A	0	0	188	34.6
A_PB1	1405	164	A	0	0	164	35.6
A_PB1	1406	183	C	0	0	183	36.6
A_PB1	1407	188	C	0	0	188	35.1
A_PB1	1408	181	T	0	0	181	37.7
A_PB1	1409	163	G	0	0	163	35.9
A_PB1	1410	163	C	0	0	163	35.2
A_PB1	1411	159	A	0	0	159	34.1
A_PB1	1412	183	A	0	0	183	34.3
A_PB1	1413	172	G	0	0	172	37.0
A_PB1	1414	168	C	0	0	168	35.3
A_PB1	1415	177	T	0	0	177	35.2
A_PB1	1416	157	G	0	0	157	37.6
A_PB1	1417	159	G	0	0	159	34.5
A_PB1	1418	152	T	0	0	152	35.5
A_PB1	1419	160	C	0	0	160	35.8
A_PB1	1420	161	G	0	0	161	37.6
A_PB1	1421	162	G	0	0	162	36.2
A_PB1	1422	153	A	0	0	153	34.2
A_PB1	1423	167	A	0	0	167	36.9
A_PB1	1424	155	T	0	0	155	37.9
A_PB1	1425	149	C	0	0	149	34.9
A_PB1	1426	157	A	0	0	157	36.4
A_PB1	1427	154	A	0	0	154	36.2
A_PB1	1428	149	C	0	0	149	36.1
A_PB1	1429	159	A	0	0	159	35.6
A_PB1	1430	162	T	0	0	162	36.9
A_PB1	1431	158	G	0	0	158	36.6
A_PB1	1432	162	A	0	0	162	36.4
A_PB1	1433	175	G	0	0	175	34.4
A_PB1	1434	163	C	0	0	163	37.1
A_PB1	1435	169	A	0	0	169	36.5
A_PB1	1436	172	A	0	0	172	36.3
A_PB1	1437	146	A	0	0	146	34.2
A_PB1	1438	168	A	0	0	168	35.3
A_PB1	1439	154	A	0	0	154	36.8
A_PB1	1440	160	G	0	0	160	34.6
A_PB1	1441	156	A	0	0	156	35.6
A_PB1	1442	154	A	0	0	154	34.8
A_PB1	1443	151	G	0	0	151	36.4
A_PB1	1444	136	T	0	0	136	34.9
A_PB1	1445	164	C	0	0	164	35.2
A_PB1	1446	150	C	0	0	150	35.8
A_PB1	1447	146	T	0	0	146	36.6
A_PB1	1448	146	A	0	0	146	35.6
A_PB1	1449	144	C	0	0	144	36.1
A_PB1	1450	148	A	0	0	148	34.5
A_PB1	1451	146	T	0	0	146	34.3
A_PB1	1452	144	A	0	0	144	34.4
A_PB1	1453	148	A	0	0	148	35.0
A_PB1	1454	146	A	0	0	146	34.4
A_PB1	1455	137	C	0	0	137	36.3
A_PB1	1456	140	A	0	0	140	34.6
A_PB1	1457	149	G	0	0	149	36.3
A_PB1	1458	146	G	0	0	146	34.2
A_PB1	1459	157	A	0	0	157	36.3
A_PB1	1460	137	C	0	0	137	36.6
A_PB1	1461	155	A	0	0	155	36.1
A_PB1	1462	150	G	0	0	150	37.1
A_PB1	1463	144	G	0	0	144	37.1
A_PB1	1464	149	A	0	0	149	36.3
A_PB1	1465	160	A	0	0	160	36.0
A_PB1	1466	132	C	0	0	132	35.6
A_PB1	1467	146	A	0	0	146	35.0
A_PB1	1468	142	T	0	0	142	36.6
A_PB1	1469	125	T	0	0	125	35.5
A_PB1	1470	153	T	0	0	153	37.8
A_PB1	1471	138	G	0	0	138	36.2
A_PB1	1472	142	A	0	0	142	34.9
A_PB1	1473	128	A	0	0	128	34.6
A_PB1	1474	151	T	0	0	151	37.1
A_PB1	1475	144	T	0	0	144	36.9
A_PB1	1476	135	C	0	0	135	35.2
A_PB1	1477	150	A	0	0	150	36.2
A_PB1	1478	136	C	0	0	136	36.5
A_PB1	1479	137	A	0	0	137	34.8
A_PB1	1480	139	A	0	0	139	34.5
A_PB1	1481	153	G	0	0	153	34.4
A_PB1	1482	144	T	0	0	144	34.3
A_PB1	1483	154	T	0	0	154	35.9
A_PB1	1484	143	T	0	0	143	36.8
A_PB1	1485	138	T	0	0	138	37.4
A_PB1	1486	129	T	0	0	129	35.1
A_PB1	1487	151	T	0	0	151	34.9
A_PB1	1488	131	C	0	0	131	34.0
A_PB1	1489	128	T	0	0	128	36.8
A_PB1	1490	130	A	0	0	130	34.8
A_PB1	1491	145	C	0	0	145	34.8
A_PB1	1492	137	C	0	0	137	36.5
A_PB1	1493	139	G	0	0	139	34.5
A_PB1	1494	133	C	0	0	133	37.1
A_PB1	1495	133	T	0	0	133	35.4
A_PB1	1496	135	A	0	0	135	34.3
A_PB1	1497	137	T	0	0	137	36.8
A_PB1	1498	128	G	0	0	128	35.9
A_PB1	1499	137	G	0	0	137	35.2
A_PB1	1500	117	A	0	0	117	36.1
A_PB1	1501	123	T	0	0	123	34.8
A_PB1	1502	140	T	0	0	140	35.0
A_PB1	1503	126	T	0	0	126	37.6
A_PB1	1504	139	G	0	0	139	37.5
A_PB1	1505	133	T	0	0	133	34.4
A_PB1	1506	133	A	0	0	133	35.0
A_PB1	1507	133	G	0	0	133	37.3
A_PB1	1508	131	C	0	0	131	35.2
A_PB1	1509	141	C	0	0	141	37.3
A_PB1	1510	127	A	0	0	127	36.8
A_PB1	1511	130	A	0	0	130	36.7
A_PB1	1512	139	C	0	0	139	35.8
A_PB1	1513	123	T	0	0	123	35.3
A_PB1	1514	136	T	0	0	136	36.5
A_PB1	1515	141	C	0	0	141	35.3
A_PB1	1516	138	A	0	0	138	34.4
A_PB1	1517	133	G	0	0	133	37.6
A_PB1	1518	121	T	0	0	121	37.7
A_PB1	1519	136	A	0	0	136	34.8
A_PB1	1520	134	T	0	0	134	37.7
A_PB1	1521	123	G	0	0	123	34.1
A_PB1	1522	133	G	0	0	133	36.8
A_PB1	1523	124	A	0	0	124	37.8
A_PB1	1524	134	G	0	0	134	36.0
A_PB1	1525	132	T	0	0	132	34.5
A_PB1	1526	123	T	0	0	123	35.5
A_PB1	1527	123	G	0	0	123	34.9
A_PB1	1528	123	C	0	0	123	34.7
A_PB1	1529	121	C	0	0	121	35.3
A_PB1	1530	129	C	0	0	129	36.5
A_PB1	1531	121	A	0	0	121	35.3
A_PB1	1532	127	G	0	0	127	37.4
A_PB1	1533	144	C	0	0	144	34.2
A_PB1	1534	125	T	0	0	125	37.0
A_PB1	1535	135	T	0	0	135	35.9
A_PB1	1536	118	T	0	0	118	34.2
A_PB1	1537	134	G	0	0	134	36.4
A_PB1	1538	114	G	0	0	114	34.3
A_PB1	1539	134	A	0	0	134	34.3
A_PB1	1540	137	G	0	0	137	35.1
A_PB1	1541	126	T	0	0	126	36.8
A_PB1	1542	121	G	0	0	121	34.6
A_PB1	1543	132	T	0	0	132	37.0
A_PB1	1544	140	C	0	0	140	35.0
A_PB1	1545	131	T	0	0	131	35.9
A_PB1	1546	135	G	0	0	135	37.8
A_PB1	1547	124	G	0	0	124	37.6
A_PB1	1548	131	G	0	0	131	35.7
A_PB1	1549	131	A	0	0	131	34.7
A_PB1	1550	125	T	0	0	125	35.6
A_PB1	1551	123	C	0	0	123	34.9
A_PB1	1552	132	A	0	0	132	37.9
A_PB1	1553	135	A	0	0	135	38.0
A_PB1	1554	137	T	0	0	137	38.0
A_PB1	1555	134	G	0	0	134	37.0
A_PB1	1556	128	A	0	0	128	35.1
A_PB1	1557	119	A	0	0	119	36.6
A_PB1	1558	130	T	0	0	130	36.1
A_PB1	1559	130	C	0	0	130	36.9
A_PB1	1560	132	T	0	0	132	36.4
A_PB1	1561	128	G	0	0	128	34.2
A_PB1	1562	117	C	0	0	117	37.4
A_PB1	1563	142	A	0	0	142	35.7
A_PB1	1564	131	G	0	0	131	34.3
A_PB1	1565	127	A	0	0	127	37.3
A_PB1	1566	120	C	0	0	120	35.8
A_PB1	1567	141	A	0	0	141	37.1
A_PB1	1568	119	T	0	0	119	35.1
A_PB1	1569	144	G	0	0	144	36.0
A_PB1	1570	140	A	0	0	140	36.9
A_PB1	1571	136	G	0	0	136	36.5
A_PB1	1572	133	C	0	0	133	36.9
A_PB1	1573	132	A	0	0	132	34.4
A_PB1	1574	132	T	0	0	132	36.9
A_PB1	1575	132	T	0	0	132	37.9
A_PB1	1576	130	G	0	0	130	34.7
A_PB1	1577	139	G	0	0	139	34.7
A_PB1	1578	126	A	0	0	126	37.2
A_PB1	1579	140	G	0	0	140	37.8
A_PB1	1580	137	T	0	0	137	35.7
A_PB1	1581	127	A	0	0	127	34.7
A_PB1	1582	130	A	0	0	130	36.5
A_PB1	1583	131	C	0	0	131	35.7
A_PB1	1584	129	A	0	0	129	35.8
A_PB1	1585	133	G	0	0	133	37.1
A_PB1	1586	131	T	0	0	131	35.7
A_PB1	1587	132	G	0	0	132	36.8
A_PB1	1588	134	A	0	0	134	36.2
A_PB1	1589	140	T	0	0	140	35.0
A_PB1	1590	137	A	0	0	137	35.9
A_PB1	1591	132	A	0	0	132	34.9
A_PB1	1592	139	A	0	0	139	34.3
A_PB1	1593	140	G	0	0	140	36.8
A_PB1	1594	117	A	0	0	117	37.7
A_PB1	1595	133	A	0	0	133	34.1
A_PB1	1596	143	C	0	0	143	36.6
A_PB1	1597	141	A	0	0	141	36.8
A_PB1	1598	141	A	0	0	141	34.5
A_PB1	1599	148	C	0	0	148	34.3
A_PB1	1600	140	A	0	0	140	37.5
A_PB1	1601	137	T	0	0	137	36.6
A_PB1	1602	143	G	0	0	143	34.5
A_PB1	1603	139	A	0	0	139	35.4
A_PB1	1604	137	T	0	0	137	34.4
A_PB1	1605	137	C	0	0	137	37.4
A_PB1	1606	146	A	0	0	146	34.0
A_PB1	1607	122	A	0	0	122	35.8
A_PB1	1608	132	C	0	0	132	37.1
A_PB1	1609	137	A	0	0	137	37.5
A_PB1	1610	133	A	0	0	133	36.5
A_PB1	1611	140	T	0	0	140	36.1
A_PB1	1612	133	G	0	0	133	36.9
A_PB1	1613	142	A	0	0	142	35.3
A_PB1	1614	135	T	0	0	135	37.6
A_PB1	1615	134	C	0	0	134	37.4
A_PB1	1616	131	T	0	0	131	37.1
A_PB1	1617	142	T	0	0	142	35.4
A_PB1	1618	139	G	0	0	139	34.9
A_PB1	1619	149	G	0	0	149	37.4
A_PB1	1620	128	A	0	0	128	34.9
A_PB1	1621	140	C	0	0	140	35.6
A_PB1	1622	143	C	0	0	143	34.5
A_PB1	1623	136	A	0	0	136	35.1
A_PB1	1624	147	G	0	0	147	34.1
A_PB1	1625	150	C	0	0	150	35.2
A_PB1	1626	136	A	0	0	136	35.3
A_PB1	1627	144	A	0	0	144	36.9
A_PB1	1628	145	C	0	0	145	37.4
A_PB1	1629	133	A	0	0	133	35.3
A_PB1	1630	127	G	0	0	127	35.9
A_PB1	1631	151	C	0	0	151	35.5
A_PB1	1632	131	T	0	0	131	36.8
A_PB1	1633	135	C	0	0	135	35.4
A_PB1	1634	145	A	0	0	145	34.6
A_PB1	1635	140	A	0	0	140	34.6
A_PB1	1636	139	A	0	0	139	34.3
A_PB1	1637	132	T	0	0	132	37.4
A_PB1	1638	130	G	0	0	130	35.1
A_PB1	1639	144	G	0	0	144	35.1
A_PB1	1640	142	C	0	0	142	36.4
A_PB1	1641	133	T	0	0	133	37.7
A_PB1	1642	139	C	0	0	139	35.1
A_PB1	1643	128	T	0	0	128	34.7
A_PB1	1644	118	T	0	0	118	34.5
A_PB1	1645	149	C	0	0	149	34.6
A_PB1	1646	135	A	0	0	135	36.7
A_PB1	1647	122	G	0	0	122	34.9
A_PB1	1648	136	C	0	0	136	34.1
A_PB1	1649	141	T	0	0	141	37.4
A_PB1	1650	137	A	0	0	137	34.5
A_PB1	1651	137	T	0	0	137	36.4
A_PB1	1652	140	T	0	0	140	34.9
A_PB1	1653	137	C	0	0	137	36.6
A_PB1	1654	142	A	0	0	142	34.3
A_PB1	1655	146	T	0	0	146	37.8
A_PB1	1656	124	C	0	0	124	35.6
A_PB1	1657	161	A	0	0	161	36.7
A_PB1	1658	134	A	0	0	134	35.8
A_PB1	1659	142	G	0	0	142	36.8
A_PB1	1660	140	G	0	0	140	34.7
A_PB1	1661	124	A	0	0	124	34.4
A_PB1	1662	145	T	0	0	145	34.6
A_PB1	1663	137	T	0	0	137	36.2
A_PB1	1664	139	A	0	0	139	36.1
A_PB1	1665	121	C	0	0	121	36.1
A_PB1	1666	138	A	0	0	138	35.0
A_PB1	1667	127	G	0	0	127	34.7
A_PB1	1668	146	A	0	0	146	35.5
A_PB1	1669	138	T	0	0	138	37.5
A_PB1	1670	128	A	0	0	128	34.8
A_PB1	1671	120	C	0	0	120	37.1
A_PB1	1672	136	A	0	0	136	35.2
A_PB1	1673	137	C	0	0	137	36.5
A_PB1	1674	142	A	0	0	142	36.4
A_PB1	1675	126	T	0	0	126	35.0
A_PB1	1676	135	A	0	0	135	37.7
A_PB1	1677	133	C	0	0	133	34.8
A_PB1	1678	122	C	0	0	122	34.8
A_PB1	1679	132	G	0	0	132	37.0
A_PB1	1680	136	A	0	0	136	34.5
A_PB1	1681	125	T	0	0	125	34.1
A_PB1	1682	125	G	0	0	125	36.8
A_PB1	1683	129	T	0	0	129	36.0
A_PB1	1684	114	C	0	0	114	37.7
A_PB1	1685	130	A	0	0	130	36.7
A_PB1	1686	120	C	0	0	120	34.2
A_PB1	1687	129	A	0	0	129	35.6
A_PB1	1688	143	G	0	0	143	37.9
A_PB1	1689	122	A	0	0	122	37.4
A_PB1	1690	126	G	0	0	126	37.6
A_PB1	1691	138	G	0	0	138	35.1
A_PB1	1692	122	A	0	0	122	37.9
A_PB1	1693	123	G	0	0	123	36.1
A_PB1	1694	124	A	0	0	124	37.4
A_PB1	1695	112	C	0	0	112	37.7
A_PB1	1696	123	A	0	0	123	36.7
A_PB1	1697	125	C	0	0	125	35.2
A_PB1	1698	121	A	0	0	121	38.0
A_PB1	1699	118	C	0	0	118	36.2
A_PB1	1700	114	A	0	0	114	37.1
A_PB1	1701	135	A	0	0	135	34.4
A_PB1	1702	117	A	0	0	117	37.9
A_PB1	1703	121	T	0	0	121	34.6
A_PB1	1704	116	T	0	0	116	37.8
A_PB1	1705	133	C	0	0	133	37.7
A_PB1	1706	122	A	0	0	122	35.5
A_PB1	1707	119	G	0	0	119	34.5
A_PB1	1708	124	A	0	0	124	36.3
A_PB1	1709	113	C	0	0	113	35.5
A_PB1	1710	115	A	0	0	115	36.6
A_PB1	1711	119	A	0	0	119	37.1
A_PB1	1712	122	G	0	0	122	36.0
A_PB1	1713	127	G	0	0	127	34.2
A_PB1	1714	130	A	0	0	130	37.4
A_PB1	1715	131	G	0	0	131	37.9
A_PB1	1716	137	G	0	0	137	35.7
A_PB1	1717	121	T	0	0	121	36.1
A_PB1	1718	124	C	0	0	124	36.3
A_PB1	1719	129	A	0	0	129	36.2
A_PB1	1720	109	T	0	0	109	37.4
A_PB1	1721	134	T	0	0	134	34.6
A_PB1	1722	112	C	0	0	112	36.9
A_PB1	1723	118	G	0	0	118	35.9
A_PB1	1724	116	A	0	0	116	34.9
A_PB1	1725	112	G	0	0	112	36.6
A_PB1	1726	111	C	0	0	111	37.9
A_PB1	1727	122	T	0	0	122	36.5
A_PB1	1728	124	G	0	0	124	35.3
A_PB1	1729	122	A	0	0	122	35.6
A_PB1	1730	112	A	0	0	112	34.3
A_PB1	1731	107	G	0	0	107	35.2
A_PB1	1732	120	A	0	0	120	34.2
A_PB1	1733	122	A	0	0	122	35.8
A_PB1	1734	124	G	0	0	124	35.1
A_PB1	1735	114	T	0	0	114	35.2
A_PB1	1736	100	T	0	0	100	34.6
A_PB1	1737	115	G	0	0	115	35.7
A_PB1	1738	116	T	0	0	116	37.2
A_PB1	1739	122	G	0	0	122	37.8
A_PB1	1740	105	G	0	0	105	35.6
A_PB1	1741	111	G	0	0	111	34.6
A_PB1	1742	105	A	0	0	105	35.1
A_PB1	1743	120	A	0	0	120	35.1
A_PB1	1744	104	C	0	0	104	35.8
A_PB1	1745	105	A	0	0	105	34.1
A_PB1	1746	109	G	0	0	109	35.8
A_PB1	1747	114	A	0	0	114	34.3
A_PB1	1748	102	C	0	0	102	34.9
A_PB1	1749	99	C	0	0	99	36.2
A_PB1	1750	102	C	0	0	102	34.6
A_PB1	1751	110	G	0	0	110	36.0
A_PB1	1752	112	C	0	0	112	35.0
A_PB1	1753	105	T	0	0	105	36.8
A_PB1	1754	102	C	0	0	102	37.4
A_PB1	1755	106	A	0	0	106	35.1
A_PB1	1756	107	A	0	0	107	36.8
A_PB1	1757	105	A	0	0	105	34.2
A_PB1	1758	109	A	0	0	109	36.1
A_PB1	1759	105	G	0	0	105	36.6
A_PB1	1760	100	C	0	0	100	36.9
A_PB1	1761	108	A	0	0	108	37.8
A_PB1	1762	112	G	0	0	112	36.6
A_PB1	1763	98	G	0	0	98	36.0
A_PB1	1764	95	A	0	0	95	34.1
A_PB1	1765	105	C	0	0	105	35.2
A_PB1	1766	99	T	0	0	99	36.1
A_PB1	1767	96	G	0	0	96	37.6
A_PB1	1768	98	C	0	0	98	34.7
A_PB1	1769	94	T	0	0	94	36.5
A_PB1	1770	104	G	0	0	104	34.5
A_PB1	1771	105	G	0	0	105	37.2
A_PB1	1772	104	T	0	0	104	35.9
A_PB1	1773	99	C	0	0	99	34.9
A_PB1	1774	111	T	0	0	111	36.2
A_PB1	1775	107	C	0	0	107	37.0
A_PB1	1776	107	A	0	0	107	37.5
A_PB1	1777	96	G	0	0	96	36.9
A_PB1	1778	100	A	0	0	100	36.8
A_PB1	1779	90	T	0	0	90	35.2
A_PB1	1780	93	G	0	0	93	37.4
A_PB1	1781	100	G	0	0	100	37.6
A_PB1	1782	92	A	0	0	92	34.1
A_PB1	1783	90	G	0	0	90	36.9
A_PB1	1784	101	G	0	0	101	35.2
A_PB1	1785	103	A	0	0	103	37.4
A_PB1	1786	94	C	0	0	94	37.6
A_PB1	1787	98	C	0	0	98	36.9
A_PB1	1788	96	A	0	0	96	34.8
A_PB1	1789	100	A	0	0	100	36.2
A_PB1	1790	103	A	0	0	103	36.6
A_PB1	1791	99	T	0	0	99	34.6
A_PB1	1792	98	C	0	0	98	34.4
A_PB1	1793	97	T	0	0	97	35.3
A_PB1	1794	94	A	0	0	94	34.1
A_PB1	1795	91	T	0	0	91	36.4
A_PB1	1796	83	A	0	0	83	35.4
A_PB1	1797	103	C	0	0	103	36.7
A_PB1	1798	93	A	0	0	93	35.9
A_PB1	1799	94	A	0	0	94	34.1
A_PB1	1800	98	T	0	0	98	34.1
A_PB1	1801	95	A	0	0	95	34.7
A_PB1	1802	104	T	0	0	104	37.3
A_PB1	1803	98	T	0	0	98	36.8
A_PB1	1804	93	C	0	0	93	36.6
A_PB1	1805	91	G	0	0	91	36.2
A_PB1	1806	102	G	0	0	102	34.1
A_PB1	1807	87	A	0	0	87	34.7
A_PB1	1808	108	A	0	0	108	34.3
A_PB1	1809	98	T	0	0	98	37.3
A_PB1	1810	103	C	0	0	103	36.1
A_PB1	1811	97	T	0	0	97	35.5
A_PB1	1812	102	T	0	0	102	35.7
A_PB1	1813	95	C	0	0	95	34.2
A_PB1	1814	100	A	0	0	100	34.0
A_PB1	1815	114	C	0	0	114	36.6
A_PB1	1816	91	A	0	0	91	37.1
A_PB1	1817	96	T	0	0	96	36.3
A_PB1	1818	105	T	0	0	105	34.4
A_PB1	1819	94	C	0	0	94	35.9
A_PB1	1820	97	C	0	0	97	36.6
A_PB1	1821	106	A	0	0	106	35.9
A_PB1	1822	100	G	0	0	100	36.8
A_PB1	1823	99	A	0	0	99	35.9
A_PB1	1824	104	A	0	0	104	34.7
A_PB1	1825	105	G	0	0	105	38.0
A_PB1	1826	91	T	0	0	91	34.9
A_PB1	1827	114	C	0	0	114	34.9
A_PB1	1828	99	T	0	0	99	34.0
A_PB1	1829	99	G	0	0	99	34.2
A_PB1	1830	106	C	0	0	106	35.2
A_PB1	1831	102	T	0	0	102	35.5
A_PB1	1832	100	T	0	0	100	35.6
A_PB1	1833	91	G	0	0	91	37.1
A_PB1	1834	105	A	0	0	105	37.1
A_PB1	1835	112	A	0	0	112	35.8
A_PB1	1836	103	A	0	0	103	37.2
A_PB1	1837	94	T	0	0	94	37.2
A_PB1	1838	104	G	0	0	104	36.6
A_PB1	1839	114	G	0	0	114	35.4
A_PB1	1840	107	G	0	0	107	35.8
A_PB1	1841	103	A	0	0	103	37.8
A_PB1	1842	104	G	0	0	104	36.2
A_PB1	1843	112	C	0	0	112	36.5
A_PB1	1844	105	T	0	0	105	34.3
A_PB1	1845	109	A	0	0	109	37.4
A_PB1	1846	100	A	0	0	100	36.5
A_PB1	1847	126	T	0	0	126	36.2
A_PB1	1848	105	G	0	0	105	37.4
A_PB1	1849	115	G	0	0	115	36.3
A_PB1	1850	106	A	0	0	106	36.2
A_PB1	1851	99	C	0	0	99	37.0
A_PB1	1852	111	G	0	0	111	35.7
A_PB1	1853	106	A	0	0	106	37.3
A_PB1	1854	114	A	0	0	114	36.8
A_PB1	1855	109	G	0	0	109	34.2
A_PB1	1856	121	A	0	0	121	36.4
A_PB1	1857	117	C	0	0	117	35.4
A_PB1	1858	113	T	0	0	113	34.9
A_PB1	1859	101	A	0	0	101	38.0
A_PB1	1860	116	T	0	0	116	34.3
A_PB1	1861	108	C	0	0	108	34.4
A_PB1	1862	109	A	0	0	109	37.8
A_PB1	1863	128	G	0	0	128	34.6
A_PB1	1864	118	G	0	0	118	34.6
A_PB1	1865	120	G	0	0	120	36.7
A_PB1	1866	119	A	0	0	119	37.3
A_PB1	1867	117	A	0	0	117	36.7
A_PB1	1868	110	G	0	0	110	35.7
A_PB1	1869	114	G	0	0	114	35.6
A_PB1	1870	119	C	0	0	119	35.9
A_PB1	1871	128	T	0	0	128	34.4
A_PB1	1872	118	T	0	0	118	34.6
A_PB1	1873	128	T	0	0	128	36.4
A_PB1	1874	114	G	0	0	114	35.9
A_PB1	1875	114	T	0	0	114	35.5
A_PB1	1876	121	A	0	0	121	35.4
A_PB1	1877	120	A	0	0	120	34.9
A_PB1	1878	140	T	0	0	140	37.0
A_PB1	1879	123	C	0	0	123	35.9
A_PB1	1880	127	C	0	0	127	37.9
A_PB1	1881	128	C	0	0	128	37.2
A_PB1	1882	112	C	0	0	112	34.5
A_PB1	1883	128	T	0	0	128	36.3
A_PB1	1884	133	G	0	0	133	35.0
A_PB1	1885	125	A	0	0	125	35.6
A_PB1	1886	126	A	0	0	126	36.6
A_PB1	1887	132	C	0	0	132	35.4
A_PB1	1888	121	C	0	0	121	34.1
A_PB1	1889	124	C	0	0	124	37.6
A_PB1	1890	123	G	0	0	123	36.3
A_PB1	1891	120	T	0	0	120	35.1
A_PB1	1892	125	T	0	0	125	37.9
A_PB1	1893	124	T	0	0	124	36.5
A_PB1	1894	132	G	0	0	132	34.4
A_PB1	1895	140	T	0	0	140	37.5
A_PB1	1896	132	C	0	0	132	36.1
A_PB1	1897	138	A	0	0	138	36.5
A_PB1	1898	139	G	0	0	139	35.9
A_PB1	1899	137	C	0	0	137	34.5
A_PB1	1900	141	C	0	0	141	36.1
A_PB1	1901	124	A	0	0	124	37.5
A_PB1	1902	148	C	0	0	148	35.4
A_PB1	1903	143	A	0	0	143	37.6
A_PB1	1904	144	A	0	0	144	36.8
A_PB1	1905	128	G	0	0	128	36.8
A_PB1	1906	130	G	0	0	130	37.7
A_PB1	1907	136	A	0	0	136	34.5
A_PB1	1908	147	A	0	0	147	36.0
A_PB1	1909	144	A	0	0	144	35.7
A_PB1	1910	154	T	0	0	154	36.3
A_PB1	1911	136	A	0	0	136	37.2
A_PB1	1912	149	G	0	0	149	34.5
A_PB1	1913	147	A	0	0	147	38.0
A_PB1	1914	152	G	0	0	152	35.2
A_PB1	1915	143	T	0	0	143	36.2
A_PB1	1916	133	C	0	0	133	35.2
A_PB1	1917	146	T	0	0	146	35.0
A_PB1	1918	151	G	0	0	151	37.4
A_PB1	1919	134	T	0	0	134	36.3
A_PB1	1920	155	G	0	0	155	34.4
A_PB1	1921	144	A	0	0	144	35.3
A_PB1	1922	148	A	0	0	148	35.4
A_PB1	1923	155	C	0	0	155	37.3
A_PB1	1924	145	A	0	0	145	36.1
A_PB1	1925	155	A	0	0	155	35.7
A_PB1	1926	147	C	0	0	147	35.6
A_PB1	1927	145	G	0	0	145	34.6
A_PB1	1928	144	C	0	0	144	34.5
A_PB1	1929	160	T	0	0	160	36.9
A_PB1	1930	154	G	0	0	154	35.0
A_PB1	1931	152	T	0	0	152	36.9
A_PB1	1932	145	G	0	0	145	37.7
A_PB1	1933	174	G	0	0	174	35.9
A_PB1	1934	158	T	0	0	158	37.9
A_PB1	1935	158	G	0	0	158	36.5
A_PB1	1936	152	A	0	0	152	36.6
A_PB1	1937	170	T	0	0	170	35.1
A_PB1	1938	152	G	0	0	152	36.7
A_PB1	1939	142	C	0	0	142	35.7
A_PB1	1940	155	C	0	0	155	37.3
A_PB1	1941	156	A	0	0	156	35.7
A_PB1	1942	158	G	0	0	158	36.4
A_PB1	1943	162	C	0	0	162	36.8
A_PB1	1944	152	T	0	0	152	37.8
A_PB1	1945	177	C	0	0	177	37.5
A_PB1	1946	159	A	0	0	159	37.5
A_PB1	1947	160	T	0	0	160	36.0
A_PB1	1948	188	G	0	0	188	35.6
A_PB1	1949	160	G	0	0	160	36.2
A_PB1	1950	164	C	0	0	164	36.3
A_PB1	1951	162	C	0	0	162	37.9
A_PB1	1952	166	C	0	0	166	37.9
A_PB1	1953	169	G	0	0	169	35.3
A_PB1	1954	155	G	0	0	155	37.5
A_PB1	1955	167	C	0	0	167	34.5
A_PB1	1956	175	C	0	0	175	36.4
A_PB1	1957	166	A	0	0	166	37.5
A_PB1	1958	163	A	0	0	163	34.7
A_PB1	1959	170	G	0	0	170	35.0
A_PB1	1960	181	A	0	0	181	36.3
A_PB1	1961	171	G	0	0	171	35.1
A_PB1	1962	173	C	0	0	173	36.3
A_PB1	1963	178	A	0	0	178	34.1
A_PB1	1964	174	T	0	0	174	35.1
A_PB1	1965	186	G	0	0	186	37.8
A_PB1	1966	169	G	0	0	169	35.2
A_PB1	1967	169	A	0	0	169	37.5
A_PB1	1968	177	A	0	0	177	36.8
A_PB1	1969	199	T	0	0	199	36.4
A_PB1	1970	185	A	0	0	185	37.3
A_PB1	1971	177	T	0	0	177	34.0
A_PB1	1972	175	G	0	0	175	37.4
A_PB1	1973	177	A	0	0	177	35.1
A_PB1	1974	187	T	0	0	187	36.0
A_PB1	1975	193	G	0	0	193	36.2
A_PB1	1976	165	C	0	0	165	36.9
A_PB1	1977	179	T	0	0	179	37.1
A_PB1	1978	182	G	0	0	182	35.8
A_PB1	1979	198	T	0	0	198	36.0
A_PB1	1980	189	T	0	0	189	34.7
A_PB1	1981	164	G	0	0	164	36.0
A_PB1	1982	163	C	0	0	163	35.1
A_PB1	1983	179	C	0	0	179	34.5
A_PB1	1984	169	A	0	0	169	34.1
A_PB1	1985	168	C	0	0	168	37.0
A_PB1	1986	158	C	0	0	158	37.5
A_PB1	1987	190	A	0	0	190	35.3
A_PB1	1988	179	C	0	0	179	36.3
A_PB1	1989	197	T	0	0	197	37.8
A_PB1	1990	177	C	0	0	177	36.5
A_PB1	1991	180	A	0	0	180	36.9
A_PB1	1992	167	C	0	0	167	34.6
A_PB1	1993	198	T	0	0	198	37.6
A_PB1	1994	196	C	0	0	196	35.2
A_PB1	1995	173	C	0	0	173	36.2
A_PB1	1996	178	T	0	0	178	37.8
A_PB1	1997	181	G	0	0	181	34.9
A_PB1	1998	179	G	0	0	179	36.7
A_PB1	1999	171	A	0	0	171	35.1
A_PB1	2000	174	T	0	0	174	36.7
A_PB1	2001	179	A	0	0	179	35.0
A_PB1	2002	169	C	0	0	169	35.0
A_PB1	2003	181	C	0	0	181	36.4
A_PB1	2004	182	G	0	0	182	35.5
A_PB1	2005	179	A	0	0	179	37.9
A_PB1	2006	175	A	0	0	175	34.4
A_PB1	2007	172	G	0	0	172	36.5
A_PB1	2008	182	A	0	0	182	36.5
A_PB1	2009	171	G	0	0	171	36.8
A_PB1	2010	185	G	0	0	185	35.6
A_PB1	2011	182	A	0	0	182	38.0
A_PB1	2012	204	A	0	0	204	35.8
A_PB1	2013	196	C	0	0	196	35.2
A_PB1	2014	173	C	0	0	173	37.0
A_PB1	2015	190	G	0	0	190	36.3
A_PB1	2016	176	C	0	0	176	36.9
A_PB1	2017	184	T	0	0	184	37.7
A_PB1	2018	163	C	0	0	163	37.9
A_PB1	2019	192	C	0	0	192	37.0
A_PB1	2020	165	A	0	0	165	34.5
A_PB1	2021	192	T	0	0	192	34.3
A_PB1	2022	193	T	0	0	193	36.0
A_PB1	2023	185	C	0	0	185	35.1
A_PB1	2024	171	T	0	0	171	37.9
A_PB1	2025	176	C	0	0	176	36.1
A_PB1	2026	164	A	0	0	164	37.5
A_PB1	2027	185	A	0	0	185	36.1
A_PB1	2028	192	T	0	0	192	35.9
A_PB1	2029	162	A	0	0	162	36.7
A_PB1	2030	182	C	0	0	182	34.3
A_PB1	2031	187	A	0	0	187	34.3
A_PB1	2032	183	A	0	0	183	35.4
A_PB1	2033	184	G	0	0	184	37.1
A_PB1	2034	167	C	0	0	167	35.1
A_PB1	2035	167	C	0	0	167	34.1
A_PB1	2036	174	A	0	0	174	35.7
A_PB1	2037	166	A	0	0	166	36.3
A_PB1	2038	159	A	0	0	159	36.6
A_PB1	2039	175	G	0	0	175	37.8
A_PB1	2040	171	G	0	0	171	37.2
A_PB1	2041	184	G	0	0	184	34.1
A_PB1	2042	150	G	0	0	150	34.9
A_PB1	2043	174	A	0	0	174	34.8
A_PB1	2044	189	A	0	0	189	36.4
A_PB1	2045	180	T	0	0	180	35.1
A_PB1	2046	198	C	0	0	198	35.7
A_PB1	2047	183	C	0	0	183	35.2
A_PB1	2048	169	T	0	0	169	37.3
A_PB1	2049	166	T	0	0	166	34.7
A_PB1	2050	157	G	0	0	157	35.4
A_PB1	2051	178	A	0	0	178	37.5
A_PB1	2052	166	A	0	0	166	36.5
A_PB1	2053	167	G	0	0	167	34.5
A_PB1	2054	178	A	0	0	178	36.1
A_PB1	2055	158	C	0	0	158	34.8
A_PB1	2056	150	G	0	0	150	35.3
A_PB1	2057	171	A	0	0	171	38.0
A_PB1	2058	171	A	0	0	171	35.9
A_PB1	2059	184	C	0	0	184	37.2
A_PB1	2060	158	A	0	0	158	35.0
A_PB1	2061	184	G	0	0	184	37.9
A_PB1	2062	178	A	0	0	178	36.1
A_PB1	2063	187	T	0	0	187	36.4
A_PB1	2064	187	G	0	0	187	36.9
A_PB1	2065	185	T	0	0	185	37.9
A_PB1	2066	171	A	0	0	171	34.5
A_PB1	2067	178	T	0	0	178	36.1
A_PB1	2068	175	C	0	0	175	35.2
A_PB1	2069	160	A	0	0	160	36.3
A_PB1	2070	156	A	0	0	156	37.6
A_PB1	2071	174	A	0	0	174	36.2
A_PB1	2072	170	A	0	0	170	35.0
A_PB1	2073	172	G	0	0	172	36.4
A_PB1	2074	166	T	0	0	166	34.7
A_PB1	2075	173	G	0	0	173	36.3
A_PB1	2076	151	C	0	0	151	35.4
A_PB1	2077	160	T	0	0	160	34.8
A_PB1	2078	155	G	0	0	155	37.2
A_PB1	2079	170	C	0	0	170	34.6
A_PB1	2080	167	A	0	0	167	36.3
A_PB1	2081	160	A	0	0	160	37.5
A_PB1	2082	149	C	0	0	149	35.5
A_PB1	2083	159	C	0	0	159	34.9
A_PB1	2084	157	T	0	0	157	35.7
A_PB1	2085	164	G	0	0	164	36.7
A_PB1	2086	154	T	0	0	154	36.5
A_PB1	2087	176	T	0	0	176	35.4
A_PB1	2088	159	C	0	0	159	34.6
A_PB1	2089	162	G	0	0	162	34.4
A_PB1	2090	154	A	0	0	154	34.7
A_PB1	2091	158	A	0	0	158	36.3
A_PB1	2092	168	A	0	0	168	37.9
A_PB1	2093	162	A	0	0	162	36.3
A_PB1	2094	167	A	0	0	167	37.1
A_PB1	2095	158	T	0	0	158	38.0
A_PB1	2096	165	T	0	0	165	37.2
A_PB1	2097	160	C	0	0	160	34.3
A_PB1	2098	163	T	0	0	163	35.6
A_PB1	2099	156	T	0	0	156	36.2
A_PB1	2100	156	C	0	0	156	36.8
A_PB1	2101	158	C	0	0	158	36.0
A_PB1	2102	151	C	0	0	151	34.8
A_PB1	2103	169	T	0	0	169	36.8
A_PB1	2104	160	A	0	0	160	37.1
A_PB1	2105	158	G	0	0	158	36.8
A_PB1	2106	163	C	0	0	163	35.8
A_PB1	2107	164	A	0	0	164	35.3
A_PB1	2108	157	G	0	0	157	34.9
A_PB1	2109	157	T	0	0	157	37.4
A_PB1	2110	141	T	0	0	141	36.5
A_PB1	2111	139	C	0	0	139	35.2
A_PB1	2112	156	A	0	0	156	36.9
A_PB1	2113	153	T	0	0	153	36.4
A_PB1	2114	157	A	0	0	157	35.7
A_PB1	2115	147	C	0	0	147	34.2
A_PB1	2116	161	A	0	0	161	36.1
A_PB1	2117	146	G	0	0	146	36.4
A_PB1	2118	165	G	0	0	165	34.7
A_PB1	2119	164	A	0	0	164	36.1
A_PB1	2120	158	G	0	0	158	36.0
A_PB1	2121	151	G	0	0	151	34.8
A_PB1	2122	153	C	0	0	153	37.4
A_PB1	2123	165	C	0	0	165	36.4
A_PB1	2124	134	A	0	0	134	37.9
A_PB1	2125	152	G	0	0	152	36.8
A_PB1	2126	158	T	0	0	158	34.4
A_PB1	2127	165	T	0	0	165	36.9
A_PB1	2128	173	G	0	0	173	36.0
A_PB1	2129	138	G	0	0	138	37.8
A_PB1	2130	155	A	0	0	155	35.3
A_PB1	2131	149	A	0	0	149	36.3
A_PB1	2132	133	T	0	0	133	35.9
A_PB1	2133	152	T	0	0	152	36.9
A_PB1	2134	169	T	0	0	169	35.6
A_PB1	2135	162	C	0	0	162	35.7
A_PB1	2136	154	C	0	0	154	36.0
A_PB1	2137	170	A	0	0	170	34.0
A_PB1	2138	151	G	0	0	151	35.6
A_PB1	2139	144	C	0	0	144	35.7
A_PB1	2140	161	A	0	0	161	35.1
A_PB1	2141	150	T	0	0	150	35.8
A_PB1	2142	140	G	0	0	140	36.9
A_PB1	2143	146	G	0	0	146	37.1
A_PB1	2144	139	T	0	0	139	36.0
A_PB1	2145	150	G	0	0	150	36.9
A_PB1	2146	139	G	0	0	139	36.8
A_PB1	2147	148	A	0	0	148	36.8
A_PB1	2148	143	G	0	0	143	35.2
A_PB1	2149	137	G	0	0	137	35.9
A_PB1	2150	159	C	0	0	159	36.8
A_PB1	2151	136	C	0	0	136	35.7
A_PB1	2152	134	A	0	0	134	34.4
A_PB1	2153	134	T	0	0	134	36.3
A_PB1	2154	141	G	0	0	141	36.3
A_PB1	2155	138	G	0	0	138	34.6
A_PB1	2156	148	T	0	0	148	36.7
A_PB1	2157	143	T	0	0	143	35.5
A_PB1	2158	121	T	0	0	121	35.9
A_PB1	2159	123	C	0	0	123	34.8
A_PB1	2160	133	T	0	0	133	35.5
A_PB1	2161	119	A	0	0	119	35.2
A_PB1	2162	120	G	0	0	120	36.4
A_PB1	2163	119	G	0	0	119	37.4
A_PB1	2164	119	G	0	0	119	35.9
A_PB1	2165	113	C	0	0	113	34.4
A_PB1	2166	125	C	0	0	125	37.3
A_PB1	2167	120	C	0	0	120	37.5
A_PB1	2168	132	G	0	0	132	37.5
A_PB1	2169	123	A	0	0	123	36.6
A_PB1	2170	120	A	0	0	120	36.7
A_PB1	2171	111	T	0	0	111	36.5
A_PB1	2172	107	T	0	0	107	35.2
A_PB1	2173	102	G	0	0	102	37.1
A_PB1	2174	115	A	0	0	115	35.9
A_PB1	2175	116	C	0	0	116	35.4
A_PB1	2176	108	G	0	0	108	34.3
A_PB1	2177	104	C	0	0	104	34.8
A_PB1	2178	105	A	0	0	105	37.1
A_PB1	2179	102	C	0	0	102	37.9
A_PB1	2180	103	G	0	0	103	34.0
A_PB1	2181	102	A	0	0	102	34.0
A_PB1	2182	103	A	0	0	103	36.0
A_PB1	2183	101	T	0	0	101	37.4
A_PB1	2184	94	T	0	0	94	35.0
A_PB1	2185	103	G	0	0	103	36.3
A_PB1	2186	102	A	0	0	102	36.0
A_PB1	2187	98	C	0	0	98	35.2
A_PB1	2188	102	T	0	0	102	37.3
A_PB1	2189	104	T	0	0	104	35.3
A_PB1	2190	94	C	0	0	94	36.2
A_PB1	2191	87	G	0	0	87	34.1
A_PB1	2192	92	A	0	0	92	37.7
A_PB1	2193	100	A	0	0	100	35.5
A_PB1	2194	88	T	0	0	88	37.1
A_PB1	2195	91	C	0	0	91	36.1
A_PB1	2196	90	T	0	0	90	35.7
A_PB1	2197	92	G	0	0	92	37.4
A_PB1	2198	86	G	0	0	86	37.4
A_PB1	2199	88	A	0	0	88	37.3
A_PB1	2200	77	C	0	0	77	37.8
A_PB1	2201	75	G	0	0	75	35.5
A_PB1	2202	85	G	0	0	85	34.3
A_PB1	2203	82	A	0	0	82	36.1
A_PB1	2204	82	T	0	0	82	36.4
A_PB1	2205	74	T	0	0	74	36.2
A_PB1	2206	87	A	0	0	87	37.0
A_PB1	2207	73	A	0	0	73	34.5
A_PB1	2208	77	G	0	0	77	37.8
A_PB1	2209	75	A	0	0	75	35.8
A_PB1	2210	76	A	0	0	76	35.6
A_PB1	2211	71	G	0	0	71	37.7
A_PB1	2212	72	G	0	0	72	34.6
A_PB1	2213	68	A	0	0	68	37.2
A_PB1	2214	71	G	0	0	71	36.4
A_PB1	2215	66	G	0	0	66	34.6
A_PB1	2216	65	A	0	0	65	34.8
A_PB1	2217	69	G	0	0	69	36.2
A_PB1	2218	61	T	0	0	61	36.2
A_PB1	2219	63	T	0	0	63	35.9
A_PB1	2220	63	T	0	0	63	36.5
A_PB1	2221	60	G	0	0	60	36.6
A_PB1	2222	66	C	0	0	66	35.2
A_PB1	2223	57	T	0	0	57	35.6
A_PB1	2224	66	G	0	0	66	37.9
A_PB1	2225	57	A	0	0	57	36.7
A_PB1	2226	65	G	0	0	65	35.0
A_PB1	2227	56	A	0	0	56	35.0
A_PB1	2228	51	T	0	0	51	36.1
A_PB1	2229	57	C	0	0	57	35.5
A_PB1	2230	54	A	0	0	54	35.3
A_PB1	2231	53	T	0	0	53	37.5
A_PB1	2232	51	G	0	0	51	37.9
A_PB1	2233	47	A	0	0	47	37.0
A_PB1	2234	43	A	0	0	43	36.0
A_PB1	2235	45	G	0	0	45	35.2
A_PB1	2236	45	A	0	0	45	35.9
A_PB1	2237	42	T	0	0	42	35.1
A_PB1	2238	41	C	0	0	41	35.6
A_PB1	2239	43	T	0	0	43	34.8
A_PB1	2240	41	G	0	0	41	37.6
A_PB1	2241	41	T	0	0	41	34.4
A_PB1	2242	40	T	0	0	40	36.0
A_PB1	2243	32	C	0	0	32	36.0
A_PB1	2244	37	C	0	0	37	35.4
A_PB1	2245	36	A	0	0	36	35.9
A_PB1	2246	32	C	0	0	32	36.6
A_PB1	2247	32	C	0	0	32	36.5
A_PB1	2248	29	A	0	0	29	36.0
A_PB1	2249	31	T	0	0	31	35.2
A_PB1	2250	27	T	0	0	27	34.4
A_PB1	2251	32	G	0	0	32	35.0
A_PB1	2252	26	A	0	0	26	36.8
A_PB1	2253	24	A	0	0	24	37.1
A_PB1	2254	24	G	0	0	24	35.3
A_PB1	2255	22	A	0	0	22	35.5
A_PB1	2256	22	G	0	0	22	37.2
A_PB1	2257	21	C	0	0	21	38.0
A_PB1	2258	19	T	0	0	19	34.7
A_PB1	2259	18	C	0	0	18	35.0
A_PB1	2260	15	A	0	0	15	34.7
A_PB1	2261	14	G	0	0	14	36.0
A_PB1	2262	15	A	0	0	15	36.7
A_PB1	2263	13	C	0	0	13	37.7
A_PB1	2264	11	G	0	0	11	35.7
A_PB1	2265	10	G	0	0	10	36.2
A_PB1	2266	9	C	0	0	9	34.1
A_PB1	2267	9	A	0	0	9	34.4
A_PB1	2268	7	G	0	0	7	37.8
A_PB1	2269	6	A	0	0	6	37.0
A_PB1	2270	5	A	0	0	5	34.1
A_PB1	2271	4	A	0	0	4	34.1
A_PB1	2272	2	T	0	0	2	37.7
A_PB1	2273	1	A	0	0	1	36.7
A_PB1	2274	0	G	0	0	0	37.1
