Reference_Name	Position	Coverage Depth	Consensus	Deletions	Ambiguous	Consensus_Count	Consensus_Average_Quality
A_PB2	1	1	A	0	0	1	35.3
A_PB2	2	2	T	0	0	2	36.7
A_PB2	3	3	G	0	0	3	36.8
A_PB2	4	4	G	0	0	4	36.3
A_PB2	5	5	A	0	0	5	34.9
A_PB2	6	6	G	0	0	6	37.0
A_PB2	7	6	A	0	0	6	34.4
A_PB2	8	8	G	0	0	8	34.9
A_PB2	9	8	A	0	0	8	37.7
A_PB2	10	9	A	0	0	9	36.0
A_PB2	11	9	T	0	0	9	37.3
A_PB2	12	11	A	0	0	11	36.3
A_PB2	13	13	A	0	0	13	35.9
A_PB2	14	13	A	0	0	13	37.5
A_PB2	15	15	A	0	0	15	34.1
A_PB2	16	15	G	0	0	15	35.4
A_PB2	17	17	A	0	0	17	36.4
A_PB2	18	18	A	0	0	18	36.8
A_PB2	19	16	C	0	0	16	36.1
A_PB2	20	20	T	0	0	20	35.1
A_PB2	21	20	A	0	0	20	34.8
A_PB2	22	21	A	0	0	21	35.3
A_PB2	23	23	G	0	0	23	34.3
A_PB2	24	22	A	0	0	22	36.1
A_PB2	25	26	G	0	0	26	36.6
A_PB2	26	24	A	0	0	24	37.2
A_PB2	27	29	T	0	0	29	36.5
A_PB2	28	29	C	0	0	29	36.4
A_PB2	29	31	T	0	0	31	36.8
A_PB2	30	31	A	0	0	31	36.0
A_PB2	31	30	A	0	0	30	36.3
A_PB2	32	32	T	0	0	32	35.9
A_PB2	33	30	G	0	0	30	36.7
A_PB2	34	34	T	0	0	34	35.9
A_PB2	35	38	C	0	0	38	36.1
A_PB2	36	36	A	0	0	36	35.3
A_PB2	37	38	C	0	0	38	34.1
A_PB2	38	37	A	0	0	37	36.5
A_PB2	39	37	G	0	0	37	37.1
A_PB2	40	40	T	0	0	40	34.6
A_PB2	41	46	C	0	0	46	34.9
A_PB2	42	41	T	0	0	41	36.2
A_PB2	43	42	C	0	0	42	35.1
A_PB2	44	49	G	0	0	49	37.3
A_PB2	45	43	C	0	0	43	35.9
A_PB2	46	48	A	0	0	48	35.0
A_PB2	47	49	C	0	0	49	37.0
A_PB2	48	53	T	0	0	53	35.4
A_PB2	49	55	C	0	0	55	37.5
A_PB2	50	48	G	0	0	48	36.6
A_PB2	51	62	C	0	0	62	36.0
A_PB2	52	53	G	0	0	53	35.2
A_PB2	53	53	A	0	0	53	37.1
A_PB2	54	60	G	0	0	60	37.6
A_PB2	55	50	A	0	0	50	37.5
A_PB2	56	62	T	0	0	62	35.6
A_PB2	57	62	A	0	0	62	36.9
A_PB2	58	64	C	0	0	64	37.7
A_PB2	59	63	T	0	0	63	34.9
A_PB2	60	65	G	0	0	65	36.1
A_PB2	61	72	A	0	0	72	35.0
A_PB2	62	66	C	0	0	66	37.2
A_PB2	63	69	C	0	0	69	36.0
A_PB2	64	73	A	0	0	73	34.9
A_PB2	65	79	A	0	0	79	35.3
A_PB2	66	77	A	0	0	77	35.1
A_PB2	67	78	A	0	0	78	34.7
A_PB2	68	86	C	0	0	86	34.4
A_PB2	69	79	C	0	0	79	36.3
A_PB2	70	80	A	0	0	80	35.0
A_PB2	71	73	C	0	0	73	37.3
A_PB2	72	82	T	0	0	82	37.1
A_PB2	73	92	G	0	0	92	34.7
A_PB2	74	80	T	0	0	80	37.7
A_PB2	75	72	T	0	0	72	35.0
A_PB2	76	82	G	0	0	82	35.4
A_PB2	77	81	A	0	0	81	34.7
A_PB2	78	97	C	0	0	97	37.9
A_PB2	79	94	C	0	0	94	36.0
A_PB2	80	85	A	0	0	85	36.0
A_PB2	81	98	C	0	0	98	35.9
A_PB2	82	94	A	0	0	94	35.0
A_PB2	83	97	T	0	0	97	36.4
A_PB2	84	107	G	0	0	107	36.1
A_PB2	85	101	G	0	0	101	34.3
A_PB2	86	103	C	0	0	103	35.7
A_PB2	87	108	C	0	0	108	34.5
A_PB2	88	107	A	0	0	107	35.4
A_PB2	89	99	T	0	0	99	37.2
A_PB2	90	105	A	0	0	105	36.5
A_PB2	91	111	A	0	0	111	37.7
A_PB2	92	107	T	0	0	107	35.5
A_PB2	93	116	C	0	0	116	35.6
A_PB2	94	114	A	0	0	114	36.6
A_PB2	95	107	A	0	0	107	34.5
A_PB2	96	122	A	0	0	122	34.2
A_PB2	97	110	A	0	0	110	37.2
A_PB2	98	121	A	0	0	121	36.8
A_PB2	99	131	G	0	0	131	37.7
A_PB2	100	115	T	0	0	115	36.5
A_PB2	101	114	A	0	0	114	34.9
A_PB2	102	126	C	0	0	126	34.1
A_PB2	103	123	A	0	0	123	34.6
A_PB2	104	120	C	0	0	120	34.8
A_PB2	105	135	A	0	0	135	35.2
A_PB2	106	126	T	0	0	126	36.2
A_PB2	107	129	C	0	0	129	36.5
A_PB2	108	132	G	0	0	132	36.6
A_PB2	109	140	G	0	0	140	34.5
A_PB2	110	145	G	0	0	145	36.3
A_PB2	111	138	A	0	0	138	37.2
A_PB2	112	137	A	0	0	137	37.9
A_PB2	113	139	G	0	0	139	35.5
A_PB2	114	139	G	0	0	139	35.8
A_PB2	115	140	C	0	0	140	34.2
A_PB2	116	151	A	0	0	151	37.5
A_PB2	117	146	A	0	0	146	37.4
A_PB2	118	144	G	0	0	144	35.6
A_PB2	119	144	A	0	0	144	34.5
A_PB2	120	140	G	0	0	140	34.2
A_PB2	121	151	A	0	0	151	35.3
A_PB2	122	153	A	0	0	153	37.3
A_PB2	123	155	G	0	0	155	35.6
A_PB2	124	156	A	0	0	156	37.1
A_PB2	125	160	A	0	0	160	37.7
A_PB2	126	169	C	0	0	169	36.4
A_PB2	127	152	C	0	0	152	36.9
A_PB2	128	146	C	0	0	146	37.2
A_PB2	129	148	C	0	0	148	36.2
A_PB2	130	155	G	0	0	155	35.6
A_PB2	131	171	C	0	0	171	35.3
A_PB2	132	155	A	0	0	155	35.8
A_PB2	133	178	C	0	0	178	34.7
A_PB2	134	159	T	0	0	159	37.4
A_PB2	135	152	C	0	0	152	36.7
A_PB2	136	175	A	0	0	175	34.2
A_PB2	137	177	G	0	0	177	34.5
A_PB2	138	164	A	0	0	164	34.4
A_PB2	139	179	A	0	0	179	37.5
A_PB2	140	183	T	0	0	183	36.1
A_PB2	141	176	G	0	0	176	36.7
A_PB2	142	176	A	0	0	176	34.7
A_PB2	143	175	A	0	0	175	36.4
A_PB2	144	176	A	0	0	176	35.2
A_PB2	145	169	T	0	0	169	35.0
A_PB2	146	173	G	0	0	173	35.3
A_PB2	147	167	G	0	0	167	36.3
A_PB2	148	154	A	0	0	154	34.8
A_PB2	149	174	T	0	0	174	34.3
A_PB2	150	163	G	0	0	163	35.7
A_PB2	151	166	A	0	0	166	37.7
A_PB2	152	165	T	0	0	165	34.7
A_PB2	153	180	G	0	0	180	37.8
A_PB2	154	162	G	0	0	162	36.4
A_PB2	155	169	C	0	0	169	35.7
A_PB2	156	158	A	0	0	158	36.3
A_PB2	157	133	A	0	0	133	36.1
A_PB2	158	159	T	0	0	159	34.9
A_PB2	159	165	G	0	0	165	34.2
A_PB2	160	156	A	0	0	156	37.1
A_PB2	161	165	A	0	0	165	37.8
A_PB2	162	173	A	0	0	173	37.3
A_PB2	163	168	T	0	0	168	37.1
A_PB2	164	156	A	0	0	156	36.6
A_PB2	165	167	T	0	0	167	37.4
A_PB2	166	148	C	0	0	148	36.9
A_PB2	167	164	C	0	0	164	35.1
A_PB2	168	168	A	0	0	168	34.3
A_PB2	169	168	A	0	0	168	34.5
A_PB2	170	164	T	0	0	164	37.1
A_PB2	171	169	T	0	0	169	37.7
A_PB2	172	170	A	0	0	170	35.5
A_PB2	173	165	C	0	0	165	37.6
A_PB2	174	170	A	0	0	170	34.4
A_PB2	175	164	G	0	0	164	35.1
A_PB2	176	165	C	0	0	165	35.6
A_PB2	177	171	A	0	0	171	37.5
A_PB2	178	155	G	0	0	155	34.7
A_PB2	179	185	A	0	0	185	37.2
A_PB2	180	150	T	0	0	150	35.5
A_PB2	181	166	A	0	0	166	35.1
A_PB2	182	162	A	0	0	162	37.3
A_PB2	183	160	G	0	0	160	34.3
A_PB2	184	159	C	0	0	159	36.3
A_PB2	185	138	G	0	0	138	34.5
A_PB2	186	179	A	0	0	179	35.2
A_PB2	187	150	A	0	0	150	36.3
A_PB2	188	170	T	0	0	170	36.8
A_PB2	189	184	A	0	0	184	35.5
A_PB2	190	163	A	0	0	163	37.6
A_PB2	191	169	T	0	0	169	34.8
A_PB2	192	152	G	0	0	152	34.6
A_PB2	193	153	G	0	0	153	37.8
A_PB2	194	160	A	0	0	160	35.0
A_PB2	195	153	A	0	0	153	34.7
A_PB2	196	169	A	0	0	169	36.4
A_PB2	197	158	T	0	0	158	35.1
A_PB2	198	157	G	0	0	157	35.5
A_PB2	199	147	A	0	0	147	34.1
A_PB2	200	163	T	0	0	163	35.0
A_PB2	201	155	C	0	0	155	34.3
A_PB2	202	164	C	0	0	164	37.2
A_PB2	203	152	C	0	0	152	34.1
A_PB2	204	139	T	0	0	139	37.7
A_PB2	205	148	G	0	0	148	36.8
A_PB2	206	152	A	0	0	152	35.8
A_PB2	207	166	G	0	0	166	34.5
A_PB2	208	152	A	0	0	152	34.6
A_PB2	209	148	G	0	0	148	35.4
A_PB2	210	148	G	0	0	148	36.4
A_PB2	211	146	A	0	0	146	35.2
A_PB2	212	152	A	0	0	152	37.0
A_PB2	213	155	T	0	0	155	35.3
A_PB2	214	157	G	0	0	157	36.4
A_PB2	215	157	A	0	0	157	36.4
A_PB2	216	148	A	0	0	148	35.3
A_PB2	217	141	C	0	0	141	37.7
A_PB2	218	142	A	0	0	142	37.7
A_PB2	219	143	A	0	0	143	36.6
A_PB2	220	135	G	0	0	135	36.1
A_PB2	221	138	G	0	0	138	36.1
A_PB2	222	143	G	0	0	143	37.7
A_PB2	223	129	C	0	0	129	34.5
A_PB2	224	150	A	0	0	150	36.9
A_PB2	225	129	A	0	0	129	36.9
A_PB2	226	148	A	0	0	148	36.0
A_PB2	227	135	C	0	0	135	34.6
A_PB2	228	136	T	0	0	136	34.8
A_PB2	229	149	C	0	0	149	37.7
A_PB2	230	134	T	0	0	134	36.7
A_PB2	231	149	C	0	0	149	36.0
A_PB2	232	132	T	0	0	132	34.5
A_PB2	233	133	G	0	0	133	37.8
A_PB2	234	153	G	0	0	153	36.6
A_PB2	235	142	A	0	0	142	37.6
A_PB2	236	143	G	0	0	143	36.2
A_PB2	237	150	C	0	0	150	35.1
A_PB2	238	140	A	0	0	140	36.8
A_PB2	239	140	A	0	0	140	35.4
A_PB2	240	122	A	0	0	122	35.1
A_PB2	241	137	A	0	0	137	38.0
A_PB2	242	128	C	0	0	128	36.3
A_PB2	243	138	A	0	0	138	36.7
A_PB2	244	123	A	0	0	123	37.7
A_PB2	245	140	A	0	0	140	36.2
A_PB2	246	124	C	0	0	124	37.1
A_PB2	247	128	G	0	0	128	34.9
A_PB2	248	134	A	0	0	134	37.1
A_PB2	249	114	T	0	0	114	36.2
A_PB2	250	136	G	0	0	136	34.4
A_PB2	251	138	C	0	0	138	36.9
A_PB2	252	130	C	0	0	130	36.4
A_PB2	253	129	G	0	0	129	36.1
A_PB2	254	131	G	0	0	131	35.8
A_PB2	255	109	A	0	0	109	35.2
A_PB2	256	115	T	0	0	115	34.7
A_PB2	257	132	C	0	0	132	34.8
A_PB2	258	121	A	0	0	121	36.0
A_PB2	259	131	G	0	0	131	36.2
A_PB2	260	126	A	0	0	126	37.5
A_PB2	261	135	C	0	0	135	37.7
A_PB2	262	117	C	0	0	117	37.7
A_PB2	263	123	G	0	0	123	36.9
A_PB2	264	130	A	0	0	130	35.3
A_PB2	265	129	G	0	0	129	35.2
A_PB2	266	112	T	0	0	112	36.2
A_PB2	267	113	G	0	0	113	36.6
A_PB2	268	116	A	0	0	116	37.6
A_PB2	269	115	T	0	0	115	34.5
A_PB2	270	127	G	0	0	127	36.3
A_PB2	271	109	G	0	0	109	37.2
A_PB2	272	118	T	0	0	118	37.6
A_PB2	273	130	A	0	0	130	37.9
A_PB2	274	117	T	0	0	117	34.4
A_PB2	275	126	C	0	0	126	34.5
A_PB2	276	121	A	0	0	121	36.6
A_PB2	277	128	C	0	0	128	36.0
A_PB2	278	118	C	0	0	118	36.3
A_PB2	279	105	C	0	0	105	35.4
A_PB2	280	108	C	0	0	108	37.2
A_PB2	281	124	T	0	0	124	37.1
A_PB2	282	118	G	0	0	118	35.4
A_PB2	283	121	G	0	0	121	34.1
A_PB2	284	117	C	0	0	117	35.1
A_PB2	285	109	T	0	0	109	35.5
A_PB2	286	112	G	0	0	112	34.5
A_PB2	287	119	T	0	0	119	35.6
A_PB2	288	105	G	0	0	105	36.6
A_PB2	289	112	A	0	0	112	37.0
A_PB2	290	112	C	0	0	112	36.5
A_PB2	291	114	A	0	0	114	36.4
A_PB2	292	126	T	0	0	126	34.4
A_PB2	293	118	G	0	0	118	36.9
A_PB2	294	117	G	0	0	117	35.0
A_PB2	295	105	T	0	0	105	37.9
A_PB2	296	110	G	0	0	110	34.6
A_PB2	297	112	G	0	0	112	37.4
A_PB2	298	105	A	0	0	105	35.7
A_PB2	299	119	A	0	0	119	35.6
A_PB2	300	123	C	0	0	123	37.7
A_PB2	301	127	A	0	0	127	34.3
A_PB2	302	108	G	0	0	108	35.8
A_PB2	303	116	G	0	0	116	34.6
A_PB2	304	105	A	0	0	105	37.0
A_PB2	305	106	A	0	0	106	36.1
A_PB2	306	102	C	0	0	102	34.8
A_PB2	307	117	G	0	0	117	37.7
A_PB2	308	108	G	0	0	108	36.0
A_PB2	309	113	A	0	0	113	35.8
A_PB2	310	103	C	0	0	103	34.1
A_PB2	311	107	C	0	0	107	35.5
A_PB2	312	109	A	0	0	109	36.7
A_PB2	313	106	A	0	0	106	34.2
A_PB2	314	106	C	0	0	106	34.6
A_PB2	315	115	A	0	0	115	35.8
A_PB2	316	107	A	0	0	107	35.4
A_PB2	317	115	C	0	0	115	37.2
A_PB2	318	102	A	0	0	102	36.8
A_PB2	319	105	A	0	0	105	35.6
A_PB2	320	101	G	0	0	101	37.2
A_PB2	321	109	T	0	0	109	37.4
A_PB2	322	118	A	0	0	118	37.3
A_PB2	323	99	C	0	0	99	34.7
A_PB2	324	110	A	0	0	110	34.5
A_PB2	325	106	G	0	0	106	37.5
A_PB2	326	106	T	0	0	106	36.9
A_PB2	327	103	C	0	0	103	37.1
A_PB2	328	115	C	0	0	115	37.9
A_PB2	329	98	A	0	0	98	35.6
A_PB2	330	110	C	0	0	110	37.9
A_PB2	331	105	T	0	0	105	34.9
A_PB2	332	106	A	0	0	106	37.8
A_PB2	333	113	C	0	0	113	34.6
A_PB2	334	117	C	0	0	117	35.8
A_PB2	335	112	C	0	0	112	37.5
A_PB2	336	114	A	0	0	114	35.7
A_PB2	337	94	A	0	0	94	35.3
A_PB2	338	104	A	0	0	104	37.3
A_PB2	339	89	G	0	0	89	35.4
A_PB2	340	101	G	0	0	101	36.0
A_PB2	341	102	T	0	0	102	35.5
A_PB2	342	115	A	0	0	115	34.7
A_PB2	343	106	T	0	0	106	34.3
A_PB2	344	110	A	0	0	110	34.6
A_PB2	345	114	T	0	0	114	37.4
A_PB2	346	105	A	0	0	105	36.9
A_PB2	347	104	A	0	0	104	35.1
A_PB2	348	106	A	0	0	106	35.5
A_PB2	349	103	A	0	0	103	34.4
A_PB2	350	111	C	0	0	111	37.7
A_PB2	351	102	T	0	0	102	36.3
A_PB2	352	96	T	0	0	96	37.2
A_PB2	353	106	A	0	0	106	36.1
A_PB2	354	103	T	0	0	103	34.4
A_PB2	355	114	T	0	0	114	35.8
A_PB2	356	108	T	0	0	108	35.4
A_PB2	357	97	C	0	0	97	36.9
A_PB2	358	107	G	0	0	107	37.4
A_PB2	359	110	A	0	0	110	35.9
A_PB2	360	104	A	0	0	104	36.8
A_PB2	361	107	A	0	0	107	34.1
A_PB2	362	115	A	0	0	115	36.1
A_PB2	363	108	A	0	0	108	36.2
A_PB2	364	106	G	0	0	106	34.3
A_PB2	365	103	T	0	0	103	37.0
A_PB2	366	105	T	0	0	105	37.2
A_PB2	367	96	G	0	0	96	37.0
A_PB2	368	102	A	0	0	102	34.8
A_PB2	369	110	A	0	0	110	37.8
A_PB2	370	111	A	0	0	111	36.0
A_PB2	371	102	G	0	0	102	35.9
A_PB2	372	109	G	0	0	109	34.0
A_PB2	373	96	T	0	0	96	36.3
A_PB2	374	116	T	0	0	116	34.8
A_PB2	375	109	G	0	0	109	36.3
A_PB2	376	117	A	0	0	117	37.4
A_PB2	377	104	A	0	0	104	36.3
A_PB2	378	103	A	0	0	103	36.6
A_PB2	379	104	C	0	0	104	35.7
A_PB2	380	109	A	0	0	109	34.1
A_PB2	381	107	C	0	0	107	34.1
A_PB2	382	100	G	0	0	100	35.7
A_PB2	383	129	G	0	0	129	35.0
A_PB2	384	115	G	0	0	115	36.2
A_PB2	385	107	A	0	0	107	37.8
A_PB2	386	110	C	0	0	110	37.8
A_PB2	387	107	C	0	0	107	35.7
A_PB2	388	114	T	0	0	114	36.2
A_PB2	389	106	T	0	0	106	36.1
A_PB2	390	114	T	0	0	114	37.9
A_PB2	391	115	G	0	0	115	34.2
A_PB2	392	108	G	0	0	108	36.0
A_PB2	393	116	C	0	0	116	37.9
A_PB2	394	105	C	0	0	105	36.1
A_PB2	395	113	C	0	0	113	34.9
A_PB2	396	116	T	0	0	116	35.7
A_PB2	397	125	G	0	0	125	38.0
A_PB2	398	112	T	0	0	112	37.7
A_PB2	399	113	G	0	0	113	34.5
A_PB2	400	108	C	0	0	108	34.8
A_PB2	401	124	A	0	0	124	37.9
A_PB2	402	108	C	0	0	108	37.8
A_PB2	403	100	T	0	0	100	35.0
A_PB2	404	109	T	0	0	109	36.7
A_PB2	405	115	C	0	0	115	37.6
A_PB2	406	106	A	0	0	106	36.7
A_PB2	407	115	G	0	0	115	35.4
A_PB2	408	111	A	0	0	111	36.7
A_PB2	409	107	A	0	0	107	35.3
A_PB2	410	106	A	0	0	106	35.7
A_PB2	411	111	C	0	0	111	34.9
A_PB2	412	109	C	0	0	109	37.1
A_PB2	413	117	A	0	0	117	34.5
A_PB2	414	108	A	0	0	108	37.7
A_PB2	415	110	G	0	0	110	34.1
A_PB2	416	107	T	0	0	107	34.3
A_PB2	417	97	T	0	0	97	34.7
A_PB2	418	116	A	0	0	116	34.2
A_PB2	419	99	A	0	0	99	35.5
A_PB2	420	106	G	0	0	106	37.0
A_PB2	421	111	A	0	0	111	36.8
A_PB2	422	114	T	0	0	114	35.5
A_PB2	423	116	A	0	0	116	34.3
A_PB2	424	114	A	0	0	114	36.7
A_PB2	425	118	G	0	0	118	37.3
A_PB2	426	138	A	0	0	138	35.3
A_PB2	427	110	C	0	0	110	36.4
A_PB2	428	120	G	0	0	120	34.3
A_PB2	429	117	G	0	0	117	35.3
A_PB2	430	106	A	0	0	106	35.5
A_PB2	431	128	G	0	0	128	36.9
A_PB2	432	121	G	0	0	121	35.9
A_PB2	433	126	G	0	0	126	35.1
A_PB2	434	110	T	0	0	110	36.1
A_PB2	435	113	C	0	0	113	37.5
A_PB2	436	126	G	0	0	126	34.6
A_PB2	437	112	A	0	0	112	34.4
A_PB2	438	123	T	0	0	123	35.4
A_PB2	439	116	A	0	0	116	37.1
A_PB2	440	107	T	0	0	107	35.8
A_PB2	441	118	A	0	0	118	35.7
A_PB2	442	127	A	0	0	127	35.5
A_PB2	443	118	A	0	0	118	35.9
A_PB2	444	112	C	0	0	112	35.1
A_PB2	445	112	C	0	0	112	35.1
A_PB2	446	116	C	0	0	116	35.4
A_PB2	447	121	G	0	0	121	36.2
A_PB2	448	119	G	0	0	119	37.0
A_PB2	449	112	G	0	0	112	35.0
A_PB2	450	121	C	0	0	121	35.6
A_PB2	451	110	C	0	0	110	35.2
A_PB2	452	114	A	0	0	114	36.1
A_PB2	453	108	T	0	0	108	37.6
A_PB2	454	105	G	0	0	105	37.0
A_PB2	455	104	C	0	0	104	36.0
A_PB2	456	110	T	0	0	110	36.8
A_PB2	457	107	G	0	0	107	36.1
A_PB2	458	126	A	0	0	126	36.3
A_PB2	459	111	C	0	0	111	36.8
A_PB2	460	111	C	0	0	111	36.3
A_PB2	461	103	T	0	0	103	35.6
A_PB2	462	117	C	0	0	117	36.1
A_PB2	463	114	A	0	0	114	36.7
A_PB2	464	109	G	0	0	109	37.2
A_PB2	465	126	T	0	0	126	35.8
A_PB2	466	113	G	0	0	113	35.1
A_PB2	467	118	C	0	0	118	36.7
A_PB2	468	123	C	0	0	123	37.8
A_PB2	469	116	A	0	0	116	34.7
A_PB2	470	117	A	0	0	117	36.3
A_PB2	471	115	A	0	0	115	35.4
A_PB2	472	112	G	0	0	112	37.2
A_PB2	473	107	A	0	0	107	37.8
A_PB2	474	123	G	0	0	123	34.2
A_PB2	475	103	G	0	0	103	37.8
A_PB2	476	118	C	0	0	118	34.9
A_PB2	477	102	G	0	0	102	36.4
A_PB2	478	123	C	0	0	123	35.6
A_PB2	479	113	A	0	0	113	34.4
A_PB2	480	114	G	0	0	114	37.4
A_PB2	481	119	G	0	0	119	37.1
A_PB2	482	112	A	0	0	112	34.2
A_PB2	483	110	T	0	0	110	35.8
A_PB2	484	111	G	0	0	111	35.4
A_PB2	485	115	T	0	0	115	37.1
A_PB2	486	109	A	0	0	109	37.3
A_PB2	487	118	A	0	0	118	35.0
A_PB2	488	104	T	0	0	104	36.7
A_PB2	489	114	C	0	0	114	35.3
A_PB2	490	97	A	0	0	97	37.3
A_PB2	491	121	T	0	0	121	34.8
A_PB2	492	111	G	0	0	111	34.6
A_PB2	493	103	G	0	0	103	36.9
A_PB2	494	119	A	0	0	119	35.2
A_PB2	495	116	A	0	0	116	36.1
A_PB2	496	111	G	0	0	111	37.9
A_PB2	497	102	T	0	0	102	38.0
A_PB2	498	107	C	0	0	107	36.0
A_PB2	499	113	G	0	0	113	34.8
A_PB2	500	107	T	0	0	107	37.5
A_PB2	501	112	C	0	0	112	37.1
A_PB2	502	104	T	0	0	104	35.7
A_PB2	503	112	T	0	0	112	36.1
A_PB2	504	102	C	0	0	102	36.1
A_PB2	505	109	C	0	0	109	34.7
A_PB2	506	110	C	0	0	110	37.2
A_PB2	507	108	A	0	0	108	37.2
A_PB2	508	125	A	0	0	125	37.8
A_PB2	509	108	A	0	0	108	36.9
A_PB2	510	101	T	0	0	101	37.1
A_PB2	511	113	G	0	0	113	36.0
A_PB2	512	107	A	0	0	107	34.8
A_PB2	513	109	A	0	0	109	37.2
A_PB2	514	104	G	0	0	104	35.8
A_PB2	515	106	T	0	0	106	37.1
A_PB2	516	106	G	0	0	106	37.9
A_PB2	517	102	G	0	0	102	36.7
A_PB2	518	100	G	0	0	100	37.9
A_PB2	519	110	A	0	0	110	35.1
A_PB2	520	110	G	0	0	110	35.8
A_PB2	521	101	C	0	0	101	35.8
A_PB2	522	112	A	0	0	112	37.0
A_PB2	523	96	A	0	0	96	37.9
A_PB2	524	100	G	0	0	100	34.2
A_PB2	525	98	G	0	0	98	34.5
A_PB2	526	109	A	0	0	109	36.3
A_PB2	527	119	T	0	0	119	37.9
A_PB2	528	97	A	0	0	97	35.0
A_PB2	529	111	T	0	0	111	36.9
A_PB2	530	99	T	0	0	99	37.4
A_PB2	531	105	G	0	0	105	37.3
A_PB2	532	105	A	0	0	105	37.1
A_PB2	533	105	C	0	0	105	36.8
A_PB2	534	109	G	0	0	109	37.1
A_PB2	535	104	T	0	0	104	35.2
A_PB2	536	107	C	0	0	107	36.4
A_PB2	537	105	G	0	0	105	36.8
A_PB2	538	103	G	0	0	103	34.8
A_PB2	539	103	A	0	0	103	35.7
A_PB2	540	99	G	0	0	99	36.2
A_PB2	541	96	T	0	0	96	34.3
A_PB2	542	109	C	0	0	109	37.1
A_PB2	543	107	A	0	0	107	34.1
A_PB2	544	108	C	0	0	108	37.2
A_PB2	545	100	A	0	0	100	36.1
A_PB2	546	94	A	0	0	94	36.3
A_PB2	547	109	C	0	0	109	36.3
A_PB2	548	99	T	0	0	99	37.8
A_PB2	549	93	G	0	0	93	37.1
A_PB2	550	93	A	0	0	93	38.0
A_PB2	551	107	C	0	0	107	35.0
A_PB2	552	102	G	0	0	102	38.0
A_PB2	553	99	A	0	0	99	34.9
A_PB2	554	97	T	0	0	97	37.4
A_PB2	555	102	A	0	0	102	36.0
A_PB2	556	100	A	0	0	100	36.5
A_PB2	557	100	C	0	0	100	36.2
A_PB2	558	94	A	0	0	94	37.4
A_PB2	559	100	A	0	0	100	36.8
A_PB2	560	92	A	0	0	92	34.1
A_PB2	561	96	G	0	0	96	36.6
A_PB2	562	88	G	0	0	88	37.7
A_PB2	563	98	A	0	0	98	35.2
A_PB2	564	86	G	0	0	86	34.7
A_PB2	565	91	A	0	0	91	35.3
A_PB2	566	89	A	0	0	89	37.3
A_PB2	567	104	A	0	0	104	34.9
A_PB2	568	99	A	0	0	99	35.5
A_PB2	569	101	A	0	0	101	37.7
A_PB2	570	95	G	0	0	95	35.7
A_PB2	571	95	G	0	0	95	37.5
A_PB2	572	109	A	0	0	109	36.0
A_PB2	573	94	A	0	0	94	36.2
A_PB2	574	96	G	0	0	96	37.8
A_PB2	575	88	A	0	0	88	35.9
A_PB2	576	90	A	0	0	90	35.4
A_PB2	577	94	C	0	0	94	36.4
A_PB2	578	88	T	0	0	88	35.8
A_PB2	579	92	C	0	0	92	34.0
A_PB2	580	97	C	0	0	97	34.4
A_PB2	581	94	A	0	0	94	37.0
A_PB2	582	89	G	0	0	89	37.0
A_PB2	583	91	G	0	0	91	35.0
A_PB2	584	90	A	0	0	90	35.1
A_PB2	585	100	C	0	0	100	37.4
A_PB2	586	93	T	0	0	93	36.3
A_PB2	587	91	G	0	0	91	35.3
A_PB2	588	86	C	0	0	86	36.3
A_PB2	589	85	A	0	0	85	34.2
A_PB2	590	94	A	0	0	94	35.3
A_PB2	591	97	A	0	0	97	37.7
A_PB2	592	94	A	0	0	94	36.1
A_PB2	593	98	T	0	0	98	36.0
A_PB2	594	92	C	0	0	92	35.8
A_PB2	595	93	G	0	0	93	34.4
A_PB2	596	93	C	0	0	93	35.4
A_PB2	597	95	T	0	0	95	34.3
A_PB2	598	95	C	0	0	95	37.0
A_PB2	599	92	C	0	0	92	34.2
A_PB2	600	95	T	0	0	95	37.0
A_PB2	601	87	C	0	0	87	36.1
A_PB2	602	91	T	0	0	91	34.9
A_PB2	603	89	G	0	0	89	38.0
A_PB2	604	83	A	0	0	83	34.1
A_PB2	605	82	T	0	0	82	36.6
A_PB2	606	94	G	0	0	94	35.9
A_PB2	607	92	G	0	0	92	35.1
A_PB2	608	89	T	0	0	89	35.8
A_PB2	609	84	T	0	0	84	36.3
A_PB2	610	91	G	0	0	91	37.2
A_PB2	611	89	C	0	0	89	34.5
A_PB2	612	82	A	0	0	82	35.9
A_PB2	613	93	T	0	0	93	35.7
A_PB2	614	80	A	0	0	80	35.8
A_PB2	615	95	C	0	0	95	35.5
A_PB2	616	85	A	0	0	85	35.6
A_PB2	617	85	T	0	0	85	36.7
A_PB2	618	98	G	0	0	98	36.2
A_PB2	619	93	C	0	0	93	35.0
A_PB2	620	82	T	0	0	82	34.8
A_PB2	621	90	A	0	0	90	37.2
A_PB2	622	91	G	0	0	91	36.2
A_PB2	623	87	A	0	0	87	37.5
A_PB2	624	98	A	0	0	98	34.3
A_PB2	625	87	A	0	0	87	35.9
A_PB2	626	90	G	0	0	90	34.5
A_PB2	627	96	A	0	0	96	36.4
A_PB2	628	89	G	0	0	89	35.6
A_PB2	629	89	A	0	0	89	37.6
A_PB2	630	94	G	0	0	94	36.8
A_PB2	631	95	T	0	0	95	37.2
A_PB2	632	95	T	0	0	95	36.2
A_PB2	633	89	G	0	0	89	36.9
A_PB2	634	97	G	0	0	97	38.0
A_PB2	635	106	T	0	0	106	37.0
A_PB2	636	90	T	0	0	90	35.6
A_PB2	637	92	C	0	0	92	36.6
A_PB2	638	97	G	0	0	97	34.0
A_PB2	639	90	C	0	0	90	35.3
A_PB2	640	100	A	0	0	100	35.0
A_PB2	641	96	A	0	0	96	35.2
A_PB2	642	98	G	0	0	98	34.1
A_PB2	643	95	A	0	0	95	35.7
A_PB2	644	97	C	0	0	97	34.3
A_PB2	645	102	G	0	0	102	36.4
A_PB2	646	104	A	0	0	104	35.2
A_PB2	647	105	G	0	0	105	37.5
A_PB2	648	102	G	0	0	102	35.5
A_PB2	649	101	T	0	0	101	34.2
A_PB2	650	92	T	0	0	92	36.6
A_PB2	651	93	T	0	0	93	35.8
A_PB2	652	98	C	0	0	98	36.8
A_PB2	653	105	T	0	0	105	37.2
A_PB2	654	95	C	0	0	95	34.8
A_PB2	655	114	C	0	0	114	36.4
A_PB2	656	88	C	0	0	88	37.0
A_PB2	657	105	A	0	0	105	37.2
A_PB2	658	96	G	0	0	96	34.1
A_PB2	659	106	T	0	0	106	34.6
A_PB2	660	100	T	0	0	100	35.2
A_PB2	661	97	G	0	0	97	37.7
A_PB2	662	112	C	0	0	112	34.9
A_PB2	663	108	T	0	0	108	36.4
A_PB2	664	99	G	0	0	99	36.4
A_PB2	665	104	G	0	0	104	37.0
A_PB2	666	102	T	0	0	102	37.7
A_PB2	667	103	G	0	0	103	36.2
A_PB2	668	110	G	0	0	110	36.2
A_PB2	669	105	G	0	0	105	35.1
A_PB2	670	106	A	0	0	106	36.5
A_PB2	671	115	C	0	0	115	36.4
A_PB2	672	115	A	0	0	115	35.2
A_PB2	673	92	A	0	0	92	35.0
A_PB2	674	96	G	0	0	96	37.7
A_PB2	675	108	C	0	0	108	34.6
A_PB2	676	105	A	0	0	105	34.1
A_PB2	677	114	G	0	0	114	36.7
A_PB2	678	115	T	0	0	115	35.5
A_PB2	679	112	G	0	0	112	34.2
A_PB2	680	110	T	0	0	110	37.0
A_PB2	681	117	C	0	0	117	34.9
A_PB2	682	120	T	0	0	120	34.4
A_PB2	683	112	A	0	0	112	37.3
A_PB2	684	119	C	0	0	119	35.3
A_PB2	685	120	A	0	0	120	34.1
A_PB2	686	112	T	0	0	112	35.1
A_PB2	687	118	T	0	0	118	36.2
A_PB2	688	119	G	0	0	119	35.2
A_PB2	689	120	A	0	0	120	37.9
A_PB2	690	123	G	0	0	123	34.4
A_PB2	691	109	G	0	0	109	36.8
A_PB2	692	117	T	0	0	117	36.3
A_PB2	693	131	G	0	0	131	36.3
A_PB2	694	131	C	0	0	131	35.6
A_PB2	695	129	T	0	0	129	34.9
A_PB2	696	122	G	0	0	122	37.5
A_PB2	697	132	C	0	0	132	36.6
A_PB2	698	120	A	0	0	120	34.4
A_PB2	699	117	T	0	0	117	37.3
A_PB2	700	130	T	0	0	130	37.7
A_PB2	701	128	T	0	0	128	34.1
A_PB2	702	117	G	0	0	117	37.9
A_PB2	703	129	A	0	0	129	36.5
A_PB2	704	119	C	0	0	119	34.4
A_PB2	705	121	C	0	0	121	38.0
A_PB2	706	136	C	0	0	136	36.3
A_PB2	707	139	A	0	0	139	36.0
A_PB2	708	131	G	0	0	131	36.5
A_PB2	709	140	G	0	0	140	37.5
A_PB2	710	131	G	0	0	131	36.5
A_PB2	711	131	G	0	0	131	38.0
A_PB2	712	127	A	0	0	127	35.3
A_PB2	713	125	C	0	0	125	36.6
A_PB2	714	132	A	0	0	132	37.2
A_PB2	715	120	T	0	0	120	37.1
A_PB2	716	129	G	0	0	129	35.7
A_PB2	717	150	C	0	0	150	36.4
A_PB2	718	138	T	0	0	138	35.4
A_PB2	719	135	G	0	0	135	34.5
A_PB2	720	127	G	0	0	127	34.4
A_PB2	721	134	G	0	0	134	34.5
A_PB2	722	127	A	0	0	127	37.9
A_PB2	723	131	G	0	0	131	34.4
A_PB2	724	135	C	0	0	135	36.4
A_PB2	725	138	A	0	0	138	34.3
A_PB2	726	126	G	0	0	126	34.5
A_PB2	727	114	A	0	0	114	34.9
A_PB2	728	137	T	0	0	137	35.2
A_PB2	729	130	G	0	0	130	35.2
A_PB2	730	153	T	0	0	153	35.4
A_PB2	731	131	A	0	0	131	37.3
A_PB2	732	145	C	0	0	145	35.3
A_PB2	733	149	A	0	0	149	35.9
A_PB2	734	135	C	0	0	135	34.0
A_PB2	735	141	T	0	0	141	38.0
A_PB2	736	135	C	0	0	135	35.1
A_PB2	737	135	C	0	0	135	36.1
A_PB2	738	150	G	0	0	150	37.4
A_PB2	739	139	G	0	0	139	37.0
A_PB2	740	137	G	0	0	137	36.9
A_PB2	741	146	A	0	0	146	35.9
A_PB2	742	143	G	0	0	143	35.2
A_PB2	743	151	G	0	0	151	37.3
A_PB2	744	162	A	0	0	162	37.7
A_PB2	745	155	G	0	0	155	34.6
A_PB2	746	150	A	0	0	150	37.2
A_PB2	747	146	A	0	0	146	34.7
A_PB2	748	149	G	0	0	149	35.7
A_PB2	749	154	T	0	0	154	35.1
A_PB2	750	151	G	0	0	151	34.6
A_PB2	751	148	A	0	0	148	35.7
A_PB2	752	167	G	0	0	167	37.0
A_PB2	753	156	G	0	0	156	37.1
A_PB2	754	153	A	0	0	153	36.3
A_PB2	755	144	A	0	0	144	38.0
A_PB2	756	156	C	0	0	156	36.7
A_PB2	757	134	G	0	0	134	35.0
A_PB2	758	164	A	0	0	164	37.2
A_PB2	759	162	T	0	0	162	36.0
A_PB2	760	159	G	0	0	159	36.9
A_PB2	761	154	A	0	0	154	38.0
A_PB2	762	147	T	0	0	147	34.8
A_PB2	763	160	G	0	0	160	36.7
A_PB2	764	157	T	0	0	157	35.4
A_PB2	765	164	A	0	0	164	34.6
A_PB2	766	149	G	0	0	149	35.9
A_PB2	767	157	A	0	0	157	37.3
A_PB2	768	158	C	0	0	158	35.5
A_PB2	769	152	C	0	0	152	34.9
A_PB2	770	162	A	0	0	162	35.9
A_PB2	771	157	A	0	0	157	36.5
A_PB2	772	148	A	0	0	148	35.8
A_PB2	773	157	G	0	0	157	37.0
A_PB2	774	163	C	0	0	163	35.3
A_PB2	775	162	T	0	0	162	34.5
A_PB2	776	158	T	0	0	158	34.5
A_PB2	777	158	G	0	0	158	35.2
A_PB2	778	171	A	0	0	171	36.8
A_PB2	779	162	T	0	0	162	37.8
A_PB2	780	152	C	0	0	152	34.7
A_PB2	781	167	A	0	0	167	36.0
A_PB2	782	153	T	0	0	153	34.7
A_PB2	783	166	T	0	0	166	35.3
A_PB2	784	164	G	0	0	164	34.3
A_PB2	785	157	C	0	0	157	35.7
A_PB2	786	168	T	0	0	168	35.0
A_PB2	787	163	G	0	0	163	34.5
A_PB2	788	156	C	0	0	156	34.9
A_PB2	789	164	C	0	0	164	35.5
A_PB2	790	161	A	0	0	161	34.6
A_PB2	791	150	G	0	0	150	37.2
A_PB2	792	168	G	0	0	168	35.6
A_PB2	793	155	A	0	0	155	36.2
A_PB2	794	176	A	0	0	176	36.4
A_PB2	795	172	T	0	0	172	37.0
A_PB2	796	163	A	0	0	163	36.8
A_PB2	797	170	T	0	0	170	34.3
A_PB2	798	161	A	0	0	161	37.9
A_PB2	799	170	G	0	0	170	35.1
A_PB2	800	176	T	0	0	176	37.5
A_PB2	801	169	A	0	0	169	37.3
A_PB2	802	154	A	0	0	154	36.4
A_PB2	803	167	G	0	0	167	37.6
A_PB2	804	157	A	0	0	157	35.2
A_PB2	805	169	A	0	0	169	35.0
A_PB2	806	165	G	0	0	165	37.7
A_PB2	807	203	A	0	0	203	34.8
A_PB2	808	162	G	0	0	162	34.7
A_PB2	809	150	C	0	0	150	37.0
A_PB2	810	156	A	0	0	156	34.6
A_PB2	811	153	A	0	0	153	37.4
A_PB2	812	163	C	0	0	163	36.8
A_PB2	813	168	A	0	0	168	37.3
A_PB2	814	180	G	0	0	180	35.1
A_PB2	815	148	T	0	0	148	36.2
A_PB2	816	178	A	0	0	178	37.1
A_PB2	817	152	T	0	0	152	36.7
A_PB2	818	153	C	0	0	153	36.8
A_PB2	819	171	A	0	0	171	37.1
A_PB2	820	169	G	0	0	169	34.9
A_PB2	821	166	C	0	0	166	37.7
A_PB2	822	168	A	0	0	168	35.0
A_PB2	823	187	G	0	0	187	36.4
A_PB2	824	171	A	0	0	171	37.0
A_PB2	825	184	T	0	0	184	37.0
A_PB2	826	135	C	0	0	135	36.8
A_PB2	827	150	C	0	0	150	36.2
A_PB2	828	164	A	0	0	164	36.2
A_PB2	829	152	T	0	0	152	38.0
A_PB2	830	148	T	0	0	148	36.7
A_PB2	831	177	A	0	0	177	35.2
A_PB2	832	154	G	0	0	154	37.7
A_PB2	833	169	C	0	0	169	35.7
A_PB2	834	165	A	0	0	165	36.2
A_PB2	835	159	T	0	0	159	35.5
A_PB2	836	161	C	0	0	161	36.1
A_PB2	837	162	T	0	0	162	35.6
A_PB2	838	158	C	0	0	158	37.8
A_PB2	839	153	T	0	0	153	34.7
A_PB2	840	154	A	0	0	154	36.0
A_PB2	841	146	T	0	0	146	35.4
A_PB2	842	161	T	0	0	161	37.9
A_PB2	843	159	G	0	0	159	37.9
A_PB2	844	166	G	0	0	166	36.7
A_PB2	845	155	A	0	0	155	35.8
A_PB2	846	147	G	0	0	147	36.9
A_PB2	847	158	A	0	0	158	37.4
A_PB2	848	163	T	0	0	163	34.6
A_PB2	849	155	G	0	0	155	37.7
A_PB2	850	164	T	0	0	164	34.9
A_PB2	851	152	G	0	0	152	36.6
A_PB2	852	151	T	0	0	151	35.7
A_PB2	853	163	C	0	0	163	37.7
A_PB2	854	149	A	0	0	149	36.8
A_PB2	855	144	C	0	0	144	35.1
A_PB2	856	144	A	0	0	144	34.1
A_PB2	857	164	G	0	0	164	34.5
A_PB2	858	172	C	0	0	172	36.9
A_PB2	859	170	A	0	0	170	35.1
A_PB2	860	142	C	0	0	142	35.1
A_PB2	861	159	A	0	0	159	35.0
A_PB2	862	154	C	0	0	154	37.5
A_PB2	863	151	A	0	0	151	35.8
A_PB2	864	164	A	0	0	164	37.3
A_PB2	865	159	A	0	0	159	35.2
A_PB2	866	147	T	0	0	147	37.4
A_PB2	867	157	T	0	0	157	36.4
A_PB2	868	145	G	0	0	145	37.1
A_PB2	869	146	G	0	0	146	37.9
A_PB2	870	149	G	0	0	149	34.2
A_PB2	871	149	G	0	0	149	34.9
A_PB2	872	147	G	0	0	147	36.1
A_PB2	873	149	A	0	0	149	34.1
A_PB2	874	158	A	0	0	158	35.7
A_PB2	875	149	T	0	0	149	34.0
A_PB2	876	148	A	0	0	148	34.4
A_PB2	877	155	A	0	0	155	37.7
A_PB2	878	147	G	0	0	147	37.0
A_PB2	879	150	G	0	0	150	35.1
A_PB2	880	159	A	0	0	159	35.4
A_PB2	881	143	T	0	0	143	37.8
A_PB2	882	157	G	0	0	157	36.7
A_PB2	883	156	G	0	0	156	35.2
A_PB2	884	155	T	0	0	155	36.8
A_PB2	885	148	A	0	0	148	37.8
A_PB2	886	156	G	0	0	156	35.9
A_PB2	887	159	A	0	0	159	36.8
A_PB2	888	135	C	0	0	135	36.1
A_PB2	889	155	A	0	0	155	36.2
A_PB2	890	145	T	0	0	145	34.8
A_PB2	891	156	C	0	0	156	35.3
A_PB2	892	156	C	0	0	156	36.9
A_PB2	893	147	T	0	0	147	36.7
A_PB2	894	150	T	0	0	150	37.3
A_PB2	895	134	C	0	0	134	35.4
A_PB2	896	165	G	0	0	165	35.5
A_PB2	897	144	G	0	0	144	37.4
A_PB2	898	159	C	0	0	159	35.4
A_PB2	899	128	A	0	0	128	37.0
A_PB2	900	155	A	0	0	155	34.3
A_PB2	901	147	A	0	0	147	35.3
A_PB2	902	142	A	0	0	142	35.7
A_PB2	903	137	T	0	0	137	34.1
A_PB2	904	156	C	0	0	156	34.7
A_PB2	905	135	C	0	0	135	35.8
A_PB2	906	143	A	0	0	143	37.2
A_PB2	907	146	A	0	0	146	36.6
A_PB2	908	140	C	0	0	140	36.5
A_PB2	909	137	A	0	0	137	36.5
A_PB2	910	137	G	0	0	137	36.7
A_PB2	911	145	A	0	0	145	35.5
A_PB2	912	139	G	0	0	139	36.8
A_PB2	913	138	G	0	0	138	36.2
A_PB2	914	139	A	0	0	139	37.1
A_PB2	915	134	A	0	0	134	37.7
A_PB2	916	140	C	0	0	140	35.4
A_PB2	917	129	A	0	0	129	35.7
A_PB2	918	139	A	0	0	139	36.4
A_PB2	919	136	G	0	0	136	36.6
A_PB2	920	124	C	0	0	124	36.8
A_PB2	921	136	C	0	0	136	35.7
A_PB2	922	140	G	0	0	140	37.9
A_PB2	923	130	T	0	0	130	37.8
A_PB2	924	152	G	0	0	152	35.3
A_PB2	925	135	G	0	0	135	34.9
A_PB2	926	139	A	0	0	139	37.0
A_PB2	927	140	T	0	0	140	35.8
A_PB2	928	125	A	0	0	125	34.9
A_PB2	929	147	T	0	0	147	35.2
A_PB2	930	133	A	0	0	133	36.6
A_PB2	931	122	T	0	0	122	36.8
A_PB2	932	142	G	0	0	142	36.1
A_PB2	933	142	C	0	0	142	36.5
A_PB2	934	141	A	0	0	141	38.0
A_PB2	935	133	A	0	0	133	37.3
A_PB2	936	137	G	0	0	137	35.9
A_PB2	937	126	G	0	0	126	37.0
A_PB2	938	139	C	0	0	139	36.8
A_PB2	939	130	A	0	0	130	37.0
A_PB2	940	145	G	0	0	145	35.7
A_PB2	941	145	C	0	0	145	37.8
A_PB2	942	131	A	0	0	131	34.5
A_PB2	943	128	A	0	0	128	35.8
A_PB2	944	127	T	0	0	127	35.4
A_PB2	945	135	G	0	0	135	37.8
A_PB2	946	125	G	0	0	125	37.7
A_PB2	947	141	G	0	0	141	36.7
A_PB2	948	145	C	0	0	145	35.4
A_PB2	949	147	T	0	0	147	34.4
A_PB2	950	114	T	0	0	114	34.4
A_PB2	951	133	G	0	0	133	35.5
A_PB2	952	136	A	0	0	136	37.4
A_PB2	953	132	G	0	0	132	36.9
A_PB2	954	131	G	0	0	131	35.6
A_PB2	955	125	A	0	0	125	34.8
A_PB2	956	131	T	0	0	131	36.3
A_PB2	957	139	T	0	0	139	36.7
A_PB2	958	128	A	0	0	128	37.1
A_PB2	959	139	G	0	0	139	34.2
A_PB2	960	122	C	0	0	122	34.5
A_PB2	961	134	T	0	0	134	37.5
A_PB2	962	123	C	0	0	123	37.7
A_PB2	963	120	A	0	0	120	36.7
A_PB2	964	134	T	0	0	134	37.0
A_PB2	965	115	C	0	0	115	37.9
A_PB2	966	125	T	0	0	125	37.1
A_PB2	967	124	T	0	0	124	36.6
A_PB2	968	120	T	0	0	120	36.6
A_PB2	969	122	C	0	0	122	37.4
A_PB2	970	133	A	0	0	133	37.1
A_PB2	971	135	G	0	0	135	37.3
A_PB2	972	137	C	0	0	137	34.5
A_PB2	973	115	T	0	0	115	34.1
A_PB2	974	134	T	0	0	134	36.7
A_PB2	975	120	T	0	0	120	36.0
A_PB2	976	120	G	0	0	120	36.9
A_PB2	977	131	G	0	0	131	36.2
A_PB2	978	134	T	0	0	134	35.7
A_PB2	979	138	G	0	0	138	35.0
A_PB2	980	130	G	0	0	130	34.4
A_PB2	981	135	A	0	0	135	34.8
A_PB2	982	128	T	0	0	128	38.0
A_PB2	983	125	T	0	0	125	37.5
A_PB2	984	121	C	0	0	121	35.6
A_PB2	985	126	A	0	0	126	34.6
A_PB2	986	121	C	0	0	121	34.3
A_PB2	987	129	T	0	0	129	35.2
A_PB2	988	126	T	0	0	126	34.9
A_PB2	989	138	T	0	0	138	36.5
A_PB2	990	120	T	0	0	120	34.3
A_PB2	991	134	A	0	0	134	34.7
A_PB2	992	138	A	0	0	138	37.9
A_PB2	993	140	A	0	0	140	34.6
A_PB2	994	131	A	0	0	131	36.4
A_PB2	995	127	G	0	0	127	35.2
A_PB2	996	134	A	0	0	134	36.6
A_PB2	997	130	A	0	0	130	34.1
A_PB2	998	128	C	0	0	128	34.6
A_PB2	999	143	A	0	0	143	38.0
A_PB2	1000	141	A	0	0	141	34.5
A_PB2	1001	116	G	0	0	116	34.6
A_PB2	1002	113	T	0	0	113	37.8
A_PB2	1003	131	G	0	0	131	38.0
A_PB2	1004	125	G	0	0	125	35.6
A_PB2	1005	140	A	0	0	140	34.2
A_PB2	1006	116	T	0	0	116	34.2
A_PB2	1007	112	C	0	0	112	35.8
A_PB2	1008	119	G	0	0	119	37.7
A_PB2	1009	137	T	0	0	137	35.4
A_PB2	1010	131	C	0	0	131	35.0
A_PB2	1011	136	A	0	0	136	36.2
A_PB2	1012	130	G	0	0	130	35.5
A_PB2	1013	132	T	0	0	132	36.0
A_PB2	1014	139	C	0	0	139	37.0
A_PB2	1015	138	A	0	0	138	35.1
A_PB2	1016	135	A	0	0	135	36.4
A_PB2	1017	122	A	0	0	122	34.7
A_PB2	1018	137	A	0	0	137	35.1
A_PB2	1019	121	A	0	0	121	34.9
A_PB2	1020	133	A	0	0	133	34.3
A_PB2	1021	124	G	0	0	124	37.6
A_PB2	1022	133	A	0	0	133	37.0
A_PB2	1023	130	A	0	0	130	35.0
A_PB2	1024	127	G	0	0	127	34.8
A_PB2	1025	141	A	0	0	141	36.3
A_PB2	1026	138	A	0	0	138	35.8
A_PB2	1027	131	G	0	0	131	36.0
A_PB2	1028	137	A	0	0	137	37.2
A_PB2	1029	127	A	0	0	127	36.2
A_PB2	1030	124	G	0	0	124	34.9
A_PB2	1031	135	T	0	0	135	35.5
A_PB2	1032	121	G	0	0	121	37.3
A_PB2	1033	116	C	0	0	116	36.2
A_PB2	1034	140	T	0	0	140	36.9
A_PB2	1035	137	A	0	0	137	36.2
A_PB2	1036	125	A	0	0	125	38.0
A_PB2	1037	131	C	0	0	131	35.1
A_PB2	1038	126	A	0	0	126	37.9
A_PB2	1039	128	G	0	0	128	34.1
A_PB2	1040	143	G	0	0	143	35.4
A_PB2	1041	133	C	0	0	133	37.6
A_PB2	1042	126	A	0	0	126	34.8
A_PB2	1043	138	A	0	0	138	37.2
A_PB2	1044	139	C	0	0	139	37.7
A_PB2	1045	131	C	0	0	131	34.7
A_PB2	1046	123	T	0	0	123	37.3
A_PB2	1047	131	T	0	0	131	38.0
A_PB2	1048	126	C	0	0	126	38.0
A_PB2	1049	126	A	0	0	126	37.3
A_PB2	1050	126	A	0	0	126	36.5
A_PB2	1051	132	A	0	0	132	37.3
A_PB2	1052	122	C	0	0	122	37.6
A_PB2	1053	131	A	0	0	131	37.6
A_PB2	1054	128	T	0	0	128	36.2
A_PB2	1055	135	T	0	0	135	35.5
A_PB2	1056	145	G	0	0	145	35.9
A_PB2	1057	138	A	0	0	138	35.4
A_PB2	1058	138	A	0	0	138	35.7
A_PB2	1059	129	A	0	0	129	37.9
A_PB2	1060	133	A	0	0	133	37.2
A_PB2	1061	130	T	0	0	130	35.7
A_PB2	1062	134	A	0	0	134	37.2
A_PB2	1063	132	A	0	0	132	34.0
A_PB2	1064	126	G	0	0	126	36.4
A_PB2	1065	135	A	0	0	135	37.7
A_PB2	1066	142	G	0	0	142	37.7
A_PB2	1067	132	T	0	0	132	35.0
A_PB2	1068	135	A	0	0	135	35.6
A_PB2	1069	132	C	0	0	132	36.0
A_PB2	1070	125	A	0	0	125	35.0
A_PB2	1071	137	T	0	0	137	36.2
A_PB2	1072	132	G	0	0	132	37.3
A_PB2	1073	139	A	0	0	139	36.6
A_PB2	1074	128	G	0	0	128	35.9
A_PB2	1075	134	G	0	0	134	35.1
A_PB2	1076	140	G	0	0	140	37.3
A_PB2	1077	147	G	0	0	147	36.1
A_PB2	1078	136	T	0	0	136	34.8
A_PB2	1079	144	A	0	0	144	36.9
A_PB2	1080	140	T	0	0	140	36.2
A_PB2	1081	132	G	0	0	132	34.3
A_PB2	1082	136	A	0	0	136	35.6
A_PB2	1083	120	A	0	0	120	34.4
A_PB2	1084	144	G	0	0	144	35.6
A_PB2	1085	137	A	0	0	137	35.0
A_PB2	1086	141	G	0	0	141	34.8
A_PB2	1087	134	T	0	0	134	37.0
A_PB2	1088	140	T	0	0	140	34.3
A_PB2	1089	143	C	0	0	143	35.5
A_PB2	1090	140	A	0	0	140	37.7
A_PB2	1091	129	C	0	0	129	36.2
A_PB2	1092	146	A	0	0	146	37.7
A_PB2	1093	142	A	0	0	142	35.5
A_PB2	1094	144	T	0	0	144	35.5
A_PB2	1095	128	G	0	0	128	37.3
A_PB2	1096	138	G	0	0	138	37.7
A_PB2	1097	123	T	0	0	123	36.3
A_PB2	1098	128	T	0	0	128	34.7
A_PB2	1099	136	G	0	0	136	34.4
A_PB2	1100	132	G	0	0	132	35.2
A_PB2	1101	141	G	0	0	141	37.4
A_PB2	1102	128	A	0	0	128	37.5
A_PB2	1103	123	G	0	0	123	35.6
A_PB2	1104	145	A	0	0	145	34.4
A_PB2	1105	127	A	0	0	127	35.7
A_PB2	1106	142	G	0	0	142	34.2
A_PB2	1107	136	A	0	0	136	34.4
A_PB2	1108	141	G	0	0	141	34.6
A_PB2	1109	138	C	0	0	138	34.8
A_PB2	1110	130	A	0	0	130	36.6
A_PB2	1111	121	A	0	0	121	37.3
A_PB2	1112	134	C	0	0	134	37.5
A_PB2	1113	144	G	0	0	144	35.5
A_PB2	1114	133	G	0	0	133	37.4
A_PB2	1115	134	C	0	0	134	35.5
A_PB2	1116	143	C	0	0	143	35.0
A_PB2	1117	133	A	0	0	133	37.1
A_PB2	1118	127	T	0	0	127	34.8
A_PB2	1119	136	T	0	0	136	37.1
A_PB2	1120	130	C	0	0	130	37.4
A_PB2	1121	126	T	0	0	126	34.0
A_PB2	1122	149	C	0	0	149	37.9
A_PB2	1123	132	A	0	0	132	34.1
A_PB2	1124	132	G	0	0	132	35.7
A_PB2	1125	120	G	0	0	120	36.0
A_PB2	1126	140	A	0	0	140	36.5
A_PB2	1127	133	A	0	0	133	36.1
A_PB2	1128	132	A	0	0	132	35.8
A_PB2	1129	121	G	0	0	121	34.2
A_PB2	1130	144	C	0	0	144	36.1
A_PB2	1131	126	A	0	0	126	36.4
A_PB2	1132	126	A	0	0	126	37.6
A_PB2	1133	131	C	0	0	131	36.9
A_PB2	1134	122	C	0	0	122	36.0
A_PB2	1135	133	A	0	0	133	37.6
A_PB2	1136	123	G	0	0	123	36.8
A_PB2	1137	127	A	0	0	127	36.9
A_PB2	1138	129	A	0	0	129	34.4
A_PB2	1139	109	G	0	0	109	36.4
A_PB2	1140	124	G	0	0	124	37.0
A_PB2	1141	124	C	0	0	124	36.3
A_PB2	1142	122	T	0	0	122	34.3
A_PB2	1143	128	G	0	0	128	38.0
A_PB2	1144	132	A	0	0	132	36.0
A_PB2	1145	130	T	0	0	130	36.8
A_PB2	1146	117	C	0	0	117	37.4
A_PB2	1147	115	C	0	0	115	35.9
A_PB2	1148	138	A	0	0	138	37.6
A_PB2	1149	142	G	0	0	142	36.1
A_PB2	1150	129	C	0	0	129	34.0
A_PB2	1151	135	T	0	0	135	35.3
A_PB2	1152	130	A	0	0	130	36.2
A_PB2	1153	121	A	0	0	121	36.8
A_PB2	1154	118	T	0	0	118	34.3
A_PB2	1155	121	A	0	0	121	37.5
A_PB2	1156	121	G	0	0	121	36.4
A_PB2	1157	117	T	0	0	117	37.5
A_PB2	1158	111	A	0	0	111	34.7
A_PB2	1159	122	A	0	0	122	34.5
A_PB2	1160	124	G	0	0	124	36.6
A_PB2	1161	108	T	0	0	108	35.4
A_PB2	1162	123	G	0	0	123	34.0
A_PB2	1163	121	G	0	0	121	35.4
A_PB2	1164	128	G	0	0	128	34.1
A_PB2	1165	106	A	0	0	106	37.9
A_PB2	1166	123	G	0	0	123	37.0
A_PB2	1167	119	A	0	0	119	37.3
A_PB2	1168	119	G	0	0	119	36.3
A_PB2	1169	121	A	0	0	121	36.7
A_PB2	1170	115	C	0	0	115	36.9
A_PB2	1171	106	G	0	0	106	36.1
A_PB2	1172	115	A	0	0	115	34.5
A_PB2	1173	121	G	0	0	121	34.5
A_PB2	1174	128	C	0	0	128	37.7
A_PB2	1175	121	A	0	0	121	34.4
A_PB2	1176	112	G	0	0	112	34.6
A_PB2	1177	117	T	0	0	117	35.8
A_PB2	1178	104	C	0	0	104	36.3
A_PB2	1179	101	A	0	0	101	35.6
A_PB2	1180	98	A	0	0	98	35.1
A_PB2	1181	106	T	0	0	106	34.6
A_PB2	1182	98	T	0	0	98	34.1
A_PB2	1183	116	G	0	0	116	34.6
A_PB2	1184	94	C	0	0	94	37.1
A_PB2	1185	102	T	0	0	102	38.0
A_PB2	1186	111	G	0	0	111	35.9
A_PB2	1187	108	A	0	0	108	35.4
A_PB2	1188	112	A	0	0	112	36.2
A_PB2	1189	111	G	0	0	111	35.6
A_PB2	1190	105	C	0	0	105	34.5
A_PB2	1191	108	A	0	0	108	37.8
A_PB2	1192	115	A	0	0	115	37.2
A_PB2	1193	97	T	0	0	97	36.0
A_PB2	1194	111	A	0	0	111	36.0
A_PB2	1195	101	A	0	0	101	37.2
A_PB2	1196	92	T	0	0	92	37.0
A_PB2	1197	116	T	0	0	116	34.3
A_PB2	1198	90	G	0	0	90	37.3
A_PB2	1199	92	T	0	0	92	37.4
A_PB2	1200	92	G	0	0	92	34.8
A_PB2	1201	102	G	0	0	102	37.7
A_PB2	1202	105	C	0	0	105	37.7
A_PB2	1203	106	C	0	0	106	35.9
A_PB2	1204	105	A	0	0	105	36.5
A_PB2	1205	110	T	0	0	110	36.0
A_PB2	1206	93	G	0	0	93	34.5
A_PB2	1207	102	G	0	0	102	35.4
A_PB2	1208	99	T	0	0	99	37.0
A_PB2	1209	93	A	0	0	93	34.5
A_PB2	1210	89	T	0	0	89	36.3
A_PB2	1211	104	T	0	0	104	36.0
A_PB2	1212	99	C	0	0	99	34.4
A_PB2	1213	97	T	0	0	97	35.4
A_PB2	1214	100	C	0	0	100	34.5
A_PB2	1215	93	A	0	0	93	37.5
A_PB2	1216	92	C	0	0	92	37.3
A_PB2	1217	87	A	0	0	87	37.8
A_PB2	1218	101	A	0	0	101	34.0
A_PB2	1219	88	G	0	0	88	35.2
A_PB2	1220	90	A	0	0	90	37.7
A_PB2	1221	82	G	0	0	82	34.9
A_PB2	1222	91	G	0	0	91	34.6
A_PB2	1223	92	A	0	0	92	34.2
A_PB2	1224	87	C	0	0	87	35.2
A_PB2	1225	93	T	0	0	93	37.4
A_PB2	1226	94	G	0	0	94	37.3
A_PB2	1227	83	C	0	0	83	37.9
A_PB2	1228	92	A	0	0	92	37.3
A_PB2	1229	85	T	0	0	85	34.9
A_PB2	1230	85	G	0	0	85	37.6
A_PB2	1231	85	A	0	0	85	35.0
A_PB2	1232	91	T	0	0	91	36.7
A_PB2	1233	87	T	0	0	87	36.9
A_PB2	1234	79	A	0	0	79	34.1
A_PB2	1235	87	A	0	0	87	35.3
A_PB2	1236	81	A	0	0	81	36.6
A_PB2	1237	87	G	0	0	87	37.4
A_PB2	1238	82	C	0	0	82	36.1
A_PB2	1239	89	A	0	0	89	34.1
A_PB2	1240	97	G	0	0	97	35.3
A_PB2	1241	82	T	0	0	82	35.4
A_PB2	1242	86	T	0	0	86	37.8
A_PB2	1243	87	A	0	0	87	37.0
A_PB2	1244	84	G	0	0	84	37.3
A_PB2	1245	80	A	0	0	80	35.6
A_PB2	1246	76	G	0	0	76	35.5
A_PB2	1247	88	G	0	0	88	34.3
A_PB2	1248	84	T	0	0	84	34.8
A_PB2	1249	82	G	0	0	82	35.9
A_PB2	1250	74	A	0	0	74	34.7
A_PB2	1251	86	C	0	0	86	35.4
A_PB2	1252	87	C	0	0	87	35.6
A_PB2	1253	90	T	0	0	90	35.5
A_PB2	1254	74	G	0	0	74	37.6
A_PB2	1255	82	A	0	0	82	35.2
A_PB2	1256	85	A	0	0	85	34.7
A_PB2	1257	81	T	0	0	81	35.0
A_PB2	1258	82	T	0	0	82	37.3
A_PB2	1259	84	T	0	0	84	38.0
A_PB2	1260	79	T	0	0	79	34.9
A_PB2	1261	80	G	0	0	80	36.4
A_PB2	1262	74	T	0	0	74	35.5
A_PB2	1263	92	C	0	0	92	37.6
A_PB2	1264	82	A	0	0	82	36.8
A_PB2	1265	81	A	0	0	81	34.6
A_PB2	1266	89	T	0	0	89	35.2
A_PB2	1267	76	A	0	0	76	37.9
A_PB2	1268	77	G	0	0	77	35.4
A_PB2	1269	85	G	0	0	85	34.1
A_PB2	1270	84	G	0	0	84	36.4
A_PB2	1271	83	C	0	0	83	37.0
A_PB2	1272	82	G	0	0	82	35.8
A_PB2	1273	73	A	0	0	73	36.5
A_PB2	1274	92	A	0	0	92	34.6
A_PB2	1275	79	C	0	0	79	36.6
A_PB2	1276	75	C	0	0	75	37.1
A_PB2	1277	76	A	0	0	76	36.5
A_PB2	1278	86	G	0	0	86	34.3
A_PB2	1279	81	C	0	0	81	36.0
A_PB2	1280	86	G	0	0	86	35.2
A_PB2	1281	89	A	0	0	89	36.8
A_PB2	1282	74	C	0	0	74	35.1
A_PB2	1283	84	T	0	0	84	35.6
A_PB2	1284	78	A	0	0	78	37.5
A_PB2	1285	71	A	0	0	71	37.1
A_PB2	1286	85	A	0	0	85	36.7
A_PB2	1287	83	C	0	0	83	37.6
A_PB2	1288	82	C	0	0	82	35.4
A_PB2	1289	80	C	0	0	80	35.1
A_PB2	1290	86	A	0	0	86	37.2
A_PB2	1291	85	A	0	0	85	37.9
A_PB2	1292	82	T	0	0	82	37.8
A_PB2	1293	78	G	0	0	78	35.6
A_PB2	1294	75	C	0	0	75	34.7
A_PB2	1295	77	A	0	0	77	37.1
A_PB2	1296	81	T	0	0	81	37.8
A_PB2	1297	79	C	0	0	79	36.1
A_PB2	1298	88	A	0	0	88	35.7
A_PB2	1299	80	A	0	0	80	35.5
A_PB2	1300	79	C	0	0	79	38.0
A_PB2	1301	87	T	0	0	87	36.1
A_PB2	1302	82	C	0	0	82	37.4
A_PB2	1303	78	T	0	0	78	35.2
A_PB2	1304	85	T	0	0	85	37.1
A_PB2	1305	77	G	0	0	77	37.9
A_PB2	1306	76	A	0	0	76	37.9
A_PB2	1307	87	G	0	0	87	34.7
A_PB2	1308	89	G	0	0	89	35.5
A_PB2	1309	78	C	0	0	78	35.0
A_PB2	1310	84	A	0	0	84	34.7
A_PB2	1311	80	T	0	0	80	36.4
A_PB2	1312	85	T	0	0	85	35.9
A_PB2	1313	95	T	0	0	95	34.4
A_PB2	1314	95	C	0	0	95	36.6
A_PB2	1315	93	C	0	0	93	34.8
A_PB2	1316	84	A	0	0	84	37.3
A_PB2	1317	86	A	0	0	86	34.3
A_PB2	1318	90	A	0	0	90	34.4
A_PB2	1319	95	A	0	0	95	35.1
A_PB2	1320	86	G	0	0	86	36.1
A_PB2	1321	76	G	0	0	76	34.8
A_PB2	1322	84	A	0	0	84	34.8
A_PB2	1323	87	T	0	0	87	37.6
A_PB2	1324	91	G	0	0	91	36.9
A_PB2	1325	88	C	0	0	88	37.8
A_PB2	1326	85	A	0	0	85	34.9
A_PB2	1327	88	A	0	0	88	38.0
A_PB2	1328	89	A	0	0	89	37.3
A_PB2	1329	104	G	0	0	104	36.0
A_PB2	1330	90	G	0	0	90	36.4
A_PB2	1331	84	T	0	0	84	34.0
A_PB2	1332	90	G	0	0	90	35.7
A_PB2	1333	96	C	0	0	96	35.2
A_PB2	1334	99	T	0	0	99	35.6
A_PB2	1335	104	T	0	0	104	34.7
A_PB2	1336	107	T	0	0	107	36.8
A_PB2	1337	102	T	0	0	102	36.8
A_PB2	1338	92	C	0	0	92	35.0
A_PB2	1339	85	C	0	0	85	36.1
A_PB2	1340	101	A	0	0	101	34.2
A_PB2	1341	82	A	0	0	82	35.2
A_PB2	1342	94	A	0	0	94	35.8
A_PB2	1343	91	A	0	0	91	34.6
A_PB2	1344	94	T	0	0	94	36.8
A_PB2	1345	96	T	0	0	96	35.1
A_PB2	1346	103	G	0	0	103	36.3
A_PB2	1347	105	G	0	0	105	37.4
A_PB2	1348	103	G	0	0	103	35.1
A_PB2	1349	104	G	0	0	104	36.6
A_PB2	1350	105	A	0	0	105	35.4
A_PB2	1351	107	A	0	0	107	35.6
A_PB2	1352	95	T	0	0	95	36.6
A_PB2	1353	105	T	0	0	105	34.7
A_PB2	1354	95	G	0	0	95	35.3
A_PB2	1355	101	A	0	0	101	37.3
A_PB2	1356	111	A	0	0	111	37.3
A_PB2	1357	113	C	0	0	113	36.5
A_PB2	1358	103	C	0	0	103	35.0
A_PB2	1359	104	C	0	0	104	36.8
A_PB2	1360	103	A	0	0	103	37.9
A_PB2	1361	103	T	0	0	103	34.8
A_PB2	1362	100	T	0	0	100	34.3
A_PB2	1363	108	G	0	0	108	37.6
A_PB2	1364	106	A	0	0	106	36.4
A_PB2	1365	100	C	0	0	100	35.3
A_PB2	1366	110	A	0	0	110	34.8
A_PB2	1367	106	A	0	0	106	37.3
A_PB2	1368	115	T	0	0	115	34.1
A_PB2	1369	105	G	0	0	105	35.5
A_PB2	1370	108	T	0	0	108	36.0
A_PB2	1371	103	G	0	0	103	34.9
A_PB2	1372	100	A	0	0	100	35.5
A_PB2	1373	109	T	0	0	109	36.8
A_PB2	1374	109	G	0	0	109	37.1
A_PB2	1375	116	G	0	0	116	35.2
A_PB2	1376	108	G	0	0	108	37.6
A_PB2	1377	120	A	0	0	120	34.4
A_PB2	1378	118	A	0	0	118	37.0
A_PB2	1379	112	T	0	0	112	35.3
A_PB2	1380	110	G	0	0	110	38.0
A_PB2	1381	106	A	0	0	106	34.3
A_PB2	1382	111	T	0	0	111	34.9
A_PB2	1383	112	C	0	0	112	34.5
A_PB2	1384	101	G	0	0	101	36.3
A_PB2	1385	113	G	0	0	113	36.0
A_PB2	1386	121	G	0	0	121	34.0
A_PB2	1387	113	G	0	0	113	34.3
A_PB2	1388	116	T	0	0	116	36.8
A_PB2	1389	111	A	0	0	111	36.3
A_PB2	1390	127	A	0	0	127	37.0
A_PB2	1391	103	T	0	0	103	37.1
A_PB2	1392	127	G	0	0	127	35.1
A_PB2	1393	112	C	0	0	112	37.6
A_PB2	1394	118	C	0	0	118	36.9
A_PB2	1395	131	C	0	0	131	35.0
A_PB2	1396	126	G	0	0	126	35.2
A_PB2	1397	105	A	0	0	105	35.2
A_PB2	1398	121	C	0	0	121	36.0
A_PB2	1399	120	A	0	0	120	35.6
A_PB2	1400	131	T	0	0	131	35.2
A_PB2	1401	121	G	0	0	121	36.6
A_PB2	1402	128	A	0	0	128	36.3
A_PB2	1403	127	C	0	0	127	36.6
A_PB2	1404	135	C	0	0	135	36.4
A_PB2	1405	116	C	0	0	116	37.6
A_PB2	1406	130	C	0	0	130	37.5
A_PB2	1407	125	A	0	0	125	37.5
A_PB2	1408	121	A	0	0	121	36.1
A_PB2	1409	127	G	0	0	127	34.9
A_PB2	1410	128	T	0	0	128	35.2
A_PB2	1411	125	A	0	0	125	37.4
A_PB2	1412	136	C	0	0	136	35.7
A_PB2	1413	136	T	0	0	136	36.5
A_PB2	1414	130	G	0	0	130	36.5
A_PB2	1415	131	A	0	0	131	35.6
A_PB2	1416	128	G	0	0	128	37.3
A_PB2	1417	126	A	0	0	126	37.7
A_PB2	1418	131	T	0	0	131	35.2
A_PB2	1419	126	G	0	0	126	35.2
A_PB2	1420	123	T	0	0	123	35.4
A_PB2	1421	137	C	0	0	137	36.9
A_PB2	1422	143	G	0	0	143	34.8
A_PB2	1423	139	C	0	0	139	37.4
A_PB2	1424	118	T	0	0	118	37.0
A_PB2	1425	144	G	0	0	144	34.8
A_PB2	1426	128	A	0	0	128	37.2
A_PB2	1427	143	G	0	0	143	34.4
A_PB2	1428	128	G	0	0	128	34.4
A_PB2	1429	140	G	0	0	140	36.8
A_PB2	1430	145	G	0	0	145	37.4
A_PB2	1431	130	A	0	0	130	37.5
A_PB2	1432	136	A	0	0	136	35.5
A_PB2	1433	133	T	0	0	133	36.2
A_PB2	1434	147	A	0	0	147	36.8
A_PB2	1435	125	A	0	0	125	35.5
A_PB2	1436	122	G	0	0	122	36.3
A_PB2	1437	148	A	0	0	148	35.5
A_PB2	1438	139	G	0	0	139	37.3
A_PB2	1439	137	T	0	0	137	37.0
A_PB2	1440	129	C	0	0	129	36.6
A_PB2	1441	139	A	0	0	139	35.0
A_PB2	1442	145	G	0	0	145	34.6
A_PB2	1443	154	T	0	0	154	36.5
A_PB2	1444	140	A	0	0	140	37.6
A_PB2	1445	126	A	0	0	126	34.4
A_PB2	1446	131	G	0	0	131	35.6
A_PB2	1447	154	A	0	0	154	34.4
A_PB2	1448	137	T	0	0	137	34.5
A_PB2	1449	137	G	0	0	137	35.6
A_PB2	1450	143	G	0	0	143	36.9
A_PB2	1451	138	G	0	0	138	37.5
A_PB2	1452	146	A	0	0	146	34.7
A_PB2	1453	147	G	0	0	147	37.8
A_PB2	1454	143	T	0	0	143	36.4
A_PB2	1455	137	A	0	0	137	36.2
A_PB2	1456	149	G	0	0	149	34.5
A_PB2	1457	141	A	0	0	141	37.1
A_PB2	1458	138	T	0	0	138	36.8
A_PB2	1459	141	G	0	0	141	34.1
A_PB2	1460	160	A	0	0	160	36.5
A_PB2	1461	153	A	0	0	153	35.5
A_PB2	1462	117	T	0	0	117	36.7
A_PB2	1463	144	A	0	0	144	35.7
A_PB2	1464	129	C	0	0	129	37.5
A_PB2	1465	148	T	0	0	148	35.9
A_PB2	1466	149	C	0	0	149	35.0
A_PB2	1467	140	A	0	0	140	36.0
A_PB2	1468	143	A	0	0	143	35.0
A_PB2	1469	133	G	0	0	133	36.1
A_PB2	1470	154	T	0	0	154	34.4
A_PB2	1471	142	A	0	0	142	36.1
A_PB2	1472	145	C	0	0	145	36.4
A_PB2	1473	143	A	0	0	143	34.5
A_PB2	1474	142	G	0	0	142	35.0
A_PB2	1475	142	A	0	0	142	37.6
A_PB2	1476	136	G	0	0	136	34.4
A_PB2	1477	137	C	0	0	137	35.9
A_PB2	1478	148	G	0	0	148	37.1
A_PB2	1479	146	A	0	0	146	36.9
A_PB2	1480	161	G	0	0	161	34.3
A_PB2	1481	142	T	0	0	142	34.1
A_PB2	1482	136	A	0	0	136	35.5
A_PB2	1483	146	G	0	0	146	35.7
A_PB2	1484	145	T	0	0	145	36.1
A_PB2	1485	149	A	0	0	149	36.4
A_PB2	1486	137	G	0	0	137	34.8
A_PB2	1487	148	T	0	0	148	37.6
A_PB2	1488	150	A	0	0	150	37.5
A_PB2	1489	137	A	0	0	137	37.2
A_PB2	1490	148	G	0	0	148	34.8
A_PB2	1491	139	C	0	0	139	37.2
A_PB2	1492	143	A	0	0	143	36.3
A_PB2	1493	136	T	0	0	136	36.6
A_PB2	1494	150	C	0	0	150	36.5
A_PB2	1495	132	G	0	0	132	37.2
A_PB2	1496	126	A	0	0	126	35.4
A_PB2	1497	131	C	0	0	131	35.2
A_PB2	1498	159	C	0	0	159	34.2
A_PB2	1499	147	G	0	0	147	35.1
A_PB2	1500	137	G	0	0	137	38.0
A_PB2	1501	138	T	0	0	138	35.7
A_PB2	1502	150	T	0	0	150	35.0
A_PB2	1503	140	T	0	0	140	36.7
A_PB2	1504	144	T	0	0	144	37.4
A_PB2	1505	138	T	0	0	138	36.7
A_PB2	1506	147	A	0	0	147	36.4
A_PB2	1507	139	A	0	0	139	37.9
A_PB2	1508	156	G	0	0	156	34.3
A_PB2	1509	134	A	0	0	134	34.4
A_PB2	1510	128	G	0	0	128	34.6
A_PB2	1511	143	T	0	0	143	35.5
A_PB2	1512	135	T	0	0	135	36.7
A_PB2	1513	142	C	0	0	142	37.8
A_PB2	1514	134	G	0	0	134	36.4
A_PB2	1515	140	A	0	0	140	34.7
A_PB2	1516	133	G	0	0	133	37.0
A_PB2	1517	131	A	0	0	131	34.8
A_PB2	1518	147	C	0	0	147	34.2
A_PB2	1519	144	C	0	0	144	37.3
A_PB2	1520	127	A	0	0	127	35.7
A_PB2	1521	123	A	0	0	123	36.6
A_PB2	1522	141	C	0	0	141	34.4
A_PB2	1523	140	G	0	0	140	37.7
A_PB2	1524	144	G	0	0	144	35.6
A_PB2	1525	145	G	0	0	145	36.2
A_PB2	1526	117	G	0	0	117	37.1
A_PB2	1527	141	G	0	0	141	35.4
A_PB2	1528	135	A	0	0	135	34.9
A_PB2	1529	135	A	0	0	135	34.2
A_PB2	1530	143	C	0	0	143	35.0
A_PB2	1531	148	G	0	0	148	36.6
A_PB2	1532	133	T	0	0	133	35.6
A_PB2	1533	136	A	0	0	136	35.6
A_PB2	1534	149	C	0	0	149	35.9
A_PB2	1535	135	T	0	0	135	35.7
A_PB2	1536	126	A	0	0	126	36.0
A_PB2	1537	141	T	0	0	141	34.5
A_PB2	1538	133	T	0	0	133	37.2
A_PB2	1539	145	A	0	0	145	36.2
A_PB2	1540	129	T	0	0	129	35.7
A_PB2	1541	126	C	0	0	126	35.9
A_PB2	1542	133	A	0	0	133	34.9
A_PB2	1543	145	C	0	0	145	34.9
A_PB2	1544	143	C	0	0	143	36.0
A_PB2	1545	142	C	0	0	142	37.5
A_PB2	1546	129	G	0	0	129	37.7
A_PB2	1547	136	A	0	0	136	37.4
A_PB2	1548	124	A	0	0	124	37.6
A_PB2	1549	129	G	0	0	129	37.4
A_PB2	1550	145	A	0	0	145	37.4
A_PB2	1551	157	G	0	0	157	35.0
A_PB2	1552	126	G	0	0	126	35.6
A_PB2	1553	140	T	0	0	140	36.1
A_PB2	1554	142	C	0	0	142	37.3
A_PB2	1555	136	A	0	0	136	36.6
A_PB2	1556	117	G	0	0	117	36.3
A_PB2	1557	136	T	0	0	136	34.7
A_PB2	1558	123	G	0	0	123	36.0
A_PB2	1559	136	A	0	0	136	37.9
A_PB2	1560	139	G	0	0	139	36.4
A_PB2	1561	139	A	0	0	139	34.7
A_PB2	1562	137	C	0	0	137	35.7
A_PB2	1563	146	A	0	0	146	36.8
A_PB2	1564	131	C	0	0	131	34.3
A_PB2	1565	142	A	0	0	142	34.8
A_PB2	1566	137	A	0	0	137	35.5
A_PB2	1567	139	G	0	0	139	35.8
A_PB2	1568	131	G	0	0	131	34.3
A_PB2	1569	131	A	0	0	131	34.3
A_PB2	1570	132	A	0	0	132	35.3
A_PB2	1571	123	C	0	0	123	36.3
A_PB2	1572	149	G	0	0	149	37.0
A_PB2	1573	133	G	0	0	133	36.8
A_PB2	1574	143	A	0	0	143	38.0
A_PB2	1575	125	G	0	0	125	34.1
A_PB2	1576	144	A	0	0	144	36.4
A_PB2	1577	123	A	0	0	123	37.4
A_PB2	1578	141	A	0	0	141	34.2
A_PB2	1579	139	C	0	0	139	34.6
A_PB2	1580	127	T	0	0	127	35.2
A_PB2	1581	134	G	0	0	134	36.5
A_PB2	1582	129	A	0	0	129	37.8
A_PB2	1583	146	C	0	0	146	35.5
A_PB2	1584	134	A	0	0	134	34.7
A_PB2	1585	131	A	0	0	131	35.7
A_PB2	1586	138	T	0	0	138	34.1
A_PB2	1587	134	C	0	0	134	36.3
A_PB2	1588	145	A	0	0	145	36.8
A_PB2	1589	114	C	0	0	114	34.1
A_PB2	1590	127	T	0	0	127	36.3
A_PB2	1591	130	T	0	0	130	34.3
A_PB2	1592	147	A	0	0	147	36.4
A_PB2	1593	138	T	0	0	138	36.8
A_PB2	1594	127	T	0	0	127	36.9
A_PB2	1595	143	C	0	0	143	38.0
A_PB2	1596	141	G	0	0	141	34.0
A_PB2	1597	132	T	0	0	132	35.3
A_PB2	1598	141	C	0	0	141	38.0
A_PB2	1599	146	A	0	0	146	36.2
A_PB2	1600	132	T	0	0	132	37.1
A_PB2	1601	132	C	0	0	132	36.4
A_PB2	1602	136	A	0	0	136	34.3
A_PB2	1603	142	A	0	0	142	37.0
A_PB2	1604	134	T	0	0	134	37.8
A_PB2	1605	133	G	0	0	133	35.2
A_PB2	1606	121	A	0	0	121	36.7
A_PB2	1607	138	T	0	0	138	34.5
A_PB2	1608	144	G	0	0	144	36.4
A_PB2	1609	132	T	0	0	132	37.8
A_PB2	1610	135	G	0	0	135	36.8
A_PB2	1611	130	G	0	0	130	34.9
A_PB2	1612	131	G	0	0	131	37.1
A_PB2	1613	134	A	0	0	134	34.9
A_PB2	1614	124	G	0	0	124	34.1
A_PB2	1615	135	A	0	0	135	36.3
A_PB2	1616	130	T	0	0	130	36.2
A_PB2	1617	113	C	0	0	113	35.1
A_PB2	1618	138	A	0	0	138	37.1
A_PB2	1619	141	A	0	0	141	37.3
A_PB2	1620	142	T	0	0	142	37.4
A_PB2	1621	129	G	0	0	129	35.3
A_PB2	1622	141	G	0	0	141	35.8
A_PB2	1623	149	T	0	0	149	36.1
A_PB2	1624	139	C	0	0	139	35.7
A_PB2	1625	132	C	0	0	132	37.7
A_PB2	1626	136	T	0	0	136	37.3
A_PB2	1627	131	G	0	0	131	34.8
A_PB2	1628	132	A	0	0	132	35.5
A_PB2	1629	136	G	0	0	136	37.6
A_PB2	1630	134	T	0	0	134	36.0
A_PB2	1631	140	C	0	0	140	34.2
A_PB2	1632	148	G	0	0	148	34.1
A_PB2	1633	133	G	0	0	133	37.2
A_PB2	1634	138	T	0	0	138	37.9
A_PB2	1635	139	G	0	0	139	34.2
A_PB2	1636	147	T	0	0	147	34.8
A_PB2	1637	139	T	0	0	139	35.7
A_PB2	1638	147	G	0	0	147	37.5
A_PB2	1639	149	G	0	0	149	34.9
A_PB2	1640	147	T	0	0	147	37.9
A_PB2	1641	121	C	0	0	121	35.6
A_PB2	1642	126	A	0	0	126	35.6
A_PB2	1643	149	A	0	0	149	37.0
A_PB2	1644	146	T	0	0	146	37.6
A_PB2	1645	130	A	0	0	130	36.4
A_PB2	1646	142	C	0	0	142	37.0
A_PB2	1647	146	T	0	0	146	37.7
A_PB2	1648	139	T	0	0	139	34.8
A_PB2	1649	153	A	0	0	153	34.4
A_PB2	1650	153	C	0	0	153	36.6
A_PB2	1651	129	C	0	0	129	35.7
A_PB2	1652	142	A	0	0	142	34.5
A_PB2	1653	128	G	0	0	128	35.7
A_PB2	1654	141	T	0	0	141	34.0
A_PB2	1655	136	G	0	0	136	34.8
A_PB2	1656	143	G	0	0	143	36.0
A_PB2	1657	140	A	0	0	140	34.1
A_PB2	1658	146	T	0	0	146	37.8
A_PB2	1659	146	A	0	0	146	35.7
A_PB2	1660	148	A	0	0	148	34.0
A_PB2	1661	138	T	0	0	138	34.8
A_PB2	1662	153	T	0	0	153	35.8
A_PB2	1663	141	A	0	0	141	35.9
A_PB2	1664	144	G	0	0	144	34.4
A_PB2	1665	147	A	0	0	147	37.5
A_PB2	1666	150	A	0	0	150	36.5
A_PB2	1667	142	A	0	0	142	35.9
A_PB2	1668	131	C	0	0	131	35.4
A_PB2	1669	148	T	0	0	148	34.8
A_PB2	1670	145	G	0	0	145	34.8
A_PB2	1671	144	G	0	0	144	36.8
A_PB2	1672	172	G	0	0	172	34.9
A_PB2	1673	137	A	0	0	137	35.1
A_PB2	1674	136	A	0	0	136	36.5
A_PB2	1675	154	A	0	0	154	36.5
A_PB2	1676	138	C	0	0	138	36.4
A_PB2	1677	152	T	0	0	152	34.4
A_PB2	1678	145	G	0	0	145	34.3
A_PB2	1679	161	T	0	0	161	37.9
A_PB2	1680	153	A	0	0	153	34.4
A_PB2	1681	154	A	0	0	154	37.7
A_PB2	1682	150	A	0	0	150	34.1
A_PB2	1683	151	A	0	0	151	34.8
A_PB2	1684	147	A	0	0	147	35.2
A_PB2	1685	163	T	0	0	163	37.6
A_PB2	1686	144	T	0	0	144	36.9
A_PB2	1687	152	C	0	0	152	37.3
A_PB2	1688	168	A	0	0	168	35.5
A_PB2	1689	150	A	0	0	150	35.6
A_PB2	1690	151	T	0	0	151	37.6
A_PB2	1691	157	G	0	0	157	36.3
A_PB2	1692	158	G	0	0	158	35.8
A_PB2	1693	149	T	0	0	149	37.1
A_PB2	1694	175	C	0	0	175	37.0
A_PB2	1695	143	A	0	0	143	35.7
A_PB2	1696	146	C	0	0	146	37.6
A_PB2	1697	166	A	0	0	166	34.7
A_PB2	1698	143	G	0	0	143	36.9
A_PB2	1699	149	G	0	0	149	35.9
A_PB2	1700	165	A	0	0	165	35.6
A_PB2	1701	165	T	0	0	165	35.7
A_PB2	1702	153	C	0	0	153	36.9
A_PB2	1703	151	C	0	0	151	37.2
A_PB2	1704	139	C	0	0	139	37.9
A_PB2	1705	168	A	0	0	168	35.1
A_PB2	1706	142	C	0	0	142	35.5
A_PB2	1707	139	A	0	0	139	36.4
A_PB2	1708	155	A	0	0	155	34.8
A_PB2	1709	164	T	0	0	164	34.1
A_PB2	1710	173	G	0	0	173	34.1
A_PB2	1711	143	T	0	0	143	36.5
A_PB2	1712	154	T	0	0	154	36.7
A_PB2	1713	148	G	0	0	148	37.3
A_PB2	1714	161	T	0	0	161	37.3
A_PB2	1715	157	A	0	0	157	34.4
A_PB2	1716	163	T	0	0	163	35.9
A_PB2	1717	149	A	0	0	149	36.3
A_PB2	1718	164	A	0	0	164	36.5
A_PB2	1719	158	T	0	0	158	35.4
A_PB2	1720	139	A	0	0	139	34.2
A_PB2	1721	156	A	0	0	156	35.8
A_PB2	1722	155	G	0	0	155	36.7
A_PB2	1723	175	A	0	0	175	34.3
A_PB2	1724	151	T	0	0	151	37.5
A_PB2	1725	157	G	0	0	157	35.8
A_PB2	1726	140	G	0	0	140	34.4
A_PB2	1727	165	A	0	0	165	34.5
A_PB2	1728	166	A	0	0	166	34.9
A_PB2	1729	151	T	0	0	151	37.0
A_PB2	1730	153	T	0	0	153	37.7
A_PB2	1731	180	C	0	0	180	34.7
A_PB2	1732	146	G	0	0	146	37.9
A_PB2	1733	165	A	0	0	165	34.9
A_PB2	1734	175	G	0	0	175	35.1
A_PB2	1735	148	C	0	0	148	36.2
A_PB2	1736	143	C	0	0	143	35.3
A_PB2	1737	154	A	0	0	154	37.2
A_PB2	1738	157	T	0	0	157	36.6
A_PB2	1739	150	T	0	0	150	37.6
A_PB2	1740	157	C	0	0	157	36.9
A_PB2	1741	154	C	0	0	154	37.7
A_PB2	1742	149	A	0	0	149	36.6
A_PB2	1743	159	G	0	0	159	34.6
A_PB2	1744	152	T	0	0	152	35.4
A_PB2	1745	167	C	0	0	167	35.9
A_PB2	1746	154	T	0	0	154	34.1
A_PB2	1747	165	C	0	0	165	36.1
A_PB2	1748	158	T	0	0	158	36.9
A_PB2	1749	174	A	0	0	174	37.0
A_PB2	1750	154	G	0	0	154	36.2
A_PB2	1751	151	T	0	0	151	34.2
A_PB2	1752	151	C	0	0	151	37.1
A_PB2	1753	154	C	0	0	154	37.8
A_PB2	1754	171	C	0	0	171	34.8
A_PB2	1755	168	T	0	0	168	36.3
A_PB2	1756	156	A	0	0	156	37.2
A_PB2	1757	163	A	0	0	163	35.5
A_PB2	1758	145	G	0	0	145	36.3
A_PB2	1759	161	G	0	0	161	34.8
A_PB2	1760	168	C	0	0	168	34.3
A_PB2	1761	161	A	0	0	161	34.6
A_PB2	1762	173	G	0	0	173	37.6
A_PB2	1763	165	C	0	0	165	34.1
A_PB2	1764	155	C	0	0	155	34.0
A_PB2	1765	170	A	0	0	170	34.6
A_PB2	1766	158	G	0	0	158	36.7
A_PB2	1767	146	A	0	0	146	34.5
A_PB2	1768	149	G	0	0	149	35.2
A_PB2	1769	142	G	0	0	142	36.9
A_PB2	1770	145	T	0	0	145	34.2
A_PB2	1771	163	C	0	0	163	37.1
A_PB2	1772	152	A	0	0	152	35.7
A_PB2	1773	163	A	0	0	163	36.4
A_PB2	1774	162	T	0	0	162	36.1
A_PB2	1775	147	A	0	0	147	36.9
A_PB2	1776	146	C	0	0	146	34.9
A_PB2	1777	162	A	0	0	162	36.0
A_PB2	1778	153	G	0	0	153	36.4
A_PB2	1779	150	T	0	0	150	36.1
A_PB2	1780	157	G	0	0	157	36.4
A_PB2	1781	156	G	0	0	156	36.6
A_PB2	1782	146	G	0	0	146	34.0
A_PB2	1783	156	T	0	0	156	34.5
A_PB2	1784	161	T	0	0	161	36.0
A_PB2	1785	142	T	0	0	142	37.8
A_PB2	1786	144	G	0	0	144	34.3
A_PB2	1787	155	T	0	0	155	34.3
A_PB2	1788	156	G	0	0	156	37.9
A_PB2	1789	150	A	0	0	150	36.4
A_PB2	1790	154	G	0	0	154	35.8
A_PB2	1791	172	A	0	0	172	37.4
A_PB2	1792	154	A	0	0	154	34.5
A_PB2	1793	141	C	0	0	141	34.1
A_PB2	1794	156	A	0	0	156	36.3
A_PB2	1795	144	C	0	0	144	35.6
A_PB2	1796	153	T	0	0	153	36.5
A_PB2	1797	154	A	0	0	154	34.6
A_PB2	1798	133	T	0	0	133	35.2
A_PB2	1799	144	T	0	0	144	35.2
A_PB2	1800	126	C	0	0	126	35.5
A_PB2	1801	138	C	0	0	138	35.9
A_PB2	1802	137	A	0	0	137	37.4
A_PB2	1803	159	G	0	0	159	36.9
A_PB2	1804	152	C	0	0	152	35.5
A_PB2	1805	160	A	0	0	160	35.4
A_PB2	1806	157	A	0	0	157	37.8
A_PB2	1807	146	A	0	0	146	34.3
A_PB2	1808	141	T	0	0	141	36.0
A_PB2	1809	131	G	0	0	131	36.6
A_PB2	1810	145	A	0	0	145	34.1
A_PB2	1811	134	G	0	0	134	36.1
A_PB2	1812	131	A	0	0	131	34.2
A_PB2	1813	151	G	0	0	151	37.8
A_PB2	1814	128	A	0	0	128	35.0
A_PB2	1815	149	T	0	0	149	37.6
A_PB2	1816	142	G	0	0	142	36.8
A_PB2	1817	132	T	0	0	132	34.9
A_PB2	1818	146	G	0	0	146	36.8
A_PB2	1819	126	C	0	0	126	35.7
A_PB2	1820	153	T	0	0	153	34.0
A_PB2	1821	142	T	0	0	142	35.2
A_PB2	1822	140	G	0	0	140	34.8
A_PB2	1823	132	G	0	0	132	36.7
A_PB2	1824	128	A	0	0	128	37.3
A_PB2	1825	125	A	0	0	125	37.6
A_PB2	1826	145	C	0	0	145	37.6
A_PB2	1827	117	A	0	0	117	37.6
A_PB2	1828	132	T	0	0	132	35.9
A_PB2	1829	133	T	0	0	133	34.4
A_PB2	1830	130	T	0	0	130	36.8
A_PB2	1831	131	G	0	0	131	34.2
A_PB2	1832	133	A	0	0	133	37.5
A_PB2	1833	125	C	0	0	125	36.4
A_PB2	1834	129	A	0	0	129	35.5
A_PB2	1835	134	C	0	0	134	35.8
A_PB2	1836	127	T	0	0	127	34.1
A_PB2	1837	124	G	0	0	124	37.9
A_PB2	1838	122	T	0	0	122	37.3
A_PB2	1839	148	T	0	0	148	34.5
A_PB2	1840	135	C	0	0	135	37.8
A_PB2	1841	131	A	0	0	131	34.0
A_PB2	1842	123	G	0	0	123	34.1
A_PB2	1843	113	A	0	0	113	36.7
A_PB2	1844	130	T	0	0	130	37.2
A_PB2	1845	128	A	0	0	128	35.9
A_PB2	1846	129	G	0	0	129	36.1
A_PB2	1847	112	T	0	0	112	37.0
A_PB2	1848	114	A	0	0	114	37.7
A_PB2	1849	133	A	0	0	133	35.9
A_PB2	1850	129	A	0	0	129	37.6
A_PB2	1851	121	A	0	0	121	34.5
A_PB2	1852	129	C	0	0	129	34.3
A_PB2	1853	130	T	0	0	130	37.6
A_PB2	1854	124	C	0	0	124	37.0
A_PB2	1855	122	C	0	0	122	34.8
A_PB2	1856	129	T	0	0	129	35.6
A_PB2	1857	111	C	0	0	111	36.6
A_PB2	1858	113	C	0	0	113	35.0
A_PB2	1859	137	C	0	0	137	34.9
A_PB2	1860	106	C	0	0	106	34.5
A_PB2	1861	111	T	0	0	111	35.1
A_PB2	1862	119	T	0	0	119	34.3
A_PB2	1863	118	T	0	0	118	37.3
A_PB2	1864	116	G	0	0	116	34.3
A_PB2	1865	113	C	0	0	113	35.0
A_PB2	1866	124	T	0	0	124	36.7
A_PB2	1867	115	G	0	0	115	36.5
A_PB2	1868	118	C	0	0	118	36.8
A_PB2	1869	121	C	0	0	121	34.1
A_PB2	1870	99	G	0	0	99	37.1
A_PB2	1871	119	C	0	0	119	37.4
A_PB2	1872	114	C	0	0	114	37.0
A_PB2	1873	107	C	0	0	107	34.7
A_PB2	1874	118	C	0	0	118	35.7
A_PB2	1875	95	A	0	0	95	36.3
A_PB2	1876	119	C	0	0	119	37.1
A_PB2	1877	99	C	0	0	99	36.7
A_PB2	1878	102	G	0	0	102	36.5
A_PB2	1879	99	G	0	0	99	35.4
A_PB2	1880	113	A	0	0	113	35.5
A_PB2	1881	101	A	0	0	101	34.9
A_PB2	1882	99	C	0	0	99	36.7
A_PB2	1883	104	A	0	0	104	36.2
A_PB2	1884	106	A	0	0	106	34.8
A_PB2	1885	88	A	0	0	88	35.2
A_PB2	1886	103	G	0	0	103	37.3
A_PB2	1887	88	T	0	0	88	37.6
A_PB2	1888	90	A	0	0	90	37.3
A_PB2	1889	107	G	0	0	107	35.2
A_PB2	1890	97	G	0	0	97	35.8
A_PB2	1891	99	A	0	0	99	37.7
A_PB2	1892	89	T	0	0	89	36.3
A_PB2	1893	95	G	0	0	95	35.9
A_PB2	1894	100	C	0	0	100	37.6
A_PB2	1895	113	A	0	0	113	37.8
A_PB2	1896	92	G	0	0	92	34.5
A_PB2	1897	96	T	0	0	96	35.7
A_PB2	1898	94	T	0	0	94	36.3
A_PB2	1899	102	C	0	0	102	35.6
A_PB2	1900	103	T	0	0	103	36.1
A_PB2	1901	106	C	0	0	106	36.1
A_PB2	1902	94	C	0	0	94	36.8
A_PB2	1903	94	T	0	0	94	35.8
A_PB2	1904	104	C	0	0	104	37.1
A_PB2	1905	85	C	0	0	85	34.3
A_PB2	1906	90	C	0	0	90	37.7
A_PB2	1907	93	T	0	0	93	36.0
A_PB2	1908	98	G	0	0	98	37.8
A_PB2	1909	92	A	0	0	92	35.0
A_PB2	1910	95	C	0	0	95	36.7
A_PB2	1911	95	T	0	0	95	35.0
A_PB2	1912	84	G	0	0	84	35.7
A_PB2	1913	89	T	0	0	89	37.9
A_PB2	1914	89	G	0	0	89	34.9
A_PB2	1915	87	A	0	0	87	34.4
A_PB2	1916	92	A	0	0	92	37.9
A_PB2	1917	85	T	0	0	85	36.7
A_PB2	1918	92	G	0	0	92	35.6
A_PB2	1919	81	T	0	0	81	37.8
A_PB2	1920	85	A	0	0	85	37.6
A_PB2	1921	84	A	0	0	84	36.6
A_PB2	1922	88	G	0	0	88	37.9
A_PB2	1923	87	A	0	0	87	37.3
A_PB2	1924	89	G	0	0	89	34.6
A_PB2	1925	87	G	0	0	87	36.8
A_PB2	1926	82	A	0	0	82	34.3
A_PB2	1927	98	T	0	0	98	34.3
A_PB2	1928	87	C	0	0	87	35.7
A_PB2	1929	92	A	0	0	92	35.9
A_PB2	1930	90	G	0	0	90	36.4
A_PB2	1931	83	G	0	0	83	34.3
A_PB2	1932	90	A	0	0	90	36.0
A_PB2	1933	90	A	0	0	90	37.8
A_PB2	1934	81	T	0	0	81	36.7
A_PB2	1935	89	G	0	0	89	37.7
A_PB2	1936	92	A	0	0	92	34.3
A_PB2	1937	82	G	0	0	82	36.3
A_PB2	1938	87	G	0	0	87	36.2
A_PB2	1939	87	A	0	0	87	35.8
A_PB2	1940	91	T	0	0	91	37.1
A_PB2	1941	90	A	0	0	90	37.2
A_PB2	1942	84	C	0	0	84	37.0
A_PB2	1943	85	T	0	0	85	36.0
A_PB2	1944	97	G	0	0	97	37.7
A_PB2	1945	71	G	0	0	71	35.7
A_PB2	1946	88	T	0	0	88	35.0
A_PB2	1947	86	A	0	0	86	35.2
A_PB2	1948	85	A	0	0	85	36.1
A_PB2	1949	82	G	0	0	82	36.8
A_PB2	1950	77	A	0	0	77	36.1
A_PB2	1951	90	G	0	0	90	34.5
A_PB2	1952	79	G	0	0	79	35.0
A_PB2	1953	89	C	0	0	89	36.0
A_PB2	1954	81	A	0	0	81	35.3
A_PB2	1955	86	A	0	0	86	34.3
A_PB2	1956	80	T	0	0	80	35.3
A_PB2	1957	90	T	0	0	90	36.5
A_PB2	1958	88	C	0	0	88	36.6
A_PB2	1959	78	A	0	0	78	37.6
A_PB2	1960	83	C	0	0	83	37.2
A_PB2	1961	82	C	0	0	82	37.9
A_PB2	1962	88	A	0	0	88	35.5
A_PB2	1963	90	G	0	0	90	36.9
A_PB2	1964	93	T	0	0	93	37.8
A_PB2	1965	83	C	0	0	83	34.2
A_PB2	1966	84	T	0	0	84	35.5
A_PB2	1967	87	T	0	0	87	37.7
A_PB2	1968	95	C	0	0	95	38.0
A_PB2	1969	84	A	0	0	84	37.3
A_PB2	1970	95	A	0	0	95	36.7
A_PB2	1971	87	T	0	0	87	34.4
A_PB2	1972	89	T	0	0	89	37.7
A_PB2	1973	86	A	0	0	86	34.4
A_PB2	1974	101	C	0	0	101	34.7
A_PB2	1975	87	A	0	0	87	37.6
A_PB2	1976	90	A	0	0	90	36.9
A_PB2	1977	95	C	0	0	95	35.9
A_PB2	1978	82	A	0	0	82	35.5
A_PB2	1979	95	A	0	0	95	37.5
A_PB2	1980	92	G	0	0	92	37.4
A_PB2	1981	85	G	0	0	85	35.2
A_PB2	1982	92	C	0	0	92	35.5
A_PB2	1983	89	C	0	0	89	34.6
A_PB2	1984	88	A	0	0	88	34.2
A_PB2	1985	90	C	0	0	90	35.7
A_PB2	1986	99	C	0	0	99	37.9
A_PB2	1987	96	A	0	0	96	34.5
A_PB2	1988	84	A	0	0	84	34.8
A_PB2	1989	92	G	0	0	92	35.7
A_PB2	1990	95	A	0	0	95	37.3
A_PB2	1991	91	G	0	0	91	35.8
A_PB2	1992	94	G	0	0	94	35.6
A_PB2	1993	96	C	0	0	96	35.9
A_PB2	1994	89	T	0	0	89	36.3
A_PB2	1995	102	C	0	0	102	36.7
A_PB2	1996	97	A	0	0	97	36.5
A_PB2	1997	90	C	0	0	90	37.8
A_PB2	1998	98	A	0	0	98	37.5
A_PB2	1999	95	G	0	0	95	36.1
A_PB2	2000	92	T	0	0	92	37.8
A_PB2	2001	96	T	0	0	96	34.1
A_PB2	2002	93	C	0	0	93	35.9
A_PB2	2003	90	T	0	0	90	34.7
A_PB2	2004	90	C	0	0	90	35.8
A_PB2	2005	104	G	0	0	104	34.5
A_PB2	2006	95	G	0	0	95	34.6
A_PB2	2007	98	G	0	0	98	37.2
A_PB2	2008	106	A	0	0	106	34.7
A_PB2	2009	111	A	0	0	111	34.4
A_PB2	2010	84	A	0	0	84	36.7
A_PB2	2011	106	G	0	0	106	34.6
A_PB2	2012	90	A	0	0	90	34.7
A_PB2	2013	98	T	0	0	98	35.2
A_PB2	2014	100	G	0	0	100	37.6
A_PB2	2015	103	C	0	0	103	34.2
A_PB2	2016	102	A	0	0	102	37.3
A_PB2	2017	88	G	0	0	88	35.8
A_PB2	2018	107	G	0	0	107	35.7
A_PB2	2019	108	T	0	0	108	36.2
A_PB2	2020	103	G	0	0	103	34.6
A_PB2	2021	95	C	0	0	95	37.5
A_PB2	2022	109	A	0	0	109	35.1
A_PB2	2023	99	T	0	0	99	34.3
A_PB2	2024	108	T	0	0	108	35.0
A_PB2	2025	102	G	0	0	102	34.2
A_PB2	2026	96	A	0	0	96	36.1
A_PB2	2027	105	C	0	0	105	37.0
A_PB2	2028	105	C	0	0	105	34.8
A_PB2	2029	99	G	0	0	99	37.2
A_PB2	2030	107	A	0	0	107	36.8
A_PB2	2031	114	A	0	0	114	37.0
A_PB2	2032	98	G	0	0	98	35.1
A_PB2	2033	103	A	0	0	103	36.6
A_PB2	2034	112	T	0	0	112	37.2
A_PB2	2035	113	C	0	0	113	35.5
A_PB2	2036	103	C	0	0	103	36.6
A_PB2	2037	96	A	0	0	96	36.0
A_PB2	2038	101	G	0	0	101	35.3
A_PB2	2039	102	A	0	0	102	35.8
A_PB2	2040	113	T	0	0	113	36.9
A_PB2	2041	103	G	0	0	103	36.8
A_PB2	2042	109	A	0	0	109	35.8
A_PB2	2043	100	A	0	0	100	34.3
A_PB2	2044	107	G	0	0	107	35.9
A_PB2	2045	109	G	0	0	109	34.8
A_PB2	2046	110	C	0	0	110	36.7
A_PB2	2047	119	A	0	0	119	36.4
A_PB2	2048	103	C	0	0	103	34.3
A_PB2	2049	106	A	0	0	106	34.7
A_PB2	2050	97	G	0	0	97	37.7
A_PB2	2051	106	C	0	0	106	36.4
A_PB2	2052	118	T	0	0	118	34.3
A_PB2	2053	118	G	0	0	118	38.0
A_PB2	2054	125	G	0	0	125	35.1
A_PB2	2055	119	A	0	0	119	36.3
A_PB2	2056	109	G	0	0	109	35.4
A_PB2	2057	109	T	0	0	109	34.1
A_PB2	2058	107	G	0	0	107	37.4
A_PB2	2059	112	G	0	0	112	37.2
A_PB2	2060	114	A	0	0	114	34.2
A_PB2	2061	122	G	0	0	122	35.8
A_PB2	2062	126	T	0	0	126	36.7
A_PB2	2063	107	C	0	0	107	35.4
A_PB2	2064	95	T	0	0	95	36.1
A_PB2	2065	115	G	0	0	115	34.8
A_PB2	2066	117	C	0	0	117	36.2
A_PB2	2067	115	T	0	0	115	34.0
A_PB2	2068	112	G	0	0	112	36.8
A_PB2	2069	109	T	0	0	109	35.8
A_PB2	2070	110	T	0	0	110	34.3
A_PB2	2071	129	T	0	0	129	35.8
A_PB2	2072	119	T	0	0	119	34.1
A_PB2	2073	116	A	0	0	116	36.1
A_PB2	2074	115	A	0	0	115	37.5
A_PB2	2075	123	G	0	0	123	35.4
A_PB2	2076	117	A	0	0	117	36.3
A_PB2	2077	137	G	0	0	137	34.2
A_PB2	2078	117	G	0	0	117	37.1
A_PB2	2079	114	A	0	0	114	35.8
A_PB2	2080	124	T	0	0	124	34.0
A_PB2	2081	116	T	0	0	116	37.8
A_PB2	2082	108	C	0	0	108	37.9
A_PB2	2083	112	C	0	0	112	37.2
A_PB2	2084	133	T	0	0	133	34.5
A_PB2	2085	136	C	0	0	136	36.0
A_PB2	2086	122	A	0	0	122	36.6
A_PB2	2087	125	T	0	0	125	35.6
A_PB2	2088	136	T	0	0	136	37.3
A_PB2	2089	119	T	0	0	119	37.3
A_PB2	2090	112	T	0	0	112	36.9
A_PB2	2091	124	G	0	0	124	37.9
A_PB2	2092	118	G	0	0	118	37.1
A_PB2	2093	113	G	0	0	113	36.7
A_PB2	2094	124	C	0	0	124	35.5
A_PB2	2095	118	A	0	0	118	36.1
A_PB2	2096	126	A	0	0	126	36.7
A_PB2	2097	111	A	0	0	111	36.5
A_PB2	2098	134	G	0	0	134	34.1
A_PB2	2099	123	A	0	0	123	36.3
A_PB2	2100	118	A	0	0	118	38.0
A_PB2	2101	113	G	0	0	113	36.0
A_PB2	2102	125	A	0	0	125	34.5
A_PB2	2103	114	C	0	0	114	36.8
A_PB2	2104	119	A	0	0	119	37.7
A_PB2	2105	126	A	0	0	126	34.3
A_PB2	2106	113	G	0	0	113	37.4
A_PB2	2107	118	A	0	0	118	37.1
A_PB2	2108	110	G	0	0	110	34.5
A_PB2	2109	118	A	0	0	118	34.9
A_PB2	2110	114	T	0	0	114	34.3
A_PB2	2111	104	A	0	0	104	35.5
A_PB2	2112	121	T	0	0	121	37.4
A_PB2	2113	115	G	0	0	115	34.8
A_PB2	2114	112	G	0	0	112	37.9
A_PB2	2115	123	C	0	0	123	34.5
A_PB2	2116	119	C	0	0	119	35.5
A_PB2	2117	126	C	0	0	126	34.4
A_PB2	2118	124	A	0	0	124	35.2
A_PB2	2119	111	G	0	0	111	36.1
A_PB2	2120	117	C	0	0	117	36.6
A_PB2	2121	132	A	0	0	132	35.7
A_PB2	2122	120	T	0	0	120	35.9
A_PB2	2123	119	T	0	0	119	36.4
A_PB2	2124	130	G	0	0	130	34.4
A_PB2	2125	117	A	0	0	117	34.2
A_PB2	2126	120	G	0	0	120	37.4
A_PB2	2127	124	C	0	0	124	34.2
A_PB2	2128	123	A	0	0	123	34.7
A_PB2	2129	112	T	0	0	112	34.1
A_PB2	2130	116	C	0	0	116	34.5
A_PB2	2131	111	A	0	0	111	37.7
A_PB2	2132	122	A	0	0	122	34.9
A_PB2	2133	111	T	0	0	111	37.8
A_PB2	2134	122	G	0	0	122	37.8
A_PB2	2135	127	A	0	0	127	37.5
A_PB2	2136	120	G	0	0	120	36.9
A_PB2	2137	118	C	0	0	118	34.2
A_PB2	2138	131	T	0	0	131	36.2
A_PB2	2139	114	G	0	0	114	35.6
A_PB2	2140	120	A	0	0	120	36.6
A_PB2	2141	132	G	0	0	132	37.3
A_PB2	2142	122	C	0	0	122	36.9
A_PB2	2143	115	A	0	0	115	36.1
A_PB2	2144	115	A	0	0	115	35.0
A_PB2	2145	132	T	0	0	132	35.2
A_PB2	2146	125	C	0	0	125	37.6
A_PB2	2147	121	T	0	0	121	36.6
A_PB2	2148	106	T	0	0	106	35.3
A_PB2	2149	110	G	0	0	110	37.5
A_PB2	2150	114	C	0	0	114	34.0
A_PB2	2151	110	A	0	0	110	37.5
A_PB2	2152	115	A	0	0	115	36.7
A_PB2	2153	116	A	0	0	116	34.2
A_PB2	2154	109	G	0	0	109	35.8
A_PB2	2155	117	G	0	0	117	34.4
A_PB2	2156	108	G	0	0	108	37.6
A_PB2	2157	116	A	0	0	116	37.7
A_PB2	2158	103	G	0	0	103	34.8
A_PB2	2159	94	A	0	0	94	37.1
A_PB2	2160	108	G	0	0	108	35.6
A_PB2	2161	103	A	0	0	103	36.0
A_PB2	2162	120	A	0	0	120	37.9
A_PB2	2163	111	G	0	0	111	36.3
A_PB2	2164	108	G	0	0	108	34.0
A_PB2	2165	104	C	0	0	104	36.7
A_PB2	2166	99	T	0	0	99	35.4
A_PB2	2167	88	A	0	0	88	34.7
A_PB2	2168	96	A	0	0	96	36.1
A_PB2	2169	94	T	0	0	94	37.0
A_PB2	2170	100	G	0	0	100	34.5
A_PB2	2171	92	T	0	0	92	36.7
A_PB2	2172	99	G	0	0	99	34.1
A_PB2	2173	88	C	0	0	88	35.2
A_PB2	2174	80	T	0	0	80	34.5
A_PB2	2175	98	A	0	0	98	34.0
A_PB2	2176	89	A	0	0	89	36.3
A_PB2	2177	83	T	0	0	83	37.7
A_PB2	2178	89	T	0	0	89	36.5
A_PB2	2179	83	G	0	0	83	37.1
A_PB2	2180	84	G	0	0	84	34.2
A_PB2	2181	80	G	0	0	80	36.4
A_PB2	2182	84	C	0	0	84	37.3
A_PB2	2183	85	A	0	0	85	36.6
A_PB2	2184	75	A	0	0	75	34.4
A_PB2	2185	79	G	0	0	79	37.0
A_PB2	2186	80	G	0	0	80	37.9
A_PB2	2187	78	A	0	0	78	34.7
A_PB2	2188	78	G	0	0	78	37.0
A_PB2	2189	74	A	0	0	74	36.6
A_PB2	2190	78	C	0	0	78	36.9
A_PB2	2191	90	G	0	0	90	37.9
A_PB2	2192	80	T	0	0	80	36.5
A_PB2	2193	70	A	0	0	70	34.8
A_PB2	2194	65	G	0	0	65	36.2
A_PB2	2195	72	T	0	0	72	36.5
A_PB2	2196	75	G	0	0	75	35.3
A_PB2	2197	71	T	0	0	71	36.9
A_PB2	2198	69	T	0	0	69	36.7
A_PB2	2199	72	G	0	0	72	34.4
A_PB2	2200	68	G	0	0	68	37.5
A_PB2	2201	67	T	0	0	67	34.0
A_PB2	2202	61	G	0	0	61	35.5
A_PB2	2203	65	A	0	0	65	37.1
A_PB2	2204	58	T	0	0	58	35.5
A_PB2	2205	64	G	0	0	64	37.2
A_PB2	2206	59	A	0	0	59	37.3
A_PB2	2207	62	A	0	0	62	36.1
A_PB2	2208	58	A	0	0	58	35.8
A_PB2	2209	53	C	0	0	53	34.8
A_PB2	2210	56	G	0	0	56	35.3
A_PB2	2211	59	G	0	0	59	37.4
A_PB2	2212	57	A	0	0	57	35.3
A_PB2	2213	57	A	0	0	57	37.6
A_PB2	2214	52	A	0	0	52	36.7
A_PB2	2215	52	C	0	0	52	35.2
A_PB2	2216	45	G	0	0	45	37.4
A_PB2	2217	49	G	0	0	49	34.6
A_PB2	2218	51	G	0	0	51	37.7
A_PB2	2219	50	A	0	0	50	35.3
A_PB2	2220	55	C	0	0	55	35.8
A_PB2	2221	50	T	0	0	50	34.8
A_PB2	2222	43	C	0	0	43	35.4
A_PB2	2223	48	T	0	0	48	37.2
A_PB2	2224	44	A	0	0	44	34.8
A_PB2	2225	46	G	0	0	46	34.9
A_PB2	2226	42	C	0	0	42	37.2
A_PB2	2227	47	A	0	0	47	34.1
A_PB2	2228	43	T	0	0	43	36.2
A_PB2	2229	44	A	0	0	44	36.2
A_PB2	2230	40	C	0	0	40	34.6
A_PB2	2231	40	T	0	0	40	34.9
A_PB2	2232	41	T	0	0	41	34.1
A_PB2	2233	40	A	0	0	40	34.7
A_PB2	2234	37	C	0	0	37	37.0
A_PB2	2235	38	T	0	0	38	35.6
A_PB2	2236	32	G	0	0	32	35.9
A_PB2	2237	33	A	0	0	33	35.7
A_PB2	2238	36	C	0	0	36	38.0
A_PB2	2239	33	A	0	0	33	37.7
A_PB2	2240	32	G	0	0	32	37.2
A_PB2	2241	35	C	0	0	35	37.8
A_PB2	2242	29	C	0	0	29	34.4
A_PB2	2243	30	A	0	0	30	35.1
A_PB2	2244	35	G	0	0	35	35.3
A_PB2	2245	28	A	0	0	28	37.7
A_PB2	2246	32	C	0	0	32	36.0
A_PB2	2247	29	A	0	0	29	35.5
A_PB2	2248	25	G	0	0	25	35.4
A_PB2	2249	25	C	0	0	25	36.5
A_PB2	2250	23	G	0	0	23	37.0
A_PB2	2251	24	A	0	0	24	34.7
A_PB2	2252	25	C	0	0	25	36.1
A_PB2	2253	24	C	0	0	24	37.3
A_PB2	2254	23	A	0	0	23	36.7
A_PB2	2255	22	A	0	0	22	37.4
A_PB2	2256	20	A	0	0	20	34.0
A_PB2	2257	19	A	0	0	19	34.6
A_PB2	2258	18	G	0	0	18	34.3
A_PB2	2259	17	A	0	0	17	35.6
A_PB2	2260	18	A	0	0	18	35.7
A_PB2	2261	17	T	0	0	17	36.3
A_PB2	2262	16	T	0	0	16	34.0
A_PB2	2263	15	C	0	0	15	36.3
A_PB2	2264	13	G	0	0	13	34.2
A_PB2	2265	13	G	0	0	13	36.1
A_PB2	2266	11	A	0	0	11	36.6
A_PB2	2267	11	T	0	0	11	37.9
A_PB2	2268	11	G	0	0	11	37.5
A_PB2	2269	10	G	0	0	10	35.2
A_PB2	2270	9	C	0	0	9	34.8
A_PB2	2271	8	C	0	0	8	35.8
A_PB2	2272	7	A	0	0	7	37.6
A_PB2	2273	6	T	0	0	6	34.8
A_PB2	2274	5	C	0	0	5	35.4
A_PB2	2275	5	A	0	0	5	34.6
A_PB2	2276	4	A	0	0	4	37.5
A_PB2	2277	3	T	0	0	3	37.9
A_PB2	2278	2	T	0	0	2	34.9
A_PB2	2279	1	A	0	0	1	35.1
A_PB2	2280	0	G	0	0	0	37.9
