Reference_Name	Position	Coverage Depth	Consensus	Deletions	Ambiguous	Consensus_Count	Consensus_Average_Quality
A_MP	1	58	A	0	0	58	35.4
A_MP	2	109	T	0	0	109	37.6
A_MP	3	157	G	0	0	157	36.2
A_MP	4	230	A	0	0	230	36.8
A_MP	5	307	G	0	0	307	36.8
A_MP	6	361	T	0	0	361	36.6
A_MP	7	416	C	0	0	416	36.3
A_MP	8	472	T	0	0	472	35.4
A_MP	9	553	T	0	0	553	35.2
A_MP	10	582	C	0	0	582	37.1
A_MP	11	682	T	0	0	682	34.3
A_MP	12	746	A	0	0	746	36.4
A_MP	13	928	A	0	0	928	37.7
A_MP	14	936	C	0	0	936	35.2
A_MP	15	1006	C	0	0	1006	37.7
A_MP	16	1151	G	0	0	1151	35.2
A_MP	17	1029	A	0	0	1029	35.9
A_MP	18	1181	G	0	0	1181	35.8
A_MP	19	1283	G	0	0	1283	36.8
A_MP	20	1259	T	0	0	1259	37.6
A_MP	21	1505	C	0	0	1505	36.5
A_MP	22	1488	G	0	0	1488	35.2
A_MP	23	1455	A	0	0	1455	36.3
A_MP	24	1619	A	0	0	1619	36.7
A_MP	25	1733	A	0	0	1733	37.1
A_MP	26	1878	C	0	0	1878	36.9
A_MP	27	1861	G	0	0	1861	36.3
A_MP	28	2091	T	0	0	2091	36.0
A_MP	29	1931	A	0	0	1931	36.9
A_MP	30	1971	C	0	0	1971	36.8
A_MP	31	2343	G	0	0	2343	36.5
A_MP	32	2073	T	0	0	2073	37.1
A_MP	33	2400	T	0	0	2400	34.1
A_MP	34	2430	C	0	0	2430	36.5
A_MP	35	2636	T	0	0	2636	35.0
A_MP	36	2928	C	0	0	2928	37.6
A_MP	37	2787	T	0	0	2787	35.4
A_MP	38	2936	C	0	0	2936	35.6
A_MP	39	2912	T	0	0	2912	34.2
A_MP	40	2979	A	0	0	2979	36.0
A_MP	41	2800	T	0	0	2800	35.9
A_MP	42	2985	C	0	0	2985	34.3
A_MP	43	3145	G	0	0	3145	37.1
A_MP	44	3118	T	0	0	3118	37.4
A_MP	45	3115	C	0	0	3115	35.6
A_MP	46	3169	C	0	0	3169	35.3
A_MP	47	3474	C	0	0	3474	34.3
A_MP	48	3373	G	0	0	3373	35.8
A_MP	49	3347	T	0	0	3347	36.7
A_MP	50	3631	C	0	0	3631	34.4
A_MP	51	4143	G	0	0	4143	36.8
A_MP	52	3773	G	0	0	3773	36.5
A_MP	53	3818	G	0	0	3818	35.5
A_MP	54	3849	C	0	0	3849	35.2
A_MP	55	3738	C	0	0	3738	35.5
A_MP	56	4148	C	0	0	4148	37.8
A_MP	57	4211	C	0	0	4211	35.0
A_MP	58	4349	C	0	0	4349	36.1
A_MP	59	3790	T	0	0	3790	34.1
A_MP	60	4567	C	0	0	4567	37.7
A_MP	61	3946	A	0	0	3946	35.8
A_MP	62	4348	A	0	0	4348	34.1
A_MP	63	3534	A	0	0	3534	37.6
A_MP	64	4256	G	0	0	4256	34.1
A_MP	65	4231	C	0	0	4231	37.9
A_MP	66	4392	C	0	0	4392	37.7
A_MP	67	4520	G	0	0	4520	36.6
A_MP	68	4211	A	0	0	4211	36.7
A_MP	69	4064	G	0	0	4064	36.5
A_MP	70	4397	A	0	0	4397	37.4
A_MP	71	3913	T	0	0	3913	35.6
A_MP	72	4216	C	0	0	4216	35.3
A_MP	73	4902	G	0	0	4902	34.9
A_MP	74	4005	C	0	0	4005	36.9
A_MP	75	3878	G	0	0	3878	36.3
A_MP	76	4185	C	0	0	4185	35.8
A_MP	77	4010	A	0	0	4010	34.1
A_MP	78	3848	G	0	0	3848	36.2
A_MP	79	4235	A	0	0	4235	36.0
A_MP	80	3906	G	0	0	3906	34.7
A_MP	81	4034	A	0	0	4034	38.0
A_MP	82	3903	C	0	0	3903	36.5
A_MP	83	3526	T	0	0	3526	37.0
A_MP	84	3770	T	0	0	3770	35.7
A_MP	85	3732	G	0	0	3732	35.6
A_MP	86	3828	A	0	0	3828	37.5
A_MP	87	4108	A	0	0	4108	37.4
A_MP	88	3485	G	0	0	3485	36.8
A_MP	89	3881	A	0	0	3881	36.7
A_MP	90	3903	T	0	0	3903	36.8
A_MP	91	3958	G	0	0	3958	35.5
A_MP	92	4286	T	0	0	4286	35.1
A_MP	93	3831	C	0	0	3831	37.0
A_MP	94	3995	T	0	0	3995	35.0
A_MP	95	4078	T	0	0	4078	35.5
A_MP	96	4109	T	0	0	4109	37.8
A_MP	97	4209	G	0	0	4209	36.7
A_MP	98	4159	C	0	0	4159	34.4
A_MP	99	4179	A	0	0	4179	34.7
A_MP	100	4393	G	0	0	4393	37.2
A_MP	101	4179	G	0	0	4179	37.4
A_MP	102	4336	G	0	0	4336	36.8
A_MP	103	4274	A	0	0	4274	35.7
A_MP	104	4167	A	0	0	4167	35.0
A_MP	105	4366	G	0	0	4366	35.4
A_MP	106	4468	A	0	0	4468	36.5
A_MP	107	4009	A	0	0	4009	37.1
A_MP	108	4343	C	0	0	4343	37.6
A_MP	109	4366	A	0	0	4366	37.5
A_MP	110	4201	C	0	0	4201	37.8
A_MP	111	4067	C	0	0	4067	34.7
A_MP	112	4036	G	0	0	4036	35.5
A_MP	113	3744	A	0	0	3744	34.9
A_MP	114	4506	T	0	0	4506	35.2
A_MP	115	4286	C	0	0	4286	36.8
A_MP	116	4313	T	0	0	4313	34.9
A_MP	117	4402	T	0	0	4402	38.0
A_MP	118	4381	G	0	0	4381	35.5
A_MP	119	4431	A	0	0	4431	36.8
A_MP	120	4351	G	0	0	4351	37.9
A_MP	121	5103	G	0	0	5103	37.2
A_MP	122	4900	C	0	0	4900	34.4
A_MP	123	4731	T	0	0	4731	35.9
A_MP	124	4763	C	0	0	4763	34.5
A_MP	125	4731	T	0	0	4731	36.7
A_MP	126	4387	C	0	0	4387	36.9
A_MP	127	4341	A	0	0	4341	35.7
A_MP	128	4494	T	0	0	4494	34.1
A_MP	129	5289	G	0	0	5289	35.3
A_MP	130	4374	G	0	0	4374	36.9
A_MP	131	4677	A	0	0	4677	34.6
A_MP	132	5143	A	0	0	5143	35.4
A_MP	133	5020	T	0	0	5020	34.4
A_MP	134	5154	G	0	0	5154	34.4
A_MP	135	4442	G	0	0	4442	37.6
A_MP	136	4957	C	0	0	4957	37.7
A_MP	137	5332	T	0	0	5332	37.7
A_MP	138	4980	A	0	0	4980	34.2
A_MP	139	5471	A	0	0	5471	37.3
A_MP	140	4934	A	0	0	4934	36.0
A_MP	141	4820	G	0	0	4820	37.6
A_MP	142	5452	A	0	0	5452	37.4
A_MP	143	4722	C	0	0	4722	35.7
A_MP	144	4673	A	0	0	4673	35.4
A_MP	145	5371	A	0	0	5371	36.6
A_MP	146	5902	G	0	0	5902	37.6
A_MP	147	5364	A	0	0	5364	35.5
A_MP	148	5312	C	0	0	5312	34.4
A_MP	149	5172	C	0	0	5172	36.4
A_MP	150	4990	A	0	0	4990	35.5
A_MP	151	5960	A	0	0	5960	34.3
A_MP	152	5382	T	0	0	5382	36.2
A_MP	153	5161	C	0	0	5161	34.1
A_MP	154	5465	C	0	0	5465	34.0
A_MP	155	4801	T	0	0	4801	36.6
A_MP	156	5413	G	0	0	5413	35.6
A_MP	157	6634	T	0	0	6634	37.4
A_MP	158	5514	C	0	0	5514	35.2
A_MP	159	5411	A	0	0	5411	36.1
A_MP	160	5327	C	0	0	5327	37.0
A_MP	161	5943	C	0	0	5943	35.8
A_MP	162	5175	T	0	0	5175	34.5
A_MP	163	5781	C	0	0	5781	34.4
A_MP	164	5310	T	0	0	5310	34.7
A_MP	165	5550	G	0	0	5550	35.2
A_MP	166	5583	A	0	0	5583	35.5
A_MP	167	5495	C	0	0	5495	35.8
A_MP	168	4742	T	0	0	4742	37.2
A_MP	169	6271	A	0	0	6271	35.9
A_MP	170	5984	A	0	0	5984	34.4
A_MP	171	5329	G	0	0	5329	35.8
A_MP	172	5611	G	0	0	5611	35.8
A_MP	173	5677	G	0	0	5677	36.6
A_MP	174	5842	G	0	0	5842	37.0
A_MP	175	5100	A	0	0	5100	35.5
A_MP	176	5241	T	0	0	5241	35.1
A_MP	177	5233	T	0	0	5233	36.1
A_MP	178	5404	T	0	0	5404	36.5
A_MP	179	5722	T	0	0	5722	37.6
A_MP	180	5417	G	0	0	5417	36.3
A_MP	181	5295	G	0	0	5295	35.9
A_MP	182	5175	G	0	0	5175	34.3
A_MP	183	5209	A	0	0	5209	36.0
A_MP	184	5541	T	0	0	5541	35.1
A_MP	185	4993	T	0	0	4993	37.2
A_MP	186	5339	T	0	0	5339	34.7
A_MP	187	5413	G	0	0	5413	34.6
A_MP	188	4956	T	0	0	4956	37.2
A_MP	189	5111	G	0	0	5111	35.7
A_MP	190	4625	T	0	0	4625	37.4
A_MP	191	5344	T	0	0	5344	34.9
A_MP	192	5147	C	0	0	5147	35.0
A_MP	193	4741	A	0	0	4741	37.5
A_MP	194	5026	C	0	0	5026	35.7
A_MP	195	5387	G	0	0	5387	37.1
A_MP	196	4939	C	0	0	4939	36.3
A_MP	197	4480	T	0	0	4480	35.9
A_MP	198	5384	C	0	0	5384	35.8
A_MP	199	5040	A	0	0	5040	36.6
A_MP	200	4321	C	0	0	4321	37.1
A_MP	201	4519	C	0	0	4519	37.0
A_MP	202	5137	G	0	0	5137	34.4
A_MP	203	4103	T	0	0	4103	37.0
A_MP	204	4638	G	0	0	4638	37.3
A_MP	205	4401	C	0	0	4401	35.7
A_MP	206	4989	C	0	0	4989	37.5
A_MP	207	4559	C	0	0	4559	34.8
A_MP	208	4045	A	0	0	4045	36.3
A_MP	209	4118	G	0	0	4118	34.6
A_MP	210	4003	T	0	0	4003	37.8
A_MP	211	4269	G	0	0	4269	38.0
A_MP	212	4520	A	0	0	4520	36.7
A_MP	213	3998	G	0	0	3998	34.6
A_MP	214	4193	C	0	0	4193	36.4
A_MP	215	4253	G	0	0	4253	37.2
A_MP	216	4133	A	0	0	4133	36.5
A_MP	217	4149	G	0	0	4149	38.0
A_MP	218	3762	G	0	0	3762	37.4
A_MP	219	3943	A	0	0	3943	37.4
A_MP	220	3668	C	0	0	3668	36.9
A_MP	221	4151	T	0	0	4151	35.2
A_MP	222	3829	G	0	0	3829	36.0
A_MP	223	3624	C	0	0	3624	36.8
A_MP	224	4095	A	0	0	4095	34.6
A_MP	225	3928	G	0	0	3928	35.2
A_MP	226	3841	C	0	0	3841	37.1
A_MP	227	3243	G	0	0	3243	37.9
A_MP	228	3387	T	0	0	3387	35.4
A_MP	229	3657	A	0	0	3657	34.4
A_MP	230	3241	G	0	0	3241	36.8
A_MP	231	3725	A	0	0	3725	34.0
A_MP	232	3261	C	0	0	3261	35.1
A_MP	233	3490	G	0	0	3490	34.1
A_MP	234	3706	C	0	0	3706	35.0
A_MP	235	3175	T	0	0	3175	34.6
A_MP	236	3696	T	0	0	3696	37.6
A_MP	237	3377	T	0	0	3377	34.1
A_MP	238	3454	G	0	0	3454	34.5
A_MP	239	3660	T	0	0	3660	37.4
A_MP	240	3109	C	0	0	3109	35.7
A_MP	241	3590	C	0	0	3590	34.7
A_MP	242	3455	A	0	0	3455	38.0
A_MP	243	2997	A	0	0	2997	37.6
A_MP	244	3920	A	0	0	3920	35.9
A_MP	245	3065	A	0	0	3065	35.5
A_MP	246	3118	T	0	0	3118	34.2
A_MP	247	2740	G	0	0	2740	35.7
A_MP	248	3306	C	0	0	3306	37.4
A_MP	249	3310	T	0	0	3310	36.4
A_MP	250	3253	C	0	0	3253	34.9
A_MP	251	3294	T	0	0	3294	34.5
A_MP	252	3176	A	0	0	3176	37.7
A_MP	253	3062	A	0	0	3062	37.9
A_MP	254	2934	G	0	0	2934	35.0
A_MP	255	2984	T	0	0	2984	34.2
A_MP	256	3308	G	0	0	3308	35.4
A_MP	257	3353	G	0	0	3353	36.8
A_MP	258	3100	A	0	0	3100	37.9
A_MP	259	2911	A	0	0	2911	35.2
A_MP	260	3259	A	0	0	3259	37.0
A_MP	261	3289	T	0	0	3289	37.2
A_MP	262	3349	G	0	0	3349	35.3
A_MP	263	3189	G	0	0	3189	35.2
A_MP	264	3335	A	0	0	3335	36.6
A_MP	265	3414	G	0	0	3414	37.8
A_MP	266	3051	A	0	0	3051	35.2
A_MP	267	3230	C	0	0	3230	36.8
A_MP	268	3225	C	0	0	3225	35.6
A_MP	269	3168	C	0	0	3168	34.1
A_MP	270	3540	A	0	0	3540	35.5
A_MP	271	3471	A	0	0	3471	34.4
A_MP	272	3138	A	0	0	3138	35.0
A_MP	273	3076	C	0	0	3076	37.7
A_MP	274	3321	A	0	0	3321	34.4
A_MP	275	3425	A	0	0	3425	35.8
A_MP	276	3186	C	0	0	3186	34.4
A_MP	277	3070	A	0	0	3070	34.0
A_MP	278	3627	T	0	0	3627	35.3
A_MP	279	3173	G	0	0	3173	37.2
A_MP	280	3548	G	0	0	3548	35.4
A_MP	281	3396	A	0	0	3396	36.9
A_MP	282	3733	C	0	0	3733	36.4
A_MP	283	3523	A	0	0	3523	37.6
A_MP	284	3888	G	0	0	3888	36.6
A_MP	285	3712	G	0	0	3712	34.7
A_MP	286	3901	G	0	0	3901	37.7
A_MP	287	3584	C	0	0	3584	36.8
A_MP	288	3440	A	0	0	3440	35.0
A_MP	289	3496	G	0	0	3496	34.8
A_MP	290	3746	T	0	0	3746	35.1
A_MP	291	3405	C	0	0	3405	37.4
A_MP	292	3516	A	0	0	3516	36.9
A_MP	293	3751	A	0	0	3751	37.3
A_MP	294	3595	G	0	0	3595	36.2
A_MP	295	3439	T	0	0	3439	37.7
A_MP	296	3617	T	0	0	3617	37.9
A_MP	297	3723	G	0	0	3723	35.0
A_MP	298	3745	T	0	0	3745	35.9
A_MP	299	3404	A	0	0	3404	34.8
A_MP	300	3937	C	0	0	3937	36.9
A_MP	301	3933	A	0	0	3933	35.0
A_MP	302	3823	G	0	0	3823	34.9
A_MP	303	3837	G	0	0	3837	34.8
A_MP	304	3273	A	0	0	3273	34.4
A_MP	305	4141	A	0	0	4141	37.1
A_MP	306	3757	A	0	0	3757	37.7
A_MP	307	3935	C	0	0	3935	37.6
A_MP	308	3867	T	0	0	3867	36.0
A_MP	309	4216	G	0	0	4216	34.7
A_MP	310	3883	A	0	0	3883	37.7
A_MP	311	3887	A	0	0	3887	34.2
A_MP	312	3830	G	0	0	3830	34.8
A_MP	313	3894	A	0	0	3894	36.7
A_MP	314	3866	G	0	0	3866	36.6
A_MP	315	3465	A	0	0	3465	35.1
A_MP	316	3845	G	0	0	3845	37.7
A_MP	317	3702	A	0	0	3702	37.1
A_MP	318	3886	G	0	0	3886	35.9
A_MP	319	4221	A	0	0	4221	35.4
A_MP	320	3798	T	0	0	3798	34.5
A_MP	321	4149	A	0	0	4149	34.1
A_MP	322	3847	A	0	0	3847	34.7
A_MP	323	3815	C	0	0	3815	35.2
A_MP	324	3641	A	0	0	3641	36.5
A_MP	325	3380	T	0	0	3380	34.3
A_MP	326	3523	T	0	0	3523	35.2
A_MP	327	3713	C	0	0	3713	35.1
A_MP	328	4010	C	0	0	4010	35.1
A_MP	329	3894	A	0	0	3894	36.7
A_MP	330	3619	T	0	0	3619	34.1
A_MP	331	3880	G	0	0	3880	37.9
A_MP	332	3663	G	0	0	3663	34.4
A_MP	333	3291	G	0	0	3291	36.1
A_MP	334	3656	G	0	0	3656	36.2
A_MP	335	3470	C	0	0	3470	34.6
A_MP	336	3522	T	0	0	3522	37.5
A_MP	337	3250	A	0	0	3250	35.8
A_MP	338	3710	A	0	0	3710	34.2
A_MP	339	3452	A	0	0	3452	34.1
A_MP	340	3741	G	0	0	3741	34.2
A_MP	341	3475	A	0	0	3475	35.7
A_MP	342	4124	A	0	0	4124	37.3
A_MP	343	3475	G	0	0	3475	36.4
A_MP	344	3394	T	0	0	3394	34.4
A_MP	345	3391	T	0	0	3391	34.8
A_MP	346	3471	G	0	0	3471	35.1
A_MP	347	3310	C	0	0	3310	36.2
A_MP	348	3732	A	0	0	3732	37.7
A_MP	349	3259	C	0	0	3259	37.7
A_MP	350	3503	T	0	0	3503	37.6
A_MP	351	3299	C	0	0	3299	36.1
A_MP	352	3501	A	0	0	3501	35.3
A_MP	353	3483	G	0	0	3483	36.3
A_MP	354	2935	T	0	0	2935	36.4
A_MP	355	3348	T	0	0	3348	38.0
A_MP	356	3562	A	0	0	3562	36.2
A_MP	357	3046	C	0	0	3046	35.5
A_MP	358	3288	T	0	0	3288	36.3
A_MP	359	3485	C	0	0	3485	34.5
A_MP	360	3179	A	0	0	3179	37.4
A_MP	361	3196	A	0	0	3196	36.1
A_MP	362	3182	C	0	0	3182	37.1
A_MP	363	3304	C	0	0	3304	34.8
A_MP	364	3110	G	0	0	3110	36.6
A_MP	365	3312	G	0	0	3312	34.2
A_MP	366	3057	T	0	0	3057	37.7
A_MP	367	3223	G	0	0	3223	37.1
A_MP	368	3135	C	0	0	3135	34.5
A_MP	369	3212	A	0	0	3212	37.9
A_MP	370	3415	C	0	0	3415	35.9
A_MP	371	3229	T	0	0	3229	36.7
A_MP	372	3196	T	0	0	3196	37.9
A_MP	373	3473	G	0	0	3473	37.3
A_MP	374	3425	C	0	0	3425	37.5
A_MP	375	3312	C	0	0	3312	35.0
A_MP	376	3112	A	0	0	3112	34.8
A_MP	377	3295	G	0	0	3295	38.0
A_MP	378	3254	T	0	0	3254	35.2
A_MP	379	3277	T	0	0	3277	37.5
A_MP	380	3452	G	0	0	3452	34.1
A_MP	381	3168	T	0	0	3168	37.5
A_MP	382	3529	A	0	0	3529	34.2
A_MP	383	3679	T	0	0	3679	34.8
A_MP	384	3289	G	0	0	3289	36.7
A_MP	385	3563	G	0	0	3563	34.6
A_MP	386	3371	G	0	0	3371	37.0
A_MP	387	3793	T	0	0	3793	36.8
A_MP	388	3213	C	0	0	3213	35.7
A_MP	389	3895	T	0	0	3895	36.9
A_MP	390	3700	C	0	0	3700	36.9
A_MP	391	3612	A	0	0	3612	35.5
A_MP	392	3585	T	0	0	3585	34.4
A_MP	393	4111	A	0	0	4111	35.2
A_MP	394	3331	T	0	0	3331	37.5
A_MP	395	3749	A	0	0	3749	34.7
A_MP	396	3633	C	0	0	3633	35.9
A_MP	397	4132	A	0	0	4132	35.2
A_MP	398	4119	A	0	0	4119	36.9
A_MP	399	3612	C	0	0	3612	35.6
A_MP	400	3770	A	0	0	3770	36.9
A_MP	401	3965	G	0	0	3965	36.1
A_MP	402	4135	G	0	0	4135	36.6
A_MP	403	4022	A	0	0	4022	35.5
A_MP	404	4011	T	0	0	4011	34.2
A_MP	405	3812	G	0	0	3812	37.0
A_MP	406	4171	G	0	0	4171	35.0
A_MP	407	4339	G	0	0	4339	36.2
A_MP	408	4055	G	0	0	4055	35.5
A_MP	409	3954	A	0	0	3954	34.2
A_MP	410	4681	C	0	0	4681	34.6
A_MP	411	4548	G	0	0	4548	36.0
A_MP	412	4139	G	0	0	4139	36.8
A_MP	413	4316	T	0	0	4316	35.0
A_MP	414	4519	G	0	0	4519	34.8
A_MP	415	4008	A	0	0	4008	35.1
A_MP	416	4581	C	0	0	4581	37.6
A_MP	417	4722	C	0	0	4722	35.9
A_MP	418	4472	G	0	0	4472	34.7
A_MP	419	4123	C	0	0	4123	36.0
A_MP	420	4746	A	0	0	4746	37.0
A_MP	421	5196	G	0	0	5196	36.4
A_MP	422	5269	A	0	0	5269	35.7
A_MP	423	4545	A	0	0	4545	34.8
A_MP	424	4793	G	0	0	4793	34.7
A_MP	425	4836	T	0	0	4836	35.2
A_MP	426	5327	G	0	0	5327	34.1
A_MP	427	4673	G	0	0	4673	35.7
A_MP	428	4638	C	0	0	4638	36.4
A_MP	429	4825	A	0	0	4825	35.4
A_MP	430	4874	T	0	0	4874	35.1
A_MP	431	5227	T	0	0	5227	34.9
A_MP	432	5235	G	0	0	5235	36.2
A_MP	433	5167	G	0	0	5167	34.3
A_MP	434	4671	G	0	0	4671	35.5
A_MP	435	5211	C	0	0	5211	37.8
A_MP	436	5565	C	0	0	5565	34.8
A_MP	437	5028	T	0	0	5028	36.7
A_MP	438	4833	A	0	0	4833	34.2
A_MP	439	5544	G	0	0	5544	37.8
A_MP	440	5546	T	0	0	5546	37.5
A_MP	441	5345	G	0	0	5345	36.9
A_MP	442	4538	T	0	0	4538	36.2
A_MP	443	5907	G	0	0	5907	35.4
A_MP	444	5198	T	0	0	5198	37.7
A_MP	445	5492	G	0	0	5492	34.6
A_MP	446	5548	C	0	0	5548	37.1
A_MP	447	5473	C	0	0	5473	34.1
A_MP	448	5735	A	0	0	5735	34.1
A_MP	449	5207	C	0	0	5207	38.0
A_MP	450	5178	C	0	0	5178	35.5
A_MP	451	5352	T	0	0	5352	38.0
A_MP	452	4860	G	0	0	4860	35.6
A_MP	453	5622	T	0	0	5622	37.8
A_MP	454	5544	G	0	0	5544	37.7
A_MP	455	5010	A	0	0	5010	36.6
A_MP	456	5411	G	0	0	5411	36.4
A_MP	457	5718	C	0	0	5718	35.7
A_MP	458	5647	A	0	0	5647	34.6
A_MP	459	5725	G	0	0	5725	36.6
A_MP	460	6010	A	0	0	6010	37.9
A_MP	461	5564	T	0	0	5564	35.1
A_MP	462	5345	T	0	0	5345	35.0
A_MP	463	5753	G	0	0	5753	34.4
A_MP	464	5243	C	0	0	5243	35.7
A_MP	465	5347	T	0	0	5347	34.9
A_MP	466	5572	G	0	0	5572	34.7
A_MP	467	5766	A	0	0	5766	35.8
A_MP	468	5475	T	0	0	5475	34.4
A_MP	469	5471	T	0	0	5471	37.8
A_MP	470	5483	C	0	0	5483	36.3
A_MP	471	5915	A	0	0	5915	34.2
A_MP	472	5254	C	0	0	5254	34.7
A_MP	473	5492	A	0	0	5492	36.9
A_MP	474	5269	G	0	0	5269	36.0
A_MP	475	5464	C	0	0	5464	35.0
A_MP	476	4969	A	0	0	4969	37.0
A_MP	477	5536	T	0	0	5536	34.4
A_MP	478	6014	C	0	0	6014	34.7
A_MP	479	4892	G	0	0	4892	35.0
A_MP	480	5073	G	0	0	5073	34.6
A_MP	481	5128	T	0	0	5128	37.8
A_MP	482	5008	C	0	0	5008	35.4
A_MP	483	5348	T	0	0	5348	37.4
A_MP	484	5128	C	0	0	5128	35.5
A_MP	485	4860	A	0	0	4860	36.4
A_MP	486	5201	C	0	0	5201	36.9
A_MP	487	5584	A	0	0	5584	36.9
A_MP	488	4893	G	0	0	4893	35.7
A_MP	489	4768	A	0	0	4768	37.4
A_MP	490	5578	C	0	0	5578	37.1
A_MP	491	5362	A	0	0	5362	34.3
A_MP	492	4607	G	0	0	4607	34.3
A_MP	493	4456	A	0	0	4456	35.7
A_MP	494	4773	T	0	0	4773	36.0
A_MP	495	4685	A	0	0	4685	34.8
A_MP	496	4961	G	0	0	4961	37.2
A_MP	497	4350	C	0	0	4350	35.1
A_MP	498	4628	T	0	0	4628	36.0
A_MP	499	4802	A	0	0	4802	35.0
A_MP	500	4691	C	0	0	4691	36.9
A_MP	501	4758	C	0	0	4758	36.8
A_MP	502	4639	A	0	0	4639	34.2
A_MP	503	4594	C	0	0	4594	34.3
A_MP	504	4241	C	0	0	4241	35.8
A_MP	505	4466	A	0	0	4466	36.9
A_MP	506	4085	C	0	0	4085	36.0
A_MP	507	4782	C	0	0	4782	34.6
A_MP	508	4753	A	0	0	4753	34.8
A_MP	509	4009	A	0	0	4009	37.3
A_MP	510	4687	C	0	0	4687	34.6
A_MP	511	4147	C	0	0	4147	35.0
A_MP	512	3905	C	0	0	3905	36.7
A_MP	513	3705	A	0	0	3705	36.7
A_MP	514	5028	C	0	0	5028	37.6
A_MP	515	4299	T	0	0	4299	35.8
A_MP	516	4343	G	0	0	4343	36.4
A_MP	517	4314	A	0	0	4314	37.2
A_MP	518	4276	T	0	0	4276	36.9
A_MP	519	4073	C	0	0	4073	34.2
A_MP	520	4125	A	0	0	4125	36.7
A_MP	521	4413	G	0	0	4413	34.8
A_MP	522	3817	A	0	0	3817	35.4
A_MP	523	3729	C	0	0	3729	34.4
A_MP	524	4196	A	0	0	4196	34.7
A_MP	525	3751	T	0	0	3751	34.9
A_MP	526	3526	G	0	0	3526	36.4
A_MP	527	4260	A	0	0	4260	36.5
A_MP	528	4175	A	0	0	4175	36.0
A_MP	529	3849	A	0	0	3849	36.8
A_MP	530	3809	A	0	0	3809	37.5
A_MP	531	4288	C	0	0	4288	37.7
A_MP	532	4124	A	0	0	4124	36.8
A_MP	533	4150	G	0	0	4150	37.4
A_MP	534	4029	A	0	0	4029	36.5
A_MP	535	3902	A	0	0	3902	35.2
A_MP	536	4073	T	0	0	4073	36.2
A_MP	537	3798	G	0	0	3798	35.6
A_MP	538	4310	G	0	0	4310	37.7
A_MP	539	3834	T	0	0	3834	37.6
A_MP	540	4176	T	0	0	4176	35.4
A_MP	541	3633	T	0	0	3633	34.1
A_MP	542	4276	T	0	0	4276	37.3
A_MP	543	4048	G	0	0	4048	37.8
A_MP	544	3978	G	0	0	3978	36.5
A_MP	545	3920	C	0	0	3920	37.3
A_MP	546	3571	C	0	0	3571	36.1
A_MP	547	4286	A	0	0	4286	37.0
A_MP	548	3869	G	0	0	3869	34.0
A_MP	549	3940	T	0	0	3940	37.0
A_MP	550	3433	A	0	0	3433	37.5
A_MP	551	4086	C	0	0	4086	37.0
A_MP	552	4127	T	0	0	4127	38.0
A_MP	553	4111	A	0	0	4111	37.3
A_MP	554	4382	C	0	0	4382	35.7
A_MP	555	3813	A	0	0	3813	37.3
A_MP	556	4053	G	0	0	4053	35.0
A_MP	557	4529	C	0	0	4529	34.1
A_MP	558	4680	T	0	0	4680	34.9
A_MP	559	3822	A	0	0	3822	34.1
A_MP	560	3814	A	0	0	3814	34.4
A_MP	561	4059	G	0	0	4059	37.6
A_MP	562	4471	G	0	0	4471	34.2
A_MP	563	4214	C	0	0	4214	34.4
A_MP	564	4474	T	0	0	4474	35.5
A_MP	565	3984	A	0	0	3984	34.5
A_MP	566	4156	T	0	0	4156	35.1
A_MP	567	3782	G	0	0	3782	35.8
A_MP	568	3741	G	0	0	3741	34.8
A_MP	569	4570	A	0	0	4570	35.2
A_MP	570	3736	G	0	0	3736	36.2
A_MP	571	4026	C	0	0	4026	37.1
A_MP	572	4061	A	0	0	4061	36.8
A_MP	573	4305	G	0	0	4305	36.4
A_MP	574	3969	A	0	0	3969	35.1
A_MP	575	4272	T	0	0	4272	36.7
A_MP	576	4129	G	0	0	4129	37.2
A_MP	577	4308	G	0	0	4308	37.1
A_MP	578	4295	C	0	0	4295	35.8
A_MP	579	3858	T	0	0	3858	35.8
A_MP	580	4551	G	0	0	4551	36.1
A_MP	581	4299	G	0	0	4299	37.7
A_MP	582	4072	A	0	0	4072	35.9
A_MP	583	4077	T	0	0	4077	37.3
A_MP	584	4168	C	0	0	4168	34.9
A_MP	585	4325	G	0	0	4325	35.0
A_MP	586	4356	A	0	0	4356	35.5
A_MP	587	3953	G	0	0	3953	37.7
A_MP	588	4332	T	0	0	4332	35.8
A_MP	589	4084	G	0	0	4084	36.0
A_MP	590	4347	A	0	0	4347	37.7
A_MP	591	4773	G	0	0	4773	36.9
A_MP	592	3643	C	0	0	3643	37.2
A_MP	593	3969	A	0	0	3969	34.7
A_MP	594	4176	A	0	0	4176	37.1
A_MP	595	3629	G	0	0	3629	36.7
A_MP	596	4049	C	0	0	4049	36.0
A_MP	597	3991	A	0	0	3991	36.3
A_MP	598	3877	G	0	0	3877	35.1
A_MP	599	3896	T	0	0	3896	36.1
A_MP	600	3834	G	0	0	3834	36.3
A_MP	601	4359	G	0	0	4359	37.6
A_MP	602	3898	A	0	0	3898	37.1
A_MP	603	3970	A	0	0	3970	36.5
A_MP	604	3487	G	0	0	3487	37.1
A_MP	605	3608	C	0	0	3608	34.6
A_MP	606	3883	C	0	0	3883	36.6
A_MP	607	3631	A	0	0	3631	37.3
A_MP	608	3882	T	0	0	3882	36.2
A_MP	609	4093	G	0	0	4093	37.0
A_MP	610	3947	G	0	0	3947	37.8
A_MP	611	3901	A	0	0	3901	36.3
A_MP	612	3854	G	0	0	3854	34.5
A_MP	613	3806	G	0	0	3806	35.0
A_MP	614	3662	T	0	0	3662	34.9
A_MP	615	3757	T	0	0	3757	35.7
A_MP	616	3536	G	0	0	3536	36.8
A_MP	617	3344	C	0	0	3344	37.3
A_MP	618	3729	T	0	0	3729	37.9
A_MP	619	3351	A	0	0	3351	37.3
A_MP	620	3579	G	0	0	3579	36.3
A_MP	621	3246	T	0	0	3246	37.4
A_MP	622	3594	C	0	0	3594	35.2
A_MP	623	3619	A	0	0	3619	37.1
A_MP	624	3031	G	0	0	3031	35.3
A_MP	625	3555	G	0	0	3555	36.2
A_MP	626	3174	C	0	0	3174	37.9
A_MP	627	3474	T	0	0	3474	37.0
A_MP	628	3506	A	0	0	3506	37.8
A_MP	629	3151	G	0	0	3151	35.2
A_MP	630	2890	G	0	0	2890	35.6
A_MP	631	3171	C	0	0	3171	37.2
A_MP	632	2916	A	0	0	2916	34.3
A_MP	633	2894	G	0	0	2894	34.5
A_MP	634	2913	A	0	0	2913	36.9
A_MP	635	3069	T	0	0	3069	35.5
A_MP	636	3246	G	0	0	3246	37.2
A_MP	637	3085	G	0	0	3085	35.6
A_MP	638	2660	T	0	0	2660	36.0
A_MP	639	2881	G	0	0	2881	34.8
A_MP	640	2724	C	0	0	2724	37.8
A_MP	641	2468	A	0	0	2468	35.0
A_MP	642	2888	G	0	0	2888	36.0
A_MP	643	2767	G	0	0	2767	36.2
A_MP	644	2669	C	0	0	2669	36.6
A_MP	645	2876	G	0	0	2876	36.7
A_MP	646	3061	A	0	0	3061	36.9
A_MP	647	2693	T	0	0	2693	36.7
A_MP	648	2556	G	0	0	2556	34.3
A_MP	649	2698	A	0	0	2698	34.4
A_MP	650	2807	G	0	0	2807	37.7
A_MP	651	2665	G	0	0	2665	34.9
A_MP	652	2499	A	0	0	2499	35.7
A_MP	653	2618	C	0	0	2618	36.2
A_MP	654	2750	C	0	0	2750	34.3
A_MP	655	2692	A	0	0	2692	36.0
A_MP	656	2824	T	0	0	2824	34.5
A_MP	657	2478	T	0	0	2478	35.3
A_MP	658	2666	G	0	0	2666	37.7
A_MP	659	2617	G	0	0	2617	36.2
A_MP	660	2875	A	0	0	2875	36.6
A_MP	661	2817	A	0	0	2817	36.3
A_MP	662	2650	C	0	0	2650	35.8
A_MP	663	2653	T	0	0	2653	35.2
A_MP	664	2918	C	0	0	2918	35.8
A_MP	665	2848	A	0	0	2848	37.2
A_MP	666	2866	T	0	0	2866	37.7
A_MP	667	2806	C	0	0	2806	36.6
A_MP	668	3162	C	0	0	3162	37.1
A_MP	669	2725	T	0	0	2725	34.4
A_MP	670	3128	A	0	0	3128	35.0
A_MP	671	2857	G	0	0	2857	36.9
A_MP	672	2843	C	0	0	2843	36.3
A_MP	673	2860	T	0	0	2860	36.9
A_MP	674	3139	C	0	0	3139	34.2
A_MP	675	2988	C	0	0	2988	34.3
A_MP	676	2757	A	0	0	2757	35.9
A_MP	677	3115	G	0	0	3115	34.2
A_MP	678	2983	T	0	0	2983	34.5
A_MP	679	2878	G	0	0	2878	36.8
A_MP	680	3020	C	0	0	3020	37.0
A_MP	681	3128	C	0	0	3128	35.4
A_MP	682	3079	G	0	0	3079	36.4
A_MP	683	3124	G	0	0	3124	37.7
A_MP	684	3033	T	0	0	3033	36.0
A_MP	685	3364	C	0	0	3364	36.8
A_MP	686	3340	T	0	0	3340	37.9
A_MP	687	3554	G	0	0	3554	37.8
A_MP	688	3336	A	0	0	3336	34.1
A_MP	689	3514	G	0	0	3514	36.6
A_MP	690	3450	A	0	0	3450	36.9
A_MP	691	3428	G	0	0	3428	36.3
A_MP	692	3399	A	0	0	3399	36.7
A_MP	693	3859	T	0	0	3859	34.7
A_MP	694	3683	G	0	0	3683	36.1
A_MP	695	3756	A	0	0	3756	37.8
A_MP	696	4116	T	0	0	4116	34.4
A_MP	697	3691	C	0	0	3691	34.5
A_MP	698	4280	T	0	0	4280	35.9
A_MP	699	4123	C	0	0	4123	36.1
A_MP	700	3571	C	0	0	3571	37.4
A_MP	701	4641	T	0	0	4641	36.9
A_MP	702	3933	T	0	0	3933	36.6
A_MP	703	4092	G	0	0	4092	37.3
A_MP	704	3761	A	0	0	3761	37.7
A_MP	705	4031	A	0	0	4031	36.0
A_MP	706	4098	A	0	0	4098	35.2
A_MP	707	4249	A	0	0	4249	35.2
A_MP	708	4214	T	0	0	4214	35.5
A_MP	709	4399	T	0	0	4399	34.5
A_MP	710	4411	T	0	0	4411	35.2
A_MP	711	4012	G	0	0	4012	38.0
A_MP	712	4346	C	0	0	4346	34.9
A_MP	713	4371	A	0	0	4371	36.0
A_MP	714	4293	G	0	0	4293	35.3
A_MP	715	4361	G	0	0	4361	34.5
A_MP	716	4765	C	0	0	4765	35.1
A_MP	717	4489	C	0	0	4489	35.1
A_MP	718	4066	T	0	0	4066	35.8
A_MP	719	4735	A	0	0	4735	34.8
A_MP	720	4705	C	0	0	4705	34.6
A_MP	721	4804	C	0	0	4804	35.2
A_MP	722	4571	A	0	0	4571	37.6
A_MP	723	5295	A	0	0	5295	37.4
A_MP	724	4779	A	0	0	4779	35.1
A_MP	725	4361	A	0	0	4361	36.5
A_MP	726	4507	A	0	0	4507	35.0
A_MP	727	4296	C	0	0	4296	34.1
A_MP	728	4765	G	0	0	4765	37.9
A_MP	729	4711	G	0	0	4711	35.8
A_MP	730	4791	A	0	0	4791	34.6
A_MP	731	4750	T	0	0	4750	37.9
A_MP	732	4732	G	0	0	4732	37.3
A_MP	733	5124	G	0	0	5124	37.4
A_MP	734	4887	G	0	0	4887	36.0
A_MP	735	4939	A	0	0	4939	34.1
A_MP	736	5444	G	0	0	5444	35.8
A_MP	737	4869	T	0	0	4869	35.1
A_MP	738	5481	G	0	0	5481	35.3
A_MP	739	4636	C	0	0	4636	34.1
A_MP	740	4814	A	0	0	4814	36.2
A_MP	741	4980	A	0	0	4980	36.0
A_MP	742	5163	C	0	0	5163	37.1
A_MP	743	4908	T	0	0	4908	35.7
A_MP	744	4929	G	0	0	4929	36.6
A_MP	745	5692	C	0	0	5692	34.5
A_MP	746	5121	A	0	0	5121	34.6
A_MP	747	4705	G	0	0	4705	36.5
A_MP	748	5042	C	0	0	5042	34.5
A_MP	749	4644	G	0	0	4644	36.8
A_MP	750	4793	A	0	0	4793	35.0
A_MP	751	4712	T	0	0	4712	36.4
A_MP	752	4322	T	0	0	4322	37.5
A_MP	753	5184	C	0	0	5184	35.4
A_MP	754	5027	A	0	0	5027	37.5
A_MP	755	4903	A	0	0	4903	35.8
A_MP	756	4989	G	0	0	4989	37.9
A_MP	757	4659	T	0	0	4659	35.6
A_MP	758	4954	G	0	0	4954	34.4
A_MP	759	5144	A	0	0	5144	36.1
A_MP	760	4655	T	0	0	4655	37.7
A_MP	761	5250	C	0	0	5250	36.1
A_MP	762	5161	C	0	0	5161	37.8
A_MP	763	4937	T	0	0	4937	34.9
A_MP	764	5110	C	0	0	5110	34.8
A_MP	765	4387	T	0	0	4387	35.8
A_MP	766	4691	C	0	0	4691	36.9
A_MP	767	5358	G	0	0	5358	34.7
A_MP	768	4570	T	0	0	4570	34.3
A_MP	769	4769	T	0	0	4769	37.2
A_MP	770	4986	A	0	0	4986	36.7
A_MP	771	4197	T	0	0	4197	37.5
A_MP	772	5076	T	0	0	5076	37.6
A_MP	773	4952	G	0	0	4952	34.3
A_MP	774	4840	C	0	0	4840	35.7
A_MP	775	4770	C	0	0	4770	34.2
A_MP	776	4941	G	0	0	4941	36.8
A_MP	777	5207	C	0	0	5207	35.5
A_MP	778	4341	A	0	0	4341	35.6
A_MP	779	4443	A	0	0	4443	35.2
A_MP	780	4297	G	0	0	4297	35.5
A_MP	781	4456	T	0	0	4456	37.4
A_MP	782	4874	A	0	0	4874	35.1
A_MP	783	4967	T	0	0	4967	34.1
A_MP	784	4732	C	0	0	4732	37.1
A_MP	785	4728	A	0	0	4728	34.7
A_MP	786	4788	T	0	0	4788	37.8
A_MP	787	4943	T	0	0	4943	34.8
A_MP	788	4738	G	0	0	4738	36.7
A_MP	789	4730	G	0	0	4730	36.4
A_MP	790	4677	G	0	0	4677	36.0
A_MP	791	4503	A	0	0	4503	34.3
A_MP	792	4451	T	0	0	4451	36.9
A_MP	793	4540	C	0	0	4540	34.4
A_MP	794	4587	T	0	0	4587	36.3
A_MP	795	4179	T	0	0	4179	37.0
A_MP	796	4896	G	0	0	4896	35.3
A_MP	797	4463	C	0	0	4463	35.6
A_MP	798	4503	A	0	0	4503	34.4
A_MP	799	4694	C	0	0	4694	35.9
A_MP	800	4114	T	0	0	4114	37.9
A_MP	801	4272	T	0	0	4272	37.2
A_MP	802	4466	G	0	0	4466	37.3
A_MP	803	4720	A	0	0	4720	37.3
A_MP	804	4614	T	0	0	4614	37.0
A_MP	805	5057	A	0	0	5057	34.5
A_MP	806	4184	T	0	0	4184	35.4
A_MP	807	4190	T	0	0	4190	37.9
A_MP	808	4781	G	0	0	4781	37.6
A_MP	809	4732	T	0	0	4732	37.0
A_MP	810	4500	G	0	0	4500	34.4
A_MP	811	4308	G	0	0	4308	36.3
A_MP	812	4621	A	0	0	4621	35.0
A_MP	813	4867	T	0	0	4867	37.4
A_MP	814	4745	T	0	0	4745	36.0
A_MP	815	4701	C	0	0	4701	35.0
A_MP	816	5067	T	0	0	5067	36.2
A_MP	817	5104	T	0	0	5104	35.4
A_MP	818	5004	G	0	0	5004	34.7
A_MP	819	5030	A	0	0	5030	35.2
A_MP	820	4682	T	0	0	4682	35.8
A_MP	821	5207	C	0	0	5207	37.2
A_MP	822	4779	G	0	0	4779	34.7
A_MP	823	4619	C	0	0	4619	37.3
A_MP	824	4881	C	0	0	4881	36.5
A_MP	825	5143	T	0	0	5143	36.4
A_MP	826	4767	T	0	0	4767	37.1
A_MP	827	5112	T	0	0	5112	35.5
A_MP	828	5039	T	0	0	5039	34.3
A_MP	829	4617	C	0	0	4617	36.9
A_MP	830	4649	T	0	0	4649	36.8
A_MP	831	4526	T	0	0	4526	35.3
A_MP	832	4883	C	0	0	4883	35.4
A_MP	833	4723	A	0	0	4723	35.7
A_MP	834	5130	A	0	0	5130	36.4
A_MP	835	5020	A	0	0	5020	34.0
A_MP	836	4905	T	0	0	4905	34.2
A_MP	837	5407	G	0	0	5407	36.7
A_MP	838	4531	C	0	0	4531	35.0
A_MP	839	4702	G	0	0	4702	37.1
A_MP	840	5354	T	0	0	5354	35.7
A_MP	841	4872	T	0	0	4872	34.5
A_MP	842	5083	T	0	0	5083	34.4
A_MP	843	4677	A	0	0	4677	35.8
A_MP	844	5255	T	0	0	5255	34.3
A_MP	845	4793	C	0	0	4793	36.8
A_MP	846	4651	G	0	0	4651	36.7
A_MP	847	5334	T	0	0	5334	36.6
A_MP	848	4546	C	0	0	4546	35.6
A_MP	849	4801	G	0	0	4801	34.4
A_MP	850	4897	C	0	0	4897	36.9
A_MP	851	4671	C	0	0	4671	36.4
A_MP	852	4816	T	0	0	4816	35.3
A_MP	853	5263	T	0	0	5263	35.4
A_MP	854	4506	A	0	0	4506	36.7
A_MP	855	5188	A	0	0	5188	37.0
A_MP	856	5204	A	0	0	5204	34.0
A_MP	857	4696	T	0	0	4696	35.0
A_MP	858	4659	A	0	0	4659	34.4
A_MP	859	5362	C	0	0	5362	36.8
A_MP	860	5031	G	0	0	5031	35.1
A_MP	861	5166	G	0	0	5166	37.7
A_MP	862	4513	T	0	0	4513	35.8
A_MP	863	4975	T	0	0	4975	37.1
A_MP	864	5011	C	0	0	5011	35.5
A_MP	865	4529	G	0	0	4529	35.1
A_MP	866	4784	A	0	0	4784	34.9
A_MP	867	4779	A	0	0	4779	36.3
A_MP	868	4722	A	0	0	4722	35.3
A_MP	869	4775	G	0	0	4775	36.2
A_MP	870	5124	G	0	0	5124	36.4
A_MP	871	5053	A	0	0	5053	37.8
A_MP	872	4884	G	0	0	4884	37.6
A_MP	873	5019	G	0	0	5019	37.8
A_MP	874	5347	G	0	0	5347	37.7
A_MP	875	4965	C	0	0	4965	37.4
A_MP	876	5114	C	0	0	5114	34.2
A_MP	877	4658	T	0	0	4658	37.3
A_MP	878	4145	T	0	0	4145	34.7
A_MP	879	5418	C	0	0	5418	35.1
A_MP	880	4395	T	0	0	4395	35.4
A_MP	881	4842	A	0	0	4842	37.9
A_MP	882	5272	C	0	0	5272	35.6
A_MP	883	4873	G	0	0	4873	35.6
A_MP	884	3889	G	0	0	3889	37.1
A_MP	885	4283	A	0	0	4283	36.5
A_MP	886	4865	A	0	0	4865	37.8
A_MP	887	4362	G	0	0	4362	34.6
A_MP	888	4222	G	0	0	4222	36.5
A_MP	889	4937	A	0	0	4937	37.6
A_MP	890	4341	G	0	0	4341	34.8
A_MP	891	4380	T	0	0	4380	36.2
A_MP	892	4319	A	0	0	4319	34.1
A_MP	893	4234	C	0	0	4234	36.3
A_MP	894	3954	C	0	0	3954	37.4
A_MP	895	4245	T	0	0	4245	34.4
A_MP	896	3857	G	0	0	3857	34.0
A_MP	897	4266	A	0	0	4266	35.9
A_MP	898	3907	G	0	0	3907	37.4
A_MP	899	4415	T	0	0	4415	34.3
A_MP	900	3450	C	0	0	3450	35.7
A_MP	901	4119	C	0	0	4119	36.1
A_MP	902	4057	A	0	0	4057	35.0
A_MP	903	4080	T	0	0	4080	37.9
A_MP	904	3780	G	0	0	3780	37.3
A_MP	905	3489	A	0	0	3489	34.8
A_MP	906	3588	G	0	0	3588	37.0
A_MP	907	3812	G	0	0	3812	34.8
A_MP	908	3541	G	0	0	3541	35.6
A_MP	909	3440	A	0	0	3440	37.7
A_MP	910	3356	A	0	0	3356	34.9
A_MP	911	3375	G	0	0	3375	37.9
A_MP	912	3503	A	0	0	3503	36.7
A_MP	913	3587	G	0	0	3587	34.2
A_MP	914	3641	T	0	0	3641	36.0
A_MP	915	3240	A	0	0	3240	37.8
A_MP	916	3309	C	0	0	3309	37.6
A_MP	917	3493	C	0	0	3493	35.7
A_MP	918	3330	G	0	0	3330	35.5
A_MP	919	3396	G	0	0	3396	35.9
A_MP	920	3064	C	0	0	3064	37.9
A_MP	921	3204	A	0	0	3204	34.8
A_MP	922	3247	G	0	0	3247	34.1
A_MP	923	3045	G	0	0	3045	35.2
A_MP	924	3046	A	0	0	3046	34.6
A_MP	925	3173	A	0	0	3173	36.8
A_MP	926	2678	C	0	0	2678	35.7
A_MP	927	2719	A	0	0	2719	35.7
A_MP	928	2674	G	0	0	2674	35.4
A_MP	929	2658	C	0	0	2658	37.6
A_MP	930	2322	A	0	0	2322	34.8
A_MP	931	2579	G	0	0	2579	35.8
A_MP	932	2473	A	0	0	2473	34.7
A_MP	933	2349	G	0	0	2349	36.6
A_MP	934	2423	T	0	0	2423	35.4
A_MP	935	2300	G	0	0	2300	36.2
A_MP	936	1922	C	0	0	1922	35.0
A_MP	937	2226	T	0	0	2226	34.8
A_MP	938	2307	G	0	0	2307	35.9
A_MP	939	1871	T	0	0	1871	34.7
A_MP	940	2097	G	0	0	2097	36.1
A_MP	941	2048	G	0	0	2048	34.5
A_MP	942	1929	G	0	0	1929	36.1
A_MP	943	1752	T	0	0	1752	34.6
A_MP	944	1803	G	0	0	1803	37.4
A_MP	945	1579	T	0	0	1579	36.6
A_MP	946	1399	T	0	0	1399	36.9
A_MP	947	1772	G	0	0	1772	35.3
A_MP	948	1516	A	0	0	1516	36.6
A_MP	949	1476	C	0	0	1476	34.4
A_MP	950	1579	G	0	0	1579	36.3
A_MP	951	1459	A	0	0	1459	36.1
A_MP	952	1449	T	0	0	1449	34.3
A_MP	953	1282	G	0	0	1282	34.9
A_MP	954	1357	G	0	0	1357	34.6
A_MP	955	1241	T	0	0	1241	37.8
A_MP	956	1154	C	0	0	1154	35.6
A_MP	957	1266	A	0	0	1266	37.8
A_MP	958	1087	T	0	0	1087	36.1
A_MP	959	1120	T	0	0	1120	36.1
A_MP	960	1035	T	0	0	1035	34.4
A_MP	961	987	T	0	0	987	35.1
A_MP	962	1000	G	0	0	1000	37.0
A_MP	963	886	T	0	0	886	37.8
A_MP	964	919	C	0	0	919	37.9
A_MP	965	844	A	0	0	844	35.0
A_MP	966	786	A	0	0	786	35.0
A_MP	967	770	C	0	0	770	36.4
A_MP	968	713	A	0	0	713	37.1
A_MP	969	691	T	0	0	691	36.5
A_MP	970	569	A	0	0	569	37.4
A_MP	971	607	G	0	0	607	37.3
A_MP	972	491	A	0	0	491	34.2
A_MP	973	453	G	0	0	453	34.4
A_MP	974	423	C	0	0	423	36.0
A_MP	975	399	T	0	0	399	34.1
A_MP	976	306	G	0	0	306	34.4
A_MP	977	276	G	0	0	276	37.5
A_MP	978	233	A	0	0	233	36.8
A_MP	979	193	G	0	0	193	37.7
A_MP	980	109	T	0	0	109	36.2
A_MP	981	49	A	0	0	49	35.1
A_MP	982	0	A	0	0	0	34.8
