Reference_Name	Position	Coverage Depth	Consensus	Deletions	Ambiguous	Consensus_Count	Consensus_Average_Quality
A_NA	1	22	A	0	0	22	36.3
A_NA	2	45	T	0	0	45	35.7
A_NA	3	67	G	0	0	67	37.5
A_NA	4	100	A	0	0	100	37.1
A_NA	5	116	A	0	0	116	36.6
A_NA	6	144	T	0	0	144	36.5
A_NA	7	169	C	0	0	169	35.0
A_NA	8	204	C	0	0	204	35.2
A_NA	9	210	A	0	0	210	37.9
A_NA	10	234	A	0	0	234	35.7
A_NA	11	247	A	0	0	247	35.9
A_NA	12	284	T	0	0	284	34.7
A_NA	13	286	C	0	0	286	36.2
A_NA	14	335	A	0	0	335	37.3
A_NA	15	352	A	0	0	352	34.1
A_NA	16	377	A	0	0	377	37.6
A_NA	17	384	G	0	0	384	34.5
A_NA	18	453	G	0	0	453	36.8
A_NA	19	481	A	0	0	481	34.4
A_NA	20	416	T	0	0	416	35.3
A_NA	21	489	A	0	0	489	34.8
A_NA	22	462	A	0	0	462	37.2
A_NA	23	541	T	0	0	541	34.4
A_NA	24	613	A	0	0	613	36.5
A_NA	25	649	A	0	0	649	35.2
A_NA	26	569	C	0	0	569	34.2
A_NA	27	633	C	0	0	633	34.4
A_NA	28	663	A	0	0	663	34.3
A_NA	29	645	C	0	0	645	36.2
A_NA	30	717	T	0	0	717	35.8
A_NA	31	772	G	0	0	772	36.4
A_NA	32	729	G	0	0	729	34.4
A_NA	33	868	A	0	0	868	36.3
A_NA	34	730	T	0	0	730	34.7
A_NA	35	826	C	0	0	826	37.9
A_NA	36	814	A	0	0	814	34.0
A_NA	37	830	A	0	0	830	34.7
A_NA	38	795	T	0	0	795	36.5
A_NA	39	950	C	0	0	950	36.3
A_NA	40	906	T	0	0	906	34.3
A_NA	41	922	G	0	0	922	37.8
A_NA	42	909	T	0	0	909	34.1
A_NA	43	983	A	0	0	983	36.6
A_NA	44	1113	T	0	0	1113	35.6
A_NA	45	1044	G	0	0	1044	37.2
A_NA	46	1080	G	0	0	1080	35.7
A_NA	47	1088	T	0	0	1088	35.1
A_NA	48	1355	A	0	0	1355	35.8
A_NA	49	1118	A	0	0	1118	37.1
A_NA	50	1242	T	0	0	1242	35.1
A_NA	51	1179	T	0	0	1179	34.4
A_NA	52	1276	G	0	0	1276	35.7
A_NA	53	1183	G	0	0	1183	36.0
A_NA	54	1420	G	0	0	1420	35.4
A_NA	55	1306	A	0	0	1306	37.4
A_NA	56	1361	T	0	0	1361	35.1
A_NA	57	1386	A	0	0	1386	35.6
A_NA	58	1412	G	0	0	1412	34.5
A_NA	59	1430	T	0	0	1430	34.3
A_NA	60	1416	C	0	0	1416	35.5
A_NA	61	1321	A	0	0	1321	35.4
A_NA	62	1527	G	0	0	1527	35.1
A_NA	63	1505	C	0	0	1505	34.2
A_NA	64	1514	T	0	0	1514	36.5
A_NA	65	1861	T	0	0	1861	36.6
A_NA	66	1665	G	0	0	1665	37.0
A_NA	67	1537	A	0	0	1537	35.6
A_NA	68	1581	T	0	0	1581	37.6
A_NA	69	1689	G	0	0	1689	34.7
A_NA	70	1750	C	0	0	1750	37.9
A_NA	71	1663	T	0	0	1663	36.5
A_NA	72	1909	G	0	0	1909	34.3
A_NA	73	1843	C	0	0	1843	37.3
A_NA	74	1880	A	0	0	1880	35.2
A_NA	75	1911	A	0	0	1911	35.5
A_NA	76	2025	A	0	0	2025	34.2
A_NA	77	1914	T	0	0	1914	35.1
A_NA	78	1992	T	0	0	1992	34.9
A_NA	79	2166	G	0	0	2166	36.1
A_NA	80	2256	G	0	0	2256	37.2
A_NA	81	2180	G	0	0	2180	35.5
A_NA	82	1948	A	0	0	1948	36.5
A_NA	83	2216	A	0	0	2216	37.1
A_NA	84	2107	C	0	0	2107	36.2
A_NA	85	2120	A	0	0	2120	36.6
A_NA	86	2197	T	0	0	2197	35.1
A_NA	87	2444	A	0	0	2444	36.9
A_NA	88	2188	A	0	0	2188	34.8
A_NA	89	2087	T	0	0	2087	36.3
A_NA	90	2351	C	0	0	2351	36.1
A_NA	91	2135	T	0	0	2135	36.4
A_NA	92	2122	C	0	0	2122	34.1
A_NA	93	2166	A	0	0	2166	37.3
A_NA	94	2181	A	0	0	2181	36.3
A_NA	95	2233	T	0	0	2233	35.6
A_NA	96	2021	A	0	0	2021	34.7
A_NA	97	2415	T	0	0	2415	37.6
A_NA	98	2092	G	0	0	2092	37.7
A_NA	99	2393	G	0	0	2393	34.9
A_NA	100	2458	G	0	0	2458	34.1
A_NA	101	2209	T	0	0	2209	37.2
A_NA	102	2156	T	0	0	2156	34.4
A_NA	103	2344	A	0	0	2344	34.4
A_NA	104	2251	G	0	0	2251	37.7
A_NA	105	2176	C	0	0	2176	34.7
A_NA	106	2191	C	0	0	2191	34.6
A_NA	107	2303	A	0	0	2303	37.8
A_NA	108	2103	T	0	0	2103	37.7
A_NA	109	2188	T	0	0	2188	36.3
A_NA	110	2116	C	0	0	2116	35.3
A_NA	111	2208	A	0	0	2208	35.9
A_NA	112	2122	A	0	0	2122	37.3
A_NA	113	2147	T	0	0	2147	36.8
A_NA	114	2287	C	0	0	2287	36.4
A_NA	115	2093	C	0	0	2093	34.6
A_NA	116	2154	A	0	0	2154	34.8
A_NA	117	2213	A	0	0	2213	36.3
A_NA	118	2327	A	0	0	2327	36.1
A_NA	119	2460	C	0	0	2460	36.9
A_NA	120	2265	A	0	0	2265	34.6
A_NA	121	2163	G	0	0	2163	36.2
A_NA	122	2516	G	0	0	2516	36.3
A_NA	123	2335	G	0	0	2335	35.8
A_NA	124	2293	A	0	0	2293	35.7
A_NA	125	2254	A	0	0	2254	37.7
A_NA	126	2221	T	0	0	2221	38.0
A_NA	127	2419	C	0	0	2419	35.3
A_NA	128	2176	A	0	0	2176	36.3
A_NA	129	2390	A	0	0	2390	34.5
A_NA	130	2474	T	0	0	2474	34.6
A_NA	131	2457	A	0	0	2457	35.0
A_NA	132	2456	C	0	0	2456	35.1
A_NA	133	2450	C	0	0	2450	36.6
A_NA	134	2264	A	0	0	2264	34.7
A_NA	135	1982	G	0	0	1982	36.0
A_NA	136	2041	C	0	0	2041	37.6
A_NA	137	2295	C	0	0	2295	35.4
A_NA	138	2440	T	0	0	2440	34.3
A_NA	139	2164	G	0	0	2164	35.8
A_NA	140	2081	A	0	0	2081	36.7
A_NA	141	2204	A	0	0	2204	36.6
A_NA	142	1915	C	0	0	1915	36.2
A_NA	143	2096	C	0	0	2096	37.6
A_NA	144	2190	A	0	0	2190	36.8
A_NA	145	1949	T	0	0	1949	35.3
A_NA	146	1849	G	0	0	1849	34.6
A_NA	147	2011	C	0	0	2011	37.4
A_NA	148	2210	A	0	0	2210	34.1
A_NA	149	2128	A	0	0	2128	35.5
A_NA	150	1867	T	0	0	1867	35.8
A_NA	151	2050	C	0	0	2050	35.6
A_NA	152	1915	A	0	0	1915	34.7
A_NA	153	1910	A	0	0	1910	36.5
A_NA	154	1884	A	0	0	1884	34.5
A_NA	155	1759	G	0	0	1759	37.8
A_NA	156	1949	C	0	0	1949	34.1
A_NA	157	2179	A	0	0	2179	34.2
A_NA	158	1927	T	0	0	1927	34.1
A_NA	159	1843	C	0	0	1843	34.1
A_NA	160	1869	A	0	0	1869	34.6
A_NA	161	1998	T	0	0	1998	36.5
A_NA	162	2081	T	0	0	2081	35.6
A_NA	163	2057	G	0	0	2057	34.4
A_NA	164	1851	C	0	0	1851	36.5
A_NA	165	1744	C	0	0	1744	37.6
A_NA	166	1717	T	0	0	1717	35.6
A_NA	167	1804	A	0	0	1804	36.7
A_NA	168	1861	T	0	0	1861	37.5
A_NA	169	1734	G	0	0	1734	34.1
A_NA	170	1698	A	0	0	1698	35.6
A_NA	171	1816	G	0	0	1816	37.1
A_NA	172	1706	A	0	0	1706	34.3
A_NA	173	1678	A	0	0	1678	36.5
A_NA	174	1557	C	0	0	1557	34.6
A_NA	175	1739	A	0	0	1739	34.7
A_NA	176	1583	A	0	0	1583	35.9
A_NA	177	1820	C	0	0	1820	37.4
A_NA	178	1663	A	0	0	1663	36.6
A_NA	179	1567	C	0	0	1567	37.3
A_NA	180	1591	C	0	0	1591	36.9
A_NA	181	1649	T	0	0	1649	37.6
A_NA	182	1431	G	0	0	1431	37.3
A_NA	183	1631	G	0	0	1631	37.1
A_NA	184	1816	G	0	0	1816	35.1
A_NA	185	1612	T	0	0	1612	35.4
A_NA	186	1581	A	0	0	1581	34.0
A_NA	187	1596	A	0	0	1596	36.6
A_NA	188	1467	A	0	0	1467	34.6
A_NA	189	1472	T	0	0	1472	34.3
A_NA	190	1477	C	0	0	1477	37.0
A_NA	191	1564	A	0	0	1564	34.6
A_NA	192	1476	G	0	0	1476	36.0
A_NA	193	1577	A	0	0	1577	37.2
A_NA	194	1437	C	0	0	1437	36.9
A_NA	195	1679	G	0	0	1679	37.9
A_NA	196	1406	T	0	0	1406	34.1
A_NA	197	1382	A	0	0	1382	35.3
A_NA	198	1349	T	0	0	1349	35.3
A_NA	199	1633	G	0	0	1633	35.0
A_NA	200	1460	T	0	0	1460	36.7
A_NA	201	1257	C	0	0	1257	34.1
A_NA	202	1465	A	0	0	1465	35.6
A_NA	203	1270	A	0	0	1270	37.5
A_NA	204	1360	C	0	0	1360	34.4
A_NA	205	1479	A	0	0	1479	36.1
A_NA	206	1409	T	0	0	1409	35.5
A_NA	207	1230	C	0	0	1230	36.8
A_NA	208	1296	A	0	0	1296	36.4
A_NA	209	1440	A	0	0	1440	36.5
A_NA	210	1307	C	0	0	1307	37.9
A_NA	211	1347	A	0	0	1347	34.6
A_NA	212	1139	A	0	0	1139	35.9
A_NA	213	1279	T	0	0	1279	36.6
A_NA	214	1297	A	0	0	1297	34.5
A_NA	215	1315	C	0	0	1315	37.6
A_NA	216	1377	C	0	0	1377	34.1
A_NA	217	1254	A	0	0	1254	34.7
A_NA	218	1175	A	0	0	1175	37.7
A_NA	219	1250	T	0	0	1250	35.8
A_NA	220	1317	T	0	0	1317	36.3
A_NA	221	1248	T	0	0	1248	36.6
A_NA	222	1125	T	0	0	1125	34.3
A_NA	223	1303	C	0	0	1303	34.4
A_NA	224	1302	T	0	0	1302	36.6
A_NA	225	1349	T	0	0	1349	36.1
A_NA	226	1282	G	0	0	1282	36.9
A_NA	227	1202	C	0	0	1202	37.9
A_NA	228	1331	T	0	0	1331	35.6
A_NA	229	1137	G	0	0	1137	34.4
A_NA	230	1091	A	0	0	1091	34.3
A_NA	231	1208	G	0	0	1208	35.6
A_NA	232	1211	C	0	0	1211	35.7
A_NA	233	1156	A	0	0	1156	37.7
A_NA	234	1118	G	0	0	1118	35.0
A_NA	235	1180	G	0	0	1180	36.1
A_NA	236	1245	C	0	0	1245	37.8
A_NA	237	1121	T	0	0	1121	36.2
A_NA	238	1222	G	0	0	1222	37.9
A_NA	239	1254	T	0	0	1254	36.0
A_NA	240	1263	T	0	0	1263	35.3
A_NA	241	1344	A	0	0	1344	34.7
A_NA	242	1265	C	0	0	1265	35.2
A_NA	243	1231	T	0	0	1231	37.1
A_NA	244	1255	T	0	0	1255	37.7
A_NA	245	1226	C	0	0	1226	36.8
A_NA	246	1156	G	0	0	1156	34.5
A_NA	247	1155	G	0	0	1155	35.2
A_NA	248	1170	T	0	0	1170	36.3
A_NA	249	1258	A	0	0	1258	37.3
A_NA	250	1139	A	0	0	1139	35.9
A_NA	251	1271	C	0	0	1271	37.5
A_NA	252	1232	A	0	0	1232	35.7
A_NA	253	1303	T	0	0	1303	35.4
A_NA	254	1157	T	0	0	1157	36.3
A_NA	255	1256	A	0	0	1256	35.2
A_NA	256	1191	G	0	0	1191	35.7
A_NA	257	1293	C	0	0	1293	36.9
A_NA	258	1446	G	0	0	1446	35.7
A_NA	259	1216	G	0	0	1216	37.2
A_NA	260	1330	G	0	0	1330	36.6
A_NA	261	1329	C	0	0	1329	35.1
A_NA	262	1257	A	0	0	1257	37.9
A_NA	263	1351	A	0	0	1351	34.5
A_NA	264	1470	T	0	0	1470	35.1
A_NA	265	1346	T	0	0	1346	37.3
A_NA	266	1260	C	0	0	1260	37.1
A_NA	267	1280	A	0	0	1280	37.0
A_NA	268	1229	T	0	0	1229	36.2
A_NA	269	1292	C	0	0	1292	37.3
A_NA	270	1378	T	0	0	1378	38.0
A_NA	271	1296	C	0	0	1296	37.1
A_NA	272	1390	T	0	0	1390	37.8
A_NA	273	1314	T	0	0	1314	36.0
A_NA	274	1346	T	0	0	1346	34.9
A_NA	275	1299	G	0	0	1299	36.1
A_NA	276	1478	C	0	0	1478	35.2
A_NA	277	1414	C	0	0	1414	34.5
A_NA	278	1496	C	0	0	1496	37.6
A_NA	279	1430	T	0	0	1430	34.9
A_NA	280	1483	A	0	0	1483	34.4
A_NA	281	1463	T	0	0	1463	35.3
A_NA	282	1362	T	0	0	1362	35.8
A_NA	283	1377	A	0	0	1377	37.4
A_NA	284	1472	G	0	0	1472	34.0
A_NA	285	1469	T	0	0	1469	36.0
A_NA	286	1501	G	0	0	1501	36.5
A_NA	287	1389	G	0	0	1389	35.2
A_NA	288	1471	G	0	0	1471	36.4
A_NA	289	1544	T	0	0	1544	36.1
A_NA	290	1591	G	0	0	1591	37.8
A_NA	291	1669	G	0	0	1669	36.3
A_NA	292	1653	G	0	0	1653	34.1
A_NA	293	1499	C	0	0	1499	35.6
A_NA	294	1567	T	0	0	1567	36.3
A_NA	295	1580	A	0	0	1580	36.7
A_NA	296	1485	T	0	0	1485	36.5
A_NA	297	1709	A	0	0	1709	34.1
A_NA	298	1524	T	0	0	1524	37.5
A_NA	299	1665	A	0	0	1665	36.8
A_NA	300	1613	C	0	0	1613	36.5
A_NA	301	1614	A	0	0	1614	37.4
A_NA	302	1620	G	0	0	1620	34.5
A_NA	303	1635	T	0	0	1635	35.4
A_NA	304	1741	A	0	0	1741	35.3
A_NA	305	1579	A	0	0	1579	35.7
A_NA	306	1618	G	0	0	1618	36.9
A_NA	307	1680	G	0	0	1680	37.6
A_NA	308	1637	A	0	0	1637	34.7
A_NA	309	1627	C	0	0	1627	34.9
A_NA	310	1561	A	0	0	1561	34.4
A_NA	311	1743	A	0	0	1743	37.7
A_NA	312	1818	C	0	0	1818	37.4
A_NA	313	1517	G	0	0	1517	38.0
A_NA	314	1811	G	0	0	1811	34.6
A_NA	315	1711	T	0	0	1711	35.1
A_NA	316	1869	A	0	0	1869	36.6
A_NA	317	1938	T	0	0	1938	34.3
A_NA	318	1731	A	0	0	1731	36.6
A_NA	319	1878	A	0	0	1878	35.2
A_NA	320	1744	G	0	0	1744	35.4
A_NA	321	1857	A	0	0	1857	36.9
A_NA	322	1719	A	0	0	1719	35.1
A_NA	323	1745	T	0	0	1745	34.7
A_NA	324	1926	T	0	0	1926	37.4
A_NA	325	1783	G	0	0	1783	36.4
A_NA	326	1932	G	0	0	1932	35.5
A_NA	327	1863	G	0	0	1863	36.1
A_NA	328	1839	T	0	0	1839	35.5
A_NA	329	1736	C	0	0	1736	37.8
A_NA	330	1832	C	0	0	1832	36.0
A_NA	331	1900	A	0	0	1900	34.2
A_NA	332	1828	A	0	0	1828	35.8
A_NA	333	1605	G	0	0	1605	37.3
A_NA	334	1702	G	0	0	1702	35.5
A_NA	335	1755	G	0	0	1755	34.0
A_NA	336	1650	G	0	0	1650	37.6
A_NA	337	1922	G	0	0	1922	34.7
A_NA	338	1922	A	0	0	1922	34.2
A_NA	339	1856	T	0	0	1856	37.9
A_NA	340	1671	G	0	0	1671	37.2
A_NA	341	1767	T	0	0	1767	37.3
A_NA	342	1968	G	0	0	1968	36.3
A_NA	343	1765	T	0	0	1765	34.1
A_NA	344	1778	T	0	0	1778	35.9
A_NA	345	1876	T	0	0	1876	34.2
A_NA	346	1994	G	0	0	1994	36.0
A_NA	347	1825	T	0	0	1825	34.3
A_NA	348	1831	T	0	0	1831	36.5
A_NA	349	1837	A	0	0	1837	37.0
A_NA	350	1885	T	0	0	1885	34.0
A_NA	351	1790	A	0	0	1790	36.8
A_NA	352	1907	A	0	0	1907	37.1
A_NA	353	1807	G	0	0	1807	36.2
A_NA	354	1831	G	0	0	1831	34.6
A_NA	355	1803	G	0	0	1803	37.7
A_NA	356	1921	A	0	0	1921	35.8
A_NA	357	1879	A	0	0	1879	35.9
A_NA	358	1917	C	0	0	1917	37.9
A_NA	359	1745	C	0	0	1745	35.1
A_NA	360	1941	G	0	0	1941	36.8
A_NA	361	1824	T	0	0	1824	37.6
A_NA	362	1843	T	0	0	1843	36.3
A_NA	363	1922	C	0	0	1922	34.3
A_NA	364	1879	A	0	0	1879	37.2
A_NA	365	1896	T	0	0	1896	36.1
A_NA	366	1728	C	0	0	1728	37.5
A_NA	367	1721	T	0	0	1721	35.2
A_NA	368	1911	C	0	0	1911	36.2
A_NA	369	1971	A	0	0	1971	34.1
A_NA	370	1898	T	0	0	1898	34.7
A_NA	371	1735	G	0	0	1735	36.8
A_NA	372	1944	C	0	0	1944	36.4
A_NA	373	1823	T	0	0	1823	36.6
A_NA	374	1931	C	0	0	1931	37.7
A_NA	375	1863	C	0	0	1863	35.8
A_NA	376	1718	C	0	0	1718	35.1
A_NA	377	1710	A	0	0	1710	37.9
A_NA	378	1480	C	0	0	1480	35.8
A_NA	379	1879	T	0	0	1879	36.7
A_NA	380	1779	T	0	0	1779	36.1
A_NA	381	2249	G	0	0	2249	35.5
A_NA	382	1685	G	0	0	1685	37.7
A_NA	383	1638	A	0	0	1638	35.1
A_NA	384	1868	A	0	0	1868	37.0
A_NA	385	1786	T	0	0	1786	36.1
A_NA	386	1728	G	0	0	1728	34.1
A_NA	387	1687	C	0	0	1687	36.4
A_NA	388	1793	A	0	0	1793	35.2
A_NA	389	1657	G	0	0	1657	36.2
A_NA	390	1810	A	0	0	1810	36.6
A_NA	391	1768	A	0	0	1768	35.2
A_NA	392	1828	C	0	0	1828	34.5
A_NA	393	1933	C	0	0	1933	37.8
A_NA	394	1730	T	0	0	1730	36.4
A_NA	395	1787	T	0	0	1787	38.0
A_NA	396	1634	T	0	0	1634	34.0
A_NA	397	1567	T	0	0	1567	37.1
A_NA	398	1655	T	0	0	1655	37.9
A_NA	399	1641	T	0	0	1641	34.3
A_NA	400	1767	C	0	0	1767	37.6
A_NA	401	1725	T	0	0	1725	35.9
A_NA	402	1690	G	0	0	1690	36.5
A_NA	403	1888	A	0	0	1888	34.4
A_NA	404	1836	C	0	0	1836	37.2
A_NA	405	1689	C	0	0	1689	34.4
A_NA	406	1688	C	0	0	1688	38.0
A_NA	407	1797	A	0	0	1797	37.3
A_NA	408	1823	G	0	0	1823	37.9
A_NA	409	1779	G	0	0	1779	36.0
A_NA	410	1724	G	0	0	1724	35.1
A_NA	411	1718	A	0	0	1718	34.4
A_NA	412	1713	G	0	0	1713	35.4
A_NA	413	1849	C	0	0	1849	36.0
A_NA	414	1757	T	0	0	1757	35.2
A_NA	415	1901	C	0	0	1901	34.3
A_NA	416	1908	T	0	0	1908	35.3
A_NA	417	1840	G	0	0	1840	36.2
A_NA	418	1712	C	0	0	1712	35.9
A_NA	419	1741	T	0	0	1741	37.7
A_NA	420	1854	G	0	0	1854	37.5
A_NA	421	1774	A	0	0	1774	37.9
A_NA	422	1809	A	0	0	1809	34.4
A_NA	423	1801	T	0	0	1801	36.3
A_NA	424	1799	G	0	0	1799	36.7
A_NA	425	1851	A	0	0	1851	34.4
A_NA	426	1725	C	0	0	1725	36.8
A_NA	427	1667	A	0	0	1667	37.1
A_NA	428	1507	A	0	0	1507	35.6
A_NA	429	1727	A	0	0	1727	35.5
A_NA	430	1622	C	0	0	1622	35.2
A_NA	431	1690	A	0	0	1690	34.9
A_NA	432	1636	T	0	0	1636	34.6
A_NA	433	1722	T	0	0	1722	34.3
A_NA	434	1821	C	0	0	1821	34.6
A_NA	435	2143	T	0	0	2143	35.0
A_NA	436	1833	A	0	0	1833	35.1
A_NA	437	1677	A	0	0	1677	34.8
A_NA	438	1697	T	0	0	1697	34.9
A_NA	439	1857	G	0	0	1857	36.3
A_NA	440	2005	G	0	0	2005	35.4
A_NA	441	1815	G	0	0	1815	37.7
A_NA	442	1938	A	0	0	1938	34.2
A_NA	443	1747	C	0	0	1747	34.1
A_NA	444	2016	C	0	0	2016	36.4
A_NA	445	1744	G	0	0	1744	34.7
A_NA	446	1739	T	0	0	1739	34.5
A_NA	447	1832	T	0	0	1832	34.0
A_NA	448	1901	A	0	0	1901	34.6
A_NA	449	1977	A	0	0	1977	35.2
A_NA	450	2014	G	0	0	2014	34.7
A_NA	451	1998	G	0	0	1998	34.8
A_NA	452	2122	A	0	0	2122	36.9
A_NA	453	1943	T	0	0	1943	35.2
A_NA	454	2125	A	0	0	2125	36.4
A_NA	455	1996	G	0	0	1996	34.2
A_NA	456	1950	A	0	0	1950	37.3
A_NA	457	2252	A	0	0	2252	34.2
A_NA	458	2039	G	0	0	2039	36.8
A_NA	459	1879	C	0	0	1879	34.6
A_NA	460	2081	C	0	0	2081	37.2
A_NA	461	2052	C	0	0	2052	34.9
A_NA	462	1958	C	0	0	1958	34.8
A_NA	463	1956	T	0	0	1956	36.9
A_NA	464	1936	A	0	0	1936	37.1
A_NA	465	1915	T	0	0	1915	36.7
A_NA	466	2251	A	0	0	2251	35.5
A_NA	467	2157	G	0	0	2157	37.9
A_NA	468	1815	A	0	0	1815	34.5
A_NA	469	2227	A	0	0	2227	38.0
A_NA	470	2174	C	0	0	2174	35.3
A_NA	471	2195	T	0	0	2195	37.0
A_NA	472	1975	T	0	0	1975	36.8
A_NA	473	2103	T	0	0	2103	35.5
A_NA	474	2192	G	0	0	2192	36.7
A_NA	475	2136	A	0	0	2136	34.1
A_NA	476	2096	T	0	0	2096	36.6
A_NA	477	2166	G	0	0	2166	35.0
A_NA	478	2460	A	0	0	2460	36.1
A_NA	479	2143	G	0	0	2143	37.1
A_NA	480	2251	T	0	0	2251	36.0
A_NA	481	2283	T	0	0	2283	34.1
A_NA	482	2506	G	0	0	2506	37.8
A_NA	483	2384	T	0	0	2384	34.4
A_NA	484	2191	C	0	0	2191	34.4
A_NA	485	2295	C	0	0	2295	36.4
A_NA	486	2057	C	0	0	2057	37.8
A_NA	487	2109	G	0	0	2109	37.5
A_NA	488	2005	T	0	0	2005	37.6
A_NA	489	2283	G	0	0	2283	34.8
A_NA	490	2211	G	0	0	2211	35.3
A_NA	491	2502	G	0	0	2502	35.8
A_NA	492	2211	T	0	0	2211	36.5
A_NA	493	2590	G	0	0	2590	37.2
A_NA	494	2089	A	0	0	2089	36.7
A_NA	495	2672	G	0	0	2672	35.5
A_NA	496	2251	G	0	0	2251	36.3
A_NA	497	2187	C	0	0	2187	37.3
A_NA	498	2221	T	0	0	2221	36.8
A_NA	499	2387	C	0	0	2387	34.6
A_NA	500	2173	C	0	0	2173	37.4
A_NA	501	2355	T	0	0	2355	36.0
A_NA	502	2355	T	0	0	2355	37.0
A_NA	503	2640	C	0	0	2640	37.1
A_NA	504	2201	C	0	0	2201	36.1
A_NA	505	2349	C	0	0	2349	34.3
A_NA	506	2301	C	0	0	2301	34.5
A_NA	507	2584	G	0	0	2584	36.4
A_NA	508	2510	T	0	0	2510	37.6
A_NA	509	2415	A	0	0	2415	37.8
A_NA	510	2614	C	0	0	2614	37.5
A_NA	511	2453	A	0	0	2453	37.3
A_NA	512	2683	A	0	0	2683	35.7
A_NA	513	2371	T	0	0	2371	35.1
A_NA	514	2453	T	0	0	2453	35.2
A_NA	515	2326	C	0	0	2326	35.4
A_NA	516	2377	A	0	0	2377	37.1
A_NA	517	2346	A	0	0	2346	36.2
A_NA	518	2475	G	0	0	2475	34.7
A_NA	519	2617	A	0	0	2617	34.5
A_NA	520	2608	T	0	0	2608	34.7
A_NA	521	2340	T	0	0	2340	34.1
A_NA	522	2365	T	0	0	2365	35.2
A_NA	523	2495	G	0	0	2495	35.9
A_NA	524	2344	A	0	0	2344	35.4
A_NA	525	2405	G	0	0	2405	36.7
A_NA	526	2365	T	0	0	2365	37.9
A_NA	527	2549	C	0	0	2549	37.1
A_NA	528	2527	T	0	0	2527	34.9
A_NA	529	2358	G	0	0	2358	35.4
A_NA	530	2255	T	0	0	2255	35.2
A_NA	531	2296	T	0	0	2296	35.5
A_NA	532	2368	G	0	0	2368	36.7
A_NA	533	2758	C	0	0	2758	35.5
A_NA	534	2383	T	0	0	2383	35.3
A_NA	535	2584	T	0	0	2584	35.4
A_NA	536	2431	G	0	0	2431	37.6
A_NA	537	2414	G	0	0	2414	35.6
A_NA	538	2382	T	0	0	2382	34.8
A_NA	539	2526	C	0	0	2526	35.5
A_NA	540	2374	G	0	0	2374	35.1
A_NA	541	2365	G	0	0	2365	36.5
A_NA	542	2487	C	0	0	2487	34.5
A_NA	543	2490	A	0	0	2490	35.1
A_NA	544	2293	A	0	0	2293	36.1
A_NA	545	2312	G	0	0	2312	35.3
A_NA	546	2582	T	0	0	2582	36.6
A_NA	547	2507	G	0	0	2507	34.4
A_NA	548	2212	C	0	0	2212	35.4
A_NA	549	2459	T	0	0	2459	34.2
A_NA	550	2323	T	0	0	2323	35.7
A_NA	551	2675	G	0	0	2675	38.0
A_NA	552	2175	T	0	0	2175	34.4
A_NA	553	2474	C	0	0	2474	35.5
A_NA	554	2344	A	0	0	2344	36.6
A_NA	555	2311	T	0	0	2311	36.6
A_NA	556	2398	G	0	0	2398	37.9
A_NA	557	2428	A	0	0	2428	35.5
A_NA	558	2191	T	0	0	2191	36.4
A_NA	559	2183	G	0	0	2183	35.1
A_NA	560	2375	G	0	0	2375	34.2
A_NA	561	2421	C	0	0	2421	35.1
A_NA	562	2316	A	0	0	2316	35.6
A_NA	563	2211	T	0	0	2211	36.2
A_NA	564	2123	C	0	0	2123	37.0
A_NA	565	2139	A	0	0	2139	34.4
A_NA	566	2074	G	0	0	2074	36.2
A_NA	567	1983	T	0	0	1983	36.1
A_NA	568	2174	T	0	0	2174	34.6
A_NA	569	2199	G	0	0	2199	37.6
A_NA	570	2151	G	0	0	2151	37.6
A_NA	571	2037	T	0	0	2037	37.1
A_NA	572	1952	T	0	0	1952	37.6
A_NA	573	2147	G	0	0	2147	36.9
A_NA	574	2233	A	0	0	2233	34.7
A_NA	575	2056	C	0	0	2056	36.6
A_NA	576	2029	A	0	0	2029	37.1
A_NA	577	2292	A	0	0	2292	37.9
A_NA	578	2039	T	0	0	2039	35.6
A_NA	579	2045	C	0	0	2045	36.9
A_NA	580	2152	G	0	0	2152	35.8
A_NA	581	1793	G	0	0	1793	36.7
A_NA	582	1942	T	0	0	1942	35.5
A_NA	583	2059	A	0	0	2059	37.0
A_NA	584	2000	T	0	0	2000	36.0
A_NA	585	1997	T	0	0	1997	37.8
A_NA	586	1831	T	0	0	1831	37.6
A_NA	587	1831	C	0	0	1831	35.1
A_NA	588	1856	T	0	0	1856	34.1
A_NA	589	1837	G	0	0	1837	34.4
A_NA	590	1689	G	0	0	1689	35.2
A_NA	591	1784	T	0	0	1784	37.7
A_NA	592	1949	C	0	0	1949	36.0
A_NA	593	1880	C	0	0	1880	34.4
A_NA	594	1804	A	0	0	1804	37.2
A_NA	595	1968	G	0	0	1968	37.6
A_NA	596	1927	A	0	0	1927	34.2
A_NA	597	1798	C	0	0	1798	34.3
A_NA	598	1846	A	0	0	1846	36.7
A_NA	599	1760	A	0	0	1760	37.6
A_NA	600	1611	T	0	0	1611	36.4
A_NA	601	1660	G	0	0	1660	34.0
A_NA	602	1833	G	0	0	1833	34.2
A_NA	603	1650	A	0	0	1650	37.8
A_NA	604	1683	G	0	0	1683	35.2
A_NA	605	1669	C	0	0	1669	34.1
A_NA	606	1872	T	0	0	1872	34.9
A_NA	607	1711	G	0	0	1711	37.2
A_NA	608	1756	T	0	0	1756	37.3
A_NA	609	1613	G	0	0	1613	36.2
A_NA	610	1784	G	0	0	1784	36.3
A_NA	611	1956	C	0	0	1956	36.4
A_NA	612	1567	T	0	0	1567	37.3
A_NA	613	1659	G	0	0	1659	37.5
A_NA	614	1719	T	0	0	1719	36.2
A_NA	615	1574	A	0	0	1574	36.4
A_NA	616	1576	T	0	0	1576	37.6
A_NA	617	1451	T	0	0	1451	37.0
A_NA	618	1601	G	0	0	1601	36.1
A_NA	619	1519	A	0	0	1519	36.5
A_NA	620	1478	A	0	0	1478	34.6
A_NA	621	1491	G	0	0	1491	38.0
A_NA	622	1563	T	0	0	1563	35.4
A_NA	623	1705	A	0	0	1705	34.9
A_NA	624	1491	C	0	0	1491	35.3
A_NA	625	1387	A	0	0	1387	35.7
A_NA	626	1436	A	0	0	1436	36.4
A_NA	627	1629	T	0	0	1629	34.8
A_NA	628	1490	G	0	0	1490	34.8
A_NA	629	1448	G	0	0	1448	34.5
A_NA	630	1461	C	0	0	1461	35.7
A_NA	631	1332	A	0	0	1332	37.4
A_NA	632	1428	T	0	0	1428	37.5
A_NA	633	1533	A	0	0	1533	36.3
A_NA	634	1457	A	0	0	1457	37.5
A_NA	635	1455	T	0	0	1455	35.5
A_NA	636	1508	A	0	0	1508	34.6
A_NA	637	1462	A	0	0	1462	35.3
A_NA	638	1574	C	0	0	1574	37.5
A_NA	639	1395	G	0	0	1395	37.5
A_NA	640	1503	G	0	0	1503	36.9
A_NA	641	1446	A	0	0	1446	35.8
A_NA	642	1543	T	0	0	1543	37.5
A_NA	643	1385	A	0	0	1385	35.4
A_NA	644	1415	C	0	0	1415	37.2
A_NA	645	1277	T	0	0	1277	35.6
A_NA	646	1513	A	0	0	1513	34.2
A_NA	647	1669	T	0	0	1669	34.1
A_NA	648	1264	C	0	0	1264	37.7
A_NA	649	1443	A	0	0	1443	36.9
A_NA	650	1465	A	0	0	1465	36.0
A_NA	651	1487	G	0	0	1487	36.3
A_NA	652	1480	A	0	0	1480	37.8
A_NA	653	1469	G	0	0	1469	36.3
A_NA	654	1553	T	0	0	1553	36.9
A_NA	655	1351	T	0	0	1351	37.4
A_NA	656	1323	G	0	0	1323	37.7
A_NA	657	1407	G	0	0	1407	36.4
A_NA	658	1393	A	0	0	1393	34.9
A_NA	659	1495	G	0	0	1495	35.0
A_NA	660	1468	A	0	0	1468	36.3
A_NA	661	1419	A	0	0	1419	37.4
A_NA	662	1557	A	0	0	1557	36.2
A_NA	663	1631	C	0	0	1631	35.0
A_NA	664	1367	A	0	0	1367	36.6
A_NA	665	1464	A	0	0	1464	37.6
A_NA	666	1429	C	0	0	1429	36.4
A_NA	667	1392	A	0	0	1392	37.4
A_NA	668	1449	T	0	0	1449	35.6
A_NA	669	1484	T	0	0	1484	34.4
A_NA	670	1470	T	0	0	1470	34.3
A_NA	671	1367	T	0	0	1367	37.6
A_NA	672	1416	G	0	0	1416	37.9
A_NA	673	1382	A	0	0	1382	34.3
A_NA	674	1406	G	0	0	1406	34.9
A_NA	675	1351	A	0	0	1351	37.3
A_NA	676	1506	A	0	0	1506	37.3
A_NA	677	1394	C	0	0	1394	34.2
A_NA	678	1835	T	0	0	1835	37.6
A_NA	679	1566	C	0	0	1566	35.5
A_NA	680	1611	A	0	0	1611	36.4
A_NA	681	1602	A	0	0	1602	35.6
A_NA	682	1407	G	0	0	1407	34.9
A_NA	683	1640	A	0	0	1640	36.6
A_NA	684	1587	A	0	0	1587	37.4
A_NA	685	1584	T	0	0	1584	34.2
A_NA	686	1495	C	0	0	1495	36.0
A_NA	687	1625	T	0	0	1625	37.5
A_NA	688	1620	G	0	0	1620	34.7
A_NA	689	1554	A	0	0	1554	36.9
A_NA	690	1567	A	0	0	1567	35.3
A_NA	691	1627	T	0	0	1627	36.8
A_NA	692	1594	G	0	0	1594	34.2
A_NA	693	1572	T	0	0	1572	35.0
A_NA	694	1649	G	0	0	1649	34.8
A_NA	695	1583	C	0	0	1583	35.6
A_NA	696	1583	G	0	0	1583	34.1
A_NA	697	1622	T	0	0	1622	35.4
A_NA	698	1371	G	0	0	1371	37.8
A_NA	699	1707	C	0	0	1707	37.3
A_NA	700	1621	G	0	0	1621	37.6
A_NA	701	1457	T	0	0	1457	36.1
A_NA	702	1640	A	0	0	1640	37.8
A_NA	703	1644	A	0	0	1644	36.1
A_NA	704	1693	A	0	0	1693	36.4
A_NA	705	1829	T	0	0	1829	35.2
A_NA	706	1671	G	0	0	1671	36.9
A_NA	707	1639	G	0	0	1639	37.6
A_NA	708	1849	C	0	0	1849	35.3
A_NA	709	1758	T	0	0	1758	37.9
A_NA	710	1533	C	0	0	1533	37.2
A_NA	711	1503	T	0	0	1503	37.4
A_NA	712	1712	T	0	0	1712	36.4
A_NA	713	1593	G	0	0	1593	34.8
A_NA	714	1662	C	0	0	1662	35.5
A_NA	715	1812	T	0	0	1812	35.4
A_NA	716	1706	T	0	0	1706	36.5
A_NA	717	1613	C	0	0	1613	38.0
A_NA	718	1739	A	0	0	1739	35.1
A_NA	719	1734	C	0	0	1734	35.8
A_NA	720	1949	T	0	0	1949	38.0
A_NA	721	1703	G	0	0	1703	36.1
A_NA	722	1712	T	0	0	1712	36.3
A_NA	723	1742	A	0	0	1742	37.9
A_NA	724	1728	A	0	0	1728	36.4
A_NA	725	1497	T	0	0	1497	37.8
A_NA	726	1729	G	0	0	1729	35.1
A_NA	727	1653	A	0	0	1653	34.0
A_NA	728	1733	C	0	0	1733	37.8
A_NA	729	1620	T	0	0	1620	35.6
A_NA	730	1716	G	0	0	1716	36.2
A_NA	731	1768	A	0	0	1768	37.3
A_NA	732	1774	T	0	0	1774	34.8
A_NA	733	1605	G	0	0	1605	37.9
A_NA	734	1689	G	0	0	1689	34.5
A_NA	735	1660	A	0	0	1660	37.6
A_NA	736	1847	C	0	0	1847	37.4
A_NA	737	1682	C	0	0	1682	37.7
A_NA	738	1609	A	0	0	1609	36.4
A_NA	739	1691	A	0	0	1691	34.4
A_NA	740	1671	G	0	0	1671	36.5
A_NA	741	1761	C	0	0	1761	35.3
A_NA	742	1695	A	0	0	1695	34.4
A_NA	743	1710	A	0	0	1710	34.6
A_NA	744	1693	T	0	0	1693	35.2
A_NA	745	1669	G	0	0	1669	35.0
A_NA	746	1647	G	0	0	1647	34.5
A_NA	747	1592	G	0	0	1592	37.3
A_NA	748	1667	C	0	0	1667	35.9
A_NA	749	1527	A	0	0	1527	35.7
A_NA	750	1645	G	0	0	1645	35.1
A_NA	751	1685	G	0	0	1685	35.0
A_NA	752	1475	C	0	0	1475	34.2
A_NA	753	1664	C	0	0	1664	35.9
A_NA	754	1622	T	0	0	1622	36.6
A_NA	755	1652	C	0	0	1652	36.1
A_NA	756	1874	A	0	0	1874	37.2
A_NA	757	1735	T	0	0	1735	34.0
A_NA	758	1800	A	0	0	1800	34.3
A_NA	759	1493	T	0	0	1493	35.3
A_NA	760	1417	A	0	0	1417	34.7
A_NA	761	1585	A	0	0	1585	37.5
A_NA	762	1601	A	0	0	1601	35.8
A_NA	763	1573	A	0	0	1573	34.9
A_NA	764	1490	T	0	0	1490	35.7
A_NA	765	1654	C	0	0	1654	37.8
A_NA	766	1558	T	0	0	1558	34.6
A_NA	767	1479	T	0	0	1479	34.2
A_NA	768	1619	C	0	0	1619	37.1
A_NA	769	1472	A	0	0	1472	36.2
A_NA	770	1713	A	0	0	1713	34.9
A_NA	771	1822	G	0	0	1822	36.8
A_NA	772	1510	A	0	0	1510	34.2
A_NA	773	1528	T	0	0	1528	35.7
A_NA	774	1510	A	0	0	1510	37.9
A_NA	775	1406	G	0	0	1406	34.8
A_NA	776	1551	A	0	0	1551	34.6
A_NA	777	1546	G	0	0	1546	34.0
A_NA	778	1576	A	0	0	1576	36.8
A_NA	779	1403	A	0	0	1403	37.1
A_NA	780	1510	A	0	0	1510	36.9
A_NA	781	1441	G	0	0	1441	36.6
A_NA	782	1652	G	0	0	1652	34.3
A_NA	783	1495	G	0	0	1495	37.1
A_NA	784	1510	A	0	0	1510	35.0
A_NA	785	1496	A	0	0	1496	34.0
A_NA	786	1392	A	0	0	1392	36.4
A_NA	787	1435	G	0	0	1435	37.9
A_NA	788	1384	T	0	0	1384	36.9
A_NA	789	1467	A	0	0	1467	34.2
A_NA	790	1481	G	0	0	1481	36.0
A_NA	791	1578	T	0	0	1578	35.7
A_NA	792	1444	C	0	0	1444	36.2
A_NA	793	1439	A	0	0	1439	34.7
A_NA	794	1481	A	0	0	1481	36.0
A_NA	795	1379	A	0	0	1379	35.2
A_NA	796	1579	T	0	0	1579	34.1
A_NA	797	1545	C	0	0	1545	37.0
A_NA	798	1513	A	0	0	1513	37.1
A_NA	799	1457	G	0	0	1457	34.2
A_NA	800	1369	T	0	0	1369	36.3
A_NA	801	1414	T	0	0	1414	37.0
A_NA	802	1530	G	0	0	1530	37.3
A_NA	803	1393	A	0	0	1393	37.9
A_NA	804	1432	A	0	0	1432	34.4
A_NA	805	1412	T	0	0	1412	35.2
A_NA	806	1458	T	0	0	1458	34.4
A_NA	807	1327	G	0	0	1327	36.7
A_NA	808	1557	A	0	0	1557	36.8
A_NA	809	1427	A	0	0	1427	36.9
A_NA	810	1361	T	0	0	1361	34.6
A_NA	811	1413	G	0	0	1413	35.2
A_NA	812	1371	C	0	0	1371	37.9
A_NA	813	1545	C	0	0	1545	37.1
A_NA	814	1496	C	0	0	1496	35.0
A_NA	815	1404	C	0	0	1404	37.7
A_NA	816	1358	T	0	0	1358	35.7
A_NA	817	1312	A	0	0	1312	34.2
A_NA	818	1435	A	0	0	1435	34.1
A_NA	819	1424	T	0	0	1424	34.5
A_NA	820	1412	T	0	0	1412	34.7
A_NA	821	1279	A	0	0	1279	36.7
A_NA	822	1375	C	0	0	1375	35.0
A_NA	823	1460	C	0	0	1460	37.5
A_NA	824	1407	A	0	0	1407	34.3
A_NA	825	1585	C	0	0	1585	35.5
A_NA	826	1456	T	0	0	1456	36.3
A_NA	827	1454	A	0	0	1454	34.0
A_NA	828	1468	C	0	0	1468	36.8
A_NA	829	1492	G	0	0	1492	36.5
A_NA	830	1597	A	0	0	1597	35.7
A_NA	831	1498	G	0	0	1498	35.7
A_NA	832	1569	G	0	0	1569	35.1
A_NA	833	1557	A	0	0	1557	34.9
A_NA	834	1541	A	0	0	1541	36.4
A_NA	835	1602	T	0	0	1602	37.6
A_NA	836	1520	G	0	0	1520	35.4
A_NA	837	1429	C	0	0	1429	35.6
A_NA	838	1424	T	0	0	1424	35.9
A_NA	839	1687	C	0	0	1687	34.2
A_NA	840	1530	C	0	0	1530	37.6
A_NA	841	1471	T	0	0	1471	34.7
A_NA	842	1522	G	0	0	1522	35.5
A_NA	843	1430	T	0	0	1430	34.9
A_NA	844	1613	T	0	0	1613	37.3
A_NA	845	1469	A	0	0	1469	37.4
A_NA	846	1672	C	0	0	1672	37.5
A_NA	847	1506	C	0	0	1506	37.0
A_NA	848	1539	C	0	0	1539	35.4
A_NA	849	1573	T	0	0	1573	37.7
A_NA	850	1554	G	0	0	1554	36.9
A_NA	851	1461	A	0	0	1461	34.7
A_NA	852	1631	T	0	0	1631	34.2
A_NA	853	1674	G	0	0	1674	35.5
A_NA	854	1652	C	0	0	1652	35.5
A_NA	855	1679	G	0	0	1679	34.6
A_NA	856	1586	G	0	0	1586	37.7
A_NA	857	1685	G	0	0	1685	36.4
A_NA	858	1640	T	0	0	1640	37.2
A_NA	859	1745	G	0	0	1745	37.6
A_NA	860	1630	A	0	0	1630	36.2
A_NA	861	1604	G	0	0	1604	37.2
A_NA	862	1708	A	0	0	1708	34.8
A_NA	863	1710	T	0	0	1710	35.6
A_NA	864	1885	T	0	0	1885	36.4
A_NA	865	1782	A	0	0	1782	34.0
A_NA	866	1633	T	0	0	1633	35.1
A_NA	867	1862	G	0	0	1862	34.7
A_NA	868	1877	T	0	0	1877	38.0
A_NA	869	1945	G	0	0	1945	35.5
A_NA	870	1810	T	0	0	1810	35.1
A_NA	871	1557	G	0	0	1557	37.1
A_NA	872	1648	T	0	0	1648	35.5
A_NA	873	1830	G	0	0	1830	34.5
A_NA	874	1893	T	0	0	1893	37.1
A_NA	875	1906	G	0	0	1906	36.3
A_NA	876	1815	C	0	0	1815	36.4
A_NA	877	1994	A	0	0	1994	35.6
A_NA	878	1893	G	0	0	1893	37.5
A_NA	879	1883	G	0	0	1883	34.4
A_NA	880	2065	G	0	0	2065	36.1
A_NA	881	1865	A	0	0	1865	35.9
A_NA	882	2025	C	0	0	2025	37.8
A_NA	883	1998	A	0	0	1998	35.7
A_NA	884	1987	A	0	0	1987	35.1
A_NA	885	1905	T	0	0	1905	34.5
A_NA	886	2154	T	0	0	2154	34.7
A_NA	887	2095	G	0	0	2095	34.7
A_NA	888	2273	G	0	0	2273	37.5
A_NA	889	2072	C	0	0	2072	37.9
A_NA	890	2132	A	0	0	2132	34.1
A_NA	891	1857	T	0	0	1857	37.4
A_NA	892	2258	G	0	0	2258	35.0
A_NA	893	1984	G	0	0	1984	37.0
A_NA	894	2192	C	0	0	2192	36.3
A_NA	895	2047	T	0	0	2047	37.2
A_NA	896	2284	C	0	0	2284	34.7
A_NA	897	2071	A	0	0	2071	35.4
A_NA	898	2081	A	0	0	2081	35.8
A_NA	899	2234	A	0	0	2234	35.3
A_NA	900	2218	C	0	0	2218	35.9
A_NA	901	2372	C	0	0	2372	35.9
A_NA	902	2258	G	0	0	2258	34.7
A_NA	903	2229	G	0	0	2229	36.0
A_NA	904	2283	C	0	0	2283	36.4
A_NA	905	2253	C	0	0	2253	36.8
A_NA	906	2414	G	0	0	2414	37.4
A_NA	907	1961	T	0	0	1961	36.5
A_NA	908	1977	G	0	0	1977	34.0
A_NA	909	2512	G	0	0	2512	36.8
A_NA	910	2121	G	0	0	2121	35.6
A_NA	911	2194	T	0	0	2194	35.8
A_NA	912	2318	A	0	0	2318	37.5
A_NA	913	2293	T	0	0	2293	35.4
A_NA	914	2382	C	0	0	2382	34.5
A_NA	915	2287	T	0	0	2287	37.6
A_NA	916	2162	T	0	0	2162	38.0
A_NA	917	2643	T	0	0	2643	34.1
A_NA	918	2321	T	0	0	2321	34.7
A_NA	919	2153	A	0	0	2153	36.7
A_NA	920	2271	A	0	0	2271	34.3
A_NA	921	2342	T	0	0	2342	37.6
A_NA	922	2334	C	0	0	2334	36.8
A_NA	923	2414	A	0	0	2414	34.8
A_NA	924	2095	A	0	0	2095	37.9
A_NA	925	2603	A	0	0	2603	35.2
A_NA	926	2495	A	0	0	2495	37.2
A_NA	927	2492	T	0	0	2492	34.8
A_NA	928	2263	C	0	0	2263	36.1
A_NA	929	2105	T	0	0	2105	35.6
A_NA	930	2275	G	0	0	2275	35.5
A_NA	931	2533	G	0	0	2533	35.1
A_NA	932	2306	A	0	0	2306	36.0
A_NA	933	2302	G	0	0	2302	37.2
A_NA	934	2475	T	0	0	2475	34.7
A_NA	935	2487	A	0	0	2487	36.3
A_NA	936	2259	T	0	0	2259	37.0
A_NA	937	2404	C	0	0	2404	34.2
A_NA	938	2415	A	0	0	2415	34.2
A_NA	939	2456	A	0	0	2456	35.7
A_NA	940	2427	A	0	0	2427	36.8
A_NA	941	2501	T	0	0	2501	35.3
A_NA	942	2396	A	0	0	2396	35.4
A_NA	943	2604	G	0	0	2604	37.4
A_NA	944	2703	G	0	0	2703	36.0
A_NA	945	2328	A	0	0	2328	36.6
A_NA	946	2479	T	0	0	2479	35.6
A_NA	947	2541	A	0	0	2541	35.2
A_NA	948	2156	T	0	0	2156	34.1
A_NA	949	2296	A	0	0	2296	34.1
A_NA	950	2391	T	0	0	2391	34.3
A_NA	951	2301	A	0	0	2301	34.3
A_NA	952	2511	T	0	0	2511	36.6
A_NA	953	2410	G	0	0	2410	34.1
A_NA	954	2545	C	0	0	2545	35.6
A_NA	955	2378	A	0	0	2378	36.3
A_NA	956	2479	G	0	0	2479	35.1
A_NA	957	2412	T	0	0	2412	37.9
A_NA	958	2243	G	0	0	2243	36.8
A_NA	959	2171	G	0	0	2171	34.8
A_NA	960	2356	G	0	0	2356	35.9
A_NA	961	2255	G	0	0	2255	38.0
A_NA	962	2690	T	0	0	2690	36.9
A_NA	963	2588	T	0	0	2588	37.5
A_NA	964	2393	T	0	0	2393	37.8
A_NA	965	2433	T	0	0	2433	35.6
A_NA	966	2234	C	0	0	2234	37.0
A_NA	967	2626	G	0	0	2626	35.9
A_NA	968	2230	G	0	0	2230	36.8
A_NA	969	2557	A	0	0	2557	34.5
A_NA	970	2282	G	0	0	2282	36.4
A_NA	971	2399	A	0	0	2399	35.2
A_NA	972	2120	C	0	0	2120	35.9
A_NA	973	2474	A	0	0	2474	34.4
A_NA	974	2284	A	0	0	2284	34.8
A_NA	975	2219	C	0	0	2219	37.3
A_NA	976	2241	C	0	0	2241	34.3
A_NA	977	2257	C	0	0	2257	36.1
A_NA	978	2109	C	0	0	2109	34.3
A_NA	979	2450	C	0	0	2450	36.6
A_NA	980	2245	G	0	0	2245	35.6
A_NA	981	2274	C	0	0	2274	36.1
A_NA	982	2229	C	0	0	2229	37.7
A_NA	983	2231	C	0	0	2231	34.1
A_NA	984	2224	C	0	0	2224	37.3
A_NA	985	2360	A	0	0	2360	34.8
A_NA	986	2060	A	0	0	2060	34.3
A_NA	987	2470	T	0	0	2470	37.6
A_NA	988	2388	G	0	0	2388	34.6
A_NA	989	2298	A	0	0	2298	34.7
A_NA	990	2147	T	0	0	2147	35.3
A_NA	991	2025	G	0	0	2025	37.0
A_NA	992	2031	G	0	0	2031	34.5
A_NA	993	2053	A	0	0	2053	37.7
A_NA	994	2082	A	0	0	2082	34.2
A_NA	995	2180	C	0	0	2180	37.2
A_NA	996	2206	A	0	0	2206	36.3
A_NA	997	2011	G	0	0	2011	34.6
A_NA	998	2535	G	0	0	2535	35.6
A_NA	999	1955	C	0	0	1955	34.6
A_NA	1000	2043	A	0	0	2043	36.9
A_NA	1001	2140	G	0	0	2140	37.5
A_NA	1002	1829	T	0	0	1829	34.6
A_NA	1003	1778	T	0	0	1778	36.1
A_NA	1004	2094	G	0	0	2094	34.6
A_NA	1005	2024	C	0	0	2024	35.8
A_NA	1006	2122	A	0	0	2122	38.0
A_NA	1007	2005	G	0	0	2005	34.4
A_NA	1008	2135	T	0	0	2135	37.2
A_NA	1009	1960	C	0	0	1960	36.3
A_NA	1010	1841	C	0	0	1841	35.6
A_NA	1011	2006	A	0	0	2006	35.5
A_NA	1012	2015	A	0	0	2015	36.1
A_NA	1013	1932	T	0	0	1932	37.4
A_NA	1014	1900	G	0	0	1900	35.5
A_NA	1015	2142	T	0	0	2142	36.4
A_NA	1016	1770	C	0	0	1770	37.0
A_NA	1017	1961	C	0	0	1961	37.4
A_NA	1018	1778	T	0	0	1778	37.8
A_NA	1019	1867	C	0	0	1867	35.8
A_NA	1020	1843	T	0	0	1843	36.1
A_NA	1021	1538	A	0	0	1538	35.0
A_NA	1022	1809	A	0	0	1809	34.8
A_NA	1023	1921	C	0	0	1921	34.7
A_NA	1024	1985	G	0	0	1985	37.3
A_NA	1025	1996	G	0	0	1996	35.9
A_NA	1026	1884	G	0	0	1884	35.9
A_NA	1027	1611	G	0	0	1611	34.2
A_NA	1028	1818	C	0	0	1818	34.4
A_NA	1029	1948	A	0	0	1948	37.5
A_NA	1030	2005	T	0	0	2005	37.1
A_NA	1031	1842	A	0	0	1842	35.8
A_NA	1032	1885	T	0	0	1885	35.8
A_NA	1033	1840	G	0	0	1840	36.3
A_NA	1034	1749	G	0	0	1749	37.5
A_NA	1035	1702	G	0	0	1702	37.3
A_NA	1036	1827	G	0	0	1827	34.6
A_NA	1037	2008	T	0	0	2008	35.1
A_NA	1038	1805	A	0	0	1805	36.0
A_NA	1039	1791	A	0	0	1791	34.0
A_NA	1040	1764	A	0	0	1764	34.5
A_NA	1041	1953	A	0	0	1953	35.0
A_NA	1042	1734	G	0	0	1734	34.3
A_NA	1043	1862	G	0	0	1862	34.2
A_NA	1044	1900	G	0	0	1900	36.3
A_NA	1045	1953	T	0	0	1953	36.2
A_NA	1046	1724	T	0	0	1724	35.8
A_NA	1047	1729	T	0	0	1729	35.8
A_NA	1048	1800	T	0	0	1800	35.9
A_NA	1049	1860	C	0	0	1860	35.3
A_NA	1050	2111	A	0	0	2111	35.4
A_NA	1051	1750	T	0	0	1750	37.2
A_NA	1052	1826	T	0	0	1826	36.6
A_NA	1053	1838	T	0	0	1838	36.1
A_NA	1054	1969	A	0	0	1969	35.6
A_NA	1055	1858	A	0	0	1858	34.3
A_NA	1056	1645	G	0	0	1645	36.1
A_NA	1057	1792	T	0	0	1792	37.6
A_NA	1058	1625	A	0	0	1625	35.8
A_NA	1059	1860	C	0	0	1860	37.8
A_NA	1060	1823	G	0	0	1823	36.2
A_NA	1061	1702	G	0	0	1702	35.0
A_NA	1062	1929	T	0	0	1929	34.9
A_NA	1063	1842	A	0	0	1842	36.2
A_NA	1064	2006	A	0	0	2006	35.5
A_NA	1065	1902	T	0	0	1902	36.1
A_NA	1066	1646	G	0	0	1646	38.0
A_NA	1067	2030	G	0	0	2030	36.6
A_NA	1068	1752	G	0	0	1752	35.6
A_NA	1069	1856	G	0	0	1856	37.3
A_NA	1070	1993	T	0	0	1993	36.3
A_NA	1071	1630	T	0	0	1630	36.4
A_NA	1072	1754	T	0	0	1754	34.6
A_NA	1073	1665	G	0	0	1665	34.9
A_NA	1074	1694	G	0	0	1694	37.0
A_NA	1075	1986	A	0	0	1986	35.8
A_NA	1076	1660	T	0	0	1660	36.2
A_NA	1077	1762	C	0	0	1762	34.5
A_NA	1078	1647	G	0	0	1647	37.4
A_NA	1079	1727	G	0	0	1727	37.4
A_NA	1080	1825	A	0	0	1825	35.5
A_NA	1081	1863	A	0	0	1863	37.4
A_NA	1082	1816	G	0	0	1816	34.3
A_NA	1083	1864	A	0	0	1864	37.4
A_NA	1084	1949	A	0	0	1949	35.4
A_NA	1085	1808	C	0	0	1808	34.6
A_NA	1086	1915	A	0	0	1915	36.2
A_NA	1087	1954	A	0	0	1954	37.1
A_NA	1088	1880	A	0	0	1880	34.8
A_NA	1089	1794	A	0	0	1794	37.9
A_NA	1090	1770	A	0	0	1770	36.4
A_NA	1091	1799	G	0	0	1799	37.1
A_NA	1092	1692	C	0	0	1692	38.0
A_NA	1093	1879	A	0	0	1879	35.8
A_NA	1094	1739	C	0	0	1739	35.7
A_NA	1095	1939	T	0	0	1939	36.2
A_NA	1096	1874	A	0	0	1874	36.0
A_NA	1097	1758	G	0	0	1758	36.3
A_NA	1098	1757	T	0	0	1757	34.7
A_NA	1099	1879	T	0	0	1879	35.6
A_NA	1100	1922	C	0	0	1922	35.8
A_NA	1101	1936	C	0	0	1936	35.3
A_NA	1102	1990	A	0	0	1990	34.9
A_NA	1103	1641	G	0	0	1641	36.1
A_NA	1104	1932	A	0	0	1932	36.0
A_NA	1105	1805	A	0	0	1805	34.9
A_NA	1106	1845	G	0	0	1845	35.5
A_NA	1107	1872	C	0	0	1872	34.3
A_NA	1108	1716	G	0	0	1716	37.1
A_NA	1109	1939	G	0	0	1939	37.3
A_NA	1110	1767	C	0	0	1767	37.5
A_NA	1111	1824	T	0	0	1824	36.2
A_NA	1112	1991	T	0	0	1991	35.7
A_NA	1113	1795	T	0	0	1795	36.1
A_NA	1114	2055	G	0	0	2055	34.8
A_NA	1115	1798	A	0	0	1798	36.4
A_NA	1116	1851	G	0	0	1851	34.5
A_NA	1117	1828	A	0	0	1828	36.5
A_NA	1118	1799	T	0	0	1799	34.4
A_NA	1119	1953	G	0	0	1953	34.8
A_NA	1120	1814	A	0	0	1814	34.9
A_NA	1121	1727	T	0	0	1727	36.2
A_NA	1122	1970	T	0	0	1970	38.0
A_NA	1123	1720	T	0	0	1720	35.1
A_NA	1124	1792	G	0	0	1792	36.4
A_NA	1125	2035	G	0	0	2035	37.6
A_NA	1126	1664	G	0	0	1664	38.0
A_NA	1127	1775	A	0	0	1775	37.9
A_NA	1128	1882	T	0	0	1882	34.7
A_NA	1129	1817	C	0	0	1817	34.3
A_NA	1130	1865	C	0	0	1865	34.8
A_NA	1131	2023	G	0	0	2023	37.5
A_NA	1132	1817	A	0	0	1817	34.2
A_NA	1133	1815	A	0	0	1815	36.0
A_NA	1134	1720	T	0	0	1720	37.1
A_NA	1135	1945	G	0	0	1945	36.1
A_NA	1136	1861	G	0	0	1861	36.6
A_NA	1137	1815	G	0	0	1815	35.5
A_NA	1138	1825	T	0	0	1825	37.1
A_NA	1139	1756	G	0	0	1756	34.8
A_NA	1140	1870	G	0	0	1870	34.0
A_NA	1141	1863	A	0	0	1863	37.4
A_NA	1142	1819	C	0	0	1819	37.3
A_NA	1143	1863	T	0	0	1863	37.9
A_NA	1144	1933	G	0	0	1933	35.6
A_NA	1145	1678	A	0	0	1678	36.1
A_NA	1146	1849	G	0	0	1849	34.1
A_NA	1147	1797	A	0	0	1797	36.8
A_NA	1148	1693	C	0	0	1693	34.6
A_NA	1149	1620	G	0	0	1620	35.2
A_NA	1150	1694	G	0	0	1694	37.3
A_NA	1151	1717	A	0	0	1717	35.9
A_NA	1152	1672	C	0	0	1672	34.5
A_NA	1153	1655	A	0	0	1655	36.0
A_NA	1154	1589	G	0	0	1589	35.3
A_NA	1155	1681	T	0	0	1681	35.6
A_NA	1156	1898	A	0	0	1898	35.1
A_NA	1157	1875	G	0	0	1875	36.7
A_NA	1158	1730	T	0	0	1730	36.8
A_NA	1159	1639	T	0	0	1639	37.8
A_NA	1160	1537	T	0	0	1537	34.6
A_NA	1161	1439	C	0	0	1439	36.7
A_NA	1162	1638	T	0	0	1638	35.8
A_NA	1163	1632	C	0	0	1632	36.7
A_NA	1164	1555	A	0	0	1555	36.8
A_NA	1165	1615	G	0	0	1615	36.8
A_NA	1166	1561	T	0	0	1561	37.9
A_NA	1167	1631	G	0	0	1631	35.7
A_NA	1168	1745	A	0	0	1745	37.0
A_NA	1169	1424	A	0	0	1424	36.8
A_NA	1170	1572	G	0	0	1572	35.2
A_NA	1171	1551	C	0	0	1551	35.2
A_NA	1172	1412	A	0	0	1412	37.2
A_NA	1173	1531	A	0	0	1531	37.7
A_NA	1174	1444	G	0	0	1444	36.4
A_NA	1175	1425	A	0	0	1425	37.4
A_NA	1176	1430	C	0	0	1430	34.8
A_NA	1177	1425	A	0	0	1425	36.1
A_NA	1178	1480	T	0	0	1480	37.2
A_NA	1179	1508	C	0	0	1508	36.5
A_NA	1180	1488	G	0	0	1488	37.0
A_NA	1181	1490	T	0	0	1490	37.7
A_NA	1182	1547	A	0	0	1547	35.6
A_NA	1183	1414	G	0	0	1414	35.0
A_NA	1184	1387	C	0	0	1387	35.9
A_NA	1185	1593	A	0	0	1593	34.3
A_NA	1186	1446	A	0	0	1446	36.2
A_NA	1187	1579	T	0	0	1579	34.4
A_NA	1188	1260	A	0	0	1260	37.2
A_NA	1189	1410	A	0	0	1410	34.5
A_NA	1190	1378	C	0	0	1378	34.8
A_NA	1191	1277	T	0	0	1277	36.0
A_NA	1192	1303	G	0	0	1303	37.0
A_NA	1193	1240	A	0	0	1240	36.5
A_NA	1194	1321	C	0	0	1321	37.2
A_NA	1195	1342	T	0	0	1342	34.3
A_NA	1196	1386	T	0	0	1386	36.7
A_NA	1197	1324	G	0	0	1324	35.6
A_NA	1198	1423	T	0	0	1423	36.0
A_NA	1199	1375	C	0	0	1375	34.8
A_NA	1200	1378	A	0	0	1378	35.1
A_NA	1201	1352	G	0	0	1352	35.4
A_NA	1202	1228	G	0	0	1228	37.4
A_NA	1203	1210	A	0	0	1210	36.9
A_NA	1204	1225	T	0	0	1225	36.9
A_NA	1205	1232	A	0	0	1232	34.6
A_NA	1206	1313	T	0	0	1313	37.0
A_NA	1207	1240	A	0	0	1240	37.5
A_NA	1208	1242	G	0	0	1242	34.1
A_NA	1209	1230	T	0	0	1230	36.0
A_NA	1210	1340	G	0	0	1340	37.9
A_NA	1211	1343	G	0	0	1343	34.8
A_NA	1212	1210	G	0	0	1210	37.0
A_NA	1213	1167	A	0	0	1167	37.2
A_NA	1214	1334	C	0	0	1334	34.5
A_NA	1215	1215	T	0	0	1215	35.5
A_NA	1216	1087	T	0	0	1087	36.8
A_NA	1217	1214	T	0	0	1214	37.6
A_NA	1218	1319	T	0	0	1319	36.5
A_NA	1219	1228	G	0	0	1228	34.0
A_NA	1220	1292	T	0	0	1292	34.8
A_NA	1221	1233	C	0	0	1233	36.4
A_NA	1222	1120	C	0	0	1120	36.7
A_NA	1223	1275	A	0	0	1275	34.6
A_NA	1224	1206	G	0	0	1206	37.9
A_NA	1225	1147	C	0	0	1147	34.1
A_NA	1226	1163	A	0	0	1163	34.9
A_NA	1227	1100	C	0	0	1100	37.4
A_NA	1228	1225	C	0	0	1225	34.4
A_NA	1229	1105	C	0	0	1105	34.4
A_NA	1230	1094	A	0	0	1094	36.7
A_NA	1231	1148	G	0	0	1148	36.0
A_NA	1232	1042	A	0	0	1042	34.0
A_NA	1233	1207	A	0	0	1207	35.1
A_NA	1234	1120	C	0	0	1120	38.0
A_NA	1235	1169	T	0	0	1169	37.7
A_NA	1236	1288	G	0	0	1288	36.9
A_NA	1237	1136	A	0	0	1136	37.8
A_NA	1238	1158	C	0	0	1158	37.5
A_NA	1239	1194	A	0	0	1194	36.5
A_NA	1240	1348	G	0	0	1348	34.8
A_NA	1241	1261	G	0	0	1261	35.0
A_NA	1242	1272	A	0	0	1272	35.5
A_NA	1243	1124	T	0	0	1124	36.2
A_NA	1244	1259	T	0	0	1259	37.1
A_NA	1245	1107	A	0	0	1107	35.6
A_NA	1246	1175	G	0	0	1175	35.1
A_NA	1247	1285	A	0	0	1285	34.4
A_NA	1248	1283	T	0	0	1283	36.4
A_NA	1249	1329	T	0	0	1329	35.2
A_NA	1250	1220	G	0	0	1220	34.8
A_NA	1251	1256	C	0	0	1256	35.5
A_NA	1252	1281	A	0	0	1281	36.5
A_NA	1253	1283	T	0	0	1283	38.0
A_NA	1254	1249	G	0	0	1249	37.4
A_NA	1255	1177	A	0	0	1177	37.3
A_NA	1256	1296	G	0	0	1296	38.0
A_NA	1257	1425	G	0	0	1425	35.5
A_NA	1258	1318	C	0	0	1318	34.3
A_NA	1259	1233	C	0	0	1233	34.9
A_NA	1260	1443	T	0	0	1443	37.7
A_NA	1261	1271	T	0	0	1271	36.3
A_NA	1262	1270	G	0	0	1270	37.0
A_NA	1263	1341	T	0	0	1341	34.0
A_NA	1264	1446	T	0	0	1446	35.8
A_NA	1265	1311	T	0	0	1311	34.9
A_NA	1266	1497	C	0	0	1497	37.7
A_NA	1267	1326	T	0	0	1326	37.1
A_NA	1268	1338	G	0	0	1338	36.5
A_NA	1269	1511	G	0	0	1511	35.8
A_NA	1270	1422	G	0	0	1422	34.6
A_NA	1271	1460	T	0	0	1460	36.5
A_NA	1272	1455	T	0	0	1455	36.0
A_NA	1273	1643	G	0	0	1643	34.7
A_NA	1274	1447	A	0	0	1447	35.3
A_NA	1275	1543	G	0	0	1543	37.3
A_NA	1276	1509	C	0	0	1509	35.8
A_NA	1277	1541	T	0	0	1541	36.1
A_NA	1278	1468	G	0	0	1468	36.8
A_NA	1279	1739	A	0	0	1739	37.8
A_NA	1280	1495	T	0	0	1495	35.2
A_NA	1281	1539	T	0	0	1539	35.7
A_NA	1282	1441	A	0	0	1441	37.6
A_NA	1283	1627	G	0	0	1627	36.4
A_NA	1284	1663	A	0	0	1663	37.8
A_NA	1285	1731	G	0	0	1731	37.5
A_NA	1286	1632	G	0	0	1632	35.4
A_NA	1287	1638	G	0	0	1638	37.8
A_NA	1288	1636	A	0	0	1636	36.4
A_NA	1289	1751	G	0	0	1751	36.1
A_NA	1290	1861	G	0	0	1861	37.0
A_NA	1291	1656	C	0	0	1656	37.3
A_NA	1292	1713	C	0	0	1713	36.1
A_NA	1293	1729	C	0	0	1729	35.5
A_NA	1294	1629	A	0	0	1629	36.7
A_NA	1295	1816	A	0	0	1816	37.9
A_NA	1296	1705	A	0	0	1705	36.1
A_NA	1297	1746	G	0	0	1746	35.2
A_NA	1298	1862	A	0	0	1862	35.1
A_NA	1299	1794	G	0	0	1794	36.9
A_NA	1300	1730	A	0	0	1730	37.1
A_NA	1301	1803	A	0	0	1803	34.6
A_NA	1302	2011	C	0	0	2011	35.0
A_NA	1303	1887	A	0	0	1887	35.7
A_NA	1304	1944	C	0	0	1944	34.3
A_NA	1305	2009	A	0	0	2009	34.1
A_NA	1306	2045	A	0	0	2045	35.5
A_NA	1307	1885	T	0	0	1885	37.3
A_NA	1308	2071	T	0	0	2071	36.7
A_NA	1309	1894	T	0	0	1894	36.2
A_NA	1310	1728	G	0	0	1728	35.7
A_NA	1311	1998	G	0	0	1998	34.8
A_NA	1312	2289	A	0	0	2289	37.0
A_NA	1313	2010	C	0	0	2010	37.8
A_NA	1314	2180	T	0	0	2180	37.7
A_NA	1315	1934	A	0	0	1934	34.9
A_NA	1316	2166	G	0	0	2166	37.4
A_NA	1317	2004	C	0	0	2004	35.3
A_NA	1318	2219	G	0	0	2219	35.8
A_NA	1319	2129	G	0	0	2129	35.1
A_NA	1320	1985	G	0	0	1985	37.2
A_NA	1321	2154	A	0	0	2154	34.4
A_NA	1322	2203	G	0	0	2203	34.8
A_NA	1323	1996	C	0	0	1996	38.0
A_NA	1324	2306	A	0	0	2306	34.8
A_NA	1325	2126	G	0	0	2126	36.2
A_NA	1326	1858	C	0	0	1858	37.0
A_NA	1327	2040	A	0	0	2040	34.2
A_NA	1328	2180	T	0	0	2180	35.6
A_NA	1329	1960	A	0	0	1960	37.0
A_NA	1330	2009	T	0	0	2009	35.1
A_NA	1331	2074	C	0	0	2074	36.3
A_NA	1332	1858	C	0	0	1858	37.4
A_NA	1333	2076	T	0	0	2076	36.2
A_NA	1334	1914	T	0	0	1914	36.3
A_NA	1335	1949	T	0	0	1949	35.3
A_NA	1336	1722	T	0	0	1722	35.0
A_NA	1337	2019	G	0	0	2019	37.3
A_NA	1338	1934	T	0	0	1934	37.5
A_NA	1339	1696	G	0	0	1696	36.7
A_NA	1340	1739	G	0	0	1739	34.8
A_NA	1341	1868	T	0	0	1868	37.5
A_NA	1342	1855	G	0	0	1855	35.8
A_NA	1343	1781	T	0	0	1781	34.6
A_NA	1344	1626	A	0	0	1626	36.4
A_NA	1345	1650	A	0	0	1650	34.1
A_NA	1346	1716	A	0	0	1716	36.0
A_NA	1347	1483	T	0	0	1483	36.1
A_NA	1348	1697	A	0	0	1697	37.2
A_NA	1349	1483	G	0	0	1483	35.0
A_NA	1350	1590	T	0	0	1590	37.3
A_NA	1351	1589	G	0	0	1589	35.0
A_NA	1352	1556	A	0	0	1556	36.8
A_NA	1353	1433	C	0	0	1433	36.1
A_NA	1354	1520	A	0	0	1520	36.5
A_NA	1355	1311	C	0	0	1311	35.2
A_NA	1356	1386	T	0	0	1386	34.9
A_NA	1357	1324	G	0	0	1324	36.2
A_NA	1358	1514	T	0	0	1514	35.5
A_NA	1359	1357	G	0	0	1357	37.2
A_NA	1360	1305	G	0	0	1305	37.9
A_NA	1361	1151	G	0	0	1151	34.9
A_NA	1362	1354	T	0	0	1354	36.8
A_NA	1363	1116	T	0	0	1116	37.4
A_NA	1364	1185	G	0	0	1185	35.3
A_NA	1365	1196	G	0	0	1196	36.9
A_NA	1366	1227	T	0	0	1227	37.1
A_NA	1367	1090	C	0	0	1090	34.2
A_NA	1368	1080	T	0	0	1080	34.1
A_NA	1369	1119	T	0	0	1119	34.2
A_NA	1370	1024	G	0	0	1024	36.9
A_NA	1371	1060	G	0	0	1060	34.2
A_NA	1372	981	C	0	0	981	34.3
A_NA	1373	929	C	0	0	929	37.6
A_NA	1374	1027	A	0	0	1027	37.1
A_NA	1375	795	G	0	0	795	34.1
A_NA	1376	809	A	0	0	809	35.1
A_NA	1377	848	C	0	0	848	34.7
A_NA	1378	812	G	0	0	812	34.1
A_NA	1379	734	G	0	0	734	36.2
A_NA	1380	789	T	0	0	789	36.9
A_NA	1381	639	G	0	0	639	35.0
A_NA	1382	669	C	0	0	669	34.8
A_NA	1383	720	T	0	0	720	37.4
A_NA	1384	608	G	0	0	608	37.5
A_NA	1385	597	A	0	0	597	35.2
A_NA	1386	593	G	0	0	593	34.8
A_NA	1387	568	T	0	0	568	35.5
A_NA	1388	529	T	0	0	529	37.4
A_NA	1389	502	G	0	0	502	37.5
A_NA	1390	557	C	0	0	557	34.4
A_NA	1391	517	C	0	0	517	34.8
A_NA	1392	443	A	0	0	443	36.9
A_NA	1393	419	T	0	0	419	35.9
A_NA	1394	347	T	0	0	347	34.1
A_NA	1395	388	C	0	0	388	34.9
A_NA	1396	330	A	0	0	330	35.6
A_NA	1397	323	C	0	0	323	37.5
A_NA	1398	300	C	0	0	300	36.3
A_NA	1399	296	A	0	0	296	35.2
A_NA	1400	232	T	0	0	232	34.4
A_NA	1401	213	T	0	0	213	34.3
A_NA	1402	200	G	0	0	200	37.6
A_NA	1403	153	A	0	0	153	34.5
A_NA	1404	139	C	0	0	139	37.0
A_NA	1405	127	A	0	0	127	36.4
A_NA	1406	92	A	0	0	92	36.7
A_NA	1407	85	G	0	0	85	35.1
A_NA	1408	46	T	0	0	46	37.7
A_NA	1409	23	A	0	0	23	37.0
A_NA	1410	0	G	0	0	0	37.1
