Reference_Name	Position	Coverage Depth	Consensus	Deletions	Ambiguous	Consensus_Count	Consensus_Average_Quality
A_NS	1	36	A	0	0	36	36.0
A_NS	2	68	T	0	0	68	37.8
A_NS	3	101	G	0	0	101	36.3
A_NS	4	146	G	0	0	146	36.0
A_NS	5	162	A	0	0	162	37.3
A_NS	6	225	T	0	0	225	34.5
A_NS	7	255	T	0	0	255	35.1
A_NS	8	283	C	0	0	283	36.5
A_NS	9	330	C	0	0	330	35.2
A_NS	10	333	A	0	0	333	36.3
A_NS	11	393	A	0	0	393	35.3
A_NS	12	429	C	0	0	429	35.1
A_NS	13	408	A	0	0	408	36.4
A_NS	14	519	C	0	0	519	35.8
A_NS	15	504	G	0	0	504	37.9
A_NS	16	573	A	0	0	573	36.1
A_NS	17	623	T	0	0	623	35.8
A_NS	18	643	A	0	0	643	37.2
A_NS	19	652	A	0	0	652	37.1
A_NS	20	674	C	0	0	674	37.4
A_NS	21	664	C	0	0	664	35.2
A_NS	22	830	T	0	0	830	34.5
A_NS	23	801	C	0	0	801	36.4
A_NS	24	843	G	0	0	843	34.4
A_NS	25	913	T	0	0	913	36.4
A_NS	26	1048	T	0	0	1048	35.1
A_NS	27	926	C	0	0	926	36.3
A_NS	28	1118	C	0	0	1118	35.0
A_NS	29	1053	A	0	0	1053	36.2
A_NS	30	1071	G	0	0	1071	36.6
A_NS	31	1101	G	0	0	1101	35.0
A_NS	32	1249	T	0	0	1249	35.0
A_NS	33	1281	A	0	0	1281	34.5
A_NS	34	1144	G	0	0	1144	37.7
A_NS	35	1189	A	0	0	1189	37.5
A_NS	36	1354	T	0	0	1354	34.6
A_NS	37	1284	T	0	0	1284	36.6
A_NS	38	1261	G	0	0	1261	34.7
A_NS	39	1356	C	0	0	1356	35.8
A_NS	40	1515	T	0	0	1515	37.0
A_NS	41	1620	A	0	0	1620	36.0
A_NS	42	1592	T	0	0	1592	37.8
A_NS	43	1630	C	0	0	1630	34.9
A_NS	44	1755	T	0	0	1755	36.4
A_NS	45	1622	A	0	0	1622	35.5
A_NS	46	1729	T	0	0	1729	35.7
A_NS	47	1726	G	0	0	1726	37.8
A_NS	48	1773	G	0	0	1773	35.5
A_NS	49	1758	C	0	0	1758	36.3
A_NS	50	2044	A	0	0	2044	34.7
A_NS	51	1794	C	0	0	1794	37.9
A_NS	52	2022	A	0	0	2022	37.6
A_NS	53	2116	T	0	0	2116	35.5
A_NS	54	1767	A	0	0	1767	34.0
A_NS	55	1797	A	0	0	1797	36.5
A_NS	56	1928	G	0	0	1928	38.0
A_NS	57	1907	A	0	0	1907	37.9
A_NS	58	1856	A	0	0	1856	35.4
A_NS	59	1972	A	0	0	1972	37.4
A_NS	60	1919	G	0	0	1919	36.2
A_NS	61	1741	C	0	0	1741	37.6
A_NS	62	1908	T	0	0	1908	36.7
A_NS	63	1766	G	0	0	1766	34.1
A_NS	64	1677	C	0	0	1677	34.9
A_NS	65	1707	T	0	0	1707	37.6
A_NS	66	1716	C	0	0	1716	36.7
A_NS	67	1687	A	0	0	1687	35.0
A_NS	68	1802	G	0	0	1802	36.7
A_NS	69	1727	C	0	0	1727	37.2
A_NS	70	1667	A	0	0	1667	36.6
A_NS	71	1795	T	0	0	1795	35.0
A_NS	72	1744	G	0	0	1744	37.4
A_NS	73	1782	A	0	0	1782	34.1
A_NS	74	1738	G	0	0	1738	37.9
A_NS	75	1698	A	0	0	1698	34.8
A_NS	76	1637	G	0	0	1637	34.6
A_NS	77	1820	A	0	0	1820	34.4
A_NS	78	1424	C	0	0	1424	37.9
A_NS	79	1513	A	0	0	1513	35.7
A_NS	80	1695	T	0	0	1695	34.8
A_NS	81	1449	G	0	0	1449	36.6
A_NS	82	1533	T	0	0	1533	35.2
A_NS	83	1578	G	0	0	1578	35.8
A_NS	84	1377	T	0	0	1377	37.3
A_NS	85	1531	G	0	0	1531	36.5
A_NS	86	1363	A	0	0	1363	37.4
A_NS	87	1362	T	0	0	1362	34.5
A_NS	88	1485	G	0	0	1485	35.5
A_NS	89	1340	C	0	0	1340	35.1
A_NS	90	1508	T	0	0	1508	36.8
A_NS	91	1267	C	0	0	1267	35.7
A_NS	92	1273	C	0	0	1273	36.8
A_NS	93	1254	C	0	0	1254	35.1
A_NS	94	1424	T	0	0	1424	34.1
A_NS	95	1381	T	0	0	1381	36.0
A_NS	96	1206	T	0	0	1206	36.5
A_NS	97	1291	G	0	0	1291	34.1
A_NS	98	1364	A	0	0	1364	36.4
A_NS	99	1192	T	0	0	1192	36.2
A_NS	100	1209	G	0	0	1209	35.3
A_NS	101	1100	A	0	0	1100	36.2
A_NS	102	1137	T	0	0	1137	35.5
A_NS	103	1228	A	0	0	1228	36.7
A_NS	104	1069	G	0	0	1069	34.2
A_NS	105	1169	A	0	0	1169	37.6
A_NS	106	1299	C	0	0	1299	34.1
A_NS	107	1228	T	0	0	1228	36.2
A_NS	108	1334	C	0	0	1334	35.1
A_NS	109	1225	A	0	0	1225	36.9
A_NS	110	1190	G	0	0	1190	36.3
A_NS	111	1248	A	0	0	1248	37.2
A_NS	112	1118	A	0	0	1118	37.9
A_NS	113	1230	G	0	0	1230	37.4
A_NS	114	1173	A	0	0	1173	34.3
A_NS	115	1104	G	0	0	1104	35.5
A_NS	116	1129	A	0	0	1129	34.1
A_NS	117	1021	T	0	0	1021	36.7
A_NS	118	1245	C	0	0	1245	34.3
A_NS	119	1142	A	0	0	1142	36.5
A_NS	120	974	G	0	0	974	37.5
A_NS	121	1138	A	0	0	1138	35.0
A_NS	122	1070	A	0	0	1070	35.6
A_NS	123	1224	G	0	0	1224	37.0
A_NS	124	1284	G	0	0	1284	35.5
A_NS	125	1162	C	0	0	1162	37.7
A_NS	126	1172	A	0	0	1172	37.1
A_NS	127	1177	T	0	0	1177	34.8
A_NS	128	1246	T	0	0	1246	37.5
A_NS	129	1183	A	0	0	1183	35.9
A_NS	130	1239	A	0	0	1239	34.3
A_NS	131	1294	A	0	0	1294	36.2
A_NS	132	1303	G	0	0	1303	35.5
A_NS	133	1270	G	0	0	1270	34.5
A_NS	134	1415	G	0	0	1415	34.8
A_NS	135	1337	A	0	0	1337	36.6
A_NS	136	1412	A	0	0	1412	36.7
A_NS	137	1442	G	0	0	1442	34.4
A_NS	138	1259	A	0	0	1259	36.1
A_NS	139	1307	G	0	0	1307	36.0
A_NS	140	1396	G	0	0	1396	36.9
A_NS	141	1303	C	0	0	1303	34.8
A_NS	142	1566	A	0	0	1566	35.7
A_NS	143	1437	G	0	0	1437	36.3
A_NS	144	1505	C	0	0	1505	35.5
A_NS	145	1572	A	0	0	1572	34.3
A_NS	146	1420	C	0	0	1420	34.8
A_NS	147	1657	A	0	0	1657	34.1
A_NS	148	1375	C	0	0	1375	36.9
A_NS	149	1673	T	0	0	1673	35.7
A_NS	150	1510	T	0	0	1510	37.6
A_NS	151	1444	G	0	0	1444	34.2
A_NS	152	1562	G	0	0	1562	34.1
A_NS	153	1468	A	0	0	1468	34.1
A_NS	154	1713	C	0	0	1713	36.6
A_NS	155	1526	T	0	0	1526	37.3
A_NS	156	1688	C	0	0	1688	34.4
A_NS	157	1604	G	0	0	1604	37.5
A_NS	158	1835	A	0	0	1835	34.3
A_NS	159	1795	C	0	0	1795	35.2
A_NS	160	2069	C	0	0	2069	36.4
A_NS	161	1897	T	0	0	1897	35.2
A_NS	162	1779	G	0	0	1779	34.0
A_NS	163	1761	C	0	0	1761	35.7
A_NS	164	2023	G	0	0	2023	34.2
A_NS	165	2003	A	0	0	2003	34.6
A_NS	166	1936	G	0	0	1936	37.6
A_NS	167	1748	T	0	0	1748	35.1
A_NS	168	2146	G	0	0	2146	34.4
A_NS	169	2048	G	0	0	2048	36.8
A_NS	170	2148	C	0	0	2148	37.9
A_NS	171	2174	C	0	0	2174	36.5
A_NS	172	1914	A	0	0	1914	34.6
A_NS	173	2099	C	0	0	2099	34.6
A_NS	174	1888	A	0	0	1888	37.1
A_NS	175	1983	A	0	0	1983	35.8
A_NS	176	1870	T	0	0	1870	36.0
A_NS	177	2007	G	0	0	2007	37.3
A_NS	178	1890	G	0	0	1890	37.0
A_NS	179	1903	A	0	0	1903	37.3
A_NS	180	2176	G	0	0	2176	35.8
A_NS	181	2003	G	0	0	2003	34.8
A_NS	182	2120	G	0	0	2120	37.4
A_NS	183	2060	C	0	0	2060	37.8
A_NS	184	2232	A	0	0	2232	35.7
A_NS	185	2143	A	0	0	2143	37.4
A_NS	186	1945	A	0	0	1945	37.9
A_NS	187	1904	A	0	0	1904	37.5
A_NS	188	2254	A	0	0	2254	35.3
A_NS	189	2047	G	0	0	2047	36.5
A_NS	190	2110	A	0	0	2110	34.6
A_NS	191	2309	T	0	0	2309	35.3
A_NS	192	2078	T	0	0	2078	36.1
A_NS	193	1978	G	0	0	1978	35.4
A_NS	194	2056	T	0	0	2056	37.7
A_NS	195	2103	T	0	0	2103	35.9
A_NS	196	2202	G	0	0	2202	35.4
A_NS	197	1914	A	0	0	1914	37.7
A_NS	198	2081	G	0	0	2081	34.1
A_NS	199	2313	G	0	0	2313	36.6
A_NS	200	2202	A	0	0	2202	35.8
A_NS	201	2197	C	0	0	2197	35.0
A_NS	202	1951	A	0	0	1951	37.9
A_NS	203	2118	T	0	0	2118	35.2
A_NS	204	1942	C	0	0	1942	35.8
A_NS	205	1966	C	0	0	1966	36.9
A_NS	206	1900	T	0	0	1900	34.7
A_NS	207	2014	A	0	0	2014	37.0
A_NS	208	1919	A	0	0	1919	37.7
A_NS	209	1902	A	0	0	1902	35.0
A_NS	210	2279	G	0	0	2279	34.5
A_NS	211	1728	A	0	0	1728	34.1
A_NS	212	1872	G	0	0	1872	37.8
A_NS	213	1893	T	0	0	1893	37.3
A_NS	214	1876	G	0	0	1876	34.3
A_NS	215	2144	A	0	0	2144	34.8
A_NS	216	2015	A	0	0	2015	36.3
A_NS	217	1761	A	0	0	1761	34.1
A_NS	218	1946	C	0	0	1946	36.8
A_NS	219	1983	G	0	0	1983	35.0
A_NS	220	1907	G	0	0	1907	34.3
A_NS	221	1619	A	0	0	1619	34.2
A_NS	222	1933	T	0	0	1933	34.8
A_NS	223	1772	G	0	0	1772	34.6
A_NS	224	1786	A	0	0	1786	37.1
A_NS	225	1769	A	0	0	1769	34.7
A_NS	226	1921	A	0	0	1921	37.9
A_NS	227	1851	A	0	0	1851	36.6
A_NS	228	1954	C	0	0	1954	35.1
A_NS	229	1855	C	0	0	1855	36.1
A_NS	230	2001	T	0	0	2001	36.1
A_NS	231	1932	C	0	0	1932	36.3
A_NS	232	1810	A	0	0	1810	35.4
A_NS	233	1920	A	0	0	1920	35.2
A_NS	234	1929	A	0	0	1929	37.3
A_NS	235	1886	A	0	0	1886	36.4
A_NS	236	1642	T	0	0	1642	36.5
A_NS	237	1919	T	0	0	1919	34.9
A_NS	238	2077	G	0	0	2077	36.3
A_NS	239	1834	C	0	0	1834	35.2
A_NS	240	2013	A	0	0	2013	37.8
A_NS	241	2006	A	0	0	2006	36.7
A_NS	242	2069	T	0	0	2069	35.5
A_NS	243	1835	T	0	0	1835	37.2
A_NS	244	1997	G	0	0	1997	37.0
A_NS	245	1991	C	0	0	1991	36.7
A_NS	246	1995	G	0	0	1995	37.4
A_NS	247	1937	T	0	0	1937	36.0
A_NS	248	2004	C	0	0	2004	34.9
A_NS	249	1884	C	0	0	1884	37.6
A_NS	250	2189	A	0	0	2189	34.3
A_NS	251	2006	G	0	0	2006	35.4
A_NS	252	1958	C	0	0	1958	35.0
A_NS	253	2068	C	0	0	2068	35.5
A_NS	254	1763	C	0	0	1763	36.9
A_NS	255	1963	T	0	0	1963	35.1
A_NS	256	1909	G	0	0	1909	36.1
A_NS	257	1904	T	0	0	1904	36.4
A_NS	258	1952	T	0	0	1952	37.3
A_NS	259	2169	C	0	0	2169	34.9
A_NS	260	2072	C	0	0	2072	35.8
A_NS	261	1983	T	0	0	1983	37.7
A_NS	262	2127	C	0	0	2127	37.0
A_NS	263	2270	G	0	0	2270	36.9
A_NS	264	1912	G	0	0	1912	34.2
A_NS	265	1856	T	0	0	1856	35.1
A_NS	266	2094	A	0	0	2094	36.3
A_NS	267	2243	C	0	0	2243	34.2
A_NS	268	1999	A	0	0	1999	36.5
A_NS	269	2199	T	0	0	2199	37.3
A_NS	270	1971	C	0	0	1971	37.5
A_NS	271	2021	A	0	0	2021	35.8
A_NS	272	2360	C	0	0	2360	34.3
A_NS	273	1876	T	0	0	1876	37.2
A_NS	274	2099	G	0	0	2099	36.3
A_NS	275	2370	A	0	0	2370	35.4
A_NS	276	2062	T	0	0	2062	36.0
A_NS	277	2225	A	0	0	2225	34.2
A_NS	278	2162	T	0	0	2162	34.1
A_NS	279	2161	G	0	0	2161	35.5
A_NS	280	2217	A	0	0	2217	34.1
A_NS	281	2385	G	0	0	2385	35.6
A_NS	282	2165	C	0	0	2165	34.3
A_NS	283	2163	A	0	0	2163	36.4
A_NS	284	2068	T	0	0	2068	35.4
A_NS	285	2180	A	0	0	2180	36.6
A_NS	286	2189	G	0	0	2189	36.7
A_NS	287	2490	A	0	0	2490	37.2
A_NS	288	2432	G	0	0	2432	36.7
A_NS	289	2106	G	0	0	2106	35.6
A_NS	290	2164	A	0	0	2164	34.1
A_NS	291	2061	A	0	0	2061	34.2
A_NS	292	2197	A	0	0	2197	35.1
A_NS	293	2403	T	0	0	2403	36.8
A_NS	294	2031	A	0	0	2031	36.4
A_NS	295	2379	A	0	0	2379	34.1
A_NS	296	2169	G	0	0	2169	37.6
A_NS	297	2142	C	0	0	2142	34.9
A_NS	298	2136	A	0	0	2136	37.0
A_NS	299	2297	G	0	0	2297	37.5
A_NS	300	2475	G	0	0	2475	37.7
A_NS	301	2253	G	0	0	2253	37.3
A_NS	302	2187	A	0	0	2187	37.1
A_NS	303	2113	G	0	0	2113	37.1
A_NS	304	2316	T	0	0	2316	37.1
A_NS	305	2098	G	0	0	2098	35.2
A_NS	306	2010	G	0	0	2010	37.1
A_NS	307	2061	T	0	0	2061	36.6
A_NS	308	2136	A	0	0	2136	36.4
A_NS	309	2025	C	0	0	2025	36.5
A_NS	310	2043	A	0	0	2043	37.9
A_NS	311	2013	T	0	0	2013	36.5
A_NS	312	2004	G	0	0	2004	36.8
A_NS	313	1974	C	0	0	1974	36.9
A_NS	314	2155	T	0	0	2155	34.1
A_NS	315	2043	C	0	0	2043	37.4
A_NS	316	1863	A	0	0	1863	36.5
A_NS	317	2060	T	0	0	2060	35.5
A_NS	318	1864	G	0	0	1864	38.0
A_NS	319	2086	C	0	0	2086	37.9
A_NS	320	1756	C	0	0	1756	37.0
A_NS	321	1585	A	0	0	1585	34.7
A_NS	322	1729	A	0	0	1729	37.5
A_NS	323	1701	G	0	0	1701	36.2
A_NS	324	1754	G	0	0	1754	35.2
A_NS	325	1673	C	0	0	1673	37.1
A_NS	326	1694	A	0	0	1694	34.6
A_NS	327	1661	G	0	0	1661	35.8
A_NS	328	1666	A	0	0	1666	36.0
A_NS	329	1637	A	0	0	1637	34.9
A_NS	330	1596	A	0	0	1596	36.6
A_NS	331	1570	A	0	0	1570	35.9
A_NS	332	1705	T	0	0	1705	37.6
A_NS	333	1523	A	0	0	1523	35.0
A_NS	334	1456	A	0	0	1456	37.2
A_NS	335	1375	C	0	0	1375	37.5
A_NS	336	1602	A	0	0	1602	34.9
A_NS	337	1616	G	0	0	1616	35.5
A_NS	338	1542	G	0	0	1542	37.9
A_NS	339	1380	G	0	0	1380	38.0
A_NS	340	1346	G	0	0	1346	35.0
A_NS	341	1373	G	0	0	1373	36.1
A_NS	342	1533	T	0	0	1533	35.9
A_NS	343	1470	C	0	0	1470	34.8
A_NS	344	1350	T	0	0	1350	37.0
A_NS	345	1332	G	0	0	1332	37.6
A_NS	346	1325	A	0	0	1325	34.6
A_NS	347	1298	T	0	0	1298	35.1
A_NS	348	1328	G	0	0	1328	37.2
A_NS	349	1406	G	0	0	1406	35.9
A_NS	350	1305	T	0	0	1305	34.1
A_NS	351	1360	G	0	0	1360	34.2
A_NS	352	1346	A	0	0	1346	37.8
A_NS	353	1199	A	0	0	1199	37.4
A_NS	354	1254	A	0	0	1254	35.2
A_NS	355	1152	A	0	0	1152	34.4
A_NS	356	1199	T	0	0	1199	37.1
A_NS	357	1185	G	0	0	1185	35.4
A_NS	358	1172	G	0	0	1172	35.4
A_NS	359	1048	A	0	0	1048	36.6
A_NS	360	1117	T	0	0	1117	34.8
A_NS	361	1194	C	0	0	1194	35.0
A_NS	362	1189	A	0	0	1189	34.5
A_NS	363	1259	G	0	0	1259	36.5
A_NS	364	1144	G	0	0	1144	34.8
A_NS	365	1242	C	0	0	1242	36.7
A_NS	366	1229	C	0	0	1229	36.9
A_NS	367	1240	A	0	0	1240	35.8
A_NS	368	1215	T	0	0	1215	36.7
A_NS	369	1119	C	0	0	1119	35.7
A_NS	370	1232	A	0	0	1232	35.5
A_NS	371	1098	T	0	0	1098	37.6
A_NS	372	1377	G	0	0	1377	35.3
A_NS	373	1207	G	0	0	1207	37.4
A_NS	374	1083	A	0	0	1083	34.4
A_NS	375	1148	C	0	0	1148	38.0
A_NS	376	1166	A	0	0	1166	34.8
A_NS	377	1224	A	0	0	1224	36.1
A_NS	378	1276	G	0	0	1276	37.8
A_NS	379	1265	A	0	0	1265	34.1
A_NS	380	1300	G	0	0	1300	36.6
A_NS	381	1324	G	0	0	1324	34.4
A_NS	382	1396	A	0	0	1396	37.3
A_NS	383	1213	T	0	0	1213	36.0
A_NS	384	1291	A	0	0	1291	34.1
A_NS	385	1350	A	0	0	1350	36.0
A_NS	386	1427	T	0	0	1427	37.5
A_NS	387	1437	A	0	0	1437	36.8
A_NS	388	1357	C	0	0	1357	34.6
A_NS	389	1319	T	0	0	1319	34.7
A_NS	390	1582	C	0	0	1582	36.4
A_NS	391	1440	A	0	0	1440	36.1
A_NS	392	1394	A	0	0	1394	35.1
A_NS	393	1429	G	0	0	1429	34.0
A_NS	394	1617	G	0	0	1617	37.2
A_NS	395	1391	C	0	0	1391	35.0
A_NS	396	1466	A	0	0	1466	35.6
A_NS	397	1540	A	0	0	1540	35.2
A_NS	398	1594	A	0	0	1594	37.7
A_NS	399	1695	C	0	0	1695	36.0
A_NS	400	1469	T	0	0	1469	34.1
A_NS	401	1407	T	0	0	1407	37.8
A_NS	402	1645	C	0	0	1645	37.4
A_NS	403	1491	T	0	0	1491	35.9
A_NS	404	1501	C	0	0	1501	35.0
A_NS	405	1736	T	0	0	1736	36.3
A_NS	406	1367	G	0	0	1367	35.7
A_NS	407	1530	T	0	0	1530	37.6
A_NS	408	1615	C	0	0	1615	37.9
A_NS	409	1547	C	0	0	1547	34.3
A_NS	410	1784	T	0	0	1784	35.4
A_NS	411	1727	A	0	0	1727	37.4
A_NS	412	1753	T	0	0	1753	37.8
A_NS	413	1610	T	0	0	1610	37.7
A_NS	414	1739	T	0	0	1739	34.4
A_NS	415	1787	A	0	0	1787	37.5
A_NS	416	1503	A	0	0	1503	36.1
A_NS	417	1858	T	0	0	1858	36.8
A_NS	418	1840	C	0	0	1840	34.3
A_NS	419	1864	A	0	0	1864	34.5
A_NS	420	1671	A	0	0	1671	36.1
A_NS	421	1705	C	0	0	1705	35.4
A_NS	422	1748	T	0	0	1748	37.0
A_NS	423	1752	G	0	0	1752	37.0
A_NS	424	1729	G	0	0	1729	37.0
A_NS	425	1876	A	0	0	1876	37.7
A_NS	426	1690	A	0	0	1690	35.7
A_NS	427	1725	A	0	0	1725	37.2
A_NS	428	1837	C	0	0	1837	34.9
A_NS	429	1572	A	0	0	1572	35.6
A_NS	430	1882	T	0	0	1882	34.8
A_NS	431	1661	T	0	0	1661	35.3
A_NS	432	1740	A	0	0	1740	34.1
A_NS	433	1944	G	0	0	1944	36.2
A_NS	434	1750	T	0	0	1750	37.5
A_NS	435	1679	C	0	0	1679	35.9
A_NS	436	1549	T	0	0	1549	34.1
A_NS	437	1856	C	0	0	1856	34.5
A_NS	438	1825	A	0	0	1825	35.2
A_NS	439	1703	C	0	0	1703	35.0
A_NS	440	1635	T	0	0	1635	36.1
A_NS	441	1631	G	0	0	1631	37.0
A_NS	442	1694	A	0	0	1694	37.7
A_NS	443	1952	G	0	0	1952	34.4
A_NS	444	1822	G	0	0	1822	37.4
A_NS	445	1713	G	0	0	1713	34.7
A_NS	446	1806	C	0	0	1806	34.4
A_NS	447	1932	T	0	0	1932	36.8
A_NS	448	1757	T	0	0	1757	36.3
A_NS	449	1853	T	0	0	1853	35.0
A_NS	450	1648	C	0	0	1648	36.3
A_NS	451	1651	A	0	0	1651	35.1
A_NS	452	1606	C	0	0	1606	35.1
A_NS	453	1691	A	0	0	1691	35.5
A_NS	454	1780	G	0	0	1780	36.9
A_NS	455	1691	A	0	0	1691	34.1
A_NS	456	1904	A	0	0	1904	35.6
A_NS	457	1720	G	0	0	1720	35.8
A_NS	458	1662	A	0	0	1662	37.4
A_NS	459	1635	T	0	0	1635	36.6
A_NS	460	1891	G	0	0	1891	34.5
A_NS	461	1593	G	0	0	1593	37.5
A_NS	462	1655	C	0	0	1655	36.9
A_NS	463	1545	G	0	0	1545	36.5
A_NS	464	1537	C	0	0	1537	34.4
A_NS	465	1749	C	0	0	1749	37.2
A_NS	466	1613	A	0	0	1613	37.2
A_NS	467	1704	T	0	0	1704	34.2
A_NS	468	1369	T	0	0	1369	36.5
A_NS	469	1520	G	0	0	1520	36.5
A_NS	470	1618	T	0	0	1618	36.7
A_NS	471	1649	G	0	0	1649	38.0
A_NS	472	1568	G	0	0	1568	35.2
A_NS	473	1928	C	0	0	1928	36.8
A_NS	474	1702	T	0	0	1702	35.4
A_NS	475	1680	G	0	0	1680	36.0
A_NS	476	1858	A	0	0	1858	35.7
A_NS	477	1731	A	0	0	1731	37.0
A_NS	478	1728	A	0	0	1728	36.1
A_NS	479	1921	T	0	0	1921	34.2
A_NS	480	1679	A	0	0	1679	35.0
A_NS	481	1664	T	0	0	1664	37.3
A_NS	482	1461	C	0	0	1461	37.5
A_NS	483	1738	T	0	0	1738	37.7
A_NS	484	1665	C	0	0	1665	35.9
A_NS	485	1785	C	0	0	1785	36.8
A_NS	486	1589	T	0	0	1589	34.0
A_NS	487	1850	A	0	0	1850	34.9
A_NS	488	1851	T	0	0	1851	34.6
A_NS	489	1646	T	0	0	1646	35.3
A_NS	490	1814	C	0	0	1814	34.7
A_NS	491	1835	C	0	0	1835	36.3
A_NS	492	2107	T	0	0	2107	35.9
A_NS	493	1791	T	0	0	1791	36.1
A_NS	494	2070	C	0	0	2070	35.8
A_NS	495	1952	C	0	0	1952	37.0
A_NS	496	1990	A	0	0	1990	37.8
A_NS	497	1767	T	0	0	1767	37.8
A_NS	498	2004	G	0	0	2004	34.2
A_NS	499	1840	C	0	0	1840	37.8
A_NS	500	2075	C	0	0	2075	36.8
A_NS	501	1914	A	0	0	1914	34.4
A_NS	502	1961	G	0	0	1961	37.1
A_NS	503	2201	G	0	0	2201	36.1
A_NS	504	1962	A	0	0	1962	34.7
A_NS	505	1916	C	0	0	1916	35.0
A_NS	506	2324	A	0	0	2324	37.5
A_NS	507	2217	T	0	0	2217	35.1
A_NS	508	2075	T	0	0	2075	36.8
A_NS	509	1830	C	0	0	1830	35.1
A_NS	510	2118	T	0	0	2118	37.6
A_NS	511	2117	A	0	0	2117	37.5
A_NS	512	2332	C	0	0	2332	37.7
A_NS	513	2480	A	0	0	2480	36.2
A_NS	514	2289	G	0	0	2289	36.3
A_NS	515	2309	A	0	0	2309	35.7
A_NS	516	2305	G	0	0	2305	36.6
A_NS	517	2220	G	0	0	2220	34.3
A_NS	518	2326	A	0	0	2326	34.1
A_NS	519	2422	T	0	0	2422	35.1
A_NS	520	2150	G	0	0	2150	35.3
A_NS	521	2351	T	0	0	2351	36.4
A_NS	522	2437	C	0	0	2437	36.4
A_NS	523	2517	A	0	0	2517	35.6
A_NS	524	2377	A	0	0	2377	34.7
A_NS	525	2534	A	0	0	2534	34.1
A_NS	526	2431	A	0	0	2431	37.9
A_NS	527	2557	A	0	0	2557	35.2
A_NS	528	2497	T	0	0	2497	34.6
A_NS	529	2430	G	0	0	2430	37.6
A_NS	530	2374	C	0	0	2374	37.3
A_NS	531	2214	A	0	0	2214	36.0
A_NS	532	2474	A	0	0	2474	36.4
A_NS	533	2456	T	0	0	2456	37.1
A_NS	534	2438	T	0	0	2438	35.5
A_NS	535	2210	G	0	0	2210	36.4
A_NS	536	2515	G	0	0	2515	35.7
A_NS	537	2378	A	0	0	2378	34.3
A_NS	538	2526	A	0	0	2526	36.6
A_NS	539	2335	T	0	0	2335	35.9
A_NS	540	2113	C	0	0	2113	36.0
A_NS	541	2569	C	0	0	2569	36.0
A_NS	542	2371	T	0	0	2371	35.6
A_NS	543	2095	C	0	0	2095	34.7
A_NS	544	2638	A	0	0	2638	34.7
A_NS	545	2292	T	0	0	2292	34.8
A_NS	546	2354	C	0	0	2354	37.7
A_NS	547	2323	G	0	0	2323	35.9
A_NS	548	2259	G	0	0	2259	36.4
A_NS	549	2358	T	0	0	2358	36.1
A_NS	550	2375	G	0	0	2375	34.3
A_NS	551	2338	G	0	0	2338	35.4
A_NS	552	2141	A	0	0	2141	34.3
A_NS	553	2113	C	0	0	2113	36.4
A_NS	554	2205	T	0	0	2205	34.3
A_NS	555	2150	T	0	0	2150	36.5
A_NS	556	2461	G	0	0	2461	36.9
A_NS	557	2260	A	0	0	2260	35.2
A_NS	558	2048	A	0	0	2048	36.7
A_NS	559	2438	T	0	0	2438	37.0
A_NS	560	2207	G	0	0	2207	34.1
A_NS	561	2231	G	0	0	2231	34.1
A_NS	562	2051	A	0	0	2051	37.1
A_NS	563	1965	A	0	0	1965	36.5
A_NS	564	2158	T	0	0	2158	37.8
A_NS	565	2066	G	0	0	2066	35.9
A_NS	566	2290	A	0	0	2290	35.9
A_NS	567	1929	T	0	0	1929	36.7
A_NS	568	2049	A	0	0	2049	36.9
A_NS	569	1882	A	0	0	1882	36.4
A_NS	570	1991	C	0	0	1991	36.0
A_NS	571	1991	T	0	0	1991	35.4
A_NS	572	1815	C	0	0	1815	37.6
A_NS	573	1860	A	0	0	1860	36.3
A_NS	574	1679	A	0	0	1679	37.6
A_NS	575	1942	T	0	0	1942	35.9
A_NS	576	1798	T	0	0	1798	36.2
A_NS	577	1799	C	0	0	1799	37.8
A_NS	578	1753	G	0	0	1753	35.7
A_NS	579	1874	A	0	0	1874	35.1
A_NS	580	1793	G	0	0	1793	37.4
A_NS	581	1861	C	0	0	1861	34.4
A_NS	582	1714	G	0	0	1714	34.1
A_NS	583	1782	T	0	0	1782	36.9
A_NS	584	1788	C	0	0	1788	35.1
A_NS	585	1601	T	0	0	1601	35.3
A_NS	586	1645	G	0	0	1645	37.4
A_NS	587	1651	A	0	0	1651	34.6
A_NS	588	1802	A	0	0	1802	34.4
A_NS	589	1458	A	0	0	1458	37.8
A_NS	590	1572	A	0	0	1572	36.1
A_NS	591	1614	T	0	0	1614	35.8
A_NS	592	1746	A	0	0	1746	35.6
A_NS	593	1466	T	0	0	1466	35.8
A_NS	594	1602	A	0	0	1602	35.6
A_NS	595	1570	C	0	0	1570	34.3
A_NS	596	1524	A	0	0	1524	36.3
A_NS	597	1463	G	0	0	1463	36.2
A_NS	598	1587	A	0	0	1587	34.5
A_NS	599	1264	G	0	0	1264	36.8
A_NS	600	1453	A	0	0	1453	34.8
A_NS	601	1432	T	0	0	1432	36.0
A_NS	602	1458	T	0	0	1458	34.4
A_NS	603	1315	C	0	0	1315	34.1
A_NS	604	1455	G	0	0	1455	35.0
A_NS	605	1451	C	0	0	1451	34.2
A_NS	606	1388	T	0	0	1388	35.5
A_NS	607	1447	T	0	0	1447	37.0
A_NS	608	1554	G	0	0	1554	37.8
A_NS	609	1393	G	0	0	1393	35.7
A_NS	610	1554	G	0	0	1554	34.6
A_NS	611	1469	G	0	0	1469	36.2
A_NS	612	1356	A	0	0	1356	34.5
A_NS	613	1429	G	0	0	1429	34.2
A_NS	614	1545	T	0	0	1545	34.6
A_NS	615	1522	C	0	0	1522	36.1
A_NS	616	1318	C	0	0	1318	36.8
A_NS	617	1482	G	0	0	1482	35.2
A_NS	618	1472	T	0	0	1472	36.8
A_NS	619	1361	G	0	0	1361	35.1
A_NS	620	1576	A	0	0	1576	34.7
A_NS	621	1382	T	0	0	1382	34.4
A_NS	622	1493	G	0	0	1493	36.8
A_NS	623	1473	A	0	0	1473	37.3
A_NS	624	1620	G	0	0	1620	35.1
A_NS	625	1314	A	0	0	1314	34.7
A_NS	626	1504	A	0	0	1504	35.3
A_NS	627	1444	T	0	0	1444	37.8
A_NS	628	1481	G	0	0	1481	35.4
A_NS	629	1611	G	0	0	1611	34.7
A_NS	630	1503	G	0	0	1503	34.3
A_NS	631	1673	G	0	0	1673	37.4
A_NS	632	1502	G	0	0	1502	37.7
A_NS	633	1569	A	0	0	1569	35.8
A_NS	634	1565	C	0	0	1565	37.5
A_NS	635	1624	C	0	0	1624	37.5
A_NS	636	1681	T	0	0	1681	37.1
A_NS	637	1557	C	0	0	1557	35.5
A_NS	638	1541	C	0	0	1541	34.1
A_NS	639	1590	A	0	0	1590	37.3
A_NS	640	1592	C	0	0	1592	36.1
A_NS	641	1580	T	0	0	1580	36.3
A_NS	642	1599	C	0	0	1599	34.1
A_NS	643	1584	C	0	0	1584	36.4
A_NS	644	1826	C	0	0	1826	36.5
A_NS	645	1568	T	0	0	1568	35.2
A_NS	646	1722	C	0	0	1722	37.4
A_NS	647	1664	C	0	0	1664	37.3
A_NS	648	1839	A	0	0	1839	37.1
A_NS	649	1657	A	0	0	1657	37.6
A_NS	650	1634	A	0	0	1634	34.9
A_NS	651	1644	G	0	0	1644	36.5
A_NS	652	1863	C	0	0	1863	35.7
A_NS	653	1756	A	0	0	1756	36.3
A_NS	654	1654	G	0	0	1654	34.8
A_NS	655	1604	A	0	0	1604	35.0
A_NS	656	1725	A	0	0	1725	37.7
A_NS	657	1627	A	0	0	1627	37.8
A_NS	658	1569	C	0	0	1569	35.7
A_NS	659	1482	G	0	0	1482	35.1
A_NS	660	1724	C	0	0	1724	36.6
A_NS	661	1519	T	0	0	1519	35.4
A_NS	662	1636	A	0	0	1636	36.7
A_NS	663	1620	C	0	0	1620	34.8
A_NS	664	1769	A	0	0	1769	35.8
A_NS	665	1523	T	0	0	1523	36.4
A_NS	666	1655	G	0	0	1655	35.4
A_NS	667	1634	G	0	0	1634	35.0
A_NS	668	1488	C	0	0	1488	37.3
A_NS	669	1507	G	0	0	1507	35.1
A_NS	670	1656	A	0	0	1656	34.0
A_NS	671	1577	G	0	0	1577	36.7
A_NS	672	1664	A	0	0	1664	38.0
A_NS	673	1554	A	0	0	1554	37.7
A_NS	674	1522	G	0	0	1522	34.7
A_NS	675	1581	A	0	0	1581	37.3
A_NS	676	1660	G	0	0	1660	35.7
A_NS	677	1536	T	0	0	1536	36.3
A_NS	678	1575	T	0	0	1575	34.9
A_NS	679	1508	G	0	0	1508	34.5
A_NS	680	1498	A	0	0	1498	35.1
A_NS	681	1472	G	0	0	1472	36.2
A_NS	682	1484	T	0	0	1484	36.1
A_NS	683	1511	C	0	0	1511	34.3
A_NS	684	1490	A	0	0	1490	36.4
A_NS	685	1584	G	0	0	1584	37.2
A_NS	686	1450	A	0	0	1450	36.5
A_NS	687	1565	A	0	0	1565	36.0
A_NS	688	1598	G	0	0	1598	34.7
A_NS	689	1615	T	0	0	1615	36.3
A_NS	690	1284	T	0	0	1284	36.9
A_NS	691	1441	T	0	0	1441	35.8
A_NS	692	1424	G	0	0	1424	35.8
A_NS	693	1396	A	0	0	1396	34.5
A_NS	694	1390	A	0	0	1390	35.6
A_NS	695	1337	G	0	0	1337	35.1
A_NS	696	1296	A	0	0	1296	34.7
A_NS	697	1359	G	0	0	1359	38.0
A_NS	698	1337	A	0	0	1337	36.4
A_NS	699	1360	T	0	0	1360	35.6
A_NS	700	1327	C	0	0	1327	36.4
A_NS	701	1394	A	0	0	1394	34.3
A_NS	702	1442	G	0	0	1442	36.4
A_NS	703	1351	A	0	0	1351	38.0
A_NS	704	1332	T	0	0	1332	36.5
A_NS	705	1321	G	0	0	1321	37.7
A_NS	706	1477	G	0	0	1477	37.1
A_NS	707	1410	C	0	0	1410	37.1
A_NS	708	1225	T	0	0	1225	35.4
A_NS	709	1276	A	0	0	1276	35.9
A_NS	710	1449	A	0	0	1449	35.5
A_NS	711	1324	T	0	0	1324	37.2
A_NS	712	1195	T	0	0	1195	35.9
A_NS	713	1425	G	0	0	1425	37.2
A_NS	714	1416	C	0	0	1416	35.7
A_NS	715	1351	A	0	0	1351	37.0
A_NS	716	1282	G	0	0	1282	37.7
A_NS	717	1607	A	0	0	1607	37.1
A_NS	718	1338	G	0	0	1338	36.3
A_NS	719	1378	T	0	0	1378	34.3
A_NS	720	1193	G	0	0	1193	36.3
A_NS	721	1455	C	0	0	1455	37.7
A_NS	722	1419	A	0	0	1419	36.4
A_NS	723	1528	G	0	0	1528	37.9
A_NS	724	1458	A	0	0	1458	35.1
A_NS	725	1367	A	0	0	1367	37.7
A_NS	726	1446	A	0	0	1446	34.0
A_NS	727	1401	C	0	0	1401	36.9
A_NS	728	1398	A	0	0	1398	34.1
A_NS	729	1531	T	0	0	1531	37.3
A_NS	730	1587	A	0	0	1587	34.2
A_NS	731	1609	T	0	0	1609	35.1
A_NS	732	1467	T	0	0	1467	36.6
A_NS	733	1535	A	0	0	1535	36.8
A_NS	734	1639	A	0	0	1639	34.0
A_NS	735	1530	C	0	0	1530	35.0
A_NS	736	1442	C	0	0	1442	37.1
A_NS	737	1805	A	0	0	1805	35.9
A_NS	738	1642	A	0	0	1642	34.2
A_NS	739	1681	A	0	0	1681	36.1
A_NS	740	1660	A	0	0	1660	36.1
A_NS	741	1745	C	0	0	1745	36.6
A_NS	742	1728	T	0	0	1728	34.6
A_NS	743	1808	G	0	0	1808	36.9
A_NS	744	1869	A	0	0	1869	36.0
A_NS	745	1755	G	0	0	1755	36.3
A_NS	746	1761	A	0	0	1761	34.6
A_NS	747	1781	A	0	0	1781	34.0
A_NS	748	1842	C	0	0	1842	35.7
A_NS	749	1830	A	0	0	1830	34.4
A_NS	750	1973	G	0	0	1973	36.3
A_NS	751	2079	C	0	0	2079	35.7
A_NS	752	1986	T	0	0	1986	35.2
A_NS	753	2059	T	0	0	2059	36.3
A_NS	754	2206	C	0	0	2206	35.4
A_NS	755	1839	G	0	0	1839	37.0
A_NS	756	2005	A	0	0	2005	37.0
A_NS	757	1888	G	0	0	1888	35.9
A_NS	758	1960	C	0	0	1960	37.4
A_NS	759	2202	A	0	0	2202	38.0
A_NS	760	2233	G	0	0	2233	37.0
A_NS	761	2158	A	0	0	2158	38.0
A_NS	762	2184	T	0	0	2184	36.5
A_NS	763	2336	A	0	0	2336	36.7
A_NS	764	2291	A	0	0	2291	37.9
A_NS	765	2186	C	0	0	2186	34.8
A_NS	766	2296	G	0	0	2296	37.6
A_NS	767	2339	T	0	0	2339	36.6
A_NS	768	2250	T	0	0	2250	35.6
A_NS	769	2158	C	0	0	2158	34.3
A_NS	770	2286	T	0	0	2286	37.9
A_NS	771	2567	T	0	0	2567	34.3
A_NS	772	2170	G	0	0	2170	34.3
A_NS	773	2299	C	0	0	2299	36.8
A_NS	774	2113	A	0	0	2113	35.5
A_NS	775	2160	G	0	0	2160	35.4
A_NS	776	2279	G	0	0	2279	36.1
A_NS	777	2061	C	0	0	2061	37.7
A_NS	778	2364	A	0	0	2364	34.9
A_NS	779	2450	T	0	0	2450	34.2
A_NS	780	2479	T	0	0	2479	37.0
A_NS	781	2411	G	0	0	2411	36.4
A_NS	782	2397	C	0	0	2397	35.8
A_NS	783	2327	A	0	0	2327	37.2
A_NS	784	2539	A	0	0	2539	37.1
A_NS	785	2477	C	0	0	2477	34.6
A_NS	786	2136	T	0	0	2136	34.6
A_NS	787	2493	T	0	0	2493	37.1
A_NS	788	2344	T	0	0	2344	34.9
A_NS	789	2210	T	0	0	2210	37.3
A_NS	790	2222	A	0	0	2222	36.6
A_NS	791	2238	C	0	0	2238	37.1
A_NS	792	2172	T	0	0	2172	35.6
A_NS	793	2179	T	0	0	2179	34.0
A_NS	794	1909	G	0	0	1909	34.8
A_NS	795	2114	A	0	0	2114	34.7
A_NS	796	1708	G	0	0	1708	34.4
A_NS	797	1925	G	0	0	1925	36.1
A_NS	798	1711	T	0	0	1711	37.6
A_NS	799	2108	T	0	0	2108	34.8
A_NS	800	1690	G	0	0	1690	37.8
A_NS	801	1708	A	0	0	1708	35.8
A_NS	802	1410	G	0	0	1410	34.8
A_NS	803	1484	A	0	0	1484	34.9
A_NS	804	1521	G	0	0	1521	35.1
A_NS	805	1341	T	0	0	1341	34.3
A_NS	806	1449	G	0	0	1449	34.2
A_NS	807	1356	A	0	0	1356	35.7
A_NS	808	1287	G	0	0	1287	36.8
A_NS	809	1344	A	0	0	1344	37.3
A_NS	810	1258	T	0	0	1258	34.4
A_NS	811	1068	A	0	0	1068	37.1
A_NS	812	1101	A	0	0	1101	36.5
A_NS	813	1002	G	0	0	1002	37.4
A_NS	814	1064	G	0	0	1064	38.0
A_NS	815	852	A	0	0	852	34.4
A_NS	816	885	C	0	0	885	35.2
A_NS	817	835	A	0	0	835	35.8
A_NS	818	786	T	0	0	786	36.1
A_NS	819	751	T	0	0	751	37.4
A_NS	820	691	T	0	0	691	37.3
A_NS	821	675	T	0	0	675	35.0
A_NS	822	611	C	0	0	611	36.4
A_NS	823	587	T	0	0	587	36.3
A_NS	824	536	T	0	0	536	35.1
A_NS	825	466	T	0	0	466	35.4
A_NS	826	430	T	0	0	430	37.4
A_NS	827	395	C	0	0	395	37.8
A_NS	828	388	A	0	0	388	34.4
A_NS	829	322	G	0	0	322	36.0
A_NS	830	282	C	0	0	282	35.3
A_NS	831	244	T	0	0	244	37.2
A_NS	832	204	T	0	0	204	34.8
A_NS	833	171	A	0	0	171	35.7
A_NS	834	141	T	0	0	141	35.0
A_NS	835	120	T	0	0	120	34.6
A_NS	836	70	T	0	0	70	37.8
A_NS	837	34	A	0	0	34	36.9
A_NS	838	0	G	0	0	0	34.2
