Reference_Name	Position	Coverage Depth	Consensus	Deletions	Ambiguous	Consensus_Count	Consensus_Average_Quality
A_PA	1	20	A	0	0	20	34.9
A_PA	2	40	T	0	0	40	36.6
A_PA	3	59	G	0	0	59	37.7
A_PA	4	74	G	0	0	74	34.5
A_PA	5	100	A	0	0	100	34.1
A_PA	6	106	A	0	0	106	37.0
A_PA	7	146	G	0	0	146	37.3
A_PA	8	143	A	0	0	143	35.5
A_PA	9	189	C	0	0	189	36.3
A_PA	10	180	T	0	0	180	34.4
A_PA	11	198	T	0	0	198	36.3
A_PA	12	230	T	0	0	230	35.1
A_PA	13	249	G	0	0	249	38.0
A_PA	14	242	T	0	0	242	34.2
A_PA	15	294	G	0	0	294	34.2
A_PA	16	318	C	0	0	318	35.8
A_PA	17	372	G	0	0	372	37.0
A_PA	18	319	A	0	0	319	34.6
A_PA	19	323	C	0	0	323	35.2
A_PA	20	361	A	0	0	361	34.1
A_PA	21	414	A	0	0	414	35.5
A_PA	22	406	T	0	0	406	36.0
A_PA	23	467	G	0	0	467	35.4
A_PA	24	430	C	0	0	430	37.0
A_PA	25	435	T	0	0	435	35.1
A_PA	26	477	T	0	0	477	34.4
A_PA	27	507	C	0	0	507	34.9
A_PA	28	536	A	0	0	536	34.6
A_PA	29	513	A	0	0	513	35.8
A_PA	30	530	T	0	0	530	36.7
A_PA	31	560	C	0	0	560	37.1
A_PA	32	588	C	0	0	588	34.4
A_PA	33	521	A	0	0	521	37.9
A_PA	34	639	A	0	0	639	34.0
A_PA	35	634	T	0	0	634	34.3
A_PA	36	606	G	0	0	606	35.6
A_PA	37	717	A	0	0	717	35.0
A_PA	38	728	T	0	0	728	36.0
A_PA	39	697	T	0	0	697	34.6
A_PA	40	740	G	0	0	740	36.2
A_PA	41	814	T	0	0	814	35.3
A_PA	42	764	C	0	0	764	38.0
A_PA	43	755	G	0	0	755	37.0
A_PA	44	799	A	0	0	799	34.6
A_PA	45	790	G	0	0	790	35.0
A_PA	46	923	C	0	0	923	37.6
A_PA	47	907	T	0	0	907	36.7
A_PA	48	887	T	0	0	887	37.9
A_PA	49	933	G	0	0	933	35.8
A_PA	50	874	C	0	0	874	34.9
A_PA	51	931	G	0	0	931	35.1
A_PA	52	993	G	0	0	993	37.7
A_PA	53	1037	A	0	0	1037	36.0
A_PA	54	1012	A	0	0	1012	36.9
A_PA	55	1073	A	0	0	1073	34.5
A_PA	56	1016	A	0	0	1016	36.6
A_PA	57	1090	A	0	0	1090	36.4
A_PA	58	1148	G	0	0	1148	34.0
A_PA	59	1151	C	0	0	1151	35.5
A_PA	60	1061	A	0	0	1061	34.2
A_PA	61	1046	A	0	0	1046	36.3
A_PA	62	1137	T	0	0	1137	36.7
A_PA	63	1128	G	0	0	1128	37.5
A_PA	64	1218	A	0	0	1218	34.2
A_PA	65	1267	A	0	0	1267	37.3
A_PA	66	1234	A	0	0	1234	35.3
A_PA	67	1314	G	0	0	1314	36.2
A_PA	68	1251	A	0	0	1251	35.6
A_PA	69	1376	A	0	0	1376	37.4
A_PA	70	1359	T	0	0	1359	37.1
A_PA	71	1217	A	0	0	1217	34.9
A_PA	72	1117	T	0	0	1117	37.8
A_PA	73	1293	G	0	0	1293	36.1
A_PA	74	1430	G	0	0	1430	36.4
A_PA	75	1512	G	0	0	1512	36.7
A_PA	76	1349	G	0	0	1349	36.4
A_PA	77	1310	A	0	0	1310	34.9
A_PA	78	1336	A	0	0	1336	37.8
A_PA	79	1308	G	0	0	1308	37.3
A_PA	80	1421	A	0	0	1421	35.6
A_PA	81	1380	T	0	0	1380	36.4
A_PA	82	1600	C	0	0	1600	36.2
A_PA	83	1659	C	0	0	1659	34.8
A_PA	84	1605	G	0	0	1605	37.9
A_PA	85	1495	A	0	0	1495	35.8
A_PA	86	1679	A	0	0	1679	37.2
A_PA	87	1507	A	0	0	1507	36.4
A_PA	88	1528	A	0	0	1528	35.4
A_PA	89	1635	T	0	0	1635	37.8
A_PA	90	1534	C	0	0	1534	34.2
A_PA	91	1540	G	0	0	1540	37.1
A_PA	92	1694	A	0	0	1694	37.6
A_PA	93	1753	G	0	0	1753	37.9
A_PA	94	1493	A	0	0	1493	34.4
A_PA	95	1664	C	0	0	1664	35.3
A_PA	96	1591	A	0	0	1591	35.2
A_PA	97	1567	A	0	0	1567	34.7
A_PA	98	1748	A	0	0	1748	35.3
A_PA	99	1603	C	0	0	1603	37.4
A_PA	100	1778	A	0	0	1778	37.2
A_PA	101	1766	A	0	0	1766	36.6
A_PA	102	1711	A	0	0	1711	37.1
A_PA	103	1797	T	0	0	1797	35.7
A_PA	104	1735	T	0	0	1735	34.1
A_PA	105	1788	T	0	0	1788	35.0
A_PA	106	1905	G	0	0	1905	37.3
A_PA	107	2053	C	0	0	2053	36.7
A_PA	108	1781	C	0	0	1781	37.6
A_PA	109	1824	G	0	0	1824	35.8
A_PA	110	2085	C	0	0	2085	35.9
A_PA	111	1878	A	0	0	1878	37.6
A_PA	112	1951	A	0	0	1951	36.3
A_PA	113	1944	T	0	0	1944	34.9
A_PA	114	2166	A	0	0	2166	37.3
A_PA	115	2041	T	0	0	2041	35.2
A_PA	116	1973	G	0	0	1973	36.7
A_PA	117	1943	C	0	0	1943	37.6
A_PA	118	1959	A	0	0	1959	36.0
A_PA	119	2127	C	0	0	2127	34.1
A_PA	120	2202	A	0	0	2202	37.4
A_PA	121	2147	C	0	0	2147	36.9
A_PA	122	1913	A	0	0	1913	34.5
A_PA	123	2013	C	0	0	2013	36.2
A_PA	124	2070	T	0	0	2070	34.1
A_PA	125	2245	T	0	0	2245	38.0
A_PA	126	2043	A	0	0	2043	34.4
A_PA	127	2211	G	0	0	2211	34.4
A_PA	128	2222	A	0	0	2222	34.2
A_PA	129	2151	A	0	0	2151	35.0
A_PA	130	2477	G	0	0	2477	37.2
A_PA	131	2158	T	0	0	2158	37.6
A_PA	132	2094	C	0	0	2094	35.2
A_PA	133	2340	T	0	0	2340	36.1
A_PA	134	2155	G	0	0	2155	34.4
A_PA	135	2366	T	0	0	2366	37.7
A_PA	136	2233	T	0	0	2233	36.2
A_PA	137	2235	T	0	0	2235	35.2
A_PA	138	2171	C	0	0	2171	36.4
A_PA	139	2564	A	0	0	2564	36.2
A_PA	140	2478	T	0	0	2478	34.6
A_PA	141	2322	G	0	0	2322	36.2
A_PA	142	2285	T	0	0	2285	35.9
A_PA	143	2394	A	0	0	2394	34.1
A_PA	144	2330	T	0	0	2330	34.1
A_PA	145	2452	T	0	0	2452	37.0
A_PA	146	2365	C	0	0	2365	36.4
A_PA	147	2178	G	0	0	2178	35.7
A_PA	148	2326	G	0	0	2326	37.1
A_PA	149	2343	A	0	0	2343	37.4
A_PA	150	2392	T	0	0	2392	37.5
A_PA	151	2270	T	0	0	2270	35.1
A_PA	152	2375	T	0	0	2375	35.7
A_PA	153	2163	C	0	0	2163	36.8
A_PA	154	2471	C	0	0	2471	36.5
A_PA	155	2242	A	0	0	2242	36.6
A_PA	156	2460	T	0	0	2460	35.0
A_PA	157	2492	T	0	0	2492	36.7
A_PA	158	2222	T	0	0	2222	37.1
A_PA	159	2412	T	0	0	2412	35.2
A_PA	160	2324	A	0	0	2324	37.4
A_PA	161	2296	T	0	0	2296	36.3
A_PA	162	2449	T	0	0	2449	36.6
A_PA	163	2243	G	0	0	2243	37.2
A_PA	164	2469	A	0	0	2469	37.8
A_PA	165	2312	T	0	0	2312	34.2
A_PA	166	2235	G	0	0	2235	37.5
A_PA	167	2724	A	0	0	2724	35.9
A_PA	168	2536	A	0	0	2536	37.6
A_PA	169	2546	C	0	0	2546	36.5
A_PA	170	2278	G	0	0	2278	35.8
A_PA	171	2430	A	0	0	2430	35.6
A_PA	172	2411	G	0	0	2411	34.7
A_PA	173	2333	G	0	0	2333	35.2
A_PA	174	2482	C	0	0	2482	37.7
A_PA	175	2132	G	0	0	2132	34.9
A_PA	176	2317	A	0	0	2317	35.4
A_PA	177	2318	A	0	0	2318	37.2
A_PA	178	2595	T	0	0	2595	34.6
A_PA	179	2346	C	0	0	2346	38.0
A_PA	180	2436	A	0	0	2436	34.9
A_PA	181	2431	A	0	0	2431	37.5
A_PA	182	2226	T	0	0	2226	35.8
A_PA	183	2201	G	0	0	2201	35.7
A_PA	184	2456	A	0	0	2456	36.6
A_PA	185	2288	T	0	0	2288	37.2
A_PA	186	2488	T	0	0	2488	35.9
A_PA	187	2400	G	0	0	2400	37.2
A_PA	188	2604	T	0	0	2604	36.8
A_PA	189	2338	A	0	0	2338	36.2
A_PA	190	2606	G	0	0	2606	35.4
A_PA	191	2644	A	0	0	2644	37.9
A_PA	192	2343	A	0	0	2343	34.5
A_PA	193	2448	T	0	0	2448	34.5
A_PA	194	2489	C	0	0	2489	34.7
A_PA	195	2500	T	0	0	2500	36.6
A_PA	196	2709	G	0	0	2709	37.2
A_PA	197	2417	G	0	0	2417	36.2
A_PA	198	2312	C	0	0	2312	35.1
A_PA	199	2552	G	0	0	2552	34.2
A_PA	200	2857	A	0	0	2857	37.6
A_PA	201	2686	T	0	0	2686	36.0
A_PA	202	2545	C	0	0	2545	34.7
A_PA	203	2640	C	0	0	2640	36.8
A_PA	204	2415	A	0	0	2415	35.6
A_PA	205	2636	A	0	0	2636	35.0
A_PA	206	2727	A	0	0	2727	35.0
A_PA	207	2332	T	0	0	2332	37.4
A_PA	208	2532	G	0	0	2532	37.5
A_PA	209	2809	C	0	0	2809	35.0
A_PA	210	2510	A	0	0	2510	37.9
A_PA	211	2446	T	0	0	2446	36.9
A_PA	212	2894	T	0	0	2894	35.8
A_PA	213	2461	A	0	0	2461	36.6
A_PA	214	2630	T	0	0	2630	37.9
A_PA	215	2748	T	0	0	2748	37.6
A_PA	216	2420	G	0	0	2420	37.3
A_PA	217	2973	A	0	0	2973	37.4
A_PA	218	2790	A	0	0	2790	34.8
A_PA	219	2565	A	0	0	2565	37.0
A_PA	220	2596	C	0	0	2596	37.2
A_PA	221	2817	A	0	0	2817	37.2
A_PA	222	2905	C	0	0	2905	35.4
A_PA	223	2692	C	0	0	2692	34.7
A_PA	224	2745	G	0	0	2745	36.8
A_PA	225	2789	A	0	0	2789	34.0
A_PA	226	2666	T	0	0	2666	35.9
A_PA	227	2585	T	0	0	2585	37.0
A_PA	228	2609	T	0	0	2609	37.7
A_PA	229	2848	G	0	0	2848	35.9
A_PA	230	2667	A	0	0	2667	37.0
A_PA	231	2567	G	0	0	2567	34.4
A_PA	232	2549	A	0	0	2549	37.8
A_PA	233	2874	T	0	0	2874	35.4
A_PA	234	2882	A	0	0	2882	35.2
A_PA	235	2735	A	0	0	2735	35.0
A_PA	236	2489	T	0	0	2489	36.2
A_PA	237	2571	C	0	0	2571	35.6
A_PA	238	2441	G	0	0	2441	36.3
A_PA	239	2477	A	0	0	2477	35.2
A_PA	240	2798	A	0	0	2798	36.5
A_PA	241	2699	G	0	0	2699	37.7
A_PA	242	2651	G	0	0	2651	37.9
A_PA	243	2784	G	0	0	2784	34.2
A_PA	244	2694	A	0	0	2694	34.5
A_PA	245	2678	G	0	0	2678	34.7
A_PA	246	2467	A	0	0	2467	36.2
A_PA	247	2619	G	0	0	2619	36.4
A_PA	248	2728	A	0	0	2728	35.9
A_PA	249	2845	C	0	0	2845	35.3
A_PA	250	2995	C	0	0	2995	35.7
A_PA	251	2767	G	0	0	2767	35.1
A_PA	252	2721	A	0	0	2721	36.3
A_PA	253	2537	G	0	0	2537	36.9
A_PA	254	2928	C	0	0	2928	36.5
A_PA	255	2665	A	0	0	2665	36.8
A_PA	256	2950	A	0	0	2950	37.3
A_PA	257	2543	T	0	0	2543	35.0
A_PA	258	2404	G	0	0	2404	36.6
A_PA	259	2718	G	0	0	2718	37.6
A_PA	260	2424	C	0	0	2424	35.4
A_PA	261	2827	C	0	0	2827	36.2
A_PA	262	2675	T	0	0	2675	36.4
A_PA	263	2890	G	0	0	2890	37.4
A_PA	264	2681	G	0	0	2681	35.2
A_PA	265	2854	A	0	0	2854	37.0
A_PA	266	2619	C	0	0	2619	37.1
A_PA	267	2810	A	0	0	2810	37.6
A_PA	268	2700	G	0	0	2700	34.5
A_PA	269	2964	T	0	0	2964	36.1
A_PA	270	2575	G	0	0	2575	34.9
A_PA	271	2757	G	0	0	2757	34.8
A_PA	272	2766	T	0	0	2766	37.2
A_PA	273	2865	G	0	0	2865	37.1
A_PA	274	2985	A	0	0	2985	36.4
A_PA	275	3213	A	0	0	3213	35.8
A_PA	276	2466	T	0	0	2466	35.9
A_PA	277	2372	A	0	0	2372	37.9
A_PA	278	2734	G	0	0	2734	37.6
A_PA	279	2952	T	0	0	2952	37.1
A_PA	280	2714	A	0	0	2714	35.0
A_PA	281	2760	T	0	0	2760	34.5
A_PA	282	2750	C	0	0	2750	37.5
A_PA	283	2579	T	0	0	2579	37.1
A_PA	284	2711	G	0	0	2711	34.2
A_PA	285	2503	C	0	0	2503	34.8
A_PA	286	2977	A	0	0	2977	35.5
A_PA	287	2692	A	0	0	2692	36.5
A_PA	288	2906	C	0	0	2906	35.0
A_PA	289	2600	A	0	0	2600	35.2
A_PA	290	2774	C	0	0	2774	36.7
A_PA	291	2546	C	0	0	2546	34.4
A_PA	292	2568	A	0	0	2568	35.3
A_PA	293	2467	C	0	0	2467	36.0
A_PA	294	2660	A	0	0	2660	34.1
A_PA	295	2710	G	0	0	2710	37.0
A_PA	296	2610	G	0	0	2610	36.2
A_PA	297	2493	G	0	0	2493	37.3
A_PA	298	2568	G	0	0	2568	36.3
A_PA	299	2795	T	0	0	2795	37.6
A_PA	300	2704	C	0	0	2704	35.4
A_PA	301	2669	G	0	0	2669	37.5
A_PA	302	2411	A	0	0	2411	37.9
A_PA	303	2461	A	0	0	2461	37.3
A_PA	304	2504	A	0	0	2504	36.9
A_PA	305	2535	A	0	0	2535	35.6
A_PA	306	2645	G	0	0	2645	35.0
A_PA	307	2516	C	0	0	2516	34.3
A_PA	308	2565	C	0	0	2565	35.5
A_PA	309	2297	C	0	0	2297	37.6
A_PA	310	2409	A	0	0	2409	34.1
A_PA	311	2254	A	0	0	2254	36.4
A_PA	312	2489	A	0	0	2489	35.6
A_PA	313	2623	T	0	0	2623	34.8
A_PA	314	2386	T	0	0	2386	37.4
A_PA	315	2336	C	0	0	2336	37.0
A_PA	316	2174	C	0	0	2174	36.2
A_PA	317	2084	T	0	0	2084	36.5
A_PA	318	2500	C	0	0	2500	36.2
A_PA	319	2317	C	0	0	2317	36.1
A_PA	320	2263	C	0	0	2263	36.5
A_PA	321	2282	T	0	0	2282	37.4
A_PA	322	2411	G	0	0	2411	36.7
A_PA	323	2496	A	0	0	2496	38.0
A_PA	324	2493	T	0	0	2493	35.8
A_PA	325	2172	T	0	0	2172	37.9
A_PA	326	2293	T	0	0	2293	36.1
A_PA	327	2344	G	0	0	2344	35.4
A_PA	328	2309	T	0	0	2309	35.7
A_PA	329	2378	A	0	0	2378	35.6
A_PA	330	2195	T	0	0	2195	36.4
A_PA	331	2250	G	0	0	2250	37.0
A_PA	332	2260	A	0	0	2260	36.2
A_PA	333	2285	C	0	0	2285	35.8
A_PA	334	2217	T	0	0	2217	34.9
A_PA	335	2305	A	0	0	2305	35.4
A_PA	336	2057	C	0	0	2057	34.2
A_PA	337	2216	A	0	0	2216	37.7
A_PA	338	2355	A	0	0	2355	36.3
A_PA	339	2420	A	0	0	2420	34.3
A_PA	340	2085	G	0	0	2085	36.4
A_PA	341	2090	A	0	0	2090	36.9
A_PA	342	2176	G	0	0	2176	36.8
A_PA	343	2509	A	0	0	2509	34.6
A_PA	344	2207	A	0	0	2207	35.6
A_PA	345	2256	C	0	0	2256	36.7
A_PA	346	2284	C	0	0	2284	34.4
A_PA	347	2402	G	0	0	2402	36.7
A_PA	348	2040	A	0	0	2040	36.8
A_PA	349	2222	T	0	0	2222	35.1
A_PA	350	2206	T	0	0	2206	37.7
A_PA	351	2376	C	0	0	2376	36.2
A_PA	352	2167	A	0	0	2167	37.8
A_PA	353	2046	T	0	0	2046	37.4
A_PA	354	2086	T	0	0	2086	36.9
A_PA	355	2129	G	0	0	2129	37.1
A_PA	356	1986	A	0	0	1986	36.1
A_PA	357	1765	A	0	0	1765	34.9
A_PA	358	1880	A	0	0	1880	35.7
A_PA	359	1978	T	0	0	1978	35.5
A_PA	360	1852	T	0	0	1852	36.1
A_PA	361	2209	G	0	0	2209	36.9
A_PA	362	2053	G	0	0	2053	34.3
A_PA	363	1974	A	0	0	1974	35.6
A_PA	364	1941	G	0	0	1941	36.7
A_PA	365	2247	T	0	0	2247	36.0
A_PA	366	1798	A	0	0	1798	34.4
A_PA	367	1976	A	0	0	1976	36.0
A_PA	368	2107	C	0	0	2107	37.0
A_PA	369	1988	G	0	0	1988	35.1
A_PA	370	1852	C	0	0	1852	36.6
A_PA	371	1859	G	0	0	1859	35.0
A_PA	372	1933	A	0	0	1933	37.6
A_PA	373	2032	A	0	0	2032	35.4
A_PA	374	1836	G	0	0	1836	34.5
A_PA	375	1995	G	0	0	1995	35.3
A_PA	376	1955	G	0	0	1955	34.8
A_PA	377	1726	A	0	0	1726	36.0
A_PA	378	1909	A	0	0	1909	35.0
A_PA	379	1769	G	0	0	1769	37.6
A_PA	380	1822	T	0	0	1822	36.5
A_PA	381	1700	T	0	0	1700	37.6
A_PA	382	1861	C	0	0	1861	34.1
A_PA	383	1682	A	0	0	1682	36.3
A_PA	384	1749	C	0	0	1749	37.3
A_PA	385	1802	A	0	0	1802	37.7
A_PA	386	1797	T	0	0	1797	34.4
A_PA	387	1782	A	0	0	1782	37.6
A_PA	388	1517	T	0	0	1517	37.3
A_PA	389	1743	A	0	0	1743	36.8
A_PA	390	1738	C	0	0	1738	37.5
A_PA	391	1707	T	0	0	1707	34.6
A_PA	392	1651	A	0	0	1651	36.8
A_PA	393	1578	T	0	0	1578	35.8
A_PA	394	1645	T	0	0	1645	35.7
A_PA	395	1640	T	0	0	1640	36.3
A_PA	396	1783	A	0	0	1783	37.6
A_PA	397	1752	G	0	0	1752	34.5
A_PA	398	1602	A	0	0	1602	34.2
A_PA	399	1568	A	0	0	1568	35.1
A_PA	400	1504	A	0	0	1504	34.8
A_PA	401	1721	A	0	0	1721	37.9
A_PA	402	1685	A	0	0	1685	36.6
A_PA	403	1569	G	0	0	1569	36.7
A_PA	404	1638	C	0	0	1638	36.6
A_PA	405	1674	C	0	0	1674	35.0
A_PA	406	1597	A	0	0	1597	36.6
A_PA	407	1582	A	0	0	1582	35.7
A_PA	408	1490	C	0	0	1490	34.5
A_PA	409	1567	A	0	0	1567	37.1
A_PA	410	1496	A	0	0	1496	37.5
A_PA	411	1681	G	0	0	1681	37.9
A_PA	412	1740	A	0	0	1740	36.5
A_PA	413	1548	T	0	0	1548	35.9
A_PA	414	1439	A	0	0	1439	37.9
A_PA	415	1604	A	0	0	1604	34.6
A_PA	416	1596	A	0	0	1596	35.6
A_PA	417	1568	A	0	0	1568	34.9
A_PA	418	1503	T	0	0	1503	36.6
A_PA	419	1581	C	0	0	1581	34.3
A_PA	420	1331	A	0	0	1331	37.1
A_PA	421	1595	G	0	0	1595	34.7
A_PA	422	1679	A	0	0	1679	36.8
A_PA	423	1457	G	0	0	1457	35.5
A_PA	424	1695	A	0	0	1695	36.7
A_PA	425	1445	A	0	0	1445	35.0
A_PA	426	1466	A	0	0	1466	36.5
A_PA	427	1441	A	0	0	1441	34.9
A_PA	428	1685	C	0	0	1685	36.9
A_PA	429	1376	A	0	0	1376	34.1
A_PA	430	1592	C	0	0	1592	34.0
A_PA	431	1650	A	0	0	1650	34.4
A_PA	432	1557	T	0	0	1557	36.8
A_PA	433	1464	A	0	0	1464	35.1
A_PA	434	1440	T	0	0	1440	36.0
A_PA	435	1404	T	0	0	1404	37.5
A_PA	436	1437	C	0	0	1437	35.8
A_PA	437	1461	A	0	0	1461	36.3
A_PA	438	1482	C	0	0	1482	36.8
A_PA	439	1528	A	0	0	1528	37.7
A_PA	440	1581	T	0	0	1581	35.3
A_PA	441	1530	A	0	0	1530	35.7
A_PA	442	1447	T	0	0	1447	36.9
A_PA	443	1489	T	0	0	1489	35.3
A_PA	444	1437	C	0	0	1437	38.0
A_PA	445	1402	T	0	0	1402	37.0
A_PA	446	1405	C	0	0	1405	35.0
A_PA	447	1454	A	0	0	1454	36.5
A_PA	448	1445	T	0	0	1445	34.5
A_PA	449	1484	T	0	0	1484	36.5
A_PA	450	1452	C	0	0	1452	35.5
A_PA	451	1375	A	0	0	1375	35.4
A_PA	452	1513	C	0	0	1513	36.8
A_PA	453	1474	T	0	0	1474	35.4
A_PA	454	1505	G	0	0	1505	35.4
A_PA	455	1397	G	0	0	1397	36.1
A_PA	456	1414	A	0	0	1414	36.1
A_PA	457	1417	G	0	0	1417	35.2
A_PA	458	1480	A	0	0	1480	34.2
A_PA	459	1459	G	0	0	1459	34.5
A_PA	460	1302	G	0	0	1302	35.2
A_PA	461	1399	A	0	0	1399	34.3
A_PA	462	1545	A	0	0	1545	35.5
A_PA	463	1290	A	0	0	1290	37.0
A_PA	464	1532	T	0	0	1532	34.4
A_PA	465	1633	G	0	0	1633	34.8
A_PA	466	1422	G	0	0	1422	36.8
A_PA	467	1559	C	0	0	1559	35.4
A_PA	468	1561	C	0	0	1561	36.1
A_PA	469	1602	A	0	0	1602	37.8
A_PA	470	1671	C	0	0	1671	35.7
A_PA	471	1551	C	0	0	1551	35.2
A_PA	472	1469	A	0	0	1469	36.5
A_PA	473	1423	A	0	0	1423	37.4
A_PA	474	1502	G	0	0	1502	34.2
A_PA	475	1606	G	0	0	1606	36.1
A_PA	476	1412	C	0	0	1412	36.1
A_PA	477	1475	G	0	0	1475	37.3
A_PA	478	1547	G	0	0	1547	34.3
A_PA	479	1541	A	0	0	1541	38.0
A_PA	480	1447	C	0	0	1447	35.9
A_PA	481	1486	T	0	0	1486	37.9
A_PA	482	1623	A	0	0	1623	36.0
A_PA	483	1454	C	0	0	1454	34.6
A_PA	484	1506	A	0	0	1506	34.5
A_PA	485	1686	C	0	0	1686	36.9
A_PA	486	1473	C	0	0	1473	35.7
A_PA	487	1675	C	0	0	1675	34.1
A_PA	488	1671	T	0	0	1671	34.7
A_PA	489	1630	T	0	0	1630	37.3
A_PA	490	1548	G	0	0	1548	35.4
A_PA	491	1585	A	0	0	1585	37.0
A_PA	492	1575	T	0	0	1575	36.4
A_PA	493	1640	G	0	0	1640	38.0
A_PA	494	1543	A	0	0	1543	34.3
A_PA	495	1710	A	0	0	1710	35.9
A_PA	496	1721	G	0	0	1721	34.2
A_PA	497	1578	A	0	0	1578	34.4
A_PA	498	1605	G	0	0	1605	34.7
A_PA	499	1644	A	0	0	1644	35.8
A_PA	500	1583	G	0	0	1583	35.1
A_PA	501	1673	C	0	0	1673	35.7
A_PA	502	1510	A	0	0	1510	35.0
A_PA	503	1698	G	0	0	1698	37.0
A_PA	504	1615	A	0	0	1615	35.7
A_PA	505	1795	G	0	0	1795	35.2
A_PA	506	1634	C	0	0	1634	36.6
A_PA	507	1617	A	0	0	1617	36.6
A_PA	508	1525	A	0	0	1525	34.6
A_PA	509	1872	G	0	0	1872	35.6
A_PA	510	1652	A	0	0	1652	34.6
A_PA	511	1604	A	0	0	1604	37.4
A_PA	512	1714	T	0	0	1714	34.1
A_PA	513	1721	A	0	0	1721	36.1
A_PA	514	1719	A	0	0	1719	37.9
A_PA	515	1568	A	0	0	1568	37.8
A_PA	516	1667	A	0	0	1667	34.4
A_PA	517	1787	A	0	0	1787	34.8
A_PA	518	1662	C	0	0	1662	36.8
A_PA	519	1742	C	0	0	1742	34.8
A_PA	520	1666	A	0	0	1666	37.4
A_PA	521	1729	G	0	0	1729	35.8
A_PA	522	1764	A	0	0	1764	35.6
A_PA	523	1796	C	0	0	1796	37.3
A_PA	524	2033	T	0	0	2033	35.1
A_PA	525	1693	G	0	0	1693	38.0
A_PA	526	1654	T	0	0	1654	34.0
A_PA	527	1730	T	0	0	1730	37.0
A_PA	528	1752	C	0	0	1752	36.7
A_PA	529	1735	A	0	0	1735	36.3
A_PA	530	1649	C	0	0	1649	35.7
A_PA	531	1873	T	0	0	1873	37.0
A_PA	532	1767	A	0	0	1767	35.0
A_PA	533	1870	T	0	0	1870	35.2
A_PA	534	1606	A	0	0	1606	35.6
A_PA	535	1672	A	0	0	1672	37.9
A_PA	536	1921	G	0	0	1921	37.0
A_PA	537	1891	A	0	0	1891	34.7
A_PA	538	1795	C	0	0	1795	37.9
A_PA	539	1868	A	0	0	1868	35.3
A_PA	540	1637	A	0	0	1637	34.6
A_PA	541	2040	G	0	0	2040	34.6
A_PA	542	1933	A	0	0	1933	34.3
A_PA	543	1884	A	0	0	1884	37.2
A_PA	544	1733	A	0	0	1733	37.0
A_PA	545	1890	T	0	0	1890	37.4
A_PA	546	1856	G	0	0	1856	36.3
A_PA	547	1885	G	0	0	1885	35.8
A_PA	548	1971	C	0	0	1971	37.4
A_PA	549	1792	C	0	0	1792	35.1
A_PA	550	1781	A	0	0	1781	37.4
A_PA	551	1837	G	0	0	1837	36.8
A_PA	552	2135	T	0	0	2135	36.6
A_PA	553	1763	A	0	0	1763	36.5
A_PA	554	1885	G	0	0	1885	36.0
A_PA	555	2284	A	0	0	2284	36.0
A_PA	556	2054	G	0	0	2054	36.3
A_PA	557	1914	G	0	0	1914	34.4
A_PA	558	2068	T	0	0	2068	34.2
A_PA	559	2008	C	0	0	2008	36.2
A_PA	560	1920	T	0	0	1920	36.2
A_PA	561	1950	A	0	0	1950	37.9
A_PA	562	2066	T	0	0	2066	34.4
A_PA	563	1884	G	0	0	1884	34.6
A_PA	564	2024	G	0	0	2024	35.9
A_PA	565	1985	G	0	0	1985	37.0
A_PA	566	1895	A	0	0	1895	36.1
A_PA	567	2134	T	0	0	2134	35.4
A_PA	568	1944	T	0	0	1944	37.9
A_PA	569	1983	C	0	0	1983	34.5
A_PA	570	1789	C	0	0	1789	36.5
A_PA	571	1894	T	0	0	1894	36.1
A_PA	572	1945	T	0	0	1945	37.6
A_PA	573	2042	T	0	0	2042	36.5
A_PA	574	2056	C	0	0	2056	35.5
A_PA	575	2069	G	0	0	2069	34.8
A_PA	576	2058	T	0	0	2058	36.8
A_PA	577	1868	C	0	0	1868	37.8
A_PA	578	2027	A	0	0	2027	34.5
A_PA	579	2080	A	0	0	2080	34.4
A_PA	580	1973	T	0	0	1973	36.8
A_PA	581	1823	C	0	0	1823	35.4
A_PA	582	2020	C	0	0	2020	37.3
A_PA	583	2042	G	0	0	2042	36.1
A_PA	584	1870	A	0	0	1870	36.4
A_PA	585	1890	G	0	0	1890	37.7
A_PA	586	2464	A	0	0	2464	36.8
A_PA	587	2157	G	0	0	2157	34.0
A_PA	588	2075	A	0	0	2075	34.1
A_PA	589	2028	G	0	0	2028	37.3
A_PA	590	1927	G	0	0	1927	34.3
A_PA	591	1941	C	0	0	1941	35.7
A_PA	592	1986	G	0	0	1986	37.0
A_PA	593	2221	A	0	0	2221	36.4
A_PA	594	2054	A	0	0	2054	34.2
A_PA	595	1989	G	0	0	1989	35.5
A_PA	596	2037	A	0	0	2037	36.5
A_PA	597	2196	G	0	0	2196	34.7
A_PA	598	1955	A	0	0	1955	34.3
A_PA	599	2017	C	0	0	2017	35.6
A_PA	600	1877	A	0	0	1877	35.2
A_PA	601	2216	A	0	0	2216	34.2
A_PA	602	2206	T	0	0	2206	35.2
A_PA	603	2024	T	0	0	2024	37.3
A_PA	604	2078	G	0	0	2078	34.2
A_PA	605	2202	A	0	0	2202	37.2
A_PA	606	1902	A	0	0	1902	36.9
A_PA	607	1820	G	0	0	1820	34.6
A_PA	608	2174	A	0	0	2174	35.0
A_PA	609	2108	A	0	0	2108	37.0
A_PA	610	2082	A	0	0	2082	36.2
A_PA	611	2099	G	0	0	2099	36.6
A_PA	612	2362	A	0	0	2362	35.3
A_PA	613	2262	T	0	0	2262	36.4
A_PA	614	1911	T	0	0	1911	34.4
A_PA	615	2154	T	0	0	2154	37.4
A_PA	616	1916	G	0	0	1916	34.9
A_PA	617	2086	A	0	0	2086	37.8
A_PA	618	2160	A	0	0	2160	36.3
A_PA	619	1970	A	0	0	1970	37.9
A_PA	620	2120	T	0	0	2120	35.5
A_PA	621	1920	C	0	0	1920	37.1
A_PA	622	2087	A	0	0	2087	35.0
A_PA	623	1980	C	0	0	1980	36.1
A_PA	624	1926	A	0	0	1926	35.9
A_PA	625	1995	G	0	0	1995	34.0
A_PA	626	2232	G	0	0	2232	34.9
A_PA	627	2082	A	0	0	2082	34.1
A_PA	628	1937	A	0	0	1937	34.6
A_PA	629	1986	C	0	0	1986	37.1
A_PA	630	1962	C	0	0	1962	35.9
A_PA	631	2038	A	0	0	2038	37.4
A_PA	632	2121	T	0	0	2121	37.9
A_PA	633	2019	G	0	0	2019	36.2
A_PA	634	1807	C	0	0	1807	36.2
A_PA	635	2097	G	0	0	2097	36.4
A_PA	636	1848	C	0	0	1848	34.4
A_PA	637	1983	A	0	0	1983	36.8
A_PA	638	2059	G	0	0	2059	37.9
A_PA	639	2203	G	0	0	2203	36.3
A_PA	640	2068	C	0	0	2068	34.7
A_PA	641	2121	T	0	0	2121	34.4
A_PA	642	1954	T	0	0	1954	36.0
A_PA	643	2188	G	0	0	2188	35.1
A_PA	644	1891	C	0	0	1891	35.6
A_PA	645	1852	C	0	0	1852	36.3
A_PA	646	2187	G	0	0	2187	36.2
A_PA	647	1978	A	0	0	1978	37.2
A_PA	648	2054	C	0	0	2054	34.2
A_PA	649	2112	C	0	0	2112	37.5
A_PA	650	1754	A	0	0	1754	34.1
A_PA	651	1992	A	0	0	1992	34.4
A_PA	652	1895	A	0	0	1895	38.0
A_PA	653	1868	G	0	0	1868	35.3
A_PA	654	1976	T	0	0	1976	34.8
A_PA	655	2015	C	0	0	2015	34.6
A_PA	656	1930	T	0	0	1930	37.9
A_PA	657	1928	T	0	0	1928	34.6
A_PA	658	2147	C	0	0	2147	34.9
A_PA	659	1922	C	0	0	1922	34.2
A_PA	660	2028	A	0	0	2028	35.1
A_PA	661	2014	C	0	0	2014	36.5
A_PA	662	1977	C	0	0	1977	36.1
A_PA	663	2021	G	0	0	2021	34.7
A_PA	664	1953	A	0	0	1953	37.4
A_PA	665	1770	A	0	0	1770	35.2
A_PA	666	1986	C	0	0	1986	34.9
A_PA	667	1803	T	0	0	1803	34.5
A_PA	668	1966	T	0	0	1966	34.3
A_PA	669	2198	C	0	0	2198	36.1
A_PA	670	2083	T	0	0	2083	35.9
A_PA	671	2025	C	0	0	2025	34.8
A_PA	672	1965	C	0	0	1965	37.0
A_PA	673	2090	A	0	0	2090	36.3
A_PA	674	1796	G	0	0	1796	36.8
A_PA	675	1828	C	0	0	1828	36.4
A_PA	676	1893	C	0	0	1893	36.0
A_PA	677	1819	T	0	0	1819	37.7
A_PA	678	2070	T	0	0	2070	36.4
A_PA	679	1897	G	0	0	1897	35.6
A_PA	680	2056	A	0	0	2056	37.3
A_PA	681	2062	A	0	0	2062	35.6
A_PA	682	1861	A	0	0	1861	37.2
A_PA	683	2054	A	0	0	2054	34.2
A_PA	684	2085	C	0	0	2085	37.0
A_PA	685	1913	T	0	0	1913	37.4
A_PA	686	1976	T	0	0	1976	34.5
A_PA	687	1796	T	0	0	1796	35.3
A_PA	688	1825	A	0	0	1825	36.5
A_PA	689	1965	G	0	0	1965	37.6
A_PA	690	2084	A	0	0	2084	35.6
A_PA	691	1818	G	0	0	1818	36.8
A_PA	692	1881	C	0	0	1881	37.4
A_PA	693	1863	C	0	0	1863	37.3
A_PA	694	1985	T	0	0	1985	36.3
A_PA	695	2136	A	0	0	2136	34.6
A_PA	696	1910	T	0	0	1910	35.1
A_PA	697	1920	G	0	0	1920	35.1
A_PA	698	1858	T	0	0	1858	37.1
A_PA	699	1932	G	0	0	1932	37.4
A_PA	700	1924	G	0	0	1924	36.1
A_PA	701	1832	A	0	0	1832	34.4
A_PA	702	1829	T	0	0	1829	35.7
A_PA	703	2077	G	0	0	2077	36.6
A_PA	704	1913	G	0	0	1913	37.0
A_PA	705	1857	A	0	0	1857	36.7
A_PA	706	1780	T	0	0	1780	36.6
A_PA	707	1803	T	0	0	1803	37.8
A_PA	708	1894	C	0	0	1894	34.1
A_PA	709	1714	G	0	0	1714	36.7
A_PA	710	1913	A	0	0	1913	37.3
A_PA	711	2035	A	0	0	2035	35.4
A_PA	712	1836	C	0	0	1836	34.0
A_PA	713	2037	C	0	0	2037	37.1
A_PA	714	1692	G	0	0	1692	34.3
A_PA	715	1980	A	0	0	1980	35.4
A_PA	716	1905	A	0	0	1905	37.9
A_PA	717	1993	C	0	0	1993	35.8
A_PA	718	1957	G	0	0	1957	37.2
A_PA	719	2114	G	0	0	2114	37.3
A_PA	720	1879	C	0	0	1879	37.6
A_PA	721	1881	T	0	0	1881	37.7
A_PA	722	2011	G	0	0	2011	37.0
A_PA	723	1815	C	0	0	1815	34.3
A_PA	724	1855	A	0	0	1855	36.6
A_PA	725	1925	T	0	0	1925	37.6
A_PA	726	2235	T	0	0	2235	37.3
A_PA	727	1956	G	0	0	1956	35.0
A_PA	728	2068	A	0	0	2068	35.6
A_PA	729	2079	G	0	0	2079	35.8
A_PA	730	2154	G	0	0	2154	34.5
A_PA	731	1997	G	0	0	1997	35.0
A_PA	732	2017	C	0	0	2017	36.0
A_PA	733	1870	A	0	0	1870	34.3
A_PA	734	2215	A	0	0	2215	36.7
A_PA	735	2076	A	0	0	2076	36.4
A_PA	736	2028	C	0	0	2028	36.7
A_PA	737	2024	T	0	0	2024	35.3
A_PA	738	1981	T	0	0	1981	37.8
A_PA	739	1892	T	0	0	1892	37.8
A_PA	740	2057	C	0	0	2057	37.1
A_PA	741	1897	T	0	0	1897	35.6
A_PA	742	1855	C	0	0	1855	34.5
A_PA	743	1799	A	0	0	1799	37.4
A_PA	744	2095	A	0	0	2095	34.8
A_PA	745	2205	A	0	0	2205	34.7
A_PA	746	1873	T	0	0	1873	36.8
A_PA	747	2007	G	0	0	2007	37.9
A_PA	748	1919	T	0	0	1919	37.5
A_PA	749	2084	C	0	0	2084	37.3
A_PA	750	2081	A	0	0	2081	35.3
A_PA	751	2106	A	0	0	2106	34.2
A_PA	752	1931	A	0	0	1931	34.3
A_PA	753	2042	A	0	0	2042	34.7
A_PA	754	2017	G	0	0	2017	37.2
A_PA	755	2274	A	0	0	2274	36.7
A_PA	756	2100	A	0	0	2100	37.7
A_PA	757	2201	G	0	0	2201	35.1
A_PA	758	2065	T	0	0	2065	37.2
A_PA	759	2056	G	0	0	2056	37.1
A_PA	760	2009	A	0	0	2009	37.8
A_PA	761	1998	A	0	0	1998	37.0
A_PA	762	2116	C	0	0	2116	36.7
A_PA	763	2147	G	0	0	2147	35.3
A_PA	764	2046	C	0	0	2046	37.8
A_PA	765	2420	C	0	0	2420	38.0
A_PA	766	2155	A	0	0	2155	34.9
A_PA	767	2307	G	0	0	2307	34.3
A_PA	768	2092	A	0	0	2092	34.8
A_PA	769	2092	A	0	0	2092	36.2
A_PA	770	2317	T	0	0	2317	35.9
A_PA	771	2172	T	0	0	2172	37.3
A_PA	772	2142	G	0	0	2142	34.8
A_PA	773	2167	A	0	0	2167	35.7
A_PA	774	2305	G	0	0	2305	37.0
A_PA	775	2201	C	0	0	2201	35.8
A_PA	776	2225	C	0	0	2225	35.8
A_PA	777	2461	A	0	0	2461	34.6
A_PA	778	1963	T	0	0	1963	36.6
A_PA	779	2205	T	0	0	2205	34.4
A_PA	780	2425	T	0	0	2425	34.6
A_PA	781	2057	C	0	0	2057	35.2
A_PA	782	2184	T	0	0	2184	37.9
A_PA	783	2232	G	0	0	2232	36.8
A_PA	784	2302	A	0	0	2302	34.8
A_PA	785	2395	A	0	0	2395	37.3
A_PA	786	2156	G	0	0	2156	35.2
A_PA	787	2470	A	0	0	2470	36.9
A_PA	788	2319	C	0	0	2319	36.2
A_PA	789	2306	A	0	0	2306	37.4
A_PA	790	2262	A	0	0	2262	34.4
A_PA	791	2431	C	0	0	2431	34.7
A_PA	792	2361	A	0	0	2361	34.3
A_PA	793	2535	C	0	0	2535	36.4
A_PA	794	2214	C	0	0	2214	37.6
A_PA	795	2510	A	0	0	2510	36.9
A_PA	796	2359	C	0	0	2359	36.4
A_PA	797	2138	G	0	0	2138	34.7
A_PA	798	2468	C	0	0	2468	35.1
A_PA	799	2437	C	0	0	2437	36.7
A_PA	800	2496	C	0	0	2496	35.7
A_PA	801	2178	T	0	0	2178	35.7
A_PA	802	2577	C	0	0	2577	37.2
A_PA	803	2303	T	0	0	2303	36.4
A_PA	804	2557	C	0	0	2557	37.0
A_PA	805	2409	A	0	0	2409	35.9
A_PA	806	2577	G	0	0	2577	34.8
A_PA	807	2592	A	0	0	2592	36.5
A_PA	808	2476	T	0	0	2476	36.3
A_PA	809	2673	T	0	0	2673	37.6
A_PA	810	2551	A	0	0	2551	35.2
A_PA	811	2523	C	0	0	2523	36.4
A_PA	812	2632	C	0	0	2632	34.8
A_PA	813	2557	T	0	0	2557	36.8
A_PA	814	2515	G	0	0	2515	35.8
A_PA	815	2700	A	0	0	2700	34.1
A_PA	816	2393	T	0	0	2393	37.5
A_PA	817	2749	G	0	0	2749	35.7
A_PA	818	2346	G	0	0	2346	37.3
A_PA	819	2563	G	0	0	2563	36.1
A_PA	820	2620	C	0	0	2620	37.7
A_PA	821	2550	C	0	0	2550	37.5
A_PA	822	2672	T	0	0	2672	34.6
A_PA	823	2407	C	0	0	2407	35.4
A_PA	824	2586	C	0	0	2586	34.9
A_PA	825	2627	C	0	0	2627	35.3
A_PA	826	2720	T	0	0	2720	37.2
A_PA	827	2454	G	0	0	2454	36.5
A_PA	828	2709	T	0	0	2709	36.4
A_PA	829	2715	T	0	0	2715	35.2
A_PA	830	2696	C	0	0	2696	34.0
A_PA	831	2750	T	0	0	2750	36.6
A_PA	832	2367	C	0	0	2367	35.2
A_PA	833	2424	A	0	0	2424	36.6
A_PA	834	2555	G	0	0	2555	35.6
A_PA	835	2589	C	0	0	2589	34.4
A_PA	836	2750	G	0	0	2750	35.6
A_PA	837	2566	G	0	0	2566	36.6
A_PA	838	2638	T	0	0	2638	34.7
A_PA	839	2864	C	0	0	2864	35.5
A_PA	840	2738	G	0	0	2738	34.9
A_PA	841	2603	A	0	0	2603	34.4
A_PA	842	2979	A	0	0	2979	36.0
A_PA	843	2726	G	0	0	2726	35.3
A_PA	844	2764	T	0	0	2764	36.3
A_PA	845	2718	T	0	0	2718	37.3
A_PA	846	2770	C	0	0	2770	35.7
A_PA	847	2580	T	0	0	2580	36.6
A_PA	848	2822	T	0	0	2822	37.9
A_PA	849	2484	G	0	0	2484	36.4
A_PA	850	2782	C	0	0	2782	35.5
A_PA	851	2701	T	0	0	2701	34.9
A_PA	852	2717	G	0	0	2717	37.1
A_PA	853	2944	A	0	0	2944	36.7
A_PA	854	2741	T	0	0	2741	37.0
A_PA	855	2565	G	0	0	2565	36.2
A_PA	856	3019	G	0	0	3019	35.2
A_PA	857	2557	A	0	0	2557	35.4
A_PA	858	2648	T	0	0	2648	37.2
A_PA	859	2888	G	0	0	2888	34.6
A_PA	860	3020	C	0	0	3020	37.4
A_PA	861	2809	C	0	0	2809	37.9
A_PA	862	2922	C	0	0	2922	34.9
A_PA	863	2660	T	0	0	2660	36.2
A_PA	864	3091	T	0	0	3091	36.8
A_PA	865	2594	A	0	0	2594	34.8
A_PA	866	3027	A	0	0	3027	37.4
A_PA	867	2841	G	0	0	2841	36.0
A_PA	868	2840	T	0	0	2840	34.7
A_PA	869	2803	T	0	0	2803	35.4
A_PA	870	2817	G	0	0	2817	35.2
A_PA	871	2768	A	0	0	2768	34.4
A_PA	872	3071	G	0	0	3071	36.4
A_PA	873	2747	C	0	0	2747	35.9
A_PA	874	2754	A	0	0	2754	35.3
A_PA	875	3112	T	0	0	3112	37.3
A_PA	876	2733	C	0	0	2733	36.1
A_PA	877	3077	G	0	0	3077	35.2
A_PA	878	2846	A	0	0	2846	38.0
A_PA	879	3233	A	0	0	3233	35.1
A_PA	880	3054	G	0	0	3054	34.9
A_PA	881	3031	A	0	0	3031	34.7
A_PA	882	3125	C	0	0	3125	37.2
A_PA	883	2998	C	0	0	2998	35.9
A_PA	884	2721	C	0	0	2721	36.9
A_PA	885	2854	T	0	0	2854	34.6
A_PA	886	2977	A	0	0	2977	37.6
A_PA	887	2972	G	0	0	2972	35.4
A_PA	888	2717	C	0	0	2717	35.7
A_PA	889	2934	C	0	0	2934	36.3
A_PA	890	2941	A	0	0	2941	34.5
A_PA	891	2695	T	0	0	2695	37.4
A_PA	892	2828	G	0	0	2828	36.8
A_PA	893	2772	A	0	0	2772	36.2
A_PA	894	2777	G	0	0	2777	37.5
A_PA	895	2771	G	0	0	2771	36.1
A_PA	896	2968	G	0	0	2968	34.6
A_PA	897	3142	G	0	0	3142	37.0
A_PA	898	2687	G	0	0	2687	35.8
A_PA	899	2634	A	0	0	2634	37.8
A_PA	900	2943	G	0	0	2943	35.7
A_PA	901	2865	G	0	0	2865	36.9
A_PA	902	2657	G	0	0	2657	34.8
A_PA	903	2868	C	0	0	2868	36.3
A_PA	904	2783	A	0	0	2783	34.6
A_PA	905	2897	T	0	0	2897	36.3
A_PA	906	2519	A	0	0	2519	35.3
A_PA	907	2806	C	0	0	2806	36.8
A_PA	908	2923	C	0	0	2923	35.0
A_PA	909	2845	G	0	0	2845	37.9
A_PA	910	3098	C	0	0	3098	34.5
A_PA	911	2737	T	0	0	2737	36.1
A_PA	912	2522	G	0	0	2522	34.1
A_PA	913	2710	T	0	0	2710	34.3
A_PA	914	2627	A	0	0	2627	36.4
A_PA	915	2765	T	0	0	2765	37.1
A_PA	916	3106	G	0	0	3106	38.0
A_PA	917	2746	A	0	0	2746	36.4
A_PA	918	3102	T	0	0	3102	36.8
A_PA	919	3042	G	0	0	3042	37.4
A_PA	920	2744	C	0	0	2744	36.6
A_PA	921	2633	A	0	0	2633	35.3
A_PA	922	3063	A	0	0	3063	36.6
A_PA	923	2518	T	0	0	2518	35.4
A_PA	924	2935	C	0	0	2935	34.2
A_PA	925	2633	A	0	0	2633	35.2
A_PA	926	2599	A	0	0	2599	36.0
A_PA	927	2823	A	0	0	2823	36.5
A_PA	928	2659	T	0	0	2659	36.4
A_PA	929	2866	G	0	0	2866	37.8
A_PA	930	2960	C	0	0	2960	37.5
A_PA	931	3067	A	0	0	3067	36.6
A_PA	932	2703	T	0	0	2703	36.1
A_PA	933	2671	G	0	0	2671	35.7
A_PA	934	2653	A	0	0	2653	35.2
A_PA	935	2430	A	0	0	2430	36.4
A_PA	936	2754	G	0	0	2754	37.9
A_PA	937	2756	A	0	0	2756	36.3
A_PA	938	2624	C	0	0	2624	34.3
A_PA	939	2749	A	0	0	2749	34.6
A_PA	940	2800	T	0	0	2800	36.2
A_PA	941	2646	T	0	0	2646	37.5
A_PA	942	2727	T	0	0	2727	35.5
A_PA	943	2472	T	0	0	2472	34.6
A_PA	944	2520	T	0	0	2520	37.5
A_PA	945	2826	T	0	0	2826	34.6
A_PA	946	2561	G	0	0	2561	34.1
A_PA	947	2874	G	0	0	2874	36.1
A_PA	948	2335	C	0	0	2335	35.1
A_PA	949	2451	T	0	0	2451	34.4
A_PA	950	2641	G	0	0	2641	37.4
A_PA	951	2446	G	0	0	2446	34.9
A_PA	952	2316	A	0	0	2316	34.4
A_PA	953	2560	A	0	0	2560	34.1
A_PA	954	2572	A	0	0	2572	36.4
A_PA	955	2982	G	0	0	2982	35.1
A_PA	956	2626	A	0	0	2626	35.5
A_PA	957	2551	G	0	0	2551	36.0
A_PA	958	2581	C	0	0	2581	36.1
A_PA	959	2442	C	0	0	2442	37.7
A_PA	960	2406	C	0	0	2406	37.0
A_PA	961	2400	A	0	0	2400	34.3
A_PA	962	2512	A	0	0	2512	34.9
A_PA	963	2251	C	0	0	2251	35.7
A_PA	964	2546	A	0	0	2546	37.6
A_PA	965	2594	T	0	0	2594	35.8
A_PA	966	2459	C	0	0	2459	37.5
A_PA	967	2554	G	0	0	2554	34.5
A_PA	968	2618	T	0	0	2618	36.9
A_PA	969	2121	A	0	0	2121	35.4
A_PA	970	2448	A	0	0	2448	34.6
A_PA	971	2391	A	0	0	2391	34.8
A_PA	972	2764	G	0	0	2764	35.5
A_PA	973	2464	C	0	0	2464	35.7
A_PA	974	2462	C	0	0	2462	37.1
A_PA	975	2238	G	0	0	2238	34.9
A_PA	976	2490	C	0	0	2490	37.0
A_PA	977	2283	A	0	0	2283	34.9
A_PA	978	2453	T	0	0	2453	37.3
A_PA	979	2202	G	0	0	2202	36.7
A_PA	980	2383	A	0	0	2383	36.3
A_PA	981	2304	G	0	0	2304	37.6
A_PA	982	2242	A	0	0	2242	36.2
A_PA	983	2404	A	0	0	2404	34.7
A_PA	984	2123	A	0	0	2123	37.3
A_PA	985	2147	G	0	0	2147	37.0
A_PA	986	2204	G	0	0	2204	35.2
A_PA	987	2161	C	0	0	2161	36.0
A_PA	988	2199	A	0	0	2199	36.2
A_PA	989	2498	T	0	0	2498	35.1
A_PA	990	2179	A	0	0	2179	36.2
A_PA	991	2146	A	0	0	2146	36.7
A_PA	992	2239	A	0	0	2239	34.7
A_PA	993	2418	C	0	0	2418	34.2
A_PA	994	2148	C	0	0	2148	37.9
A_PA	995	2308	C	0	0	2308	37.5
A_PA	996	2241	T	0	0	2241	35.2
A_PA	997	2303	A	0	0	2303	36.3
A_PA	998	2051	A	0	0	2051	37.4
A_PA	999	2282	T	0	0	2282	34.6
A_PA	1000	2179	T	0	0	2179	34.4
A_PA	1001	2141	A	0	0	2141	37.9
A_PA	1002	1977	C	0	0	1977	36.4
A_PA	1003	2042	C	0	0	2042	37.9
A_PA	1004	1784	T	0	0	1784	35.3
A_PA	1005	2053	C	0	0	2053	37.7
A_PA	1006	2423	C	0	0	2423	35.3
A_PA	1007	2209	T	0	0	2209	35.2
A_PA	1008	2053	G	0	0	2053	35.2
A_PA	1009	1901	G	0	0	1901	35.1
A_PA	1010	2008	C	0	0	2008	36.3
A_PA	1011	2082	T	0	0	2082	36.8
A_PA	1012	1963	T	0	0	1963	34.6
A_PA	1013	2042	G	0	0	2042	37.1
A_PA	1014	2135	G	0	0	2135	36.6
A_PA	1015	1970	A	0	0	1970	36.0
A_PA	1016	2018	A	0	0	2018	36.2
A_PA	1017	1969	G	0	0	1969	36.6
A_PA	1018	1949	C	0	0	1949	35.6
A_PA	1019	2317	A	0	0	2317	37.8
A_PA	1020	1999	G	0	0	1999	35.6
A_PA	1021	1820	G	0	0	1820	37.5
A_PA	1022	1998	T	0	0	1998	34.6
A_PA	1023	1797	G	0	0	1797	34.4
A_PA	1024	1848	C	0	0	1848	36.4
A_PA	1025	2070	T	0	0	2070	34.3
A_PA	1026	1778	G	0	0	1778	36.2
A_PA	1027	1992	G	0	0	1992	37.7
A_PA	1028	1922	C	0	0	1922	36.5
A_PA	1029	1872	A	0	0	1872	35.5
A_PA	1030	1940	G	0	0	1940	35.2
A_PA	1031	1978	A	0	0	1978	36.7
A_PA	1032	2004	A	0	0	2004	36.9
A_PA	1033	1998	C	0	0	1998	37.6
A_PA	1034	1739	T	0	0	1739	37.1
A_PA	1035	1921	T	0	0	1921	37.5
A_PA	1036	1838	C	0	0	1838	34.5
A_PA	1037	2020	A	0	0	2020	34.7
A_PA	1038	1713	A	0	0	1713	34.9
A_PA	1039	2064	G	0	0	2064	37.7
A_PA	1040	1988	A	0	0	1988	34.4
A_PA	1041	1860	C	0	0	1860	37.5
A_PA	1042	1767	A	0	0	1767	37.4
A_PA	1043	1879	T	0	0	1879	37.1
A_PA	1044	1938	T	0	0	1938	36.0
A_PA	1045	1974	G	0	0	1974	35.1
A_PA	1046	2060	A	0	0	2060	35.5
A_PA	1047	1869	A	0	0	1869	35.4
A_PA	1048	1755	A	0	0	1755	37.2
A_PA	1049	1827	A	0	0	1827	37.4
A_PA	1050	1813	T	0	0	1813	36.1
A_PA	1051	1730	G	0	0	1730	37.2
A_PA	1052	1795	A	0	0	1795	37.6
A_PA	1053	1716	G	0	0	1716	35.3
A_PA	1054	1761	G	0	0	1761	34.7
A_PA	1055	1808	A	0	0	1808	34.2
A_PA	1056	1666	G	0	0	1666	37.8
A_PA	1057	1772	A	0	0	1772	37.9
A_PA	1058	1601	A	0	0	1601	36.9
A_PA	1059	1943	A	0	0	1943	34.5
A_PA	1060	1873	A	0	0	1873	35.5
A_PA	1061	1720	T	0	0	1720	36.3
A_PA	1062	1817	T	0	0	1817	36.9
A_PA	1063	1920	C	0	0	1920	34.2
A_PA	1064	1836	C	0	0	1836	36.4
A_PA	1065	1744	A	0	0	1744	35.2
A_PA	1066	1933	A	0	0	1933	34.4
A_PA	1067	2032	A	0	0	2032	36.6
A_PA	1068	1640	A	0	0	1640	36.5
A_PA	1069	1797	A	0	0	1797	36.6
A_PA	1070	1894	C	0	0	1894	36.3
A_PA	1071	1982	A	0	0	1982	35.6
A_PA	1072	1837	A	0	0	1837	34.6
A_PA	1073	1710	A	0	0	1710	36.5
A_PA	1074	1911	G	0	0	1911	37.3
A_PA	1075	1727	A	0	0	1727	34.4
A_PA	1076	1844	A	0	0	1844	37.2
A_PA	1077	1789	C	0	0	1789	37.9
A_PA	1078	1683	A	0	0	1683	34.2
A_PA	1079	1994	T	0	0	1994	36.9
A_PA	1080	1717	G	0	0	1717	37.5
A_PA	1081	1768	A	0	0	1768	36.6
A_PA	1082	1747	A	0	0	1747	37.6
A_PA	1083	1795	G	0	0	1795	34.9
A_PA	1084	1875	A	0	0	1875	38.0
A_PA	1085	1779	A	0	0	1779	35.5
A_PA	1086	1863	A	0	0	1863	35.6
A_PA	1087	1904	A	0	0	1904	35.9
A_PA	1088	1649	C	0	0	1649	37.8
A_PA	1089	1867	A	0	0	1867	35.4
A_PA	1090	1759	A	0	0	1759	35.7
A_PA	1091	1791	G	0	0	1791	35.8
A_PA	1092	1654	C	0	0	1654	36.9
A_PA	1093	1864	C	0	0	1864	37.6
A_PA	1094	1670	A	0	0	1670	37.6
A_PA	1095	1801	A	0	0	1801	37.6
A_PA	1096	1758	T	0	0	1758	36.0
A_PA	1097	1852	T	0	0	1852	35.4
A_PA	1098	1865	G	0	0	1865	34.7
A_PA	1099	1959	A	0	0	1959	37.5
A_PA	1100	1875	A	0	0	1875	37.5
A_PA	1101	1772	G	0	0	1772	36.7
A_PA	1102	1817	T	0	0	1817	36.2
A_PA	1103	1803	G	0	0	1803	37.2
A_PA	1104	1900	G	0	0	1900	36.7
A_PA	1105	1802	G	0	0	1802	36.2
A_PA	1106	1902	C	0	0	1902	36.7
A_PA	1107	1826	A	0	0	1826	34.3
A_PA	1108	1637	C	0	0	1637	37.7
A_PA	1109	1788	T	0	0	1788	37.1
A_PA	1110	1821	T	0	0	1821	36.4
A_PA	1111	1852	G	0	0	1852	34.9
A_PA	1112	1573	G	0	0	1573	34.9
A_PA	1113	1720	T	0	0	1720	34.4
A_PA	1114	1914	G	0	0	1914	37.2
A_PA	1115	1940	A	0	0	1940	34.4
A_PA	1116	1871	G	0	0	1871	35.5
A_PA	1117	1831	A	0	0	1831	37.6
A_PA	1118	1854	A	0	0	1854	37.5
A_PA	1119	1901	C	0	0	1901	35.9
A_PA	1120	1884	A	0	0	1884	35.2
A_PA	1121	1657	T	0	0	1657	36.6
A_PA	1122	1937	G	0	0	1937	35.7
A_PA	1123	1741	G	0	0	1741	35.2
A_PA	1124	1971	C	0	0	1971	36.0
A_PA	1125	1793	T	0	0	1793	34.6
A_PA	1126	1866	C	0	0	1866	34.3
A_PA	1127	1838	C	0	0	1838	38.0
A_PA	1128	1950	A	0	0	1950	35.2
A_PA	1129	1849	G	0	0	1849	37.2
A_PA	1130	1973	A	0	0	1973	37.1
A_PA	1131	1704	A	0	0	1704	36.4
A_PA	1132	2131	A	0	0	2131	37.5
A_PA	1133	1952	A	0	0	1952	36.9
A_PA	1134	1885	A	0	0	1885	37.6
A_PA	1135	1808	G	0	0	1808	34.3
A_PA	1136	1905	T	0	0	1905	37.0
A_PA	1137	1966	G	0	0	1966	37.8
A_PA	1138	1981	G	0	0	1981	34.8
A_PA	1139	1768	A	0	0	1768	36.8
A_PA	1140	2029	C	0	0	2029	34.8
A_PA	1141	1988	T	0	0	1988	34.4
A_PA	1142	2026	T	0	0	2026	35.1
A_PA	1143	2012	T	0	0	2012	36.0
A_PA	1144	1699	G	0	0	1699	35.3
A_PA	1145	1898	A	0	0	1898	37.6
A_PA	1146	1926	G	0	0	1926	35.2
A_PA	1147	1909	G	0	0	1909	34.3
A_PA	1148	1781	A	0	0	1781	34.0
A_PA	1149	1941	C	0	0	1941	34.1
A_PA	1150	2049	T	0	0	2049	36.1
A_PA	1151	2035	G	0	0	2035	37.4
A_PA	1152	1842	C	0	0	1842	35.3
A_PA	1153	2077	A	0	0	2077	35.9
A_PA	1154	1839	A	0	0	1839	34.6
A_PA	1155	2074	A	0	0	2074	36.3
A_PA	1156	1899	G	0	0	1899	34.5
A_PA	1157	1734	A	0	0	1734	35.6
A_PA	1158	2011	T	0	0	2011	37.1
A_PA	1159	1805	G	0	0	1805	34.7
A_PA	1160	1858	T	0	0	1858	35.6
A_PA	1161	1821	T	0	0	1821	35.8
A_PA	1162	1844	A	0	0	1844	37.5
A_PA	1163	2005	G	0	0	2005	35.7
A_PA	1164	1849	C	0	0	1849	34.2
A_PA	1165	2022	G	0	0	2022	35.1
A_PA	1166	1889	A	0	0	1889	36.0
A_PA	1167	2125	T	0	0	2125	36.3
A_PA	1168	1917	C	0	0	1917	34.9
A_PA	1169	2091	T	0	0	2091	35.6
A_PA	1170	1701	A	0	0	1701	35.7
A_PA	1171	2013	A	0	0	2013	37.7
A_PA	1172	1904	G	0	0	1904	36.2
A_PA	1173	1812	A	0	0	1812	35.5
A_PA	1174	2074	C	0	0	2074	36.4
A_PA	1175	2089	A	0	0	2089	34.2
A_PA	1176	1897	G	0	0	1897	34.7
A_PA	1177	2141	T	0	0	2141	35.3
A_PA	1178	2037	A	0	0	2037	37.9
A_PA	1179	1944	C	0	0	1944	34.1
A_PA	1180	1934	G	0	0	1934	34.0
A_PA	1181	2012	A	0	0	2012	34.3
A_PA	1182	2112	C	0	0	2112	37.3
A_PA	1183	1972	A	0	0	1972	35.1
A_PA	1184	1967	G	0	0	1967	36.5
A_PA	1185	1943	T	0	0	1943	35.1
A_PA	1186	1957	G	0	0	1957	34.5
A_PA	1187	2078	A	0	0	2078	36.9
A_PA	1188	1915	C	0	0	1915	36.2
A_PA	1189	1838	G	0	0	1838	34.1
A_PA	1190	2042	A	0	0	2042	36.7
A_PA	1191	2159	A	0	0	2159	35.1
A_PA	1192	1910	C	0	0	1910	37.8
A_PA	1193	1904	C	0	0	1904	35.4
A_PA	1194	1737	A	0	0	1737	37.7
A_PA	1195	1911	G	0	0	1911	34.2
A_PA	1196	1994	A	0	0	1994	35.0
A_PA	1197	1892	G	0	0	1892	38.0
A_PA	1198	2022	T	0	0	2022	36.9
A_PA	1199	1856	C	0	0	1856	36.7
A_PA	1200	2092	T	0	0	2092	35.6
A_PA	1201	2014	A	0	0	2014	35.0
A_PA	1202	1922	G	0	0	1922	34.4
A_PA	1203	2011	A	0	0	2011	37.5
A_PA	1204	2041	T	0	0	2041	34.3
A_PA	1205	1894	C	0	0	1894	37.2
A_PA	1206	1853	A	0	0	1853	36.0
A_PA	1207	1913	C	0	0	1913	36.2
A_PA	1208	2033	T	0	0	2033	35.2
A_PA	1209	1775	A	0	0	1775	34.4
A_PA	1210	2166	G	0	0	2166	36.9
A_PA	1211	1981	C	0	0	1981	37.1
A_PA	1212	1875	A	0	0	1875	36.9
A_PA	1213	1850	A	0	0	1850	37.3
A_PA	1214	2006	G	0	0	2006	35.3
A_PA	1215	1675	C	0	0	1675	36.8
A_PA	1216	1778	T	0	0	1778	37.8
A_PA	1217	1853	G	0	0	1853	37.4
A_PA	1218	2043	G	0	0	2043	37.9
A_PA	1219	2109	A	0	0	2109	36.5
A_PA	1220	2020	T	0	0	2020	37.8
A_PA	1221	1859	T	0	0	1859	36.5
A_PA	1222	1907	C	0	0	1907	34.8
A_PA	1223	2157	A	0	0	2157	35.0
A_PA	1224	1967	G	0	0	1967	36.2
A_PA	1225	1817	A	0	0	1817	36.9
A_PA	1226	1863	G	0	0	1863	37.6
A_PA	1227	2046	T	0	0	2046	37.9
A_PA	1228	2003	G	0	0	2003	37.3
A_PA	1229	1888	A	0	0	1888	35.0
A_PA	1230	1741	A	0	0	1741	34.1
A_PA	1231	1813	T	0	0	1813	36.0
A_PA	1232	1785	T	0	0	1785	36.8
A_PA	1233	1886	C	0	0	1886	34.5
A_PA	1234	1967	A	0	0	1967	37.7
A_PA	1235	1831	A	0	0	1831	35.8
A_PA	1236	1998	C	0	0	1998	34.6
A_PA	1237	1777	A	0	0	1777	34.8
A_PA	1238	2052	A	0	0	2052	37.4
A_PA	1239	1854	G	0	0	1854	35.9
A_PA	1240	1700	G	0	0	1700	37.8
A_PA	1241	1878	C	0	0	1878	34.8
A_PA	1242	1817	A	0	0	1817	35.2
A_PA	1243	1784	T	0	0	1784	37.4
A_PA	1244	1771	G	0	0	1771	36.6
A_PA	1245	1672	C	0	0	1672	34.1
A_PA	1246	2002	G	0	0	2002	36.8
A_PA	1247	1884	A	0	0	1884	34.1
A_PA	1248	1811	A	0	0	1811	36.0
A_PA	1249	1873	C	0	0	1873	36.7
A_PA	1250	1794	T	0	0	1794	36.2
A_PA	1251	1968	G	0	0	1968	37.6
A_PA	1252	1775	A	0	0	1775	34.3
A_PA	1253	1796	C	0	0	1796	37.9
A_PA	1254	1889	A	0	0	1889	35.3
A_PA	1255	1853	G	0	0	1853	35.0
A_PA	1256	1735	A	0	0	1735	34.9
A_PA	1257	1812	T	0	0	1812	35.8
A_PA	1258	1705	T	0	0	1705	36.7
A_PA	1259	1636	C	0	0	1636	36.4
A_PA	1260	1820	G	0	0	1820	37.6
A_PA	1261	1793	A	0	0	1793	35.5
A_PA	1262	1701	G	0	0	1701	36.8
A_PA	1263	1772	T	0	0	1772	37.8
A_PA	1264	1860	T	0	0	1860	37.2
A_PA	1265	1653	G	0	0	1653	35.9
A_PA	1266	1846	G	0	0	1846	36.2
A_PA	1267	1627	A	0	0	1627	37.2
A_PA	1268	1558	T	0	0	1558	37.6
A_PA	1269	1663	T	0	0	1663	35.1
A_PA	1270	1632	G	0	0	1632	34.3
A_PA	1271	1771	A	0	0	1771	37.6
A_PA	1272	1515	A	0	0	1515	37.7
A_PA	1273	1670	C	0	0	1670	36.3
A_PA	1274	1593	T	0	0	1593	34.6
A_PA	1275	1680	T	0	0	1680	35.0
A_PA	1276	1818	G	0	0	1818	35.4
A_PA	1277	1620	A	0	0	1620	35.7
A_PA	1278	1641	T	0	0	1641	36.2
A_PA	1279	1505	G	0	0	1505	37.6
A_PA	1280	1640	A	0	0	1640	36.6
A_PA	1281	1737	G	0	0	1737	35.6
A_PA	1282	1516	A	0	0	1516	37.3
A_PA	1283	1585	T	0	0	1585	35.9
A_PA	1284	1573	A	0	0	1573	37.2
A_PA	1285	1675	G	0	0	1675	36.3
A_PA	1286	1604	G	0	0	1604	34.5
A_PA	1287	1531	G	0	0	1531	37.6
A_PA	1288	1642	G	0	0	1642	36.5
A_PA	1289	1669	A	0	0	1669	36.6
A_PA	1290	1681	A	0	0	1681	37.6
A_PA	1291	1581	G	0	0	1581	38.0
A_PA	1292	1698	A	0	0	1698	37.6
A_PA	1293	1453	C	0	0	1453	35.4
A_PA	1294	1563	G	0	0	1563	35.1
A_PA	1295	1584	T	0	0	1584	36.3
A_PA	1296	1638	T	0	0	1638	34.9
A_PA	1297	1620	G	0	0	1620	36.2
A_PA	1298	1649	C	0	0	1649	35.5
A_PA	1299	1490	T	0	0	1490	36.9
A_PA	1300	1591	C	0	0	1591	34.6
A_PA	1301	1683	C	0	0	1683	34.7
A_PA	1302	1639	A	0	0	1639	35.2
A_PA	1303	1514	A	0	0	1514	37.5
A_PA	1304	1585	T	0	0	1585	37.6
A_PA	1305	1506	C	0	0	1506	36.7
A_PA	1306	1423	G	0	0	1423	34.7
A_PA	1307	1615	A	0	0	1615	34.8
A_PA	1308	1602	A	0	0	1602	37.4
A_PA	1309	1681	C	0	0	1681	35.2
A_PA	1310	1714	A	0	0	1714	37.3
A_PA	1311	1697	C	0	0	1697	37.8
A_PA	1312	1352	A	0	0	1352	36.6
A_PA	1313	1795	T	0	0	1795	36.2
A_PA	1314	1476	T	0	0	1476	36.7
A_PA	1315	1705	G	0	0	1705	34.8
A_PA	1316	1641	C	0	0	1641	36.1
A_PA	1317	1599	G	0	0	1599	35.9
A_PA	1318	1806	A	0	0	1806	35.9
A_PA	1319	1465	G	0	0	1465	34.4
A_PA	1320	1584	T	0	0	1584	36.7
A_PA	1321	1647	G	0	0	1647	35.9
A_PA	1322	1746	T	0	0	1746	37.3
A_PA	1323	1629	G	0	0	1629	34.9
A_PA	1324	1699	A	0	0	1699	34.6
A_PA	1325	1677	G	0	0	1677	34.0
A_PA	1326	1623	G	0	0	1623	35.2
A_PA	1327	1409	A	0	0	1409	36.2
A_PA	1328	1690	G	0	0	1690	36.5
A_PA	1329	1561	G	0	0	1561	35.6
A_PA	1330	1557	A	0	0	1557	37.1
A_PA	1331	1640	A	0	0	1640	34.5
A_PA	1332	1690	C	0	0	1690	34.1
A_PA	1333	1876	T	0	0	1876	34.3
A_PA	1334	1438	A	0	0	1438	35.4
A_PA	1335	1543	T	0	0	1543	34.3
A_PA	1336	1739	T	0	0	1739	35.6
A_PA	1337	1453	T	0	0	1453	34.4
A_PA	1338	1423	C	0	0	1423	36.1
A_PA	1339	1479	A	0	0	1479	34.7
A_PA	1340	1712	C	0	0	1712	35.3
A_PA	1341	1581	A	0	0	1581	34.8
A_PA	1342	1583	G	0	0	1583	36.3
A_PA	1343	1519	C	0	0	1519	37.8
A_PA	1344	1505	G	0	0	1505	36.2
A_PA	1345	1791	G	0	0	1791	35.0
A_PA	1346	1473	A	0	0	1473	37.5
A_PA	1347	1574	G	0	0	1574	36.5
A_PA	1348	1629	G	0	0	1629	34.0
A_PA	1349	1522	T	0	0	1522	36.7
A_PA	1350	1417	A	0	0	1417	37.0
A_PA	1351	1587	T	0	0	1587	34.1
A_PA	1352	1645	C	0	0	1645	34.6
A_PA	1353	1518	C	0	0	1518	36.3
A_PA	1354	1467	C	0	0	1467	34.2
A_PA	1355	1733	A	0	0	1733	36.8
A_PA	1356	1536	T	0	0	1536	35.8
A_PA	1357	1656	T	0	0	1656	37.4
A_PA	1358	1796	G	0	0	1796	35.7
A_PA	1359	1620	C	0	0	1620	34.5
A_PA	1360	1506	A	0	0	1506	37.7
A_PA	1361	1892	G	0	0	1892	37.4
A_PA	1362	1505	G	0	0	1505	34.6
A_PA	1363	1603	G	0	0	1603	36.5
A_PA	1364	1765	C	0	0	1765	35.2
A_PA	1365	1699	C	0	0	1699	34.5
A_PA	1366	1589	A	0	0	1589	36.9
A_PA	1367	1543	C	0	0	1543	35.7
A_PA	1368	1809	T	0	0	1809	34.6
A_PA	1369	1717	G	0	0	1717	36.5
A_PA	1370	1646	A	0	0	1646	37.9
A_PA	1371	1575	A	0	0	1575	34.2
A_PA	1372	1654	T	0	0	1654	36.5
A_PA	1373	1794	A	0	0	1794	34.3
A_PA	1374	1675	C	0	0	1675	36.4
A_PA	1375	1678	A	0	0	1678	37.7
A_PA	1376	1590	T	0	0	1590	35.8
A_PA	1377	1781	A	0	0	1781	37.8
A_PA	1378	1726	A	0	0	1726	37.9
A_PA	1379	1814	T	0	0	1814	36.2
A_PA	1380	1681	G	0	0	1681	36.5
A_PA	1381	1754	A	0	0	1754	34.9
A_PA	1382	1614	A	0	0	1614	34.7
A_PA	1383	1860	G	0	0	1860	36.9
A_PA	1384	1852	G	0	0	1852	35.3
A_PA	1385	1746	G	0	0	1746	37.8
A_PA	1386	1698	A	0	0	1698	37.1
A_PA	1387	1741	G	0	0	1741	34.6
A_PA	1388	1788	T	0	0	1788	37.3
A_PA	1389	1844	A	0	0	1844	34.0
A_PA	1390	1936	T	0	0	1936	36.6
A_PA	1391	1785	A	0	0	1785	36.4
A_PA	1392	1709	C	0	0	1709	34.1
A_PA	1393	1920	A	0	0	1920	35.3
A_PA	1394	1720	T	0	0	1720	35.3
A_PA	1395	1744	A	0	0	1744	34.7
A_PA	1396	1756	A	0	0	1756	36.4
A_PA	1397	1759	A	0	0	1759	35.5
A_PA	1398	1892	C	0	0	1892	34.5
A_PA	1399	1731	A	0	0	1731	37.2
A_PA	1400	1718	C	0	0	1718	37.2
A_PA	1401	1819	A	0	0	1819	34.0
A_PA	1402	2116	G	0	0	2116	35.2
A_PA	1403	1776	C	0	0	1776	36.8
A_PA	1404	1813	C	0	0	1813	35.4
A_PA	1405	2162	C	0	0	2162	35.5
A_PA	1406	2031	T	0	0	2031	37.0
A_PA	1407	2091	A	0	0	2091	35.2
A_PA	1408	1997	T	0	0	1997	34.8
A_PA	1409	1854	T	0	0	1854	36.7
A_PA	1410	2067	G	0	0	2067	34.6
A_PA	1411	1906	A	0	0	1906	37.6
A_PA	1412	2017	A	0	0	2017	37.3
A_PA	1413	1931	T	0	0	1931	34.0
A_PA	1414	2081	G	0	0	2081	37.3
A_PA	1415	2020	C	0	0	2020	35.2
A_PA	1416	2074	A	0	0	2074	35.5
A_PA	1417	2002	T	0	0	2002	36.1
A_PA	1418	2115	C	0	0	2115	36.6
A_PA	1419	2141	C	0	0	2141	34.8
A_PA	1420	2276	T	0	0	2276	35.7
A_PA	1421	2170	G	0	0	2170	37.3
A_PA	1422	1987	T	0	0	1987	34.8
A_PA	1423	2040	G	0	0	2040	37.2
A_PA	1424	2107	C	0	0	2107	34.3
A_PA	1425	2119	A	0	0	2119	35.3
A_PA	1426	2062	G	0	0	2062	35.8
A_PA	1427	2203	C	0	0	2203	36.2
A_PA	1428	2099	C	0	0	2099	34.6
A_PA	1429	2257	A	0	0	2257	34.9
A_PA	1430	2198	T	0	0	2198	35.4
A_PA	1431	2284	G	0	0	2284	35.5
A_PA	1432	2125	G	0	0	2125	35.5
A_PA	1433	2269	A	0	0	2269	37.7
A_PA	1434	2413	T	0	0	2413	35.8
A_PA	1435	1964	G	0	0	1964	37.5
A_PA	1436	2392	A	0	0	2392	35.8
A_PA	1437	2079	C	0	0	2079	35.8
A_PA	1438	2252	T	0	0	2252	37.8
A_PA	1439	2378	T	0	0	2378	37.9
A_PA	1440	2219	C	0	0	2219	35.4
A_PA	1441	2446	C	0	0	2446	37.2
A_PA	1442	2411	A	0	0	2411	34.7
A_PA	1443	2245	A	0	0	2245	36.5
A_PA	1444	2517	T	0	0	2517	36.0
A_PA	1445	2191	T	0	0	2191	34.2
A_PA	1446	2594	G	0	0	2594	35.6
A_PA	1447	2769	A	0	0	2769	36.8
A_PA	1448	2277	T	0	0	2277	34.8
A_PA	1449	2295	T	0	0	2295	34.5
A_PA	1450	2426	C	0	0	2426	35.2
A_PA	1451	2745	C	0	0	2745	36.5
A_PA	1452	2303	A	0	0	2303	34.1
A_PA	1453	2396	A	0	0	2396	35.3
A_PA	1454	2403	T	0	0	2403	34.6
A_PA	1455	2542	G	0	0	2542	37.5
A_PA	1456	2292	A	0	0	2292	34.5
A_PA	1457	2439	T	0	0	2439	34.1
A_PA	1458	2484	A	0	0	2484	34.9
A_PA	1459	2521	A	0	0	2521	34.9
A_PA	1460	2403	G	0	0	2403	34.1
A_PA	1461	2580	T	0	0	2580	35.7
A_PA	1462	2483	A	0	0	2483	36.2
A_PA	1463	2576	A	0	0	2576	35.2
A_PA	1464	2430	G	0	0	2430	34.9
A_PA	1465	2561	T	0	0	2561	34.6
A_PA	1466	2567	G	0	0	2567	36.5
A_PA	1467	2581	C	0	0	2581	36.1
A_PA	1468	2525	A	0	0	2525	35.6
A_PA	1469	2603	G	0	0	2603	37.4
A_PA	1470	2384	A	0	0	2384	36.4
A_PA	1471	2507	A	0	0	2507	35.2
A_PA	1472	2515	C	0	0	2515	34.8
A_PA	1473	2482	T	0	0	2482	36.4
A_PA	1474	3018	A	0	0	3018	37.9
A_PA	1475	2578	A	0	0	2578	36.0
A_PA	1476	2382	A	0	0	2382	37.4
A_PA	1477	2545	G	0	0	2545	34.9
A_PA	1478	2918	A	0	0	2918	35.6
A_PA	1479	2921	A	0	0	2921	36.2
A_PA	1480	2688	G	0	0	2688	37.9
A_PA	1481	2858	G	0	0	2858	36.4
A_PA	1482	2757	A	0	0	2757	34.2
A_PA	1483	2552	A	0	0	2552	36.3
A_PA	1484	2623	G	0	0	2623	37.1
A_PA	1485	2702	A	0	0	2702	36.8
A_PA	1486	2799	C	0	0	2799	34.8
A_PA	1487	2759	G	0	0	2759	37.0
A_PA	1488	2606	G	0	0	2606	34.6
A_PA	1489	2750	A	0	0	2750	35.0
A_PA	1490	2825	A	0	0	2825	34.5
A_PA	1491	2794	G	0	0	2794	34.2
A_PA	1492	2679	A	0	0	2679	35.9
A_PA	1493	2638	C	0	0	2638	35.6
A_PA	1494	2483	A	0	0	2483	36.7
A_PA	1495	2774	A	0	0	2774	36.9
A_PA	1496	2613	A	0	0	2613	34.3
A_PA	1497	2905	T	0	0	2905	35.0
A_PA	1498	2883	C	0	0	2883	37.6
A_PA	1499	2565	T	0	0	2565	36.7
A_PA	1500	3183	G	0	0	3183	34.5
A_PA	1501	2629	T	0	0	2629	36.1
A_PA	1502	2595	A	0	0	2595	34.9
A_PA	1503	2720	T	0	0	2720	35.4
A_PA	1504	3154	G	0	0	3154	36.3
A_PA	1505	2646	G	0	0	2646	35.0
A_PA	1506	2505	A	0	0	2505	34.4
A_PA	1507	2369	T	0	0	2369	34.0
A_PA	1508	2521	T	0	0	2521	36.2
A_PA	1509	2820	C	0	0	2820	36.0
A_PA	1510	2581	A	0	0	2581	34.9
A_PA	1511	2701	T	0	0	2701	35.9
A_PA	1512	2972	T	0	0	2972	38.0
A_PA	1513	2814	A	0	0	2814	37.7
A_PA	1514	2846	T	0	0	2846	34.6
A_PA	1515	2732	A	0	0	2732	34.8
A_PA	1516	2906	A	0	0	2906	36.1
A_PA	1517	2636	A	0	0	2636	37.9
A_PA	1518	2889	A	0	0	2889	35.2
A_PA	1519	2759	G	0	0	2759	34.7
A_PA	1520	2664	G	0	0	2664	37.5
A_PA	1521	2786	A	0	0	2786	36.2
A_PA	1522	3044	A	0	0	3044	37.4
A_PA	1523	2568	G	0	0	2568	34.0
A_PA	1524	2713	A	0	0	2713	35.6
A_PA	1525	2775	T	0	0	2775	35.0
A_PA	1526	2852	C	0	0	2852	36.3
A_PA	1527	2807	C	0	0	2807	37.2
A_PA	1528	2549	C	0	0	2549	37.7
A_PA	1529	2455	A	0	0	2455	35.7
A_PA	1530	2735	T	0	0	2735	35.4
A_PA	1531	2310	T	0	0	2310	37.7
A_PA	1532	2719	T	0	0	2719	37.3
A_PA	1533	2800	G	0	0	2800	37.7
A_PA	1534	2788	A	0	0	2788	34.0
A_PA	1535	2747	G	0	0	2747	36.8
A_PA	1536	2872	G	0	0	2872	34.7
A_PA	1537	2735	A	0	0	2735	37.4
A_PA	1538	2556	A	0	0	2556	35.0
A_PA	1539	2452	T	0	0	2452	37.2
A_PA	1540	2660	G	0	0	2660	35.3
A_PA	1541	2983	A	0	0	2983	34.1
A_PA	1542	2977	C	0	0	2977	35.9
A_PA	1543	2661	A	0	0	2661	34.5
A_PA	1544	2792	C	0	0	2792	35.5
A_PA	1545	2723	C	0	0	2723	35.0
A_PA	1546	2702	G	0	0	2702	35.7
A_PA	1547	2525	A	0	0	2525	35.5
A_PA	1548	2734	T	0	0	2734	34.1
A_PA	1549	2639	G	0	0	2639	36.7
A_PA	1550	2785	T	0	0	2785	37.1
A_PA	1551	2734	G	0	0	2734	34.1
A_PA	1552	2969	G	0	0	2969	35.4
A_PA	1553	2909	T	0	0	2909	37.3
A_PA	1554	2926	A	0	0	2926	35.1
A_PA	1555	2901	A	0	0	2901	36.6
A_PA	1556	2713	A	0	0	2713	35.1
A_PA	1557	2581	C	0	0	2581	35.1
A_PA	1558	2719	T	0	0	2719	37.6
A_PA	1559	2527	T	0	0	2527	37.0
A_PA	1560	2609	T	0	0	2609	37.4
A_PA	1561	2668	G	0	0	2668	37.4
A_PA	1562	2357	T	0	0	2357	35.4
A_PA	1563	2743	G	0	0	2743	35.1
A_PA	1564	2728	A	0	0	2728	34.6
A_PA	1565	2394	G	0	0	2394	34.5
A_PA	1566	2784	C	0	0	2784	37.3
A_PA	1567	2774	A	0	0	2774	34.2
A_PA	1568	2311	T	0	0	2311	37.6
A_PA	1569	2360	G	0	0	2360	34.2
A_PA	1570	2778	G	0	0	2778	35.0
A_PA	1571	2638	A	0	0	2638	37.1
A_PA	1572	2547	A	0	0	2547	37.1
A_PA	1573	2370	T	0	0	2370	36.8
A_PA	1574	2737	T	0	0	2737	34.4
A_PA	1575	2303	C	0	0	2303	36.6
A_PA	1576	2783	T	0	0	2783	37.3
A_PA	1577	2699	C	0	0	2699	35.1
A_PA	1578	2991	T	0	0	2991	35.3
A_PA	1579	2464	C	0	0	2464	34.3
A_PA	1580	2588	T	0	0	2588	36.9
A_PA	1581	2665	A	0	0	2665	35.4
A_PA	1582	2535	A	0	0	2535	36.4
A_PA	1583	2382	C	0	0	2382	35.7
A_PA	1584	2541	T	0	0	2541	37.7
A_PA	1585	2443	G	0	0	2443	38.0
A_PA	1586	2501	A	0	0	2501	37.3
A_PA	1587	2338	C	0	0	2338	36.6
A_PA	1588	2666	C	0	0	2666	36.9
A_PA	1589	2904	C	0	0	2904	35.1
A_PA	1590	2591	G	0	0	2591	37.9
A_PA	1591	2556	A	0	0	2556	37.5
A_PA	1592	2598	G	0	0	2598	34.1
A_PA	1593	2299	G	0	0	2299	37.1
A_PA	1594	2395	C	0	0	2395	35.9
A_PA	1595	2651	T	0	0	2651	37.4
A_PA	1596	2259	A	0	0	2259	35.3
A_PA	1597	2527	G	0	0	2527	35.3
A_PA	1598	2368	A	0	0	2368	37.4
A_PA	1599	2382	G	0	0	2382	36.1
A_PA	1600	2501	C	0	0	2501	35.2
A_PA	1601	2427	C	0	0	2427	35.1
A_PA	1602	2370	A	0	0	2370	34.6
A_PA	1603	2348	C	0	0	2348	37.1
A_PA	1604	2340	A	0	0	2340	38.0
A_PA	1605	2270	C	0	0	2270	37.7
A_PA	1606	2475	A	0	0	2475	35.5
A_PA	1607	2401	A	0	0	2401	37.6
A_PA	1608	2394	A	0	0	2394	35.5
A_PA	1609	2471	T	0	0	2471	37.1
A_PA	1610	2532	G	0	0	2532	35.6
A_PA	1611	2504	G	0	0	2504	34.8
A_PA	1612	2329	G	0	0	2329	37.9
A_PA	1613	2458	A	0	0	2458	34.9
A_PA	1614	2471	A	0	0	2471	36.5
A_PA	1615	2517	A	0	0	2517	36.3
A_PA	1616	2414	A	0	0	2414	35.3
A_PA	1617	2312	G	0	0	2312	36.6
A_PA	1618	2559	T	0	0	2559	35.7
A_PA	1619	2536	A	0	0	2536	36.6
A_PA	1620	2350	C	0	0	2350	34.1
A_PA	1621	2275	T	0	0	2275	36.2
A_PA	1622	2169	G	0	0	2169	34.5
A_PA	1623	2269	T	0	0	2269	36.4
A_PA	1624	2490	G	0	0	2490	34.1
A_PA	1625	2392	T	0	0	2392	37.2
A_PA	1626	2297	T	0	0	2297	34.2
A_PA	1627	2662	C	0	0	2662	37.0
A_PA	1628	2215	T	0	0	2215	37.1
A_PA	1629	2048	T	0	0	2048	36.5
A_PA	1630	2257	G	0	0	2257	36.6
A_PA	1631	2302	A	0	0	2302	35.1
A_PA	1632	2213	G	0	0	2213	34.8
A_PA	1633	2502	A	0	0	2502	35.9
A_PA	1634	2615	T	0	0	2615	37.8
A_PA	1635	2381	A	0	0	2381	37.3
A_PA	1636	2360	G	0	0	2360	34.8
A_PA	1637	2266	G	0	0	2266	35.7
A_PA	1638	2044	A	0	0	2044	36.9
A_PA	1639	2350	G	0	0	2350	35.4
A_PA	1640	2301	A	0	0	2301	36.0
A_PA	1641	2203	C	0	0	2203	38.0
A_PA	1642	2070	A	0	0	2070	37.0
A_PA	1643	2444	T	0	0	2444	36.4
A_PA	1644	2090	G	0	0	2090	35.3
A_PA	1645	2213	C	0	0	2213	37.3
A_PA	1646	2247	T	0	0	2247	36.6
A_PA	1647	2476	C	0	0	2476	36.6
A_PA	1648	2228	C	0	0	2228	34.1
A_PA	1649	2504	T	0	0	2504	36.4
A_PA	1650	2292	A	0	0	2292	35.9
A_PA	1651	2346	C	0	0	2346	36.8
A_PA	1652	2317	G	0	0	2317	37.2
A_PA	1653	2216	G	0	0	2216	36.5
A_PA	1654	2368	A	0	0	2368	35.1
A_PA	1655	2154	C	0	0	2154	36.6
A_PA	1656	2243	T	0	0	2243	36.2
A_PA	1657	2113	G	0	0	2113	36.3
A_PA	1658	2108	C	0	0	2108	34.6
A_PA	1659	1960	A	0	0	1960	34.5
A_PA	1660	1879	A	0	0	1879	35.2
A_PA	1661	2317	T	0	0	2317	35.7
A_PA	1662	2264	A	0	0	2264	37.5
A_PA	1663	2207	G	0	0	2207	35.2
A_PA	1664	2085	G	0	0	2085	36.0
A_PA	1665	2091	C	0	0	2091	37.4
A_PA	1666	2208	C	0	0	2208	37.7
A_PA	1667	2086	A	0	0	2086	35.9
A_PA	1668	2239	A	0	0	2239	35.1
A_PA	1669	2220	G	0	0	2220	34.1
A_PA	1670	2046	T	0	0	2046	34.5
A_PA	1671	2226	G	0	0	2226	37.9
A_PA	1672	2251	T	0	0	2251	36.5
A_PA	1673	2383	C	0	0	2383	35.7
A_PA	1674	2386	G	0	0	2386	37.3
A_PA	1675	2244	A	0	0	2244	36.3
A_PA	1676	2228	G	0	0	2228	36.1
A_PA	1677	2153	G	0	0	2153	35.7
A_PA	1678	2258	C	0	0	2258	37.8
A_PA	1679	2389	C	0	0	2389	36.7
A_PA	1680	2213	C	0	0	2213	34.2
A_PA	1681	2363	A	0	0	2363	34.6
A_PA	1682	2139	T	0	0	2139	37.2
A_PA	1683	2202	G	0	0	2202	36.3
A_PA	1684	2257	T	0	0	2257	36.7
A_PA	1685	2038	T	0	0	2038	36.8
A_PA	1686	2045	C	0	0	2045	37.6
A_PA	1687	2282	C	0	0	2282	35.6
A_PA	1688	2305	T	0	0	2305	36.2
A_PA	1689	1966	G	0	0	1966	34.4
A_PA	1690	2155	T	0	0	2155	35.1
A_PA	1691	2346	A	0	0	2346	35.4
A_PA	1692	2167	T	0	0	2167	35.4
A_PA	1693	2282	G	0	0	2282	36.8
A_PA	1694	2228	T	0	0	2228	34.1
A_PA	1695	2194	G	0	0	2194	34.0
A_PA	1696	2154	A	0	0	2154	37.0
A_PA	1697	2209	G	0	0	2209	34.9
A_PA	1698	2161	A	0	0	2161	36.4
A_PA	1699	2227	A	0	0	2227	34.7
A_PA	1700	2386	C	0	0	2386	37.2
A_PA	1701	2141	C	0	0	2141	35.1
A_PA	1702	2267	A	0	0	2267	35.0
A_PA	1703	2057	A	0	0	2057	37.8
A_PA	1704	2160	T	0	0	2160	34.2
A_PA	1705	2159	G	0	0	2159	36.2
A_PA	1706	2488	G	0	0	2488	37.9
A_PA	1707	2208	G	0	0	2208	35.0
A_PA	1708	2333	A	0	0	2333	36.1
A_PA	1709	2206	C	0	0	2206	37.4
A_PA	1710	2302	T	0	0	2302	35.0
A_PA	1711	2282	T	0	0	2282	35.5
A_PA	1712	2132	C	0	0	2132	35.6
A_PA	1713	2158	C	0	0	2158	36.3
A_PA	1714	2185	A	0	0	2185	35.2
A_PA	1715	2146	A	0	0	2146	35.4
A_PA	1716	2168	G	0	0	2168	34.4
A_PA	1717	2485	A	0	0	2485	37.5
A_PA	1718	2284	T	0	0	2284	37.3
A_PA	1719	2496	C	0	0	2496	34.8
A_PA	1720	2083	A	0	0	2083	34.2
A_PA	1721	2197	A	0	0	2197	34.3
A_PA	1722	2395	A	0	0	2395	37.5
A_PA	1723	2235	A	0	0	2235	37.7
A_PA	1724	2233	T	0	0	2233	36.8
A_PA	1725	2206	G	0	0	2206	35.5
A_PA	1726	2226	A	0	0	2226	35.4
A_PA	1727	2236	A	0	0	2236	35.6
A_PA	1728	2052	A	0	0	2052	35.5
A_PA	1729	2284	T	0	0	2284	35.7
A_PA	1730	2210	G	0	0	2210	35.6
A_PA	1731	2061	G	0	0	2061	36.5
A_PA	1732	2184	G	0	0	2184	34.8
A_PA	1733	2205	G	0	0	2205	36.2
A_PA	1734	2219	C	0	0	2219	35.0
A_PA	1735	2232	A	0	0	2232	35.9
A_PA	1736	2426	T	0	0	2426	36.4
A_PA	1737	2156	G	0	0	2156	36.2
A_PA	1738	2072	G	0	0	2072	35.8
A_PA	1739	2552	A	0	0	2552	37.8
A_PA	1740	2222	G	0	0	2222	36.3
A_PA	1741	2031	A	0	0	2031	36.0
A_PA	1742	2232	T	0	0	2232	37.5
A_PA	1743	2407	G	0	0	2407	37.9
A_PA	1744	2266	A	0	0	2266	37.2
A_PA	1745	2332	G	0	0	2332	34.4
A_PA	1746	2439	G	0	0	2439	36.0
A_PA	1747	2380	C	0	0	2380	37.6
A_PA	1748	2369	G	0	0	2369	35.2
A_PA	1749	2162	A	0	0	2162	36.1
A_PA	1750	2104	T	0	0	2104	35.2
A_PA	1751	2391	G	0	0	2391	34.3
A_PA	1752	2648	C	0	0	2648	37.1
A_PA	1753	2251	C	0	0	2251	37.7
A_PA	1754	2275	T	0	0	2275	37.8
A_PA	1755	2164	T	0	0	2164	34.3
A_PA	1756	2320	C	0	0	2320	34.1
A_PA	1757	2420	T	0	0	2420	37.2
A_PA	1758	2321	T	0	0	2321	36.5
A_PA	1759	2425	C	0	0	2425	37.0
A_PA	1760	2098	A	0	0	2098	36.6
A_PA	1761	2297	G	0	0	2297	36.3
A_PA	1762	2216	T	0	0	2216	36.9
A_PA	1763	2350	C	0	0	2350	35.2
A_PA	1764	2406	C	0	0	2406	37.1
A_PA	1765	2138	C	0	0	2138	37.9
A_PA	1766	2413	T	0	0	2413	35.6
A_PA	1767	2431	T	0	0	2431	36.6
A_PA	1768	2447	C	0	0	2447	35.8
A_PA	1769	2375	A	0	0	2375	35.1
A_PA	1770	2187	A	0	0	2187	34.1
A_PA	1771	2267	C	0	0	2267	37.7
A_PA	1772	2156	A	0	0	2156	36.5
A_PA	1773	2335	A	0	0	2335	35.0
A_PA	1774	2260	A	0	0	2260	35.7
A_PA	1775	2348	T	0	0	2348	36.8
A_PA	1776	2221	T	0	0	2221	34.9
A_PA	1777	2398	G	0	0	2398	34.3
A_PA	1778	2325	A	0	0	2325	34.8
A_PA	1779	2347	G	0	0	2347	35.0
A_PA	1780	2288	A	0	0	2288	34.3
A_PA	1781	2274	G	0	0	2274	34.5
A_PA	1782	2444	C	0	0	2444	36.7
A_PA	1783	2226	A	0	0	2226	36.7
A_PA	1784	2370	T	0	0	2370	37.4
A_PA	1785	2441	G	0	0	2441	34.9
A_PA	1786	2165	A	0	0	2165	35.7
A_PA	1787	2080	T	0	0	2080	35.3
A_PA	1788	2247	T	0	0	2247	37.3
A_PA	1789	2364	G	0	0	2364	35.9
A_PA	1790	2172	A	0	0	2172	35.8
A_PA	1791	2209	G	0	0	2209	35.1
A_PA	1792	2492	G	0	0	2492	35.1
A_PA	1793	2249	C	0	0	2249	36.4
A_PA	1794	2429	C	0	0	2429	35.1
A_PA	1795	2183	G	0	0	2183	37.7
A_PA	1796	2413	A	0	0	2413	35.5
A_PA	1797	2258	A	0	0	2258	34.8
A_PA	1798	2424	T	0	0	2424	34.1
A_PA	1799	2515	C	0	0	2515	34.1
A_PA	1800	2273	T	0	0	2273	36.7
A_PA	1801	2133	T	0	0	2133	37.6
A_PA	1802	2276	C	0	0	2276	36.4
A_PA	1803	2244	T	0	0	2244	35.2
A_PA	1804	2208	G	0	0	2208	37.9
A_PA	1805	2256	T	0	0	2256	35.6
A_PA	1806	2235	C	0	0	2235	35.9
A_PA	1807	2405	A	0	0	2405	34.3
A_PA	1808	2255	A	0	0	2255	34.7
A_PA	1809	2390	A	0	0	2390	35.0
A_PA	1810	2185	G	0	0	2185	36.2
A_PA	1811	2362	A	0	0	2362	34.1
A_PA	1812	2244	G	0	0	2244	35.7
A_PA	1813	2417	A	0	0	2417	34.8
A_PA	1814	2416	A	0	0	2416	35.6
A_PA	1815	2222	G	0	0	2222	34.5
A_PA	1816	2310	G	0	0	2310	34.8
A_PA	1817	2306	A	0	0	2306	34.7
A_PA	1818	2131	C	0	0	2131	37.9
A_PA	1819	2504	A	0	0	2504	35.4
A_PA	1820	2089	T	0	0	2089	34.1
A_PA	1821	2123	G	0	0	2123	34.1
A_PA	1822	2284	T	0	0	2284	34.7
A_PA	1823	2110	C	0	0	2110	35.4
A_PA	1824	2378	C	0	0	2378	34.9
A_PA	1825	2279	A	0	0	2279	36.9
A_PA	1826	2334	A	0	0	2334	35.7
A_PA	1827	2229	G	0	0	2229	35.0
A_PA	1828	2249	G	0	0	2249	37.7
A_PA	1829	2128	A	0	0	2128	34.7
A_PA	1830	2140	A	0	0	2140	37.0
A_PA	1831	2244	T	0	0	2244	37.3
A_PA	1832	2167	T	0	0	2167	34.4
A_PA	1833	2182	C	0	0	2182	34.9
A_PA	1834	2473	T	0	0	2473	35.1
A_PA	1835	2162	T	0	0	2162	36.5
A_PA	1836	2089	T	0	0	2089	34.1
A_PA	1837	1842	G	0	0	1842	36.6
A_PA	1838	2253	A	0	0	2253	37.3
A_PA	1839	1968	A	0	0	1968	34.3
A_PA	1840	2030	A	0	0	2030	34.3
A_PA	1841	1964	A	0	0	1964	35.4
A_PA	1842	1948	C	0	0	1948	34.9
A_PA	1843	2358	A	0	0	2358	37.9
A_PA	1844	1941	A	0	0	1941	36.5
A_PA	1845	2180	A	0	0	2180	37.6
A_PA	1846	2114	T	0	0	2114	36.7
A_PA	1847	2080	C	0	0	2080	34.1
A_PA	1848	2001	A	0	0	2001	35.6
A_PA	1849	2118	G	0	0	2118	36.2
A_PA	1850	1976	A	0	0	1976	37.6
A_PA	1851	2187	A	0	0	2187	36.2
A_PA	1852	2051	A	0	0	2051	34.1
A_PA	1853	1841	C	0	0	1841	36.5
A_PA	1854	2115	A	0	0	2115	34.6
A_PA	1855	2011	T	0	0	2011	36.8
A_PA	1856	1992	G	0	0	1992	37.6
A_PA	1857	1968	G	0	0	1968	35.0
A_PA	1858	1977	C	0	0	1977	36.2
A_PA	1859	2126	C	0	0	2126	34.2
A_PA	1860	1937	A	0	0	1937	34.6
A_PA	1861	2049	A	0	0	2049	34.1
A_PA	1862	1832	T	0	0	1832	34.2
A_PA	1863	1908	T	0	0	1908	34.1
A_PA	1864	1806	G	0	0	1806	37.9
A_PA	1865	1940	G	0	0	1940	35.4
A_PA	1866	2035	A	0	0	2035	34.4
A_PA	1867	1821	G	0	0	1821	35.5
A_PA	1868	1860	A	0	0	1860	37.1
A_PA	1869	1861	A	0	0	1861	37.2
A_PA	1870	1849	T	0	0	1849	34.9
A_PA	1871	1699	C	0	0	1699	35.6
A_PA	1872	1771	A	0	0	1771	36.0
A_PA	1873	1960	C	0	0	1960	35.5
A_PA	1874	1709	C	0	0	1709	36.1
A_PA	1875	1735	C	0	0	1735	37.9
A_PA	1876	1836	A	0	0	1836	35.1
A_PA	1877	1905	A	0	0	1905	37.8
A_PA	1878	1709	A	0	0	1709	35.6
A_PA	1879	1915	G	0	0	1915	35.4
A_PA	1880	1796	G	0	0	1796	36.4
A_PA	1881	1854	G	0	0	1854	35.1
A_PA	1882	1766	G	0	0	1766	34.8
A_PA	1883	1958	T	0	0	1958	37.9
A_PA	1884	1662	G	0	0	1662	35.7
A_PA	1885	1768	G	0	0	1768	35.0
A_PA	1886	1660	A	0	0	1660	34.2
A_PA	1887	1606	G	0	0	1606	35.5
A_PA	1888	1953	G	0	0	1953	35.7
A_PA	1889	1773	A	0	0	1773	37.5
A_PA	1890	1655	A	0	0	1655	36.3
A_PA	1891	1811	G	0	0	1811	37.4
A_PA	1892	1593	G	0	0	1593	36.2
A_PA	1893	1737	C	0	0	1737	36.4
A_PA	1894	1822	T	0	0	1822	36.4
A_PA	1895	1743	C	0	0	1743	35.8
A_PA	1896	1540	T	0	0	1540	35.4
A_PA	1897	1582	A	0	0	1582	36.3
A_PA	1898	1372	T	0	0	1372	37.6
A_PA	1899	1640	T	0	0	1640	34.1
A_PA	1900	1634	G	0	0	1634	35.3
A_PA	1901	1662	G	0	0	1662	37.9
A_PA	1902	1645	G	0	0	1645	36.7
A_PA	1903	1708	A	0	0	1708	34.2
A_PA	1904	1539	A	0	0	1539	35.2
A_PA	1905	1488	A	0	0	1488	34.4
A_PA	1906	1746	G	0	0	1746	34.0
A_PA	1907	1579	T	0	0	1579	35.7
A_PA	1908	1450	A	0	0	1450	37.3
A_PA	1909	1595	T	0	0	1595	35.7
A_PA	1910	1551	G	0	0	1551	37.4
A_PA	1911	1544	C	0	0	1544	37.7
A_PA	1912	1737	A	0	0	1737	34.6
A_PA	1913	1445	G	0	0	1445	36.1
A_PA	1914	1267	A	0	0	1267	36.0
A_PA	1915	1433	A	0	0	1433	34.8
A_PA	1916	1510	C	0	0	1510	36.7
A_PA	1917	1485	A	0	0	1485	36.6
A_PA	1918	1568	T	0	0	1568	37.1
A_PA	1919	1352	T	0	0	1352	34.6
A_PA	1920	1581	G	0	0	1581	34.6
A_PA	1921	1512	C	0	0	1512	34.2
A_PA	1922	1592	T	0	0	1592	36.0
A_PA	1923	1444	A	0	0	1444	36.9
A_PA	1924	1462	G	0	0	1462	37.6
A_PA	1925	1569	C	0	0	1569	37.2
A_PA	1926	1534	A	0	0	1534	35.0
A_PA	1927	1309	A	0	0	1309	35.4
A_PA	1928	1418	A	0	0	1418	36.2
A_PA	1929	1417	G	0	0	1417	37.2
A_PA	1930	1478	T	0	0	1478	35.9
A_PA	1931	1528	C	0	0	1528	35.1
A_PA	1932	1429	T	0	0	1429	34.7
A_PA	1933	1447	G	0	0	1447	35.2
A_PA	1934	1368	T	0	0	1368	37.4
A_PA	1935	1403	G	0	0	1403	35.8
A_PA	1936	1141	T	0	0	1141	35.0
A_PA	1937	1381	T	0	0	1381	35.8
A_PA	1938	1366	C	0	0	1366	34.4
A_PA	1939	1403	A	0	0	1403	35.8
A_PA	1940	1421	A	0	0	1421	34.7
A_PA	1941	1377	C	0	0	1377	36.3
A_PA	1942	1368	A	0	0	1368	37.6
A_PA	1943	1425	G	0	0	1425	36.0
A_PA	1944	1478	C	0	0	1478	36.5
A_PA	1945	1335	C	0	0	1335	34.5
A_PA	1946	1376	T	0	0	1376	34.9
A_PA	1947	1243	A	0	0	1243	37.6
A_PA	1948	1493	T	0	0	1493	34.9
A_PA	1949	1517	A	0	0	1517	35.1
A_PA	1950	1409	T	0	0	1409	35.9
A_PA	1951	1406	G	0	0	1406	35.2
A_PA	1952	1480	C	0	0	1480	37.2
A_PA	1953	1379	A	0	0	1379	35.5
A_PA	1954	1180	T	0	0	1180	34.7
A_PA	1955	1427	C	0	0	1427	37.4
A_PA	1956	1462	T	0	0	1462	37.5
A_PA	1957	1412	C	0	0	1412	35.8
A_PA	1958	1344	C	0	0	1344	37.6
A_PA	1959	1556	A	0	0	1556	37.8
A_PA	1960	1408	C	0	0	1408	35.7
A_PA	1961	1510	A	0	0	1510	34.2
A_PA	1962	1415	A	0	0	1415	35.9
A_PA	1963	1286	C	0	0	1286	37.0
A_PA	1964	1461	T	0	0	1461	36.4
A_PA	1965	1442	C	0	0	1442	36.8
A_PA	1966	1410	G	0	0	1410	36.1
A_PA	1967	1331	A	0	0	1331	35.0
A_PA	1968	1390	G	0	0	1390	35.9
A_PA	1969	1389	G	0	0	1389	35.2
A_PA	1970	1283	G	0	0	1283	35.9
A_PA	1971	1387	G	0	0	1387	37.8
A_PA	1972	1456	T	0	0	1456	34.9
A_PA	1973	1184	T	0	0	1184	35.7
A_PA	1974	1447	T	0	0	1447	35.7
A_PA	1975	1293	T	0	0	1293	37.0
A_PA	1976	1302	C	0	0	1302	34.9
A_PA	1977	1337	A	0	0	1337	35.7
A_PA	1978	1545	G	0	0	1545	34.9
A_PA	1979	1272	C	0	0	1272	37.5
A_PA	1980	1332	T	0	0	1332	34.6
A_PA	1981	1361	G	0	0	1361	34.4
A_PA	1982	1273	A	0	0	1273	37.3
A_PA	1983	1246	A	0	0	1246	37.7
A_PA	1984	1323	T	0	0	1323	35.8
A_PA	1985	1332	C	0	0	1332	35.8
A_PA	1986	1407	A	0	0	1407	36.8
A_PA	1987	1590	A	0	0	1590	36.3
A_PA	1988	1480	G	0	0	1480	35.4
A_PA	1989	1415	A	0	0	1415	36.3
A_PA	1990	1429	A	0	0	1429	35.8
A_PA	1991	1428	A	0	0	1428	34.0
A_PA	1992	1545	A	0	0	1545	36.8
A_PA	1993	1562	T	0	0	1562	37.3
A_PA	1994	1469	T	0	0	1469	36.1
A_PA	1995	1468	G	0	0	1468	35.4
A_PA	1996	1401	C	0	0	1401	34.4
A_PA	1997	1413	T	0	0	1413	37.9
A_PA	1998	1596	T	0	0	1596	36.5
A_PA	1999	1624	C	0	0	1624	36.5
A_PA	2000	1428	T	0	0	1428	37.0
A_PA	2001	1544	C	0	0	1544	37.3
A_PA	2002	1406	A	0	0	1406	37.9
A_PA	2003	1434	T	0	0	1434	35.3
A_PA	2004	1422	T	0	0	1422	36.9
A_PA	2005	1521	G	0	0	1521	35.9
A_PA	2006	1510	T	0	0	1510	38.0
A_PA	2007	1709	T	0	0	1709	34.8
A_PA	2008	1448	C	0	0	1448	36.5
A_PA	2009	1506	A	0	0	1506	35.1
A_PA	2010	1681	G	0	0	1681	35.5
A_PA	2011	1649	G	0	0	1649	35.7
A_PA	2012	1442	C	0	0	1442	37.4
A_PA	2013	1447	A	0	0	1447	35.5
A_PA	2014	1473	C	0	0	1473	37.2
A_PA	2015	1579	T	0	0	1579	35.0
A_PA	2016	1633	T	0	0	1633	34.4
A_PA	2017	1513	A	0	0	1513	35.8
A_PA	2018	1495	G	0	0	1495	35.7
A_PA	2019	1686	G	0	0	1686	35.4
A_PA	2020	1615	G	0	0	1615	35.4
A_PA	2021	1583	A	0	0	1583	34.5
A_PA	2022	1636	C	0	0	1636	37.5
A_PA	2023	1690	A	0	0	1690	36.0
A_PA	2024	1553	A	0	0	1553	35.8
A_PA	2025	1520	C	0	0	1520	36.5
A_PA	2026	1656	C	0	0	1656	35.7
A_PA	2027	1617	T	0	0	1617	36.1
A_PA	2028	1513	G	0	0	1513	34.4
A_PA	2029	1751	G	0	0	1751	36.6
A_PA	2030	1682	A	0	0	1682	35.5
A_PA	2031	1642	A	0	0	1642	35.1
A_PA	2032	1604	C	0	0	1604	36.9
A_PA	2033	1522	C	0	0	1522	34.5
A_PA	2034	1564	T	0	0	1564	35.4
A_PA	2035	1519	G	0	0	1519	37.4
A_PA	2036	1581	G	0	0	1581	36.7
A_PA	2037	1485	A	0	0	1485	34.6
A_PA	2038	1536	A	0	0	1536	35.2
A_PA	2039	1468	C	0	0	1468	34.1
A_PA	2040	1473	C	0	0	1473	36.7
A_PA	2041	1683	T	0	0	1683	37.7
A_PA	2042	1483	T	0	0	1483	35.0
A_PA	2043	1593	C	0	0	1593	34.9
A_PA	2044	1448	G	0	0	1448	36.2
A_PA	2045	1440	A	0	0	1440	35.6
A_PA	2046	1468	T	0	0	1468	37.9
A_PA	2047	1447	C	0	0	1447	35.1
A_PA	2048	1473	T	0	0	1473	34.5
A_PA	2049	1453	T	0	0	1453	34.1
A_PA	2050	1311	G	0	0	1311	37.3
A_PA	2051	1433	G	0	0	1433	34.7
A_PA	2052	1614	G	0	0	1614	34.9
A_PA	2053	1425	G	0	0	1425	35.6
A_PA	2054	1425	G	0	0	1425	35.3
A_PA	2055	1508	G	0	0	1508	35.9
A_PA	2056	1346	C	0	0	1346	36.6
A_PA	2057	1313	T	0	0	1313	37.9
A_PA	2058	1344	A	0	0	1344	35.0
A_PA	2059	1423	T	0	0	1423	35.8
A_PA	2060	1287	A	0	0	1287	36.8
A_PA	2061	1201	T	0	0	1201	35.2
A_PA	2062	1277	G	0	0	1277	35.2
A_PA	2063	1540	A	0	0	1540	34.3
A_PA	2064	1361	A	0	0	1361	36.6
A_PA	2065	1425	G	0	0	1425	37.9
A_PA	2066	1336	C	0	0	1336	36.8
A_PA	2067	1251	A	0	0	1251	35.4
A_PA	2068	1305	A	0	0	1305	34.6
A_PA	2069	1238	T	0	0	1238	36.4
A_PA	2070	1329	T	0	0	1329	35.6
A_PA	2071	1219	G	0	0	1219	35.9
A_PA	2072	1321	A	0	0	1321	35.7
A_PA	2073	1338	G	0	0	1338	37.9
A_PA	2074	1301	G	0	0	1301	37.1
A_PA	2075	1261	A	0	0	1261	36.1
A_PA	2076	1126	G	0	0	1126	37.0
A_PA	2077	1085	T	0	0	1085	37.8
A_PA	2078	1041	G	0	0	1041	35.9
A_PA	2079	998	C	0	0	998	35.3
A_PA	2080	1102	C	0	0	1102	34.7
A_PA	2081	1051	T	0	0	1051	35.3
A_PA	2082	1332	G	0	0	1332	36.7
A_PA	2083	1150	A	0	0	1150	37.7
A_PA	2084	1125	T	0	0	1125	34.7
A_PA	2085	1083	T	0	0	1083	34.1
A_PA	2086	1107	A	0	0	1107	36.9
A_PA	2087	1050	A	0	0	1050	34.1
A_PA	2088	978	C	0	0	978	34.7
A_PA	2089	964	G	0	0	964	37.1
A_PA	2090	1085	A	0	0	1085	34.1
A_PA	2091	892	T	0	0	892	34.4
A_PA	2092	999	C	0	0	999	34.2
A_PA	2093	1104	C	0	0	1104	35.5
A_PA	2094	1039	C	0	0	1039	34.0
A_PA	2095	1019	T	0	0	1019	34.8
A_PA	2096	1084	G	0	0	1084	35.4
A_PA	2097	912	G	0	0	912	37.9
A_PA	2098	820	G	0	0	820	37.2
A_PA	2099	964	T	0	0	964	35.5
A_PA	2100	841	T	0	0	841	34.0
A_PA	2101	892	T	0	0	892	37.1
A_PA	2102	876	T	0	0	876	35.6
A_PA	2103	969	G	0	0	969	36.4
A_PA	2104	740	C	0	0	740	34.7
A_PA	2105	844	T	0	0	844	34.4
A_PA	2106	829	T	0	0	829	34.7
A_PA	2107	793	A	0	0	793	37.2
A_PA	2108	743	A	0	0	743	37.5
A_PA	2109	783	T	0	0	783	36.4
A_PA	2110	740	G	0	0	740	35.4
A_PA	2111	724	C	0	0	724	37.3
A_PA	2112	716	A	0	0	716	35.0
A_PA	2113	600	T	0	0	600	37.7
A_PA	2114	582	C	0	0	582	35.5
A_PA	2115	595	T	0	0	595	36.7
A_PA	2116	611	T	0	0	611	37.2
A_PA	2117	588	G	0	0	588	34.1
A_PA	2118	618	G	0	0	618	35.5
A_PA	2119	639	T	0	0	639	37.5
A_PA	2120	545	T	0	0	545	35.4
A_PA	2121	556	C	0	0	556	35.3
A_PA	2122	471	A	0	0	471	36.2
A_PA	2123	535	A	0	0	535	35.3
A_PA	2124	481	C	0	0	481	35.0
A_PA	2125	481	T	0	0	481	36.4
A_PA	2126	471	C	0	0	471	36.0
A_PA	2127	424	C	0	0	424	34.3
A_PA	2128	407	T	0	0	407	36.5
A_PA	2129	388	T	0	0	388	36.0
A_PA	2130	407	C	0	0	407	35.5
A_PA	2131	381	C	0	0	381	35.9
A_PA	2132	361	T	0	0	361	36.9
A_PA	2133	326	C	0	0	326	36.8
A_PA	2134	326	A	0	0	326	35.6
A_PA	2135	287	C	0	0	287	35.5
A_PA	2136	322	A	0	0	322	36.3
A_PA	2137	264	C	0	0	264	35.0
A_PA	2138	250	A	0	0	250	34.8
A_PA	2139	222	T	0	0	222	34.9
A_PA	2140	199	G	0	0	199	37.8
A_PA	2141	187	C	0	0	187	35.3
A_PA	2142	180	A	0	0	180	37.0
A_PA	2143	161	C	0	0	161	35.9
A_PA	2144	133	T	0	0	133	35.7
A_PA	2145	131	G	0	0	131	35.3
A_PA	2146	98	A	0	0	98	37.5
A_PA	2147	82	A	0	0	82	35.8
A_PA	2148	57	A	0	0	57	37.8
A_PA	2149	37	T	0	0	37	34.1
A_PA	2150	18	A	0	0	18	34.4
A_PA	2151	0	G	0	0	0	35.6
