Reference_Name	Position	Coverage Depth	Consensus	Deletions	Ambiguous	Consensus_Count	Consensus_Average_Quality
A_PB2	1	10	A	0	0	10	36.6
A_PB2	2	22	T	0	0	22	34.5
A_PB2	3	36	G	0	0	36	34.8
A_PB2	4	49	G	0	0	49	37.5
A_PB2	5	64	A	0	0	64	36.5
A_PB2	6	80	G	0	0	80	37.4
A_PB2	7	82	A	0	0	82	35.6
A_PB2	8	99	G	0	0	99	35.9
A_PB2	9	113	A	0	0	113	34.6
A_PB2	10	110	A	0	0	110	37.2
A_PB2	11	130	T	0	0	130	36.4
A_PB2	12	142	A	0	0	142	36.6
A_PB2	13	178	A	0	0	178	35.1
A_PB2	14	169	A	0	0	169	37.3
A_PB2	15	183	A	0	0	183	34.3
A_PB2	16	200	G	0	0	200	36.3
A_PB2	17	196	A	0	0	196	37.7
A_PB2	18	227	A	0	0	227	37.4
A_PB2	19	227	C	0	0	227	36.9
A_PB2	20	219	T	0	0	219	35.7
A_PB2	21	231	A	0	0	231	35.0
A_PB2	22	241	A	0	0	241	37.1
A_PB2	23	232	G	0	0	232	36.9
A_PB2	24	256	A	0	0	256	37.5
A_PB2	25	271	G	0	0	271	34.5
A_PB2	26	313	A	0	0	313	35.4
A_PB2	27	335	T	0	0	335	35.6
A_PB2	28	333	C	0	0	333	36.8
A_PB2	29	352	T	0	0	352	34.0
A_PB2	30	358	A	0	0	358	37.8
A_PB2	31	346	A	0	0	346	36.7
A_PB2	32	365	T	0	0	365	35.2
A_PB2	33	405	G	0	0	405	35.1
A_PB2	34	402	T	0	0	402	37.4
A_PB2	35	406	C	0	0	406	37.9
A_PB2	36	400	A	0	0	400	35.2
A_PB2	37	434	C	0	0	434	37.2
A_PB2	38	415	A	0	0	415	34.2
A_PB2	39	405	G	0	0	405	36.1
A_PB2	40	406	T	0	0	406	35.9
A_PB2	41	458	C	0	0	458	36.2
A_PB2	42	514	T	0	0	514	37.0
A_PB2	43	459	C	0	0	459	37.6
A_PB2	44	510	G	0	0	510	36.7
A_PB2	45	470	C	0	0	470	37.8
A_PB2	46	541	A	0	0	541	34.5
A_PB2	47	484	C	0	0	484	36.2
A_PB2	48	518	T	0	0	518	34.5
A_PB2	49	534	C	0	0	534	34.9
A_PB2	50	540	G	0	0	540	34.8
A_PB2	51	494	C	0	0	494	36.6
A_PB2	52	620	G	0	0	620	36.7
A_PB2	53	591	A	0	0	591	37.0
A_PB2	54	602	G	0	0	602	34.9
A_PB2	55	632	A	0	0	632	34.6
A_PB2	56	582	T	0	0	582	37.6
A_PB2	57	575	A	0	0	575	37.6
A_PB2	58	661	C	0	0	661	34.3
A_PB2	59	648	T	0	0	648	34.8
A_PB2	60	662	G	0	0	662	35.2
A_PB2	61	681	A	0	0	681	35.3
A_PB2	62	701	C	0	0	701	36.0
A_PB2	63	696	C	0	0	696	35.6
A_PB2	64	698	A	0	0	698	34.7
A_PB2	65	746	A	0	0	746	35.7
A_PB2	66	810	A	0	0	810	34.8
A_PB2	67	671	A	0	0	671	37.8
A_PB2	68	879	C	0	0	879	35.5
A_PB2	69	745	C	0	0	745	36.1
A_PB2	70	767	A	0	0	767	34.1
A_PB2	71	775	C	0	0	775	37.8
A_PB2	72	813	T	0	0	813	36.3
A_PB2	73	926	G	0	0	926	35.8
A_PB2	74	838	T	0	0	838	35.3
A_PB2	75	838	T	0	0	838	37.7
A_PB2	76	863	G	0	0	863	37.2
A_PB2	77	805	A	0	0	805	35.1
A_PB2	78	991	C	0	0	991	35.3
A_PB2	79	793	C	0	0	793	34.9
A_PB2	80	836	A	0	0	836	37.7
A_PB2	81	886	C	0	0	886	35.9
A_PB2	82	918	A	0	0	918	35.8
A_PB2	83	919	T	0	0	919	37.0
A_PB2	84	926	G	0	0	926	36.2
A_PB2	85	1007	G	0	0	1007	37.8
A_PB2	86	896	C	0	0	896	34.9
A_PB2	87	957	C	0	0	957	37.1
A_PB2	88	962	A	0	0	962	36.9
A_PB2	89	1057	T	0	0	1057	36.2
A_PB2	90	1030	A	0	0	1030	35.0
A_PB2	91	1125	A	0	0	1125	34.0
A_PB2	92	1052	T	0	0	1052	36.9
A_PB2	93	1004	C	0	0	1004	36.2
A_PB2	94	1055	A	0	0	1055	36.4
A_PB2	95	1094	A	0	0	1094	35.8
A_PB2	96	1152	A	0	0	1152	36.6
A_PB2	97	1289	A	0	0	1289	35.3
A_PB2	98	1217	A	0	0	1217	36.8
A_PB2	99	1020	G	0	0	1020	34.0
A_PB2	100	1133	T	0	0	1133	34.0
A_PB2	101	1185	A	0	0	1185	36.7
A_PB2	102	1115	C	0	0	1115	36.4
A_PB2	103	1147	A	0	0	1147	34.6
A_PB2	104	1210	C	0	0	1210	34.9
A_PB2	105	1246	A	0	0	1246	36.8
A_PB2	106	1172	T	0	0	1172	36.5
A_PB2	107	1351	C	0	0	1351	36.0
A_PB2	108	1272	G	0	0	1272	37.5
A_PB2	109	1482	G	0	0	1482	35.4
A_PB2	110	1363	G	0	0	1363	37.3
A_PB2	111	1336	A	0	0	1336	37.4
A_PB2	112	1418	A	0	0	1418	35.6
A_PB2	113	1378	G	0	0	1378	34.7
A_PB2	114	1351	G	0	0	1351	37.7
A_PB2	115	1352	C	0	0	1352	37.7
A_PB2	116	1602	A	0	0	1602	34.4
A_PB2	117	1424	A	0	0	1424	37.2
A_PB2	118	1397	G	0	0	1397	37.7
A_PB2	119	1371	A	0	0	1371	35.9
A_PB2	120	1651	G	0	0	1651	34.2
A_PB2	121	1637	A	0	0	1637	37.2
A_PB2	122	1686	A	0	0	1686	34.8
A_PB2	123	1434	G	0	0	1434	36.8
A_PB2	124	1501	A	0	0	1501	35.7
A_PB2	125	1622	A	0	0	1622	36.2
A_PB2	126	1602	C	0	0	1602	36.5
A_PB2	127	1556	C	0	0	1556	37.6
A_PB2	128	1620	C	0	0	1620	35.3
A_PB2	129	1681	C	0	0	1681	36.1
A_PB2	130	1732	G	0	0	1732	34.6
A_PB2	131	1650	C	0	0	1650	35.2
A_PB2	132	1840	A	0	0	1840	36.5
A_PB2	133	1951	C	0	0	1951	37.3
A_PB2	134	1840	T	0	0	1840	34.3
A_PB2	135	1795	C	0	0	1795	35.7
A_PB2	136	1890	A	0	0	1890	37.9
A_PB2	137	1790	G	0	0	1790	37.5
A_PB2	138	1983	A	0	0	1983	35.1
A_PB2	139	2118	A	0	0	2118	37.4
A_PB2	140	1911	T	0	0	1911	38.0
A_PB2	141	1816	G	0	0	1816	37.1
A_PB2	142	2088	A	0	0	2088	35.3
A_PB2	143	2240	A	0	0	2240	36.5
A_PB2	144	1801	A	0	0	1801	34.5
A_PB2	145	1864	T	0	0	1864	37.0
A_PB2	146	1880	G	0	0	1880	37.9
A_PB2	147	1915	G	0	0	1915	35.6
A_PB2	148	1976	A	0	0	1976	37.8
A_PB2	149	1884	T	0	0	1884	35.9
A_PB2	150	2044	G	0	0	2044	35.6
A_PB2	151	1849	A	0	0	1849	34.2
A_PB2	152	1841	T	0	0	1841	35.9
A_PB2	153	2010	G	0	0	2010	37.1
A_PB2	154	2116	G	0	0	2116	35.0
A_PB2	155	2236	C	0	0	2236	35.7
A_PB2	156	1997	A	0	0	1997	35.7
A_PB2	157	1941	A	0	0	1941	34.9
A_PB2	158	2104	T	0	0	2104	36.0
A_PB2	159	2099	G	0	0	2099	37.0
A_PB2	160	2043	A	0	0	2043	36.4
A_PB2	161	2009	A	0	0	2009	37.0
A_PB2	162	2218	A	0	0	2218	35.6
A_PB2	163	1914	T	0	0	1914	37.0
A_PB2	164	1883	A	0	0	1883	37.1
A_PB2	165	2316	T	0	0	2316	37.1
A_PB2	166	1909	C	0	0	1909	36.1
A_PB2	167	2129	C	0	0	2129	34.7
A_PB2	168	2010	A	0	0	2010	37.3
A_PB2	169	1948	A	0	0	1948	37.5
A_PB2	170	1950	T	0	0	1950	34.6
A_PB2	171	1944	T	0	0	1944	35.2
A_PB2	172	2345	A	0	0	2345	35.6
A_PB2	173	2080	C	0	0	2080	34.0
A_PB2	174	2280	A	0	0	2280	35.9
A_PB2	175	2015	G	0	0	2015	37.4
A_PB2	176	2206	C	0	0	2206	37.3
A_PB2	177	2088	A	0	0	2088	37.5
A_PB2	178	2138	G	0	0	2138	37.6
A_PB2	179	2138	A	0	0	2138	35.0
A_PB2	180	2179	T	0	0	2179	34.0
A_PB2	181	2307	A	0	0	2307	35.2
A_PB2	182	2416	A	0	0	2416	34.8
A_PB2	183	2418	G	0	0	2418	35.8
A_PB2	184	2341	C	0	0	2341	34.5
A_PB2	185	2169	G	0	0	2169	37.3
A_PB2	186	2294	A	0	0	2294	37.0
A_PB2	187	2327	A	0	0	2327	36.9
A_PB2	188	2248	T	0	0	2248	37.1
A_PB2	189	2509	A	0	0	2509	34.7
A_PB2	190	2450	A	0	0	2450	36.8
A_PB2	191	2322	T	0	0	2322	34.9
A_PB2	192	2468	G	0	0	2468	37.7
A_PB2	193	2429	G	0	0	2429	34.3
A_PB2	194	2471	A	0	0	2471	34.4
A_PB2	195	2599	A	0	0	2599	34.1
A_PB2	196	2586	A	0	0	2586	35.1
A_PB2	197	2742	T	0	0	2742	38.0
A_PB2	198	2407	G	0	0	2407	37.7
A_PB2	199	2647	A	0	0	2647	34.7
A_PB2	200	2628	T	0	0	2628	34.0
A_PB2	201	2329	C	0	0	2329	37.0
A_PB2	202	2222	C	0	0	2222	37.5
A_PB2	203	2459	C	0	0	2459	34.5
A_PB2	204	2435	T	0	0	2435	37.0
A_PB2	205	2470	G	0	0	2470	35.1
A_PB2	206	2608	A	0	0	2608	36.4
A_PB2	207	2797	G	0	0	2797	35.0
A_PB2	208	2392	A	0	0	2392	35.8
A_PB2	209	2521	G	0	0	2521	38.0
A_PB2	210	2686	G	0	0	2686	35.1
A_PB2	211	2395	A	0	0	2395	36.3
A_PB2	212	2645	A	0	0	2645	35.3
A_PB2	213	2460	T	0	0	2460	37.9
A_PB2	214	2909	G	0	0	2909	37.8
A_PB2	215	2453	A	0	0	2453	35.4
A_PB2	216	2465	A	0	0	2465	37.2
A_PB2	217	2477	C	0	0	2477	35.0
A_PB2	218	2855	A	0	0	2855	35.4
A_PB2	219	2611	A	0	0	2611	36.2
A_PB2	220	2647	G	0	0	2647	37.3
A_PB2	221	2667	G	0	0	2667	35.4
A_PB2	222	2525	G	0	0	2525	36.6
A_PB2	223	2664	C	0	0	2664	36.6
A_PB2	224	2861	A	0	0	2861	37.6
A_PB2	225	2551	A	0	0	2551	37.8
A_PB2	226	2748	A	0	0	2748	35.5
A_PB2	227	2709	C	0	0	2709	36.4
A_PB2	228	2623	T	0	0	2623	35.8
A_PB2	229	2501	C	0	0	2501	35.3
A_PB2	230	2837	T	0	0	2837	37.4
A_PB2	231	2715	C	0	0	2715	34.2
A_PB2	232	2679	T	0	0	2679	37.5
A_PB2	233	2490	G	0	0	2490	36.6
A_PB2	234	2568	G	0	0	2568	38.0
A_PB2	235	2851	A	0	0	2851	36.0
A_PB2	236	2678	G	0	0	2678	36.2
A_PB2	237	3032	C	0	0	3032	36.1
A_PB2	238	2815	A	0	0	2815	35.3
A_PB2	239	2662	A	0	0	2662	34.6
A_PB2	240	2655	A	0	0	2655	34.0
A_PB2	241	2882	A	0	0	2882	34.6
A_PB2	242	2687	C	0	0	2687	35.6
A_PB2	243	2762	A	0	0	2762	35.0
A_PB2	244	2701	A	0	0	2701	34.3
A_PB2	245	2685	A	0	0	2685	35.9
A_PB2	246	2593	C	0	0	2593	35.8
A_PB2	247	2580	G	0	0	2580	37.6
A_PB2	248	2592	A	0	0	2592	36.7
A_PB2	249	2700	T	0	0	2700	34.8
A_PB2	250	2992	G	0	0	2992	34.8
A_PB2	251	2608	C	0	0	2608	34.8
A_PB2	252	2521	C	0	0	2521	36.7
A_PB2	253	2678	G	0	0	2678	37.0
A_PB2	254	2795	G	0	0	2795	35.9
A_PB2	255	2777	A	0	0	2777	34.3
A_PB2	256	2669	T	0	0	2669	37.6
A_PB2	257	3030	C	0	0	3030	36.9
A_PB2	258	2534	A	0	0	2534	35.3
A_PB2	259	2838	G	0	0	2838	37.9
A_PB2	260	2968	A	0	0	2968	36.5
A_PB2	261	2534	C	0	0	2534	36.0
A_PB2	262	2681	C	0	0	2681	36.0
A_PB2	263	2760	G	0	0	2760	35.0
A_PB2	264	2857	A	0	0	2857	37.3
A_PB2	265	2734	G	0	0	2734	37.9
A_PB2	266	2750	T	0	0	2750	35.0
A_PB2	267	2731	G	0	0	2731	35.3
A_PB2	268	2709	A	0	0	2709	34.6
A_PB2	269	3023	T	0	0	3023	36.6
A_PB2	270	2915	G	0	0	2915	34.6
A_PB2	271	2754	G	0	0	2754	35.1
A_PB2	272	2700	T	0	0	2700	34.4
A_PB2	273	2923	A	0	0	2923	36.6
A_PB2	274	2982	T	0	0	2982	34.5
A_PB2	275	2607	C	0	0	2607	37.4
A_PB2	276	2562	A	0	0	2562	37.8
A_PB2	277	2861	C	0	0	2861	36.9
A_PB2	278	2916	C	0	0	2916	34.4
A_PB2	279	2333	C	0	0	2333	37.2
A_PB2	280	2735	C	0	0	2735	34.6
A_PB2	281	2714	T	0	0	2714	34.1
A_PB2	282	2981	G	0	0	2981	34.4
A_PB2	283	2699	G	0	0	2699	36.1
A_PB2	284	2682	C	0	0	2682	34.4
A_PB2	285	2740	T	0	0	2740	36.0
A_PB2	286	2986	G	0	0	2986	34.8
A_PB2	287	2521	T	0	0	2521	35.3
A_PB2	288	2454	G	0	0	2454	36.4
A_PB2	289	2863	A	0	0	2863	34.4
A_PB2	290	2568	C	0	0	2568	37.8
A_PB2	291	2860	A	0	0	2860	35.3
A_PB2	292	2527	T	0	0	2527	34.8
A_PB2	293	2886	G	0	0	2886	36.9
A_PB2	294	2575	G	0	0	2575	35.0
A_PB2	295	2602	T	0	0	2602	35.0
A_PB2	296	2430	G	0	0	2430	34.0
A_PB2	297	2726	G	0	0	2726	35.2
A_PB2	298	2602	A	0	0	2602	35.5
A_PB2	299	2663	A	0	0	2663	36.2
A_PB2	300	2836	C	0	0	2836	35.6
A_PB2	301	2867	A	0	0	2867	36.4
A_PB2	302	2361	G	0	0	2361	36.7
A_PB2	303	2772	G	0	0	2772	36.8
A_PB2	304	2847	A	0	0	2847	37.1
A_PB2	305	2691	A	0	0	2691	37.1
A_PB2	306	2856	C	0	0	2856	35.2
A_PB2	307	2524	G	0	0	2524	37.5
A_PB2	308	2690	G	0	0	2690	37.1
A_PB2	309	2765	A	0	0	2765	34.7
A_PB2	310	2836	C	0	0	2836	34.0
A_PB2	311	2850	C	0	0	2850	34.5
A_PB2	312	2891	A	0	0	2891	34.8
A_PB2	313	2767	A	0	0	2767	37.2
A_PB2	314	2920	C	0	0	2920	36.0
A_PB2	315	2701	A	0	0	2701	36.0
A_PB2	316	2847	A	0	0	2847	36.2
A_PB2	317	2700	C	0	0	2700	37.4
A_PB2	318	2392	A	0	0	2392	35.2
A_PB2	319	2747	A	0	0	2747	35.2
A_PB2	320	2642	G	0	0	2642	34.1
A_PB2	321	2771	T	0	0	2771	37.8
A_PB2	322	2595	A	0	0	2595	35.5
A_PB2	323	2559	C	0	0	2559	35.8
A_PB2	324	2806	A	0	0	2806	35.1
A_PB2	325	2898	G	0	0	2898	37.9
A_PB2	326	2751	T	0	0	2751	36.2
A_PB2	327	2725	C	0	0	2725	36.8
A_PB2	328	2733	C	0	0	2733	35.3
A_PB2	329	2624	A	0	0	2624	35.6
A_PB2	330	2583	C	0	0	2583	36.9
A_PB2	331	2757	T	0	0	2757	35.8
A_PB2	332	2549	A	0	0	2549	38.0
A_PB2	333	2512	C	0	0	2512	34.4
A_PB2	334	2752	C	0	0	2752	37.1
A_PB2	335	2732	C	0	0	2732	35.3
A_PB2	336	2488	A	0	0	2488	35.7
A_PB2	337	2745	A	0	0	2745	34.5
A_PB2	338	2786	A	0	0	2786	36.6
A_PB2	339	2576	G	0	0	2576	37.8
A_PB2	340	2533	G	0	0	2533	35.0
A_PB2	341	2432	T	0	0	2432	35.5
A_PB2	342	2611	A	0	0	2611	37.3
A_PB2	343	2509	T	0	0	2509	36.7
A_PB2	344	2528	A	0	0	2528	35.4
A_PB2	345	2348	T	0	0	2348	34.9
A_PB2	346	2894	A	0	0	2894	34.8
A_PB2	347	2582	A	0	0	2582	35.6
A_PB2	348	2686	A	0	0	2686	37.3
A_PB2	349	2476	A	0	0	2476	35.4
A_PB2	350	2632	C	0	0	2632	36.0
A_PB2	351	2421	T	0	0	2421	34.5
A_PB2	352	2442	T	0	0	2442	36.7
A_PB2	353	2452	A	0	0	2452	36.6
A_PB2	354	2807	T	0	0	2807	34.6
A_PB2	355	2613	T	0	0	2613	36.3
A_PB2	356	2567	T	0	0	2567	37.6
A_PB2	357	2609	C	0	0	2609	37.1
A_PB2	358	2205	G	0	0	2205	37.7
A_PB2	359	2728	A	0	0	2728	34.1
A_PB2	360	2208	A	0	0	2208	34.2
A_PB2	361	2341	A	0	0	2341	37.4
A_PB2	362	2870	A	0	0	2870	35.2
A_PB2	363	2406	A	0	0	2406	34.2
A_PB2	364	2588	G	0	0	2588	34.6
A_PB2	365	2289	T	0	0	2289	35.6
A_PB2	366	2114	T	0	0	2114	37.8
A_PB2	367	2309	G	0	0	2309	35.0
A_PB2	368	2523	A	0	0	2523	35.3
A_PB2	369	2523	A	0	0	2523	34.3
A_PB2	370	2348	A	0	0	2348	34.9
A_PB2	371	2650	G	0	0	2650	36.1
A_PB2	372	2438	G	0	0	2438	35.4
A_PB2	373	2632	T	0	0	2632	35.0
A_PB2	374	2428	T	0	0	2428	36.0
A_PB2	375	2154	G	0	0	2154	34.0
A_PB2	376	2098	A	0	0	2098	34.9
A_PB2	377	2353	A	0	0	2353	34.1
A_PB2	378	2602	A	0	0	2602	35.6
A_PB2	379	2436	C	0	0	2436	37.8
A_PB2	380	2370	A	0	0	2370	34.0
A_PB2	381	2567	C	0	0	2567	37.5
A_PB2	382	2351	G	0	0	2351	36.1
A_PB2	383	2322	G	0	0	2322	36.0
A_PB2	384	2228	G	0	0	2228	34.4
A_PB2	385	2101	A	0	0	2101	34.4
A_PB2	386	2351	C	0	0	2351	34.3
A_PB2	387	2407	C	0	0	2407	36.1
A_PB2	388	2308	T	0	0	2308	36.9
A_PB2	389	2377	T	0	0	2377	37.7
A_PB2	390	2595	T	0	0	2595	37.3
A_PB2	391	2372	G	0	0	2372	37.1
A_PB2	392	2523	G	0	0	2523	36.1
A_PB2	393	2271	C	0	0	2271	34.1
A_PB2	394	2225	C	0	0	2225	34.2
A_PB2	395	2309	C	0	0	2309	36.0
A_PB2	396	2288	T	0	0	2288	35.0
A_PB2	397	2317	G	0	0	2317	34.7
A_PB2	398	2406	T	0	0	2406	34.3
A_PB2	399	2253	G	0	0	2253	35.8
A_PB2	400	2385	C	0	0	2385	37.1
A_PB2	401	2384	A	0	0	2384	36.4
A_PB2	402	2002	C	0	0	2002	35.5
A_PB2	403	2235	T	0	0	2235	34.3
A_PB2	404	2507	T	0	0	2507	37.8
A_PB2	405	2485	C	0	0	2485	37.3
A_PB2	406	2304	A	0	0	2304	34.5
A_PB2	407	2664	G	0	0	2664	37.5
A_PB2	408	2327	A	0	0	2327	35.2
A_PB2	409	2260	A	0	0	2260	35.6
A_PB2	410	2346	A	0	0	2346	38.0
A_PB2	411	2346	C	0	0	2346	34.2
A_PB2	412	2291	C	0	0	2291	36.1
A_PB2	413	2125	A	0	0	2125	37.4
A_PB2	414	2335	A	0	0	2335	37.4
A_PB2	415	2295	G	0	0	2295	35.6
A_PB2	416	2507	T	0	0	2507	35.7
A_PB2	417	2326	T	0	0	2326	35.7
A_PB2	418	2432	A	0	0	2432	34.6
A_PB2	419	2347	A	0	0	2347	35.2
A_PB2	420	2211	G	0	0	2211	34.3
A_PB2	421	2117	A	0	0	2117	34.4
A_PB2	422	2447	T	0	0	2447	36.8
A_PB2	423	2051	A	0	0	2051	37.3
A_PB2	424	2303	A	0	0	2303	35.2
A_PB2	425	2027	G	0	0	2027	35.3
A_PB2	426	2268	A	0	0	2268	36.9
A_PB2	427	2351	C	0	0	2351	34.1
A_PB2	428	2275	G	0	0	2275	36.2
A_PB2	429	2257	G	0	0	2257	37.9
A_PB2	430	2301	A	0	0	2301	36.0
A_PB2	431	2288	G	0	0	2288	34.2
A_PB2	432	2123	G	0	0	2123	36.6
A_PB2	433	2337	G	0	0	2337	37.7
A_PB2	434	2249	T	0	0	2249	37.1
A_PB2	435	2333	C	0	0	2333	34.6
A_PB2	436	2476	G	0	0	2476	36.8
A_PB2	437	2394	A	0	0	2394	37.4
A_PB2	438	2334	T	0	0	2334	37.8
A_PB2	439	2277	A	0	0	2277	36.1
A_PB2	440	2376	T	0	0	2376	36.8
A_PB2	441	2578	A	0	0	2578	35.7
A_PB2	442	2317	A	0	0	2317	37.7
A_PB2	443	2363	A	0	0	2363	35.7
A_PB2	444	2237	C	0	0	2237	37.9
A_PB2	445	2276	C	0	0	2276	34.8
A_PB2	446	2351	C	0	0	2351	35.0
A_PB2	447	2551	G	0	0	2551	35.0
A_PB2	448	2244	G	0	0	2244	35.2
A_PB2	449	2382	G	0	0	2382	37.6
A_PB2	450	2431	C	0	0	2431	36.3
A_PB2	451	2273	C	0	0	2273	36.5
A_PB2	452	2293	A	0	0	2293	36.8
A_PB2	453	2143	T	0	0	2143	36.3
A_PB2	454	2322	G	0	0	2322	35.7
A_PB2	455	2265	C	0	0	2265	37.4
A_PB2	456	2443	T	0	0	2443	35.9
A_PB2	457	2097	G	0	0	2097	36.7
A_PB2	458	2249	A	0	0	2249	34.3
A_PB2	459	2459	C	0	0	2459	37.0
A_PB2	460	2465	C	0	0	2465	35.1
A_PB2	461	2147	T	0	0	2147	35.3
A_PB2	462	2444	C	0	0	2444	37.3
A_PB2	463	2323	A	0	0	2323	35.5
A_PB2	464	2214	G	0	0	2214	36.0
A_PB2	465	2422	T	0	0	2422	37.2
A_PB2	466	2325	G	0	0	2325	34.3
A_PB2	467	2277	C	0	0	2277	37.9
A_PB2	468	2529	C	0	0	2529	37.5
A_PB2	469	2075	A	0	0	2075	37.6
A_PB2	470	2410	A	0	0	2410	36.5
A_PB2	471	2557	A	0	0	2557	34.7
A_PB2	472	2401	G	0	0	2401	37.3
A_PB2	473	2253	A	0	0	2253	37.8
A_PB2	474	2293	G	0	0	2293	34.7
A_PB2	475	2567	G	0	0	2567	35.8
A_PB2	476	2537	C	0	0	2537	35.1
A_PB2	477	2418	G	0	0	2418	36.1
A_PB2	478	2274	C	0	0	2274	35.0
A_PB2	479	2163	A	0	0	2163	37.7
A_PB2	480	2637	G	0	0	2637	34.0
A_PB2	481	2582	G	0	0	2582	34.7
A_PB2	482	2632	A	0	0	2632	34.1
A_PB2	483	2717	T	0	0	2717	35.9
A_PB2	484	2605	G	0	0	2605	35.9
A_PB2	485	2337	T	0	0	2337	34.3
A_PB2	486	2450	A	0	0	2450	36.1
A_PB2	487	2572	A	0	0	2572	36.6
A_PB2	488	2433	T	0	0	2433	34.3
A_PB2	489	2046	C	0	0	2046	35.4
A_PB2	490	2363	A	0	0	2363	38.0
A_PB2	491	2434	T	0	0	2434	35.4
A_PB2	492	2602	G	0	0	2602	35.2
A_PB2	493	2486	G	0	0	2486	35.0
A_PB2	494	2683	A	0	0	2683	35.9
A_PB2	495	2353	A	0	0	2353	36.9
A_PB2	496	2399	G	0	0	2399	36.1
A_PB2	497	2227	T	0	0	2227	34.0
A_PB2	498	2327	C	0	0	2327	34.7
A_PB2	499	2445	G	0	0	2445	36.8
A_PB2	500	2350	T	0	0	2350	36.3
A_PB2	501	2515	C	0	0	2515	36.1
A_PB2	502	2325	T	0	0	2325	37.5
A_PB2	503	2653	T	0	0	2653	36.0
A_PB2	504	2542	C	0	0	2542	36.7
A_PB2	505	2222	C	0	0	2222	36.3
A_PB2	506	2366	C	0	0	2366	36.2
A_PB2	507	2113	A	0	0	2113	34.4
A_PB2	508	2496	A	0	0	2496	34.4
A_PB2	509	2359	A	0	0	2359	34.5
A_PB2	510	2325	T	0	0	2325	37.4
A_PB2	511	2473	G	0	0	2473	37.7
A_PB2	512	2386	A	0	0	2386	36.0
A_PB2	513	2426	A	0	0	2426	34.7
A_PB2	514	2448	G	0	0	2448	36.4
A_PB2	515	2389	T	0	0	2389	34.4
A_PB2	516	2435	G	0	0	2435	35.3
A_PB2	517	2149	G	0	0	2149	34.8
A_PB2	518	2400	G	0	0	2400	37.2
A_PB2	519	2451	A	0	0	2451	36.1
A_PB2	520	2374	G	0	0	2374	34.5
A_PB2	521	2708	C	0	0	2708	35.9
A_PB2	522	2685	A	0	0	2685	36.6
A_PB2	523	2421	A	0	0	2421	37.8
A_PB2	524	2363	G	0	0	2363	36.9
A_PB2	525	2416	G	0	0	2416	35.6
A_PB2	526	2646	A	0	0	2646	35.4
A_PB2	527	2541	T	0	0	2541	36.7
A_PB2	528	2388	A	0	0	2388	36.2
A_PB2	529	2620	T	0	0	2620	36.1
A_PB2	530	2401	T	0	0	2401	35.2
A_PB2	531	2162	G	0	0	2162	37.1
A_PB2	532	2640	A	0	0	2640	37.1
A_PB2	533	2273	C	0	0	2273	35.7
A_PB2	534	2587	G	0	0	2587	35.9
A_PB2	535	2351	T	0	0	2351	36.7
A_PB2	536	2418	C	0	0	2418	37.8
A_PB2	537	2297	G	0	0	2297	35.5
A_PB2	538	2533	G	0	0	2533	36.2
A_PB2	539	2774	A	0	0	2774	37.9
A_PB2	540	2482	G	0	0	2482	34.7
A_PB2	541	2666	T	0	0	2666	35.5
A_PB2	542	2509	C	0	0	2509	35.8
A_PB2	543	2421	A	0	0	2421	37.2
A_PB2	544	2403	C	0	0	2403	37.6
A_PB2	545	2661	A	0	0	2661	35.3
A_PB2	546	2413	A	0	0	2413	35.3
A_PB2	547	2650	C	0	0	2650	37.8
A_PB2	548	2711	T	0	0	2711	37.5
A_PB2	549	2451	G	0	0	2451	37.6
A_PB2	550	2398	A	0	0	2398	36.7
A_PB2	551	2637	C	0	0	2637	36.9
A_PB2	552	2579	G	0	0	2579	35.8
A_PB2	553	2470	A	0	0	2470	37.6
A_PB2	554	2471	T	0	0	2471	36.5
A_PB2	555	2386	A	0	0	2386	37.8
A_PB2	556	2153	A	0	0	2153	34.5
A_PB2	557	2531	C	0	0	2531	35.1
A_PB2	558	2188	A	0	0	2188	34.3
A_PB2	559	2485	A	0	0	2485	35.0
A_PB2	560	2289	A	0	0	2289	34.3
A_PB2	561	2460	G	0	0	2460	34.1
A_PB2	562	2320	G	0	0	2320	34.2
A_PB2	563	2464	A	0	0	2464	34.7
A_PB2	564	2334	G	0	0	2334	36.1
A_PB2	565	2588	A	0	0	2588	36.4
A_PB2	566	2280	A	0	0	2280	35.0
A_PB2	567	2435	A	0	0	2435	34.2
A_PB2	568	2370	A	0	0	2370	37.1
A_PB2	569	2235	A	0	0	2235	36.2
A_PB2	570	2547	G	0	0	2547	35.1
A_PB2	571	2609	G	0	0	2609	36.0
A_PB2	572	2253	A	0	0	2253	37.5
A_PB2	573	2250	A	0	0	2250	36.6
A_PB2	574	2461	G	0	0	2461	34.9
A_PB2	575	2281	A	0	0	2281	35.7
A_PB2	576	2476	A	0	0	2476	37.3
A_PB2	577	2565	C	0	0	2565	34.1
A_PB2	578	2594	T	0	0	2594	34.8
A_PB2	579	2537	C	0	0	2537	37.4
A_PB2	580	2270	C	0	0	2270	37.0
A_PB2	581	2072	A	0	0	2072	37.0
A_PB2	582	2554	G	0	0	2554	37.5
A_PB2	583	2220	G	0	0	2220	36.5
A_PB2	584	2164	A	0	0	2164	35.5
A_PB2	585	2484	C	0	0	2484	37.5
A_PB2	586	2370	T	0	0	2370	36.6
A_PB2	587	2456	G	0	0	2456	34.5
A_PB2	588	2446	C	0	0	2446	37.2
A_PB2	589	2323	A	0	0	2323	36.9
A_PB2	590	2212	A	0	0	2212	35.2
A_PB2	591	2260	A	0	0	2260	37.4
A_PB2	592	2056	A	0	0	2056	37.0
A_PB2	593	2411	T	0	0	2411	36.7
A_PB2	594	2291	C	0	0	2291	34.5
A_PB2	595	2339	G	0	0	2339	37.8
A_PB2	596	2368	C	0	0	2368	35.2
A_PB2	597	2498	T	0	0	2498	36.6
A_PB2	598	2300	C	0	0	2300	37.2
A_PB2	599	2264	C	0	0	2264	35.0
A_PB2	600	2390	T	0	0	2390	35.0
A_PB2	601	2286	C	0	0	2286	36.6
A_PB2	602	2202	T	0	0	2202	36.2
A_PB2	603	2234	G	0	0	2234	35.7
A_PB2	604	2144	A	0	0	2144	35.6
A_PB2	605	2096	T	0	0	2096	36.5
A_PB2	606	2098	G	0	0	2098	35.2
A_PB2	607	2375	G	0	0	2375	37.5
A_PB2	608	2241	T	0	0	2241	34.1
A_PB2	609	2351	T	0	0	2351	37.6
A_PB2	610	2358	G	0	0	2358	36.7
A_PB2	611	2161	C	0	0	2161	37.9
A_PB2	612	2014	A	0	0	2014	34.9
A_PB2	613	2116	T	0	0	2116	36.5
A_PB2	614	2310	A	0	0	2310	34.9
A_PB2	615	2203	C	0	0	2203	34.5
A_PB2	616	1967	A	0	0	1967	34.5
A_PB2	617	2101	T	0	0	2101	34.7
A_PB2	618	2157	G	0	0	2157	36.2
A_PB2	619	2016	C	0	0	2016	36.9
A_PB2	620	2017	T	0	0	2017	37.7
A_PB2	621	1903	A	0	0	1903	35.6
A_PB2	622	2058	G	0	0	2058	36.8
A_PB2	623	1844	A	0	0	1844	35.5
A_PB2	624	2036	A	0	0	2036	34.9
A_PB2	625	1952	A	0	0	1952	34.4
A_PB2	626	1944	G	0	0	1944	35.1
A_PB2	627	2386	A	0	0	2386	36.2
A_PB2	628	2108	G	0	0	2108	35.0
A_PB2	629	1953	A	0	0	1953	37.2
A_PB2	630	2042	G	0	0	2042	37.4
A_PB2	631	2070	T	0	0	2070	35.8
A_PB2	632	2076	T	0	0	2076	36.1
A_PB2	633	2043	G	0	0	2043	34.6
A_PB2	634	1742	G	0	0	1742	35.7
A_PB2	635	1947	T	0	0	1947	34.8
A_PB2	636	1707	T	0	0	1707	35.1
A_PB2	637	2008	C	0	0	2008	35.2
A_PB2	638	1986	G	0	0	1986	34.4
A_PB2	639	1837	C	0	0	1837	36.4
A_PB2	640	1875	A	0	0	1875	35.1
A_PB2	641	1939	A	0	0	1939	35.1
A_PB2	642	1976	G	0	0	1976	37.1
A_PB2	643	1899	A	0	0	1899	34.4
A_PB2	644	1880	C	0	0	1880	37.6
A_PB2	645	1890	G	0	0	1890	36.8
A_PB2	646	2054	A	0	0	2054	36.6
A_PB2	647	1746	G	0	0	1746	34.4
A_PB2	648	2042	G	0	0	2042	37.4
A_PB2	649	1865	T	0	0	1865	36.1
A_PB2	650	1999	T	0	0	1999	37.6
A_PB2	651	1778	T	0	0	1778	37.2
A_PB2	652	1772	C	0	0	1772	35.7
A_PB2	653	1796	T	0	0	1796	36.4
A_PB2	654	1779	C	0	0	1779	37.9
A_PB2	655	1981	C	0	0	1981	35.1
A_PB2	656	1720	C	0	0	1720	35.7
A_PB2	657	1946	A	0	0	1946	34.3
A_PB2	658	1714	G	0	0	1714	37.8
A_PB2	659	1962	T	0	0	1962	35.7
A_PB2	660	1738	T	0	0	1738	35.6
A_PB2	661	1617	G	0	0	1617	34.2
A_PB2	662	1722	C	0	0	1722	34.9
A_PB2	663	1694	T	0	0	1694	34.7
A_PB2	664	1785	G	0	0	1785	36.9
A_PB2	665	1619	G	0	0	1619	37.8
A_PB2	666	1832	T	0	0	1832	36.5
A_PB2	667	1816	G	0	0	1816	37.1
A_PB2	668	1580	G	0	0	1580	36.3
A_PB2	669	1562	G	0	0	1562	35.1
A_PB2	670	1863	A	0	0	1863	36.0
A_PB2	671	1547	C	0	0	1547	37.4
A_PB2	672	1641	A	0	0	1641	37.3
A_PB2	673	1679	A	0	0	1679	36.8
A_PB2	674	1812	G	0	0	1812	35.8
A_PB2	675	1554	C	0	0	1554	37.0
A_PB2	676	1690	A	0	0	1690	37.9
A_PB2	677	1644	G	0	0	1644	36.3
A_PB2	678	1567	T	0	0	1567	36.5
A_PB2	679	1777	G	0	0	1777	36.2
A_PB2	680	1657	T	0	0	1657	37.7
A_PB2	681	1505	C	0	0	1505	37.0
A_PB2	682	1735	T	0	0	1735	37.0
A_PB2	683	1738	A	0	0	1738	35.4
A_PB2	684	1730	C	0	0	1730	37.0
A_PB2	685	1703	A	0	0	1703	35.7
A_PB2	686	1492	T	0	0	1492	37.7
A_PB2	687	1609	T	0	0	1609	37.1
A_PB2	688	1336	G	0	0	1336	35.1
A_PB2	689	1533	A	0	0	1533	37.0
A_PB2	690	1402	G	0	0	1402	35.0
A_PB2	691	1354	G	0	0	1354	35.6
A_PB2	692	1649	T	0	0	1649	34.1
A_PB2	693	1394	G	0	0	1394	34.7
A_PB2	694	1483	C	0	0	1483	37.3
A_PB2	695	1452	T	0	0	1452	35.5
A_PB2	696	1566	G	0	0	1566	34.4
A_PB2	697	1495	C	0	0	1495	34.6
A_PB2	698	1537	A	0	0	1537	37.4
A_PB2	699	1480	T	0	0	1480	37.3
A_PB2	700	1439	T	0	0	1439	34.1
A_PB2	701	1356	T	0	0	1356	36.6
A_PB2	702	1437	G	0	0	1437	36.8
A_PB2	703	1470	A	0	0	1470	34.2
A_PB2	704	1669	C	0	0	1669	36.3
A_PB2	705	1364	C	0	0	1364	37.4
A_PB2	706	1566	C	0	0	1566	36.3
A_PB2	707	1545	A	0	0	1545	37.3
A_PB2	708	1440	G	0	0	1440	34.7
A_PB2	709	1314	G	0	0	1314	35.4
A_PB2	710	1405	G	0	0	1405	36.5
A_PB2	711	1318	G	0	0	1318	37.7
A_PB2	712	1309	A	0	0	1309	36.6
A_PB2	713	1289	C	0	0	1289	35.7
A_PB2	714	1570	A	0	0	1570	37.7
A_PB2	715	1374	T	0	0	1374	37.4
A_PB2	716	1434	G	0	0	1434	37.8
A_PB2	717	1432	C	0	0	1432	36.8
A_PB2	718	1415	T	0	0	1415	37.4
A_PB2	719	1396	G	0	0	1396	37.5
A_PB2	720	1295	G	0	0	1295	35.1
A_PB2	721	1310	G	0	0	1310	36.3
A_PB2	722	1530	A	0	0	1530	37.2
A_PB2	723	1311	G	0	0	1311	34.9
A_PB2	724	1424	C	0	0	1424	34.1
A_PB2	725	1276	A	0	0	1276	36.9
A_PB2	726	1360	G	0	0	1360	36.4
A_PB2	727	1423	A	0	0	1423	34.5
A_PB2	728	1408	T	0	0	1408	34.5
A_PB2	729	1517	G	0	0	1517	34.7
A_PB2	730	1331	T	0	0	1331	34.0
A_PB2	731	1532	A	0	0	1532	34.3
A_PB2	732	1413	C	0	0	1413	37.5
A_PB2	733	1538	A	0	0	1538	37.5
A_PB2	734	1427	C	0	0	1427	37.7
A_PB2	735	1302	T	0	0	1302	35.7
A_PB2	736	1458	C	0	0	1458	34.6
A_PB2	737	1212	C	0	0	1212	36.3
A_PB2	738	1467	G	0	0	1467	36.6
A_PB2	739	1347	G	0	0	1347	35.6
A_PB2	740	1398	G	0	0	1398	37.8
A_PB2	741	1349	A	0	0	1349	35.2
A_PB2	742	1380	G	0	0	1380	37.4
A_PB2	743	1515	G	0	0	1515	36.4
A_PB2	744	1320	A	0	0	1320	37.3
A_PB2	745	1453	G	0	0	1453	36.3
A_PB2	746	1258	A	0	0	1258	34.6
A_PB2	747	1416	A	0	0	1416	35.4
A_PB2	748	1518	G	0	0	1518	34.2
A_PB2	749	1376	T	0	0	1376	35.8
A_PB2	750	1362	G	0	0	1362	35.9
A_PB2	751	1380	A	0	0	1380	34.8
A_PB2	752	1599	G	0	0	1599	34.8
A_PB2	753	1459	G	0	0	1459	35.5
A_PB2	754	1340	A	0	0	1340	34.3
A_PB2	755	1376	A	0	0	1376	34.3
A_PB2	756	1368	C	0	0	1368	35.5
A_PB2	757	1473	G	0	0	1473	34.9
A_PB2	758	1470	A	0	0	1470	36.4
A_PB2	759	1406	T	0	0	1406	36.4
A_PB2	760	1494	G	0	0	1494	34.8
A_PB2	761	1459	A	0	0	1459	34.4
A_PB2	762	1489	T	0	0	1489	34.8
A_PB2	763	1478	G	0	0	1478	37.1
A_PB2	764	1359	T	0	0	1359	35.0
A_PB2	765	1501	A	0	0	1501	35.3
A_PB2	766	1420	G	0	0	1420	36.0
A_PB2	767	1672	A	0	0	1672	36.6
A_PB2	768	1443	C	0	0	1443	34.5
A_PB2	769	1469	C	0	0	1469	35.3
A_PB2	770	1427	A	0	0	1427	36.4
A_PB2	771	1441	A	0	0	1441	36.7
A_PB2	772	1444	A	0	0	1444	36.6
A_PB2	773	1468	G	0	0	1468	37.6
A_PB2	774	1511	C	0	0	1511	36.0
A_PB2	775	1419	T	0	0	1419	35.6
A_PB2	776	1422	T	0	0	1422	37.3
A_PB2	777	1414	G	0	0	1414	34.6
A_PB2	778	1592	A	0	0	1592	36.8
A_PB2	779	1375	T	0	0	1375	37.0
A_PB2	780	1477	C	0	0	1477	37.4
A_PB2	781	1437	A	0	0	1437	37.6
A_PB2	782	1530	T	0	0	1530	35.7
A_PB2	783	1568	T	0	0	1568	35.5
A_PB2	784	1420	G	0	0	1420	34.2
A_PB2	785	1586	C	0	0	1586	35.4
A_PB2	786	1530	T	0	0	1530	36.7
A_PB2	787	1554	G	0	0	1554	36.3
A_PB2	788	1607	C	0	0	1607	36.2
A_PB2	789	1649	C	0	0	1649	35.6
A_PB2	790	1630	A	0	0	1630	34.6
A_PB2	791	1684	G	0	0	1684	34.8
A_PB2	792	1724	G	0	0	1724	36.0
A_PB2	793	1473	A	0	0	1473	36.7
A_PB2	794	1451	A	0	0	1451	37.0
A_PB2	795	1734	T	0	0	1734	34.3
A_PB2	796	1612	A	0	0	1612	36.2
A_PB2	797	1640	T	0	0	1640	36.5
A_PB2	798	1642	A	0	0	1642	34.2
A_PB2	799	1626	G	0	0	1626	37.3
A_PB2	800	1685	T	0	0	1685	35.8
A_PB2	801	1671	A	0	0	1671	37.9
A_PB2	802	1678	A	0	0	1678	35.9
A_PB2	803	1776	G	0	0	1776	34.4
A_PB2	804	1443	A	0	0	1443	35.0
A_PB2	805	1528	A	0	0	1528	35.2
A_PB2	806	1790	G	0	0	1790	37.5
A_PB2	807	1711	A	0	0	1711	35.5
A_PB2	808	1861	G	0	0	1861	35.2
A_PB2	809	1469	C	0	0	1469	35.1
A_PB2	810	1790	A	0	0	1790	35.9
A_PB2	811	1721	A	0	0	1721	37.2
A_PB2	812	1731	C	0	0	1731	37.4
A_PB2	813	1902	A	0	0	1902	37.6
A_PB2	814	1672	G	0	0	1672	35.1
A_PB2	815	1803	T	0	0	1803	37.3
A_PB2	816	1579	A	0	0	1579	35.3
A_PB2	817	1949	T	0	0	1949	37.1
A_PB2	818	1838	C	0	0	1838	34.2
A_PB2	819	1831	A	0	0	1831	35.7
A_PB2	820	1838	G	0	0	1838	37.2
A_PB2	821	1804	C	0	0	1804	36.1
A_PB2	822	1616	A	0	0	1616	37.4
A_PB2	823	1792	G	0	0	1792	36.2
A_PB2	824	1800	A	0	0	1800	35.5
A_PB2	825	1886	T	0	0	1886	37.8
A_PB2	826	1934	C	0	0	1934	35.0
A_PB2	827	1857	C	0	0	1857	34.7
A_PB2	828	1743	A	0	0	1743	35.9
A_PB2	829	1851	T	0	0	1851	37.3
A_PB2	830	1635	T	0	0	1635	35.0
A_PB2	831	1726	A	0	0	1726	37.2
A_PB2	832	1857	G	0	0	1857	35.0
A_PB2	833	2050	C	0	0	2050	35.8
A_PB2	834	1787	A	0	0	1787	35.2
A_PB2	835	2004	T	0	0	2004	35.4
A_PB2	836	1860	C	0	0	1860	35.4
A_PB2	837	1820	T	0	0	1820	35.9
A_PB2	838	1782	C	0	0	1782	37.0
A_PB2	839	1949	T	0	0	1949	37.4
A_PB2	840	1957	A	0	0	1957	35.7
A_PB2	841	1989	T	0	0	1989	37.0
A_PB2	842	2078	T	0	0	2078	34.4
A_PB2	843	1929	G	0	0	1929	34.5
A_PB2	844	2035	G	0	0	2035	34.6
A_PB2	845	2080	A	0	0	2080	36.4
A_PB2	846	1946	G	0	0	1946	37.3
A_PB2	847	2072	A	0	0	2072	35.4
A_PB2	848	2188	T	0	0	2188	37.1
A_PB2	849	2041	G	0	0	2041	35.6
A_PB2	850	1866	T	0	0	1866	35.0
A_PB2	851	2017	G	0	0	2017	35.8
A_PB2	852	2003	T	0	0	2003	34.4
A_PB2	853	2053	C	0	0	2053	37.1
A_PB2	854	1947	A	0	0	1947	35.5
A_PB2	855	2061	C	0	0	2061	34.1
A_PB2	856	1898	A	0	0	1898	34.4
A_PB2	857	2073	G	0	0	2073	36.9
A_PB2	858	2080	C	0	0	2080	35.1
A_PB2	859	2375	A	0	0	2375	37.6
A_PB2	860	2013	C	0	0	2013	34.3
A_PB2	861	2079	A	0	0	2079	36.0
A_PB2	862	2210	C	0	0	2210	37.8
A_PB2	863	2040	A	0	0	2040	37.2
A_PB2	864	2057	A	0	0	2057	34.1
A_PB2	865	2143	A	0	0	2143	34.2
A_PB2	866	2199	T	0	0	2199	36.8
A_PB2	867	2134	T	0	0	2134	37.3
A_PB2	868	2139	G	0	0	2139	34.1
A_PB2	869	2147	G	0	0	2147	37.4
A_PB2	870	2330	G	0	0	2330	34.5
A_PB2	871	2071	G	0	0	2071	36.1
A_PB2	872	1984	G	0	0	1984	34.6
A_PB2	873	2089	A	0	0	2089	36.9
A_PB2	874	2435	A	0	0	2435	34.7
A_PB2	875	2181	T	0	0	2181	35.4
A_PB2	876	2535	A	0	0	2535	34.1
A_PB2	877	2052	A	0	0	2052	35.9
A_PB2	878	2112	G	0	0	2112	35.4
A_PB2	879	2164	G	0	0	2164	37.0
A_PB2	880	2322	A	0	0	2322	35.9
A_PB2	881	2169	T	0	0	2169	37.6
A_PB2	882	2386	G	0	0	2386	34.2
A_PB2	883	2289	G	0	0	2289	37.7
A_PB2	884	2387	T	0	0	2387	37.5
A_PB2	885	2211	A	0	0	2211	35.7
A_PB2	886	2384	G	0	0	2384	37.1
A_PB2	887	2265	A	0	0	2265	35.6
A_PB2	888	2240	C	0	0	2240	35.5
A_PB2	889	1956	A	0	0	1956	36.1
A_PB2	890	2090	T	0	0	2090	34.1
A_PB2	891	2404	C	0	0	2404	36.0
A_PB2	892	2465	C	0	0	2465	34.6
A_PB2	893	2026	T	0	0	2026	36.8
A_PB2	894	2254	T	0	0	2254	35.9
A_PB2	895	2401	C	0	0	2401	36.6
A_PB2	896	2729	G	0	0	2729	37.2
A_PB2	897	2249	G	0	0	2249	37.3
A_PB2	898	2332	C	0	0	2332	36.1
A_PB2	899	2619	A	0	0	2619	34.1
A_PB2	900	2369	A	0	0	2369	34.8
A_PB2	901	2290	A	0	0	2290	37.8
A_PB2	902	2443	A	0	0	2443	35.6
A_PB2	903	2101	T	0	0	2101	37.5
A_PB2	904	2294	C	0	0	2294	35.7
A_PB2	905	2494	C	0	0	2494	36.8
A_PB2	906	2231	A	0	0	2231	37.3
A_PB2	907	2353	A	0	0	2353	34.4
A_PB2	908	2478	C	0	0	2478	36.2
A_PB2	909	2645	A	0	0	2645	35.6
A_PB2	910	2158	G	0	0	2158	35.5
A_PB2	911	2333	A	0	0	2333	37.3
A_PB2	912	2478	G	0	0	2478	37.4
A_PB2	913	2331	G	0	0	2331	36.2
A_PB2	914	2200	A	0	0	2200	37.8
A_PB2	915	2457	A	0	0	2457	37.2
A_PB2	916	2324	C	0	0	2324	36.0
A_PB2	917	2238	A	0	0	2238	35.2
A_PB2	918	2585	A	0	0	2585	34.7
A_PB2	919	2266	G	0	0	2266	35.3
A_PB2	920	2391	C	0	0	2391	35.5
A_PB2	921	2078	C	0	0	2078	36.4
A_PB2	922	2109	G	0	0	2109	34.1
A_PB2	923	2490	T	0	0	2490	34.0
A_PB2	924	2272	G	0	0	2272	37.9
A_PB2	925	2336	G	0	0	2336	35.2
A_PB2	926	2281	A	0	0	2281	36.9
A_PB2	927	2166	T	0	0	2166	34.0
A_PB2	928	2624	A	0	0	2624	37.9
A_PB2	929	2348	T	0	0	2348	36.4
A_PB2	930	2378	A	0	0	2378	35.1
A_PB2	931	2540	T	0	0	2540	37.4
A_PB2	932	2606	G	0	0	2606	37.4
A_PB2	933	2384	C	0	0	2384	37.6
A_PB2	934	2610	A	0	0	2610	36.8
A_PB2	935	2514	A	0	0	2514	36.8
A_PB2	936	2322	G	0	0	2322	37.9
A_PB2	937	2307	G	0	0	2307	37.1
A_PB2	938	2449	C	0	0	2449	34.8
A_PB2	939	2294	A	0	0	2294	36.9
A_PB2	940	2548	G	0	0	2548	35.1
A_PB2	941	2477	C	0	0	2477	37.3
A_PB2	942	2373	A	0	0	2373	34.0
A_PB2	943	2591	A	0	0	2591	37.8
A_PB2	944	2081	T	0	0	2081	34.7
A_PB2	945	2353	G	0	0	2353	36.5
A_PB2	946	2153	G	0	0	2153	35.1
A_PB2	947	2359	G	0	0	2359	35.2
A_PB2	948	2344	C	0	0	2344	37.6
A_PB2	949	2538	T	0	0	2538	37.0
A_PB2	950	2471	T	0	0	2471	35.9
A_PB2	951	2347	G	0	0	2347	36.5
A_PB2	952	2442	A	0	0	2442	36.8
A_PB2	953	2007	G	0	0	2007	37.1
A_PB2	954	2426	G	0	0	2426	34.1
A_PB2	955	2686	A	0	0	2686	37.0
A_PB2	956	2365	T	0	0	2365	35.2
A_PB2	957	2420	T	0	0	2420	35.3
A_PB2	958	2617	A	0	0	2617	36.9
A_PB2	959	2177	G	0	0	2177	37.7
A_PB2	960	2339	C	0	0	2339	37.3
A_PB2	961	2468	T	0	0	2468	37.8
A_PB2	962	2045	C	0	0	2045	35.0
A_PB2	963	2263	A	0	0	2263	38.0
A_PB2	964	2288	T	0	0	2288	34.8
A_PB2	965	2261	C	0	0	2261	36.1
A_PB2	966	2741	T	0	0	2741	36.8
A_PB2	967	2019	T	0	0	2019	36.7
A_PB2	968	2419	T	0	0	2419	37.6
A_PB2	969	2235	C	0	0	2235	36.7
A_PB2	970	2162	A	0	0	2162	34.4
A_PB2	971	2493	G	0	0	2493	37.7
A_PB2	972	2571	C	0	0	2571	35.9
A_PB2	973	2423	T	0	0	2423	37.7
A_PB2	974	2361	T	0	0	2361	36.8
A_PB2	975	2156	T	0	0	2156	34.4
A_PB2	976	2572	G	0	0	2572	36.6
A_PB2	977	2423	G	0	0	2423	37.6
A_PB2	978	2128	T	0	0	2128	34.1
A_PB2	979	2517	G	0	0	2517	35.7
A_PB2	980	2290	G	0	0	2290	34.2
A_PB2	981	2426	A	0	0	2426	36.4
A_PB2	982	2207	T	0	0	2207	36.8
A_PB2	983	2249	T	0	0	2249	37.2
A_PB2	984	2489	C	0	0	2489	37.9
A_PB2	985	2469	A	0	0	2469	34.0
A_PB2	986	2386	C	0	0	2386	36.9
A_PB2	987	2416	T	0	0	2416	38.0
A_PB2	988	2453	T	0	0	2453	37.7
A_PB2	989	2140	T	0	0	2140	36.0
A_PB2	990	2381	T	0	0	2381	36.2
A_PB2	991	2378	A	0	0	2378	37.6
A_PB2	992	2367	A	0	0	2367	34.2
A_PB2	993	2252	A	0	0	2252	35.1
A_PB2	994	2274	A	0	0	2274	34.9
A_PB2	995	2310	G	0	0	2310	37.7
A_PB2	996	2441	A	0	0	2441	36.6
A_PB2	997	2453	A	0	0	2453	36.6
A_PB2	998	2125	C	0	0	2125	35.8
A_PB2	999	2063	A	0	0	2063	37.0
A_PB2	1000	2462	A	0	0	2462	36.8
A_PB2	1001	2383	G	0	0	2383	35.1
A_PB2	1002	2296	T	0	0	2296	37.3
A_PB2	1003	2293	G	0	0	2293	36.7
A_PB2	1004	2184	G	0	0	2184	37.4
A_PB2	1005	2209	A	0	0	2209	37.3
A_PB2	1006	2467	T	0	0	2467	37.3
A_PB2	1007	2360	C	0	0	2360	38.0
A_PB2	1008	2167	G	0	0	2167	34.5
A_PB2	1009	2045	T	0	0	2045	34.2
A_PB2	1010	2370	C	0	0	2370	36.1
A_PB2	1011	2337	A	0	0	2337	38.0
A_PB2	1012	2334	G	0	0	2334	37.6
A_PB2	1013	2283	T	0	0	2283	35.0
A_PB2	1014	2012	C	0	0	2012	36.5
A_PB2	1015	2097	A	0	0	2097	34.7
A_PB2	1016	2307	A	0	0	2307	35.8
A_PB2	1017	2110	A	0	0	2110	37.6
A_PB2	1018	2035	A	0	0	2035	35.6
A_PB2	1019	2396	A	0	0	2396	34.5
A_PB2	1020	2263	A	0	0	2263	36.6
A_PB2	1021	2003	G	0	0	2003	37.2
A_PB2	1022	2301	A	0	0	2301	35.9
A_PB2	1023	2123	A	0	0	2123	34.3
A_PB2	1024	2207	G	0	0	2207	36.7
A_PB2	1025	2103	A	0	0	2103	36.8
A_PB2	1026	2154	A	0	0	2154	35.5
A_PB2	1027	2120	G	0	0	2120	37.6
A_PB2	1028	2268	A	0	0	2268	35.4
A_PB2	1029	2367	A	0	0	2367	37.4
A_PB2	1030	2339	G	0	0	2339	35.4
A_PB2	1031	2201	T	0	0	2201	37.2
A_PB2	1032	2341	G	0	0	2341	38.0
A_PB2	1033	2445	C	0	0	2445	35.3
A_PB2	1034	2255	T	0	0	2255	36.8
A_PB2	1035	2677	A	0	0	2677	37.2
A_PB2	1036	2241	A	0	0	2241	35.9
A_PB2	1037	2471	C	0	0	2471	35.0
A_PB2	1038	2381	A	0	0	2381	36.3
A_PB2	1039	2343	G	0	0	2343	37.6
A_PB2	1040	2385	G	0	0	2385	36.1
A_PB2	1041	2409	C	0	0	2409	37.9
A_PB2	1042	2374	A	0	0	2374	35.3
A_PB2	1043	2275	A	0	0	2275	36.8
A_PB2	1044	2330	C	0	0	2330	36.7
A_PB2	1045	2191	C	0	0	2191	36.4
A_PB2	1046	2324	T	0	0	2324	37.8
A_PB2	1047	2216	T	0	0	2216	36.8
A_PB2	1048	2425	C	0	0	2425	34.6
A_PB2	1049	2383	A	0	0	2383	35.2
A_PB2	1050	2350	A	0	0	2350	37.1
A_PB2	1051	2282	A	0	0	2282	35.3
A_PB2	1052	2304	C	0	0	2304	34.4
A_PB2	1053	2180	A	0	0	2180	34.0
A_PB2	1054	2277	T	0	0	2277	35.4
A_PB2	1055	2433	T	0	0	2433	35.7
A_PB2	1056	2340	G	0	0	2340	35.3
A_PB2	1057	2471	A	0	0	2471	35.7
A_PB2	1058	2067	A	0	0	2067	34.1
A_PB2	1059	2087	A	0	0	2087	36.6
A_PB2	1060	2345	A	0	0	2345	34.3
A_PB2	1061	2394	T	0	0	2394	34.5
A_PB2	1062	2077	A	0	0	2077	37.9
A_PB2	1063	2155	A	0	0	2155	34.1
A_PB2	1064	2335	G	0	0	2335	34.2
A_PB2	1065	2192	A	0	0	2192	34.9
A_PB2	1066	2161	G	0	0	2161	37.2
A_PB2	1067	2237	T	0	0	2237	35.4
A_PB2	1068	2260	A	0	0	2260	35.1
A_PB2	1069	2169	C	0	0	2169	34.0
A_PB2	1070	2477	A	0	0	2477	34.3
A_PB2	1071	2312	T	0	0	2312	35.2
A_PB2	1072	2235	G	0	0	2235	34.5
A_PB2	1073	2211	A	0	0	2211	37.6
A_PB2	1074	2244	G	0	0	2244	35.0
A_PB2	1075	2297	G	0	0	2297	36.0
A_PB2	1076	2426	G	0	0	2426	37.0
A_PB2	1077	2246	G	0	0	2246	36.4
A_PB2	1078	2438	T	0	0	2438	36.1
A_PB2	1079	2505	A	0	0	2505	35.1
A_PB2	1080	2161	T	0	0	2161	36.6
A_PB2	1081	2332	G	0	0	2332	36.7
A_PB2	1082	2621	A	0	0	2621	34.7
A_PB2	1083	2215	A	0	0	2215	35.5
A_PB2	1084	2378	G	0	0	2378	35.9
A_PB2	1085	2352	A	0	0	2352	34.7
A_PB2	1086	2275	G	0	0	2275	35.3
A_PB2	1087	2470	T	0	0	2470	36.0
A_PB2	1088	2631	T	0	0	2631	36.4
A_PB2	1089	2350	C	0	0	2350	35.8
A_PB2	1090	2348	A	0	0	2348	35.5
A_PB2	1091	2453	C	0	0	2453	38.0
A_PB2	1092	2221	A	0	0	2221	37.4
A_PB2	1093	2278	A	0	0	2278	34.4
A_PB2	1094	2418	T	0	0	2418	34.2
A_PB2	1095	2411	G	0	0	2411	36.5
A_PB2	1096	2336	G	0	0	2336	34.3
A_PB2	1097	2439	T	0	0	2439	37.1
A_PB2	1098	2354	T	0	0	2354	35.6
A_PB2	1099	2294	G	0	0	2294	34.5
A_PB2	1100	2324	G	0	0	2324	34.8
A_PB2	1101	2354	G	0	0	2354	36.0
A_PB2	1102	2375	A	0	0	2375	35.4
A_PB2	1103	2285	G	0	0	2285	37.2
A_PB2	1104	2219	A	0	0	2219	37.5
A_PB2	1105	2297	A	0	0	2297	37.8
A_PB2	1106	2514	G	0	0	2514	34.4
A_PB2	1107	2401	A	0	0	2401	37.4
A_PB2	1108	2686	G	0	0	2686	35.3
A_PB2	1109	2305	C	0	0	2305	36.8
A_PB2	1110	2409	A	0	0	2409	37.7
A_PB2	1111	2457	A	0	0	2457	35.5
A_PB2	1112	2492	C	0	0	2492	38.0
A_PB2	1113	2312	G	0	0	2312	36.4
A_PB2	1114	2590	G	0	0	2590	36.6
A_PB2	1115	2668	C	0	0	2668	34.5
A_PB2	1116	2229	C	0	0	2229	37.1
A_PB2	1117	2532	A	0	0	2532	35.8
A_PB2	1118	2904	T	0	0	2904	37.6
A_PB2	1119	2303	T	0	0	2303	35.3
A_PB2	1120	2422	C	0	0	2422	35.8
A_PB2	1121	2546	T	0	0	2546	35.1
A_PB2	1122	2337	C	0	0	2337	36.5
A_PB2	1123	2673	A	0	0	2673	36.6
A_PB2	1124	2318	G	0	0	2318	34.0
A_PB2	1125	2474	G	0	0	2474	34.1
A_PB2	1126	2937	A	0	0	2937	36.7
A_PB2	1127	2671	A	0	0	2671	35.1
A_PB2	1128	2646	A	0	0	2646	36.4
A_PB2	1129	2762	G	0	0	2762	34.5
A_PB2	1130	2737	C	0	0	2737	34.1
A_PB2	1131	2732	A	0	0	2732	36.8
A_PB2	1132	2461	A	0	0	2461	37.9
A_PB2	1133	2831	C	0	0	2831	35.8
A_PB2	1134	2595	C	0	0	2595	36.8
A_PB2	1135	2949	A	0	0	2949	36.8
A_PB2	1136	2687	G	0	0	2687	37.2
A_PB2	1137	2769	A	0	0	2769	35.4
A_PB2	1138	2661	A	0	0	2661	34.6
A_PB2	1139	2465	G	0	0	2465	35.0
A_PB2	1140	2669	G	0	0	2669	34.1
A_PB2	1141	2369	C	0	0	2369	35.7
A_PB2	1142	2671	T	0	0	2671	34.8
A_PB2	1143	2692	G	0	0	2692	37.9
A_PB2	1144	2649	A	0	0	2649	35.3
A_PB2	1145	2524	T	0	0	2524	36.5
A_PB2	1146	2555	C	0	0	2555	35.4
A_PB2	1147	2753	C	0	0	2753	36.0
A_PB2	1148	2471	A	0	0	2471	37.3
A_PB2	1149	2621	G	0	0	2621	37.3
A_PB2	1150	2499	C	0	0	2499	36.5
A_PB2	1151	2615	T	0	0	2615	37.9
A_PB2	1152	2816	A	0	0	2816	35.3
A_PB2	1153	2962	A	0	0	2962	36.3
A_PB2	1154	2478	T	0	0	2478	35.1
A_PB2	1155	2673	A	0	0	2673	37.8
A_PB2	1156	2405	G	0	0	2405	37.3
A_PB2	1157	2689	T	0	0	2689	35.5
A_PB2	1158	3126	A	0	0	3126	35.3
A_PB2	1159	2630	A	0	0	2630	37.4
A_PB2	1160	2745	G	0	0	2745	35.3
A_PB2	1161	2763	T	0	0	2763	34.8
A_PB2	1162	2880	G	0	0	2880	37.7
A_PB2	1163	2948	G	0	0	2948	36.9
A_PB2	1164	2662	G	0	0	2662	35.6
A_PB2	1165	2617	A	0	0	2617	37.6
A_PB2	1166	2699	G	0	0	2699	35.2
A_PB2	1167	2880	A	0	0	2880	36.5
A_PB2	1168	2781	G	0	0	2781	36.5
A_PB2	1169	2735	A	0	0	2735	37.3
A_PB2	1170	2886	C	0	0	2886	37.2
A_PB2	1171	2813	G	0	0	2813	36.0
A_PB2	1172	2702	A	0	0	2702	35.8
A_PB2	1173	2394	G	0	0	2394	36.9
A_PB2	1174	2681	C	0	0	2681	34.7
A_PB2	1175	2979	A	0	0	2979	35.4
A_PB2	1176	2673	G	0	0	2673	34.6
A_PB2	1177	2770	T	0	0	2770	35.0
A_PB2	1178	2765	C	0	0	2765	37.3
A_PB2	1179	2799	A	0	0	2799	34.8
A_PB2	1180	3165	A	0	0	3165	36.5
A_PB2	1181	2645	T	0	0	2645	37.4
A_PB2	1182	3015	T	0	0	3015	34.1
A_PB2	1183	2766	G	0	0	2766	37.1
A_PB2	1184	2754	C	0	0	2754	37.7
A_PB2	1185	2861	T	0	0	2861	34.4
A_PB2	1186	3058	G	0	0	3058	36.7
A_PB2	1187	2629	A	0	0	2629	36.5
A_PB2	1188	2677	A	0	0	2677	37.8
A_PB2	1189	2760	G	0	0	2760	36.2
A_PB2	1190	2943	C	0	0	2943	34.9
A_PB2	1191	2729	A	0	0	2729	34.3
A_PB2	1192	2640	A	0	0	2640	35.1
A_PB2	1193	2426	T	0	0	2426	36.6
A_PB2	1194	2639	A	0	0	2639	37.7
A_PB2	1195	2882	A	0	0	2882	35.7
A_PB2	1196	3047	T	0	0	3047	36.8
A_PB2	1197	3153	T	0	0	3153	36.3
A_PB2	1198	2807	G	0	0	2807	37.6
A_PB2	1199	2842	T	0	0	2842	37.5
A_PB2	1200	2780	G	0	0	2780	34.5
A_PB2	1201	2799	G	0	0	2799	37.2
A_PB2	1202	2553	C	0	0	2553	35.9
A_PB2	1203	2688	C	0	0	2688	34.7
A_PB2	1204	2596	A	0	0	2596	37.9
A_PB2	1205	2585	T	0	0	2585	35.8
A_PB2	1206	2829	G	0	0	2829	34.5
A_PB2	1207	3025	G	0	0	3025	37.1
A_PB2	1208	2583	T	0	0	2583	35.2
A_PB2	1209	2937	A	0	0	2937	34.9
A_PB2	1210	3061	T	0	0	3061	35.0
A_PB2	1211	2714	T	0	0	2714	37.8
A_PB2	1212	2938	C	0	0	2938	35.6
A_PB2	1213	2684	T	0	0	2684	38.0
A_PB2	1214	2785	C	0	0	2785	34.7
A_PB2	1215	2829	A	0	0	2829	34.3
A_PB2	1216	2814	C	0	0	2814	37.5
A_PB2	1217	2760	A	0	0	2760	34.6
A_PB2	1218	2633	A	0	0	2633	37.9
A_PB2	1219	2835	G	0	0	2835	36.2
A_PB2	1220	3285	A	0	0	3285	37.9
A_PB2	1221	2911	G	0	0	2911	35.7
A_PB2	1222	2888	G	0	0	2888	35.3
A_PB2	1223	2751	A	0	0	2751	34.0
A_PB2	1224	2818	C	0	0	2818	35.6
A_PB2	1225	2677	T	0	0	2677	36.5
A_PB2	1226	2723	G	0	0	2723	34.9
A_PB2	1227	2748	C	0	0	2748	34.5
A_PB2	1228	2714	A	0	0	2714	35.4
A_PB2	1229	2727	T	0	0	2727	35.1
A_PB2	1230	2571	G	0	0	2571	37.4
A_PB2	1231	3061	A	0	0	3061	36.2
A_PB2	1232	2822	T	0	0	2822	34.1
A_PB2	1233	3022	T	0	0	3022	36.1
A_PB2	1234	2766	A	0	0	2766	35.0
A_PB2	1235	2848	A	0	0	2848	37.8
A_PB2	1236	2760	A	0	0	2760	37.0
A_PB2	1237	2595	G	0	0	2595	34.3
A_PB2	1238	2928	C	0	0	2928	35.9
A_PB2	1239	2766	A	0	0	2766	34.9
A_PB2	1240	2771	G	0	0	2771	34.9
A_PB2	1241	2489	T	0	0	2489	35.4
A_PB2	1242	2986	T	0	0	2986	35.9
A_PB2	1243	2401	A	0	0	2401	37.9
A_PB2	1244	2920	G	0	0	2920	37.8
A_PB2	1245	2736	A	0	0	2736	36.3
A_PB2	1246	2721	G	0	0	2721	34.8
A_PB2	1247	2582	G	0	0	2582	34.5
A_PB2	1248	2455	T	0	0	2455	35.2
A_PB2	1249	2806	G	0	0	2806	35.9
A_PB2	1250	2538	A	0	0	2538	37.4
A_PB2	1251	2391	C	0	0	2391	36.1
A_PB2	1252	2711	C	0	0	2711	35.7
A_PB2	1253	2798	T	0	0	2798	35.1
A_PB2	1254	2968	G	0	0	2968	36.4
A_PB2	1255	2508	A	0	0	2508	37.0
A_PB2	1256	2504	A	0	0	2504	36.8
A_PB2	1257	2445	T	0	0	2445	36.0
A_PB2	1258	2495	T	0	0	2495	37.2
A_PB2	1259	2625	T	0	0	2625	34.6
A_PB2	1260	2608	T	0	0	2608	34.9
A_PB2	1261	2440	G	0	0	2440	37.7
A_PB2	1262	2587	T	0	0	2587	35.6
A_PB2	1263	2367	C	0	0	2367	37.7
A_PB2	1264	2449	A	0	0	2449	34.6
A_PB2	1265	2674	A	0	0	2674	34.2
A_PB2	1266	2682	T	0	0	2682	35.8
A_PB2	1267	2676	A	0	0	2676	36.8
A_PB2	1268	2578	G	0	0	2578	38.0
A_PB2	1269	2446	G	0	0	2446	34.4
A_PB2	1270	2600	G	0	0	2600	37.5
A_PB2	1271	2292	C	0	0	2292	35.3
A_PB2	1272	2687	G	0	0	2687	34.1
A_PB2	1273	2560	A	0	0	2560	36.9
A_PB2	1274	2250	A	0	0	2250	34.6
A_PB2	1275	2400	C	0	0	2400	37.8
A_PB2	1276	2646	C	0	0	2646	34.7
A_PB2	1277	2317	A	0	0	2317	36.6
A_PB2	1278	2468	G	0	0	2468	36.4
A_PB2	1279	2554	C	0	0	2554	35.8
A_PB2	1280	2289	G	0	0	2289	34.6
A_PB2	1281	2671	A	0	0	2671	37.8
A_PB2	1282	2506	C	0	0	2506	36.5
A_PB2	1283	2403	T	0	0	2403	35.1
A_PB2	1284	2394	A	0	0	2394	34.1
A_PB2	1285	2285	A	0	0	2285	35.3
A_PB2	1286	2683	A	0	0	2683	35.2
A_PB2	1287	2152	C	0	0	2152	37.8
A_PB2	1288	2311	C	0	0	2311	37.1
A_PB2	1289	2314	C	0	0	2314	35.0
A_PB2	1290	2336	A	0	0	2336	37.8
A_PB2	1291	2428	A	0	0	2428	34.1
A_PB2	1292	2465	T	0	0	2465	37.6
A_PB2	1293	2454	G	0	0	2454	34.3
A_PB2	1294	2264	C	0	0	2264	37.0
A_PB2	1295	2275	A	0	0	2275	37.1
A_PB2	1296	2159	T	0	0	2159	34.7
A_PB2	1297	2229	C	0	0	2229	36.5
A_PB2	1298	2153	A	0	0	2153	34.6
A_PB2	1299	2146	A	0	0	2146	37.3
A_PB2	1300	2334	C	0	0	2334	34.4
A_PB2	1301	2268	T	0	0	2268	36.1
A_PB2	1302	2269	C	0	0	2269	35.4
A_PB2	1303	2240	T	0	0	2240	36.5
A_PB2	1304	2180	T	0	0	2180	35.8
A_PB2	1305	2311	G	0	0	2311	36.1
A_PB2	1306	2265	A	0	0	2265	36.6
A_PB2	1307	2098	G	0	0	2098	34.4
A_PB2	1308	2143	G	0	0	2143	35.2
A_PB2	1309	2171	C	0	0	2171	36.9
A_PB2	1310	2124	A	0	0	2124	34.8
A_PB2	1311	2258	T	0	0	2258	34.3
A_PB2	1312	2289	T	0	0	2289	34.9
A_PB2	1313	1989	T	0	0	1989	37.4
A_PB2	1314	2147	C	0	0	2147	34.2
A_PB2	1315	2137	C	0	0	2137	34.7
A_PB2	1316	1907	A	0	0	1907	37.3
A_PB2	1317	2182	A	0	0	2182	36.0
A_PB2	1318	2311	A	0	0	2311	35.0
A_PB2	1319	1832	A	0	0	1832	36.6
A_PB2	1320	2025	G	0	0	2025	34.5
A_PB2	1321	2042	G	0	0	2042	35.2
A_PB2	1322	2130	A	0	0	2130	37.5
A_PB2	1323	2160	T	0	0	2160	37.4
A_PB2	1324	1670	G	0	0	1670	35.7
A_PB2	1325	2081	C	0	0	2081	37.5
A_PB2	1326	1678	A	0	0	1678	36.5
A_PB2	1327	2065	A	0	0	2065	34.6
A_PB2	1328	2154	A	0	0	2154	37.8
A_PB2	1329	2028	G	0	0	2028	35.4
A_PB2	1330	1905	G	0	0	1905	37.7
A_PB2	1331	1862	T	0	0	1862	34.2
A_PB2	1332	1977	G	0	0	1977	37.7
A_PB2	1333	1940	C	0	0	1940	35.0
A_PB2	1334	1728	T	0	0	1728	37.2
A_PB2	1335	1790	T	0	0	1790	35.8
A_PB2	1336	1919	T	0	0	1919	35.5
A_PB2	1337	1918	T	0	0	1918	37.9
A_PB2	1338	1823	C	0	0	1823	36.2
A_PB2	1339	1890	C	0	0	1890	35.7
A_PB2	1340	1906	A	0	0	1906	35.5
A_PB2	1341	1944	A	0	0	1944	34.9
A_PB2	1342	1787	A	0	0	1787	34.5
A_PB2	1343	1871	A	0	0	1871	35.0
A_PB2	1344	1926	T	0	0	1926	35.4
A_PB2	1345	1775	T	0	0	1775	34.3
A_PB2	1346	1866	G	0	0	1866	37.1
A_PB2	1347	1768	G	0	0	1768	36.6
A_PB2	1348	1790	G	0	0	1790	37.3
A_PB2	1349	1599	G	0	0	1599	34.8
A_PB2	1350	1864	A	0	0	1864	37.1
A_PB2	1351	1894	A	0	0	1894	35.9
A_PB2	1352	1608	T	0	0	1608	36.2
A_PB2	1353	1871	T	0	0	1871	34.6
A_PB2	1354	1734	G	0	0	1734	34.8
A_PB2	1355	1792	A	0	0	1792	34.1
A_PB2	1356	1723	A	0	0	1723	34.1
A_PB2	1357	1814	C	0	0	1814	34.3
A_PB2	1358	1667	C	0	0	1667	37.3
A_PB2	1359	1825	C	0	0	1825	34.1
A_PB2	1360	1621	A	0	0	1621	37.4
A_PB2	1361	1756	T	0	0	1756	37.4
A_PB2	1362	1620	T	0	0	1620	37.7
A_PB2	1363	1544	G	0	0	1544	37.3
A_PB2	1364	1713	A	0	0	1713	36.0
A_PB2	1365	1552	C	0	0	1552	35.7
A_PB2	1366	1721	A	0	0	1721	35.4
A_PB2	1367	1760	A	0	0	1760	37.6
A_PB2	1368	1680	T	0	0	1680	35.6
A_PB2	1369	1636	G	0	0	1636	35.0
A_PB2	1370	1616	T	0	0	1616	37.6
A_PB2	1371	1635	G	0	0	1635	36.3
A_PB2	1372	1810	A	0	0	1810	37.2
A_PB2	1373	1615	T	0	0	1615	36.8
A_PB2	1374	1595	G	0	0	1595	37.2
A_PB2	1375	1661	G	0	0	1661	37.6
A_PB2	1376	1424	G	0	0	1424	34.3
A_PB2	1377	1615	A	0	0	1615	36.5
A_PB2	1378	1889	A	0	0	1889	37.6
A_PB2	1379	1654	T	0	0	1654	34.0
A_PB2	1380	1743	G	0	0	1743	34.1
A_PB2	1381	1508	A	0	0	1508	37.6
A_PB2	1382	1507	T	0	0	1507	36.1
A_PB2	1383	1568	C	0	0	1568	36.9
A_PB2	1384	1595	G	0	0	1595	34.2
A_PB2	1385	1656	G	0	0	1656	34.8
A_PB2	1386	1810	G	0	0	1810	36.1
A_PB2	1387	1446	G	0	0	1446	35.8
A_PB2	1388	1657	T	0	0	1657	37.7
A_PB2	1389	1581	A	0	0	1581	36.7
A_PB2	1390	1518	A	0	0	1518	34.3
A_PB2	1391	1601	T	0	0	1601	37.3
A_PB2	1392	1672	G	0	0	1672	35.7
A_PB2	1393	1685	C	0	0	1685	35.3
A_PB2	1394	1634	C	0	0	1634	35.6
A_PB2	1395	1630	C	0	0	1630	35.5
A_PB2	1396	1671	G	0	0	1671	36.8
A_PB2	1397	1434	A	0	0	1434	37.4
A_PB2	1398	1612	C	0	0	1612	37.4
A_PB2	1399	1449	A	0	0	1449	36.1
A_PB2	1400	1744	T	0	0	1744	35.7
A_PB2	1401	1562	G	0	0	1562	34.6
A_PB2	1402	1567	A	0	0	1567	34.7
A_PB2	1403	1565	C	0	0	1565	34.6
A_PB2	1404	1801	C	0	0	1801	34.4
A_PB2	1405	1511	C	0	0	1511	37.9
A_PB2	1406	1529	C	0	0	1529	34.2
A_PB2	1407	1576	A	0	0	1576	35.7
A_PB2	1408	1522	A	0	0	1522	36.9
A_PB2	1409	1629	G	0	0	1629	37.9
A_PB2	1410	1562	T	0	0	1562	34.3
A_PB2	1411	1450	A	0	0	1450	35.4
A_PB2	1412	1556	C	0	0	1556	36.0
A_PB2	1413	1454	T	0	0	1454	37.5
A_PB2	1414	1572	G	0	0	1572	35.1
A_PB2	1415	1515	A	0	0	1515	34.2
A_PB2	1416	1649	G	0	0	1649	37.4
A_PB2	1417	1512	A	0	0	1512	36.6
A_PB2	1418	1759	T	0	0	1759	37.1
A_PB2	1419	1532	G	0	0	1532	37.7
A_PB2	1420	1640	T	0	0	1640	34.8
A_PB2	1421	1476	C	0	0	1476	36.9
A_PB2	1422	1610	G	0	0	1610	37.8
A_PB2	1423	1574	C	0	0	1574	36.2
A_PB2	1424	1736	T	0	0	1736	37.1
A_PB2	1425	1662	G	0	0	1662	34.3
A_PB2	1426	1576	A	0	0	1576	34.9
A_PB2	1427	1583	G	0	0	1583	37.1
A_PB2	1428	1603	G	0	0	1603	36.3
A_PB2	1429	1613	G	0	0	1613	37.4
A_PB2	1430	1790	G	0	0	1790	34.8
A_PB2	1431	1723	A	0	0	1723	34.1
A_PB2	1432	1623	A	0	0	1623	35.2
A_PB2	1433	1552	T	0	0	1552	34.3
A_PB2	1434	1487	A	0	0	1487	36.3
A_PB2	1435	1572	A	0	0	1572	37.5
A_PB2	1436	1682	G	0	0	1682	37.7
A_PB2	1437	1474	A	0	0	1474	34.2
A_PB2	1438	1633	G	0	0	1633	35.6
A_PB2	1439	1568	T	0	0	1568	37.5
A_PB2	1440	1635	C	0	0	1635	35.9
A_PB2	1441	1640	A	0	0	1640	34.8
A_PB2	1442	1642	G	0	0	1642	34.6
A_PB2	1443	1583	T	0	0	1583	34.4
A_PB2	1444	1512	A	0	0	1512	36.9
A_PB2	1445	1658	A	0	0	1658	34.8
A_PB2	1446	1660	G	0	0	1660	35.4
A_PB2	1447	1575	A	0	0	1575	35.5
A_PB2	1448	1641	T	0	0	1641	36.2
A_PB2	1449	1531	G	0	0	1531	36.7
A_PB2	1450	1605	G	0	0	1605	34.8
A_PB2	1451	1558	G	0	0	1558	37.0
A_PB2	1452	1575	A	0	0	1575	37.9
A_PB2	1453	1600	G	0	0	1600	34.6
A_PB2	1454	1888	T	0	0	1888	37.1
A_PB2	1455	1726	A	0	0	1726	35.7
A_PB2	1456	1677	G	0	0	1677	34.1
A_PB2	1457	1657	A	0	0	1657	37.4
A_PB2	1458	1626	T	0	0	1626	36.2
A_PB2	1459	1740	G	0	0	1740	36.0
A_PB2	1460	1712	A	0	0	1712	35.5
A_PB2	1461	1819	A	0	0	1819	36.9
A_PB2	1462	1750	T	0	0	1750	37.4
A_PB2	1463	1647	A	0	0	1647	34.8
A_PB2	1464	1918	C	0	0	1918	35.8
A_PB2	1465	1756	T	0	0	1756	36.6
A_PB2	1466	1566	C	0	0	1566	35.8
A_PB2	1467	1793	A	0	0	1793	36.4
A_PB2	1468	1477	A	0	0	1477	37.5
A_PB2	1469	1592	G	0	0	1592	34.6
A_PB2	1470	1784	T	0	0	1784	34.7
A_PB2	1471	1644	A	0	0	1644	37.3
A_PB2	1472	1712	C	0	0	1712	36.7
A_PB2	1473	1634	A	0	0	1634	37.3
A_PB2	1474	1811	G	0	0	1811	37.5
A_PB2	1475	1847	A	0	0	1847	34.6
A_PB2	1476	2082	G	0	0	2082	37.6
A_PB2	1477	1725	C	0	0	1725	34.6
A_PB2	1478	1649	G	0	0	1649	36.0
A_PB2	1479	1638	A	0	0	1638	35.9
A_PB2	1480	1919	G	0	0	1919	35.3
A_PB2	1481	1885	T	0	0	1885	34.5
A_PB2	1482	1778	A	0	0	1778	35.2
A_PB2	1483	1818	G	0	0	1818	36.7
A_PB2	1484	2002	T	0	0	2002	34.8
A_PB2	1485	1707	A	0	0	1707	34.9
A_PB2	1486	1720	G	0	0	1720	36.5
A_PB2	1487	1701	T	0	0	1701	37.0
A_PB2	1488	1627	A	0	0	1627	35.3
A_PB2	1489	1822	A	0	0	1822	36.7
A_PB2	1490	2004	G	0	0	2004	36.8
A_PB2	1491	1737	C	0	0	1737	36.5
A_PB2	1492	1762	A	0	0	1762	35.2
A_PB2	1493	1748	T	0	0	1748	37.5
A_PB2	1494	1827	C	0	0	1827	36.8
A_PB2	1495	1868	G	0	0	1868	37.2
A_PB2	1496	1999	A	0	0	1999	36.9
A_PB2	1497	1698	C	0	0	1698	37.8
A_PB2	1498	1718	C	0	0	1718	36.6
A_PB2	1499	1858	G	0	0	1858	36.8
A_PB2	1500	1841	G	0	0	1841	36.0
A_PB2	1501	1682	T	0	0	1682	34.5
A_PB2	1502	2007	T	0	0	2007	37.6
A_PB2	1503	2138	T	0	0	2138	36.7
A_PB2	1504	1981	T	0	0	1981	35.4
A_PB2	1505	1737	T	0	0	1737	34.3
A_PB2	1506	1903	A	0	0	1903	35.7
A_PB2	1507	2016	A	0	0	2016	34.6
A_PB2	1508	1917	G	0	0	1917	35.2
A_PB2	1509	1895	A	0	0	1895	36.8
A_PB2	1510	1859	G	0	0	1859	35.7
A_PB2	1511	2088	T	0	0	2088	36.4
A_PB2	1512	1825	T	0	0	1825	36.0
A_PB2	1513	1894	C	0	0	1894	35.9
A_PB2	1514	1987	G	0	0	1987	35.9
A_PB2	1515	1863	A	0	0	1863	37.6
A_PB2	1516	1998	G	0	0	1998	35.2
A_PB2	1517	2277	A	0	0	2277	34.4
A_PB2	1518	1825	C	0	0	1825	35.4
A_PB2	1519	1939	C	0	0	1939	35.1
A_PB2	1520	2041	A	0	0	2041	37.6
A_PB2	1521	2004	A	0	0	2004	34.1
A_PB2	1522	2138	C	0	0	2138	35.7
A_PB2	1523	1925	G	0	0	1925	37.2
A_PB2	1524	2129	G	0	0	2129	35.1
A_PB2	1525	1713	G	0	0	1713	37.7
A_PB2	1526	1925	G	0	0	1925	37.2
A_PB2	1527	1960	G	0	0	1960	35.7
A_PB2	1528	2287	A	0	0	2287	37.2
A_PB2	1529	1820	A	0	0	1820	35.3
A_PB2	1530	2019	C	0	0	2019	36.1
A_PB2	1531	2079	G	0	0	2079	37.2
A_PB2	1532	2112	T	0	0	2112	34.1
A_PB2	1533	2086	A	0	0	2086	35.8
A_PB2	1534	1928	C	0	0	1928	36.7
A_PB2	1535	2051	T	0	0	2051	34.8
A_PB2	1536	1958	A	0	0	1958	35.9
A_PB2	1537	2010	T	0	0	2010	34.0
A_PB2	1538	2121	T	0	0	2121	37.3
A_PB2	1539	1873	A	0	0	1873	35.8
A_PB2	1540	1841	T	0	0	1841	36.0
A_PB2	1541	2127	C	0	0	2127	37.4
A_PB2	1542	1999	A	0	0	1999	37.4
A_PB2	1543	2001	C	0	0	2001	36.3
A_PB2	1544	1995	C	0	0	1995	36.9
A_PB2	1545	1906	C	0	0	1906	35.4
A_PB2	1546	2029	G	0	0	2029	34.8
A_PB2	1547	1739	A	0	0	1739	35.4
A_PB2	1548	2373	A	0	0	2373	36.0
A_PB2	1549	1767	G	0	0	1767	37.7
A_PB2	1550	1939	A	0	0	1939	37.1
A_PB2	1551	1961	G	0	0	1961	37.4
A_PB2	1552	1955	G	0	0	1955	34.3
A_PB2	1553	2050	T	0	0	2050	36.9
A_PB2	1554	2054	C	0	0	2054	35.9
A_PB2	1555	1809	A	0	0	1809	36.3
A_PB2	1556	1947	G	0	0	1947	37.0
A_PB2	1557	2246	T	0	0	2246	36.7
A_PB2	1558	2047	G	0	0	2047	35.6
A_PB2	1559	2091	A	0	0	2091	36.9
A_PB2	1560	1949	G	0	0	1949	34.5
A_PB2	1561	2186	A	0	0	2186	35.6
A_PB2	1562	2227	C	0	0	2227	37.1
A_PB2	1563	2010	A	0	0	2010	35.4
A_PB2	1564	2071	C	0	0	2071	36.1
A_PB2	1565	2022	A	0	0	2022	36.1
A_PB2	1566	2067	A	0	0	2067	37.0
A_PB2	1567	1997	G	0	0	1997	37.0
A_PB2	1568	1824	G	0	0	1824	34.9
A_PB2	1569	2103	A	0	0	2103	34.9
A_PB2	1570	1842	A	0	0	1842	36.7
A_PB2	1571	2127	C	0	0	2127	36.2
A_PB2	1572	1954	G	0	0	1954	36.7
A_PB2	1573	1999	G	0	0	1999	35.2
A_PB2	1574	1892	A	0	0	1892	36.8
A_PB2	1575	2261	G	0	0	2261	37.4
A_PB2	1576	2093	A	0	0	2093	37.6
A_PB2	1577	2118	A	0	0	2118	38.0
A_PB2	1578	2178	A	0	0	2178	36.4
A_PB2	1579	2007	C	0	0	2007	37.8
A_PB2	1580	1988	T	0	0	1988	34.3
A_PB2	1581	2011	G	0	0	2011	36.8
A_PB2	1582	1850	A	0	0	1850	35.9
A_PB2	1583	2001	C	0	0	2001	37.5
A_PB2	1584	1995	A	0	0	1995	36.5
A_PB2	1585	1854	A	0	0	1854	36.8
A_PB2	1586	1967	T	0	0	1967	34.6
A_PB2	1587	2103	C	0	0	2103	35.3
A_PB2	1588	1978	A	0	0	1978	34.8
A_PB2	1589	2202	C	0	0	2202	34.2
A_PB2	1590	2033	T	0	0	2033	35.4
A_PB2	1591	1977	T	0	0	1977	34.5
A_PB2	1592	1995	A	0	0	1995	34.5
A_PB2	1593	2165	T	0	0	2165	35.1
A_PB2	1594	2026	T	0	0	2026	35.1
A_PB2	1595	1827	C	0	0	1827	35.2
A_PB2	1596	1920	G	0	0	1920	37.1
A_PB2	1597	2057	T	0	0	2057	36.0
A_PB2	1598	1961	C	0	0	1961	34.5
A_PB2	1599	1878	A	0	0	1878	34.1
A_PB2	1600	1896	T	0	0	1896	37.2
A_PB2	1601	2160	C	0	0	2160	34.7
A_PB2	1602	1829	A	0	0	1829	36.8
A_PB2	1603	2101	A	0	0	2101	36.3
A_PB2	1604	1987	T	0	0	1987	36.6
A_PB2	1605	1925	G	0	0	1925	34.4
A_PB2	1606	1969	A	0	0	1969	35.4
A_PB2	1607	1971	T	0	0	1971	36.3
A_PB2	1608	1987	G	0	0	1987	35.0
A_PB2	1609	1832	T	0	0	1832	37.1
A_PB2	1610	2074	G	0	0	2074	34.9
A_PB2	1611	2092	G	0	0	2092	35.4
A_PB2	1612	1974	G	0	0	1974	35.8
A_PB2	1613	1932	A	0	0	1932	35.5
A_PB2	1614	1882	G	0	0	1882	35.6
A_PB2	1615	1825	A	0	0	1825	37.3
A_PB2	1616	2142	T	0	0	2142	36.0
A_PB2	1617	1900	C	0	0	1900	37.5
A_PB2	1618	1850	A	0	0	1850	34.2
A_PB2	1619	1913	A	0	0	1913	34.8
A_PB2	1620	1984	T	0	0	1984	34.3
A_PB2	1621	2116	G	0	0	2116	37.6
A_PB2	1622	1837	G	0	0	1837	37.7
A_PB2	1623	2127	T	0	0	2127	35.3
A_PB2	1624	1806	C	0	0	1806	34.8
A_PB2	1625	1992	C	0	0	1992	37.8
A_PB2	1626	1953	T	0	0	1953	36.9
A_PB2	1627	1885	G	0	0	1885	37.7
A_PB2	1628	1572	A	0	0	1572	35.2
A_PB2	1629	1888	G	0	0	1888	34.2
A_PB2	1630	1745	T	0	0	1745	36.5
A_PB2	1631	2074	C	0	0	2074	37.5
A_PB2	1632	1989	G	0	0	1989	37.9
A_PB2	1633	1704	G	0	0	1704	35.9
A_PB2	1634	1909	T	0	0	1909	35.5
A_PB2	1635	1755	G	0	0	1755	37.4
A_PB2	1636	1859	T	0	0	1859	36.7
A_PB2	1637	1998	T	0	0	1998	36.0
A_PB2	1638	2032	G	0	0	2032	34.6
A_PB2	1639	1978	G	0	0	1978	35.8
A_PB2	1640	1740	T	0	0	1740	34.7
A_PB2	1641	2083	C	0	0	2083	35.6
A_PB2	1642	1852	A	0	0	1852	36.9
A_PB2	1643	2034	A	0	0	2034	35.0
A_PB2	1644	1756	T	0	0	1756	35.1
A_PB2	1645	1910	A	0	0	1910	34.6
A_PB2	1646	1914	C	0	0	1914	37.2
A_PB2	1647	1879	T	0	0	1879	34.8
A_PB2	1648	1767	T	0	0	1767	35.4
A_PB2	1649	1705	A	0	0	1705	35.6
A_PB2	1650	1918	C	0	0	1918	37.1
A_PB2	1651	1911	C	0	0	1911	34.6
A_PB2	1652	2021	A	0	0	2021	37.0
A_PB2	1653	1855	G	0	0	1855	35.3
A_PB2	1654	1908	T	0	0	1908	35.6
A_PB2	1655	1952	G	0	0	1952	37.7
A_PB2	1656	2069	G	0	0	2069	37.6
A_PB2	1657	2262	A	0	0	2262	34.7
A_PB2	1658	1802	T	0	0	1802	35.8
A_PB2	1659	1943	A	0	0	1943	37.6
A_PB2	1660	1904	A	0	0	1904	37.7
A_PB2	1661	1840	T	0	0	1840	36.0
A_PB2	1662	1631	T	0	0	1631	35.9
A_PB2	1663	1869	A	0	0	1869	37.1
A_PB2	1664	1742	G	0	0	1742	36.1
A_PB2	1665	1919	A	0	0	1919	37.6
A_PB2	1666	1790	A	0	0	1790	35.0
A_PB2	1667	1913	A	0	0	1913	36.8
A_PB2	1668	1862	C	0	0	1862	37.2
A_PB2	1669	1952	T	0	0	1952	36.5
A_PB2	1670	1943	G	0	0	1943	35.9
A_PB2	1671	1927	G	0	0	1927	34.3
A_PB2	1672	1720	G	0	0	1720	35.9
A_PB2	1673	1834	A	0	0	1834	37.1
A_PB2	1674	1676	A	0	0	1676	36.8
A_PB2	1675	1977	A	0	0	1977	36.9
A_PB2	1676	1761	C	0	0	1761	37.2
A_PB2	1677	2018	T	0	0	2018	37.4
A_PB2	1678	1932	G	0	0	1932	35.7
A_PB2	1679	1643	T	0	0	1643	35.2
A_PB2	1680	1760	A	0	0	1760	34.4
A_PB2	1681	1765	A	0	0	1765	36.3
A_PB2	1682	1888	A	0	0	1888	37.7
A_PB2	1683	1874	A	0	0	1874	34.2
A_PB2	1684	1856	A	0	0	1856	37.2
A_PB2	1685	1798	T	0	0	1798	37.6
A_PB2	1686	1911	T	0	0	1911	35.6
A_PB2	1687	1660	C	0	0	1660	36.6
A_PB2	1688	1918	A	0	0	1918	35.8
A_PB2	1689	1792	A	0	0	1792	37.0
A_PB2	1690	2019	T	0	0	2019	35.1
A_PB2	1691	1654	G	0	0	1654	34.4
A_PB2	1692	1807	G	0	0	1807	35.7
A_PB2	1693	1896	T	0	0	1896	35.4
A_PB2	1694	1871	C	0	0	1871	37.4
A_PB2	1695	2080	A	0	0	2080	37.2
A_PB2	1696	1772	C	0	0	1772	34.0
A_PB2	1697	2012	A	0	0	2012	35.8
A_PB2	1698	1879	G	0	0	1879	34.0
A_PB2	1699	1780	G	0	0	1780	35.4
A_PB2	1700	1832	A	0	0	1832	35.3
A_PB2	1701	1849	T	0	0	1849	37.0
A_PB2	1702	1880	C	0	0	1880	35.2
A_PB2	1703	1741	C	0	0	1741	36.6
A_PB2	1704	1875	C	0	0	1875	36.0
A_PB2	1705	1804	A	0	0	1804	37.6
A_PB2	1706	1835	C	0	0	1835	37.4
A_PB2	1707	1812	A	0	0	1812	36.6
A_PB2	1708	1945	A	0	0	1945	37.0
A_PB2	1709	1904	T	0	0	1904	36.2
A_PB2	1710	1796	G	0	0	1796	35.3
A_PB2	1711	1863	T	0	0	1863	35.6
A_PB2	1712	2010	T	0	0	2010	36.5
A_PB2	1713	2000	G	0	0	2000	36.8
A_PB2	1714	2230	T	0	0	2230	35.0
A_PB2	1715	1998	A	0	0	1998	36.7
A_PB2	1716	1888	T	0	0	1888	34.1
A_PB2	1717	2132	A	0	0	2132	37.6
A_PB2	1718	2054	A	0	0	2054	36.6
A_PB2	1719	2174	T	0	0	2174	37.8
A_PB2	1720	2092	A	0	0	2092	35.0
A_PB2	1721	1962	A	0	0	1962	34.2
A_PB2	1722	2141	G	0	0	2141	37.0
A_PB2	1723	2047	A	0	0	2047	35.9
A_PB2	1724	2021	T	0	0	2021	35.4
A_PB2	1725	2034	G	0	0	2034	36.3
A_PB2	1726	1938	G	0	0	1938	35.1
A_PB2	1727	1872	A	0	0	1872	34.4
A_PB2	1728	1922	A	0	0	1922	36.9
A_PB2	1729	2139	T	0	0	2139	35.7
A_PB2	1730	2164	T	0	0	2164	35.0
A_PB2	1731	1892	C	0	0	1892	37.4
A_PB2	1732	1952	G	0	0	1952	37.8
A_PB2	1733	1964	A	0	0	1964	34.5
A_PB2	1734	2040	G	0	0	2040	35.5
A_PB2	1735	1993	C	0	0	1993	34.9
A_PB2	1736	2042	C	0	0	2042	37.4
A_PB2	1737	2160	A	0	0	2160	36.4
A_PB2	1738	1883	T	0	0	1883	34.9
A_PB2	1739	2024	T	0	0	2024	37.3
A_PB2	1740	2060	C	0	0	2060	36.8
A_PB2	1741	2236	C	0	0	2236	37.7
A_PB2	1742	2118	A	0	0	2118	37.2
A_PB2	1743	2233	G	0	0	2233	36.4
A_PB2	1744	2154	T	0	0	2154	34.0
A_PB2	1745	2117	C	0	0	2117	36.8
A_PB2	1746	2080	T	0	0	2080	35.5
A_PB2	1747	2277	C	0	0	2277	36.0
A_PB2	1748	2022	T	0	0	2022	37.4
A_PB2	1749	2140	A	0	0	2140	35.7
A_PB2	1750	2304	G	0	0	2304	37.6
A_PB2	1751	2109	T	0	0	2109	36.6
A_PB2	1752	2048	C	0	0	2048	37.5
A_PB2	1753	2264	C	0	0	2264	37.4
A_PB2	1754	2104	C	0	0	2104	35.5
A_PB2	1755	2159	T	0	0	2159	36.2
A_PB2	1756	2313	A	0	0	2313	35.7
A_PB2	1757	2429	A	0	0	2429	37.1
A_PB2	1758	2565	G	0	0	2565	35.5
A_PB2	1759	2208	G	0	0	2208	35.0
A_PB2	1760	2228	C	0	0	2228	35.4
A_PB2	1761	2220	A	0	0	2220	37.6
A_PB2	1762	2249	G	0	0	2249	36.4
A_PB2	1763	2118	C	0	0	2118	37.4
A_PB2	1764	2188	C	0	0	2188	37.7
A_PB2	1765	2460	A	0	0	2460	36.3
A_PB2	1766	2319	G	0	0	2319	37.8
A_PB2	1767	2384	A	0	0	2384	36.8
A_PB2	1768	2364	G	0	0	2364	36.1
A_PB2	1769	2168	G	0	0	2168	37.3
A_PB2	1770	2478	T	0	0	2478	35.4
A_PB2	1771	2416	C	0	0	2416	37.6
A_PB2	1772	2473	A	0	0	2473	37.2
A_PB2	1773	2435	A	0	0	2435	37.4
A_PB2	1774	2232	T	0	0	2232	34.6
A_PB2	1775	2310	A	0	0	2310	35.6
A_PB2	1776	2802	C	0	0	2802	37.7
A_PB2	1777	2232	A	0	0	2232	34.6
A_PB2	1778	2604	G	0	0	2604	36.7
A_PB2	1779	2209	T	0	0	2209	34.9
A_PB2	1780	2534	G	0	0	2534	37.7
A_PB2	1781	2330	G	0	0	2330	34.7
A_PB2	1782	2568	G	0	0	2568	36.7
A_PB2	1783	2482	T	0	0	2482	36.0
A_PB2	1784	2345	T	0	0	2345	35.4
A_PB2	1785	2426	T	0	0	2426	35.0
A_PB2	1786	2274	G	0	0	2274	37.1
A_PB2	1787	2637	T	0	0	2637	35.3
A_PB2	1788	2472	G	0	0	2472	35.0
A_PB2	1789	2398	A	0	0	2398	35.0
A_PB2	1790	2506	G	0	0	2506	35.5
A_PB2	1791	2353	A	0	0	2353	37.7
A_PB2	1792	2602	A	0	0	2602	37.2
A_PB2	1793	2863	C	0	0	2863	35.8
A_PB2	1794	2551	A	0	0	2551	37.0
A_PB2	1795	2571	C	0	0	2571	34.9
A_PB2	1796	2463	T	0	0	2463	34.5
A_PB2	1797	2447	A	0	0	2447	36.1
A_PB2	1798	2896	T	0	0	2896	35.5
A_PB2	1799	2611	T	0	0	2611	37.8
A_PB2	1800	2426	C	0	0	2426	36.8
A_PB2	1801	2322	C	0	0	2322	36.8
A_PB2	1802	2737	A	0	0	2737	36.3
A_PB2	1803	2652	G	0	0	2652	34.7
A_PB2	1804	2539	C	0	0	2539	37.2
A_PB2	1805	3050	A	0	0	3050	37.9
A_PB2	1806	2645	A	0	0	2645	36.7
A_PB2	1807	2873	A	0	0	2873	34.6
A_PB2	1808	2641	T	0	0	2641	36.5
A_PB2	1809	2555	G	0	0	2555	37.7
A_PB2	1810	2661	A	0	0	2661	34.4
A_PB2	1811	2880	G	0	0	2880	34.7
A_PB2	1812	2589	A	0	0	2589	37.9
A_PB2	1813	2696	G	0	0	2696	34.5
A_PB2	1814	2394	A	0	0	2394	37.0
A_PB2	1815	2839	T	0	0	2839	36.1
A_PB2	1816	2718	G	0	0	2718	37.2
A_PB2	1817	2841	T	0	0	2841	34.5
A_PB2	1818	2819	G	0	0	2819	36.5
A_PB2	1819	3121	C	0	0	3121	36.0
A_PB2	1820	2475	T	0	0	2475	37.0
A_PB2	1821	2647	T	0	0	2647	34.3
A_PB2	1822	2715	G	0	0	2715	36.8
A_PB2	1823	2702	G	0	0	2702	35.8
A_PB2	1824	2672	A	0	0	2672	35.9
A_PB2	1825	2754	A	0	0	2754	34.1
A_PB2	1826	2765	C	0	0	2765	35.1
A_PB2	1827	2814	A	0	0	2814	37.3
A_PB2	1828	2977	T	0	0	2977	34.5
A_PB2	1829	2919	T	0	0	2919	37.4
A_PB2	1830	2987	T	0	0	2987	35.8
A_PB2	1831	2690	G	0	0	2690	34.2
A_PB2	1832	2916	A	0	0	2916	35.6
A_PB2	1833	2740	C	0	0	2740	34.1
A_PB2	1834	2772	A	0	0	2772	35.1
A_PB2	1835	2820	C	0	0	2820	34.1
A_PB2	1836	2799	T	0	0	2799	36.5
A_PB2	1837	2752	G	0	0	2752	36.6
A_PB2	1838	2420	T	0	0	2420	37.0
A_PB2	1839	2788	T	0	0	2788	36.9
A_PB2	1840	2784	C	0	0	2784	37.8
A_PB2	1841	2690	A	0	0	2690	35.8
A_PB2	1842	3008	G	0	0	3008	35.9
A_PB2	1843	2786	A	0	0	2786	37.3
A_PB2	1844	2950	T	0	0	2950	35.8
A_PB2	1845	2707	A	0	0	2707	34.6
A_PB2	1846	3316	G	0	0	3316	35.3
A_PB2	1847	3018	T	0	0	3018	35.8
A_PB2	1848	3059	A	0	0	3059	36.9
A_PB2	1849	2801	A	0	0	2801	35.8
A_PB2	1850	2746	A	0	0	2746	36.3
A_PB2	1851	2949	A	0	0	2949	34.9
A_PB2	1852	3180	C	0	0	3180	35.2
A_PB2	1853	2542	T	0	0	2542	37.5
A_PB2	1854	2839	C	0	0	2839	36.6
A_PB2	1855	3021	C	0	0	3021	36.6
A_PB2	1856	2958	T	0	0	2958	34.2
A_PB2	1857	2979	C	0	0	2979	35.4
A_PB2	1858	2968	C	0	0	2968	35.3
A_PB2	1859	2941	C	0	0	2941	35.9
A_PB2	1860	2897	C	0	0	2897	37.1
A_PB2	1861	3074	T	0	0	3074	37.0
A_PB2	1862	2893	T	0	0	2893	36.9
A_PB2	1863	2987	T	0	0	2987	34.7
A_PB2	1864	3044	G	0	0	3044	37.2
A_PB2	1865	2993	C	0	0	2993	35.9
A_PB2	1866	3043	T	0	0	3043	37.8
A_PB2	1867	2940	G	0	0	2940	35.3
A_PB2	1868	2821	C	0	0	2821	35.5
A_PB2	1869	2900	C	0	0	2900	38.0
A_PB2	1870	2974	G	0	0	2974	37.6
A_PB2	1871	3133	C	0	0	3133	37.5
A_PB2	1872	2912	C	0	0	2912	36.9
A_PB2	1873	2905	C	0	0	2905	37.5
A_PB2	1874	2807	C	0	0	2807	37.4
A_PB2	1875	2806	A	0	0	2806	34.1
A_PB2	1876	2687	C	0	0	2687	37.7
A_PB2	1877	2788	C	0	0	2788	37.1
A_PB2	1878	2848	G	0	0	2848	34.4
A_PB2	1879	3123	G	0	0	3123	35.6
A_PB2	1880	3037	A	0	0	3037	37.4
A_PB2	1881	3008	A	0	0	3008	36.9
A_PB2	1882	2920	C	0	0	2920	36.0
A_PB2	1883	3147	A	0	0	3147	37.1
A_PB2	1884	2884	A	0	0	2884	36.5
A_PB2	1885	3037	A	0	0	3037	37.1
A_PB2	1886	3158	G	0	0	3158	37.1
A_PB2	1887	2967	T	0	0	2967	37.7
A_PB2	1888	3042	A	0	0	3042	35.3
A_PB2	1889	2995	G	0	0	2995	34.8
A_PB2	1890	2965	G	0	0	2965	35.5
A_PB2	1891	2988	A	0	0	2988	37.8
A_PB2	1892	2772	T	0	0	2772	34.2
A_PB2	1893	2724	G	0	0	2724	34.7
A_PB2	1894	3001	C	0	0	3001	35.0
A_PB2	1895	2723	A	0	0	2723	35.3
A_PB2	1896	3414	G	0	0	3414	35.0
A_PB2	1897	2712	T	0	0	2712	34.6
A_PB2	1898	2698	T	0	0	2698	36.9
A_PB2	1899	2942	C	0	0	2942	36.6
A_PB2	1900	3184	T	0	0	3184	36.4
A_PB2	1901	2804	C	0	0	2804	37.5
A_PB2	1902	2908	C	0	0	2908	36.1
A_PB2	1903	2587	T	0	0	2587	36.2
A_PB2	1904	3059	C	0	0	3059	35.2
A_PB2	1905	2846	C	0	0	2846	34.8
A_PB2	1906	2903	C	0	0	2903	34.4
A_PB2	1907	2754	T	0	0	2754	35.3
A_PB2	1908	2794	G	0	0	2794	35.0
A_PB2	1909	2821	A	0	0	2821	36.2
A_PB2	1910	3042	C	0	0	3042	36.9
A_PB2	1911	2897	T	0	0	2897	35.3
A_PB2	1912	2673	G	0	0	2673	37.8
A_PB2	1913	2878	T	0	0	2878	36.1
A_PB2	1914	2996	G	0	0	2996	35.1
A_PB2	1915	2987	A	0	0	2987	37.0
A_PB2	1916	2896	A	0	0	2896	36.1
A_PB2	1917	2745	T	0	0	2745	35.5
A_PB2	1918	2679	G	0	0	2679	34.9
A_PB2	1919	2801	T	0	0	2801	35.0
A_PB2	1920	2652	A	0	0	2652	36.1
A_PB2	1921	2874	A	0	0	2874	35.7
A_PB2	1922	3091	G	0	0	3091	35.1
A_PB2	1923	2882	A	0	0	2882	36.8
A_PB2	1924	2483	G	0	0	2483	35.9
A_PB2	1925	3004	G	0	0	3004	37.5
A_PB2	1926	2589	A	0	0	2589	34.0
A_PB2	1927	2810	T	0	0	2810	36.2
A_PB2	1928	3065	C	0	0	3065	36.1
A_PB2	1929	2803	A	0	0	2803	37.9
A_PB2	1930	2806	G	0	0	2806	34.6
A_PB2	1931	3118	G	0	0	3118	36.3
A_PB2	1932	2920	A	0	0	2920	34.6
A_PB2	1933	2739	A	0	0	2739	35.1
A_PB2	1934	2817	T	0	0	2817	35.8
A_PB2	1935	2745	G	0	0	2745	37.8
A_PB2	1936	2783	A	0	0	2783	35.9
A_PB2	1937	2554	G	0	0	2554	37.1
A_PB2	1938	2717	G	0	0	2717	34.4
A_PB2	1939	2716	A	0	0	2716	36.9
A_PB2	1940	2669	T	0	0	2669	35.3
A_PB2	1941	2679	A	0	0	2679	34.7
A_PB2	1942	2953	C	0	0	2953	34.1
A_PB2	1943	2880	T	0	0	2880	34.8
A_PB2	1944	2452	G	0	0	2452	36.6
A_PB2	1945	2542	G	0	0	2542	37.7
A_PB2	1946	2577	T	0	0	2577	34.6
A_PB2	1947	2792	A	0	0	2792	35.5
A_PB2	1948	2865	A	0	0	2865	37.7
A_PB2	1949	2945	G	0	0	2945	34.7
A_PB2	1950	2575	A	0	0	2575	34.4
A_PB2	1951	2581	G	0	0	2581	35.3
A_PB2	1952	2760	G	0	0	2760	35.8
A_PB2	1953	2735	C	0	0	2735	35.6
A_PB2	1954	2608	A	0	0	2608	36.3
A_PB2	1955	2615	A	0	0	2615	35.5
A_PB2	1956	2505	T	0	0	2505	35.3
A_PB2	1957	2672	T	0	0	2672	36.1
A_PB2	1958	2574	C	0	0	2574	35.2
A_PB2	1959	2238	A	0	0	2238	34.2
A_PB2	1960	2504	C	0	0	2504	36.4
A_PB2	1961	2443	C	0	0	2443	34.2
A_PB2	1962	2338	A	0	0	2338	36.0
A_PB2	1963	2500	G	0	0	2500	36.0
A_PB2	1964	2713	T	0	0	2713	37.6
A_PB2	1965	2513	C	0	0	2513	37.5
A_PB2	1966	2468	T	0	0	2468	36.4
A_PB2	1967	2268	T	0	0	2268	35.5
A_PB2	1968	2448	C	0	0	2448	37.5
A_PB2	1969	2451	A	0	0	2451	35.1
A_PB2	1970	2283	A	0	0	2283	36.6
A_PB2	1971	2583	T	0	0	2583	38.0
A_PB2	1972	2624	T	0	0	2624	37.2
A_PB2	1973	2408	A	0	0	2408	34.3
A_PB2	1974	2523	C	0	0	2523	34.8
A_PB2	1975	2571	A	0	0	2571	37.1
A_PB2	1976	2132	A	0	0	2132	35.7
A_PB2	1977	2399	C	0	0	2399	37.6
A_PB2	1978	2488	A	0	0	2488	35.2
A_PB2	1979	2478	A	0	0	2478	37.1
A_PB2	1980	2343	G	0	0	2343	36.9
A_PB2	1981	2330	G	0	0	2330	36.7
A_PB2	1982	2237	C	0	0	2237	34.9
A_PB2	1983	2404	C	0	0	2404	35.5
A_PB2	1984	2495	A	0	0	2495	37.3
A_PB2	1985	2379	C	0	0	2379	35.9
A_PB2	1986	2384	C	0	0	2384	34.7
A_PB2	1987	2197	A	0	0	2197	34.1
A_PB2	1988	2220	A	0	0	2220	37.6
A_PB2	1989	2379	G	0	0	2379	37.2
A_PB2	1990	2383	A	0	0	2383	37.9
A_PB2	1991	2063	G	0	0	2063	35.9
A_PB2	1992	2510	G	0	0	2510	37.2
A_PB2	1993	2099	C	0	0	2099	34.7
A_PB2	1994	2088	T	0	0	2088	36.4
A_PB2	1995	2181	C	0	0	2181	37.6
A_PB2	1996	2236	A	0	0	2236	36.3
A_PB2	1997	2380	C	0	0	2380	36.2
A_PB2	1998	2357	A	0	0	2357	34.8
A_PB2	1999	2631	G	0	0	2631	35.8
A_PB2	2000	2072	T	0	0	2072	36.1
A_PB2	2001	2163	T	0	0	2163	37.6
A_PB2	2002	2125	C	0	0	2125	37.2
A_PB2	2003	2134	T	0	0	2134	37.9
A_PB2	2004	2178	C	0	0	2178	37.1
A_PB2	2005	2018	G	0	0	2018	37.3
A_PB2	2006	2134	G	0	0	2134	36.4
A_PB2	2007	2307	G	0	0	2307	36.5
A_PB2	2008	2176	A	0	0	2176	36.2
A_PB2	2009	2107	A	0	0	2107	36.2
A_PB2	2010	2098	A	0	0	2098	34.9
A_PB2	2011	2190	G	0	0	2190	35.8
A_PB2	2012	1934	A	0	0	1934	35.6
A_PB2	2013	1842	T	0	0	1842	35.3
A_PB2	2014	2017	G	0	0	2017	34.6
A_PB2	2015	2073	C	0	0	2073	36.3
A_PB2	2016	2332	A	0	0	2332	37.4
A_PB2	2017	2241	G	0	0	2241	37.5
A_PB2	2018	1951	G	0	0	1951	36.9
A_PB2	2019	2085	T	0	0	2085	35.8
A_PB2	2020	2157	G	0	0	2157	34.3
A_PB2	2021	1963	C	0	0	1963	34.9
A_PB2	2022	2178	A	0	0	2178	34.7
A_PB2	2023	1879	T	0	0	1879	37.4
A_PB2	2024	2092	T	0	0	2092	35.4
A_PB2	2025	2135	G	0	0	2135	34.4
A_PB2	2026	1958	A	0	0	1958	34.3
A_PB2	2027	2100	C	0	0	2100	37.1
A_PB2	2028	1962	C	0	0	1962	37.7
A_PB2	2029	2040	G	0	0	2040	35.0
A_PB2	2030	2123	A	0	0	2123	35.0
A_PB2	2031	2088	A	0	0	2088	37.0
A_PB2	2032	1905	G	0	0	1905	34.2
A_PB2	2033	2132	A	0	0	2132	34.7
A_PB2	2034	1915	T	0	0	1915	37.7
A_PB2	2035	2076	C	0	0	2076	37.0
A_PB2	2036	2312	C	0	0	2312	34.8
A_PB2	2037	2241	A	0	0	2241	36.6
A_PB2	2038	2029	G	0	0	2029	36.5
A_PB2	2039	1867	A	0	0	1867	36.6
A_PB2	2040	1831	T	0	0	1831	36.9
A_PB2	2041	2284	G	0	0	2284	37.9
A_PB2	2042	2148	A	0	0	2148	34.8
A_PB2	2043	2077	A	0	0	2077	35.4
A_PB2	2044	1728	G	0	0	1728	36.5
A_PB2	2045	2008	G	0	0	2008	35.1
A_PB2	2046	1923	C	0	0	1923	35.0
A_PB2	2047	1979	A	0	0	1979	35.3
A_PB2	2048	2023	C	0	0	2023	34.7
A_PB2	2049	2022	A	0	0	2022	37.8
A_PB2	2050	2158	G	0	0	2158	36.1
A_PB2	2051	1990	C	0	0	1990	37.1
A_PB2	2052	1963	T	0	0	1963	37.5
A_PB2	2053	1898	G	0	0	1898	36.5
A_PB2	2054	2035	G	0	0	2035	35.1
A_PB2	2055	2120	A	0	0	2120	37.6
A_PB2	2056	2133	G	0	0	2133	34.1
A_PB2	2057	2144	T	0	0	2144	35.3
A_PB2	2058	2025	G	0	0	2025	34.3
A_PB2	2059	1906	G	0	0	1906	37.2
A_PB2	2060	1977	A	0	0	1977	34.1
A_PB2	2061	2014	G	0	0	2014	36.9
A_PB2	2062	2028	T	0	0	2028	36.6
A_PB2	2063	1773	C	0	0	1773	34.5
A_PB2	2064	1865	T	0	0	1865	35.6
A_PB2	2065	1984	G	0	0	1984	35.7
A_PB2	2066	2025	C	0	0	2025	34.3
A_PB2	2067	2031	T	0	0	2031	36.9
A_PB2	2068	1858	G	0	0	1858	36.7
A_PB2	2069	1811	T	0	0	1811	36.2
A_PB2	2070	2165	T	0	0	2165	35.4
A_PB2	2071	2118	T	0	0	2118	36.0
A_PB2	2072	1884	T	0	0	1884	36.2
A_PB2	2073	1919	A	0	0	1919	34.2
A_PB2	2074	1952	A	0	0	1952	35.6
A_PB2	2075	1984	G	0	0	1984	37.9
A_PB2	2076	2136	A	0	0	2136	37.8
A_PB2	2077	1845	G	0	0	1845	36.5
A_PB2	2078	2031	G	0	0	2031	34.9
A_PB2	2079	1896	A	0	0	1896	37.1
A_PB2	2080	1739	T	0	0	1739	35.4
A_PB2	2081	2085	T	0	0	2085	37.6
A_PB2	2082	2111	C	0	0	2111	36.1
A_PB2	2083	1919	C	0	0	1919	37.1
A_PB2	2084	2047	T	0	0	2047	36.2
A_PB2	2085	1701	C	0	0	1701	35.9
A_PB2	2086	2184	A	0	0	2184	37.4
A_PB2	2087	2024	T	0	0	2024	35.7
A_PB2	2088	2148	T	0	0	2148	36.1
A_PB2	2089	2023	T	0	0	2023	35.5
A_PB2	2090	2009	T	0	0	2009	36.5
A_PB2	2091	1890	G	0	0	1890	35.5
A_PB2	2092	2071	G	0	0	2071	37.7
A_PB2	2093	1938	G	0	0	1938	37.1
A_PB2	2094	1985	C	0	0	1985	37.0
A_PB2	2095	1963	A	0	0	1963	34.9
A_PB2	2096	1959	A	0	0	1959	35.6
A_PB2	2097	1946	A	0	0	1946	34.1
A_PB2	2098	1934	G	0	0	1934	34.7
A_PB2	2099	2085	A	0	0	2085	36.0
A_PB2	2100	2267	A	0	0	2267	35.9
A_PB2	2101	1706	G	0	0	1706	36.0
A_PB2	2102	1843	A	0	0	1843	37.5
A_PB2	2103	2021	C	0	0	2021	37.2
A_PB2	2104	2093	A	0	0	2093	36.0
A_PB2	2105	2014	A	0	0	2014	37.2
A_PB2	2106	1920	G	0	0	1920	35.2
A_PB2	2107	1886	A	0	0	1886	36.1
A_PB2	2108	2145	G	0	0	2145	35.7
A_PB2	2109	1798	A	0	0	1798	34.7
A_PB2	2110	2357	T	0	0	2357	37.4
A_PB2	2111	2083	A	0	0	2083	34.3
A_PB2	2112	2019	T	0	0	2019	37.6
A_PB2	2113	1939	G	0	0	1939	34.9
A_PB2	2114	2163	G	0	0	2163	35.4
A_PB2	2115	2068	C	0	0	2068	36.5
A_PB2	2116	1689	C	0	0	1689	35.6
A_PB2	2117	1901	C	0	0	1901	35.9
A_PB2	2118	2173	A	0	0	2173	35.1
A_PB2	2119	2048	G	0	0	2048	35.6
A_PB2	2120	1908	C	0	0	1908	37.7
A_PB2	2121	2001	A	0	0	2001	35.5
A_PB2	2122	1966	T	0	0	1966	36.5
A_PB2	2123	2084	T	0	0	2084	35.3
A_PB2	2124	2170	G	0	0	2170	34.8
A_PB2	2125	2195	A	0	0	2195	34.9
A_PB2	2126	2004	G	0	0	2004	35.7
A_PB2	2127	2100	C	0	0	2100	35.3
A_PB2	2128	2065	A	0	0	2065	35.7
A_PB2	2129	2055	T	0	0	2055	36.6
A_PB2	2130	2077	C	0	0	2077	37.9
A_PB2	2131	2153	A	0	0	2153	35.7
A_PB2	2132	1953	A	0	0	1953	35.3
A_PB2	2133	2049	T	0	0	2049	34.2
A_PB2	2134	2111	G	0	0	2111	35.7
A_PB2	2135	1971	A	0	0	1971	36.0
A_PB2	2136	2091	G	0	0	2091	37.6
A_PB2	2137	1904	C	0	0	1904	35.3
A_PB2	2138	1976	T	0	0	1976	36.3
A_PB2	2139	1902	G	0	0	1902	34.9
A_PB2	2140	2010	A	0	0	2010	34.9
A_PB2	2141	2009	G	0	0	2009	37.8
A_PB2	2142	2129	C	0	0	2129	34.6
A_PB2	2143	2063	A	0	0	2063	37.4
A_PB2	2144	2117	A	0	0	2117	36.8
A_PB2	2145	2080	T	0	0	2080	37.7
A_PB2	2146	1951	C	0	0	1951	37.3
A_PB2	2147	2028	T	0	0	2028	37.0
A_PB2	2148	2110	T	0	0	2110	37.0
A_PB2	2149	2021	G	0	0	2021	36.8
A_PB2	2150	1959	C	0	0	1959	34.3
A_PB2	2151	1896	A	0	0	1896	36.2
A_PB2	2152	2056	A	0	0	2056	36.4
A_PB2	2153	1851	A	0	0	1851	34.4
A_PB2	2154	1875	G	0	0	1875	34.1
A_PB2	2155	1745	G	0	0	1745	36.3
A_PB2	2156	2050	G	0	0	2050	36.3
A_PB2	2157	1701	A	0	0	1701	35.7
A_PB2	2158	1707	G	0	0	1707	37.7
A_PB2	2159	1581	A	0	0	1581	37.6
A_PB2	2160	1914	G	0	0	1914	35.8
A_PB2	2161	1788	A	0	0	1788	36.0
A_PB2	2162	1864	A	0	0	1864	34.4
A_PB2	2163	1880	G	0	0	1880	34.5
A_PB2	2164	1825	G	0	0	1825	37.8
A_PB2	2165	1732	C	0	0	1732	34.3
A_PB2	2166	1484	T	0	0	1484	37.8
A_PB2	2167	1845	A	0	0	1845	34.1
A_PB2	2168	1741	A	0	0	1741	35.7
A_PB2	2169	1678	T	0	0	1678	35.3
A_PB2	2170	1617	G	0	0	1617	35.4
A_PB2	2171	1528	T	0	0	1528	36.4
A_PB2	2172	1720	G	0	0	1720	36.1
A_PB2	2173	1647	C	0	0	1647	36.1
A_PB2	2174	1359	T	0	0	1359	37.9
A_PB2	2175	1667	A	0	0	1667	34.5
A_PB2	2176	1473	A	0	0	1473	35.4
A_PB2	2177	1663	T	0	0	1663	37.0
A_PB2	2178	1427	T	0	0	1427	37.0
A_PB2	2179	1693	G	0	0	1693	35.7
A_PB2	2180	1690	G	0	0	1690	36.5
A_PB2	2181	1554	G	0	0	1554	34.4
A_PB2	2182	1496	C	0	0	1496	36.6
A_PB2	2183	1409	A	0	0	1409	37.8
A_PB2	2184	1429	A	0	0	1429	36.4
A_PB2	2185	1382	G	0	0	1382	36.6
A_PB2	2186	1376	G	0	0	1376	37.3
A_PB2	2187	1298	A	0	0	1298	36.3
A_PB2	2188	1298	G	0	0	1298	34.1
A_PB2	2189	1266	A	0	0	1266	34.1
A_PB2	2190	1363	C	0	0	1363	35.4
A_PB2	2191	1421	G	0	0	1421	37.8
A_PB2	2192	1374	T	0	0	1374	37.2
A_PB2	2193	1210	A	0	0	1210	35.4
A_PB2	2194	1261	G	0	0	1261	37.1
A_PB2	2195	1321	T	0	0	1321	34.5
A_PB2	2196	1223	G	0	0	1223	35.0
A_PB2	2197	1229	T	0	0	1229	37.7
A_PB2	2198	1260	T	0	0	1260	35.7
A_PB2	2199	1301	G	0	0	1301	37.7
A_PB2	2200	1309	G	0	0	1309	36.0
A_PB2	2201	1326	T	0	0	1326	35.0
A_PB2	2202	1111	G	0	0	1111	37.4
A_PB2	2203	1274	A	0	0	1274	36.2
A_PB2	2204	1148	T	0	0	1148	37.2
A_PB2	2205	1144	G	0	0	1144	34.7
A_PB2	2206	1099	A	0	0	1099	37.1
A_PB2	2207	1098	A	0	0	1098	34.9
A_PB2	2208	1135	A	0	0	1135	36.4
A_PB2	2209	1060	C	0	0	1060	37.7
A_PB2	2210	1099	G	0	0	1099	35.0
A_PB2	2211	950	G	0	0	950	37.9
A_PB2	2212	931	A	0	0	931	35.8
A_PB2	2213	958	A	0	0	958	36.1
A_PB2	2214	964	A	0	0	964	36.3
A_PB2	2215	997	C	0	0	997	37.1
A_PB2	2216	999	G	0	0	999	35.2
A_PB2	2217	895	G	0	0	895	37.3
A_PB2	2218	947	G	0	0	947	34.8
A_PB2	2219	890	A	0	0	890	36.9
A_PB2	2220	796	C	0	0	796	37.4
A_PB2	2221	759	T	0	0	759	37.4
A_PB2	2222	807	C	0	0	807	34.6
A_PB2	2223	908	T	0	0	908	35.0
A_PB2	2224	860	A	0	0	860	35.0
A_PB2	2225	773	G	0	0	773	36.7
A_PB2	2226	872	C	0	0	872	34.5
A_PB2	2227	761	A	0	0	761	37.8
A_PB2	2228	807	T	0	0	807	38.0
A_PB2	2229	753	A	0	0	753	37.9
A_PB2	2230	628	C	0	0	628	35.9
A_PB2	2231	710	T	0	0	710	34.6
A_PB2	2232	656	T	0	0	656	37.8
A_PB2	2233	660	A	0	0	660	36.0
A_PB2	2234	664	C	0	0	664	35.7
A_PB2	2235	659	T	0	0	659	34.7
A_PB2	2236	629	G	0	0	629	35.7
A_PB2	2237	659	A	0	0	659	35.2
A_PB2	2238	605	C	0	0	605	34.9
A_PB2	2239	507	A	0	0	507	37.7
A_PB2	2240	583	G	0	0	583	34.3
A_PB2	2241	565	C	0	0	565	34.5
A_PB2	2242	556	C	0	0	556	35.3
A_PB2	2243	584	A	0	0	584	35.1
A_PB2	2244	509	G	0	0	509	35.2
A_PB2	2245	475	A	0	0	475	36.6
A_PB2	2246	471	C	0	0	471	35.5
A_PB2	2247	517	A	0	0	517	36.2
A_PB2	2248	501	G	0	0	501	34.7
A_PB2	2249	428	C	0	0	428	38.0
A_PB2	2250	373	G	0	0	373	35.8
A_PB2	2251	378	A	0	0	378	37.1
A_PB2	2252	383	C	0	0	383	35.5
A_PB2	2253	368	C	0	0	368	36.8
A_PB2	2254	349	A	0	0	349	37.0
A_PB2	2255	322	A	0	0	322	34.2
A_PB2	2256	372	A	0	0	372	36.2
A_PB2	2257	306	A	0	0	306	34.9
A_PB2	2258	281	G	0	0	281	36.8
A_PB2	2259	274	A	0	0	274	35.0
A_PB2	2260	257	A	0	0	257	34.9
A_PB2	2261	231	T	0	0	231	34.3
A_PB2	2262	236	T	0	0	236	37.0
A_PB2	2263	240	C	0	0	240	36.6
A_PB2	2264	219	G	0	0	219	36.7
A_PB2	2265	188	G	0	0	188	37.3
A_PB2	2266	170	A	0	0	170	38.0
A_PB2	2267	170	T	0	0	170	36.0
A_PB2	2268	163	G	0	0	163	36.2
A_PB2	2269	130	G	0	0	130	37.6
A_PB2	2270	119	C	0	0	119	34.4
A_PB2	2271	108	C	0	0	108	35.8
A_PB2	2272	113	A	0	0	113	37.9
A_PB2	2273	84	T	0	0	84	37.7
A_PB2	2274	79	C	0	0	79	35.3
A_PB2	2275	62	A	0	0	62	35.5
A_PB2	2276	51	A	0	0	51	36.9
A_PB2	2277	35	T	0	0	35	34.5
A_PB2	2278	29	T	0	0	29	34.8
A_PB2	2279	12	A	0	0	12	36.8
A_PB2	2280	0	G	0	0	0	35.0
