Reference_Name	Position	Coverage Depth	Consensus	Deletions	Ambiguous	Consensus_Count	Consensus_Average_Quality
A_HA	1	108	A	0	0	108	35
A_HA	2	88	T	0	0	88	35
A_HA	3	85	G	0	0	85	35
A_HA	4	109	G	0	0	109	35
A_HA	5	92	A	0	0	92	35
A_HA	6	110	G	0	0	110	35
A_HA	7	101	A	0	0	101	35
A_HA	8	98	A	0	0	98	35
A_HA	9	85	C	0	0	85	35
A_HA	10	102	A	0	0	102	35
A_HA	11	102	T	0	0	102	35
A_HA	12	113	A	0	0	113	35
A_HA	13	106	G	0	0	106	35
A_HA	14	99	T	0	0	99	35
A_HA	15	90	A	0	0	90	35
A_HA	16	97	C	0	0	97	35
A_HA	17	97	T	0	0	97	35
A_HA	18	102	A	0	0	102	35
A_HA	19	87	C	0	0	87	35
A_HA	20	95	T	0	0	95	35
A_HA	21	97	T	0	0	97	35
A_HA	22	103	C	0	0	103	35
A_HA	23	87	T	0	0	87	35
A_HA	24	104	T	0	0	104	35
A_HA	25	88	G	0	0	88	35
A_HA	26	104	C	0	0	104	35
A_HA	27	86	A	0	0	86	35
A_HA	28	87	A	0	0	87	35
A_HA	29	94	T	0	0	94	35
A_HA	30	85	A	0	0	85	35
A_HA	31	114	G	0	0	114	35
A_HA	32	88	T	0	0	88	35
A_HA	33	97	T	0	0	97	35
A_HA	34	100	A	0	0	100	35
A_HA	35	89	G	0	0	89	35
A_HA	36	88	C	0	0	88	35
A_HA	37	94	C	0	0	94	35
A_HA	38	93	T	0	0	93	35
A_HA	39	98	T	0	0	98	35
A_HA	40	109	G	0	0	109	35
A_HA	41	104	T	0	0	104	35
A_HA	42	96	T	0	0	96	35
A_HA	43	98	A	0	0	98	35
A_HA	44	105	A	0	0	105	35
A_HA	45	107	A	0	0	107	35
A_HA	46	107	A	0	0	107	35
A_HA	47	102	G	0	0	102	35
A_HA	48	87	T	0	0	87	35
A_HA	49	113	G	0	0	113	35
A_HA	50	110	A	0	0	110	35
A_HA	51	111	T	0	0	111	35
A_HA	52	114	C	0	0	114	35
A_HA	53	88	A	0	0	88	35
A_HA	54	111	G	0	0	111	35
A_HA	55	111	A	0	0	111	35
A_HA	56	101	T	0	0	101	35
A_HA	57	94	T	0	0	94	35
A_HA	58	111	T	0	0	111	35
A_HA	59	99	G	0	0	99	35
A_HA	60	94	C	0	0	94	35
A_HA	61	95	A	0	0	95	35
A_HA	62	102	T	0	0	102	35
A_HA	63	109	T	0	0	109	35
A_HA	64	87	G	0	0	87	35
A_HA	65	98	G	0	0	98	35
A_HA	66	86	T	0	0	86	35
A_HA	67	103	T	0	0	103	35
A_HA	68	88	A	0	0	88	35
A_HA	69	85	C	0	0	85	35
A_HA	70	101	C	0	0	101	35
A_HA	71	94	A	0	0	94	35
A_HA	72	111	T	0	0	111	35
A_HA	73	86	G	0	0	86	35
A_HA	74	99	C	0	0	99	35
A_HA	75	91	A	0	0	91	35
A_HA	76	96	A	0	0	96	35
A_HA	77	88	A	0	0	88	35
A_HA	78	110	C	0	0	110	35
A_HA	79	101	A	0	0	101	35
A_HA	80	92	A	0	0	92	35
A_HA	81	103	T	0	0	103	35
A_HA	82	111	T	0	0	111	35
A_HA	83	88	C	0	0	88	35
A_HA	84	101	G	0	0	101	35
A_HA	85	104	A	0	0	104	35
A_HA	86	86	C	0	0	86	35
A_HA	87	98	A	0	0	98	35
A_HA	88	90	G	0	0	90	35
A_HA	89	99	A	0	0	99	35
A_HA	90	108	G	0	0	108	35
A_HA	91	114	C	0	0	114	35
A_HA	92	113	A	0	0	113	35
A_HA	93	97	A	0	0	97	35
A_HA	94	90	G	0	0	90	35
A_HA	95	107	T	0	0	107	35
A_HA	96	88	T	0	0	88	35
A_HA	97	90	G	0	0	90	35
A_HA	98	94	A	0	0	94	35
A_HA	99	111	C	0	0	111	35
A_HA	100	88	A	0	0	88	35
A_HA	101	112	C	0	0	112	35
A_HA	102	104	G	0	0	104	35
A_HA	103	112	A	0	0	112	35
A_HA	104	95	T	0	0	95	35
A_HA	105	97	A	0	0	97	35
A_HA	106	114	A	0	0	114	35
A_HA	107	89	T	0	0	89	35
A_HA	108	88	G	0	0	88	35
A_HA	109	92	G	0	0	92	35
A_HA	110	103	A	0	0	103	35
A_HA	111	112	A	0	0	112	35
A_HA	112	89	A	0	0	89	35
A_HA	113	97	A	0	0	97	35
A_HA	114	107	G	0	0	107	35
A_HA	115	98	A	0	0	98	35
A_HA	116	97	A	0	0	97	35
A_HA	117	98	C	0	0	98	35
A_HA	118	85	G	0	0	85	35
A_HA	119	95	T	0	0	95	35
A_HA	120	93	C	0	0	93	35
A_HA	121	98	A	0	0	98	35
A_HA	122	101	C	0	0	101	35
A_HA	123	89	T	0	0	89	35
A_HA	124	110	G	0	0	110	35
A_HA	125	94	T	0	0	94	35
A_HA	126	105	T	0	0	105	35
A_HA	127	103	A	0	0	103	35
A_HA	128	106	C	0	0	106	35
A_HA	129	114	A	0	0	114	35
A_HA	130	87	C	0	0	87	35
A_HA	131	107	A	0	0	107	35
A_HA	132	96	T	0	0	96	35
A_HA	133	101	G	0	0	101	35
A_HA	134	115	C	0	0	115	35
A_HA	135	109	C	0	0	109	35
A_HA	136	97	C	0	0	97	35
A_HA	137	94	A	0	0	94	35
A_HA	138	114	A	0	0	114	35
A_HA	139	101	G	0	0	101	35
A_HA	140	100	A	0	0	100	35
A_HA	141	92	C	0	0	92	35
A_HA	142	87	A	0	0	87	35
A_HA	143	87	T	0	0	87	35
A_HA	144	111	A	0	0	111	35
A_HA	145	102	C	0	0	102	35
A_HA	146	103	T	0	0	103	35
A_HA	147	100	G	0	0	100	35
A_HA	148	88	G	0	0	88	35
A_HA	149	109	A	0	0	109	35
A_HA	150	105	A	0	0	105	35
A_HA	151	86	A	0	0	86	35
A_HA	152	112	A	0	0	112	35
A_HA	153	91	A	0	0	91	35
A_HA	154	87	A	0	0	87	35
A_HA	155	85	C	0	0	85	35
A_HA	156	103	A	0	0	103	35
A_HA	157	88	C	0	0	88	35
A_HA	158	111	A	0	0	111	35
A_HA	159	101	C	0	0	101	35
A_HA	160	96	A	0	0	96	35
A_HA	161	109	A	0	0	109	35
A_HA	162	106	C	0	0	106	35
A_HA	163	102	G	0	0	102	35
A_HA	164	114	G	0	0	114	35
A_HA	165	115	G	0	0	115	35
A_HA	166	104	A	0	0	104	35
A_HA	167	98	A	0	0	98	35
A_HA	168	95	G	0	0	95	35
A_HA	169	92	C	0	0	92	35
A_HA	170	92	T	0	0	92	35
A_HA	171	107	C	0	0	107	35
A_HA	172	111	T	0	0	111	35
A_HA	173	104	G	0	0	104	35
A_HA	174	114	T	0	0	114	35
A_HA	175	89	G	0	0	89	35
A_HA	176	99	A	0	0	99	35
A_HA	177	92	T	0	0	92	35
A_HA	178	105	T	0	0	105	35
A_HA	179	115	T	0	0	115	35
A_HA	180	113	A	0	0	113	35
A_HA	181	94	A	0	0	94	35
A_HA	182	110	A	0	0	110	35
A_HA	183	97	T	0	0	97	35
A_HA	184	86	G	0	0	86	35
A_HA	185	114	G	0	0	114	35
A_HA	186	90	G	0	0	90	35
A_HA	187	111	G	0	0	111	35
A_HA	188	85	T	0	0	85	35
A_HA	189	86	G	0	0	86	35
A_HA	190	87	A	0	0	87	35
A_HA	191	85	A	0	0	85	35
A_HA	192	100	G	0	0	100	35
A_HA	193	91	C	0	0	91	35
A_HA	194	113	C	0	0	113	35
A_HA	195	114	A	0	0	114	35
A_HA	196	86	C	0	0	86	35
A_HA	197	112	T	0	0	112	35
A_HA	198	104	G	0	0	104	35
A_HA	199	105	A	0	0	105	35
A_HA	200	114	T	0	0	114	35
A_HA	201	93	T	0	0	93	35
A_HA	202	115	T	0	0	115	35
A_HA	203	102	T	0	0	102	35
A_HA	204	115	A	0	0	115	35
A_HA	205	100	A	0	0	100	35
A_HA	206	90	A	0	0	90	35
A_HA	207	92	G	0	0	92	35
A_HA	208	90	G	0	0	90	35
A_HA	209	101	A	0	0	101	35
A_HA	210	102	T	0	0	102	35
A_HA	211	110	T	0	0	110	35
A_HA	212	105	G	0	0	105	35
A_HA	213	106	T	0	0	106	35
A_HA	214	114	A	0	0	114	35
A_HA	215	109	G	0	0	109	35
A_HA	216	93	T	0	0	93	35
A_HA	217	94	G	0	0	94	35
A_HA	218	105	T	0	0	105	35
A_HA	219	97	A	0	0	97	35
A_HA	220	111	G	0	0	111	35
A_HA	221	92	C	0	0	92	35
A_HA	222	87	T	0	0	87	35
A_HA	223	115	G	0	0	115	35
A_HA	224	85	G	0	0	85	35
A_HA	225	115	A	0	0	115	35
A_HA	226	104	T	0	0	104	35
A_HA	227	112	G	0	0	112	35
A_HA	228	108	G	0	0	108	35
A_HA	229	99	C	0	0	99	35
A_HA	230	106	T	0	0	106	35
A_HA	231	98	C	0	0	98	35
A_HA	232	100	C	0	0	100	35
A_HA	233	103	T	0	0	103	35
A_HA	234	89	C	0	0	89	35
A_HA	235	100	G	0	0	100	35
A_HA	236	110	G	0	0	110	35
A_HA	237	113	A	0	0	113	35
A_HA	238	97	A	0	0	97	35
A_HA	239	114	A	0	0	114	35
A_HA	240	112	C	0	0	112	35
A_HA	241	101	C	0	0	101	35
A_HA	242	98	C	0	0	98	35
A_HA	243	113	A	0	0	113	35
A_HA	244	93	A	0	0	93	35
A_HA	245	101	T	0	0	101	35
A_HA	246	88	G	0	0	88	35
A_HA	247	109	T	0	0	109	35
A_HA	248	104	G	0	0	104	35
A_HA	249	101	C	0	0	101	35
A_HA	250	104	G	0	0	104	35
A_HA	251	92	A	0	0	92	35
A_HA	252	93	C	0	0	93	35
A_HA	253	103	G	0	0	103	35
A_HA	254	114	A	0	0	114	35
A_HA	255	101	A	0	0	101	35
A_HA	256	114	T	0	0	114	35
A_HA	257	104	T	0	0	104	35
A_HA	258	115	C	0	0	115	35
A_HA	259	87	A	0	0	87	35
A_HA	260	95	T	0	0	95	35
A_HA	261	106	C	0	0	106	35
A_HA	262	109	A	0	0	109	35
A_HA	263	96	G	0	0	96	35
A_HA	264	109	A	0	0	109	35
A_HA	265	104	G	0	0	104	35
A_HA	266	103	T	0	0	103	35
A_HA	267	114	G	0	0	114	35
A_HA	268	102	C	0	0	102	35
A_HA	269	89	C	0	0	89	35
A_HA	270	110	G	0	0	110	35
A_HA	271	101	G	0	0	101	35
A_HA	272	97	A	0	0	97	35
A_HA	273	96	A	0	0	96	35
A_HA	274	92	T	0	0	92	35
A_HA	275	97	G	0	0	97	35
A_HA	276	107	G	0	0	107	35
A_HA	277	104	T	0	0	104	35
A_HA	278	112	C	0	0	112	35
A_HA	279	105	C	0	0	105	35
A_HA	280	109	T	0	0	109	35
A_HA	281	93	A	0	0	93	35
A_HA	282	93	C	0	0	93	35
A_HA	283	114	A	0	0	114	35
A_HA	284	94	T	0	0	94	35
A_HA	285	85	A	0	0	85	35
A_HA	286	92	G	0	0	92	35
A_HA	287	94	T	0	0	94	35
A_HA	288	88	G	0	0	88	35
A_HA	289	102	G	0	0	102	35
A_HA	290	104	A	0	0	104	35
A_HA	291	93	G	0	0	93	35
A_HA	292	114	C	0	0	114	35
A_HA	293	106	G	0	0	106	35
A_HA	294	107	G	0	0	107	35
A_HA	295	89	G	0	0	89	35
A_HA	296	98	C	0	0	98	35
A_HA	297	92	T	0	0	92	35
A_HA	298	110	A	0	0	110	35
A_HA	299	110	A	0	0	110	35
A_HA	300	94	C	0	0	94	35
A_HA	301	92	C	0	0	92	35
A_HA	302	94	C	0	0	94	35
A_HA	303	109	A	0	0	109	35
A_HA	304	105	G	0	0	105	35
A_HA	305	111	C	0	0	111	35
A_HA	306	105	T	0	0	105	35
A_HA	307	94	A	0	0	94	35
A_HA	308	114	A	0	0	114	35
A_HA	309	89	T	0	0	89	35
A_HA	310	89	G	0	0	89	35
A_HA	311	93	A	0	0	93	35
A_HA	312	113	C	0	0	113	35
A_HA	313	92	C	0	0	92	35
A_HA	314	97	T	0	0	97	35
A_HA	315	106	C	0	0	106	35
A_HA	316	87	T	0	0	87	35
A_HA	317	100	G	0	0	100	35
A_HA	318	112	T	0	0	112	35
A_HA	319	109	T	0	0	109	35
A_HA	320	92	A	0	0	92	35
A_HA	321	103	C	0	0	103	35
A_HA	322	98	C	0	0	98	35
A_HA	323	98	C	0	0	98	35
A_HA	324	99	A	0	0	99	35
A_HA	325	102	G	0	0	102	35
A_HA	326	85	G	0	0	85	35
A_HA	327	114	G	0	0	114	35
A_HA	328	99	A	0	0	99	35
A_HA	329	104	G	0	0	104	35
A_HA	330	99	C	0	0	99	35
A_HA	331	113	C	0	0	113	35
A_HA	332	104	T	0	0	104	35
A_HA	333	94	C	0	0	94	35
A_HA	334	104	A	0	0	104	35
A_HA	335	102	A	0	0	102	35
A_HA	336	100	T	0	0	100	35
A_HA	337	108	G	0	0	108	35
A_HA	338	97	A	0	0	97	35
A_HA	339	99	C	0	0	99	35
A_HA	340	101	T	0	0	101	35
A_HA	341	109	A	0	0	109	35
A_HA	342	102	T	0	0	102	35
A_HA	343	109	G	0	0	109	35
A_HA	344	110	A	0	0	110	35
A_HA	345	96	A	0	0	96	35
A_HA	346	94	G	0	0	94	35
A_HA	347	87	A	0	0	87	35
A_HA	348	110	A	0	0	110	35
A_HA	349	88	C	0	0	88	35
A_HA	350	112	T	0	0	112	35
A_HA	351	89	G	0	0	89	35
A_HA	352	93	A	0	0	93	35
A_HA	353	102	A	0	0	102	35
A_HA	354	95	A	0	0	95	35
A_HA	355	100	C	0	0	100	35
A_HA	356	86	A	0	0	86	35
A_HA	357	89	C	0	0	89	35
A_HA	358	111	A	0	0	111	35
A_HA	359	96	T	0	0	96	35
A_HA	360	93	G	0	0	93	35
A_HA	361	91	T	0	0	91	35
A_HA	362	93	T	0	0	93	35
A_HA	363	88	G	0	0	88	35
A_HA	364	109	A	0	0	109	35
A_HA	365	114	G	0	0	114	35
A_HA	366	91	C	0	0	91	35
A_HA	367	85	A	0	0	85	35
A_HA	368	110	G	0	0	110	35
A_HA	369	109	A	0	0	109	35
A_HA	370	95	A	0	0	95	35
A_HA	371	107	T	0	0	107	35
A_HA	372	106	A	0	0	106	35
A_HA	373	90	A	0	0	90	35
A_HA	374	93	A	0	0	93	35
A_HA	375	100	T	0	0	100	35
A_HA	376	102	C	0	0	102	35
A_HA	377	100	A	0	0	100	35
A_HA	378	96	T	0	0	96	35
A_HA	379	113	T	0	0	113	35
A_HA	380	89	T	0	0	89	35
A_HA	381	111	T	0	0	111	35
A_HA	382	110	G	0	0	110	35
A_HA	383	112	A	0	0	112	35
A_HA	384	108	G	0	0	108	35
A_HA	385	111	A	0	0	111	35
A_HA	386	87	A	0	0	87	35
A_HA	387	113	G	0	0	113	35
A_HA	388	100	A	0	0	100	35
A_HA	389	111	T	0	0	111	35
A_HA	390	112	T	0	0	112	35
A_HA	391	103	C	0	0	103	35
A_HA	392	113	A	0	0	113	35
A_HA	393	106	G	0	0	106	35
A_HA	394	96	A	0	0	96	35
A_HA	395	85	T	0	0	85	35
A_HA	396	103	C	0	0	103	35
A_HA	397	92	A	0	0	92	35
A_HA	398	89	T	0	0	89	35
A_HA	399	108	T	0	0	108	35
A_HA	400	86	C	0	0	86	35
A_HA	401	89	C	0	0	89	35
A_HA	402	93	C	0	0	93	35
A_HA	403	115	A	0	0	115	35
A_HA	404	112	A	0	0	112	35
A_HA	405	85	G	0	0	85	35
A_HA	406	93	A	0	0	93	35
A_HA	407	102	G	0	0	102	35
A_HA	408	103	T	0	0	103	35
A_HA	409	94	T	0	0	94	35
A_HA	410	104	C	0	0	104	35
A_HA	411	108	C	0	0	108	35
A_HA	412	101	T	0	0	101	35
A_HA	413	101	G	0	0	101	35
A_HA	414	98	G	0	0	98	35
A_HA	415	109	C	0	0	109	35
A_HA	416	86	C	0	0	86	35
A_HA	417	103	A	0	0	103	35
A_HA	418	98	A	0	0	98	35
A_HA	419	103	A	0	0	103	35
A_HA	420	109	T	0	0	109	35
A_HA	421	95	C	0	0	95	35
A_HA	422	99	A	0	0	99	35
A_HA	423	96	T	0	0	96	35
A_HA	424	89	G	0	0	89	35
A_HA	425	104	A	0	0	104	35
A_HA	426	114	A	0	0	114	35
A_HA	427	94	A	0	0	94	35
A_HA	428	94	C	0	0	94	35
A_HA	429	93	A	0	0	93	35
A_HA	430	102	T	0	0	102	35
A_HA	431	112	C	0	0	112	35
A_HA	432	106	A	0	0	106	35
A_HA	433	106	C	0	0	106	35
A_HA	434	106	T	0	0	106	35
A_HA	435	89	A	0	0	89	35
A_HA	436	96	G	0	0	96	35
A_HA	437	91	G	0	0	91	35
A_HA	438	105	G	0	0	105	35
A_HA	439	87	G	0	0	87	35
A_HA	440	99	T	0	0	99	35
A_HA	441	97	G	0	0	97	35
A_HA	442	109	A	0	0	109	35
A_HA	443	108	G	0	0	108	35
A_HA	444	90	C	0	0	90	35
A_HA	445	90	G	0	0	90	35
A_HA	446	97	C	0	0	97	35
A_HA	447	92	A	0	0	92	35
A_HA	448	113	G	0	0	113	35
A_HA	449	90	C	0	0	90	35
A_HA	450	112	T	0	0	112	35
A_HA	451	110	T	0	0	110	35
A_HA	452	114	G	0	0	114	35
A_HA	453	97	T	0	0	97	35
A_HA	454	89	C	0	0	89	35
A_HA	455	100	C	0	0	100	35
A_HA	456	103	A	0	0	103	35
A_HA	457	101	T	0	0	101	35
A_HA	458	105	A	0	0	105	35
A_HA	459	104	C	0	0	104	35
A_HA	460	104	C	0	0	104	35
A_HA	461	111	A	0	0	111	35
A_HA	462	95	G	0	0	95	35
A_HA	463	113	G	0	0	113	35
A_HA	464	93	G	0	0	93	35
A_HA	465	106	A	0	0	106	35
A_HA	466	87	G	0	0	87	35
A_HA	467	96	C	0	0	96	35
A_HA	468	93	G	0	0	93	35
A_HA	469	96	C	0	0	96	35
A_HA	470	110	C	0	0	110	35
A_HA	471	114	C	0	0	114	35
A_HA	472	99	T	0	0	99	35
A_HA	473	95	C	0	0	95	35
A_HA	474	103	C	0	0	103	35
A_HA	475	85	T	0	0	85	35
A_HA	476	115	T	0	0	115	35
A_HA	477	103	T	0	0	103	35
A_HA	478	87	T	0	0	87	35
A_HA	479	108	T	0	0	108	35
A_HA	480	99	C	0	0	99	35
A_HA	481	102	A	0	0	102	35
A_HA	482	108	G	0	0	108	35
A_HA	483	105	A	0	0	105	35
A_HA	484	93	A	0	0	93	35
A_HA	485	94	A	0	0	94	35
A_HA	486	85	T	0	0	85	35
A_HA	487	98	G	0	0	98	35
A_HA	488	107	T	0	0	107	35
A_HA	489	93	G	0	0	93	35
A_HA	490	87	G	0	0	87	35
A_HA	491	85	T	0	0	85	35
A_HA	492	100	G	0	0	100	35
A_HA	493	99	T	0	0	99	35
A_HA	494	85	G	0	0	85	35
A_HA	495	96	G	0	0	96	35
A_HA	496	92	C	0	0	92	35
A_HA	497	109	T	0	0	109	35
A_HA	498	105	T	0	0	105	35
A_HA	499	87	A	0	0	87	35
A_HA	500	96	T	0	0	96	35
A_HA	501	94	C	0	0	94	35
A_HA	502	106	A	0	0	106	35
A_HA	503	113	A	0	0	113	35
A_HA	504	88	A	0	0	88	35
A_HA	505	85	A	0	0	85	35
A_HA	506	92	A	0	0	92	35
A_HA	507	111	G	0	0	111	35
A_HA	508	86	A	0	0	86	35
A_HA	509	98	A	0	0	98	35
A_HA	510	87	C	0	0	87	35
A_HA	511	113	G	0	0	113	35
A_HA	512	110	A	0	0	110	35
A_HA	513	86	T	0	0	86	35
A_HA	514	112	G	0	0	112	35
A_HA	515	91	C	0	0	91	35
A_HA	516	101	A	0	0	101	35
A_HA	517	91	T	0	0	91	35
A_HA	518	88	A	0	0	88	35
A_HA	519	96	C	0	0	96	35
A_HA	520	111	C	0	0	111	35
A_HA	521	87	C	0	0	87	35
A_HA	522	100	A	0	0	100	35
A_HA	523	105	A	0	0	105	35
A_HA	524	93	C	0	0	93	35
A_HA	525	97	A	0	0	97	35
A_HA	526	93	A	0	0	93	35
A_HA	527	90	T	0	0	90	35
A_HA	528	93	A	0	0	93	35
A_HA	529	110	A	0	0	110	35
A_HA	530	90	A	0	0	90	35
A_HA	531	102	G	0	0	102	35
A_HA	532	106	A	0	0	106	35
A_HA	533	95	T	0	0	95	35
A_HA	534	93	A	0	0	93	35
A_HA	535	89	A	0	0	89	35
A_HA	536	109	G	0	0	109	35
A_HA	537	90	C	0	0	90	35
A_HA	538	93	T	0	0	93	35
A_HA	539	103	A	0	0	103	35
A_HA	540	109	C	0	0	109	35
A_HA	541	108	A	0	0	108	35
A_HA	542	88	A	0	0	88	35
A_HA	543	86	T	0	0	86	35
A_HA	544	112	A	0	0	112	35
A_HA	545	100	A	0	0	100	35
A_HA	546	103	T	0	0	103	35
A_HA	547	91	A	0	0	91	35
A_HA	548	91	C	0	0	91	35
A_HA	549	93	T	0	0	93	35
A_HA	550	88	A	0	0	88	35
A_HA	551	97	A	0	0	97	35
A_HA	552	107	T	0	0	107	35
A_HA	553	93	C	0	0	93	35
A_HA	554	98	G	0	0	98	35
A_HA	555	105	G	0	0	105	35
A_HA	556	91	G	0	0	91	35
A_HA	557	96	A	0	0	96	35
A_HA	558	97	A	0	0	97	35
A_HA	559	106	G	0	0	106	35
A_HA	560	90	A	0	0	90	35
A_HA	561	110	T	0	0	110	35
A_HA	562	98	C	0	0	98	35
A_HA	563	101	T	0	0	101	35
A_HA	564	108	C	0	0	108	35
A_HA	565	107	T	0	0	107	35
A_HA	566	109	T	0	0	109	35
A_HA	567	110	G	0	0	110	35
A_HA	568	106	A	0	0	106	35
A_HA	569	94	T	0	0	94	35
A_HA	570	92	A	0	0	92	35
A_HA	571	108	C	0	0	108	35
A_HA	572	99	T	0	0	99	35
A_HA	573	89	G	0	0	89	35
A_HA	574	113	T	0	0	113	35
A_HA	575	104	G	0	0	104	35
A_HA	576	102	G	0	0	102	35
A_HA	577	104	G	0	0	104	35
A_HA	578	90	G	0	0	90	35
A_HA	579	94	G	0	0	94	35
A_HA	580	104	A	0	0	104	35
A_HA	581	85	T	0	0	85	35
A_HA	582	103	T	0	0	103	35
A_HA	583	106	C	0	0	106	35
A_HA	584	110	A	0	0	110	35
A_HA	585	105	T	0	0	105	35
A_HA	586	97	C	0	0	97	35
A_HA	587	94	A	0	0	94	35
A_HA	588	105	T	0	0	105	35
A_HA	589	94	T	0	0	94	35
A_HA	590	109	C	0	0	109	35
A_HA	591	105	C	0	0	105	35
A_HA	592	109	A	0	0	109	35
A_HA	593	112	A	0	0	112	35
A_HA	594	95	C	0	0	95	35
A_HA	595	103	A	0	0	103	35
A_HA	596	114	A	0	0	114	35
A_HA	597	97	T	0	0	97	35
A_HA	598	100	G	0	0	100	35
A_HA	599	93	C	0	0	93	35
A_HA	600	87	A	0	0	87	35
A_HA	601	98	G	0	0	98	35
A_HA	602	90	A	0	0	90	35
A_HA	603	100	A	0	0	100	35
A_HA	604	97	G	0	0	97	35
A_HA	605	100	A	0	0	100	35
A_HA	606	97	G	0	0	97	35
A_HA	607	88	C	0	0	88	35
A_HA	608	106	A	0	0	106	35
A_HA	609	113	G	0	0	113	35
A_HA	610	89	A	0	0	89	35
A_HA	611	112	C	0	0	112	35
A_HA	612	110	A	0	0	110	35
A_HA	613	95	A	0	0	95	35
A_HA	614	105	A	0	0	105	35
A_HA	615	113	T	0	0	113	35
A_HA	616	90	C	0	0	90	35
A_HA	617	100	T	0	0	100	35
A_HA	618	104	C	0	0	104	35
A_HA	619	88	T	0	0	88	35
A_HA	620	90	A	0	0	90	35
A_HA	621	110	C	0	0	110	35
A_HA	622	90	A	0	0	90	35
A_HA	623	85	A	0	0	85	35
A_HA	624	96	A	0	0	96	35
A_HA	625	105	A	0	0	105	35
A_HA	626	107	A	0	0	107	35
A_HA	627	110	C	0	0	110	35
A_HA	628	90	C	0	0	90	35
A_HA	629	87	C	0	0	87	35
A_HA	630	89	A	0	0	89	35
A_HA	631	92	A	0	0	92	35
A_HA	632	113	C	0	0	113	35
A_HA	633	89	C	0	0	89	35
A_HA	634	97	A	0	0	97	35
A_HA	635	114	C	0	0	114	35
A_HA	636	111	C	0	0	111	35
A_HA	637	107	T	0	0	107	35
A_HA	638	89	A	0	0	89	35
A_HA	639	115	C	0	0	115	35
A_HA	640	95	A	0	0	95	35
A_HA	641	95	T	0	0	95	35
A_HA	642	101	T	0	0	101	35
A_HA	643	94	T	0	0	94	35
A_HA	644	94	C	0	0	94	35
A_HA	645	105	A	0	0	105	35
A_HA	646	106	G	0	0	106	35
A_HA	647	104	T	0	0	104	35
A_HA	648	106	T	0	0	106	35
A_HA	649	103	G	0	0	103	35
A_HA	650	108	G	0	0	108	35
A_HA	651	110	A	0	0	110	35
A_HA	652	92	A	0	0	92	35
A_HA	653	90	C	0	0	90	35
A_HA	654	89	A	0	0	89	35
A_HA	655	105	T	0	0	105	35
A_HA	656	91	C	0	0	91	35
A_HA	657	97	A	0	0	97	35
A_HA	658	93	A	0	0	93	35
A_HA	659	96	C	0	0	96	35
A_HA	660	103	T	0	0	103	35
A_HA	661	108	T	0	0	108	35
A_HA	662	97	T	0	0	97	35
A_HA	663	87	A	0	0	87	35
A_HA	664	91	A	0	0	91	35
A_HA	665	88	A	0	0	88	35
A_HA	666	113	C	0	0	113	35
A_HA	667	112	C	0	0	112	35
A_HA	668	111	A	0	0	111	35
A_HA	669	86	G	0	0	86	35
A_HA	670	101	A	0	0	101	35
A_HA	671	112	G	0	0	112	35
A_HA	672	113	G	0	0	113	35
A_HA	673	115	T	0	0	115	35
A_HA	674	111	T	0	0	111	35
A_HA	675	109	G	0	0	109	35
A_HA	676	114	G	0	0	114	35
A_HA	677	101	C	0	0	101	35
A_HA	678	93	A	0	0	93	35
A_HA	679	109	C	0	0	109	35
A_HA	680	97	C	0	0	97	35
A_HA	681	110	A	0	0	110	35
A_HA	682	115	A	0	0	115	35
A_HA	683	91	A	0	0	91	35
A_HA	684	91	A	0	0	91	35
A_HA	685	109	A	0	0	109	35
A_HA	686	99	T	0	0	99	35
A_HA	687	99	A	0	0	99	35
A_HA	688	113	G	0	0	113	35
A_HA	689	103	C	0	0	103	35
A_HA	690	109	T	0	0	109	35
A_HA	691	86	A	0	0	86	35
A_HA	692	104	C	0	0	104	35
A_HA	693	98	T	0	0	98	35
A_HA	694	100	A	0	0	100	35
A_HA	695	87	G	0	0	87	35
A_HA	696	95	A	0	0	95	35
A_HA	697	99	T	0	0	99	35
A_HA	698	98	C	0	0	98	35
A_HA	699	92	C	0	0	92	35
A_HA	700	103	C	0	0	103	35
A_HA	701	86	A	0	0	86	35
A_HA	702	108	A	0	0	108	35
A_HA	703	108	G	0	0	108	35
A_HA	704	99	T	0	0	99	35
A_HA	705	111	A	0	0	111	35
A_HA	706	94	A	0	0	94	35
A_HA	707	102	A	0	0	102	35
A_HA	708	107	C	0	0	107	35
A_HA	709	113	G	0	0	113	35
A_HA	710	85	G	0	0	85	35
A_HA	711	90	G	0	0	90	35
A_HA	712	91	C	0	0	91	35
A_HA	713	107	A	0	0	107	35
A_HA	714	108	A	0	0	108	35
A_HA	715	102	C	0	0	102	35
A_HA	716	105	G	0	0	105	35
A_HA	717	96	T	0	0	96	35
A_HA	718	100	G	0	0	100	35
A_HA	719	90	G	0	0	90	35
A_HA	720	115	A	0	0	115	35
A_HA	721	86	A	0	0	86	35
A_HA	722	90	G	0	0	90	35
A_HA	723	96	A	0	0	96	35
A_HA	724	88	A	0	0	88	35
A_HA	725	115	T	0	0	115	35
A_HA	726	105	G	0	0	105	35
A_HA	727	99	G	0	0	99	35
A_HA	728	114	A	0	0	114	35
A_HA	729	100	C	0	0	100	35
A_HA	730	96	T	0	0	96	35
A_HA	731	113	T	0	0	113	35
A_HA	732	88	C	0	0	88	35
A_HA	733	92	T	0	0	92	35
A_HA	734	98	T	0	0	98	35
A_HA	735	110	C	0	0	110	35
A_HA	736	102	T	0	0	102	35
A_HA	737	86	G	0	0	86	35
A_HA	738	103	G	0	0	103	35
A_HA	739	96	A	0	0	96	35
A_HA	740	91	C	0	0	91	35
A_HA	741	86	A	0	0	86	35
A_HA	742	99	A	0	0	99	35
A_HA	743	114	T	0	0	114	35
A_HA	744	103	C	0	0	103	35
A_HA	745	90	T	0	0	90	35
A_HA	746	105	T	0	0	105	35
A_HA	747	112	A	0	0	112	35
A_HA	748	100	A	0	0	100	35
A_HA	749	95	A	0	0	95	35
A_HA	750	88	A	0	0	88	35
A_HA	751	106	C	0	0	106	35
A_HA	752	111	C	0	0	111	35
A_HA	753	94	A	0	0	94	35
A_HA	754	85	G	0	0	85	35
A_HA	755	114	A	0	0	114	35
A_HA	756	101	T	0	0	101	35
A_HA	757	114	G	0	0	114	35
A_HA	758	112	A	0	0	112	35
A_HA	759	115	T	0	0	115	35
A_HA	760	102	G	0	0	102	35
A_HA	761	99	C	0	0	99	35
A_HA	762	101	A	0	0	101	35
A_HA	763	94	A	0	0	94	35
A_HA	764	103	T	0	0	103	35
A_HA	765	110	C	0	0	110	35
A_HA	766	91	C	0	0	91	35
A_HA	767	103	A	0	0	103	35
A_HA	768	105	T	0	0	105	35
A_HA	769	115	T	0	0	115	35
A_HA	770	106	T	0	0	106	35
A_HA	771	86	C	0	0	86	35
A_HA	772	110	G	0	0	110	35
A_HA	773	109	A	0	0	109	35
A_HA	774	113	G	0	0	113	35
A_HA	775	111	A	0	0	111	35
A_HA	776	110	G	0	0	110	35
A_HA	777	109	T	0	0	109	35
A_HA	778	111	A	0	0	111	35
A_HA	779	96	A	0	0	96	35
A_HA	780	103	C	0	0	103	35
A_HA	781	111	G	0	0	111	35
A_HA	782	89	G	0	0	89	35
A_HA	783	109	A	0	0	109	35
A_HA	784	95	A	0	0	95	35
A_HA	785	102	A	0	0	102	35
A_HA	786	94	T	0	0	94	35
A_HA	787	102	T	0	0	102	35
A_HA	788	108	T	0	0	108	35
A_HA	789	86	C	0	0	86	35
A_HA	790	114	A	0	0	114	35
A_HA	791	93	T	0	0	93	35
A_HA	792	91	T	0	0	91	35
A_HA	793	99	G	0	0	99	35
A_HA	794	101	C	0	0	101	35
A_HA	795	91	T	0	0	91	35
A_HA	796	92	C	0	0	92	35
A_HA	797	103	C	0	0	103	35
A_HA	798	87	A	0	0	87	35
A_HA	799	101	G	0	0	101	35
A_HA	800	107	A	0	0	107	35
A_HA	801	101	A	0	0	101	35
A_HA	802	106	T	0	0	106	35
A_HA	803	110	A	0	0	110	35
A_HA	804	87	T	0	0	87	35
A_HA	805	86	G	0	0	86	35
A_HA	806	109	T	0	0	109	35
A_HA	807	108	A	0	0	108	35
A_HA	808	95	T	0	0	95	35
A_HA	809	96	A	0	0	96	35
A_HA	810	115	C	0	0	115	35
A_HA	811	94	A	0	0	94	35
A_HA	812	107	A	0	0	107	35
A_HA	813	94	A	0	0	94	35
A_HA	814	105	A	0	0	105	35
A_HA	815	90	T	0	0	90	35
A_HA	816	114	T	0	0	114	35
A_HA	817	113	G	0	0	113	35
A_HA	818	111	T	0	0	111	35
A_HA	819	104	C	0	0	104	35
A_HA	820	91	A	0	0	91	35
A_HA	821	108	A	0	0	108	35
A_HA	822	93	G	0	0	93	35
A_HA	823	110	A	0	0	110	35
A_HA	824	97	A	0	0	97	35
A_HA	825	92	A	0	0	92	35
A_HA	826	95	G	0	0	95	35
A_HA	827	110	G	0	0	110	35
A_HA	828	93	G	0	0	93	35
A_HA	829	115	G	0	0	115	35
A_HA	830	89	A	0	0	89	35
A_HA	831	110	C	0	0	110	35
A_HA	832	107	T	0	0	107	35
A_HA	833	108	C	0	0	108	35
A_HA	834	112	A	0	0	112	35
A_HA	835	102	A	0	0	102	35
A_HA	836	100	C	0	0	100	35
A_HA	837	104	A	0	0	104	35
A_HA	838	89	A	0	0	89	35
A_HA	839	108	T	0	0	108	35
A_HA	840	91	T	0	0	91	35
A_HA	841	112	A	0	0	112	35
A_HA	842	92	T	0	0	92	35
A_HA	843	86	G	0	0	86	35
A_HA	844	106	A	0	0	106	35
A_HA	845	97	A	0	0	97	35
A_HA	846	103	A	0	0	103	35
A_HA	847	88	A	0	0	88	35
A_HA	848	114	G	0	0	114	35
A_HA	849	101	T	0	0	101	35
A_HA	850	107	G	0	0	107	35
A_HA	851	95	G	0	0	95	35
A_HA	852	115	A	0	0	115	35
A_HA	853	109	A	0	0	109	35
A_HA	854	102	T	0	0	102	35
A_HA	855	105	G	0	0	105	35
A_HA	856	85	G	0	0	85	35
A_HA	857	115	A	0	0	115	35
A_HA	858	94	A	0	0	94	35
A_HA	859	95	T	0	0	95	35
A_HA	860	100	A	0	0	100	35
A_HA	861	108	T	0	0	108	35
A_HA	862	105	G	0	0	105	35
A_HA	863	95	G	0	0	95	35
A_HA	864	99	C	0	0	99	35
A_HA	865	100	C	0	0	100	35
A_HA	866	96	A	0	0	96	35
A_HA	867	104	C	0	0	104	35
A_HA	868	113	T	0	0	113	35
A_HA	869	105	G	0	0	105	35
A_HA	870	109	C	0	0	109	35
A_HA	871	88	A	0	0	88	35
A_HA	872	86	A	0	0	86	35
A_HA	873	85	C	0	0	85	35
A_HA	874	104	A	0	0	104	35
A_HA	875	109	C	0	0	109	35
A_HA	876	91	C	0	0	91	35
A_HA	877	108	A	0	0	108	35
A_HA	878	102	A	0	0	102	35
A_HA	879	104	A	0	0	104	35
A_HA	880	115	T	0	0	115	35
A_HA	881	95	G	0	0	95	35
A_HA	882	88	T	0	0	88	35
A_HA	883	91	C	0	0	91	35
A_HA	884	110	A	0	0	110	35
A_HA	885	105	A	0	0	105	35
A_HA	886	111	A	0	0	111	35
A_HA	887	92	C	0	0	92	35
A_HA	888	89	C	0	0	89	35
A_HA	889	87	C	0	0	87	35
A_HA	890	102	C	0	0	102	35
A_HA	891	97	A	0	0	97	35
A_HA	892	100	G	0	0	100	35
A_HA	893	114	T	0	0	114	35
A_HA	894	92	A	0	0	92	35
A_HA	895	88	G	0	0	88	35
A_HA	896	93	G	0	0	93	35
A_HA	897	97	T	0	0	97	35
A_HA	898	94	G	0	0	94	35
A_HA	899	109	C	0	0	109	35
A_HA	900	88	G	0	0	88	35
A_HA	901	114	A	0	0	114	35
A_HA	902	104	T	0	0	104	35
A_HA	903	105	A	0	0	105	35
A_HA	904	113	A	0	0	113	35
A_HA	905	96	A	0	0	96	35
A_HA	906	86	T	0	0	86	35
A_HA	907	91	T	0	0	91	35
A_HA	908	99	C	0	0	99	35
A_HA	909	114	T	0	0	114	35
A_HA	910	97	A	0	0	97	35
A_HA	911	90	G	0	0	90	35
A_HA	912	85	T	0	0	85	35
A_HA	913	100	A	0	0	100	35
A_HA	914	107	T	0	0	107	35
A_HA	915	105	G	0	0	105	35
A_HA	916	100	C	0	0	100	35
A_HA	917	89	C	0	0	89	35
A_HA	918	104	A	0	0	104	35
A_HA	919	109	T	0	0	109	35
A_HA	920	91	T	0	0	91	35
A_HA	921	114	C	0	0	114	35
A_HA	922	96	C	0	0	96	35
A_HA	923	91	A	0	0	91	35
A_HA	924	88	C	0	0	88	35
A_HA	925	95	A	0	0	95	35
A_HA	926	86	A	0	0	86	35
A_HA	927	91	C	0	0	91	35
A_HA	928	93	A	0	0	93	35
A_HA	929	106	T	0	0	106	35
A_HA	930	109	A	0	0	109	35
A_HA	931	103	C	0	0	103	35
A_HA	932	107	A	0	0	107	35
A_HA	933	109	T	0	0	109	35
A_HA	934	107	C	0	0	107	35
A_HA	935	89	C	0	0	89	35
A_HA	936	87	T	0	0	87	35
A_HA	937	100	C	0	0	100	35
A_HA	938	112	T	0	0	112	35
A_HA	939	101	C	0	0	101	35
A_HA	940	109	A	0	0	109	35
A_HA	941	92	C	0	0	92	35
A_HA	942	94	C	0	0	94	35
A_HA	943	89	A	0	0	89	35
A_HA	944	85	T	0	0	85	35
A_HA	945	107	T	0	0	107	35
A_HA	946	103	G	0	0	103	35
A_HA	947	113	G	0	0	113	35
A_HA	948	95	G	0	0	95	35
A_HA	949	89	G	0	0	89	35
A_HA	950	90	A	0	0	90	35
A_HA	951	93	A	0	0	93	35
A_HA	952	91	T	0	0	91	35
A_HA	953	109	G	0	0	109	35
A_HA	954	87	C	0	0	87	35
A_HA	955	101	C	0	0	101	35
A_HA	956	90	C	0	0	90	35
A_HA	957	88	C	0	0	88	35
A_HA	958	107	A	0	0	107	35
A_HA	959	86	A	0	0	86	35
A_HA	960	91	A	0	0	91	35
A_HA	961	110	T	0	0	110	35
A_HA	962	114	A	0	0	114	35
A_HA	963	97	C	0	0	97	35
A_HA	964	88	G	0	0	88	35
A_HA	965	108	T	0	0	108	35
A_HA	966	114	G	0	0	114	35
A_HA	967	93	A	0	0	93	35
A_HA	968	91	A	0	0	91	35
A_HA	969	111	G	0	0	111	35
A_HA	970	100	T	0	0	100	35
A_HA	971	110	C	0	0	110	35
A_HA	972	90	A	0	0	90	35
A_HA	973	93	A	0	0	93	35
A_HA	974	98	A	0	0	98	35
A_HA	975	93	C	0	0	93	35
A_HA	976	88	A	0	0	88	35
A_HA	977	91	A	0	0	91	35
A_HA	978	92	G	0	0	92	35
A_HA	979	104	T	0	0	104	35
A_HA	980	104	T	0	0	104	35
A_HA	981	111	G	0	0	111	35
A_HA	982	89	G	0	0	89	35
A_HA	983	88	T	0	0	88	35
A_HA	984	112	C	0	0	112	35
A_HA	985	110	C	0	0	110	35
A_HA	986	90	T	0	0	90	35
A_HA	987	98	T	0	0	98	35
A_HA	988	99	G	0	0	99	35
A_HA	989	100	C	0	0	100	35
A_HA	990	95	G	0	0	95	35
A_HA	991	85	A	0	0	85	35
A_HA	992	101	C	0	0	101	35
A_HA	993	105	T	0	0	105	35
A_HA	994	91	G	0	0	91	35
A_HA	995	106	G	0	0	106	35
A_HA	996	90	G	0	0	90	35
A_HA	997	110	C	0	0	110	35
A_HA	998	99	T	0	0	99	35
A_HA	999	92	C	0	0	92	35
A_HA	1000	100	A	0	0	100	35
A_HA	1001	107	G	0	0	107	35
A_HA	1002	108	A	0	0	108	35
A_HA	1003	98	A	0	0	98	35
A_HA	1004	86	A	0	0	86	35
A_HA	1005	96	T	0	0	96	35
A_HA	1006	108	A	0	0	108	35
A_HA	1007	110	G	0	0	110	35
A_HA	1008	86	T	0	0	86	35
A_HA	1009	115	C	0	0	115	35
A_HA	1010	107	C	0	0	107	35
A_HA	1011	106	T	0	0	106	35
A_HA	1012	87	C	0	0	87	35
A_HA	1013	85	T	0	0	85	35
A_HA	1014	111	A	0	0	111	35
A_HA	1015	91	A	0	0	91	35
A_HA	1016	112	G	0	0	112	35
A_HA	1017	100	A	0	0	100	35
A_HA	1018	94	G	0	0	94	35
A_HA	1019	103	A	0	0	103	35
A_HA	1020	92	A	0	0	92	35
A_HA	1021	87	A	0	0	87	35
A_HA	1022	96	A	0	0	96	35
A_HA	1023	96	G	0	0	96	35
A_HA	1024	89	A	0	0	89	35
A_HA	1025	101	G	0	0	101	35
A_HA	1026	113	A	0	0	113	35
A_HA	1027	104	A	0	0	104	35
A_HA	1028	89	G	0	0	89	35
A_HA	1029	90	A	0	0	90	35
A_HA	1030	110	A	0	0	110	35
A_HA	1031	105	A	0	0	105	35
A_HA	1032	89	A	0	0	89	35
A_HA	1033	91	A	0	0	91	35
A_HA	1034	93	G	0	0	93	35
A_HA	1035	107	A	0	0	107	35
A_HA	1036	102	G	0	0	102	35
A_HA	1037	95	G	0	0	95	35
A_HA	1038	109	T	0	0	109	35
A_HA	1039	96	C	0	0	96	35
A_HA	1040	105	T	0	0	105	35
A_HA	1041	91	G	0	0	91	35
A_HA	1042	86	T	0	0	86	35
A_HA	1043	104	T	0	0	104	35
A_HA	1044	114	T	0	0	114	35
A_HA	1045	105	G	0	0	105	35
A_HA	1046	112	G	0	0	112	35
A_HA	1047	95	G	0	0	95	35
A_HA	1048	108	G	0	0	108	35
A_HA	1049	101	C	0	0	101	35
A_HA	1050	113	G	0	0	113	35
A_HA	1051	86	A	0	0	86	35
A_HA	1052	95	T	0	0	95	35
A_HA	1053	96	A	0	0	96	35
A_HA	1054	92	G	0	0	92	35
A_HA	1055	110	C	0	0	110	35
A_HA	1056	105	A	0	0	105	35
A_HA	1057	106	G	0	0	106	35
A_HA	1058	103	G	0	0	103	35
A_HA	1059	97	G	0	0	97	35
A_HA	1060	86	T	0	0	86	35
A_HA	1061	89	T	0	0	89	35
A_HA	1062	96	T	0	0	96	35
A_HA	1063	88	A	0	0	88	35
A_HA	1064	105	T	0	0	105	35
A_HA	1065	92	A	0	0	92	35
A_HA	1066	99	G	0	0	99	35
A_HA	1067	96	A	0	0	96	35
A_HA	1068	111	G	0	0	111	35
A_HA	1069	86	G	0	0	86	35
A_HA	1070	92	G	0	0	92	35
A_HA	1071	95	A	0	0	95	35
A_HA	1072	114	G	0	0	114	35
A_HA	1073	103	G	0	0	103	35
A_HA	1074	100	A	0	0	100	35
A_HA	1075	103	T	0	0	103	35
A_HA	1076	103	G	0	0	103	35
A_HA	1077	93	G	0	0	93	35
A_HA	1078	108	C	0	0	108	35
A_HA	1079	87	A	0	0	87	35
A_HA	1080	88	G	0	0	88	35
A_HA	1081	101	G	0	0	101	35
A_HA	1082	112	G	0	0	112	35
A_HA	1083	110	A	0	0	110	35
A_HA	1084	94	A	0	0	94	35
A_HA	1085	107	T	0	0	107	35
A_HA	1086	107	G	0	0	107	35
A_HA	1087	86	G	0	0	86	35
A_HA	1088	92	T	0	0	92	35
A_HA	1089	92	T	0	0	92	35
A_HA	1090	104	G	0	0	104	35
A_HA	1091	87	A	0	0	87	35
A_HA	1092	88	T	0	0	88	35
A_HA	1093	94	G	0	0	94	35
A_HA	1094	102	G	0	0	102	35
A_HA	1095	102	T	0	0	102	35
A_HA	1096	89	T	0	0	89	35
A_HA	1097	104	G	0	0	104	35
A_HA	1098	115	G	0	0	115	35
A_HA	1099	92	T	0	0	92	35
A_HA	1100	107	A	0	0	107	35
A_HA	1101	93	T	0	0	93	35
A_HA	1102	100	G	0	0	100	35
A_HA	1103	96	G	0	0	96	35
A_HA	1104	89	G	0	0	89	35
A_HA	1105	100	T	0	0	100	35
A_HA	1106	110	A	0	0	110	35
A_HA	1107	94	C	0	0	94	35
A_HA	1108	99	C	0	0	99	35
A_HA	1109	93	A	0	0	93	35
A_HA	1110	103	T	0	0	103	35
A_HA	1111	99	C	0	0	99	35
A_HA	1112	107	A	0	0	107	35
A_HA	1113	99	T	0	0	99	35
A_HA	1114	92	A	0	0	92	35
A_HA	1115	91	G	0	0	91	35
A_HA	1116	93	C	0	0	93	35
A_HA	1117	104	A	0	0	104	35
A_HA	1118	109	A	0	0	109	35
A_HA	1119	107	T	0	0	107	35
A_HA	1120	95	G	0	0	95	35
A_HA	1121	96	A	0	0	96	35
A_HA	1122	88	G	0	0	88	35
A_HA	1123	100	C	0	0	100	35
A_HA	1124	87	A	0	0	87	35
A_HA	1125	95	G	0	0	95	35
A_HA	1126	85	G	0	0	85	35
A_HA	1127	108	G	0	0	108	35
A_HA	1128	95	A	0	0	95	35
A_HA	1129	96	A	0	0	96	35
A_HA	1130	87	G	0	0	87	35
A_HA	1131	110	T	0	0	110	35
A_HA	1132	115	G	0	0	115	35
A_HA	1133	93	G	0	0	93	35
A_HA	1134	107	G	0	0	107	35
A_HA	1135	96	T	0	0	96	35
A_HA	1136	89	A	0	0	89	35
A_HA	1137	110	C	0	0	110	35
A_HA	1138	86	G	0	0	86	35
A_HA	1139	107	C	0	0	107	35
A_HA	1140	103	T	0	0	103	35
A_HA	1141	85	G	0	0	85	35
A_HA	1142	99	C	0	0	99	35
A_HA	1143	112	G	0	0	112	35
A_HA	1144	87	G	0	0	87	35
A_HA	1145	94	A	0	0	94	35
A_HA	1146	99	C	0	0	99	35
A_HA	1147	105	A	0	0	105	35
A_HA	1148	97	A	0	0	97	35
A_HA	1149	106	A	0	0	106	35
A_HA	1150	91	G	0	0	91	35
A_HA	1151	89	A	0	0	89	35
A_HA	1152	98	A	0	0	98	35
A_HA	1153	103	T	0	0	103	35
A_HA	1154	87	C	0	0	87	35
A_HA	1155	101	C	0	0	101	35
A_HA	1156	107	A	0	0	107	35
A_HA	1157	102	C	0	0	102	35
A_HA	1158	100	C	0	0	100	35
A_HA	1159	101	C	0	0	101	35
A_HA	1160	106	A	0	0	106	35
A_HA	1161	111	A	0	0	111	35
A_HA	1162	90	A	0	0	90	35
A_HA	1163	108	A	0	0	108	35
A_HA	1164	111	G	0	0	111	35
A_HA	1165	115	G	0	0	115	35
A_HA	1166	93	C	0	0	93	35
A_HA	1167	105	A	0	0	105	35
A_HA	1168	90	A	0	0	90	35
A_HA	1169	113	T	0	0	113	35
A_HA	1170	89	A	0	0	89	35
A_HA	1171	105	G	0	0	105	35
A_HA	1172	99	A	0	0	99	35
A_HA	1173	89	T	0	0	89	35
A_HA	1174	90	G	0	0	90	35
A_HA	1175	94	G	0	0	94	35
A_HA	1176	107	A	0	0	107	35
A_HA	1177	86	G	0	0	86	35
A_HA	1178	113	T	0	0	113	35
A_HA	1179	88	T	0	0	88	35
A_HA	1180	96	A	0	0	96	35
A_HA	1181	115	C	0	0	115	35
A_HA	1182	101	C	0	0	101	35
A_HA	1183	113	A	0	0	113	35
A_HA	1184	91	A	0	0	91	35
A_HA	1185	97	T	0	0	97	35
A_HA	1186	102	A	0	0	102	35
A_HA	1187	88	A	0	0	88	35
A_HA	1188	99	G	0	0	99	35
A_HA	1189	100	G	0	0	100	35
A_HA	1190	85	T	0	0	85	35
A_HA	1191	108	C	0	0	108	35
A_HA	1192	108	A	0	0	108	35
A_HA	1193	89	A	0	0	89	35
A_HA	1194	99	C	0	0	99	35
A_HA	1195	104	T	0	0	104	35
A_HA	1196	94	C	0	0	94	35
A_HA	1197	92	A	0	0	92	35
A_HA	1198	111	A	0	0	111	35
A_HA	1199	95	T	0	0	95	35
A_HA	1200	103	C	0	0	103	35
A_HA	1201	88	A	0	0	88	35
A_HA	1202	104	T	0	0	104	35
A_HA	1203	89	T	0	0	89	35
A_HA	1204	100	G	0	0	100	35
A_HA	1205	90	A	0	0	90	35
A_HA	1206	89	C	0	0	89	35
A_HA	1207	102	A	0	0	102	35
A_HA	1208	96	A	0	0	96	35
A_HA	1209	96	A	0	0	96	35
A_HA	1210	94	A	0	0	94	35
A_HA	1211	98	T	0	0	98	35
A_HA	1212	103	G	0	0	103	35
A_HA	1213	111	A	0	0	111	35
A_HA	1214	109	A	0	0	109	35
A_HA	1215	94	C	0	0	94	35
A_HA	1216	107	A	0	0	107	35
A_HA	1217	88	C	0	0	88	35
A_HA	1218	93	T	0	0	93	35
A_HA	1219	103	C	0	0	103	35
A_HA	1220	105	A	0	0	105	35
A_HA	1221	88	A	0	0	88	35
A_HA	1222	104	T	0	0	104	35
A_HA	1223	89	T	0	0	89	35
A_HA	1224	106	T	0	0	106	35
A_HA	1225	90	G	0	0	90	35
A_HA	1226	85	A	0	0	85	35
A_HA	1227	112	G	0	0	112	35
A_HA	1228	88	G	0	0	88	35
A_HA	1229	110	C	0	0	110	35
A_HA	1230	110	A	0	0	110	35
A_HA	1231	90	G	0	0	90	35
A_HA	1232	92	T	0	0	92	35
A_HA	1233	112	T	0	0	112	35
A_HA	1234	109	G	0	0	109	35
A_HA	1235	106	G	0	0	106	35
A_HA	1236	107	A	0	0	107	35
A_HA	1237	85	A	0	0	85	35
A_HA	1238	113	G	0	0	113	35
A_HA	1239	87	G	0	0	87	35
A_HA	1240	106	G	0	0	106	35
A_HA	1241	105	A	0	0	105	35
A_HA	1242	91	G	0	0	91	35
A_HA	1243	111	T	0	0	111	35
A_HA	1244	86	T	0	0	86	35
A_HA	1245	100	T	0	0	100	35
A_HA	1246	108	A	0	0	108	35
A_HA	1247	105	A	0	0	105	35
A_HA	1248	115	T	0	0	115	35
A_HA	1249	92	A	0	0	92	35
A_HA	1250	112	A	0	0	112	35
A_HA	1251	97	C	0	0	97	35
A_HA	1252	104	T	0	0	104	35
A_HA	1253	93	T	0	0	93	35
A_HA	1254	86	A	0	0	86	35
A_HA	1255	86	G	0	0	86	35
A_HA	1256	95	A	0	0	95	35
A_HA	1257	88	A	0	0	88	35
A_HA	1258	105	A	0	0	105	35
A_HA	1259	86	G	0	0	86	35
A_HA	1260	91	G	0	0	91	35
A_HA	1261	104	A	0	0	104	35
A_HA	1262	100	G	0	0	100	35
A_HA	1263	97	G	0	0	97	35
A_HA	1264	97	A	0	0	97	35
A_HA	1265	96	T	0	0	96	35
A_HA	1266	106	A	0	0	106	35
A_HA	1267	107	G	0	0	107	35
A_HA	1268	97	A	0	0	97	35
A_HA	1269	102	G	0	0	102	35
A_HA	1270	89	A	0	0	89	35
A_HA	1271	102	A	0	0	102	35
A_HA	1272	100	T	0	0	100	35
A_HA	1273	113	T	0	0	113	35
A_HA	1274	113	T	0	0	113	35
A_HA	1275	95	G	0	0	95	35
A_HA	1276	106	A	0	0	106	35
A_HA	1277	93	A	0	0	93	35
A_HA	1278	96	C	0	0	96	35
A_HA	1279	108	A	0	0	108	35
A_HA	1280	99	A	0	0	99	35
A_HA	1281	112	G	0	0	112	35
A_HA	1282	107	A	0	0	107	35
A_HA	1283	88	A	0	0	88	35
A_HA	1284	112	A	0	0	112	35
A_HA	1285	89	A	0	0	89	35
A_HA	1286	101	T	0	0	101	35
A_HA	1287	99	G	0	0	99	35
A_HA	1288	90	G	0	0	90	35
A_HA	1289	115	A	0	0	115	35
A_HA	1290	112	A	0	0	112	35
A_HA	1291	110	G	0	0	110	35
A_HA	1292	109	A	0	0	109	35
A_HA	1293	113	C	0	0	113	35
A_HA	1294	101	G	0	0	101	35
A_HA	1295	108	G	0	0	108	35
A_HA	1296	91	A	0	0	91	35
A_HA	1297	89	T	0	0	89	35
A_HA	1298	97	T	0	0	97	35
A_HA	1299	87	C	0	0	87	35
A_HA	1300	99	C	0	0	99	35
A_HA	1301	94	T	0	0	94	35
A_HA	1302	111	A	0	0	111	35
A_HA	1303	105	G	0	0	105	35
A_HA	1304	99	A	0	0	99	35
A_HA	1305	96	T	0	0	96	35
A_HA	1306	115	G	0	0	115	35
A_HA	1307	100	T	0	0	100	35
A_HA	1308	112	C	0	0	112	35
A_HA	1309	103	T	0	0	103	35
A_HA	1310	85	G	0	0	85	35
A_HA	1311	94	G	0	0	94	35
A_HA	1312	110	A	0	0	110	35
A_HA	1313	114	C	0	0	114	35
A_HA	1314	114	C	0	0	114	35
A_HA	1315	92	T	0	0	92	35
A_HA	1316	88	A	0	0	88	35
A_HA	1317	114	T	0	0	114	35
A_HA	1318	101	A	0	0	101	35
A_HA	1319	113	A	0	0	113	35
A_HA	1320	115	T	0	0	115	35
A_HA	1321	86	G	0	0	86	35
A_HA	1322	89	C	0	0	89	35
A_HA	1323	85	T	0	0	85	35
A_HA	1324	102	G	0	0	102	35
A_HA	1325	114	A	0	0	114	35
A_HA	1326	92	A	0	0	92	35
A_HA	1327	113	C	0	0	113	35
A_HA	1328	93	T	0	0	93	35
A_HA	1329	103	T	0	0	103	35
A_HA	1330	92	C	0	0	92	35
A_HA	1331	113	T	0	0	113	35
A_HA	1332	104	A	0	0	104	35
A_HA	1333	92	G	0	0	92	35
A_HA	1334	94	T	0	0	94	35
A_HA	1335	100	T	0	0	100	35
A_HA	1336	100	C	0	0	100	35
A_HA	1337	101	T	0	0	101	35
A_HA	1338	109	C	0	0	109	35
A_HA	1339	88	A	0	0	88	35
A_HA	1340	114	T	0	0	114	35
A_HA	1341	98	G	0	0	98	35
A_HA	1342	91	G	0	0	91	35
A_HA	1343	95	A	0	0	95	35
A_HA	1344	89	A	0	0	89	35
A_HA	1345	93	A	0	0	93	35
A_HA	1346	95	A	0	0	95	35
A_HA	1347	89	C	0	0	89	35
A_HA	1348	112	G	0	0	112	35
A_HA	1349	97	A	0	0	97	35
A_HA	1350	90	G	0	0	90	35
A_HA	1351	85	A	0	0	85	35
A_HA	1352	95	G	0	0	95	35
A_HA	1353	101	G	0	0	101	35
A_HA	1354	89	A	0	0	89	35
A_HA	1355	111	C	0	0	111	35
A_HA	1356	89	T	0	0	89	35
A_HA	1357	105	C	0	0	105	35
A_HA	1358	98	T	0	0	98	35
A_HA	1359	108	A	0	0	108	35
A_HA	1360	100	G	0	0	100	35
A_HA	1361	108	A	0	0	108	35
A_HA	1362	85	T	0	0	85	35
A_HA	1363	93	T	0	0	93	35
A_HA	1364	115	T	0	0	115	35
A_HA	1365	93	C	0	0	93	35
A_HA	1366	113	C	0	0	113	35
A_HA	1367	105	A	0	0	105	35
A_HA	1368	108	T	0	0	108	35
A_HA	1369	114	G	0	0	114	35
A_HA	1370	89	A	0	0	89	35
A_HA	1371	98	T	0	0	98	35
A_HA	1372	100	T	0	0	100	35
A_HA	1373	114	C	0	0	114	35
A_HA	1374	97	A	0	0	97	35
A_HA	1375	102	A	0	0	102	35
A_HA	1376	95	A	0	0	95	35
A_HA	1377	85	T	0	0	85	35
A_HA	1378	86	G	0	0	86	35
A_HA	1379	90	T	0	0	90	35
A_HA	1380	115	C	0	0	115	35
A_HA	1381	93	A	0	0	93	35
A_HA	1382	94	A	0	0	94	35
A_HA	1383	92	G	0	0	92	35
A_HA	1384	99	A	0	0	99	35
A_HA	1385	91	A	0	0	91	35
A_HA	1386	90	C	0	0	90	35
A_HA	1387	104	C	0	0	104	35
A_HA	1388	109	T	0	0	109	35
A_HA	1389	88	T	0	0	88	35
A_HA	1390	101	T	0	0	101	35
A_HA	1391	110	A	0	0	110	35
A_HA	1392	109	T	0	0	109	35
A_HA	1393	94	G	0	0	94	35
A_HA	1394	93	A	0	0	93	35
A_HA	1395	97	C	0	0	97	35
A_HA	1396	90	A	0	0	90	35
A_HA	1397	86	A	0	0	86	35
A_HA	1398	87	A	0	0	87	35
A_HA	1399	100	G	0	0	100	35
A_HA	1400	96	T	0	0	96	35
A_HA	1401	98	C	0	0	98	35
A_HA	1402	94	A	0	0	94	35
A_HA	1403	96	G	0	0	96	35
A_HA	1404	115	A	0	0	115	35
A_HA	1405	99	T	0	0	99	35
A_HA	1406	111	T	0	0	111	35
A_HA	1407	97	A	0	0	97	35
A_HA	1408	104	C	0	0	104	35
A_HA	1409	108	A	0	0	108	35
A_HA	1410	90	G	0	0	90	35
A_HA	1411	113	C	0	0	113	35
A_HA	1412	105	T	0	0	105	35
A_HA	1413	112	T	0	0	112	35
A_HA	1414	114	A	0	0	114	35
A_HA	1415	95	G	0	0	95	35
A_HA	1416	95	G	0	0	95	35
A_HA	1417	104	G	0	0	104	35
A_HA	1418	102	A	0	0	102	35
A_HA	1419	90	T	0	0	90	35
A_HA	1420	103	A	0	0	103	35
A_HA	1421	114	A	0	0	114	35
A_HA	1422	87	T	0	0	87	35
A_HA	1423	105	G	0	0	105	35
A_HA	1424	92	C	0	0	92	35
A_HA	1425	110	A	0	0	110	35
A_HA	1426	91	A	0	0	91	35
A_HA	1427	105	A	0	0	105	35
A_HA	1428	107	G	0	0	107	35
A_HA	1429	111	G	0	0	111	35
A_HA	1430	85	A	0	0	85	35
A_HA	1431	89	G	0	0	89	35
A_HA	1432	96	C	0	0	96	35
A_HA	1433	111	T	0	0	111	35
A_HA	1434	96	G	0	0	96	35
A_HA	1435	108	G	0	0	108	35
A_HA	1436	88	G	0	0	88	35
A_HA	1437	103	T	0	0	103	35
A_HA	1438	90	A	0	0	90	35
A_HA	1439	107	A	0	0	107	35
A_HA	1440	111	C	0	0	111	35
A_HA	1441	95	G	0	0	95	35
A_HA	1442	103	G	0	0	103	35
A_HA	1443	89	C	0	0	89	35
A_HA	1444	100	T	0	0	100	35
A_HA	1445	113	G	0	0	113	35
A_HA	1446	94	T	0	0	94	35
A_HA	1447	95	T	0	0	95	35
A_HA	1448	102	T	0	0	102	35
A_HA	1449	107	C	0	0	107	35
A_HA	1450	102	G	0	0	102	35
A_HA	1451	115	A	0	0	115	35
A_HA	1452	110	A	0	0	110	35
A_HA	1453	99	T	0	0	99	35
A_HA	1454	110	T	0	0	110	35
A_HA	1455	91	C	0	0	91	35
A_HA	1456	87	T	0	0	87	35
A_HA	1457	114	A	0	0	114	35
A_HA	1458	97	T	0	0	97	35
A_HA	1459	108	C	0	0	108	35
A_HA	1460	101	A	0	0	101	35
A_HA	1461	111	C	0	0	111	35
A_HA	1462	97	A	0	0	97	35
A_HA	1463	90	A	0	0	90	35
A_HA	1464	95	A	0	0	95	35
A_HA	1465	95	T	0	0	95	35
A_HA	1466	106	G	0	0	106	35
A_HA	1467	108	T	0	0	108	35
A_HA	1468	107	G	0	0	107	35
A_HA	1469	85	A	0	0	85	35
A_HA	1470	94	T	0	0	94	35
A_HA	1471	102	A	0	0	102	35
A_HA	1472	96	A	0	0	96	35
A_HA	1473	92	T	0	0	92	35
A_HA	1474	92	G	0	0	92	35
A_HA	1475	92	A	0	0	92	35
A_HA	1476	102	A	0	0	102	35
A_HA	1477	99	T	0	0	99	35
A_HA	1478	103	G	0	0	103	35
A_HA	1479	106	T	0	0	106	35
A_HA	1480	106	A	0	0	106	35
A_HA	1481	108	T	0	0	108	35
A_HA	1482	92	G	0	0	92	35
A_HA	1483	102	G	0	0	102	35
A_HA	1484	97	A	0	0	97	35
A_HA	1485	114	A	0	0	114	35
A_HA	1486	88	A	0	0	88	35
A_HA	1487	113	G	0	0	113	35
A_HA	1488	95	T	0	0	95	35
A_HA	1489	104	G	0	0	104	35
A_HA	1490	112	T	0	0	112	35
A_HA	1491	87	G	0	0	87	35
A_HA	1492	89	A	0	0	89	35
A_HA	1493	99	G	0	0	99	35
A_HA	1494	108	A	0	0	108	35
A_HA	1495	105	A	0	0	105	35
A_HA	1496	96	A	0	0	96	35
A_HA	1497	112	T	0	0	112	35
A_HA	1498	91	G	0	0	91	35
A_HA	1499	103	G	0	0	103	35
A_HA	1500	90	G	0	0	90	35
A_HA	1501	112	A	0	0	112	35
A_HA	1502	93	C	0	0	93	35
A_HA	1503	87	G	0	0	87	35
A_HA	1504	107	T	0	0	107	35
A_HA	1505	89	A	0	0	89	35
A_HA	1506	91	T	0	0	91	35
A_HA	1507	97	G	0	0	97	35
A_HA	1508	95	A	0	0	95	35
A_HA	1509	91	C	0	0	91	35
A_HA	1510	99	T	0	0	99	35
A_HA	1511	101	A	0	0	101	35
A_HA	1512	98	C	0	0	98	35
A_HA	1513	114	C	0	0	114	35
A_HA	1514	106	C	0	0	106	35
A_HA	1515	114	T	0	0	114	35
A_HA	1516	86	C	0	0	86	35
A_HA	1517	114	A	0	0	114	35
A_HA	1518	104	G	0	0	104	35
A_HA	1519	86	T	0	0	86	35
A_HA	1520	88	A	0	0	88	35
A_HA	1521	95	T	0	0	95	35
A_HA	1522	110	T	0	0	110	35
A_HA	1523	97	C	0	0	97	35
A_HA	1524	97	A	0	0	97	35
A_HA	1525	104	G	0	0	104	35
A_HA	1526	85	A	0	0	85	35
A_HA	1527	108	A	0	0	108	35
A_HA	1528	113	G	0	0	113	35
A_HA	1529	95	A	0	0	95	35
A_HA	1530	89	A	0	0	89	35
A_HA	1531	96	G	0	0	96	35
A_HA	1532	97	C	0	0	97	35
A_HA	1533	101	A	0	0	101	35
A_HA	1534	113	A	0	0	113	35
A_HA	1535	87	G	0	0	87	35
A_HA	1536	95	A	0	0	95	35
A_HA	1537	91	T	0	0	91	35
A_HA	1538	93	T	0	0	93	35
A_HA	1539	101	A	0	0	101	35
A_HA	1540	88	A	0	0	88	35
A_HA	1541	114	A	0	0	114	35
A_HA	1542	99	A	0	0	99	35
A_HA	1543	94	A	0	0	94	35
A_HA	1544	114	G	0	0	114	35
A_HA	1545	91	A	0	0	91	35
A_HA	1546	96	G	0	0	96	35
A_HA	1547	108	A	0	0	108	35
A_HA	1548	93	A	0	0	93	35
A_HA	1549	99	G	0	0	99	35
A_HA	1550	113	A	0	0	113	35
A_HA	1551	105	A	0	0	105	35
A_HA	1552	96	A	0	0	96	35
A_HA	1553	95	T	0	0	95	35
A_HA	1554	90	A	0	0	90	35
A_HA	1555	106	A	0	0	106	35
A_HA	1556	107	G	0	0	107	35
A_HA	1557	93	C	0	0	93	35
A_HA	1558	110	G	0	0	110	35
A_HA	1559	96	G	0	0	96	35
A_HA	1560	88	A	0	0	88	35
A_HA	1561	113	G	0	0	113	35
A_HA	1562	108	T	0	0	108	35
A_HA	1563	110	G	0	0	110	35
A_HA	1564	89	A	0	0	89	35
A_HA	1565	93	A	0	0	93	35
A_HA	1566	112	A	0	0	112	35
A_HA	1567	90	T	0	0	90	35
A_HA	1568	89	T	0	0	89	35
A_HA	1569	114	A	0	0	114	35
A_HA	1570	99	G	0	0	99	35
A_HA	1571	86	A	0	0	86	35
A_HA	1572	91	A	0	0	91	35
A_HA	1573	95	T	0	0	95	35
A_HA	1574	91	C	0	0	91	35
A_HA	1575	105	A	0	0	105	35
A_HA	1576	98	G	0	0	98	35
A_HA	1577	97	T	0	0	97	35
A_HA	1578	92	A	0	0	92	35
A_HA	1579	103	G	0	0	103	35
A_HA	1580	102	G	0	0	102	35
A_HA	1581	103	A	0	0	103	35
A_HA	1582	99	A	0	0	99	35
A_HA	1583	114	C	0	0	114	35
A_HA	1584	85	T	0	0	85	35
A_HA	1585	102	T	0	0	102	35
A_HA	1586	85	A	0	0	85	35
A_HA	1587	91	C	0	0	91	35
A_HA	1588	111	C	0	0	111	35
A_HA	1589	115	A	0	0	115	35
A_HA	1590	92	G	0	0	92	35
A_HA	1591	94	A	0	0	94	35
A_HA	1592	105	T	0	0	105	35
A_HA	1593	97	A	0	0	97	35
A_HA	1594	97	C	0	0	97	35
A_HA	1595	111	T	0	0	111	35
A_HA	1596	106	G	0	0	106	35
A_HA	1597	103	T	0	0	103	35
A_HA	1598	110	C	0	0	110	35
A_HA	1599	93	A	0	0	93	35
A_HA	1600	100	A	0	0	100	35
A_HA	1601	85	T	0	0	85	35
A_HA	1602	102	T	0	0	102	35
A_HA	1603	88	T	0	0	88	35
A_HA	1604	110	A	0	0	110	35
A_HA	1605	112	T	0	0	112	35
A_HA	1606	106	T	0	0	106	35
A_HA	1607	107	C	0	0	107	35
A_HA	1608	86	A	0	0	86	35
A_HA	1609	86	A	0	0	86	35
A_HA	1610	113	C	0	0	113	35
A_HA	1611	109	A	0	0	109	35
A_HA	1612	97	G	0	0	97	35
A_HA	1613	90	C	0	0	90	35
A_HA	1614	93	G	0	0	93	35
A_HA	1615	103	G	0	0	103	35
A_HA	1616	105	C	0	0	105	35
A_HA	1617	105	A	0	0	105	35
A_HA	1618	87	A	0	0	87	35
A_HA	1619	113	G	0	0	113	35
A_HA	1620	100	T	0	0	100	35
A_HA	1621	111	T	0	0	111	35
A_HA	1622	88	C	0	0	88	35
A_HA	1623	89	C	0	0	89	35
A_HA	1624	102	C	0	0	102	35
A_HA	1625	103	T	0	0	103	35
A_HA	1626	101	A	0	0	101	35
A_HA	1627	104	G	0	0	104	35
A_HA	1628	114	C	0	0	114	35
A_HA	1629	96	A	0	0	96	35
A_HA	1630	87	C	0	0	87	35
A_HA	1631	89	T	0	0	89	35
A_HA	1632	89	G	0	0	89	35
A_HA	1633	110	G	0	0	110	35
A_HA	1634	94	C	0	0	94	35
A_HA	1635	105	A	0	0	105	35
A_HA	1636	94	A	0	0	94	35
A_HA	1637	89	T	0	0	89	35
A_HA	1638	96	C	0	0	96	35
A_HA	1639	91	A	0	0	91	35
A_HA	1640	91	T	0	0	91	35
A_HA	1641	108	G	0	0	108	35
A_HA	1642	98	A	0	0	98	35
A_HA	1643	86	T	0	0	86	35
A_HA	1644	108	G	0	0	108	35
A_HA	1645	102	G	0	0	102	35
A_HA	1646	99	C	0	0	99	35
A_HA	1647	91	T	0	0	91	35
A_HA	1648	99	G	0	0	99	35
A_HA	1649	86	G	0	0	86	35
A_HA	1650	85	T	0	0	85	35
A_HA	1651	115	C	0	0	115	35
A_HA	1652	96	T	0	0	96	35
A_HA	1653	103	A	0	0	103	35
A_HA	1654	97	T	0	0	97	35
A_HA	1655	89	C	0	0	89	35
A_HA	1656	111	T	0	0	111	35
A_HA	1657	107	T	0	0	107	35
A_HA	1658	107	T	0	0	107	35
A_HA	1659	107	A	0	0	107	35
A_HA	1660	104	T	0	0	104	35
A_HA	1661	86	G	0	0	86	35
A_HA	1662	87	G	0	0	87	35
A_HA	1663	93	A	0	0	93	35
A_HA	1664	98	T	0	0	98	35
A_HA	1665	114	G	0	0	114	35
A_HA	1666	97	T	0	0	97	35
A_HA	1667	102	G	0	0	102	35
A_HA	1668	88	C	0	0	88	35
A_HA	1669	105	T	0	0	105	35
A_HA	1670	104	C	0	0	104	35
A_HA	1671	108	C	0	0	108	35
A_HA	1672	99	A	0	0	99	35
A_HA	1673	109	A	0	0	109	35
A_HA	1674	114	T	0	0	114	35
A_HA	1675	112	G	0	0	112	35
A_HA	1676	102	G	0	0	102	35
A_HA	1677	87	G	0	0	87	35
A_HA	1678	100	T	0	0	100	35
A_HA	1679	95	C	0	0	95	35
A_HA	1680	110	G	0	0	110	35
A_HA	1681	106	T	0	0	106	35
A_HA	1682	113	T	0	0	113	35
A_HA	1683	112	A	0	0	112	35
A_HA	1684	95	C	0	0	95	35
A_HA	1685	106	A	0	0	106	35
A_HA	1686	94	A	0	0	94	35
A_HA	1687	94	T	0	0	94	35
A_HA	1688	108	G	0	0	108	35
A_HA	1689	85	C	0	0	85	35
A_HA	1690	93	A	0	0	93	35
A_HA	1691	86	G	0	0	86	35
A_HA	1692	90	A	0	0	90	35
A_HA	1693	112	A	0	0	112	35
A_HA	1694	106	T	0	0	106	35
A_HA	1695	96	T	0	0	96	35
A_HA	1696	103	T	0	0	103	35
A_HA	1697	103	G	0	0	103	35
A_HA	1698	86	C	0	0	86	35
A_HA	1699	103	A	0	0	103	35
A_HA	1700	85	T	0	0	85	35
A_HA	1701	108	T	0	0	108	35
A_HA	1702	103	T	0	0	103	35
A_HA	1703	115	A	0	0	115	35
A_HA	1704	91	G	0	0	91	35
