Reference_Name	Position	Coverage Depth	Consensus	Deletions	Ambiguous	Consensus_Count	Consensus_Average_Quality
A_NA	1	91	A	0	0	91	35
A_NA	2	96	T	0	0	96	35
A_NA	3	92	G	0	0	92	35
A_NA	4	86	A	0	0	86	35
A_NA	5	100	A	0	0	100	35
A_NA	6	115	C	0	0	115	35
A_NA	7	104	C	0	0	104	35
A_NA	8	91	C	0	0	91	35
A_NA	9	90	A	0	0	90	35
A_NA	10	95	A	0	0	95	35
A_NA	11	85	A	0	0	85	35
A_NA	12	105	T	0	0	105	35
A_NA	13	114	C	0	0	114	35
A_NA	14	110	A	0	0	110	35
A_NA	15	89	A	0	0	89	35
A_NA	16	90	A	0	0	90	35
A_NA	17	86	G	0	0	86	35
A_NA	18	95	G	0	0	95	35
A_NA	19	91	A	0	0	91	35
A_NA	20	93	T	0	0	93	35
A_NA	21	102	A	0	0	102	35
A_NA	22	98	A	0	0	98	35
A_NA	23	100	T	0	0	100	35
A_NA	24	94	A	0	0	94	35
A_NA	25	94	A	0	0	94	35
A_NA	26	107	C	0	0	107	35
A_NA	27	91	C	0	0	91	35
A_NA	28	96	A	0	0	96	35
A_NA	29	111	C	0	0	111	35
A_NA	30	95	T	0	0	95	35
A_NA	31	109	G	0	0	109	35
A_NA	32	112	G	0	0	112	35
A_NA	33	105	A	0	0	105	35
A_NA	34	97	T	0	0	97	35
A_NA	35	101	C	0	0	101	35
A_NA	36	110	A	0	0	110	35
A_NA	37	91	A	0	0	91	35
A_NA	38	113	T	0	0	113	35
A_NA	39	102	C	0	0	102	35
A_NA	40	91	T	0	0	91	35
A_NA	41	98	G	0	0	98	35
A_NA	42	87	T	0	0	87	35
A_NA	43	114	A	0	0	114	35
A_NA	44	103	T	0	0	103	35
A_NA	45	104	G	0	0	104	35
A_NA	46	94	G	0	0	94	35
A_NA	47	106	T	0	0	106	35
A_NA	48	91	A	0	0	91	35
A_NA	49	87	A	0	0	87	35
A_NA	50	105	T	0	0	105	35
A_NA	51	85	T	0	0	85	35
A_NA	52	112	G	0	0	112	35
A_NA	53	98	G	0	0	98	35
A_NA	54	86	G	0	0	86	35
A_NA	55	110	A	0	0	110	35
A_NA	56	96	T	0	0	96	35
A_NA	57	93	A	0	0	93	35
A_NA	58	106	G	0	0	106	35
A_NA	59	112	T	0	0	112	35
A_NA	60	86	C	0	0	86	35
A_NA	61	112	A	0	0	112	35
A_NA	62	98	G	0	0	98	35
A_NA	63	102	C	0	0	102	35
A_NA	64	95	T	0	0	95	35
A_NA	65	108	T	0	0	108	35
A_NA	66	85	G	0	0	85	35
A_NA	67	86	A	0	0	86	35
A_NA	68	89	T	0	0	89	35
A_NA	69	91	G	0	0	91	35
A_NA	70	90	C	0	0	90	35
A_NA	71	91	T	0	0	91	35
A_NA	72	95	G	0	0	95	35
A_NA	73	114	C	0	0	114	35
A_NA	74	89	A	0	0	89	35
A_NA	75	107	A	0	0	107	35
A_NA	76	87	A	0	0	87	35
A_NA	77	85	T	0	0	85	35
A_NA	78	108	T	0	0	108	35
A_NA	79	85	G	0	0	85	35
A_NA	80	111	G	0	0	111	35
A_NA	81	93	G	0	0	93	35
A_NA	82	87	A	0	0	87	35
A_NA	83	101	A	0	0	101	35
A_NA	84	101	C	0	0	101	35
A_NA	85	114	A	0	0	114	35
A_NA	86	91	T	0	0	91	35
A_NA	87	95	A	0	0	95	35
A_NA	88	94	A	0	0	94	35
A_NA	89	85	T	0	0	85	35
A_NA	90	104	C	0	0	104	35
A_NA	91	87	T	0	0	87	35
A_NA	92	85	C	0	0	85	35
A_NA	93	95	A	0	0	95	35
A_NA	94	110	A	0	0	110	35
A_NA	95	87	T	0	0	87	35
A_NA	96	103	A	0	0	103	35
A_NA	97	111	T	0	0	111	35
A_NA	98	108	G	0	0	108	35
A_NA	99	104	G	0	0	104	35
A_NA	100	95	G	0	0	95	35
A_NA	101	91	T	0	0	91	35
A_NA	102	98	T	0	0	98	35
A_NA	103	112	A	0	0	112	35
A_NA	104	86	G	0	0	86	35
A_NA	105	86	C	0	0	86	35
A_NA	106	89	C	0	0	89	35
A_NA	107	97	A	0	0	97	35
A_NA	108	106	T	0	0	106	35
A_NA	109	103	T	0	0	103	35
A_NA	110	103	C	0	0	103	35
A_NA	111	96	A	0	0	96	35
A_NA	112	106	A	0	0	106	35
A_NA	113	102	T	0	0	102	35
A_NA	114	114	C	0	0	114	35
A_NA	115	111	C	0	0	111	35
A_NA	116	96	A	0	0	96	35
A_NA	117	91	A	0	0	91	35
A_NA	118	100	A	0	0	100	35
A_NA	119	107	C	0	0	107	35
A_NA	120	88	A	0	0	88	35
A_NA	121	98	G	0	0	98	35
A_NA	122	110	G	0	0	110	35
A_NA	123	96	G	0	0	96	35
A_NA	124	85	A	0	0	85	35
A_NA	125	91	A	0	0	91	35
A_NA	126	87	T	0	0	87	35
A_NA	127	88	C	0	0	88	35
A_NA	128	94	A	0	0	94	35
A_NA	129	85	A	0	0	85	35
A_NA	130	108	T	0	0	108	35
A_NA	131	89	A	0	0	89	35
A_NA	132	113	C	0	0	113	35
A_NA	133	114	C	0	0	114	35
A_NA	134	100	A	0	0	100	35
A_NA	135	102	G	0	0	102	35
A_NA	136	89	C	0	0	89	35
A_NA	137	103	C	0	0	103	35
A_NA	138	107	T	0	0	107	35
A_NA	139	101	G	0	0	101	35
A_NA	140	95	A	0	0	95	35
A_NA	141	105	A	0	0	105	35
A_NA	142	88	C	0	0	88	35
A_NA	143	98	C	0	0	98	35
A_NA	144	103	A	0	0	103	35
A_NA	145	87	T	0	0	87	35
A_NA	146	102	G	0	0	102	35
A_NA	147	93	C	0	0	93	35
A_NA	148	101	A	0	0	101	35
A_NA	149	89	A	0	0	89	35
A_NA	150	101	T	0	0	101	35
A_NA	151	99	C	0	0	99	35
A_NA	152	91	A	0	0	91	35
A_NA	153	88	A	0	0	88	35
A_NA	154	104	A	0	0	104	35
A_NA	155	93	G	0	0	93	35
A_NA	156	86	C	0	0	86	35
A_NA	157	99	A	0	0	99	35
A_NA	158	92	T	0	0	92	35
A_NA	159	100	C	0	0	100	35
A_NA	160	97	A	0	0	97	35
A_NA	161	98	T	0	0	98	35
A_NA	162	110	T	0	0	110	35
A_NA	163	98	G	0	0	98	35
A_NA	164	115	C	0	0	115	35
A_NA	165	97	C	0	0	97	35
A_NA	166	103	T	0	0	103	35
A_NA	167	85	A	0	0	85	35
A_NA	168	97	T	0	0	97	35
A_NA	169	115	G	0	0	115	35
A_NA	170	112	A	0	0	112	35
A_NA	171	97	G	0	0	97	35
A_NA	172	94	A	0	0	94	35
A_NA	173	112	A	0	0	112	35
A_NA	174	111	C	0	0	111	35
A_NA	175	112	A	0	0	112	35
A_NA	176	91	A	0	0	91	35
A_NA	177	89	C	0	0	89	35
A_NA	178	102	A	0	0	102	35
A_NA	179	95	C	0	0	95	35
A_NA	180	106	C	0	0	106	35
A_NA	181	91	T	0	0	91	35
A_NA	182	109	G	0	0	109	35
A_NA	183	115	G	0	0	115	35
A_NA	184	97	G	0	0	97	35
A_NA	185	109	T	0	0	109	35
A_NA	186	96	A	0	0	96	35
A_NA	187	107	A	0	0	107	35
A_NA	188	103	A	0	0	103	35
A_NA	189	112	T	0	0	112	35
A_NA	190	97	C	0	0	97	35
A_NA	191	89	A	0	0	89	35
A_NA	192	111	G	0	0	111	35
A_NA	193	87	A	0	0	87	35
A_NA	194	100	C	0	0	100	35
A_NA	195	90	G	0	0	90	35
A_NA	196	110	T	0	0	110	35
A_NA	197	114	A	0	0	114	35
A_NA	198	100	T	0	0	100	35
A_NA	199	94	G	0	0	94	35
A_NA	200	85	T	0	0	85	35
A_NA	201	98	C	0	0	98	35
A_NA	202	108	A	0	0	108	35
A_NA	203	108	A	0	0	108	35
A_NA	204	85	C	0	0	85	35
A_NA	205	107	A	0	0	107	35
A_NA	206	113	T	0	0	113	35
A_NA	207	108	C	0	0	108	35
A_NA	208	93	A	0	0	93	35
A_NA	209	106	A	0	0	106	35
A_NA	210	97	C	0	0	97	35
A_NA	211	90	A	0	0	90	35
A_NA	212	88	A	0	0	88	35
A_NA	213	90	T	0	0	90	35
A_NA	214	97	A	0	0	97	35
A_NA	215	114	C	0	0	114	35
A_NA	216	92	C	0	0	92	35
A_NA	217	102	A	0	0	102	35
A_NA	218	98	A	0	0	98	35
A_NA	219	110	T	0	0	110	35
A_NA	220	90	T	0	0	90	35
A_NA	221	95	T	0	0	95	35
A_NA	222	113	T	0	0	113	35
A_NA	223	90	C	0	0	90	35
A_NA	224	97	T	0	0	97	35
A_NA	225	89	T	0	0	89	35
A_NA	226	88	G	0	0	88	35
A_NA	227	95	C	0	0	95	35
A_NA	228	91	T	0	0	91	35
A_NA	229	95	G	0	0	95	35
A_NA	230	95	A	0	0	95	35
A_NA	231	111	G	0	0	111	35
A_NA	232	90	C	0	0	90	35
A_NA	233	96	A	0	0	96	35
A_NA	234	94	G	0	0	94	35
A_NA	235	87	G	0	0	87	35
A_NA	236	98	C	0	0	98	35
A_NA	237	98	T	0	0	98	35
A_NA	238	112	G	0	0	112	35
A_NA	239	102	T	0	0	102	35
A_NA	240	94	T	0	0	94	35
A_NA	241	106	A	0	0	106	35
A_NA	242	106	C	0	0	106	35
A_NA	243	98	T	0	0	98	35
A_NA	244	91	T	0	0	91	35
A_NA	245	93	C	0	0	93	35
A_NA	246	93	G	0	0	93	35
A_NA	247	88	G	0	0	88	35
A_NA	248	108	T	0	0	108	35
A_NA	249	94	A	0	0	94	35
A_NA	250	99	A	0	0	99	35
A_NA	251	113	C	0	0	113	35
A_NA	252	114	A	0	0	114	35
A_NA	253	86	T	0	0	86	35
A_NA	254	102	T	0	0	102	35
A_NA	255	114	A	0	0	114	35
A_NA	256	102	G	0	0	102	35
A_NA	257	112	C	0	0	112	35
A_NA	258	97	G	0	0	97	35
A_NA	259	110	G	0	0	110	35
A_NA	260	109	G	0	0	109	35
A_NA	261	110	C	0	0	110	35
A_NA	262	104	A	0	0	104	35
A_NA	263	106	A	0	0	106	35
A_NA	264	111	T	0	0	111	35
A_NA	265	95	T	0	0	95	35
A_NA	266	100	C	0	0	100	35
A_NA	267	113	A	0	0	113	35
A_NA	268	112	T	0	0	112	35
A_NA	269	98	C	0	0	98	35
A_NA	270	99	T	0	0	99	35
A_NA	271	101	C	0	0	101	35
A_NA	272	98	T	0	0	98	35
A_NA	273	109	T	0	0	109	35
A_NA	274	88	T	0	0	88	35
A_NA	275	112	G	0	0	112	35
A_NA	276	102	C	0	0	102	35
A_NA	277	102	C	0	0	102	35
A_NA	278	97	C	0	0	97	35
A_NA	279	105	T	0	0	105	35
A_NA	280	114	A	0	0	114	35
A_NA	281	102	T	0	0	102	35
A_NA	282	107	T	0	0	107	35
A_NA	283	89	A	0	0	89	35
A_NA	284	113	G	0	0	113	35
A_NA	285	99	T	0	0	99	35
A_NA	286	115	G	0	0	115	35
A_NA	287	112	G	0	0	112	35
A_NA	288	113	G	0	0	113	35
A_NA	289	94	T	0	0	94	35
A_NA	290	115	G	0	0	115	35
A_NA	291	100	G	0	0	100	35
A_NA	292	90	G	0	0	90	35
A_NA	293	90	C	0	0	90	35
A_NA	294	103	T	0	0	103	35
A_NA	295	101	A	0	0	101	35
A_NA	296	103	T	0	0	103	35
A_NA	297	89	A	0	0	89	35
A_NA	298	88	T	0	0	88	35
A_NA	299	98	A	0	0	98	35
A_NA	300	102	C	0	0	102	35
A_NA	301	113	A	0	0	113	35
A_NA	302	91	G	0	0	91	35
A_NA	303	94	T	0	0	94	35
A_NA	304	89	A	0	0	89	35
A_NA	305	86	A	0	0	86	35
A_NA	306	86	G	0	0	86	35
A_NA	307	87	G	0	0	87	35
A_NA	308	106	A	0	0	106	35
A_NA	309	86	C	0	0	86	35
A_NA	310	101	A	0	0	101	35
A_NA	311	91	A	0	0	91	35
A_NA	312	111	C	0	0	111	35
A_NA	313	89	G	0	0	89	35
A_NA	314	112	G	0	0	112	35
A_NA	315	110	T	0	0	110	35
A_NA	316	103	A	0	0	103	35
A_NA	317	88	T	0	0	88	35
A_NA	318	107	A	0	0	107	35
A_NA	319	101	A	0	0	101	35
A_NA	320	89	G	0	0	89	35
A_NA	321	98	A	0	0	98	35
A_NA	322	102	A	0	0	102	35
A_NA	323	100	T	0	0	100	35
A_NA	324	94	T	0	0	94	35
A_NA	325	95	G	0	0	95	35
A_NA	326	94	G	0	0	94	35
A_NA	327	104	G	0	0	104	35
A_NA	328	103	T	0	0	103	35
A_NA	329	105	C	0	0	105	35
A_NA	330	114	C	0	0	114	35
A_NA	331	85	A	0	0	85	35
A_NA	332	96	A	0	0	96	35
A_NA	333	99	G	0	0	99	35
A_NA	334	94	G	0	0	94	35
A_NA	335	108	G	0	0	108	35
A_NA	336	109	G	0	0	109	35
A_NA	337	111	G	0	0	111	35
A_NA	338	101	A	0	0	101	35
A_NA	339	111	T	0	0	111	35
A_NA	340	103	G	0	0	103	35
A_NA	341	102	T	0	0	102	35
A_NA	342	100	G	0	0	100	35
A_NA	343	105	T	0	0	105	35
A_NA	344	114	T	0	0	114	35
A_NA	345	110	T	0	0	110	35
A_NA	346	109	G	0	0	109	35
A_NA	347	89	T	0	0	89	35
A_NA	348	94	T	0	0	94	35
A_NA	349	112	A	0	0	112	35
A_NA	350	100	T	0	0	100	35
A_NA	351	90	A	0	0	90	35
A_NA	352	112	A	0	0	112	35
A_NA	353	109	G	0	0	109	35
A_NA	354	95	G	0	0	95	35
A_NA	355	88	G	0	0	88	35
A_NA	356	103	A	0	0	103	35
A_NA	357	99	A	0	0	99	35
A_NA	358	102	C	0	0	102	35
A_NA	359	94	C	0	0	94	35
A_NA	360	111	G	0	0	111	35
A_NA	361	87	T	0	0	87	35
A_NA	362	89	T	0	0	89	35
A_NA	363	109	C	0	0	109	35
A_NA	364	109	A	0	0	109	35
A_NA	365	91	T	0	0	91	35
A_NA	366	99	C	0	0	99	35
A_NA	367	108	T	0	0	108	35
A_NA	368	99	C	0	0	99	35
A_NA	369	102	A	0	0	102	35
A_NA	370	111	T	0	0	111	35
A_NA	371	98	G	0	0	98	35
A_NA	372	112	C	0	0	112	35
A_NA	373	110	T	0	0	110	35
A_NA	374	113	C	0	0	113	35
A_NA	375	111	C	0	0	111	35
A_NA	376	110	C	0	0	110	35
A_NA	377	94	A	0	0	94	35
A_NA	378	106	C	0	0	106	35
A_NA	379	94	T	0	0	94	35
A_NA	380	92	T	0	0	92	35
A_NA	381	111	G	0	0	111	35
A_NA	382	97	G	0	0	97	35
A_NA	383	91	A	0	0	91	35
A_NA	384	110	A	0	0	110	35
A_NA	385	103	T	0	0	103	35
A_NA	386	97	G	0	0	97	35
A_NA	387	111	C	0	0	111	35
A_NA	388	98	A	0	0	98	35
A_NA	389	87	G	0	0	87	35
A_NA	390	96	A	0	0	96	35
A_NA	391	111	A	0	0	111	35
A_NA	392	109	C	0	0	109	35
A_NA	393	101	C	0	0	101	35
A_NA	394	108	T	0	0	108	35
A_NA	395	110	T	0	0	110	35
A_NA	396	94	T	0	0	94	35
A_NA	397	96	T	0	0	96	35
A_NA	398	100	T	0	0	100	35
A_NA	399	93	T	0	0	93	35
A_NA	400	90	C	0	0	90	35
A_NA	401	100	T	0	0	100	35
A_NA	402	100	G	0	0	100	35
A_NA	403	102	A	0	0	102	35
A_NA	404	86	C	0	0	86	35
A_NA	405	87	C	0	0	87	35
A_NA	406	115	C	0	0	115	35
A_NA	407	105	A	0	0	105	35
A_NA	408	86	G	0	0	86	35
A_NA	409	85	G	0	0	85	35
A_NA	410	88	G	0	0	88	35
A_NA	411	110	A	0	0	110	35
A_NA	412	112	G	0	0	112	35
A_NA	413	89	C	0	0	89	35
A_NA	414	109	T	0	0	109	35
A_NA	415	107	C	0	0	107	35
A_NA	416	91	T	0	0	91	35
A_NA	417	113	G	0	0	113	35
A_NA	418	98	C	0	0	98	35
A_NA	419	108	T	0	0	108	35
A_NA	420	93	G	0	0	93	35
A_NA	421	113	A	0	0	113	35
A_NA	422	96	A	0	0	96	35
A_NA	423	85	T	0	0	85	35
A_NA	424	98	G	0	0	98	35
A_NA	425	98	A	0	0	98	35
A_NA	426	105	C	0	0	105	35
A_NA	427	92	A	0	0	92	35
A_NA	428	100	A	0	0	100	35
A_NA	429	109	A	0	0	109	35
A_NA	430	109	C	0	0	109	35
A_NA	431	85	A	0	0	85	35
A_NA	432	100	T	0	0	100	35
A_NA	433	105	T	0	0	105	35
A_NA	434	114	C	0	0	114	35
A_NA	435	103	T	0	0	103	35
A_NA	436	85	A	0	0	85	35
A_NA	437	104	A	0	0	104	35
A_NA	438	102	T	0	0	102	35
A_NA	439	89	G	0	0	89	35
A_NA	440	91	G	0	0	91	35
A_NA	441	108	G	0	0	108	35
A_NA	442	89	A	0	0	89	35
A_NA	443	90	C	0	0	90	35
A_NA	444	96	C	0	0	96	35
A_NA	445	89	G	0	0	89	35
A_NA	446	105	T	0	0	105	35
A_NA	447	93	T	0	0	93	35
A_NA	448	90	A	0	0	90	35
A_NA	449	91	A	0	0	91	35
A_NA	450	101	G	0	0	101	35
A_NA	451	95	G	0	0	95	35
A_NA	452	99	A	0	0	99	35
A_NA	453	94	T	0	0	94	35
A_NA	454	90	A	0	0	90	35
A_NA	455	102	G	0	0	102	35
A_NA	456	102	A	0	0	102	35
A_NA	457	108	A	0	0	108	35
A_NA	458	87	G	0	0	87	35
A_NA	459	104	C	0	0	104	35
A_NA	460	105	C	0	0	105	35
A_NA	461	107	C	0	0	107	35
A_NA	462	99	C	0	0	99	35
A_NA	463	113	T	0	0	113	35
A_NA	464	108	A	0	0	108	35
A_NA	465	115	T	0	0	115	35
A_NA	466	107	A	0	0	107	35
A_NA	467	113	G	0	0	113	35
A_NA	468	113	A	0	0	113	35
A_NA	469	107	A	0	0	107	35
A_NA	470	99	C	0	0	99	35
A_NA	471	110	T	0	0	110	35
A_NA	472	103	T	0	0	103	35
A_NA	473	98	T	0	0	98	35
A_NA	474	95	G	0	0	95	35
A_NA	475	102	A	0	0	102	35
A_NA	476	113	T	0	0	113	35
A_NA	477	109	G	0	0	109	35
A_NA	478	100	A	0	0	100	35
A_NA	479	113	G	0	0	113	35
A_NA	480	106	T	0	0	106	35
A_NA	481	108	T	0	0	108	35
A_NA	482	93	G	0	0	93	35
A_NA	483	106	T	0	0	106	35
A_NA	484	96	C	0	0	96	35
A_NA	485	109	C	0	0	109	35
A_NA	486	85	C	0	0	85	35
A_NA	487	102	G	0	0	102	35
A_NA	488	85	T	0	0	85	35
A_NA	489	112	G	0	0	112	35
A_NA	490	112	G	0	0	112	35
A_NA	491	89	G	0	0	89	35
A_NA	492	102	T	0	0	102	35
A_NA	493	100	G	0	0	100	35
A_NA	494	94	A	0	0	94	35
A_NA	495	97	G	0	0	97	35
A_NA	496	88	G	0	0	88	35
A_NA	497	104	C	0	0	104	35
A_NA	498	87	T	0	0	87	35
A_NA	499	104	C	0	0	104	35
A_NA	500	105	C	0	0	105	35
A_NA	501	86	T	0	0	86	35
A_NA	502	86	T	0	0	86	35
A_NA	503	85	C	0	0	85	35
A_NA	504	87	C	0	0	87	35
A_NA	505	106	C	0	0	106	35
A_NA	506	108	C	0	0	108	35
A_NA	507	113	G	0	0	113	35
A_NA	508	87	T	0	0	87	35
A_NA	509	85	A	0	0	85	35
A_NA	510	106	C	0	0	106	35
A_NA	511	110	A	0	0	110	35
A_NA	512	96	A	0	0	96	35
A_NA	513	101	T	0	0	101	35
A_NA	514	94	T	0	0	94	35
A_NA	515	102	C	0	0	102	35
A_NA	516	94	A	0	0	94	35
A_NA	517	89	A	0	0	89	35
A_NA	518	88	G	0	0	88	35
A_NA	519	110	A	0	0	110	35
A_NA	520	100	T	0	0	100	35
A_NA	521	112	T	0	0	112	35
A_NA	522	88	T	0	0	88	35
A_NA	523	91	G	0	0	91	35
A_NA	524	99	A	0	0	99	35
A_NA	525	108	G	0	0	108	35
A_NA	526	106	T	0	0	106	35
A_NA	527	107	C	0	0	107	35
A_NA	528	104	T	0	0	104	35
A_NA	529	99	G	0	0	99	35
A_NA	530	99	T	0	0	99	35
A_NA	531	86	T	0	0	86	35
A_NA	532	108	G	0	0	108	35
A_NA	533	101	C	0	0	101	35
A_NA	534	109	T	0	0	109	35
A_NA	535	109	T	0	0	109	35
A_NA	536	97	G	0	0	97	35
A_NA	537	94	G	0	0	94	35
A_NA	538	95	T	0	0	95	35
A_NA	539	98	C	0	0	98	35
A_NA	540	97	G	0	0	97	35
A_NA	541	110	G	0	0	110	35
A_NA	542	107	C	0	0	107	35
A_NA	543	99	A	0	0	99	35
A_NA	544	92	A	0	0	92	35
A_NA	545	107	G	0	0	107	35
A_NA	546	100	T	0	0	100	35
A_NA	547	110	G	0	0	110	35
A_NA	548	104	C	0	0	104	35
A_NA	549	92	T	0	0	92	35
A_NA	550	109	T	0	0	109	35
A_NA	551	86	G	0	0	86	35
A_NA	552	89	T	0	0	89	35
A_NA	553	93	C	0	0	93	35
A_NA	554	86	A	0	0	86	35
A_NA	555	91	T	0	0	91	35
A_NA	556	105	G	0	0	105	35
A_NA	557	97	A	0	0	97	35
A_NA	558	108	T	0	0	108	35
A_NA	559	98	G	0	0	98	35
A_NA	560	85	G	0	0	85	35
A_NA	561	114	C	0	0	114	35
A_NA	562	86	A	0	0	86	35
A_NA	563	93	T	0	0	93	35
A_NA	564	99	C	0	0	99	35
A_NA	565	97	A	0	0	97	35
A_NA	566	102	G	0	0	102	35
A_NA	567	115	T	0	0	115	35
A_NA	568	96	T	0	0	96	35
A_NA	569	89	G	0	0	89	35
A_NA	570	115	G	0	0	115	35
A_NA	571	98	T	0	0	98	35
A_NA	572	92	T	0	0	92	35
A_NA	573	111	G	0	0	111	35
A_NA	574	88	A	0	0	88	35
A_NA	575	113	C	0	0	113	35
A_NA	576	113	A	0	0	113	35
A_NA	577	110	A	0	0	110	35
A_NA	578	88	T	0	0	88	35
A_NA	579	108	C	0	0	108	35
A_NA	580	97	G	0	0	97	35
A_NA	581	95	G	0	0	95	35
A_NA	582	103	T	0	0	103	35
A_NA	583	103	A	0	0	103	35
A_NA	584	107	T	0	0	107	35
A_NA	585	115	T	0	0	115	35
A_NA	586	106	T	0	0	106	35
A_NA	587	111	C	0	0	111	35
A_NA	588	99	T	0	0	99	35
A_NA	589	109	G	0	0	109	35
A_NA	590	93	G	0	0	93	35
A_NA	591	108	T	0	0	108	35
A_NA	592	95	C	0	0	95	35
A_NA	593	95	C	0	0	95	35
A_NA	594	106	A	0	0	106	35
A_NA	595	99	G	0	0	99	35
A_NA	596	113	A	0	0	113	35
A_NA	597	91	C	0	0	91	35
A_NA	598	99	A	0	0	99	35
A_NA	599	112	A	0	0	112	35
A_NA	600	102	T	0	0	102	35
A_NA	601	94	G	0	0	94	35
A_NA	602	103	G	0	0	103	35
A_NA	603	85	A	0	0	85	35
A_NA	604	115	G	0	0	115	35
A_NA	605	97	C	0	0	97	35
A_NA	606	94	T	0	0	94	35
A_NA	607	90	G	0	0	90	35
A_NA	608	111	T	0	0	111	35
A_NA	609	92	G	0	0	92	35
A_NA	610	94	G	0	0	94	35
A_NA	611	111	C	0	0	111	35
A_NA	612	90	T	0	0	90	35
A_NA	613	111	G	0	0	111	35
A_NA	614	90	T	0	0	90	35
A_NA	615	87	A	0	0	87	35
A_NA	616	103	T	0	0	103	35
A_NA	617	113	T	0	0	113	35
A_NA	618	107	G	0	0	107	35
A_NA	619	93	A	0	0	93	35
A_NA	620	96	A	0	0	96	35
A_NA	621	113	G	0	0	113	35
A_NA	622	94	T	0	0	94	35
A_NA	623	105	A	0	0	105	35
A_NA	624	90	C	0	0	90	35
A_NA	625	105	A	0	0	105	35
A_NA	626	105	A	0	0	105	35
A_NA	627	112	T	0	0	112	35
A_NA	628	101	G	0	0	101	35
A_NA	629	105	G	0	0	105	35
A_NA	630	90	C	0	0	90	35
A_NA	631	93	A	0	0	93	35
A_NA	632	86	T	0	0	86	35
A_NA	633	87	A	0	0	87	35
A_NA	634	109	A	0	0	109	35
A_NA	635	103	T	0	0	103	35
A_NA	636	85	A	0	0	85	35
A_NA	637	96	A	0	0	96	35
A_NA	638	97	C	0	0	97	35
A_NA	639	115	G	0	0	115	35
A_NA	640	99	G	0	0	99	35
A_NA	641	93	A	0	0	93	35
A_NA	642	107	T	0	0	107	35
A_NA	643	100	A	0	0	100	35
A_NA	644	105	C	0	0	105	35
A_NA	645	106	T	0	0	106	35
A_NA	646	97	A	0	0	97	35
A_NA	647	86	T	0	0	86	35
A_NA	648	109	C	0	0	109	35
A_NA	649	90	A	0	0	90	35
A_NA	650	109	A	0	0	109	35
A_NA	651	104	G	0	0	104	35
A_NA	652	100	A	0	0	100	35
A_NA	653	86	G	0	0	86	35
A_NA	654	113	T	0	0	113	35
A_NA	655	95	T	0	0	95	35
A_NA	656	94	G	0	0	94	35
A_NA	657	90	G	0	0	90	35
A_NA	658	89	A	0	0	89	35
A_NA	659	90	G	0	0	90	35
A_NA	660	95	A	0	0	95	35
A_NA	661	111	A	0	0	111	35
A_NA	662	93	A	0	0	93	35
A_NA	663	112	C	0	0	112	35
A_NA	664	105	A	0	0	105	35
A_NA	665	112	A	0	0	112	35
A_NA	666	90	C	0	0	90	35
A_NA	667	99	A	0	0	99	35
A_NA	668	113	T	0	0	113	35
A_NA	669	99	T	0	0	99	35
A_NA	670	85	T	0	0	85	35
A_NA	671	113	T	0	0	113	35
A_NA	672	104	G	0	0	104	35
A_NA	673	98	A	0	0	98	35
A_NA	674	98	G	0	0	98	35
A_NA	675	90	A	0	0	90	35
A_NA	676	111	A	0	0	111	35
A_NA	677	87	C	0	0	87	35
A_NA	678	108	T	0	0	108	35
A_NA	679	114	C	0	0	114	35
A_NA	680	110	A	0	0	110	35
A_NA	681	91	A	0	0	91	35
A_NA	682	86	G	0	0	86	35
A_NA	683	85	A	0	0	85	35
A_NA	684	92	A	0	0	92	35
A_NA	685	95	T	0	0	95	35
A_NA	686	93	C	0	0	93	35
A_NA	687	105	T	0	0	105	35
A_NA	688	114	G	0	0	114	35
A_NA	689	107	A	0	0	107	35
A_NA	690	102	A	0	0	102	35
A_NA	691	106	T	0	0	106	35
A_NA	692	89	G	0	0	89	35
A_NA	693	93	T	0	0	93	35
A_NA	694	92	G	0	0	92	35
A_NA	695	87	C	0	0	87	35
A_NA	696	110	G	0	0	110	35
A_NA	697	94	T	0	0	94	35
A_NA	698	109	G	0	0	109	35
A_NA	699	106	C	0	0	106	35
A_NA	700	105	G	0	0	105	35
A_NA	701	115	T	0	0	115	35
A_NA	702	100	A	0	0	100	35
A_NA	703	89	A	0	0	89	35
A_NA	704	107	A	0	0	107	35
A_NA	705	99	T	0	0	99	35
A_NA	706	110	G	0	0	110	35
A_NA	707	99	G	0	0	99	35
A_NA	708	111	C	0	0	111	35
A_NA	709	111	T	0	0	111	35
A_NA	710	91	C	0	0	91	35
A_NA	711	92	T	0	0	92	35
A_NA	712	111	T	0	0	111	35
A_NA	713	88	G	0	0	88	35
A_NA	714	114	C	0	0	114	35
A_NA	715	115	T	0	0	115	35
A_NA	716	96	T	0	0	96	35
A_NA	717	89	C	0	0	89	35
A_NA	718	86	A	0	0	86	35
A_NA	719	104	C	0	0	104	35
A_NA	720	93	T	0	0	93	35
A_NA	721	92	G	0	0	92	35
A_NA	722	86	T	0	0	86	35
A_NA	723	102	A	0	0	102	35
A_NA	724	112	A	0	0	112	35
A_NA	725	98	T	0	0	98	35
A_NA	726	115	G	0	0	115	35
A_NA	727	98	A	0	0	98	35
A_NA	728	97	C	0	0	97	35
A_NA	729	114	T	0	0	114	35
A_NA	730	97	G	0	0	97	35
A_NA	731	92	A	0	0	92	35
A_NA	732	87	T	0	0	87	35
A_NA	733	97	G	0	0	97	35
A_NA	734	86	G	0	0	86	35
A_NA	735	91	A	0	0	91	35
A_NA	736	100	C	0	0	100	35
A_NA	737	108	C	0	0	108	35
A_NA	738	100	A	0	0	100	35
A_NA	739	97	A	0	0	97	35
A_NA	740	98	G	0	0	98	35
A_NA	741	96	C	0	0	96	35
A_NA	742	90	A	0	0	90	35
A_NA	743	114	A	0	0	114	35
A_NA	744	101	T	0	0	101	35
A_NA	745	88	G	0	0	88	35
A_NA	746	102	G	0	0	102	35
A_NA	747	100	G	0	0	100	35
A_NA	748	107	C	0	0	107	35
A_NA	749	95	A	0	0	95	35
A_NA	750	101	G	0	0	101	35
A_NA	751	95	G	0	0	95	35
A_NA	752	113	C	0	0	113	35
A_NA	753	109	C	0	0	109	35
A_NA	754	100	T	0	0	100	35
A_NA	755	105	C	0	0	105	35
A_NA	756	98	A	0	0	98	35
A_NA	757	95	T	0	0	95	35
A_NA	758	113	A	0	0	113	35
A_NA	759	99	T	0	0	99	35
A_NA	760	89	A	0	0	89	35
A_NA	761	115	A	0	0	115	35
A_NA	762	92	A	0	0	92	35
A_NA	763	103	A	0	0	103	35
A_NA	764	111	T	0	0	111	35
A_NA	765	86	C	0	0	86	35
A_NA	766	106	T	0	0	106	35
A_NA	767	103	T	0	0	103	35
A_NA	768	115	C	0	0	115	35
A_NA	769	87	A	0	0	87	35
A_NA	770	97	A	0	0	97	35
A_NA	771	107	G	0	0	107	35
A_NA	772	85	A	0	0	85	35
A_NA	773	114	T	0	0	114	35
A_NA	774	90	A	0	0	90	35
A_NA	775	95	G	0	0	95	35
A_NA	776	108	A	0	0	108	35
A_NA	777	85	G	0	0	85	35
A_NA	778	103	A	0	0	103	35
A_NA	779	89	A	0	0	89	35
A_NA	780	95	A	0	0	95	35
A_NA	781	95	G	0	0	95	35
A_NA	782	91	G	0	0	91	35
A_NA	783	110	G	0	0	110	35
A_NA	784	85	A	0	0	85	35
A_NA	785	110	A	0	0	110	35
A_NA	786	99	A	0	0	99	35
A_NA	787	101	G	0	0	101	35
A_NA	788	86	T	0	0	86	35
A_NA	789	88	A	0	0	88	35
A_NA	790	89	G	0	0	89	35
A_NA	791	91	T	0	0	91	35
A_NA	792	96	C	0	0	96	35
A_NA	793	104	A	0	0	104	35
A_NA	794	90	A	0	0	90	35
A_NA	795	98	A	0	0	98	35
A_NA	796	98	T	0	0	98	35
A_NA	797	107	C	0	0	107	35
A_NA	798	107	A	0	0	107	35
A_NA	799	85	G	0	0	85	35
A_NA	800	110	T	0	0	110	35
A_NA	801	103	T	0	0	103	35
A_NA	802	114	G	0	0	114	35
A_NA	803	108	A	0	0	108	35
A_NA	804	115	A	0	0	115	35
A_NA	805	92	T	0	0	92	35
A_NA	806	86	C	0	0	86	35
A_NA	807	94	G	0	0	94	35
A_NA	808	104	A	0	0	104	35
A_NA	809	102	A	0	0	102	35
A_NA	810	112	T	0	0	112	35
A_NA	811	86	G	0	0	86	35
A_NA	812	96	C	0	0	96	35
A_NA	813	108	C	0	0	108	35
A_NA	814	100	C	0	0	100	35
A_NA	815	101	C	0	0	101	35
A_NA	816	108	T	0	0	108	35
A_NA	817	105	A	0	0	105	35
A_NA	818	99	A	0	0	99	35
A_NA	819	105	T	0	0	105	35
A_NA	820	90	T	0	0	90	35
A_NA	821	115	A	0	0	115	35
A_NA	822	100	C	0	0	100	35
A_NA	823	109	C	0	0	109	35
A_NA	824	88	A	0	0	88	35
A_NA	825	104	C	0	0	104	35
A_NA	826	102	T	0	0	102	35
A_NA	827	92	A	0	0	92	35
A_NA	828	106	C	0	0	106	35
A_NA	829	101	G	0	0	101	35
A_NA	830	109	A	0	0	109	35
A_NA	831	98	G	0	0	98	35
A_NA	832	112	G	0	0	112	35
A_NA	833	101	A	0	0	101	35
A_NA	834	100	A	0	0	100	35
A_NA	835	106	T	0	0	106	35
A_NA	836	110	G	0	0	110	35
A_NA	837	89	C	0	0	89	35
A_NA	838	111	T	0	0	111	35
A_NA	839	111	C	0	0	111	35
A_NA	840	109	C	0	0	109	35
A_NA	841	101	T	0	0	101	35
A_NA	842	88	G	0	0	88	35
A_NA	843	110	T	0	0	110	35
A_NA	844	105	T	0	0	105	35
A_NA	845	86	A	0	0	86	35
A_NA	846	104	C	0	0	104	35
A_NA	847	114	C	0	0	114	35
A_NA	848	97	C	0	0	97	35
A_NA	849	87	T	0	0	87	35
A_NA	850	100	G	0	0	100	35
A_NA	851	95	A	0	0	95	35
A_NA	852	91	T	0	0	91	35
A_NA	853	114	G	0	0	114	35
A_NA	854	112	C	0	0	112	35
A_NA	855	103	G	0	0	103	35
A_NA	856	98	G	0	0	98	35
A_NA	857	97	G	0	0	97	35
A_NA	858	96	T	0	0	96	35
A_NA	859	107	G	0	0	107	35
A_NA	860	89	A	0	0	89	35
A_NA	861	104	G	0	0	104	35
A_NA	862	104	A	0	0	104	35
A_NA	863	95	T	0	0	95	35
A_NA	864	104	T	0	0	104	35
A_NA	865	110	A	0	0	110	35
A_NA	866	101	T	0	0	101	35
A_NA	867	88	G	0	0	88	35
A_NA	868	109	T	0	0	109	35
A_NA	869	88	G	0	0	88	35
A_NA	870	102	T	0	0	102	35
A_NA	871	92	G	0	0	92	35
A_NA	872	95	T	0	0	95	35
A_NA	873	112	G	0	0	112	35
A_NA	874	109	T	0	0	109	35
A_NA	875	107	G	0	0	107	35
A_NA	876	89	C	0	0	89	35
A_NA	877	97	A	0	0	97	35
A_NA	878	85	G	0	0	85	35
A_NA	879	96	G	0	0	96	35
A_NA	880	92	G	0	0	92	35
A_NA	881	113	A	0	0	113	35
A_NA	882	99	C	0	0	99	35
A_NA	883	90	A	0	0	90	35
A_NA	884	108	A	0	0	108	35
A_NA	885	103	T	0	0	103	35
A_NA	886	91	T	0	0	91	35
A_NA	887	108	G	0	0	108	35
A_NA	888	94	G	0	0	94	35
A_NA	889	103	C	0	0	103	35
A_NA	890	93	A	0	0	93	35
A_NA	891	96	T	0	0	96	35
A_NA	892	107	G	0	0	107	35
A_NA	893	108	G	0	0	108	35
A_NA	894	102	C	0	0	102	35
A_NA	895	90	T	0	0	90	35
A_NA	896	115	C	0	0	115	35
A_NA	897	114	A	0	0	114	35
A_NA	898	111	A	0	0	111	35
A_NA	899	95	A	0	0	95	35
A_NA	900	88	C	0	0	88	35
A_NA	901	95	C	0	0	95	35
A_NA	902	101	G	0	0	101	35
A_NA	903	102	G	0	0	102	35
A_NA	904	86	C	0	0	86	35
A_NA	905	104	C	0	0	104	35
A_NA	906	88	G	0	0	88	35
A_NA	907	99	T	0	0	99	35
A_NA	908	108	G	0	0	108	35
A_NA	909	103	G	0	0	103	35
A_NA	910	94	G	0	0	94	35
A_NA	911	100	T	0	0	100	35
A_NA	912	98	A	0	0	98	35
A_NA	913	110	T	0	0	110	35
A_NA	914	103	C	0	0	103	35
A_NA	915	109	T	0	0	109	35
A_NA	916	94	T	0	0	94	35
A_NA	917	93	T	0	0	93	35
A_NA	918	98	T	0	0	98	35
A_NA	919	103	A	0	0	103	35
A_NA	920	98	A	0	0	98	35
A_NA	921	88	T	0	0	88	35
A_NA	922	90	C	0	0	90	35
A_NA	923	105	A	0	0	105	35
A_NA	924	89	A	0	0	89	35
A_NA	925	100	A	0	0	100	35
A_NA	926	113	A	0	0	113	35
A_NA	927	90	T	0	0	90	35
A_NA	928	109	C	0	0	109	35
A_NA	929	115	T	0	0	115	35
A_NA	930	108	G	0	0	108	35
A_NA	931	85	G	0	0	85	35
A_NA	932	99	A	0	0	99	35
A_NA	933	93	G	0	0	93	35
A_NA	934	96	T	0	0	96	35
A_NA	935	96	A	0	0	96	35
A_NA	936	109	T	0	0	109	35
A_NA	937	102	C	0	0	102	35
A_NA	938	86	A	0	0	86	35
A_NA	939	111	A	0	0	111	35
A_NA	940	96	A	0	0	96	35
A_NA	941	94	T	0	0	94	35
A_NA	942	92	A	0	0	92	35
A_NA	943	102	G	0	0	102	35
A_NA	944	106	G	0	0	106	35
A_NA	945	94	A	0	0	94	35
A_NA	946	103	T	0	0	103	35
A_NA	947	98	A	0	0	98	35
A_NA	948	93	T	0	0	93	35
A_NA	949	109	A	0	0	109	35
A_NA	950	95	T	0	0	95	35
A_NA	951	110	A	0	0	110	35
A_NA	952	92	T	0	0	92	35
A_NA	953	114	G	0	0	114	35
A_NA	954	95	C	0	0	95	35
A_NA	955	115	A	0	0	115	35
A_NA	956	91	G	0	0	91	35
A_NA	957	115	T	0	0	115	35
A_NA	958	110	G	0	0	110	35
A_NA	959	103	G	0	0	103	35
A_NA	960	89	G	0	0	89	35
A_NA	961	94	G	0	0	94	35
A_NA	962	108	T	0	0	108	35
A_NA	963	108	T	0	0	108	35
A_NA	964	107	T	0	0	107	35
A_NA	965	107	T	0	0	107	35
A_NA	966	94	C	0	0	94	35
A_NA	967	103	G	0	0	103	35
A_NA	968	94	G	0	0	94	35
A_NA	969	110	A	0	0	110	35
A_NA	970	89	G	0	0	89	35
A_NA	971	94	A	0	0	94	35
A_NA	972	104	C	0	0	104	35
A_NA	973	108	A	0	0	108	35
A_NA	974	112	A	0	0	112	35
A_NA	975	87	C	0	0	87	35
A_NA	976	87	C	0	0	87	35
A_NA	977	103	C	0	0	103	35
A_NA	978	90	C	0	0	90	35
A_NA	979	88	C	0	0	88	35
A_NA	980	88	G	0	0	88	35
A_NA	981	91	C	0	0	91	35
A_NA	982	92	C	0	0	92	35
A_NA	983	105	C	0	0	105	35
A_NA	984	97	C	0	0	97	35
A_NA	985	112	A	0	0	112	35
A_NA	986	112	A	0	0	112	35
A_NA	987	86	T	0	0	86	35
A_NA	988	108	G	0	0	108	35
A_NA	989	99	A	0	0	99	35
A_NA	990	112	T	0	0	112	35
A_NA	991	102	G	0	0	102	35
A_NA	992	87	G	0	0	87	35
A_NA	993	92	A	0	0	92	35
A_NA	994	102	A	0	0	102	35
A_NA	995	113	C	0	0	113	35
A_NA	996	92	A	0	0	92	35
A_NA	997	94	G	0	0	94	35
A_NA	998	102	G	0	0	102	35
A_NA	999	88	C	0	0	88	35
A_NA	1000	115	A	0	0	115	35
A_NA	1001	115	G	0	0	115	35
A_NA	1002	92	T	0	0	92	35
A_NA	1003	113	T	0	0	113	35
A_NA	1004	109	G	0	0	109	35
A_NA	1005	95	C	0	0	95	35
A_NA	1006	107	A	0	0	107	35
A_NA	1007	102	G	0	0	102	35
A_NA	1008	101	T	0	0	101	35
A_NA	1009	99	C	0	0	99	35
A_NA	1010	105	C	0	0	105	35
A_NA	1011	89	A	0	0	89	35
A_NA	1012	99	A	0	0	99	35
A_NA	1013	95	T	0	0	95	35
A_NA	1014	91	G	0	0	91	35
A_NA	1015	95	T	0	0	95	35
A_NA	1016	96	C	0	0	96	35
A_NA	1017	104	C	0	0	104	35
A_NA	1018	100	T	0	0	100	35
A_NA	1019	90	C	0	0	90	35
A_NA	1020	99	T	0	0	99	35
A_NA	1021	107	A	0	0	107	35
A_NA	1022	100	A	0	0	100	35
A_NA	1023	102	C	0	0	102	35
A_NA	1024	114	G	0	0	114	35
A_NA	1025	99	G	0	0	99	35
A_NA	1026	100	G	0	0	100	35
A_NA	1027	108	G	0	0	108	35
A_NA	1028	101	C	0	0	101	35
A_NA	1029	101	A	0	0	101	35
A_NA	1030	105	T	0	0	105	35
A_NA	1031	102	A	0	0	102	35
A_NA	1032	102	T	0	0	102	35
A_NA	1033	87	G	0	0	87	35
A_NA	1034	100	G	0	0	100	35
A_NA	1035	99	G	0	0	99	35
A_NA	1036	114	G	0	0	114	35
A_NA	1037	112	T	0	0	112	35
A_NA	1038	85	A	0	0	85	35
A_NA	1039	95	A	0	0	95	35
A_NA	1040	85	A	0	0	85	35
A_NA	1041	89	A	0	0	89	35
A_NA	1042	98	G	0	0	98	35
A_NA	1043	107	G	0	0	107	35
A_NA	1044	98	G	0	0	98	35
A_NA	1045	105	T	0	0	105	35
A_NA	1046	110	T	0	0	110	35
A_NA	1047	106	T	0	0	106	35
A_NA	1048	109	T	0	0	109	35
A_NA	1049	107	C	0	0	107	35
A_NA	1050	109	A	0	0	109	35
A_NA	1051	101	T	0	0	101	35
A_NA	1052	114	T	0	0	114	35
A_NA	1053	97	T	0	0	97	35
A_NA	1054	89	A	0	0	89	35
A_NA	1055	89	A	0	0	89	35
A_NA	1056	112	G	0	0	112	35
A_NA	1057	96	T	0	0	96	35
A_NA	1058	90	A	0	0	90	35
A_NA	1059	90	C	0	0	90	35
A_NA	1060	112	G	0	0	112	35
A_NA	1061	108	G	0	0	108	35
A_NA	1062	87	T	0	0	87	35
A_NA	1063	90	A	0	0	90	35
A_NA	1064	106	A	0	0	106	35
A_NA	1065	89	T	0	0	89	35
A_NA	1066	92	G	0	0	92	35
A_NA	1067	110	G	0	0	110	35
A_NA	1068	89	G	0	0	89	35
A_NA	1069	107	G	0	0	107	35
A_NA	1070	101	T	0	0	101	35
A_NA	1071	111	T	0	0	111	35
A_NA	1072	104	T	0	0	104	35
A_NA	1073	100	G	0	0	100	35
A_NA	1074	106	G	0	0	106	35
A_NA	1075	107	A	0	0	107	35
A_NA	1076	112	T	0	0	112	35
A_NA	1077	90	C	0	0	90	35
A_NA	1078	107	G	0	0	107	35
A_NA	1079	108	G	0	0	108	35
A_NA	1080	115	A	0	0	115	35
A_NA	1081	91	A	0	0	91	35
A_NA	1082	106	G	0	0	106	35
A_NA	1083	93	A	0	0	93	35
A_NA	1084	105	A	0	0	105	35
A_NA	1085	89	C	0	0	89	35
A_NA	1086	85	A	0	0	85	35
A_NA	1087	102	A	0	0	102	35
A_NA	1088	109	A	0	0	109	35
A_NA	1089	100	A	0	0	100	35
A_NA	1090	109	A	0	0	109	35
A_NA	1091	94	G	0	0	94	35
A_NA	1092	103	C	0	0	103	35
A_NA	1093	101	A	0	0	101	35
A_NA	1094	87	C	0	0	87	35
A_NA	1095	111	T	0	0	111	35
A_NA	1096	110	A	0	0	110	35
A_NA	1097	98	G	0	0	98	35
A_NA	1098	90	T	0	0	90	35
A_NA	1099	102	T	0	0	102	35
A_NA	1100	86	C	0	0	86	35
A_NA	1101	85	C	0	0	85	35
A_NA	1102	86	A	0	0	86	35
A_NA	1103	103	G	0	0	103	35
A_NA	1104	92	A	0	0	92	35
A_NA	1105	100	A	0	0	100	35
A_NA	1106	105	G	0	0	105	35
A_NA	1107	108	C	0	0	108	35
A_NA	1108	111	G	0	0	111	35
A_NA	1109	86	G	0	0	86	35
A_NA	1110	113	C	0	0	113	35
A_NA	1111	104	T	0	0	104	35
A_NA	1112	101	T	0	0	101	35
A_NA	1113	106	T	0	0	106	35
A_NA	1114	100	G	0	0	100	35
A_NA	1115	97	A	0	0	97	35
A_NA	1116	106	G	0	0	106	35
A_NA	1117	113	A	0	0	113	35
A_NA	1118	95	T	0	0	95	35
A_NA	1119	87	G	0	0	87	35
A_NA	1120	111	A	0	0	111	35
A_NA	1121	111	T	0	0	111	35
A_NA	1122	102	T	0	0	102	35
A_NA	1123	91	T	0	0	91	35
A_NA	1124	99	G	0	0	99	35
A_NA	1125	88	G	0	0	88	35
A_NA	1126	98	G	0	0	98	35
A_NA	1127	95	A	0	0	95	35
A_NA	1128	86	T	0	0	86	35
A_NA	1129	102	C	0	0	102	35
A_NA	1130	114	C	0	0	114	35
A_NA	1131	96	G	0	0	96	35
A_NA	1132	109	A	0	0	109	35
A_NA	1133	104	A	0	0	104	35
A_NA	1134	106	T	0	0	106	35
A_NA	1135	90	G	0	0	90	35
A_NA	1136	94	G	0	0	94	35
A_NA	1137	91	G	0	0	91	35
A_NA	1138	100	T	0	0	100	35
A_NA	1139	93	G	0	0	93	35
A_NA	1140	99	G	0	0	99	35
A_NA	1141	89	A	0	0	89	35
A_NA	1142	113	C	0	0	113	35
A_NA	1143	87	T	0	0	87	35
A_NA	1144	112	G	0	0	112	35
A_NA	1145	87	A	0	0	87	35
A_NA	1146	112	G	0	0	112	35
A_NA	1147	98	A	0	0	98	35
A_NA	1148	108	C	0	0	108	35
A_NA	1149	91	G	0	0	91	35
A_NA	1150	105	G	0	0	105	35
A_NA	1151	115	A	0	0	115	35
A_NA	1152	88	C	0	0	88	35
A_NA	1153	100	A	0	0	100	35
A_NA	1154	109	G	0	0	109	35
A_NA	1155	112	T	0	0	112	35
A_NA	1156	109	A	0	0	109	35
A_NA	1157	106	G	0	0	106	35
A_NA	1158	104	T	0	0	104	35
A_NA	1159	100	T	0	0	100	35
A_NA	1160	100	T	0	0	100	35
A_NA	1161	97	C	0	0	97	35
A_NA	1162	85	T	0	0	85	35
A_NA	1163	95	C	0	0	95	35
A_NA	1164	113	A	0	0	113	35
A_NA	1165	104	G	0	0	104	35
A_NA	1166	105	T	0	0	105	35
A_NA	1167	96	G	0	0	96	35
A_NA	1168	108	A	0	0	108	35
A_NA	1169	97	A	0	0	97	35
A_NA	1170	113	G	0	0	113	35
A_NA	1171	109	C	0	0	109	35
A_NA	1172	109	A	0	0	109	35
A_NA	1173	114	A	0	0	114	35
A_NA	1174	97	G	0	0	97	35
A_NA	1175	115	A	0	0	115	35
A_NA	1176	91	C	0	0	91	35
A_NA	1177	104	A	0	0	104	35
A_NA	1178	104	T	0	0	104	35
A_NA	1179	102	C	0	0	102	35
A_NA	1180	106	G	0	0	106	35
A_NA	1181	108	T	0	0	108	35
A_NA	1182	96	A	0	0	96	35
A_NA	1183	95	G	0	0	95	35
A_NA	1184	113	C	0	0	113	35
A_NA	1185	111	A	0	0	111	35
A_NA	1186	104	A	0	0	104	35
A_NA	1187	98	T	0	0	98	35
A_NA	1188	114	A	0	0	114	35
A_NA	1189	92	A	0	0	92	35
A_NA	1190	99	C	0	0	99	35
A_NA	1191	88	T	0	0	88	35
A_NA	1192	111	G	0	0	111	35
A_NA	1193	92	A	0	0	92	35
A_NA	1194	91	C	0	0	91	35
A_NA	1195	108	T	0	0	108	35
A_NA	1196	90	T	0	0	90	35
A_NA	1197	111	G	0	0	111	35
A_NA	1198	102	T	0	0	102	35
A_NA	1199	97	C	0	0	97	35
A_NA	1200	104	A	0	0	104	35
A_NA	1201	108	G	0	0	108	35
A_NA	1202	89	G	0	0	89	35
A_NA	1203	102	A	0	0	102	35
A_NA	1204	112	T	0	0	112	35
A_NA	1205	90	A	0	0	90	35
A_NA	1206	108	T	0	0	108	35
A_NA	1207	86	A	0	0	86	35
A_NA	1208	114	G	0	0	114	35
A_NA	1209	92	T	0	0	92	35
A_NA	1210	113	G	0	0	113	35
A_NA	1211	98	G	0	0	98	35
A_NA	1212	91	G	0	0	91	35
A_NA	1213	87	A	0	0	87	35
A_NA	1214	86	C	0	0	86	35
A_NA	1215	89	T	0	0	89	35
A_NA	1216	102	T	0	0	102	35
A_NA	1217	100	T	0	0	100	35
A_NA	1218	89	T	0	0	89	35
A_NA	1219	99	G	0	0	99	35
A_NA	1220	93	T	0	0	93	35
A_NA	1221	90	C	0	0	90	35
A_NA	1222	105	C	0	0	105	35
A_NA	1223	113	A	0	0	113	35
A_NA	1224	106	G	0	0	106	35
A_NA	1225	94	C	0	0	94	35
A_NA	1226	96	A	0	0	96	35
A_NA	1227	98	C	0	0	98	35
A_NA	1228	85	C	0	0	85	35
A_NA	1229	108	C	0	0	108	35
A_NA	1230	89	A	0	0	89	35
A_NA	1231	113	G	0	0	113	35
A_NA	1232	102	A	0	0	102	35
A_NA	1233	100	A	0	0	100	35
A_NA	1234	103	C	0	0	103	35
A_NA	1235	108	T	0	0	108	35
A_NA	1236	91	G	0	0	91	35
A_NA	1237	90	A	0	0	90	35
A_NA	1238	115	C	0	0	115	35
A_NA	1239	94	A	0	0	94	35
A_NA	1240	111	G	0	0	111	35
A_NA	1241	87	G	0	0	87	35
A_NA	1242	98	A	0	0	98	35
A_NA	1243	110	T	0	0	110	35
A_NA	1244	85	T	0	0	85	35
A_NA	1245	89	A	0	0	89	35
A_NA	1246	86	G	0	0	86	35
A_NA	1247	85	A	0	0	85	35
A_NA	1248	99	T	0	0	99	35
A_NA	1249	100	T	0	0	100	35
A_NA	1250	92	G	0	0	92	35
A_NA	1251	113	C	0	0	113	35
A_NA	1252	110	A	0	0	110	35
A_NA	1253	93	T	0	0	93	35
A_NA	1254	88	G	0	0	88	35
A_NA	1255	103	A	0	0	103	35
A_NA	1256	105	G	0	0	105	35
A_NA	1257	107	G	0	0	107	35
A_NA	1258	110	C	0	0	110	35
A_NA	1259	112	C	0	0	112	35
A_NA	1260	86	T	0	0	86	35
A_NA	1261	98	T	0	0	98	35
A_NA	1262	104	G	0	0	104	35
A_NA	1263	114	T	0	0	114	35
A_NA	1264	108	T	0	0	108	35
A_NA	1265	90	T	0	0	90	35
A_NA	1266	91	C	0	0	91	35
A_NA	1267	111	T	0	0	111	35
A_NA	1268	113	G	0	0	113	35
A_NA	1269	98	G	0	0	98	35
A_NA	1270	104	G	0	0	104	35
A_NA	1271	92	T	0	0	92	35
A_NA	1272	98	T	0	0	98	35
A_NA	1273	85	G	0	0	85	35
A_NA	1274	86	A	0	0	86	35
A_NA	1275	114	G	0	0	114	35
A_NA	1276	114	C	0	0	114	35
A_NA	1277	108	T	0	0	108	35
A_NA	1278	112	G	0	0	112	35
A_NA	1279	85	A	0	0	85	35
A_NA	1280	103	T	0	0	103	35
A_NA	1281	99	T	0	0	99	35
A_NA	1282	114	A	0	0	114	35
A_NA	1283	95	G	0	0	95	35
A_NA	1284	91	A	0	0	91	35
A_NA	1285	91	G	0	0	91	35
A_NA	1286	104	G	0	0	104	35
A_NA	1287	108	G	0	0	108	35
A_NA	1288	94	A	0	0	94	35
A_NA	1289	111	G	0	0	111	35
A_NA	1290	90	G	0	0	90	35
A_NA	1291	105	C	0	0	105	35
A_NA	1292	113	C	0	0	113	35
A_NA	1293	114	C	0	0	114	35
A_NA	1294	107	A	0	0	107	35
A_NA	1295	114	A	0	0	114	35
A_NA	1296	99	A	0	0	99	35
A_NA	1297	112	G	0	0	112	35
A_NA	1298	104	A	0	0	104	35
A_NA	1299	110	G	0	0	110	35
A_NA	1300	90	A	0	0	90	35
A_NA	1301	108	A	0	0	108	35
A_NA	1302	114	C	0	0	114	35
A_NA	1303	93	A	0	0	93	35
A_NA	1304	107	C	0	0	107	35
A_NA	1305	103	A	0	0	103	35
A_NA	1306	110	A	0	0	110	35
A_NA	1307	114	T	0	0	114	35
A_NA	1308	97	T	0	0	97	35
A_NA	1309	105	T	0	0	105	35
A_NA	1310	90	G	0	0	90	35
A_NA	1311	105	G	0	0	105	35
A_NA	1312	86	A	0	0	86	35
A_NA	1313	107	C	0	0	107	35
A_NA	1314	88	T	0	0	88	35
A_NA	1315	110	A	0	0	110	35
A_NA	1316	90	G	0	0	90	35
A_NA	1317	92	C	0	0	92	35
A_NA	1318	115	G	0	0	115	35
A_NA	1319	101	G	0	0	101	35
A_NA	1320	96	G	0	0	96	35
A_NA	1321	101	A	0	0	101	35
A_NA	1322	100	G	0	0	100	35
A_NA	1323	92	C	0	0	92	35
A_NA	1324	98	A	0	0	98	35
A_NA	1325	96	G	0	0	96	35
A_NA	1326	87	C	0	0	87	35
A_NA	1327	110	A	0	0	110	35
A_NA	1328	94	T	0	0	94	35
A_NA	1329	87	A	0	0	87	35
A_NA	1330	103	T	0	0	103	35
A_NA	1331	86	C	0	0	86	35
A_NA	1332	99	C	0	0	99	35
A_NA	1333	111	T	0	0	111	35
A_NA	1334	86	T	0	0	86	35
A_NA	1335	98	T	0	0	98	35
A_NA	1336	96	T	0	0	96	35
A_NA	1337	101	G	0	0	101	35
A_NA	1338	108	T	0	0	108	35
A_NA	1339	94	G	0	0	94	35
A_NA	1340	99	G	0	0	99	35
A_NA	1341	114	T	0	0	114	35
A_NA	1342	102	G	0	0	102	35
A_NA	1343	107	T	0	0	107	35
A_NA	1344	89	A	0	0	89	35
A_NA	1345	108	A	0	0	108	35
A_NA	1346	111	A	0	0	111	35
A_NA	1347	91	T	0	0	91	35
A_NA	1348	85	A	0	0	85	35
A_NA	1349	86	G	0	0	86	35
A_NA	1350	100	T	0	0	100	35
A_NA	1351	103	G	0	0	103	35
A_NA	1352	106	A	0	0	106	35
A_NA	1353	90	C	0	0	90	35
A_NA	1354	94	A	0	0	94	35
A_NA	1355	90	C	0	0	90	35
A_NA	1356	107	T	0	0	107	35
A_NA	1357	101	G	0	0	101	35
A_NA	1358	105	T	0	0	105	35
A_NA	1359	86	G	0	0	86	35
A_NA	1360	91	G	0	0	91	35
A_NA	1361	90	G	0	0	90	35
A_NA	1362	104	T	0	0	104	35
A_NA	1363	88	T	0	0	88	35
A_NA	1364	94	G	0	0	94	35
A_NA	1365	99	G	0	0	99	35
A_NA	1366	106	T	0	0	106	35
A_NA	1367	113	C	0	0	113	35
A_NA	1368	96	T	0	0	96	35
A_NA	1369	88	T	0	0	88	35
A_NA	1370	115	G	0	0	115	35
A_NA	1371	85	G	0	0	85	35
A_NA	1372	96	C	0	0	96	35
A_NA	1373	113	C	0	0	113	35
A_NA	1374	85	A	0	0	85	35
A_NA	1375	110	G	0	0	110	35
A_NA	1376	93	A	0	0	93	35
A_NA	1377	106	C	0	0	106	35
A_NA	1378	105	G	0	0	105	35
A_NA	1379	98	G	0	0	98	35
A_NA	1380	115	T	0	0	115	35
A_NA	1381	88	G	0	0	88	35
A_NA	1382	99	C	0	0	99	35
A_NA	1383	106	T	0	0	106	35
A_NA	1384	89	G	0	0	89	35
A_NA	1385	98	A	0	0	98	35
A_NA	1386	97	G	0	0	97	35
A_NA	1387	111	T	0	0	111	35
A_NA	1388	92	T	0	0	92	35
A_NA	1389	96	G	0	0	96	35
A_NA	1390	106	C	0	0	106	35
A_NA	1391	113	C	0	0	113	35
A_NA	1392	89	A	0	0	89	35
A_NA	1393	96	T	0	0	96	35
A_NA	1394	99	T	0	0	99	35
A_NA	1395	112	C	0	0	112	35
A_NA	1396	114	A	0	0	114	35
A_NA	1397	95	C	0	0	95	35
A_NA	1398	87	C	0	0	87	35
A_NA	1399	105	A	0	0	105	35
A_NA	1400	85	T	0	0	85	35
A_NA	1401	94	T	0	0	94	35
A_NA	1402	112	G	0	0	112	35
A_NA	1403	85	A	0	0	85	35
A_NA	1404	91	C	0	0	91	35
A_NA	1405	95	A	0	0	95	35
A_NA	1406	115	A	0	0	115	35
A_NA	1407	97	G	0	0	97	35
A_NA	1408	111	T	0	0	111	35
A_NA	1409	91	A	0	0	91	35
A_NA	1410	110	G	0	0	110	35
