Reference_Name	Position	Coverage Depth	Consensus	Deletions	Ambiguous	Consensus_Count	Consensus_Average_Quality
A_NS	1	106	A	0	0	106	35
A_NS	2	109	T	0	0	109	35
A_NS	3	93	G	0	0	93	35
A_NS	4	101	G	0	0	101	35
A_NS	5	95	A	0	0	95	35
A_NS	6	93	T	0	0	93	35
A_NS	7	111	T	0	0	111	35
A_NS	8	97	C	0	0	97	35
A_NS	9	93	C	0	0	93	35
A_NS	10	98	A	0	0	98	35
A_NS	11	97	A	0	0	97	35
A_NS	12	106	C	0	0	106	35
A_NS	13	114	A	0	0	114	35
A_NS	14	85	C	0	0	85	35
A_NS	15	99	G	0	0	99	35
A_NS	16	88	A	0	0	88	35
A_NS	17	106	T	0	0	106	35
A_NS	18	92	A	0	0	92	35
A_NS	19	107	A	0	0	107	35
A_NS	20	85	C	0	0	85	35
A_NS	21	98	C	0	0	98	35
A_NS	22	85	T	0	0	85	35
A_NS	23	107	C	0	0	107	35
A_NS	24	96	G	0	0	96	35
A_NS	25	87	T	0	0	87	35
A_NS	26	94	T	0	0	94	35
A_NS	27	85	C	0	0	85	35
A_NS	28	104	C	0	0	104	35
A_NS	29	97	A	0	0	97	35
A_NS	30	109	G	0	0	109	35
A_NS	31	93	G	0	0	93	35
A_NS	32	106	T	0	0	106	35
A_NS	33	108	A	0	0	108	35
A_NS	34	100	G	0	0	100	35
A_NS	35	101	A	0	0	101	35
A_NS	36	97	T	0	0	97	35
A_NS	37	102	T	0	0	102	35
A_NS	38	86	G	0	0	86	35
A_NS	39	103	C	0	0	103	35
A_NS	40	113	T	0	0	113	35
A_NS	41	85	A	0	0	85	35
A_NS	42	107	T	0	0	107	35
A_NS	43	86	C	0	0	86	35
A_NS	44	99	T	0	0	99	35
A_NS	45	105	A	0	0	105	35
A_NS	46	97	T	0	0	97	35
A_NS	47	102	G	0	0	102	35
A_NS	48	91	G	0	0	91	35
A_NS	49	87	C	0	0	87	35
A_NS	50	87	A	0	0	87	35
A_NS	51	90	C	0	0	90	35
A_NS	52	113	A	0	0	113	35
A_NS	53	107	T	0	0	107	35
A_NS	54	86	A	0	0	86	35
A_NS	55	90	A	0	0	90	35
A_NS	56	90	G	0	0	90	35
A_NS	57	107	A	0	0	107	35
A_NS	58	114	A	0	0	114	35
A_NS	59	108	A	0	0	108	35
A_NS	60	92	G	0	0	92	35
A_NS	61	111	C	0	0	111	35
A_NS	62	108	T	0	0	108	35
A_NS	63	112	G	0	0	112	35
A_NS	64	86	C	0	0	86	35
A_NS	65	104	T	0	0	104	35
A_NS	66	88	C	0	0	88	35
A_NS	67	113	A	0	0	113	35
A_NS	68	108	G	0	0	108	35
A_NS	69	103	C	0	0	103	35
A_NS	70	102	A	0	0	102	35
A_NS	71	115	T	0	0	115	35
A_NS	72	115	G	0	0	115	35
A_NS	73	87	A	0	0	87	35
A_NS	74	102	G	0	0	102	35
A_NS	75	114	A	0	0	114	35
A_NS	76	94	G	0	0	94	35
A_NS	77	86	A	0	0	86	35
A_NS	78	89	C	0	0	89	35
A_NS	79	113	A	0	0	113	35
A_NS	80	99	T	0	0	99	35
A_NS	81	106	G	0	0	106	35
A_NS	82	100	T	0	0	100	35
A_NS	83	114	G	0	0	114	35
A_NS	84	95	T	0	0	95	35
A_NS	85	94	G	0	0	94	35
A_NS	86	86	A	0	0	86	35
A_NS	87	96	T	0	0	96	35
A_NS	88	89	G	0	0	89	35
A_NS	89	101	C	0	0	101	35
A_NS	90	115	T	0	0	115	35
A_NS	91	94	C	0	0	94	35
A_NS	92	105	C	0	0	105	35
A_NS	93	97	C	0	0	97	35
A_NS	94	93	T	0	0	93	35
A_NS	95	90	T	0	0	90	35
A_NS	96	108	T	0	0	108	35
A_NS	97	103	G	0	0	103	35
A_NS	98	103	A	0	0	103	35
A_NS	99	106	T	0	0	106	35
A_NS	100	90	G	0	0	90	35
A_NS	101	107	A	0	0	107	35
A_NS	102	88	T	0	0	88	35
A_NS	103	112	A	0	0	112	35
A_NS	104	108	G	0	0	108	35
A_NS	105	108	A	0	0	108	35
A_NS	106	89	C	0	0	89	35
A_NS	107	100	T	0	0	100	35
A_NS	108	86	C	0	0	86	35
A_NS	109	108	A	0	0	108	35
A_NS	110	106	G	0	0	106	35
A_NS	111	105	A	0	0	105	35
A_NS	112	96	A	0	0	96	35
A_NS	113	113	G	0	0	113	35
A_NS	114	94	A	0	0	94	35
A_NS	115	108	G	0	0	108	35
A_NS	116	99	A	0	0	99	35
A_NS	117	110	T	0	0	110	35
A_NS	118	110	C	0	0	110	35
A_NS	119	96	A	0	0	96	35
A_NS	120	107	G	0	0	107	35
A_NS	121	112	A	0	0	112	35
A_NS	122	108	A	0	0	108	35
A_NS	123	86	G	0	0	86	35
A_NS	124	112	G	0	0	112	35
A_NS	125	94	C	0	0	94	35
A_NS	126	111	A	0	0	111	35
A_NS	127	98	T	0	0	98	35
A_NS	128	99	T	0	0	99	35
A_NS	129	114	A	0	0	114	35
A_NS	130	100	A	0	0	100	35
A_NS	131	101	A	0	0	101	35
A_NS	132	102	G	0	0	102	35
A_NS	133	94	G	0	0	94	35
A_NS	134	87	G	0	0	87	35
A_NS	135	115	A	0	0	115	35
A_NS	136	87	A	0	0	87	35
A_NS	137	115	G	0	0	115	35
A_NS	138	89	A	0	0	89	35
A_NS	139	103	G	0	0	103	35
A_NS	140	94	G	0	0	94	35
A_NS	141	106	C	0	0	106	35
A_NS	142	95	A	0	0	95	35
A_NS	143	110	G	0	0	110	35
A_NS	144	106	C	0	0	106	35
A_NS	145	93	A	0	0	93	35
A_NS	146	115	C	0	0	115	35
A_NS	147	114	A	0	0	114	35
A_NS	148	98	C	0	0	98	35
A_NS	149	103	T	0	0	103	35
A_NS	150	102	T	0	0	102	35
A_NS	151	92	G	0	0	92	35
A_NS	152	102	G	0	0	102	35
A_NS	153	85	A	0	0	85	35
A_NS	154	85	C	0	0	85	35
A_NS	155	100	T	0	0	100	35
A_NS	156	113	C	0	0	113	35
A_NS	157	111	G	0	0	111	35
A_NS	158	87	A	0	0	87	35
A_NS	159	115	C	0	0	115	35
A_NS	160	107	C	0	0	107	35
A_NS	161	88	T	0	0	88	35
A_NS	162	106	G	0	0	106	35
A_NS	163	91	C	0	0	91	35
A_NS	164	108	G	0	0	108	35
A_NS	165	105	A	0	0	105	35
A_NS	166	90	G	0	0	90	35
A_NS	167	92	T	0	0	92	35
A_NS	168	114	G	0	0	114	35
A_NS	169	90	G	0	0	90	35
A_NS	170	108	C	0	0	108	35
A_NS	171	103	C	0	0	103	35
A_NS	172	97	A	0	0	97	35
A_NS	173	90	C	0	0	90	35
A_NS	174	94	A	0	0	94	35
A_NS	175	91	A	0	0	91	35
A_NS	176	108	T	0	0	108	35
A_NS	177	85	G	0	0	85	35
A_NS	178	96	G	0	0	96	35
A_NS	179	91	A	0	0	91	35
A_NS	180	100	G	0	0	100	35
A_NS	181	112	G	0	0	112	35
A_NS	182	94	G	0	0	94	35
A_NS	183	96	C	0	0	96	35
A_NS	184	89	A	0	0	89	35
A_NS	185	101	A	0	0	101	35
A_NS	186	97	A	0	0	97	35
A_NS	187	94	A	0	0	94	35
A_NS	188	100	A	0	0	100	35
A_NS	189	101	G	0	0	101	35
A_NS	190	90	A	0	0	90	35
A_NS	191	94	T	0	0	94	35
A_NS	192	98	T	0	0	98	35
A_NS	193	86	G	0	0	86	35
A_NS	194	87	T	0	0	87	35
A_NS	195	106	T	0	0	106	35
A_NS	196	90	G	0	0	90	35
A_NS	197	90	A	0	0	90	35
A_NS	198	114	G	0	0	114	35
A_NS	199	96	G	0	0	96	35
A_NS	200	94	A	0	0	94	35
A_NS	201	89	C	0	0	89	35
A_NS	202	97	A	0	0	97	35
A_NS	203	92	T	0	0	92	35
A_NS	204	108	C	0	0	108	35
A_NS	205	113	C	0	0	113	35
A_NS	206	97	T	0	0	97	35
A_NS	207	114	A	0	0	114	35
A_NS	208	87	A	0	0	87	35
A_NS	209	94	A	0	0	94	35
A_NS	210	106	G	0	0	106	35
A_NS	211	90	A	0	0	90	35
A_NS	212	111	G	0	0	111	35
A_NS	213	110	T	0	0	110	35
A_NS	214	88	G	0	0	88	35
A_NS	215	93	A	0	0	93	35
A_NS	216	110	A	0	0	110	35
A_NS	217	109	A	0	0	109	35
A_NS	218	105	C	0	0	105	35
A_NS	219	106	G	0	0	106	35
A_NS	220	100	G	0	0	100	35
A_NS	221	88	A	0	0	88	35
A_NS	222	95	T	0	0	95	35
A_NS	223	90	G	0	0	90	35
A_NS	224	114	A	0	0	114	35
A_NS	225	85	A	0	0	85	35
A_NS	226	106	A	0	0	106	35
A_NS	227	94	A	0	0	94	35
A_NS	228	101	C	0	0	101	35
A_NS	229	108	C	0	0	108	35
A_NS	230	105	T	0	0	105	35
A_NS	231	103	C	0	0	103	35
A_NS	232	96	A	0	0	96	35
A_NS	233	109	A	0	0	109	35
A_NS	234	98	A	0	0	98	35
A_NS	235	110	A	0	0	110	35
A_NS	236	102	T	0	0	102	35
A_NS	237	93	T	0	0	93	35
A_NS	238	113	G	0	0	113	35
A_NS	239	91	C	0	0	91	35
A_NS	240	85	A	0	0	85	35
A_NS	241	92	A	0	0	92	35
A_NS	242	90	T	0	0	90	35
A_NS	243	91	T	0	0	91	35
A_NS	244	89	G	0	0	89	35
A_NS	245	91	C	0	0	91	35
A_NS	246	108	G	0	0	108	35
A_NS	247	90	T	0	0	90	35
A_NS	248	91	C	0	0	91	35
A_NS	249	104	C	0	0	104	35
A_NS	250	85	A	0	0	85	35
A_NS	251	90	G	0	0	90	35
A_NS	252	98	C	0	0	98	35
A_NS	253	113	C	0	0	113	35
A_NS	254	95	C	0	0	95	35
A_NS	255	96	T	0	0	96	35
A_NS	256	113	G	0	0	113	35
A_NS	257	110	T	0	0	110	35
A_NS	258	115	T	0	0	115	35
A_NS	259	109	C	0	0	109	35
A_NS	260	109	C	0	0	109	35
A_NS	261	93	T	0	0	93	35
A_NS	262	114	C	0	0	114	35
A_NS	263	115	G	0	0	115	35
A_NS	264	95	G	0	0	95	35
A_NS	265	96	T	0	0	96	35
A_NS	266	102	A	0	0	102	35
A_NS	267	103	C	0	0	103	35
A_NS	268	93	A	0	0	93	35
A_NS	269	91	T	0	0	91	35
A_NS	270	107	C	0	0	107	35
A_NS	271	112	A	0	0	112	35
A_NS	272	111	C	0	0	111	35
A_NS	273	96	T	0	0	96	35
A_NS	274	107	G	0	0	107	35
A_NS	275	97	A	0	0	97	35
A_NS	276	99	T	0	0	99	35
A_NS	277	101	A	0	0	101	35
A_NS	278	107	T	0	0	107	35
A_NS	279	85	G	0	0	85	35
A_NS	280	113	A	0	0	113	35
A_NS	281	110	G	0	0	110	35
A_NS	282	112	C	0	0	112	35
A_NS	283	89	A	0	0	89	35
A_NS	284	106	T	0	0	106	35
A_NS	285	115	A	0	0	115	35
A_NS	286	90	G	0	0	90	35
A_NS	287	85	A	0	0	85	35
A_NS	288	91	G	0	0	91	35
A_NS	289	110	G	0	0	110	35
A_NS	290	100	A	0	0	100	35
A_NS	291	99	A	0	0	99	35
A_NS	292	103	A	0	0	103	35
A_NS	293	87	T	0	0	87	35
A_NS	294	111	A	0	0	111	35
A_NS	295	110	A	0	0	110	35
A_NS	296	90	G	0	0	90	35
A_NS	297	102	C	0	0	102	35
A_NS	298	101	A	0	0	101	35
A_NS	299	102	G	0	0	102	35
A_NS	300	91	G	0	0	91	35
A_NS	301	95	G	0	0	95	35
A_NS	302	107	A	0	0	107	35
A_NS	303	101	G	0	0	101	35
A_NS	304	108	T	0	0	108	35
A_NS	305	101	G	0	0	101	35
A_NS	306	97	G	0	0	97	35
A_NS	307	94	T	0	0	94	35
A_NS	308	101	A	0	0	101	35
A_NS	309	100	C	0	0	100	35
A_NS	310	105	A	0	0	105	35
A_NS	311	87	T	0	0	87	35
A_NS	312	90	G	0	0	90	35
A_NS	313	100	C	0	0	100	35
A_NS	314	108	T	0	0	108	35
A_NS	315	92	C	0	0	92	35
A_NS	316	113	A	0	0	113	35
A_NS	317	98	T	0	0	98	35
A_NS	318	94	G	0	0	94	35
A_NS	319	87	C	0	0	87	35
A_NS	320	91	C	0	0	91	35
A_NS	321	115	A	0	0	115	35
A_NS	322	100	A	0	0	100	35
A_NS	323	102	G	0	0	102	35
A_NS	324	109	G	0	0	109	35
A_NS	325	93	C	0	0	93	35
A_NS	326	104	A	0	0	104	35
A_NS	327	111	G	0	0	111	35
A_NS	328	104	A	0	0	104	35
A_NS	329	110	A	0	0	110	35
A_NS	330	104	A	0	0	104	35
A_NS	331	97	A	0	0	97	35
A_NS	332	101	T	0	0	101	35
A_NS	333	85	A	0	0	85	35
A_NS	334	85	A	0	0	85	35
A_NS	335	94	C	0	0	94	35
A_NS	336	102	A	0	0	102	35
A_NS	337	91	G	0	0	91	35
A_NS	338	91	G	0	0	91	35
A_NS	339	89	G	0	0	89	35
A_NS	340	101	G	0	0	101	35
A_NS	341	97	G	0	0	97	35
A_NS	342	95	T	0	0	95	35
A_NS	343	110	C	0	0	110	35
A_NS	344	92	T	0	0	92	35
A_NS	345	96	G	0	0	96	35
A_NS	346	94	A	0	0	94	35
A_NS	347	105	T	0	0	105	35
A_NS	348	100	G	0	0	100	35
A_NS	349	90	G	0	0	90	35
A_NS	350	86	T	0	0	86	35
A_NS	351	100	G	0	0	100	35
A_NS	352	101	A	0	0	101	35
A_NS	353	111	A	0	0	111	35
A_NS	354	96	A	0	0	96	35
A_NS	355	93	A	0	0	93	35
A_NS	356	103	T	0	0	103	35
A_NS	357	89	G	0	0	89	35
A_NS	358	109	G	0	0	109	35
A_NS	359	88	A	0	0	88	35
A_NS	360	98	T	0	0	98	35
A_NS	361	108	C	0	0	108	35
A_NS	362	107	A	0	0	107	35
A_NS	363	88	G	0	0	88	35
A_NS	364	114	G	0	0	114	35
A_NS	365	100	C	0	0	100	35
A_NS	366	87	C	0	0	87	35
A_NS	367	114	A	0	0	114	35
A_NS	368	93	T	0	0	93	35
A_NS	369	88	C	0	0	88	35
A_NS	370	106	A	0	0	106	35
A_NS	371	98	T	0	0	98	35
A_NS	372	89	G	0	0	89	35
A_NS	373	91	G	0	0	91	35
A_NS	374	95	A	0	0	95	35
A_NS	375	114	C	0	0	114	35
A_NS	376	88	A	0	0	88	35
A_NS	377	95	A	0	0	95	35
A_NS	378	114	G	0	0	114	35
A_NS	379	101	A	0	0	101	35
A_NS	380	115	G	0	0	115	35
A_NS	381	85	G	0	0	85	35
A_NS	382	107	A	0	0	107	35
A_NS	383	101	T	0	0	101	35
A_NS	384	107	A	0	0	107	35
A_NS	385	103	A	0	0	103	35
A_NS	386	111	T	0	0	111	35
A_NS	387	86	A	0	0	86	35
A_NS	388	115	C	0	0	115	35
A_NS	389	88	T	0	0	88	35
A_NS	390	88	C	0	0	88	35
A_NS	391	93	A	0	0	93	35
A_NS	392	115	A	0	0	115	35
A_NS	393	95	G	0	0	95	35
A_NS	394	85	G	0	0	85	35
A_NS	395	106	C	0	0	106	35
A_NS	396	101	A	0	0	101	35
A_NS	397	108	A	0	0	108	35
A_NS	398	95	A	0	0	95	35
A_NS	399	88	C	0	0	88	35
A_NS	400	91	T	0	0	91	35
A_NS	401	85	T	0	0	85	35
A_NS	402	109	C	0	0	109	35
A_NS	403	115	T	0	0	115	35
A_NS	404	93	C	0	0	93	35
A_NS	405	97	T	0	0	97	35
A_NS	406	91	G	0	0	91	35
A_NS	407	105	T	0	0	105	35
A_NS	408	115	C	0	0	115	35
A_NS	409	93	C	0	0	93	35
A_NS	410	90	T	0	0	90	35
A_NS	411	101	A	0	0	101	35
A_NS	412	110	T	0	0	110	35
A_NS	413	114	T	0	0	114	35
A_NS	414	112	T	0	0	112	35
A_NS	415	92	A	0	0	92	35
A_NS	416	92	A	0	0	92	35
A_NS	417	104	T	0	0	104	35
A_NS	418	113	C	0	0	113	35
A_NS	419	88	A	0	0	88	35
A_NS	420	98	A	0	0	98	35
A_NS	421	94	C	0	0	94	35
A_NS	422	110	T	0	0	110	35
A_NS	423	112	G	0	0	112	35
A_NS	424	113	G	0	0	113	35
A_NS	425	86	A	0	0	86	35
A_NS	426	86	A	0	0	86	35
A_NS	427	96	A	0	0	96	35
A_NS	428	111	C	0	0	111	35
A_NS	429	95	A	0	0	95	35
A_NS	430	109	T	0	0	109	35
A_NS	431	115	T	0	0	115	35
A_NS	432	104	A	0	0	104	35
A_NS	433	85	G	0	0	85	35
A_NS	434	97	T	0	0	97	35
A_NS	435	86	C	0	0	86	35
A_NS	436	103	T	0	0	103	35
A_NS	437	109	C	0	0	109	35
A_NS	438	100	A	0	0	100	35
A_NS	439	97	C	0	0	97	35
A_NS	440	93	T	0	0	93	35
A_NS	441	98	G	0	0	98	35
A_NS	442	113	A	0	0	113	35
A_NS	443	93	G	0	0	93	35
A_NS	444	86	G	0	0	86	35
A_NS	445	104	G	0	0	104	35
A_NS	446	115	C	0	0	115	35
A_NS	447	92	T	0	0	92	35
A_NS	448	104	T	0	0	104	35
A_NS	449	92	T	0	0	92	35
A_NS	450	111	C	0	0	111	35
A_NS	451	108	A	0	0	108	35
A_NS	452	106	C	0	0	106	35
A_NS	453	90	A	0	0	90	35
A_NS	454	85	G	0	0	85	35
A_NS	455	102	A	0	0	102	35
A_NS	456	115	A	0	0	115	35
A_NS	457	85	G	0	0	85	35
A_NS	458	99	A	0	0	99	35
A_NS	459	91	T	0	0	91	35
A_NS	460	110	G	0	0	110	35
A_NS	461	93	G	0	0	93	35
A_NS	462	96	C	0	0	96	35
A_NS	463	91	G	0	0	91	35
A_NS	464	103	C	0	0	103	35
A_NS	465	96	C	0	0	96	35
A_NS	466	101	A	0	0	101	35
A_NS	467	87	T	0	0	87	35
A_NS	468	102	T	0	0	102	35
A_NS	469	95	G	0	0	95	35
A_NS	470	104	T	0	0	104	35
A_NS	471	109	G	0	0	109	35
A_NS	472	101	G	0	0	101	35
A_NS	473	99	C	0	0	99	35
A_NS	474	114	T	0	0	114	35
A_NS	475	93	G	0	0	93	35
A_NS	476	96	A	0	0	96	35
A_NS	477	87	A	0	0	87	35
A_NS	478	100	A	0	0	100	35
A_NS	479	109	T	0	0	109	35
A_NS	480	102	A	0	0	102	35
A_NS	481	89	T	0	0	89	35
A_NS	482	93	C	0	0	93	35
A_NS	483	87	T	0	0	87	35
A_NS	484	108	C	0	0	108	35
A_NS	485	85	C	0	0	85	35
A_NS	486	113	T	0	0	113	35
A_NS	487	107	A	0	0	107	35
A_NS	488	102	T	0	0	102	35
A_NS	489	98	T	0	0	98	35
A_NS	490	114	C	0	0	114	35
A_NS	491	106	C	0	0	106	35
A_NS	492	112	T	0	0	112	35
A_NS	493	99	T	0	0	99	35
A_NS	494	102	C	0	0	102	35
A_NS	495	96	C	0	0	96	35
A_NS	496	106	A	0	0	106	35
A_NS	497	90	T	0	0	90	35
A_NS	498	111	G	0	0	111	35
A_NS	499	108	C	0	0	108	35
A_NS	500	105	C	0	0	105	35
A_NS	501	102	A	0	0	102	35
A_NS	502	99	G	0	0	99	35
A_NS	503	91	G	0	0	91	35
A_NS	504	98	A	0	0	98	35
A_NS	505	85	C	0	0	85	35
A_NS	506	98	A	0	0	98	35
A_NS	507	111	T	0	0	111	35
A_NS	508	104	T	0	0	104	35
A_NS	509	93	C	0	0	93	35
A_NS	510	86	T	0	0	86	35
A_NS	511	99	A	0	0	99	35
A_NS	512	111	C	0	0	111	35
A_NS	513	102	A	0	0	102	35
A_NS	514	85	G	0	0	85	35
A_NS	515	113	A	0	0	113	35
A_NS	516	101	G	0	0	101	35
A_NS	517	90	G	0	0	90	35
A_NS	518	111	A	0	0	111	35
A_NS	519	88	T	0	0	88	35
A_NS	520	97	G	0	0	97	35
A_NS	521	93	T	0	0	93	35
A_NS	522	87	C	0	0	87	35
A_NS	523	88	A	0	0	88	35
A_NS	524	110	A	0	0	110	35
A_NS	525	96	A	0	0	96	35
A_NS	526	88	A	0	0	88	35
A_NS	527	101	A	0	0	101	35
A_NS	528	104	T	0	0	104	35
A_NS	529	95	G	0	0	95	35
A_NS	530	94	C	0	0	94	35
A_NS	531	86	A	0	0	86	35
A_NS	532	101	A	0	0	101	35
A_NS	533	89	T	0	0	89	35
A_NS	534	109	T	0	0	109	35
A_NS	535	111	G	0	0	111	35
A_NS	536	87	G	0	0	87	35
A_NS	537	101	A	0	0	101	35
A_NS	538	100	A	0	0	100	35
A_NS	539	100	T	0	0	100	35
A_NS	540	105	C	0	0	105	35
A_NS	541	109	C	0	0	109	35
A_NS	542	100	T	0	0	100	35
A_NS	543	109	C	0	0	109	35
A_NS	544	94	A	0	0	94	35
A_NS	545	102	T	0	0	102	35
A_NS	546	104	C	0	0	104	35
A_NS	547	89	G	0	0	89	35
A_NS	548	88	G	0	0	88	35
A_NS	549	114	T	0	0	114	35
A_NS	550	107	G	0	0	107	35
A_NS	551	97	G	0	0	97	35
A_NS	552	98	A	0	0	98	35
A_NS	553	97	C	0	0	97	35
A_NS	554	99	T	0	0	99	35
A_NS	555	101	T	0	0	101	35
A_NS	556	87	G	0	0	87	35
A_NS	557	113	A	0	0	113	35
A_NS	558	93	A	0	0	93	35
A_NS	559	85	T	0	0	85	35
A_NS	560	89	G	0	0	89	35
A_NS	561	108	G	0	0	108	35
A_NS	562	100	A	0	0	100	35
A_NS	563	115	A	0	0	115	35
A_NS	564	91	T	0	0	91	35
A_NS	565	111	G	0	0	111	35
A_NS	566	98	A	0	0	98	35
A_NS	567	96	T	0	0	96	35
A_NS	568	96	A	0	0	96	35
A_NS	569	91	A	0	0	91	35
A_NS	570	104	C	0	0	104	35
A_NS	571	88	T	0	0	88	35
A_NS	572	113	C	0	0	113	35
A_NS	573	96	A	0	0	96	35
A_NS	574	92	A	0	0	92	35
A_NS	575	96	T	0	0	96	35
A_NS	576	103	T	0	0	103	35
A_NS	577	99	C	0	0	99	35
A_NS	578	101	G	0	0	101	35
A_NS	579	94	A	0	0	94	35
A_NS	580	102	G	0	0	102	35
A_NS	581	94	C	0	0	94	35
A_NS	582	107	G	0	0	107	35
A_NS	583	94	T	0	0	94	35
A_NS	584	94	C	0	0	94	35
A_NS	585	109	T	0	0	109	35
A_NS	586	91	G	0	0	91	35
A_NS	587	108	A	0	0	108	35
A_NS	588	92	A	0	0	92	35
A_NS	589	92	A	0	0	92	35
A_NS	590	98	A	0	0	98	35
A_NS	591	88	T	0	0	88	35
A_NS	592	100	A	0	0	100	35
A_NS	593	105	T	0	0	105	35
A_NS	594	98	A	0	0	98	35
A_NS	595	89	C	0	0	89	35
A_NS	596	113	A	0	0	113	35
A_NS	597	94	G	0	0	94	35
A_NS	598	86	A	0	0	86	35
A_NS	599	105	G	0	0	105	35
A_NS	600	91	A	0	0	91	35
A_NS	601	96	T	0	0	96	35
A_NS	602	99	T	0	0	99	35
A_NS	603	110	C	0	0	110	35
A_NS	604	115	G	0	0	115	35
A_NS	605	114	C	0	0	114	35
A_NS	606	93	T	0	0	93	35
A_NS	607	101	T	0	0	101	35
A_NS	608	95	G	0	0	95	35
A_NS	609	96	G	0	0	96	35
A_NS	610	98	G	0	0	98	35
A_NS	611	105	G	0	0	105	35
A_NS	612	91	A	0	0	91	35
A_NS	613	101	G	0	0	101	35
A_NS	614	97	T	0	0	97	35
A_NS	615	109	C	0	0	109	35
A_NS	616	103	C	0	0	103	35
A_NS	617	88	G	0	0	88	35
A_NS	618	104	T	0	0	104	35
A_NS	619	101	G	0	0	101	35
A_NS	620	112	A	0	0	112	35
A_NS	621	92	T	0	0	92	35
A_NS	622	85	G	0	0	85	35
A_NS	623	112	A	0	0	112	35
A_NS	624	113	G	0	0	113	35
A_NS	625	91	A	0	0	91	35
A_NS	626	112	A	0	0	112	35
A_NS	627	106	T	0	0	106	35
A_NS	628	92	G	0	0	92	35
A_NS	629	91	G	0	0	91	35
A_NS	630	87	G	0	0	87	35
A_NS	631	101	G	0	0	101	35
A_NS	632	114	G	0	0	114	35
A_NS	633	114	A	0	0	114	35
A_NS	634	107	C	0	0	107	35
A_NS	635	108	C	0	0	108	35
A_NS	636	109	T	0	0	109	35
A_NS	637	98	C	0	0	98	35
A_NS	638	101	C	0	0	101	35
A_NS	639	91	A	0	0	91	35
A_NS	640	114	C	0	0	114	35
A_NS	641	93	T	0	0	93	35
A_NS	642	102	C	0	0	102	35
A_NS	643	105	C	0	0	105	35
A_NS	644	111	C	0	0	111	35
A_NS	645	85	T	0	0	85	35
A_NS	646	108	C	0	0	108	35
A_NS	647	90	C	0	0	90	35
A_NS	648	103	A	0	0	103	35
A_NS	649	92	A	0	0	92	35
A_NS	650	109	A	0	0	109	35
A_NS	651	111	G	0	0	111	35
A_NS	652	95	C	0	0	95	35
A_NS	653	96	A	0	0	96	35
A_NS	654	89	G	0	0	89	35
A_NS	655	111	A	0	0	111	35
A_NS	656	92	A	0	0	92	35
A_NS	657	109	A	0	0	109	35
A_NS	658	109	C	0	0	109	35
A_NS	659	95	G	0	0	95	35
A_NS	660	107	C	0	0	107	35
A_NS	661	88	T	0	0	88	35
A_NS	662	111	A	0	0	111	35
A_NS	663	106	C	0	0	106	35
A_NS	664	90	A	0	0	90	35
A_NS	665	95	T	0	0	95	35
A_NS	666	107	G	0	0	107	35
A_NS	667	109	G	0	0	109	35
A_NS	668	94	C	0	0	94	35
A_NS	669	115	G	0	0	115	35
A_NS	670	108	A	0	0	108	35
A_NS	671	93	G	0	0	93	35
A_NS	672	92	A	0	0	92	35
A_NS	673	110	A	0	0	110	35
A_NS	674	94	G	0	0	94	35
A_NS	675	104	A	0	0	104	35
A_NS	676	110	G	0	0	110	35
A_NS	677	107	T	0	0	107	35
A_NS	678	113	T	0	0	113	35
A_NS	679	111	G	0	0	111	35
A_NS	680	108	A	0	0	108	35
A_NS	681	110	G	0	0	110	35
A_NS	682	97	T	0	0	97	35
A_NS	683	93	C	0	0	93	35
A_NS	684	103	A	0	0	103	35
A_NS	685	97	G	0	0	97	35
A_NS	686	114	A	0	0	114	35
A_NS	687	113	A	0	0	113	35
A_NS	688	108	G	0	0	108	35
A_NS	689	90	T	0	0	90	35
A_NS	690	110	T	0	0	110	35
A_NS	691	97	T	0	0	97	35
A_NS	692	102	G	0	0	102	35
A_NS	693	110	A	0	0	110	35
A_NS	694	100	A	0	0	100	35
A_NS	695	85	G	0	0	85	35
A_NS	696	94	A	0	0	94	35
A_NS	697	102	G	0	0	102	35
A_NS	698	108	A	0	0	108	35
A_NS	699	109	T	0	0	109	35
A_NS	700	85	C	0	0	85	35
A_NS	701	100	A	0	0	100	35
A_NS	702	85	G	0	0	85	35
A_NS	703	115	A	0	0	115	35
A_NS	704	95	T	0	0	95	35
A_NS	705	101	G	0	0	101	35
A_NS	706	109	G	0	0	109	35
A_NS	707	86	C	0	0	86	35
A_NS	708	93	T	0	0	93	35
A_NS	709	91	A	0	0	91	35
A_NS	710	109	A	0	0	109	35
A_NS	711	92	T	0	0	92	35
A_NS	712	98	T	0	0	98	35
A_NS	713	94	G	0	0	94	35
A_NS	714	113	C	0	0	113	35
A_NS	715	96	A	0	0	96	35
A_NS	716	92	G	0	0	92	35
A_NS	717	111	A	0	0	111	35
A_NS	718	85	G	0	0	85	35
A_NS	719	111	T	0	0	111	35
A_NS	720	108	G	0	0	108	35
A_NS	721	87	C	0	0	87	35
A_NS	722	104	A	0	0	104	35
A_NS	723	106	G	0	0	106	35
A_NS	724	87	A	0	0	87	35
A_NS	725	96	A	0	0	96	35
A_NS	726	85	A	0	0	85	35
A_NS	727	103	C	0	0	103	35
A_NS	728	87	A	0	0	87	35
A_NS	729	110	T	0	0	110	35
A_NS	730	86	A	0	0	86	35
A_NS	731	114	T	0	0	114	35
A_NS	732	102	T	0	0	102	35
A_NS	733	102	A	0	0	102	35
A_NS	734	89	A	0	0	89	35
A_NS	735	92	C	0	0	92	35
A_NS	736	104	C	0	0	104	35
A_NS	737	108	A	0	0	108	35
A_NS	738	111	A	0	0	111	35
A_NS	739	102	A	0	0	102	35
A_NS	740	110	A	0	0	110	35
A_NS	741	85	C	0	0	85	35
A_NS	742	88	T	0	0	88	35
A_NS	743	107	G	0	0	107	35
A_NS	744	113	A	0	0	113	35
A_NS	745	86	G	0	0	86	35
A_NS	746	105	A	0	0	105	35
A_NS	747	114	A	0	0	114	35
A_NS	748	102	C	0	0	102	35
A_NS	749	113	A	0	0	113	35
A_NS	750	108	G	0	0	108	35
A_NS	751	101	C	0	0	101	35
A_NS	752	98	T	0	0	98	35
A_NS	753	91	T	0	0	91	35
A_NS	754	114	C	0	0	114	35
A_NS	755	115	G	0	0	115	35
A_NS	756	100	A	0	0	100	35
A_NS	757	92	G	0	0	92	35
A_NS	758	104	C	0	0	104	35
A_NS	759	85	A	0	0	85	35
A_NS	760	87	G	0	0	87	35
A_NS	761	91	A	0	0	91	35
A_NS	762	106	T	0	0	106	35
A_NS	763	105	A	0	0	105	35
A_NS	764	96	A	0	0	96	35
A_NS	765	104	C	0	0	104	35
A_NS	766	105	G	0	0	105	35
A_NS	767	113	T	0	0	113	35
A_NS	768	99	T	0	0	99	35
A_NS	769	91	C	0	0	91	35
A_NS	770	93	T	0	0	93	35
A_NS	771	115	T	0	0	115	35
A_NS	772	86	G	0	0	86	35
A_NS	773	115	C	0	0	115	35
A_NS	774	91	A	0	0	91	35
A_NS	775	99	G	0	0	99	35
A_NS	776	105	G	0	0	105	35
A_NS	777	85	C	0	0	85	35
A_NS	778	97	A	0	0	97	35
A_NS	779	105	T	0	0	105	35
A_NS	780	96	T	0	0	96	35
A_NS	781	112	G	0	0	112	35
A_NS	782	95	C	0	0	95	35
A_NS	783	96	A	0	0	96	35
A_NS	784	93	A	0	0	93	35
A_NS	785	106	C	0	0	106	35
A_NS	786	98	T	0	0	98	35
A_NS	787	113	T	0	0	113	35
A_NS	788	110	T	0	0	110	35
A_NS	789	102	T	0	0	102	35
A_NS	790	111	A	0	0	111	35
A_NS	791	104	C	0	0	104	35
A_NS	792	111	T	0	0	111	35
A_NS	793	89	T	0	0	89	35
A_NS	794	113	G	0	0	113	35
A_NS	795	113	A	0	0	113	35
A_NS	796	89	G	0	0	89	35
A_NS	797	98	G	0	0	98	35
A_NS	798	91	T	0	0	91	35
A_NS	799	111	T	0	0	111	35
A_NS	800	98	G	0	0	98	35
A_NS	801	94	A	0	0	94	35
A_NS	802	101	G	0	0	101	35
A_NS	803	110	A	0	0	110	35
A_NS	804	106	G	0	0	106	35
A_NS	805	112	T	0	0	112	35
A_NS	806	110	G	0	0	110	35
A_NS	807	98	A	0	0	98	35
A_NS	808	102	G	0	0	102	35
A_NS	809	88	A	0	0	88	35
A_NS	810	100	T	0	0	100	35
A_NS	811	112	A	0	0	112	35
A_NS	812	112	A	0	0	112	35
A_NS	813	101	G	0	0	101	35
A_NS	814	108	G	0	0	108	35
A_NS	815	87	A	0	0	87	35
A_NS	816	97	C	0	0	97	35
A_NS	817	115	A	0	0	115	35
A_NS	818	90	T	0	0	90	35
A_NS	819	97	T	0	0	97	35
A_NS	820	111	T	0	0	111	35
A_NS	821	104	T	0	0	104	35
A_NS	822	102	C	0	0	102	35
A_NS	823	105	T	0	0	105	35
A_NS	824	101	T	0	0	101	35
A_NS	825	113	T	0	0	113	35
A_NS	826	110	T	0	0	110	35
A_NS	827	114	C	0	0	114	35
A_NS	828	103	A	0	0	103	35
A_NS	829	112	G	0	0	112	35
A_NS	830	104	C	0	0	104	35
A_NS	831	103	T	0	0	103	35
A_NS	832	96	T	0	0	96	35
A_NS	833	109	A	0	0	109	35
A_NS	834	111	T	0	0	111	35
A_NS	835	98	T	0	0	98	35
A_NS	836	115	T	0	0	115	35
A_NS	837	105	A	0	0	105	35
A_NS	838	102	G	0	0	102	35
