Reference_Name	Position	Coverage Depth	Consensus	Deletions	Ambiguous	Consensus_Count	Consensus_Average_Quality
A_PA	1	101	A	0	0	101	35
A_PA	2	87	T	0	0	87	35
A_PA	3	104	G	0	0	104	35
A_PA	4	93	G	0	0	93	35
A_PA	5	96	A	0	0	96	35
A_PA	6	89	A	0	0	89	35
A_PA	7	91	G	0	0	91	35
A_PA	8	106	A	0	0	106	35
A_PA	9	113	C	0	0	113	35
A_PA	10	105	T	0	0	105	35
A_PA	11	93	T	0	0	93	35
A_PA	12	100	T	0	0	100	35
A_PA	13	95	G	0	0	95	35
A_PA	14	111	T	0	0	111	35
A_PA	15	96	G	0	0	96	35
A_PA	16	100	C	0	0	100	35
A_PA	17	108	G	0	0	108	35
A_PA	18	99	A	0	0	99	35
A_PA	19	96	C	0	0	96	35
A_PA	20	100	A	0	0	100	35
A_PA	21	93	A	0	0	93	35
A_PA	22	111	T	0	0	111	35
A_PA	23	114	G	0	0	114	35
A_PA	24	114	C	0	0	114	35
A_PA	25	92	T	0	0	92	35
A_PA	26	89	T	0	0	89	35
A_PA	27	94	C	0	0	94	35
A_PA	28	106	A	0	0	106	35
A_PA	29	113	A	0	0	113	35
A_PA	30	93	T	0	0	93	35
A_PA	31	110	C	0	0	110	35
A_PA	32	92	C	0	0	92	35
A_PA	33	107	A	0	0	107	35
A_PA	34	115	A	0	0	115	35
A_PA	35	95	T	0	0	95	35
A_PA	36	115	G	0	0	115	35
A_PA	37	103	A	0	0	103	35
A_PA	38	114	T	0	0	114	35
A_PA	39	100	T	0	0	100	35
A_PA	40	85	G	0	0	85	35
A_PA	41	101	T	0	0	101	35
A_PA	42	92	C	0	0	92	35
A_PA	43	101	G	0	0	101	35
A_PA	44	112	A	0	0	112	35
A_PA	45	93	G	0	0	93	35
A_PA	46	102	C	0	0	102	35
A_PA	47	94	T	0	0	94	35
A_PA	48	90	T	0	0	90	35
A_PA	49	115	G	0	0	115	35
A_PA	50	105	C	0	0	105	35
A_PA	51	104	G	0	0	104	35
A_PA	52	88	G	0	0	88	35
A_PA	53	98	A	0	0	98	35
A_PA	54	112	A	0	0	112	35
A_PA	55	109	A	0	0	109	35
A_PA	56	87	A	0	0	87	35
A_PA	57	113	A	0	0	113	35
A_PA	58	91	G	0	0	91	35
A_PA	59	104	C	0	0	104	35
A_PA	60	97	A	0	0	97	35
A_PA	61	91	A	0	0	91	35
A_PA	62	94	T	0	0	94	35
A_PA	63	103	G	0	0	103	35
A_PA	64	107	A	0	0	107	35
A_PA	65	99	A	0	0	99	35
A_PA	66	106	A	0	0	106	35
A_PA	67	88	G	0	0	88	35
A_PA	68	110	A	0	0	110	35
A_PA	69	111	A	0	0	111	35
A_PA	70	100	T	0	0	100	35
A_PA	71	90	A	0	0	90	35
A_PA	72	106	T	0	0	106	35
A_PA	73	107	G	0	0	107	35
A_PA	74	91	G	0	0	91	35
A_PA	75	102	G	0	0	102	35
A_PA	76	109	G	0	0	109	35
A_PA	77	86	A	0	0	86	35
A_PA	78	109	A	0	0	109	35
A_PA	79	92	G	0	0	92	35
A_PA	80	101	A	0	0	101	35
A_PA	81	102	T	0	0	102	35
A_PA	82	99	C	0	0	99	35
A_PA	83	101	C	0	0	101	35
A_PA	84	107	G	0	0	107	35
A_PA	85	105	A	0	0	105	35
A_PA	86	108	A	0	0	108	35
A_PA	87	101	A	0	0	101	35
A_PA	88	106	A	0	0	106	35
A_PA	89	98	T	0	0	98	35
A_PA	90	106	C	0	0	106	35
A_PA	91	107	G	0	0	107	35
A_PA	92	96	A	0	0	96	35
A_PA	93	91	G	0	0	91	35
A_PA	94	112	A	0	0	112	35
A_PA	95	89	C	0	0	89	35
A_PA	96	94	A	0	0	94	35
A_PA	97	106	A	0	0	106	35
A_PA	98	88	A	0	0	88	35
A_PA	99	96	C	0	0	96	35
A_PA	100	86	A	0	0	86	35
A_PA	101	115	A	0	0	115	35
A_PA	102	111	A	0	0	111	35
A_PA	103	91	T	0	0	91	35
A_PA	104	101	T	0	0	101	35
A_PA	105	98	T	0	0	98	35
A_PA	106	90	G	0	0	90	35
A_PA	107	109	C	0	0	109	35
A_PA	108	86	C	0	0	86	35
A_PA	109	99	G	0	0	99	35
A_PA	110	107	C	0	0	107	35
A_PA	111	106	A	0	0	106	35
A_PA	112	97	A	0	0	97	35
A_PA	113	96	T	0	0	96	35
A_PA	114	96	A	0	0	96	35
A_PA	115	88	T	0	0	88	35
A_PA	116	107	G	0	0	107	35
A_PA	117	105	C	0	0	105	35
A_PA	118	113	A	0	0	113	35
A_PA	119	90	C	0	0	90	35
A_PA	120	109	A	0	0	109	35
A_PA	121	105	C	0	0	105	35
A_PA	122	88	A	0	0	88	35
A_PA	123	97	C	0	0	97	35
A_PA	124	104	T	0	0	104	35
A_PA	125	108	T	0	0	108	35
A_PA	126	98	A	0	0	98	35
A_PA	127	111	G	0	0	111	35
A_PA	128	92	A	0	0	92	35
A_PA	129	88	A	0	0	88	35
A_PA	130	89	G	0	0	89	35
A_PA	131	103	T	0	0	103	35
A_PA	132	107	C	0	0	107	35
A_PA	133	100	T	0	0	100	35
A_PA	134	85	G	0	0	85	35
A_PA	135	86	T	0	0	86	35
A_PA	136	85	T	0	0	85	35
A_PA	137	98	T	0	0	98	35
A_PA	138	97	C	0	0	97	35
A_PA	139	93	A	0	0	93	35
A_PA	140	99	T	0	0	99	35
A_PA	141	115	G	0	0	115	35
A_PA	142	108	T	0	0	108	35
A_PA	143	113	A	0	0	113	35
A_PA	144	86	T	0	0	86	35
A_PA	145	110	T	0	0	110	35
A_PA	146	106	C	0	0	106	35
A_PA	147	94	G	0	0	94	35
A_PA	148	100	G	0	0	100	35
A_PA	149	86	A	0	0	86	35
A_PA	150	114	T	0	0	114	35
A_PA	151	103	T	0	0	103	35
A_PA	152	103	T	0	0	103	35
A_PA	153	88	C	0	0	88	35
A_PA	154	111	C	0	0	111	35
A_PA	155	91	A	0	0	91	35
A_PA	156	110	T	0	0	110	35
A_PA	157	105	T	0	0	105	35
A_PA	158	96	T	0	0	96	35
A_PA	159	97	T	0	0	97	35
A_PA	160	94	A	0	0	94	35
A_PA	161	92	T	0	0	92	35
A_PA	162	91	T	0	0	91	35
A_PA	163	102	G	0	0	102	35
A_PA	164	93	A	0	0	93	35
A_PA	165	104	T	0	0	104	35
A_PA	166	98	G	0	0	98	35
A_PA	167	107	A	0	0	107	35
A_PA	168	99	A	0	0	99	35
A_PA	169	104	C	0	0	104	35
A_PA	170	90	G	0	0	90	35
A_PA	171	93	A	0	0	93	35
A_PA	172	98	G	0	0	98	35
A_PA	173	114	G	0	0	114	35
A_PA	174	99	C	0	0	99	35
A_PA	175	113	G	0	0	113	35
A_PA	176	112	A	0	0	112	35
A_PA	177	101	A	0	0	101	35
A_PA	178	86	T	0	0	86	35
A_PA	179	114	C	0	0	114	35
A_PA	180	89	A	0	0	89	35
A_PA	181	102	A	0	0	102	35
A_PA	182	107	T	0	0	107	35
A_PA	183	98	G	0	0	98	35
A_PA	184	89	A	0	0	89	35
A_PA	185	101	T	0	0	101	35
A_PA	186	112	T	0	0	112	35
A_PA	187	89	G	0	0	89	35
A_PA	188	97	T	0	0	97	35
A_PA	189	114	A	0	0	114	35
A_PA	190	96	G	0	0	96	35
A_PA	191	104	A	0	0	104	35
A_PA	192	93	A	0	0	93	35
A_PA	193	102	T	0	0	102	35
A_PA	194	101	C	0	0	101	35
A_PA	195	97	T	0	0	97	35
A_PA	196	101	G	0	0	101	35
A_PA	197	85	G	0	0	85	35
A_PA	198	96	C	0	0	96	35
A_PA	199	101	G	0	0	101	35
A_PA	200	105	A	0	0	105	35
A_PA	201	115	T	0	0	115	35
A_PA	202	101	C	0	0	101	35
A_PA	203	92	C	0	0	92	35
A_PA	204	85	A	0	0	85	35
A_PA	205	110	A	0	0	110	35
A_PA	206	105	A	0	0	105	35
A_PA	207	93	T	0	0	93	35
A_PA	208	88	G	0	0	88	35
A_PA	209	100	C	0	0	100	35
A_PA	210	114	A	0	0	114	35
A_PA	211	103	T	0	0	103	35
A_PA	212	94	T	0	0	94	35
A_PA	213	105	A	0	0	105	35
A_PA	214	98	T	0	0	98	35
A_PA	215	112	T	0	0	112	35
A_PA	216	88	G	0	0	88	35
A_PA	217	104	A	0	0	104	35
A_PA	218	89	A	0	0	89	35
A_PA	219	97	A	0	0	97	35
A_PA	220	108	C	0	0	108	35
A_PA	221	104	A	0	0	104	35
A_PA	222	91	C	0	0	91	35
A_PA	223	108	C	0	0	108	35
A_PA	224	110	G	0	0	110	35
A_PA	225	115	A	0	0	115	35
A_PA	226	110	T	0	0	110	35
A_PA	227	112	T	0	0	112	35
A_PA	228	96	T	0	0	96	35
A_PA	229	86	G	0	0	86	35
A_PA	230	86	A	0	0	86	35
A_PA	231	86	G	0	0	86	35
A_PA	232	112	A	0	0	112	35
A_PA	233	92	T	0	0	92	35
A_PA	234	95	A	0	0	95	35
A_PA	235	97	A	0	0	97	35
A_PA	236	91	T	0	0	91	35
A_PA	237	98	C	0	0	98	35
A_PA	238	110	G	0	0	110	35
A_PA	239	109	A	0	0	109	35
A_PA	240	85	A	0	0	85	35
A_PA	241	93	G	0	0	93	35
A_PA	242	110	G	0	0	110	35
A_PA	243	102	G	0	0	102	35
A_PA	244	101	A	0	0	101	35
A_PA	245	94	G	0	0	94	35
A_PA	246	106	A	0	0	106	35
A_PA	247	110	G	0	0	110	35
A_PA	248	105	A	0	0	105	35
A_PA	249	96	C	0	0	96	35
A_PA	250	112	C	0	0	112	35
A_PA	251	91	G	0	0	91	35
A_PA	252	86	A	0	0	86	35
A_PA	253	90	G	0	0	90	35
A_PA	254	90	C	0	0	90	35
A_PA	255	92	A	0	0	92	35
A_PA	256	112	A	0	0	112	35
A_PA	257	92	T	0	0	92	35
A_PA	258	110	G	0	0	110	35
A_PA	259	108	G	0	0	108	35
A_PA	260	88	C	0	0	88	35
A_PA	261	97	C	0	0	97	35
A_PA	262	113	T	0	0	113	35
A_PA	263	115	G	0	0	115	35
A_PA	264	99	G	0	0	99	35
A_PA	265	99	A	0	0	99	35
A_PA	266	100	C	0	0	100	35
A_PA	267	110	A	0	0	110	35
A_PA	268	98	G	0	0	98	35
A_PA	269	94	T	0	0	94	35
A_PA	270	90	G	0	0	90	35
A_PA	271	101	G	0	0	101	35
A_PA	272	86	T	0	0	86	35
A_PA	273	106	G	0	0	106	35
A_PA	274	108	A	0	0	108	35
A_PA	275	103	A	0	0	103	35
A_PA	276	108	T	0	0	108	35
A_PA	277	107	A	0	0	107	35
A_PA	278	90	G	0	0	90	35
A_PA	279	110	T	0	0	110	35
A_PA	280	90	A	0	0	90	35
A_PA	281	96	T	0	0	96	35
A_PA	282	96	C	0	0	96	35
A_PA	283	99	T	0	0	99	35
A_PA	284	87	G	0	0	87	35
A_PA	285	113	C	0	0	113	35
A_PA	286	110	A	0	0	110	35
A_PA	287	115	A	0	0	115	35
A_PA	288	89	C	0	0	89	35
A_PA	289	95	A	0	0	95	35
A_PA	290	89	C	0	0	89	35
A_PA	291	99	C	0	0	99	35
A_PA	292	113	A	0	0	113	35
A_PA	293	87	C	0	0	87	35
A_PA	294	100	A	0	0	100	35
A_PA	295	105	G	0	0	105	35
A_PA	296	85	G	0	0	85	35
A_PA	297	112	G	0	0	112	35
A_PA	298	97	G	0	0	97	35
A_PA	299	85	T	0	0	85	35
A_PA	300	97	C	0	0	97	35
A_PA	301	113	G	0	0	113	35
A_PA	302	95	A	0	0	95	35
A_PA	303	107	A	0	0	107	35
A_PA	304	101	A	0	0	101	35
A_PA	305	108	A	0	0	108	35
A_PA	306	108	G	0	0	108	35
A_PA	307	105	C	0	0	105	35
A_PA	308	103	C	0	0	103	35
A_PA	309	95	C	0	0	95	35
A_PA	310	109	A	0	0	109	35
A_PA	311	91	A	0	0	91	35
A_PA	312	105	A	0	0	105	35
A_PA	313	99	T	0	0	99	35
A_PA	314	110	T	0	0	110	35
A_PA	315	98	C	0	0	98	35
A_PA	316	107	C	0	0	107	35
A_PA	317	86	T	0	0	86	35
A_PA	318	90	C	0	0	90	35
A_PA	319	85	C	0	0	85	35
A_PA	320	87	C	0	0	87	35
A_PA	321	93	T	0	0	93	35
A_PA	322	98	G	0	0	98	35
A_PA	323	108	A	0	0	108	35
A_PA	324	100	T	0	0	100	35
A_PA	325	104	T	0	0	104	35
A_PA	326	89	T	0	0	89	35
A_PA	327	102	G	0	0	102	35
A_PA	328	85	T	0	0	85	35
A_PA	329	113	A	0	0	113	35
A_PA	330	104	T	0	0	104	35
A_PA	331	109	G	0	0	109	35
A_PA	332	93	A	0	0	93	35
A_PA	333	115	C	0	0	115	35
A_PA	334	111	T	0	0	111	35
A_PA	335	92	A	0	0	92	35
A_PA	336	115	C	0	0	115	35
A_PA	337	112	A	0	0	112	35
A_PA	338	106	A	0	0	106	35
A_PA	339	97	A	0	0	97	35
A_PA	340	105	G	0	0	105	35
A_PA	341	91	A	0	0	91	35
A_PA	342	107	G	0	0	107	35
A_PA	343	92	A	0	0	92	35
A_PA	344	94	A	0	0	94	35
A_PA	345	87	C	0	0	87	35
A_PA	346	87	C	0	0	87	35
A_PA	347	102	G	0	0	102	35
A_PA	348	115	A	0	0	115	35
A_PA	349	104	T	0	0	104	35
A_PA	350	91	T	0	0	91	35
A_PA	351	106	C	0	0	106	35
A_PA	352	109	A	0	0	109	35
A_PA	353	89	T	0	0	89	35
A_PA	354	98	T	0	0	98	35
A_PA	355	106	G	0	0	106	35
A_PA	356	85	A	0	0	85	35
A_PA	357	104	A	0	0	104	35
A_PA	358	112	A	0	0	112	35
A_PA	359	94	T	0	0	94	35
A_PA	360	109	T	0	0	109	35
A_PA	361	97	G	0	0	97	35
A_PA	362	102	G	0	0	102	35
A_PA	363	108	A	0	0	108	35
A_PA	364	91	G	0	0	91	35
A_PA	365	95	T	0	0	95	35
A_PA	366	111	A	0	0	111	35
A_PA	367	112	A	0	0	112	35
A_PA	368	114	C	0	0	114	35
A_PA	369	92	G	0	0	92	35
A_PA	370	93	C	0	0	93	35
A_PA	371	114	G	0	0	114	35
A_PA	372	90	A	0	0	90	35
A_PA	373	91	A	0	0	91	35
A_PA	374	85	G	0	0	85	35
A_PA	375	108	G	0	0	108	35
A_PA	376	93	G	0	0	93	35
A_PA	377	94	A	0	0	94	35
A_PA	378	97	A	0	0	97	35
A_PA	379	103	G	0	0	103	35
A_PA	380	85	T	0	0	85	35
A_PA	381	97	T	0	0	97	35
A_PA	382	102	C	0	0	102	35
A_PA	383	105	A	0	0	105	35
A_PA	384	98	C	0	0	98	35
A_PA	385	106	A	0	0	106	35
A_PA	386	113	T	0	0	113	35
A_PA	387	110	A	0	0	110	35
A_PA	388	93	T	0	0	93	35
A_PA	389	92	A	0	0	92	35
A_PA	390	114	C	0	0	114	35
A_PA	391	103	T	0	0	103	35
A_PA	392	93	A	0	0	93	35
A_PA	393	115	T	0	0	115	35
A_PA	394	113	T	0	0	113	35
A_PA	395	105	T	0	0	105	35
A_PA	396	93	A	0	0	93	35
A_PA	397	108	G	0	0	108	35
A_PA	398	86	A	0	0	86	35
A_PA	399	93	A	0	0	93	35
A_PA	400	99	A	0	0	99	35
A_PA	401	93	A	0	0	93	35
A_PA	402	101	A	0	0	101	35
A_PA	403	108	G	0	0	108	35
A_PA	404	115	C	0	0	115	35
A_PA	405	96	C	0	0	96	35
A_PA	406	89	A	0	0	89	35
A_PA	407	105	A	0	0	105	35
A_PA	408	115	C	0	0	115	35
A_PA	409	98	A	0	0	98	35
A_PA	410	96	A	0	0	96	35
A_PA	411	100	G	0	0	100	35
A_PA	412	87	A	0	0	87	35
A_PA	413	108	T	0	0	108	35
A_PA	414	92	A	0	0	92	35
A_PA	415	104	A	0	0	104	35
A_PA	416	115	A	0	0	115	35
A_PA	417	101	A	0	0	101	35
A_PA	418	87	T	0	0	87	35
A_PA	419	98	C	0	0	98	35
A_PA	420	106	A	0	0	106	35
A_PA	421	112	G	0	0	112	35
A_PA	422	89	A	0	0	89	35
A_PA	423	110	G	0	0	110	35
A_PA	424	93	A	0	0	93	35
A_PA	425	105	A	0	0	105	35
A_PA	426	101	A	0	0	101	35
A_PA	427	86	A	0	0	86	35
A_PA	428	86	C	0	0	86	35
A_PA	429	89	A	0	0	89	35
A_PA	430	90	C	0	0	90	35
A_PA	431	104	A	0	0	104	35
A_PA	432	86	T	0	0	86	35
A_PA	433	109	A	0	0	109	35
A_PA	434	102	T	0	0	102	35
A_PA	435	88	T	0	0	88	35
A_PA	436	90	C	0	0	90	35
A_PA	437	106	A	0	0	106	35
A_PA	438	112	C	0	0	112	35
A_PA	439	96	A	0	0	96	35
A_PA	440	101	T	0	0	101	35
A_PA	441	94	A	0	0	94	35
A_PA	442	85	T	0	0	85	35
A_PA	443	97	T	0	0	97	35
A_PA	444	92	C	0	0	92	35
A_PA	445	102	T	0	0	102	35
A_PA	446	93	C	0	0	93	35
A_PA	447	96	A	0	0	96	35
A_PA	448	89	T	0	0	89	35
A_PA	449	106	T	0	0	106	35
A_PA	450	90	C	0	0	90	35
A_PA	451	105	A	0	0	105	35
A_PA	452	111	C	0	0	111	35
A_PA	453	95	T	0	0	95	35
A_PA	454	105	G	0	0	105	35
A_PA	455	96	G	0	0	96	35
A_PA	456	94	A	0	0	94	35
A_PA	457	86	G	0	0	86	35
A_PA	458	91	A	0	0	91	35
A_PA	459	92	G	0	0	92	35
A_PA	460	100	G	0	0	100	35
A_PA	461	110	A	0	0	110	35
A_PA	462	112	A	0	0	112	35
A_PA	463	95	A	0	0	95	35
A_PA	464	100	T	0	0	100	35
A_PA	465	94	G	0	0	94	35
A_PA	466	100	G	0	0	100	35
A_PA	467	113	C	0	0	113	35
A_PA	468	92	C	0	0	92	35
A_PA	469	101	A	0	0	101	35
A_PA	470	89	C	0	0	89	35
A_PA	471	93	C	0	0	93	35
A_PA	472	88	A	0	0	88	35
A_PA	473	88	A	0	0	88	35
A_PA	474	113	G	0	0	113	35
A_PA	475	114	G	0	0	114	35
A_PA	476	111	C	0	0	111	35
A_PA	477	90	G	0	0	90	35
A_PA	478	92	G	0	0	92	35
A_PA	479	89	A	0	0	89	35
A_PA	480	110	C	0	0	110	35
A_PA	481	92	T	0	0	92	35
A_PA	482	93	A	0	0	93	35
A_PA	483	85	C	0	0	85	35
A_PA	484	96	A	0	0	96	35
A_PA	485	96	C	0	0	96	35
A_PA	486	91	C	0	0	91	35
A_PA	487	88	C	0	0	88	35
A_PA	488	89	T	0	0	89	35
A_PA	489	86	T	0	0	86	35
A_PA	490	97	G	0	0	97	35
A_PA	491	103	A	0	0	103	35
A_PA	492	86	T	0	0	86	35
A_PA	493	98	G	0	0	98	35
A_PA	494	105	A	0	0	105	35
A_PA	495	100	A	0	0	100	35
A_PA	496	100	G	0	0	100	35
A_PA	497	96	A	0	0	96	35
A_PA	498	105	G	0	0	105	35
A_PA	499	96	A	0	0	96	35
A_PA	500	110	G	0	0	110	35
A_PA	501	108	C	0	0	108	35
A_PA	502	92	A	0	0	92	35
A_PA	503	95	G	0	0	95	35
A_PA	504	97	A	0	0	97	35
A_PA	505	86	G	0	0	86	35
A_PA	506	98	C	0	0	98	35
A_PA	507	88	A	0	0	88	35
A_PA	508	85	A	0	0	85	35
A_PA	509	92	G	0	0	92	35
A_PA	510	114	A	0	0	114	35
A_PA	511	86	A	0	0	86	35
A_PA	512	114	T	0	0	114	35
A_PA	513	99	A	0	0	99	35
A_PA	514	109	A	0	0	109	35
A_PA	515	91	A	0	0	91	35
A_PA	516	94	A	0	0	94	35
A_PA	517	96	A	0	0	96	35
A_PA	518	105	C	0	0	105	35
A_PA	519	102	C	0	0	102	35
A_PA	520	109	A	0	0	109	35
A_PA	521	115	G	0	0	115	35
A_PA	522	97	A	0	0	97	35
A_PA	523	106	C	0	0	106	35
A_PA	524	105	T	0	0	105	35
A_PA	525	97	G	0	0	97	35
A_PA	526	99	T	0	0	99	35
A_PA	527	102	T	0	0	102	35
A_PA	528	92	C	0	0	92	35
A_PA	529	103	A	0	0	103	35
A_PA	530	110	C	0	0	110	35
A_PA	531	108	T	0	0	108	35
A_PA	532	93	A	0	0	93	35
A_PA	533	90	T	0	0	90	35
A_PA	534	106	A	0	0	106	35
A_PA	535	93	A	0	0	93	35
A_PA	536	106	G	0	0	106	35
A_PA	537	98	A	0	0	98	35
A_PA	538	97	C	0	0	97	35
A_PA	539	92	A	0	0	92	35
A_PA	540	115	A	0	0	115	35
A_PA	541	91	G	0	0	91	35
A_PA	542	109	A	0	0	109	35
A_PA	543	104	A	0	0	104	35
A_PA	544	89	A	0	0	89	35
A_PA	545	99	T	0	0	99	35
A_PA	546	108	G	0	0	108	35
A_PA	547	114	G	0	0	114	35
A_PA	548	89	C	0	0	89	35
A_PA	549	99	C	0	0	99	35
A_PA	550	114	A	0	0	114	35
A_PA	551	101	G	0	0	101	35
A_PA	552	93	T	0	0	93	35
A_PA	553	106	A	0	0	106	35
A_PA	554	88	G	0	0	88	35
A_PA	555	107	A	0	0	107	35
A_PA	556	114	G	0	0	114	35
A_PA	557	112	G	0	0	112	35
A_PA	558	107	T	0	0	107	35
A_PA	559	114	C	0	0	114	35
A_PA	560	107	T	0	0	107	35
A_PA	561	112	A	0	0	112	35
A_PA	562	103	T	0	0	103	35
A_PA	563	93	G	0	0	93	35
A_PA	564	95	G	0	0	95	35
A_PA	565	93	G	0	0	93	35
A_PA	566	103	A	0	0	103	35
A_PA	567	115	T	0	0	115	35
A_PA	568	115	T	0	0	115	35
A_PA	569	110	C	0	0	110	35
A_PA	570	95	C	0	0	95	35
A_PA	571	112	T	0	0	112	35
A_PA	572	93	T	0	0	93	35
A_PA	573	114	T	0	0	114	35
A_PA	574	106	C	0	0	106	35
A_PA	575	110	G	0	0	110	35
A_PA	576	87	T	0	0	87	35
A_PA	577	111	C	0	0	111	35
A_PA	578	88	A	0	0	88	35
A_PA	579	102	A	0	0	102	35
A_PA	580	115	T	0	0	115	35
A_PA	581	106	C	0	0	106	35
A_PA	582	102	C	0	0	102	35
A_PA	583	109	G	0	0	109	35
A_PA	584	109	A	0	0	109	35
A_PA	585	114	G	0	0	114	35
A_PA	586	97	A	0	0	97	35
A_PA	587	94	G	0	0	94	35
A_PA	588	95	A	0	0	95	35
A_PA	589	101	G	0	0	101	35
A_PA	590	90	G	0	0	90	35
A_PA	591	107	C	0	0	107	35
A_PA	592	90	G	0	0	90	35
A_PA	593	99	A	0	0	99	35
A_PA	594	96	A	0	0	96	35
A_PA	595	86	G	0	0	86	35
A_PA	596	114	A	0	0	114	35
A_PA	597	110	G	0	0	110	35
A_PA	598	101	A	0	0	101	35
A_PA	599	111	C	0	0	111	35
A_PA	600	86	A	0	0	86	35
A_PA	601	98	A	0	0	98	35
A_PA	602	101	T	0	0	101	35
A_PA	603	89	T	0	0	89	35
A_PA	604	109	G	0	0	109	35
A_PA	605	90	A	0	0	90	35
A_PA	606	86	A	0	0	86	35
A_PA	607	101	G	0	0	101	35
A_PA	608	88	A	0	0	88	35
A_PA	609	108	A	0	0	108	35
A_PA	610	113	A	0	0	113	35
A_PA	611	107	G	0	0	107	35
A_PA	612	100	A	0	0	100	35
A_PA	613	109	T	0	0	109	35
A_PA	614	110	T	0	0	110	35
A_PA	615	88	T	0	0	88	35
A_PA	616	97	G	0	0	97	35
A_PA	617	92	A	0	0	92	35
A_PA	618	93	A	0	0	93	35
A_PA	619	114	A	0	0	114	35
A_PA	620	107	T	0	0	107	35
A_PA	621	101	C	0	0	101	35
A_PA	622	101	A	0	0	101	35
A_PA	623	86	C	0	0	86	35
A_PA	624	107	A	0	0	107	35
A_PA	625	97	G	0	0	97	35
A_PA	626	105	G	0	0	105	35
A_PA	627	97	A	0	0	97	35
A_PA	628	89	A	0	0	89	35
A_PA	629	101	C	0	0	101	35
A_PA	630	108	C	0	0	108	35
A_PA	631	104	A	0	0	104	35
A_PA	632	96	T	0	0	96	35
A_PA	633	89	G	0	0	89	35
A_PA	634	105	C	0	0	105	35
A_PA	635	89	G	0	0	89	35
A_PA	636	95	C	0	0	95	35
A_PA	637	99	A	0	0	99	35
A_PA	638	103	G	0	0	103	35
A_PA	639	111	G	0	0	111	35
A_PA	640	113	C	0	0	113	35
A_PA	641	87	T	0	0	87	35
A_PA	642	97	T	0	0	97	35
A_PA	643	93	G	0	0	93	35
A_PA	644	110	C	0	0	110	35
A_PA	645	109	C	0	0	109	35
A_PA	646	103	G	0	0	103	35
A_PA	647	106	A	0	0	106	35
A_PA	648	106	C	0	0	106	35
A_PA	649	96	C	0	0	96	35
A_PA	650	99	A	0	0	99	35
A_PA	651	112	A	0	0	112	35
A_PA	652	109	A	0	0	109	35
A_PA	653	103	G	0	0	103	35
A_PA	654	108	T	0	0	108	35
A_PA	655	108	C	0	0	108	35
A_PA	656	96	T	0	0	96	35
A_PA	657	107	T	0	0	107	35
A_PA	658	110	C	0	0	110	35
A_PA	659	102	C	0	0	102	35
A_PA	660	113	A	0	0	113	35
A_PA	661	85	C	0	0	85	35
A_PA	662	96	C	0	0	96	35
A_PA	663	100	G	0	0	100	35
A_PA	664	90	A	0	0	90	35
A_PA	665	90	A	0	0	90	35
A_PA	666	86	C	0	0	86	35
A_PA	667	94	T	0	0	94	35
A_PA	668	109	T	0	0	109	35
A_PA	669	87	C	0	0	87	35
A_PA	670	104	T	0	0	104	35
A_PA	671	93	C	0	0	93	35
A_PA	672	114	C	0	0	114	35
A_PA	673	95	A	0	0	95	35
A_PA	674	87	G	0	0	87	35
A_PA	675	102	C	0	0	102	35
A_PA	676	114	C	0	0	114	35
A_PA	677	91	T	0	0	91	35
A_PA	678	106	T	0	0	106	35
A_PA	679	94	G	0	0	94	35
A_PA	680	110	A	0	0	110	35
A_PA	681	101	A	0	0	101	35
A_PA	682	88	A	0	0	88	35
A_PA	683	111	A	0	0	111	35
A_PA	684	103	C	0	0	103	35
A_PA	685	89	T	0	0	89	35
A_PA	686	109	T	0	0	109	35
A_PA	687	95	T	0	0	95	35
A_PA	688	89	A	0	0	89	35
A_PA	689	93	G	0	0	93	35
A_PA	690	86	A	0	0	86	35
A_PA	691	112	G	0	0	112	35
A_PA	692	99	C	0	0	99	35
A_PA	693	96	C	0	0	96	35
A_PA	694	104	T	0	0	104	35
A_PA	695	102	A	0	0	102	35
A_PA	696	102	T	0	0	102	35
A_PA	697	113	G	0	0	113	35
A_PA	698	100	T	0	0	100	35
A_PA	699	113	G	0	0	113	35
A_PA	700	106	G	0	0	106	35
A_PA	701	94	A	0	0	94	35
A_PA	702	91	T	0	0	91	35
A_PA	703	92	G	0	0	92	35
A_PA	704	113	G	0	0	113	35
A_PA	705	90	A	0	0	90	35
A_PA	706	113	T	0	0	113	35
A_PA	707	94	T	0	0	94	35
A_PA	708	98	C	0	0	98	35
A_PA	709	99	G	0	0	99	35
A_PA	710	101	A	0	0	101	35
A_PA	711	105	A	0	0	105	35
A_PA	712	115	C	0	0	115	35
A_PA	713	93	C	0	0	93	35
A_PA	714	89	G	0	0	89	35
A_PA	715	89	A	0	0	89	35
A_PA	716	97	A	0	0	97	35
A_PA	717	107	C	0	0	107	35
A_PA	718	109	G	0	0	109	35
A_PA	719	103	G	0	0	103	35
A_PA	720	109	C	0	0	109	35
A_PA	721	86	T	0	0	86	35
A_PA	722	115	G	0	0	115	35
A_PA	723	94	C	0	0	94	35
A_PA	724	96	A	0	0	96	35
A_PA	725	111	T	0	0	111	35
A_PA	726	93	T	0	0	93	35
A_PA	727	90	G	0	0	90	35
A_PA	728	104	A	0	0	104	35
A_PA	729	103	G	0	0	103	35
A_PA	730	96	G	0	0	96	35
A_PA	731	88	G	0	0	88	35
A_PA	732	113	C	0	0	113	35
A_PA	733	91	A	0	0	91	35
A_PA	734	114	A	0	0	114	35
A_PA	735	87	A	0	0	87	35
A_PA	736	114	C	0	0	114	35
A_PA	737	91	T	0	0	91	35
A_PA	738	95	T	0	0	95	35
A_PA	739	91	T	0	0	91	35
A_PA	740	109	C	0	0	109	35
A_PA	741	113	T	0	0	113	35
A_PA	742	103	C	0	0	103	35
A_PA	743	92	A	0	0	92	35
A_PA	744	102	A	0	0	102	35
A_PA	745	91	A	0	0	91	35
A_PA	746	103	T	0	0	103	35
A_PA	747	114	G	0	0	114	35
A_PA	748	98	T	0	0	98	35
A_PA	749	89	C	0	0	89	35
A_PA	750	106	A	0	0	106	35
A_PA	751	101	A	0	0	101	35
A_PA	752	86	A	0	0	86	35
A_PA	753	91	A	0	0	91	35
A_PA	754	98	G	0	0	98	35
A_PA	755	86	A	0	0	86	35
A_PA	756	108	A	0	0	108	35
A_PA	757	110	G	0	0	110	35
A_PA	758	97	T	0	0	97	35
A_PA	759	101	G	0	0	101	35
A_PA	760	97	A	0	0	97	35
A_PA	761	111	A	0	0	111	35
A_PA	762	111	C	0	0	111	35
A_PA	763	93	G	0	0	93	35
A_PA	764	101	C	0	0	101	35
A_PA	765	112	C	0	0	112	35
A_PA	766	104	A	0	0	104	35
A_PA	767	88	G	0	0	88	35
A_PA	768	111	A	0	0	111	35
A_PA	769	110	A	0	0	110	35
A_PA	770	91	T	0	0	91	35
A_PA	771	86	T	0	0	86	35
A_PA	772	101	G	0	0	101	35
A_PA	773	87	A	0	0	87	35
A_PA	774	99	G	0	0	99	35
A_PA	775	105	C	0	0	105	35
A_PA	776	104	C	0	0	104	35
A_PA	777	86	A	0	0	86	35
A_PA	778	104	T	0	0	104	35
A_PA	779	85	T	0	0	85	35
A_PA	780	92	T	0	0	92	35
A_PA	781	110	C	0	0	110	35
A_PA	782	99	T	0	0	99	35
A_PA	783	97	G	0	0	97	35
A_PA	784	91	A	0	0	91	35
A_PA	785	87	A	0	0	87	35
A_PA	786	109	G	0	0	109	35
A_PA	787	93	A	0	0	93	35
A_PA	788	97	C	0	0	97	35
A_PA	789	113	A	0	0	113	35
A_PA	790	109	A	0	0	109	35
A_PA	791	86	C	0	0	86	35
A_PA	792	98	A	0	0	98	35
A_PA	793	111	C	0	0	111	35
A_PA	794	101	C	0	0	101	35
A_PA	795	108	A	0	0	108	35
A_PA	796	92	C	0	0	92	35
A_PA	797	106	G	0	0	106	35
A_PA	798	112	C	0	0	112	35
A_PA	799	86	C	0	0	86	35
A_PA	800	92	C	0	0	92	35
A_PA	801	115	T	0	0	115	35
A_PA	802	103	C	0	0	103	35
A_PA	803	102	T	0	0	102	35
A_PA	804	113	C	0	0	113	35
A_PA	805	95	A	0	0	95	35
A_PA	806	115	G	0	0	115	35
A_PA	807	87	A	0	0	87	35
A_PA	808	106	T	0	0	106	35
A_PA	809	95	T	0	0	95	35
A_PA	810	103	A	0	0	103	35
A_PA	811	115	C	0	0	115	35
A_PA	812	105	C	0	0	105	35
A_PA	813	103	T	0	0	103	35
A_PA	814	102	G	0	0	102	35
A_PA	815	109	A	0	0	109	35
A_PA	816	87	T	0	0	87	35
A_PA	817	100	G	0	0	100	35
A_PA	818	112	G	0	0	112	35
A_PA	819	96	G	0	0	96	35
A_PA	820	86	C	0	0	86	35
A_PA	821	105	C	0	0	105	35
A_PA	822	115	T	0	0	115	35
A_PA	823	97	C	0	0	97	35
A_PA	824	114	C	0	0	114	35
A_PA	825	102	C	0	0	102	35
A_PA	826	109	T	0	0	109	35
A_PA	827	103	G	0	0	103	35
A_PA	828	114	T	0	0	114	35
A_PA	829	101	T	0	0	101	35
A_PA	830	107	C	0	0	107	35
A_PA	831	102	T	0	0	102	35
A_PA	832	103	C	0	0	103	35
A_PA	833	114	A	0	0	114	35
A_PA	834	102	G	0	0	102	35
A_PA	835	109	C	0	0	109	35
A_PA	836	108	G	0	0	108	35
A_PA	837	109	G	0	0	109	35
A_PA	838	109	T	0	0	109	35
A_PA	839	113	C	0	0	113	35
A_PA	840	104	G	0	0	104	35
A_PA	841	103	A	0	0	103	35
A_PA	842	105	A	0	0	105	35
A_PA	843	89	G	0	0	89	35
A_PA	844	91	T	0	0	91	35
A_PA	845	87	T	0	0	87	35
A_PA	846	96	C	0	0	96	35
A_PA	847	113	T	0	0	113	35
A_PA	848	111	T	0	0	111	35
A_PA	849	107	G	0	0	107	35
A_PA	850	112	C	0	0	112	35
A_PA	851	96	T	0	0	96	35
A_PA	852	86	G	0	0	86	35
A_PA	853	101	A	0	0	101	35
A_PA	854	113	T	0	0	113	35
A_PA	855	103	G	0	0	103	35
A_PA	856	92	G	0	0	92	35
A_PA	857	114	A	0	0	114	35
A_PA	858	92	T	0	0	92	35
A_PA	859	91	G	0	0	91	35
A_PA	860	93	C	0	0	93	35
A_PA	861	102	C	0	0	102	35
A_PA	862	114	C	0	0	114	35
A_PA	863	90	T	0	0	90	35
A_PA	864	109	T	0	0	109	35
A_PA	865	101	A	0	0	101	35
A_PA	866	115	A	0	0	115	35
A_PA	867	86	G	0	0	86	35
A_PA	868	95	T	0	0	95	35
A_PA	869	96	T	0	0	96	35
A_PA	870	88	G	0	0	88	35
A_PA	871	90	A	0	0	90	35
A_PA	872	105	G	0	0	105	35
A_PA	873	114	C	0	0	114	35
A_PA	874	108	A	0	0	108	35
A_PA	875	113	T	0	0	113	35
A_PA	876	105	C	0	0	105	35
A_PA	877	90	G	0	0	90	35
A_PA	878	89	A	0	0	89	35
A_PA	879	86	A	0	0	86	35
A_PA	880	88	G	0	0	88	35
A_PA	881	92	A	0	0	92	35
A_PA	882	101	C	0	0	101	35
A_PA	883	92	C	0	0	92	35
A_PA	884	87	C	0	0	87	35
A_PA	885	87	T	0	0	87	35
A_PA	886	95	A	0	0	95	35
A_PA	887	102	G	0	0	102	35
A_PA	888	92	C	0	0	92	35
A_PA	889	102	C	0	0	102	35
A_PA	890	90	A	0	0	90	35
A_PA	891	102	T	0	0	102	35
A_PA	892	89	G	0	0	89	35
A_PA	893	96	A	0	0	96	35
A_PA	894	86	G	0	0	86	35
A_PA	895	100	G	0	0	100	35
A_PA	896	106	G	0	0	106	35
A_PA	897	113	G	0	0	113	35
A_PA	898	100	G	0	0	100	35
A_PA	899	86	A	0	0	86	35
A_PA	900	97	G	0	0	97	35
A_PA	901	95	G	0	0	95	35
A_PA	902	106	G	0	0	106	35
A_PA	903	100	C	0	0	100	35
A_PA	904	104	A	0	0	104	35
A_PA	905	97	T	0	0	97	35
A_PA	906	114	A	0	0	114	35
A_PA	907	103	C	0	0	103	35
A_PA	908	85	C	0	0	85	35
A_PA	909	100	G	0	0	100	35
A_PA	910	90	C	0	0	90	35
A_PA	911	105	T	0	0	105	35
A_PA	912	91	G	0	0	91	35
A_PA	913	86	T	0	0	86	35
A_PA	914	111	A	0	0	111	35
A_PA	915	87	T	0	0	87	35
A_PA	916	97	G	0	0	97	35
A_PA	917	104	A	0	0	104	35
A_PA	918	114	T	0	0	114	35
A_PA	919	92	G	0	0	92	35
A_PA	920	98	C	0	0	98	35
A_PA	921	98	A	0	0	98	35
A_PA	922	87	A	0	0	87	35
A_PA	923	87	T	0	0	87	35
A_PA	924	87	C	0	0	87	35
A_PA	925	98	A	0	0	98	35
A_PA	926	106	A	0	0	106	35
A_PA	927	98	A	0	0	98	35
A_PA	928	90	T	0	0	90	35
A_PA	929	95	G	0	0	95	35
A_PA	930	94	C	0	0	94	35
A_PA	931	90	A	0	0	90	35
A_PA	932	90	T	0	0	90	35
A_PA	933	96	G	0	0	96	35
A_PA	934	85	A	0	0	85	35
A_PA	935	108	A	0	0	108	35
A_PA	936	88	G	0	0	88	35
A_PA	937	86	A	0	0	86	35
A_PA	938	86	C	0	0	86	35
A_PA	939	86	A	0	0	86	35
A_PA	940	103	T	0	0	103	35
A_PA	941	92	T	0	0	92	35
A_PA	942	115	T	0	0	115	35
A_PA	943	99	T	0	0	99	35
A_PA	944	85	T	0	0	85	35
A_PA	945	106	T	0	0	106	35
A_PA	946	104	G	0	0	104	35
A_PA	947	91	G	0	0	91	35
A_PA	948	88	C	0	0	88	35
A_PA	949	85	T	0	0	85	35
A_PA	950	96	G	0	0	96	35
A_PA	951	101	G	0	0	101	35
A_PA	952	103	A	0	0	103	35
A_PA	953	95	A	0	0	95	35
A_PA	954	100	A	0	0	100	35
A_PA	955	105	G	0	0	105	35
A_PA	956	96	A	0	0	96	35
A_PA	957	91	G	0	0	91	35
A_PA	958	90	C	0	0	90	35
A_PA	959	86	C	0	0	86	35
A_PA	960	113	C	0	0	113	35
A_PA	961	90	A	0	0	90	35
A_PA	962	106	A	0	0	106	35
A_PA	963	102	C	0	0	102	35
A_PA	964	89	A	0	0	89	35
A_PA	965	115	T	0	0	115	35
A_PA	966	106	C	0	0	106	35
A_PA	967	111	G	0	0	111	35
A_PA	968	94	T	0	0	94	35
A_PA	969	93	A	0	0	93	35
A_PA	970	96	A	0	0	96	35
A_PA	971	97	A	0	0	97	35
A_PA	972	91	G	0	0	91	35
A_PA	973	101	C	0	0	101	35
A_PA	974	96	C	0	0	96	35
A_PA	975	100	G	0	0	100	35
A_PA	976	106	C	0	0	106	35
A_PA	977	107	A	0	0	107	35
A_PA	978	96	T	0	0	96	35
A_PA	979	103	G	0	0	103	35
A_PA	980	92	A	0	0	92	35
A_PA	981	113	G	0	0	113	35
A_PA	982	110	A	0	0	110	35
A_PA	983	108	A	0	0	108	35
A_PA	984	100	A	0	0	100	35
A_PA	985	86	G	0	0	86	35
A_PA	986	109	G	0	0	109	35
A_PA	987	97	C	0	0	97	35
A_PA	988	88	A	0	0	88	35
A_PA	989	95	T	0	0	95	35
A_PA	990	106	A	0	0	106	35
A_PA	991	105	A	0	0	105	35
A_PA	992	98	A	0	0	98	35
A_PA	993	102	C	0	0	102	35
A_PA	994	90	C	0	0	90	35
A_PA	995	111	C	0	0	111	35
A_PA	996	115	T	0	0	115	35
A_PA	997	91	A	0	0	91	35
A_PA	998	110	A	0	0	110	35
A_PA	999	89	T	0	0	89	35
A_PA	1000	104	T	0	0	104	35
A_PA	1001	105	A	0	0	105	35
A_PA	1002	102	C	0	0	102	35
A_PA	1003	112	C	0	0	112	35
A_PA	1004	102	T	0	0	102	35
A_PA	1005	93	C	0	0	93	35
A_PA	1006	85	C	0	0	85	35
A_PA	1007	98	T	0	0	98	35
A_PA	1008	95	G	0	0	95	35
A_PA	1009	104	G	0	0	104	35
A_PA	1010	108	C	0	0	108	35
A_PA	1011	99	T	0	0	99	35
A_PA	1012	102	T	0	0	102	35
A_PA	1013	114	G	0	0	114	35
A_PA	1014	90	G	0	0	90	35
A_PA	1015	90	A	0	0	90	35
A_PA	1016	89	A	0	0	89	35
A_PA	1017	95	G	0	0	95	35
A_PA	1018	97	C	0	0	97	35
A_PA	1019	93	A	0	0	93	35
A_PA	1020	85	G	0	0	85	35
A_PA	1021	96	G	0	0	96	35
A_PA	1022	93	T	0	0	93	35
A_PA	1023	98	G	0	0	98	35
A_PA	1024	91	C	0	0	91	35
A_PA	1025	100	T	0	0	100	35
A_PA	1026	99	G	0	0	99	35
A_PA	1027	115	G	0	0	115	35
A_PA	1028	97	C	0	0	97	35
A_PA	1029	107	A	0	0	107	35
A_PA	1030	98	G	0	0	98	35
A_PA	1031	97	A	0	0	97	35
A_PA	1032	91	A	0	0	91	35
A_PA	1033	94	C	0	0	94	35
A_PA	1034	100	T	0	0	100	35
A_PA	1035	100	T	0	0	100	35
A_PA	1036	105	C	0	0	105	35
A_PA	1037	97	A	0	0	97	35
A_PA	1038	106	A	0	0	106	35
A_PA	1039	108	G	0	0	108	35
A_PA	1040	88	A	0	0	88	35
A_PA	1041	102	C	0	0	102	35
A_PA	1042	111	A	0	0	111	35
A_PA	1043	90	T	0	0	90	35
A_PA	1044	98	T	0	0	98	35
A_PA	1045	95	G	0	0	95	35
A_PA	1046	111	A	0	0	111	35
A_PA	1047	109	A	0	0	109	35
A_PA	1048	97	A	0	0	97	35
A_PA	1049	106	A	0	0	106	35
A_PA	1050	89	T	0	0	89	35
A_PA	1051	101	G	0	0	101	35
A_PA	1052	103	A	0	0	103	35
A_PA	1053	100	G	0	0	100	35
A_PA	1054	99	G	0	0	99	35
A_PA	1055	112	A	0	0	112	35
A_PA	1056	93	G	0	0	93	35
A_PA	1057	114	A	0	0	114	35
A_PA	1058	100	A	0	0	100	35
A_PA	1059	105	A	0	0	105	35
A_PA	1060	103	A	0	0	103	35
A_PA	1061	93	T	0	0	93	35
A_PA	1062	96	T	0	0	96	35
A_PA	1063	106	C	0	0	106	35
A_PA	1064	102	C	0	0	102	35
A_PA	1065	104	A	0	0	104	35
A_PA	1066	87	A	0	0	87	35
A_PA	1067	86	A	0	0	86	35
A_PA	1068	103	A	0	0	103	35
A_PA	1069	100	A	0	0	100	35
A_PA	1070	91	C	0	0	91	35
A_PA	1071	115	A	0	0	115	35
A_PA	1072	88	A	0	0	88	35
A_PA	1073	100	A	0	0	100	35
A_PA	1074	115	G	0	0	115	35
A_PA	1075	100	A	0	0	100	35
A_PA	1076	101	A	0	0	101	35
A_PA	1077	112	C	0	0	112	35
A_PA	1078	93	A	0	0	93	35
A_PA	1079	89	T	0	0	89	35
A_PA	1080	101	G	0	0	101	35
A_PA	1081	115	A	0	0	115	35
A_PA	1082	113	A	0	0	113	35
A_PA	1083	112	G	0	0	112	35
A_PA	1084	113	A	0	0	113	35
A_PA	1085	109	A	0	0	109	35
A_PA	1086	99	A	0	0	99	35
A_PA	1087	87	A	0	0	87	35
A_PA	1088	111	C	0	0	111	35
A_PA	1089	115	A	0	0	115	35
A_PA	1090	96	A	0	0	96	35
A_PA	1091	91	G	0	0	91	35
A_PA	1092	85	C	0	0	85	35
A_PA	1093	104	C	0	0	104	35
A_PA	1094	111	A	0	0	111	35
A_PA	1095	106	A	0	0	106	35
A_PA	1096	112	T	0	0	112	35
A_PA	1097	114	T	0	0	114	35
A_PA	1098	100	G	0	0	100	35
A_PA	1099	97	A	0	0	97	35
A_PA	1100	99	A	0	0	99	35
A_PA	1101	95	G	0	0	95	35
A_PA	1102	102	T	0	0	102	35
A_PA	1103	109	G	0	0	109	35
A_PA	1104	88	G	0	0	88	35
A_PA	1105	115	G	0	0	115	35
A_PA	1106	110	C	0	0	110	35
A_PA	1107	94	A	0	0	94	35
A_PA	1108	90	C	0	0	90	35
A_PA	1109	97	T	0	0	97	35
A_PA	1110	99	T	0	0	99	35
A_PA	1111	108	G	0	0	108	35
A_PA	1112	98	G	0	0	98	35
A_PA	1113	105	T	0	0	105	35
A_PA	1114	113	G	0	0	113	35
A_PA	1115	102	A	0	0	102	35
A_PA	1116	110	G	0	0	110	35
A_PA	1117	85	A	0	0	85	35
A_PA	1118	93	A	0	0	93	35
A_PA	1119	88	C	0	0	88	35
A_PA	1120	86	A	0	0	86	35
A_PA	1121	104	T	0	0	104	35
A_PA	1122	95	G	0	0	95	35
A_PA	1123	97	G	0	0	97	35
A_PA	1124	91	C	0	0	91	35
A_PA	1125	111	T	0	0	111	35
A_PA	1126	106	C	0	0	106	35
A_PA	1127	86	C	0	0	86	35
A_PA	1128	89	A	0	0	89	35
A_PA	1129	106	G	0	0	106	35
A_PA	1130	105	A	0	0	105	35
A_PA	1131	91	A	0	0	91	35
A_PA	1132	102	A	0	0	102	35
A_PA	1133	110	A	0	0	110	35
A_PA	1134	95	A	0	0	95	35
A_PA	1135	90	G	0	0	90	35
A_PA	1136	93	T	0	0	93	35
A_PA	1137	108	G	0	0	108	35
A_PA	1138	96	G	0	0	96	35
A_PA	1139	107	A	0	0	107	35
A_PA	1140	100	C	0	0	100	35
A_PA	1141	111	T	0	0	111	35
A_PA	1142	95	T	0	0	95	35
A_PA	1143	98	T	0	0	98	35
A_PA	1144	108	G	0	0	108	35
A_PA	1145	106	A	0	0	106	35
A_PA	1146	113	G	0	0	113	35
A_PA	1147	100	G	0	0	100	35
A_PA	1148	105	A	0	0	105	35
A_PA	1149	114	C	0	0	114	35
A_PA	1150	104	T	0	0	104	35
A_PA	1151	104	G	0	0	104	35
A_PA	1152	105	C	0	0	105	35
A_PA	1153	103	A	0	0	103	35
A_PA	1154	94	A	0	0	94	35
A_PA	1155	113	A	0	0	113	35
A_PA	1156	94	G	0	0	94	35
A_PA	1157	93	A	0	0	93	35
A_PA	1158	87	T	0	0	87	35
A_PA	1159	110	G	0	0	110	35
A_PA	1160	100	T	0	0	100	35
A_PA	1161	89	T	0	0	89	35
A_PA	1162	91	A	0	0	91	35
A_PA	1163	106	G	0	0	106	35
A_PA	1164	96	C	0	0	96	35
A_PA	1165	107	G	0	0	107	35
A_PA	1166	105	A	0	0	105	35
A_PA	1167	109	T	0	0	109	35
A_PA	1168	93	C	0	0	93	35
A_PA	1169	102	T	0	0	102	35
A_PA	1170	97	A	0	0	97	35
A_PA	1171	93	A	0	0	93	35
A_PA	1172	105	G	0	0	105	35
A_PA	1173	102	A	0	0	102	35
A_PA	1174	115	C	0	0	115	35
A_PA	1175	93	A	0	0	93	35
A_PA	1176	108	G	0	0	108	35
A_PA	1177	94	T	0	0	94	35
A_PA	1178	93	A	0	0	93	35
A_PA	1179	115	C	0	0	115	35
A_PA	1180	93	G	0	0	93	35
A_PA	1181	107	A	0	0	107	35
A_PA	1182	91	C	0	0	91	35
A_PA	1183	103	A	0	0	103	35
A_PA	1184	89	G	0	0	89	35
A_PA	1185	110	T	0	0	110	35
A_PA	1186	98	G	0	0	98	35
A_PA	1187	91	A	0	0	91	35
A_PA	1188	108	C	0	0	108	35
A_PA	1189	99	G	0	0	99	35
A_PA	1190	104	A	0	0	104	35
A_PA	1191	113	A	0	0	113	35
A_PA	1192	96	C	0	0	96	35
A_PA	1193	89	C	0	0	89	35
A_PA	1194	97	A	0	0	97	35
A_PA	1195	114	G	0	0	114	35
A_PA	1196	93	A	0	0	93	35
A_PA	1197	93	G	0	0	93	35
A_PA	1198	104	T	0	0	104	35
A_PA	1199	105	C	0	0	105	35
A_PA	1200	103	T	0	0	103	35
A_PA	1201	107	A	0	0	107	35
A_PA	1202	97	G	0	0	97	35
A_PA	1203	111	A	0	0	111	35
A_PA	1204	93	T	0	0	93	35
A_PA	1205	107	C	0	0	107	35
A_PA	1206	111	G	0	0	111	35
A_PA	1207	101	C	0	0	101	35
A_PA	1208	114	T	0	0	114	35
A_PA	1209	91	A	0	0	91	35
A_PA	1210	95	G	0	0	95	35
A_PA	1211	108	C	0	0	108	35
A_PA	1212	101	A	0	0	101	35
A_PA	1213	93	A	0	0	93	35
A_PA	1214	93	G	0	0	93	35
A_PA	1215	112	C	0	0	112	35
A_PA	1216	95	T	0	0	95	35
A_PA	1217	88	G	0	0	88	35
A_PA	1218	105	G	0	0	105	35
A_PA	1219	110	A	0	0	110	35
A_PA	1220	110	T	0	0	110	35
A_PA	1221	94	T	0	0	94	35
A_PA	1222	85	C	0	0	85	35
A_PA	1223	115	A	0	0	115	35
A_PA	1224	110	G	0	0	110	35
A_PA	1225	91	A	0	0	91	35
A_PA	1226	93	G	0	0	93	35
A_PA	1227	102	T	0	0	102	35
A_PA	1228	85	G	0	0	85	35
A_PA	1229	85	A	0	0	85	35
A_PA	1230	87	A	0	0	87	35
A_PA	1231	110	T	0	0	110	35
A_PA	1232	106	T	0	0	106	35
A_PA	1233	101	C	0	0	101	35
A_PA	1234	100	A	0	0	100	35
A_PA	1235	90	A	0	0	90	35
A_PA	1236	107	C	0	0	107	35
A_PA	1237	96	A	0	0	96	35
A_PA	1238	95	A	0	0	95	35
A_PA	1239	100	G	0	0	100	35
A_PA	1240	91	G	0	0	91	35
A_PA	1241	103	C	0	0	103	35
A_PA	1242	102	A	0	0	102	35
A_PA	1243	101	T	0	0	101	35
A_PA	1244	112	G	0	0	112	35
A_PA	1245	110	C	0	0	110	35
A_PA	1246	99	G	0	0	99	35
A_PA	1247	103	A	0	0	103	35
A_PA	1248	112	A	0	0	112	35
A_PA	1249	96	C	0	0	96	35
A_PA	1250	114	T	0	0	114	35
A_PA	1251	112	G	0	0	112	35
A_PA	1252	89	A	0	0	89	35
A_PA	1253	105	C	0	0	105	35
A_PA	1254	111	A	0	0	111	35
A_PA	1255	92	G	0	0	92	35
A_PA	1256	102	A	0	0	102	35
A_PA	1257	103	T	0	0	103	35
A_PA	1258	112	T	0	0	112	35
A_PA	1259	100	C	0	0	100	35
A_PA	1260	90	G	0	0	90	35
A_PA	1261	107	A	0	0	107	35
A_PA	1262	88	G	0	0	88	35
A_PA	1263	101	T	0	0	101	35
A_PA	1264	92	T	0	0	92	35
A_PA	1265	91	G	0	0	91	35
A_PA	1266	107	G	0	0	107	35
A_PA	1267	99	A	0	0	99	35
A_PA	1268	104	T	0	0	104	35
A_PA	1269	87	T	0	0	87	35
A_PA	1270	96	G	0	0	96	35
A_PA	1271	91	A	0	0	91	35
A_PA	1272	108	A	0	0	108	35
A_PA	1273	105	C	0	0	105	35
A_PA	1274	91	T	0	0	91	35
A_PA	1275	88	T	0	0	88	35
A_PA	1276	99	G	0	0	99	35
A_PA	1277	109	A	0	0	109	35
A_PA	1278	88	T	0	0	88	35
A_PA	1279	107	G	0	0	107	35
A_PA	1280	87	A	0	0	87	35
A_PA	1281	104	G	0	0	104	35
A_PA	1282	93	A	0	0	93	35
A_PA	1283	95	T	0	0	95	35
A_PA	1284	86	A	0	0	86	35
A_PA	1285	90	G	0	0	90	35
A_PA	1286	106	G	0	0	106	35
A_PA	1287	101	G	0	0	101	35
A_PA	1288	114	G	0	0	114	35
A_PA	1289	92	A	0	0	92	35
A_PA	1290	103	A	0	0	103	35
A_PA	1291	109	G	0	0	109	35
A_PA	1292	98	A	0	0	98	35
A_PA	1293	90	C	0	0	90	35
A_PA	1294	115	G	0	0	115	35
A_PA	1295	106	T	0	0	106	35
A_PA	1296	96	T	0	0	96	35
A_PA	1297	106	G	0	0	106	35
A_PA	1298	91	C	0	0	91	35
A_PA	1299	91	T	0	0	91	35
A_PA	1300	93	C	0	0	93	35
A_PA	1301	99	C	0	0	99	35
A_PA	1302	106	A	0	0	106	35
A_PA	1303	111	A	0	0	111	35
A_PA	1304	107	T	0	0	107	35
A_PA	1305	102	C	0	0	102	35
A_PA	1306	104	G	0	0	104	35
A_PA	1307	91	A	0	0	91	35
A_PA	1308	101	A	0	0	101	35
A_PA	1309	92	C	0	0	92	35
A_PA	1310	108	A	0	0	108	35
A_PA	1311	85	C	0	0	85	35
A_PA	1312	103	A	0	0	103	35
A_PA	1313	99	T	0	0	99	35
A_PA	1314	92	T	0	0	92	35
A_PA	1315	86	G	0	0	86	35
A_PA	1316	93	C	0	0	93	35
A_PA	1317	100	G	0	0	100	35
A_PA	1318	108	A	0	0	108	35
A_PA	1319	89	G	0	0	89	35
A_PA	1320	92	T	0	0	92	35
A_PA	1321	86	G	0	0	86	35
A_PA	1322	85	T	0	0	85	35
A_PA	1323	85	G	0	0	85	35
A_PA	1324	93	A	0	0	93	35
A_PA	1325	111	G	0	0	111	35
A_PA	1326	88	G	0	0	88	35
A_PA	1327	112	A	0	0	112	35
A_PA	1328	104	G	0	0	104	35
A_PA	1329	109	G	0	0	109	35
A_PA	1330	86	A	0	0	86	35
A_PA	1331	109	A	0	0	109	35
A_PA	1332	103	C	0	0	103	35
A_PA	1333	88	T	0	0	88	35
A_PA	1334	110	A	0	0	110	35
A_PA	1335	111	T	0	0	111	35
A_PA	1336	115	T	0	0	115	35
A_PA	1337	106	T	0	0	106	35
A_PA	1338	95	C	0	0	95	35
A_PA	1339	103	A	0	0	103	35
A_PA	1340	100	C	0	0	100	35
A_PA	1341	88	A	0	0	88	35
A_PA	1342	93	G	0	0	93	35
A_PA	1343	113	C	0	0	113	35
A_PA	1344	113	G	0	0	113	35
A_PA	1345	97	G	0	0	97	35
A_PA	1346	98	A	0	0	98	35
A_PA	1347	97	G	0	0	97	35
A_PA	1348	93	G	0	0	93	35
A_PA	1349	103	T	0	0	103	35
A_PA	1350	95	A	0	0	95	35
A_PA	1351	88	T	0	0	88	35
A_PA	1352	101	C	0	0	101	35
A_PA	1353	107	C	0	0	107	35
A_PA	1354	97	C	0	0	97	35
A_PA	1355	98	A	0	0	98	35
A_PA	1356	85	T	0	0	85	35
A_PA	1357	95	T	0	0	95	35
A_PA	1358	92	G	0	0	92	35
A_PA	1359	110	C	0	0	110	35
A_PA	1360	101	A	0	0	101	35
A_PA	1361	114	G	0	0	114	35
A_PA	1362	91	G	0	0	91	35
A_PA	1363	109	G	0	0	109	35
A_PA	1364	103	C	0	0	103	35
A_PA	1365	94	C	0	0	94	35
A_PA	1366	112	A	0	0	112	35
A_PA	1367	88	C	0	0	88	35
A_PA	1368	113	T	0	0	113	35
A_PA	1369	112	G	0	0	112	35
A_PA	1370	87	A	0	0	87	35
A_PA	1371	95	A	0	0	95	35
A_PA	1372	107	T	0	0	107	35
A_PA	1373	99	A	0	0	99	35
A_PA	1374	94	C	0	0	94	35
A_PA	1375	111	A	0	0	111	35
A_PA	1376	104	T	0	0	104	35
A_PA	1377	98	A	0	0	98	35
A_PA	1378	93	A	0	0	93	35
A_PA	1379	96	T	0	0	96	35
A_PA	1380	92	G	0	0	92	35
A_PA	1381	115	A	0	0	115	35
A_PA	1382	97	A	0	0	97	35
A_PA	1383	106	G	0	0	106	35
A_PA	1384	113	G	0	0	113	35
A_PA	1385	115	G	0	0	115	35
A_PA	1386	104	A	0	0	104	35
A_PA	1387	101	G	0	0	101	35
A_PA	1388	85	T	0	0	85	35
A_PA	1389	110	A	0	0	110	35
A_PA	1390	114	T	0	0	114	35
A_PA	1391	91	A	0	0	91	35
A_PA	1392	85	C	0	0	85	35
A_PA	1393	107	A	0	0	107	35
A_PA	1394	92	T	0	0	92	35
A_PA	1395	90	A	0	0	90	35
A_PA	1396	91	A	0	0	91	35
A_PA	1397	107	A	0	0	107	35
A_PA	1398	102	C	0	0	102	35
A_PA	1399	107	A	0	0	107	35
A_PA	1400	107	C	0	0	107	35
A_PA	1401	109	A	0	0	109	35
A_PA	1402	85	G	0	0	85	35
A_PA	1403	113	C	0	0	113	35
A_PA	1404	95	C	0	0	95	35
A_PA	1405	110	C	0	0	110	35
A_PA	1406	85	T	0	0	85	35
A_PA	1407	90	A	0	0	90	35
A_PA	1408	94	T	0	0	94	35
A_PA	1409	109	T	0	0	109	35
A_PA	1410	85	G	0	0	85	35
A_PA	1411	110	A	0	0	110	35
A_PA	1412	95	A	0	0	95	35
A_PA	1413	106	T	0	0	106	35
A_PA	1414	113	G	0	0	113	35
A_PA	1415	107	C	0	0	107	35
A_PA	1416	87	A	0	0	87	35
A_PA	1417	92	T	0	0	92	35
A_PA	1418	111	C	0	0	111	35
A_PA	1419	86	C	0	0	86	35
A_PA	1420	98	T	0	0	98	35
A_PA	1421	107	G	0	0	107	35
A_PA	1422	96	T	0	0	96	35
A_PA	1423	92	G	0	0	92	35
A_PA	1424	110	C	0	0	110	35
A_PA	1425	100	A	0	0	100	35
A_PA	1426	110	G	0	0	110	35
A_PA	1427	92	C	0	0	92	35
A_PA	1428	99	C	0	0	99	35
A_PA	1429	111	A	0	0	111	35
A_PA	1430	111	T	0	0	111	35
A_PA	1431	109	G	0	0	109	35
A_PA	1432	90	G	0	0	90	35
A_PA	1433	113	A	0	0	113	35
A_PA	1434	108	T	0	0	108	35
A_PA	1435	115	G	0	0	115	35
A_PA	1436	113	A	0	0	113	35
A_PA	1437	92	C	0	0	92	35
A_PA	1438	93	T	0	0	93	35
A_PA	1439	101	T	0	0	101	35
A_PA	1440	94	C	0	0	94	35
A_PA	1441	88	C	0	0	88	35
A_PA	1442	108	A	0	0	108	35
A_PA	1443	92	A	0	0	92	35
A_PA	1444	115	T	0	0	115	35
A_PA	1445	87	T	0	0	87	35
A_PA	1446	113	G	0	0	113	35
A_PA	1447	90	A	0	0	90	35
A_PA	1448	86	T	0	0	86	35
A_PA	1449	95	T	0	0	95	35
A_PA	1450	112	C	0	0	112	35
A_PA	1451	114	C	0	0	114	35
A_PA	1452	100	A	0	0	100	35
A_PA	1453	113	A	0	0	113	35
A_PA	1454	112	T	0	0	112	35
A_PA	1455	108	G	0	0	108	35
A_PA	1456	107	A	0	0	107	35
A_PA	1457	86	T	0	0	86	35
A_PA	1458	98	A	0	0	98	35
A_PA	1459	107	A	0	0	107	35
A_PA	1460	104	G	0	0	104	35
A_PA	1461	99	T	0	0	99	35
A_PA	1462	112	A	0	0	112	35
A_PA	1463	104	A	0	0	104	35
A_PA	1464	97	G	0	0	97	35
A_PA	1465	98	T	0	0	98	35
A_PA	1466	93	G	0	0	93	35
A_PA	1467	91	C	0	0	91	35
A_PA	1468	104	A	0	0	104	35
A_PA	1469	91	G	0	0	91	35
A_PA	1470	102	A	0	0	102	35
A_PA	1471	113	A	0	0	113	35
A_PA	1472	98	C	0	0	98	35
A_PA	1473	101	T	0	0	101	35
A_PA	1474	111	A	0	0	111	35
A_PA	1475	89	A	0	0	89	35
A_PA	1476	101	A	0	0	101	35
A_PA	1477	87	G	0	0	87	35
A_PA	1478	104	A	0	0	104	35
A_PA	1479	109	A	0	0	109	35
A_PA	1480	86	G	0	0	86	35
A_PA	1481	105	G	0	0	105	35
A_PA	1482	88	A	0	0	88	35
A_PA	1483	105	A	0	0	105	35
A_PA	1484	87	G	0	0	87	35
A_PA	1485	115	A	0	0	115	35
A_PA	1486	109	C	0	0	109	35
A_PA	1487	87	G	0	0	87	35
A_PA	1488	85	G	0	0	85	35
A_PA	1489	86	A	0	0	86	35
A_PA	1490	107	A	0	0	107	35
A_PA	1491	112	G	0	0	112	35
A_PA	1492	96	A	0	0	96	35
A_PA	1493	90	C	0	0	90	35
A_PA	1494	106	A	0	0	106	35
A_PA	1495	106	A	0	0	106	35
A_PA	1496	87	A	0	0	87	35
A_PA	1497	103	T	0	0	103	35
A_PA	1498	99	C	0	0	99	35
A_PA	1499	109	T	0	0	109	35
A_PA	1500	96	G	0	0	96	35
A_PA	1501	114	T	0	0	114	35
A_PA	1502	111	A	0	0	111	35
A_PA	1503	106	T	0	0	106	35
A_PA	1504	97	G	0	0	97	35
A_PA	1505	108	G	0	0	108	35
A_PA	1506	105	A	0	0	105	35
A_PA	1507	105	T	0	0	105	35
A_PA	1508	101	T	0	0	101	35
A_PA	1509	91	C	0	0	91	35
A_PA	1510	90	A	0	0	90	35
A_PA	1511	85	T	0	0	85	35
A_PA	1512	110	T	0	0	110	35
A_PA	1513	104	A	0	0	104	35
A_PA	1514	91	T	0	0	91	35
A_PA	1515	110	A	0	0	110	35
A_PA	1516	97	A	0	0	97	35
A_PA	1517	114	A	0	0	114	35
A_PA	1518	110	A	0	0	110	35
A_PA	1519	91	G	0	0	91	35
A_PA	1520	111	G	0	0	111	35
A_PA	1521	93	A	0	0	93	35
A_PA	1522	115	A	0	0	115	35
A_PA	1523	86	G	0	0	86	35
A_PA	1524	114	A	0	0	114	35
A_PA	1525	97	T	0	0	97	35
A_PA	1526	85	C	0	0	85	35
A_PA	1527	87	C	0	0	87	35
A_PA	1528	105	C	0	0	105	35
A_PA	1529	111	A	0	0	111	35
A_PA	1530	96	T	0	0	96	35
A_PA	1531	85	T	0	0	85	35
A_PA	1532	97	T	0	0	97	35
A_PA	1533	109	G	0	0	109	35
A_PA	1534	86	A	0	0	86	35
A_PA	1535	102	G	0	0	102	35
A_PA	1536	100	G	0	0	100	35
A_PA	1537	105	A	0	0	105	35
A_PA	1538	109	A	0	0	109	35
A_PA	1539	106	T	0	0	106	35
A_PA	1540	99	G	0	0	99	35
A_PA	1541	108	A	0	0	108	35
A_PA	1542	86	C	0	0	86	35
A_PA	1543	99	A	0	0	99	35
A_PA	1544	96	C	0	0	96	35
A_PA	1545	93	C	0	0	93	35
A_PA	1546	96	G	0	0	96	35
A_PA	1547	105	A	0	0	105	35
A_PA	1548	87	T	0	0	87	35
A_PA	1549	97	G	0	0	97	35
A_PA	1550	91	T	0	0	91	35
A_PA	1551	105	G	0	0	105	35
A_PA	1552	90	G	0	0	90	35
A_PA	1553	91	T	0	0	91	35
A_PA	1554	97	A	0	0	97	35
A_PA	1555	101	A	0	0	101	35
A_PA	1556	112	A	0	0	112	35
A_PA	1557	91	C	0	0	91	35
A_PA	1558	101	T	0	0	101	35
A_PA	1559	86	T	0	0	86	35
A_PA	1560	99	T	0	0	99	35
A_PA	1561	107	G	0	0	107	35
A_PA	1562	115	T	0	0	115	35
A_PA	1563	94	G	0	0	94	35
A_PA	1564	108	A	0	0	108	35
A_PA	1565	105	G	0	0	105	35
A_PA	1566	85	C	0	0	85	35
A_PA	1567	102	A	0	0	102	35
A_PA	1568	97	T	0	0	97	35
A_PA	1569	94	G	0	0	94	35
A_PA	1570	92	G	0	0	92	35
A_PA	1571	87	A	0	0	87	35
A_PA	1572	106	A	0	0	106	35
A_PA	1573	88	T	0	0	88	35
A_PA	1574	92	T	0	0	92	35
A_PA	1575	101	C	0	0	101	35
A_PA	1576	113	T	0	0	113	35
A_PA	1577	102	C	0	0	102	35
A_PA	1578	99	T	0	0	99	35
A_PA	1579	88	C	0	0	88	35
A_PA	1580	86	T	0	0	86	35
A_PA	1581	104	A	0	0	104	35
A_PA	1582	113	A	0	0	113	35
A_PA	1583	99	C	0	0	99	35
A_PA	1584	108	T	0	0	108	35
A_PA	1585	100	G	0	0	100	35
A_PA	1586	92	A	0	0	92	35
A_PA	1587	94	C	0	0	94	35
A_PA	1588	97	C	0	0	97	35
A_PA	1589	98	C	0	0	98	35
A_PA	1590	88	G	0	0	88	35
A_PA	1591	108	A	0	0	108	35
A_PA	1592	101	G	0	0	101	35
A_PA	1593	86	G	0	0	86	35
A_PA	1594	87	C	0	0	87	35
A_PA	1595	107	T	0	0	107	35
A_PA	1596	99	A	0	0	99	35
A_PA	1597	111	G	0	0	111	35
A_PA	1598	95	A	0	0	95	35
A_PA	1599	105	G	0	0	105	35
A_PA	1600	90	C	0	0	90	35
A_PA	1601	85	C	0	0	85	35
A_PA	1602	108	A	0	0	108	35
A_PA	1603	92	C	0	0	92	35
A_PA	1604	99	A	0	0	99	35
A_PA	1605	105	C	0	0	105	35
A_PA	1606	94	A	0	0	94	35
A_PA	1607	98	A	0	0	98	35
A_PA	1608	102	A	0	0	102	35
A_PA	1609	86	T	0	0	86	35
A_PA	1610	92	G	0	0	92	35
A_PA	1611	109	G	0	0	109	35
A_PA	1612	104	G	0	0	104	35
A_PA	1613	99	A	0	0	99	35
A_PA	1614	86	A	0	0	86	35
A_PA	1615	96	A	0	0	96	35
A_PA	1616	104	A	0	0	104	35
A_PA	1617	99	G	0	0	99	35
A_PA	1618	114	T	0	0	114	35
A_PA	1619	102	A	0	0	102	35
A_PA	1620	94	C	0	0	94	35
A_PA	1621	107	T	0	0	107	35
A_PA	1622	106	G	0	0	106	35
A_PA	1623	96	T	0	0	96	35
A_PA	1624	102	G	0	0	102	35
A_PA	1625	96	T	0	0	96	35
A_PA	1626	94	T	0	0	94	35
A_PA	1627	88	C	0	0	88	35
A_PA	1628	97	T	0	0	97	35
A_PA	1629	93	T	0	0	93	35
A_PA	1630	94	G	0	0	94	35
A_PA	1631	90	A	0	0	90	35
A_PA	1632	100	G	0	0	100	35
A_PA	1633	114	A	0	0	114	35
A_PA	1634	105	T	0	0	105	35
A_PA	1635	103	A	0	0	103	35
A_PA	1636	115	G	0	0	115	35
A_PA	1637	105	G	0	0	105	35
A_PA	1638	114	A	0	0	114	35
A_PA	1639	95	G	0	0	95	35
A_PA	1640	85	A	0	0	85	35
A_PA	1641	103	C	0	0	103	35
A_PA	1642	115	A	0	0	115	35
A_PA	1643	112	T	0	0	112	35
A_PA	1644	108	G	0	0	108	35
A_PA	1645	110	C	0	0	110	35
A_PA	1646	98	T	0	0	98	35
A_PA	1647	98	C	0	0	98	35
A_PA	1648	96	C	0	0	96	35
A_PA	1649	92	T	0	0	92	35
A_PA	1650	93	A	0	0	93	35
A_PA	1651	112	C	0	0	112	35
A_PA	1652	98	G	0	0	98	35
A_PA	1653	99	G	0	0	99	35
A_PA	1654	94	A	0	0	94	35
A_PA	1655	94	C	0	0	94	35
A_PA	1656	85	T	0	0	85	35
A_PA	1657	92	G	0	0	92	35
A_PA	1658	91	C	0	0	91	35
A_PA	1659	100	A	0	0	100	35
A_PA	1660	94	A	0	0	94	35
A_PA	1661	114	T	0	0	114	35
A_PA	1662	104	A	0	0	104	35
A_PA	1663	108	G	0	0	108	35
A_PA	1664	100	G	0	0	100	35
A_PA	1665	93	C	0	0	93	35
A_PA	1666	99	C	0	0	99	35
A_PA	1667	92	A	0	0	92	35
A_PA	1668	105	A	0	0	105	35
A_PA	1669	115	G	0	0	115	35
A_PA	1670	90	T	0	0	90	35
A_PA	1671	88	G	0	0	88	35
A_PA	1672	111	T	0	0	111	35
A_PA	1673	110	C	0	0	110	35
A_PA	1674	85	G	0	0	85	35
A_PA	1675	89	A	0	0	89	35
A_PA	1676	108	G	0	0	108	35
A_PA	1677	111	G	0	0	111	35
A_PA	1678	85	C	0	0	85	35
A_PA	1679	91	C	0	0	91	35
A_PA	1680	94	C	0	0	94	35
A_PA	1681	89	A	0	0	89	35
A_PA	1682	91	T	0	0	91	35
A_PA	1683	95	G	0	0	95	35
A_PA	1684	98	T	0	0	98	35
A_PA	1685	104	T	0	0	104	35
A_PA	1686	104	C	0	0	104	35
A_PA	1687	105	C	0	0	105	35
A_PA	1688	106	T	0	0	106	35
A_PA	1689	105	G	0	0	105	35
A_PA	1690	97	T	0	0	97	35
A_PA	1691	91	A	0	0	91	35
A_PA	1692	109	T	0	0	109	35
A_PA	1693	87	G	0	0	87	35
A_PA	1694	108	T	0	0	108	35
A_PA	1695	107	G	0	0	107	35
A_PA	1696	91	A	0	0	91	35
A_PA	1697	93	G	0	0	93	35
A_PA	1698	111	A	0	0	111	35
A_PA	1699	101	A	0	0	101	35
A_PA	1700	101	C	0	0	101	35
A_PA	1701	93	C	0	0	93	35
A_PA	1702	90	A	0	0	90	35
A_PA	1703	101	A	0	0	101	35
A_PA	1704	97	T	0	0	97	35
A_PA	1705	115	G	0	0	115	35
A_PA	1706	88	G	0	0	88	35
A_PA	1707	98	G	0	0	98	35
A_PA	1708	96	A	0	0	96	35
A_PA	1709	95	C	0	0	95	35
A_PA	1710	99	T	0	0	99	35
A_PA	1711	102	T	0	0	102	35
A_PA	1712	99	C	0	0	99	35
A_PA	1713	114	C	0	0	114	35
A_PA	1714	94	A	0	0	94	35
A_PA	1715	92	A	0	0	92	35
A_PA	1716	103	G	0	0	103	35
A_PA	1717	98	A	0	0	98	35
A_PA	1718	113	T	0	0	113	35
A_PA	1719	88	C	0	0	88	35
A_PA	1720	115	A	0	0	115	35
A_PA	1721	102	A	0	0	102	35
A_PA	1722	98	A	0	0	98	35
A_PA	1723	91	A	0	0	91	35
A_PA	1724	109	T	0	0	109	35
A_PA	1725	88	G	0	0	88	35
A_PA	1726	97	A	0	0	97	35
A_PA	1727	90	A	0	0	90	35
A_PA	1728	101	A	0	0	101	35
A_PA	1729	90	T	0	0	90	35
A_PA	1730	91	G	0	0	91	35
A_PA	1731	105	G	0	0	105	35
A_PA	1732	104	G	0	0	104	35
A_PA	1733	96	G	0	0	96	35
A_PA	1734	89	C	0	0	89	35
A_PA	1735	109	A	0	0	109	35
A_PA	1736	104	T	0	0	104	35
A_PA	1737	111	G	0	0	111	35
A_PA	1738	113	G	0	0	113	35
A_PA	1739	98	A	0	0	98	35
A_PA	1740	105	G	0	0	105	35
A_PA	1741	113	A	0	0	113	35
A_PA	1742	108	T	0	0	108	35
A_PA	1743	114	G	0	0	114	35
A_PA	1744	93	A	0	0	93	35
A_PA	1745	114	G	0	0	114	35
A_PA	1746	88	G	0	0	88	35
A_PA	1747	102	C	0	0	102	35
A_PA	1748	108	G	0	0	108	35
A_PA	1749	102	A	0	0	102	35
A_PA	1750	90	T	0	0	90	35
A_PA	1751	88	G	0	0	88	35
A_PA	1752	90	C	0	0	90	35
A_PA	1753	92	C	0	0	92	35
A_PA	1754	102	T	0	0	102	35
A_PA	1755	91	T	0	0	91	35
A_PA	1756	100	C	0	0	100	35
A_PA	1757	111	T	0	0	111	35
A_PA	1758	108	T	0	0	108	35
A_PA	1759	87	C	0	0	87	35
A_PA	1760	109	A	0	0	109	35
A_PA	1761	102	G	0	0	102	35
A_PA	1762	86	T	0	0	86	35
A_PA	1763	106	C	0	0	106	35
A_PA	1764	88	C	0	0	88	35
A_PA	1765	101	C	0	0	101	35
A_PA	1766	111	T	0	0	111	35
A_PA	1767	101	T	0	0	101	35
A_PA	1768	103	C	0	0	103	35
A_PA	1769	99	A	0	0	99	35
A_PA	1770	85	A	0	0	85	35
A_PA	1771	87	C	0	0	87	35
A_PA	1772	115	A	0	0	115	35
A_PA	1773	92	A	0	0	92	35
A_PA	1774	113	A	0	0	113	35
A_PA	1775	103	T	0	0	103	35
A_PA	1776	93	T	0	0	93	35
A_PA	1777	108	G	0	0	108	35
A_PA	1778	97	A	0	0	97	35
A_PA	1779	115	G	0	0	115	35
A_PA	1780	97	A	0	0	97	35
A_PA	1781	109	G	0	0	109	35
A_PA	1782	104	C	0	0	104	35
A_PA	1783	101	A	0	0	101	35
A_PA	1784	85	T	0	0	85	35
A_PA	1785	93	G	0	0	93	35
A_PA	1786	112	A	0	0	112	35
A_PA	1787	87	T	0	0	87	35
A_PA	1788	113	T	0	0	113	35
A_PA	1789	98	G	0	0	98	35
A_PA	1790	87	A	0	0	87	35
A_PA	1791	91	G	0	0	91	35
A_PA	1792	115	G	0	0	115	35
A_PA	1793	108	C	0	0	108	35
A_PA	1794	101	C	0	0	101	35
A_PA	1795	85	G	0	0	85	35
A_PA	1796	109	A	0	0	109	35
A_PA	1797	95	A	0	0	95	35
A_PA	1798	87	T	0	0	87	35
A_PA	1799	90	C	0	0	90	35
A_PA	1800	93	T	0	0	93	35
A_PA	1801	95	T	0	0	95	35
A_PA	1802	108	C	0	0	108	35
A_PA	1803	97	T	0	0	97	35
A_PA	1804	97	G	0	0	97	35
A_PA	1805	100	T	0	0	100	35
A_PA	1806	103	C	0	0	103	35
A_PA	1807	95	A	0	0	95	35
A_PA	1808	96	A	0	0	96	35
A_PA	1809	112	A	0	0	112	35
A_PA	1810	96	G	0	0	96	35
A_PA	1811	110	A	0	0	110	35
A_PA	1812	94	G	0	0	94	35
A_PA	1813	115	A	0	0	115	35
A_PA	1814	113	A	0	0	113	35
A_PA	1815	113	G	0	0	113	35
A_PA	1816	102	G	0	0	102	35
A_PA	1817	92	A	0	0	92	35
A_PA	1818	91	C	0	0	91	35
A_PA	1819	105	A	0	0	105	35
A_PA	1820	110	T	0	0	110	35
A_PA	1821	85	G	0	0	85	35
A_PA	1822	111	T	0	0	111	35
A_PA	1823	107	C	0	0	107	35
A_PA	1824	104	C	0	0	104	35
A_PA	1825	95	A	0	0	95	35
A_PA	1826	110	A	0	0	110	35
A_PA	1827	88	G	0	0	88	35
A_PA	1828	108	G	0	0	108	35
A_PA	1829	95	A	0	0	95	35
A_PA	1830	109	A	0	0	109	35
A_PA	1831	100	T	0	0	100	35
A_PA	1832	89	T	0	0	89	35
A_PA	1833	88	C	0	0	88	35
A_PA	1834	107	T	0	0	107	35
A_PA	1835	103	T	0	0	103	35
A_PA	1836	110	T	0	0	110	35
A_PA	1837	106	G	0	0	106	35
A_PA	1838	90	A	0	0	90	35
A_PA	1839	106	A	0	0	106	35
A_PA	1840	88	A	0	0	88	35
A_PA	1841	103	A	0	0	103	35
A_PA	1842	94	C	0	0	94	35
A_PA	1843	110	A	0	0	110	35
A_PA	1844	97	A	0	0	97	35
A_PA	1845	89	A	0	0	89	35
A_PA	1846	110	T	0	0	110	35
A_PA	1847	106	C	0	0	106	35
A_PA	1848	102	A	0	0	102	35
A_PA	1849	104	G	0	0	104	35
A_PA	1850	95	A	0	0	95	35
A_PA	1851	112	A	0	0	112	35
A_PA	1852	92	A	0	0	92	35
A_PA	1853	103	C	0	0	103	35
A_PA	1854	110	A	0	0	110	35
A_PA	1855	115	T	0	0	115	35
A_PA	1856	89	G	0	0	89	35
A_PA	1857	115	G	0	0	115	35
A_PA	1858	86	C	0	0	86	35
A_PA	1859	110	C	0	0	110	35
A_PA	1860	87	A	0	0	87	35
A_PA	1861	93	A	0	0	93	35
A_PA	1862	110	T	0	0	110	35
A_PA	1863	87	T	0	0	87	35
A_PA	1864	88	G	0	0	88	35
A_PA	1865	115	G	0	0	115	35
A_PA	1866	85	A	0	0	85	35
A_PA	1867	111	G	0	0	111	35
A_PA	1868	89	A	0	0	89	35
A_PA	1869	106	A	0	0	106	35
A_PA	1870	90	T	0	0	90	35
A_PA	1871	104	C	0	0	104	35
A_PA	1872	115	A	0	0	115	35
A_PA	1873	88	C	0	0	88	35
A_PA	1874	106	C	0	0	106	35
A_PA	1875	103	C	0	0	103	35
A_PA	1876	87	A	0	0	87	35
A_PA	1877	113	A	0	0	113	35
A_PA	1878	104	A	0	0	104	35
A_PA	1879	86	G	0	0	86	35
A_PA	1880	111	G	0	0	111	35
A_PA	1881	98	G	0	0	98	35
A_PA	1882	109	G	0	0	109	35
A_PA	1883	108	T	0	0	108	35
A_PA	1884	99	G	0	0	99	35
A_PA	1885	106	G	0	0	106	35
A_PA	1886	93	A	0	0	93	35
A_PA	1887	108	G	0	0	108	35
A_PA	1888	90	G	0	0	90	35
A_PA	1889	96	A	0	0	96	35
A_PA	1890	106	A	0	0	106	35
A_PA	1891	100	G	0	0	100	35
A_PA	1892	114	G	0	0	114	35
A_PA	1893	91	C	0	0	91	35
A_PA	1894	113	T	0	0	113	35
A_PA	1895	106	C	0	0	106	35
A_PA	1896	114	T	0	0	114	35
A_PA	1897	113	A	0	0	113	35
A_PA	1898	91	T	0	0	91	35
A_PA	1899	104	T	0	0	104	35
A_PA	1900	112	G	0	0	112	35
A_PA	1901	114	G	0	0	114	35
A_PA	1902	103	G	0	0	103	35
A_PA	1903	100	A	0	0	100	35
A_PA	1904	96	A	0	0	96	35
A_PA	1905	88	A	0	0	88	35
A_PA	1906	88	G	0	0	88	35
A_PA	1907	100	T	0	0	100	35
A_PA	1908	85	A	0	0	85	35
A_PA	1909	110	T	0	0	110	35
A_PA	1910	114	G	0	0	114	35
A_PA	1911	113	C	0	0	113	35
A_PA	1912	89	A	0	0	89	35
A_PA	1913	91	G	0	0	91	35
A_PA	1914	110	A	0	0	110	35
A_PA	1915	93	A	0	0	93	35
A_PA	1916	97	C	0	0	97	35
A_PA	1917	99	A	0	0	99	35
A_PA	1918	105	T	0	0	105	35
A_PA	1919	92	T	0	0	92	35
A_PA	1920	111	G	0	0	111	35
A_PA	1921	89	C	0	0	89	35
A_PA	1922	101	T	0	0	101	35
A_PA	1923	108	A	0	0	108	35
A_PA	1924	105	G	0	0	105	35
A_PA	1925	91	C	0	0	91	35
A_PA	1926	111	A	0	0	111	35
A_PA	1927	109	A	0	0	109	35
A_PA	1928	92	A	0	0	92	35
A_PA	1929	111	G	0	0	111	35
A_PA	1930	88	T	0	0	88	35
A_PA	1931	106	C	0	0	106	35
A_PA	1932	110	T	0	0	110	35
A_PA	1933	105	G	0	0	105	35
A_PA	1934	101	T	0	0	101	35
A_PA	1935	87	G	0	0	87	35
A_PA	1936	106	T	0	0	106	35
A_PA	1937	93	T	0	0	93	35
A_PA	1938	109	C	0	0	109	35
A_PA	1939	112	A	0	0	112	35
A_PA	1940	96	A	0	0	96	35
A_PA	1941	115	C	0	0	115	35
A_PA	1942	110	A	0	0	110	35
A_PA	1943	103	G	0	0	103	35
A_PA	1944	106	C	0	0	106	35
A_PA	1945	99	C	0	0	99	35
A_PA	1946	96	T	0	0	96	35
A_PA	1947	114	A	0	0	114	35
A_PA	1948	90	T	0	0	90	35
A_PA	1949	111	A	0	0	111	35
A_PA	1950	88	T	0	0	88	35
A_PA	1951	112	G	0	0	112	35
A_PA	1952	93	C	0	0	93	35
A_PA	1953	90	A	0	0	90	35
A_PA	1954	91	T	0	0	91	35
A_PA	1955	87	C	0	0	87	35
A_PA	1956	110	T	0	0	110	35
A_PA	1957	87	C	0	0	87	35
A_PA	1958	95	C	0	0	95	35
A_PA	1959	89	A	0	0	89	35
A_PA	1960	100	C	0	0	100	35
A_PA	1961	111	A	0	0	111	35
A_PA	1962	100	A	0	0	100	35
A_PA	1963	89	C	0	0	89	35
A_PA	1964	101	T	0	0	101	35
A_PA	1965	92	C	0	0	92	35
A_PA	1966	94	G	0	0	94	35
A_PA	1967	106	A	0	0	106	35
A_PA	1968	109	G	0	0	109	35
A_PA	1969	90	G	0	0	90	35
A_PA	1970	92	G	0	0	92	35
A_PA	1971	113	G	0	0	113	35
A_PA	1972	103	T	0	0	103	35
A_PA	1973	102	T	0	0	102	35
A_PA	1974	110	T	0	0	110	35
A_PA	1975	106	T	0	0	106	35
A_PA	1976	112	C	0	0	112	35
A_PA	1977	109	A	0	0	109	35
A_PA	1978	97	G	0	0	97	35
A_PA	1979	99	C	0	0	99	35
A_PA	1980	94	T	0	0	94	35
A_PA	1981	112	G	0	0	112	35
A_PA	1982	110	A	0	0	110	35
A_PA	1983	89	A	0	0	89	35
A_PA	1984	95	T	0	0	95	35
A_PA	1985	92	C	0	0	92	35
A_PA	1986	106	A	0	0	106	35
A_PA	1987	85	A	0	0	85	35
A_PA	1988	105	G	0	0	105	35
A_PA	1989	90	A	0	0	90	35
A_PA	1990	85	A	0	0	85	35
A_PA	1991	109	A	0	0	109	35
A_PA	1992	88	A	0	0	88	35
A_PA	1993	89	T	0	0	89	35
A_PA	1994	93	T	0	0	93	35
A_PA	1995	114	G	0	0	114	35
A_PA	1996	112	C	0	0	112	35
A_PA	1997	90	T	0	0	90	35
A_PA	1998	88	T	0	0	88	35
A_PA	1999	108	C	0	0	108	35
A_PA	2000	85	T	0	0	85	35
A_PA	2001	107	C	0	0	107	35
A_PA	2002	113	A	0	0	113	35
A_PA	2003	99	T	0	0	99	35
A_PA	2004	96	T	0	0	96	35
A_PA	2005	94	G	0	0	94	35
A_PA	2006	114	T	0	0	114	35
A_PA	2007	101	T	0	0	101	35
A_PA	2008	85	C	0	0	85	35
A_PA	2009	96	A	0	0	96	35
A_PA	2010	97	G	0	0	97	35
A_PA	2011	111	G	0	0	111	35
A_PA	2012	115	C	0	0	115	35
A_PA	2013	94	A	0	0	94	35
A_PA	2014	103	C	0	0	103	35
A_PA	2015	110	T	0	0	110	35
A_PA	2016	97	T	0	0	97	35
A_PA	2017	102	A	0	0	102	35
A_PA	2018	89	G	0	0	89	35
A_PA	2019	91	G	0	0	91	35
A_PA	2020	96	G	0	0	96	35
A_PA	2021	89	A	0	0	89	35
A_PA	2022	85	C	0	0	85	35
A_PA	2023	115	A	0	0	115	35
A_PA	2024	90	A	0	0	90	35
A_PA	2025	112	C	0	0	112	35
A_PA	2026	99	C	0	0	99	35
A_PA	2027	86	T	0	0	86	35
A_PA	2028	93	G	0	0	93	35
A_PA	2029	108	G	0	0	108	35
A_PA	2030	87	A	0	0	87	35
A_PA	2031	94	A	0	0	94	35
A_PA	2032	106	C	0	0	106	35
A_PA	2033	99	C	0	0	99	35
A_PA	2034	96	T	0	0	96	35
A_PA	2035	108	G	0	0	108	35
A_PA	2036	113	G	0	0	113	35
A_PA	2037	91	A	0	0	91	35
A_PA	2038	106	A	0	0	106	35
A_PA	2039	97	C	0	0	97	35
A_PA	2040	91	C	0	0	91	35
A_PA	2041	103	T	0	0	103	35
A_PA	2042	92	T	0	0	92	35
A_PA	2043	111	C	0	0	111	35
A_PA	2044	114	G	0	0	114	35
A_PA	2045	94	A	0	0	94	35
A_PA	2046	109	T	0	0	109	35
A_PA	2047	109	C	0	0	109	35
A_PA	2048	95	T	0	0	95	35
A_PA	2049	93	T	0	0	93	35
A_PA	2050	89	G	0	0	89	35
A_PA	2051	102	G	0	0	102	35
A_PA	2052	99	G	0	0	99	35
A_PA	2053	100	G	0	0	100	35
A_PA	2054	98	G	0	0	98	35
A_PA	2055	94	G	0	0	94	35
A_PA	2056	96	C	0	0	96	35
A_PA	2057	108	T	0	0	108	35
A_PA	2058	100	A	0	0	100	35
A_PA	2059	95	T	0	0	95	35
A_PA	2060	103	A	0	0	103	35
A_PA	2061	114	T	0	0	114	35
A_PA	2062	113	G	0	0	113	35
A_PA	2063	102	A	0	0	102	35
A_PA	2064	112	A	0	0	112	35
A_PA	2065	103	G	0	0	103	35
A_PA	2066	114	C	0	0	114	35
A_PA	2067	86	A	0	0	86	35
A_PA	2068	105	A	0	0	105	35
A_PA	2069	100	T	0	0	100	35
A_PA	2070	108	T	0	0	108	35
A_PA	2071	100	G	0	0	100	35
A_PA	2072	110	A	0	0	110	35
A_PA	2073	87	G	0	0	87	35
A_PA	2074	103	G	0	0	103	35
A_PA	2075	104	A	0	0	104	35
A_PA	2076	101	G	0	0	101	35
A_PA	2077	88	T	0	0	88	35
A_PA	2078	92	G	0	0	92	35
A_PA	2079	94	C	0	0	94	35
A_PA	2080	110	C	0	0	110	35
A_PA	2081	115	T	0	0	115	35
A_PA	2082	92	G	0	0	92	35
A_PA	2083	113	A	0	0	113	35
A_PA	2084	114	T	0	0	114	35
A_PA	2085	104	T	0	0	104	35
A_PA	2086	106	A	0	0	106	35
A_PA	2087	108	A	0	0	108	35
A_PA	2088	107	C	0	0	107	35
A_PA	2089	110	G	0	0	110	35
A_PA	2090	88	A	0	0	88	35
A_PA	2091	88	T	0	0	88	35
A_PA	2092	95	C	0	0	95	35
A_PA	2093	89	C	0	0	89	35
A_PA	2094	99	C	0	0	99	35
A_PA	2095	101	T	0	0	101	35
A_PA	2096	114	G	0	0	114	35
A_PA	2097	106	G	0	0	106	35
A_PA	2098	92	G	0	0	92	35
A_PA	2099	99	T	0	0	99	35
A_PA	2100	90	T	0	0	90	35
A_PA	2101	98	T	0	0	98	35
A_PA	2102	96	T	0	0	96	35
A_PA	2103	109	G	0	0	109	35
A_PA	2104	115	C	0	0	115	35
A_PA	2105	115	T	0	0	115	35
A_PA	2106	115	T	0	0	115	35
A_PA	2107	113	A	0	0	113	35
A_PA	2108	90	A	0	0	90	35
A_PA	2109	113	T	0	0	113	35
A_PA	2110	92	G	0	0	92	35
A_PA	2111	104	C	0	0	104	35
A_PA	2112	90	A	0	0	90	35
A_PA	2113	103	T	0	0	103	35
A_PA	2114	94	C	0	0	94	35
A_PA	2115	93	T	0	0	93	35
A_PA	2116	85	T	0	0	85	35
A_PA	2117	109	G	0	0	109	35
A_PA	2118	99	G	0	0	99	35
A_PA	2119	98	T	0	0	98	35
A_PA	2120	92	T	0	0	92	35
A_PA	2121	98	C	0	0	98	35
A_PA	2122	113	A	0	0	113	35
A_PA	2123	109	A	0	0	109	35
A_PA	2124	92	C	0	0	92	35
A_PA	2125	107	T	0	0	107	35
A_PA	2126	103	C	0	0	103	35
A_PA	2127	105	C	0	0	105	35
A_PA	2128	106	T	0	0	106	35
A_PA	2129	93	T	0	0	93	35
A_PA	2130	93	C	0	0	93	35
A_PA	2131	106	C	0	0	106	35
A_PA	2132	106	T	0	0	106	35
A_PA	2133	95	C	0	0	95	35
A_PA	2134	102	A	0	0	102	35
A_PA	2135	92	C	0	0	92	35
A_PA	2136	90	A	0	0	90	35
A_PA	2137	89	C	0	0	89	35
A_PA	2138	85	A	0	0	85	35
A_PA	2139	101	T	0	0	101	35
A_PA	2140	104	G	0	0	104	35
A_PA	2141	101	C	0	0	101	35
A_PA	2142	108	A	0	0	108	35
A_PA	2143	90	C	0	0	90	35
A_PA	2144	85	T	0	0	85	35
A_PA	2145	91	G	0	0	91	35
A_PA	2146	111	A	0	0	111	35
A_PA	2147	88	A	0	0	88	35
A_PA	2148	107	A	0	0	107	35
A_PA	2149	90	T	0	0	90	35
A_PA	2150	103	A	0	0	103	35
A_PA	2151	101	G	0	0	101	35
