Reference_Name	Position	Coverage Depth	Consensus	Deletions	Ambiguous	Consensus_Count	Consensus_Average_Quality
A_PB2	1	89	A	0	0	89	35
A_PB2	2	88	T	0	0	88	35
A_PB2	3	111	G	0	0	111	35
A_PB2	4	111	G	0	0	111	35
A_PB2	5	115	A	0	0	115	35
A_PB2	6	108	G	0	0	108	35
A_PB2	7	93	A	0	0	93	35
A_PB2	8	111	G	0	0	111	35
A_PB2	9	112	A	0	0	112	35
A_PB2	10	104	A	0	0	104	35
A_PB2	11	111	T	0	0	111	35
A_PB2	12	89	A	0	0	89	35
A_PB2	13	89	A	0	0	89	35
A_PB2	14	90	A	0	0	90	35
A_PB2	15	102	A	0	0	102	35
A_PB2	16	113	G	0	0	113	35
A_PB2	17	101	A	0	0	101	35
A_PB2	18	109	A	0	0	109	35
A_PB2	19	92	C	0	0	92	35
A_PB2	20	93	T	0	0	93	35
A_PB2	21	92	A	0	0	92	35
A_PB2	22	110	A	0	0	110	35
A_PB2	23	97	G	0	0	97	35
A_PB2	24	114	A	0	0	114	35
A_PB2	25	109	G	0	0	109	35
A_PB2	26	111	A	0	0	111	35
A_PB2	27	89	T	0	0	89	35
A_PB2	28	101	C	0	0	101	35
A_PB2	29	95	T	0	0	95	35
A_PB2	30	101	A	0	0	101	35
A_PB2	31	87	A	0	0	87	35
A_PB2	32	110	T	0	0	110	35
A_PB2	33	87	G	0	0	87	35
A_PB2	34	94	T	0	0	94	35
A_PB2	35	99	C	0	0	99	35
A_PB2	36	85	A	0	0	85	35
A_PB2	37	94	C	0	0	94	35
A_PB2	38	90	A	0	0	90	35
A_PB2	39	89	G	0	0	89	35
A_PB2	40	86	T	0	0	86	35
A_PB2	41	98	C	0	0	98	35
A_PB2	42	94	T	0	0	94	35
A_PB2	43	85	C	0	0	85	35
A_PB2	44	98	G	0	0	98	35
A_PB2	45	106	C	0	0	106	35
A_PB2	46	95	A	0	0	95	35
A_PB2	47	100	C	0	0	100	35
A_PB2	48	114	T	0	0	114	35
A_PB2	49	108	C	0	0	108	35
A_PB2	50	93	G	0	0	93	35
A_PB2	51	102	C	0	0	102	35
A_PB2	52	90	G	0	0	90	35
A_PB2	53	90	A	0	0	90	35
A_PB2	54	86	G	0	0	86	35
A_PB2	55	101	A	0	0	101	35
A_PB2	56	105	T	0	0	105	35
A_PB2	57	96	A	0	0	96	35
A_PB2	58	114	C	0	0	114	35
A_PB2	59	85	T	0	0	85	35
A_PB2	60	101	G	0	0	101	35
A_PB2	61	104	A	0	0	104	35
A_PB2	62	91	C	0	0	91	35
A_PB2	63	95	C	0	0	95	35
A_PB2	64	86	A	0	0	86	35
A_PB2	65	87	A	0	0	87	35
A_PB2	66	107	A	0	0	107	35
A_PB2	67	113	A	0	0	113	35
A_PB2	68	93	C	0	0	93	35
A_PB2	69	110	C	0	0	110	35
A_PB2	70	88	A	0	0	88	35
A_PB2	71	99	C	0	0	99	35
A_PB2	72	98	T	0	0	98	35
A_PB2	73	87	G	0	0	87	35
A_PB2	74	112	T	0	0	112	35
A_PB2	75	103	T	0	0	103	35
A_PB2	76	97	G	0	0	97	35
A_PB2	77	115	A	0	0	115	35
A_PB2	78	90	C	0	0	90	35
A_PB2	79	89	C	0	0	89	35
A_PB2	80	113	A	0	0	113	35
A_PB2	81	105	C	0	0	105	35
A_PB2	82	94	A	0	0	94	35
A_PB2	83	104	T	0	0	104	35
A_PB2	84	106	G	0	0	106	35
A_PB2	85	97	G	0	0	97	35
A_PB2	86	89	C	0	0	89	35
A_PB2	87	95	C	0	0	95	35
A_PB2	88	95	A	0	0	95	35
A_PB2	89	88	T	0	0	88	35
A_PB2	90	112	A	0	0	112	35
A_PB2	91	90	A	0	0	90	35
A_PB2	92	95	T	0	0	95	35
A_PB2	93	92	C	0	0	92	35
A_PB2	94	101	A	0	0	101	35
A_PB2	95	113	A	0	0	113	35
A_PB2	96	97	A	0	0	97	35
A_PB2	97	98	A	0	0	98	35
A_PB2	98	109	A	0	0	109	35
A_PB2	99	111	G	0	0	111	35
A_PB2	100	85	T	0	0	85	35
A_PB2	101	95	A	0	0	95	35
A_PB2	102	97	C	0	0	97	35
A_PB2	103	87	A	0	0	87	35
A_PB2	104	107	C	0	0	107	35
A_PB2	105	100	A	0	0	100	35
A_PB2	106	94	T	0	0	94	35
A_PB2	107	97	C	0	0	97	35
A_PB2	108	94	G	0	0	94	35
A_PB2	109	104	G	0	0	104	35
A_PB2	110	106	G	0	0	106	35
A_PB2	111	86	A	0	0	86	35
A_PB2	112	101	A	0	0	101	35
A_PB2	113	103	G	0	0	103	35
A_PB2	114	89	G	0	0	89	35
A_PB2	115	108	C	0	0	108	35
A_PB2	116	89	A	0	0	89	35
A_PB2	117	102	A	0	0	102	35
A_PB2	118	112	G	0	0	112	35
A_PB2	119	98	A	0	0	98	35
A_PB2	120	109	G	0	0	109	35
A_PB2	121	90	A	0	0	90	35
A_PB2	122	104	A	0	0	104	35
A_PB2	123	90	G	0	0	90	35
A_PB2	124	94	A	0	0	94	35
A_PB2	125	96	A	0	0	96	35
A_PB2	126	93	C	0	0	93	35
A_PB2	127	87	C	0	0	87	35
A_PB2	128	110	C	0	0	110	35
A_PB2	129	112	C	0	0	112	35
A_PB2	130	92	G	0	0	92	35
A_PB2	131	96	C	0	0	96	35
A_PB2	132	111	A	0	0	111	35
A_PB2	133	89	C	0	0	89	35
A_PB2	134	97	T	0	0	97	35
A_PB2	135	92	C	0	0	92	35
A_PB2	136	105	A	0	0	105	35
A_PB2	137	107	G	0	0	107	35
A_PB2	138	108	A	0	0	108	35
A_PB2	139	92	A	0	0	92	35
A_PB2	140	89	T	0	0	89	35
A_PB2	141	88	G	0	0	88	35
A_PB2	142	100	A	0	0	100	35
A_PB2	143	102	A	0	0	102	35
A_PB2	144	104	A	0	0	104	35
A_PB2	145	100	T	0	0	100	35
A_PB2	146	87	G	0	0	87	35
A_PB2	147	88	G	0	0	88	35
A_PB2	148	87	A	0	0	87	35
A_PB2	149	115	T	0	0	115	35
A_PB2	150	109	G	0	0	109	35
A_PB2	151	97	A	0	0	97	35
A_PB2	152	105	T	0	0	105	35
A_PB2	153	104	G	0	0	104	35
A_PB2	154	90	G	0	0	90	35
A_PB2	155	88	C	0	0	88	35
A_PB2	156	104	A	0	0	104	35
A_PB2	157	105	A	0	0	105	35
A_PB2	158	103	T	0	0	103	35
A_PB2	159	105	G	0	0	105	35
A_PB2	160	88	A	0	0	88	35
A_PB2	161	102	A	0	0	102	35
A_PB2	162	97	A	0	0	97	35
A_PB2	163	104	T	0	0	104	35
A_PB2	164	99	A	0	0	99	35
A_PB2	165	114	T	0	0	114	35
A_PB2	166	102	C	0	0	102	35
A_PB2	167	96	C	0	0	96	35
A_PB2	168	91	A	0	0	91	35
A_PB2	169	104	A	0	0	104	35
A_PB2	170	95	T	0	0	95	35
A_PB2	171	112	T	0	0	112	35
A_PB2	172	112	A	0	0	112	35
A_PB2	173	108	C	0	0	108	35
A_PB2	174	88	A	0	0	88	35
A_PB2	175	87	G	0	0	87	35
A_PB2	176	105	C	0	0	105	35
A_PB2	177	104	A	0	0	104	35
A_PB2	178	102	G	0	0	102	35
A_PB2	179	95	A	0	0	95	35
A_PB2	180	93	T	0	0	93	35
A_PB2	181	99	A	0	0	99	35
A_PB2	182	106	A	0	0	106	35
A_PB2	183	100	G	0	0	100	35
A_PB2	184	85	C	0	0	85	35
A_PB2	185	108	G	0	0	108	35
A_PB2	186	97	A	0	0	97	35
A_PB2	187	99	A	0	0	99	35
A_PB2	188	113	T	0	0	113	35
A_PB2	189	85	A	0	0	85	35
A_PB2	190	98	A	0	0	98	35
A_PB2	191	95	T	0	0	95	35
A_PB2	192	112	G	0	0	112	35
A_PB2	193	93	G	0	0	93	35
A_PB2	194	95	A	0	0	95	35
A_PB2	195	88	A	0	0	88	35
A_PB2	196	108	A	0	0	108	35
A_PB2	197	112	T	0	0	112	35
A_PB2	198	110	G	0	0	110	35
A_PB2	199	93	A	0	0	93	35
A_PB2	200	94	T	0	0	94	35
A_PB2	201	99	C	0	0	99	35
A_PB2	202	105	C	0	0	105	35
A_PB2	203	101	C	0	0	101	35
A_PB2	204	103	T	0	0	103	35
A_PB2	205	112	G	0	0	112	35
A_PB2	206	102	A	0	0	102	35
A_PB2	207	87	G	0	0	87	35
A_PB2	208	98	A	0	0	98	35
A_PB2	209	96	G	0	0	96	35
A_PB2	210	110	G	0	0	110	35
A_PB2	211	94	A	0	0	94	35
A_PB2	212	95	A	0	0	95	35
A_PB2	213	97	T	0	0	97	35
A_PB2	214	113	G	0	0	113	35
A_PB2	215	105	A	0	0	105	35
A_PB2	216	115	A	0	0	115	35
A_PB2	217	90	C	0	0	90	35
A_PB2	218	105	A	0	0	105	35
A_PB2	219	94	A	0	0	94	35
A_PB2	220	88	G	0	0	88	35
A_PB2	221	92	G	0	0	92	35
A_PB2	222	102	G	0	0	102	35
A_PB2	223	93	C	0	0	93	35
A_PB2	224	96	A	0	0	96	35
A_PB2	225	115	A	0	0	115	35
A_PB2	226	98	A	0	0	98	35
A_PB2	227	96	C	0	0	96	35
A_PB2	228	88	T	0	0	88	35
A_PB2	229	100	C	0	0	100	35
A_PB2	230	85	T	0	0	85	35
A_PB2	231	90	C	0	0	90	35
A_PB2	232	115	T	0	0	115	35
A_PB2	233	115	G	0	0	115	35
A_PB2	234	102	G	0	0	102	35
A_PB2	235	111	A	0	0	111	35
A_PB2	236	91	G	0	0	91	35
A_PB2	237	95	C	0	0	95	35
A_PB2	238	107	A	0	0	107	35
A_PB2	239	110	A	0	0	110	35
A_PB2	240	90	A	0	0	90	35
A_PB2	241	93	A	0	0	93	35
A_PB2	242	88	C	0	0	88	35
A_PB2	243	106	A	0	0	106	35
A_PB2	244	88	A	0	0	88	35
A_PB2	245	113	A	0	0	113	35
A_PB2	246	99	C	0	0	99	35
A_PB2	247	91	G	0	0	91	35
A_PB2	248	90	A	0	0	90	35
A_PB2	249	101	T	0	0	101	35
A_PB2	250	113	G	0	0	113	35
A_PB2	251	112	C	0	0	112	35
A_PB2	252	98	C	0	0	98	35
A_PB2	253	102	G	0	0	102	35
A_PB2	254	111	G	0	0	111	35
A_PB2	255	94	A	0	0	94	35
A_PB2	256	92	T	0	0	92	35
A_PB2	257	111	C	0	0	111	35
A_PB2	258	85	A	0	0	85	35
A_PB2	259	98	G	0	0	98	35
A_PB2	260	95	A	0	0	95	35
A_PB2	261	87	C	0	0	87	35
A_PB2	262	100	C	0	0	100	35
A_PB2	263	109	G	0	0	109	35
A_PB2	264	111	A	0	0	111	35
A_PB2	265	97	G	0	0	97	35
A_PB2	266	100	T	0	0	100	35
A_PB2	267	93	G	0	0	93	35
A_PB2	268	107	A	0	0	107	35
A_PB2	269	108	T	0	0	108	35
A_PB2	270	103	G	0	0	103	35
A_PB2	271	98	G	0	0	98	35
A_PB2	272	109	T	0	0	109	35
A_PB2	273	104	A	0	0	104	35
A_PB2	274	115	T	0	0	115	35
A_PB2	275	109	C	0	0	109	35
A_PB2	276	85	A	0	0	85	35
A_PB2	277	93	C	0	0	93	35
A_PB2	278	102	C	0	0	102	35
A_PB2	279	105	C	0	0	105	35
A_PB2	280	94	C	0	0	94	35
A_PB2	281	99	T	0	0	99	35
A_PB2	282	90	G	0	0	90	35
A_PB2	283	90	G	0	0	90	35
A_PB2	284	112	C	0	0	112	35
A_PB2	285	107	T	0	0	107	35
A_PB2	286	112	G	0	0	112	35
A_PB2	287	100	T	0	0	100	35
A_PB2	288	100	G	0	0	100	35
A_PB2	289	91	A	0	0	91	35
A_PB2	290	97	C	0	0	97	35
A_PB2	291	99	A	0	0	99	35
A_PB2	292	91	T	0	0	91	35
A_PB2	293	90	G	0	0	90	35
A_PB2	294	101	G	0	0	101	35
A_PB2	295	90	T	0	0	90	35
A_PB2	296	106	G	0	0	106	35
A_PB2	297	113	G	0	0	113	35
A_PB2	298	111	A	0	0	111	35
A_PB2	299	105	A	0	0	105	35
A_PB2	300	97	C	0	0	97	35
A_PB2	301	107	A	0	0	107	35
A_PB2	302	89	G	0	0	89	35
A_PB2	303	93	G	0	0	93	35
A_PB2	304	115	A	0	0	115	35
A_PB2	305	107	A	0	0	107	35
A_PB2	306	106	C	0	0	106	35
A_PB2	307	115	G	0	0	115	35
A_PB2	308	96	G	0	0	96	35
A_PB2	309	101	A	0	0	101	35
A_PB2	310	115	C	0	0	115	35
A_PB2	311	105	C	0	0	105	35
A_PB2	312	96	A	0	0	96	35
A_PB2	313	106	A	0	0	106	35
A_PB2	314	103	C	0	0	103	35
A_PB2	315	100	A	0	0	100	35
A_PB2	316	94	A	0	0	94	35
A_PB2	317	113	C	0	0	113	35
A_PB2	318	113	A	0	0	113	35
A_PB2	319	85	A	0	0	85	35
A_PB2	320	104	G	0	0	104	35
A_PB2	321	109	T	0	0	109	35
A_PB2	322	102	A	0	0	102	35
A_PB2	323	108	C	0	0	108	35
A_PB2	324	91	A	0	0	91	35
A_PB2	325	85	G	0	0	85	35
A_PB2	326	88	T	0	0	88	35
A_PB2	327	96	C	0	0	96	35
A_PB2	328	98	C	0	0	98	35
A_PB2	329	114	A	0	0	114	35
A_PB2	330	93	C	0	0	93	35
A_PB2	331	93	T	0	0	93	35
A_PB2	332	112	A	0	0	112	35
A_PB2	333	96	C	0	0	96	35
A_PB2	334	88	C	0	0	88	35
A_PB2	335	113	C	0	0	113	35
A_PB2	336	103	A	0	0	103	35
A_PB2	337	95	A	0	0	95	35
A_PB2	338	108	A	0	0	108	35
A_PB2	339	106	G	0	0	106	35
A_PB2	340	106	G	0	0	106	35
A_PB2	341	103	T	0	0	103	35
A_PB2	342	88	A	0	0	88	35
A_PB2	343	114	T	0	0	114	35
A_PB2	344	96	A	0	0	96	35
A_PB2	345	97	T	0	0	97	35
A_PB2	346	105	A	0	0	105	35
A_PB2	347	114	A	0	0	114	35
A_PB2	348	99	A	0	0	99	35
A_PB2	349	94	A	0	0	94	35
A_PB2	350	89	C	0	0	89	35
A_PB2	351	104	T	0	0	104	35
A_PB2	352	88	T	0	0	88	35
A_PB2	353	99	A	0	0	99	35
A_PB2	354	89	T	0	0	89	35
A_PB2	355	100	T	0	0	100	35
A_PB2	356	96	T	0	0	96	35
A_PB2	357	97	C	0	0	97	35
A_PB2	358	110	G	0	0	110	35
A_PB2	359	103	A	0	0	103	35
A_PB2	360	86	A	0	0	86	35
A_PB2	361	95	A	0	0	95	35
A_PB2	362	95	A	0	0	95	35
A_PB2	363	85	A	0	0	85	35
A_PB2	364	106	G	0	0	106	35
A_PB2	365	95	T	0	0	95	35
A_PB2	366	85	T	0	0	85	35
A_PB2	367	110	G	0	0	110	35
A_PB2	368	98	A	0	0	98	35
A_PB2	369	112	A	0	0	112	35
A_PB2	370	91	A	0	0	91	35
A_PB2	371	98	G	0	0	98	35
A_PB2	372	99	G	0	0	99	35
A_PB2	373	113	T	0	0	113	35
A_PB2	374	104	T	0	0	104	35
A_PB2	375	108	G	0	0	108	35
A_PB2	376	86	A	0	0	86	35
A_PB2	377	112	A	0	0	112	35
A_PB2	378	93	A	0	0	93	35
A_PB2	379	112	C	0	0	112	35
A_PB2	380	86	A	0	0	86	35
A_PB2	381	85	C	0	0	85	35
A_PB2	382	96	G	0	0	96	35
A_PB2	383	85	G	0	0	85	35
A_PB2	384	96	G	0	0	96	35
A_PB2	385	110	A	0	0	110	35
A_PB2	386	113	C	0	0	113	35
A_PB2	387	110	C	0	0	110	35
A_PB2	388	85	T	0	0	85	35
A_PB2	389	106	T	0	0	106	35
A_PB2	390	109	T	0	0	109	35
A_PB2	391	114	G	0	0	114	35
A_PB2	392	113	G	0	0	113	35
A_PB2	393	107	C	0	0	107	35
A_PB2	394	98	C	0	0	98	35
A_PB2	395	86	C	0	0	86	35
A_PB2	396	108	T	0	0	108	35
A_PB2	397	102	G	0	0	102	35
A_PB2	398	113	T	0	0	113	35
A_PB2	399	99	G	0	0	99	35
A_PB2	400	99	C	0	0	99	35
A_PB2	401	88	A	0	0	88	35
A_PB2	402	103	C	0	0	103	35
A_PB2	403	89	T	0	0	89	35
A_PB2	404	105	T	0	0	105	35
A_PB2	405	93	C	0	0	93	35
A_PB2	406	92	A	0	0	92	35
A_PB2	407	97	G	0	0	97	35
A_PB2	408	90	A	0	0	90	35
A_PB2	409	102	A	0	0	102	35
A_PB2	410	112	A	0	0	112	35
A_PB2	411	106	C	0	0	106	35
A_PB2	412	96	C	0	0	96	35
A_PB2	413	86	A	0	0	86	35
A_PB2	414	95	A	0	0	95	35
A_PB2	415	99	G	0	0	99	35
A_PB2	416	106	T	0	0	106	35
A_PB2	417	114	T	0	0	114	35
A_PB2	418	88	A	0	0	88	35
A_PB2	419	114	A	0	0	114	35
A_PB2	420	90	G	0	0	90	35
A_PB2	421	91	A	0	0	91	35
A_PB2	422	115	T	0	0	115	35
A_PB2	423	100	A	0	0	100	35
A_PB2	424	111	A	0	0	111	35
A_PB2	425	100	G	0	0	100	35
A_PB2	426	89	A	0	0	89	35
A_PB2	427	112	C	0	0	112	35
A_PB2	428	88	G	0	0	88	35
A_PB2	429	97	G	0	0	97	35
A_PB2	430	91	A	0	0	91	35
A_PB2	431	90	G	0	0	90	35
A_PB2	432	103	G	0	0	103	35
A_PB2	433	103	G	0	0	103	35
A_PB2	434	107	T	0	0	107	35
A_PB2	435	97	C	0	0	97	35
A_PB2	436	96	G	0	0	96	35
A_PB2	437	93	A	0	0	93	35
A_PB2	438	96	T	0	0	96	35
A_PB2	439	112	A	0	0	112	35
A_PB2	440	98	T	0	0	98	35
A_PB2	441	111	A	0	0	111	35
A_PB2	442	93	A	0	0	93	35
A_PB2	443	86	A	0	0	86	35
A_PB2	444	114	C	0	0	114	35
A_PB2	445	86	C	0	0	86	35
A_PB2	446	103	C	0	0	103	35
A_PB2	447	104	G	0	0	104	35
A_PB2	448	97	G	0	0	97	35
A_PB2	449	108	G	0	0	108	35
A_PB2	450	90	C	0	0	90	35
A_PB2	451	101	C	0	0	101	35
A_PB2	452	103	A	0	0	103	35
A_PB2	453	91	T	0	0	91	35
A_PB2	454	101	G	0	0	101	35
A_PB2	455	91	C	0	0	91	35
A_PB2	456	95	T	0	0	95	35
A_PB2	457	114	G	0	0	114	35
A_PB2	458	91	A	0	0	91	35
A_PB2	459	107	C	0	0	107	35
A_PB2	460	92	C	0	0	92	35
A_PB2	461	99	T	0	0	99	35
A_PB2	462	104	C	0	0	104	35
A_PB2	463	106	A	0	0	106	35
A_PB2	464	87	G	0	0	87	35
A_PB2	465	86	T	0	0	86	35
A_PB2	466	98	G	0	0	98	35
A_PB2	467	104	C	0	0	104	35
A_PB2	468	115	C	0	0	115	35
A_PB2	469	97	A	0	0	97	35
A_PB2	470	95	A	0	0	95	35
A_PB2	471	108	A	0	0	108	35
A_PB2	472	97	G	0	0	97	35
A_PB2	473	98	A	0	0	98	35
A_PB2	474	108	G	0	0	108	35
A_PB2	475	86	G	0	0	86	35
A_PB2	476	104	C	0	0	104	35
A_PB2	477	85	G	0	0	85	35
A_PB2	478	92	C	0	0	92	35
A_PB2	479	98	A	0	0	98	35
A_PB2	480	86	G	0	0	86	35
A_PB2	481	114	G	0	0	114	35
A_PB2	482	93	A	0	0	93	35
A_PB2	483	111	T	0	0	111	35
A_PB2	484	109	G	0	0	109	35
A_PB2	485	89	T	0	0	89	35
A_PB2	486	103	A	0	0	103	35
A_PB2	487	103	A	0	0	103	35
A_PB2	488	108	T	0	0	108	35
A_PB2	489	107	C	0	0	107	35
A_PB2	490	105	A	0	0	105	35
A_PB2	491	108	T	0	0	108	35
A_PB2	492	86	G	0	0	86	35
A_PB2	493	102	G	0	0	102	35
A_PB2	494	93	A	0	0	93	35
A_PB2	495	96	A	0	0	96	35
A_PB2	496	103	G	0	0	103	35
A_PB2	497	86	T	0	0	86	35
A_PB2	498	108	C	0	0	108	35
A_PB2	499	114	G	0	0	114	35
A_PB2	500	93	T	0	0	93	35
A_PB2	501	93	C	0	0	93	35
A_PB2	502	110	T	0	0	110	35
A_PB2	503	100	T	0	0	100	35
A_PB2	504	88	C	0	0	88	35
A_PB2	505	100	C	0	0	100	35
A_PB2	506	100	C	0	0	100	35
A_PB2	507	98	A	0	0	98	35
A_PB2	508	108	A	0	0	108	35
A_PB2	509	104	A	0	0	104	35
A_PB2	510	113	T	0	0	113	35
A_PB2	511	86	G	0	0	86	35
A_PB2	512	97	A	0	0	97	35
A_PB2	513	98	A	0	0	98	35
A_PB2	514	95	G	0	0	95	35
A_PB2	515	110	T	0	0	110	35
A_PB2	516	111	G	0	0	111	35
A_PB2	517	104	G	0	0	104	35
A_PB2	518	99	G	0	0	99	35
A_PB2	519	89	A	0	0	89	35
A_PB2	520	108	G	0	0	108	35
A_PB2	521	105	C	0	0	105	35
A_PB2	522	100	A	0	0	100	35
A_PB2	523	103	A	0	0	103	35
A_PB2	524	105	G	0	0	105	35
A_PB2	525	100	G	0	0	100	35
A_PB2	526	102	A	0	0	102	35
A_PB2	527	95	T	0	0	95	35
A_PB2	528	102	A	0	0	102	35
A_PB2	529	101	T	0	0	101	35
A_PB2	530	108	T	0	0	108	35
A_PB2	531	90	G	0	0	90	35
A_PB2	532	85	A	0	0	85	35
A_PB2	533	90	C	0	0	90	35
A_PB2	534	113	G	0	0	113	35
A_PB2	535	92	T	0	0	92	35
A_PB2	536	85	C	0	0	85	35
A_PB2	537	110	G	0	0	110	35
A_PB2	538	110	G	0	0	110	35
A_PB2	539	101	A	0	0	101	35
A_PB2	540	93	G	0	0	93	35
A_PB2	541	103	T	0	0	103	35
A_PB2	542	113	C	0	0	113	35
A_PB2	543	98	A	0	0	98	35
A_PB2	544	115	C	0	0	115	35
A_PB2	545	110	A	0	0	110	35
A_PB2	546	89	A	0	0	89	35
A_PB2	547	105	C	0	0	105	35
A_PB2	548	87	T	0	0	87	35
A_PB2	549	94	G	0	0	94	35
A_PB2	550	104	A	0	0	104	35
A_PB2	551	98	C	0	0	98	35
A_PB2	552	107	G	0	0	107	35
A_PB2	553	96	A	0	0	96	35
A_PB2	554	104	T	0	0	104	35
A_PB2	555	101	A	0	0	101	35
A_PB2	556	101	A	0	0	101	35
A_PB2	557	102	C	0	0	102	35
A_PB2	558	106	A	0	0	106	35
A_PB2	559	113	A	0	0	113	35
A_PB2	560	104	A	0	0	104	35
A_PB2	561	113	G	0	0	113	35
A_PB2	562	96	G	0	0	96	35
A_PB2	563	111	A	0	0	111	35
A_PB2	564	101	G	0	0	101	35
A_PB2	565	114	A	0	0	114	35
A_PB2	566	92	A	0	0	92	35
A_PB2	567	109	A	0	0	109	35
A_PB2	568	94	A	0	0	94	35
A_PB2	569	97	A	0	0	97	35
A_PB2	570	92	G	0	0	92	35
A_PB2	571	111	G	0	0	111	35
A_PB2	572	110	A	0	0	110	35
A_PB2	573	87	A	0	0	87	35
A_PB2	574	87	G	0	0	87	35
A_PB2	575	101	A	0	0	101	35
A_PB2	576	86	A	0	0	86	35
A_PB2	577	87	C	0	0	87	35
A_PB2	578	86	T	0	0	86	35
A_PB2	579	99	C	0	0	99	35
A_PB2	580	90	C	0	0	90	35
A_PB2	581	101	A	0	0	101	35
A_PB2	582	105	G	0	0	105	35
A_PB2	583	92	G	0	0	92	35
A_PB2	584	92	A	0	0	92	35
A_PB2	585	101	C	0	0	101	35
A_PB2	586	108	T	0	0	108	35
A_PB2	587	94	G	0	0	94	35
A_PB2	588	86	C	0	0	86	35
A_PB2	589	95	A	0	0	95	35
A_PB2	590	103	A	0	0	103	35
A_PB2	591	85	A	0	0	85	35
A_PB2	592	104	A	0	0	104	35
A_PB2	593	91	T	0	0	91	35
A_PB2	594	100	C	0	0	100	35
A_PB2	595	113	G	0	0	113	35
A_PB2	596	94	C	0	0	94	35
A_PB2	597	96	T	0	0	96	35
A_PB2	598	105	C	0	0	105	35
A_PB2	599	98	C	0	0	98	35
A_PB2	600	97	T	0	0	97	35
A_PB2	601	104	C	0	0	104	35
A_PB2	602	106	T	0	0	106	35
A_PB2	603	108	G	0	0	108	35
A_PB2	604	89	A	0	0	89	35
A_PB2	605	93	T	0	0	93	35
A_PB2	606	108	G	0	0	108	35
A_PB2	607	114	G	0	0	114	35
A_PB2	608	94	T	0	0	94	35
A_PB2	609	87	T	0	0	87	35
A_PB2	610	103	G	0	0	103	35
A_PB2	611	89	C	0	0	89	35
A_PB2	612	88	A	0	0	88	35
A_PB2	613	96	T	0	0	96	35
A_PB2	614	99	A	0	0	99	35
A_PB2	615	96	C	0	0	96	35
A_PB2	616	86	A	0	0	86	35
A_PB2	617	105	T	0	0	105	35
A_PB2	618	106	G	0	0	106	35
A_PB2	619	102	C	0	0	102	35
A_PB2	620	98	T	0	0	98	35
A_PB2	621	103	A	0	0	103	35
A_PB2	622	87	G	0	0	87	35
A_PB2	623	105	A	0	0	105	35
A_PB2	624	105	A	0	0	105	35
A_PB2	625	104	A	0	0	104	35
A_PB2	626	99	G	0	0	99	35
A_PB2	627	98	A	0	0	98	35
A_PB2	628	86	G	0	0	86	35
A_PB2	629	96	A	0	0	96	35
A_PB2	630	90	G	0	0	90	35
A_PB2	631	96	T	0	0	96	35
A_PB2	632	93	T	0	0	93	35
A_PB2	633	99	G	0	0	99	35
A_PB2	634	103	G	0	0	103	35
A_PB2	635	92	T	0	0	92	35
A_PB2	636	92	T	0	0	92	35
A_PB2	637	101	C	0	0	101	35
A_PB2	638	114	G	0	0	114	35
A_PB2	639	113	C	0	0	113	35
A_PB2	640	115	A	0	0	115	35
A_PB2	641	103	A	0	0	103	35
A_PB2	642	93	G	0	0	93	35
A_PB2	643	92	A	0	0	92	35
A_PB2	644	104	C	0	0	104	35
A_PB2	645	89	G	0	0	89	35
A_PB2	646	96	A	0	0	96	35
A_PB2	647	108	G	0	0	108	35
A_PB2	648	96	G	0	0	96	35
A_PB2	649	111	T	0	0	111	35
A_PB2	650	95	T	0	0	95	35
A_PB2	651	105	T	0	0	105	35
A_PB2	652	109	C	0	0	109	35
A_PB2	653	85	T	0	0	85	35
A_PB2	654	89	C	0	0	89	35
A_PB2	655	107	C	0	0	107	35
A_PB2	656	98	C	0	0	98	35
A_PB2	657	91	A	0	0	91	35
A_PB2	658	110	G	0	0	110	35
A_PB2	659	106	T	0	0	106	35
A_PB2	660	101	T	0	0	101	35
A_PB2	661	113	G	0	0	113	35
A_PB2	662	110	C	0	0	110	35
A_PB2	663	97	T	0	0	97	35
A_PB2	664	104	G	0	0	104	35
A_PB2	665	86	G	0	0	86	35
A_PB2	666	113	T	0	0	113	35
A_PB2	667	111	G	0	0	111	35
A_PB2	668	103	G	0	0	103	35
A_PB2	669	98	G	0	0	98	35
A_PB2	670	95	A	0	0	95	35
A_PB2	671	105	C	0	0	105	35
A_PB2	672	95	A	0	0	95	35
A_PB2	673	93	A	0	0	93	35
A_PB2	674	96	G	0	0	96	35
A_PB2	675	108	C	0	0	108	35
A_PB2	676	99	A	0	0	99	35
A_PB2	677	86	G	0	0	86	35
A_PB2	678	97	T	0	0	97	35
A_PB2	679	95	G	0	0	95	35
A_PB2	680	93	T	0	0	93	35
A_PB2	681	111	C	0	0	111	35
A_PB2	682	100	T	0	0	100	35
A_PB2	683	89	A	0	0	89	35
A_PB2	684	108	C	0	0	108	35
A_PB2	685	88	A	0	0	88	35
A_PB2	686	91	T	0	0	91	35
A_PB2	687	87	T	0	0	87	35
A_PB2	688	104	G	0	0	104	35
A_PB2	689	85	A	0	0	85	35
A_PB2	690	97	G	0	0	97	35
A_PB2	691	111	G	0	0	111	35
A_PB2	692	91	T	0	0	91	35
A_PB2	693	92	G	0	0	92	35
A_PB2	694	91	C	0	0	91	35
A_PB2	695	99	T	0	0	99	35
A_PB2	696	104	G	0	0	104	35
A_PB2	697	92	C	0	0	92	35
A_PB2	698	111	A	0	0	111	35
A_PB2	699	98	T	0	0	98	35
A_PB2	700	108	T	0	0	108	35
A_PB2	701	95	T	0	0	95	35
A_PB2	702	115	G	0	0	115	35
A_PB2	703	108	A	0	0	108	35
A_PB2	704	103	C	0	0	103	35
A_PB2	705	90	C	0	0	90	35
A_PB2	706	112	C	0	0	112	35
A_PB2	707	111	A	0	0	111	35
A_PB2	708	112	G	0	0	112	35
A_PB2	709	111	G	0	0	111	35
A_PB2	710	115	G	0	0	115	35
A_PB2	711	113	G	0	0	113	35
A_PB2	712	108	A	0	0	108	35
A_PB2	713	114	C	0	0	114	35
A_PB2	714	98	A	0	0	98	35
A_PB2	715	92	T	0	0	92	35
A_PB2	716	103	G	0	0	103	35
A_PB2	717	90	C	0	0	90	35
A_PB2	718	107	T	0	0	107	35
A_PB2	719	111	G	0	0	111	35
A_PB2	720	91	G	0	0	91	35
A_PB2	721	106	G	0	0	106	35
A_PB2	722	99	A	0	0	99	35
A_PB2	723	115	G	0	0	115	35
A_PB2	724	88	C	0	0	88	35
A_PB2	725	114	A	0	0	114	35
A_PB2	726	90	G	0	0	90	35
A_PB2	727	92	A	0	0	92	35
A_PB2	728	88	T	0	0	88	35
A_PB2	729	85	G	0	0	85	35
A_PB2	730	93	T	0	0	93	35
A_PB2	731	111	A	0	0	111	35
A_PB2	732	105	C	0	0	105	35
A_PB2	733	94	A	0	0	94	35
A_PB2	734	104	C	0	0	104	35
A_PB2	735	87	T	0	0	87	35
A_PB2	736	101	C	0	0	101	35
A_PB2	737	98	C	0	0	98	35
A_PB2	738	109	G	0	0	109	35
A_PB2	739	98	G	0	0	98	35
A_PB2	740	99	G	0	0	99	35
A_PB2	741	93	A	0	0	93	35
A_PB2	742	109	G	0	0	109	35
A_PB2	743	92	G	0	0	92	35
A_PB2	744	108	A	0	0	108	35
A_PB2	745	86	G	0	0	86	35
A_PB2	746	98	A	0	0	98	35
A_PB2	747	96	A	0	0	96	35
A_PB2	748	92	G	0	0	92	35
A_PB2	749	107	T	0	0	107	35
A_PB2	750	89	G	0	0	89	35
A_PB2	751	107	A	0	0	107	35
A_PB2	752	97	G	0	0	97	35
A_PB2	753	112	G	0	0	112	35
A_PB2	754	93	A	0	0	93	35
A_PB2	755	99	A	0	0	99	35
A_PB2	756	95	C	0	0	95	35
A_PB2	757	110	G	0	0	110	35
A_PB2	758	100	A	0	0	100	35
A_PB2	759	93	T	0	0	93	35
A_PB2	760	89	G	0	0	89	35
A_PB2	761	104	A	0	0	104	35
A_PB2	762	98	T	0	0	98	35
A_PB2	763	95	G	0	0	95	35
A_PB2	764	112	T	0	0	112	35
A_PB2	765	111	A	0	0	111	35
A_PB2	766	114	G	0	0	114	35
A_PB2	767	93	A	0	0	93	35
A_PB2	768	103	C	0	0	103	35
A_PB2	769	96	C	0	0	96	35
A_PB2	770	104	A	0	0	104	35
A_PB2	771	85	A	0	0	85	35
A_PB2	772	99	A	0	0	99	35
A_PB2	773	94	G	0	0	94	35
A_PB2	774	105	C	0	0	105	35
A_PB2	775	94	T	0	0	94	35
A_PB2	776	111	T	0	0	111	35
A_PB2	777	112	G	0	0	112	35
A_PB2	778	106	A	0	0	106	35
A_PB2	779	106	T	0	0	106	35
A_PB2	780	100	C	0	0	100	35
A_PB2	781	90	A	0	0	90	35
A_PB2	782	109	T	0	0	109	35
A_PB2	783	97	T	0	0	97	35
A_PB2	784	106	G	0	0	106	35
A_PB2	785	104	C	0	0	104	35
A_PB2	786	89	T	0	0	89	35
A_PB2	787	90	G	0	0	90	35
A_PB2	788	96	C	0	0	96	35
A_PB2	789	108	C	0	0	108	35
A_PB2	790	103	A	0	0	103	35
A_PB2	791	88	G	0	0	88	35
A_PB2	792	109	G	0	0	109	35
A_PB2	793	88	A	0	0	88	35
A_PB2	794	111	A	0	0	111	35
A_PB2	795	86	T	0	0	86	35
A_PB2	796	91	A	0	0	91	35
A_PB2	797	90	T	0	0	90	35
A_PB2	798	90	A	0	0	90	35
A_PB2	799	108	G	0	0	108	35
A_PB2	800	90	T	0	0	90	35
A_PB2	801	85	A	0	0	85	35
A_PB2	802	86	A	0	0	86	35
A_PB2	803	113	G	0	0	113	35
A_PB2	804	93	A	0	0	93	35
A_PB2	805	88	A	0	0	88	35
A_PB2	806	98	G	0	0	98	35
A_PB2	807	93	A	0	0	93	35
A_PB2	808	100	G	0	0	100	35
A_PB2	809	112	C	0	0	112	35
A_PB2	810	103	A	0	0	103	35
A_PB2	811	103	A	0	0	103	35
A_PB2	812	108	C	0	0	108	35
A_PB2	813	109	A	0	0	109	35
A_PB2	814	88	G	0	0	88	35
A_PB2	815	101	T	0	0	101	35
A_PB2	816	111	A	0	0	111	35
A_PB2	817	89	T	0	0	89	35
A_PB2	818	99	C	0	0	99	35
A_PB2	819	102	A	0	0	102	35
A_PB2	820	88	G	0	0	88	35
A_PB2	821	113	C	0	0	113	35
A_PB2	822	90	A	0	0	90	35
A_PB2	823	91	G	0	0	91	35
A_PB2	824	92	A	0	0	92	35
A_PB2	825	96	T	0	0	96	35
A_PB2	826	108	C	0	0	108	35
A_PB2	827	102	C	0	0	102	35
A_PB2	828	101	A	0	0	101	35
A_PB2	829	106	T	0	0	106	35
A_PB2	830	89	T	0	0	89	35
A_PB2	831	92	A	0	0	92	35
A_PB2	832	107	G	0	0	107	35
A_PB2	833	110	C	0	0	110	35
A_PB2	834	108	A	0	0	108	35
A_PB2	835	114	T	0	0	114	35
A_PB2	836	99	C	0	0	99	35
A_PB2	837	97	T	0	0	97	35
A_PB2	838	111	C	0	0	111	35
A_PB2	839	105	T	0	0	105	35
A_PB2	840	86	A	0	0	86	35
A_PB2	841	96	T	0	0	96	35
A_PB2	842	85	T	0	0	85	35
A_PB2	843	113	G	0	0	113	35
A_PB2	844	112	G	0	0	112	35
A_PB2	845	97	A	0	0	97	35
A_PB2	846	98	G	0	0	98	35
A_PB2	847	107	A	0	0	107	35
A_PB2	848	109	T	0	0	109	35
A_PB2	849	112	G	0	0	112	35
A_PB2	850	115	T	0	0	115	35
A_PB2	851	107	G	0	0	107	35
A_PB2	852	100	T	0	0	100	35
A_PB2	853	98	C	0	0	98	35
A_PB2	854	112	A	0	0	112	35
A_PB2	855	112	C	0	0	112	35
A_PB2	856	89	A	0	0	89	35
A_PB2	857	102	G	0	0	102	35
A_PB2	858	90	C	0	0	90	35
A_PB2	859	95	A	0	0	95	35
A_PB2	860	99	C	0	0	99	35
A_PB2	861	104	A	0	0	104	35
A_PB2	862	106	C	0	0	106	35
A_PB2	863	97	A	0	0	97	35
A_PB2	864	111	A	0	0	111	35
A_PB2	865	100	A	0	0	100	35
A_PB2	866	111	T	0	0	111	35
A_PB2	867	101	T	0	0	101	35
A_PB2	868	85	G	0	0	85	35
A_PB2	869	115	G	0	0	115	35
A_PB2	870	92	G	0	0	92	35
A_PB2	871	113	G	0	0	113	35
A_PB2	872	110	G	0	0	110	35
A_PB2	873	89	A	0	0	89	35
A_PB2	874	108	A	0	0	108	35
A_PB2	875	105	T	0	0	105	35
A_PB2	876	97	A	0	0	97	35
A_PB2	877	111	A	0	0	111	35
A_PB2	878	114	G	0	0	114	35
A_PB2	879	102	G	0	0	102	35
A_PB2	880	104	A	0	0	104	35
A_PB2	881	99	T	0	0	99	35
A_PB2	882	103	G	0	0	103	35
A_PB2	883	107	G	0	0	107	35
A_PB2	884	106	T	0	0	106	35
A_PB2	885	95	A	0	0	95	35
A_PB2	886	108	G	0	0	108	35
A_PB2	887	95	A	0	0	95	35
A_PB2	888	113	C	0	0	113	35
A_PB2	889	99	A	0	0	99	35
A_PB2	890	112	T	0	0	112	35
A_PB2	891	97	C	0	0	97	35
A_PB2	892	114	C	0	0	114	35
A_PB2	893	101	T	0	0	101	35
A_PB2	894	102	T	0	0	102	35
A_PB2	895	86	C	0	0	86	35
A_PB2	896	102	G	0	0	102	35
A_PB2	897	107	G	0	0	107	35
A_PB2	898	99	C	0	0	99	35
A_PB2	899	101	A	0	0	101	35
A_PB2	900	95	A	0	0	95	35
A_PB2	901	105	A	0	0	105	35
A_PB2	902	90	A	0	0	90	35
A_PB2	903	86	T	0	0	86	35
A_PB2	904	105	C	0	0	105	35
A_PB2	905	108	C	0	0	108	35
A_PB2	906	106	A	0	0	106	35
A_PB2	907	94	A	0	0	94	35
A_PB2	908	106	C	0	0	106	35
A_PB2	909	89	A	0	0	89	35
A_PB2	910	89	G	0	0	89	35
A_PB2	911	111	A	0	0	111	35
A_PB2	912	112	G	0	0	112	35
A_PB2	913	93	G	0	0	93	35
A_PB2	914	88	A	0	0	88	35
A_PB2	915	92	A	0	0	92	35
A_PB2	916	85	C	0	0	85	35
A_PB2	917	91	A	0	0	91	35
A_PB2	918	105	A	0	0	105	35
A_PB2	919	95	G	0	0	95	35
A_PB2	920	108	C	0	0	108	35
A_PB2	921	105	C	0	0	105	35
A_PB2	922	112	G	0	0	112	35
A_PB2	923	112	T	0	0	112	35
A_PB2	924	97	G	0	0	97	35
A_PB2	925	108	G	0	0	108	35
A_PB2	926	94	A	0	0	94	35
A_PB2	927	108	T	0	0	108	35
A_PB2	928	93	A	0	0	93	35
A_PB2	929	90	T	0	0	90	35
A_PB2	930	106	A	0	0	106	35
A_PB2	931	111	T	0	0	111	35
A_PB2	932	90	G	0	0	90	35
A_PB2	933	88	C	0	0	88	35
A_PB2	934	98	A	0	0	98	35
A_PB2	935	100	A	0	0	100	35
A_PB2	936	113	G	0	0	113	35
A_PB2	937	111	G	0	0	111	35
A_PB2	938	99	C	0	0	99	35
A_PB2	939	112	A	0	0	112	35
A_PB2	940	87	G	0	0	87	35
A_PB2	941	106	C	0	0	106	35
A_PB2	942	91	A	0	0	91	35
A_PB2	943	114	A	0	0	114	35
A_PB2	944	87	T	0	0	87	35
A_PB2	945	87	G	0	0	87	35
A_PB2	946	94	G	0	0	94	35
A_PB2	947	97	G	0	0	97	35
A_PB2	948	108	C	0	0	108	35
A_PB2	949	104	T	0	0	104	35
A_PB2	950	115	T	0	0	115	35
A_PB2	951	92	G	0	0	92	35
A_PB2	952	93	A	0	0	93	35
A_PB2	953	95	G	0	0	95	35
A_PB2	954	99	G	0	0	99	35
A_PB2	955	97	A	0	0	97	35
A_PB2	956	97	T	0	0	97	35
A_PB2	957	109	T	0	0	109	35
A_PB2	958	115	A	0	0	115	35
A_PB2	959	95	G	0	0	95	35
A_PB2	960	110	C	0	0	110	35
A_PB2	961	96	T	0	0	96	35
A_PB2	962	102	C	0	0	102	35
A_PB2	963	110	A	0	0	110	35
A_PB2	964	96	T	0	0	96	35
A_PB2	965	114	C	0	0	114	35
A_PB2	966	112	T	0	0	112	35
A_PB2	967	108	T	0	0	108	35
A_PB2	968	105	T	0	0	105	35
A_PB2	969	92	C	0	0	92	35
A_PB2	970	97	A	0	0	97	35
A_PB2	971	91	G	0	0	91	35
A_PB2	972	114	C	0	0	114	35
A_PB2	973	93	T	0	0	93	35
A_PB2	974	93	T	0	0	93	35
A_PB2	975	101	T	0	0	101	35
A_PB2	976	89	G	0	0	89	35
A_PB2	977	97	G	0	0	97	35
A_PB2	978	87	T	0	0	87	35
A_PB2	979	109	G	0	0	109	35
A_PB2	980	114	G	0	0	114	35
A_PB2	981	113	A	0	0	113	35
A_PB2	982	97	T	0	0	97	35
A_PB2	983	91	T	0	0	91	35
A_PB2	984	108	C	0	0	108	35
A_PB2	985	105	A	0	0	105	35
A_PB2	986	112	C	0	0	112	35
A_PB2	987	100	T	0	0	100	35
A_PB2	988	97	T	0	0	97	35
A_PB2	989	91	T	0	0	91	35
A_PB2	990	99	T	0	0	99	35
A_PB2	991	101	A	0	0	101	35
A_PB2	992	115	A	0	0	115	35
A_PB2	993	96	A	0	0	96	35
A_PB2	994	90	A	0	0	90	35
A_PB2	995	93	G	0	0	93	35
A_PB2	996	100	A	0	0	100	35
A_PB2	997	109	A	0	0	109	35
A_PB2	998	111	C	0	0	111	35
A_PB2	999	93	A	0	0	93	35
A_PB2	1000	85	A	0	0	85	35
A_PB2	1001	90	G	0	0	90	35
A_PB2	1002	105	T	0	0	105	35
A_PB2	1003	100	G	0	0	100	35
A_PB2	1004	96	G	0	0	96	35
A_PB2	1005	105	A	0	0	105	35
A_PB2	1006	106	T	0	0	106	35
A_PB2	1007	111	C	0	0	111	35
A_PB2	1008	112	G	0	0	112	35
A_PB2	1009	98	T	0	0	98	35
A_PB2	1010	85	C	0	0	85	35
A_PB2	1011	115	A	0	0	115	35
A_PB2	1012	102	G	0	0	102	35
A_PB2	1013	95	T	0	0	95	35
A_PB2	1014	110	C	0	0	110	35
A_PB2	1015	113	A	0	0	113	35
A_PB2	1016	100	A	0	0	100	35
A_PB2	1017	110	A	0	0	110	35
A_PB2	1018	104	A	0	0	104	35
A_PB2	1019	95	A	0	0	95	35
A_PB2	1020	101	A	0	0	101	35
A_PB2	1021	92	G	0	0	92	35
A_PB2	1022	97	A	0	0	97	35
A_PB2	1023	93	A	0	0	93	35
A_PB2	1024	87	G	0	0	87	35
A_PB2	1025	103	A	0	0	103	35
A_PB2	1026	94	A	0	0	94	35
A_PB2	1027	91	G	0	0	91	35
A_PB2	1028	85	A	0	0	85	35
A_PB2	1029	94	A	0	0	94	35
A_PB2	1030	101	G	0	0	101	35
A_PB2	1031	103	T	0	0	103	35
A_PB2	1032	115	G	0	0	115	35
A_PB2	1033	111	C	0	0	111	35
A_PB2	1034	87	T	0	0	87	35
A_PB2	1035	112	A	0	0	112	35
A_PB2	1036	111	A	0	0	111	35
A_PB2	1037	95	C	0	0	95	35
A_PB2	1038	89	A	0	0	89	35
A_PB2	1039	103	G	0	0	103	35
A_PB2	1040	96	G	0	0	96	35
A_PB2	1041	105	C	0	0	105	35
A_PB2	1042	87	A	0	0	87	35
A_PB2	1043	100	A	0	0	100	35
A_PB2	1044	97	C	0	0	97	35
A_PB2	1045	102	C	0	0	102	35
A_PB2	1046	92	T	0	0	92	35
A_PB2	1047	106	T	0	0	106	35
A_PB2	1048	106	C	0	0	106	35
A_PB2	1049	113	A	0	0	113	35
A_PB2	1050	85	A	0	0	85	35
A_PB2	1051	105	A	0	0	105	35
A_PB2	1052	90	C	0	0	90	35
A_PB2	1053	105	A	0	0	105	35
A_PB2	1054	94	T	0	0	94	35
A_PB2	1055	87	T	0	0	87	35
A_PB2	1056	108	G	0	0	108	35
A_PB2	1057	85	A	0	0	85	35
A_PB2	1058	109	A	0	0	109	35
A_PB2	1059	100	A	0	0	100	35
A_PB2	1060	105	A	0	0	105	35
A_PB2	1061	85	T	0	0	85	35
A_PB2	1062	106	A	0	0	106	35
A_PB2	1063	110	A	0	0	110	35
A_PB2	1064	103	G	0	0	103	35
A_PB2	1065	91	A	0	0	91	35
A_PB2	1066	103	G	0	0	103	35
A_PB2	1067	105	T	0	0	105	35
A_PB2	1068	92	A	0	0	92	35
A_PB2	1069	108	C	0	0	108	35
A_PB2	1070	89	A	0	0	89	35
A_PB2	1071	92	T	0	0	92	35
A_PB2	1072	98	G	0	0	98	35
A_PB2	1073	105	A	0	0	105	35
A_PB2	1074	113	G	0	0	113	35
A_PB2	1075	104	G	0	0	104	35
A_PB2	1076	100	G	0	0	100	35
A_PB2	1077	89	G	0	0	89	35
A_PB2	1078	92	T	0	0	92	35
A_PB2	1079	86	A	0	0	86	35
A_PB2	1080	115	T	0	0	115	35
A_PB2	1081	97	G	0	0	97	35
A_PB2	1082	87	A	0	0	87	35
A_PB2	1083	93	A	0	0	93	35
A_PB2	1084	99	G	0	0	99	35
A_PB2	1085	93	A	0	0	93	35
A_PB2	1086	94	G	0	0	94	35
A_PB2	1087	91	T	0	0	91	35
A_PB2	1088	104	T	0	0	104	35
A_PB2	1089	99	C	0	0	99	35
A_PB2	1090	103	A	0	0	103	35
A_PB2	1091	95	C	0	0	95	35
A_PB2	1092	89	A	0	0	89	35
A_PB2	1093	101	A	0	0	101	35
A_PB2	1094	99	T	0	0	99	35
A_PB2	1095	85	G	0	0	85	35
A_PB2	1096	102	G	0	0	102	35
A_PB2	1097	90	T	0	0	90	35
A_PB2	1098	103	T	0	0	103	35
A_PB2	1099	115	G	0	0	115	35
A_PB2	1100	109	G	0	0	109	35
A_PB2	1101	86	G	0	0	86	35
A_PB2	1102	93	A	0	0	93	35
A_PB2	1103	92	G	0	0	92	35
A_PB2	1104	86	A	0	0	86	35
A_PB2	1105	95	A	0	0	95	35
A_PB2	1106	112	G	0	0	112	35
A_PB2	1107	103	A	0	0	103	35
A_PB2	1108	114	G	0	0	114	35
A_PB2	1109	110	C	0	0	110	35
A_PB2	1110	85	A	0	0	85	35
A_PB2	1111	100	A	0	0	100	35
A_PB2	1112	93	C	0	0	93	35
A_PB2	1113	98	G	0	0	98	35
A_PB2	1114	107	G	0	0	107	35
A_PB2	1115	96	C	0	0	96	35
A_PB2	1116	114	C	0	0	114	35
A_PB2	1117	99	A	0	0	99	35
A_PB2	1118	90	T	0	0	90	35
A_PB2	1119	102	T	0	0	102	35
A_PB2	1120	95	C	0	0	95	35
A_PB2	1121	85	T	0	0	85	35
A_PB2	1122	98	C	0	0	98	35
A_PB2	1123	93	A	0	0	93	35
A_PB2	1124	103	G	0	0	103	35
A_PB2	1125	88	G	0	0	88	35
A_PB2	1126	108	A	0	0	108	35
A_PB2	1127	85	A	0	0	85	35
A_PB2	1128	105	A	0	0	105	35
A_PB2	1129	112	G	0	0	112	35
A_PB2	1130	108	C	0	0	108	35
A_PB2	1131	107	A	0	0	107	35
A_PB2	1132	111	A	0	0	111	35
A_PB2	1133	86	C	0	0	86	35
A_PB2	1134	94	C	0	0	94	35
A_PB2	1135	110	A	0	0	110	35
A_PB2	1136	103	G	0	0	103	35
A_PB2	1137	112	A	0	0	112	35
A_PB2	1138	96	A	0	0	96	35
A_PB2	1139	100	G	0	0	100	35
A_PB2	1140	89	G	0	0	89	35
A_PB2	1141	108	C	0	0	108	35
A_PB2	1142	103	T	0	0	103	35
A_PB2	1143	92	G	0	0	92	35
A_PB2	1144	107	A	0	0	107	35
A_PB2	1145	106	T	0	0	106	35
A_PB2	1146	115	C	0	0	115	35
A_PB2	1147	98	C	0	0	98	35
A_PB2	1148	109	A	0	0	109	35
A_PB2	1149	109	G	0	0	109	35
A_PB2	1150	98	C	0	0	98	35
A_PB2	1151	113	T	0	0	113	35
A_PB2	1152	110	A	0	0	110	35
A_PB2	1153	115	A	0	0	115	35
A_PB2	1154	114	T	0	0	114	35
A_PB2	1155	91	A	0	0	91	35
A_PB2	1156	98	G	0	0	98	35
A_PB2	1157	101	T	0	0	101	35
A_PB2	1158	86	A	0	0	86	35
A_PB2	1159	112	A	0	0	112	35
A_PB2	1160	89	G	0	0	89	35
A_PB2	1161	106	T	0	0	106	35
A_PB2	1162	93	G	0	0	93	35
A_PB2	1163	115	G	0	0	115	35
A_PB2	1164	89	G	0	0	89	35
A_PB2	1165	109	A	0	0	109	35
A_PB2	1166	104	G	0	0	104	35
A_PB2	1167	90	A	0	0	90	35
A_PB2	1168	104	G	0	0	104	35
A_PB2	1169	90	A	0	0	90	35
A_PB2	1170	113	C	0	0	113	35
A_PB2	1171	95	G	0	0	95	35
A_PB2	1172	88	A	0	0	88	35
A_PB2	1173	91	G	0	0	91	35
A_PB2	1174	108	C	0	0	108	35
A_PB2	1175	95	A	0	0	95	35
A_PB2	1176	96	G	0	0	96	35
A_PB2	1177	115	T	0	0	115	35
A_PB2	1178	86	C	0	0	86	35
A_PB2	1179	85	A	0	0	85	35
A_PB2	1180	101	A	0	0	101	35
A_PB2	1181	102	T	0	0	102	35
A_PB2	1182	106	T	0	0	106	35
A_PB2	1183	93	G	0	0	93	35
A_PB2	1184	100	C	0	0	100	35
A_PB2	1185	95	T	0	0	95	35
A_PB2	1186	108	G	0	0	108	35
A_PB2	1187	114	A	0	0	114	35
A_PB2	1188	114	A	0	0	114	35
A_PB2	1189	90	G	0	0	90	35
A_PB2	1190	98	C	0	0	98	35
A_PB2	1191	91	A	0	0	91	35
A_PB2	1192	113	A	0	0	113	35
A_PB2	1193	111	T	0	0	111	35
A_PB2	1194	103	A	0	0	103	35
A_PB2	1195	114	A	0	0	114	35
A_PB2	1196	93	T	0	0	93	35
A_PB2	1197	101	T	0	0	101	35
A_PB2	1198	103	G	0	0	103	35
A_PB2	1199	115	T	0	0	115	35
A_PB2	1200	113	G	0	0	113	35
A_PB2	1201	111	G	0	0	111	35
A_PB2	1202	102	C	0	0	102	35
A_PB2	1203	106	C	0	0	106	35
A_PB2	1204	110	A	0	0	110	35
A_PB2	1205	95	T	0	0	95	35
A_PB2	1206	110	G	0	0	110	35
A_PB2	1207	95	G	0	0	95	35
A_PB2	1208	89	T	0	0	89	35
A_PB2	1209	90	A	0	0	90	35
A_PB2	1210	101	T	0	0	101	35
A_PB2	1211	113	T	0	0	113	35
A_PB2	1212	106	C	0	0	106	35
A_PB2	1213	97	T	0	0	97	35
A_PB2	1214	85	C	0	0	85	35
A_PB2	1215	100	A	0	0	100	35
A_PB2	1216	89	C	0	0	89	35
A_PB2	1217	114	A	0	0	114	35
A_PB2	1218	95	A	0	0	95	35
A_PB2	1219	87	G	0	0	87	35
A_PB2	1220	92	A	0	0	92	35
A_PB2	1221	98	G	0	0	98	35
A_PB2	1222	108	G	0	0	108	35
A_PB2	1223	105	A	0	0	105	35
A_PB2	1224	85	C	0	0	85	35
A_PB2	1225	91	T	0	0	91	35
A_PB2	1226	107	G	0	0	107	35
A_PB2	1227	105	C	0	0	105	35
A_PB2	1228	102	A	0	0	102	35
A_PB2	1229	89	T	0	0	89	35
A_PB2	1230	113	G	0	0	113	35
A_PB2	1231	96	A	0	0	96	35
A_PB2	1232	91	T	0	0	91	35
A_PB2	1233	101	T	0	0	101	35
A_PB2	1234	110	A	0	0	110	35
A_PB2	1235	92	A	0	0	92	35
A_PB2	1236	113	A	0	0	113	35
A_PB2	1237	88	G	0	0	88	35
A_PB2	1238	85	C	0	0	85	35
A_PB2	1239	115	A	0	0	115	35
A_PB2	1240	92	G	0	0	92	35
A_PB2	1241	114	T	0	0	114	35
A_PB2	1242	89	T	0	0	89	35
A_PB2	1243	92	A	0	0	92	35
A_PB2	1244	107	G	0	0	107	35
A_PB2	1245	97	A	0	0	97	35
A_PB2	1246	110	G	0	0	110	35
A_PB2	1247	104	G	0	0	104	35
A_PB2	1248	92	T	0	0	92	35
A_PB2	1249	91	G	0	0	91	35
A_PB2	1250	115	A	0	0	115	35
A_PB2	1251	88	C	0	0	88	35
A_PB2	1252	106	C	0	0	106	35
A_PB2	1253	112	T	0	0	112	35
A_PB2	1254	96	G	0	0	96	35
A_PB2	1255	112	A	0	0	112	35
A_PB2	1256	97	A	0	0	97	35
A_PB2	1257	94	T	0	0	94	35
A_PB2	1258	87	T	0	0	87	35
A_PB2	1259	91	T	0	0	91	35
A_PB2	1260	90	T	0	0	90	35
A_PB2	1261	114	G	0	0	114	35
A_PB2	1262	92	T	0	0	92	35
A_PB2	1263	87	C	0	0	87	35
A_PB2	1264	92	A	0	0	92	35
A_PB2	1265	110	A	0	0	110	35
A_PB2	1266	91	T	0	0	91	35
A_PB2	1267	95	A	0	0	95	35
A_PB2	1268	96	G	0	0	96	35
A_PB2	1269	104	G	0	0	104	35
A_PB2	1270	87	G	0	0	87	35
A_PB2	1271	102	C	0	0	102	35
A_PB2	1272	86	G	0	0	86	35
A_PB2	1273	100	A	0	0	100	35
A_PB2	1274	105	A	0	0	105	35
A_PB2	1275	87	C	0	0	87	35
A_PB2	1276	108	C	0	0	108	35
A_PB2	1277	90	A	0	0	90	35
A_PB2	1278	109	G	0	0	109	35
A_PB2	1279	106	C	0	0	106	35
A_PB2	1280	85	G	0	0	85	35
A_PB2	1281	111	A	0	0	111	35
A_PB2	1282	97	C	0	0	97	35
A_PB2	1283	89	T	0	0	89	35
A_PB2	1284	95	A	0	0	95	35
A_PB2	1285	86	A	0	0	86	35
A_PB2	1286	114	A	0	0	114	35
A_PB2	1287	95	C	0	0	95	35
A_PB2	1288	94	C	0	0	94	35
A_PB2	1289	93	C	0	0	93	35
A_PB2	1290	109	A	0	0	109	35
A_PB2	1291	91	A	0	0	91	35
A_PB2	1292	115	T	0	0	115	35
A_PB2	1293	105	G	0	0	105	35
A_PB2	1294	99	C	0	0	99	35
A_PB2	1295	101	A	0	0	101	35
A_PB2	1296	90	T	0	0	90	35
A_PB2	1297	103	C	0	0	103	35
A_PB2	1298	112	A	0	0	112	35
A_PB2	1299	110	A	0	0	110	35
A_PB2	1300	93	C	0	0	93	35
A_PB2	1301	101	T	0	0	101	35
A_PB2	1302	108	C	0	0	108	35
A_PB2	1303	102	T	0	0	102	35
A_PB2	1304	88	T	0	0	88	35
A_PB2	1305	90	G	0	0	90	35
A_PB2	1306	99	A	0	0	99	35
A_PB2	1307	106	G	0	0	106	35
A_PB2	1308	115	G	0	0	115	35
A_PB2	1309	86	C	0	0	86	35
A_PB2	1310	106	A	0	0	106	35
A_PB2	1311	89	T	0	0	89	35
A_PB2	1312	88	T	0	0	88	35
A_PB2	1313	97	T	0	0	97	35
A_PB2	1314	101	C	0	0	101	35
A_PB2	1315	101	C	0	0	101	35
A_PB2	1316	107	A	0	0	107	35
A_PB2	1317	94	A	0	0	94	35
A_PB2	1318	102	A	0	0	102	35
A_PB2	1319	98	A	0	0	98	35
A_PB2	1320	104	G	0	0	104	35
A_PB2	1321	111	G	0	0	111	35
A_PB2	1322	109	A	0	0	109	35
A_PB2	1323	115	T	0	0	115	35
A_PB2	1324	102	G	0	0	102	35
A_PB2	1325	90	C	0	0	90	35
A_PB2	1326	110	A	0	0	110	35
A_PB2	1327	112	A	0	0	112	35
A_PB2	1328	112	A	0	0	112	35
A_PB2	1329	101	G	0	0	101	35
A_PB2	1330	111	G	0	0	111	35
A_PB2	1331	89	T	0	0	89	35
A_PB2	1332	100	G	0	0	100	35
A_PB2	1333	90	C	0	0	90	35
A_PB2	1334	88	T	0	0	88	35
A_PB2	1335	106	T	0	0	106	35
A_PB2	1336	101	T	0	0	101	35
A_PB2	1337	97	T	0	0	97	35
A_PB2	1338	91	C	0	0	91	35
A_PB2	1339	111	C	0	0	111	35
A_PB2	1340	101	A	0	0	101	35
A_PB2	1341	86	A	0	0	86	35
A_PB2	1342	88	A	0	0	88	35
A_PB2	1343	89	A	0	0	89	35
A_PB2	1344	98	T	0	0	98	35
A_PB2	1345	94	T	0	0	94	35
A_PB2	1346	93	G	0	0	93	35
A_PB2	1347	111	G	0	0	111	35
A_PB2	1348	104	G	0	0	104	35
A_PB2	1349	114	G	0	0	114	35
A_PB2	1350	87	A	0	0	87	35
A_PB2	1351	105	A	0	0	105	35
A_PB2	1352	91	T	0	0	91	35
A_PB2	1353	91	T	0	0	91	35
A_PB2	1354	103	G	0	0	103	35
A_PB2	1355	104	A	0	0	104	35
A_PB2	1356	89	A	0	0	89	35
A_PB2	1357	97	C	0	0	97	35
A_PB2	1358	87	C	0	0	87	35
A_PB2	1359	85	C	0	0	85	35
A_PB2	1360	88	A	0	0	88	35
A_PB2	1361	94	T	0	0	94	35
A_PB2	1362	89	T	0	0	89	35
A_PB2	1363	98	G	0	0	98	35
A_PB2	1364	91	A	0	0	91	35
A_PB2	1365	110	C	0	0	110	35
A_PB2	1366	111	A	0	0	111	35
A_PB2	1367	110	A	0	0	110	35
A_PB2	1368	100	T	0	0	100	35
A_PB2	1369	113	G	0	0	113	35
A_PB2	1370	88	T	0	0	88	35
A_PB2	1371	115	G	0	0	115	35
A_PB2	1372	99	A	0	0	99	35
A_PB2	1373	107	T	0	0	107	35
A_PB2	1374	108	G	0	0	108	35
A_PB2	1375	97	G	0	0	97	35
A_PB2	1376	115	G	0	0	115	35
A_PB2	1377	95	A	0	0	95	35
A_PB2	1378	114	A	0	0	114	35
A_PB2	1379	109	T	0	0	109	35
A_PB2	1380	96	G	0	0	96	35
A_PB2	1381	106	A	0	0	106	35
A_PB2	1382	110	T	0	0	110	35
A_PB2	1383	101	C	0	0	101	35
A_PB2	1384	104	G	0	0	104	35
A_PB2	1385	85	G	0	0	85	35
A_PB2	1386	105	G	0	0	105	35
A_PB2	1387	99	G	0	0	99	35
A_PB2	1388	108	T	0	0	108	35
A_PB2	1389	105	A	0	0	105	35
A_PB2	1390	87	A	0	0	87	35
A_PB2	1391	114	T	0	0	114	35
A_PB2	1392	91	G	0	0	91	35
A_PB2	1393	86	C	0	0	86	35
A_PB2	1394	90	C	0	0	90	35
A_PB2	1395	107	C	0	0	107	35
A_PB2	1396	115	G	0	0	115	35
A_PB2	1397	88	A	0	0	88	35
A_PB2	1398	115	C	0	0	115	35
A_PB2	1399	103	A	0	0	103	35
A_PB2	1400	102	T	0	0	102	35
A_PB2	1401	89	G	0	0	89	35
A_PB2	1402	109	A	0	0	109	35
A_PB2	1403	91	C	0	0	91	35
A_PB2	1404	91	C	0	0	91	35
A_PB2	1405	109	C	0	0	109	35
A_PB2	1406	112	C	0	0	112	35
A_PB2	1407	105	A	0	0	105	35
A_PB2	1408	105	A	0	0	105	35
A_PB2	1409	97	G	0	0	97	35
A_PB2	1410	89	T	0	0	89	35
A_PB2	1411	98	A	0	0	98	35
A_PB2	1412	93	C	0	0	93	35
A_PB2	1413	91	T	0	0	91	35
A_PB2	1414	111	G	0	0	111	35
A_PB2	1415	114	A	0	0	114	35
A_PB2	1416	93	G	0	0	93	35
A_PB2	1417	95	A	0	0	95	35
A_PB2	1418	108	T	0	0	108	35
A_PB2	1419	85	G	0	0	85	35
A_PB2	1420	93	T	0	0	93	35
A_PB2	1421	107	C	0	0	107	35
A_PB2	1422	111	G	0	0	111	35
A_PB2	1423	109	C	0	0	109	35
A_PB2	1424	106	T	0	0	106	35
A_PB2	1425	87	G	0	0	87	35
A_PB2	1426	89	A	0	0	89	35
A_PB2	1427	104	G	0	0	104	35
A_PB2	1428	86	G	0	0	86	35
A_PB2	1429	86	G	0	0	86	35
A_PB2	1430	92	G	0	0	92	35
A_PB2	1431	91	A	0	0	91	35
A_PB2	1432	96	A	0	0	96	35
A_PB2	1433	107	T	0	0	107	35
A_PB2	1434	102	A	0	0	102	35
A_PB2	1435	86	A	0	0	86	35
A_PB2	1436	115	G	0	0	115	35
A_PB2	1437	97	A	0	0	97	35
A_PB2	1438	113	G	0	0	113	35
A_PB2	1439	110	T	0	0	110	35
A_PB2	1440	97	C	0	0	97	35
A_PB2	1441	101	A	0	0	101	35
A_PB2	1442	87	G	0	0	87	35
A_PB2	1443	90	T	0	0	90	35
A_PB2	1444	111	A	0	0	111	35
A_PB2	1445	97	A	0	0	97	35
A_PB2	1446	86	G	0	0	86	35
A_PB2	1447	101	A	0	0	101	35
A_PB2	1448	102	T	0	0	102	35
A_PB2	1449	114	G	0	0	114	35
A_PB2	1450	115	G	0	0	115	35
A_PB2	1451	98	G	0	0	98	35
A_PB2	1452	113	A	0	0	113	35
A_PB2	1453	95	G	0	0	95	35
A_PB2	1454	100	T	0	0	100	35
A_PB2	1455	100	A	0	0	100	35
A_PB2	1456	89	G	0	0	89	35
A_PB2	1457	100	A	0	0	100	35
A_PB2	1458	88	T	0	0	88	35
A_PB2	1459	107	G	0	0	107	35
A_PB2	1460	114	A	0	0	114	35
A_PB2	1461	96	A	0	0	96	35
A_PB2	1462	100	T	0	0	100	35
A_PB2	1463	90	A	0	0	90	35
A_PB2	1464	94	C	0	0	94	35
A_PB2	1465	87	T	0	0	87	35
A_PB2	1466	112	C	0	0	112	35
A_PB2	1467	87	A	0	0	87	35
A_PB2	1468	89	A	0	0	89	35
A_PB2	1469	110	G	0	0	110	35
A_PB2	1470	109	T	0	0	109	35
A_PB2	1471	95	A	0	0	95	35
A_PB2	1472	102	C	0	0	102	35
A_PB2	1473	113	A	0	0	113	35
A_PB2	1474	111	G	0	0	111	35
A_PB2	1475	115	A	0	0	115	35
A_PB2	1476	89	G	0	0	89	35
A_PB2	1477	108	C	0	0	108	35
A_PB2	1478	110	G	0	0	110	35
A_PB2	1479	112	A	0	0	112	35
A_PB2	1480	100	G	0	0	100	35
A_PB2	1481	87	T	0	0	87	35
A_PB2	1482	102	A	0	0	102	35
A_PB2	1483	100	G	0	0	100	35
A_PB2	1484	95	T	0	0	95	35
A_PB2	1485	93	A	0	0	93	35
A_PB2	1486	98	G	0	0	98	35
A_PB2	1487	103	T	0	0	103	35
A_PB2	1488	105	A	0	0	105	35
A_PB2	1489	100	A	0	0	100	35
A_PB2	1490	112	G	0	0	112	35
A_PB2	1491	88	C	0	0	88	35
A_PB2	1492	108	A	0	0	108	35
A_PB2	1493	114	T	0	0	114	35
A_PB2	1494	90	C	0	0	90	35
A_PB2	1495	97	G	0	0	97	35
A_PB2	1496	114	A	0	0	114	35
A_PB2	1497	89	C	0	0	89	35
A_PB2	1498	93	C	0	0	93	35
A_PB2	1499	112	G	0	0	112	35
A_PB2	1500	89	G	0	0	89	35
A_PB2	1501	89	T	0	0	89	35
A_PB2	1502	104	T	0	0	104	35
A_PB2	1503	96	T	0	0	96	35
A_PB2	1504	107	T	0	0	107	35
A_PB2	1505	111	T	0	0	111	35
A_PB2	1506	104	A	0	0	104	35
A_PB2	1507	94	A	0	0	94	35
A_PB2	1508	90	G	0	0	90	35
A_PB2	1509	114	A	0	0	114	35
A_PB2	1510	87	G	0	0	87	35
A_PB2	1511	98	T	0	0	98	35
A_PB2	1512	93	T	0	0	93	35
A_PB2	1513	104	C	0	0	104	35
A_PB2	1514	106	G	0	0	106	35
A_PB2	1515	96	A	0	0	96	35
A_PB2	1516	89	G	0	0	89	35
A_PB2	1517	109	A	0	0	109	35
A_PB2	1518	106	C	0	0	106	35
A_PB2	1519	102	C	0	0	102	35
A_PB2	1520	108	A	0	0	108	35
A_PB2	1521	86	A	0	0	86	35
A_PB2	1522	112	C	0	0	112	35
A_PB2	1523	108	G	0	0	108	35
A_PB2	1524	99	G	0	0	99	35
A_PB2	1525	89	G	0	0	89	35
A_PB2	1526	92	G	0	0	92	35
A_PB2	1527	101	G	0	0	101	35
A_PB2	1528	101	A	0	0	101	35
A_PB2	1529	104	A	0	0	104	35
A_PB2	1530	112	C	0	0	112	35
A_PB2	1531	97	G	0	0	97	35
A_PB2	1532	91	T	0	0	91	35
A_PB2	1533	114	A	0	0	114	35
A_PB2	1534	91	C	0	0	91	35
A_PB2	1535	100	T	0	0	100	35
A_PB2	1536	91	A	0	0	91	35
A_PB2	1537	111	T	0	0	111	35
A_PB2	1538	86	T	0	0	86	35
A_PB2	1539	104	A	0	0	104	35
A_PB2	1540	99	T	0	0	99	35
A_PB2	1541	107	C	0	0	107	35
A_PB2	1542	105	A	0	0	105	35
A_PB2	1543	91	C	0	0	91	35
A_PB2	1544	98	C	0	0	98	35
A_PB2	1545	114	C	0	0	114	35
A_PB2	1546	115	G	0	0	115	35
A_PB2	1547	112	A	0	0	112	35
A_PB2	1548	95	A	0	0	95	35
A_PB2	1549	114	G	0	0	114	35
A_PB2	1550	102	A	0	0	102	35
A_PB2	1551	94	G	0	0	94	35
A_PB2	1552	88	G	0	0	88	35
A_PB2	1553	97	T	0	0	97	35
A_PB2	1554	110	C	0	0	110	35
A_PB2	1555	113	A	0	0	113	35
A_PB2	1556	88	G	0	0	88	35
A_PB2	1557	92	T	0	0	92	35
A_PB2	1558	105	G	0	0	105	35
A_PB2	1559	86	A	0	0	86	35
A_PB2	1560	91	G	0	0	91	35
A_PB2	1561	95	A	0	0	95	35
A_PB2	1562	106	C	0	0	106	35
A_PB2	1563	111	A	0	0	111	35
A_PB2	1564	104	C	0	0	104	35
A_PB2	1565	110	A	0	0	110	35
A_PB2	1566	99	A	0	0	99	35
A_PB2	1567	105	G	0	0	105	35
A_PB2	1568	86	G	0	0	86	35
A_PB2	1569	95	A	0	0	95	35
A_PB2	1570	85	A	0	0	85	35
A_PB2	1571	115	C	0	0	115	35
A_PB2	1572	103	G	0	0	103	35
A_PB2	1573	108	G	0	0	108	35
A_PB2	1574	102	A	0	0	102	35
A_PB2	1575	87	G	0	0	87	35
A_PB2	1576	115	A	0	0	115	35
A_PB2	1577	103	A	0	0	103	35
A_PB2	1578	109	A	0	0	109	35
A_PB2	1579	107	C	0	0	107	35
A_PB2	1580	99	T	0	0	99	35
A_PB2	1581	115	G	0	0	115	35
A_PB2	1582	101	A	0	0	101	35
A_PB2	1583	99	C	0	0	99	35
A_PB2	1584	96	A	0	0	96	35
A_PB2	1585	95	A	0	0	95	35
A_PB2	1586	89	T	0	0	89	35
A_PB2	1587	87	C	0	0	87	35
A_PB2	1588	98	A	0	0	98	35
A_PB2	1589	90	C	0	0	90	35
A_PB2	1590	101	T	0	0	101	35
A_PB2	1591	99	T	0	0	99	35
A_PB2	1592	106	A	0	0	106	35
A_PB2	1593	96	T	0	0	96	35
A_PB2	1594	91	T	0	0	91	35
A_PB2	1595	101	C	0	0	101	35
A_PB2	1596	100	G	0	0	100	35
A_PB2	1597	87	T	0	0	87	35
A_PB2	1598	85	C	0	0	85	35
A_PB2	1599	97	A	0	0	97	35
A_PB2	1600	111	T	0	0	111	35
A_PB2	1601	114	C	0	0	114	35
A_PB2	1602	107	A	0	0	107	35
A_PB2	1603	90	A	0	0	90	35
A_PB2	1604	101	T	0	0	101	35
A_PB2	1605	111	G	0	0	111	35
A_PB2	1606	112	A	0	0	112	35
A_PB2	1607	113	T	0	0	113	35
A_PB2	1608	109	G	0	0	109	35
A_PB2	1609	94	T	0	0	94	35
A_PB2	1610	86	G	0	0	86	35
A_PB2	1611	87	G	0	0	87	35
A_PB2	1612	92	G	0	0	92	35
A_PB2	1613	94	A	0	0	94	35
A_PB2	1614	108	G	0	0	108	35
A_PB2	1615	101	A	0	0	101	35
A_PB2	1616	97	T	0	0	97	35
A_PB2	1617	113	C	0	0	113	35
A_PB2	1618	93	A	0	0	93	35
A_PB2	1619	96	A	0	0	96	35
A_PB2	1620	111	T	0	0	111	35
A_PB2	1621	106	G	0	0	106	35
A_PB2	1622	104	G	0	0	104	35
A_PB2	1623	103	T	0	0	103	35
A_PB2	1624	115	C	0	0	115	35
A_PB2	1625	103	C	0	0	103	35
A_PB2	1626	86	T	0	0	86	35
A_PB2	1627	93	G	0	0	93	35
A_PB2	1628	91	A	0	0	91	35
A_PB2	1629	88	G	0	0	88	35
A_PB2	1630	89	T	0	0	89	35
A_PB2	1631	113	C	0	0	113	35
A_PB2	1632	106	G	0	0	106	35
A_PB2	1633	113	G	0	0	113	35
A_PB2	1634	107	T	0	0	107	35
A_PB2	1635	103	G	0	0	103	35
A_PB2	1636	88	T	0	0	88	35
A_PB2	1637	113	T	0	0	113	35
A_PB2	1638	107	G	0	0	107	35
A_PB2	1639	91	G	0	0	91	35
A_PB2	1640	96	T	0	0	96	35
A_PB2	1641	97	C	0	0	97	35
A_PB2	1642	94	A	0	0	94	35
A_PB2	1643	106	A	0	0	106	35
A_PB2	1644	86	T	0	0	86	35
A_PB2	1645	90	A	0	0	90	35
A_PB2	1646	89	C	0	0	89	35
A_PB2	1647	103	T	0	0	103	35
A_PB2	1648	112	T	0	0	112	35
A_PB2	1649	93	A	0	0	93	35
A_PB2	1650	112	C	0	0	112	35
A_PB2	1651	86	C	0	0	86	35
A_PB2	1652	102	A	0	0	102	35
A_PB2	1653	89	G	0	0	89	35
A_PB2	1654	113	T	0	0	113	35
A_PB2	1655	102	G	0	0	102	35
A_PB2	1656	85	G	0	0	85	35
A_PB2	1657	107	A	0	0	107	35
A_PB2	1658	101	T	0	0	101	35
A_PB2	1659	88	A	0	0	88	35
A_PB2	1660	92	A	0	0	92	35
A_PB2	1661	89	T	0	0	89	35
A_PB2	1662	89	T	0	0	89	35
A_PB2	1663	91	A	0	0	91	35
A_PB2	1664	101	G	0	0	101	35
A_PB2	1665	93	A	0	0	93	35
A_PB2	1666	100	A	0	0	100	35
A_PB2	1667	100	A	0	0	100	35
A_PB2	1668	104	C	0	0	104	35
A_PB2	1669	90	T	0	0	90	35
A_PB2	1670	90	G	0	0	90	35
A_PB2	1671	86	G	0	0	86	35
A_PB2	1672	99	G	0	0	99	35
A_PB2	1673	97	A	0	0	97	35
A_PB2	1674	115	A	0	0	115	35
A_PB2	1675	108	A	0	0	108	35
A_PB2	1676	112	C	0	0	112	35
A_PB2	1677	106	T	0	0	106	35
A_PB2	1678	108	G	0	0	108	35
A_PB2	1679	100	T	0	0	100	35
A_PB2	1680	92	A	0	0	92	35
A_PB2	1681	85	A	0	0	85	35
A_PB2	1682	98	A	0	0	98	35
A_PB2	1683	97	A	0	0	97	35
A_PB2	1684	95	A	0	0	95	35
A_PB2	1685	101	T	0	0	101	35
A_PB2	1686	113	T	0	0	113	35
A_PB2	1687	93	C	0	0	93	35
A_PB2	1688	114	A	0	0	114	35
A_PB2	1689	103	A	0	0	103	35
A_PB2	1690	103	T	0	0	103	35
A_PB2	1691	111	G	0	0	111	35
A_PB2	1692	88	G	0	0	88	35
A_PB2	1693	92	T	0	0	92	35
A_PB2	1694	102	C	0	0	102	35
A_PB2	1695	103	A	0	0	103	35
A_PB2	1696	115	C	0	0	115	35
A_PB2	1697	105	A	0	0	105	35
A_PB2	1698	105	G	0	0	105	35
A_PB2	1699	114	G	0	0	114	35
A_PB2	1700	98	A	0	0	98	35
A_PB2	1701	114	T	0	0	114	35
A_PB2	1702	87	C	0	0	87	35
A_PB2	1703	92	C	0	0	92	35
A_PB2	1704	108	C	0	0	108	35
A_PB2	1705	109	A	0	0	109	35
A_PB2	1706	110	C	0	0	110	35
A_PB2	1707	95	A	0	0	95	35
A_PB2	1708	98	A	0	0	98	35
A_PB2	1709	99	T	0	0	99	35
A_PB2	1710	90	G	0	0	90	35
A_PB2	1711	111	T	0	0	111	35
A_PB2	1712	114	T	0	0	114	35
A_PB2	1713	103	G	0	0	103	35
A_PB2	1714	89	T	0	0	89	35
A_PB2	1715	89	A	0	0	89	35
A_PB2	1716	110	T	0	0	110	35
A_PB2	1717	104	A	0	0	104	35
A_PB2	1718	87	A	0	0	87	35
A_PB2	1719	94	T	0	0	94	35
A_PB2	1720	93	A	0	0	93	35
A_PB2	1721	88	A	0	0	88	35
A_PB2	1722	101	G	0	0	101	35
A_PB2	1723	113	A	0	0	113	35
A_PB2	1724	92	T	0	0	92	35
A_PB2	1725	107	G	0	0	107	35
A_PB2	1726	85	G	0	0	85	35
A_PB2	1727	107	A	0	0	107	35
A_PB2	1728	89	A	0	0	89	35
A_PB2	1729	91	T	0	0	91	35
A_PB2	1730	86	T	0	0	86	35
A_PB2	1731	85	C	0	0	85	35
A_PB2	1732	95	G	0	0	95	35
A_PB2	1733	92	A	0	0	92	35
A_PB2	1734	102	G	0	0	102	35
A_PB2	1735	85	C	0	0	85	35
A_PB2	1736	95	C	0	0	95	35
A_PB2	1737	98	A	0	0	98	35
A_PB2	1738	102	T	0	0	102	35
A_PB2	1739	85	T	0	0	85	35
A_PB2	1740	104	C	0	0	104	35
A_PB2	1741	90	C	0	0	90	35
A_PB2	1742	87	A	0	0	87	35
A_PB2	1743	101	G	0	0	101	35
A_PB2	1744	90	T	0	0	90	35
A_PB2	1745	98	C	0	0	98	35
A_PB2	1746	103	T	0	0	103	35
A_PB2	1747	97	C	0	0	97	35
A_PB2	1748	104	T	0	0	104	35
A_PB2	1749	98	A	0	0	98	35
A_PB2	1750	100	G	0	0	100	35
A_PB2	1751	92	T	0	0	92	35
A_PB2	1752	112	C	0	0	112	35
A_PB2	1753	107	C	0	0	107	35
A_PB2	1754	113	C	0	0	113	35
A_PB2	1755	95	T	0	0	95	35
A_PB2	1756	112	A	0	0	112	35
A_PB2	1757	112	A	0	0	112	35
A_PB2	1758	96	G	0	0	96	35
A_PB2	1759	106	G	0	0	106	35
A_PB2	1760	112	C	0	0	112	35
A_PB2	1761	96	A	0	0	96	35
A_PB2	1762	95	G	0	0	95	35
A_PB2	1763	100	C	0	0	100	35
A_PB2	1764	87	C	0	0	87	35
A_PB2	1765	94	A	0	0	94	35
A_PB2	1766	113	G	0	0	113	35
A_PB2	1767	104	A	0	0	104	35
A_PB2	1768	110	G	0	0	110	35
A_PB2	1769	95	G	0	0	95	35
A_PB2	1770	115	T	0	0	115	35
A_PB2	1771	100	C	0	0	100	35
A_PB2	1772	89	A	0	0	89	35
A_PB2	1773	99	A	0	0	99	35
A_PB2	1774	85	T	0	0	85	35
A_PB2	1775	91	A	0	0	91	35
A_PB2	1776	103	C	0	0	103	35
A_PB2	1777	109	A	0	0	109	35
A_PB2	1778	106	G	0	0	106	35
A_PB2	1779	92	T	0	0	92	35
A_PB2	1780	99	G	0	0	99	35
A_PB2	1781	100	G	0	0	100	35
A_PB2	1782	108	G	0	0	108	35
A_PB2	1783	88	T	0	0	88	35
A_PB2	1784	94	T	0	0	94	35
A_PB2	1785	86	T	0	0	86	35
A_PB2	1786	102	G	0	0	102	35
A_PB2	1787	107	T	0	0	107	35
A_PB2	1788	104	G	0	0	104	35
A_PB2	1789	114	A	0	0	114	35
A_PB2	1790	106	G	0	0	106	35
A_PB2	1791	94	A	0	0	94	35
A_PB2	1792	97	A	0	0	97	35
A_PB2	1793	89	C	0	0	89	35
A_PB2	1794	98	A	0	0	98	35
A_PB2	1795	92	C	0	0	92	35
A_PB2	1796	109	T	0	0	109	35
A_PB2	1797	100	A	0	0	100	35
A_PB2	1798	114	T	0	0	114	35
A_PB2	1799	100	T	0	0	100	35
A_PB2	1800	111	C	0	0	111	35
A_PB2	1801	99	C	0	0	99	35
A_PB2	1802	95	A	0	0	95	35
A_PB2	1803	112	G	0	0	112	35
A_PB2	1804	101	C	0	0	101	35
A_PB2	1805	109	A	0	0	109	35
A_PB2	1806	99	A	0	0	99	35
A_PB2	1807	113	A	0	0	113	35
A_PB2	1808	92	T	0	0	92	35
A_PB2	1809	113	G	0	0	113	35
A_PB2	1810	91	A	0	0	91	35
A_PB2	1811	97	G	0	0	97	35
A_PB2	1812	106	A	0	0	106	35
A_PB2	1813	114	G	0	0	114	35
A_PB2	1814	111	A	0	0	111	35
A_PB2	1815	109	T	0	0	109	35
A_PB2	1816	93	G	0	0	93	35
A_PB2	1817	85	T	0	0	85	35
A_PB2	1818	98	G	0	0	98	35
A_PB2	1819	107	C	0	0	107	35
A_PB2	1820	86	T	0	0	86	35
A_PB2	1821	94	T	0	0	94	35
A_PB2	1822	107	G	0	0	107	35
A_PB2	1823	110	G	0	0	110	35
A_PB2	1824	86	A	0	0	86	35
A_PB2	1825	92	A	0	0	92	35
A_PB2	1826	106	C	0	0	106	35
A_PB2	1827	86	A	0	0	86	35
A_PB2	1828	101	T	0	0	101	35
A_PB2	1829	102	T	0	0	102	35
A_PB2	1830	92	T	0	0	92	35
A_PB2	1831	90	G	0	0	90	35
A_PB2	1832	93	A	0	0	93	35
A_PB2	1833	107	C	0	0	107	35
A_PB2	1834	93	A	0	0	93	35
A_PB2	1835	102	C	0	0	102	35
A_PB2	1836	96	T	0	0	96	35
A_PB2	1837	94	G	0	0	94	35
A_PB2	1838	106	T	0	0	106	35
A_PB2	1839	93	T	0	0	93	35
A_PB2	1840	111	C	0	0	111	35
A_PB2	1841	113	A	0	0	113	35
A_PB2	1842	86	G	0	0	86	35
A_PB2	1843	107	A	0	0	107	35
A_PB2	1844	89	T	0	0	89	35
A_PB2	1845	100	A	0	0	100	35
A_PB2	1846	102	G	0	0	102	35
A_PB2	1847	93	T	0	0	93	35
A_PB2	1848	93	A	0	0	93	35
A_PB2	1849	98	A	0	0	98	35
A_PB2	1850	111	A	0	0	111	35
A_PB2	1851	113	A	0	0	113	35
A_PB2	1852	85	C	0	0	85	35
A_PB2	1853	107	T	0	0	107	35
A_PB2	1854	92	C	0	0	92	35
A_PB2	1855	110	C	0	0	110	35
A_PB2	1856	100	T	0	0	100	35
A_PB2	1857	92	C	0	0	92	35
A_PB2	1858	88	C	0	0	88	35
A_PB2	1859	86	C	0	0	86	35
A_PB2	1860	101	C	0	0	101	35
A_PB2	1861	92	T	0	0	92	35
A_PB2	1862	110	T	0	0	110	35
A_PB2	1863	88	T	0	0	88	35
A_PB2	1864	107	G	0	0	107	35
A_PB2	1865	106	C	0	0	106	35
A_PB2	1866	93	T	0	0	93	35
A_PB2	1867	97	G	0	0	97	35
A_PB2	1868	109	C	0	0	109	35
A_PB2	1869	111	C	0	0	111	35
A_PB2	1870	112	G	0	0	112	35
A_PB2	1871	89	C	0	0	89	35
A_PB2	1872	97	C	0	0	97	35
A_PB2	1873	106	C	0	0	106	35
A_PB2	1874	88	C	0	0	88	35
A_PB2	1875	105	A	0	0	105	35
A_PB2	1876	113	C	0	0	113	35
A_PB2	1877	101	C	0	0	101	35
A_PB2	1878	90	G	0	0	90	35
A_PB2	1879	92	G	0	0	92	35
A_PB2	1880	101	A	0	0	101	35
A_PB2	1881	104	A	0	0	104	35
A_PB2	1882	110	C	0	0	110	35
A_PB2	1883	95	A	0	0	95	35
A_PB2	1884	108	A	0	0	108	35
A_PB2	1885	107	A	0	0	107	35
A_PB2	1886	107	G	0	0	107	35
A_PB2	1887	88	T	0	0	88	35
A_PB2	1888	115	A	0	0	115	35
A_PB2	1889	98	G	0	0	98	35
A_PB2	1890	92	G	0	0	92	35
A_PB2	1891	97	A	0	0	97	35
A_PB2	1892	114	T	0	0	114	35
A_PB2	1893	115	G	0	0	115	35
A_PB2	1894	105	C	0	0	105	35
A_PB2	1895	89	A	0	0	89	35
A_PB2	1896	97	G	0	0	97	35
A_PB2	1897	99	T	0	0	99	35
A_PB2	1898	113	T	0	0	113	35
A_PB2	1899	89	C	0	0	89	35
A_PB2	1900	101	T	0	0	101	35
A_PB2	1901	105	C	0	0	105	35
A_PB2	1902	107	C	0	0	107	35
A_PB2	1903	98	T	0	0	98	35
A_PB2	1904	98	C	0	0	98	35
A_PB2	1905	92	C	0	0	92	35
A_PB2	1906	97	C	0	0	97	35
A_PB2	1907	93	T	0	0	93	35
A_PB2	1908	114	G	0	0	114	35
A_PB2	1909	86	A	0	0	86	35
A_PB2	1910	114	C	0	0	114	35
A_PB2	1911	101	T	0	0	101	35
A_PB2	1912	98	G	0	0	98	35
A_PB2	1913	89	T	0	0	89	35
A_PB2	1914	103	G	0	0	103	35
A_PB2	1915	90	A	0	0	90	35
A_PB2	1916	101	A	0	0	101	35
A_PB2	1917	87	T	0	0	87	35
A_PB2	1918	87	G	0	0	87	35
A_PB2	1919	86	T	0	0	86	35
A_PB2	1920	106	A	0	0	106	35
A_PB2	1921	97	A	0	0	97	35
A_PB2	1922	107	G	0	0	107	35
A_PB2	1923	96	A	0	0	96	35
A_PB2	1924	104	G	0	0	104	35
A_PB2	1925	92	G	0	0	92	35
A_PB2	1926	96	A	0	0	96	35
A_PB2	1927	98	T	0	0	98	35
A_PB2	1928	85	C	0	0	85	35
A_PB2	1929	100	A	0	0	100	35
A_PB2	1930	85	G	0	0	85	35
A_PB2	1931	105	G	0	0	105	35
A_PB2	1932	94	A	0	0	94	35
A_PB2	1933	105	A	0	0	105	35
A_PB2	1934	95	T	0	0	95	35
A_PB2	1935	115	G	0	0	115	35
A_PB2	1936	95	A	0	0	95	35
A_PB2	1937	97	G	0	0	97	35
A_PB2	1938	92	G	0	0	92	35
A_PB2	1939	104	A	0	0	104	35
A_PB2	1940	114	T	0	0	114	35
A_PB2	1941	98	A	0	0	98	35
A_PB2	1942	115	C	0	0	115	35
A_PB2	1943	106	T	0	0	106	35
A_PB2	1944	108	G	0	0	108	35
A_PB2	1945	112	G	0	0	112	35
A_PB2	1946	106	T	0	0	106	35
A_PB2	1947	101	A	0	0	101	35
A_PB2	1948	107	A	0	0	107	35
A_PB2	1949	89	G	0	0	89	35
A_PB2	1950	86	A	0	0	86	35
A_PB2	1951	115	G	0	0	115	35
A_PB2	1952	103	G	0	0	103	35
A_PB2	1953	90	C	0	0	90	35
A_PB2	1954	92	A	0	0	92	35
A_PB2	1955	86	A	0	0	86	35
A_PB2	1956	107	T	0	0	107	35
A_PB2	1957	89	T	0	0	89	35
A_PB2	1958	93	C	0	0	93	35
A_PB2	1959	86	A	0	0	86	35
A_PB2	1960	96	C	0	0	96	35
A_PB2	1961	109	C	0	0	109	35
A_PB2	1962	106	A	0	0	106	35
A_PB2	1963	100	G	0	0	100	35
A_PB2	1964	93	T	0	0	93	35
A_PB2	1965	99	C	0	0	99	35
A_PB2	1966	100	T	0	0	100	35
A_PB2	1967	110	T	0	0	110	35
A_PB2	1968	100	C	0	0	100	35
A_PB2	1969	85	A	0	0	85	35
A_PB2	1970	92	A	0	0	92	35
A_PB2	1971	86	T	0	0	86	35
A_PB2	1972	115	T	0	0	115	35
A_PB2	1973	107	A	0	0	107	35
A_PB2	1974	86	C	0	0	86	35
A_PB2	1975	103	A	0	0	103	35
A_PB2	1976	87	A	0	0	87	35
A_PB2	1977	108	C	0	0	108	35
A_PB2	1978	109	A	0	0	109	35
A_PB2	1979	105	A	0	0	105	35
A_PB2	1980	95	G	0	0	95	35
A_PB2	1981	94	G	0	0	94	35
A_PB2	1982	104	C	0	0	104	35
A_PB2	1983	112	C	0	0	112	35
A_PB2	1984	108	A	0	0	108	35
A_PB2	1985	112	C	0	0	112	35
A_PB2	1986	114	C	0	0	114	35
A_PB2	1987	105	A	0	0	105	35
A_PB2	1988	101	A	0	0	101	35
A_PB2	1989	86	G	0	0	86	35
A_PB2	1990	99	A	0	0	99	35
A_PB2	1991	108	G	0	0	108	35
A_PB2	1992	103	G	0	0	103	35
A_PB2	1993	91	C	0	0	91	35
A_PB2	1994	97	T	0	0	97	35
A_PB2	1995	94	C	0	0	94	35
A_PB2	1996	100	A	0	0	100	35
A_PB2	1997	99	C	0	0	99	35
A_PB2	1998	101	A	0	0	101	35
A_PB2	1999	108	G	0	0	108	35
A_PB2	2000	88	T	0	0	88	35
A_PB2	2001	95	T	0	0	95	35
A_PB2	2002	95	C	0	0	95	35
A_PB2	2003	115	T	0	0	115	35
A_PB2	2004	112	C	0	0	112	35
A_PB2	2005	108	G	0	0	108	35
A_PB2	2006	91	G	0	0	91	35
A_PB2	2007	88	G	0	0	88	35
A_PB2	2008	89	A	0	0	89	35
A_PB2	2009	87	A	0	0	87	35
A_PB2	2010	93	A	0	0	93	35
A_PB2	2011	98	G	0	0	98	35
A_PB2	2012	114	A	0	0	114	35
A_PB2	2013	95	T	0	0	95	35
A_PB2	2014	105	G	0	0	105	35
A_PB2	2015	96	C	0	0	96	35
A_PB2	2016	112	A	0	0	112	35
A_PB2	2017	108	G	0	0	108	35
A_PB2	2018	96	G	0	0	96	35
A_PB2	2019	114	T	0	0	114	35
A_PB2	2020	112	G	0	0	112	35
A_PB2	2021	95	C	0	0	95	35
A_PB2	2022	85	A	0	0	85	35
A_PB2	2023	94	T	0	0	94	35
A_PB2	2024	85	T	0	0	85	35
A_PB2	2025	91	G	0	0	91	35
A_PB2	2026	85	A	0	0	85	35
A_PB2	2027	85	C	0	0	85	35
A_PB2	2028	95	C	0	0	95	35
A_PB2	2029	95	G	0	0	95	35
A_PB2	2030	114	A	0	0	114	35
A_PB2	2031	107	A	0	0	107	35
A_PB2	2032	94	G	0	0	94	35
A_PB2	2033	94	A	0	0	94	35
A_PB2	2034	114	T	0	0	114	35
A_PB2	2035	87	C	0	0	87	35
A_PB2	2036	115	C	0	0	115	35
A_PB2	2037	87	A	0	0	87	35
A_PB2	2038	110	G	0	0	110	35
A_PB2	2039	99	A	0	0	99	35
A_PB2	2040	109	T	0	0	109	35
A_PB2	2041	100	G	0	0	100	35
A_PB2	2042	96	A	0	0	96	35
A_PB2	2043	108	A	0	0	108	35
A_PB2	2044	86	G	0	0	86	35
A_PB2	2045	85	G	0	0	85	35
A_PB2	2046	92	C	0	0	92	35
A_PB2	2047	111	A	0	0	111	35
A_PB2	2048	97	C	0	0	97	35
A_PB2	2049	106	A	0	0	106	35
A_PB2	2050	98	G	0	0	98	35
A_PB2	2051	92	C	0	0	92	35
A_PB2	2052	102	T	0	0	102	35
A_PB2	2053	109	G	0	0	109	35
A_PB2	2054	94	G	0	0	94	35
A_PB2	2055	100	A	0	0	100	35
A_PB2	2056	86	G	0	0	86	35
A_PB2	2057	107	T	0	0	107	35
A_PB2	2058	97	G	0	0	97	35
A_PB2	2059	96	G	0	0	96	35
A_PB2	2060	90	A	0	0	90	35
A_PB2	2061	85	G	0	0	85	35
A_PB2	2062	110	T	0	0	110	35
A_PB2	2063	85	C	0	0	85	35
A_PB2	2064	112	T	0	0	112	35
A_PB2	2065	85	G	0	0	85	35
A_PB2	2066	92	C	0	0	92	35
A_PB2	2067	91	T	0	0	91	35
A_PB2	2068	85	G	0	0	85	35
A_PB2	2069	112	T	0	0	112	35
A_PB2	2070	99	T	0	0	99	35
A_PB2	2071	95	T	0	0	95	35
A_PB2	2072	107	T	0	0	107	35
A_PB2	2073	103	A	0	0	103	35
A_PB2	2074	111	A	0	0	111	35
A_PB2	2075	105	G	0	0	105	35
A_PB2	2076	103	A	0	0	103	35
A_PB2	2077	102	G	0	0	102	35
A_PB2	2078	97	G	0	0	97	35
A_PB2	2079	109	A	0	0	109	35
A_PB2	2080	87	T	0	0	87	35
A_PB2	2081	101	T	0	0	101	35
A_PB2	2082	111	C	0	0	111	35
A_PB2	2083	106	C	0	0	106	35
A_PB2	2084	99	T	0	0	99	35
A_PB2	2085	107	C	0	0	107	35
A_PB2	2086	86	A	0	0	86	35
A_PB2	2087	93	T	0	0	93	35
A_PB2	2088	97	T	0	0	97	35
A_PB2	2089	103	T	0	0	103	35
A_PB2	2090	99	T	0	0	99	35
A_PB2	2091	96	G	0	0	96	35
A_PB2	2092	87	G	0	0	87	35
A_PB2	2093	112	G	0	0	112	35
A_PB2	2094	89	C	0	0	89	35
A_PB2	2095	90	A	0	0	90	35
A_PB2	2096	92	A	0	0	92	35
A_PB2	2097	96	A	0	0	96	35
A_PB2	2098	108	G	0	0	108	35
A_PB2	2099	114	A	0	0	114	35
A_PB2	2100	108	A	0	0	108	35
A_PB2	2101	100	G	0	0	100	35
A_PB2	2102	87	A	0	0	87	35
A_PB2	2103	106	C	0	0	106	35
A_PB2	2104	92	A	0	0	92	35
A_PB2	2105	101	A	0	0	101	35
A_PB2	2106	100	G	0	0	100	35
A_PB2	2107	95	A	0	0	95	35
A_PB2	2108	111	G	0	0	111	35
A_PB2	2109	89	A	0	0	89	35
A_PB2	2110	86	T	0	0	86	35
A_PB2	2111	98	A	0	0	98	35
A_PB2	2112	110	T	0	0	110	35
A_PB2	2113	93	G	0	0	93	35
A_PB2	2114	85	G	0	0	85	35
A_PB2	2115	97	C	0	0	97	35
A_PB2	2116	112	C	0	0	112	35
A_PB2	2117	106	C	0	0	106	35
A_PB2	2118	93	A	0	0	93	35
A_PB2	2119	92	G	0	0	92	35
A_PB2	2120	88	C	0	0	88	35
A_PB2	2121	88	A	0	0	88	35
A_PB2	2122	93	T	0	0	93	35
A_PB2	2123	102	T	0	0	102	35
A_PB2	2124	109	G	0	0	109	35
A_PB2	2125	92	A	0	0	92	35
A_PB2	2126	103	G	0	0	103	35
A_PB2	2127	113	C	0	0	113	35
A_PB2	2128	97	A	0	0	97	35
A_PB2	2129	97	T	0	0	97	35
A_PB2	2130	98	C	0	0	98	35
A_PB2	2131	87	A	0	0	87	35
A_PB2	2132	105	A	0	0	105	35
A_PB2	2133	90	T	0	0	90	35
A_PB2	2134	92	G	0	0	92	35
A_PB2	2135	115	A	0	0	115	35
A_PB2	2136	109	G	0	0	109	35
A_PB2	2137	98	C	0	0	98	35
A_PB2	2138	86	T	0	0	86	35
A_PB2	2139	103	G	0	0	103	35
A_PB2	2140	85	A	0	0	85	35
A_PB2	2141	100	G	0	0	100	35
A_PB2	2142	107	C	0	0	107	35
A_PB2	2143	104	A	0	0	104	35
A_PB2	2144	87	A	0	0	87	35
A_PB2	2145	97	T	0	0	97	35
A_PB2	2146	112	C	0	0	112	35
A_PB2	2147	88	T	0	0	88	35
A_PB2	2148	109	T	0	0	109	35
A_PB2	2149	98	G	0	0	98	35
A_PB2	2150	104	C	0	0	104	35
A_PB2	2151	95	A	0	0	95	35
A_PB2	2152	103	A	0	0	103	35
A_PB2	2153	92	A	0	0	92	35
A_PB2	2154	113	G	0	0	113	35
A_PB2	2155	99	G	0	0	99	35
A_PB2	2156	97	G	0	0	97	35
A_PB2	2157	107	A	0	0	107	35
A_PB2	2158	85	G	0	0	85	35
A_PB2	2159	101	A	0	0	101	35
A_PB2	2160	97	G	0	0	97	35
A_PB2	2161	99	A	0	0	99	35
A_PB2	2162	90	A	0	0	90	35
A_PB2	2163	112	G	0	0	112	35
A_PB2	2164	109	G	0	0	109	35
A_PB2	2165	93	C	0	0	93	35
A_PB2	2166	94	T	0	0	94	35
A_PB2	2167	96	A	0	0	96	35
A_PB2	2168	108	A	0	0	108	35
A_PB2	2169	88	T	0	0	88	35
A_PB2	2170	97	G	0	0	97	35
A_PB2	2171	90	T	0	0	90	35
A_PB2	2172	100	G	0	0	100	35
A_PB2	2173	102	C	0	0	102	35
A_PB2	2174	102	T	0	0	102	35
A_PB2	2175	90	A	0	0	90	35
A_PB2	2176	103	A	0	0	103	35
A_PB2	2177	115	T	0	0	115	35
A_PB2	2178	103	T	0	0	103	35
A_PB2	2179	94	G	0	0	94	35
A_PB2	2180	95	G	0	0	95	35
A_PB2	2181	93	G	0	0	93	35
A_PB2	2182	101	C	0	0	101	35
A_PB2	2183	114	A	0	0	114	35
A_PB2	2184	85	A	0	0	85	35
A_PB2	2185	109	G	0	0	109	35
A_PB2	2186	94	G	0	0	94	35
A_PB2	2187	97	A	0	0	97	35
A_PB2	2188	109	G	0	0	109	35
A_PB2	2189	106	A	0	0	106	35
A_PB2	2190	108	C	0	0	108	35
A_PB2	2191	102	G	0	0	102	35
A_PB2	2192	92	T	0	0	92	35
A_PB2	2193	97	A	0	0	97	35
A_PB2	2194	100	G	0	0	100	35
A_PB2	2195	85	T	0	0	85	35
A_PB2	2196	111	G	0	0	111	35
A_PB2	2197	105	T	0	0	105	35
A_PB2	2198	111	T	0	0	111	35
A_PB2	2199	101	G	0	0	101	35
A_PB2	2200	108	G	0	0	108	35
A_PB2	2201	94	T	0	0	94	35
A_PB2	2202	114	G	0	0	114	35
A_PB2	2203	102	A	0	0	102	35
A_PB2	2204	105	T	0	0	105	35
A_PB2	2205	96	G	0	0	96	35
A_PB2	2206	106	A	0	0	106	35
A_PB2	2207	112	A	0	0	112	35
A_PB2	2208	94	A	0	0	94	35
A_PB2	2209	105	C	0	0	105	35
A_PB2	2210	85	G	0	0	85	35
A_PB2	2211	109	G	0	0	109	35
A_PB2	2212	91	A	0	0	91	35
A_PB2	2213	109	A	0	0	109	35
A_PB2	2214	115	A	0	0	115	35
A_PB2	2215	90	C	0	0	90	35
A_PB2	2216	90	G	0	0	90	35
A_PB2	2217	94	G	0	0	94	35
A_PB2	2218	109	G	0	0	109	35
A_PB2	2219	104	A	0	0	104	35
A_PB2	2220	101	C	0	0	101	35
A_PB2	2221	102	T	0	0	102	35
A_PB2	2222	88	C	0	0	88	35
A_PB2	2223	111	T	0	0	111	35
A_PB2	2224	107	A	0	0	107	35
A_PB2	2225	93	G	0	0	93	35
A_PB2	2226	108	C	0	0	108	35
A_PB2	2227	93	A	0	0	93	35
A_PB2	2228	104	T	0	0	104	35
A_PB2	2229	104	A	0	0	104	35
A_PB2	2230	91	C	0	0	91	35
A_PB2	2231	92	T	0	0	92	35
A_PB2	2232	87	T	0	0	87	35
A_PB2	2233	115	A	0	0	115	35
A_PB2	2234	113	C	0	0	113	35
A_PB2	2235	101	T	0	0	101	35
A_PB2	2236	106	G	0	0	106	35
A_PB2	2237	114	A	0	0	114	35
A_PB2	2238	107	C	0	0	107	35
A_PB2	2239	96	A	0	0	96	35
A_PB2	2240	95	G	0	0	95	35
A_PB2	2241	109	C	0	0	109	35
A_PB2	2242	88	C	0	0	88	35
A_PB2	2243	99	A	0	0	99	35
A_PB2	2244	97	G	0	0	97	35
A_PB2	2245	104	A	0	0	104	35
A_PB2	2246	104	C	0	0	104	35
A_PB2	2247	100	A	0	0	100	35
A_PB2	2248	108	G	0	0	108	35
A_PB2	2249	94	C	0	0	94	35
A_PB2	2250	86	G	0	0	86	35
A_PB2	2251	100	A	0	0	100	35
A_PB2	2252	100	C	0	0	100	35
A_PB2	2253	90	C	0	0	90	35
A_PB2	2254	87	A	0	0	87	35
A_PB2	2255	88	A	0	0	88	35
A_PB2	2256	105	A	0	0	105	35
A_PB2	2257	87	A	0	0	87	35
A_PB2	2258	89	G	0	0	89	35
A_PB2	2259	108	A	0	0	108	35
A_PB2	2260	93	A	0	0	93	35
A_PB2	2261	104	T	0	0	104	35
A_PB2	2262	103	T	0	0	103	35
A_PB2	2263	96	C	0	0	96	35
A_PB2	2264	108	G	0	0	108	35
A_PB2	2265	95	G	0	0	95	35
A_PB2	2266	99	A	0	0	99	35
A_PB2	2267	106	T	0	0	106	35
A_PB2	2268	98	G	0	0	98	35
A_PB2	2269	86	G	0	0	86	35
A_PB2	2270	90	C	0	0	90	35
A_PB2	2271	108	C	0	0	108	35
A_PB2	2272	110	A	0	0	110	35
A_PB2	2273	104	T	0	0	104	35
A_PB2	2274	91	C	0	0	91	35
A_PB2	2275	89	A	0	0	89	35
A_PB2	2276	95	A	0	0	95	35
A_PB2	2277	103	T	0	0	103	35
A_PB2	2278	86	T	0	0	86	35
A_PB2	2279	86	A	0	0	86	35
A_PB2	2280	113	G	0	0	113	35
