Reference_Name	Position	Coverage Depth	Consensus	Deletions	Ambiguous	Consensus_Count	Consensus_Average_Quality
A_PB1	1	89	A	0	0	89	35
A_PB1	2	98	T	0	0	98	35
A_PB1	3	96	G	0	0	96	35
A_PB1	4	96	G	0	0	96	35
A_PB1	5	109	A	0	0	109	35
A_PB1	6	108	T	0	0	108	35
A_PB1	7	91	G	0	0	91	35
A_PB1	8	104	T	0	0	104	35
A_PB1	9	92	C	0	0	92	35
A_PB1	10	115	A	0	0	115	35
A_PB1	11	99	A	0	0	99	35
A_PB1	12	86	T	0	0	86	35
A_PB1	13	93	C	0	0	93	35
A_PB1	14	106	C	0	0	106	35
A_PB1	15	97	G	0	0	97	35
A_PB1	16	86	A	0	0	86	35
A_PB1	17	95	C	0	0	95	35
A_PB1	18	112	T	0	0	112	35
A_PB1	19	91	T	0	0	91	35
A_PB1	20	100	T	0	0	100	35
A_PB1	21	111	A	0	0	111	35
A_PB1	22	95	C	0	0	95	35
A_PB1	23	114	T	0	0	114	35
A_PB1	24	85	T	0	0	85	35
A_PB1	25	111	T	0	0	111	35
A_PB1	26	87	T	0	0	87	35
A_PB1	27	113	C	0	0	113	35
A_PB1	28	95	T	0	0	95	35
A_PB1	29	111	T	0	0	111	35
A_PB1	30	102	G	0	0	102	35
A_PB1	31	101	A	0	0	101	35
A_PB1	32	106	A	0	0	106	35
A_PB1	33	87	A	0	0	87	35
A_PB1	34	91	G	0	0	91	35
A_PB1	35	111	T	0	0	111	35
A_PB1	36	105	T	0	0	105	35
A_PB1	37	108	C	0	0	108	35
A_PB1	38	89	C	0	0	89	35
A_PB1	39	94	A	0	0	94	35
A_PB1	40	94	G	0	0	94	35
A_PB1	41	96	C	0	0	96	35
A_PB1	42	91	G	0	0	91	35
A_PB1	43	89	C	0	0	89	35
A_PB1	44	104	A	0	0	104	35
A_PB1	45	94	A	0	0	94	35
A_PB1	46	94	A	0	0	94	35
A_PB1	47	87	A	0	0	87	35
A_PB1	48	111	T	0	0	111	35
A_PB1	49	111	G	0	0	111	35
A_PB1	50	86	C	0	0	86	35
A_PB1	51	115	C	0	0	115	35
A_PB1	52	102	A	0	0	102	35
A_PB1	53	85	T	0	0	85	35
A_PB1	54	87	A	0	0	87	35
A_PB1	55	102	A	0	0	102	35
A_PB1	56	101	G	0	0	101	35
A_PB1	57	104	C	0	0	104	35
A_PB1	58	94	A	0	0	94	35
A_PB1	59	105	C	0	0	105	35
A_PB1	60	102	C	0	0	102	35
A_PB1	61	104	A	0	0	104	35
A_PB1	62	111	C	0	0	111	35
A_PB1	63	99	A	0	0	99	35
A_PB1	64	88	T	0	0	88	35
A_PB1	65	101	T	0	0	101	35
A_PB1	66	93	C	0	0	93	35
A_PB1	67	109	C	0	0	109	35
A_PB1	68	109	C	0	0	109	35
A_PB1	69	86	G	0	0	86	35
A_PB1	70	95	T	0	0	95	35
A_PB1	71	85	A	0	0	85	35
A_PB1	72	96	T	0	0	96	35
A_PB1	73	113	A	0	0	113	35
A_PB1	74	101	C	0	0	101	35
A_PB1	75	95	T	0	0	95	35
A_PB1	76	107	G	0	0	107	35
A_PB1	77	94	G	0	0	94	35
A_PB1	78	104	A	0	0	104	35
A_PB1	79	104	G	0	0	104	35
A_PB1	80	93	A	0	0	93	35
A_PB1	81	115	T	0	0	115	35
A_PB1	82	115	C	0	0	115	35
A_PB1	83	94	C	0	0	94	35
A_PB1	84	105	T	0	0	105	35
A_PB1	85	86	C	0	0	86	35
A_PB1	86	90	C	0	0	90	35
A_PB1	87	98	A	0	0	98	35
A_PB1	88	107	T	0	0	107	35
A_PB1	89	108	A	0	0	108	35
A_PB1	90	113	C	0	0	113	35
A_PB1	91	108	A	0	0	108	35
A_PB1	92	113	G	0	0	113	35
A_PB1	93	112	C	0	0	112	35
A_PB1	94	115	C	0	0	115	35
A_PB1	95	100	A	0	0	100	35
A_PB1	96	105	T	0	0	105	35
A_PB1	97	100	G	0	0	100	35
A_PB1	98	111	G	0	0	111	35
A_PB1	99	90	A	0	0	90	35
A_PB1	100	103	A	0	0	103	35
A_PB1	101	105	C	0	0	105	35
A_PB1	102	99	A	0	0	99	35
A_PB1	103	91	G	0	0	91	35
A_PB1	104	111	G	0	0	111	35
A_PB1	105	89	A	0	0	89	35
A_PB1	106	113	A	0	0	113	35
A_PB1	107	95	C	0	0	95	35
A_PB1	108	110	A	0	0	110	35
A_PB1	109	97	G	0	0	97	35
A_PB1	110	98	G	0	0	98	35
A_PB1	111	93	A	0	0	93	35
A_PB1	112	94	T	0	0	94	35
A_PB1	113	95	A	0	0	95	35
A_PB1	114	100	T	0	0	100	35
A_PB1	115	105	A	0	0	105	35
A_PB1	116	101	C	0	0	101	35
A_PB1	117	107	C	0	0	107	35
A_PB1	118	94	A	0	0	94	35
A_PB1	119	104	T	0	0	104	35
A_PB1	120	85	G	0	0	85	35
A_PB1	121	105	G	0	0	105	35
A_PB1	122	108	A	0	0	108	35
A_PB1	123	86	C	0	0	86	35
A_PB1	124	105	A	0	0	105	35
A_PB1	125	106	C	0	0	106	35
A_PB1	126	107	A	0	0	107	35
A_PB1	127	88	G	0	0	88	35
A_PB1	128	111	T	0	0	111	35
A_PB1	129	97	T	0	0	97	35
A_PB1	130	107	A	0	0	107	35
A_PB1	131	103	A	0	0	103	35
A_PB1	132	96	C	0	0	96	35
A_PB1	133	100	A	0	0	100	35
A_PB1	134	112	G	0	0	112	35
A_PB1	135	108	A	0	0	108	35
A_PB1	136	104	A	0	0	104	35
A_PB1	137	85	C	0	0	85	35
A_PB1	138	97	A	0	0	97	35
A_PB1	139	95	C	0	0	95	35
A_PB1	140	87	A	0	0	87	35
A_PB1	141	112	T	0	0	112	35
A_PB1	142	114	C	0	0	114	35
A_PB1	143	98	A	0	0	98	35
A_PB1	144	97	G	0	0	97	35
A_PB1	145	113	T	0	0	113	35
A_PB1	146	105	A	0	0	105	35
A_PB1	147	105	T	0	0	105	35
A_PB1	148	105	T	0	0	105	35
A_PB1	149	93	C	0	0	93	35
A_PB1	150	85	A	0	0	85	35
A_PB1	151	108	G	0	0	108	35
A_PB1	152	108	A	0	0	108	35
A_PB1	153	94	A	0	0	94	35
A_PB1	154	87	A	0	0	87	35
A_PB1	155	86	A	0	0	86	35
A_PB1	156	94	A	0	0	94	35
A_PB1	157	98	G	0	0	98	35
A_PB1	158	88	G	0	0	88	35
A_PB1	159	107	G	0	0	107	35
A_PB1	160	113	A	0	0	113	35
A_PB1	161	105	A	0	0	105	35
A_PB1	162	104	A	0	0	104	35
A_PB1	163	91	T	0	0	91	35
A_PB1	164	110	G	0	0	110	35
A_PB1	165	89	G	0	0	89	35
A_PB1	166	113	A	0	0	113	35
A_PB1	167	96	C	0	0	96	35
A_PB1	168	114	A	0	0	114	35
A_PB1	169	93	A	0	0	93	35
A_PB1	170	109	C	0	0	109	35
A_PB1	171	107	A	0	0	107	35
A_PB1	172	115	A	0	0	115	35
A_PB1	173	111	A	0	0	111	35
A_PB1	174	86	C	0	0	86	35
A_PB1	175	102	T	0	0	102	35
A_PB1	176	97	C	0	0	97	35
A_PB1	177	99	A	0	0	99	35
A_PB1	178	87	G	0	0	87	35
A_PB1	179	95	A	0	0	95	35
A_PB1	180	89	A	0	0	89	35
A_PB1	181	106	A	0	0	106	35
A_PB1	182	106	C	0	0	106	35
A_PB1	183	104	T	0	0	104	35
A_PB1	184	112	G	0	0	112	35
A_PB1	185	103	G	0	0	103	35
A_PB1	186	100	A	0	0	100	35
A_PB1	187	114	G	0	0	114	35
A_PB1	188	95	C	0	0	95	35
A_PB1	189	107	A	0	0	107	35
A_PB1	190	112	C	0	0	112	35
A_PB1	191	107	C	0	0	107	35
A_PB1	192	113	T	0	0	113	35
A_PB1	193	112	C	0	0	112	35
A_PB1	194	106	A	0	0	106	35
A_PB1	195	110	A	0	0	110	35
A_PB1	196	94	C	0	0	94	35
A_PB1	197	86	T	0	0	86	35
A_PB1	198	89	C	0	0	89	35
A_PB1	199	108	A	0	0	108	35
A_PB1	200	110	A	0	0	110	35
A_PB1	201	106	T	0	0	106	35
A_PB1	202	106	C	0	0	106	35
A_PB1	203	101	C	0	0	101	35
A_PB1	204	103	A	0	0	103	35
A_PB1	205	92	A	0	0	92	35
A_PB1	206	89	T	0	0	89	35
A_PB1	207	98	T	0	0	98	35
A_PB1	208	86	G	0	0	86	35
A_PB1	209	101	A	0	0	101	35
A_PB1	210	110	T	0	0	110	35
A_PB1	211	93	G	0	0	93	35
A_PB1	212	88	G	0	0	88	35
A_PB1	213	91	A	0	0	91	35
A_PB1	214	95	C	0	0	95	35
A_PB1	215	99	C	0	0	99	35
A_PB1	216	96	A	0	0	96	35
A_PB1	217	111	T	0	0	111	35
A_PB1	218	114	T	0	0	114	35
A_PB1	219	115	G	0	0	115	35
A_PB1	220	90	C	0	0	90	35
A_PB1	221	97	C	0	0	97	35
A_PB1	222	93	T	0	0	93	35
A_PB1	223	105	G	0	0	105	35
A_PB1	224	109	A	0	0	109	35
A_PB1	225	115	G	0	0	115	35
A_PB1	226	90	G	0	0	90	35
A_PB1	227	96	A	0	0	96	35
A_PB1	228	88	C	0	0	88	35
A_PB1	229	104	A	0	0	104	35
A_PB1	230	111	A	0	0	111	35
A_PB1	231	113	T	0	0	113	35
A_PB1	232	102	G	0	0	102	35
A_PB1	233	115	A	0	0	115	35
A_PB1	234	94	A	0	0	94	35
A_PB1	235	94	C	0	0	94	35
A_PB1	236	104	C	0	0	104	35
A_PB1	237	113	A	0	0	113	35
A_PB1	238	114	A	0	0	114	35
A_PB1	239	109	G	0	0	109	35
A_PB1	240	113	T	0	0	113	35
A_PB1	241	86	G	0	0	86	35
A_PB1	242	86	G	0	0	86	35
A_PB1	243	108	G	0	0	108	35
A_PB1	244	103	T	0	0	103	35
A_PB1	245	111	A	0	0	111	35
A_PB1	246	105	T	0	0	105	35
A_PB1	247	96	G	0	0	96	35
A_PB1	248	87	C	0	0	87	35
A_PB1	249	99	A	0	0	99	35
A_PB1	250	86	C	0	0	86	35
A_PB1	251	113	A	0	0	113	35
A_PB1	252	110	A	0	0	110	35
A_PB1	253	88	A	0	0	88	35
A_PB1	254	89	C	0	0	89	35
A_PB1	255	108	G	0	0	108	35
A_PB1	256	115	G	0	0	115	35
A_PB1	257	92	A	0	0	92	35
A_PB1	258	87	C	0	0	87	35
A_PB1	259	115	T	0	0	115	35
A_PB1	260	97	G	0	0	97	35
A_PB1	261	86	T	0	0	86	35
A_PB1	262	109	G	0	0	109	35
A_PB1	263	90	T	0	0	90	35
A_PB1	264	86	C	0	0	86	35
A_PB1	265	99	C	0	0	99	35
A_PB1	266	105	T	0	0	105	35
A_PB1	267	97	T	0	0	97	35
A_PB1	268	89	G	0	0	89	35
A_PB1	269	111	A	0	0	111	35
A_PB1	270	110	A	0	0	110	35
A_PB1	271	95	G	0	0	95	35
A_PB1	272	93	C	0	0	93	35
A_PB1	273	93	A	0	0	93	35
A_PB1	274	97	A	0	0	97	35
A_PB1	275	113	T	0	0	113	35
A_PB1	276	94	G	0	0	94	35
A_PB1	277	98	G	0	0	98	35
A_PB1	278	114	C	0	0	114	35
A_PB1	279	105	T	0	0	105	35
A_PB1	280	97	T	0	0	97	35
A_PB1	281	92	T	0	0	92	35
A_PB1	282	98	C	0	0	98	35
A_PB1	283	92	C	0	0	92	35
A_PB1	284	103	T	0	0	103	35
A_PB1	285	109	T	0	0	109	35
A_PB1	286	96	G	0	0	96	35
A_PB1	287	111	A	0	0	111	35
A_PB1	288	110	A	0	0	110	35
A_PB1	289	87	G	0	0	87	35
A_PB1	290	107	A	0	0	107	35
A_PB1	291	90	G	0	0	90	35
A_PB1	292	115	T	0	0	115	35
A_PB1	293	92	C	0	0	92	35
A_PB1	294	85	C	0	0	85	35
A_PB1	295	89	C	0	0	89	35
A_PB1	296	87	A	0	0	87	35
A_PB1	297	88	C	0	0	88	35
A_PB1	298	98	C	0	0	98	35
A_PB1	299	88	C	0	0	88	35
A_PB1	300	108	A	0	0	108	35
A_PB1	301	91	G	0	0	91	35
A_PB1	302	87	G	0	0	87	35
A_PB1	303	115	A	0	0	115	35
A_PB1	304	90	A	0	0	90	35
A_PB1	305	100	T	0	0	100	35
A_PB1	306	90	C	0	0	90	35
A_PB1	307	114	T	0	0	114	35
A_PB1	308	96	T	0	0	96	35
A_PB1	309	108	T	0	0	108	35
A_PB1	310	96	G	0	0	96	35
A_PB1	311	108	A	0	0	108	35
A_PB1	312	112	A	0	0	112	35
A_PB1	313	90	A	0	0	90	35
A_PB1	314	112	A	0	0	112	35
A_PB1	315	99	C	0	0	99	35
A_PB1	316	89	T	0	0	89	35
A_PB1	317	97	C	0	0	97	35
A_PB1	318	108	G	0	0	108	35
A_PB1	319	85	T	0	0	85	35
A_PB1	320	102	G	0	0	102	35
A_PB1	321	91	T	0	0	91	35
A_PB1	322	95	C	0	0	95	35
A_PB1	323	89	T	0	0	89	35
A_PB1	324	110	T	0	0	110	35
A_PB1	325	91	G	0	0	91	35
A_PB1	326	103	A	0	0	103	35
A_PB1	327	88	A	0	0	88	35
A_PB1	328	92	A	0	0	92	35
A_PB1	329	105	C	0	0	105	35
A_PB1	330	106	G	0	0	106	35
A_PB1	331	91	A	0	0	91	35
A_PB1	332	110	T	0	0	110	35
A_PB1	333	106	G	0	0	106	35
A_PB1	334	98	G	0	0	98	35
A_PB1	335	105	A	0	0	105	35
A_PB1	336	115	A	0	0	115	35
A_PB1	337	85	G	0	0	85	35
A_PB1	338	106	T	0	0	106	35
A_PB1	339	102	T	0	0	102	35
A_PB1	340	101	G	0	0	101	35
A_PB1	341	114	T	0	0	114	35
A_PB1	342	106	T	0	0	106	35
A_PB1	343	97	C	0	0	97	35
A_PB1	344	109	A	0	0	109	35
A_PB1	345	93	A	0	0	93	35
A_PB1	346	96	C	0	0	96	35
A_PB1	347	87	A	0	0	87	35
A_PB1	348	100	A	0	0	100	35
A_PB1	349	92	A	0	0	92	35
A_PB1	350	108	C	0	0	108	35
A_PB1	351	90	A	0	0	90	35
A_PB1	352	91	A	0	0	91	35
A_PB1	353	115	G	0	0	115	35
A_PB1	354	107	A	0	0	107	35
A_PB1	355	93	G	0	0	93	35
A_PB1	356	91	T	0	0	91	35
A_PB1	357	97	G	0	0	97	35
A_PB1	358	85	G	0	0	85	35
A_PB1	359	86	A	0	0	86	35
A_PB1	360	94	C	0	0	94	35
A_PB1	361	101	A	0	0	101	35
A_PB1	362	89	A	0	0	89	35
A_PB1	363	111	G	0	0	111	35
A_PB1	364	93	T	0	0	93	35
A_PB1	365	115	T	0	0	115	35
A_PB1	366	106	G	0	0	106	35
A_PB1	367	93	A	0	0	93	35
A_PB1	368	91	C	0	0	91	35
A_PB1	369	89	C	0	0	89	35
A_PB1	370	115	C	0	0	115	35
A_PB1	371	86	A	0	0	86	35
A_PB1	372	99	A	0	0	99	35
A_PB1	373	112	G	0	0	112	35
A_PB1	374	92	G	0	0	92	35
A_PB1	375	91	C	0	0	91	35
A_PB1	376	97	C	0	0	97	35
A_PB1	377	103	G	0	0	103	35
A_PB1	378	92	T	0	0	92	35
A_PB1	379	90	C	0	0	90	35
A_PB1	380	101	A	0	0	101	35
A_PB1	381	102	G	0	0	102	35
A_PB1	382	92	A	0	0	92	35
A_PB1	383	96	C	0	0	96	35
A_PB1	384	111	C	0	0	111	35
A_PB1	385	105	T	0	0	105	35
A_PB1	386	99	A	0	0	99	35
A_PB1	387	103	T	0	0	103	35
A_PB1	388	91	G	0	0	91	35
A_PB1	389	99	A	0	0	99	35
A_PB1	390	109	T	0	0	109	35
A_PB1	391	101	T	0	0	101	35
A_PB1	392	93	G	0	0	93	35
A_PB1	393	110	G	0	0	110	35
A_PB1	394	104	A	0	0	104	35
A_PB1	395	99	C	0	0	99	35
A_PB1	396	112	G	0	0	112	35
A_PB1	397	99	T	0	0	99	35
A_PB1	398	101	T	0	0	101	35
A_PB1	399	108	A	0	0	108	35
A_PB1	400	110	A	0	0	110	35
A_PB1	401	95	A	0	0	95	35
A_PB1	402	107	C	0	0	107	35
A_PB1	403	101	A	0	0	101	35
A_PB1	404	109	G	0	0	109	35
A_PB1	405	97	G	0	0	97	35
A_PB1	406	114	A	0	0	114	35
A_PB1	407	113	A	0	0	113	35
A_PB1	408	87	T	0	0	87	35
A_PB1	409	113	C	0	0	113	35
A_PB1	410	112	A	0	0	112	35
A_PB1	411	99	G	0	0	99	35
A_PB1	412	86	C	0	0	86	35
A_PB1	413	114	C	0	0	114	35
A_PB1	414	88	G	0	0	88	35
A_PB1	415	100	G	0	0	100	35
A_PB1	416	109	C	0	0	109	35
A_PB1	417	105	T	0	0	105	35
A_PB1	418	108	G	0	0	108	35
A_PB1	419	96	C	0	0	96	35
A_PB1	420	115	A	0	0	115	35
A_PB1	421	111	A	0	0	111	35
A_PB1	422	96	C	0	0	96	35
A_PB1	423	107	T	0	0	107	35
A_PB1	424	106	G	0	0	106	35
A_PB1	425	90	C	0	0	90	35
A_PB1	426	114	A	0	0	114	35
A_PB1	427	95	T	0	0	95	35
A_PB1	428	95	T	0	0	95	35
A_PB1	429	89	A	0	0	89	35
A_PB1	430	108	G	0	0	108	35
A_PB1	431	114	C	0	0	114	35
A_PB1	432	106	T	0	0	106	35
A_PB1	433	106	A	0	0	106	35
A_PB1	434	112	A	0	0	112	35
A_PB1	435	110	T	0	0	110	35
A_PB1	436	85	A	0	0	85	35
A_PB1	437	95	C	0	0	95	35
A_PB1	438	104	T	0	0	104	35
A_PB1	439	103	A	0	0	103	35
A_PB1	440	96	T	0	0	96	35
A_PB1	441	110	A	0	0	110	35
A_PB1	442	106	G	0	0	106	35
A_PB1	443	88	A	0	0	88	35
A_PB1	444	94	G	0	0	94	35
A_PB1	445	105	G	0	0	105	35
A_PB1	446	87	T	0	0	87	35
A_PB1	447	90	C	0	0	90	35
A_PB1	448	87	T	0	0	87	35
A_PB1	449	90	T	0	0	90	35
A_PB1	450	90	C	0	0	90	35
A_PB1	451	113	A	0	0	113	35
A_PB1	452	96	G	0	0	96	35
A_PB1	453	101	A	0	0	101	35
A_PB1	454	110	T	0	0	110	35
A_PB1	455	96	C	0	0	96	35
A_PB1	456	93	T	0	0	93	35
A_PB1	457	95	A	0	0	95	35
A_PB1	458	89	A	0	0	89	35
A_PB1	459	101	C	0	0	101	35
A_PB1	460	114	G	0	0	114	35
A_PB1	461	98	G	0	0	98	35
A_PB1	462	94	C	0	0	94	35
A_PB1	463	112	C	0	0	112	35
A_PB1	464	105	T	0	0	105	35
A_PB1	465	86	C	0	0	86	35
A_PB1	466	104	A	0	0	104	35
A_PB1	467	90	C	0	0	90	35
A_PB1	468	101	A	0	0	101	35
A_PB1	469	94	G	0	0	94	35
A_PB1	470	85	C	0	0	85	35
A_PB1	471	103	C	0	0	103	35
A_PB1	472	95	A	0	0	95	35
A_PB1	473	95	A	0	0	95	35
A_PB1	474	93	T	0	0	93	35
A_PB1	475	105	G	0	0	105	35
A_PB1	476	103	A	0	0	103	35
A_PB1	477	85	A	0	0	85	35
A_PB1	478	115	T	0	0	115	35
A_PB1	479	100	C	0	0	100	35
A_PB1	480	85	A	0	0	85	35
A_PB1	481	97	G	0	0	97	35
A_PB1	482	111	G	0	0	111	35
A_PB1	483	107	A	0	0	107	35
A_PB1	484	101	A	0	0	101	35
A_PB1	485	108	G	0	0	108	35
A_PB1	486	108	G	0	0	108	35
A_PB1	487	101	C	0	0	101	35
A_PB1	488	110	T	0	0	110	35
A_PB1	489	108	A	0	0	108	35
A_PB1	490	96	A	0	0	96	35
A_PB1	491	90	T	0	0	90	35
A_PB1	492	104	A	0	0	104	35
A_PB1	493	113	G	0	0	113	35
A_PB1	494	111	A	0	0	111	35
A_PB1	495	114	T	0	0	114	35
A_PB1	496	115	T	0	0	115	35
A_PB1	497	111	T	0	0	111	35
A_PB1	498	105	T	0	0	105	35
A_PB1	499	112	C	0	0	112	35
A_PB1	500	97	T	0	0	97	35
A_PB1	501	90	C	0	0	90	35
A_PB1	502	102	A	0	0	102	35
A_PB1	503	94	A	0	0	94	35
A_PB1	504	88	G	0	0	88	35
A_PB1	505	107	G	0	0	107	35
A_PB1	506	113	A	0	0	113	35
A_PB1	507	114	T	0	0	114	35
A_PB1	508	113	G	0	0	113	35
A_PB1	509	107	T	0	0	107	35
A_PB1	510	115	G	0	0	115	35
A_PB1	511	113	A	0	0	113	35
A_PB1	512	109	T	0	0	109	35
A_PB1	513	107	G	0	0	107	35
A_PB1	514	99	G	0	0	99	35
A_PB1	515	94	A	0	0	94	35
A_PB1	516	114	A	0	0	114	35
A_PB1	517	91	T	0	0	91	35
A_PB1	518	113	C	0	0	113	35
A_PB1	519	107	A	0	0	107	35
A_PB1	520	99	A	0	0	99	35
A_PB1	521	114	T	0	0	114	35
A_PB1	522	91	G	0	0	91	35
A_PB1	523	93	G	0	0	93	35
A_PB1	524	93	A	0	0	93	35
A_PB1	525	108	T	0	0	108	35
A_PB1	526	110	A	0	0	110	35
A_PB1	527	101	A	0	0	101	35
A_PB1	528	91	G	0	0	91	35
A_PB1	529	94	G	0	0	94	35
A_PB1	530	106	A	0	0	106	35
A_PB1	531	90	G	0	0	90	35
A_PB1	532	89	G	0	0	89	35
A_PB1	533	113	A	0	0	113	35
A_PB1	534	102	A	0	0	102	35
A_PB1	535	109	A	0	0	109	35
A_PB1	536	115	T	0	0	115	35
A_PB1	537	101	G	0	0	101	35
A_PB1	538	97	G	0	0	97	35
A_PB1	539	114	A	0	0	114	35
A_PB1	540	109	A	0	0	109	35
A_PB1	541	109	A	0	0	109	35
A_PB1	542	95	T	0	0	95	35
A_PB1	543	107	A	0	0	107	35
A_PB1	544	104	A	0	0	104	35
A_PB1	545	87	C	0	0	87	35
A_PB1	546	110	A	0	0	110	35
A_PB1	547	91	A	0	0	91	35
A_PB1	548	112	C	0	0	112	35
A_PB1	549	113	G	0	0	113	35
A_PB1	550	106	C	0	0	106	35
A_PB1	551	99	A	0	0	99	35
A_PB1	552	114	T	0	0	114	35
A_PB1	553	94	T	0	0	94	35
A_PB1	554	111	T	0	0	111	35
A_PB1	555	94	C	0	0	94	35
A_PB1	556	98	C	0	0	98	35
A_PB1	557	94	A	0	0	94	35
A_PB1	558	104	A	0	0	104	35
A_PB1	559	109	A	0	0	109	35
A_PB1	560	96	G	0	0	96	35
A_PB1	561	111	G	0	0	111	35
A_PB1	562	112	A	0	0	112	35
A_PB1	563	100	A	0	0	100	35
A_PB1	564	86	A	0	0	86	35
A_PB1	565	98	A	0	0	98	35
A_PB1	566	91	G	0	0	91	35
A_PB1	567	100	A	0	0	100	35
A_PB1	568	85	A	0	0	85	35
A_PB1	569	95	G	0	0	95	35
A_PB1	570	112	A	0	0	112	35
A_PB1	571	95	G	0	0	95	35
A_PB1	572	105	T	0	0	105	35
A_PB1	573	114	G	0	0	114	35
A_PB1	574	93	A	0	0	93	35
A_PB1	575	105	G	0	0	105	35
A_PB1	576	101	A	0	0	101	35
A_PB1	577	87	G	0	0	87	35
A_PB1	578	105	A	0	0	105	35
A_PB1	579	113	C	0	0	113	35
A_PB1	580	87	A	0	0	87	35
A_PB1	581	103	A	0	0	103	35
A_PB1	582	93	C	0	0	93	35
A_PB1	583	107	A	0	0	107	35
A_PB1	584	111	T	0	0	111	35
A_PB1	585	86	G	0	0	86	35
A_PB1	586	105	A	0	0	105	35
A_PB1	587	86	C	0	0	86	35
A_PB1	588	110	C	0	0	110	35
A_PB1	589	99	A	0	0	99	35
A_PB1	590	86	A	0	0	86	35
A_PB1	591	112	G	0	0	112	35
A_PB1	592	89	A	0	0	89	35
A_PB1	593	92	A	0	0	92	35
A_PB1	594	108	A	0	0	108	35
A_PB1	595	90	A	0	0	90	35
A_PB1	596	99	T	0	0	99	35
A_PB1	597	107	G	0	0	107	35
A_PB1	598	100	G	0	0	100	35
A_PB1	599	99	T	0	0	99	35
A_PB1	600	96	C	0	0	96	35
A_PB1	601	93	A	0	0	93	35
A_PB1	602	97	C	0	0	97	35
A_PB1	603	110	A	0	0	110	35
A_PB1	604	114	C	0	0	114	35
A_PB1	605	91	A	0	0	91	35
A_PB1	606	92	A	0	0	92	35
A_PB1	607	86	A	0	0	86	35
A_PB1	608	92	G	0	0	92	35
A_PB1	609	89	G	0	0	89	35
A_PB1	610	106	A	0	0	106	35
A_PB1	611	114	C	0	0	114	35
A_PB1	612	87	A	0	0	87	35
A_PB1	613	115	A	0	0	115	35
A_PB1	614	94	T	0	0	94	35
A_PB1	615	110	A	0	0	110	35
A_PB1	616	113	G	0	0	113	35
A_PB1	617	90	G	0	0	90	35
A_PB1	618	98	A	0	0	98	35
A_PB1	619	89	A	0	0	89	35
A_PB1	620	99	A	0	0	99	35
A_PB1	621	104	G	0	0	104	35
A_PB1	622	92	A	0	0	92	35
A_PB1	623	92	A	0	0	92	35
A_PB1	624	99	G	0	0	99	35
A_PB1	625	108	A	0	0	108	35
A_PB1	626	115	A	0	0	115	35
A_PB1	627	94	A	0	0	94	35
A_PB1	628	96	C	0	0	96	35
A_PB1	629	107	A	0	0	107	35
A_PB1	630	111	G	0	0	111	35
A_PB1	631	109	A	0	0	109	35
A_PB1	632	89	G	0	0	89	35
A_PB1	633	105	G	0	0	105	35
A_PB1	634	101	C	0	0	101	35
A_PB1	635	105	T	0	0	105	35
A_PB1	636	93	A	0	0	93	35
A_PB1	637	110	A	0	0	110	35
A_PB1	638	111	A	0	0	111	35
A_PB1	639	89	T	0	0	89	35
A_PB1	640	114	A	0	0	114	35
A_PB1	641	104	A	0	0	104	35
A_PB1	642	104	A	0	0	104	35
A_PB1	643	85	A	0	0	85	35
A_PB1	644	92	A	0	0	92	35
A_PB1	645	111	G	0	0	111	35
A_PB1	646	115	A	0	0	115	35
A_PB1	647	104	G	0	0	104	35
A_PB1	648	96	C	0	0	96	35
A_PB1	649	100	T	0	0	100	35
A_PB1	650	93	A	0	0	93	35
A_PB1	651	110	T	0	0	110	35
A_PB1	652	102	C	0	0	102	35
A_PB1	653	113	T	0	0	113	35
A_PB1	654	103	A	0	0	103	35
A_PB1	655	103	A	0	0	103	35
A_PB1	656	86	T	0	0	86	35
A_PB1	657	90	A	0	0	90	35
A_PB1	658	96	A	0	0	96	35
A_PB1	659	92	G	0	0	92	35
A_PB1	660	108	A	0	0	108	35
A_PB1	661	109	G	0	0	109	35
A_PB1	662	113	C	0	0	113	35
A_PB1	663	112	A	0	0	112	35
A_PB1	664	96	T	0	0	96	35
A_PB1	665	102	T	0	0	102	35
A_PB1	666	111	G	0	0	111	35
A_PB1	667	89	A	0	0	89	35
A_PB1	668	98	C	0	0	98	35
A_PB1	669	111	A	0	0	111	35
A_PB1	670	111	C	0	0	111	35
A_PB1	671	93	T	0	0	93	35
A_PB1	672	92	G	0	0	92	35
A_PB1	673	104	A	0	0	104	35
A_PB1	674	97	A	0	0	97	35
A_PB1	675	97	C	0	0	97	35
A_PB1	676	113	A	0	0	113	35
A_PB1	677	87	C	0	0	87	35
A_PB1	678	98	G	0	0	98	35
A_PB1	679	113	A	0	0	113	35
A_PB1	680	100	T	0	0	100	35
A_PB1	681	101	G	0	0	101	35
A_PB1	682	104	A	0	0	104	35
A_PB1	683	89	C	0	0	89	35
A_PB1	684	98	A	0	0	98	35
A_PB1	685	101	A	0	0	101	35
A_PB1	686	111	A	0	0	111	35
A_PB1	687	88	A	0	0	88	35
A_PB1	688	112	G	0	0	112	35
A_PB1	689	98	A	0	0	98	35
A_PB1	690	86	C	0	0	86	35
A_PB1	691	110	G	0	0	110	35
A_PB1	692	87	C	0	0	87	35
A_PB1	693	94	C	0	0	94	35
A_PB1	694	99	G	0	0	99	35
A_PB1	695	85	A	0	0	85	35
A_PB1	696	92	A	0	0	92	35
A_PB1	697	87	A	0	0	87	35
A_PB1	698	106	G	0	0	106	35
A_PB1	699	103	A	0	0	103	35
A_PB1	700	99	G	0	0	99	35
A_PB1	701	105	G	0	0	105	35
A_PB1	702	109	C	0	0	109	35
A_PB1	703	96	A	0	0	96	35
A_PB1	704	104	A	0	0	104	35
A_PB1	705	112	A	0	0	112	35
A_PB1	706	94	T	0	0	94	35
A_PB1	707	92	T	0	0	92	35
A_PB1	708	96	A	0	0	96	35
A_PB1	709	96	A	0	0	96	35
A_PB1	710	112	A	0	0	112	35
A_PB1	711	109	A	0	0	109	35
A_PB1	712	109	A	0	0	109	35
A_PB1	713	114	G	0	0	114	35
A_PB1	714	114	A	0	0	114	35
A_PB1	715	86	A	0	0	86	35
A_PB1	716	101	G	0	0	101	35
A_PB1	717	93	G	0	0	93	35
A_PB1	718	108	G	0	0	108	35
A_PB1	719	106	C	0	0	106	35
A_PB1	720	104	A	0	0	104	35
A_PB1	721	87	A	0	0	87	35
A_PB1	722	108	T	0	0	108	35
A_PB1	723	91	T	0	0	91	35
A_PB1	724	98	G	0	0	98	35
A_PB1	725	100	C	0	0	100	35
A_PB1	726	99	G	0	0	99	35
A_PB1	727	86	A	0	0	86	35
A_PB1	728	108	C	0	0	108	35
A_PB1	729	85	A	0	0	85	35
A_PB1	730	114	C	0	0	114	35
A_PB1	731	102	C	0	0	102	35
A_PB1	732	91	T	0	0	91	35
A_PB1	733	85	G	0	0	85	35
A_PB1	734	113	G	0	0	113	35
A_PB1	735	86	A	0	0	86	35
A_PB1	736	103	A	0	0	103	35
A_PB1	737	112	T	0	0	112	35
A_PB1	738	110	G	0	0	110	35
A_PB1	739	107	C	0	0	107	35
A_PB1	740	113	A	0	0	113	35
A_PB1	741	87	A	0	0	87	35
A_PB1	742	87	A	0	0	87	35
A_PB1	743	87	T	0	0	87	35
A_PB1	744	107	C	0	0	107	35
A_PB1	745	103	A	0	0	103	35
A_PB1	746	95	G	0	0	95	35
A_PB1	747	99	A	0	0	99	35
A_PB1	748	103	G	0	0	103	35
A_PB1	749	95	G	0	0	95	35
A_PB1	750	88	G	0	0	88	35
A_PB1	751	98	T	0	0	98	35
A_PB1	752	95	T	0	0	95	35
A_PB1	753	106	T	0	0	106	35
A_PB1	754	109	G	0	0	109	35
A_PB1	755	90	T	0	0	90	35
A_PB1	756	105	G	0	0	105	35
A_PB1	757	110	T	0	0	110	35
A_PB1	758	97	A	0	0	97	35
A_PB1	759	99	C	0	0	99	35
A_PB1	760	94	T	0	0	94	35
A_PB1	761	91	T	0	0	91	35
A_PB1	762	101	T	0	0	101	35
A_PB1	763	95	G	0	0	95	35
A_PB1	764	111	T	0	0	111	35
A_PB1	765	112	T	0	0	112	35
A_PB1	766	97	G	0	0	97	35
A_PB1	767	87	A	0	0	87	35
A_PB1	768	107	A	0	0	107	35
A_PB1	769	114	A	0	0	114	35
A_PB1	770	115	C	0	0	115	35
A_PB1	771	114	A	0	0	114	35
A_PB1	772	100	T	0	0	100	35
A_PB1	773	99	T	0	0	99	35
A_PB1	774	100	A	0	0	100	35
A_PB1	775	94	G	0	0	94	35
A_PB1	776	90	C	0	0	90	35
A_PB1	777	87	G	0	0	87	35
A_PB1	778	97	A	0	0	97	35
A_PB1	779	99	G	0	0	99	35
A_PB1	780	99	G	0	0	99	35
A_PB1	781	96	A	0	0	96	35
A_PB1	782	107	G	0	0	107	35
A_PB1	783	106	C	0	0	106	35
A_PB1	784	96	A	0	0	96	35
A_PB1	785	108	T	0	0	108	35
A_PB1	786	103	T	0	0	103	35
A_PB1	787	107	T	0	0	107	35
A_PB1	788	88	G	0	0	88	35
A_PB1	789	93	T	0	0	93	35
A_PB1	790	87	G	0	0	87	35
A_PB1	791	94	A	0	0	94	35
A_PB1	792	95	T	0	0	95	35
A_PB1	793	110	A	0	0	110	35
A_PB1	794	88	A	0	0	88	35
A_PB1	795	96	G	0	0	96	35
A_PB1	796	105	C	0	0	105	35
A_PB1	797	101	T	0	0	101	35
A_PB1	798	107	T	0	0	107	35
A_PB1	799	115	G	0	0	115	35
A_PB1	800	105	A	0	0	105	35
A_PB1	801	92	A	0	0	92	35
A_PB1	802	91	C	0	0	91	35
A_PB1	803	98	A	0	0	98	35
A_PB1	804	104	A	0	0	104	35
A_PB1	805	108	T	0	0	108	35
A_PB1	806	110	C	0	0	110	35
A_PB1	807	109	T	0	0	109	35
A_PB1	808	93	G	0	0	93	35
A_PB1	809	110	G	0	0	110	35
A_PB1	810	89	A	0	0	89	35
A_PB1	811	114	C	0	0	114	35
A_PB1	812	102	T	0	0	102	35
A_PB1	813	95	C	0	0	95	35
A_PB1	814	96	C	0	0	96	35
A_PB1	815	85	C	0	0	85	35
A_PB1	816	111	A	0	0	111	35
A_PB1	817	113	G	0	0	113	35
A_PB1	818	92	T	0	0	92	35
A_PB1	819	104	T	0	0	104	35
A_PB1	820	85	G	0	0	85	35
A_PB1	821	88	G	0	0	88	35
A_PB1	822	107	G	0	0	107	35
A_PB1	823	105	G	0	0	105	35
A_PB1	824	97	G	0	0	97	35
A_PB1	825	107	C	0	0	107	35
A_PB1	826	94	A	0	0	94	35
A_PB1	827	97	A	0	0	97	35
A_PB1	828	114	T	0	0	114	35
A_PB1	829	115	G	0	0	115	35
A_PB1	830	91	A	0	0	91	35
A_PB1	831	105	A	0	0	105	35
A_PB1	832	91	A	0	0	91	35
A_PB1	833	105	A	0	0	105	35
A_PB1	834	89	G	0	0	89	35
A_PB1	835	94	A	0	0	94	35
A_PB1	836	89	A	0	0	89	35
A_PB1	837	87	G	0	0	87	35
A_PB1	838	101	G	0	0	101	35
A_PB1	839	87	C	0	0	87	35
A_PB1	840	86	T	0	0	86	35
A_PB1	841	90	A	0	0	90	35
A_PB1	842	91	A	0	0	91	35
A_PB1	843	89	A	0	0	89	35
A_PB1	844	92	C	0	0	92	35
A_PB1	845	86	T	0	0	86	35
A_PB1	846	88	G	0	0	88	35
A_PB1	847	106	G	0	0	106	35
A_PB1	848	85	C	0	0	85	35
A_PB1	849	97	A	0	0	97	35
A_PB1	850	115	A	0	0	115	35
A_PB1	851	115	A	0	0	115	35
A_PB1	852	96	T	0	0	96	35
A_PB1	853	105	G	0	0	105	35
A_PB1	854	109	T	0	0	109	35
A_PB1	855	95	T	0	0	95	35
A_PB1	856	102	G	0	0	102	35
A_PB1	857	106	T	0	0	106	35
A_PB1	858	112	G	0	0	112	35
A_PB1	859	113	A	0	0	113	35
A_PB1	860	108	G	0	0	108	35
A_PB1	861	100	A	0	0	100	35
A_PB1	862	95	A	0	0	95	35
A_PB1	863	95	A	0	0	95	35
A_PB1	864	97	A	0	0	97	35
A_PB1	865	97	A	0	0	97	35
A_PB1	866	88	T	0	0	88	35
A_PB1	867	106	G	0	0	106	35
A_PB1	868	88	A	0	0	88	35
A_PB1	869	113	T	0	0	113	35
A_PB1	870	112	G	0	0	112	35
A_PB1	871	100	A	0	0	100	35
A_PB1	872	106	C	0	0	106	35
A_PB1	873	107	T	0	0	107	35
A_PB1	874	95	A	0	0	95	35
A_PB1	875	109	A	0	0	109	35
A_PB1	876	103	T	0	0	103	35
A_PB1	877	95	T	0	0	95	35
A_PB1	878	90	C	0	0	90	35
A_PB1	879	88	G	0	0	88	35
A_PB1	880	93	C	0	0	93	35
A_PB1	881	102	A	0	0	102	35
A_PB1	882	97	G	0	0	97	35
A_PB1	883	114	G	0	0	114	35
A_PB1	884	92	A	0	0	92	35
A_PB1	885	95	C	0	0	95	35
A_PB1	886	115	A	0	0	115	35
A_PB1	887	96	C	0	0	96	35
A_PB1	888	85	A	0	0	85	35
A_PB1	889	106	G	0	0	106	35
A_PB1	890	107	A	0	0	107	35
A_PB1	891	86	G	0	0	86	35
A_PB1	892	88	C	0	0	88	35
A_PB1	893	94	T	0	0	94	35
A_PB1	894	87	C	0	0	87	35
A_PB1	895	90	T	0	0	90	35
A_PB1	896	93	C	0	0	93	35
A_PB1	897	102	C	0	0	102	35
A_PB1	898	112	T	0	0	112	35
A_PB1	899	110	T	0	0	110	35
A_PB1	900	85	C	0	0	85	35
A_PB1	901	89	A	0	0	89	35
A_PB1	902	91	C	0	0	91	35
A_PB1	903	113	A	0	0	113	35
A_PB1	904	106	A	0	0	106	35
A_PB1	905	101	T	0	0	101	35
A_PB1	906	90	C	0	0	90	35
A_PB1	907	108	A	0	0	108	35
A_PB1	908	95	C	0	0	95	35
A_PB1	909	112	T	0	0	112	35
A_PB1	910	104	G	0	0	104	35
A_PB1	911	109	G	0	0	109	35
A_PB1	912	113	A	0	0	113	35
A_PB1	913	105	G	0	0	105	35
A_PB1	914	88	A	0	0	88	35
A_PB1	915	95	C	0	0	95	35
A_PB1	916	104	A	0	0	104	35
A_PB1	917	85	A	0	0	85	35
A_PB1	918	111	C	0	0	111	35
A_PB1	919	89	A	0	0	89	35
A_PB1	920	112	C	0	0	112	35
A_PB1	921	113	C	0	0	113	35
A_PB1	922	94	A	0	0	94	35
A_PB1	923	115	A	0	0	115	35
A_PB1	924	86	A	0	0	86	35
A_PB1	925	99	T	0	0	99	35
A_PB1	926	105	G	0	0	105	35
A_PB1	927	104	G	0	0	104	35
A_PB1	928	100	A	0	0	100	35
A_PB1	929	108	A	0	0	108	35
A_PB1	930	110	T	0	0	110	35
A_PB1	931	114	G	0	0	114	35
A_PB1	932	112	A	0	0	112	35
A_PB1	933	114	A	0	0	114	35
A_PB1	934	110	A	0	0	110	35
A_PB1	935	88	A	0	0	88	35
A_PB1	936	105	T	0	0	105	35
A_PB1	937	85	C	0	0	85	35
A_PB1	938	86	A	0	0	86	35
A_PB1	939	98	G	0	0	98	35
A_PB1	940	112	A	0	0	112	35
A_PB1	941	97	A	0	0	97	35
A_PB1	942	104	C	0	0	104	35
A_PB1	943	94	C	0	0	94	35
A_PB1	944	92	C	0	0	92	35
A_PB1	945	115	T	0	0	115	35
A_PB1	946	110	A	0	0	110	35
A_PB1	947	90	G	0	0	90	35
A_PB1	948	94	G	0	0	94	35
A_PB1	949	97	A	0	0	97	35
A_PB1	950	100	T	0	0	100	35
A_PB1	951	95	G	0	0	95	35
A_PB1	952	109	T	0	0	109	35
A_PB1	953	110	T	0	0	110	35
A_PB1	954	93	T	0	0	93	35
A_PB1	955	107	C	0	0	107	35
A_PB1	956	91	T	0	0	91	35
A_PB1	957	107	G	0	0	107	35
A_PB1	958	96	G	0	0	96	35
A_PB1	959	92	C	0	0	92	35
A_PB1	960	86	A	0	0	86	35
A_PB1	961	86	A	0	0	86	35
A_PB1	962	86	T	0	0	86	35
A_PB1	963	87	G	0	0	87	35
A_PB1	964	109	A	0	0	109	35
A_PB1	965	94	T	0	0	94	35
A_PB1	966	88	A	0	0	88	35
A_PB1	967	102	A	0	0	102	35
A_PB1	968	105	C	0	0	105	35
A_PB1	969	113	A	0	0	113	35
A_PB1	970	85	T	0	0	85	35
A_PB1	971	112	A	0	0	112	35
A_PB1	972	98	T	0	0	98	35
A_PB1	973	105	A	0	0	105	35
A_PB1	974	90	T	0	0	90	35
A_PB1	975	111	A	0	0	111	35
A_PB1	976	115	A	0	0	115	35
A_PB1	977	97	C	0	0	97	35
A_PB1	978	114	A	0	0	114	35
A_PB1	979	100	A	0	0	100	35
A_PB1	980	113	G	0	0	113	35
A_PB1	981	98	G	0	0	98	35
A_PB1	982	111	A	0	0	111	35
A_PB1	983	99	A	0	0	99	35
A_PB1	984	97	C	0	0	97	35
A_PB1	985	89	C	0	0	89	35
A_PB1	986	110	A	0	0	110	35
A_PB1	987	87	A	0	0	87	35
A_PB1	988	94	C	0	0	94	35
A_PB1	989	95	C	0	0	95	35
A_PB1	990	92	T	0	0	92	35
A_PB1	991	90	G	0	0	90	35
A_PB1	992	108	A	0	0	108	35
A_PB1	993	94	A	0	0	94	35
A_PB1	994	111	T	0	0	111	35
A_PB1	995	95	G	0	0	95	35
A_PB1	996	114	G	0	0	114	35
A_PB1	997	105	T	0	0	105	35
A_PB1	998	114	T	0	0	114	35
A_PB1	999	107	C	0	0	107	35
A_PB1	1000	95	A	0	0	95	35
A_PB1	1001	101	G	0	0	101	35
A_PB1	1002	114	G	0	0	114	35
A_PB1	1003	100	A	0	0	100	35
A_PB1	1004	104	A	0	0	104	35
A_PB1	1005	92	T	0	0	92	35
A_PB1	1006	111	G	0	0	111	35
A_PB1	1007	90	T	0	0	90	35
A_PB1	1008	110	C	0	0	110	35
A_PB1	1009	92	T	0	0	92	35
A_PB1	1010	109	T	0	0	109	35
A_PB1	1011	85	G	0	0	85	35
A_PB1	1012	106	A	0	0	106	35
A_PB1	1013	85	G	0	0	85	35
A_PB1	1014	98	C	0	0	98	35
A_PB1	1015	98	A	0	0	98	35
A_PB1	1016	100	T	0	0	100	35
A_PB1	1017	107	T	0	0	107	35
A_PB1	1018	99	G	0	0	99	35
A_PB1	1019	99	C	0	0	99	35
A_PB1	1020	88	A	0	0	88	35
A_PB1	1021	102	C	0	0	102	35
A_PB1	1022	87	C	0	0	87	35
A_PB1	1023	86	T	0	0	86	35
A_PB1	1024	95	A	0	0	95	35
A_PB1	1025	108	T	0	0	108	35
A_PB1	1026	102	A	0	0	102	35
A_PB1	1027	90	A	0	0	90	35
A_PB1	1028	86	T	0	0	86	35
A_PB1	1029	104	G	0	0	104	35
A_PB1	1030	104	T	0	0	104	35
A_PB1	1031	86	T	0	0	86	35
A_PB1	1032	88	C	0	0	88	35
A_PB1	1033	94	T	0	0	94	35
A_PB1	1034	100	C	0	0	100	35
A_PB1	1035	95	A	0	0	95	35
A_PB1	1036	112	A	0	0	112	35
A_PB1	1037	106	A	0	0	106	35
A_PB1	1038	104	T	0	0	104	35
A_PB1	1039	110	A	0	0	110	35
A_PB1	1040	110	A	0	0	110	35
A_PB1	1041	112	A	0	0	112	35
A_PB1	1042	104	A	0	0	104	35
A_PB1	1043	95	T	0	0	95	35
A_PB1	1044	110	G	0	0	110	35
A_PB1	1045	113	G	0	0	113	35
A_PB1	1046	114	C	0	0	114	35
A_PB1	1047	98	A	0	0	98	35
A_PB1	1048	105	A	0	0	105	35
A_PB1	1049	109	G	0	0	109	35
A_PB1	1050	88	A	0	0	88	35
A_PB1	1051	88	C	0	0	88	35
A_PB1	1052	86	T	0	0	86	35
A_PB1	1053	109	A	0	0	109	35
A_PB1	1054	103	G	0	0	103	35
A_PB1	1055	114	G	0	0	114	35
A_PB1	1056	89	G	0	0	89	35
A_PB1	1057	112	A	0	0	112	35
A_PB1	1058	95	A	0	0	95	35
A_PB1	1059	106	A	0	0	106	35
A_PB1	1060	91	G	0	0	91	35
A_PB1	1061	100	G	0	0	100	35
A_PB1	1062	94	G	0	0	94	35
A_PB1	1063	106	T	0	0	106	35
A_PB1	1064	115	A	0	0	115	35
A_PB1	1065	87	C	0	0	87	35
A_PB1	1066	112	A	0	0	112	35
A_PB1	1067	95	T	0	0	95	35
A_PB1	1068	89	G	0	0	89	35
A_PB1	1069	98	T	0	0	98	35
A_PB1	1070	96	T	0	0	96	35
A_PB1	1071	93	C	0	0	93	35
A_PB1	1072	97	G	0	0	97	35
A_PB1	1073	106	A	0	0	106	35
A_PB1	1074	110	A	0	0	110	35
A_PB1	1075	111	A	0	0	111	35
A_PB1	1076	110	G	0	0	110	35
A_PB1	1077	98	T	0	0	98	35
A_PB1	1078	98	A	0	0	98	35
A_PB1	1079	98	A	0	0	98	35
A_PB1	1080	87	G	0	0	87	35
A_PB1	1081	114	A	0	0	114	35
A_PB1	1082	101	G	0	0	101	35
A_PB1	1083	98	C	0	0	98	35
A_PB1	1084	86	A	0	0	86	35
A_PB1	1085	112	T	0	0	112	35
A_PB1	1086	113	G	0	0	113	35
A_PB1	1087	106	A	0	0	106	35
A_PB1	1088	101	A	0	0	101	35
A_PB1	1089	90	G	0	0	90	35
A_PB1	1090	98	C	0	0	98	35
A_PB1	1091	96	T	0	0	96	35
A_PB1	1092	99	C	0	0	99	35
A_PB1	1093	107	C	0	0	107	35
A_PB1	1094	85	G	0	0	85	35
A_PB1	1095	101	A	0	0	101	35
A_PB1	1096	92	A	0	0	92	35
A_PB1	1097	85	C	0	0	85	35
A_PB1	1098	109	A	0	0	109	35
A_PB1	1099	99	C	0	0	99	35
A_PB1	1100	85	A	0	0	85	35
A_PB1	1101	112	A	0	0	112	35
A_PB1	1102	112	A	0	0	112	35
A_PB1	1103	111	T	0	0	111	35
A_PB1	1104	88	A	0	0	88	35
A_PB1	1105	100	C	0	0	100	35
A_PB1	1106	108	C	0	0	108	35
A_PB1	1107	105	A	0	0	105	35
A_PB1	1108	113	G	0	0	113	35
A_PB1	1109	89	C	0	0	89	35
A_PB1	1110	87	A	0	0	87	35
A_PB1	1111	111	G	0	0	111	35
A_PB1	1112	90	A	0	0	90	35
A_PB1	1113	115	A	0	0	115	35
A_PB1	1114	106	A	0	0	106	35
A_PB1	1115	96	T	0	0	96	35
A_PB1	1116	93	G	0	0	93	35
A_PB1	1117	110	C	0	0	110	35
A_PB1	1118	113	T	0	0	113	35
A_PB1	1119	113	A	0	0	113	35
A_PB1	1120	93	G	0	0	93	35
A_PB1	1121	106	C	0	0	106	35
A_PB1	1122	90	A	0	0	90	35
A_PB1	1123	115	A	0	0	115	35
A_PB1	1124	98	G	0	0	98	35
A_PB1	1125	86	C	0	0	86	35
A_PB1	1126	97	A	0	0	97	35
A_PB1	1127	111	T	0	0	111	35
A_PB1	1128	100	T	0	0	100	35
A_PB1	1129	108	G	0	0	108	35
A_PB1	1130	93	A	0	0	93	35
A_PB1	1131	108	T	0	0	108	35
A_PB1	1132	110	C	0	0	110	35
A_PB1	1133	103	T	0	0	103	35
A_PB1	1134	102	G	0	0	102	35
A_PB1	1135	96	A	0	0	96	35
A_PB1	1136	87	A	0	0	87	35
A_PB1	1137	100	G	0	0	100	35
A_PB1	1138	101	T	0	0	101	35
A_PB1	1139	113	A	0	0	113	35
A_PB1	1140	95	T	0	0	95	35
A_PB1	1141	93	T	0	0	93	35
A_PB1	1142	97	T	0	0	97	35
A_PB1	1143	110	C	0	0	110	35
A_PB1	1144	85	A	0	0	85	35
A_PB1	1145	110	A	0	0	110	35
A_PB1	1146	86	T	0	0	86	35
A_PB1	1147	98	G	0	0	98	35
A_PB1	1148	101	A	0	0	101	35
A_PB1	1149	90	G	0	0	90	35
A_PB1	1150	114	T	0	0	114	35
A_PB1	1151	102	C	0	0	102	35
A_PB1	1152	114	A	0	0	114	35
A_PB1	1153	104	A	0	0	104	35
A_PB1	1154	96	C	0	0	96	35
A_PB1	1155	102	A	0	0	102	35
A_PB1	1156	110	A	0	0	110	35
A_PB1	1157	98	G	0	0	98	35
A_PB1	1158	93	A	0	0	93	35
A_PB1	1159	92	A	0	0	92	35
A_PB1	1160	112	A	0	0	112	35
A_PB1	1161	85	G	0	0	85	35
A_PB1	1162	105	A	0	0	105	35
A_PB1	1163	98	A	0	0	98	35
A_PB1	1164	98	A	0	0	98	35
A_PB1	1165	99	A	0	0	99	35
A_PB1	1166	91	T	0	0	91	35
A_PB1	1167	114	A	0	0	114	35
A_PB1	1168	95	G	0	0	95	35
A_PB1	1169	114	A	0	0	114	35
A_PB1	1170	101	G	0	0	101	35
A_PB1	1171	112	A	0	0	112	35
A_PB1	1172	91	A	0	0	91	35
A_PB1	1173	93	G	0	0	93	35
A_PB1	1174	92	A	0	0	92	35
A_PB1	1175	99	T	0	0	99	35
A_PB1	1176	114	A	0	0	114	35
A_PB1	1177	86	A	0	0	86	35
A_PB1	1178	86	G	0	0	86	35
A_PB1	1179	99	A	0	0	99	35
A_PB1	1180	110	C	0	0	110	35
A_PB1	1181	96	C	0	0	96	35
A_PB1	1182	106	T	0	0	106	35
A_PB1	1183	92	C	0	0	92	35
A_PB1	1184	96	T	0	0	96	35
A_PB1	1185	88	T	0	0	88	35
A_PB1	1186	89	C	0	0	89	35
A_PB1	1187	109	T	0	0	109	35
A_PB1	1188	96	A	0	0	96	35
A_PB1	1189	102	A	0	0	102	35
A_PB1	1190	104	T	0	0	104	35
A_PB1	1191	103	A	0	0	103	35
A_PB1	1192	101	G	0	0	101	35
A_PB1	1193	94	A	0	0	94	35
A_PB1	1194	105	T	0	0	105	35
A_PB1	1195	104	G	0	0	104	35
A_PB1	1196	107	G	0	0	107	35
A_PB1	1197	87	T	0	0	87	35
A_PB1	1198	95	A	0	0	95	35
A_PB1	1199	111	C	0	0	111	35
A_PB1	1200	100	A	0	0	100	35
A_PB1	1201	87	G	0	0	87	35
A_PB1	1202	98	C	0	0	98	35
A_PB1	1203	106	C	0	0	106	35
A_PB1	1204	88	T	0	0	88	35
A_PB1	1205	87	C	0	0	87	35
A_PB1	1206	104	G	0	0	104	35
A_PB1	1207	97	T	0	0	97	35
A_PB1	1208	86	T	0	0	86	35
A_PB1	1209	94	A	0	0	94	35
A_PB1	1210	109	A	0	0	109	35
A_PB1	1211	92	G	0	0	92	35
A_PB1	1212	101	C	0	0	101	35
A_PB1	1213	85	C	0	0	85	35
A_PB1	1214	108	C	0	0	108	35
A_PB1	1215	86	A	0	0	86	35
A_PB1	1216	102	G	0	0	102	35
A_PB1	1217	95	G	0	0	95	35
A_PB1	1218	104	A	0	0	104	35
A_PB1	1219	106	A	0	0	106	35
A_PB1	1220	95	T	0	0	95	35
A_PB1	1221	108	G	0	0	108	35
A_PB1	1222	108	A	0	0	108	35
A_PB1	1223	92	T	0	0	92	35
A_PB1	1224	106	G	0	0	106	35
A_PB1	1225	110	A	0	0	110	35
A_PB1	1226	103	T	0	0	103	35
A_PB1	1227	92	G	0	0	92	35
A_PB1	1228	104	G	0	0	104	35
A_PB1	1229	99	G	0	0	99	35
A_PB1	1230	103	C	0	0	103	35
A_PB1	1231	102	A	0	0	102	35
A_PB1	1232	112	T	0	0	112	35
A_PB1	1233	97	G	0	0	97	35
A_PB1	1234	111	T	0	0	111	35
A_PB1	1235	93	T	0	0	93	35
A_PB1	1236	101	C	0	0	101	35
A_PB1	1237	101	A	0	0	101	35
A_PB1	1238	88	A	0	0	88	35
A_PB1	1239	100	T	0	0	100	35
A_PB1	1240	107	A	0	0	107	35
A_PB1	1241	110	T	0	0	110	35
A_PB1	1242	94	G	0	0	94	35
A_PB1	1243	91	C	0	0	91	35
A_PB1	1244	89	T	0	0	89	35
A_PB1	1245	95	G	0	0	95	35
A_PB1	1246	94	A	0	0	94	35
A_PB1	1247	92	G	0	0	92	35
A_PB1	1248	98	T	0	0	98	35
A_PB1	1249	98	A	0	0	98	35
A_PB1	1250	89	C	0	0	89	35
A_PB1	1251	94	A	0	0	94	35
A_PB1	1252	87	G	0	0	87	35
A_PB1	1253	98	T	0	0	98	35
A_PB1	1254	107	T	0	0	107	35
A_PB1	1255	104	T	0	0	104	35
A_PB1	1256	110	T	0	0	110	35
A_PB1	1257	89	G	0	0	89	35
A_PB1	1258	91	G	0	0	91	35
A_PB1	1259	100	G	0	0	100	35
A_PB1	1260	105	A	0	0	105	35
A_PB1	1261	94	G	0	0	94	35
A_PB1	1262	95	T	0	0	95	35
A_PB1	1263	100	T	0	0	100	35
A_PB1	1264	99	T	0	0	99	35
A_PB1	1265	86	C	0	0	86	35
A_PB1	1266	100	G	0	0	100	35
A_PB1	1267	98	A	0	0	98	35
A_PB1	1268	111	T	0	0	111	35
A_PB1	1269	86	T	0	0	86	35
A_PB1	1270	102	C	0	0	102	35
A_PB1	1271	99	T	0	0	99	35
A_PB1	1272	109	A	0	0	109	35
A_PB1	1273	89	A	0	0	89	35
A_PB1	1274	93	A	0	0	93	35
A_PB1	1275	110	T	0	0	110	35
A_PB1	1276	103	C	0	0	103	35
A_PB1	1277	87	T	0	0	87	35
A_PB1	1278	101	A	0	0	101	35
A_PB1	1279	104	G	0	0	104	35
A_PB1	1280	102	G	0	0	102	35
A_PB1	1281	86	A	0	0	86	35
A_PB1	1282	91	C	0	0	91	35
A_PB1	1283	88	A	0	0	88	35
A_PB1	1284	91	A	0	0	91	35
A_PB1	1285	92	A	0	0	92	35
A_PB1	1286	90	G	0	0	90	35
A_PB1	1287	93	G	0	0	93	35
A_PB1	1288	105	A	0	0	105	35
A_PB1	1289	106	G	0	0	106	35
A_PB1	1290	86	G	0	0	86	35
A_PB1	1291	101	T	0	0	101	35
A_PB1	1292	89	A	0	0	89	35
A_PB1	1293	94	C	0	0	94	35
A_PB1	1294	88	A	0	0	88	35
A_PB1	1295	100	C	0	0	100	35
A_PB1	1296	106	C	0	0	106	35
A_PB1	1297	103	A	0	0	103	35
A_PB1	1298	98	A	0	0	98	35
A_PB1	1299	91	A	0	0	91	35
A_PB1	1300	109	A	0	0	109	35
A_PB1	1301	89	C	0	0	89	35
A_PB1	1302	85	A	0	0	85	35
A_PB1	1303	94	A	0	0	94	35
A_PB1	1304	104	C	0	0	104	35
A_PB1	1305	89	A	0	0	89	35
A_PB1	1306	92	T	0	0	92	35
A_PB1	1307	98	A	0	0	98	35
A_PB1	1308	113	C	0	0	113	35
A_PB1	1309	110	T	0	0	110	35
A_PB1	1310	113	G	0	0	113	35
A_PB1	1311	106	G	0	0	106	35
A_PB1	1312	112	T	0	0	112	35
A_PB1	1313	99	G	0	0	99	35
A_PB1	1314	107	G	0	0	107	35
A_PB1	1315	110	G	0	0	110	35
A_PB1	1316	107	A	0	0	107	35
A_PB1	1317	102	C	0	0	102	35
A_PB1	1318	94	G	0	0	94	35
A_PB1	1319	108	G	0	0	108	35
A_PB1	1320	108	A	0	0	108	35
A_PB1	1321	91	C	0	0	91	35
A_PB1	1322	109	T	0	0	109	35
A_PB1	1323	98	C	0	0	98	35
A_PB1	1324	88	C	0	0	88	35
A_PB1	1325	115	A	0	0	115	35
A_PB1	1326	100	A	0	0	100	35
A_PB1	1327	90	T	0	0	90	35
A_PB1	1328	102	C	0	0	102	35
A_PB1	1329	90	C	0	0	90	35
A_PB1	1330	92	T	0	0	92	35
A_PB1	1331	100	C	0	0	100	35
A_PB1	1332	98	T	0	0	98	35
A_PB1	1333	103	G	0	0	103	35
A_PB1	1334	102	A	0	0	102	35
A_PB1	1335	106	T	0	0	106	35
A_PB1	1336	115	G	0	0	115	35
A_PB1	1337	109	A	0	0	109	35
A_PB1	1338	91	C	0	0	91	35
A_PB1	1339	88	T	0	0	88	35
A_PB1	1340	94	T	0	0	94	35
A_PB1	1341	89	T	0	0	89	35
A_PB1	1342	108	G	0	0	108	35
A_PB1	1343	86	C	0	0	86	35
A_PB1	1344	94	T	0	0	94	35
A_PB1	1345	89	C	0	0	89	35
A_PB1	1346	106	T	0	0	106	35
A_PB1	1347	85	C	0	0	85	35
A_PB1	1348	107	A	0	0	107	35
A_PB1	1349	88	T	0	0	88	35
A_PB1	1350	100	A	0	0	100	35
A_PB1	1351	92	G	0	0	92	35
A_PB1	1352	98	T	0	0	98	35
A_PB1	1353	98	G	0	0	98	35
A_PB1	1354	101	A	0	0	101	35
A_PB1	1355	114	A	0	0	114	35
A_PB1	1356	111	T	0	0	111	35
A_PB1	1357	107	G	0	0	107	35
A_PB1	1358	115	C	0	0	115	35
A_PB1	1359	112	T	0	0	112	35
A_PB1	1360	111	C	0	0	111	35
A_PB1	1361	95	C	0	0	95	35
A_PB1	1362	108	G	0	0	108	35
A_PB1	1363	103	A	0	0	103	35
A_PB1	1364	89	A	0	0	89	35
A_PB1	1365	108	T	0	0	108	35
A_PB1	1366	112	C	0	0	112	35
A_PB1	1367	98	A	0	0	98	35
A_PB1	1368	93	T	0	0	93	35
A_PB1	1369	87	G	0	0	87	35
A_PB1	1370	98	A	0	0	98	35
A_PB1	1371	95	G	0	0	95	35
A_PB1	1372	108	G	0	0	108	35
A_PB1	1373	110	G	0	0	110	35
A_PB1	1374	87	A	0	0	87	35
A_PB1	1375	106	A	0	0	106	35
A_PB1	1376	104	T	0	0	104	35
A_PB1	1377	90	A	0	0	90	35
A_PB1	1378	90	C	0	0	90	35
A_PB1	1379	111	A	0	0	111	35
A_PB1	1380	109	A	0	0	109	35
A_PB1	1381	89	G	0	0	89	35
A_PB1	1382	110	C	0	0	110	35
A_PB1	1383	115	A	0	0	115	35
A_PB1	1384	100	G	0	0	100	35
A_PB1	1385	89	G	0	0	89	35
A_PB1	1386	112	G	0	0	112	35
A_PB1	1387	86	G	0	0	86	35
A_PB1	1388	108	T	0	0	108	35
A_PB1	1389	96	A	0	0	96	35
A_PB1	1390	105	G	0	0	105	35
A_PB1	1391	90	A	0	0	90	35
A_PB1	1392	107	C	0	0	107	35
A_PB1	1393	90	A	0	0	90	35
A_PB1	1394	106	G	0	0	106	35
A_PB1	1395	112	A	0	0	112	35
A_PB1	1396	110	T	0	0	110	35
A_PB1	1397	107	T	0	0	107	35
A_PB1	1398	91	C	0	0	91	35
A_PB1	1399	102	T	0	0	102	35
A_PB1	1400	115	A	0	0	115	35
A_PB1	1401	99	T	0	0	99	35
A_PB1	1402	89	A	0	0	89	35
A_PB1	1403	97	G	0	0	97	35
A_PB1	1404	86	A	0	0	86	35
A_PB1	1405	109	A	0	0	109	35
A_PB1	1406	98	C	0	0	98	35
A_PB1	1407	92	C	0	0	92	35
A_PB1	1408	98	T	0	0	98	35
A_PB1	1409	94	G	0	0	94	35
A_PB1	1410	95	C	0	0	95	35
A_PB1	1411	98	A	0	0	98	35
A_PB1	1412	109	A	0	0	109	35
A_PB1	1413	95	G	0	0	95	35
A_PB1	1414	113	C	0	0	113	35
A_PB1	1415	86	T	0	0	86	35
A_PB1	1416	86	G	0	0	86	35
A_PB1	1417	106	G	0	0	106	35
A_PB1	1418	104	T	0	0	104	35
A_PB1	1419	86	C	0	0	86	35
A_PB1	1420	87	G	0	0	87	35
A_PB1	1421	113	G	0	0	113	35
A_PB1	1422	106	A	0	0	106	35
A_PB1	1423	102	A	0	0	102	35
A_PB1	1424	110	T	0	0	110	35
A_PB1	1425	87	C	0	0	87	35
A_PB1	1426	95	A	0	0	95	35
A_PB1	1427	115	A	0	0	115	35
A_PB1	1428	86	C	0	0	86	35
A_PB1	1429	113	A	0	0	113	35
A_PB1	1430	85	T	0	0	85	35
A_PB1	1431	107	G	0	0	107	35
A_PB1	1432	86	A	0	0	86	35
A_PB1	1433	115	G	0	0	115	35
A_PB1	1434	100	C	0	0	100	35
A_PB1	1435	89	A	0	0	89	35
A_PB1	1436	94	A	0	0	94	35
A_PB1	1437	99	A	0	0	99	35
A_PB1	1438	107	A	0	0	107	35
A_PB1	1439	100	A	0	0	100	35
A_PB1	1440	112	G	0	0	112	35
A_PB1	1441	102	A	0	0	102	35
A_PB1	1442	85	A	0	0	85	35
A_PB1	1443	110	G	0	0	110	35
A_PB1	1444	99	T	0	0	99	35
A_PB1	1445	101	C	0	0	101	35
A_PB1	1446	89	C	0	0	89	35
A_PB1	1447	100	T	0	0	100	35
A_PB1	1448	94	A	0	0	94	35
A_PB1	1449	98	C	0	0	98	35
A_PB1	1450	86	A	0	0	86	35
A_PB1	1451	97	T	0	0	97	35
A_PB1	1452	97	A	0	0	97	35
A_PB1	1453	101	A	0	0	101	35
A_PB1	1454	103	A	0	0	103	35
A_PB1	1455	86	C	0	0	86	35
A_PB1	1456	109	A	0	0	109	35
A_PB1	1457	115	G	0	0	115	35
A_PB1	1458	105	G	0	0	105	35
A_PB1	1459	112	A	0	0	112	35
A_PB1	1460	104	C	0	0	104	35
A_PB1	1461	111	A	0	0	111	35
A_PB1	1462	106	G	0	0	106	35
A_PB1	1463	100	G	0	0	100	35
A_PB1	1464	85	A	0	0	85	35
A_PB1	1465	89	A	0	0	89	35
A_PB1	1466	100	C	0	0	100	35
A_PB1	1467	110	A	0	0	110	35
A_PB1	1468	104	T	0	0	104	35
A_PB1	1469	100	T	0	0	100	35
A_PB1	1470	112	T	0	0	112	35
A_PB1	1471	91	G	0	0	91	35
A_PB1	1472	110	A	0	0	110	35
A_PB1	1473	113	A	0	0	113	35
A_PB1	1474	111	T	0	0	111	35
A_PB1	1475	87	T	0	0	87	35
A_PB1	1476	104	C	0	0	104	35
A_PB1	1477	95	A	0	0	95	35
A_PB1	1478	98	C	0	0	98	35
A_PB1	1479	90	A	0	0	90	35
A_PB1	1480	100	A	0	0	100	35
A_PB1	1481	113	G	0	0	113	35
A_PB1	1482	98	T	0	0	98	35
A_PB1	1483	113	T	0	0	113	35
A_PB1	1484	99	T	0	0	99	35
A_PB1	1485	105	T	0	0	105	35
A_PB1	1486	104	T	0	0	104	35
A_PB1	1487	115	T	0	0	115	35
A_PB1	1488	103	C	0	0	103	35
A_PB1	1489	102	T	0	0	102	35
A_PB1	1490	104	A	0	0	104	35
A_PB1	1491	113	C	0	0	113	35
A_PB1	1492	90	C	0	0	90	35
A_PB1	1493	112	G	0	0	112	35
A_PB1	1494	87	C	0	0	87	35
A_PB1	1495	85	T	0	0	85	35
A_PB1	1496	97	A	0	0	97	35
A_PB1	1497	115	T	0	0	115	35
A_PB1	1498	112	G	0	0	112	35
A_PB1	1499	89	G	0	0	89	35
A_PB1	1500	96	A	0	0	96	35
A_PB1	1501	111	T	0	0	111	35
A_PB1	1502	114	T	0	0	114	35
A_PB1	1503	87	T	0	0	87	35
A_PB1	1504	96	G	0	0	96	35
A_PB1	1505	114	T	0	0	114	35
A_PB1	1506	91	A	0	0	91	35
A_PB1	1507	103	G	0	0	103	35
A_PB1	1508	113	C	0	0	113	35
A_PB1	1509	105	C	0	0	105	35
A_PB1	1510	106	A	0	0	106	35
A_PB1	1511	90	A	0	0	90	35
A_PB1	1512	90	C	0	0	90	35
A_PB1	1513	101	T	0	0	101	35
A_PB1	1514	101	T	0	0	101	35
A_PB1	1515	112	C	0	0	112	35
A_PB1	1516	110	A	0	0	110	35
A_PB1	1517	91	G	0	0	91	35
A_PB1	1518	86	T	0	0	86	35
A_PB1	1519	96	A	0	0	96	35
A_PB1	1520	111	T	0	0	111	35
A_PB1	1521	99	G	0	0	99	35
A_PB1	1522	104	G	0	0	104	35
A_PB1	1523	96	A	0	0	96	35
A_PB1	1524	86	G	0	0	86	35
A_PB1	1525	98	T	0	0	98	35
A_PB1	1526	109	T	0	0	109	35
A_PB1	1527	86	G	0	0	86	35
A_PB1	1528	92	C	0	0	92	35
A_PB1	1529	111	C	0	0	111	35
A_PB1	1530	90	C	0	0	90	35
A_PB1	1531	109	A	0	0	109	35
A_PB1	1532	105	G	0	0	105	35
A_PB1	1533	111	C	0	0	111	35
A_PB1	1534	108	T	0	0	108	35
A_PB1	1535	91	T	0	0	91	35
A_PB1	1536	113	T	0	0	113	35
A_PB1	1537	86	G	0	0	86	35
A_PB1	1538	98	G	0	0	98	35
A_PB1	1539	113	A	0	0	113	35
A_PB1	1540	110	G	0	0	110	35
A_PB1	1541	114	T	0	0	114	35
A_PB1	1542	113	G	0	0	113	35
A_PB1	1543	114	T	0	0	114	35
A_PB1	1544	105	C	0	0	105	35
A_PB1	1545	111	T	0	0	111	35
A_PB1	1546	97	G	0	0	97	35
A_PB1	1547	88	G	0	0	88	35
A_PB1	1548	97	G	0	0	97	35
A_PB1	1549	99	A	0	0	99	35
A_PB1	1550	100	T	0	0	100	35
A_PB1	1551	103	C	0	0	103	35
A_PB1	1552	114	A	0	0	114	35
A_PB1	1553	86	A	0	0	86	35
A_PB1	1554	112	T	0	0	112	35
A_PB1	1555	94	G	0	0	94	35
A_PB1	1556	112	A	0	0	112	35
A_PB1	1557	113	A	0	0	113	35
A_PB1	1558	99	T	0	0	99	35
A_PB1	1559	110	C	0	0	110	35
A_PB1	1560	85	T	0	0	85	35
A_PB1	1561	87	G	0	0	87	35
A_PB1	1562	112	C	0	0	112	35
A_PB1	1563	86	A	0	0	86	35
A_PB1	1564	99	G	0	0	99	35
A_PB1	1565	87	A	0	0	87	35
A_PB1	1566	91	C	0	0	91	35
A_PB1	1567	112	A	0	0	112	35
A_PB1	1568	98	T	0	0	98	35
A_PB1	1569	92	G	0	0	92	35
A_PB1	1570	95	A	0	0	95	35
A_PB1	1571	92	G	0	0	92	35
A_PB1	1572	110	C	0	0	110	35
A_PB1	1573	113	A	0	0	113	35
A_PB1	1574	93	T	0	0	93	35
A_PB1	1575	107	T	0	0	107	35
A_PB1	1576	98	G	0	0	98	35
A_PB1	1577	91	G	0	0	91	35
A_PB1	1578	86	A	0	0	86	35
A_PB1	1579	100	G	0	0	100	35
A_PB1	1580	110	T	0	0	110	35
A_PB1	1581	97	A	0	0	97	35
A_PB1	1582	104	A	0	0	104	35
A_PB1	1583	108	C	0	0	108	35
A_PB1	1584	96	A	0	0	96	35
A_PB1	1585	93	G	0	0	93	35
A_PB1	1586	92	T	0	0	92	35
A_PB1	1587	87	G	0	0	87	35
A_PB1	1588	106	A	0	0	106	35
A_PB1	1589	91	T	0	0	91	35
A_PB1	1590	100	A	0	0	100	35
A_PB1	1591	95	A	0	0	95	35
A_PB1	1592	105	A	0	0	105	35
A_PB1	1593	95	G	0	0	95	35
A_PB1	1594	88	A	0	0	88	35
A_PB1	1595	103	A	0	0	103	35
A_PB1	1596	103	C	0	0	103	35
A_PB1	1597	93	A	0	0	93	35
A_PB1	1598	106	A	0	0	106	35
A_PB1	1599	101	C	0	0	101	35
A_PB1	1600	103	A	0	0	103	35
A_PB1	1601	114	T	0	0	114	35
A_PB1	1602	100	G	0	0	100	35
A_PB1	1603	103	A	0	0	103	35
A_PB1	1604	92	T	0	0	92	35
A_PB1	1605	115	C	0	0	115	35
A_PB1	1606	90	A	0	0	90	35
A_PB1	1607	101	A	0	0	101	35
A_PB1	1608	87	C	0	0	87	35
A_PB1	1609	112	A	0	0	112	35
A_PB1	1610	104	A	0	0	104	35
A_PB1	1611	98	T	0	0	98	35
A_PB1	1612	101	G	0	0	101	35
A_PB1	1613	88	A	0	0	88	35
A_PB1	1614	89	T	0	0	89	35
A_PB1	1615	106	C	0	0	106	35
A_PB1	1616	88	T	0	0	88	35
A_PB1	1617	115	T	0	0	115	35
A_PB1	1618	114	G	0	0	114	35
A_PB1	1619	98	G	0	0	98	35
A_PB1	1620	104	A	0	0	104	35
A_PB1	1621	104	C	0	0	104	35
A_PB1	1622	92	C	0	0	92	35
A_PB1	1623	86	A	0	0	86	35
A_PB1	1624	107	G	0	0	107	35
A_PB1	1625	95	C	0	0	95	35
A_PB1	1626	112	A	0	0	112	35
A_PB1	1627	100	A	0	0	100	35
A_PB1	1628	89	C	0	0	89	35
A_PB1	1629	98	A	0	0	98	35
A_PB1	1630	105	G	0	0	105	35
A_PB1	1631	107	C	0	0	107	35
A_PB1	1632	113	T	0	0	113	35
A_PB1	1633	102	C	0	0	102	35
A_PB1	1634	88	A	0	0	88	35
A_PB1	1635	115	A	0	0	115	35
A_PB1	1636	103	A	0	0	103	35
A_PB1	1637	93	T	0	0	93	35
A_PB1	1638	107	G	0	0	107	35
A_PB1	1639	94	G	0	0	94	35
A_PB1	1640	112	C	0	0	112	35
A_PB1	1641	87	T	0	0	87	35
A_PB1	1642	101	C	0	0	101	35
A_PB1	1643	113	T	0	0	113	35
A_PB1	1644	92	T	0	0	92	35
A_PB1	1645	86	C	0	0	86	35
A_PB1	1646	103	A	0	0	103	35
A_PB1	1647	93	G	0	0	93	35
A_PB1	1648	104	C	0	0	104	35
A_PB1	1649	93	T	0	0	93	35
A_PB1	1650	97	A	0	0	97	35
A_PB1	1651	85	T	0	0	85	35
A_PB1	1652	86	T	0	0	86	35
A_PB1	1653	105	C	0	0	105	35
A_PB1	1654	112	A	0	0	112	35
A_PB1	1655	91	T	0	0	91	35
A_PB1	1656	91	C	0	0	91	35
A_PB1	1657	85	A	0	0	85	35
A_PB1	1658	93	A	0	0	93	35
A_PB1	1659	114	G	0	0	114	35
A_PB1	1660	93	G	0	0	93	35
A_PB1	1661	91	A	0	0	91	35
A_PB1	1662	90	T	0	0	90	35
A_PB1	1663	104	T	0	0	104	35
A_PB1	1664	106	A	0	0	106	35
A_PB1	1665	90	C	0	0	90	35
A_PB1	1666	101	A	0	0	101	35
A_PB1	1667	112	G	0	0	112	35
A_PB1	1668	85	A	0	0	85	35
A_PB1	1669	110	T	0	0	110	35
A_PB1	1670	101	A	0	0	101	35
A_PB1	1671	110	C	0	0	110	35
A_PB1	1672	88	A	0	0	88	35
A_PB1	1673	96	C	0	0	96	35
A_PB1	1674	106	A	0	0	106	35
A_PB1	1675	107	T	0	0	107	35
A_PB1	1676	86	A	0	0	86	35
A_PB1	1677	108	C	0	0	108	35
A_PB1	1678	94	C	0	0	94	35
A_PB1	1679	110	G	0	0	110	35
A_PB1	1680	110	A	0	0	110	35
A_PB1	1681	98	T	0	0	98	35
A_PB1	1682	111	G	0	0	111	35
A_PB1	1683	104	T	0	0	104	35
A_PB1	1684	111	C	0	0	111	35
A_PB1	1685	88	A	0	0	88	35
A_PB1	1686	94	C	0	0	94	35
A_PB1	1687	86	A	0	0	86	35
A_PB1	1688	91	G	0	0	91	35
A_PB1	1689	111	A	0	0	111	35
A_PB1	1690	115	G	0	0	115	35
A_PB1	1691	94	G	0	0	94	35
A_PB1	1692	104	A	0	0	104	35
A_PB1	1693	92	G	0	0	92	35
A_PB1	1694	99	A	0	0	99	35
A_PB1	1695	96	C	0	0	96	35
A_PB1	1696	95	A	0	0	95	35
A_PB1	1697	99	C	0	0	99	35
A_PB1	1698	101	A	0	0	101	35
A_PB1	1699	101	C	0	0	101	35
A_PB1	1700	89	A	0	0	89	35
A_PB1	1701	97	A	0	0	97	35
A_PB1	1702	103	A	0	0	103	35
A_PB1	1703	85	T	0	0	85	35
A_PB1	1704	108	T	0	0	108	35
A_PB1	1705	109	C	0	0	109	35
A_PB1	1706	106	A	0	0	106	35
A_PB1	1707	97	G	0	0	97	35
A_PB1	1708	94	A	0	0	94	35
A_PB1	1709	106	C	0	0	106	35
A_PB1	1710	110	A	0	0	110	35
A_PB1	1711	93	A	0	0	93	35
A_PB1	1712	105	G	0	0	105	35
A_PB1	1713	98	G	0	0	98	35
A_PB1	1714	93	A	0	0	93	35
A_PB1	1715	101	G	0	0	101	35
A_PB1	1716	93	G	0	0	93	35
A_PB1	1717	99	T	0	0	99	35
A_PB1	1718	94	C	0	0	94	35
A_PB1	1719	108	A	0	0	108	35
A_PB1	1720	88	T	0	0	88	35
A_PB1	1721	107	T	0	0	107	35
A_PB1	1722	101	C	0	0	101	35
A_PB1	1723	107	G	0	0	107	35
A_PB1	1724	109	A	0	0	109	35
A_PB1	1725	103	G	0	0	103	35
A_PB1	1726	104	C	0	0	104	35
A_PB1	1727	110	T	0	0	110	35
A_PB1	1728	106	G	0	0	106	35
A_PB1	1729	113	A	0	0	113	35
A_PB1	1730	104	A	0	0	104	35
A_PB1	1731	103	G	0	0	103	35
A_PB1	1732	86	A	0	0	86	35
A_PB1	1733	90	A	0	0	90	35
A_PB1	1734	91	G	0	0	91	35
A_PB1	1735	90	T	0	0	90	35
A_PB1	1736	92	T	0	0	92	35
A_PB1	1737	95	G	0	0	95	35
A_PB1	1738	94	T	0	0	94	35
A_PB1	1739	108	G	0	0	108	35
A_PB1	1740	102	G	0	0	102	35
A_PB1	1741	90	G	0	0	90	35
A_PB1	1742	108	A	0	0	108	35
A_PB1	1743	102	A	0	0	102	35
A_PB1	1744	110	C	0	0	110	35
A_PB1	1745	92	A	0	0	92	35
A_PB1	1746	88	G	0	0	88	35
A_PB1	1747	106	A	0	0	106	35
A_PB1	1748	115	C	0	0	115	35
A_PB1	1749	100	C	0	0	100	35
A_PB1	1750	92	C	0	0	92	35
A_PB1	1751	108	G	0	0	108	35
A_PB1	1752	103	C	0	0	103	35
A_PB1	1753	95	T	0	0	95	35
A_PB1	1754	96	C	0	0	96	35
A_PB1	1755	92	A	0	0	92	35
A_PB1	1756	87	A	0	0	87	35
A_PB1	1757	92	A	0	0	92	35
A_PB1	1758	88	A	0	0	88	35
A_PB1	1759	90	G	0	0	90	35
A_PB1	1760	102	C	0	0	102	35
A_PB1	1761	88	A	0	0	88	35
A_PB1	1762	114	G	0	0	114	35
A_PB1	1763	103	G	0	0	103	35
A_PB1	1764	96	A	0	0	96	35
A_PB1	1765	114	C	0	0	114	35
A_PB1	1766	112	T	0	0	112	35
A_PB1	1767	105	G	0	0	105	35
A_PB1	1768	112	C	0	0	112	35
A_PB1	1769	85	T	0	0	85	35
A_PB1	1770	108	G	0	0	108	35
A_PB1	1771	93	G	0	0	93	35
A_PB1	1772	92	T	0	0	92	35
A_PB1	1773	111	C	0	0	111	35
A_PB1	1774	109	T	0	0	109	35
A_PB1	1775	96	C	0	0	96	35
A_PB1	1776	94	A	0	0	94	35
A_PB1	1777	87	G	0	0	87	35
A_PB1	1778	87	A	0	0	87	35
A_PB1	1779	109	T	0	0	109	35
A_PB1	1780	94	G	0	0	94	35
A_PB1	1781	103	G	0	0	103	35
A_PB1	1782	106	A	0	0	106	35
A_PB1	1783	109	G	0	0	109	35
A_PB1	1784	92	G	0	0	92	35
A_PB1	1785	97	A	0	0	97	35
A_PB1	1786	94	C	0	0	94	35
A_PB1	1787	101	C	0	0	101	35
A_PB1	1788	104	A	0	0	104	35
A_PB1	1789	108	A	0	0	108	35
A_PB1	1790	95	A	0	0	95	35
A_PB1	1791	114	T	0	0	114	35
A_PB1	1792	94	C	0	0	94	35
A_PB1	1793	100	T	0	0	100	35
A_PB1	1794	93	A	0	0	93	35
A_PB1	1795	110	T	0	0	110	35
A_PB1	1796	110	A	0	0	110	35
A_PB1	1797	86	C	0	0	86	35
A_PB1	1798	113	A	0	0	113	35
A_PB1	1799	90	A	0	0	90	35
A_PB1	1800	93	T	0	0	93	35
A_PB1	1801	102	A	0	0	102	35
A_PB1	1802	86	T	0	0	86	35
A_PB1	1803	107	T	0	0	107	35
A_PB1	1804	88	C	0	0	88	35
A_PB1	1805	103	G	0	0	103	35
A_PB1	1806	96	G	0	0	96	35
A_PB1	1807	88	A	0	0	88	35
A_PB1	1808	105	A	0	0	105	35
A_PB1	1809	106	T	0	0	106	35
A_PB1	1810	101	C	0	0	101	35
A_PB1	1811	101	T	0	0	101	35
A_PB1	1812	97	T	0	0	97	35
A_PB1	1813	89	C	0	0	89	35
A_PB1	1814	103	A	0	0	103	35
A_PB1	1815	101	C	0	0	101	35
A_PB1	1816	87	A	0	0	87	35
A_PB1	1817	96	T	0	0	96	35
A_PB1	1818	111	T	0	0	111	35
A_PB1	1819	90	C	0	0	90	35
A_PB1	1820	115	C	0	0	115	35
A_PB1	1821	98	A	0	0	98	35
A_PB1	1822	89	G	0	0	89	35
A_PB1	1823	112	A	0	0	112	35
A_PB1	1824	110	A	0	0	110	35
A_PB1	1825	99	G	0	0	99	35
A_PB1	1826	93	T	0	0	93	35
A_PB1	1827	86	C	0	0	86	35
A_PB1	1828	104	T	0	0	104	35
A_PB1	1829	105	G	0	0	105	35
A_PB1	1830	113	C	0	0	113	35
A_PB1	1831	115	T	0	0	115	35
A_PB1	1832	98	T	0	0	98	35
A_PB1	1833	115	G	0	0	115	35
A_PB1	1834	111	A	0	0	111	35
A_PB1	1835	93	A	0	0	93	35
A_PB1	1836	99	A	0	0	99	35
A_PB1	1837	85	T	0	0	85	35
A_PB1	1838	90	G	0	0	90	35
A_PB1	1839	90	G	0	0	90	35
A_PB1	1840	85	G	0	0	85	35
A_PB1	1841	101	A	0	0	101	35
A_PB1	1842	115	G	0	0	115	35
A_PB1	1843	94	C	0	0	94	35
A_PB1	1844	109	T	0	0	109	35
A_PB1	1845	113	A	0	0	113	35
A_PB1	1846	88	A	0	0	88	35
A_PB1	1847	106	T	0	0	106	35
A_PB1	1848	104	G	0	0	104	35
A_PB1	1849	104	G	0	0	104	35
A_PB1	1850	97	A	0	0	97	35
A_PB1	1851	88	C	0	0	88	35
A_PB1	1852	86	G	0	0	86	35
A_PB1	1853	93	A	0	0	93	35
A_PB1	1854	110	A	0	0	110	35
A_PB1	1855	86	G	0	0	86	35
A_PB1	1856	93	A	0	0	93	35
A_PB1	1857	111	C	0	0	111	35
A_PB1	1858	111	T	0	0	111	35
A_PB1	1859	87	A	0	0	87	35
A_PB1	1860	93	T	0	0	93	35
A_PB1	1861	93	C	0	0	93	35
A_PB1	1862	101	A	0	0	101	35
A_PB1	1863	94	G	0	0	94	35
A_PB1	1864	96	G	0	0	96	35
A_PB1	1865	112	G	0	0	112	35
A_PB1	1866	111	A	0	0	111	35
A_PB1	1867	97	A	0	0	97	35
A_PB1	1868	96	G	0	0	96	35
A_PB1	1869	96	G	0	0	96	35
A_PB1	1870	97	C	0	0	97	35
A_PB1	1871	87	T	0	0	87	35
A_PB1	1872	115	T	0	0	115	35
A_PB1	1873	92	T	0	0	92	35
A_PB1	1874	113	G	0	0	113	35
A_PB1	1875	109	T	0	0	109	35
A_PB1	1876	109	A	0	0	109	35
A_PB1	1877	95	A	0	0	95	35
A_PB1	1878	100	T	0	0	100	35
A_PB1	1879	114	C	0	0	114	35
A_PB1	1880	110	C	0	0	110	35
A_PB1	1881	90	C	0	0	90	35
A_PB1	1882	115	C	0	0	115	35
A_PB1	1883	96	T	0	0	96	35
A_PB1	1884	109	G	0	0	109	35
A_PB1	1885	91	A	0	0	91	35
A_PB1	1886	113	A	0	0	113	35
A_PB1	1887	114	C	0	0	114	35
A_PB1	1888	91	C	0	0	91	35
A_PB1	1889	88	C	0	0	88	35
A_PB1	1890	95	G	0	0	95	35
A_PB1	1891	100	T	0	0	100	35
A_PB1	1892	87	T	0	0	87	35
A_PB1	1893	112	T	0	0	112	35
A_PB1	1894	94	G	0	0	94	35
A_PB1	1895	105	T	0	0	105	35
A_PB1	1896	87	C	0	0	87	35
A_PB1	1897	114	A	0	0	114	35
A_PB1	1898	100	G	0	0	100	35
A_PB1	1899	88	C	0	0	88	35
A_PB1	1900	89	C	0	0	89	35
A_PB1	1901	101	A	0	0	101	35
A_PB1	1902	89	C	0	0	89	35
A_PB1	1903	88	A	0	0	88	35
A_PB1	1904	95	A	0	0	95	35
A_PB1	1905	85	G	0	0	85	35
A_PB1	1906	93	G	0	0	93	35
A_PB1	1907	110	A	0	0	110	35
A_PB1	1908	86	A	0	0	86	35
A_PB1	1909	101	A	0	0	101	35
A_PB1	1910	93	T	0	0	93	35
A_PB1	1911	110	A	0	0	110	35
A_PB1	1912	85	G	0	0	85	35
A_PB1	1913	98	A	0	0	98	35
A_PB1	1914	92	G	0	0	92	35
A_PB1	1915	115	T	0	0	115	35
A_PB1	1916	93	C	0	0	93	35
A_PB1	1917	107	T	0	0	107	35
A_PB1	1918	93	G	0	0	93	35
A_PB1	1919	110	T	0	0	110	35
A_PB1	1920	99	G	0	0	99	35
A_PB1	1921	97	A	0	0	97	35
A_PB1	1922	97	A	0	0	97	35
A_PB1	1923	114	C	0	0	114	35
A_PB1	1924	113	A	0	0	113	35
A_PB1	1925	103	A	0	0	103	35
A_PB1	1926	109	C	0	0	109	35
A_PB1	1927	87	G	0	0	87	35
A_PB1	1928	106	C	0	0	106	35
A_PB1	1929	107	T	0	0	107	35
A_PB1	1930	86	G	0	0	86	35
A_PB1	1931	104	T	0	0	104	35
A_PB1	1932	108	G	0	0	108	35
A_PB1	1933	105	G	0	0	105	35
A_PB1	1934	112	T	0	0	112	35
A_PB1	1935	94	G	0	0	94	35
A_PB1	1936	108	A	0	0	108	35
A_PB1	1937	105	T	0	0	105	35
A_PB1	1938	101	G	0	0	101	35
A_PB1	1939	104	C	0	0	104	35
A_PB1	1940	92	C	0	0	92	35
A_PB1	1941	102	A	0	0	102	35
A_PB1	1942	102	G	0	0	102	35
A_PB1	1943	99	C	0	0	99	35
A_PB1	1944	112	T	0	0	112	35
A_PB1	1945	114	C	0	0	114	35
A_PB1	1946	91	A	0	0	91	35
A_PB1	1947	105	T	0	0	105	35
A_PB1	1948	109	G	0	0	109	35
A_PB1	1949	100	G	0	0	100	35
A_PB1	1950	115	C	0	0	115	35
A_PB1	1951	113	C	0	0	113	35
A_PB1	1952	106	C	0	0	106	35
A_PB1	1953	93	G	0	0	93	35
A_PB1	1954	112	G	0	0	112	35
A_PB1	1955	98	C	0	0	98	35
A_PB1	1956	109	C	0	0	109	35
A_PB1	1957	104	A	0	0	104	35
A_PB1	1958	113	A	0	0	113	35
A_PB1	1959	109	G	0	0	109	35
A_PB1	1960	93	A	0	0	93	35
A_PB1	1961	98	G	0	0	98	35
A_PB1	1962	107	C	0	0	107	35
A_PB1	1963	100	A	0	0	100	35
A_PB1	1964	92	T	0	0	92	35
A_PB1	1965	112	G	0	0	112	35
A_PB1	1966	112	G	0	0	112	35
A_PB1	1967	99	A	0	0	99	35
A_PB1	1968	101	A	0	0	101	35
A_PB1	1969	105	T	0	0	105	35
A_PB1	1970	114	A	0	0	114	35
A_PB1	1971	109	T	0	0	109	35
A_PB1	1972	99	G	0	0	99	35
A_PB1	1973	113	A	0	0	113	35
A_PB1	1974	89	T	0	0	89	35
A_PB1	1975	104	G	0	0	104	35
A_PB1	1976	102	C	0	0	102	35
A_PB1	1977	110	T	0	0	110	35
A_PB1	1978	88	G	0	0	88	35
A_PB1	1979	115	T	0	0	115	35
A_PB1	1980	86	T	0	0	86	35
A_PB1	1981	104	G	0	0	104	35
A_PB1	1982	100	C	0	0	100	35
A_PB1	1983	86	C	0	0	86	35
A_PB1	1984	100	A	0	0	100	35
A_PB1	1985	108	C	0	0	108	35
A_PB1	1986	109	C	0	0	109	35
A_PB1	1987	106	A	0	0	106	35
A_PB1	1988	97	C	0	0	97	35
A_PB1	1989	93	T	0	0	93	35
A_PB1	1990	92	C	0	0	92	35
A_PB1	1991	103	A	0	0	103	35
A_PB1	1992	93	C	0	0	93	35
A_PB1	1993	96	T	0	0	96	35
A_PB1	1994	114	C	0	0	114	35
A_PB1	1995	100	C	0	0	100	35
A_PB1	1996	101	T	0	0	101	35
A_PB1	1997	104	G	0	0	104	35
A_PB1	1998	87	G	0	0	87	35
A_PB1	1999	106	A	0	0	106	35
A_PB1	2000	100	T	0	0	100	35
A_PB1	2001	88	A	0	0	88	35
A_PB1	2002	105	C	0	0	105	35
A_PB1	2003	106	C	0	0	106	35
A_PB1	2004	101	G	0	0	101	35
A_PB1	2005	103	A	0	0	103	35
A_PB1	2006	107	A	0	0	107	35
A_PB1	2007	104	G	0	0	104	35
A_PB1	2008	88	A	0	0	88	35
A_PB1	2009	103	G	0	0	103	35
A_PB1	2010	90	G	0	0	90	35
A_PB1	2011	102	A	0	0	102	35
A_PB1	2012	91	A	0	0	91	35
A_PB1	2013	115	C	0	0	115	35
A_PB1	2014	95	C	0	0	95	35
A_PB1	2015	99	G	0	0	99	35
A_PB1	2016	90	C	0	0	90	35
A_PB1	2017	91	T	0	0	91	35
A_PB1	2018	103	C	0	0	103	35
A_PB1	2019	92	C	0	0	92	35
A_PB1	2020	105	A	0	0	105	35
A_PB1	2021	88	T	0	0	88	35
A_PB1	2022	90	T	0	0	90	35
A_PB1	2023	106	C	0	0	106	35
A_PB1	2024	99	T	0	0	99	35
A_PB1	2025	102	C	0	0	102	35
A_PB1	2026	89	A	0	0	89	35
A_PB1	2027	107	A	0	0	107	35
A_PB1	2028	115	T	0	0	115	35
A_PB1	2029	99	A	0	0	99	35
A_PB1	2030	90	C	0	0	90	35
A_PB1	2031	90	A	0	0	90	35
A_PB1	2032	110	A	0	0	110	35
A_PB1	2033	112	G	0	0	112	35
A_PB1	2034	111	C	0	0	111	35
A_PB1	2035	102	C	0	0	102	35
A_PB1	2036	110	A	0	0	110	35
A_PB1	2037	111	A	0	0	111	35
A_PB1	2038	114	A	0	0	114	35
A_PB1	2039	105	G	0	0	105	35
A_PB1	2040	97	G	0	0	97	35
A_PB1	2041	106	G	0	0	106	35
A_PB1	2042	105	G	0	0	105	35
A_PB1	2043	103	A	0	0	103	35
A_PB1	2044	94	A	0	0	94	35
A_PB1	2045	103	T	0	0	103	35
A_PB1	2046	99	C	0	0	99	35
A_PB1	2047	99	C	0	0	99	35
A_PB1	2048	105	T	0	0	105	35
A_PB1	2049	98	T	0	0	98	35
A_PB1	2050	107	G	0	0	107	35
A_PB1	2051	103	A	0	0	103	35
A_PB1	2052	99	A	0	0	99	35
A_PB1	2053	97	G	0	0	97	35
A_PB1	2054	99	A	0	0	99	35
A_PB1	2055	86	C	0	0	86	35
A_PB1	2056	103	G	0	0	103	35
A_PB1	2057	89	A	0	0	89	35
A_PB1	2058	92	A	0	0	92	35
A_PB1	2059	105	C	0	0	105	35
A_PB1	2060	94	A	0	0	94	35
A_PB1	2061	88	G	0	0	88	35
A_PB1	2062	85	A	0	0	85	35
A_PB1	2063	112	T	0	0	112	35
A_PB1	2064	101	G	0	0	101	35
A_PB1	2065	99	T	0	0	99	35
A_PB1	2066	114	A	0	0	114	35
A_PB1	2067	98	T	0	0	98	35
A_PB1	2068	100	C	0	0	100	35
A_PB1	2069	115	A	0	0	115	35
A_PB1	2070	89	A	0	0	89	35
A_PB1	2071	87	A	0	0	87	35
A_PB1	2072	87	A	0	0	87	35
A_PB1	2073	89	G	0	0	89	35
A_PB1	2074	107	T	0	0	107	35
A_PB1	2075	109	G	0	0	109	35
A_PB1	2076	98	C	0	0	98	35
A_PB1	2077	96	T	0	0	96	35
A_PB1	2078	109	G	0	0	109	35
A_PB1	2079	97	C	0	0	97	35
A_PB1	2080	115	A	0	0	115	35
A_PB1	2081	104	A	0	0	104	35
A_PB1	2082	93	C	0	0	93	35
A_PB1	2083	88	C	0	0	88	35
A_PB1	2084	85	T	0	0	85	35
A_PB1	2085	108	G	0	0	108	35
A_PB1	2086	86	T	0	0	86	35
A_PB1	2087	115	T	0	0	115	35
A_PB1	2088	112	C	0	0	112	35
A_PB1	2089	107	G	0	0	107	35
A_PB1	2090	94	A	0	0	94	35
A_PB1	2091	107	A	0	0	107	35
A_PB1	2092	99	A	0	0	99	35
A_PB1	2093	90	A	0	0	90	35
A_PB1	2094	111	A	0	0	111	35
A_PB1	2095	114	T	0	0	114	35
A_PB1	2096	96	T	0	0	96	35
A_PB1	2097	115	C	0	0	115	35
A_PB1	2098	104	T	0	0	104	35
A_PB1	2099	100	T	0	0	100	35
A_PB1	2100	97	C	0	0	97	35
A_PB1	2101	93	C	0	0	93	35
A_PB1	2102	85	C	0	0	85	35
A_PB1	2103	104	T	0	0	104	35
A_PB1	2104	89	A	0	0	89	35
A_PB1	2105	89	G	0	0	89	35
A_PB1	2106	112	C	0	0	112	35
A_PB1	2107	111	A	0	0	111	35
A_PB1	2108	115	G	0	0	115	35
A_PB1	2109	99	T	0	0	99	35
A_PB1	2110	115	T	0	0	115	35
A_PB1	2111	94	C	0	0	94	35
A_PB1	2112	108	A	0	0	108	35
A_PB1	2113	105	T	0	0	105	35
A_PB1	2114	94	A	0	0	94	35
A_PB1	2115	90	C	0	0	90	35
A_PB1	2116	108	A	0	0	108	35
A_PB1	2117	100	G	0	0	100	35
A_PB1	2118	90	G	0	0	90	35
A_PB1	2119	94	A	0	0	94	35
A_PB1	2120	91	G	0	0	91	35
A_PB1	2121	103	G	0	0	103	35
A_PB1	2122	115	C	0	0	115	35
A_PB1	2123	107	C	0	0	107	35
A_PB1	2124	98	A	0	0	98	35
A_PB1	2125	103	G	0	0	103	35
A_PB1	2126	102	T	0	0	102	35
A_PB1	2127	97	T	0	0	97	35
A_PB1	2128	94	G	0	0	94	35
A_PB1	2129	99	G	0	0	99	35
A_PB1	2130	107	A	0	0	107	35
A_PB1	2131	100	A	0	0	100	35
A_PB1	2132	94	T	0	0	94	35
A_PB1	2133	111	T	0	0	111	35
A_PB1	2134	102	T	0	0	102	35
A_PB1	2135	87	C	0	0	87	35
A_PB1	2136	106	C	0	0	106	35
A_PB1	2137	103	A	0	0	103	35
A_PB1	2138	85	G	0	0	85	35
A_PB1	2139	100	C	0	0	100	35
A_PB1	2140	102	A	0	0	102	35
A_PB1	2141	108	T	0	0	108	35
A_PB1	2142	101	G	0	0	101	35
A_PB1	2143	100	G	0	0	100	35
A_PB1	2144	88	T	0	0	88	35
A_PB1	2145	115	G	0	0	115	35
A_PB1	2146	89	G	0	0	89	35
A_PB1	2147	95	A	0	0	95	35
A_PB1	2148	105	G	0	0	105	35
A_PB1	2149	110	G	0	0	110	35
A_PB1	2150	105	C	0	0	105	35
A_PB1	2151	106	C	0	0	106	35
A_PB1	2152	87	A	0	0	87	35
A_PB1	2153	100	T	0	0	100	35
A_PB1	2154	109	G	0	0	109	35
A_PB1	2155	99	G	0	0	99	35
A_PB1	2156	94	T	0	0	94	35
A_PB1	2157	85	T	0	0	85	35
A_PB1	2158	97	T	0	0	97	35
A_PB1	2159	110	C	0	0	110	35
A_PB1	2160	101	T	0	0	101	35
A_PB1	2161	101	A	0	0	101	35
A_PB1	2162	102	G	0	0	102	35
A_PB1	2163	102	G	0	0	102	35
A_PB1	2164	102	G	0	0	102	35
A_PB1	2165	93	C	0	0	93	35
A_PB1	2166	105	C	0	0	105	35
A_PB1	2167	109	C	0	0	109	35
A_PB1	2168	89	G	0	0	89	35
A_PB1	2169	93	A	0	0	93	35
A_PB1	2170	113	A	0	0	113	35
A_PB1	2171	100	T	0	0	100	35
A_PB1	2172	85	T	0	0	85	35
A_PB1	2173	100	G	0	0	100	35
A_PB1	2174	100	A	0	0	100	35
A_PB1	2175	88	C	0	0	88	35
A_PB1	2176	90	G	0	0	90	35
A_PB1	2177	99	C	0	0	99	35
A_PB1	2178	97	A	0	0	97	35
A_PB1	2179	88	C	0	0	88	35
A_PB1	2180	103	G	0	0	103	35
A_PB1	2181	86	A	0	0	86	35
A_PB1	2182	94	A	0	0	94	35
A_PB1	2183	107	T	0	0	107	35
A_PB1	2184	107	T	0	0	107	35
A_PB1	2185	114	G	0	0	114	35
A_PB1	2186	102	A	0	0	102	35
A_PB1	2187	86	C	0	0	86	35
A_PB1	2188	99	T	0	0	99	35
A_PB1	2189	92	T	0	0	92	35
A_PB1	2190	94	C	0	0	94	35
A_PB1	2191	107	G	0	0	107	35
A_PB1	2192	102	A	0	0	102	35
A_PB1	2193	92	A	0	0	92	35
A_PB1	2194	111	T	0	0	111	35
A_PB1	2195	110	C	0	0	110	35
A_PB1	2196	109	T	0	0	109	35
A_PB1	2197	100	G	0	0	100	35
A_PB1	2198	87	G	0	0	87	35
A_PB1	2199	85	A	0	0	85	35
A_PB1	2200	108	C	0	0	108	35
A_PB1	2201	96	G	0	0	96	35
A_PB1	2202	115	G	0	0	115	35
A_PB1	2203	110	A	0	0	110	35
A_PB1	2204	96	T	0	0	96	35
A_PB1	2205	86	T	0	0	86	35
A_PB1	2206	94	A	0	0	94	35
A_PB1	2207	104	A	0	0	104	35
A_PB1	2208	85	G	0	0	85	35
A_PB1	2209	97	A	0	0	97	35
A_PB1	2210	91	A	0	0	91	35
A_PB1	2211	95	G	0	0	95	35
A_PB1	2212	114	G	0	0	114	35
A_PB1	2213	92	A	0	0	92	35
A_PB1	2214	88	G	0	0	88	35
A_PB1	2215	102	G	0	0	102	35
A_PB1	2216	89	A	0	0	89	35
A_PB1	2217	112	G	0	0	112	35
A_PB1	2218	93	T	0	0	93	35
A_PB1	2219	89	T	0	0	89	35
A_PB1	2220	111	T	0	0	111	35
A_PB1	2221	91	G	0	0	91	35
A_PB1	2222	94	C	0	0	94	35
A_PB1	2223	89	T	0	0	89	35
A_PB1	2224	92	G	0	0	92	35
A_PB1	2225	97	A	0	0	97	35
A_PB1	2226	109	G	0	0	109	35
A_PB1	2227	110	A	0	0	110	35
A_PB1	2228	108	T	0	0	108	35
A_PB1	2229	111	C	0	0	111	35
A_PB1	2230	111	A	0	0	111	35
A_PB1	2231	104	T	0	0	104	35
A_PB1	2232	99	G	0	0	99	35
A_PB1	2233	110	A	0	0	110	35
A_PB1	2234	92	A	0	0	92	35
A_PB1	2235	114	G	0	0	114	35
A_PB1	2236	95	A	0	0	95	35
A_PB1	2237	88	T	0	0	88	35
A_PB1	2238	98	C	0	0	98	35
A_PB1	2239	104	T	0	0	104	35
A_PB1	2240	103	G	0	0	103	35
A_PB1	2241	104	T	0	0	104	35
A_PB1	2242	104	T	0	0	104	35
A_PB1	2243	110	C	0	0	110	35
A_PB1	2244	90	C	0	0	90	35
A_PB1	2245	112	A	0	0	112	35
A_PB1	2246	107	C	0	0	107	35
A_PB1	2247	90	C	0	0	90	35
A_PB1	2248	99	A	0	0	99	35
A_PB1	2249	102	T	0	0	102	35
A_PB1	2250	90	T	0	0	90	35
A_PB1	2251	103	G	0	0	103	35
A_PB1	2252	103	A	0	0	103	35
A_PB1	2253	94	A	0	0	94	35
A_PB1	2254	97	G	0	0	97	35
A_PB1	2255	92	A	0	0	92	35
A_PB1	2256	107	G	0	0	107	35
A_PB1	2257	103	C	0	0	103	35
A_PB1	2258	106	T	0	0	106	35
A_PB1	2259	88	C	0	0	88	35
A_PB1	2260	104	A	0	0	104	35
A_PB1	2261	94	G	0	0	94	35
A_PB1	2262	97	A	0	0	97	35
A_PB1	2263	109	C	0	0	109	35
A_PB1	2264	114	G	0	0	114	35
A_PB1	2265	112	G	0	0	112	35
A_PB1	2266	95	C	0	0	95	35
A_PB1	2267	102	A	0	0	102	35
A_PB1	2268	88	G	0	0	88	35
A_PB1	2269	101	A	0	0	101	35
A_PB1	2270	97	A	0	0	97	35
A_PB1	2271	92	A	0	0	92	35
A_PB1	2272	114	T	0	0	114	35
A_PB1	2273	101	A	0	0	101	35
A_PB1	2274	110	G	0	0	110	35
