Reference_Name	Position	Coverage Depth	Consensus	Deletions	Ambiguous	Consensus_Count	Consensus_Average_Quality
A_HA	1	1	A	0	0	1	34.3
A_HA	2	2	T	0	0	2	37.3
A_HA	3	3	G	0	0	3	37.8
A_HA	4	4	G	0	0	4	34.8
A_HA	5	5	A	0	0	5	35.3
A_HA	6	7	G	0	0	7	34.3
A_HA	7	7	A	0	0	7	37.7
A_HA	8	9	A	0	0	9	34.1
A_HA	9	11	C	0	0	11	34.1
A_HA	10	11	A	0	0	11	35.8
A_HA	11	12	T	0	0	12	35.6
A_HA	12	14	A	0	0	14	34.4
A_HA	13	15	G	0	0	15	36.7
A_HA	14	16	T	0	0	16	34.8
A_HA	15	17	A	0	0	17	34.8
A_HA	16	19	C	0	0	19	36.5
A_HA	17	21	T	0	0	21	37.3
A_HA	18	21	A	0	0	21	35.8
A_HA	19	23	C	0	0	23	34.3
A_HA	20	24	T	0	0	24	37.0
A_HA	21	26	T	0	0	26	34.7
A_HA	22	26	C	0	0	26	35.5
A_HA	23	27	T	0	0	27	34.1
A_HA	24	28	T	0	0	28	36.5
A_HA	25	31	G	0	0	31	37.5
A_HA	26	32	C	0	0	32	34.9
A_HA	27	31	A	0	0	31	37.7
A_HA	28	37	A	0	0	37	35.6
A_HA	29	35	T	0	0	35	35.7
A_HA	30	35	A	0	0	35	34.5
A_HA	31	36	G	0	0	36	37.5
A_HA	32	43	T	0	0	43	36.9
A_HA	33	41	T	0	0	41	37.7
A_HA	34	39	A	0	0	39	37.3
A_HA	35	37	G	0	0	37	37.1
A_HA	36	48	C	0	0	48	35.1
A_HA	37	47	C	0	0	47	37.5
A_HA	38	52	T	0	0	52	34.5
A_HA	39	51	T	0	0	51	36.7
A_HA	40	49	G	0	0	49	36.9
A_HA	41	56	T	0	0	56	36.2
A_HA	42	55	T	0	0	55	37.3
A_HA	43	54	A	0	0	54	37.2
A_HA	44	57	A	0	0	57	36.4
A_HA	45	60	A	0	0	60	37.7
A_HA	46	60	A	0	0	60	37.5
A_HA	47	57	G	0	0	57	37.0
A_HA	48	64	T	0	0	64	37.6
A_HA	49	64	G	0	0	64	37.3
A_HA	50	69	A	0	0	69	36.4
A_HA	51	68	T	0	0	68	36.5
A_HA	52	67	C	0	0	67	36.6
A_HA	53	60	A	0	0	60	36.6
A_HA	54	70	G	0	0	70	34.0
A_HA	55	73	A	0	0	73	36.4
A_HA	56	74	T	0	0	74	36.1
A_HA	57	85	T	0	0	85	36.8
A_HA	58	70	T	0	0	70	34.8
A_HA	59	75	G	0	0	75	34.8
A_HA	60	79	C	0	0	79	36.5
A_HA	61	83	A	0	0	83	36.6
A_HA	62	76	T	0	0	76	36.6
A_HA	63	76	T	0	0	76	37.2
A_HA	64	86	G	0	0	86	34.4
A_HA	65	89	G	0	0	89	37.5
A_HA	66	80	T	0	0	80	35.0
A_HA	67	86	T	0	0	86	36.8
A_HA	68	88	A	0	0	88	35.2
A_HA	69	92	C	0	0	92	34.3
A_HA	70	97	C	0	0	97	34.9
A_HA	71	98	A	0	0	98	37.2
A_HA	72	81	T	0	0	81	36.2
A_HA	73	105	G	0	0	105	35.9
A_HA	74	102	C	0	0	102	36.1
A_HA	75	105	A	0	0	105	36.0
A_HA	76	100	A	0	0	100	36.7
A_HA	77	95	A	0	0	95	37.5
A_HA	78	111	C	0	0	111	35.9
A_HA	79	114	A	0	0	114	37.1
A_HA	80	102	A	0	0	102	35.3
A_HA	81	102	T	0	0	102	34.9
A_HA	82	101	T	0	0	101	35.1
A_HA	83	100	C	0	0	100	37.6
A_HA	84	107	G	0	0	107	36.3
A_HA	85	112	A	0	0	112	36.0
A_HA	86	124	C	0	0	124	35.7
A_HA	87	105	A	0	0	105	34.6
A_HA	88	115	G	0	0	115	35.5
A_HA	89	123	A	0	0	123	34.8
A_HA	90	121	G	0	0	121	35.8
A_HA	91	127	C	0	0	127	35.0
A_HA	92	115	A	0	0	115	34.7
A_HA	93	111	A	0	0	111	37.7
A_HA	94	129	G	0	0	129	36.8
A_HA	95	114	T	0	0	114	37.8
A_HA	96	135	T	0	0	135	35.2
A_HA	97	118	G	0	0	118	35.1
A_HA	98	123	A	0	0	123	37.5
A_HA	99	134	C	0	0	134	36.7
A_HA	100	133	A	0	0	133	35.1
A_HA	101	127	C	0	0	127	34.9
A_HA	102	131	G	0	0	131	35.9
A_HA	103	123	A	0	0	123	36.4
A_HA	104	134	T	0	0	134	37.8
A_HA	105	134	A	0	0	134	34.3
A_HA	106	126	A	0	0	126	35.9
A_HA	107	134	T	0	0	134	36.5
A_HA	108	135	G	0	0	135	36.7
A_HA	109	127	G	0	0	127	34.0
A_HA	110	128	A	0	0	128	37.0
A_HA	111	131	A	0	0	131	35.8
A_HA	112	120	A	0	0	120	35.4
A_HA	113	130	A	0	0	130	35.4
A_HA	114	122	G	0	0	122	37.6
A_HA	115	123	A	0	0	123	37.3
A_HA	116	130	A	0	0	130	34.6
A_HA	117	123	C	0	0	123	38.0
A_HA	118	135	G	0	0	135	35.0
A_HA	119	134	T	0	0	134	34.4
A_HA	120	127	C	0	0	127	37.1
A_HA	121	126	A	0	0	126	37.4
A_HA	122	107	C	0	0	107	36.2
A_HA	123	126	T	0	0	126	37.9
A_HA	124	114	G	0	0	114	34.8
A_HA	125	118	T	0	0	118	36.3
A_HA	126	130	T	0	0	130	35.0
A_HA	127	132	A	0	0	132	34.6
A_HA	128	118	C	0	0	118	35.2
A_HA	129	125	A	0	0	125	34.9
A_HA	130	140	C	0	0	140	34.5
A_HA	131	112	A	0	0	112	35.6
A_HA	132	122	T	0	0	122	35.2
A_HA	133	123	G	0	0	123	36.5
A_HA	134	122	C	0	0	122	36.9
A_HA	135	113	C	0	0	113	37.1
A_HA	136	124	C	0	0	124	34.2
A_HA	137	122	A	0	0	122	36.9
A_HA	138	122	A	0	0	122	37.4
A_HA	139	120	G	0	0	120	36.5
A_HA	140	120	A	0	0	120	35.5
A_HA	141	119	C	0	0	119	35.0
A_HA	142	111	A	0	0	111	34.1
A_HA	143	112	T	0	0	112	37.4
A_HA	144	115	A	0	0	115	34.8
A_HA	145	114	C	0	0	114	36.7
A_HA	146	120	T	0	0	120	36.9
A_HA	147	116	G	0	0	116	36.1
A_HA	148	107	G	0	0	107	35.4
A_HA	149	121	A	0	0	121	34.7
A_HA	150	127	A	0	0	127	37.6
A_HA	151	120	A	0	0	120	37.7
A_HA	152	123	A	0	0	123	35.2
A_HA	153	111	A	0	0	111	36.6
A_HA	154	121	A	0	0	121	36.7
A_HA	155	114	C	0	0	114	35.6
A_HA	156	118	A	0	0	118	37.0
A_HA	157	110	C	0	0	110	36.9
A_HA	158	114	A	0	0	114	36.7
A_HA	159	99	C	0	0	99	35.6
A_HA	160	117	A	0	0	117	34.1
A_HA	161	116	A	0	0	116	36.5
A_HA	162	119	C	0	0	119	36.0
A_HA	163	119	G	0	0	119	35.5
A_HA	164	105	G	0	0	105	35.9
A_HA	165	115	G	0	0	115	36.5
A_HA	166	116	A	0	0	116	36.1
A_HA	167	107	A	0	0	107	35.8
A_HA	168	106	G	0	0	106	35.3
A_HA	169	109	C	0	0	109	36.1
A_HA	170	107	T	0	0	107	37.2
A_HA	171	122	C	0	0	122	37.6
A_HA	172	107	T	0	0	107	37.5
A_HA	173	103	G	0	0	103	34.7
A_HA	174	111	T	0	0	111	34.1
A_HA	175	129	G	0	0	129	35.5
A_HA	176	110	A	0	0	110	35.5
A_HA	177	115	T	0	0	115	37.7
A_HA	178	102	T	0	0	102	36.9
A_HA	179	115	T	0	0	115	36.9
A_HA	180	94	A	0	0	94	36.2
A_HA	181	107	A	0	0	107	36.1
A_HA	182	120	A	0	0	120	35.0
A_HA	183	113	T	0	0	113	36.6
A_HA	184	103	G	0	0	103	35.2
A_HA	185	106	G	0	0	106	35.8
A_HA	186	101	G	0	0	101	34.5
A_HA	187	113	G	0	0	113	36.2
A_HA	188	107	T	0	0	107	34.4
A_HA	189	110	G	0	0	110	37.8
A_HA	190	106	A	0	0	106	35.4
A_HA	191	109	A	0	0	109	35.1
A_HA	192	113	G	0	0	113	35.8
A_HA	193	114	C	0	0	114	34.1
A_HA	194	105	C	0	0	105	35.0
A_HA	195	116	A	0	0	116	37.9
A_HA	196	105	C	0	0	105	37.6
A_HA	197	121	T	0	0	121	38.0
A_HA	198	118	G	0	0	118	34.8
A_HA	199	111	A	0	0	111	36.8
A_HA	200	103	T	0	0	103	35.8
A_HA	201	126	T	0	0	126	35.9
A_HA	202	107	T	0	0	107	35.3
A_HA	203	123	T	0	0	123	35.6
A_HA	204	121	A	0	0	121	35.5
A_HA	205	115	A	0	0	115	36.8
A_HA	206	106	A	0	0	106	34.9
A_HA	207	118	G	0	0	118	35.5
A_HA	208	118	G	0	0	118	35.9
A_HA	209	113	A	0	0	113	37.3
A_HA	210	103	T	0	0	103	34.7
A_HA	211	103	T	0	0	103	35.6
A_HA	212	113	G	0	0	113	36.3
A_HA	213	106	T	0	0	106	34.8
A_HA	214	108	A	0	0	108	34.8
A_HA	215	117	G	0	0	117	37.0
A_HA	216	105	T	0	0	105	37.0
A_HA	217	122	G	0	0	122	37.1
A_HA	218	114	T	0	0	114	34.6
A_HA	219	121	A	0	0	121	34.3
A_HA	220	106	G	0	0	106	36.3
A_HA	221	128	C	0	0	128	34.0
A_HA	222	108	T	0	0	108	36.5
A_HA	223	124	G	0	0	124	37.1
A_HA	224	106	G	0	0	106	37.7
A_HA	225	115	A	0	0	115	35.1
A_HA	226	119	T	0	0	119	37.4
A_HA	227	107	G	0	0	107	36.7
A_HA	228	116	G	0	0	116	35.4
A_HA	229	117	C	0	0	117	35.4
A_HA	230	112	T	0	0	112	37.2
A_HA	231	108	C	0	0	108	36.5
A_HA	232	120	C	0	0	120	36.9
A_HA	233	112	T	0	0	112	34.3
A_HA	234	115	C	0	0	115	37.7
A_HA	235	112	G	0	0	112	36.0
A_HA	236	107	G	0	0	107	36.9
A_HA	237	105	A	0	0	105	34.9
A_HA	238	112	A	0	0	112	35.6
A_HA	239	113	A	0	0	113	36.1
A_HA	240	121	C	0	0	121	37.1
A_HA	241	118	C	0	0	118	35.2
A_HA	242	121	C	0	0	121	35.8
A_HA	243	133	A	0	0	133	34.3
A_HA	244	116	A	0	0	116	34.2
A_HA	245	121	T	0	0	121	37.0
A_HA	246	122	G	0	0	122	36.6
A_HA	247	109	T	0	0	109	37.6
A_HA	248	111	G	0	0	111	35.2
A_HA	249	127	C	0	0	127	34.7
A_HA	250	107	G	0	0	107	34.5
A_HA	251	114	A	0	0	114	36.4
A_HA	252	130	C	0	0	130	35.7
A_HA	253	119	G	0	0	119	36.1
A_HA	254	116	A	0	0	116	34.3
A_HA	255	114	A	0	0	114	35.1
A_HA	256	119	T	0	0	119	34.7
A_HA	257	111	T	0	0	111	37.1
A_HA	258	103	C	0	0	103	36.6
A_HA	259	117	A	0	0	117	36.3
A_HA	260	124	T	0	0	124	34.1
A_HA	261	117	C	0	0	117	35.6
A_HA	262	132	A	0	0	132	35.7
A_HA	263	123	G	0	0	123	35.7
A_HA	264	120	A	0	0	120	35.6
A_HA	265	124	G	0	0	124	37.8
A_HA	266	123	T	0	0	123	35.9
A_HA	267	113	G	0	0	113	36.1
A_HA	268	128	C	0	0	128	35.2
A_HA	269	121	C	0	0	121	35.0
A_HA	270	113	G	0	0	113	37.9
A_HA	271	114	G	0	0	114	34.3
A_HA	272	119	A	0	0	119	36.9
A_HA	273	119	A	0	0	119	37.9
A_HA	274	113	T	0	0	113	37.0
A_HA	275	129	G	0	0	129	35.7
A_HA	276	125	G	0	0	125	34.6
A_HA	277	109	T	0	0	109	34.5
A_HA	278	123	C	0	0	123	36.4
A_HA	279	113	C	0	0	113	34.6
A_HA	280	122	T	0	0	122	36.6
A_HA	281	119	A	0	0	119	34.3
A_HA	282	119	C	0	0	119	34.1
A_HA	283	119	A	0	0	119	36.2
A_HA	284	111	T	0	0	111	37.2
A_HA	285	117	A	0	0	117	34.2
A_HA	286	115	G	0	0	115	34.7
A_HA	287	108	T	0	0	108	35.0
A_HA	288	108	G	0	0	108	34.4
A_HA	289	120	G	0	0	120	36.8
A_HA	290	123	A	0	0	123	35.4
A_HA	291	122	G	0	0	122	36.9
A_HA	292	110	C	0	0	110	36.8
A_HA	293	118	G	0	0	118	35.5
A_HA	294	129	G	0	0	129	37.9
A_HA	295	107	G	0	0	107	37.3
A_HA	296	114	C	0	0	114	35.1
A_HA	297	114	T	0	0	114	37.9
A_HA	298	121	A	0	0	121	34.9
A_HA	299	120	A	0	0	120	37.6
A_HA	300	104	C	0	0	104	36.0
A_HA	301	116	C	0	0	116	36.8
A_HA	302	116	C	0	0	116	34.8
A_HA	303	115	A	0	0	115	35.7
A_HA	304	99	G	0	0	99	34.3
A_HA	305	114	C	0	0	114	36.6
A_HA	306	111	T	0	0	111	36.7
A_HA	307	105	A	0	0	105	35.7
A_HA	308	110	A	0	0	110	35.6
A_HA	309	116	T	0	0	116	35.2
A_HA	310	105	G	0	0	105	37.2
A_HA	311	113	A	0	0	113	35.4
A_HA	312	103	C	0	0	103	35.0
A_HA	313	110	C	0	0	110	37.7
A_HA	314	107	T	0	0	107	37.8
A_HA	315	108	C	0	0	108	36.5
A_HA	316	109	T	0	0	109	37.4
A_HA	317	104	G	0	0	104	37.1
A_HA	318	92	T	0	0	92	36.1
A_HA	319	113	T	0	0	113	34.9
A_HA	320	110	A	0	0	110	37.1
A_HA	321	103	C	0	0	103	37.0
A_HA	322	101	C	0	0	101	34.4
A_HA	323	116	C	0	0	116	34.3
A_HA	324	106	A	0	0	106	37.1
A_HA	325	104	G	0	0	104	36.2
A_HA	326	100	G	0	0	100	34.1
A_HA	327	114	G	0	0	114	35.1
A_HA	328	109	A	0	0	109	35.4
A_HA	329	101	G	0	0	101	35.4
A_HA	330	105	C	0	0	105	36.5
A_HA	331	94	C	0	0	94	36.9
A_HA	332	108	T	0	0	108	36.9
A_HA	333	95	C	0	0	95	37.6
A_HA	334	99	A	0	0	99	34.1
A_HA	335	101	A	0	0	101	37.8
A_HA	336	97	T	0	0	97	34.8
A_HA	337	102	G	0	0	102	34.9
A_HA	338	100	A	0	0	100	34.3
A_HA	339	91	C	0	0	91	35.3
A_HA	340	98	T	0	0	98	36.4
A_HA	341	97	A	0	0	97	34.3
A_HA	342	96	T	0	0	96	37.4
A_HA	343	97	G	0	0	97	36.7
A_HA	344	99	A	0	0	99	34.6
A_HA	345	88	A	0	0	88	37.5
A_HA	346	99	G	0	0	99	34.8
A_HA	347	94	A	0	0	94	36.7
A_HA	348	90	A	0	0	90	36.5
A_HA	349	85	C	0	0	85	34.9
A_HA	350	85	T	0	0	85	36.1
A_HA	351	85	G	0	0	85	35.5
A_HA	352	84	A	0	0	84	35.4
A_HA	353	91	A	0	0	91	36.1
A_HA	354	88	A	0	0	88	35.3
A_HA	355	90	C	0	0	90	35.8
A_HA	356	84	A	0	0	84	35.4
A_HA	357	84	C	0	0	84	34.8
A_HA	358	90	A	0	0	90	36.2
A_HA	359	88	T	0	0	88	35.8
A_HA	360	82	G	0	0	82	35.3
A_HA	361	79	T	0	0	79	37.8
A_HA	362	81	T	0	0	81	35.6
A_HA	363	87	G	0	0	87	36.1
A_HA	364	85	A	0	0	85	34.4
A_HA	365	81	G	0	0	81	35.9
A_HA	366	86	C	0	0	86	37.2
A_HA	367	88	A	0	0	88	36.3
A_HA	368	85	G	0	0	85	36.3
A_HA	369	79	A	0	0	79	37.2
A_HA	370	81	A	0	0	81	34.4
A_HA	371	74	T	0	0	74	34.8
A_HA	372	83	A	0	0	83	37.5
A_HA	373	76	A	0	0	76	36.1
A_HA	374	80	A	0	0	80	37.2
A_HA	375	79	T	0	0	79	36.3
A_HA	376	80	C	0	0	80	35.7
A_HA	377	79	A	0	0	79	37.8
A_HA	378	82	T	0	0	82	34.0
A_HA	379	77	T	0	0	77	34.0
A_HA	380	74	T	0	0	74	35.6
A_HA	381	75	T	0	0	75	37.5
A_HA	382	71	G	0	0	71	35.3
A_HA	383	68	A	0	0	68	34.5
A_HA	384	81	G	0	0	81	37.3
A_HA	385	77	A	0	0	77	37.2
A_HA	386	72	A	0	0	72	34.2
A_HA	387	69	G	0	0	69	36.0
A_HA	388	73	A	0	0	73	35.0
A_HA	389	71	T	0	0	71	37.6
A_HA	390	79	T	0	0	79	34.1
A_HA	391	68	C	0	0	68	35.6
A_HA	392	64	A	0	0	64	37.2
A_HA	393	76	G	0	0	76	37.9
A_HA	394	72	A	0	0	72	35.0
A_HA	395	73	T	0	0	73	35.7
A_HA	396	67	C	0	0	67	36.7
A_HA	397	66	A	0	0	66	37.6
A_HA	398	71	T	0	0	71	34.8
A_HA	399	76	T	0	0	76	37.8
A_HA	400	82	C	0	0	82	37.4
A_HA	401	70	C	0	0	70	34.7
A_HA	402	68	C	0	0	68	34.6
A_HA	403	72	A	0	0	72	37.5
A_HA	404	66	A	0	0	66	36.8
A_HA	405	70	G	0	0	70	35.1
A_HA	406	70	A	0	0	70	35.6
A_HA	407	75	G	0	0	75	34.2
A_HA	408	64	T	0	0	64	35.2
A_HA	409	69	T	0	0	69	34.0
A_HA	410	69	C	0	0	69	35.7
A_HA	411	60	C	0	0	60	34.4
A_HA	412	66	T	0	0	66	36.7
A_HA	413	69	G	0	0	69	35.4
A_HA	414	62	G	0	0	62	37.3
A_HA	415	70	C	0	0	70	35.7
A_HA	416	63	C	0	0	63	36.7
A_HA	417	66	A	0	0	66	36.9
A_HA	418	80	A	0	0	80	37.0
A_HA	419	66	A	0	0	66	37.6
A_HA	420	69	T	0	0	69	35.7
A_HA	421	71	C	0	0	71	36.4
A_HA	422	61	A	0	0	61	35.0
A_HA	423	66	T	0	0	66	36.6
A_HA	424	64	G	0	0	64	36.9
A_HA	425	59	A	0	0	59	34.7
A_HA	426	67	A	0	0	67	36.6
A_HA	427	66	A	0	0	66	36.4
A_HA	428	60	C	0	0	60	36.7
A_HA	429	61	A	0	0	61	35.8
A_HA	430	66	T	0	0	66	36.7
A_HA	431	64	C	0	0	64	37.0
A_HA	432	70	A	0	0	70	35.5
A_HA	433	60	C	0	0	60	36.0
A_HA	434	74	T	0	0	74	37.9
A_HA	435	65	A	0	0	65	34.9
A_HA	436	62	G	0	0	62	35.5
A_HA	437	66	G	0	0	66	35.7
A_HA	438	69	G	0	0	69	37.0
A_HA	439	72	G	0	0	72	36.7
A_HA	440	68	T	0	0	68	34.3
A_HA	441	76	G	0	0	76	36.1
A_HA	442	62	A	0	0	62	34.9
A_HA	443	66	G	0	0	66	35.6
A_HA	444	62	C	0	0	62	37.0
A_HA	445	66	G	0	0	66	36.5
A_HA	446	75	C	0	0	75	35.5
A_HA	447	74	A	0	0	74	37.2
A_HA	448	72	G	0	0	72	37.6
A_HA	449	71	C	0	0	71	35.8
A_HA	450	69	T	0	0	69	37.1
A_HA	451	74	T	0	0	74	35.6
A_HA	452	76	G	0	0	76	36.9
A_HA	453	79	T	0	0	79	36.6
A_HA	454	69	C	0	0	69	37.0
A_HA	455	64	C	0	0	64	34.8
A_HA	456	70	A	0	0	70	35.5
A_HA	457	76	T	0	0	76	34.7
A_HA	458	74	A	0	0	74	34.7
A_HA	459	83	C	0	0	83	35.7
A_HA	460	82	C	0	0	82	38.0
A_HA	461	74	A	0	0	74	35.4
A_HA	462	85	G	0	0	85	34.8
A_HA	463	81	G	0	0	81	37.3
A_HA	464	73	G	0	0	73	36.0
A_HA	465	87	A	0	0	87	37.4
A_HA	466	84	G	0	0	84	37.1
A_HA	467	80	C	0	0	80	36.9
A_HA	468	83	G	0	0	83	36.0
A_HA	469	80	C	0	0	80	35.6
A_HA	470	76	C	0	0	76	36.1
A_HA	471	78	C	0	0	78	34.4
A_HA	472	89	T	0	0	89	34.7
A_HA	473	82	C	0	0	82	35.5
A_HA	474	79	C	0	0	79	37.7
A_HA	475	95	T	0	0	95	34.2
A_HA	476	91	T	0	0	91	37.2
A_HA	477	87	T	0	0	87	37.7
A_HA	478	84	T	0	0	84	35.1
A_HA	479	85	T	0	0	85	36.2
A_HA	480	88	C	0	0	88	36.7
A_HA	481	84	A	0	0	84	35.3
A_HA	482	94	G	0	0	94	37.9
A_HA	483	91	A	0	0	91	37.8
A_HA	484	98	A	0	0	98	34.3
A_HA	485	92	A	0	0	92	34.1
A_HA	486	103	T	0	0	103	37.7
A_HA	487	97	G	0	0	97	37.6
A_HA	488	84	T	0	0	84	37.9
A_HA	489	88	G	0	0	88	36.1
A_HA	490	97	G	0	0	97	36.6
A_HA	491	94	T	0	0	94	35.5
A_HA	492	98	G	0	0	98	35.6
A_HA	493	98	T	0	0	98	34.4
A_HA	494	109	G	0	0	109	34.3
A_HA	495	102	G	0	0	102	36.4
A_HA	496	93	C	0	0	93	34.9
A_HA	497	95	T	0	0	95	37.0
A_HA	498	108	T	0	0	108	37.7
A_HA	499	93	A	0	0	93	34.5
A_HA	500	99	T	0	0	99	36.9
A_HA	501	110	C	0	0	110	35.5
A_HA	502	96	A	0	0	96	34.3
A_HA	503	108	A	0	0	108	36.8
A_HA	504	109	A	0	0	109	34.3
A_HA	505	109	A	0	0	109	34.2
A_HA	506	98	A	0	0	98	37.1
A_HA	507	115	G	0	0	115	35.8
A_HA	508	109	A	0	0	109	34.5
A_HA	509	89	A	0	0	89	34.7
A_HA	510	109	C	0	0	109	34.7
A_HA	511	99	G	0	0	99	34.1
A_HA	512	108	A	0	0	108	36.4
A_HA	513	105	T	0	0	105	35.4
A_HA	514	110	G	0	0	110	36.0
A_HA	515	108	C	0	0	108	35.2
A_HA	516	95	A	0	0	95	35.6
A_HA	517	118	T	0	0	118	34.9
A_HA	518	112	A	0	0	112	36.1
A_HA	519	112	C	0	0	112	34.8
A_HA	520	100	C	0	0	100	36.5
A_HA	521	96	C	0	0	96	35.2
A_HA	522	104	A	0	0	104	34.3
A_HA	523	107	A	0	0	107	34.5
A_HA	524	103	C	0	0	103	34.9
A_HA	525	104	A	0	0	104	35.8
A_HA	526	118	A	0	0	118	36.7
A_HA	527	113	T	0	0	113	37.4
A_HA	528	107	A	0	0	107	34.6
A_HA	529	112	A	0	0	112	35.5
A_HA	530	114	A	0	0	114	35.2
A_HA	531	122	G	0	0	122	35.5
A_HA	532	117	A	0	0	117	37.4
A_HA	533	108	T	0	0	108	35.8
A_HA	534	102	A	0	0	102	36.8
A_HA	535	108	A	0	0	108	35.3
A_HA	536	106	G	0	0	106	34.8
A_HA	537	116	C	0	0	116	36.4
A_HA	538	107	T	0	0	107	36.0
A_HA	539	118	A	0	0	118	37.1
A_HA	540	107	C	0	0	107	35.6
A_HA	541	111	A	0	0	111	37.7
A_HA	542	125	A	0	0	125	35.6
A_HA	543	123	T	0	0	123	37.3
A_HA	544	117	A	0	0	117	37.7
A_HA	545	106	A	0	0	106	37.8
A_HA	546	129	T	0	0	129	36.1
A_HA	547	111	A	0	0	111	37.0
A_HA	548	112	C	0	0	112	36.0
A_HA	549	115	T	0	0	115	35.8
A_HA	550	114	A	0	0	114	35.4
A_HA	551	113	A	0	0	113	34.5
A_HA	552	120	T	0	0	120	36.9
A_HA	553	117	C	0	0	117	35.5
A_HA	554	121	G	0	0	121	37.4
A_HA	555	120	G	0	0	120	35.0
A_HA	556	111	G	0	0	111	37.9
A_HA	557	117	A	0	0	117	37.8
A_HA	558	114	A	0	0	114	34.9
A_HA	559	108	G	0	0	108	34.4
A_HA	560	122	A	0	0	122	35.4
A_HA	561	120	T	0	0	120	35.5
A_HA	562	110	C	0	0	110	34.0
A_HA	563	120	T	0	0	120	34.8
A_HA	564	118	C	0	0	118	34.0
A_HA	565	105	T	0	0	105	35.5
A_HA	566	115	T	0	0	115	34.1
A_HA	567	112	G	0	0	112	36.1
A_HA	568	125	A	0	0	125	34.1
A_HA	569	120	T	0	0	120	34.1
A_HA	570	115	A	0	0	115	34.6
A_HA	571	105	C	0	0	105	34.2
A_HA	572	114	T	0	0	114	35.8
A_HA	573	113	G	0	0	113	34.9
A_HA	574	116	T	0	0	116	34.3
A_HA	575	113	G	0	0	113	37.9
A_HA	576	119	G	0	0	119	34.1
A_HA	577	109	G	0	0	109	36.0
A_HA	578	115	G	0	0	115	34.8
A_HA	579	126	G	0	0	126	35.8
A_HA	580	109	A	0	0	109	37.3
A_HA	581	122	T	0	0	122	35.0
A_HA	582	112	T	0	0	112	35.9
A_HA	583	130	C	0	0	130	37.8
A_HA	584	112	A	0	0	112	35.2
A_HA	585	114	T	0	0	114	37.0
A_HA	586	125	C	0	0	125	35.9
A_HA	587	113	A	0	0	113	37.8
A_HA	588	115	T	0	0	115	36.7
A_HA	589	116	T	0	0	116	37.6
A_HA	590	126	C	0	0	126	35.7
A_HA	591	120	C	0	0	120	35.4
A_HA	592	116	A	0	0	116	34.0
A_HA	593	113	A	0	0	113	36.2
A_HA	594	114	C	0	0	114	35.4
A_HA	595	110	A	0	0	110	34.3
A_HA	596	110	A	0	0	110	35.1
A_HA	597	115	T	0	0	115	34.8
A_HA	598	118	G	0	0	118	35.9
A_HA	599	104	C	0	0	104	34.5
A_HA	600	107	A	0	0	107	36.5
A_HA	601	116	G	0	0	116	37.8
A_HA	602	107	A	0	0	107	37.1
A_HA	603	109	A	0	0	109	37.6
A_HA	604	114	G	0	0	114	34.3
A_HA	605	114	A	0	0	114	37.8
A_HA	606	117	G	0	0	117	34.7
A_HA	607	102	C	0	0	102	37.9
A_HA	608	116	A	0	0	116	35.4
A_HA	609	111	G	0	0	111	37.1
A_HA	610	105	A	0	0	105	37.5
A_HA	611	109	C	0	0	109	36.0
A_HA	612	115	A	0	0	115	36.0
A_HA	613	118	A	0	0	118	35.5
A_HA	614	107	A	0	0	107	36.4
A_HA	615	105	T	0	0	105	35.7
A_HA	616	116	C	0	0	116	36.0
A_HA	617	126	T	0	0	126	35.1
A_HA	618	122	C	0	0	122	37.8
A_HA	619	104	T	0	0	104	37.0
A_HA	620	105	A	0	0	105	37.4
A_HA	621	100	C	0	0	100	37.0
A_HA	622	97	A	0	0	97	34.5
A_HA	623	107	A	0	0	107	37.1
A_HA	624	123	A	0	0	123	35.1
A_HA	625	111	A	0	0	111	34.7
A_HA	626	104	A	0	0	104	38.0
A_HA	627	111	C	0	0	111	37.6
A_HA	628	114	C	0	0	114	34.5
A_HA	629	108	C	0	0	108	36.1
A_HA	630	99	A	0	0	99	36.2
A_HA	631	97	A	0	0	97	35.1
A_HA	632	117	C	0	0	117	34.9
A_HA	633	106	C	0	0	106	37.9
A_HA	634	113	A	0	0	113	35.4
A_HA	635	108	C	0	0	108	37.8
A_HA	636	107	C	0	0	107	36.7
A_HA	637	116	T	0	0	116	35.2
A_HA	638	102	A	0	0	102	36.2
A_HA	639	111	C	0	0	111	36.2
A_HA	640	101	A	0	0	101	34.6
A_HA	641	116	T	0	0	116	34.9
A_HA	642	107	T	0	0	107	36.4
A_HA	643	107	T	0	0	107	35.8
A_HA	644	115	C	0	0	115	35.1
A_HA	645	103	A	0	0	103	36.0
A_HA	646	114	G	0	0	114	35.0
A_HA	647	105	T	0	0	105	37.6
A_HA	648	115	T	0	0	115	35.9
A_HA	649	114	G	0	0	114	35.3
A_HA	650	113	G	0	0	113	35.9
A_HA	651	120	A	0	0	120	34.3
A_HA	652	106	A	0	0	106	38.0
A_HA	653	110	C	0	0	110	34.8
A_HA	654	108	A	0	0	108	36.5
A_HA	655	112	T	0	0	112	34.3
A_HA	656	106	C	0	0	106	36.9
A_HA	657	104	A	0	0	104	37.6
A_HA	658	124	A	0	0	124	37.4
A_HA	659	103	C	0	0	103	37.3
A_HA	660	115	T	0	0	115	37.6
A_HA	661	114	T	0	0	114	35.3
A_HA	662	110	T	0	0	110	37.8
A_HA	663	112	A	0	0	112	35.4
A_HA	664	122	A	0	0	122	34.6
A_HA	665	115	A	0	0	115	35.8
A_HA	666	104	C	0	0	104	34.6
A_HA	667	113	C	0	0	113	36.0
A_HA	668	114	A	0	0	114	35.6
A_HA	669	103	G	0	0	103	35.9
A_HA	670	119	A	0	0	119	34.1
A_HA	671	118	G	0	0	118	36.8
A_HA	672	99	G	0	0	99	35.6
A_HA	673	109	T	0	0	109	37.6
A_HA	674	114	T	0	0	114	36.5
A_HA	675	108	G	0	0	108	37.7
A_HA	676	122	G	0	0	122	37.6
A_HA	677	110	C	0	0	110	37.5
A_HA	678	116	A	0	0	116	35.2
A_HA	679	115	C	0	0	115	37.5
A_HA	680	117	C	0	0	117	35.1
A_HA	681	119	A	0	0	119	35.5
A_HA	682	116	A	0	0	116	36.8
A_HA	683	124	A	0	0	124	37.3
A_HA	684	128	A	0	0	128	34.8
A_HA	685	123	A	0	0	123	37.3
A_HA	686	119	T	0	0	119	36.7
A_HA	687	119	A	0	0	119	37.8
A_HA	688	113	G	0	0	113	35.4
A_HA	689	119	C	0	0	119	37.1
A_HA	690	118	T	0	0	118	37.7
A_HA	691	121	A	0	0	121	34.3
A_HA	692	108	C	0	0	108	36.2
A_HA	693	105	T	0	0	105	37.5
A_HA	694	117	A	0	0	117	36.4
A_HA	695	121	G	0	0	121	37.8
A_HA	696	133	A	0	0	133	37.0
A_HA	697	117	T	0	0	117	35.1
A_HA	698	116	C	0	0	116	35.9
A_HA	699	104	C	0	0	104	34.1
A_HA	700	124	C	0	0	124	35.9
A_HA	701	116	A	0	0	116	37.0
A_HA	702	117	A	0	0	117	35.2
A_HA	703	120	G	0	0	120	35.3
A_HA	704	119	T	0	0	119	36.1
A_HA	705	125	A	0	0	125	35.2
A_HA	706	114	A	0	0	114	35.0
A_HA	707	131	A	0	0	131	35.6
A_HA	708	128	C	0	0	128	37.3
A_HA	709	128	G	0	0	128	36.7
A_HA	710	119	G	0	0	119	35.1
A_HA	711	119	G	0	0	119	35.4
A_HA	712	121	C	0	0	121	34.1
A_HA	713	119	A	0	0	119	36.6
A_HA	714	132	A	0	0	132	36.1
A_HA	715	121	C	0	0	121	34.6
A_HA	716	132	G	0	0	132	34.7
A_HA	717	122	T	0	0	122	36.4
A_HA	718	126	G	0	0	126	37.3
A_HA	719	121	G	0	0	121	35.4
A_HA	720	123	A	0	0	123	36.8
A_HA	721	130	A	0	0	130	35.5
A_HA	722	128	G	0	0	128	34.3
A_HA	723	135	A	0	0	135	34.2
A_HA	724	133	A	0	0	133	34.3
A_HA	725	123	T	0	0	123	34.5
A_HA	726	117	G	0	0	117	35.4
A_HA	727	142	G	0	0	142	36.5
A_HA	728	139	A	0	0	139	35.4
A_HA	729	129	C	0	0	129	37.0
A_HA	730	122	T	0	0	122	36.0
A_HA	731	133	T	0	0	133	37.4
A_HA	732	131	C	0	0	131	35.3
A_HA	733	134	T	0	0	134	36.3
A_HA	734	136	T	0	0	136	37.4
A_HA	735	134	C	0	0	134	35.7
A_HA	736	130	T	0	0	130	37.2
A_HA	737	141	G	0	0	141	37.0
A_HA	738	130	G	0	0	130	36.1
A_HA	739	131	A	0	0	131	36.8
A_HA	740	129	C	0	0	129	36.8
A_HA	741	124	A	0	0	124	37.9
A_HA	742	121	A	0	0	121	36.8
A_HA	743	142	T	0	0	142	34.1
A_HA	744	119	C	0	0	119	34.4
A_HA	745	140	T	0	0	140	35.3
A_HA	746	124	T	0	0	124	36.6
A_HA	747	154	A	0	0	154	36.6
A_HA	748	137	A	0	0	137	35.2
A_HA	749	136	A	0	0	136	35.3
A_HA	750	139	A	0	0	139	36.5
A_HA	751	127	C	0	0	127	37.1
A_HA	752	126	C	0	0	126	37.5
A_HA	753	119	A	0	0	119	36.7
A_HA	754	127	G	0	0	127	35.8
A_HA	755	129	A	0	0	129	34.6
A_HA	756	140	T	0	0	140	37.6
A_HA	757	127	G	0	0	127	35.9
A_HA	758	143	A	0	0	143	34.6
A_HA	759	130	T	0	0	130	36.7
A_HA	760	143	G	0	0	143	36.7
A_HA	761	141	C	0	0	141	36.3
A_HA	762	135	A	0	0	135	36.0
A_HA	763	137	A	0	0	137	34.8
A_HA	764	160	T	0	0	160	35.5
A_HA	765	156	C	0	0	156	34.3
A_HA	766	171	C	0	0	171	37.4
A_HA	767	137	A	0	0	137	37.0
A_HA	768	136	T	0	0	136	36.5
A_HA	769	135	T	0	0	135	36.9
A_HA	770	149	T	0	0	149	36.4
A_HA	771	133	C	0	0	133	35.8
A_HA	772	148	G	0	0	148	36.0
A_HA	773	141	A	0	0	141	35.2
A_HA	774	136	G	0	0	136	35.6
A_HA	775	121	A	0	0	121	35.2
A_HA	776	133	G	0	0	133	35.1
A_HA	777	139	T	0	0	139	37.8
A_HA	778	132	A	0	0	132	36.2
A_HA	779	131	A	0	0	131	34.6
A_HA	780	145	C	0	0	145	35.4
A_HA	781	121	G	0	0	121	37.9
A_HA	782	140	G	0	0	140	37.2
A_HA	783	130	A	0	0	130	37.6
A_HA	784	133	A	0	0	133	36.8
A_HA	785	128	A	0	0	128	35.5
A_HA	786	153	T	0	0	153	36.7
A_HA	787	142	T	0	0	142	36.0
A_HA	788	146	T	0	0	146	34.4
A_HA	789	144	C	0	0	144	36.7
A_HA	790	150	A	0	0	150	36.2
A_HA	791	112	T	0	0	112	36.0
A_HA	792	124	T	0	0	124	34.2
A_HA	793	124	G	0	0	124	37.9
A_HA	794	128	C	0	0	128	37.1
A_HA	795	133	T	0	0	133	36.1
A_HA	796	134	C	0	0	134	37.5
A_HA	797	139	C	0	0	139	35.7
A_HA	798	119	A	0	0	119	35.2
A_HA	799	129	G	0	0	129	36.7
A_HA	800	138	A	0	0	138	36.3
A_HA	801	115	A	0	0	115	37.1
A_HA	802	126	T	0	0	126	36.3
A_HA	803	131	A	0	0	131	36.3
A_HA	804	122	T	0	0	122	36.2
A_HA	805	117	G	0	0	117	36.6
A_HA	806	116	C	0	0	116	36.0
A_HA	807	134	A	0	0	134	34.6
A_HA	808	129	T	0	0	129	37.0
A_HA	809	133	A	0	0	133	34.7
A_HA	810	124	C	0	0	124	34.0
A_HA	811	128	A	0	0	128	35.8
A_HA	812	112	A	0	0	112	36.1
A_HA	813	121	A	0	0	121	34.4
A_HA	814	128	A	0	0	128	37.9
A_HA	815	121	T	0	0	121	37.1
A_HA	816	127	T	0	0	127	37.5
A_HA	817	129	G	0	0	129	36.6
A_HA	818	128	T	0	0	128	37.2
A_HA	819	117	C	0	0	117	36.4
A_HA	820	121	A	0	0	121	36.8
A_HA	821	123	A	0	0	123	35.2
A_HA	822	121	G	0	0	121	35.0
A_HA	823	115	A	0	0	115	37.7
A_HA	824	100	A	0	0	100	34.4
A_HA	825	117	A	0	0	117	36.3
A_HA	826	116	G	0	0	116	37.8
A_HA	827	118	G	0	0	118	37.6
A_HA	828	103	G	0	0	103	34.7
A_HA	829	111	G	0	0	111	34.5
A_HA	830	123	A	0	0	123	36.2
A_HA	831	103	C	0	0	103	36.6
A_HA	832	110	T	0	0	110	34.1
A_HA	833	126	C	0	0	126	34.2
A_HA	834	115	A	0	0	115	36.6
A_HA	835	106	A	0	0	106	37.5
A_HA	836	115	C	0	0	115	37.6
A_HA	837	110	A	0	0	110	35.2
A_HA	838	105	A	0	0	105	34.0
A_HA	839	122	T	0	0	122	34.8
A_HA	840	101	T	0	0	101	37.5
A_HA	841	108	A	0	0	108	37.2
A_HA	842	110	T	0	0	110	36.5
A_HA	843	107	G	0	0	107	35.1
A_HA	844	102	A	0	0	102	37.1
A_HA	845	99	A	0	0	99	35.0
A_HA	846	94	A	0	0	94	34.8
A_HA	847	95	A	0	0	95	34.1
A_HA	848	108	G	0	0	108	37.8
A_HA	849	103	T	0	0	103	34.0
A_HA	850	92	G	0	0	92	36.1
A_HA	851	102	G	0	0	102	36.6
A_HA	852	99	A	0	0	99	36.1
A_HA	853	105	A	0	0	105	34.8
A_HA	854	92	T	0	0	92	34.1
A_HA	855	103	G	0	0	103	37.6
A_HA	856	92	G	0	0	92	36.9
A_HA	857	103	A	0	0	103	35.4
A_HA	858	90	A	0	0	90	37.5
A_HA	859	92	T	0	0	92	36.7
A_HA	860	91	A	0	0	91	34.2
A_HA	861	91	T	0	0	91	35.2
A_HA	862	87	G	0	0	87	37.2
A_HA	863	93	G	0	0	93	34.5
A_HA	864	96	C	0	0	96	35.3
A_HA	865	92	C	0	0	92	34.1
A_HA	866	81	A	0	0	81	37.2
A_HA	867	90	C	0	0	90	37.6
A_HA	868	95	T	0	0	95	34.2
A_HA	869	83	G	0	0	83	34.8
A_HA	870	90	C	0	0	90	35.6
A_HA	871	98	A	0	0	98	34.1
A_HA	872	86	A	0	0	86	36.5
A_HA	873	78	C	0	0	78	37.8
A_HA	874	91	A	0	0	91	36.9
A_HA	875	93	C	0	0	93	36.4
A_HA	876	87	C	0	0	87	37.2
A_HA	877	88	A	0	0	88	37.6
A_HA	878	78	A	0	0	78	37.2
A_HA	879	85	A	0	0	85	37.0
A_HA	880	84	T	0	0	84	34.3
A_HA	881	96	G	0	0	96	34.2
A_HA	882	79	T	0	0	79	36.8
A_HA	883	85	C	0	0	85	36.0
A_HA	884	79	A	0	0	79	35.3
A_HA	885	82	A	0	0	82	36.3
A_HA	886	84	A	0	0	84	37.7
A_HA	887	83	C	0	0	83	35.2
A_HA	888	77	C	0	0	77	35.4
A_HA	889	83	C	0	0	83	34.9
A_HA	890	84	C	0	0	84	35.0
A_HA	891	91	A	0	0	91	36.5
A_HA	892	82	G	0	0	82	36.6
A_HA	893	89	T	0	0	89	36.2
A_HA	894	76	A	0	0	76	37.8
A_HA	895	80	G	0	0	80	36.1
A_HA	896	78	G	0	0	78	37.8
A_HA	897	87	T	0	0	87	37.2
A_HA	898	70	G	0	0	70	34.5
A_HA	899	78	C	0	0	78	36.2
A_HA	900	73	G	0	0	73	35.6
A_HA	901	75	A	0	0	75	34.9
A_HA	902	75	T	0	0	75	37.2
A_HA	903	78	A	0	0	78	35.0
A_HA	904	78	A	0	0	78	36.3
A_HA	905	72	A	0	0	72	37.2
A_HA	906	76	T	0	0	76	37.6
A_HA	907	79	T	0	0	79	34.2
A_HA	908	81	C	0	0	81	37.1
A_HA	909	75	T	0	0	75	34.3
A_HA	910	70	A	0	0	70	35.0
A_HA	911	73	G	0	0	73	37.9
A_HA	912	72	T	0	0	72	35.0
A_HA	913	75	A	0	0	75	35.5
A_HA	914	67	T	0	0	67	34.1
A_HA	915	69	G	0	0	69	34.7
A_HA	916	75	C	0	0	75	35.2
A_HA	917	75	C	0	0	75	35.8
A_HA	918	67	A	0	0	67	36.6
A_HA	919	82	T	0	0	82	34.9
A_HA	920	79	T	0	0	79	37.1
A_HA	921	72	C	0	0	72	34.2
A_HA	922	71	C	0	0	71	37.4
A_HA	923	73	A	0	0	73	36.3
A_HA	924	79	C	0	0	79	35.4
A_HA	925	77	A	0	0	77	34.4
A_HA	926	75	A	0	0	75	35.6
A_HA	927	74	C	0	0	74	35.9
A_HA	928	66	A	0	0	66	35.0
A_HA	929	68	T	0	0	68	35.6
A_HA	930	76	A	0	0	76	35.5
A_HA	931	69	C	0	0	69	36.1
A_HA	932	82	A	0	0	82	36.8
A_HA	933	79	T	0	0	79	37.2
A_HA	934	80	C	0	0	80	35.0
A_HA	935	76	C	0	0	76	36.9
A_HA	936	72	T	0	0	72	34.7
A_HA	937	75	C	0	0	75	35.2
A_HA	938	78	T	0	0	78	37.6
A_HA	939	74	C	0	0	74	35.2
A_HA	940	80	A	0	0	80	34.6
A_HA	941	68	C	0	0	68	36.0
A_HA	942	81	C	0	0	81	36.9
A_HA	943	69	A	0	0	69	34.9
A_HA	944	73	T	0	0	73	34.8
A_HA	945	83	T	0	0	83	35.7
A_HA	946	72	G	0	0	72	35.0
A_HA	947	81	G	0	0	81	34.2
A_HA	948	83	G	0	0	83	36.0
A_HA	949	85	G	0	0	85	36.8
A_HA	950	74	A	0	0	74	34.4
A_HA	951	72	A	0	0	72	35.6
A_HA	952	71	T	0	0	71	34.4
A_HA	953	83	G	0	0	83	35.4
A_HA	954	86	C	0	0	86	36.0
A_HA	955	80	C	0	0	80	36.8
A_HA	956	78	C	0	0	78	35.7
A_HA	957	79	C	0	0	79	37.1
A_HA	958	77	A	0	0	77	34.4
A_HA	959	84	A	0	0	84	35.4
A_HA	960	78	A	0	0	78	34.7
A_HA	961	73	T	0	0	73	36.2
A_HA	962	82	A	0	0	82	34.7
A_HA	963	82	C	0	0	82	34.1
A_HA	964	87	G	0	0	87	35.9
A_HA	965	85	T	0	0	85	34.9
A_HA	966	82	G	0	0	82	34.6
A_HA	967	78	A	0	0	78	36.2
A_HA	968	80	A	0	0	80	35.0
A_HA	969	81	G	0	0	81	37.8
A_HA	970	80	T	0	0	80	36.9
A_HA	971	90	C	0	0	90	35.4
A_HA	972	86	A	0	0	86	37.2
A_HA	973	96	A	0	0	96	37.1
A_HA	974	90	A	0	0	90	37.3
A_HA	975	89	C	0	0	89	35.6
A_HA	976	90	A	0	0	90	35.6
A_HA	977	106	A	0	0	106	34.3
A_HA	978	85	G	0	0	85	34.4
A_HA	979	96	T	0	0	96	35.1
A_HA	980	86	T	0	0	86	36.7
A_HA	981	93	G	0	0	93	36.2
A_HA	982	93	G	0	0	93	34.5
A_HA	983	83	T	0	0	83	37.4
A_HA	984	100	C	0	0	100	35.2
A_HA	985	89	C	0	0	89	36.9
A_HA	986	94	T	0	0	94	37.3
A_HA	987	89	T	0	0	89	34.3
A_HA	988	104	G	0	0	104	35.4
A_HA	989	82	C	0	0	82	34.9
A_HA	990	88	G	0	0	88	35.7
A_HA	991	95	A	0	0	95	35.5
A_HA	992	104	C	0	0	104	37.7
A_HA	993	93	T	0	0	93	34.8
A_HA	994	90	G	0	0	90	36.6
A_HA	995	95	G	0	0	95	35.8
A_HA	996	93	G	0	0	93	37.6
A_HA	997	96	C	0	0	96	37.4
A_HA	998	99	T	0	0	99	36.5
A_HA	999	97	C	0	0	97	37.0
A_HA	1000	103	A	0	0	103	34.2
A_HA	1001	99	G	0	0	99	34.5
A_HA	1002	98	A	0	0	98	37.3
A_HA	1003	97	A	0	0	97	37.6
A_HA	1004	87	A	0	0	87	35.8
A_HA	1005	96	T	0	0	96	34.0
A_HA	1006	106	A	0	0	106	37.7
A_HA	1007	110	G	0	0	110	35.2
A_HA	1008	98	T	0	0	98	34.2
A_HA	1009	98	C	0	0	98	37.5
A_HA	1010	98	C	0	0	98	35.9
A_HA	1011	100	T	0	0	100	35.5
A_HA	1012	85	C	0	0	85	34.7
A_HA	1013	96	T	0	0	96	36.7
A_HA	1014	101	A	0	0	101	36.6
A_HA	1015	106	A	0	0	106	35.1
A_HA	1016	89	G	0	0	89	35.7
A_HA	1017	97	A	0	0	97	34.2
A_HA	1018	91	G	0	0	91	34.3
A_HA	1019	99	A	0	0	99	36.9
A_HA	1020	103	A	0	0	103	37.3
A_HA	1021	91	A	0	0	91	38.0
A_HA	1022	98	A	0	0	98	34.1
A_HA	1023	97	G	0	0	97	37.5
A_HA	1024	93	A	0	0	93	36.0
A_HA	1025	100	G	0	0	100	36.7
A_HA	1026	96	A	0	0	96	37.2
A_HA	1027	109	A	0	0	109	37.9
A_HA	1028	109	G	0	0	109	35.6
A_HA	1029	98	A	0	0	98	37.5
A_HA	1030	111	A	0	0	111	37.9
A_HA	1031	103	A	0	0	103	34.2
A_HA	1032	97	A	0	0	97	35.1
A_HA	1033	100	A	0	0	100	36.8
A_HA	1034	90	G	0	0	90	37.0
A_HA	1035	89	A	0	0	89	36.9
A_HA	1036	99	G	0	0	99	37.1
A_HA	1037	90	G	0	0	90	34.2
A_HA	1038	100	T	0	0	100	37.7
A_HA	1039	102	C	0	0	102	36.3
A_HA	1040	100	T	0	0	100	37.4
A_HA	1041	109	G	0	0	109	36.7
A_HA	1042	96	T	0	0	96	36.4
A_HA	1043	103	T	0	0	103	37.2
A_HA	1044	90	T	0	0	90	34.7
A_HA	1045	90	G	0	0	90	34.1
A_HA	1046	94	G	0	0	94	34.0
A_HA	1047	98	G	0	0	98	37.8
A_HA	1048	103	G	0	0	103	37.2
A_HA	1049	83	C	0	0	83	34.9
A_HA	1050	103	G	0	0	103	37.6
A_HA	1051	107	A	0	0	107	37.0
A_HA	1052	101	T	0	0	101	36.1
A_HA	1053	107	A	0	0	107	34.5
A_HA	1054	97	G	0	0	97	35.0
A_HA	1055	106	C	0	0	106	37.4
A_HA	1056	104	A	0	0	104	37.8
A_HA	1057	105	G	0	0	105	34.7
A_HA	1058	95	G	0	0	95	34.4
A_HA	1059	110	G	0	0	110	37.8
A_HA	1060	99	T	0	0	99	36.6
A_HA	1061	91	T	0	0	91	34.5
A_HA	1062	91	T	0	0	91	34.7
A_HA	1063	99	A	0	0	99	37.3
A_HA	1064	96	T	0	0	96	37.9
A_HA	1065	87	A	0	0	87	37.6
A_HA	1066	98	G	0	0	98	35.4
A_HA	1067	91	A	0	0	91	37.3
A_HA	1068	98	G	0	0	98	34.1
A_HA	1069	93	G	0	0	93	37.0
A_HA	1070	113	G	0	0	113	34.2
A_HA	1071	93	A	0	0	93	37.6
A_HA	1072	103	G	0	0	103	35.0
A_HA	1073	91	G	0	0	91	36.8
A_HA	1074	104	A	0	0	104	35.2
A_HA	1075	91	T	0	0	91	34.9
A_HA	1076	87	G	0	0	87	34.0
A_HA	1077	101	G	0	0	101	35.4
A_HA	1078	95	C	0	0	95	36.8
A_HA	1079	103	A	0	0	103	36.8
A_HA	1080	95	G	0	0	95	37.8
A_HA	1081	101	G	0	0	101	35.3
A_HA	1082	104	G	0	0	104	34.2
A_HA	1083	94	A	0	0	94	37.2
A_HA	1084	96	A	0	0	96	36.4
A_HA	1085	85	T	0	0	85	35.9
A_HA	1086	99	G	0	0	99	37.5
A_HA	1087	91	G	0	0	91	34.5
A_HA	1088	90	T	0	0	90	34.8
A_HA	1089	105	T	0	0	105	37.4
A_HA	1090	89	G	0	0	89	34.8
A_HA	1091	98	A	0	0	98	34.3
A_HA	1092	100	T	0	0	100	37.4
A_HA	1093	101	G	0	0	101	34.4
A_HA	1094	95	G	0	0	95	36.6
A_HA	1095	93	T	0	0	93	37.9
A_HA	1096	90	T	0	0	90	34.6
A_HA	1097	90	G	0	0	90	36.1
A_HA	1098	88	G	0	0	88	36.7
A_HA	1099	88	T	0	0	88	34.9
A_HA	1100	94	A	0	0	94	36.0
A_HA	1101	89	T	0	0	89	36.0
A_HA	1102	89	G	0	0	89	36.2
A_HA	1103	96	G	0	0	96	34.5
A_HA	1104	88	G	0	0	88	34.7
A_HA	1105	97	T	0	0	97	36.9
A_HA	1106	99	A	0	0	99	37.4
A_HA	1107	86	C	0	0	86	36.5
A_HA	1108	87	C	0	0	87	34.8
A_HA	1109	102	A	0	0	102	37.2
A_HA	1110	96	T	0	0	96	37.8
A_HA	1111	89	C	0	0	89	36.1
A_HA	1112	92	A	0	0	92	37.9
A_HA	1113	80	T	0	0	80	35.6
A_HA	1114	91	A	0	0	91	34.8
A_HA	1115	90	G	0	0	90	36.5
A_HA	1116	105	C	0	0	105	35.6
A_HA	1117	99	A	0	0	99	35.1
A_HA	1118	97	A	0	0	97	36.5
A_HA	1119	86	T	0	0	86	35.1
A_HA	1120	87	G	0	0	87	36.7
A_HA	1121	91	A	0	0	91	35.4
A_HA	1122	91	G	0	0	91	36.3
A_HA	1123	95	C	0	0	95	36.6
A_HA	1124	97	A	0	0	97	37.3
A_HA	1125	91	G	0	0	91	34.4
A_HA	1126	89	G	0	0	89	35.9
A_HA	1127	87	G	0	0	87	34.5
A_HA	1128	87	A	0	0	87	35.3
A_HA	1129	98	A	0	0	98	34.6
A_HA	1130	99	G	0	0	99	34.2
A_HA	1131	104	T	0	0	104	34.9
A_HA	1132	100	G	0	0	100	34.5
A_HA	1133	93	G	0	0	93	35.8
A_HA	1134	99	G	0	0	99	34.2
A_HA	1135	97	T	0	0	97	36.6
A_HA	1136	97	A	0	0	97	35.2
A_HA	1137	92	C	0	0	92	36.3
A_HA	1138	100	G	0	0	100	34.2
A_HA	1139	91	C	0	0	91	34.7
A_HA	1140	96	T	0	0	96	36.0
A_HA	1141	97	G	0	0	97	37.8
A_HA	1142	103	C	0	0	103	35.8
A_HA	1143	93	G	0	0	93	35.9
A_HA	1144	104	G	0	0	104	34.2
A_HA	1145	84	A	0	0	84	35.7
A_HA	1146	93	C	0	0	93	37.4
A_HA	1147	88	A	0	0	88	34.2
A_HA	1148	86	A	0	0	86	34.9
A_HA	1149	96	A	0	0	96	35.3
A_HA	1150	104	G	0	0	104	34.8
A_HA	1151	101	A	0	0	101	35.1
A_HA	1152	114	A	0	0	114	36.1
A_HA	1153	101	T	0	0	101	36.5
A_HA	1154	107	C	0	0	107	34.8
A_HA	1155	102	C	0	0	102	35.7
A_HA	1156	92	A	0	0	92	35.3
A_HA	1157	102	C	0	0	102	34.4
A_HA	1158	93	C	0	0	93	35.2
A_HA	1159	91	C	0	0	91	36.0
A_HA	1160	100	A	0	0	100	34.8
A_HA	1161	86	A	0	0	86	37.4
A_HA	1162	92	A	0	0	92	35.4
A_HA	1163	96	A	0	0	96	35.3
A_HA	1164	110	G	0	0	110	37.6
A_HA	1165	106	G	0	0	106	34.7
A_HA	1166	104	C	0	0	104	36.0
A_HA	1167	95	A	0	0	95	34.3
A_HA	1168	104	A	0	0	104	36.0
A_HA	1169	105	T	0	0	105	36.3
A_HA	1170	106	A	0	0	106	37.2
A_HA	1171	96	G	0	0	96	34.2
A_HA	1172	100	A	0	0	100	34.8
A_HA	1173	107	T	0	0	107	36.8
A_HA	1174	111	G	0	0	111	34.5
A_HA	1175	99	G	0	0	99	35.8
A_HA	1176	99	A	0	0	99	34.3
A_HA	1177	121	G	0	0	121	35.6
A_HA	1178	109	T	0	0	109	35.6
A_HA	1179	111	T	0	0	111	35.1
A_HA	1180	106	A	0	0	106	35.2
A_HA	1181	108	C	0	0	108	34.4
A_HA	1182	110	C	0	0	110	37.7
A_HA	1183	111	A	0	0	111	37.3
A_HA	1184	116	A	0	0	116	35.2
A_HA	1185	115	T	0	0	115	35.3
A_HA	1186	113	A	0	0	113	37.1
A_HA	1187	117	A	0	0	117	35.3
A_HA	1188	114	G	0	0	114	36.0
A_HA	1189	108	G	0	0	108	37.6
A_HA	1190	112	T	0	0	112	37.3
A_HA	1191	107	C	0	0	107	34.2
A_HA	1192	103	A	0	0	103	36.4
A_HA	1193	123	A	0	0	123	35.0
A_HA	1194	119	C	0	0	119	37.6
A_HA	1195	120	T	0	0	120	37.4
A_HA	1196	111	C	0	0	111	36.3
A_HA	1197	102	A	0	0	102	35.7
A_HA	1198	123	A	0	0	123	37.7
A_HA	1199	114	T	0	0	114	37.5
A_HA	1200	136	C	0	0	136	37.7
A_HA	1201	125	A	0	0	125	37.7
A_HA	1202	134	T	0	0	134	35.4
A_HA	1203	113	T	0	0	113	35.4
A_HA	1204	130	G	0	0	130	35.6
A_HA	1205	124	A	0	0	124	36.0
A_HA	1206	122	C	0	0	122	34.5
A_HA	1207	111	A	0	0	111	36.4
A_HA	1208	127	A	0	0	127	35.7
A_HA	1209	134	A	0	0	134	37.6
A_HA	1210	135	A	0	0	135	36.9
A_HA	1211	141	T	0	0	141	36.4
A_HA	1212	127	G	0	0	127	35.4
A_HA	1213	123	A	0	0	123	35.1
A_HA	1214	118	A	0	0	118	37.2
A_HA	1215	129	C	0	0	129	35.6
A_HA	1216	129	A	0	0	129	34.2
A_HA	1217	125	C	0	0	125	36.2
A_HA	1218	124	T	0	0	124	37.3
A_HA	1219	123	C	0	0	123	37.0
A_HA	1220	125	A	0	0	125	34.5
A_HA	1221	131	A	0	0	131	36.0
A_HA	1222	124	T	0	0	124	36.0
A_HA	1223	127	T	0	0	127	35.4
A_HA	1224	130	T	0	0	130	34.6
A_HA	1225	139	G	0	0	139	34.0
A_HA	1226	127	A	0	0	127	37.9
A_HA	1227	129	G	0	0	129	34.3
A_HA	1228	137	G	0	0	137	37.8
A_HA	1229	129	C	0	0	129	34.3
A_HA	1230	135	A	0	0	135	35.5
A_HA	1231	144	G	0	0	144	37.0
A_HA	1232	131	T	0	0	131	34.4
A_HA	1233	139	T	0	0	139	35.3
A_HA	1234	134	G	0	0	134	37.7
A_HA	1235	135	G	0	0	135	37.3
A_HA	1236	123	A	0	0	123	36.9
A_HA	1237	141	A	0	0	141	34.5
A_HA	1238	134	G	0	0	134	34.2
A_HA	1239	133	G	0	0	133	34.6
A_HA	1240	121	G	0	0	121	35.5
A_HA	1241	140	A	0	0	140	35.2
A_HA	1242	145	G	0	0	145	37.4
A_HA	1243	143	T	0	0	143	35.3
A_HA	1244	144	T	0	0	144	35.6
A_HA	1245	136	T	0	0	136	37.7
A_HA	1246	141	A	0	0	141	36.3
A_HA	1247	157	A	0	0	157	36.4
A_HA	1248	149	T	0	0	149	36.1
A_HA	1249	136	A	0	0	136	36.4
A_HA	1250	142	A	0	0	142	36.3
A_HA	1251	133	C	0	0	133	34.9
A_HA	1252	135	T	0	0	135	34.5
A_HA	1253	141	T	0	0	141	37.4
A_HA	1254	132	A	0	0	132	36.1
A_HA	1255	140	G	0	0	140	36.3
A_HA	1256	128	A	0	0	128	37.1
A_HA	1257	139	A	0	0	139	37.7
A_HA	1258	134	A	0	0	134	34.5
A_HA	1259	145	G	0	0	145	37.6
A_HA	1260	138	G	0	0	138	34.7
A_HA	1261	153	A	0	0	153	34.8
A_HA	1262	138	G	0	0	138	37.5
A_HA	1263	146	G	0	0	146	35.1
A_HA	1264	131	A	0	0	131	34.6
A_HA	1265	143	T	0	0	143	36.0
A_HA	1266	134	A	0	0	134	35.7
A_HA	1267	142	G	0	0	142	34.8
A_HA	1268	148	A	0	0	148	35.1
A_HA	1269	146	G	0	0	146	35.0
A_HA	1270	157	A	0	0	157	35.9
A_HA	1271	128	A	0	0	128	36.7
A_HA	1272	149	T	0	0	149	35.3
A_HA	1273	141	T	0	0	141	34.6
A_HA	1274	143	T	0	0	143	36.9
A_HA	1275	147	G	0	0	147	37.0
A_HA	1276	138	A	0	0	138	36.3
A_HA	1277	140	A	0	0	140	36.9
A_HA	1278	154	C	0	0	154	36.7
A_HA	1279	149	A	0	0	149	35.2
A_HA	1280	138	A	0	0	138	34.5
A_HA	1281	145	G	0	0	145	35.1
A_HA	1282	134	A	0	0	134	34.5
A_HA	1283	139	A	0	0	139	35.4
A_HA	1284	149	A	0	0	149	35.2
A_HA	1285	154	A	0	0	154	37.4
A_HA	1286	139	T	0	0	139	36.7
A_HA	1287	130	G	0	0	130	37.5
A_HA	1288	140	G	0	0	140	36.3
A_HA	1289	140	A	0	0	140	36.0
A_HA	1290	155	A	0	0	155	37.9
A_HA	1291	143	G	0	0	143	34.0
A_HA	1292	143	A	0	0	143	35.5
A_HA	1293	147	C	0	0	147	36.6
A_HA	1294	136	G	0	0	136	35.2
A_HA	1295	136	G	0	0	136	36.8
A_HA	1296	140	A	0	0	140	37.8
A_HA	1297	135	T	0	0	135	35.6
A_HA	1298	129	T	0	0	129	35.0
A_HA	1299	142	C	0	0	142	37.3
A_HA	1300	138	C	0	0	138	37.7
A_HA	1301	135	T	0	0	135	36.3
A_HA	1302	129	A	0	0	129	37.9
A_HA	1303	143	G	0	0	143	36.4
A_HA	1304	151	A	0	0	151	37.3
A_HA	1305	146	T	0	0	146	36.5
A_HA	1306	125	G	0	0	125	34.8
A_HA	1307	133	T	0	0	133	37.5
A_HA	1308	142	C	0	0	142	37.2
A_HA	1309	135	T	0	0	135	35.3
A_HA	1310	132	G	0	0	132	36.6
A_HA	1311	129	G	0	0	129	37.8
A_HA	1312	134	A	0	0	134	35.4
A_HA	1313	139	C	0	0	139	34.5
A_HA	1314	117	C	0	0	117	35.1
A_HA	1315	141	T	0	0	141	37.8
A_HA	1316	150	A	0	0	150	34.7
A_HA	1317	132	T	0	0	132	36.1
A_HA	1318	132	A	0	0	132	34.6
A_HA	1319	118	A	0	0	118	34.8
A_HA	1320	123	T	0	0	123	35.1
A_HA	1321	116	G	0	0	116	35.5
A_HA	1322	146	C	0	0	146	37.8
A_HA	1323	127	T	0	0	127	35.4
A_HA	1324	131	G	0	0	131	35.0
A_HA	1325	114	A	0	0	114	35.7
A_HA	1326	131	A	0	0	131	35.2
A_HA	1327	128	C	0	0	128	36.1
A_HA	1328	128	T	0	0	128	34.3
A_HA	1329	109	T	0	0	109	36.6
A_HA	1330	128	C	0	0	128	37.7
A_HA	1331	115	T	0	0	115	37.8
A_HA	1332	125	A	0	0	125	36.9
A_HA	1333	118	G	0	0	118	36.3
A_HA	1334	110	T	0	0	110	36.2
A_HA	1335	126	T	0	0	126	37.3
A_HA	1336	98	C	0	0	98	35.7
A_HA	1337	118	T	0	0	118	35.9
A_HA	1338	123	C	0	0	123	35.3
A_HA	1339	108	A	0	0	108	34.1
A_HA	1340	121	T	0	0	121	34.7
A_HA	1341	124	G	0	0	124	37.9
A_HA	1342	116	G	0	0	116	36.0
A_HA	1343	119	A	0	0	119	35.7
A_HA	1344	108	A	0	0	108	34.0
A_HA	1345	110	A	0	0	110	35.3
A_HA	1346	116	A	0	0	116	35.5
A_HA	1347	115	C	0	0	115	34.4
A_HA	1348	114	G	0	0	114	35.8
A_HA	1349	110	A	0	0	110	35.1
A_HA	1350	110	G	0	0	110	36.1
A_HA	1351	105	A	0	0	105	34.1
A_HA	1352	105	G	0	0	105	36.9
A_HA	1353	110	G	0	0	110	36.4
A_HA	1354	113	A	0	0	113	36.6
A_HA	1355	102	C	0	0	102	37.2
A_HA	1356	108	T	0	0	108	34.7
A_HA	1357	122	C	0	0	122	37.7
A_HA	1358	105	T	0	0	105	34.3
A_HA	1359	100	A	0	0	100	36.8
A_HA	1360	114	G	0	0	114	37.6
A_HA	1361	107	A	0	0	107	36.4
A_HA	1362	119	T	0	0	119	34.3
A_HA	1363	99	T	0	0	99	36.6
A_HA	1364	102	T	0	0	102	37.3
A_HA	1365	114	C	0	0	114	34.6
A_HA	1366	104	C	0	0	104	34.9
A_HA	1367	104	A	0	0	104	35.6
A_HA	1368	102	T	0	0	102	36.3
A_HA	1369	94	G	0	0	94	38.0
A_HA	1370	102	A	0	0	102	36.0
A_HA	1371	107	T	0	0	107	34.6
A_HA	1372	97	T	0	0	97	34.8
A_HA	1373	101	C	0	0	101	37.6
A_HA	1374	104	A	0	0	104	37.9
A_HA	1375	96	A	0	0	96	34.5
A_HA	1376	107	A	0	0	107	37.1
A_HA	1377	117	T	0	0	117	35.6
A_HA	1378	104	G	0	0	104	37.5
A_HA	1379	108	T	0	0	108	36.4
A_HA	1380	98	C	0	0	98	35.0
A_HA	1381	101	A	0	0	101	35.2
A_HA	1382	99	A	0	0	99	36.5
A_HA	1383	96	G	0	0	96	35.8
A_HA	1384	105	A	0	0	105	36.7
A_HA	1385	108	A	0	0	108	37.2
A_HA	1386	97	C	0	0	97	37.6
A_HA	1387	95	C	0	0	95	35.9
A_HA	1388	84	T	0	0	84	37.1
A_HA	1389	94	T	0	0	94	35.1
A_HA	1390	92	T	0	0	92	34.1
A_HA	1391	88	A	0	0	88	38.0
A_HA	1392	97	T	0	0	97	36.6
A_HA	1393	100	G	0	0	100	34.8
A_HA	1394	97	A	0	0	97	37.1
A_HA	1395	93	C	0	0	93	35.7
A_HA	1396	90	A	0	0	90	35.9
A_HA	1397	97	A	0	0	97	37.0
A_HA	1398	93	A	0	0	93	37.4
A_HA	1399	96	G	0	0	96	36.8
A_HA	1400	90	T	0	0	90	35.0
A_HA	1401	91	C	0	0	91	34.9
A_HA	1402	90	A	0	0	90	37.1
A_HA	1403	88	G	0	0	88	37.7
A_HA	1404	105	A	0	0	105	37.7
A_HA	1405	96	T	0	0	96	35.4
A_HA	1406	98	T	0	0	98	35.9
A_HA	1407	99	A	0	0	99	37.4
A_HA	1408	85	C	0	0	85	36.2
A_HA	1409	83	A	0	0	83	36.5
A_HA	1410	95	G	0	0	95	34.5
A_HA	1411	90	C	0	0	90	37.7
A_HA	1412	96	T	0	0	96	34.7
A_HA	1413	90	T	0	0	90	37.1
A_HA	1414	95	A	0	0	95	37.5
A_HA	1415	94	G	0	0	94	37.1
A_HA	1416	100	G	0	0	100	35.8
A_HA	1417	94	G	0	0	94	34.3
A_HA	1418	88	A	0	0	88	35.6
A_HA	1419	81	T	0	0	81	35.1
A_HA	1420	89	A	0	0	89	35.8
A_HA	1421	92	A	0	0	92	34.4
A_HA	1422	88	T	0	0	88	36.4
A_HA	1423	93	G	0	0	93	37.3
A_HA	1424	96	C	0	0	96	37.7
A_HA	1425	96	A	0	0	96	35.8
A_HA	1426	96	A	0	0	96	34.8
A_HA	1427	84	A	0	0	84	38.0
A_HA	1428	96	G	0	0	96	36.9
A_HA	1429	97	G	0	0	97	36.8
A_HA	1430	94	A	0	0	94	35.3
A_HA	1431	90	G	0	0	90	37.8
A_HA	1432	96	C	0	0	96	37.1
A_HA	1433	96	T	0	0	96	35.8
A_HA	1434	93	G	0	0	93	36.2
A_HA	1435	98	G	0	0	98	37.9
A_HA	1436	89	G	0	0	89	34.9
A_HA	1437	95	T	0	0	95	36.4
A_HA	1438	94	A	0	0	94	37.6
A_HA	1439	98	A	0	0	98	36.8
A_HA	1440	84	C	0	0	84	37.2
A_HA	1441	94	G	0	0	94	37.1
A_HA	1442	87	G	0	0	87	34.0
A_HA	1443	107	C	0	0	107	34.9
A_HA	1444	91	T	0	0	91	34.9
A_HA	1445	105	G	0	0	105	36.4
A_HA	1446	96	T	0	0	96	37.0
A_HA	1447	99	T	0	0	99	34.1
A_HA	1448	104	T	0	0	104	35.0
A_HA	1449	106	C	0	0	106	38.0
A_HA	1450	99	G	0	0	99	37.4
A_HA	1451	102	A	0	0	102	36.2
A_HA	1452	96	A	0	0	96	34.0
A_HA	1453	87	T	0	0	87	35.9
A_HA	1454	90	T	0	0	90	35.0
A_HA	1455	92	C	0	0	92	34.9
A_HA	1456	92	T	0	0	92	37.3
A_HA	1457	99	A	0	0	99	35.1
A_HA	1458	89	T	0	0	89	36.2
A_HA	1459	98	C	0	0	98	37.4
A_HA	1460	99	A	0	0	99	36.4
A_HA	1461	100	C	0	0	100	37.2
A_HA	1462	95	A	0	0	95	35.5
A_HA	1463	93	A	0	0	93	38.0
A_HA	1464	96	A	0	0	96	35.9
A_HA	1465	86	T	0	0	86	34.6
A_HA	1466	101	G	0	0	101	37.2
A_HA	1467	101	T	0	0	101	35.1
A_HA	1468	93	G	0	0	93	34.8
A_HA	1469	95	A	0	0	95	34.5
A_HA	1470	93	T	0	0	93	37.6
A_HA	1471	84	A	0	0	84	37.4
A_HA	1472	100	A	0	0	100	36.0
A_HA	1473	96	T	0	0	96	35.5
A_HA	1474	95	G	0	0	95	34.4
A_HA	1475	97	A	0	0	97	36.1
A_HA	1476	89	A	0	0	89	36.2
A_HA	1477	98	T	0	0	98	36.6
A_HA	1478	101	G	0	0	101	37.8
A_HA	1479	101	T	0	0	101	34.3
A_HA	1480	97	A	0	0	97	35.3
A_HA	1481	96	T	0	0	96	35.7
A_HA	1482	92	G	0	0	92	35.7
A_HA	1483	100	G	0	0	100	38.0
A_HA	1484	95	A	0	0	95	37.7
A_HA	1485	97	A	0	0	97	34.9
A_HA	1486	102	A	0	0	102	34.9
A_HA	1487	100	G	0	0	100	36.9
A_HA	1488	93	T	0	0	93	37.5
A_HA	1489	100	G	0	0	100	37.5
A_HA	1490	97	T	0	0	97	35.0
A_HA	1491	96	G	0	0	96	37.6
A_HA	1492	108	A	0	0	108	35.4
A_HA	1493	112	G	0	0	112	34.1
A_HA	1494	99	A	0	0	99	35.5
A_HA	1495	98	A	0	0	98	36.9
A_HA	1496	105	A	0	0	105	36.0
A_HA	1497	97	T	0	0	97	35.2
A_HA	1498	109	G	0	0	109	35.0
A_HA	1499	95	G	0	0	95	34.2
A_HA	1500	91	G	0	0	91	37.8
A_HA	1501	95	A	0	0	95	38.0
A_HA	1502	93	C	0	0	93	34.9
A_HA	1503	103	G	0	0	103	34.6
A_HA	1504	102	T	0	0	102	35.5
A_HA	1505	97	A	0	0	97	37.3
A_HA	1506	104	T	0	0	104	37.8
A_HA	1507	104	G	0	0	104	34.9
A_HA	1508	96	A	0	0	96	37.0
A_HA	1509	91	C	0	0	91	36.9
A_HA	1510	97	T	0	0	97	34.4
A_HA	1511	105	A	0	0	105	37.0
A_HA	1512	98	C	0	0	98	37.3
A_HA	1513	101	C	0	0	101	34.7
A_HA	1514	100	C	0	0	100	34.6
A_HA	1515	93	T	0	0	93	34.9
A_HA	1516	95	C	0	0	95	34.2
A_HA	1517	101	A	0	0	101	37.7
A_HA	1518	92	G	0	0	92	35.2
A_HA	1519	102	T	0	0	102	35.2
A_HA	1520	95	A	0	0	95	35.1
A_HA	1521	102	T	0	0	102	35.7
A_HA	1522	97	T	0	0	97	37.8
A_HA	1523	105	C	0	0	105	36.4
A_HA	1524	96	A	0	0	96	37.4
A_HA	1525	97	G	0	0	97	34.0
A_HA	1526	100	A	0	0	100	34.2
A_HA	1527	93	A	0	0	93	34.5
A_HA	1528	84	G	0	0	84	37.5
A_HA	1529	101	A	0	0	101	35.6
A_HA	1530	91	A	0	0	91	36.8
A_HA	1531	99	G	0	0	99	35.8
A_HA	1532	85	C	0	0	85	37.9
A_HA	1533	96	A	0	0	96	37.2
A_HA	1534	92	A	0	0	92	35.4
A_HA	1535	101	G	0	0	101	36.1
A_HA	1536	90	A	0	0	90	36.0
A_HA	1537	88	T	0	0	88	35.0
A_HA	1538	92	T	0	0	92	36.0
A_HA	1539	94	A	0	0	94	34.9
A_HA	1540	94	A	0	0	94	37.7
A_HA	1541	84	A	0	0	84	34.5
A_HA	1542	85	A	0	0	85	37.7
A_HA	1543	96	A	0	0	96	34.7
A_HA	1544	97	G	0	0	97	35.7
A_HA	1545	101	A	0	0	101	34.6
A_HA	1546	94	G	0	0	94	35.5
A_HA	1547	91	A	0	0	91	34.4
A_HA	1548	94	A	0	0	94	36.0
A_HA	1549	91	G	0	0	91	34.7
A_HA	1550	102	A	0	0	102	34.2
A_HA	1551	94	A	0	0	94	37.7
A_HA	1552	86	A	0	0	86	36.1
A_HA	1553	84	T	0	0	84	37.7
A_HA	1554	97	A	0	0	97	37.5
A_HA	1555	84	A	0	0	84	36.6
A_HA	1556	78	G	0	0	78	37.3
A_HA	1557	95	C	0	0	95	37.4
A_HA	1558	92	G	0	0	92	34.7
A_HA	1559	82	G	0	0	82	36.3
A_HA	1560	97	A	0	0	97	35.8
A_HA	1561	90	G	0	0	90	34.7
A_HA	1562	95	T	0	0	95	37.0
A_HA	1563	86	G	0	0	86	36.6
A_HA	1564	89	A	0	0	89	36.8
A_HA	1565	89	A	0	0	89	37.9
A_HA	1566	73	A	0	0	73	37.6
A_HA	1567	83	T	0	0	83	34.6
A_HA	1568	82	T	0	0	82	34.3
A_HA	1569	83	A	0	0	83	34.8
A_HA	1570	83	G	0	0	83	34.9
A_HA	1571	79	A	0	0	79	37.5
A_HA	1572	91	A	0	0	91	34.9
A_HA	1573	83	T	0	0	83	35.8
A_HA	1574	79	C	0	0	79	36.2
A_HA	1575	81	A	0	0	81	34.4
A_HA	1576	76	G	0	0	76	36.6
A_HA	1577	72	T	0	0	72	35.0
A_HA	1578	84	A	0	0	84	36.7
A_HA	1579	82	G	0	0	82	34.1
A_HA	1580	75	G	0	0	75	34.9
A_HA	1581	78	A	0	0	78	35.2
A_HA	1582	78	A	0	0	78	34.1
A_HA	1583	82	C	0	0	82	36.2
A_HA	1584	76	T	0	0	76	36.8
A_HA	1585	80	T	0	0	80	36.1
A_HA	1586	78	A	0	0	78	34.2
A_HA	1587	77	C	0	0	77	35.8
A_HA	1588	85	C	0	0	85	35.5
A_HA	1589	80	A	0	0	80	37.0
A_HA	1590	79	G	0	0	79	34.7
A_HA	1591	74	A	0	0	74	34.3
A_HA	1592	75	T	0	0	75	35.9
A_HA	1593	71	A	0	0	71	35.3
A_HA	1594	83	C	0	0	83	35.7
A_HA	1595	73	T	0	0	73	35.2
A_HA	1596	72	G	0	0	72	37.4
A_HA	1597	80	T	0	0	80	36.7
A_HA	1598	74	C	0	0	74	37.3
A_HA	1599	80	A	0	0	80	35.4
A_HA	1600	67	A	0	0	67	36.8
A_HA	1601	74	T	0	0	74	34.8
A_HA	1602	77	T	0	0	77	35.4
A_HA	1603	67	T	0	0	67	37.7
A_HA	1604	69	A	0	0	69	36.1
A_HA	1605	72	T	0	0	72	37.0
A_HA	1606	66	T	0	0	66	35.4
A_HA	1607	67	C	0	0	67	35.2
A_HA	1608	69	A	0	0	69	37.4
A_HA	1609	69	A	0	0	69	36.7
A_HA	1610	72	C	0	0	72	35.3
A_HA	1611	63	A	0	0	63	35.0
A_HA	1612	67	G	0	0	67	36.2
A_HA	1613	75	C	0	0	75	34.7
A_HA	1614	66	G	0	0	66	36.1
A_HA	1615	62	G	0	0	62	35.9
A_HA	1616	66	C	0	0	66	35.3
A_HA	1617	67	A	0	0	67	35.7
A_HA	1618	64	A	0	0	64	37.8
A_HA	1619	66	G	0	0	66	37.1
A_HA	1620	58	T	0	0	58	35.5
A_HA	1621	55	T	0	0	55	37.1
A_HA	1622	60	C	0	0	60	34.4
A_HA	1623	59	C	0	0	59	35.9
A_HA	1624	58	C	0	0	58	36.5
A_HA	1625	63	T	0	0	63	36.5
A_HA	1626	54	A	0	0	54	35.6
A_HA	1627	53	G	0	0	53	34.7
A_HA	1628	52	C	0	0	52	35.5
A_HA	1629	52	A	0	0	52	34.7
A_HA	1630	50	C	0	0	50	34.5
A_HA	1631	57	T	0	0	57	37.1
A_HA	1632	55	G	0	0	55	35.7
A_HA	1633	51	G	0	0	51	36.3
A_HA	1634	49	C	0	0	49	36.5
A_HA	1635	49	A	0	0	49	34.5
A_HA	1636	54	A	0	0	54	35.4
A_HA	1637	50	T	0	0	50	36.6
A_HA	1638	49	C	0	0	49	37.0
A_HA	1639	46	A	0	0	46	34.5
A_HA	1640	45	T	0	0	45	34.6
A_HA	1641	42	G	0	0	42	35.9
A_HA	1642	48	A	0	0	48	37.0
A_HA	1643	42	T	0	0	42	35.7
A_HA	1644	44	G	0	0	44	37.8
A_HA	1645	47	G	0	0	47	35.7
A_HA	1646	46	C	0	0	46	36.7
A_HA	1647	45	T	0	0	45	37.6
A_HA	1648	49	G	0	0	49	36.6
A_HA	1649	43	G	0	0	43	34.7
A_HA	1650	46	T	0	0	46	34.4
A_HA	1651	39	C	0	0	39	34.3
A_HA	1652	45	T	0	0	45	35.7
A_HA	1653	36	A	0	0	36	37.0
A_HA	1654	45	T	0	0	45	35.6
A_HA	1655	39	C	0	0	39	36.3
A_HA	1656	39	T	0	0	39	35.8
A_HA	1657	36	T	0	0	36	35.7
A_HA	1658	40	T	0	0	40	36.9
A_HA	1659	40	A	0	0	40	34.9
A_HA	1660	39	T	0	0	39	35.4
A_HA	1661	36	G	0	0	36	38.0
A_HA	1662	36	G	0	0	36	34.9
A_HA	1663	35	A	0	0	35	34.6
A_HA	1664	30	T	0	0	30	37.6
A_HA	1665	33	G	0	0	33	35.8
A_HA	1666	32	T	0	0	32	34.2
A_HA	1667	33	G	0	0	33	37.9
A_HA	1668	29	C	0	0	29	35.3
A_HA	1669	33	T	0	0	33	34.1
A_HA	1670	29	C	0	0	29	35.5
A_HA	1671	30	C	0	0	30	34.5
A_HA	1672	27	A	0	0	27	35.6
A_HA	1673	29	A	0	0	29	37.3
A_HA	1674	26	T	0	0	26	37.9
A_HA	1675	24	G	0	0	24	37.5
A_HA	1676	25	G	0	0	25	36.8
A_HA	1677	26	G	0	0	26	37.9
A_HA	1678	27	T	0	0	27	34.5
A_HA	1679	21	C	0	0	21	37.1
A_HA	1680	21	G	0	0	21	37.2
A_HA	1681	23	T	0	0	23	35.0
A_HA	1682	21	T	0	0	21	35.7
A_HA	1683	20	A	0	0	20	34.9
A_HA	1684	21	C	0	0	21	38.0
A_HA	1685	17	A	0	0	17	34.9
A_HA	1686	18	A	0	0	18	36.5
A_HA	1687	17	T	0	0	17	34.6
A_HA	1688	15	G	0	0	15	36.2
A_HA	1689	16	C	0	0	16	34.8
A_HA	1690	14	A	0	0	14	35.1
A_HA	1691	14	G	0	0	14	36.1
A_HA	1692	12	A	0	0	12	37.6
A_HA	1693	11	A	0	0	11	34.6
A_HA	1694	11	T	0	0	11	36.5
A_HA	1695	9	T	0	0	9	35.9
A_HA	1696	7	T	0	0	7	34.6
A_HA	1697	7	G	0	0	7	34.8
A_HA	1698	6	C	0	0	6	36.9
A_HA	1699	6	A	0	0	6	35.5
A_HA	1700	4	T	0	0	4	37.3
A_HA	1701	3	T	0	0	3	34.6
A_HA	1702	2	T	0	0	2	35.9
A_HA	1703	1	A	0	0	1	34.6
A_HA	1704	0	G	0	0	0	35.2
