Reference_Name	Position	Coverage Depth	Consensus	Deletions	Ambiguous	Consensus_Count	Consensus_Average_Quality
A_MP	1	3	A	0	0	3	37.8
A_MP	2	7	T	0	0	7	36.0
A_MP	3	9	G	0	0	9	36.8
A_MP	4	15	A	0	0	15	37.1
A_MP	5	17	G	0	0	17	34.4
A_MP	6	20	T	0	0	20	34.6
A_MP	7	25	C	0	0	25	35.8
A_MP	8	28	T	0	0	28	37.2
A_MP	9	27	T	0	0	27	35.1
A_MP	10	33	C	0	0	33	37.0
A_MP	11	37	T	0	0	37	35.6
A_MP	12	41	A	0	0	41	34.6
A_MP	13	42	A	0	0	42	35.2
A_MP	14	46	C	0	0	46	37.7
A_MP	15	51	C	0	0	51	36.3
A_MP	16	53	G	0	0	53	36.2
A_MP	17	60	A	0	0	60	37.3
A_MP	18	59	G	0	0	59	35.0
A_MP	19	60	G	0	0	60	35.3
A_MP	20	65	T	0	0	65	36.8
A_MP	21	69	C	0	0	69	36.1
A_MP	22	76	G	0	0	76	35.0
A_MP	23	70	A	0	0	70	34.4
A_MP	24	75	A	0	0	75	35.4
A_MP	25	76	A	0	0	76	34.8
A_MP	26	78	C	0	0	78	35.7
A_MP	27	82	G	0	0	82	35.1
A_MP	28	83	T	0	0	83	34.2
A_MP	29	87	A	0	0	87	34.4
A_MP	30	101	C	0	0	101	34.9
A_MP	31	87	G	0	0	87	34.9
A_MP	32	97	T	0	0	97	35.7
A_MP	33	104	T	0	0	104	36.2
A_MP	34	111	C	0	0	111	36.7
A_MP	35	111	T	0	0	111	34.1
A_MP	36	108	C	0	0	108	34.3
A_MP	37	111	T	0	0	111	34.6
A_MP	38	109	C	0	0	109	35.6
A_MP	39	118	T	0	0	118	35.2
A_MP	40	111	A	0	0	111	35.2
A_MP	41	116	T	0	0	116	35.9
A_MP	42	123	C	0	0	123	36.5
A_MP	43	120	G	0	0	120	34.4
A_MP	44	129	T	0	0	129	37.5
A_MP	45	120	C	0	0	120	35.2
A_MP	46	127	C	0	0	127	34.7
A_MP	47	139	C	0	0	139	38.0
A_MP	48	142	G	0	0	142	37.3
A_MP	49	131	T	0	0	131	37.4
A_MP	50	155	C	0	0	155	35.6
A_MP	51	146	G	0	0	146	36.2
A_MP	52	142	G	0	0	142	36.1
A_MP	53	149	G	0	0	149	34.2
A_MP	54	150	C	0	0	150	34.4
A_MP	55	158	C	0	0	158	35.9
A_MP	56	159	C	0	0	159	34.9
A_MP	57	153	C	0	0	153	37.3
A_MP	58	146	C	0	0	146	36.2
A_MP	59	155	T	0	0	155	34.5
A_MP	60	173	C	0	0	173	34.6
A_MP	61	144	A	0	0	144	37.2
A_MP	62	160	A	0	0	160	35.9
A_MP	63	161	A	0	0	161	37.8
A_MP	64	148	G	0	0	148	34.4
A_MP	65	141	C	0	0	141	37.2
A_MP	66	136	C	0	0	136	34.6
A_MP	67	149	G	0	0	149	34.2
A_MP	68	165	A	0	0	165	34.7
A_MP	69	147	G	0	0	147	36.1
A_MP	70	139	A	0	0	139	34.8
A_MP	71	154	T	0	0	154	36.2
A_MP	72	147	C	0	0	147	36.5
A_MP	73	134	G	0	0	134	37.3
A_MP	74	133	C	0	0	133	37.7
A_MP	75	152	G	0	0	152	34.9
A_MP	76	151	C	0	0	151	34.9
A_MP	77	155	A	0	0	155	35.4
A_MP	78	122	G	0	0	122	37.7
A_MP	79	165	A	0	0	165	35.3
A_MP	80	133	G	0	0	133	36.3
A_MP	81	146	A	0	0	146	37.2
A_MP	82	140	C	0	0	140	35.5
A_MP	83	148	T	0	0	148	36.5
A_MP	84	134	T	0	0	134	34.9
A_MP	85	158	G	0	0	158	37.8
A_MP	86	143	A	0	0	143	35.1
A_MP	87	156	A	0	0	156	36.3
A_MP	88	139	G	0	0	139	36.7
A_MP	89	124	A	0	0	124	34.9
A_MP	90	156	T	0	0	156	34.1
A_MP	91	156	G	0	0	156	35.6
A_MP	92	138	T	0	0	138	36.6
A_MP	93	139	C	0	0	139	34.2
A_MP	94	151	T	0	0	151	35.9
A_MP	95	154	T	0	0	154	37.7
A_MP	96	161	T	0	0	161	35.3
A_MP	97	145	G	0	0	145	35.1
A_MP	98	132	C	0	0	132	35.7
A_MP	99	160	A	0	0	160	36.5
A_MP	100	150	G	0	0	150	36.4
A_MP	101	157	G	0	0	157	36.2
A_MP	102	146	G	0	0	146	37.5
A_MP	103	136	A	0	0	136	36.0
A_MP	104	150	A	0	0	150	35.2
A_MP	105	149	G	0	0	149	37.1
A_MP	106	160	A	0	0	160	37.8
A_MP	107	149	A	0	0	149	36.9
A_MP	108	145	C	0	0	145	37.3
A_MP	109	139	A	0	0	139	34.9
A_MP	110	134	C	0	0	134	35.8
A_MP	111	158	C	0	0	158	35.0
A_MP	112	159	G	0	0	159	34.2
A_MP	113	145	A	0	0	145	35.0
A_MP	114	146	T	0	0	146	36.0
A_MP	115	161	C	0	0	161	35.1
A_MP	116	137	T	0	0	137	34.6
A_MP	117	143	T	0	0	143	37.6
A_MP	118	129	G	0	0	129	36.0
A_MP	119	154	A	0	0	154	37.7
A_MP	120	154	G	0	0	154	37.1
A_MP	121	151	G	0	0	151	34.7
A_MP	122	159	C	0	0	159	37.4
A_MP	123	155	T	0	0	155	37.4
A_MP	124	152	C	0	0	152	34.8
A_MP	125	139	T	0	0	139	36.0
A_MP	126	147	C	0	0	147	37.4
A_MP	127	151	A	0	0	151	37.4
A_MP	128	153	T	0	0	153	36.3
A_MP	129	147	G	0	0	147	34.9
A_MP	130	150	G	0	0	150	35.9
A_MP	131	139	A	0	0	139	35.1
A_MP	132	152	A	0	0	152	37.6
A_MP	133	142	T	0	0	142	34.9
A_MP	134	154	G	0	0	154	34.6
A_MP	135	145	G	0	0	145	35.7
A_MP	136	162	C	0	0	162	36.1
A_MP	137	144	T	0	0	144	37.6
A_MP	138	147	A	0	0	147	36.5
A_MP	139	135	A	0	0	135	34.4
A_MP	140	139	A	0	0	139	37.7
A_MP	141	154	G	0	0	154	35.2
A_MP	142	155	A	0	0	155	35.8
A_MP	143	147	C	0	0	147	35.2
A_MP	144	164	A	0	0	164	37.5
A_MP	145	139	A	0	0	139	35.9
A_MP	146	150	G	0	0	150	36.2
A_MP	147	129	A	0	0	129	37.9
A_MP	148	137	C	0	0	137	35.3
A_MP	149	149	C	0	0	149	37.3
A_MP	150	135	A	0	0	135	34.3
A_MP	151	136	A	0	0	136	36.3
A_MP	152	148	T	0	0	148	34.6
A_MP	153	130	C	0	0	130	37.6
A_MP	154	146	C	0	0	146	37.9
A_MP	155	132	T	0	0	132	36.0
A_MP	156	141	G	0	0	141	36.7
A_MP	157	120	T	0	0	120	37.0
A_MP	158	131	C	0	0	131	37.0
A_MP	159	131	A	0	0	131	35.7
A_MP	160	124	C	0	0	124	36.9
A_MP	161	133	C	0	0	133	34.6
A_MP	162	138	T	0	0	138	36.9
A_MP	163	132	C	0	0	132	35.2
A_MP	164	128	T	0	0	128	37.6
A_MP	165	130	G	0	0	130	36.8
A_MP	166	145	A	0	0	145	35.3
A_MP	167	136	C	0	0	136	35.5
A_MP	168	124	T	0	0	124	34.5
A_MP	169	123	A	0	0	123	34.6
A_MP	170	127	A	0	0	127	34.7
A_MP	171	110	G	0	0	110	35.2
A_MP	172	119	G	0	0	119	36.6
A_MP	173	123	G	0	0	123	37.8
A_MP	174	123	G	0	0	123	34.3
A_MP	175	108	A	0	0	108	36.0
A_MP	176	109	T	0	0	109	37.7
A_MP	177	117	T	0	0	117	35.9
A_MP	178	128	T	0	0	128	37.1
A_MP	179	114	T	0	0	114	36.2
A_MP	180	112	G	0	0	112	34.8
A_MP	181	106	G	0	0	106	35.3
A_MP	182	103	G	0	0	103	34.2
A_MP	183	107	A	0	0	107	35.9
A_MP	184	100	T	0	0	100	37.0
A_MP	185	103	T	0	0	103	34.7
A_MP	186	103	T	0	0	103	37.2
A_MP	187	105	G	0	0	105	35.7
A_MP	188	105	T	0	0	105	36.2
A_MP	189	99	G	0	0	99	37.0
A_MP	190	108	T	0	0	108	36.4
A_MP	191	102	T	0	0	102	36.3
A_MP	192	94	C	0	0	94	36.0
A_MP	193	90	A	0	0	90	36.1
A_MP	194	96	C	0	0	96	35.0
A_MP	195	96	G	0	0	96	35.1
A_MP	196	102	C	0	0	102	37.1
A_MP	197	100	T	0	0	100	34.6
A_MP	198	97	C	0	0	97	35.9
A_MP	199	108	A	0	0	108	34.7
A_MP	200	101	C	0	0	101	37.4
A_MP	201	101	C	0	0	101	37.9
A_MP	202	89	G	0	0	89	35.4
A_MP	203	99	T	0	0	99	34.1
A_MP	204	101	G	0	0	101	36.9
A_MP	205	79	C	0	0	79	36.2
A_MP	206	93	C	0	0	93	36.2
A_MP	207	98	C	0	0	98	37.7
A_MP	208	93	A	0	0	93	36.1
A_MP	209	92	G	0	0	92	36.0
A_MP	210	92	T	0	0	92	34.5
A_MP	211	97	G	0	0	97	36.7
A_MP	212	96	A	0	0	96	36.2
A_MP	213	95	G	0	0	95	35.1
A_MP	214	101	C	0	0	101	36.7
A_MP	215	93	G	0	0	93	35.3
A_MP	216	88	A	0	0	88	34.3
A_MP	217	105	G	0	0	105	35.6
A_MP	218	97	G	0	0	97	37.9
A_MP	219	106	A	0	0	106	36.8
A_MP	220	108	C	0	0	108	35.9
A_MP	221	100	T	0	0	100	37.6
A_MP	222	116	G	0	0	116	37.5
A_MP	223	111	C	0	0	111	36.4
A_MP	224	104	A	0	0	104	36.6
A_MP	225	115	G	0	0	115	36.3
A_MP	226	115	C	0	0	115	37.2
A_MP	227	108	G	0	0	108	35.4
A_MP	228	121	T	0	0	121	36.3
A_MP	229	108	A	0	0	108	37.2
A_MP	230	122	G	0	0	122	37.1
A_MP	231	101	A	0	0	101	37.4
A_MP	232	104	C	0	0	104	35.8
A_MP	233	106	G	0	0	106	34.3
A_MP	234	110	C	0	0	110	35.2
A_MP	235	128	T	0	0	128	37.9
A_MP	236	108	T	0	0	108	35.9
A_MP	237	129	T	0	0	129	34.2
A_MP	238	134	G	0	0	134	36.1
A_MP	239	118	T	0	0	118	35.2
A_MP	240	117	C	0	0	117	37.9
A_MP	241	128	C	0	0	128	35.4
A_MP	242	122	A	0	0	122	35.3
A_MP	243	120	A	0	0	120	36.6
A_MP	244	128	A	0	0	128	37.7
A_MP	245	137	A	0	0	137	37.4
A_MP	246	129	T	0	0	129	34.2
A_MP	247	131	G	0	0	131	34.7
A_MP	248	138	C	0	0	138	37.4
A_MP	249	139	T	0	0	139	35.7
A_MP	250	131	C	0	0	131	35.3
A_MP	251	136	T	0	0	136	37.5
A_MP	252	145	A	0	0	145	35.4
A_MP	253	153	A	0	0	153	34.8
A_MP	254	124	G	0	0	124	34.2
A_MP	255	144	T	0	0	144	35.9
A_MP	256	162	G	0	0	162	35.8
A_MP	257	151	G	0	0	151	36.3
A_MP	258	166	A	0	0	166	35.8
A_MP	259	141	A	0	0	141	37.8
A_MP	260	154	A	0	0	154	34.3
A_MP	261	162	T	0	0	162	37.8
A_MP	262	152	G	0	0	152	35.3
A_MP	263	169	G	0	0	169	37.0
A_MP	264	150	A	0	0	150	35.9
A_MP	265	157	G	0	0	157	36.4
A_MP	266	163	A	0	0	163	36.9
A_MP	267	155	C	0	0	155	37.3
A_MP	268	168	C	0	0	168	36.8
A_MP	269	151	C	0	0	151	37.9
A_MP	270	155	A	0	0	155	34.1
A_MP	271	146	A	0	0	146	35.1
A_MP	272	172	A	0	0	172	36.5
A_MP	273	179	C	0	0	179	35.8
A_MP	274	177	A	0	0	177	34.4
A_MP	275	155	A	0	0	155	35.9
A_MP	276	161	C	0	0	161	35.5
A_MP	277	161	A	0	0	161	35.8
A_MP	278	186	T	0	0	186	34.6
A_MP	279	178	G	0	0	178	34.7
A_MP	280	168	G	0	0	168	35.1
A_MP	281	178	A	0	0	178	37.2
A_MP	282	163	C	0	0	163	34.7
A_MP	283	161	A	0	0	161	37.1
A_MP	284	167	G	0	0	167	35.4
A_MP	285	179	G	0	0	179	36.2
A_MP	286	180	G	0	0	180	35.3
A_MP	287	185	C	0	0	185	37.4
A_MP	288	186	A	0	0	186	35.8
A_MP	289	167	G	0	0	167	34.4
A_MP	290	174	T	0	0	174	36.5
A_MP	291	170	C	0	0	170	34.5
A_MP	292	164	A	0	0	164	34.8
A_MP	293	176	A	0	0	176	34.7
A_MP	294	203	G	0	0	203	36.8
A_MP	295	181	T	0	0	181	34.4
A_MP	296	201	T	0	0	201	34.0
A_MP	297	180	G	0	0	180	37.8
A_MP	298	176	T	0	0	176	35.9
A_MP	299	168	A	0	0	168	37.3
A_MP	300	172	C	0	0	172	34.0
A_MP	301	193	A	0	0	193	35.9
A_MP	302	177	G	0	0	177	35.3
A_MP	303	165	G	0	0	165	34.9
A_MP	304	184	A	0	0	184	37.9
A_MP	305	188	A	0	0	188	37.7
A_MP	306	164	A	0	0	164	35.3
A_MP	307	175	C	0	0	175	36.1
A_MP	308	167	T	0	0	167	34.9
A_MP	309	182	G	0	0	182	35.4
A_MP	310	163	A	0	0	163	35.2
A_MP	311	160	A	0	0	160	34.2
A_MP	312	182	G	0	0	182	36.5
A_MP	313	167	A	0	0	167	37.7
A_MP	314	164	G	0	0	164	36.1
A_MP	315	174	A	0	0	174	37.6
A_MP	316	165	G	0	0	165	35.2
A_MP	317	178	A	0	0	178	34.1
A_MP	318	168	G	0	0	168	35.3
A_MP	319	163	A	0	0	163	36.6
A_MP	320	178	T	0	0	178	36.7
A_MP	321	171	A	0	0	171	34.9
A_MP	322	155	A	0	0	155	35.5
A_MP	323	167	C	0	0	167	35.1
A_MP	324	180	A	0	0	180	37.6
A_MP	325	162	T	0	0	162	36.5
A_MP	326	161	T	0	0	161	37.1
A_MP	327	169	C	0	0	169	34.3
A_MP	328	170	C	0	0	170	34.4
A_MP	329	166	A	0	0	166	34.8
A_MP	330	175	T	0	0	175	37.5
A_MP	331	156	G	0	0	156	34.8
A_MP	332	155	G	0	0	155	35.6
A_MP	333	165	G	0	0	165	35.5
A_MP	334	171	G	0	0	171	36.7
A_MP	335	168	C	0	0	168	37.9
A_MP	336	153	T	0	0	153	37.6
A_MP	337	164	A	0	0	164	35.6
A_MP	338	150	A	0	0	150	36.4
A_MP	339	150	A	0	0	150	37.5
A_MP	340	145	G	0	0	145	35.5
A_MP	341	162	A	0	0	162	34.3
A_MP	342	169	A	0	0	169	35.9
A_MP	343	174	G	0	0	174	36.5
A_MP	344	182	T	0	0	182	36.2
A_MP	345	161	T	0	0	161	37.5
A_MP	346	150	G	0	0	150	37.8
A_MP	347	158	C	0	0	158	36.4
A_MP	348	158	A	0	0	158	34.6
A_MP	349	161	C	0	0	161	37.2
A_MP	350	148	T	0	0	148	35.5
A_MP	351	150	C	0	0	150	37.6
A_MP	352	146	A	0	0	146	36.2
A_MP	353	169	G	0	0	169	34.3
A_MP	354	163	T	0	0	163	37.5
A_MP	355	153	T	0	0	153	34.5
A_MP	356	162	A	0	0	162	37.0
A_MP	357	154	C	0	0	154	37.2
A_MP	358	156	T	0	0	156	36.1
A_MP	359	155	C	0	0	155	34.1
A_MP	360	153	A	0	0	153	36.5
A_MP	361	160	A	0	0	160	36.8
A_MP	362	157	C	0	0	157	34.1
A_MP	363	167	C	0	0	167	36.5
A_MP	364	164	G	0	0	164	35.2
A_MP	365	165	G	0	0	165	36.3
A_MP	366	165	T	0	0	165	36.6
A_MP	367	156	G	0	0	156	35.4
A_MP	368	157	C	0	0	157	34.8
A_MP	369	164	A	0	0	164	34.1
A_MP	370	169	C	0	0	169	35.8
A_MP	371	155	T	0	0	155	34.1
A_MP	372	157	T	0	0	157	36.2
A_MP	373	173	G	0	0	173	34.4
A_MP	374	165	C	0	0	165	35.0
A_MP	375	150	C	0	0	150	34.2
A_MP	376	160	A	0	0	160	36.4
A_MP	377	160	G	0	0	160	37.8
A_MP	378	165	T	0	0	165	34.9
A_MP	379	163	T	0	0	163	36.2
A_MP	380	158	G	0	0	158	36.4
A_MP	381	157	T	0	0	157	36.6
A_MP	382	162	A	0	0	162	34.2
A_MP	383	190	T	0	0	190	34.1
A_MP	384	175	G	0	0	175	37.9
A_MP	385	173	G	0	0	173	36.1
A_MP	386	164	G	0	0	164	37.3
A_MP	387	189	T	0	0	189	35.5
A_MP	388	173	C	0	0	173	37.4
A_MP	389	177	T	0	0	177	38.0
A_MP	390	160	C	0	0	160	35.0
A_MP	391	190	A	0	0	190	36.9
A_MP	392	197	T	0	0	197	34.5
A_MP	393	181	A	0	0	181	37.5
A_MP	394	171	T	0	0	171	36.8
A_MP	395	197	A	0	0	197	35.2
A_MP	396	185	C	0	0	185	34.8
A_MP	397	162	A	0	0	162	35.9
A_MP	398	199	A	0	0	199	34.2
A_MP	399	179	C	0	0	179	36.1
A_MP	400	186	A	0	0	186	37.7
A_MP	401	200	G	0	0	200	34.2
A_MP	402	195	G	0	0	195	37.7
A_MP	403	170	A	0	0	170	36.3
A_MP	404	190	T	0	0	190	34.2
A_MP	405	189	G	0	0	189	35.3
A_MP	406	165	G	0	0	165	37.7
A_MP	407	202	G	0	0	202	36.8
A_MP	408	185	G	0	0	185	36.8
A_MP	409	193	A	0	0	193	36.7
A_MP	410	198	C	0	0	198	37.8
A_MP	411	190	G	0	0	190	36.0
A_MP	412	177	G	0	0	177	36.2
A_MP	413	198	T	0	0	198	37.4
A_MP	414	167	G	0	0	167	34.8
A_MP	415	202	A	0	0	202	36.1
A_MP	416	176	C	0	0	176	35.9
A_MP	417	200	C	0	0	200	34.5
A_MP	418	174	G	0	0	174	35.9
A_MP	419	179	C	0	0	179	35.9
A_MP	420	184	A	0	0	184	35.4
A_MP	421	176	G	0	0	176	37.0
A_MP	422	173	A	0	0	173	35.4
A_MP	423	213	A	0	0	213	35.8
A_MP	424	180	G	0	0	180	34.5
A_MP	425	175	T	0	0	175	37.2
A_MP	426	156	G	0	0	156	36.9
A_MP	427	160	G	0	0	160	35.7
A_MP	428	175	C	0	0	175	35.0
A_MP	429	176	A	0	0	176	37.8
A_MP	430	161	T	0	0	161	36.7
A_MP	431	170	T	0	0	170	36.6
A_MP	432	150	G	0	0	150	35.4
A_MP	433	160	G	0	0	160	36.4
A_MP	434	159	G	0	0	159	36.9
A_MP	435	166	C	0	0	166	35.7
A_MP	436	173	C	0	0	173	34.7
A_MP	437	154	T	0	0	154	34.1
A_MP	438	160	A	0	0	160	35.3
A_MP	439	155	G	0	0	155	35.4
A_MP	440	153	T	0	0	153	36.9
A_MP	441	173	G	0	0	173	34.5
A_MP	442	159	T	0	0	159	36.2
A_MP	443	161	G	0	0	161	35.7
A_MP	444	141	T	0	0	141	34.5
A_MP	445	151	G	0	0	151	34.7
A_MP	446	143	C	0	0	143	37.0
A_MP	447	133	C	0	0	133	36.5
A_MP	448	139	A	0	0	139	34.9
A_MP	449	138	C	0	0	138	35.9
A_MP	450	144	C	0	0	144	37.0
A_MP	451	143	T	0	0	143	35.9
A_MP	452	142	G	0	0	142	35.3
A_MP	453	127	T	0	0	127	36.0
A_MP	454	136	G	0	0	136	34.3
A_MP	455	135	A	0	0	135	36.8
A_MP	456	125	G	0	0	125	36.0
A_MP	457	152	C	0	0	152	36.7
A_MP	458	140	A	0	0	140	37.9
A_MP	459	123	G	0	0	123	37.7
A_MP	460	124	A	0	0	124	36.3
A_MP	461	140	T	0	0	140	37.4
A_MP	462	122	T	0	0	122	35.4
A_MP	463	103	G	0	0	103	36.3
A_MP	464	126	C	0	0	126	34.4
A_MP	465	122	T	0	0	122	35.7
A_MP	466	123	G	0	0	123	35.2
A_MP	467	132	A	0	0	132	36.3
A_MP	468	135	T	0	0	135	36.1
A_MP	469	118	T	0	0	118	34.1
A_MP	470	103	C	0	0	103	36.1
A_MP	471	118	A	0	0	118	34.9
A_MP	472	122	C	0	0	122	34.4
A_MP	473	105	A	0	0	105	34.7
A_MP	474	112	G	0	0	112	34.3
A_MP	475	116	C	0	0	116	36.8
A_MP	476	118	A	0	0	118	36.5
A_MP	477	106	T	0	0	106	36.2
A_MP	478	114	C	0	0	114	36.6
A_MP	479	103	G	0	0	103	37.9
A_MP	480	112	G	0	0	112	34.6
A_MP	481	100	T	0	0	100	35.0
A_MP	482	105	C	0	0	105	37.9
A_MP	483	83	T	0	0	83	36.4
A_MP	484	103	C	0	0	103	34.2
A_MP	485	103	A	0	0	103	35.0
A_MP	486	100	C	0	0	100	34.9
A_MP	487	108	A	0	0	108	35.4
A_MP	488	102	G	0	0	102	37.7
A_MP	489	106	A	0	0	106	36.4
A_MP	490	99	C	0	0	99	36.2
A_MP	491	96	A	0	0	96	36.7
A_MP	492	97	G	0	0	97	34.1
A_MP	493	95	A	0	0	95	37.0
A_MP	494	99	T	0	0	99	36.2
A_MP	495	90	A	0	0	90	34.6
A_MP	496	92	G	0	0	92	37.8
A_MP	497	95	C	0	0	95	37.0
A_MP	498	96	T	0	0	96	35.4
A_MP	499	98	A	0	0	98	37.9
A_MP	500	94	C	0	0	94	36.5
A_MP	501	107	C	0	0	107	35.4
A_MP	502	103	A	0	0	103	34.2
A_MP	503	93	C	0	0	93	37.8
A_MP	504	99	C	0	0	99	36.6
A_MP	505	95	A	0	0	95	37.2
A_MP	506	94	C	0	0	94	37.1
A_MP	507	97	C	0	0	97	35.8
A_MP	508	112	A	0	0	112	34.7
A_MP	509	93	A	0	0	93	37.7
A_MP	510	100	C	0	0	100	35.1
A_MP	511	110	C	0	0	110	35.0
A_MP	512	99	C	0	0	99	36.5
A_MP	513	101	A	0	0	101	35.8
A_MP	514	104	C	0	0	104	36.6
A_MP	515	114	T	0	0	114	37.9
A_MP	516	103	G	0	0	103	34.0
A_MP	517	114	A	0	0	114	36.4
A_MP	518	102	T	0	0	102	35.3
A_MP	519	106	C	0	0	106	37.3
A_MP	520	122	A	0	0	122	35.8
A_MP	521	107	G	0	0	107	36.4
A_MP	522	111	A	0	0	111	36.8
A_MP	523	109	C	0	0	109	35.5
A_MP	524	117	A	0	0	117	36.9
A_MP	525	115	T	0	0	115	36.7
A_MP	526	120	G	0	0	120	37.5
A_MP	527	116	A	0	0	116	34.1
A_MP	528	107	A	0	0	107	36.5
A_MP	529	117	A	0	0	117	37.9
A_MP	530	120	A	0	0	120	34.6
A_MP	531	126	C	0	0	126	34.2
A_MP	532	128	A	0	0	128	36.1
A_MP	533	112	G	0	0	112	38.0
A_MP	534	113	A	0	0	113	36.7
A_MP	535	126	A	0	0	126	35.6
A_MP	536	124	T	0	0	124	35.5
A_MP	537	129	G	0	0	129	37.6
A_MP	538	137	G	0	0	137	35.8
A_MP	539	124	T	0	0	124	35.0
A_MP	540	126	T	0	0	126	35.9
A_MP	541	129	T	0	0	129	35.0
A_MP	542	123	T	0	0	123	37.8
A_MP	543	127	G	0	0	127	36.2
A_MP	544	132	G	0	0	132	37.0
A_MP	545	135	C	0	0	135	37.6
A_MP	546	140	C	0	0	140	36.7
A_MP	547	127	A	0	0	127	34.2
A_MP	548	136	G	0	0	136	34.5
A_MP	549	124	T	0	0	124	35.3
A_MP	550	138	A	0	0	138	37.4
A_MP	551	146	C	0	0	146	34.7
A_MP	552	145	T	0	0	145	34.5
A_MP	553	141	A	0	0	141	36.6
A_MP	554	156	C	0	0	156	35.4
A_MP	555	137	A	0	0	137	36.9
A_MP	556	156	G	0	0	156	34.4
A_MP	557	141	C	0	0	141	37.0
A_MP	558	123	T	0	0	123	34.5
A_MP	559	167	A	0	0	167	36.7
A_MP	560	149	A	0	0	149	35.1
A_MP	561	153	G	0	0	153	35.3
A_MP	562	150	G	0	0	150	34.3
A_MP	563	149	C	0	0	149	36.5
A_MP	564	137	T	0	0	137	35.0
A_MP	565	150	A	0	0	150	35.0
A_MP	566	146	T	0	0	146	36.8
A_MP	567	160	G	0	0	160	37.1
A_MP	568	133	G	0	0	133	37.5
A_MP	569	151	A	0	0	151	35.7
A_MP	570	140	G	0	0	140	36.7
A_MP	571	167	C	0	0	167	34.2
A_MP	572	154	A	0	0	154	35.9
A_MP	573	148	G	0	0	148	36.2
A_MP	574	147	A	0	0	147	36.7
A_MP	575	152	T	0	0	152	34.7
A_MP	576	159	G	0	0	159	36.5
A_MP	577	134	G	0	0	134	34.7
A_MP	578	143	C	0	0	143	35.4
A_MP	579	154	T	0	0	154	37.9
A_MP	580	151	G	0	0	151	38.0
A_MP	581	160	G	0	0	160	35.9
A_MP	582	164	A	0	0	164	34.4
A_MP	583	146	T	0	0	146	37.4
A_MP	584	153	C	0	0	153	37.3
A_MP	585	157	G	0	0	157	34.2
A_MP	586	158	A	0	0	158	37.2
A_MP	587	143	G	0	0	143	36.9
A_MP	588	143	T	0	0	143	34.5
A_MP	589	141	G	0	0	141	35.5
A_MP	590	141	A	0	0	141	35.2
A_MP	591	147	G	0	0	147	34.0
A_MP	592	139	C	0	0	139	36.0
A_MP	593	138	A	0	0	138	36.1
A_MP	594	129	A	0	0	129	35.3
A_MP	595	155	G	0	0	155	35.4
A_MP	596	172	C	0	0	172	35.0
A_MP	597	137	A	0	0	137	37.6
A_MP	598	147	G	0	0	147	35.7
A_MP	599	143	T	0	0	143	35.7
A_MP	600	136	G	0	0	136	36.9
A_MP	601	138	G	0	0	138	37.0
A_MP	602	139	A	0	0	139	34.2
A_MP	603	150	A	0	0	150	36.5
A_MP	604	130	G	0	0	130	34.9
A_MP	605	146	C	0	0	146	37.8
A_MP	606	147	C	0	0	147	34.9
A_MP	607	145	A	0	0	145	36.5
A_MP	608	145	T	0	0	145	37.7
A_MP	609	140	G	0	0	140	34.2
A_MP	610	135	G	0	0	135	35.5
A_MP	611	141	A	0	0	141	37.5
A_MP	612	127	G	0	0	127	35.7
A_MP	613	150	G	0	0	150	35.1
A_MP	614	143	T	0	0	143	37.0
A_MP	615	153	T	0	0	153	36.7
A_MP	616	143	G	0	0	143	35.0
A_MP	617	144	C	0	0	144	37.1
A_MP	618	135	T	0	0	135	37.5
A_MP	619	140	A	0	0	140	34.4
A_MP	620	144	G	0	0	144	37.8
A_MP	621	135	T	0	0	135	34.8
A_MP	622	138	C	0	0	138	37.8
A_MP	623	133	A	0	0	133	34.7
A_MP	624	152	G	0	0	152	37.5
A_MP	625	148	G	0	0	148	37.7
A_MP	626	141	C	0	0	141	35.4
A_MP	627	139	T	0	0	139	35.7
A_MP	628	164	A	0	0	164	35.4
A_MP	629	143	G	0	0	143	34.6
A_MP	630	147	G	0	0	147	37.2
A_MP	631	143	C	0	0	143	34.7
A_MP	632	161	A	0	0	161	37.1
A_MP	633	146	G	0	0	146	37.1
A_MP	634	148	A	0	0	148	36.5
A_MP	635	140	T	0	0	140	37.7
A_MP	636	142	G	0	0	142	36.5
A_MP	637	151	G	0	0	151	34.0
A_MP	638	146	T	0	0	146	36.0
A_MP	639	141	G	0	0	141	36.6
A_MP	640	161	C	0	0	161	36.4
A_MP	641	159	A	0	0	159	35.0
A_MP	642	128	G	0	0	128	34.1
A_MP	643	161	G	0	0	161	35.2
A_MP	644	149	C	0	0	149	34.4
A_MP	645	141	G	0	0	141	35.3
A_MP	646	166	A	0	0	166	35.5
A_MP	647	160	T	0	0	160	36.4
A_MP	648	164	G	0	0	164	37.5
A_MP	649	173	A	0	0	173	34.8
A_MP	650	165	G	0	0	165	36.7
A_MP	651	177	G	0	0	177	38.0
A_MP	652	167	A	0	0	167	36.9
A_MP	653	155	C	0	0	155	37.5
A_MP	654	153	C	0	0	153	36.1
A_MP	655	173	A	0	0	173	34.8
A_MP	656	170	T	0	0	170	36.3
A_MP	657	175	T	0	0	175	37.3
A_MP	658	160	G	0	0	160	37.7
A_MP	659	182	G	0	0	182	35.9
A_MP	660	174	A	0	0	174	34.0
A_MP	661	179	A	0	0	179	34.2
A_MP	662	162	C	0	0	162	38.0
A_MP	663	182	T	0	0	182	35.9
A_MP	664	173	C	0	0	173	34.7
A_MP	665	171	A	0	0	171	34.1
A_MP	666	168	T	0	0	168	35.3
A_MP	667	179	C	0	0	179	37.5
A_MP	668	177	C	0	0	177	35.9
A_MP	669	159	T	0	0	159	35.3
A_MP	670	180	A	0	0	180	36.7
A_MP	671	183	G	0	0	183	36.8
A_MP	672	171	C	0	0	171	37.2
A_MP	673	196	T	0	0	196	35.8
A_MP	674	195	C	0	0	195	34.7
A_MP	675	174	C	0	0	174	34.1
A_MP	676	198	A	0	0	198	34.2
A_MP	677	190	G	0	0	190	36.9
A_MP	678	184	T	0	0	184	37.8
A_MP	679	186	G	0	0	186	34.9
A_MP	680	192	C	0	0	192	34.3
A_MP	681	170	C	0	0	170	36.6
A_MP	682	207	G	0	0	207	34.6
A_MP	683	215	G	0	0	215	35.6
A_MP	684	199	T	0	0	199	37.3
A_MP	685	174	C	0	0	174	34.9
A_MP	686	210	T	0	0	210	34.7
A_MP	687	193	G	0	0	193	35.2
A_MP	688	189	A	0	0	189	35.4
A_MP	689	173	G	0	0	173	36.3
A_MP	690	206	A	0	0	206	36.4
A_MP	691	190	G	0	0	190	35.3
A_MP	692	219	A	0	0	219	37.0
A_MP	693	188	T	0	0	188	34.4
A_MP	694	180	G	0	0	180	34.8
A_MP	695	199	A	0	0	199	34.3
A_MP	696	197	T	0	0	197	37.9
A_MP	697	205	C	0	0	205	34.1
A_MP	698	210	T	0	0	210	36.0
A_MP	699	197	C	0	0	197	36.1
A_MP	700	193	C	0	0	193	34.0
A_MP	701	185	T	0	0	185	35.8
A_MP	702	193	T	0	0	193	35.3
A_MP	703	199	G	0	0	199	37.1
A_MP	704	204	A	0	0	204	36.8
A_MP	705	208	A	0	0	208	36.1
A_MP	706	188	A	0	0	188	37.0
A_MP	707	202	A	0	0	202	37.6
A_MP	708	199	T	0	0	199	34.8
A_MP	709	200	T	0	0	200	34.6
A_MP	710	170	T	0	0	170	34.0
A_MP	711	202	G	0	0	202	35.0
A_MP	712	190	C	0	0	190	34.9
A_MP	713	203	A	0	0	203	35.5
A_MP	714	193	G	0	0	193	37.1
A_MP	715	183	G	0	0	183	34.5
A_MP	716	194	C	0	0	194	37.5
A_MP	717	202	C	0	0	202	36.8
A_MP	718	178	T	0	0	178	37.0
A_MP	719	185	A	0	0	185	35.1
A_MP	720	173	C	0	0	173	37.0
A_MP	721	199	C	0	0	199	34.0
A_MP	722	202	A	0	0	202	36.2
A_MP	723	180	A	0	0	180	35.8
A_MP	724	170	A	0	0	170	35.8
A_MP	725	177	A	0	0	177	36.6
A_MP	726	176	A	0	0	176	37.1
A_MP	727	179	C	0	0	179	34.3
A_MP	728	182	G	0	0	182	36.2
A_MP	729	169	G	0	0	169	36.2
A_MP	730	167	A	0	0	167	36.6
A_MP	731	186	T	0	0	186	36.6
A_MP	732	170	G	0	0	170	35.5
A_MP	733	157	G	0	0	157	36.0
A_MP	734	164	G	0	0	164	34.9
A_MP	735	154	A	0	0	154	35.6
A_MP	736	159	G	0	0	159	36.3
A_MP	737	179	T	0	0	179	37.4
A_MP	738	164	G	0	0	164	37.2
A_MP	739	168	C	0	0	168	34.1
A_MP	740	153	A	0	0	153	37.8
A_MP	741	157	A	0	0	157	35.8
A_MP	742	151	C	0	0	151	35.2
A_MP	743	168	T	0	0	168	36.3
A_MP	744	160	G	0	0	160	34.2
A_MP	745	160	C	0	0	160	37.5
A_MP	746	144	A	0	0	144	35.7
A_MP	747	139	G	0	0	139	34.6
A_MP	748	146	C	0	0	146	35.2
A_MP	749	139	G	0	0	139	35.4
A_MP	750	143	A	0	0	143	34.0
A_MP	751	146	T	0	0	146	34.6
A_MP	752	135	T	0	0	135	34.7
A_MP	753	136	C	0	0	136	35.4
A_MP	754	130	A	0	0	130	36.6
A_MP	755	127	A	0	0	127	34.5
A_MP	756	135	G	0	0	135	34.7
A_MP	757	129	T	0	0	129	37.6
A_MP	758	148	G	0	0	148	36.6
A_MP	759	133	A	0	0	133	37.1
A_MP	760	140	T	0	0	140	35.7
A_MP	761	119	C	0	0	119	38.0
A_MP	762	125	C	0	0	125	37.4
A_MP	763	124	T	0	0	124	37.2
A_MP	764	126	C	0	0	126	36.3
A_MP	765	116	T	0	0	116	36.4
A_MP	766	132	C	0	0	132	35.6
A_MP	767	127	G	0	0	127	37.0
A_MP	768	125	T	0	0	125	35.5
A_MP	769	121	T	0	0	121	37.0
A_MP	770	120	A	0	0	120	35.5
A_MP	771	123	T	0	0	123	37.5
A_MP	772	111	T	0	0	111	34.3
A_MP	773	113	G	0	0	113	36.6
A_MP	774	129	C	0	0	129	36.2
A_MP	775	118	C	0	0	118	36.4
A_MP	776	123	G	0	0	123	35.2
A_MP	777	113	C	0	0	113	35.4
A_MP	778	120	A	0	0	120	34.1
A_MP	779	117	A	0	0	117	37.1
A_MP	780	113	G	0	0	113	35.0
A_MP	781	118	T	0	0	118	37.8
A_MP	782	108	A	0	0	108	36.4
A_MP	783	101	T	0	0	101	35.5
A_MP	784	112	C	0	0	112	35.5
A_MP	785	125	A	0	0	125	37.3
A_MP	786	124	T	0	0	124	37.7
A_MP	787	119	T	0	0	119	37.0
A_MP	788	113	G	0	0	113	35.4
A_MP	789	112	G	0	0	112	34.6
A_MP	790	116	G	0	0	116	37.6
A_MP	791	122	A	0	0	122	35.8
A_MP	792	121	T	0	0	121	34.4
A_MP	793	117	C	0	0	117	34.3
A_MP	794	124	T	0	0	124	34.3
A_MP	795	111	T	0	0	111	35.8
A_MP	796	127	G	0	0	127	37.0
A_MP	797	114	C	0	0	114	34.1
A_MP	798	105	A	0	0	105	34.5
A_MP	799	117	C	0	0	117	35.4
A_MP	800	117	T	0	0	117	35.3
A_MP	801	129	T	0	0	129	34.8
A_MP	802	114	G	0	0	114	37.5
A_MP	803	119	A	0	0	119	37.4
A_MP	804	127	T	0	0	127	37.7
A_MP	805	127	A	0	0	127	36.5
A_MP	806	121	T	0	0	121	35.5
A_MP	807	117	T	0	0	117	37.1
A_MP	808	116	G	0	0	116	36.3
A_MP	809	125	T	0	0	125	37.9
A_MP	810	136	G	0	0	136	35.5
A_MP	811	131	G	0	0	131	34.4
A_MP	812	103	A	0	0	103	34.2
A_MP	813	116	T	0	0	116	36.8
A_MP	814	138	T	0	0	138	36.9
A_MP	815	131	C	0	0	131	36.3
A_MP	816	129	T	0	0	129	34.1
A_MP	817	128	T	0	0	128	35.9
A_MP	818	129	G	0	0	129	37.6
A_MP	819	133	A	0	0	133	34.6
A_MP	820	136	T	0	0	136	36.2
A_MP	821	133	C	0	0	133	37.6
A_MP	822	144	G	0	0	144	35.0
A_MP	823	120	C	0	0	120	36.5
A_MP	824	132	C	0	0	132	37.7
A_MP	825	136	T	0	0	136	34.4
A_MP	826	124	T	0	0	124	37.1
A_MP	827	129	T	0	0	129	34.9
A_MP	828	140	T	0	0	140	37.3
A_MP	829	117	C	0	0	117	37.8
A_MP	830	131	T	0	0	131	36.2
A_MP	831	130	T	0	0	130	34.7
A_MP	832	124	C	0	0	124	36.6
A_MP	833	132	A	0	0	132	35.4
A_MP	834	138	A	0	0	138	38.0
A_MP	835	141	A	0	0	141	34.5
A_MP	836	139	T	0	0	139	36.9
A_MP	837	147	G	0	0	147	34.0
A_MP	838	131	C	0	0	131	35.9
A_MP	839	145	G	0	0	145	36.5
A_MP	840	129	T	0	0	129	37.2
A_MP	841	154	T	0	0	154	35.9
A_MP	842	133	T	0	0	133	36.7
A_MP	843	135	A	0	0	135	34.8
A_MP	844	133	T	0	0	133	34.4
A_MP	845	146	C	0	0	146	34.0
A_MP	846	143	G	0	0	143	36.5
A_MP	847	125	T	0	0	125	36.7
A_MP	848	151	C	0	0	151	37.1
A_MP	849	135	G	0	0	135	36.7
A_MP	850	132	C	0	0	132	35.4
A_MP	851	145	C	0	0	145	37.4
A_MP	852	133	T	0	0	133	37.9
A_MP	853	138	T	0	0	138	36.9
A_MP	854	142	A	0	0	142	34.9
A_MP	855	139	A	0	0	139	36.4
A_MP	856	138	A	0	0	138	35.7
A_MP	857	136	T	0	0	136	37.3
A_MP	858	136	A	0	0	136	34.4
A_MP	859	129	C	0	0	129	36.1
A_MP	860	141	G	0	0	141	37.2
A_MP	861	134	G	0	0	134	36.6
A_MP	862	128	T	0	0	128	36.5
A_MP	863	127	T	0	0	127	35.9
A_MP	864	129	C	0	0	129	34.9
A_MP	865	133	G	0	0	133	36.2
A_MP	866	123	A	0	0	123	37.0
A_MP	867	116	A	0	0	116	34.5
A_MP	868	125	A	0	0	125	37.0
A_MP	869	131	G	0	0	131	34.8
A_MP	870	122	G	0	0	122	34.8
A_MP	871	124	A	0	0	124	37.8
A_MP	872	124	G	0	0	124	37.3
A_MP	873	134	G	0	0	134	35.9
A_MP	874	130	G	0	0	130	37.6
A_MP	875	138	C	0	0	138	37.8
A_MP	876	126	C	0	0	126	36.8
A_MP	877	129	T	0	0	129	36.7
A_MP	878	120	T	0	0	120	36.2
A_MP	879	117	C	0	0	117	34.8
A_MP	880	125	T	0	0	125	34.2
A_MP	881	125	A	0	0	125	36.1
A_MP	882	123	C	0	0	123	37.6
A_MP	883	123	G	0	0	123	36.1
A_MP	884	117	G	0	0	117	37.0
A_MP	885	116	A	0	0	116	34.2
A_MP	886	122	A	0	0	122	37.4
A_MP	887	121	G	0	0	121	36.3
A_MP	888	115	G	0	0	115	38.0
A_MP	889	108	A	0	0	108	37.3
A_MP	890	127	G	0	0	127	35.6
A_MP	891	110	T	0	0	110	35.2
A_MP	892	114	A	0	0	114	34.6
A_MP	893	115	C	0	0	115	34.2
A_MP	894	106	C	0	0	106	36.5
A_MP	895	118	T	0	0	118	34.4
A_MP	896	118	G	0	0	118	36.3
A_MP	897	114	A	0	0	114	37.0
A_MP	898	126	G	0	0	126	36.2
A_MP	899	121	T	0	0	121	38.0
A_MP	900	111	C	0	0	111	35.7
A_MP	901	109	C	0	0	109	35.4
A_MP	902	118	A	0	0	118	34.5
A_MP	903	113	T	0	0	113	37.9
A_MP	904	124	G	0	0	124	34.5
A_MP	905	118	A	0	0	118	35.0
A_MP	906	115	G	0	0	115	37.6
A_MP	907	119	G	0	0	119	34.3
A_MP	908	114	G	0	0	114	34.4
A_MP	909	123	A	0	0	123	37.4
A_MP	910	115	A	0	0	115	34.9
A_MP	911	113	G	0	0	113	37.6
A_MP	912	128	A	0	0	128	35.8
A_MP	913	116	G	0	0	116	35.1
A_MP	914	122	T	0	0	122	38.0
A_MP	915	125	A	0	0	125	36.1
A_MP	916	134	C	0	0	134	36.2
A_MP	917	128	C	0	0	128	36.0
A_MP	918	127	G	0	0	127	35.9
A_MP	919	116	G	0	0	116	35.6
A_MP	920	133	C	0	0	133	37.8
A_MP	921	129	A	0	0	129	35.5
A_MP	922	142	G	0	0	142	37.2
A_MP	923	124	G	0	0	124	35.0
A_MP	924	131	A	0	0	131	37.6
A_MP	925	133	A	0	0	133	36.3
A_MP	926	114	C	0	0	114	35.4
A_MP	927	135	A	0	0	135	35.0
A_MP	928	107	G	0	0	107	35.0
A_MP	929	127	C	0	0	127	36.8
A_MP	930	127	A	0	0	127	34.2
A_MP	931	120	G	0	0	120	36.9
A_MP	932	114	A	0	0	114	36.4
A_MP	933	110	G	0	0	110	36.0
A_MP	934	99	T	0	0	99	36.0
A_MP	935	122	G	0	0	122	35.9
A_MP	936	107	C	0	0	107	36.8
A_MP	937	111	T	0	0	111	37.5
A_MP	938	104	G	0	0	104	35.4
A_MP	939	105	T	0	0	105	34.3
A_MP	940	118	G	0	0	118	37.1
A_MP	941	113	G	0	0	113	36.4
A_MP	942	109	G	0	0	109	34.9
A_MP	943	109	T	0	0	109	36.0
A_MP	944	104	G	0	0	104	37.7
A_MP	945	106	T	0	0	106	36.4
A_MP	946	96	T	0	0	96	37.3
A_MP	947	95	G	0	0	95	37.6
A_MP	948	102	A	0	0	102	35.6
A_MP	949	91	C	0	0	91	37.2
A_MP	950	79	G	0	0	79	36.4
A_MP	951	84	A	0	0	84	36.7
A_MP	952	85	T	0	0	85	37.5
A_MP	953	80	G	0	0	80	34.0
A_MP	954	73	G	0	0	73	37.8
A_MP	955	92	T	0	0	92	35.0
A_MP	956	79	C	0	0	79	34.1
A_MP	957	77	A	0	0	77	35.2
A_MP	958	71	T	0	0	71	34.7
A_MP	959	63	T	0	0	63	34.2
A_MP	960	66	T	0	0	66	35.1
A_MP	961	63	T	0	0	63	36.5
A_MP	962	60	G	0	0	60	36.8
A_MP	963	66	T	0	0	66	36.2
A_MP	964	55	C	0	0	55	35.4
A_MP	965	49	A	0	0	49	37.8
A_MP	966	45	A	0	0	45	36.2
A_MP	967	48	C	0	0	48	34.5
A_MP	968	47	A	0	0	47	36.3
A_MP	969	42	T	0	0	42	35.3
A_MP	970	38	A	0	0	38	36.4
A_MP	971	34	G	0	0	34	35.9
A_MP	972	34	A	0	0	34	37.5
A_MP	973	32	G	0	0	32	34.3
A_MP	974	28	C	0	0	28	35.1
A_MP	975	22	T	0	0	22	34.1
A_MP	976	19	G	0	0	19	37.7
A_MP	977	15	G	0	0	15	34.5
A_MP	978	13	A	0	0	13	37.3
A_MP	979	10	G	0	0	10	37.8
A_MP	980	7	T	0	0	7	37.2
A_MP	981	3	A	0	0	3	36.1
A_MP	982	0	A	0	0	0	34.2
