Reference_Name	Position	Coverage Depth	Consensus	Deletions	Ambiguous	Consensus_Count	Consensus_Average_Quality
A_NA	1	1	A	0	0	1	35.7
A_NA	2	3	T	0	0	3	35.2
A_NA	3	4	G	0	0	4	35.8
A_NA	4	5	A	0	0	5	36.9
A_NA	5	7	A	0	0	7	34.3
A_NA	6	8	T	0	0	8	37.1
A_NA	7	9	C	0	0	9	35.3
A_NA	8	11	C	0	0	11	34.7
A_NA	9	11	A	0	0	11	34.6
A_NA	10	12	A	0	0	12	35.0
A_NA	11	15	A	0	0	15	35.7
A_NA	12	15	T	0	0	15	36.7
A_NA	13	16	C	0	0	16	34.8
A_NA	14	17	A	0	0	17	35.2
A_NA	15	20	A	0	0	20	37.8
A_NA	16	21	A	0	0	21	35.9
A_NA	17	21	G	0	0	21	35.9
A_NA	18	20	G	0	0	20	34.2
A_NA	19	25	A	0	0	25	36.7
A_NA	20	23	T	0	0	23	35.1
A_NA	21	25	A	0	0	25	34.3
A_NA	22	26	A	0	0	26	34.2
A_NA	23	28	T	0	0	28	37.9
A_NA	24	32	A	0	0	32	34.3
A_NA	25	30	A	0	0	30	34.5
A_NA	26	35	C	0	0	35	35.3
A_NA	27	35	C	0	0	35	37.1
A_NA	28	34	A	0	0	34	35.9
A_NA	29	33	C	0	0	33	36.0
A_NA	30	37	T	0	0	37	35.5
A_NA	31	35	G	0	0	35	37.2
A_NA	32	39	G	0	0	39	36.3
A_NA	33	45	A	0	0	45	36.8
A_NA	34	37	T	0	0	37	37.0
A_NA	35	43	C	0	0	43	37.5
A_NA	36	40	A	0	0	40	36.4
A_NA	37	44	A	0	0	44	34.9
A_NA	38	46	T	0	0	46	36.8
A_NA	39	43	C	0	0	43	35.4
A_NA	40	49	T	0	0	49	35.5
A_NA	41	50	G	0	0	50	37.9
A_NA	42	51	T	0	0	51	36.6
A_NA	43	51	A	0	0	51	34.5
A_NA	44	48	T	0	0	48	36.8
A_NA	45	51	G	0	0	51	37.2
A_NA	46	49	G	0	0	49	34.1
A_NA	47	57	T	0	0	57	34.7
A_NA	48	57	A	0	0	57	35.6
A_NA	49	52	A	0	0	52	37.6
A_NA	50	57	T	0	0	57	35.9
A_NA	51	53	T	0	0	53	37.6
A_NA	52	60	G	0	0	60	34.2
A_NA	53	58	G	0	0	58	34.0
A_NA	54	55	G	0	0	55	35.0
A_NA	55	56	A	0	0	56	36.0
A_NA	56	59	T	0	0	59	37.9
A_NA	57	56	A	0	0	56	37.9
A_NA	58	70	G	0	0	70	35.8
A_NA	59	62	T	0	0	62	35.5
A_NA	60	59	C	0	0	59	36.7
A_NA	61	65	A	0	0	65	34.4
A_NA	62	75	G	0	0	75	37.0
A_NA	63	72	C	0	0	72	36.1
A_NA	64	79	T	0	0	79	36.5
A_NA	65	71	T	0	0	71	37.8
A_NA	66	67	G	0	0	67	35.8
A_NA	67	74	A	0	0	74	36.5
A_NA	68	73	T	0	0	73	34.2
A_NA	69	76	G	0	0	76	34.3
A_NA	70	70	C	0	0	70	37.8
A_NA	71	79	T	0	0	79	37.7
A_NA	72	82	G	0	0	82	34.0
A_NA	73	80	C	0	0	80	34.4
A_NA	74	86	A	0	0	86	35.8
A_NA	75	77	A	0	0	77	35.6
A_NA	76	89	A	0	0	89	37.9
A_NA	77	81	T	0	0	81	36.9
A_NA	78	87	T	0	0	87	35.8
A_NA	79	90	G	0	0	90	34.1
A_NA	80	84	G	0	0	84	34.8
A_NA	81	83	G	0	0	83	36.1
A_NA	82	86	A	0	0	86	37.2
A_NA	83	88	A	0	0	88	37.9
A_NA	84	100	C	0	0	100	34.8
A_NA	85	87	A	0	0	87	34.9
A_NA	86	79	T	0	0	79	34.2
A_NA	87	91	A	0	0	91	37.6
A_NA	88	85	A	0	0	85	34.2
A_NA	89	82	T	0	0	82	36.5
A_NA	90	90	C	0	0	90	36.0
A_NA	91	79	T	0	0	79	35.0
A_NA	92	86	C	0	0	86	34.8
A_NA	93	89	A	0	0	89	35.3
A_NA	94	87	A	0	0	87	36.8
A_NA	95	95	T	0	0	95	36.6
A_NA	96	97	A	0	0	97	35.1
A_NA	97	92	T	0	0	92	35.7
A_NA	98	90	G	0	0	90	36.6
A_NA	99	109	G	0	0	109	37.2
A_NA	100	90	G	0	0	90	35.4
A_NA	101	96	T	0	0	96	37.3
A_NA	102	90	T	0	0	90	34.1
A_NA	103	90	A	0	0	90	34.9
A_NA	104	94	G	0	0	94	34.9
A_NA	105	93	C	0	0	93	34.3
A_NA	106	99	C	0	0	99	36.3
A_NA	107	91	A	0	0	91	35.6
A_NA	108	94	T	0	0	94	37.8
A_NA	109	90	T	0	0	90	36.1
A_NA	110	96	C	0	0	96	34.4
A_NA	111	91	A	0	0	91	36.6
A_NA	112	95	A	0	0	95	35.6
A_NA	113	96	T	0	0	96	38.0
A_NA	114	86	C	0	0	86	37.7
A_NA	115	93	C	0	0	93	37.6
A_NA	116	99	A	0	0	99	34.5
A_NA	117	83	A	0	0	83	36.5
A_NA	118	81	A	0	0	81	37.9
A_NA	119	93	C	0	0	93	36.5
A_NA	120	97	A	0	0	97	35.6
A_NA	121	88	G	0	0	88	37.1
A_NA	122	95	G	0	0	95	35.0
A_NA	123	89	G	0	0	89	34.7
A_NA	124	97	A	0	0	97	34.6
A_NA	125	97	A	0	0	97	36.9
A_NA	126	101	T	0	0	101	34.1
A_NA	127	102	C	0	0	102	36.0
A_NA	128	85	A	0	0	85	37.2
A_NA	129	109	A	0	0	109	34.5
A_NA	130	90	T	0	0	90	36.5
A_NA	131	94	A	0	0	94	36.0
A_NA	132	106	C	0	0	106	34.4
A_NA	133	86	C	0	0	86	37.1
A_NA	134	92	A	0	0	92	37.0
A_NA	135	102	G	0	0	102	34.3
A_NA	136	103	C	0	0	103	35.1
A_NA	137	91	C	0	0	91	35.6
A_NA	138	108	T	0	0	108	37.3
A_NA	139	102	G	0	0	102	37.3
A_NA	140	86	A	0	0	86	34.1
A_NA	141	86	A	0	0	86	37.3
A_NA	142	99	C	0	0	99	34.6
A_NA	143	96	C	0	0	96	36.7
A_NA	144	90	A	0	0	90	34.1
A_NA	145	93	T	0	0	93	34.7
A_NA	146	103	G	0	0	103	35.2
A_NA	147	96	C	0	0	96	34.2
A_NA	148	95	A	0	0	95	35.7
A_NA	149	97	A	0	0	97	37.8
A_NA	150	95	T	0	0	95	37.0
A_NA	151	84	C	0	0	84	35.6
A_NA	152	91	A	0	0	91	35.5
A_NA	153	94	A	0	0	94	37.1
A_NA	154	104	A	0	0	104	37.9
A_NA	155	91	G	0	0	91	34.8
A_NA	156	89	C	0	0	89	35.1
A_NA	157	95	A	0	0	95	34.6
A_NA	158	97	T	0	0	97	36.2
A_NA	159	95	C	0	0	95	34.1
A_NA	160	93	A	0	0	93	37.1
A_NA	161	98	T	0	0	98	37.7
A_NA	162	88	T	0	0	88	35.0
A_NA	163	88	G	0	0	88	36.5
A_NA	164	97	C	0	0	97	34.2
A_NA	165	95	C	0	0	95	36.7
A_NA	166	98	T	0	0	98	37.8
A_NA	167	92	A	0	0	92	35.6
A_NA	168	86	T	0	0	86	36.7
A_NA	169	89	G	0	0	89	36.9
A_NA	170	82	A	0	0	82	34.3
A_NA	171	82	G	0	0	82	36.6
A_NA	172	98	A	0	0	98	36.7
A_NA	173	91	A	0	0	91	36.5
A_NA	174	93	C	0	0	93	34.5
A_NA	175	86	A	0	0	86	35.9
A_NA	176	81	A	0	0	81	37.7
A_NA	177	82	C	0	0	82	34.0
A_NA	178	85	A	0	0	85	34.4
A_NA	179	82	C	0	0	82	34.8
A_NA	180	86	C	0	0	86	34.5
A_NA	181	82	T	0	0	82	34.1
A_NA	182	79	G	0	0	79	35.9
A_NA	183	87	G	0	0	87	35.8
A_NA	184	86	G	0	0	86	37.9
A_NA	185	82	T	0	0	82	37.6
A_NA	186	85	A	0	0	85	37.3
A_NA	187	85	A	0	0	85	36.8
A_NA	188	82	A	0	0	82	34.5
A_NA	189	74	T	0	0	74	35.0
A_NA	190	79	C	0	0	79	35.2
A_NA	191	82	A	0	0	82	34.6
A_NA	192	92	G	0	0	92	37.7
A_NA	193	94	A	0	0	94	34.7
A_NA	194	71	C	0	0	71	35.0
A_NA	195	80	G	0	0	80	35.4
A_NA	196	80	T	0	0	80	35.7
A_NA	197	85	A	0	0	85	37.4
A_NA	198	75	T	0	0	75	37.7
A_NA	199	82	G	0	0	82	37.1
A_NA	200	74	T	0	0	74	37.7
A_NA	201	76	C	0	0	76	36.7
A_NA	202	71	A	0	0	71	36.5
A_NA	203	68	A	0	0	68	34.3
A_NA	204	75	C	0	0	75	35.7
A_NA	205	75	A	0	0	75	34.9
A_NA	206	69	T	0	0	69	36.9
A_NA	207	68	C	0	0	68	35.5
A_NA	208	70	A	0	0	70	34.8
A_NA	209	73	A	0	0	73	37.1
A_NA	210	76	C	0	0	76	36.4
A_NA	211	73	A	0	0	73	36.3
A_NA	212	74	A	0	0	74	37.7
A_NA	213	75	T	0	0	75	34.8
A_NA	214	72	A	0	0	72	36.2
A_NA	215	75	C	0	0	75	36.2
A_NA	216	72	C	0	0	72	34.2
A_NA	217	68	A	0	0	68	37.1
A_NA	218	68	A	0	0	68	36.6
A_NA	219	64	T	0	0	64	35.0
A_NA	220	62	T	0	0	62	36.9
A_NA	221	63	T	0	0	63	36.9
A_NA	222	74	T	0	0	74	36.5
A_NA	223	66	C	0	0	66	35.0
A_NA	224	71	T	0	0	71	34.4
A_NA	225	64	T	0	0	64	35.6
A_NA	226	69	G	0	0	69	34.2
A_NA	227	57	C	0	0	57	36.8
A_NA	228	63	T	0	0	63	37.4
A_NA	229	58	G	0	0	58	37.7
A_NA	230	66	A	0	0	66	36.5
A_NA	231	58	G	0	0	58	34.4
A_NA	232	69	C	0	0	69	36.4
A_NA	233	65	A	0	0	65	36.5
A_NA	234	72	G	0	0	72	36.2
A_NA	235	63	G	0	0	63	34.2
A_NA	236	60	C	0	0	60	36.4
A_NA	237	67	T	0	0	67	37.7
A_NA	238	60	G	0	0	60	37.8
A_NA	239	65	T	0	0	65	35.9
A_NA	240	60	T	0	0	60	34.2
A_NA	241	63	A	0	0	63	37.7
A_NA	242	68	C	0	0	68	34.5
A_NA	243	57	T	0	0	57	36.8
A_NA	244	61	T	0	0	61	36.9
A_NA	245	64	C	0	0	64	36.5
A_NA	246	60	G	0	0	60	35.4
A_NA	247	66	G	0	0	66	37.9
A_NA	248	64	T	0	0	64	35.3
A_NA	249	59	A	0	0	59	37.0
A_NA	250	60	A	0	0	60	34.9
A_NA	251	60	C	0	0	60	34.7
A_NA	252	61	A	0	0	61	36.9
A_NA	253	62	T	0	0	62	36.7
A_NA	254	63	T	0	0	63	36.6
A_NA	255	68	A	0	0	68	36.4
A_NA	256	66	G	0	0	66	35.3
A_NA	257	64	C	0	0	64	38.0
A_NA	258	66	G	0	0	66	35.3
A_NA	259	66	G	0	0	66	35.9
A_NA	260	63	G	0	0	63	36.0
A_NA	261	67	C	0	0	67	36.9
A_NA	262	60	A	0	0	60	35.8
A_NA	263	58	A	0	0	58	34.7
A_NA	264	63	T	0	0	63	36.4
A_NA	265	60	T	0	0	60	35.7
A_NA	266	74	C	0	0	74	35.6
A_NA	267	59	A	0	0	59	37.2
A_NA	268	63	T	0	0	63	35.4
A_NA	269	65	C	0	0	65	37.1
A_NA	270	75	T	0	0	75	34.9
A_NA	271	60	C	0	0	60	37.3
A_NA	272	70	T	0	0	70	36.0
A_NA	273	68	T	0	0	68	34.7
A_NA	274	58	T	0	0	58	35.7
A_NA	275	65	G	0	0	65	36.2
A_NA	276	59	C	0	0	59	34.0
A_NA	277	69	C	0	0	69	35.4
A_NA	278	68	C	0	0	68	36.6
A_NA	279	70	T	0	0	70	36.0
A_NA	280	76	A	0	0	76	36.8
A_NA	281	68	T	0	0	68	35.0
A_NA	282	70	T	0	0	70	36.5
A_NA	283	74	A	0	0	74	35.0
A_NA	284	77	G	0	0	77	36.6
A_NA	285	71	T	0	0	71	37.1
A_NA	286	72	G	0	0	72	37.9
A_NA	287	74	G	0	0	74	37.1
A_NA	288	77	G	0	0	77	36.1
A_NA	289	72	T	0	0	72	35.9
A_NA	290	89	G	0	0	89	34.9
A_NA	291	78	G	0	0	78	36.5
A_NA	292	73	G	0	0	73	35.1
A_NA	293	77	C	0	0	77	36.2
A_NA	294	76	T	0	0	76	36.3
A_NA	295	83	A	0	0	83	35.3
A_NA	296	78	T	0	0	78	37.4
A_NA	297	86	A	0	0	86	37.0
A_NA	298	74	T	0	0	74	34.3
A_NA	299	77	A	0	0	77	35.7
A_NA	300	81	C	0	0	81	35.5
A_NA	301	75	A	0	0	75	36.3
A_NA	302	94	G	0	0	94	36.3
A_NA	303	77	T	0	0	77	37.5
A_NA	304	87	A	0	0	87	37.1
A_NA	305	80	A	0	0	80	37.2
A_NA	306	83	G	0	0	83	37.9
A_NA	307	82	G	0	0	82	37.8
A_NA	308	94	A	0	0	94	37.9
A_NA	309	82	C	0	0	82	35.6
A_NA	310	87	A	0	0	87	37.7
A_NA	311	83	A	0	0	83	37.6
A_NA	312	88	C	0	0	88	36.0
A_NA	313	93	G	0	0	93	35.0
A_NA	314	92	G	0	0	92	34.3
A_NA	315	89	T	0	0	89	35.6
A_NA	316	84	A	0	0	84	37.3
A_NA	317	87	T	0	0	87	36.8
A_NA	318	87	A	0	0	87	36.8
A_NA	319	99	A	0	0	99	37.2
A_NA	320	91	G	0	0	91	36.5
A_NA	321	85	A	0	0	85	37.2
A_NA	322	105	A	0	0	105	35.2
A_NA	323	101	T	0	0	101	34.4
A_NA	324	95	T	0	0	95	37.4
A_NA	325	85	G	0	0	85	34.6
A_NA	326	100	G	0	0	100	35.1
A_NA	327	103	G	0	0	103	37.2
A_NA	328	97	T	0	0	97	36.4
A_NA	329	94	C	0	0	94	34.2
A_NA	330	96	C	0	0	96	35.6
A_NA	331	99	A	0	0	99	37.7
A_NA	332	104	A	0	0	104	35.9
A_NA	333	96	G	0	0	96	34.4
A_NA	334	94	G	0	0	94	36.6
A_NA	335	106	G	0	0	106	37.4
A_NA	336	99	G	0	0	99	37.0
A_NA	337	105	G	0	0	105	36.1
A_NA	338	96	A	0	0	96	34.7
A_NA	339	119	T	0	0	119	34.5
A_NA	340	104	G	0	0	104	35.1
A_NA	341	107	T	0	0	107	37.0
A_NA	342	107	G	0	0	107	35.9
A_NA	343	118	T	0	0	118	35.0
A_NA	344	111	T	0	0	111	35.9
A_NA	345	123	T	0	0	123	37.1
A_NA	346	110	G	0	0	110	34.9
A_NA	347	103	T	0	0	103	36.4
A_NA	348	117	T	0	0	117	37.4
A_NA	349	109	A	0	0	109	34.8
A_NA	350	107	T	0	0	107	36.3
A_NA	351	114	A	0	0	114	37.0
A_NA	352	117	A	0	0	117	35.8
A_NA	353	106	G	0	0	106	34.0
A_NA	354	118	G	0	0	118	37.0
A_NA	355	115	G	0	0	115	36.9
A_NA	356	129	A	0	0	129	36.2
A_NA	357	103	A	0	0	103	35.0
A_NA	358	116	C	0	0	116	36.6
A_NA	359	105	C	0	0	105	34.2
A_NA	360	120	G	0	0	120	36.9
A_NA	361	112	T	0	0	112	34.8
A_NA	362	114	T	0	0	114	34.1
A_NA	363	123	C	0	0	123	35.4
A_NA	364	116	A	0	0	116	38.0
A_NA	365	115	T	0	0	115	34.2
A_NA	366	103	C	0	0	103	34.8
A_NA	367	122	T	0	0	122	37.5
A_NA	368	120	C	0	0	120	34.2
A_NA	369	96	A	0	0	96	36.7
A_NA	370	117	T	0	0	117	35.6
A_NA	371	115	G	0	0	115	35.3
A_NA	372	126	C	0	0	126	36.7
A_NA	373	104	T	0	0	104	36.8
A_NA	374	124	C	0	0	124	35.5
A_NA	375	104	C	0	0	104	37.8
A_NA	376	128	C	0	0	128	35.6
A_NA	377	111	A	0	0	111	34.5
A_NA	378	110	C	0	0	110	35.2
A_NA	379	121	T	0	0	121	35.8
A_NA	380	126	T	0	0	126	36.7
A_NA	381	119	G	0	0	119	37.5
A_NA	382	117	G	0	0	117	35.7
A_NA	383	113	A	0	0	113	37.6
A_NA	384	106	A	0	0	106	34.5
A_NA	385	113	T	0	0	113	36.0
A_NA	386	114	G	0	0	114	35.1
A_NA	387	117	C	0	0	117	36.2
A_NA	388	129	A	0	0	129	35.0
A_NA	389	117	G	0	0	117	34.8
A_NA	390	110	A	0	0	110	35.7
A_NA	391	114	A	0	0	114	35.7
A_NA	392	109	C	0	0	109	34.4
A_NA	393	119	C	0	0	119	34.5
A_NA	394	103	T	0	0	103	36.2
A_NA	395	121	T	0	0	121	36.3
A_NA	396	119	T	0	0	119	35.4
A_NA	397	113	T	0	0	113	35.2
A_NA	398	105	T	0	0	105	35.0
A_NA	399	116	T	0	0	116	36.7
A_NA	400	128	C	0	0	128	36.8
A_NA	401	126	T	0	0	126	34.2
A_NA	402	102	G	0	0	102	34.7
A_NA	403	115	A	0	0	115	37.0
A_NA	404	105	C	0	0	105	34.2
A_NA	405	116	C	0	0	116	36.7
A_NA	406	110	C	0	0	110	34.2
A_NA	407	117	A	0	0	117	35.2
A_NA	408	108	G	0	0	108	35.1
A_NA	409	123	G	0	0	123	37.4
A_NA	410	115	G	0	0	115	37.8
A_NA	411	104	A	0	0	104	34.6
A_NA	412	116	G	0	0	116	37.9
A_NA	413	115	C	0	0	115	34.8
A_NA	414	113	T	0	0	113	34.9
A_NA	415	111	C	0	0	111	34.2
A_NA	416	113	T	0	0	113	34.6
A_NA	417	109	G	0	0	109	34.8
A_NA	418	117	C	0	0	117	37.0
A_NA	419	112	T	0	0	112	35.1
A_NA	420	116	G	0	0	116	35.3
A_NA	421	103	A	0	0	103	37.9
A_NA	422	120	A	0	0	120	37.4
A_NA	423	104	T	0	0	104	36.9
A_NA	424	104	G	0	0	104	34.6
A_NA	425	108	A	0	0	108	34.0
A_NA	426	96	C	0	0	96	35.5
A_NA	427	120	A	0	0	120	35.0
A_NA	428	110	A	0	0	110	36.6
A_NA	429	117	A	0	0	117	37.5
A_NA	430	101	C	0	0	101	37.5
A_NA	431	118	A	0	0	118	36.4
A_NA	432	107	T	0	0	107	37.3
A_NA	433	109	T	0	0	109	34.8
A_NA	434	113	C	0	0	113	34.7
A_NA	435	103	T	0	0	103	37.7
A_NA	436	125	A	0	0	125	34.3
A_NA	437	101	A	0	0	101	34.6
A_NA	438	122	T	0	0	122	36.9
A_NA	439	100	G	0	0	100	35.5
A_NA	440	110	G	0	0	110	37.6
A_NA	441	99	G	0	0	99	34.3
A_NA	442	108	A	0	0	108	35.1
A_NA	443	105	C	0	0	105	35.4
A_NA	444	98	C	0	0	98	34.5
A_NA	445	105	G	0	0	105	37.5
A_NA	446	101	T	0	0	101	36.0
A_NA	447	103	T	0	0	103	34.2
A_NA	448	97	A	0	0	97	37.1
A_NA	449	109	A	0	0	109	37.6
A_NA	450	108	G	0	0	108	37.8
A_NA	451	100	G	0	0	100	35.0
A_NA	452	108	A	0	0	108	34.4
A_NA	453	96	T	0	0	96	37.9
A_NA	454	110	A	0	0	110	35.4
A_NA	455	106	G	0	0	106	36.6
A_NA	456	105	A	0	0	105	34.3
A_NA	457	99	A	0	0	99	34.8
A_NA	458	97	G	0	0	97	35.9
A_NA	459	92	C	0	0	92	36.3
A_NA	460	94	C	0	0	94	37.5
A_NA	461	105	C	0	0	105	35.6
A_NA	462	114	C	0	0	114	36.0
A_NA	463	93	T	0	0	93	37.4
A_NA	464	98	A	0	0	98	34.0
A_NA	465	116	T	0	0	116	36.5
A_NA	466	103	A	0	0	103	37.1
A_NA	467	115	G	0	0	115	34.7
A_NA	468	101	A	0	0	101	34.2
A_NA	469	101	A	0	0	101	37.4
A_NA	470	102	C	0	0	102	35.5
A_NA	471	104	T	0	0	104	34.5
A_NA	472	102	T	0	0	102	37.3
A_NA	473	98	T	0	0	98	36.6
A_NA	474	99	G	0	0	99	36.8
A_NA	475	107	A	0	0	107	34.2
A_NA	476	100	T	0	0	100	35.9
A_NA	477	100	G	0	0	100	37.5
A_NA	478	105	A	0	0	105	35.9
A_NA	479	97	G	0	0	97	34.0
A_NA	480	93	T	0	0	93	36.5
A_NA	481	117	T	0	0	117	35.1
A_NA	482	90	G	0	0	90	36.9
A_NA	483	107	T	0	0	107	37.2
A_NA	484	104	C	0	0	104	37.6
A_NA	485	100	C	0	0	100	35.8
A_NA	486	107	C	0	0	107	36.8
A_NA	487	105	G	0	0	105	34.9
A_NA	488	94	T	0	0	94	34.6
A_NA	489	109	G	0	0	109	36.7
A_NA	490	108	G	0	0	108	34.6
A_NA	491	96	G	0	0	96	34.6
A_NA	492	103	T	0	0	103	35.2
A_NA	493	107	G	0	0	107	36.2
A_NA	494	106	A	0	0	106	37.2
A_NA	495	114	G	0	0	114	34.8
A_NA	496	103	G	0	0	103	37.1
A_NA	497	105	C	0	0	105	36.1
A_NA	498	103	T	0	0	103	36.7
A_NA	499	109	C	0	0	109	35.2
A_NA	500	108	C	0	0	108	37.7
A_NA	501	102	T	0	0	102	35.0
A_NA	502	108	T	0	0	108	34.3
A_NA	503	98	C	0	0	98	34.3
A_NA	504	100	C	0	0	100	34.0
A_NA	505	112	C	0	0	112	37.0
A_NA	506	111	C	0	0	111	37.5
A_NA	507	104	G	0	0	104	37.0
A_NA	508	112	T	0	0	112	34.2
A_NA	509	116	A	0	0	116	34.9
A_NA	510	103	C	0	0	103	36.0
A_NA	511	102	A	0	0	102	34.3
A_NA	512	108	A	0	0	108	36.2
A_NA	513	115	T	0	0	115	36.5
A_NA	514	130	T	0	0	130	34.7
A_NA	515	108	C	0	0	108	36.7
A_NA	516	113	A	0	0	113	37.6
A_NA	517	102	A	0	0	102	37.1
A_NA	518	110	G	0	0	110	37.2
A_NA	519	115	A	0	0	115	35.0
A_NA	520	110	T	0	0	110	35.4
A_NA	521	104	T	0	0	104	35.4
A_NA	522	115	T	0	0	115	35.0
A_NA	523	112	G	0	0	112	37.3
A_NA	524	115	A	0	0	115	37.0
A_NA	525	117	G	0	0	117	34.2
A_NA	526	112	T	0	0	112	36.6
A_NA	527	114	C	0	0	114	35.0
A_NA	528	115	T	0	0	115	35.7
A_NA	529	106	G	0	0	106	34.3
A_NA	530	101	T	0	0	101	34.4
A_NA	531	103	T	0	0	103	37.0
A_NA	532	103	G	0	0	103	37.0
A_NA	533	125	C	0	0	125	34.2
A_NA	534	107	T	0	0	107	36.1
A_NA	535	109	T	0	0	109	34.2
A_NA	536	116	G	0	0	116	35.3
A_NA	537	105	G	0	0	105	36.3
A_NA	538	121	T	0	0	121	36.7
A_NA	539	114	C	0	0	114	35.1
A_NA	540	124	G	0	0	124	36.3
A_NA	541	111	G	0	0	111	36.8
A_NA	542	109	C	0	0	109	36.9
A_NA	543	105	A	0	0	105	35.4
A_NA	544	114	A	0	0	114	34.1
A_NA	545	111	G	0	0	111	35.5
A_NA	546	112	T	0	0	112	34.0
A_NA	547	106	G	0	0	106	36.4
A_NA	548	123	C	0	0	123	34.8
A_NA	549	96	T	0	0	96	35.0
A_NA	550	99	T	0	0	99	36.9
A_NA	551	110	G	0	0	110	34.7
A_NA	552	118	T	0	0	118	35.3
A_NA	553	102	C	0	0	102	35.5
A_NA	554	103	A	0	0	103	35.0
A_NA	555	101	T	0	0	101	36.0
A_NA	556	104	G	0	0	104	36.9
A_NA	557	107	A	0	0	107	37.6
A_NA	558	110	T	0	0	110	36.4
A_NA	559	116	G	0	0	116	37.3
A_NA	560	115	G	0	0	115	34.4
A_NA	561	117	C	0	0	117	36.7
A_NA	562	110	A	0	0	110	37.8
A_NA	563	110	T	0	0	110	34.0
A_NA	564	115	C	0	0	115	37.9
A_NA	565	110	A	0	0	110	37.7
A_NA	566	114	G	0	0	114	37.5
A_NA	567	114	T	0	0	114	35.8
A_NA	568	108	T	0	0	108	37.6
A_NA	569	106	G	0	0	106	35.8
A_NA	570	117	G	0	0	117	37.0
A_NA	571	95	T	0	0	95	36.8
A_NA	572	110	T	0	0	110	36.8
A_NA	573	99	G	0	0	99	36.6
A_NA	574	99	A	0	0	99	36.7
A_NA	575	99	C	0	0	99	35.7
A_NA	576	99	A	0	0	99	34.6
A_NA	577	106	A	0	0	106	37.8
A_NA	578	110	T	0	0	110	36.2
A_NA	579	105	C	0	0	105	35.6
A_NA	580	102	G	0	0	102	36.5
A_NA	581	113	G	0	0	113	37.7
A_NA	582	102	T	0	0	102	34.4
A_NA	583	108	A	0	0	108	35.0
A_NA	584	113	T	0	0	113	35.3
A_NA	585	93	T	0	0	93	35.4
A_NA	586	106	T	0	0	106	35.5
A_NA	587	97	C	0	0	97	35.3
A_NA	588	104	T	0	0	104	37.8
A_NA	589	106	G	0	0	106	35.5
A_NA	590	108	G	0	0	108	34.8
A_NA	591	104	T	0	0	104	34.3
A_NA	592	93	C	0	0	93	34.3
A_NA	593	103	C	0	0	103	37.4
A_NA	594	96	A	0	0	96	34.9
A_NA	595	103	G	0	0	103	34.8
A_NA	596	89	A	0	0	89	37.8
A_NA	597	85	C	0	0	85	37.0
A_NA	598	78	A	0	0	78	36.8
A_NA	599	90	A	0	0	90	35.2
A_NA	600	106	T	0	0	106	36.3
A_NA	601	79	G	0	0	79	37.0
A_NA	602	84	G	0	0	84	34.8
A_NA	603	90	A	0	0	90	35.3
A_NA	604	82	G	0	0	82	34.4
A_NA	605	85	C	0	0	85	34.8
A_NA	606	79	T	0	0	79	34.4
A_NA	607	88	G	0	0	88	36.0
A_NA	608	87	T	0	0	87	34.9
A_NA	609	84	G	0	0	84	34.8
A_NA	610	82	G	0	0	82	38.0
A_NA	611	79	C	0	0	79	35.4
A_NA	612	83	T	0	0	83	37.0
A_NA	613	82	G	0	0	82	34.8
A_NA	614	82	T	0	0	82	37.0
A_NA	615	71	A	0	0	71	36.0
A_NA	616	79	T	0	0	79	34.4
A_NA	617	77	T	0	0	77	36.3
A_NA	618	72	G	0	0	72	35.1
A_NA	619	75	A	0	0	75	35.3
A_NA	620	75	A	0	0	75	37.7
A_NA	621	73	G	0	0	73	34.4
A_NA	622	75	T	0	0	75	34.3
A_NA	623	77	A	0	0	77	34.1
A_NA	624	80	C	0	0	80	35.6
A_NA	625	73	A	0	0	73	37.5
A_NA	626	76	A	0	0	76	36.3
A_NA	627	77	T	0	0	77	34.9
A_NA	628	67	G	0	0	67	37.2
A_NA	629	76	G	0	0	76	36.5
A_NA	630	77	C	0	0	77	36.1
A_NA	631	73	A	0	0	73	35.1
A_NA	632	67	T	0	0	67	34.7
A_NA	633	78	A	0	0	78	34.5
A_NA	634	64	A	0	0	64	37.0
A_NA	635	68	T	0	0	68	35.2
A_NA	636	68	A	0	0	68	34.8
A_NA	637	64	A	0	0	64	34.7
A_NA	638	60	C	0	0	60	35.9
A_NA	639	66	G	0	0	66	37.9
A_NA	640	71	G	0	0	71	34.7
A_NA	641	65	A	0	0	65	35.2
A_NA	642	61	T	0	0	61	34.6
A_NA	643	66	A	0	0	66	35.2
A_NA	644	62	C	0	0	62	36.5
A_NA	645	62	T	0	0	62	36.9
A_NA	646	66	A	0	0	66	34.6
A_NA	647	67	T	0	0	67	35.3
A_NA	648	72	C	0	0	72	36.4
A_NA	649	64	A	0	0	64	36.3
A_NA	650	64	A	0	0	64	37.3
A_NA	651	60	G	0	0	60	35.6
A_NA	652	58	A	0	0	58	35.0
A_NA	653	65	G	0	0	65	35.2
A_NA	654	60	T	0	0	60	37.2
A_NA	655	62	T	0	0	62	37.2
A_NA	656	59	G	0	0	59	36.6
A_NA	657	63	G	0	0	63	36.8
A_NA	658	60	A	0	0	60	34.1
A_NA	659	58	G	0	0	58	37.8
A_NA	660	57	A	0	0	57	35.7
A_NA	661	69	A	0	0	69	37.0
A_NA	662	66	A	0	0	66	35.3
A_NA	663	62	C	0	0	62	35.6
A_NA	664	62	A	0	0	62	34.4
A_NA	665	62	A	0	0	62	38.0
A_NA	666	57	C	0	0	57	36.2
A_NA	667	58	A	0	0	58	37.9
A_NA	668	66	T	0	0	66	36.3
A_NA	669	60	T	0	0	60	37.5
A_NA	670	67	T	0	0	67	34.3
A_NA	671	56	T	0	0	56	37.1
A_NA	672	62	G	0	0	62	37.9
A_NA	673	66	A	0	0	66	36.4
A_NA	674	70	G	0	0	70	35.8
A_NA	675	61	A	0	0	61	35.5
A_NA	676	56	A	0	0	56	35.1
A_NA	677	61	C	0	0	61	35.4
A_NA	678	64	T	0	0	64	34.3
A_NA	679	61	C	0	0	61	35.9
A_NA	680	69	A	0	0	69	35.5
A_NA	681	66	A	0	0	66	36.9
A_NA	682	61	G	0	0	61	35.9
A_NA	683	65	A	0	0	65	35.9
A_NA	684	59	A	0	0	59	35.7
A_NA	685	70	T	0	0	70	37.7
A_NA	686	64	C	0	0	64	35.8
A_NA	687	65	T	0	0	65	35.3
A_NA	688	66	G	0	0	66	37.1
A_NA	689	67	A	0	0	67	34.4
A_NA	690	66	A	0	0	66	35.1
A_NA	691	69	T	0	0	69	37.3
A_NA	692	69	G	0	0	69	36.6
A_NA	693	62	T	0	0	62	35.5
A_NA	694	66	G	0	0	66	35.5
A_NA	695	66	C	0	0	66	37.3
A_NA	696	67	G	0	0	67	37.7
A_NA	697	66	T	0	0	66	36.8
A_NA	698	69	G	0	0	69	36.5
A_NA	699	69	C	0	0	69	36.1
A_NA	700	71	G	0	0	71	35.3
A_NA	701	68	T	0	0	68	36.6
A_NA	702	74	A	0	0	74	35.0
A_NA	703	67	A	0	0	67	35.1
A_NA	704	77	A	0	0	77	34.7
A_NA	705	72	T	0	0	72	35.7
A_NA	706	72	G	0	0	72	36.5
A_NA	707	70	G	0	0	70	37.6
A_NA	708	74	C	0	0	74	35.5
A_NA	709	74	T	0	0	74	34.9
A_NA	710	71	C	0	0	71	35.9
A_NA	711	73	T	0	0	73	34.4
A_NA	712	76	T	0	0	76	34.3
A_NA	713	71	G	0	0	71	36.5
A_NA	714	86	C	0	0	86	34.2
A_NA	715	84	T	0	0	84	34.3
A_NA	716	80	T	0	0	80	35.2
A_NA	717	81	C	0	0	81	34.7
A_NA	718	73	A	0	0	73	34.8
A_NA	719	77	C	0	0	77	34.9
A_NA	720	81	T	0	0	81	37.1
A_NA	721	74	G	0	0	74	34.9
A_NA	722	80	T	0	0	80	37.9
A_NA	723	83	A	0	0	83	36.4
A_NA	724	72	A	0	0	72	35.3
A_NA	725	83	T	0	0	83	34.1
A_NA	726	80	G	0	0	80	34.0
A_NA	727	82	A	0	0	82	35.1
A_NA	728	85	C	0	0	85	37.5
A_NA	729	81	T	0	0	81	37.8
A_NA	730	78	G	0	0	78	36.8
A_NA	731	91	A	0	0	91	36.1
A_NA	732	89	T	0	0	89	37.8
A_NA	733	83	G	0	0	83	37.8
A_NA	734	81	G	0	0	81	35.5
A_NA	735	89	A	0	0	89	36.4
A_NA	736	85	C	0	0	85	37.6
A_NA	737	86	C	0	0	86	37.8
A_NA	738	90	A	0	0	90	35.6
A_NA	739	85	A	0	0	85	36.6
A_NA	740	90	G	0	0	90	35.5
A_NA	741	86	C	0	0	86	37.6
A_NA	742	82	A	0	0	82	35.1
A_NA	743	85	A	0	0	85	37.9
A_NA	744	94	T	0	0	94	36.6
A_NA	745	93	G	0	0	93	34.8
A_NA	746	94	G	0	0	94	37.7
A_NA	747	85	G	0	0	85	34.1
A_NA	748	92	C	0	0	92	34.7
A_NA	749	83	A	0	0	83	37.9
A_NA	750	88	G	0	0	88	36.0
A_NA	751	97	G	0	0	97	34.4
A_NA	752	94	C	0	0	94	35.0
A_NA	753	92	C	0	0	92	36.8
A_NA	754	87	T	0	0	87	36.3
A_NA	755	97	C	0	0	97	35.8
A_NA	756	95	A	0	0	95	37.2
A_NA	757	88	T	0	0	88	35.2
A_NA	758	96	A	0	0	96	34.6
A_NA	759	102	T	0	0	102	37.4
A_NA	760	90	A	0	0	90	34.3
A_NA	761	106	A	0	0	106	36.8
A_NA	762	95	A	0	0	95	35.3
A_NA	763	91	A	0	0	91	35.0
A_NA	764	88	T	0	0	88	34.1
A_NA	765	97	C	0	0	97	36.9
A_NA	766	97	T	0	0	97	36.3
A_NA	767	92	T	0	0	92	35.6
A_NA	768	88	C	0	0	88	35.1
A_NA	769	95	A	0	0	95	34.2
A_NA	770	103	A	0	0	103	36.3
A_NA	771	99	G	0	0	99	35.3
A_NA	772	98	A	0	0	98	37.7
A_NA	773	98	T	0	0	98	34.6
A_NA	774	96	A	0	0	96	34.6
A_NA	775	104	G	0	0	104	35.5
A_NA	776	97	A	0	0	97	37.1
A_NA	777	105	G	0	0	105	37.9
A_NA	778	102	A	0	0	102	35.1
A_NA	779	104	A	0	0	104	36.2
A_NA	780	98	A	0	0	98	37.1
A_NA	781	103	G	0	0	103	34.5
A_NA	782	95	G	0	0	95	37.3
A_NA	783	97	G	0	0	97	36.2
A_NA	784	96	A	0	0	96	37.2
A_NA	785	88	A	0	0	88	35.9
A_NA	786	88	A	0	0	88	36.9
A_NA	787	88	G	0	0	88	37.7
A_NA	788	99	T	0	0	99	36.5
A_NA	789	100	A	0	0	100	36.2
A_NA	790	101	G	0	0	101	35.0
A_NA	791	107	T	0	0	107	34.4
A_NA	792	98	C	0	0	98	37.9
A_NA	793	100	A	0	0	100	35.4
A_NA	794	103	A	0	0	103	34.5
A_NA	795	105	A	0	0	105	36.9
A_NA	796	97	T	0	0	97	37.1
A_NA	797	101	C	0	0	101	35.9
A_NA	798	100	A	0	0	100	37.3
A_NA	799	102	G	0	0	102	35.6
A_NA	800	93	T	0	0	93	35.5
A_NA	801	89	T	0	0	89	36.0
A_NA	802	96	G	0	0	96	34.8
A_NA	803	102	A	0	0	102	37.7
A_NA	804	108	A	0	0	108	37.1
A_NA	805	93	T	0	0	93	34.2
A_NA	806	90	T	0	0	90	36.0
A_NA	807	93	G	0	0	93	37.3
A_NA	808	94	A	0	0	94	37.3
A_NA	809	98	A	0	0	98	36.6
A_NA	810	102	T	0	0	102	36.8
A_NA	811	89	G	0	0	89	34.8
A_NA	812	86	C	0	0	86	35.5
A_NA	813	100	C	0	0	100	37.4
A_NA	814	98	C	0	0	98	36.2
A_NA	815	91	C	0	0	91	36.7
A_NA	816	91	T	0	0	91	36.9
A_NA	817	88	A	0	0	88	34.7
A_NA	818	100	A	0	0	100	34.8
A_NA	819	93	T	0	0	93	37.1
A_NA	820	97	T	0	0	97	37.8
A_NA	821	96	A	0	0	96	36.3
A_NA	822	97	C	0	0	97	37.0
A_NA	823	103	C	0	0	103	34.1
A_NA	824	93	A	0	0	93	36.4
A_NA	825	88	C	0	0	88	35.7
A_NA	826	88	T	0	0	88	35.1
A_NA	827	99	A	0	0	99	34.1
A_NA	828	94	C	0	0	94	35.8
A_NA	829	96	G	0	0	96	34.7
A_NA	830	93	A	0	0	93	36.1
A_NA	831	87	G	0	0	87	35.8
A_NA	832	92	G	0	0	92	37.9
A_NA	833	96	A	0	0	96	37.7
A_NA	834	97	A	0	0	97	37.8
A_NA	835	92	T	0	0	92	35.2
A_NA	836	101	G	0	0	101	34.5
A_NA	837	95	C	0	0	95	37.0
A_NA	838	87	T	0	0	87	36.9
A_NA	839	102	C	0	0	102	35.9
A_NA	840	88	C	0	0	88	35.5
A_NA	841	90	T	0	0	90	37.7
A_NA	842	92	G	0	0	92	36.0
A_NA	843	87	T	0	0	87	36.3
A_NA	844	92	T	0	0	92	35.3
A_NA	845	90	A	0	0	90	35.5
A_NA	846	113	C	0	0	113	36.6
A_NA	847	90	C	0	0	90	37.2
A_NA	848	88	C	0	0	88	37.1
A_NA	849	94	T	0	0	94	36.7
A_NA	850	94	G	0	0	94	36.0
A_NA	851	85	A	0	0	85	36.1
A_NA	852	94	T	0	0	94	36.2
A_NA	853	94	G	0	0	94	34.2
A_NA	854	93	C	0	0	93	35.2
A_NA	855	92	G	0	0	92	35.1
A_NA	856	100	G	0	0	100	36.2
A_NA	857	89	G	0	0	89	36.5
A_NA	858	90	T	0	0	90	37.1
A_NA	859	99	G	0	0	99	36.9
A_NA	860	95	A	0	0	95	36.2
A_NA	861	99	G	0	0	99	34.3
A_NA	862	92	A	0	0	92	35.4
A_NA	863	102	T	0	0	102	36.6
A_NA	864	98	T	0	0	98	37.9
A_NA	865	92	A	0	0	92	36.5
A_NA	866	94	T	0	0	94	37.5
A_NA	867	93	G	0	0	93	35.5
A_NA	868	101	T	0	0	101	37.0
A_NA	869	98	G	0	0	98	36.7
A_NA	870	97	T	0	0	97	35.2
A_NA	871	101	G	0	0	101	37.0
A_NA	872	96	T	0	0	96	34.7
A_NA	873	89	G	0	0	89	35.8
A_NA	874	98	T	0	0	98	38.0
A_NA	875	110	G	0	0	110	37.3
A_NA	876	103	C	0	0	103	34.7
A_NA	877	89	A	0	0	89	36.2
A_NA	878	103	G	0	0	103	36.6
A_NA	879	108	G	0	0	108	36.4
A_NA	880	104	G	0	0	104	36.0
A_NA	881	91	A	0	0	91	36.9
A_NA	882	97	C	0	0	97	37.8
A_NA	883	110	A	0	0	110	34.7
A_NA	884	96	A	0	0	96	37.3
A_NA	885	100	T	0	0	100	34.6
A_NA	886	97	T	0	0	97	37.8
A_NA	887	108	G	0	0	108	35.8
A_NA	888	98	G	0	0	98	35.4
A_NA	889	95	C	0	0	95	36.3
A_NA	890	106	A	0	0	106	36.1
A_NA	891	100	T	0	0	100	35.1
A_NA	892	115	G	0	0	115	35.2
A_NA	893	121	G	0	0	121	35.2
A_NA	894	110	C	0	0	110	37.4
A_NA	895	102	T	0	0	102	37.4
A_NA	896	99	C	0	0	99	37.8
A_NA	897	109	A	0	0	109	37.3
A_NA	898	113	A	0	0	113	36.6
A_NA	899	102	A	0	0	102	34.0
A_NA	900	100	C	0	0	100	36.9
A_NA	901	107	C	0	0	107	36.4
A_NA	902	105	G	0	0	105	35.6
A_NA	903	113	G	0	0	113	37.1
A_NA	904	115	C	0	0	115	36.4
A_NA	905	101	C	0	0	101	36.6
A_NA	906	107	G	0	0	107	37.6
A_NA	907	123	T	0	0	123	35.7
A_NA	908	131	G	0	0	131	36.9
A_NA	909	112	G	0	0	112	34.5
A_NA	910	114	G	0	0	114	36.5
A_NA	911	119	T	0	0	119	34.5
A_NA	912	132	A	0	0	132	34.2
A_NA	913	127	T	0	0	127	36.0
A_NA	914	106	C	0	0	106	35.0
A_NA	915	124	T	0	0	124	37.8
A_NA	916	115	T	0	0	115	36.3
A_NA	917	122	T	0	0	122	37.8
A_NA	918	112	T	0	0	112	34.6
A_NA	919	107	A	0	0	107	35.4
A_NA	920	122	A	0	0	122	35.1
A_NA	921	112	T	0	0	112	36.1
A_NA	922	119	C	0	0	119	36.4
A_NA	923	108	A	0	0	108	38.0
A_NA	924	124	A	0	0	124	36.5
A_NA	925	112	A	0	0	112	36.4
A_NA	926	118	A	0	0	118	36.9
A_NA	927	129	T	0	0	129	34.1
A_NA	928	116	C	0	0	116	34.9
A_NA	929	122	T	0	0	122	36.4
A_NA	930	111	G	0	0	111	36.8
A_NA	931	123	G	0	0	123	34.1
A_NA	932	136	A	0	0	136	37.3
A_NA	933	122	G	0	0	122	36.0
A_NA	934	110	T	0	0	110	36.7
A_NA	935	122	A	0	0	122	34.7
A_NA	936	117	T	0	0	117	34.6
A_NA	937	121	C	0	0	121	36.5
A_NA	938	123	A	0	0	123	36.1
A_NA	939	125	A	0	0	125	34.0
A_NA	940	141	A	0	0	141	35.6
A_NA	941	127	T	0	0	127	37.3
A_NA	942	124	A	0	0	124	36.7
A_NA	943	133	G	0	0	133	35.8
A_NA	944	131	G	0	0	131	37.3
A_NA	945	116	A	0	0	116	34.5
A_NA	946	127	T	0	0	127	35.7
A_NA	947	126	A	0	0	126	36.1
A_NA	948	113	T	0	0	113	37.9
A_NA	949	129	A	0	0	129	37.1
A_NA	950	123	T	0	0	123	37.4
A_NA	951	121	A	0	0	121	35.5
A_NA	952	118	T	0	0	118	36.8
A_NA	953	120	G	0	0	120	35.0
A_NA	954	129	C	0	0	129	36.3
A_NA	955	125	A	0	0	125	37.8
A_NA	956	124	G	0	0	124	34.7
A_NA	957	134	T	0	0	134	35.0
A_NA	958	129	G	0	0	129	37.2
A_NA	959	126	G	0	0	126	36.1
A_NA	960	141	G	0	0	141	35.0
A_NA	961	121	G	0	0	121	36.8
A_NA	962	139	T	0	0	139	37.7
A_NA	963	116	T	0	0	116	35.2
A_NA	964	134	T	0	0	134	34.9
A_NA	965	141	T	0	0	141	34.7
A_NA	966	124	C	0	0	124	36.4
A_NA	967	125	G	0	0	125	36.2
A_NA	968	126	G	0	0	126	34.1
A_NA	969	119	A	0	0	119	34.4
A_NA	970	140	G	0	0	140	37.1
A_NA	971	115	A	0	0	115	34.7
A_NA	972	141	C	0	0	141	34.7
A_NA	973	128	A	0	0	128	34.2
A_NA	974	132	A	0	0	132	37.3
A_NA	975	110	C	0	0	110	35.2
A_NA	976	125	C	0	0	125	34.2
A_NA	977	126	C	0	0	126	34.3
A_NA	978	120	C	0	0	120	36.0
A_NA	979	126	C	0	0	126	36.0
A_NA	980	118	G	0	0	118	36.8
A_NA	981	133	C	0	0	133	35.5
A_NA	982	104	C	0	0	104	35.6
A_NA	983	126	C	0	0	126	36.2
A_NA	984	124	C	0	0	124	35.2
A_NA	985	130	A	0	0	130	37.3
A_NA	986	119	A	0	0	119	34.4
A_NA	987	110	T	0	0	110	36.6
A_NA	988	125	G	0	0	125	35.2
A_NA	989	114	A	0	0	114	35.8
A_NA	990	115	T	0	0	115	37.1
A_NA	991	128	G	0	0	128	35.3
A_NA	992	114	G	0	0	114	35.8
A_NA	993	112	A	0	0	112	35.3
A_NA	994	110	A	0	0	110	34.7
A_NA	995	99	C	0	0	99	35.9
A_NA	996	108	A	0	0	108	37.8
A_NA	997	106	G	0	0	106	35.2
A_NA	998	108	G	0	0	108	36.8
A_NA	999	120	C	0	0	120	37.5
A_NA	1000	108	A	0	0	108	35.2
A_NA	1001	120	G	0	0	120	36.4
A_NA	1002	101	T	0	0	101	37.8
A_NA	1003	112	T	0	0	112	36.3
A_NA	1004	102	G	0	0	102	36.5
A_NA	1005	114	C	0	0	114	37.3
A_NA	1006	109	A	0	0	109	34.8
A_NA	1007	106	G	0	0	106	34.6
A_NA	1008	97	T	0	0	97	34.9
A_NA	1009	103	C	0	0	103	35.3
A_NA	1010	110	C	0	0	110	37.2
A_NA	1011	106	A	0	0	106	35.0
A_NA	1012	117	A	0	0	117	35.0
A_NA	1013	87	T	0	0	87	36.2
A_NA	1014	101	G	0	0	101	37.6
A_NA	1015	97	T	0	0	97	35.3
A_NA	1016	92	C	0	0	92	34.7
A_NA	1017	99	C	0	0	99	36.5
A_NA	1018	92	T	0	0	92	37.7
A_NA	1019	93	C	0	0	93	34.1
A_NA	1020	88	T	0	0	88	37.8
A_NA	1021	89	A	0	0	89	36.9
A_NA	1022	90	A	0	0	90	38.0
A_NA	1023	96	C	0	0	96	34.4
A_NA	1024	96	G	0	0	96	36.0
A_NA	1025	92	G	0	0	92	37.6
A_NA	1026	94	G	0	0	94	36.0
A_NA	1027	99	G	0	0	99	37.8
A_NA	1028	94	C	0	0	94	35.2
A_NA	1029	89	A	0	0	89	37.2
A_NA	1030	99	T	0	0	99	34.8
A_NA	1031	81	A	0	0	81	34.9
A_NA	1032	91	T	0	0	91	34.3
A_NA	1033	90	G	0	0	90	34.9
A_NA	1034	89	G	0	0	89	37.1
A_NA	1035	82	G	0	0	82	37.0
A_NA	1036	90	G	0	0	90	34.9
A_NA	1037	81	T	0	0	81	35.3
A_NA	1038	93	A	0	0	93	35.2
A_NA	1039	89	A	0	0	89	34.4
A_NA	1040	89	A	0	0	89	37.8
A_NA	1041	84	A	0	0	84	37.1
A_NA	1042	80	G	0	0	80	37.2
A_NA	1043	84	G	0	0	84	37.8
A_NA	1044	75	G	0	0	75	35.7
A_NA	1045	84	T	0	0	84	34.6
A_NA	1046	81	T	0	0	81	34.7
A_NA	1047	75	T	0	0	75	35.3
A_NA	1048	75	T	0	0	75	35.1
A_NA	1049	80	C	0	0	80	34.3
A_NA	1050	83	A	0	0	83	36.7
A_NA	1051	78	T	0	0	78	35.0
A_NA	1052	80	T	0	0	80	37.0
A_NA	1053	82	T	0	0	82	36.4
A_NA	1054	83	A	0	0	83	37.3
A_NA	1055	80	A	0	0	80	35.7
A_NA	1056	76	G	0	0	76	37.6
A_NA	1057	77	T	0	0	77	35.3
A_NA	1058	71	A	0	0	71	34.2
A_NA	1059	69	C	0	0	69	37.7
A_NA	1060	84	G	0	0	84	36.3
A_NA	1061	67	G	0	0	67	36.5
A_NA	1062	77	T	0	0	77	34.3
A_NA	1063	80	A	0	0	80	36.6
A_NA	1064	72	A	0	0	72	34.3
A_NA	1065	73	T	0	0	73	37.6
A_NA	1066	83	G	0	0	83	36.7
A_NA	1067	73	G	0	0	73	35.0
A_NA	1068	78	G	0	0	78	34.3
A_NA	1069	75	G	0	0	75	37.1
A_NA	1070	70	T	0	0	70	34.2
A_NA	1071	71	T	0	0	71	36.0
A_NA	1072	71	T	0	0	71	36.4
A_NA	1073	77	G	0	0	77	35.3
A_NA	1074	67	G	0	0	67	34.4
A_NA	1075	72	A	0	0	72	35.2
A_NA	1076	73	T	0	0	73	36.6
A_NA	1077	72	C	0	0	72	37.7
A_NA	1078	74	G	0	0	74	35.5
A_NA	1079	76	G	0	0	76	35.1
A_NA	1080	62	A	0	0	62	34.8
A_NA	1081	79	A	0	0	79	37.4
A_NA	1082	71	G	0	0	71	36.6
A_NA	1083	69	A	0	0	69	34.4
A_NA	1084	66	A	0	0	66	35.1
A_NA	1085	83	C	0	0	83	34.6
A_NA	1086	72	A	0	0	72	37.8
A_NA	1087	75	A	0	0	75	34.4
A_NA	1088	68	A	0	0	68	36.1
A_NA	1089	75	A	0	0	75	37.9
A_NA	1090	79	A	0	0	79	38.0
A_NA	1091	74	G	0	0	74	36.1
A_NA	1092	72	C	0	0	72	37.2
A_NA	1093	81	A	0	0	81	34.3
A_NA	1094	82	C	0	0	82	36.0
A_NA	1095	82	T	0	0	82	37.4
A_NA	1096	66	A	0	0	66	36.8
A_NA	1097	71	G	0	0	71	37.6
A_NA	1098	64	T	0	0	64	35.9
A_NA	1099	73	T	0	0	73	35.6
A_NA	1100	81	C	0	0	81	34.6
A_NA	1101	75	C	0	0	75	37.9
A_NA	1102	73	A	0	0	73	34.5
A_NA	1103	66	G	0	0	66	35.4
A_NA	1104	77	A	0	0	77	37.4
A_NA	1105	69	A	0	0	69	35.8
A_NA	1106	79	G	0	0	79	34.9
A_NA	1107	75	C	0	0	75	34.9
A_NA	1108	78	G	0	0	78	37.2
A_NA	1109	76	G	0	0	76	37.1
A_NA	1110	80	C	0	0	80	34.5
A_NA	1111	76	T	0	0	76	35.0
A_NA	1112	76	T	0	0	76	36.8
A_NA	1113	79	T	0	0	79	37.1
A_NA	1114	78	G	0	0	78	35.9
A_NA	1115	78	A	0	0	78	36.9
A_NA	1116	70	G	0	0	70	34.7
A_NA	1117	76	A	0	0	76	37.7
A_NA	1118	85	T	0	0	85	37.7
A_NA	1119	80	G	0	0	80	36.1
A_NA	1120	73	A	0	0	73	35.0
A_NA	1121	82	T	0	0	82	38.0
A_NA	1122	71	T	0	0	71	37.5
A_NA	1123	91	T	0	0	91	37.7
A_NA	1124	82	G	0	0	82	34.4
A_NA	1125	74	G	0	0	74	37.6
A_NA	1126	71	G	0	0	71	36.1
A_NA	1127	76	A	0	0	76	37.8
A_NA	1128	74	T	0	0	74	36.9
A_NA	1129	82	C	0	0	82	34.2
A_NA	1130	78	C	0	0	78	34.5
A_NA	1131	77	G	0	0	77	37.3
A_NA	1132	81	A	0	0	81	37.2
A_NA	1133	83	A	0	0	83	34.6
A_NA	1134	81	T	0	0	81	36.9
A_NA	1135	79	G	0	0	79	37.3
A_NA	1136	74	G	0	0	74	37.5
A_NA	1137	86	G	0	0	86	37.5
A_NA	1138	85	T	0	0	85	35.5
A_NA	1139	85	G	0	0	85	37.4
A_NA	1140	81	G	0	0	81	34.5
A_NA	1141	88	A	0	0	88	36.7
A_NA	1142	88	C	0	0	88	36.5
A_NA	1143	86	T	0	0	86	34.4
A_NA	1144	87	G	0	0	87	36.7
A_NA	1145	86	A	0	0	86	35.0
A_NA	1146	92	G	0	0	92	37.8
A_NA	1147	87	A	0	0	87	37.7
A_NA	1148	81	C	0	0	81	36.0
A_NA	1149	88	G	0	0	88	37.8
A_NA	1150	88	G	0	0	88	37.5
A_NA	1151	85	A	0	0	85	34.7
A_NA	1152	89	C	0	0	89	36.9
A_NA	1153	86	A	0	0	86	36.9
A_NA	1154	90	G	0	0	90	34.8
A_NA	1155	86	T	0	0	86	36.3
A_NA	1156	90	A	0	0	90	35.5
A_NA	1157	91	G	0	0	91	37.0
A_NA	1158	80	T	0	0	80	37.1
A_NA	1159	90	T	0	0	90	36.9
A_NA	1160	80	T	0	0	80	37.3
A_NA	1161	79	C	0	0	79	35.4
A_NA	1162	88	T	0	0	88	36.3
A_NA	1163	86	C	0	0	86	35.6
A_NA	1164	93	A	0	0	93	37.0
A_NA	1165	85	G	0	0	85	35.4
A_NA	1166	82	T	0	0	82	35.3
A_NA	1167	84	G	0	0	84	34.8
A_NA	1168	87	A	0	0	87	36.2
A_NA	1169	96	A	0	0	96	36.2
A_NA	1170	88	G	0	0	88	35.5
A_NA	1171	84	C	0	0	84	37.7
A_NA	1172	80	A	0	0	80	36.3
A_NA	1173	86	A	0	0	86	34.3
A_NA	1174	82	G	0	0	82	36.8
A_NA	1175	81	A	0	0	81	35.9
A_NA	1176	95	C	0	0	95	36.3
A_NA	1177	87	A	0	0	87	35.5
A_NA	1178	86	T	0	0	86	37.3
A_NA	1179	89	C	0	0	89	37.2
A_NA	1180	81	G	0	0	81	37.0
A_NA	1181	89	T	0	0	89	35.1
A_NA	1182	86	A	0	0	86	37.6
A_NA	1183	84	G	0	0	84	34.4
A_NA	1184	82	C	0	0	82	34.6
A_NA	1185	94	A	0	0	94	35.3
A_NA	1186	90	A	0	0	90	34.0
A_NA	1187	87	T	0	0	87	34.9
A_NA	1188	81	A	0	0	81	37.8
A_NA	1189	88	A	0	0	88	36.2
A_NA	1190	80	C	0	0	80	35.3
A_NA	1191	93	T	0	0	93	34.7
A_NA	1192	78	G	0	0	78	37.7
A_NA	1193	80	A	0	0	80	34.8
A_NA	1194	80	C	0	0	80	37.4
A_NA	1195	76	T	0	0	76	34.2
A_NA	1196	82	T	0	0	82	37.6
A_NA	1197	83	G	0	0	83	34.5
A_NA	1198	89	T	0	0	89	36.3
A_NA	1199	80	C	0	0	80	35.9
A_NA	1200	89	A	0	0	89	37.6
A_NA	1201	83	G	0	0	83	36.2
A_NA	1202	84	G	0	0	84	37.9
A_NA	1203	80	A	0	0	80	37.3
A_NA	1204	85	T	0	0	85	36.8
A_NA	1205	82	A	0	0	82	36.9
A_NA	1206	79	T	0	0	79	35.7
A_NA	1207	84	A	0	0	84	37.8
A_NA	1208	83	G	0	0	83	36.7
A_NA	1209	85	T	0	0	85	35.7
A_NA	1210	78	G	0	0	78	35.2
A_NA	1211	80	G	0	0	80	35.4
A_NA	1212	78	G	0	0	78	35.9
A_NA	1213	72	A	0	0	72	37.0
A_NA	1214	81	C	0	0	81	37.3
A_NA	1215	77	T	0	0	77	35.0
A_NA	1216	77	T	0	0	77	36.5
A_NA	1217	72	T	0	0	72	35.1
A_NA	1218	80	T	0	0	80	34.1
A_NA	1219	77	G	0	0	77	35.3
A_NA	1220	84	T	0	0	84	34.3
A_NA	1221	82	C	0	0	82	37.3
A_NA	1222	82	C	0	0	82	36.9
A_NA	1223	80	A	0	0	80	37.3
A_NA	1224	80	G	0	0	80	37.2
A_NA	1225	81	C	0	0	81	37.1
A_NA	1226	72	A	0	0	72	34.4
A_NA	1227	79	C	0	0	79	34.1
A_NA	1228	84	C	0	0	84	37.8
A_NA	1229	69	C	0	0	69	37.9
A_NA	1230	78	A	0	0	78	35.2
A_NA	1231	76	G	0	0	76	35.4
A_NA	1232	86	A	0	0	86	36.3
A_NA	1233	85	A	0	0	85	36.1
A_NA	1234	68	C	0	0	68	37.0
A_NA	1235	72	T	0	0	72	35.7
A_NA	1236	77	G	0	0	77	36.6
A_NA	1237	75	A	0	0	75	36.5
A_NA	1238	81	C	0	0	81	34.7
A_NA	1239	70	A	0	0	70	37.3
A_NA	1240	76	G	0	0	76	34.7
A_NA	1241	78	G	0	0	78	36.8
A_NA	1242	71	A	0	0	71	34.7
A_NA	1243	79	T	0	0	79	35.6
A_NA	1244	77	T	0	0	77	35.9
A_NA	1245	70	A	0	0	70	37.5
A_NA	1246	84	G	0	0	84	34.6
A_NA	1247	78	A	0	0	78	34.5
A_NA	1248	84	T	0	0	84	36.1
A_NA	1249	82	T	0	0	82	37.5
A_NA	1250	76	G	0	0	76	36.8
A_NA	1251	77	C	0	0	77	37.5
A_NA	1252	76	A	0	0	76	36.4
A_NA	1253	82	T	0	0	82	36.4
A_NA	1254	72	G	0	0	72	35.4
A_NA	1255	80	A	0	0	80	37.4
A_NA	1256	74	G	0	0	74	34.9
A_NA	1257	74	G	0	0	74	34.4
A_NA	1258	75	C	0	0	75	37.9
A_NA	1259	80	C	0	0	80	36.5
A_NA	1260	69	T	0	0	69	37.9
A_NA	1261	78	T	0	0	78	35.3
A_NA	1262	82	G	0	0	82	37.6
A_NA	1263	85	T	0	0	85	36.1
A_NA	1264	69	T	0	0	69	35.3
A_NA	1265	69	T	0	0	69	37.0
A_NA	1266	68	C	0	0	68	36.6
A_NA	1267	83	T	0	0	83	36.6
A_NA	1268	80	G	0	0	80	35.9
A_NA	1269	75	G	0	0	75	36.5
A_NA	1270	77	G	0	0	77	35.9
A_NA	1271	86	T	0	0	86	35.5
A_NA	1272	80	T	0	0	80	35.2
A_NA	1273	79	G	0	0	79	34.1
A_NA	1274	87	A	0	0	87	38.0
A_NA	1275	90	G	0	0	90	34.2
A_NA	1276	85	C	0	0	85	37.1
A_NA	1277	90	T	0	0	90	37.8
A_NA	1278	85	G	0	0	85	34.6
A_NA	1279	85	A	0	0	85	37.6
A_NA	1280	85	T	0	0	85	36.0
A_NA	1281	85	T	0	0	85	34.3
A_NA	1282	89	A	0	0	89	36.3
A_NA	1283	87	G	0	0	87	36.0
A_NA	1284	93	A	0	0	93	35.9
A_NA	1285	87	G	0	0	87	37.0
A_NA	1286	90	G	0	0	90	37.1
A_NA	1287	92	G	0	0	92	37.5
A_NA	1288	97	A	0	0	97	37.2
A_NA	1289	90	G	0	0	90	36.3
A_NA	1290	93	G	0	0	93	35.0
A_NA	1291	92	C	0	0	92	34.9
A_NA	1292	90	C	0	0	90	35.7
A_NA	1293	92	C	0	0	92	35.7
A_NA	1294	85	A	0	0	85	37.3
A_NA	1295	86	A	0	0	86	35.3
A_NA	1296	87	A	0	0	87	37.4
A_NA	1297	99	G	0	0	99	34.8
A_NA	1298	94	A	0	0	94	36.6
A_NA	1299	87	G	0	0	87	34.4
A_NA	1300	95	A	0	0	95	37.5
A_NA	1301	94	A	0	0	94	34.4
A_NA	1302	91	C	0	0	91	36.2
A_NA	1303	90	A	0	0	90	35.6
A_NA	1304	94	C	0	0	94	37.7
A_NA	1305	104	A	0	0	104	36.2
A_NA	1306	95	A	0	0	95	34.6
A_NA	1307	97	T	0	0	97	38.0
A_NA	1308	109	T	0	0	109	34.8
A_NA	1309	100	T	0	0	100	34.3
A_NA	1310	101	G	0	0	101	37.6
A_NA	1311	112	G	0	0	112	36.5
A_NA	1312	91	A	0	0	91	38.0
A_NA	1313	100	C	0	0	100	36.5
A_NA	1314	91	T	0	0	91	35.0
A_NA	1315	97	A	0	0	97	37.6
A_NA	1316	109	G	0	0	109	36.2
A_NA	1317	101	C	0	0	101	37.0
A_NA	1318	108	G	0	0	108	37.6
A_NA	1319	120	G	0	0	120	35.6
A_NA	1320	111	G	0	0	111	37.2
A_NA	1321	133	A	0	0	133	36.7
A_NA	1322	112	G	0	0	112	35.0
A_NA	1323	114	C	0	0	114	35.1
A_NA	1324	114	A	0	0	114	37.2
A_NA	1325	99	G	0	0	99	36.2
A_NA	1326	129	C	0	0	129	36.1
A_NA	1327	117	A	0	0	117	35.7
A_NA	1328	108	T	0	0	108	36.7
A_NA	1329	94	A	0	0	94	37.1
A_NA	1330	98	T	0	0	98	34.8
A_NA	1331	106	C	0	0	106	36.0
A_NA	1332	97	C	0	0	97	35.7
A_NA	1333	100	T	0	0	100	35.9
A_NA	1334	105	T	0	0	105	36.4
A_NA	1335	90	T	0	0	90	35.7
A_NA	1336	108	T	0	0	108	37.9
A_NA	1337	110	G	0	0	110	37.9
A_NA	1338	98	T	0	0	98	36.4
A_NA	1339	101	G	0	0	101	36.7
A_NA	1340	109	G	0	0	109	36.0
A_NA	1341	98	T	0	0	98	36.8
A_NA	1342	85	G	0	0	85	35.4
A_NA	1343	104	T	0	0	104	36.0
A_NA	1344	102	A	0	0	102	35.8
A_NA	1345	84	A	0	0	84	34.5
A_NA	1346	100	A	0	0	100	34.3
A_NA	1347	87	T	0	0	87	36.1
A_NA	1348	88	A	0	0	88	34.5
A_NA	1349	82	G	0	0	82	37.8
A_NA	1350	92	T	0	0	92	35.8
A_NA	1351	91	G	0	0	91	35.2
A_NA	1352	78	A	0	0	78	35.4
A_NA	1353	80	C	0	0	80	37.3
A_NA	1354	81	A	0	0	81	36.4
A_NA	1355	80	C	0	0	80	35.9
A_NA	1356	86	T	0	0	86	37.4
A_NA	1357	84	G	0	0	84	36.1
A_NA	1358	73	T	0	0	73	34.3
A_NA	1359	73	G	0	0	73	37.1
A_NA	1360	71	G	0	0	71	36.7
A_NA	1361	76	G	0	0	76	36.8
A_NA	1362	70	T	0	0	70	34.2
A_NA	1363	64	T	0	0	64	35.6
A_NA	1364	77	G	0	0	77	35.6
A_NA	1365	69	G	0	0	69	34.2
A_NA	1366	60	T	0	0	60	34.3
A_NA	1367	60	C	0	0	60	37.1
A_NA	1368	68	T	0	0	68	37.7
A_NA	1369	62	T	0	0	62	37.3
A_NA	1370	54	G	0	0	54	37.3
A_NA	1371	59	G	0	0	59	36.6
A_NA	1372	54	C	0	0	54	37.2
A_NA	1373	53	C	0	0	53	37.3
A_NA	1374	56	A	0	0	56	36.2
A_NA	1375	58	G	0	0	58	35.9
A_NA	1376	48	A	0	0	48	37.4
A_NA	1377	43	C	0	0	43	37.3
A_NA	1378	47	G	0	0	47	37.2
A_NA	1379	43	G	0	0	43	35.9
A_NA	1380	46	T	0	0	46	37.1
A_NA	1381	45	G	0	0	45	35.9
A_NA	1382	41	C	0	0	41	37.2
A_NA	1383	39	T	0	0	39	36.9
A_NA	1384	37	G	0	0	37	35.6
A_NA	1385	35	A	0	0	35	34.6
A_NA	1386	36	G	0	0	36	35.4
A_NA	1387	35	T	0	0	35	34.5
A_NA	1388	32	T	0	0	32	34.0
A_NA	1389	30	G	0	0	30	34.9
A_NA	1390	29	C	0	0	29	37.1
A_NA	1391	29	C	0	0	29	35.1
A_NA	1392	27	A	0	0	27	37.6
A_NA	1393	27	T	0	0	27	34.6
A_NA	1394	21	T	0	0	21	35.4
A_NA	1395	23	C	0	0	23	34.5
A_NA	1396	21	A	0	0	21	36.6
A_NA	1397	16	C	0	0	16	34.7
A_NA	1398	18	C	0	0	18	37.3
A_NA	1399	16	A	0	0	16	34.6
A_NA	1400	15	T	0	0	15	34.1
A_NA	1401	13	T	0	0	13	36.0
A_NA	1402	13	G	0	0	13	35.6
A_NA	1403	9	A	0	0	9	35.3
A_NA	1404	9	C	0	0	9	37.9
A_NA	1405	6	A	0	0	6	35.4
A_NA	1406	5	A	0	0	5	36.3
A_NA	1407	4	G	0	0	4	35.7
A_NA	1408	3	T	0	0	3	37.8
A_NA	1409	1	A	0	0	1	35.7
A_NA	1410	0	G	0	0	0	36.5
