Reference_Name	Position	Coverage Depth	Consensus	Deletions	Ambiguous	Consensus_Count	Consensus_Average_Quality
A_NP	1	2	A	0	0	2	36.4
A_NP	2	4	T	0	0	4	34.2
A_NP	3	6	G	0	0	6	37.0
A_NP	4	8	G	0	0	8	36.9
A_NP	5	9	C	0	0	9	35.9
A_NP	6	12	G	0	0	12	35.5
A_NP	7	13	T	0	0	13	35.6
A_NP	8	16	C	0	0	16	34.8
A_NP	9	18	T	0	0	18	36.6
A_NP	10	18	C	0	0	18	37.9
A_NP	11	20	A	0	0	20	35.5
A_NP	12	22	A	0	0	22	35.8
A_NP	13	21	G	0	0	21	37.3
A_NP	14	23	G	0	0	23	34.3
A_NP	15	26	C	0	0	26	34.3
A_NP	16	29	A	0	0	29	35.6
A_NP	17	28	C	0	0	28	36.2
A_NP	18	34	C	0	0	34	35.2
A_NP	19	37	A	0	0	37	37.8
A_NP	20	35	A	0	0	35	36.3
A_NP	21	42	A	0	0	42	34.2
A_NP	22	40	C	0	0	40	34.4
A_NP	23	39	G	0	0	39	34.8
A_NP	24	38	A	0	0	38	35.7
A_NP	25	40	T	0	0	40	34.9
A_NP	26	48	C	0	0	48	37.8
A_NP	27	48	C	0	0	48	36.7
A_NP	28	54	T	0	0	54	36.1
A_NP	29	45	A	0	0	45	34.2
A_NP	30	49	T	0	0	49	38.0
A_NP	31	50	G	0	0	50	36.4
A_NP	32	53	A	0	0	53	36.9
A_NP	33	51	A	0	0	51	36.3
A_NP	34	56	C	0	0	56	36.2
A_NP	35	57	A	0	0	57	36.2
A_NP	36	54	A	0	0	54	34.0
A_NP	37	56	A	0	0	56	36.1
A_NP	38	70	T	0	0	70	36.8
A_NP	39	56	G	0	0	56	36.6
A_NP	40	64	G	0	0	64	38.0
A_NP	41	62	A	0	0	62	34.2
A_NP	42	66	A	0	0	66	35.8
A_NP	43	71	A	0	0	71	34.3
A_NP	44	70	C	0	0	70	34.4
A_NP	45	66	T	0	0	66	37.6
A_NP	46	77	G	0	0	77	36.2
A_NP	47	68	G	0	0	68	35.5
A_NP	48	70	T	0	0	70	35.0
A_NP	49	86	G	0	0	86	35.6
A_NP	50	77	G	0	0	77	37.5
A_NP	51	83	G	0	0	83	36.7
A_NP	52	84	G	0	0	84	35.4
A_NP	53	79	A	0	0	79	36.3
A_NP	54	82	A	0	0	82	34.9
A_NP	55	93	C	0	0	93	34.9
A_NP	56	87	G	0	0	87	37.9
A_NP	57	86	C	0	0	86	36.7
A_NP	58	92	C	0	0	92	35.7
A_NP	59	90	A	0	0	90	36.2
A_NP	60	102	G	0	0	102	34.3
A_NP	61	98	A	0	0	98	34.5
A_NP	62	94	A	0	0	94	34.0
A_NP	63	104	T	0	0	104	34.7
A_NP	64	105	G	0	0	105	37.2
A_NP	65	104	C	0	0	104	36.8
A_NP	66	108	C	0	0	108	34.3
A_NP	67	103	A	0	0	103	36.7
A_NP	68	109	C	0	0	109	34.8
A_NP	69	102	T	0	0	102	37.6
A_NP	70	113	G	0	0	113	34.3
A_NP	71	125	A	0	0	125	36.7
A_NP	72	121	A	0	0	121	34.1
A_NP	73	111	A	0	0	111	35.0
A_NP	74	122	T	0	0	122	34.5
A_NP	75	112	C	0	0	112	36.5
A_NP	76	129	A	0	0	129	35.7
A_NP	77	111	G	0	0	111	36.1
A_NP	78	131	A	0	0	131	35.8
A_NP	79	136	G	0	0	136	36.5
A_NP	80	127	C	0	0	127	37.5
A_NP	81	138	A	0	0	138	34.5
A_NP	82	131	T	0	0	131	35.1
A_NP	83	138	C	0	0	138	38.0
A_NP	84	140	T	0	0	140	36.2
A_NP	85	150	G	0	0	150	35.4
A_NP	86	153	T	0	0	153	35.9
A_NP	87	163	T	0	0	163	35.3
A_NP	88	152	G	0	0	152	37.8
A_NP	89	159	G	0	0	159	36.0
A_NP	90	149	A	0	0	149	34.4
A_NP	91	149	A	0	0	149	34.9
A_NP	92	133	G	0	0	133	37.9
A_NP	93	153	A	0	0	153	36.8
A_NP	94	141	A	0	0	141	35.5
A_NP	95	134	T	0	0	134	37.3
A_NP	96	145	G	0	0	145	37.1
A_NP	97	146	G	0	0	146	37.3
A_NP	98	145	T	0	0	145	36.8
A_NP	99	152	T	0	0	152	37.0
A_NP	100	140	G	0	0	140	36.2
A_NP	101	138	G	0	0	138	36.8
A_NP	102	147	C	0	0	147	37.4
A_NP	103	143	G	0	0	143	36.5
A_NP	104	153	G	0	0	153	37.4
A_NP	105	129	A	0	0	129	37.8
A_NP	106	148	A	0	0	148	35.9
A_NP	107	148	T	0	0	148	35.6
A_NP	108	153	C	0	0	153	35.6
A_NP	109	169	G	0	0	169	36.6
A_NP	110	135	G	0	0	135	37.8
A_NP	111	152	G	0	0	152	36.4
A_NP	112	141	A	0	0	141	36.7
A_NP	113	147	G	0	0	147	35.0
A_NP	114	145	A	0	0	145	34.0
A_NP	115	155	T	0	0	155	37.7
A_NP	116	145	T	0	0	145	35.6
A_NP	117	143	C	0	0	143	37.9
A_NP	118	153	T	0	0	153	35.7
A_NP	119	151	A	0	0	151	35.5
A_NP	120	150	C	0	0	150	38.0
A_NP	121	148	A	0	0	148	34.6
A_NP	122	139	T	0	0	139	36.4
A_NP	123	153	A	0	0	153	35.2
A_NP	124	136	C	0	0	136	36.3
A_NP	125	153	A	0	0	153	35.4
A_NP	126	157	G	0	0	157	35.8
A_NP	127	157	A	0	0	157	36.9
A_NP	128	161	T	0	0	161	37.5
A_NP	129	154	G	0	0	154	36.7
A_NP	130	148	T	0	0	148	36.1
A_NP	131	163	G	0	0	163	34.3
A_NP	132	156	C	0	0	156	37.3
A_NP	133	155	A	0	0	155	36.9
A_NP	134	148	C	0	0	148	35.5
A_NP	135	161	T	0	0	161	37.6
A_NP	136	158	G	0	0	158	37.8
A_NP	137	146	A	0	0	146	34.5
A_NP	138	155	G	0	0	155	37.0
A_NP	139	142	C	0	0	142	35.2
A_NP	140	160	T	0	0	160	36.6
A_NP	141	140	C	0	0	140	35.2
A_NP	142	135	A	0	0	135	35.2
A_NP	143	159	A	0	0	159	34.7
A_NP	144	148	A	0	0	148	36.4
A_NP	145	153	C	0	0	153	36.2
A_NP	146	136	T	0	0	136	36.4
A_NP	147	176	C	0	0	176	34.8
A_NP	148	163	A	0	0	163	34.5
A_NP	149	155	G	0	0	155	35.0
A_NP	150	152	T	0	0	152	35.5
A_NP	151	152	G	0	0	152	34.8
A_NP	152	155	A	0	0	155	37.3
A_NP	153	154	T	0	0	154	37.0
A_NP	154	146	T	0	0	146	37.7
A_NP	155	159	A	0	0	159	36.5
A_NP	156	154	C	0	0	154	34.5
A_NP	157	159	G	0	0	159	34.8
A_NP	158	148	A	0	0	148	35.3
A_NP	159	156	A	0	0	156	37.2
A_NP	160	151	G	0	0	151	37.0
A_NP	161	142	G	0	0	142	36.3
A_NP	162	141	G	0	0	141	36.2
A_NP	163	152	A	0	0	152	35.1
A_NP	164	138	G	0	0	138	35.6
A_NP	165	154	G	0	0	154	35.4
A_NP	166	157	C	0	0	157	37.6
A_NP	167	140	T	0	0	140	34.8
A_NP	168	162	G	0	0	162	34.8
A_NP	169	147	A	0	0	147	37.7
A_NP	170	144	T	0	0	144	34.8
A_NP	171	133	C	0	0	133	34.4
A_NP	172	152	C	0	0	152	34.3
A_NP	173	139	A	0	0	139	37.4
A_NP	174	141	A	0	0	141	34.2
A_NP	175	130	A	0	0	130	34.1
A_NP	176	134	A	0	0	134	35.2
A_NP	177	137	C	0	0	137	35.9
A_NP	178	132	A	0	0	132	35.5
A_NP	179	131	G	0	0	131	37.6
A_NP	180	153	C	0	0	153	36.1
A_NP	181	129	A	0	0	129	36.0
A_NP	182	128	T	0	0	128	37.6
A_NP	183	135	A	0	0	135	37.3
A_NP	184	127	A	0	0	127	36.6
A_NP	185	134	C	0	0	134	37.3
A_NP	186	123	C	0	0	123	35.7
A_NP	187	143	A	0	0	143	37.4
A_NP	188	144	T	0	0	144	36.1
A_NP	189	134	A	0	0	134	37.6
A_NP	190	127	G	0	0	127	36.8
A_NP	191	138	A	0	0	138	36.3
A_NP	192	133	A	0	0	133	36.8
A_NP	193	139	A	0	0	139	37.5
A_NP	194	136	G	0	0	136	36.6
A_NP	195	131	G	0	0	131	37.4
A_NP	196	125	A	0	0	125	37.2
A_NP	197	125	T	0	0	125	37.8
A_NP	198	129	G	0	0	129	36.1
A_NP	199	123	G	0	0	123	36.6
A_NP	200	121	T	0	0	121	36.7
A_NP	201	128	T	0	0	128	34.5
A_NP	202	117	C	0	0	117	34.0
A_NP	203	130	T	0	0	130	34.5
A_NP	204	137	C	0	0	137	35.5
A_NP	205	124	T	0	0	124	37.0
A_NP	206	131	C	0	0	131	37.8
A_NP	207	132	G	0	0	132	37.6
A_NP	208	131	G	0	0	131	37.1
A_NP	209	128	C	0	0	128	34.2
A_NP	210	117	A	0	0	117	35.3
A_NP	211	121	T	0	0	121	34.7
A_NP	212	131	T	0	0	131	36.2
A_NP	213	120	T	0	0	120	37.4
A_NP	214	122	G	0	0	122	36.8
A_NP	215	118	A	0	0	118	34.1
A_NP	216	110	T	0	0	110	36.3
A_NP	217	115	G	0	0	115	34.1
A_NP	218	116	A	0	0	116	34.6
A_NP	219	123	G	0	0	123	36.4
A_NP	220	126	A	0	0	126	35.2
A_NP	221	105	G	0	0	105	35.5
A_NP	222	122	G	0	0	122	37.2
A_NP	223	123	A	0	0	123	35.8
A_NP	224	118	G	0	0	118	37.3
A_NP	225	125	G	0	0	125	36.7
A_NP	226	112	A	0	0	112	37.1
A_NP	227	106	A	0	0	106	37.0
A_NP	228	119	C	0	0	119	34.9
A_NP	229	131	A	0	0	131	37.5
A_NP	230	126	A	0	0	126	36.6
A_NP	231	123	G	0	0	123	34.8
A_NP	232	122	T	0	0	122	36.7
A_NP	233	126	A	0	0	126	37.3
A_NP	234	122	C	0	0	122	36.2
A_NP	235	106	C	0	0	106	34.5
A_NP	236	112	T	0	0	112	35.9
A_NP	237	114	G	0	0	114	38.0
A_NP	238	111	G	0	0	111	37.8
A_NP	239	107	A	0	0	107	36.2
A_NP	240	109	G	0	0	109	35.5
A_NP	241	109	G	0	0	109	36.3
A_NP	242	121	A	0	0	121	37.9
A_NP	243	119	A	0	0	119	34.7
A_NP	244	111	C	0	0	111	35.7
A_NP	245	123	A	0	0	123	36.0
A_NP	246	114	T	0	0	114	37.3
A_NP	247	120	C	0	0	120	34.4
A_NP	248	112	C	0	0	112	36.7
A_NP	249	124	C	0	0	124	34.1
A_NP	250	112	A	0	0	112	35.1
A_NP	251	121	G	0	0	121	34.1
A_NP	252	127	T	0	0	127	36.6
A_NP	253	134	G	0	0	134	35.2
A_NP	254	116	C	0	0	116	37.9
A_NP	255	126	C	0	0	126	34.8
A_NP	256	115	G	0	0	115	37.5
A_NP	257	113	G	0	0	113	37.1
A_NP	258	125	G	0	0	125	37.0
A_NP	259	124	A	0	0	124	37.9
A_NP	260	119	A	0	0	119	34.6
A_NP	261	133	G	0	0	133	35.5
A_NP	262	128	G	0	0	128	34.9
A_NP	263	122	A	0	0	122	36.5
A_NP	264	116	T	0	0	116	34.5
A_NP	265	134	C	0	0	134	35.2
A_NP	266	126	C	0	0	126	34.4
A_NP	267	127	C	0	0	127	34.6
A_NP	268	120	A	0	0	120	35.1
A_NP	269	125	A	0	0	125	36.2
A_NP	270	124	G	0	0	124	34.4
A_NP	271	127	A	0	0	127	34.9
A_NP	272	135	A	0	0	135	34.5
A_NP	273	124	G	0	0	124	35.8
A_NP	274	132	A	0	0	132	37.7
A_NP	275	143	C	0	0	143	35.1
A_NP	276	141	T	0	0	141	37.8
A_NP	277	125	G	0	0	125	35.3
A_NP	278	125	G	0	0	125	34.5
A_NP	279	148	A	0	0	148	34.4
A_NP	280	135	G	0	0	135	35.2
A_NP	281	134	G	0	0	134	36.2
A_NP	282	140	T	0	0	140	34.1
A_NP	283	142	C	0	0	142	36.7
A_NP	284	149	C	0	0	149	36.1
A_NP	285	134	A	0	0	134	34.6
A_NP	286	154	A	0	0	154	34.1
A_NP	287	154	T	0	0	154	37.0
A_NP	288	154	C	0	0	154	35.0
A_NP	289	173	T	0	0	173	38.0
A_NP	290	157	A	0	0	157	36.7
A_NP	291	155	C	0	0	155	36.6
A_NP	292	150	A	0	0	150	36.5
A_NP	293	155	G	0	0	155	37.4
A_NP	294	148	G	0	0	148	34.2
A_NP	295	164	A	0	0	164	34.1
A_NP	296	157	G	0	0	157	37.0
A_NP	297	156	G	0	0	156	36.3
A_NP	298	171	A	0	0	171	37.4
A_NP	299	169	G	0	0	169	34.4
A_NP	300	158	A	0	0	158	34.4
A_NP	301	176	G	0	0	176	36.6
A_NP	302	176	A	0	0	176	36.9
A_NP	303	158	T	0	0	158	36.4
A_NP	304	158	G	0	0	158	37.0
A_NP	305	157	G	0	0	157	36.3
A_NP	306	155	C	0	0	155	36.4
A_NP	307	170	A	0	0	170	34.0
A_NP	308	151	A	0	0	151	36.9
A_NP	309	168	A	0	0	168	35.3
A_NP	310	159	T	0	0	159	34.9
A_NP	311	184	G	0	0	184	34.6
A_NP	312	181	G	0	0	181	35.8
A_NP	313	180	G	0	0	180	34.1
A_NP	314	186	T	0	0	186	35.5
A_NP	315	164	G	0	0	164	34.5
A_NP	316	190	A	0	0	190	35.0
A_NP	317	169	G	0	0	169	37.2
A_NP	318	166	A	0	0	166	35.0
A_NP	319	191	G	0	0	191	36.9
A_NP	320	198	A	0	0	198	37.3
A_NP	321	176	G	0	0	176	35.3
A_NP	322	169	T	0	0	169	34.1
A_NP	323	179	T	0	0	179	37.5
A_NP	324	188	G	0	0	188	37.1
A_NP	325	198	A	0	0	198	35.4
A_NP	326	184	T	0	0	184	35.4
A_NP	327	178	C	0	0	178	36.0
A_NP	328	210	C	0	0	210	37.7
A_NP	329	201	T	0	0	201	34.6
A_NP	330	196	C	0	0	196	37.6
A_NP	331	168	T	0	0	168	37.1
A_NP	332	195	A	0	0	195	37.7
A_NP	333	194	C	0	0	194	36.4
A_NP	334	208	G	0	0	208	35.7
A_NP	335	202	A	0	0	202	36.6
A_NP	336	201	C	0	0	201	34.6
A_NP	337	192	A	0	0	192	34.7
A_NP	338	202	A	0	0	202	37.1
A_NP	339	208	A	0	0	208	36.2
A_NP	340	214	G	0	0	214	36.7
A_NP	341	213	A	0	0	213	35.3
A_NP	342	191	A	0	0	191	35.0
A_NP	343	212	G	0	0	212	34.1
A_NP	344	202	A	0	0	202	35.1
A_NP	345	222	G	0	0	222	34.0
A_NP	346	204	A	0	0	204	34.0
A_NP	347	182	T	0	0	182	35.8
A_NP	348	205	C	0	0	205	35.0
A_NP	349	198	A	0	0	198	34.4
A_NP	350	214	G	0	0	214	34.1
A_NP	351	199	A	0	0	199	36.4
A_NP	352	217	A	0	0	217	37.4
A_NP	353	218	G	0	0	218	35.2
A_NP	354	193	A	0	0	193	34.3
A_NP	355	181	A	0	0	181	34.1
A_NP	356	211	T	0	0	211	35.7
A_NP	357	211	T	0	0	211	34.6
A_NP	358	209	T	0	0	209	35.7
A_NP	359	217	G	0	0	217	34.8
A_NP	360	227	G	0	0	227	35.8
A_NP	361	234	C	0	0	234	35.7
A_NP	362	211	G	0	0	211	38.0
A_NP	363	232	T	0	0	232	37.1
A_NP	364	211	C	0	0	211	34.4
A_NP	365	207	A	0	0	207	35.8
A_NP	366	212	A	0	0	212	35.0
A_NP	367	209	G	0	0	209	37.8
A_NP	368	196	C	0	0	196	36.2
A_NP	369	208	T	0	0	208	34.5
A_NP	370	210	A	0	0	210	34.2
A_NP	371	227	A	0	0	227	34.3
A_NP	372	207	T	0	0	207	34.3
A_NP	373	183	A	0	0	183	36.6
A_NP	374	204	A	0	0	204	34.9
A_NP	375	215	T	0	0	215	35.4
A_NP	376	222	G	0	0	222	34.7
A_NP	377	183	G	0	0	183	35.8
A_NP	378	215	A	0	0	215	34.1
A_NP	379	200	G	0	0	200	34.3
A_NP	380	215	A	0	0	215	36.6
A_NP	381	207	G	0	0	207	34.5
A_NP	382	210	G	0	0	210	36.8
A_NP	383	215	A	0	0	215	37.6
A_NP	384	216	T	0	0	216	36.3
A_NP	385	204	G	0	0	204	35.6
A_NP	386	210	C	0	0	210	34.0
A_NP	387	212	A	0	0	212	35.2
A_NP	388	220	A	0	0	220	34.0
A_NP	389	228	C	0	0	228	37.8
A_NP	390	229	T	0	0	229	36.6
A_NP	391	215	G	0	0	215	36.5
A_NP	392	224	C	0	0	224	37.8
A_NP	393	205	T	0	0	205	35.8
A_NP	394	230	G	0	0	230	36.9
A_NP	395	199	G	0	0	199	34.3
A_NP	396	209	T	0	0	209	36.4
A_NP	397	185	C	0	0	185	37.0
A_NP	398	200	T	0	0	200	36.2
A_NP	399	210	C	0	0	210	36.2
A_NP	400	199	A	0	0	199	34.5
A_NP	401	199	C	0	0	199	34.2
A_NP	402	202	T	0	0	202	36.2
A_NP	403	195	C	0	0	195	37.0
A_NP	404	204	A	0	0	204	36.6
A_NP	405	199	T	0	0	199	36.6
A_NP	406	214	T	0	0	214	35.7
A_NP	407	202	T	0	0	202	37.5
A_NP	408	217	G	0	0	217	34.2
A_NP	409	191	A	0	0	191	38.0
A_NP	410	204	T	0	0	204	35.0
A_NP	411	191	G	0	0	191	34.0
A_NP	412	194	A	0	0	194	37.5
A_NP	413	197	T	0	0	197	35.5
A_NP	414	197	T	0	0	197	34.9
A_NP	415	184	T	0	0	184	35.4
A_NP	416	190	G	0	0	190	37.8
A_NP	417	209	G	0	0	209	36.5
A_NP	418	199	C	0	0	199	37.8
A_NP	419	186	A	0	0	186	34.5
A_NP	420	172	T	0	0	172	35.8
A_NP	421	184	T	0	0	184	35.5
A_NP	422	199	C	0	0	199	34.0
A_NP	423	205	C	0	0	205	36.6
A_NP	424	206	A	0	0	206	37.5
A_NP	425	196	A	0	0	196	36.2
A_NP	426	190	T	0	0	190	36.5
A_NP	427	192	C	0	0	192	34.2
A_NP	428	199	T	0	0	199	35.2
A_NP	429	184	G	0	0	184	34.4
A_NP	430	176	A	0	0	176	37.3
A_NP	431	185	A	0	0	185	37.1
A_NP	432	180	T	0	0	180	34.4
A_NP	433	189	G	0	0	189	36.4
A_NP	434	181	A	0	0	181	37.8
A_NP	435	185	T	0	0	185	35.0
A_NP	436	186	G	0	0	186	34.5
A_NP	437	188	C	0	0	188	37.6
A_NP	438	177	C	0	0	177	37.0
A_NP	439	180	A	0	0	180	37.3
A_NP	440	184	C	0	0	184	34.4
A_NP	441	201	A	0	0	201	36.0
A_NP	442	200	T	0	0	200	36.9
A_NP	443	189	A	0	0	189	36.0
A_NP	444	171	C	0	0	171	36.1
A_NP	445	198	C	0	0	198	34.2
A_NP	446	171	A	0	0	171	36.0
A_NP	447	174	G	0	0	174	35.5
A_NP	448	170	A	0	0	170	35.9
A_NP	449	178	G	0	0	178	35.6
A_NP	450	175	A	0	0	175	35.0
A_NP	451	159	A	0	0	159	34.4
A_NP	452	180	C	0	0	180	37.3
A_NP	453	173	A	0	0	173	35.8
A_NP	454	156	A	0	0	156	35.9
A_NP	455	178	G	0	0	178	35.3
A_NP	456	174	G	0	0	174	35.1
A_NP	457	170	G	0	0	170	35.5
A_NP	458	180	C	0	0	180	34.4
A_NP	459	174	A	0	0	174	35.0
A_NP	460	170	C	0	0	170	37.1
A_NP	461	183	T	0	0	183	34.2
A_NP	462	157	T	0	0	157	36.6
A_NP	463	175	G	0	0	175	36.1
A_NP	464	196	T	0	0	196	37.5
A_NP	465	175	G	0	0	175	34.9
A_NP	466	164	C	0	0	164	34.3
A_NP	467	175	G	0	0	175	36.8
A_NP	468	170	T	0	0	170	34.6
A_NP	469	194	A	0	0	194	35.8
A_NP	470	171	C	0	0	171	35.2
A_NP	471	165	T	0	0	165	36.8
A_NP	472	161	G	0	0	161	35.9
A_NP	473	182	G	0	0	182	35.4
A_NP	474	157	A	0	0	157	34.1
A_NP	475	167	A	0	0	167	36.1
A_NP	476	168	T	0	0	168	36.4
A_NP	477	174	G	0	0	174	36.2
A_NP	478	171	G	0	0	171	34.5
A_NP	479	173	A	0	0	173	34.5
A_NP	480	159	C	0	0	159	35.3
A_NP	481	148	C	0	0	148	36.3
A_NP	482	179	C	0	0	179	35.5
A_NP	483	185	T	0	0	185	37.8
A_NP	484	167	A	0	0	167	36.5
A_NP	485	168	G	0	0	168	35.0
A_NP	486	163	A	0	0	163	37.6
A_NP	487	158	A	0	0	158	38.0
A_NP	488	160	T	0	0	160	35.2
A_NP	489	174	G	0	0	174	35.0
A_NP	490	168	T	0	0	168	36.7
A_NP	491	179	G	0	0	179	34.9
A_NP	492	179	C	0	0	179	36.2
A_NP	493	177	T	0	0	177	35.5
A_NP	494	166	C	0	0	166	35.0
A_NP	495	164	T	0	0	164	36.5
A_NP	496	177	C	0	0	177	37.8
A_NP	497	176	T	0	0	176	37.8
A_NP	498	168	G	0	0	168	37.5
A_NP	499	172	A	0	0	172	37.4
A_NP	500	184	T	0	0	184	35.1
A_NP	501	169	G	0	0	169	35.7
A_NP	502	174	C	0	0	174	37.3
A_NP	503	168	A	0	0	168	35.0
A_NP	504	171	A	0	0	171	35.9
A_NP	505	167	G	0	0	167	36.4
A_NP	506	172	G	0	0	172	34.6
A_NP	507	165	C	0	0	165	37.5
A_NP	508	184	T	0	0	184	34.4
A_NP	509	167	C	0	0	167	36.3
A_NP	510	169	A	0	0	169	34.5
A_NP	511	172	A	0	0	172	35.3
A_NP	512	173	C	0	0	173	37.9
A_NP	513	201	C	0	0	201	37.6
A_NP	514	161	C	0	0	161	37.8
A_NP	515	177	T	0	0	177	34.8
A_NP	516	164	C	0	0	164	38.0
A_NP	517	155	C	0	0	155	36.6
A_NP	518	166	C	0	0	166	35.6
A_NP	519	172	T	0	0	172	35.8
A_NP	520	166	A	0	0	166	35.2
A_NP	521	174	G	0	0	174	37.4
A_NP	522	160	G	0	0	160	35.6
A_NP	523	193	A	0	0	193	34.9
A_NP	524	164	G	0	0	164	37.3
A_NP	525	167	A	0	0	167	36.8
A_NP	526	179	T	0	0	179	37.6
A_NP	527	199	C	0	0	199	35.7
A_NP	528	177	C	0	0	177	35.5
A_NP	529	189	G	0	0	189	35.9
A_NP	530	178	G	0	0	178	34.5
A_NP	531	190	G	0	0	190	36.7
A_NP	532	183	G	0	0	183	38.0
A_NP	533	190	C	0	0	190	34.3
A_NP	534	172	T	0	0	172	35.6
A_NP	535	204	G	0	0	204	37.1
A_NP	536	183	C	0	0	183	37.7
A_NP	537	186	T	0	0	186	36.4
A_NP	538	156	G	0	0	156	37.4
A_NP	539	172	G	0	0	172	36.6
A_NP	540	168	A	0	0	168	35.8
A_NP	541	191	G	0	0	191	37.1
A_NP	542	198	C	0	0	198	34.4
A_NP	543	185	A	0	0	185	34.4
A_NP	544	166	G	0	0	166	36.6
A_NP	545	172	C	0	0	172	36.5
A_NP	546	178	A	0	0	178	37.2
A_NP	547	170	G	0	0	170	37.0
A_NP	548	180	T	0	0	180	36.6
A_NP	549	172	G	0	0	172	34.4
A_NP	550	195	A	0	0	195	36.0
A_NP	551	182	A	0	0	182	37.4
A_NP	552	162	A	0	0	162	34.8
A_NP	553	191	G	0	0	191	35.0
A_NP	554	171	G	0	0	171	35.9
A_NP	555	184	A	0	0	184	34.8
A_NP	556	174	G	0	0	174	35.6
A_NP	557	164	T	0	0	164	37.1
A_NP	558	188	T	0	0	188	37.1
A_NP	559	167	G	0	0	167	34.0
A_NP	560	173	G	0	0	173	34.4
A_NP	561	179	A	0	0	179	34.8
A_NP	562	169	A	0	0	169	36.4
A_NP	563	171	C	0	0	171	35.8
A_NP	564	182	A	0	0	182	36.9
A_NP	565	184	A	0	0	184	37.9
A_NP	566	166	T	0	0	166	37.8
A_NP	567	187	G	0	0	187	37.9
A_NP	568	170	G	0	0	170	34.4
A_NP	569	190	T	0	0	190	37.6
A_NP	570	153	G	0	0	153	35.5
A_NP	571	182	A	0	0	182	36.9
A_NP	572	174	T	0	0	174	34.7
A_NP	573	182	G	0	0	182	34.8
A_NP	574	171	G	0	0	171	34.3
A_NP	575	183	A	0	0	183	37.7
A_NP	576	176	A	0	0	176	35.3
A_NP	577	169	C	0	0	169	36.4
A_NP	578	169	T	0	0	169	34.8
A_NP	579	160	A	0	0	160	34.2
A_NP	580	164	A	0	0	164	35.7
A_NP	581	166	T	0	0	166	34.3
A_NP	582	161	T	0	0	161	37.2
A_NP	583	186	C	0	0	186	34.0
A_NP	584	174	G	0	0	174	37.9
A_NP	585	176	A	0	0	176	36.6
A_NP	586	156	A	0	0	156	35.5
A_NP	587	171	T	0	0	171	35.8
A_NP	588	177	G	0	0	177	34.4
A_NP	589	168	A	0	0	168	36.2
A_NP	590	156	T	0	0	156	35.4
A_NP	591	164	C	0	0	164	34.4
A_NP	592	185	A	0	0	185	35.3
A_NP	593	150	A	0	0	150	35.4
A_NP	594	157	A	0	0	157	34.1
A_NP	595	167	C	0	0	167	35.1
A_NP	596	176	G	0	0	176	36.9
A_NP	597	154	A	0	0	154	37.9
A_NP	598	168	G	0	0	168	37.3
A_NP	599	165	G	0	0	165	36.6
A_NP	600	159	G	0	0	159	35.4
A_NP	601	156	A	0	0	156	35.0
A_NP	602	173	T	0	0	173	34.4
A_NP	603	167	C	0	0	167	37.5
A_NP	604	142	A	0	0	142	37.0
A_NP	605	153	A	0	0	153	34.4
A_NP	606	154	T	0	0	154	34.1
A_NP	607	135	G	0	0	135	36.7
A_NP	608	149	A	0	0	149	37.2
A_NP	609	141	T	0	0	141	36.0
A_NP	610	141	C	0	0	141	36.5
A_NP	611	148	G	0	0	148	37.7
A_NP	612	158	G	0	0	158	37.9
A_NP	613	166	A	0	0	166	36.3
A_NP	614	145	A	0	0	145	37.8
A_NP	615	143	T	0	0	143	35.5
A_NP	616	142	T	0	0	142	36.3
A_NP	617	140	T	0	0	140	35.5
A_NP	618	146	C	0	0	146	34.8
A_NP	619	138	T	0	0	138	35.2
A_NP	620	143	G	0	0	143	34.4
A_NP	621	137	G	0	0	137	35.8
A_NP	622	135	A	0	0	135	34.3
A_NP	623	137	G	0	0	137	36.8
A_NP	624	141	A	0	0	141	37.1
A_NP	625	151	G	0	0	151	37.2
A_NP	626	109	G	0	0	109	36.4
A_NP	627	143	C	0	0	143	34.3
A_NP	628	142	G	0	0	142	34.4
A_NP	629	141	A	0	0	141	35.7
A_NP	630	124	A	0	0	124	36.3
A_NP	631	144	A	0	0	144	35.4
A_NP	632	126	A	0	0	126	35.0
A_NP	633	146	C	0	0	146	36.6
A_NP	634	119	G	0	0	119	35.4
A_NP	635	129	G	0	0	129	36.0
A_NP	636	121	T	0	0	121	35.1
A_NP	637	131	C	0	0	131	35.0
A_NP	638	114	G	0	0	114	35.7
A_NP	639	117	G	0	0	117	36.2
A_NP	640	117	A	0	0	117	37.1
A_NP	641	112	G	0	0	112	34.4
A_NP	642	110	A	0	0	110	38.0
A_NP	643	115	A	0	0	115	37.1
A_NP	644	111	C	0	0	111	35.8
A_NP	645	134	C	0	0	134	37.0
A_NP	646	126	A	0	0	126	37.2
A_NP	647	120	G	0	0	120	37.7
A_NP	648	106	G	0	0	106	36.4
A_NP	649	109	A	0	0	109	36.1
A_NP	650	112	T	0	0	112	36.0
A_NP	651	126	T	0	0	126	36.2
A_NP	652	113	G	0	0	113	35.6
A_NP	653	112	C	0	0	112	34.7
A_NP	654	119	C	0	0	119	34.7
A_NP	655	110	T	0	0	110	36.6
A_NP	656	125	A	0	0	125	35.5
A_NP	657	107	C	0	0	107	35.5
A_NP	658	105	G	0	0	105	37.7
A_NP	659	110	A	0	0	110	34.0
A_NP	660	102	G	0	0	102	34.1
A_NP	661	108	A	0	0	108	36.9
A_NP	662	109	G	0	0	109	35.7
A_NP	663	107	A	0	0	107	35.1
A_NP	664	117	A	0	0	117	37.3
A_NP	665	126	T	0	0	126	35.6
A_NP	666	103	G	0	0	103	36.6
A_NP	667	109	T	0	0	109	34.3
A_NP	668	110	G	0	0	110	36.8
A_NP	669	106	C	0	0	106	37.9
A_NP	670	102	A	0	0	102	34.3
A_NP	671	102	A	0	0	102	34.3
A_NP	672	102	C	0	0	102	34.8
A_NP	673	99	A	0	0	99	34.1
A_NP	674	106	T	0	0	106	34.5
A_NP	675	108	C	0	0	108	37.3
A_NP	676	100	C	0	0	100	35.9
A_NP	677	103	T	0	0	103	36.5
A_NP	678	107	C	0	0	107	35.2
A_NP	679	102	A	0	0	102	35.3
A_NP	680	97	A	0	0	97	35.1
A_NP	681	113	G	0	0	113	35.6
A_NP	682	108	G	0	0	108	35.8
A_NP	683	112	G	0	0	112	36.2
A_NP	684	106	A	0	0	106	36.7
A_NP	685	105	A	0	0	105	36.4
A_NP	686	98	A	0	0	98	34.7
A_NP	687	105	G	0	0	105	36.1
A_NP	688	108	T	0	0	108	35.2
A_NP	689	112	T	0	0	112	37.0
A_NP	690	95	C	0	0	95	35.5
A_NP	691	100	C	0	0	100	34.7
A_NP	692	110	A	0	0	110	36.4
A_NP	693	94	A	0	0	94	37.1
A_NP	694	112	A	0	0	112	34.8
A_NP	695	118	C	0	0	118	37.8
A_NP	696	102	A	0	0	102	37.1
A_NP	697	106	G	0	0	106	37.0
A_NP	698	112	C	0	0	112	34.7
A_NP	699	107	A	0	0	107	34.6
A_NP	700	108	G	0	0	108	36.8
A_NP	701	125	C	0	0	125	37.1
A_NP	702	107	A	0	0	107	36.0
A_NP	703	109	C	0	0	109	34.7
A_NP	704	108	A	0	0	108	34.2
A_NP	705	100	A	0	0	100	35.3
A_NP	706	108	C	0	0	108	36.4
A_NP	707	106	G	0	0	106	35.3
A_NP	708	124	G	0	0	124	37.4
A_NP	709	111	G	0	0	111	34.8
A_NP	710	120	C	0	0	120	37.1
A_NP	711	121	A	0	0	121	36.9
A_NP	712	109	A	0	0	109	34.2
A_NP	713	106	T	0	0	106	36.1
A_NP	714	133	G	0	0	133	37.8
A_NP	715	113	A	0	0	113	37.3
A_NP	716	118	T	0	0	118	37.1
A_NP	717	129	G	0	0	129	36.0
A_NP	718	119	G	0	0	119	37.0
A_NP	719	128	A	0	0	128	37.1
A_NP	720	126	C	0	0	126	36.7
A_NP	721	125	C	0	0	125	36.8
A_NP	722	129	A	0	0	129	34.6
A_NP	723	129	A	0	0	129	34.7
A_NP	724	144	G	0	0	144	35.2
A_NP	725	137	T	0	0	137	35.3
A_NP	726	123	G	0	0	123	34.9
A_NP	727	145	A	0	0	145	36.9
A_NP	728	117	G	0	0	117	36.5
A_NP	729	136	A	0	0	136	37.3
A_NP	730	134	G	0	0	134	36.3
A_NP	731	148	A	0	0	148	36.0
A_NP	732	145	A	0	0	145	35.1
A_NP	733	142	A	0	0	142	37.4
A_NP	734	141	G	0	0	141	37.9
A_NP	735	126	C	0	0	126	36.6
A_NP	736	139	C	0	0	139	36.1
A_NP	737	144	G	0	0	144	35.2
A_NP	738	143	G	0	0	143	34.1
A_NP	739	155	A	0	0	155	35.6
A_NP	740	137	A	0	0	137	37.1
A_NP	741	143	T	0	0	143	37.0
A_NP	742	152	C	0	0	152	36.1
A_NP	743	164	C	0	0	164	36.1
A_NP	744	147	T	0	0	147	36.0
A_NP	745	148	G	0	0	148	35.4
A_NP	746	147	G	0	0	147	35.6
A_NP	747	169	G	0	0	169	35.2
A_NP	748	160	A	0	0	160	35.3
A_NP	749	143	A	0	0	143	36.8
A_NP	750	152	T	0	0	152	35.1
A_NP	751	149	G	0	0	149	36.5
A_NP	752	155	C	0	0	155	36.8
A_NP	753	147	T	0	0	147	37.2
A_NP	754	156	G	0	0	156	34.6
A_NP	755	147	A	0	0	147	35.9
A_NP	756	168	A	0	0	168	37.3
A_NP	757	175	A	0	0	175	34.1
A_NP	758	156	T	0	0	156	34.1
A_NP	759	167	T	0	0	167	37.1
A_NP	760	157	G	0	0	157	37.7
A_NP	761	170	A	0	0	170	37.4
A_NP	762	165	A	0	0	165	34.3
A_NP	763	175	G	0	0	175	35.2
A_NP	764	165	A	0	0	165	35.0
A_NP	765	163	T	0	0	163	35.6
A_NP	766	180	C	0	0	180	35.1
A_NP	767	161	T	0	0	161	35.6
A_NP	768	155	C	0	0	155	37.9
A_NP	769	169	A	0	0	169	35.2
A_NP	770	151	T	0	0	151	36.7
A_NP	771	163	C	0	0	163	36.2
A_NP	772	183	T	0	0	183	34.1
A_NP	773	188	T	0	0	188	36.2
A_NP	774	187	T	0	0	187	36.9
A_NP	775	184	C	0	0	184	34.7
A_NP	776	149	T	0	0	149	37.3
A_NP	777	169	C	0	0	169	35.2
A_NP	778	183	G	0	0	183	36.3
A_NP	779	194	C	0	0	194	36.5
A_NP	780	190	A	0	0	190	37.4
A_NP	781	172	C	0	0	172	36.9
A_NP	782	192	G	0	0	192	35.8
A_NP	783	175	A	0	0	175	36.2
A_NP	784	191	T	0	0	191	35.7
A_NP	785	201	C	0	0	201	35.6
A_NP	786	184	T	0	0	184	36.3
A_NP	787	170	G	0	0	170	37.6
A_NP	788	189	C	0	0	189	36.4
A_NP	789	183	T	0	0	183	36.6
A_NP	790	193	C	0	0	193	35.2
A_NP	791	182	T	0	0	182	37.5
A_NP	792	206	C	0	0	206	36.1
A_NP	793	183	A	0	0	183	34.5
A_NP	794	181	T	0	0	181	34.1
A_NP	795	179	C	0	0	179	35.1
A_NP	796	181	C	0	0	181	34.0
A_NP	797	184	T	0	0	184	38.0
A_NP	798	166	G	0	0	166	36.2
A_NP	799	181	A	0	0	181	34.6
A_NP	800	184	G	0	0	184	36.2
A_NP	801	182	G	0	0	182	36.0
A_NP	802	199	G	0	0	199	37.1
A_NP	803	180	G	0	0	180	36.6
A_NP	804	179	A	0	0	179	34.1
A_NP	805	167	T	0	0	167	36.4
A_NP	806	186	C	0	0	186	37.1
A_NP	807	172	A	0	0	172	37.7
A_NP	808	193	G	0	0	193	35.4
A_NP	809	196	T	0	0	196	35.2
A_NP	810	184	G	0	0	184	35.8
A_NP	811	160	G	0	0	160	36.7
A_NP	812	204	C	0	0	204	37.5
A_NP	813	179	T	0	0	179	37.3
A_NP	814	184	C	0	0	184	35.3
A_NP	815	192	A	0	0	192	36.8
A_NP	816	193	T	0	0	193	36.3
A_NP	817	188	A	0	0	188	34.5
A_NP	818	189	A	0	0	189	34.1
A_NP	819	176	G	0	0	176	35.1
A_NP	820	203	T	0	0	203	34.7
A_NP	821	206	C	0	0	206	37.0
A_NP	822	206	C	0	0	206	35.7
A_NP	823	197	T	0	0	197	36.2
A_NP	824	174	G	0	0	174	37.6
A_NP	825	201	T	0	0	201	36.4
A_NP	826	172	C	0	0	172	34.0
A_NP	827	203	T	0	0	203	36.8
A_NP	828	174	G	0	0	174	34.9
A_NP	829	196	C	0	0	196	37.8
A_NP	830	178	C	0	0	178	36.3
A_NP	831	187	T	0	0	187	37.4
A_NP	832	204	G	0	0	204	35.4
A_NP	833	184	C	0	0	184	37.4
A_NP	834	193	T	0	0	193	37.2
A_NP	835	181	T	0	0	181	37.2
A_NP	836	180	G	0	0	180	35.8
A_NP	837	177	C	0	0	177	37.3
A_NP	838	206	G	0	0	206	36.7
A_NP	839	186	T	0	0	186	35.7
A_NP	840	189	A	0	0	189	34.1
A_NP	841	183	T	0	0	183	35.8
A_NP	842	172	A	0	0	172	37.8
A_NP	843	174	T	0	0	174	34.6
A_NP	844	186	G	0	0	186	37.0
A_NP	845	197	G	0	0	197	36.6
A_NP	846	172	A	0	0	172	35.2
A_NP	847	179	C	0	0	179	35.0
A_NP	848	196	T	0	0	196	34.7
A_NP	849	175	T	0	0	175	36.0
A_NP	850	173	G	0	0	173	36.6
A_NP	851	173	C	0	0	173	36.6
A_NP	852	173	T	0	0	173	36.0
A_NP	853	184	G	0	0	184	36.3
A_NP	854	197	T	0	0	197	34.9
A_NP	855	168	A	0	0	168	34.0
A_NP	856	162	G	0	0	162	36.5
A_NP	857	182	C	0	0	182	37.1
A_NP	858	178	C	0	0	178	37.0
A_NP	859	184	A	0	0	184	34.6
A_NP	860	169	G	0	0	169	35.2
A_NP	861	156	T	0	0	156	35.8
A_NP	862	179	G	0	0	179	36.3
A_NP	863	178	G	0	0	178	35.4
A_NP	864	153	A	0	0	153	36.4
A_NP	865	160	T	0	0	160	37.3
A_NP	866	172	A	0	0	172	35.5
A_NP	867	163	T	0	0	163	35.5
A_NP	868	181	G	0	0	181	37.1
A_NP	869	180	A	0	0	180	34.2
A_NP	870	193	C	0	0	193	35.2
A_NP	871	170	T	0	0	170	36.5
A_NP	872	168	T	0	0	168	34.2
A_NP	873	156	T	0	0	156	35.6
A_NP	874	162	G	0	0	162	35.6
A_NP	875	193	A	0	0	193	37.5
A_NP	876	183	A	0	0	183	37.5
A_NP	877	162	A	0	0	162	35.7
A_NP	878	175	G	0	0	175	37.6
A_NP	879	180	A	0	0	180	37.0
A_NP	880	156	G	0	0	156	36.2
A_NP	881	161	A	0	0	161	34.4
A_NP	882	173	G	0	0	173	37.1
A_NP	883	164	G	0	0	164	37.8
A_NP	884	170	G	0	0	170	35.9
A_NP	885	181	A	0	0	181	35.5
A_NP	886	182	T	0	0	182	34.6
A_NP	887	158	A	0	0	158	36.7
A_NP	888	166	T	0	0	166	38.0
A_NP	889	171	T	0	0	171	35.1
A_NP	890	192	C	0	0	192	37.7
A_NP	891	183	T	0	0	183	37.3
A_NP	892	172	C	0	0	172	35.3
A_NP	893	161	T	0	0	161	35.0
A_NP	894	165	A	0	0	165	37.2
A_NP	895	174	G	0	0	174	34.3
A_NP	896	165	T	0	0	165	37.8
A_NP	897	192	C	0	0	192	34.2
A_NP	898	168	G	0	0	168	36.8
A_NP	899	181	G	0	0	181	34.4
A_NP	900	156	A	0	0	156	35.6
A_NP	901	178	A	0	0	178	36.1
A_NP	902	182	T	0	0	182	37.0
A_NP	903	176	T	0	0	176	34.2
A_NP	904	178	G	0	0	178	37.4
A_NP	905	182	A	0	0	182	37.1
A_NP	906	174	T	0	0	174	34.2
A_NP	907	163	C	0	0	163	35.9
A_NP	908	175	C	0	0	175	35.6
A_NP	909	180	T	0	0	180	34.4
A_NP	910	182	T	0	0	182	37.3
A_NP	911	186	T	0	0	186	36.3
A_NP	912	166	C	0	0	166	37.2
A_NP	913	183	C	0	0	183	35.8
A_NP	914	197	G	0	0	197	35.0
A_NP	915	165	T	0	0	165	34.9
A_NP	916	185	C	0	0	185	35.0
A_NP	917	195	T	0	0	195	38.0
A_NP	918	202	G	0	0	202	35.0
A_NP	919	173	C	0	0	173	36.8
A_NP	920	175	T	0	0	175	34.2
A_NP	921	201	C	0	0	201	34.1
A_NP	922	181	C	0	0	181	37.6
A_NP	923	182	A	0	0	182	35.9
A_NP	924	192	A	0	0	192	35.0
A_NP	925	190	A	0	0	190	36.9
A_NP	926	198	A	0	0	198	35.5
A_NP	927	213	C	0	0	213	35.7
A_NP	928	177	A	0	0	177	34.0
A_NP	929	186	G	0	0	186	37.2
A_NP	930	183	C	0	0	183	34.8
A_NP	931	190	C	0	0	190	34.4
A_NP	932	183	A	0	0	183	37.4
A_NP	933	183	A	0	0	183	36.8
A_NP	934	188	G	0	0	188	37.0
A_NP	935	195	T	0	0	195	34.4
A_NP	936	171	C	0	0	171	35.7
A_NP	937	196	T	0	0	196	34.1
A_NP	938	196	T	0	0	196	35.7
A_NP	939	176	C	0	0	176	36.7
A_NP	940	211	A	0	0	211	37.1
A_NP	941	188	G	0	0	188	35.6
A_NP	942	200	T	0	0	200	34.2
A_NP	943	206	C	0	0	206	35.8
A_NP	944	162	T	0	0	162	35.8
A_NP	945	218	C	0	0	218	36.4
A_NP	946	184	A	0	0	184	34.4
A_NP	947	197	T	0	0	197	36.9
A_NP	948	211	C	0	0	211	35.0
A_NP	949	210	A	0	0	210	35.8
A_NP	950	197	G	0	0	197	35.1
A_NP	951	226	A	0	0	226	37.0
A_NP	952	192	C	0	0	192	34.3
A_NP	953	212	C	0	0	212	34.4
A_NP	954	214	G	0	0	214	37.6
A_NP	955	226	A	0	0	226	34.2
A_NP	956	215	A	0	0	215	34.2
A_NP	957	182	C	0	0	182	36.2
A_NP	958	191	G	0	0	191	37.4
A_NP	959	199	A	0	0	199	34.1
A_NP	960	208	A	0	0	208	37.3
A_NP	961	201	A	0	0	201	36.7
A_NP	962	215	A	0	0	215	37.1
A_NP	963	205	T	0	0	205	34.3
A_NP	964	205	C	0	0	205	37.8
A_NP	965	200	C	0	0	200	36.5
A_NP	966	201	A	0	0	201	34.8
A_NP	967	214	G	0	0	214	36.2
A_NP	968	200	C	0	0	200	36.2
A_NP	969	198	T	0	0	198	36.3
A_NP	970	210	C	0	0	210	34.6
A_NP	971	209	A	0	0	209	35.7
A_NP	972	182	T	0	0	182	34.9
A_NP	973	223	A	0	0	223	37.4
A_NP	974	196	A	0	0	196	35.6
A_NP	975	226	A	0	0	226	34.3
A_NP	976	224	A	0	0	224	34.5
A_NP	977	210	G	0	0	210	37.4
A_NP	978	195	T	0	0	195	36.1
A_NP	979	206	C	0	0	206	35.0
A_NP	980	215	A	0	0	215	37.2
A_NP	981	207	G	0	0	207	37.3
A_NP	982	208	C	0	0	208	36.2
A_NP	983	222	T	0	0	222	36.4
A_NP	984	206	G	0	0	206	35.8
A_NP	985	227	G	0	0	227	36.4
A_NP	986	196	T	0	0	196	37.5
A_NP	987	217	A	0	0	217	36.8
A_NP	988	207	T	0	0	207	36.2
A_NP	989	214	G	0	0	214	34.1
A_NP	990	225	G	0	0	225	35.5
A_NP	991	200	A	0	0	200	35.3
A_NP	992	212	T	0	0	212	36.0
A_NP	993	200	G	0	0	200	37.4
A_NP	994	197	G	0	0	197	36.6
A_NP	995	239	C	0	0	239	38.0
A_NP	996	213	A	0	0	213	34.6
A_NP	997	223	T	0	0	223	37.7
A_NP	998	224	G	0	0	224	35.7
A_NP	999	202	C	0	0	202	36.3
A_NP	1000	187	C	0	0	187	36.5
A_NP	1001	195	A	0	0	195	35.9
A_NP	1002	213	C	0	0	213	35.8
A_NP	1003	205	T	0	0	205	35.4
A_NP	1004	202	C	0	0	202	36.1
A_NP	1005	211	T	0	0	211	35.6
A_NP	1006	212	G	0	0	212	35.0
A_NP	1007	202	C	0	0	202	35.8
A_NP	1008	218	G	0	0	218	36.9
A_NP	1009	192	G	0	0	192	35.7
A_NP	1010	216	C	0	0	216	35.4
A_NP	1011	203	A	0	0	203	35.2
A_NP	1012	202	T	0	0	202	34.6
A_NP	1013	199	T	0	0	199	34.7
A_NP	1014	212	T	0	0	212	37.3
A_NP	1015	213	G	0	0	213	36.1
A_NP	1016	215	A	0	0	215	34.8
A_NP	1017	191	G	0	0	191	35.1
A_NP	1018	183	G	0	0	183	37.7
A_NP	1019	200	A	0	0	200	36.2
A_NP	1020	204	T	0	0	204	34.4
A_NP	1021	211	C	0	0	211	35.7
A_NP	1022	198	T	0	0	198	37.9
A_NP	1023	181	G	0	0	181	34.0
A_NP	1024	182	A	0	0	182	34.9
A_NP	1025	179	G	0	0	179	36.7
A_NP	1026	182	A	0	0	182	36.2
A_NP	1027	190	G	0	0	190	36.0
A_NP	1028	214	T	0	0	214	35.1
A_NP	1029	203	G	0	0	203	37.0
A_NP	1030	191	T	0	0	191	34.8
A_NP	1031	198	C	0	0	198	34.4
A_NP	1032	176	A	0	0	176	36.0
A_NP	1033	192	A	0	0	192	35.1
A_NP	1034	176	G	0	0	176	37.0
A_NP	1035	194	C	0	0	194	37.3
A_NP	1036	181	T	0	0	181	37.8
A_NP	1037	187	T	0	0	187	35.9
A_NP	1038	171	C	0	0	171	37.8
A_NP	1039	182	A	0	0	182	35.2
A_NP	1040	187	T	0	0	187	36.1
A_NP	1041	191	C	0	0	191	35.0
A_NP	1042	187	A	0	0	187	36.1
A_NP	1043	177	G	0	0	177	36.1
A_NP	1044	173	A	0	0	173	36.6
A_NP	1045	194	G	0	0	194	34.3
A_NP	1046	166	G	0	0	166	35.2
A_NP	1047	174	G	0	0	174	38.0
A_NP	1048	152	A	0	0	152	37.9
A_NP	1049	162	C	0	0	162	35.7
A_NP	1050	164	A	0	0	164	36.6
A_NP	1051	177	A	0	0	177	36.4
A_NP	1052	142	G	0	0	142	35.4
A_NP	1053	161	A	0	0	161	36.1
A_NP	1054	182	G	0	0	182	37.1
A_NP	1055	172	T	0	0	172	36.3
A_NP	1056	162	A	0	0	162	34.9
A_NP	1057	160	G	0	0	160	36.0
A_NP	1058	150	T	0	0	150	35.5
A_NP	1059	146	C	0	0	146	37.7
A_NP	1060	161	C	0	0	161	34.1
A_NP	1061	141	C	0	0	141	35.2
A_NP	1062	139	A	0	0	139	35.9
A_NP	1063	156	A	0	0	156	34.4
A_NP	1064	167	G	0	0	167	34.2
A_NP	1065	151	A	0	0	151	36.2
A_NP	1066	149	G	0	0	149	35.0
A_NP	1067	145	G	0	0	145	37.0
A_NP	1068	155	A	0	0	155	36.9
A_NP	1069	134	C	0	0	134	34.0
A_NP	1070	130	A	0	0	130	37.5
A_NP	1071	143	A	0	0	143	34.7
A_NP	1072	138	C	0	0	138	34.8
A_NP	1073	137	T	0	0	137	36.1
A_NP	1074	136	G	0	0	136	37.7
A_NP	1075	126	T	0	0	126	37.3
A_NP	1076	136	C	0	0	136	34.2
A_NP	1077	138	C	0	0	138	37.8
A_NP	1078	145	A	0	0	145	36.8
A_NP	1079	130	C	0	0	130	35.5
A_NP	1080	142	C	0	0	142	35.4
A_NP	1081	133	A	0	0	133	37.4
A_NP	1082	149	G	0	0	149	37.5
A_NP	1083	120	A	0	0	120	36.6
A_NP	1084	138	G	0	0	138	37.6
A_NP	1085	125	G	0	0	125	36.1
A_NP	1086	135	A	0	0	135	37.2
A_NP	1087	136	G	0	0	136	36.6
A_NP	1088	124	T	0	0	124	36.1
A_NP	1089	139	T	0	0	139	36.4
A_NP	1090	112	C	0	0	112	34.1
A_NP	1091	120	A	0	0	120	37.9
A_NP	1092	120	G	0	0	120	34.4
A_NP	1093	117	A	0	0	117	35.4
A_NP	1094	113	T	0	0	113	36.1
A_NP	1095	128	T	0	0	128	37.3
A_NP	1096	115	G	0	0	115	34.8
A_NP	1097	120	C	0	0	120	34.7
A_NP	1098	126	T	0	0	126	37.0
A_NP	1099	122	T	0	0	122	34.1
A_NP	1100	129	C	0	0	129	36.6
A_NP	1101	122	A	0	0	122	37.1
A_NP	1102	120	A	0	0	120	37.0
A_NP	1103	111	A	0	0	111	36.2
A_NP	1104	111	T	0	0	111	36.9
A_NP	1105	113	G	0	0	113	34.2
A_NP	1106	123	A	0	0	123	37.9
A_NP	1107	124	A	0	0	124	37.5
A_NP	1108	121	A	0	0	121	35.6
A_NP	1109	103	A	0	0	103	34.4
A_NP	1110	116	C	0	0	116	35.5
A_NP	1111	100	A	0	0	100	35.3
A_NP	1112	111	T	0	0	111	36.6
A_NP	1113	119	G	0	0	119	36.7
A_NP	1114	109	G	0	0	109	37.1
A_NP	1115	123	A	0	0	123	36.0
A_NP	1116	118	G	0	0	118	35.9
A_NP	1117	109	A	0	0	109	36.0
A_NP	1118	111	C	0	0	111	37.1
A_NP	1119	116	A	0	0	116	37.8
A_NP	1120	106	A	0	0	106	34.3
A_NP	1121	111	T	0	0	111	36.9
A_NP	1122	117	G	0	0	117	36.1
A_NP	1123	108	G	0	0	108	34.6
A_NP	1124	103	A	0	0	103	36.8
A_NP	1125	113	C	0	0	113	37.0
A_NP	1126	104	T	0	0	104	38.0
A_NP	1127	116	C	0	0	116	36.7
A_NP	1128	116	C	0	0	116	35.4
A_NP	1129	115	A	0	0	115	34.6
A_NP	1130	118	G	0	0	118	36.5
A_NP	1131	113	T	0	0	113	36.0
A_NP	1132	126	A	0	0	126	36.6
A_NP	1133	121	C	0	0	121	38.0
A_NP	1134	123	T	0	0	123	36.7
A_NP	1135	118	C	0	0	118	35.9
A_NP	1136	121	T	0	0	121	37.3
A_NP	1137	109	T	0	0	109	34.7
A_NP	1138	108	G	0	0	108	34.9
A_NP	1139	105	A	0	0	105	35.0
A_NP	1140	117	A	0	0	117	37.5
A_NP	1141	113	C	0	0	113	36.3
A_NP	1142	118	T	0	0	118	36.7
A_NP	1143	116	G	0	0	116	34.4
A_NP	1144	130	A	0	0	130	36.0
A_NP	1145	129	G	0	0	129	36.3
A_NP	1146	118	G	0	0	118	34.2
A_NP	1147	110	A	0	0	110	34.0
A_NP	1148	108	G	0	0	108	36.3
A_NP	1149	119	C	0	0	119	37.4
A_NP	1150	117	A	0	0	117	36.9
A_NP	1151	121	G	0	0	121	35.1
A_NP	1152	121	A	0	0	121	35.4
A_NP	1153	136	T	0	0	136	37.5
A_NP	1154	113	A	0	0	113	34.9
A_NP	1155	119	C	0	0	119	35.3
A_NP	1156	125	T	0	0	125	37.6
A_NP	1157	143	G	0	0	143	36.7
A_NP	1158	123	G	0	0	123	35.1
A_NP	1159	128	G	0	0	128	36.3
A_NP	1160	134	C	0	0	134	36.5
A_NP	1161	133	T	0	0	133	34.6
A_NP	1162	118	A	0	0	118	34.8
A_NP	1163	130	T	0	0	130	34.6
A_NP	1164	137	A	0	0	137	35.6
A_NP	1165	122	A	0	0	122	35.4
A_NP	1166	137	G	0	0	137	35.2
A_NP	1167	138	A	0	0	138	35.5
A_NP	1168	125	A	0	0	125	34.3
A_NP	1169	126	C	0	0	126	36.1
A_NP	1170	134	A	0	0	134	37.5
A_NP	1171	130	A	0	0	130	34.5
A_NP	1172	123	G	0	0	123	35.5
A_NP	1173	127	A	0	0	127	34.4
A_NP	1174	146	A	0	0	146	35.1
A_NP	1175	141	G	0	0	141	37.5
A_NP	1176	129	T	0	0	129	35.2
A_NP	1177	136	G	0	0	136	36.7
A_NP	1178	147	G	0	0	147	37.6
A_NP	1179	146	A	0	0	146	34.1
A_NP	1180	141	G	0	0	141	34.4
A_NP	1181	147	G	0	0	147	34.8
A_NP	1182	140	A	0	0	140	36.6
A_NP	1183	139	A	0	0	139	37.9
A_NP	1184	146	A	0	0	146	34.2
A_NP	1185	152	C	0	0	152	37.5
A_NP	1186	128	A	0	0	128	34.0
A_NP	1187	143	C	0	0	143	34.1
A_NP	1188	145	T	0	0	145	34.4
A_NP	1189	144	A	0	0	144	38.0
A_NP	1190	143	A	0	0	143	37.5
A_NP	1191	152	C	0	0	152	36.6
A_NP	1192	146	C	0	0	146	37.2
A_NP	1193	148	A	0	0	148	37.1
A_NP	1194	141	A	0	0	141	34.6
A_NP	1195	149	C	0	0	149	37.8
A_NP	1196	151	A	0	0	151	34.7
A_NP	1197	144	G	0	0	144	34.2
A_NP	1198	137	A	0	0	137	37.0
A_NP	1199	151	G	0	0	151	36.3
A_NP	1200	157	A	0	0	157	36.6
A_NP	1201	142	G	0	0	142	35.4
A_NP	1202	144	C	0	0	144	37.7
A_NP	1203	135	A	0	0	135	35.4
A_NP	1204	141	T	0	0	141	35.6
A_NP	1205	151	C	0	0	151	37.4
A_NP	1206	168	T	0	0	168	36.4
A_NP	1207	149	G	0	0	149	34.8
A_NP	1208	140	C	0	0	140	37.3
A_NP	1209	141	A	0	0	141	37.9
A_NP	1210	156	G	0	0	156	36.4
A_NP	1211	148	G	0	0	148	36.9
A_NP	1212	140	A	0	0	140	35.0
A_NP	1213	143	C	0	0	143	36.4
A_NP	1214	146	A	0	0	146	37.8
A_NP	1215	184	A	0	0	184	34.2
A_NP	1216	162	A	0	0	162	35.6
A_NP	1217	152	T	0	0	152	37.3
A_NP	1218	159	C	0	0	159	36.3
A_NP	1219	149	A	0	0	149	35.1
A_NP	1220	147	G	0	0	147	35.4
A_NP	1221	155	C	0	0	155	37.3
A_NP	1222	174	G	0	0	174	35.2
A_NP	1223	159	T	0	0	159	36.1
A_NP	1224	179	A	0	0	179	36.1
A_NP	1225	162	C	0	0	162	35.7
A_NP	1226	156	A	0	0	156	36.9
A_NP	1227	146	G	0	0	146	37.4
A_NP	1228	154	C	0	0	154	37.3
A_NP	1229	145	C	0	0	145	35.7
A_NP	1230	140	C	0	0	140	34.5
A_NP	1231	151	A	0	0	151	37.7
A_NP	1232	151	C	0	0	151	36.2
A_NP	1233	152	A	0	0	152	36.9
A_NP	1234	158	T	0	0	158	37.7
A_NP	1235	149	T	0	0	149	36.4
A_NP	1236	149	C	0	0	149	35.4
A_NP	1237	159	T	0	0	159	37.1
A_NP	1238	178	C	0	0	178	36.1
A_NP	1239	168	T	0	0	168	35.1
A_NP	1240	166	G	0	0	166	37.3
A_NP	1241	162	T	0	0	162	35.5
A_NP	1242	155	G	0	0	155	34.5
A_NP	1243	138	C	0	0	138	36.6
A_NP	1244	171	A	0	0	171	36.0
A_NP	1245	140	A	0	0	140	37.1
A_NP	1246	164	A	0	0	164	34.0
A_NP	1247	163	G	0	0	163	34.4
A_NP	1248	148	A	0	0	148	34.3
A_NP	1249	157	A	0	0	157	37.4
A_NP	1250	163	A	0	0	163	35.7
A_NP	1251	148	C	0	0	148	36.2
A_NP	1252	161	C	0	0	161	37.7
A_NP	1253	133	T	0	0	133	34.4
A_NP	1254	160	C	0	0	160	36.7
A_NP	1255	152	C	0	0	152	34.3
A_NP	1256	189	C	0	0	189	36.3
A_NP	1257	158	A	0	0	158	37.5
A_NP	1258	156	T	0	0	156	37.0
A_NP	1259	184	T	0	0	184	37.2
A_NP	1260	151	C	0	0	151	35.8
A_NP	1261	163	G	0	0	163	34.1
A_NP	1262	161	A	0	0	161	35.5
A_NP	1263	151	G	0	0	151	37.8
A_NP	1264	158	A	0	0	158	37.4
A_NP	1265	153	G	0	0	153	34.1
A_NP	1266	156	A	0	0	156	36.4
A_NP	1267	160	G	0	0	160	34.2
A_NP	1268	152	C	0	0	152	34.6
A_NP	1269	142	A	0	0	142	36.3
A_NP	1270	149	A	0	0	149	36.6
A_NP	1271	141	C	0	0	141	34.7
A_NP	1272	154	C	0	0	154	35.0
A_NP	1273	146	A	0	0	146	36.7
A_NP	1274	159	T	0	0	159	34.4
A_NP	1275	154	C	0	0	154	36.4
A_NP	1276	139	A	0	0	139	34.6
A_NP	1277	153	T	0	0	153	34.3
A_NP	1278	159	G	0	0	159	37.6
A_NP	1279	147	G	0	0	147	34.3
A_NP	1280	144	C	0	0	144	38.0
A_NP	1281	142	A	0	0	142	36.6
A_NP	1282	139	G	0	0	139	37.8
A_NP	1283	147	C	0	0	147	34.7
A_NP	1284	163	A	0	0	163	36.6
A_NP	1285	157	T	0	0	157	35.0
A_NP	1286	146	T	0	0	146	37.5
A_NP	1287	144	T	0	0	144	34.5
A_NP	1288	158	A	0	0	158	37.9
A_NP	1289	138	C	0	0	138	37.1
A_NP	1290	151	G	0	0	151	37.8
A_NP	1291	145	G	0	0	145	37.3
A_NP	1292	149	G	0	0	149	36.1
A_NP	1293	120	A	0	0	120	35.6
A_NP	1294	161	A	0	0	161	35.4
A_NP	1295	140	A	0	0	140	35.3
A_NP	1296	136	C	0	0	136	37.8
A_NP	1297	137	A	0	0	137	34.8
A_NP	1298	147	C	0	0	147	36.2
A_NP	1299	133	T	0	0	133	37.6
A_NP	1300	142	G	0	0	142	34.9
A_NP	1301	146	A	0	0	146	36.5
A_NP	1302	149	A	0	0	149	37.3
A_NP	1303	139	G	0	0	139	35.1
A_NP	1304	150	G	0	0	150	36.0
A_NP	1305	151	C	0	0	151	36.1
A_NP	1306	140	A	0	0	140	35.3
A_NP	1307	131	G	0	0	131	37.0
A_NP	1308	151	A	0	0	151	34.5
A_NP	1309	137	A	0	0	137	36.5
A_NP	1310	142	C	0	0	142	36.9
A_NP	1311	170	T	0	0	170	35.3
A_NP	1312	161	T	0	0	161	35.5
A_NP	1313	158	C	0	0	158	37.3
A_NP	1314	140	A	0	0	140	34.0
A_NP	1315	148	G	0	0	148	34.1
A_NP	1316	152	A	0	0	152	35.4
A_NP	1317	123	C	0	0	123	35.3
A_NP	1318	139	A	0	0	139	37.5
A_NP	1319	157	T	0	0	157	37.7
A_NP	1320	169	G	0	0	169	35.2
A_NP	1321	148	A	0	0	148	35.6
A_NP	1322	158	G	0	0	158	35.6
A_NP	1323	143	A	0	0	143	37.3
A_NP	1324	136	A	0	0	136	35.2
A_NP	1325	157	C	0	0	157	34.3
A_NP	1326	164	T	0	0	164	37.5
A_NP	1327	147	G	0	0	147	35.7
A_NP	1328	155	A	0	0	155	36.6
A_NP	1329	146	G	0	0	146	35.2
A_NP	1330	150	A	0	0	150	35.8
A_NP	1331	148	T	0	0	148	36.9
A_NP	1332	166	C	0	0	166	37.2
A_NP	1333	164	A	0	0	164	36.8
A_NP	1334	176	T	0	0	176	35.8
A_NP	1335	139	A	0	0	139	37.6
A_NP	1336	156	A	0	0	156	36.8
A_NP	1337	149	G	0	0	149	36.3
A_NP	1338	165	G	0	0	165	36.0
A_NP	1339	163	A	0	0	163	37.2
A_NP	1340	163	T	0	0	163	37.2
A_NP	1341	170	G	0	0	170	36.6
A_NP	1342	148	A	0	0	148	34.2
A_NP	1343	161	T	0	0	161	35.1
A_NP	1344	183	G	0	0	183	34.2
A_NP	1345	173	G	0	0	173	35.9
A_NP	1346	176	A	0	0	176	34.3
A_NP	1347	173	A	0	0	173	36.9
A_NP	1348	165	A	0	0	165	37.4
A_NP	1349	159	A	0	0	159	35.8
A_NP	1350	167	T	0	0	167	36.2
A_NP	1351	170	G	0	0	170	34.7
A_NP	1352	184	C	0	0	184	36.6
A_NP	1353	170	C	0	0	170	35.9
A_NP	1354	166	A	0	0	166	35.9
A_NP	1355	194	G	0	0	194	34.2
A_NP	1356	177	A	0	0	177	35.7
A_NP	1357	179	C	0	0	179	35.5
A_NP	1358	163	C	0	0	163	37.0
A_NP	1359	185	T	0	0	185	37.7
A_NP	1360	179	G	0	0	179	35.7
A_NP	1361	189	A	0	0	189	36.3
A_NP	1362	181	A	0	0	181	36.0
A_NP	1363	180	G	0	0	180	35.4
A_NP	1364	183	A	0	0	183	36.1
A_NP	1365	197	T	0	0	197	37.1
A_NP	1366	189	G	0	0	189	36.9
A_NP	1367	193	T	0	0	193	35.5
A_NP	1368	186	G	0	0	186	35.8
A_NP	1369	203	T	0	0	203	34.0
A_NP	1370	195	C	0	0	195	37.6
A_NP	1371	186	T	0	0	186	34.6
A_NP	1372	193	T	0	0	193	36.9
A_NP	1373	192	T	0	0	192	35.6
A_NP	1374	211	C	0	0	211	37.3
A_NP	1375	219	C	0	0	219	35.6
A_NP	1376	188	A	0	0	188	34.2
A_NP	1377	202	G	0	0	202	34.8
A_NP	1378	189	G	0	0	189	37.2
A_NP	1379	202	G	0	0	202	37.3
A_NP	1380	207	G	0	0	207	37.1
A_NP	1381	203	C	0	0	203	36.5
A_NP	1382	190	G	0	0	190	35.3
A_NP	1383	199	G	0	0	199	36.5
A_NP	1384	190	G	0	0	190	36.6
A_NP	1385	202	G	0	0	202	34.4
A_NP	1386	187	A	0	0	187	36.7
A_NP	1387	212	G	0	0	212	37.7
A_NP	1388	192	T	0	0	192	35.3
A_NP	1389	184	C	0	0	184	38.0
A_NP	1390	189	T	0	0	189	34.9
A_NP	1391	203	T	0	0	203	37.0
A_NP	1392	227	C	0	0	227	37.3
A_NP	1393	215	G	0	0	215	35.7
A_NP	1394	202	A	0	0	202	38.0
A_NP	1395	185	G	0	0	185	36.3
A_NP	1396	216	C	0	0	216	36.5
A_NP	1397	208	T	0	0	208	34.6
A_NP	1398	209	C	0	0	209	37.2
A_NP	1399	234	T	0	0	234	34.2
A_NP	1400	217	C	0	0	217	36.0
A_NP	1401	229	G	0	0	229	36.1
A_NP	1402	220	G	0	0	220	35.2
A_NP	1403	218	A	0	0	218	36.2
A_NP	1404	242	C	0	0	242	36.2
A_NP	1405	229	G	0	0	229	38.0
A_NP	1406	223	A	0	0	223	36.0
A_NP	1407	205	A	0	0	205	37.3
A_NP	1408	216	A	0	0	216	35.8
A_NP	1409	222	A	0	0	222	34.2
A_NP	1410	200	G	0	0	200	34.1
A_NP	1411	232	G	0	0	232	37.7
A_NP	1412	206	C	0	0	206	35.5
A_NP	1413	210	A	0	0	210	37.4
A_NP	1414	224	A	0	0	224	34.5
A_NP	1415	229	C	0	0	229	37.2
A_NP	1416	187	G	0	0	187	34.5
A_NP	1417	186	A	0	0	186	34.7
A_NP	1418	207	A	0	0	207	34.3
A_NP	1419	191	C	0	0	191	38.0
A_NP	1420	197	C	0	0	197	35.3
A_NP	1421	195	C	0	0	195	35.2
A_NP	1422	174	G	0	0	174	36.3
A_NP	1423	199	A	0	0	199	36.5
A_NP	1424	214	T	0	0	214	37.4
A_NP	1425	189	C	0	0	189	36.7
A_NP	1426	185	G	0	0	185	36.1
A_NP	1427	161	T	0	0	161	37.5
A_NP	1428	163	G	0	0	163	35.5
A_NP	1429	170	C	0	0	170	35.8
A_NP	1430	174	C	0	0	174	36.4
A_NP	1431	183	T	0	0	183	36.0
A_NP	1432	148	T	0	0	148	34.2
A_NP	1433	147	C	0	0	147	36.6
A_NP	1434	160	C	0	0	160	36.7
A_NP	1435	156	T	0	0	156	37.5
A_NP	1436	163	T	0	0	163	37.5
A_NP	1437	146	T	0	0	146	35.3
A_NP	1438	139	G	0	0	139	37.3
A_NP	1439	139	A	0	0	139	34.3
A_NP	1440	127	C	0	0	127	37.0
A_NP	1441	139	A	0	0	139	37.5
A_NP	1442	139	T	0	0	139	35.1
A_NP	1443	131	G	0	0	131	34.6
A_NP	1444	128	A	0	0	128	36.9
A_NP	1445	120	G	0	0	120	34.8
A_NP	1446	130	T	0	0	130	35.3
A_NP	1447	124	A	0	0	124	36.3
A_NP	1448	125	A	0	0	125	34.9
A_NP	1449	103	T	0	0	103	37.9
A_NP	1450	109	G	0	0	109	36.2
A_NP	1451	117	A	0	0	117	37.9
A_NP	1452	108	A	0	0	108	36.0
A_NP	1453	103	G	0	0	103	37.8
A_NP	1454	99	G	0	0	99	34.3
A_NP	1455	115	A	0	0	115	37.3
A_NP	1456	90	T	0	0	90	35.3
A_NP	1457	98	C	0	0	98	34.0
A_NP	1458	91	T	0	0	91	37.6
A_NP	1459	84	T	0	0	84	35.7
A_NP	1460	90	A	0	0	90	37.7
A_NP	1461	87	T	0	0	87	35.3
A_NP	1462	79	T	0	0	79	35.3
A_NP	1463	75	T	0	0	75	35.3
A_NP	1464	75	C	0	0	75	35.3
A_NP	1465	73	T	0	0	73	35.8
A_NP	1466	76	T	0	0	76	37.7
A_NP	1467	68	C	0	0	68	36.6
A_NP	1468	69	G	0	0	69	36.7
A_NP	1469	64	G	0	0	64	35.0
A_NP	1470	62	A	0	0	62	37.4
A_NP	1471	64	G	0	0	64	34.9
A_NP	1472	55	A	0	0	55	36.7
A_NP	1473	56	C	0	0	56	34.9
A_NP	1474	53	A	0	0	53	35.4
A_NP	1475	48	A	0	0	48	35.7
A_NP	1476	48	T	0	0	48	37.4
A_NP	1477	43	G	0	0	43	34.6
A_NP	1478	40	C	0	0	40	37.4
A_NP	1479	41	A	0	0	41	36.0
A_NP	1480	35	G	0	0	35	37.0
A_NP	1481	32	A	0	0	32	37.2
A_NP	1482	34	G	0	0	34	36.4
A_NP	1483	31	G	0	0	31	35.4
A_NP	1484	26	A	0	0	26	34.1
A_NP	1485	24	G	0	0	24	34.5
A_NP	1486	24	T	0	0	24	34.2
A_NP	1487	20	A	0	0	20	34.7
A_NP	1488	18	T	0	0	18	37.9
A_NP	1489	16	G	0	0	16	36.3
A_NP	1490	14	A	0	0	14	36.6
A_NP	1491	12	C	0	0	12	35.3
A_NP	1492	10	A	0	0	10	35.5
A_NP	1493	8	A	0	0	8	35.5
A_NP	1494	6	T	0	0	6	34.1
A_NP	1495	4	T	0	0	4	36.9
A_NP	1496	2	A	0	0	2	37.6
A_NP	1497	0	A	0	0	0	37.0
