Reference_Name	Position	Coverage Depth	Consensus	Deletions	Ambiguous	Consensus_Count	Consensus_Average_Quality
A_PA	1	2	A	0	0	2	35.7
A_PA	2	3	T	0	0	3	34.1
A_PA	3	5	G	0	0	5	38.0
A_PA	4	6	G	0	0	6	37.0
A_PA	5	8	A	0	0	8	37.7
A_PA	6	12	A	0	0	12	37.1
A_PA	7	13	G	0	0	13	37.0
A_PA	8	13	A	0	0	13	35.4
A_PA	9	15	C	0	0	15	36.0
A_PA	10	17	T	0	0	17	34.8
A_PA	11	20	T	0	0	20	35.7
A_PA	12	20	T	0	0	20	34.4
A_PA	13	20	G	0	0	20	36.5
A_PA	14	25	T	0	0	25	34.6
A_PA	15	26	G	0	0	26	37.0
A_PA	16	27	C	0	0	27	36.6
A_PA	17	32	G	0	0	32	34.7
A_PA	18	31	A	0	0	31	34.8
A_PA	19	37	C	0	0	37	35.2
A_PA	20	40	A	0	0	40	37.9
A_PA	21	39	A	0	0	39	34.2
A_PA	22	38	T	0	0	38	36.5
A_PA	23	42	G	0	0	42	34.2
A_PA	24	41	C	0	0	41	36.0
A_PA	25	48	T	0	0	48	35.9
A_PA	26	47	T	0	0	47	34.8
A_PA	27	52	C	0	0	52	35.1
A_PA	28	47	A	0	0	47	37.0
A_PA	29	54	A	0	0	54	36.0
A_PA	30	47	T	0	0	47	34.7
A_PA	31	52	C	0	0	52	36.5
A_PA	32	52	C	0	0	52	35.8
A_PA	33	65	A	0	0	65	35.3
A_PA	34	64	A	0	0	64	34.3
A_PA	35	63	T	0	0	63	37.8
A_PA	36	68	G	0	0	68	37.9
A_PA	37	73	A	0	0	73	34.2
A_PA	38	72	T	0	0	72	34.3
A_PA	39	72	T	0	0	72	37.1
A_PA	40	68	G	0	0	68	35.5
A_PA	41	78	T	0	0	78	34.4
A_PA	42	75	C	0	0	75	34.2
A_PA	43	76	G	0	0	76	36.1
A_PA	44	86	A	0	0	86	34.8
A_PA	45	74	G	0	0	74	34.5
A_PA	46	78	C	0	0	78	37.2
A_PA	47	84	T	0	0	84	35.5
A_PA	48	96	T	0	0	96	36.8
A_PA	49	93	G	0	0	93	34.3
A_PA	50	102	C	0	0	102	36.8
A_PA	51	102	G	0	0	102	36.6
A_PA	52	92	G	0	0	92	36.8
A_PA	53	101	A	0	0	101	37.9
A_PA	54	98	A	0	0	98	37.7
A_PA	55	91	A	0	0	91	34.6
A_PA	56	101	A	0	0	101	37.4
A_PA	57	108	A	0	0	108	36.2
A_PA	58	120	G	0	0	120	36.3
A_PA	59	103	C	0	0	103	35.9
A_PA	60	124	A	0	0	124	37.6
A_PA	61	109	A	0	0	109	35.9
A_PA	62	109	T	0	0	109	36.8
A_PA	63	120	G	0	0	120	36.1
A_PA	64	118	A	0	0	118	34.2
A_PA	65	127	A	0	0	127	36.1
A_PA	66	120	A	0	0	120	36.9
A_PA	67	109	G	0	0	109	35.6
A_PA	68	123	A	0	0	123	37.0
A_PA	69	126	A	0	0	126	37.4
A_PA	70	133	T	0	0	133	36.9
A_PA	71	133	A	0	0	133	34.5
A_PA	72	148	T	0	0	148	37.4
A_PA	73	132	G	0	0	132	37.2
A_PA	74	142	G	0	0	142	35.8
A_PA	75	137	G	0	0	137	35.6
A_PA	76	148	G	0	0	148	35.4
A_PA	77	139	A	0	0	139	37.4
A_PA	78	151	A	0	0	151	34.0
A_PA	79	156	G	0	0	156	34.3
A_PA	80	158	A	0	0	158	34.5
A_PA	81	173	T	0	0	173	34.6
A_PA	82	142	C	0	0	142	34.9
A_PA	83	152	C	0	0	152	37.2
A_PA	84	147	G	0	0	147	35.2
A_PA	85	164	A	0	0	164	34.1
A_PA	86	159	A	0	0	159	35.9
A_PA	87	159	A	0	0	159	35.7
A_PA	88	158	A	0	0	158	34.4
A_PA	89	161	T	0	0	161	37.9
A_PA	90	179	C	0	0	179	37.0
A_PA	91	154	G	0	0	154	34.3
A_PA	92	178	A	0	0	178	34.8
A_PA	93	193	G	0	0	193	37.8
A_PA	94	156	A	0	0	156	36.0
A_PA	95	156	C	0	0	156	34.5
A_PA	96	187	A	0	0	187	35.6
A_PA	97	170	A	0	0	170	36.9
A_PA	98	182	A	0	0	182	37.6
A_PA	99	179	C	0	0	179	36.4
A_PA	100	184	A	0	0	184	36.9
A_PA	101	186	A	0	0	186	36.9
A_PA	102	184	A	0	0	184	37.6
A_PA	103	202	T	0	0	202	36.9
A_PA	104	187	T	0	0	187	38.0
A_PA	105	201	T	0	0	201	37.4
A_PA	106	190	G	0	0	190	34.2
A_PA	107	191	C	0	0	191	35.8
A_PA	108	188	C	0	0	188	37.0
A_PA	109	198	G	0	0	198	37.7
A_PA	110	195	C	0	0	195	35.4
A_PA	111	184	A	0	0	184	34.9
A_PA	112	214	A	0	0	214	34.8
A_PA	113	212	T	0	0	212	34.5
A_PA	114	235	A	0	0	235	35.6
A_PA	115	220	T	0	0	220	37.5
A_PA	116	210	G	0	0	210	35.5
A_PA	117	210	C	0	0	210	36.1
A_PA	118	192	A	0	0	192	34.8
A_PA	119	218	C	0	0	218	36.3
A_PA	120	206	A	0	0	206	36.9
A_PA	121	219	C	0	0	219	37.5
A_PA	122	204	A	0	0	204	36.4
A_PA	123	215	C	0	0	215	34.8
A_PA	124	215	T	0	0	215	37.0
A_PA	125	222	T	0	0	222	36.2
A_PA	126	254	A	0	0	254	35.9
A_PA	127	222	G	0	0	222	35.9
A_PA	128	216	A	0	0	216	37.8
A_PA	129	232	A	0	0	232	35.3
A_PA	130	218	G	0	0	218	37.8
A_PA	131	211	T	0	0	211	35.6
A_PA	132	235	C	0	0	235	37.8
A_PA	133	241	T	0	0	241	35.3
A_PA	134	236	G	0	0	236	34.3
A_PA	135	233	T	0	0	233	36.8
A_PA	136	238	T	0	0	238	37.7
A_PA	137	246	T	0	0	246	37.1
A_PA	138	229	C	0	0	229	34.9
A_PA	139	243	A	0	0	243	36.3
A_PA	140	237	T	0	0	237	35.1
A_PA	141	225	G	0	0	225	37.1
A_PA	142	230	T	0	0	230	34.2
A_PA	143	212	A	0	0	212	36.3
A_PA	144	208	T	0	0	208	36.0
A_PA	145	223	T	0	0	223	35.6
A_PA	146	246	C	0	0	246	36.1
A_PA	147	230	G	0	0	230	34.2
A_PA	148	238	G	0	0	238	34.2
A_PA	149	244	A	0	0	244	34.9
A_PA	150	206	T	0	0	206	37.2
A_PA	151	251	T	0	0	251	36.7
A_PA	152	238	T	0	0	238	34.9
A_PA	153	217	C	0	0	217	37.9
A_PA	154	217	C	0	0	217	34.1
A_PA	155	212	A	0	0	212	37.0
A_PA	156	240	T	0	0	240	37.0
A_PA	157	235	T	0	0	235	34.6
A_PA	158	214	T	0	0	214	37.3
A_PA	159	222	T	0	0	222	35.7
A_PA	160	226	A	0	0	226	36.6
A_PA	161	207	T	0	0	207	35.0
A_PA	162	232	T	0	0	232	34.9
A_PA	163	208	G	0	0	208	34.6
A_PA	164	230	A	0	0	230	34.0
A_PA	165	210	T	0	0	210	36.9
A_PA	166	232	G	0	0	232	34.3
A_PA	167	227	A	0	0	227	37.3
A_PA	168	230	A	0	0	230	36.5
A_PA	169	238	C	0	0	238	34.3
A_PA	170	228	G	0	0	228	37.2
A_PA	171	215	A	0	0	215	34.8
A_PA	172	206	G	0	0	206	34.4
A_PA	173	227	G	0	0	227	35.6
A_PA	174	215	C	0	0	215	35.0
A_PA	175	208	G	0	0	208	37.8
A_PA	176	199	A	0	0	199	36.5
A_PA	177	219	A	0	0	219	36.2
A_PA	178	224	T	0	0	224	37.6
A_PA	179	223	C	0	0	223	37.8
A_PA	180	222	A	0	0	222	36.8
A_PA	181	228	A	0	0	228	36.3
A_PA	182	207	T	0	0	207	34.8
A_PA	183	216	G	0	0	216	36.2
A_PA	184	248	A	0	0	248	34.9
A_PA	185	235	T	0	0	235	37.0
A_PA	186	232	T	0	0	232	37.9
A_PA	187	216	G	0	0	216	34.5
A_PA	188	203	T	0	0	203	36.8
A_PA	189	228	A	0	0	228	37.7
A_PA	190	215	G	0	0	215	35.6
A_PA	191	223	A	0	0	223	34.7
A_PA	192	222	A	0	0	222	35.7
A_PA	193	212	T	0	0	212	36.7
A_PA	194	212	C	0	0	212	37.4
A_PA	195	213	T	0	0	213	34.3
A_PA	196	246	G	0	0	246	37.2
A_PA	197	221	G	0	0	221	35.6
A_PA	198	242	C	0	0	242	37.3
A_PA	199	223	G	0	0	223	34.4
A_PA	200	205	A	0	0	205	36.4
A_PA	201	230	T	0	0	230	36.0
A_PA	202	230	C	0	0	230	36.9
A_PA	203	232	C	0	0	232	37.7
A_PA	204	234	A	0	0	234	34.8
A_PA	205	211	A	0	0	211	36.7
A_PA	206	209	A	0	0	209	35.5
A_PA	207	214	T	0	0	214	34.9
A_PA	208	224	G	0	0	224	36.1
A_PA	209	196	C	0	0	196	37.8
A_PA	210	213	A	0	0	213	35.1
A_PA	211	218	T	0	0	218	35.9
A_PA	212	218	T	0	0	218	36.8
A_PA	213	209	A	0	0	209	37.2
A_PA	214	219	T	0	0	219	37.2
A_PA	215	231	T	0	0	231	36.5
A_PA	216	212	G	0	0	212	37.1
A_PA	217	227	A	0	0	227	36.7
A_PA	218	255	A	0	0	255	35.6
A_PA	219	218	A	0	0	218	36.0
A_PA	220	189	C	0	0	189	36.2
A_PA	221	234	A	0	0	234	34.6
A_PA	222	249	C	0	0	249	36.5
A_PA	223	209	C	0	0	209	36.3
A_PA	224	207	G	0	0	207	37.4
A_PA	225	216	A	0	0	216	35.6
A_PA	226	234	T	0	0	234	35.3
A_PA	227	241	T	0	0	241	35.8
A_PA	228	224	T	0	0	224	34.5
A_PA	229	253	G	0	0	253	37.1
A_PA	230	233	A	0	0	233	35.2
A_PA	231	237	G	0	0	237	34.9
A_PA	232	226	A	0	0	226	36.8
A_PA	233	225	T	0	0	225	35.3
A_PA	234	219	A	0	0	219	35.4
A_PA	235	206	A	0	0	206	35.7
A_PA	236	236	T	0	0	236	34.8
A_PA	237	223	C	0	0	223	37.2
A_PA	238	205	G	0	0	205	37.3
A_PA	239	234	A	0	0	234	36.8
A_PA	240	234	A	0	0	234	35.1
A_PA	241	233	G	0	0	233	34.3
A_PA	242	219	G	0	0	219	37.7
A_PA	243	232	G	0	0	232	36.3
A_PA	244	229	A	0	0	229	37.2
A_PA	245	226	G	0	0	226	35.9
A_PA	246	254	A	0	0	254	37.0
A_PA	247	238	G	0	0	238	34.5
A_PA	248	221	A	0	0	221	36.3
A_PA	249	255	C	0	0	255	37.0
A_PA	250	242	C	0	0	242	34.8
A_PA	251	252	G	0	0	252	34.3
A_PA	252	233	A	0	0	233	36.6
A_PA	253	238	G	0	0	238	35.2
A_PA	254	243	C	0	0	243	35.1
A_PA	255	234	A	0	0	234	35.4
A_PA	256	250	A	0	0	250	38.0
A_PA	257	246	T	0	0	246	35.3
A_PA	258	259	G	0	0	259	37.1
A_PA	259	226	G	0	0	226	36.1
A_PA	260	222	C	0	0	222	36.3
A_PA	261	264	C	0	0	264	36.6
A_PA	262	248	T	0	0	248	36.8
A_PA	263	236	G	0	0	236	35.2
A_PA	264	229	G	0	0	229	37.8
A_PA	265	250	A	0	0	250	35.1
A_PA	266	273	C	0	0	273	36.9
A_PA	267	242	A	0	0	242	37.4
A_PA	268	238	G	0	0	238	36.4
A_PA	269	247	T	0	0	247	37.3
A_PA	270	225	G	0	0	225	35.0
A_PA	271	270	G	0	0	270	34.3
A_PA	272	230	T	0	0	230	37.2
A_PA	273	236	G	0	0	236	36.1
A_PA	274	222	A	0	0	222	36.6
A_PA	275	258	A	0	0	258	37.0
A_PA	276	229	T	0	0	229	37.0
A_PA	277	238	A	0	0	238	37.4
A_PA	278	249	G	0	0	249	37.2
A_PA	279	255	T	0	0	255	36.0
A_PA	280	246	A	0	0	246	36.4
A_PA	281	257	T	0	0	257	37.8
A_PA	282	257	C	0	0	257	35.8
A_PA	283	275	T	0	0	275	34.1
A_PA	284	207	G	0	0	207	34.1
A_PA	285	275	C	0	0	275	35.2
A_PA	286	229	A	0	0	229	36.2
A_PA	287	260	A	0	0	260	35.7
A_PA	288	291	C	0	0	291	37.1
A_PA	289	237	A	0	0	237	36.3
A_PA	290	236	C	0	0	236	34.2
A_PA	291	269	C	0	0	269	34.8
A_PA	292	261	A	0	0	261	34.9
A_PA	293	236	C	0	0	236	36.7
A_PA	294	240	A	0	0	240	35.1
A_PA	295	221	G	0	0	221	34.6
A_PA	296	233	G	0	0	233	36.7
A_PA	297	225	G	0	0	225	34.3
A_PA	298	241	G	0	0	241	36.7
A_PA	299	258	T	0	0	258	34.6
A_PA	300	270	C	0	0	270	36.2
A_PA	301	253	G	0	0	253	37.1
A_PA	302	248	A	0	0	248	37.1
A_PA	303	252	A	0	0	252	37.1
A_PA	304	253	A	0	0	253	37.9
A_PA	305	258	A	0	0	258	34.0
A_PA	306	261	G	0	0	261	35.9
A_PA	307	259	C	0	0	259	36.3
A_PA	308	254	C	0	0	254	37.6
A_PA	309	267	C	0	0	267	37.1
A_PA	310	256	A	0	0	256	34.1
A_PA	311	252	A	0	0	252	34.4
A_PA	312	268	A	0	0	268	35.3
A_PA	313	259	T	0	0	259	34.4
A_PA	314	254	T	0	0	254	36.3
A_PA	315	250	C	0	0	250	36.5
A_PA	316	264	C	0	0	264	34.5
A_PA	317	244	T	0	0	244	36.3
A_PA	318	238	C	0	0	238	34.4
A_PA	319	276	C	0	0	276	36.2
A_PA	320	248	C	0	0	248	37.8
A_PA	321	265	T	0	0	265	34.7
A_PA	322	255	G	0	0	255	36.4
A_PA	323	248	A	0	0	248	35.4
A_PA	324	266	T	0	0	266	34.2
A_PA	325	252	T	0	0	252	36.2
A_PA	326	243	T	0	0	243	34.6
A_PA	327	254	G	0	0	254	36.0
A_PA	328	251	T	0	0	251	37.2
A_PA	329	264	A	0	0	264	35.4
A_PA	330	253	T	0	0	253	34.9
A_PA	331	256	G	0	0	256	35.2
A_PA	332	274	A	0	0	274	36.6
A_PA	333	276	C	0	0	276	34.6
A_PA	334	261	T	0	0	261	35.6
A_PA	335	245	A	0	0	245	34.4
A_PA	336	234	C	0	0	234	37.2
A_PA	337	257	A	0	0	257	35.0
A_PA	338	265	A	0	0	265	34.4
A_PA	339	250	A	0	0	250	34.6
A_PA	340	245	G	0	0	245	36.1
A_PA	341	227	A	0	0	227	34.6
A_PA	342	254	G	0	0	254	37.3
A_PA	343	258	A	0	0	258	37.9
A_PA	344	246	A	0	0	246	35.5
A_PA	345	256	C	0	0	256	35.0
A_PA	346	294	C	0	0	294	36.0
A_PA	347	248	G	0	0	248	37.6
A_PA	348	240	A	0	0	240	35.4
A_PA	349	262	T	0	0	262	34.4
A_PA	350	245	T	0	0	245	37.3
A_PA	351	301	C	0	0	301	34.8
A_PA	352	234	A	0	0	234	34.5
A_PA	353	271	T	0	0	271	37.8
A_PA	354	236	T	0	0	236	34.1
A_PA	355	252	G	0	0	252	36.8
A_PA	356	256	A	0	0	256	36.7
A_PA	357	238	A	0	0	238	34.3
A_PA	358	244	A	0	0	244	35.1
A_PA	359	262	T	0	0	262	36.9
A_PA	360	246	T	0	0	246	34.2
A_PA	361	249	G	0	0	249	34.5
A_PA	362	228	G	0	0	228	36.3
A_PA	363	264	A	0	0	264	35.9
A_PA	364	260	G	0	0	260	34.5
A_PA	365	242	T	0	0	242	34.6
A_PA	366	254	A	0	0	254	37.6
A_PA	367	237	A	0	0	237	36.4
A_PA	368	244	C	0	0	244	37.2
A_PA	369	265	G	0	0	265	35.4
A_PA	370	234	C	0	0	234	37.2
A_PA	371	223	G	0	0	223	37.7
A_PA	372	245	A	0	0	245	36.8
A_PA	373	243	A	0	0	243	35.9
A_PA	374	226	G	0	0	226	34.8
A_PA	375	280	G	0	0	280	36.5
A_PA	376	215	G	0	0	215	34.8
A_PA	377	227	A	0	0	227	36.8
A_PA	378	225	A	0	0	225	35.4
A_PA	379	246	G	0	0	246	35.5
A_PA	380	249	T	0	0	249	35.5
A_PA	381	243	T	0	0	243	37.7
A_PA	382	227	C	0	0	227	37.3
A_PA	383	231	A	0	0	231	34.2
A_PA	384	227	C	0	0	227	36.2
A_PA	385	228	A	0	0	228	36.4
A_PA	386	220	T	0	0	220	34.3
A_PA	387	241	A	0	0	241	34.3
A_PA	388	218	T	0	0	218	36.3
A_PA	389	237	A	0	0	237	37.5
A_PA	390	225	C	0	0	225	34.3
A_PA	391	218	T	0	0	218	35.2
A_PA	392	232	A	0	0	232	37.7
A_PA	393	222	T	0	0	222	35.4
A_PA	394	212	T	0	0	212	35.4
A_PA	395	223	T	0	0	223	37.9
A_PA	396	197	A	0	0	197	34.3
A_PA	397	247	G	0	0	247	38.0
A_PA	398	231	A	0	0	231	36.8
A_PA	399	218	A	0	0	218	34.6
A_PA	400	226	A	0	0	226	34.8
A_PA	401	204	A	0	0	204	36.1
A_PA	402	260	A	0	0	260	36.4
A_PA	403	214	G	0	0	214	36.3
A_PA	404	223	C	0	0	223	34.0
A_PA	405	227	C	0	0	227	38.0
A_PA	406	201	A	0	0	201	35.1
A_PA	407	192	A	0	0	192	34.3
A_PA	408	219	C	0	0	219	37.9
A_PA	409	221	A	0	0	221	35.3
A_PA	410	215	A	0	0	215	34.9
A_PA	411	201	G	0	0	201	35.1
A_PA	412	203	A	0	0	203	36.8
A_PA	413	218	T	0	0	218	34.7
A_PA	414	220	A	0	0	220	36.3
A_PA	415	188	A	0	0	188	36.0
A_PA	416	197	A	0	0	197	36.3
A_PA	417	184	A	0	0	184	35.7
A_PA	418	190	T	0	0	190	37.2
A_PA	419	203	C	0	0	203	34.7
A_PA	420	201	A	0	0	201	36.7
A_PA	421	191	G	0	0	191	35.6
A_PA	422	206	A	0	0	206	36.7
A_PA	423	204	G	0	0	204	37.7
A_PA	424	166	A	0	0	166	36.5
A_PA	425	172	A	0	0	172	35.1
A_PA	426	168	A	0	0	168	35.3
A_PA	427	207	A	0	0	207	34.2
A_PA	428	180	C	0	0	180	34.4
A_PA	429	222	A	0	0	222	37.7
A_PA	430	179	C	0	0	179	36.8
A_PA	431	178	A	0	0	178	35.9
A_PA	432	173	T	0	0	173	35.2
A_PA	433	191	A	0	0	191	36.3
A_PA	434	192	T	0	0	192	36.7
A_PA	435	180	T	0	0	180	37.6
A_PA	436	189	C	0	0	189	36.3
A_PA	437	199	A	0	0	199	34.8
A_PA	438	194	C	0	0	194	34.3
A_PA	439	171	A	0	0	171	35.1
A_PA	440	150	T	0	0	150	34.9
A_PA	441	194	A	0	0	194	36.6
A_PA	442	176	T	0	0	176	35.1
A_PA	443	179	T	0	0	179	35.8
A_PA	444	197	C	0	0	197	35.5
A_PA	445	176	T	0	0	176	37.8
A_PA	446	177	C	0	0	177	37.5
A_PA	447	164	A	0	0	164	36.8
A_PA	448	190	T	0	0	190	34.2
A_PA	449	160	T	0	0	160	34.5
A_PA	450	164	C	0	0	164	37.1
A_PA	451	178	A	0	0	178	36.1
A_PA	452	165	C	0	0	165	34.1
A_PA	453	172	T	0	0	172	34.0
A_PA	454	162	G	0	0	162	35.3
A_PA	455	170	G	0	0	170	34.3
A_PA	456	164	A	0	0	164	35.4
A_PA	457	172	G	0	0	172	36.6
A_PA	458	168	A	0	0	168	35.0
A_PA	459	165	G	0	0	165	37.0
A_PA	460	155	G	0	0	155	36.5
A_PA	461	157	A	0	0	157	35.8
A_PA	462	167	A	0	0	167	34.3
A_PA	463	193	A	0	0	193	34.9
A_PA	464	153	T	0	0	153	36.0
A_PA	465	148	G	0	0	148	37.0
A_PA	466	156	G	0	0	156	36.6
A_PA	467	158	C	0	0	158	36.2
A_PA	468	166	C	0	0	166	37.0
A_PA	469	138	A	0	0	138	35.8
A_PA	470	152	C	0	0	152	36.5
A_PA	471	158	C	0	0	158	36.9
A_PA	472	143	A	0	0	143	36.3
A_PA	473	150	A	0	0	150	36.0
A_PA	474	152	G	0	0	152	37.7
A_PA	475	161	G	0	0	161	36.3
A_PA	476	169	C	0	0	169	37.9
A_PA	477	156	G	0	0	156	37.8
A_PA	478	155	G	0	0	155	34.2
A_PA	479	144	A	0	0	144	35.5
A_PA	480	147	C	0	0	147	35.0
A_PA	481	148	T	0	0	148	37.8
A_PA	482	155	A	0	0	155	36.4
A_PA	483	160	C	0	0	160	37.1
A_PA	484	147	A	0	0	147	34.3
A_PA	485	152	C	0	0	152	35.6
A_PA	486	144	C	0	0	144	35.0
A_PA	487	156	C	0	0	156	35.1
A_PA	488	145	T	0	0	145	36.9
A_PA	489	145	T	0	0	145	37.3
A_PA	490	149	G	0	0	149	35.4
A_PA	491	167	A	0	0	167	34.9
A_PA	492	151	T	0	0	151	35.5
A_PA	493	143	G	0	0	143	36.2
A_PA	494	130	A	0	0	130	36.4
A_PA	495	141	A	0	0	141	37.4
A_PA	496	145	G	0	0	145	36.4
A_PA	497	140	A	0	0	140	35.9
A_PA	498	144	G	0	0	144	35.1
A_PA	499	151	A	0	0	151	34.3
A_PA	500	142	G	0	0	142	35.9
A_PA	501	138	C	0	0	138	34.9
A_PA	502	135	A	0	0	135	37.5
A_PA	503	150	G	0	0	150	36.0
A_PA	504	131	A	0	0	131	37.3
A_PA	505	131	G	0	0	131	34.6
A_PA	506	156	C	0	0	156	35.3
A_PA	507	153	A	0	0	153	34.7
A_PA	508	135	A	0	0	135	37.9
A_PA	509	130	G	0	0	130	36.0
A_PA	510	136	A	0	0	136	36.1
A_PA	511	128	A	0	0	128	36.9
A_PA	512	132	T	0	0	132	36.0
A_PA	513	147	A	0	0	147	37.9
A_PA	514	147	A	0	0	147	35.2
A_PA	515	134	A	0	0	134	37.5
A_PA	516	136	A	0	0	136	36.6
A_PA	517	133	A	0	0	133	37.8
A_PA	518	142	C	0	0	142	34.6
A_PA	519	144	C	0	0	144	34.7
A_PA	520	134	A	0	0	134	35.8
A_PA	521	145	G	0	0	145	35.5
A_PA	522	137	A	0	0	137	36.6
A_PA	523	134	C	0	0	134	35.2
A_PA	524	144	T	0	0	144	34.6
A_PA	525	146	G	0	0	146	34.3
A_PA	526	147	T	0	0	147	34.1
A_PA	527	131	T	0	0	131	35.8
A_PA	528	127	C	0	0	127	35.0
A_PA	529	130	A	0	0	130	36.4
A_PA	530	153	C	0	0	153	34.5
A_PA	531	146	T	0	0	146	34.6
A_PA	532	134	A	0	0	134	36.8
A_PA	533	132	T	0	0	132	36.8
A_PA	534	148	A	0	0	148	34.9
A_PA	535	151	A	0	0	151	34.3
A_PA	536	156	G	0	0	156	37.2
A_PA	537	116	A	0	0	116	36.7
A_PA	538	130	C	0	0	130	36.4
A_PA	539	145	A	0	0	145	37.0
A_PA	540	142	A	0	0	142	35.0
A_PA	541	164	G	0	0	164	34.0
A_PA	542	141	A	0	0	141	35.4
A_PA	543	137	A	0	0	137	37.4
A_PA	544	131	A	0	0	131	34.3
A_PA	545	130	T	0	0	130	36.5
A_PA	546	137	G	0	0	137	34.3
A_PA	547	143	G	0	0	143	36.1
A_PA	548	149	C	0	0	149	37.3
A_PA	549	138	C	0	0	138	36.5
A_PA	550	141	A	0	0	141	34.0
A_PA	551	149	G	0	0	149	36.3
A_PA	552	144	T	0	0	144	38.0
A_PA	553	148	A	0	0	148	37.9
A_PA	554	149	G	0	0	149	36.0
A_PA	555	167	A	0	0	167	36.0
A_PA	556	139	G	0	0	139	36.5
A_PA	557	155	G	0	0	155	36.2
A_PA	558	148	T	0	0	148	34.6
A_PA	559	157	C	0	0	157	37.7
A_PA	560	136	T	0	0	136	36.1
A_PA	561	140	A	0	0	140	36.0
A_PA	562	137	T	0	0	137	37.7
A_PA	563	140	G	0	0	140	34.6
A_PA	564	158	G	0	0	158	37.8
A_PA	565	156	G	0	0	156	34.3
A_PA	566	151	A	0	0	151	36.7
A_PA	567	161	T	0	0	161	34.7
A_PA	568	155	T	0	0	155	37.4
A_PA	569	170	C	0	0	170	36.4
A_PA	570	151	C	0	0	151	34.1
A_PA	571	173	T	0	0	173	37.7
A_PA	572	163	T	0	0	163	36.7
A_PA	573	164	T	0	0	164	35.8
A_PA	574	149	C	0	0	149	35.5
A_PA	575	168	G	0	0	168	34.8
A_PA	576	145	T	0	0	145	34.5
A_PA	577	158	C	0	0	158	34.1
A_PA	578	152	A	0	0	152	36.1
A_PA	579	169	A	0	0	169	37.4
A_PA	580	160	T	0	0	160	35.0
A_PA	581	167	C	0	0	167	34.3
A_PA	582	162	C	0	0	162	34.2
A_PA	583	161	G	0	0	161	35.5
A_PA	584	160	A	0	0	160	35.1
A_PA	585	157	G	0	0	157	35.3
A_PA	586	175	A	0	0	175	34.8
A_PA	587	166	G	0	0	166	37.4
A_PA	588	155	A	0	0	155	36.8
A_PA	589	170	G	0	0	170	36.3
A_PA	590	170	G	0	0	170	36.0
A_PA	591	168	C	0	0	168	35.9
A_PA	592	161	G	0	0	161	37.0
A_PA	593	164	A	0	0	164	34.5
A_PA	594	172	A	0	0	172	36.0
A_PA	595	163	G	0	0	163	35.4
A_PA	596	175	A	0	0	175	37.3
A_PA	597	191	G	0	0	191	37.4
A_PA	598	164	A	0	0	164	37.7
A_PA	599	179	C	0	0	179	37.1
A_PA	600	152	A	0	0	152	36.4
A_PA	601	179	A	0	0	179	36.9
A_PA	602	171	T	0	0	171	36.7
A_PA	603	185	T	0	0	185	36.1
A_PA	604	175	G	0	0	175	36.4
A_PA	605	166	A	0	0	166	35.7
A_PA	606	183	A	0	0	183	37.6
A_PA	607	190	G	0	0	190	34.2
A_PA	608	185	A	0	0	185	36.2
A_PA	609	178	A	0	0	178	36.1
A_PA	610	177	A	0	0	177	37.3
A_PA	611	204	G	0	0	204	36.4
A_PA	612	181	A	0	0	181	34.3
A_PA	613	184	T	0	0	184	35.1
A_PA	614	193	T	0	0	193	35.8
A_PA	615	176	T	0	0	176	37.5
A_PA	616	192	G	0	0	192	35.2
A_PA	617	195	A	0	0	195	37.8
A_PA	618	170	A	0	0	170	35.8
A_PA	619	172	A	0	0	172	38.0
A_PA	620	175	T	0	0	175	37.2
A_PA	621	194	C	0	0	194	34.0
A_PA	622	182	A	0	0	182	34.8
A_PA	623	186	C	0	0	186	34.2
A_PA	624	178	A	0	0	178	36.6
A_PA	625	168	G	0	0	168	37.6
A_PA	626	205	G	0	0	205	36.4
A_PA	627	197	A	0	0	197	37.7
A_PA	628	167	A	0	0	167	36.4
A_PA	629	199	C	0	0	199	35.6
A_PA	630	188	C	0	0	188	35.9
A_PA	631	190	A	0	0	190	36.3
A_PA	632	189	T	0	0	189	35.1
A_PA	633	228	G	0	0	228	36.9
A_PA	634	214	C	0	0	214	34.0
A_PA	635	200	G	0	0	200	35.6
A_PA	636	199	C	0	0	199	37.6
A_PA	637	178	A	0	0	178	35.8
A_PA	638	195	G	0	0	195	35.1
A_PA	639	196	G	0	0	196	37.6
A_PA	640	191	C	0	0	191	35.0
A_PA	641	196	T	0	0	196	35.0
A_PA	642	192	T	0	0	192	34.7
A_PA	643	181	G	0	0	181	37.7
A_PA	644	215	C	0	0	215	36.9
A_PA	645	174	C	0	0	174	37.7
A_PA	646	188	G	0	0	188	35.7
A_PA	647	209	A	0	0	209	37.1
A_PA	648	209	C	0	0	209	35.0
A_PA	649	193	C	0	0	193	35.8
A_PA	650	197	A	0	0	197	35.9
A_PA	651	206	A	0	0	206	36.2
A_PA	652	197	A	0	0	197	36.7
A_PA	653	203	G	0	0	203	36.1
A_PA	654	205	T	0	0	205	36.6
A_PA	655	198	C	0	0	198	37.8
A_PA	656	213	T	0	0	213	34.2
A_PA	657	205	T	0	0	205	36.8
A_PA	658	218	C	0	0	218	36.8
A_PA	659	201	C	0	0	201	35.5
A_PA	660	190	A	0	0	190	35.4
A_PA	661	201	C	0	0	201	37.4
A_PA	662	202	C	0	0	202	35.5
A_PA	663	205	G	0	0	205	36.8
A_PA	664	199	A	0	0	199	35.3
A_PA	665	192	A	0	0	192	36.5
A_PA	666	213	C	0	0	213	35.3
A_PA	667	200	T	0	0	200	37.0
A_PA	668	212	T	0	0	212	34.1
A_PA	669	197	C	0	0	197	37.7
A_PA	670	208	T	0	0	208	34.5
A_PA	671	193	C	0	0	193	37.7
A_PA	672	225	C	0	0	225	34.8
A_PA	673	188	A	0	0	188	34.8
A_PA	674	203	G	0	0	203	37.4
A_PA	675	205	C	0	0	205	34.3
A_PA	676	210	C	0	0	210	35.7
A_PA	677	210	T	0	0	210	34.6
A_PA	678	193	T	0	0	193	34.7
A_PA	679	199	G	0	0	199	36.1
A_PA	680	210	A	0	0	210	36.8
A_PA	681	204	A	0	0	204	34.8
A_PA	682	219	A	0	0	219	37.6
A_PA	683	184	A	0	0	184	36.8
A_PA	684	197	C	0	0	197	34.2
A_PA	685	196	T	0	0	196	35.3
A_PA	686	208	T	0	0	208	34.6
A_PA	687	205	T	0	0	205	34.1
A_PA	688	205	A	0	0	205	35.2
A_PA	689	201	G	0	0	201	34.5
A_PA	690	219	A	0	0	219	37.9
A_PA	691	205	G	0	0	205	37.9
A_PA	692	228	C	0	0	228	34.7
A_PA	693	205	C	0	0	205	34.4
A_PA	694	205	T	0	0	205	35.0
A_PA	695	213	A	0	0	213	36.7
A_PA	696	205	T	0	0	205	36.0
A_PA	697	226	G	0	0	226	37.7
A_PA	698	187	T	0	0	187	34.0
A_PA	699	196	G	0	0	196	37.1
A_PA	700	207	G	0	0	207	36.1
A_PA	701	202	A	0	0	202	37.5
A_PA	702	190	T	0	0	190	36.3
A_PA	703	211	G	0	0	211	34.3
A_PA	704	205	G	0	0	205	35.0
A_PA	705	200	A	0	0	200	34.1
A_PA	706	188	T	0	0	188	34.9
A_PA	707	204	T	0	0	204	34.3
A_PA	708	217	C	0	0	217	36.7
A_PA	709	196	G	0	0	196	34.2
A_PA	710	209	A	0	0	209	34.8
A_PA	711	190	A	0	0	190	35.0
A_PA	712	201	C	0	0	201	37.8
A_PA	713	213	C	0	0	213	36.0
A_PA	714	199	G	0	0	199	35.2
A_PA	715	202	A	0	0	202	34.0
A_PA	716	184	A	0	0	184	34.2
A_PA	717	207	C	0	0	207	36.4
A_PA	718	205	G	0	0	205	35.9
A_PA	719	201	G	0	0	201	35.6
A_PA	720	197	C	0	0	197	34.8
A_PA	721	196	T	0	0	196	35.8
A_PA	722	185	G	0	0	185	35.2
A_PA	723	199	C	0	0	199	34.8
A_PA	724	209	A	0	0	209	35.0
A_PA	725	199	T	0	0	199	34.3
A_PA	726	209	T	0	0	209	34.6
A_PA	727	206	G	0	0	206	36.6
A_PA	728	191	A	0	0	191	37.5
A_PA	729	190	G	0	0	190	34.4
A_PA	730	205	G	0	0	205	37.7
A_PA	731	214	G	0	0	214	36.8
A_PA	732	205	C	0	0	205	35.2
A_PA	733	171	A	0	0	171	37.5
A_PA	734	217	A	0	0	217	37.1
A_PA	735	193	A	0	0	193	38.0
A_PA	736	182	C	0	0	182	34.8
A_PA	737	209	T	0	0	209	37.2
A_PA	738	190	T	0	0	190	36.0
A_PA	739	220	T	0	0	220	37.0
A_PA	740	207	C	0	0	207	36.9
A_PA	741	191	T	0	0	191	36.6
A_PA	742	191	C	0	0	191	36.0
A_PA	743	190	A	0	0	190	36.1
A_PA	744	187	A	0	0	187	35.0
A_PA	745	209	A	0	0	209	34.5
A_PA	746	186	T	0	0	186	35.3
A_PA	747	198	G	0	0	198	36.6
A_PA	748	197	T	0	0	197	34.2
A_PA	749	193	C	0	0	193	38.0
A_PA	750	195	A	0	0	195	37.0
A_PA	751	188	A	0	0	188	34.7
A_PA	752	185	A	0	0	185	37.1
A_PA	753	196	A	0	0	196	36.4
A_PA	754	207	G	0	0	207	37.1
A_PA	755	189	A	0	0	189	35.4
A_PA	756	213	A	0	0	213	37.8
A_PA	757	179	G	0	0	179	34.2
A_PA	758	190	T	0	0	190	36.2
A_PA	759	185	G	0	0	185	35.2
A_PA	760	194	A	0	0	194	35.3
A_PA	761	217	A	0	0	217	36.0
A_PA	762	189	C	0	0	189	36.7
A_PA	763	221	G	0	0	221	36.7
A_PA	764	194	C	0	0	194	35.5
A_PA	765	194	C	0	0	194	34.0
A_PA	766	193	A	0	0	193	35.0
A_PA	767	185	G	0	0	185	35.7
A_PA	768	184	A	0	0	184	34.4
A_PA	769	179	A	0	0	179	34.2
A_PA	770	194	T	0	0	194	37.8
A_PA	771	201	T	0	0	201	34.4
A_PA	772	192	G	0	0	192	37.4
A_PA	773	185	A	0	0	185	35.7
A_PA	774	200	G	0	0	200	36.8
A_PA	775	188	C	0	0	188	36.5
A_PA	776	193	C	0	0	193	37.2
A_PA	777	191	A	0	0	191	36.6
A_PA	778	185	T	0	0	185	34.7
A_PA	779	193	T	0	0	193	36.5
A_PA	780	194	T	0	0	194	34.4
A_PA	781	189	C	0	0	189	34.7
A_PA	782	190	T	0	0	190	34.9
A_PA	783	200	G	0	0	200	36.5
A_PA	784	187	A	0	0	187	37.9
A_PA	785	202	A	0	0	202	35.7
A_PA	786	184	G	0	0	184	34.6
A_PA	787	186	A	0	0	186	37.0
A_PA	788	181	C	0	0	181	37.7
A_PA	789	197	A	0	0	197	37.9
A_PA	790	184	A	0	0	184	35.6
A_PA	791	206	C	0	0	206	35.6
A_PA	792	181	A	0	0	181	37.1
A_PA	793	194	C	0	0	194	36.4
A_PA	794	194	C	0	0	194	37.5
A_PA	795	189	A	0	0	189	35.7
A_PA	796	178	C	0	0	178	36.2
A_PA	797	187	G	0	0	187	36.2
A_PA	798	195	C	0	0	195	35.1
A_PA	799	200	C	0	0	200	37.0
A_PA	800	199	C	0	0	199	35.3
A_PA	801	226	T	0	0	226	35.4
A_PA	802	201	C	0	0	201	34.5
A_PA	803	206	T	0	0	206	36.5
A_PA	804	201	C	0	0	201	34.5
A_PA	805	200	A	0	0	200	37.0
A_PA	806	191	G	0	0	191	36.2
A_PA	807	194	A	0	0	194	36.8
A_PA	808	176	T	0	0	176	34.5
A_PA	809	186	T	0	0	186	35.7
A_PA	810	188	A	0	0	188	35.3
A_PA	811	198	C	0	0	198	34.5
A_PA	812	179	C	0	0	179	37.4
A_PA	813	204	T	0	0	204	35.5
A_PA	814	196	G	0	0	196	37.4
A_PA	815	180	A	0	0	180	35.5
A_PA	816	206	T	0	0	206	34.2
A_PA	817	212	G	0	0	212	35.2
A_PA	818	222	G	0	0	222	37.1
A_PA	819	217	G	0	0	217	34.8
A_PA	820	199	C	0	0	199	38.0
A_PA	821	198	C	0	0	198	37.1
A_PA	822	209	T	0	0	209	36.3
A_PA	823	208	C	0	0	208	34.2
A_PA	824	197	C	0	0	197	37.0
A_PA	825	197	C	0	0	197	36.0
A_PA	826	225	T	0	0	225	37.5
A_PA	827	203	G	0	0	203	35.3
A_PA	828	194	T	0	0	194	37.5
A_PA	829	205	T	0	0	205	35.4
A_PA	830	222	C	0	0	222	35.8
A_PA	831	226	T	0	0	226	36.3
A_PA	832	249	C	0	0	249	35.8
A_PA	833	218	A	0	0	218	37.9
A_PA	834	231	G	0	0	231	36.5
A_PA	835	232	C	0	0	232	36.1
A_PA	836	234	G	0	0	234	36.4
A_PA	837	201	G	0	0	201	36.4
A_PA	838	208	T	0	0	208	34.7
A_PA	839	212	C	0	0	212	36.0
A_PA	840	203	G	0	0	203	36.1
A_PA	841	207	A	0	0	207	37.5
A_PA	842	214	A	0	0	214	35.2
A_PA	843	205	G	0	0	205	36.4
A_PA	844	214	T	0	0	214	37.5
A_PA	845	195	T	0	0	195	36.5
A_PA	846	206	C	0	0	206	35.7
A_PA	847	223	T	0	0	223	37.5
A_PA	848	207	T	0	0	207	37.3
A_PA	849	212	G	0	0	212	35.5
A_PA	850	251	C	0	0	251	34.3
A_PA	851	217	T	0	0	217	34.4
A_PA	852	217	G	0	0	217	36.8
A_PA	853	219	A	0	0	219	36.4
A_PA	854	220	T	0	0	220	37.2
A_PA	855	229	G	0	0	229	34.8
A_PA	856	220	G	0	0	220	37.4
A_PA	857	215	A	0	0	215	34.7
A_PA	858	219	T	0	0	219	37.3
A_PA	859	224	G	0	0	224	36.7
A_PA	860	211	C	0	0	211	38.0
A_PA	861	234	C	0	0	234	35.3
A_PA	862	208	C	0	0	208	37.2
A_PA	863	229	T	0	0	229	36.5
A_PA	864	239	T	0	0	239	35.8
A_PA	865	258	A	0	0	258	37.9
A_PA	866	219	A	0	0	219	34.4
A_PA	867	240	G	0	0	240	34.5
A_PA	868	249	T	0	0	249	37.1
A_PA	869	237	T	0	0	237	35.1
A_PA	870	235	G	0	0	235	37.5
A_PA	871	248	A	0	0	248	35.7
A_PA	872	231	G	0	0	231	35.3
A_PA	873	220	C	0	0	220	34.1
A_PA	874	237	A	0	0	237	35.4
A_PA	875	230	T	0	0	230	36.6
A_PA	876	244	C	0	0	244	34.0
A_PA	877	225	G	0	0	225	35.2
A_PA	878	227	A	0	0	227	35.0
A_PA	879	239	A	0	0	239	37.9
A_PA	880	258	G	0	0	258	34.8
A_PA	881	222	A	0	0	222	34.5
A_PA	882	233	C	0	0	233	35.7
A_PA	883	229	C	0	0	229	34.8
A_PA	884	252	C	0	0	252	35.1
A_PA	885	229	T	0	0	229	37.7
A_PA	886	249	A	0	0	249	34.0
A_PA	887	260	G	0	0	260	37.0
A_PA	888	271	C	0	0	271	34.1
A_PA	889	257	C	0	0	257	34.6
A_PA	890	230	A	0	0	230	36.9
A_PA	891	262	T	0	0	262	36.2
A_PA	892	257	G	0	0	257	34.1
A_PA	893	269	A	0	0	269	34.4
A_PA	894	271	G	0	0	271	36.2
A_PA	895	232	G	0	0	232	36.7
A_PA	896	249	G	0	0	249	34.0
A_PA	897	238	G	0	0	238	37.9
A_PA	898	254	G	0	0	254	36.2
A_PA	899	236	A	0	0	236	37.5
A_PA	900	264	G	0	0	264	36.3
A_PA	901	286	G	0	0	286	37.9
A_PA	902	244	G	0	0	244	37.8
A_PA	903	247	C	0	0	247	36.6
A_PA	904	265	A	0	0	265	36.1
A_PA	905	275	T	0	0	275	37.2
A_PA	906	231	A	0	0	231	37.3
A_PA	907	257	C	0	0	257	36.3
A_PA	908	292	C	0	0	292	37.1
A_PA	909	265	G	0	0	265	34.1
A_PA	910	255	C	0	0	255	35.6
A_PA	911	249	T	0	0	249	34.5
A_PA	912	292	G	0	0	292	35.9
A_PA	913	229	T	0	0	229	34.9
A_PA	914	250	A	0	0	250	34.5
A_PA	915	299	T	0	0	299	36.4
A_PA	916	289	G	0	0	289	37.0
A_PA	917	251	A	0	0	251	36.7
A_PA	918	268	T	0	0	268	36.2
A_PA	919	251	G	0	0	251	36.0
A_PA	920	275	C	0	0	275	36.9
A_PA	921	273	A	0	0	273	36.9
A_PA	922	264	A	0	0	264	36.4
A_PA	923	246	T	0	0	246	37.3
A_PA	924	297	C	0	0	297	34.3
A_PA	925	270	A	0	0	270	36.8
A_PA	926	288	A	0	0	288	35.8
A_PA	927	275	A	0	0	275	36.5
A_PA	928	286	T	0	0	286	34.8
A_PA	929	265	G	0	0	265	35.9
A_PA	930	243	C	0	0	243	36.4
A_PA	931	260	A	0	0	260	36.6
A_PA	932	284	T	0	0	284	38.0
A_PA	933	260	G	0	0	260	37.6
A_PA	934	270	A	0	0	270	35.4
A_PA	935	268	A	0	0	268	36.8
A_PA	936	269	G	0	0	269	34.4
A_PA	937	285	A	0	0	285	37.8
A_PA	938	279	C	0	0	279	36.4
A_PA	939	255	A	0	0	255	36.9
A_PA	940	285	T	0	0	285	35.3
A_PA	941	260	T	0	0	260	36.3
A_PA	942	282	T	0	0	282	34.1
A_PA	943	312	T	0	0	312	36.6
A_PA	944	295	T	0	0	295	36.1
A_PA	945	263	T	0	0	263	36.7
A_PA	946	298	G	0	0	298	37.0
A_PA	947	248	G	0	0	248	35.8
A_PA	948	265	C	0	0	265	34.8
A_PA	949	276	T	0	0	276	35.4
A_PA	950	303	G	0	0	303	37.3
A_PA	951	275	G	0	0	275	35.1
A_PA	952	261	A	0	0	261	34.1
A_PA	953	314	A	0	0	314	37.7
A_PA	954	289	A	0	0	289	37.6
A_PA	955	283	G	0	0	283	34.1
A_PA	956	280	A	0	0	280	34.4
A_PA	957	290	G	0	0	290	35.7
A_PA	958	282	C	0	0	282	36.7
A_PA	959	259	C	0	0	259	34.4
A_PA	960	303	C	0	0	303	35.8
A_PA	961	264	A	0	0	264	34.0
A_PA	962	293	A	0	0	293	35.8
A_PA	963	246	C	0	0	246	35.8
A_PA	964	276	A	0	0	276	37.8
A_PA	965	279	T	0	0	279	34.6
A_PA	966	258	C	0	0	258	37.1
A_PA	967	255	G	0	0	255	34.4
A_PA	968	291	T	0	0	291	37.6
A_PA	969	257	A	0	0	257	34.1
A_PA	970	267	A	0	0	267	35.1
A_PA	971	295	A	0	0	295	37.8
A_PA	972	299	G	0	0	299	37.5
A_PA	973	279	C	0	0	279	35.3
A_PA	974	272	C	0	0	272	34.2
A_PA	975	274	G	0	0	274	36.6
A_PA	976	252	C	0	0	252	37.4
A_PA	977	271	A	0	0	271	37.7
A_PA	978	275	T	0	0	275	34.3
A_PA	979	272	G	0	0	272	34.9
A_PA	980	271	A	0	0	271	37.0
A_PA	981	269	G	0	0	269	34.5
A_PA	982	256	A	0	0	256	37.5
A_PA	983	291	A	0	0	291	36.2
A_PA	984	258	A	0	0	258	34.1
A_PA	985	283	G	0	0	283	34.5
A_PA	986	258	G	0	0	258	36.4
A_PA	987	264	C	0	0	264	37.4
A_PA	988	263	A	0	0	263	37.0
A_PA	989	261	T	0	0	261	36.5
A_PA	990	281	A	0	0	281	34.5
A_PA	991	278	A	0	0	278	34.1
A_PA	992	272	A	0	0	272	35.3
A_PA	993	304	C	0	0	304	36.8
A_PA	994	278	C	0	0	278	34.5
A_PA	995	241	C	0	0	241	37.8
A_PA	996	274	T	0	0	274	37.4
A_PA	997	276	A	0	0	276	37.3
A_PA	998	251	A	0	0	251	35.8
A_PA	999	273	T	0	0	273	34.7
A_PA	1000	265	T	0	0	265	35.2
A_PA	1001	249	A	0	0	249	37.1
A_PA	1002	264	C	0	0	264	35.8
A_PA	1003	237	C	0	0	237	35.3
A_PA	1004	299	T	0	0	299	35.9
A_PA	1005	253	C	0	0	253	36.2
A_PA	1006	268	C	0	0	268	35.3
A_PA	1007	255	T	0	0	255	34.8
A_PA	1008	277	G	0	0	277	34.3
A_PA	1009	264	G	0	0	264	36.0
A_PA	1010	277	C	0	0	277	35.1
A_PA	1011	270	T	0	0	270	37.7
A_PA	1012	289	T	0	0	289	34.4
A_PA	1013	250	G	0	0	250	35.4
A_PA	1014	250	G	0	0	250	34.6
A_PA	1015	254	A	0	0	254	37.7
A_PA	1016	274	A	0	0	274	38.0
A_PA	1017	240	G	0	0	240	37.6
A_PA	1018	241	C	0	0	241	34.5
A_PA	1019	240	A	0	0	240	36.1
A_PA	1020	245	G	0	0	245	36.1
A_PA	1021	237	G	0	0	237	35.4
A_PA	1022	244	T	0	0	244	36.5
A_PA	1023	261	G	0	0	261	36.6
A_PA	1024	244	C	0	0	244	34.9
A_PA	1025	255	T	0	0	255	38.0
A_PA	1026	222	G	0	0	222	35.0
A_PA	1027	251	G	0	0	251	36.6
A_PA	1028	233	C	0	0	233	37.8
A_PA	1029	245	A	0	0	245	35.1
A_PA	1030	247	G	0	0	247	34.2
A_PA	1031	246	A	0	0	246	36.1
A_PA	1032	233	A	0	0	233	34.5
A_PA	1033	234	C	0	0	234	37.5
A_PA	1034	249	T	0	0	249	34.8
A_PA	1035	248	T	0	0	248	36.7
A_PA	1036	228	C	0	0	228	34.6
A_PA	1037	252	A	0	0	252	37.5
A_PA	1038	227	A	0	0	227	37.6
A_PA	1039	234	G	0	0	234	36.9
A_PA	1040	232	A	0	0	232	37.5
A_PA	1041	227	C	0	0	227	36.2
A_PA	1042	228	A	0	0	228	37.2
A_PA	1043	239	T	0	0	239	34.7
A_PA	1044	233	T	0	0	233	36.7
A_PA	1045	217	G	0	0	217	34.4
A_PA	1046	232	A	0	0	232	34.1
A_PA	1047	223	A	0	0	223	37.0
A_PA	1048	232	A	0	0	232	37.4
A_PA	1049	230	A	0	0	230	37.6
A_PA	1050	208	T	0	0	208	34.7
A_PA	1051	194	G	0	0	194	35.5
A_PA	1052	224	A	0	0	224	37.3
A_PA	1053	218	G	0	0	218	36.7
A_PA	1054	208	G	0	0	208	36.3
A_PA	1055	212	A	0	0	212	35.4
A_PA	1056	233	G	0	0	233	34.0
A_PA	1057	213	A	0	0	213	37.5
A_PA	1058	217	A	0	0	217	37.4
A_PA	1059	244	A	0	0	244	37.8
A_PA	1060	235	A	0	0	235	38.0
A_PA	1061	227	T	0	0	227	34.3
A_PA	1062	238	T	0	0	238	37.7
A_PA	1063	217	C	0	0	217	34.9
A_PA	1064	233	C	0	0	233	34.1
A_PA	1065	242	A	0	0	242	34.7
A_PA	1066	194	A	0	0	194	34.4
A_PA	1067	238	A	0	0	238	35.8
A_PA	1068	202	A	0	0	202	37.3
A_PA	1069	203	A	0	0	203	37.3
A_PA	1070	178	C	0	0	178	37.6
A_PA	1071	209	A	0	0	209	35.1
A_PA	1072	213	A	0	0	213	37.6
A_PA	1073	191	A	0	0	191	35.3
A_PA	1074	190	G	0	0	190	36.7
A_PA	1075	209	A	0	0	209	36.7
A_PA	1076	197	A	0	0	197	37.1
A_PA	1077	189	C	0	0	189	34.2
A_PA	1078	209	A	0	0	209	34.2
A_PA	1079	204	T	0	0	204	35.8
A_PA	1080	212	G	0	0	212	34.5
A_PA	1081	183	A	0	0	183	34.9
A_PA	1082	199	A	0	0	199	35.7
A_PA	1083	211	G	0	0	211	35.6
A_PA	1084	210	A	0	0	210	37.0
A_PA	1085	201	A	0	0	201	37.0
A_PA	1086	184	A	0	0	184	36.9
A_PA	1087	191	A	0	0	191	36.8
A_PA	1088	201	C	0	0	201	36.6
A_PA	1089	207	A	0	0	207	34.1
A_PA	1090	199	A	0	0	199	36.6
A_PA	1091	194	G	0	0	194	35.9
A_PA	1092	205	C	0	0	205	35.8
A_PA	1093	179	C	0	0	179	36.4
A_PA	1094	197	A	0	0	197	35.0
A_PA	1095	181	A	0	0	181	35.7
A_PA	1096	190	T	0	0	190	35.5
A_PA	1097	202	T	0	0	202	36.6
A_PA	1098	212	G	0	0	212	34.3
A_PA	1099	184	A	0	0	184	37.3
A_PA	1100	183	A	0	0	183	34.7
A_PA	1101	194	G	0	0	194	37.5
A_PA	1102	187	T	0	0	187	35.6
A_PA	1103	190	G	0	0	190	36.9
A_PA	1104	177	G	0	0	177	35.8
A_PA	1105	179	G	0	0	179	37.1
A_PA	1106	191	C	0	0	191	34.6
A_PA	1107	194	A	0	0	194	37.7
A_PA	1108	198	C	0	0	198	37.0
A_PA	1109	169	T	0	0	169	34.5
A_PA	1110	179	T	0	0	179	34.4
A_PA	1111	183	G	0	0	183	37.4
A_PA	1112	168	G	0	0	168	34.5
A_PA	1113	174	T	0	0	174	35.0
A_PA	1114	180	G	0	0	180	34.9
A_PA	1115	182	A	0	0	182	37.1
A_PA	1116	161	G	0	0	161	35.5
A_PA	1117	165	A	0	0	165	37.2
A_PA	1118	180	A	0	0	180	34.7
A_PA	1119	180	C	0	0	180	37.7
A_PA	1120	171	A	0	0	171	37.9
A_PA	1121	166	T	0	0	166	37.7
A_PA	1122	178	G	0	0	178	36.2
A_PA	1123	177	G	0	0	177	37.1
A_PA	1124	171	C	0	0	171	35.9
A_PA	1125	160	T	0	0	160	34.4
A_PA	1126	178	C	0	0	178	36.4
A_PA	1127	161	C	0	0	161	34.9
A_PA	1128	161	A	0	0	161	36.3
A_PA	1129	181	G	0	0	181	37.6
A_PA	1130	155	A	0	0	155	37.0
A_PA	1131	163	A	0	0	163	37.7
A_PA	1132	165	A	0	0	165	36.9
A_PA	1133	163	A	0	0	163	36.7
A_PA	1134	171	A	0	0	171	36.1
A_PA	1135	166	G	0	0	166	36.4
A_PA	1136	171	T	0	0	171	34.9
A_PA	1137	170	G	0	0	170	37.9
A_PA	1138	163	G	0	0	163	34.1
A_PA	1139	188	A	0	0	188	35.9
A_PA	1140	188	C	0	0	188	37.5
A_PA	1141	156	T	0	0	156	34.9
A_PA	1142	178	T	0	0	178	36.4
A_PA	1143	175	T	0	0	175	35.5
A_PA	1144	171	G	0	0	171	37.9
A_PA	1145	156	A	0	0	156	34.0
A_PA	1146	165	G	0	0	165	34.1
A_PA	1147	185	G	0	0	185	35.6
A_PA	1148	148	A	0	0	148	36.9
A_PA	1149	185	C	0	0	185	35.6
A_PA	1150	156	T	0	0	156	35.9
A_PA	1151	174	G	0	0	174	35.9
A_PA	1152	176	C	0	0	176	37.6
A_PA	1153	162	A	0	0	162	35.7
A_PA	1154	168	A	0	0	168	36.5
A_PA	1155	175	A	0	0	175	37.7
A_PA	1156	169	G	0	0	169	34.7
A_PA	1157	164	A	0	0	164	35.5
A_PA	1158	171	T	0	0	171	37.1
A_PA	1159	174	G	0	0	174	36.2
A_PA	1160	182	T	0	0	182	34.9
A_PA	1161	152	T	0	0	152	37.2
A_PA	1162	173	A	0	0	173	35.8
A_PA	1163	180	G	0	0	180	37.2
A_PA	1164	157	C	0	0	157	36.3
A_PA	1165	172	G	0	0	172	37.2
A_PA	1166	185	A	0	0	185	35.6
A_PA	1167	176	T	0	0	176	35.1
A_PA	1168	157	C	0	0	157	34.7
A_PA	1169	182	T	0	0	182	36.7
A_PA	1170	182	A	0	0	182	36.9
A_PA	1171	175	A	0	0	175	35.6
A_PA	1172	170	G	0	0	170	36.1
A_PA	1173	172	A	0	0	172	34.7
A_PA	1174	178	C	0	0	178	35.1
A_PA	1175	172	A	0	0	172	34.2
A_PA	1176	172	G	0	0	172	36.6
A_PA	1177	160	T	0	0	160	37.6
A_PA	1178	179	A	0	0	179	34.8
A_PA	1179	166	C	0	0	166	34.4
A_PA	1180	167	G	0	0	167	35.6
A_PA	1181	191	A	0	0	191	35.2
A_PA	1182	182	C	0	0	182	35.5
A_PA	1183	179	A	0	0	179	36.5
A_PA	1184	166	G	0	0	166	37.9
A_PA	1185	168	T	0	0	168	34.8
A_PA	1186	182	G	0	0	182	35.2
A_PA	1187	184	A	0	0	184	35.7
A_PA	1188	166	C	0	0	166	34.8
A_PA	1189	181	G	0	0	181	35.2
A_PA	1190	175	A	0	0	175	35.0
A_PA	1191	167	A	0	0	167	35.4
A_PA	1192	180	C	0	0	180	34.7
A_PA	1193	180	C	0	0	180	34.7
A_PA	1194	180	A	0	0	180	37.9
A_PA	1195	169	G	0	0	169	35.2
A_PA	1196	166	A	0	0	166	37.4
A_PA	1197	182	G	0	0	182	34.1
A_PA	1198	167	T	0	0	167	34.3
A_PA	1199	186	C	0	0	186	34.6
A_PA	1200	189	T	0	0	189	37.6
A_PA	1201	177	A	0	0	177	35.0
A_PA	1202	176	G	0	0	176	34.8
A_PA	1203	173	A	0	0	173	37.3
A_PA	1204	168	T	0	0	168	38.0
A_PA	1205	160	C	0	0	160	36.2
A_PA	1206	185	A	0	0	185	35.5
A_PA	1207	196	C	0	0	196	34.2
A_PA	1208	185	T	0	0	185	34.2
A_PA	1209	191	A	0	0	191	37.0
A_PA	1210	174	G	0	0	174	36.2
A_PA	1211	170	C	0	0	170	34.2
A_PA	1212	198	A	0	0	198	35.2
A_PA	1213	175	A	0	0	175	36.7
A_PA	1214	187	G	0	0	187	34.2
A_PA	1215	191	C	0	0	191	35.7
A_PA	1216	187	T	0	0	187	35.5
A_PA	1217	189	G	0	0	189	34.0
A_PA	1218	189	G	0	0	189	36.9
A_PA	1219	206	A	0	0	206	35.0
A_PA	1220	187	T	0	0	187	37.1
A_PA	1221	206	T	0	0	206	36.3
A_PA	1222	182	C	0	0	182	35.2
A_PA	1223	179	A	0	0	179	37.3
A_PA	1224	174	G	0	0	174	35.9
A_PA	1225	173	A	0	0	173	34.4
A_PA	1226	151	G	0	0	151	34.1
A_PA	1227	187	T	0	0	187	37.1
A_PA	1228	172	G	0	0	172	37.3
A_PA	1229	197	A	0	0	197	34.2
A_PA	1230	196	A	0	0	196	35.6
A_PA	1231	194	T	0	0	194	35.7
A_PA	1232	184	T	0	0	184	34.7
A_PA	1233	179	C	0	0	179	37.8
A_PA	1234	186	A	0	0	186	36.8
A_PA	1235	180	A	0	0	180	36.4
A_PA	1236	182	C	0	0	182	34.2
A_PA	1237	172	A	0	0	172	36.0
A_PA	1238	177	A	0	0	177	36.9
A_PA	1239	194	G	0	0	194	36.6
A_PA	1240	223	G	0	0	223	37.0
A_PA	1241	182	C	0	0	182	34.3
A_PA	1242	173	A	0	0	173	36.5
A_PA	1243	206	T	0	0	206	36.3
A_PA	1244	209	G	0	0	209	34.9
A_PA	1245	182	C	0	0	182	35.2
A_PA	1246	195	G	0	0	195	34.5
A_PA	1247	196	A	0	0	196	34.8
A_PA	1248	180	A	0	0	180	37.4
A_PA	1249	202	C	0	0	202	35.7
A_PA	1250	173	T	0	0	173	35.7
A_PA	1251	185	G	0	0	185	34.6
A_PA	1252	185	A	0	0	185	34.1
A_PA	1253	175	C	0	0	175	35.3
A_PA	1254	176	A	0	0	176	35.5
A_PA	1255	193	G	0	0	193	37.2
A_PA	1256	188	A	0	0	188	34.8
A_PA	1257	171	T	0	0	171	34.7
A_PA	1258	183	T	0	0	183	35.8
A_PA	1259	185	C	0	0	185	37.7
A_PA	1260	206	G	0	0	206	37.2
A_PA	1261	198	A	0	0	198	35.9
A_PA	1262	190	G	0	0	190	36.9
A_PA	1263	194	T	0	0	194	35.4
A_PA	1264	188	T	0	0	188	36.8
A_PA	1265	174	G	0	0	174	35.5
A_PA	1266	202	G	0	0	202	36.9
A_PA	1267	182	A	0	0	182	35.8
A_PA	1268	177	T	0	0	177	34.6
A_PA	1269	213	T	0	0	213	36.7
A_PA	1270	174	G	0	0	174	34.7
A_PA	1271	209	A	0	0	209	35.0
A_PA	1272	173	A	0	0	173	34.6
A_PA	1273	220	C	0	0	220	36.0
A_PA	1274	180	T	0	0	180	35.9
A_PA	1275	186	T	0	0	186	35.1
A_PA	1276	191	G	0	0	191	37.9
A_PA	1277	181	A	0	0	181	35.5
A_PA	1278	178	T	0	0	178	36.5
A_PA	1279	198	G	0	0	198	36.8
A_PA	1280	166	A	0	0	166	37.6
A_PA	1281	186	G	0	0	186	37.0
A_PA	1282	187	A	0	0	187	34.4
A_PA	1283	189	T	0	0	189	36.1
A_PA	1284	182	A	0	0	182	37.4
A_PA	1285	181	G	0	0	181	35.2
A_PA	1286	194	G	0	0	194	34.5
A_PA	1287	195	G	0	0	195	34.8
A_PA	1288	197	G	0	0	197	34.6
A_PA	1289	168	A	0	0	168	36.9
A_PA	1290	197	A	0	0	197	36.9
A_PA	1291	180	G	0	0	180	34.3
A_PA	1292	184	A	0	0	184	36.7
A_PA	1293	180	C	0	0	180	36.9
A_PA	1294	191	G	0	0	191	35.5
A_PA	1295	203	T	0	0	203	36.0
A_PA	1296	178	T	0	0	178	35.7
A_PA	1297	173	G	0	0	173	35.0
A_PA	1298	175	C	0	0	175	34.1
A_PA	1299	186	T	0	0	186	35.6
A_PA	1300	188	C	0	0	188	35.9
A_PA	1301	170	C	0	0	170	34.7
A_PA	1302	187	A	0	0	187	35.1
A_PA	1303	191	A	0	0	191	37.8
A_PA	1304	164	T	0	0	164	36.1
A_PA	1305	185	C	0	0	185	35.8
A_PA	1306	185	G	0	0	185	36.7
A_PA	1307	178	A	0	0	178	37.3
A_PA	1308	158	A	0	0	158	36.0
A_PA	1309	168	C	0	0	168	36.3
A_PA	1310	159	A	0	0	159	36.0
A_PA	1311	181	C	0	0	181	37.4
A_PA	1312	187	A	0	0	187	34.5
A_PA	1313	183	T	0	0	183	37.8
A_PA	1314	194	T	0	0	194	34.2
A_PA	1315	178	G	0	0	178	36.3
A_PA	1316	189	C	0	0	189	36.1
A_PA	1317	171	G	0	0	171	35.6
A_PA	1318	187	A	0	0	187	37.6
A_PA	1319	190	G	0	0	190	35.0
A_PA	1320	191	T	0	0	191	37.0
A_PA	1321	163	G	0	0	163	35.8
A_PA	1322	156	T	0	0	156	34.3
A_PA	1323	163	G	0	0	163	36.7
A_PA	1324	170	A	0	0	170	36.3
A_PA	1325	166	G	0	0	166	37.8
A_PA	1326	174	G	0	0	174	37.8
A_PA	1327	173	A	0	0	173	35.6
A_PA	1328	172	G	0	0	172	37.6
A_PA	1329	166	G	0	0	166	35.7
A_PA	1330	162	A	0	0	162	37.8
A_PA	1331	176	A	0	0	176	35.2
A_PA	1332	166	C	0	0	166	37.7
A_PA	1333	168	T	0	0	168	36.0
A_PA	1334	161	A	0	0	161	36.7
A_PA	1335	168	T	0	0	168	37.3
A_PA	1336	175	T	0	0	175	34.5
A_PA	1337	178	T	0	0	178	35.3
A_PA	1338	166	C	0	0	166	35.1
A_PA	1339	164	A	0	0	164	35.5
A_PA	1340	169	C	0	0	169	35.0
A_PA	1341	177	A	0	0	177	37.7
A_PA	1342	174	G	0	0	174	36.1
A_PA	1343	169	C	0	0	169	35.2
A_PA	1344	162	G	0	0	162	35.3
A_PA	1345	159	G	0	0	159	34.3
A_PA	1346	154	A	0	0	154	35.2
A_PA	1347	170	G	0	0	170	36.6
A_PA	1348	160	G	0	0	160	37.8
A_PA	1349	182	T	0	0	182	34.3
A_PA	1350	183	A	0	0	183	35.9
A_PA	1351	174	T	0	0	174	37.9
A_PA	1352	174	C	0	0	174	35.3
A_PA	1353	167	C	0	0	167	36.4
A_PA	1354	156	C	0	0	156	37.4
A_PA	1355	176	A	0	0	176	35.4
A_PA	1356	154	T	0	0	154	36.4
A_PA	1357	160	T	0	0	160	36.2
A_PA	1358	168	G	0	0	168	36.4
A_PA	1359	155	C	0	0	155	35.8
A_PA	1360	156	A	0	0	156	34.8
A_PA	1361	166	G	0	0	166	35.0
A_PA	1362	142	G	0	0	142	35.3
A_PA	1363	153	G	0	0	153	36.9
A_PA	1364	170	C	0	0	170	35.4
A_PA	1365	149	C	0	0	149	36.2
A_PA	1366	151	A	0	0	151	37.4
A_PA	1367	165	C	0	0	165	37.7
A_PA	1368	172	T	0	0	172	36.4
A_PA	1369	166	G	0	0	166	35.8
A_PA	1370	163	A	0	0	163	36.8
A_PA	1371	168	A	0	0	168	35.5
A_PA	1372	159	T	0	0	159	37.1
A_PA	1373	154	A	0	0	154	36.2
A_PA	1374	151	C	0	0	151	36.8
A_PA	1375	150	A	0	0	150	35.1
A_PA	1376	161	T	0	0	161	34.7
A_PA	1377	158	A	0	0	158	35.0
A_PA	1378	174	A	0	0	174	37.1
A_PA	1379	170	T	0	0	170	36.3
A_PA	1380	143	G	0	0	143	37.6
A_PA	1381	169	A	0	0	169	35.5
A_PA	1382	141	A	0	0	141	36.9
A_PA	1383	169	G	0	0	169	35.8
A_PA	1384	170	G	0	0	170	36.7
A_PA	1385	149	G	0	0	149	36.2
A_PA	1386	161	A	0	0	161	35.0
A_PA	1387	150	G	0	0	150	36.3
A_PA	1388	162	T	0	0	162	36.0
A_PA	1389	146	A	0	0	146	34.2
A_PA	1390	158	T	0	0	158	35.6
A_PA	1391	154	A	0	0	154	37.1
A_PA	1392	172	C	0	0	172	36.8
A_PA	1393	148	A	0	0	148	37.0
A_PA	1394	152	T	0	0	152	34.6
A_PA	1395	150	A	0	0	150	36.5
A_PA	1396	149	A	0	0	149	37.5
A_PA	1397	159	A	0	0	159	36.0
A_PA	1398	145	C	0	0	145	37.7
A_PA	1399	156	A	0	0	156	37.2
A_PA	1400	153	C	0	0	153	34.1
A_PA	1401	133	A	0	0	133	36.1
A_PA	1402	144	G	0	0	144	35.3
A_PA	1403	148	C	0	0	148	37.9
A_PA	1404	150	C	0	0	150	35.1
A_PA	1405	174	C	0	0	174	37.0
A_PA	1406	146	T	0	0	146	35.9
A_PA	1407	152	A	0	0	152	37.6
A_PA	1408	181	T	0	0	181	34.0
A_PA	1409	152	T	0	0	152	36.7
A_PA	1410	159	G	0	0	159	37.1
A_PA	1411	167	A	0	0	167	35.9
A_PA	1412	154	A	0	0	154	37.4
A_PA	1413	157	T	0	0	157	37.9
A_PA	1414	164	G	0	0	164	34.3
A_PA	1415	151	C	0	0	151	34.5
A_PA	1416	166	A	0	0	166	37.9
A_PA	1417	156	T	0	0	156	36.7
A_PA	1418	145	C	0	0	145	36.7
A_PA	1419	170	C	0	0	170	36.3
A_PA	1420	163	T	0	0	163	35.5
A_PA	1421	157	G	0	0	157	36.3
A_PA	1422	151	T	0	0	151	36.6
A_PA	1423	156	G	0	0	156	37.6
A_PA	1424	162	C	0	0	162	36.1
A_PA	1425	167	A	0	0	167	35.9
A_PA	1426	179	G	0	0	179	36.0
A_PA	1427	163	C	0	0	163	37.3
A_PA	1428	174	C	0	0	174	36.9
A_PA	1429	177	A	0	0	177	36.1
A_PA	1430	153	T	0	0	153	35.3
A_PA	1431	174	G	0	0	174	37.5
A_PA	1432	161	G	0	0	161	37.9
A_PA	1433	158	A	0	0	158	36.4
A_PA	1434	151	T	0	0	151	34.7
A_PA	1435	150	G	0	0	150	34.0
A_PA	1436	163	A	0	0	163	34.7
A_PA	1437	166	C	0	0	166	35.0
A_PA	1438	185	T	0	0	185	34.4
A_PA	1439	165	T	0	0	165	36.1
A_PA	1440	164	C	0	0	164	36.7
A_PA	1441	164	C	0	0	164	34.6
A_PA	1442	168	A	0	0	168	36.1
A_PA	1443	159	A	0	0	159	34.1
A_PA	1444	180	T	0	0	180	37.3
A_PA	1445	162	T	0	0	162	36.5
A_PA	1446	176	G	0	0	176	34.7
A_PA	1447	163	A	0	0	163	35.3
A_PA	1448	161	T	0	0	161	38.0
A_PA	1449	172	T	0	0	172	37.1
A_PA	1450	181	C	0	0	181	35.3
A_PA	1451	175	C	0	0	175	35.7
A_PA	1452	186	A	0	0	186	36.6
A_PA	1453	174	A	0	0	174	34.3
A_PA	1454	172	T	0	0	172	37.6
A_PA	1455	174	G	0	0	174	35.8
A_PA	1456	182	A	0	0	182	35.3
A_PA	1457	171	T	0	0	171	35.6
A_PA	1458	160	A	0	0	160	36.6
A_PA	1459	175	A	0	0	175	37.3
A_PA	1460	179	G	0	0	179	37.3
A_PA	1461	174	T	0	0	174	37.4
A_PA	1462	191	A	0	0	191	34.9
A_PA	1463	187	A	0	0	187	36.9
A_PA	1464	196	G	0	0	196	37.5
A_PA	1465	171	T	0	0	171	34.7
A_PA	1466	179	G	0	0	179	35.0
A_PA	1467	203	C	0	0	203	34.1
A_PA	1468	185	A	0	0	185	35.3
A_PA	1469	190	G	0	0	190	34.8
A_PA	1470	185	A	0	0	185	36.5
A_PA	1471	195	A	0	0	195	36.0
A_PA	1472	195	C	0	0	195	37.3
A_PA	1473	193	T	0	0	193	36.4
A_PA	1474	214	A	0	0	214	36.4
A_PA	1475	199	A	0	0	199	35.3
A_PA	1476	195	A	0	0	195	36.5
A_PA	1477	215	G	0	0	215	35.8
A_PA	1478	206	A	0	0	206	36.7
A_PA	1479	207	A	0	0	207	34.6
A_PA	1480	197	G	0	0	197	36.5
A_PA	1481	198	G	0	0	198	34.6
A_PA	1482	185	A	0	0	185	36.7
A_PA	1483	198	A	0	0	198	36.5
A_PA	1484	222	G	0	0	222	34.2
A_PA	1485	216	A	0	0	216	36.7
A_PA	1486	193	C	0	0	193	34.2
A_PA	1487	212	G	0	0	212	36.8
A_PA	1488	199	G	0	0	199	37.7
A_PA	1489	202	A	0	0	202	34.4
A_PA	1490	206	A	0	0	206	37.4
A_PA	1491	195	G	0	0	195	35.0
A_PA	1492	215	A	0	0	215	37.9
A_PA	1493	203	C	0	0	203	35.2
A_PA	1494	200	A	0	0	200	37.0
A_PA	1495	218	A	0	0	218	36.1
A_PA	1496	221	A	0	0	221	36.4
A_PA	1497	206	T	0	0	206	34.7
A_PA	1498	223	C	0	0	223	37.7
A_PA	1499	200	T	0	0	200	35.9
A_PA	1500	237	G	0	0	237	35.4
A_PA	1501	209	T	0	0	209	37.7
A_PA	1502	209	A	0	0	209	34.6
A_PA	1503	210	T	0	0	210	37.5
A_PA	1504	206	G	0	0	206	35.5
A_PA	1505	220	G	0	0	220	36.9
A_PA	1506	219	A	0	0	219	36.0
A_PA	1507	213	T	0	0	213	34.6
A_PA	1508	243	T	0	0	243	35.8
A_PA	1509	237	C	0	0	237	37.4
A_PA	1510	222	A	0	0	222	36.1
A_PA	1511	232	T	0	0	232	35.1
A_PA	1512	233	T	0	0	233	36.4
A_PA	1513	214	A	0	0	214	35.4
A_PA	1514	225	T	0	0	225	35.6
A_PA	1515	204	A	0	0	204	37.2
A_PA	1516	231	A	0	0	231	38.0
A_PA	1517	248	A	0	0	248	36.8
A_PA	1518	224	A	0	0	224	35.8
A_PA	1519	244	G	0	0	244	34.1
A_PA	1520	258	G	0	0	258	35.2
A_PA	1521	246	A	0	0	246	36.6
A_PA	1522	242	A	0	0	242	34.1
A_PA	1523	231	G	0	0	231	35.2
A_PA	1524	241	A	0	0	241	35.1
A_PA	1525	250	T	0	0	250	36.0
A_PA	1526	213	C	0	0	213	35.7
A_PA	1527	228	C	0	0	228	35.0
A_PA	1528	196	C	0	0	196	34.5
A_PA	1529	233	A	0	0	233	35.1
A_PA	1530	229	T	0	0	229	34.4
A_PA	1531	227	T	0	0	227	36.1
A_PA	1532	248	T	0	0	248	35.0
A_PA	1533	269	G	0	0	269	34.5
A_PA	1534	250	A	0	0	250	37.2
A_PA	1535	248	G	0	0	248	37.3
A_PA	1536	258	G	0	0	258	37.9
A_PA	1537	247	A	0	0	247	35.1
A_PA	1538	275	A	0	0	275	36.2
A_PA	1539	253	T	0	0	253	35.0
A_PA	1540	282	G	0	0	282	36.7
A_PA	1541	237	A	0	0	237	35.9
A_PA	1542	218	C	0	0	218	35.3
A_PA	1543	280	A	0	0	280	35.6
A_PA	1544	285	C	0	0	285	37.1
A_PA	1545	287	C	0	0	287	35.5
A_PA	1546	257	G	0	0	257	36.3
A_PA	1547	243	A	0	0	243	36.7
A_PA	1548	257	T	0	0	257	37.2
A_PA	1549	260	G	0	0	260	37.9
A_PA	1550	265	T	0	0	265	34.2
A_PA	1551	234	G	0	0	234	36.9
A_PA	1552	262	G	0	0	262	36.7
A_PA	1553	281	T	0	0	281	35.3
A_PA	1554	262	A	0	0	262	35.5
A_PA	1555	263	A	0	0	263	35.7
A_PA	1556	264	A	0	0	264	35.9
A_PA	1557	275	C	0	0	275	36.9
A_PA	1558	264	T	0	0	264	35.0
A_PA	1559	282	T	0	0	282	34.3
A_PA	1560	264	T	0	0	264	34.6
A_PA	1561	239	G	0	0	239	37.7
A_PA	1562	239	T	0	0	239	34.6
A_PA	1563	255	G	0	0	255	35.7
A_PA	1564	269	A	0	0	269	34.7
A_PA	1565	244	G	0	0	244	36.9
A_PA	1566	254	C	0	0	254	36.9
A_PA	1567	268	A	0	0	268	36.7
A_PA	1568	258	T	0	0	258	37.8
A_PA	1569	284	G	0	0	284	34.2
A_PA	1570	250	G	0	0	250	35.2
A_PA	1571	277	A	0	0	277	37.7
A_PA	1572	275	A	0	0	275	34.0
A_PA	1573	300	T	0	0	300	34.6
A_PA	1574	300	T	0	0	300	36.7
A_PA	1575	259	C	0	0	259	34.3
A_PA	1576	254	T	0	0	254	36.1
A_PA	1577	239	C	0	0	239	35.7
A_PA	1578	248	T	0	0	248	36.0
A_PA	1579	249	C	0	0	249	37.9
A_PA	1580	261	T	0	0	261	34.7
A_PA	1581	251	A	0	0	251	34.2
A_PA	1582	256	A	0	0	256	37.6
A_PA	1583	303	C	0	0	303	34.6
A_PA	1584	300	T	0	0	300	36.2
A_PA	1585	266	G	0	0	266	34.6
A_PA	1586	268	A	0	0	268	35.7
A_PA	1587	270	C	0	0	270	37.2
A_PA	1588	279	C	0	0	279	35.4
A_PA	1589	257	C	0	0	257	37.2
A_PA	1590	272	G	0	0	272	36.4
A_PA	1591	261	A	0	0	261	37.1
A_PA	1592	298	G	0	0	298	37.9
A_PA	1593	262	G	0	0	262	36.4
A_PA	1594	259	C	0	0	259	36.7
A_PA	1595	257	T	0	0	257	36.6
A_PA	1596	295	A	0	0	295	35.1
A_PA	1597	245	G	0	0	245	36.8
A_PA	1598	250	A	0	0	250	37.5
A_PA	1599	304	G	0	0	304	34.8
A_PA	1600	262	C	0	0	262	35.6
A_PA	1601	275	C	0	0	275	37.4
A_PA	1602	271	A	0	0	271	36.2
A_PA	1603	265	C	0	0	265	35.9
A_PA	1604	284	A	0	0	284	37.6
A_PA	1605	275	C	0	0	275	37.5
A_PA	1606	302	A	0	0	302	35.1
A_PA	1607	308	A	0	0	308	37.9
A_PA	1608	275	A	0	0	275	37.3
A_PA	1609	318	T	0	0	318	37.5
A_PA	1610	249	G	0	0	249	37.1
A_PA	1611	244	G	0	0	244	37.6
A_PA	1612	259	G	0	0	259	34.3
A_PA	1613	284	A	0	0	284	36.8
A_PA	1614	277	A	0	0	277	37.1
A_PA	1615	272	A	0	0	272	36.7
A_PA	1616	274	A	0	0	274	36.1
A_PA	1617	260	G	0	0	260	36.1
A_PA	1618	267	T	0	0	267	37.9
A_PA	1619	283	A	0	0	283	37.6
A_PA	1620	291	C	0	0	291	36.7
A_PA	1621	263	T	0	0	263	37.2
A_PA	1622	266	G	0	0	266	36.0
A_PA	1623	254	T	0	0	254	34.8
A_PA	1624	261	G	0	0	261	35.3
A_PA	1625	260	T	0	0	260	34.0
A_PA	1626	248	T	0	0	248	34.8
A_PA	1627	273	C	0	0	273	34.8
A_PA	1628	261	T	0	0	261	36.8
A_PA	1629	264	T	0	0	264	36.5
A_PA	1630	244	G	0	0	244	37.3
A_PA	1631	291	A	0	0	291	36.2
A_PA	1632	260	G	0	0	260	34.9
A_PA	1633	271	A	0	0	271	37.8
A_PA	1634	254	T	0	0	254	37.3
A_PA	1635	247	A	0	0	247	36.3
A_PA	1636	294	G	0	0	294	35.9
A_PA	1637	266	G	0	0	266	37.2
A_PA	1638	266	A	0	0	266	36.9
A_PA	1639	252	G	0	0	252	35.3
A_PA	1640	245	A	0	0	245	37.3
A_PA	1641	268	C	0	0	268	35.5
A_PA	1642	254	A	0	0	254	34.2
A_PA	1643	263	T	0	0	263	36.6
A_PA	1644	265	G	0	0	265	37.6
A_PA	1645	252	C	0	0	252	37.4
A_PA	1646	236	T	0	0	236	35.3
A_PA	1647	253	C	0	0	253	34.4
A_PA	1648	272	C	0	0	272	36.7
A_PA	1649	228	T	0	0	228	35.9
A_PA	1650	267	A	0	0	267	36.9
A_PA	1651	274	C	0	0	274	34.9
A_PA	1652	273	G	0	0	273	34.3
A_PA	1653	228	G	0	0	228	36.5
A_PA	1654	257	A	0	0	257	34.4
A_PA	1655	251	C	0	0	251	36.7
A_PA	1656	288	T	0	0	288	34.8
A_PA	1657	272	G	0	0	272	37.9
A_PA	1658	263	C	0	0	263	35.1
A_PA	1659	265	A	0	0	265	35.1
A_PA	1660	252	A	0	0	252	36.7
A_PA	1661	252	T	0	0	252	34.1
A_PA	1662	230	A	0	0	230	37.0
A_PA	1663	239	G	0	0	239	34.6
A_PA	1664	248	G	0	0	248	37.6
A_PA	1665	246	C	0	0	246	34.2
A_PA	1666	235	C	0	0	235	34.0
A_PA	1667	242	A	0	0	242	36.3
A_PA	1668	234	A	0	0	234	35.7
A_PA	1669	231	G	0	0	231	37.0
A_PA	1670	230	T	0	0	230	35.6
A_PA	1671	210	G	0	0	210	35.5
A_PA	1672	239	T	0	0	239	35.0
A_PA	1673	222	C	0	0	222	36.7
A_PA	1674	269	G	0	0	269	37.3
A_PA	1675	232	A	0	0	232	34.6
A_PA	1676	224	G	0	0	224	36.8
A_PA	1677	231	G	0	0	231	36.2
A_PA	1678	239	C	0	0	239	35.9
A_PA	1679	230	C	0	0	230	37.2
A_PA	1680	215	C	0	0	215	34.5
A_PA	1681	248	A	0	0	248	35.4
A_PA	1682	247	T	0	0	247	37.5
A_PA	1683	245	G	0	0	245	34.7
A_PA	1684	214	T	0	0	214	34.3
A_PA	1685	230	T	0	0	230	36.8
A_PA	1686	235	C	0	0	235	37.6
A_PA	1687	226	C	0	0	226	34.1
A_PA	1688	207	T	0	0	207	34.4
A_PA	1689	229	G	0	0	229	35.8
A_PA	1690	231	T	0	0	231	36.9
A_PA	1691	240	A	0	0	240	34.6
A_PA	1692	242	T	0	0	242	37.7
A_PA	1693	219	G	0	0	219	37.6
A_PA	1694	219	T	0	0	219	35.9
A_PA	1695	236	G	0	0	236	36.7
A_PA	1696	233	A	0	0	233	36.7
A_PA	1697	221	G	0	0	221	34.9
A_PA	1698	252	A	0	0	252	37.9
A_PA	1699	203	A	0	0	203	36.2
A_PA	1700	209	C	0	0	209	35.0
A_PA	1701	223	C	0	0	223	35.3
A_PA	1702	204	A	0	0	204	35.6
A_PA	1703	220	A	0	0	220	35.5
A_PA	1704	211	T	0	0	211	35.8
A_PA	1705	210	G	0	0	210	34.4
A_PA	1706	209	G	0	0	209	35.2
A_PA	1707	218	G	0	0	218	35.9
A_PA	1708	223	A	0	0	223	36.3
A_PA	1709	230	C	0	0	230	34.8
A_PA	1710	216	T	0	0	216	37.7
A_PA	1711	215	T	0	0	215	34.1
A_PA	1712	226	C	0	0	226	37.6
A_PA	1713	223	C	0	0	223	37.2
A_PA	1714	211	A	0	0	211	36.2
A_PA	1715	200	A	0	0	200	34.8
A_PA	1716	196	G	0	0	196	36.3
A_PA	1717	215	A	0	0	215	34.4
A_PA	1718	220	T	0	0	220	35.3
A_PA	1719	207	C	0	0	207	35.9
A_PA	1720	224	A	0	0	224	34.8
A_PA	1721	205	A	0	0	205	37.4
A_PA	1722	203	A	0	0	203	36.6
A_PA	1723	188	A	0	0	188	34.6
A_PA	1724	225	T	0	0	225	34.2
A_PA	1725	211	G	0	0	211	34.2
A_PA	1726	249	A	0	0	249	37.0
A_PA	1727	207	A	0	0	207	34.8
A_PA	1728	204	A	0	0	204	36.9
A_PA	1729	228	T	0	0	228	34.3
A_PA	1730	193	G	0	0	193	36.1
A_PA	1731	243	G	0	0	243	35.5
A_PA	1732	222	G	0	0	222	34.9
A_PA	1733	211	G	0	0	211	37.7
A_PA	1734	215	C	0	0	215	35.6
A_PA	1735	210	A	0	0	210	37.2
A_PA	1736	224	T	0	0	224	37.8
A_PA	1737	215	G	0	0	215	36.4
A_PA	1738	226	G	0	0	226	36.6
A_PA	1739	215	A	0	0	215	35.7
A_PA	1740	212	G	0	0	212	37.9
A_PA	1741	236	A	0	0	236	34.7
A_PA	1742	214	T	0	0	214	37.0
A_PA	1743	191	G	0	0	191	37.0
A_PA	1744	211	A	0	0	211	34.9
A_PA	1745	206	G	0	0	206	35.1
A_PA	1746	185	G	0	0	185	37.2
A_PA	1747	219	C	0	0	219	36.8
A_PA	1748	211	G	0	0	211	35.9
A_PA	1749	206	A	0	0	206	35.2
A_PA	1750	215	T	0	0	215	35.3
A_PA	1751	213	G	0	0	213	37.8
A_PA	1752	206	C	0	0	206	37.7
A_PA	1753	199	C	0	0	199	37.9
A_PA	1754	210	T	0	0	210	35.4
A_PA	1755	212	T	0	0	212	35.5
A_PA	1756	203	C	0	0	203	36.0
A_PA	1757	208	T	0	0	208	36.4
A_PA	1758	225	T	0	0	225	37.4
A_PA	1759	198	C	0	0	198	34.2
A_PA	1760	212	A	0	0	212	37.8
A_PA	1761	209	G	0	0	209	34.3
A_PA	1762	205	T	0	0	205	34.4
A_PA	1763	214	C	0	0	214	35.2
A_PA	1764	196	C	0	0	196	35.5
A_PA	1765	196	C	0	0	196	36.6
A_PA	1766	223	T	0	0	223	37.9
A_PA	1767	198	T	0	0	198	34.7
A_PA	1768	198	C	0	0	198	34.8
A_PA	1769	221	A	0	0	221	34.7
A_PA	1770	187	A	0	0	187	35.2
A_PA	1771	194	C	0	0	194	36.0
A_PA	1772	206	A	0	0	206	36.3
A_PA	1773	198	A	0	0	198	34.2
A_PA	1774	225	A	0	0	225	36.2
A_PA	1775	191	T	0	0	191	37.5
A_PA	1776	200	T	0	0	200	37.2
A_PA	1777	206	G	0	0	206	34.0
A_PA	1778	206	A	0	0	206	36.6
A_PA	1779	213	G	0	0	213	37.9
A_PA	1780	176	A	0	0	176	34.9
A_PA	1781	199	G	0	0	199	34.2
A_PA	1782	219	C	0	0	219	34.4
A_PA	1783	194	A	0	0	194	38.0
A_PA	1784	222	T	0	0	222	37.5
A_PA	1785	209	G	0	0	209	37.7
A_PA	1786	207	A	0	0	207	34.6
A_PA	1787	208	T	0	0	208	35.7
A_PA	1788	210	T	0	0	210	37.8
A_PA	1789	212	G	0	0	212	34.2
A_PA	1790	217	A	0	0	217	36.5
A_PA	1791	206	G	0	0	206	36.1
A_PA	1792	233	G	0	0	233	35.9
A_PA	1793	201	C	0	0	201	34.7
A_PA	1794	205	C	0	0	205	36.3
A_PA	1795	199	G	0	0	199	36.5
A_PA	1796	216	A	0	0	216	34.5
A_PA	1797	189	A	0	0	189	37.5
A_PA	1798	216	T	0	0	216	37.7
A_PA	1799	207	C	0	0	207	37.9
A_PA	1800	224	T	0	0	224	34.2
A_PA	1801	226	T	0	0	226	35.1
A_PA	1802	210	C	0	0	210	37.3
A_PA	1803	213	T	0	0	213	34.2
A_PA	1804	221	G	0	0	221	35.5
A_PA	1805	219	T	0	0	219	36.9
A_PA	1806	193	C	0	0	193	37.6
A_PA	1807	218	A	0	0	218	37.7
A_PA	1808	232	A	0	0	232	37.9
A_PA	1809	194	A	0	0	194	34.4
A_PA	1810	191	G	0	0	191	34.3
A_PA	1811	200	A	0	0	200	36.6
A_PA	1812	219	G	0	0	219	36.1
A_PA	1813	229	A	0	0	229	34.3
A_PA	1814	214	A	0	0	214	34.1
A_PA	1815	236	G	0	0	236	36.0
A_PA	1816	221	G	0	0	221	34.6
A_PA	1817	226	A	0	0	226	36.9
A_PA	1818	236	C	0	0	236	36.9
A_PA	1819	242	A	0	0	242	37.1
A_PA	1820	219	T	0	0	219	36.5
A_PA	1821	212	G	0	0	212	37.4
A_PA	1822	209	T	0	0	209	36.2
A_PA	1823	215	C	0	0	215	36.0
A_PA	1824	211	C	0	0	211	37.4
A_PA	1825	206	A	0	0	206	34.7
A_PA	1826	211	A	0	0	211	37.8
A_PA	1827	194	G	0	0	194	35.5
A_PA	1828	232	G	0	0	232	36.3
A_PA	1829	218	A	0	0	218	36.9
A_PA	1830	215	A	0	0	215	36.3
A_PA	1831	211	T	0	0	211	37.5
A_PA	1832	211	T	0	0	211	37.7
A_PA	1833	219	C	0	0	219	34.3
A_PA	1834	217	T	0	0	217	34.9
A_PA	1835	218	T	0	0	218	34.2
A_PA	1836	208	T	0	0	208	36.3
A_PA	1837	209	G	0	0	209	36.9
A_PA	1838	217	A	0	0	217	37.1
A_PA	1839	227	A	0	0	227	35.3
A_PA	1840	203	A	0	0	203	34.2
A_PA	1841	209	A	0	0	209	34.5
A_PA	1842	205	C	0	0	205	36.8
A_PA	1843	228	A	0	0	228	34.8
A_PA	1844	229	A	0	0	229	35.6
A_PA	1845	214	A	0	0	214	34.5
A_PA	1846	210	T	0	0	210	37.7
A_PA	1847	200	C	0	0	200	35.6
A_PA	1848	223	A	0	0	223	35.2
A_PA	1849	223	G	0	0	223	37.0
A_PA	1850	213	A	0	0	213	37.9
A_PA	1851	205	A	0	0	205	36.0
A_PA	1852	199	A	0	0	199	35.3
A_PA	1853	220	C	0	0	220	37.5
A_PA	1854	221	A	0	0	221	34.1
A_PA	1855	224	T	0	0	224	35.8
A_PA	1856	205	G	0	0	205	35.5
A_PA	1857	215	G	0	0	215	36.8
A_PA	1858	212	C	0	0	212	38.0
A_PA	1859	241	C	0	0	241	37.7
A_PA	1860	230	A	0	0	230	34.8
A_PA	1861	210	A	0	0	210	35.6
A_PA	1862	218	T	0	0	218	37.3
A_PA	1863	211	T	0	0	211	37.3
A_PA	1864	193	G	0	0	193	35.2
A_PA	1865	204	G	0	0	204	37.3
A_PA	1866	205	A	0	0	205	37.1
A_PA	1867	198	G	0	0	198	36.4
A_PA	1868	204	A	0	0	204	36.4
A_PA	1869	203	A	0	0	203	34.4
A_PA	1870	192	T	0	0	192	34.6
A_PA	1871	220	C	0	0	220	36.3
A_PA	1872	215	A	0	0	215	34.9
A_PA	1873	217	C	0	0	217	35.8
A_PA	1874	237	C	0	0	237	35.7
A_PA	1875	221	C	0	0	221	34.8
A_PA	1876	221	A	0	0	221	35.7
A_PA	1877	217	A	0	0	217	37.1
A_PA	1878	205	A	0	0	205	36.5
A_PA	1879	208	G	0	0	208	36.6
A_PA	1880	230	G	0	0	230	36.6
A_PA	1881	211	G	0	0	211	36.0
A_PA	1882	195	G	0	0	195	34.9
A_PA	1883	205	T	0	0	205	34.2
A_PA	1884	223	G	0	0	223	34.6
A_PA	1885	225	G	0	0	225	37.5
A_PA	1886	223	A	0	0	223	37.8
A_PA	1887	216	G	0	0	216	34.9
A_PA	1888	217	G	0	0	217	35.6
A_PA	1889	211	A	0	0	211	37.4
A_PA	1890	204	A	0	0	204	35.0
A_PA	1891	220	G	0	0	220	34.2
A_PA	1892	220	G	0	0	220	37.8
A_PA	1893	214	C	0	0	214	34.5
A_PA	1894	214	T	0	0	214	37.7
A_PA	1895	203	C	0	0	203	34.1
A_PA	1896	200	T	0	0	200	35.7
A_PA	1897	218	A	0	0	218	34.8
A_PA	1898	185	T	0	0	185	34.6
A_PA	1899	218	T	0	0	218	38.0
A_PA	1900	224	G	0	0	224	36.9
A_PA	1901	216	G	0	0	216	36.2
A_PA	1902	205	G	0	0	205	36.8
A_PA	1903	198	A	0	0	198	37.7
A_PA	1904	195	A	0	0	195	38.0
A_PA	1905	202	A	0	0	202	35.8
A_PA	1906	181	G	0	0	181	37.0
A_PA	1907	188	T	0	0	188	37.2
A_PA	1908	200	A	0	0	200	35.0
A_PA	1909	201	T	0	0	201	34.7
A_PA	1910	206	G	0	0	206	37.3
A_PA	1911	209	C	0	0	209	37.7
A_PA	1912	204	A	0	0	204	36.7
A_PA	1913	203	G	0	0	203	37.3
A_PA	1914	179	A	0	0	179	36.4
A_PA	1915	203	A	0	0	203	36.7
A_PA	1916	177	C	0	0	177	34.7
A_PA	1917	179	A	0	0	179	35.6
A_PA	1918	209	T	0	0	209	36.9
A_PA	1919	184	T	0	0	184	35.9
A_PA	1920	203	G	0	0	203	37.2
A_PA	1921	173	C	0	0	173	34.5
A_PA	1922	181	T	0	0	181	35.6
A_PA	1923	186	A	0	0	186	35.4
A_PA	1924	182	G	0	0	182	37.4
A_PA	1925	212	C	0	0	212	36.4
A_PA	1926	222	A	0	0	222	37.5
A_PA	1927	206	A	0	0	206	37.5
A_PA	1928	179	A	0	0	179	35.8
A_PA	1929	222	G	0	0	222	36.8
A_PA	1930	181	T	0	0	181	34.3
A_PA	1931	165	C	0	0	165	37.3
A_PA	1932	170	T	0	0	170	36.1
A_PA	1933	174	G	0	0	174	35.0
A_PA	1934	172	T	0	0	172	37.9
A_PA	1935	192	G	0	0	192	35.1
A_PA	1936	164	T	0	0	164	37.7
A_PA	1937	203	T	0	0	203	35.0
A_PA	1938	192	C	0	0	192	37.6
A_PA	1939	184	A	0	0	184	36.0
A_PA	1940	182	A	0	0	182	37.6
A_PA	1941	189	C	0	0	189	37.7
A_PA	1942	177	A	0	0	177	34.3
A_PA	1943	187	G	0	0	187	35.8
A_PA	1944	189	C	0	0	189	34.5
A_PA	1945	175	C	0	0	175	37.7
A_PA	1946	176	T	0	0	176	36.2
A_PA	1947	191	A	0	0	191	34.5
A_PA	1948	180	T	0	0	180	36.5
A_PA	1949	167	A	0	0	167	34.3
A_PA	1950	167	T	0	0	167	37.8
A_PA	1951	167	G	0	0	167	36.2
A_PA	1952	147	C	0	0	147	35.2
A_PA	1953	163	A	0	0	163	35.6
A_PA	1954	160	T	0	0	160	37.5
A_PA	1955	171	C	0	0	171	34.6
A_PA	1956	162	T	0	0	162	37.1
A_PA	1957	189	C	0	0	189	34.6
A_PA	1958	163	C	0	0	163	37.4
A_PA	1959	170	A	0	0	170	37.2
A_PA	1960	151	C	0	0	151	36.4
A_PA	1961	180	A	0	0	180	36.0
A_PA	1962	171	A	0	0	171	36.8
A_PA	1963	157	C	0	0	157	37.6
A_PA	1964	159	T	0	0	159	34.1
A_PA	1965	165	C	0	0	165	36.3
A_PA	1966	169	G	0	0	169	37.2
A_PA	1967	171	A	0	0	171	36.6
A_PA	1968	155	G	0	0	155	37.7
A_PA	1969	167	G	0	0	167	37.7
A_PA	1970	153	G	0	0	153	34.2
A_PA	1971	161	G	0	0	161	37.5
A_PA	1972	145	T	0	0	145	35.2
A_PA	1973	154	T	0	0	154	35.8
A_PA	1974	157	T	0	0	157	38.0
A_PA	1975	147	T	0	0	147	36.7
A_PA	1976	150	C	0	0	150	34.6
A_PA	1977	144	A	0	0	144	36.7
A_PA	1978	147	G	0	0	147	35.7
A_PA	1979	163	C	0	0	163	34.8
A_PA	1980	156	T	0	0	156	36.9
A_PA	1981	143	G	0	0	143	36.9
A_PA	1982	152	A	0	0	152	34.0
A_PA	1983	142	A	0	0	142	37.9
A_PA	1984	125	T	0	0	125	37.7
A_PA	1985	154	C	0	0	154	34.1
A_PA	1986	141	A	0	0	141	36.2
A_PA	1987	150	A	0	0	150	37.8
A_PA	1988	148	G	0	0	148	37.3
A_PA	1989	153	A	0	0	153	35.4
A_PA	1990	150	A	0	0	150	35.3
A_PA	1991	151	A	0	0	151	35.2
A_PA	1992	146	A	0	0	146	36.8
A_PA	1993	146	T	0	0	146	36.7
A_PA	1994	154	T	0	0	154	34.6
A_PA	1995	150	G	0	0	150	37.1
A_PA	1996	146	C	0	0	146	34.7
A_PA	1997	150	T	0	0	150	36.5
A_PA	1998	148	T	0	0	148	36.4
A_PA	1999	138	C	0	0	138	36.4
A_PA	2000	144	T	0	0	144	37.2
A_PA	2001	144	C	0	0	144	37.1
A_PA	2002	143	A	0	0	143	34.1
A_PA	2003	141	T	0	0	141	34.7
A_PA	2004	162	T	0	0	162	36.5
A_PA	2005	145	G	0	0	145	35.8
A_PA	2006	127	T	0	0	127	37.6
A_PA	2007	147	T	0	0	147	37.5
A_PA	2008	148	C	0	0	148	36.7
A_PA	2009	148	A	0	0	148	38.0
A_PA	2010	128	G	0	0	128	37.1
A_PA	2011	130	G	0	0	130	37.0
A_PA	2012	127	C	0	0	127	37.6
A_PA	2013	122	A	0	0	122	36.8
A_PA	2014	146	C	0	0	146	36.2
A_PA	2015	136	T	0	0	136	34.5
A_PA	2016	137	T	0	0	137	37.9
A_PA	2017	135	A	0	0	135	34.1
A_PA	2018	134	G	0	0	134	35.0
A_PA	2019	135	G	0	0	135	35.8
A_PA	2020	143	G	0	0	143	34.8
A_PA	2021	125	A	0	0	125	34.0
A_PA	2022	132	C	0	0	132	37.3
A_PA	2023	153	A	0	0	153	34.8
A_PA	2024	133	A	0	0	133	34.2
A_PA	2025	133	C	0	0	133	36.3
A_PA	2026	123	C	0	0	123	35.0
A_PA	2027	128	T	0	0	128	37.3
A_PA	2028	136	G	0	0	136	34.3
A_PA	2029	139	G	0	0	139	36.5
A_PA	2030	138	A	0	0	138	36.3
A_PA	2031	110	A	0	0	110	36.4
A_PA	2032	132	C	0	0	132	37.2
A_PA	2033	122	C	0	0	122	36.6
A_PA	2034	122	T	0	0	122	34.8
A_PA	2035	111	G	0	0	111	37.1
A_PA	2036	121	G	0	0	121	35.0
A_PA	2037	126	A	0	0	126	37.3
A_PA	2038	118	A	0	0	118	36.0
A_PA	2039	115	C	0	0	115	34.2
A_PA	2040	123	C	0	0	123	35.1
A_PA	2041	108	T	0	0	108	34.8
A_PA	2042	103	T	0	0	103	35.1
A_PA	2043	113	C	0	0	113	37.9
A_PA	2044	111	G	0	0	111	34.7
A_PA	2045	112	A	0	0	112	36.3
A_PA	2046	124	T	0	0	124	37.7
A_PA	2047	106	C	0	0	106	37.1
A_PA	2048	102	T	0	0	102	36.7
A_PA	2049	107	T	0	0	107	35.8
A_PA	2050	103	G	0	0	103	34.9
A_PA	2051	105	G	0	0	105	34.8
A_PA	2052	102	G	0	0	102	37.6
A_PA	2053	109	G	0	0	109	36.2
A_PA	2054	99	G	0	0	99	35.8
A_PA	2055	98	G	0	0	98	36.6
A_PA	2056	101	C	0	0	101	34.8
A_PA	2057	103	T	0	0	103	35.4
A_PA	2058	98	A	0	0	98	35.7
A_PA	2059	93	T	0	0	93	34.3
A_PA	2060	96	A	0	0	96	36.1
A_PA	2061	91	T	0	0	91	35.6
A_PA	2062	86	G	0	0	86	37.4
A_PA	2063	94	A	0	0	94	35.2
A_PA	2064	110	A	0	0	110	36.4
A_PA	2065	88	G	0	0	88	36.1
A_PA	2066	101	C	0	0	101	36.8
A_PA	2067	92	A	0	0	92	35.0
A_PA	2068	91	A	0	0	91	36.2
A_PA	2069	92	T	0	0	92	36.9
A_PA	2070	84	T	0	0	84	37.2
A_PA	2071	77	G	0	0	77	34.3
A_PA	2072	82	A	0	0	82	34.8
A_PA	2073	89	G	0	0	89	34.0
A_PA	2074	90	G	0	0	90	35.5
A_PA	2075	81	A	0	0	81	36.5
A_PA	2076	85	G	0	0	85	35.8
A_PA	2077	80	T	0	0	80	35.6
A_PA	2078	79	G	0	0	79	35.3
A_PA	2079	85	C	0	0	85	37.1
A_PA	2080	85	C	0	0	85	34.2
A_PA	2081	73	T	0	0	73	34.2
A_PA	2082	84	G	0	0	84	36.8
A_PA	2083	77	A	0	0	77	37.9
A_PA	2084	79	T	0	0	79	34.8
A_PA	2085	72	T	0	0	72	38.0
A_PA	2086	82	A	0	0	82	36.7
A_PA	2087	79	A	0	0	79	35.0
A_PA	2088	81	C	0	0	81	36.1
A_PA	2089	74	G	0	0	74	36.5
A_PA	2090	70	A	0	0	70	35.6
A_PA	2091	68	T	0	0	68	34.4
A_PA	2092	72	C	0	0	72	34.0
A_PA	2093	74	C	0	0	74	37.4
A_PA	2094	68	C	0	0	68	37.1
A_PA	2095	69	T	0	0	69	37.6
A_PA	2096	68	G	0	0	68	34.1
A_PA	2097	69	G	0	0	69	36.0
A_PA	2098	70	G	0	0	70	34.1
A_PA	2099	65	T	0	0	65	37.3
A_PA	2100	68	T	0	0	68	36.8
A_PA	2101	63	T	0	0	63	34.2
A_PA	2102	64	T	0	0	64	34.4
A_PA	2103	61	G	0	0	61	37.2
A_PA	2104	59	C	0	0	59	34.2
A_PA	2105	60	T	0	0	60	36.6
A_PA	2106	54	T	0	0	54	36.7
A_PA	2107	60	A	0	0	60	34.5
A_PA	2108	53	A	0	0	53	36.3
A_PA	2109	60	T	0	0	60	34.0
A_PA	2110	53	G	0	0	53	37.3
A_PA	2111	58	C	0	0	58	36.9
A_PA	2112	51	A	0	0	51	34.0
A_PA	2113	46	T	0	0	46	34.1
A_PA	2114	50	C	0	0	50	37.3
A_PA	2115	48	T	0	0	48	37.4
A_PA	2116	46	T	0	0	46	34.3
A_PA	2117	46	G	0	0	46	37.5
A_PA	2118	47	G	0	0	47	37.4
A_PA	2119	47	T	0	0	47	37.2
A_PA	2120	43	T	0	0	43	37.5
A_PA	2121	38	C	0	0	38	37.1
A_PA	2122	43	A	0	0	43	35.9
A_PA	2123	40	A	0	0	40	36.4
A_PA	2124	40	C	0	0	40	36.2
A_PA	2125	39	T	0	0	39	36.4
A_PA	2126	34	C	0	0	34	34.1
A_PA	2127	35	C	0	0	35	36.3
A_PA	2128	32	T	0	0	32	35.0
A_PA	2129	32	T	0	0	32	34.1
A_PA	2130	32	C	0	0	32	34.4
A_PA	2131	29	C	0	0	29	37.0
A_PA	2132	29	T	0	0	29	34.4
A_PA	2133	29	C	0	0	29	34.5
A_PA	2134	26	A	0	0	26	36.8
A_PA	2135	23	C	0	0	23	35.2
A_PA	2136	22	A	0	0	22	34.6
A_PA	2137	23	C	0	0	23	37.0
A_PA	2138	21	A	0	0	21	36.2
A_PA	2139	18	T	0	0	18	35.9
A_PA	2140	17	G	0	0	17	36.7
A_PA	2141	16	C	0	0	16	37.6
A_PA	2142	14	A	0	0	14	34.5
A_PA	2143	13	C	0	0	13	36.2
A_PA	2144	11	T	0	0	11	37.0
A_PA	2145	9	G	0	0	9	34.6
A_PA	2146	7	A	0	0	7	37.4
A_PA	2147	6	A	0	0	6	34.1
A_PA	2148	4	A	0	0	4	37.9
A_PA	2149	3	T	0	0	3	35.6
A_PA	2150	2	A	0	0	2	34.7
A_PA	2151	0	G	0	0	0	34.8
