Reference_Name	Position	Coverage Depth	Consensus	Deletions	Ambiguous	Consensus_Count	Consensus_Average_Quality
A_PB1	1	1	A	0	0	1	37.6
A_PB1	2	2	T	0	0	2	36.9
A_PB1	3	3	G	0	0	3	36.7
A_PB1	4	4	G	0	0	4	34.1
A_PB1	5	5	A	0	0	5	34.6
A_PB1	6	6	T	0	0	6	37.3
A_PB1	7	7	G	0	0	7	36.5
A_PB1	8	8	T	0	0	8	34.9
A_PB1	9	8	C	0	0	8	35.0
A_PB1	10	9	A	0	0	9	37.3
A_PB1	11	10	A	0	0	10	34.7
A_PB1	12	11	T	0	0	11	37.9
A_PB1	13	13	C	0	0	13	35.4
A_PB1	14	14	C	0	0	14	36.4
A_PB1	15	17	G	0	0	17	34.5
A_PB1	16	16	A	0	0	16	38.0
A_PB1	17	16	C	0	0	16	35.0
A_PB1	18	18	T	0	0	18	35.6
A_PB1	19	20	T	0	0	20	36.3
A_PB1	20	19	T	0	0	19	34.7
A_PB1	21	21	A	0	0	21	37.0
A_PB1	22	22	C	0	0	22	35.3
A_PB1	23	19	T	0	0	19	34.9
A_PB1	24	24	T	0	0	24	35.2
A_PB1	25	25	T	0	0	25	36.5
A_PB1	26	24	T	0	0	24	37.4
A_PB1	27	28	C	0	0	28	35.9
A_PB1	28	26	T	0	0	26	37.5
A_PB1	29	30	T	0	0	30	37.8
A_PB1	30	29	G	0	0	29	37.3
A_PB1	31	35	A	0	0	35	35.0
A_PB1	32	28	A	0	0	28	36.6
A_PB1	33	33	A	0	0	33	37.6
A_PB1	34	34	G	0	0	34	37.4
A_PB1	35	33	T	0	0	33	37.0
A_PB1	36	37	T	0	0	37	34.7
A_PB1	37	34	C	0	0	34	34.7
A_PB1	38	40	C	0	0	40	34.3
A_PB1	39	36	A	0	0	36	35.8
A_PB1	40	40	G	0	0	40	34.3
A_PB1	41	39	C	0	0	39	34.6
A_PB1	42	40	G	0	0	40	35.0
A_PB1	43	44	C	0	0	44	35.2
A_PB1	44	42	A	0	0	42	35.7
A_PB1	45	39	A	0	0	39	35.6
A_PB1	46	44	A	0	0	44	36.5
A_PB1	47	46	A	0	0	46	36.3
A_PB1	48	43	T	0	0	43	37.0
A_PB1	49	47	G	0	0	47	35.9
A_PB1	50	49	C	0	0	49	36.2
A_PB1	51	47	C	0	0	47	35.0
A_PB1	52	53	A	0	0	53	34.3
A_PB1	53	44	T	0	0	44	36.0
A_PB1	54	51	A	0	0	51	34.6
A_PB1	55	52	A	0	0	52	36.0
A_PB1	56	54	G	0	0	54	37.4
A_PB1	57	54	C	0	0	54	37.8
A_PB1	58	50	A	0	0	50	36.1
A_PB1	59	51	C	0	0	51	37.2
A_PB1	60	58	C	0	0	58	37.7
A_PB1	61	53	A	0	0	53	37.5
A_PB1	62	60	C	0	0	60	34.4
A_PB1	63	59	A	0	0	59	34.3
A_PB1	64	54	T	0	0	54	35.9
A_PB1	65	61	T	0	0	61	37.2
A_PB1	66	66	C	0	0	66	37.7
A_PB1	67	55	C	0	0	55	36.5
A_PB1	68	66	C	0	0	66	35.7
A_PB1	69	68	G	0	0	68	35.2
A_PB1	70	62	T	0	0	62	36.3
A_PB1	71	64	A	0	0	64	36.6
A_PB1	72	67	T	0	0	67	37.5
A_PB1	73	68	A	0	0	68	35.5
A_PB1	74	71	C	0	0	71	37.2
A_PB1	75	71	T	0	0	71	35.5
A_PB1	76	76	G	0	0	76	34.4
A_PB1	77	71	G	0	0	71	34.7
A_PB1	78	73	A	0	0	73	36.1
A_PB1	79	69	G	0	0	69	34.3
A_PB1	80	67	A	0	0	67	35.8
A_PB1	81	70	T	0	0	70	34.4
A_PB1	82	67	C	0	0	67	36.3
A_PB1	83	76	C	0	0	76	34.5
A_PB1	84	74	T	0	0	74	35.1
A_PB1	85	72	C	0	0	72	37.8
A_PB1	86	77	C	0	0	77	36.2
A_PB1	87	78	A	0	0	78	34.5
A_PB1	88	75	T	0	0	75	36.7
A_PB1	89	84	A	0	0	84	36.1
A_PB1	90	76	C	0	0	76	36.5
A_PB1	91	70	A	0	0	70	37.6
A_PB1	92	76	G	0	0	76	36.4
A_PB1	93	77	C	0	0	77	34.4
A_PB1	94	81	C	0	0	81	34.7
A_PB1	95	83	A	0	0	83	35.8
A_PB1	96	84	T	0	0	84	35.7
A_PB1	97	76	G	0	0	76	36.6
A_PB1	98	82	G	0	0	82	34.3
A_PB1	99	85	A	0	0	85	35.8
A_PB1	100	83	A	0	0	83	36.2
A_PB1	101	83	C	0	0	83	35.4
A_PB1	102	86	A	0	0	86	34.2
A_PB1	103	90	G	0	0	90	36.9
A_PB1	104	93	G	0	0	93	36.6
A_PB1	105	97	A	0	0	97	34.0
A_PB1	106	90	A	0	0	90	36.6
A_PB1	107	96	C	0	0	96	37.7
A_PB1	108	87	A	0	0	87	36.7
A_PB1	109	105	G	0	0	105	34.3
A_PB1	110	85	G	0	0	85	36.2
A_PB1	111	94	A	0	0	94	34.8
A_PB1	112	82	T	0	0	82	35.5
A_PB1	113	97	A	0	0	97	37.6
A_PB1	114	101	T	0	0	101	37.1
A_PB1	115	95	A	0	0	95	34.2
A_PB1	116	98	C	0	0	98	37.3
A_PB1	117	94	C	0	0	94	35.6
A_PB1	118	92	A	0	0	92	34.1
A_PB1	119	93	T	0	0	93	35.8
A_PB1	120	100	G	0	0	100	36.5
A_PB1	121	94	G	0	0	94	36.9
A_PB1	122	98	A	0	0	98	35.9
A_PB1	123	96	C	0	0	96	37.9
A_PB1	124	112	A	0	0	112	34.5
A_PB1	125	92	C	0	0	92	37.0
A_PB1	126	121	A	0	0	121	37.0
A_PB1	127	100	G	0	0	100	34.1
A_PB1	128	98	T	0	0	98	35.1
A_PB1	129	97	T	0	0	97	34.4
A_PB1	130	109	A	0	0	109	34.6
A_PB1	131	104	A	0	0	104	34.9
A_PB1	132	106	C	0	0	106	37.8
A_PB1	133	106	A	0	0	106	35.0
A_PB1	134	105	G	0	0	105	37.6
A_PB1	135	100	A	0	0	100	36.6
A_PB1	136	99	A	0	0	99	36.2
A_PB1	137	108	C	0	0	108	36.0
A_PB1	138	106	A	0	0	106	36.6
A_PB1	139	111	C	0	0	111	34.8
A_PB1	140	101	A	0	0	101	35.1
A_PB1	141	96	T	0	0	96	36.9
A_PB1	142	115	C	0	0	115	34.7
A_PB1	143	101	A	0	0	101	37.2
A_PB1	144	104	G	0	0	104	34.1
A_PB1	145	107	T	0	0	107	35.9
A_PB1	146	110	A	0	0	110	35.9
A_PB1	147	116	T	0	0	116	35.0
A_PB1	148	98	T	0	0	98	35.3
A_PB1	149	99	C	0	0	99	35.8
A_PB1	150	91	A	0	0	91	35.9
A_PB1	151	94	G	0	0	94	35.1
A_PB1	152	95	A	0	0	95	36.1
A_PB1	153	103	A	0	0	103	37.9
A_PB1	154	93	A	0	0	93	36.6
A_PB1	155	110	A	0	0	110	37.0
A_PB1	156	95	A	0	0	95	34.9
A_PB1	157	116	G	0	0	116	35.7
A_PB1	158	106	G	0	0	106	34.2
A_PB1	159	101	G	0	0	101	34.4
A_PB1	160	99	A	0	0	99	36.9
A_PB1	161	102	A	0	0	102	35.2
A_PB1	162	103	A	0	0	103	34.2
A_PB1	163	100	T	0	0	100	37.1
A_PB1	164	109	G	0	0	109	35.3
A_PB1	165	104	G	0	0	104	36.1
A_PB1	166	106	A	0	0	106	37.3
A_PB1	167	109	C	0	0	109	34.9
A_PB1	168	96	A	0	0	96	38.0
A_PB1	169	99	A	0	0	99	34.0
A_PB1	170	101	C	0	0	101	35.7
A_PB1	171	110	A	0	0	110	37.2
A_PB1	172	106	A	0	0	106	37.0
A_PB1	173	96	A	0	0	96	35.4
A_PB1	174	98	C	0	0	98	36.0
A_PB1	175	96	T	0	0	96	36.0
A_PB1	176	96	C	0	0	96	35.2
A_PB1	177	96	A	0	0	96	37.9
A_PB1	178	97	G	0	0	97	34.7
A_PB1	179	92	A	0	0	92	37.8
A_PB1	180	97	A	0	0	97	35.1
A_PB1	181	104	A	0	0	104	35.3
A_PB1	182	96	C	0	0	96	34.3
A_PB1	183	92	T	0	0	92	36.0
A_PB1	184	99	G	0	0	99	36.6
A_PB1	185	99	G	0	0	99	37.6
A_PB1	186	104	A	0	0	104	36.2
A_PB1	187	93	G	0	0	93	34.6
A_PB1	188	95	C	0	0	95	38.0
A_PB1	189	97	A	0	0	97	37.3
A_PB1	190	97	C	0	0	97	37.5
A_PB1	191	98	C	0	0	98	34.8
A_PB1	192	96	T	0	0	96	37.1
A_PB1	193	94	C	0	0	94	37.0
A_PB1	194	111	A	0	0	111	35.4
A_PB1	195	107	A	0	0	107	37.0
A_PB1	196	93	C	0	0	93	38.0
A_PB1	197	91	T	0	0	91	35.7
A_PB1	198	102	C	0	0	102	35.3
A_PB1	199	99	A	0	0	99	34.3
A_PB1	200	96	A	0	0	96	34.7
A_PB1	201	101	T	0	0	101	34.0
A_PB1	202	100	C	0	0	100	36.6
A_PB1	203	104	C	0	0	104	36.9
A_PB1	204	99	A	0	0	99	35.5
A_PB1	205	89	A	0	0	89	35.7
A_PB1	206	94	T	0	0	94	35.7
A_PB1	207	100	T	0	0	100	34.9
A_PB1	208	98	G	0	0	98	34.2
A_PB1	209	99	A	0	0	99	36.7
A_PB1	210	96	T	0	0	96	35.1
A_PB1	211	110	G	0	0	110	34.5
A_PB1	212	98	G	0	0	98	37.1
A_PB1	213	107	A	0	0	107	34.9
A_PB1	214	102	C	0	0	102	38.0
A_PB1	215	107	C	0	0	107	37.2
A_PB1	216	103	A	0	0	103	37.4
A_PB1	217	107	T	0	0	107	34.5
A_PB1	218	95	T	0	0	95	36.8
A_PB1	219	94	G	0	0	94	34.9
A_PB1	220	100	C	0	0	100	35.8
A_PB1	221	95	C	0	0	95	35.3
A_PB1	222	97	T	0	0	97	35.6
A_PB1	223	98	G	0	0	98	35.8
A_PB1	224	95	A	0	0	95	35.3
A_PB1	225	100	G	0	0	100	37.9
A_PB1	226	92	G	0	0	92	37.2
A_PB1	227	108	A	0	0	108	35.8
A_PB1	228	105	C	0	0	105	36.3
A_PB1	229	93	A	0	0	93	37.0
A_PB1	230	100	A	0	0	100	34.9
A_PB1	231	105	T	0	0	105	35.0
A_PB1	232	104	G	0	0	104	36.0
A_PB1	233	100	A	0	0	100	34.9
A_PB1	234	114	A	0	0	114	36.9
A_PB1	235	102	C	0	0	102	35.0
A_PB1	236	95	C	0	0	95	36.6
A_PB1	237	115	A	0	0	115	35.5
A_PB1	238	104	A	0	0	104	34.5
A_PB1	239	104	G	0	0	104	34.6
A_PB1	240	98	T	0	0	98	37.8
A_PB1	241	99	G	0	0	99	34.7
A_PB1	242	109	G	0	0	109	34.4
A_PB1	243	99	G	0	0	99	35.1
A_PB1	244	108	T	0	0	108	35.9
A_PB1	245	101	A	0	0	101	35.8
A_PB1	246	98	T	0	0	98	37.4
A_PB1	247	111	G	0	0	111	35.0
A_PB1	248	97	C	0	0	97	36.2
A_PB1	249	109	A	0	0	109	37.0
A_PB1	250	105	C	0	0	105	34.1
A_PB1	251	92	A	0	0	92	34.7
A_PB1	252	113	A	0	0	113	34.4
A_PB1	253	103	A	0	0	103	37.5
A_PB1	254	105	C	0	0	105	34.0
A_PB1	255	105	G	0	0	105	35.7
A_PB1	256	116	G	0	0	116	35.7
A_PB1	257	104	A	0	0	104	34.2
A_PB1	258	92	C	0	0	92	38.0
A_PB1	259	102	T	0	0	102	37.1
A_PB1	260	110	G	0	0	110	37.0
A_PB1	261	103	T	0	0	103	37.0
A_PB1	262	108	G	0	0	108	36.3
A_PB1	263	103	T	0	0	103	36.9
A_PB1	264	106	C	0	0	106	35.6
A_PB1	265	107	C	0	0	107	34.6
A_PB1	266	96	T	0	0	96	34.9
A_PB1	267	104	T	0	0	104	36.7
A_PB1	268	95	G	0	0	95	34.1
A_PB1	269	115	A	0	0	115	35.7
A_PB1	270	104	A	0	0	104	36.7
A_PB1	271	104	G	0	0	104	37.1
A_PB1	272	111	C	0	0	111	37.0
A_PB1	273	108	A	0	0	108	37.7
A_PB1	274	111	A	0	0	111	35.0
A_PB1	275	115	T	0	0	115	35.0
A_PB1	276	111	G	0	0	111	34.1
A_PB1	277	95	G	0	0	95	35.4
A_PB1	278	102	C	0	0	102	34.6
A_PB1	279	110	T	0	0	110	36.9
A_PB1	280	102	T	0	0	102	36.8
A_PB1	281	93	T	0	0	93	35.1
A_PB1	282	108	C	0	0	108	36.9
A_PB1	283	116	C	0	0	116	36.7
A_PB1	284	88	T	0	0	88	37.8
A_PB1	285	98	T	0	0	98	35.3
A_PB1	286	92	G	0	0	92	36.7
A_PB1	287	106	A	0	0	106	37.2
A_PB1	288	116	A	0	0	116	34.9
A_PB1	289	103	G	0	0	103	37.6
A_PB1	290	110	A	0	0	110	37.0
A_PB1	291	92	G	0	0	92	36.3
A_PB1	292	101	T	0	0	101	37.1
A_PB1	293	113	C	0	0	113	35.5
A_PB1	294	107	C	0	0	107	37.7
A_PB1	295	103	C	0	0	103	34.8
A_PB1	296	105	A	0	0	105	36.5
A_PB1	297	106	C	0	0	106	34.4
A_PB1	298	102	C	0	0	102	35.4
A_PB1	299	101	C	0	0	101	34.6
A_PB1	300	114	A	0	0	114	37.1
A_PB1	301	94	G	0	0	94	35.4
A_PB1	302	103	G	0	0	103	36.5
A_PB1	303	109	A	0	0	109	34.7
A_PB1	304	101	A	0	0	101	35.1
A_PB1	305	112	T	0	0	112	37.1
A_PB1	306	102	C	0	0	102	37.7
A_PB1	307	105	T	0	0	105	35.9
A_PB1	308	102	T	0	0	102	37.2
A_PB1	309	108	T	0	0	108	36.4
A_PB1	310	111	G	0	0	111	34.0
A_PB1	311	105	A	0	0	105	34.4
A_PB1	312	104	A	0	0	104	36.8
A_PB1	313	115	A	0	0	115	34.2
A_PB1	314	103	A	0	0	103	34.6
A_PB1	315	103	C	0	0	103	36.4
A_PB1	316	101	T	0	0	101	36.3
A_PB1	317	111	C	0	0	111	36.7
A_PB1	318	106	G	0	0	106	34.1
A_PB1	319	95	T	0	0	95	37.8
A_PB1	320	105	G	0	0	105	36.1
A_PB1	321	106	T	0	0	106	37.7
A_PB1	322	96	C	0	0	96	37.8
A_PB1	323	125	T	0	0	125	34.6
A_PB1	324	94	T	0	0	94	36.8
A_PB1	325	109	G	0	0	109	34.2
A_PB1	326	104	A	0	0	104	37.3
A_PB1	327	98	A	0	0	98	35.5
A_PB1	328	112	A	0	0	112	35.7
A_PB1	329	102	C	0	0	102	37.7
A_PB1	330	115	G	0	0	115	35.6
A_PB1	331	106	A	0	0	106	37.6
A_PB1	332	87	T	0	0	87	34.6
A_PB1	333	108	G	0	0	108	36.7
A_PB1	334	105	G	0	0	105	36.8
A_PB1	335	99	A	0	0	99	37.3
A_PB1	336	101	A	0	0	101	36.5
A_PB1	337	90	G	0	0	90	36.3
A_PB1	338	96	T	0	0	96	35.0
A_PB1	339	108	T	0	0	108	37.3
A_PB1	340	88	G	0	0	88	35.5
A_PB1	341	88	T	0	0	88	37.0
A_PB1	342	103	T	0	0	103	34.7
A_PB1	343	93	C	0	0	93	37.0
A_PB1	344	103	A	0	0	103	37.8
A_PB1	345	101	A	0	0	101	36.2
A_PB1	346	100	C	0	0	100	36.0
A_PB1	347	106	A	0	0	106	34.6
A_PB1	348	93	A	0	0	93	35.5
A_PB1	349	107	A	0	0	107	36.7
A_PB1	350	101	C	0	0	101	36.8
A_PB1	351	100	A	0	0	100	34.1
A_PB1	352	100	A	0	0	100	36.8
A_PB1	353	89	G	0	0	89	37.6
A_PB1	354	101	A	0	0	101	34.8
A_PB1	355	95	G	0	0	95	36.6
A_PB1	356	92	T	0	0	92	35.3
A_PB1	357	92	G	0	0	92	36.4
A_PB1	358	101	G	0	0	101	37.5
A_PB1	359	91	A	0	0	91	35.8
A_PB1	360	95	C	0	0	95	35.5
A_PB1	361	80	A	0	0	80	36.1
A_PB1	362	103	A	0	0	103	38.0
A_PB1	363	88	G	0	0	88	34.5
A_PB1	364	91	T	0	0	91	36.8
A_PB1	365	87	T	0	0	87	34.3
A_PB1	366	91	G	0	0	91	35.1
A_PB1	367	87	A	0	0	87	37.6
A_PB1	368	103	C	0	0	103	37.3
A_PB1	369	96	C	0	0	96	34.2
A_PB1	370	86	C	0	0	86	35.6
A_PB1	371	94	A	0	0	94	37.0
A_PB1	372	93	A	0	0	93	35.9
A_PB1	373	97	G	0	0	97	37.9
A_PB1	374	88	G	0	0	88	36.3
A_PB1	375	88	C	0	0	88	37.6
A_PB1	376	86	C	0	0	86	37.0
A_PB1	377	92	G	0	0	92	36.7
A_PB1	378	84	T	0	0	84	35.3
A_PB1	379	75	C	0	0	75	36.4
A_PB1	380	96	A	0	0	96	37.8
A_PB1	381	83	G	0	0	83	36.1
A_PB1	382	86	A	0	0	86	34.6
A_PB1	383	91	C	0	0	91	34.2
A_PB1	384	83	C	0	0	83	34.4
A_PB1	385	82	T	0	0	82	34.5
A_PB1	386	86	A	0	0	86	37.0
A_PB1	387	103	T	0	0	103	36.0
A_PB1	388	87	G	0	0	87	34.8
A_PB1	389	91	A	0	0	91	35.0
A_PB1	390	85	T	0	0	85	34.5
A_PB1	391	80	T	0	0	80	36.9
A_PB1	392	82	G	0	0	82	36.3
A_PB1	393	80	G	0	0	80	36.6
A_PB1	394	86	A	0	0	86	34.6
A_PB1	395	88	C	0	0	88	37.2
A_PB1	396	79	G	0	0	79	37.2
A_PB1	397	80	T	0	0	80	35.0
A_PB1	398	85	T	0	0	85	36.6
A_PB1	399	92	A	0	0	92	36.3
A_PB1	400	72	A	0	0	72	37.4
A_PB1	401	78	A	0	0	78	36.8
A_PB1	402	78	C	0	0	78	37.4
A_PB1	403	81	A	0	0	81	35.4
A_PB1	404	72	G	0	0	72	36.0
A_PB1	405	73	G	0	0	73	34.9
A_PB1	406	77	A	0	0	77	34.6
A_PB1	407	82	A	0	0	82	34.9
A_PB1	408	77	T	0	0	77	36.8
A_PB1	409	73	C	0	0	73	34.3
A_PB1	410	83	A	0	0	83	35.6
A_PB1	411	79	G	0	0	79	34.8
A_PB1	412	72	C	0	0	72	35.6
A_PB1	413	80	C	0	0	80	34.7
A_PB1	414	74	G	0	0	74	37.6
A_PB1	415	77	G	0	0	77	37.2
A_PB1	416	71	C	0	0	71	34.9
A_PB1	417	72	T	0	0	72	34.4
A_PB1	418	86	G	0	0	86	37.6
A_PB1	419	82	C	0	0	82	37.7
A_PB1	420	83	A	0	0	83	37.1
A_PB1	421	71	A	0	0	71	36.4
A_PB1	422	72	C	0	0	72	36.8
A_PB1	423	74	T	0	0	74	35.7
A_PB1	424	75	G	0	0	75	36.4
A_PB1	425	77	C	0	0	77	36.6
A_PB1	426	77	A	0	0	77	34.3
A_PB1	427	69	T	0	0	69	37.1
A_PB1	428	75	T	0	0	75	34.7
A_PB1	429	75	A	0	0	75	34.8
A_PB1	430	71	G	0	0	71	37.8
A_PB1	431	75	C	0	0	75	34.3
A_PB1	432	68	T	0	0	68	36.9
A_PB1	433	71	A	0	0	71	35.4
A_PB1	434	67	A	0	0	67	35.4
A_PB1	435	73	T	0	0	73	34.6
A_PB1	436	61	A	0	0	61	34.7
A_PB1	437	65	C	0	0	65	36.5
A_PB1	438	76	T	0	0	76	35.5
A_PB1	439	66	A	0	0	66	36.1
A_PB1	440	72	T	0	0	72	35.8
A_PB1	441	69	A	0	0	69	34.6
A_PB1	442	63	G	0	0	63	37.6
A_PB1	443	64	A	0	0	64	36.6
A_PB1	444	63	G	0	0	63	37.8
A_PB1	445	69	G	0	0	69	36.7
A_PB1	446	66	T	0	0	66	35.4
A_PB1	447	76	C	0	0	76	35.6
A_PB1	448	70	T	0	0	70	37.7
A_PB1	449	65	T	0	0	65	34.2
A_PB1	450	62	C	0	0	62	36.8
A_PB1	451	64	A	0	0	64	37.5
A_PB1	452	72	G	0	0	72	34.8
A_PB1	453	74	A	0	0	74	35.0
A_PB1	454	62	T	0	0	62	35.6
A_PB1	455	63	C	0	0	63	36.5
A_PB1	456	60	T	0	0	60	35.1
A_PB1	457	68	A	0	0	68	35.6
A_PB1	458	68	A	0	0	68	34.1
A_PB1	459	71	C	0	0	71	35.0
A_PB1	460	74	G	0	0	74	37.5
A_PB1	461	60	G	0	0	60	37.7
A_PB1	462	68	C	0	0	68	36.9
A_PB1	463	59	C	0	0	59	36.8
A_PB1	464	60	T	0	0	60	37.5
A_PB1	465	70	C	0	0	70	36.9
A_PB1	466	62	A	0	0	62	37.8
A_PB1	467	63	C	0	0	63	36.9
A_PB1	468	67	A	0	0	67	37.6
A_PB1	469	64	G	0	0	64	34.8
A_PB1	470	68	C	0	0	68	36.2
A_PB1	471	64	C	0	0	64	37.5
A_PB1	472	65	A	0	0	65	36.5
A_PB1	473	66	A	0	0	66	35.9
A_PB1	474	62	T	0	0	62	35.9
A_PB1	475	65	G	0	0	65	35.4
A_PB1	476	69	A	0	0	69	35.7
A_PB1	477	63	A	0	0	63	37.2
A_PB1	478	59	T	0	0	59	37.6
A_PB1	479	70	C	0	0	70	34.0
A_PB1	480	60	A	0	0	60	34.9
A_PB1	481	66	G	0	0	66	35.1
A_PB1	482	62	G	0	0	62	37.6
A_PB1	483	66	A	0	0	66	37.6
A_PB1	484	62	A	0	0	62	35.4
A_PB1	485	65	G	0	0	65	36.2
A_PB1	486	67	G	0	0	67	34.8
A_PB1	487	64	C	0	0	64	34.0
A_PB1	488	65	T	0	0	65	35.3
A_PB1	489	66	A	0	0	66	36.7
A_PB1	490	67	A	0	0	67	35.4
A_PB1	491	69	T	0	0	69	36.9
A_PB1	492	62	A	0	0	62	36.4
A_PB1	493	66	G	0	0	66	37.9
A_PB1	494	64	A	0	0	64	34.4
A_PB1	495	72	T	0	0	72	36.8
A_PB1	496	70	T	0	0	70	35.5
A_PB1	497	63	T	0	0	63	35.1
A_PB1	498	71	T	0	0	71	34.6
A_PB1	499	59	C	0	0	59	36.9
A_PB1	500	65	T	0	0	65	36.5
A_PB1	501	59	C	0	0	59	36.9
A_PB1	502	63	A	0	0	63	37.9
A_PB1	503	55	A	0	0	55	34.4
A_PB1	504	66	G	0	0	66	35.9
A_PB1	505	68	G	0	0	68	34.4
A_PB1	506	61	A	0	0	61	34.8
A_PB1	507	72	T	0	0	72	35.2
A_PB1	508	66	G	0	0	66	36.3
A_PB1	509	67	T	0	0	67	34.7
A_PB1	510	64	G	0	0	64	37.7
A_PB1	511	64	A	0	0	64	36.4
A_PB1	512	68	T	0	0	68	34.1
A_PB1	513	66	G	0	0	66	36.6
A_PB1	514	73	G	0	0	73	34.7
A_PB1	515	67	A	0	0	67	34.3
A_PB1	516	69	A	0	0	69	35.7
A_PB1	517	70	T	0	0	70	34.1
A_PB1	518	70	C	0	0	70	34.1
A_PB1	519	65	A	0	0	65	35.9
A_PB1	520	68	A	0	0	68	37.1
A_PB1	521	66	T	0	0	66	37.4
A_PB1	522	77	G	0	0	77	34.2
A_PB1	523	68	G	0	0	68	34.0
A_PB1	524	73	A	0	0	73	34.3
A_PB1	525	77	T	0	0	77	34.7
A_PB1	526	73	A	0	0	73	34.5
A_PB1	527	72	A	0	0	72	36.9
A_PB1	528	70	G	0	0	70	36.6
A_PB1	529	71	G	0	0	71	34.4
A_PB1	530	79	A	0	0	79	35.5
A_PB1	531	70	G	0	0	70	38.0
A_PB1	532	70	G	0	0	70	38.0
A_PB1	533	75	A	0	0	75	34.1
A_PB1	534	80	A	0	0	80	36.1
A_PB1	535	73	A	0	0	73	35.0
A_PB1	536	69	T	0	0	69	35.3
A_PB1	537	74	G	0	0	74	34.3
A_PB1	538	70	G	0	0	70	37.1
A_PB1	539	69	A	0	0	69	34.1
A_PB1	540	74	A	0	0	74	34.9
A_PB1	541	74	A	0	0	74	35.3
A_PB1	542	73	T	0	0	73	37.7
A_PB1	543	71	A	0	0	71	34.3
A_PB1	544	71	A	0	0	71	34.9
A_PB1	545	79	C	0	0	79	35.2
A_PB1	546	80	A	0	0	80	36.6
A_PB1	547	74	A	0	0	74	35.6
A_PB1	548	87	C	0	0	87	36.7
A_PB1	549	80	G	0	0	80	34.4
A_PB1	550	84	C	0	0	84	37.5
A_PB1	551	73	A	0	0	73	36.6
A_PB1	552	82	T	0	0	82	35.4
A_PB1	553	84	T	0	0	84	37.0
A_PB1	554	78	T	0	0	78	37.4
A_PB1	555	83	C	0	0	83	37.5
A_PB1	556	84	C	0	0	84	37.7
A_PB1	557	85	A	0	0	85	36.6
A_PB1	558	94	A	0	0	94	37.0
A_PB1	559	93	A	0	0	93	36.7
A_PB1	560	76	G	0	0	76	36.6
A_PB1	561	83	G	0	0	83	34.6
A_PB1	562	87	A	0	0	87	34.6
A_PB1	563	85	A	0	0	85	36.9
A_PB1	564	85	A	0	0	85	37.4
A_PB1	565	81	A	0	0	81	34.6
A_PB1	566	83	G	0	0	83	37.1
A_PB1	567	87	A	0	0	87	35.6
A_PB1	568	84	A	0	0	84	35.6
A_PB1	569	93	G	0	0	93	35.5
A_PB1	570	84	A	0	0	84	36.1
A_PB1	571	86	G	0	0	86	34.4
A_PB1	572	92	T	0	0	92	35.4
A_PB1	573	82	G	0	0	82	36.1
A_PB1	574	92	A	0	0	92	37.2
A_PB1	575	84	G	0	0	84	36.3
A_PB1	576	89	A	0	0	89	35.1
A_PB1	577	97	G	0	0	97	37.7
A_PB1	578	83	A	0	0	83	34.9
A_PB1	579	90	C	0	0	90	37.8
A_PB1	580	90	A	0	0	90	36.3
A_PB1	581	94	A	0	0	94	35.9
A_PB1	582	100	C	0	0	100	35.9
A_PB1	583	78	A	0	0	78	37.5
A_PB1	584	100	T	0	0	100	37.6
A_PB1	585	100	G	0	0	100	37.2
A_PB1	586	89	A	0	0	89	35.3
A_PB1	587	97	C	0	0	97	35.4
A_PB1	588	87	C	0	0	87	35.5
A_PB1	589	93	A	0	0	93	34.5
A_PB1	590	104	A	0	0	104	37.6
A_PB1	591	98	G	0	0	98	34.6
A_PB1	592	93	A	0	0	93	38.0
A_PB1	593	105	A	0	0	105	37.7
A_PB1	594	103	A	0	0	103	38.0
A_PB1	595	89	A	0	0	89	36.8
A_PB1	596	100	T	0	0	100	36.6
A_PB1	597	105	G	0	0	105	37.0
A_PB1	598	84	G	0	0	84	35.5
A_PB1	599	92	T	0	0	92	37.5
A_PB1	600	105	C	0	0	105	36.4
A_PB1	601	108	A	0	0	108	36.9
A_PB1	602	98	C	0	0	98	37.0
A_PB1	603	91	A	0	0	91	36.8
A_PB1	604	103	C	0	0	103	36.7
A_PB1	605	96	A	0	0	96	34.1
A_PB1	606	96	A	0	0	96	34.1
A_PB1	607	114	A	0	0	114	34.8
A_PB1	608	106	G	0	0	106	36.0
A_PB1	609	94	G	0	0	94	35.4
A_PB1	610	96	A	0	0	96	34.7
A_PB1	611	104	C	0	0	104	37.8
A_PB1	612	116	A	0	0	116	37.0
A_PB1	613	117	A	0	0	117	36.8
A_PB1	614	113	T	0	0	113	35.2
A_PB1	615	108	A	0	0	108	34.7
A_PB1	616	104	G	0	0	104	37.9
A_PB1	617	99	G	0	0	99	36.8
A_PB1	618	119	A	0	0	119	34.8
A_PB1	619	108	A	0	0	108	35.8
A_PB1	620	101	A	0	0	101	37.3
A_PB1	621	97	G	0	0	97	35.1
A_PB1	622	105	A	0	0	105	35.8
A_PB1	623	100	A	0	0	100	35.6
A_PB1	624	94	G	0	0	94	38.0
A_PB1	625	106	A	0	0	106	36.2
A_PB1	626	108	A	0	0	108	37.5
A_PB1	627	115	A	0	0	115	38.0
A_PB1	628	118	C	0	0	118	36.4
A_PB1	629	106	A	0	0	106	34.0
A_PB1	630	111	G	0	0	111	37.0
A_PB1	631	102	A	0	0	102	37.6
A_PB1	632	108	G	0	0	108	34.7
A_PB1	633	108	G	0	0	108	34.3
A_PB1	634	116	C	0	0	116	37.8
A_PB1	635	101	T	0	0	101	36.6
A_PB1	636	124	A	0	0	124	37.3
A_PB1	637	104	A	0	0	104	34.0
A_PB1	638	121	A	0	0	121	34.1
A_PB1	639	123	T	0	0	123	34.1
A_PB1	640	111	A	0	0	111	35.6
A_PB1	641	105	A	0	0	105	36.9
A_PB1	642	115	A	0	0	115	37.5
A_PB1	643	118	A	0	0	118	34.4
A_PB1	644	115	A	0	0	115	36.1
A_PB1	645	112	G	0	0	112	37.1
A_PB1	646	103	A	0	0	103	34.5
A_PB1	647	103	G	0	0	103	34.4
A_PB1	648	110	C	0	0	110	35.1
A_PB1	649	116	T	0	0	116	35.9
A_PB1	650	112	A	0	0	112	37.1
A_PB1	651	118	T	0	0	118	36.8
A_PB1	652	106	C	0	0	106	36.2
A_PB1	653	125	T	0	0	125	37.6
A_PB1	654	116	A	0	0	116	35.8
A_PB1	655	122	A	0	0	122	37.9
A_PB1	656	110	T	0	0	110	36.7
A_PB1	657	116	A	0	0	116	35.9
A_PB1	658	118	A	0	0	118	37.2
A_PB1	659	124	G	0	0	124	35.7
A_PB1	660	118	A	0	0	118	36.5
A_PB1	661	127	G	0	0	127	34.8
A_PB1	662	120	C	0	0	120	35.9
A_PB1	663	108	A	0	0	108	36.5
A_PB1	664	126	T	0	0	126	37.8
A_PB1	665	119	T	0	0	119	36.4
A_PB1	666	107	G	0	0	107	34.4
A_PB1	667	114	A	0	0	114	35.6
A_PB1	668	120	C	0	0	120	37.9
A_PB1	669	111	A	0	0	111	38.0
A_PB1	670	117	C	0	0	117	38.0
A_PB1	671	122	T	0	0	122	36.9
A_PB1	672	125	G	0	0	125	35.6
A_PB1	673	123	A	0	0	123	37.9
A_PB1	674	121	A	0	0	121	36.0
A_PB1	675	122	C	0	0	122	37.2
A_PB1	676	118	A	0	0	118	35.3
A_PB1	677	131	C	0	0	131	37.5
A_PB1	678	125	G	0	0	125	36.2
A_PB1	679	122	A	0	0	122	37.8
A_PB1	680	121	T	0	0	121	34.4
A_PB1	681	118	G	0	0	118	34.4
A_PB1	682	120	A	0	0	120	36.6
A_PB1	683	123	C	0	0	123	35.8
A_PB1	684	115	A	0	0	115	36.3
A_PB1	685	119	A	0	0	119	37.9
A_PB1	686	112	A	0	0	112	37.6
A_PB1	687	107	A	0	0	107	37.4
A_PB1	688	121	G	0	0	121	37.5
A_PB1	689	125	A	0	0	125	34.7
A_PB1	690	107	C	0	0	107	37.2
A_PB1	691	124	G	0	0	124	36.9
A_PB1	692	118	C	0	0	118	35.2
A_PB1	693	119	C	0	0	119	35.7
A_PB1	694	123	G	0	0	123	37.1
A_PB1	695	121	A	0	0	121	37.1
A_PB1	696	110	A	0	0	110	35.3
A_PB1	697	108	A	0	0	108	37.2
A_PB1	698	115	G	0	0	115	37.8
A_PB1	699	114	A	0	0	114	34.0
A_PB1	700	118	G	0	0	118	36.2
A_PB1	701	110	G	0	0	110	36.4
A_PB1	702	126	C	0	0	126	36.4
A_PB1	703	125	A	0	0	125	35.2
A_PB1	704	126	A	0	0	126	34.0
A_PB1	705	120	A	0	0	120	36.4
A_PB1	706	109	T	0	0	109	37.6
A_PB1	707	124	T	0	0	124	34.7
A_PB1	708	110	A	0	0	110	36.0
A_PB1	709	117	A	0	0	117	34.7
A_PB1	710	114	A	0	0	114	36.0
A_PB1	711	128	A	0	0	128	36.1
A_PB1	712	119	A	0	0	119	37.2
A_PB1	713	123	G	0	0	123	36.3
A_PB1	714	113	A	0	0	113	35.3
A_PB1	715	119	A	0	0	119	34.1
A_PB1	716	113	G	0	0	113	34.8
A_PB1	717	121	G	0	0	121	36.1
A_PB1	718	121	G	0	0	121	37.9
A_PB1	719	120	C	0	0	120	34.8
A_PB1	720	114	A	0	0	114	35.7
A_PB1	721	101	A	0	0	101	34.4
A_PB1	722	127	T	0	0	127	35.5
A_PB1	723	115	T	0	0	115	37.7
A_PB1	724	114	G	0	0	114	34.2
A_PB1	725	104	C	0	0	104	34.8
A_PB1	726	112	G	0	0	112	37.7
A_PB1	727	118	A	0	0	118	36.9
A_PB1	728	125	C	0	0	125	37.6
A_PB1	729	111	A	0	0	111	34.9
A_PB1	730	109	C	0	0	109	37.1
A_PB1	731	116	C	0	0	116	35.7
A_PB1	732	122	T	0	0	122	37.0
A_PB1	733	122	G	0	0	122	34.6
A_PB1	734	123	G	0	0	123	34.8
A_PB1	735	115	A	0	0	115	34.2
A_PB1	736	111	A	0	0	111	35.0
A_PB1	737	132	T	0	0	132	34.9
A_PB1	738	106	G	0	0	106	34.7
A_PB1	739	105	C	0	0	105	34.5
A_PB1	740	116	A	0	0	116	37.7
A_PB1	741	113	A	0	0	113	36.0
A_PB1	742	113	A	0	0	113	36.2
A_PB1	743	113	T	0	0	113	34.3
A_PB1	744	117	C	0	0	117	36.4
A_PB1	745	100	A	0	0	100	35.7
A_PB1	746	121	G	0	0	121	35.9
A_PB1	747	114	A	0	0	114	34.8
A_PB1	748	113	G	0	0	113	35.6
A_PB1	749	104	G	0	0	104	34.3
A_PB1	750	119	G	0	0	119	36.4
A_PB1	751	111	T	0	0	111	35.1
A_PB1	752	109	T	0	0	109	35.1
A_PB1	753	110	T	0	0	110	36.1
A_PB1	754	116	G	0	0	116	34.9
A_PB1	755	95	T	0	0	95	37.1
A_PB1	756	118	G	0	0	118	37.7
A_PB1	757	114	T	0	0	114	35.3
A_PB1	758	111	A	0	0	111	34.6
A_PB1	759	108	C	0	0	108	36.0
A_PB1	760	103	T	0	0	103	36.1
A_PB1	761	116	T	0	0	116	36.3
A_PB1	762	121	T	0	0	121	34.8
A_PB1	763	103	G	0	0	103	34.7
A_PB1	764	109	T	0	0	109	36.1
A_PB1	765	113	T	0	0	113	37.5
A_PB1	766	107	G	0	0	107	35.0
A_PB1	767	107	A	0	0	107	35.3
A_PB1	768	100	A	0	0	100	36.2
A_PB1	769	106	A	0	0	106	37.2
A_PB1	770	121	C	0	0	121	34.8
A_PB1	771	106	A	0	0	106	34.6
A_PB1	772	105	T	0	0	105	36.5
A_PB1	773	106	T	0	0	106	34.9
A_PB1	774	112	A	0	0	112	37.8
A_PB1	775	113	G	0	0	113	37.3
A_PB1	776	123	C	0	0	123	37.1
A_PB1	777	105	G	0	0	105	35.9
A_PB1	778	119	A	0	0	119	37.1
A_PB1	779	111	G	0	0	111	35.8
A_PB1	780	101	G	0	0	101	34.5
A_PB1	781	109	A	0	0	109	37.4
A_PB1	782	111	G	0	0	111	34.0
A_PB1	783	103	C	0	0	103	36.2
A_PB1	784	114	A	0	0	114	34.6
A_PB1	785	111	T	0	0	111	37.8
A_PB1	786	99	T	0	0	99	34.0
A_PB1	787	99	T	0	0	99	34.6
A_PB1	788	98	G	0	0	98	37.1
A_PB1	789	104	T	0	0	104	34.4
A_PB1	790	109	G	0	0	109	37.7
A_PB1	791	107	A	0	0	107	37.1
A_PB1	792	98	T	0	0	98	36.5
A_PB1	793	123	A	0	0	123	35.9
A_PB1	794	103	A	0	0	103	36.5
A_PB1	795	113	G	0	0	113	36.9
A_PB1	796	105	C	0	0	105	36.1
A_PB1	797	105	T	0	0	105	37.2
A_PB1	798	117	T	0	0	117	36.6
A_PB1	799	100	G	0	0	100	35.3
A_PB1	800	100	A	0	0	100	36.5
A_PB1	801	124	A	0	0	124	35.5
A_PB1	802	98	C	0	0	98	37.8
A_PB1	803	112	A	0	0	112	34.8
A_PB1	804	107	A	0	0	107	34.2
A_PB1	805	111	T	0	0	111	35.9
A_PB1	806	113	C	0	0	113	36.0
A_PB1	807	98	T	0	0	98	37.7
A_PB1	808	110	G	0	0	110	34.9
A_PB1	809	94	G	0	0	94	34.9
A_PB1	810	96	A	0	0	96	34.1
A_PB1	811	98	C	0	0	98	37.0
A_PB1	812	103	T	0	0	103	35.1
A_PB1	813	112	C	0	0	112	36.7
A_PB1	814	113	C	0	0	113	35.3
A_PB1	815	103	C	0	0	103	37.3
A_PB1	816	106	A	0	0	106	35.9
A_PB1	817	109	G	0	0	109	36.8
A_PB1	818	102	T	0	0	102	36.8
A_PB1	819	108	T	0	0	108	35.8
A_PB1	820	117	G	0	0	117	34.4
A_PB1	821	120	G	0	0	120	34.7
A_PB1	822	110	G	0	0	110	37.1
A_PB1	823	110	G	0	0	110	37.2
A_PB1	824	99	G	0	0	99	35.2
A_PB1	825	116	C	0	0	116	36.2
A_PB1	826	115	A	0	0	115	34.8
A_PB1	827	98	A	0	0	98	36.5
A_PB1	828	108	T	0	0	108	37.3
A_PB1	829	101	G	0	0	101	36.3
A_PB1	830	103	A	0	0	103	37.4
A_PB1	831	116	A	0	0	116	37.7
A_PB1	832	116	A	0	0	116	37.8
A_PB1	833	108	A	0	0	108	36.1
A_PB1	834	110	G	0	0	110	35.5
A_PB1	835	103	A	0	0	103	35.6
A_PB1	836	108	A	0	0	108	35.5
A_PB1	837	111	G	0	0	111	34.8
A_PB1	838	117	G	0	0	117	35.8
A_PB1	839	114	C	0	0	114	37.2
A_PB1	840	111	T	0	0	111	34.9
A_PB1	841	105	A	0	0	105	37.4
A_PB1	842	116	A	0	0	116	35.6
A_PB1	843	110	A	0	0	110	37.1
A_PB1	844	115	C	0	0	115	37.1
A_PB1	845	108	T	0	0	108	35.1
A_PB1	846	112	G	0	0	112	35.1
A_PB1	847	107	G	0	0	107	37.2
A_PB1	848	108	C	0	0	108	34.9
A_PB1	849	116	A	0	0	116	34.2
A_PB1	850	119	A	0	0	119	34.3
A_PB1	851	106	A	0	0	106	34.2
A_PB1	852	116	T	0	0	116	35.3
A_PB1	853	121	G	0	0	121	37.7
A_PB1	854	118	T	0	0	118	35.8
A_PB1	855	113	T	0	0	113	37.8
A_PB1	856	106	G	0	0	106	35.5
A_PB1	857	126	T	0	0	126	35.1
A_PB1	858	113	G	0	0	113	36.6
A_PB1	859	123	A	0	0	123	35.0
A_PB1	860	109	G	0	0	109	35.1
A_PB1	861	115	A	0	0	115	36.7
A_PB1	862	114	A	0	0	114	34.2
A_PB1	863	110	A	0	0	110	34.4
A_PB1	864	123	A	0	0	123	36.7
A_PB1	865	131	A	0	0	131	34.9
A_PB1	866	112	T	0	0	112	35.0
A_PB1	867	111	G	0	0	111	35.8
A_PB1	868	112	A	0	0	112	37.9
A_PB1	869	109	T	0	0	109	37.2
A_PB1	870	115	G	0	0	115	36.1
A_PB1	871	121	A	0	0	121	36.0
A_PB1	872	119	C	0	0	119	35.4
A_PB1	873	99	T	0	0	99	35.3
A_PB1	874	113	A	0	0	113	37.2
A_PB1	875	106	A	0	0	106	37.9
A_PB1	876	120	T	0	0	120	35.2
A_PB1	877	117	T	0	0	117	36.0
A_PB1	878	124	C	0	0	124	36.2
A_PB1	879	102	G	0	0	102	34.6
A_PB1	880	117	C	0	0	117	36.8
A_PB1	881	113	A	0	0	113	37.4
A_PB1	882	113	G	0	0	113	38.0
A_PB1	883	113	G	0	0	113	35.5
A_PB1	884	107	A	0	0	107	35.4
A_PB1	885	104	C	0	0	104	37.3
A_PB1	886	121	A	0	0	121	34.1
A_PB1	887	121	C	0	0	121	37.0
A_PB1	888	117	A	0	0	117	34.3
A_PB1	889	119	G	0	0	119	36.3
A_PB1	890	122	A	0	0	122	37.8
A_PB1	891	120	G	0	0	120	36.6
A_PB1	892	113	C	0	0	113	35.1
A_PB1	893	127	T	0	0	127	37.2
A_PB1	894	124	C	0	0	124	35.7
A_PB1	895	113	T	0	0	113	37.2
A_PB1	896	125	C	0	0	125	37.5
A_PB1	897	115	C	0	0	115	34.9
A_PB1	898	110	T	0	0	110	35.4
A_PB1	899	123	T	0	0	123	37.9
A_PB1	900	126	C	0	0	126	34.5
A_PB1	901	120	A	0	0	120	35.3
A_PB1	902	105	C	0	0	105	37.9
A_PB1	903	115	A	0	0	115	35.6
A_PB1	904	127	A	0	0	127	35.9
A_PB1	905	122	T	0	0	122	36.1
A_PB1	906	121	C	0	0	121	34.8
A_PB1	907	124	A	0	0	124	37.6
A_PB1	908	117	C	0	0	117	36.8
A_PB1	909	121	T	0	0	121	36.1
A_PB1	910	129	G	0	0	129	34.6
A_PB1	911	131	G	0	0	131	37.8
A_PB1	912	123	A	0	0	123	35.2
A_PB1	913	112	G	0	0	112	37.4
A_PB1	914	129	A	0	0	129	37.2
A_PB1	915	122	C	0	0	122	37.4
A_PB1	916	114	A	0	0	114	34.9
A_PB1	917	126	A	0	0	126	35.1
A_PB1	918	120	C	0	0	120	37.9
A_PB1	919	138	A	0	0	138	36.8
A_PB1	920	140	C	0	0	140	35.6
A_PB1	921	118	C	0	0	118	35.3
A_PB1	922	121	A	0	0	121	35.9
A_PB1	923	109	A	0	0	109	36.6
A_PB1	924	129	A	0	0	129	36.6
A_PB1	925	116	T	0	0	116	37.5
A_PB1	926	131	G	0	0	131	35.0
A_PB1	927	129	G	0	0	129	35.5
A_PB1	928	126	A	0	0	126	36.0
A_PB1	929	112	A	0	0	112	34.6
A_PB1	930	131	T	0	0	131	34.1
A_PB1	931	118	G	0	0	118	35.4
A_PB1	932	126	A	0	0	126	34.7
A_PB1	933	134	A	0	0	134	35.1
A_PB1	934	116	A	0	0	116	34.0
A_PB1	935	118	A	0	0	118	36.0
A_PB1	936	120	T	0	0	120	37.4
A_PB1	937	123	C	0	0	123	35.9
A_PB1	938	135	A	0	0	135	37.1
A_PB1	939	124	G	0	0	124	35.5
A_PB1	940	119	A	0	0	119	37.0
A_PB1	941	135	A	0	0	135	36.3
A_PB1	942	146	C	0	0	146	34.6
A_PB1	943	120	C	0	0	120	35.1
A_PB1	944	124	C	0	0	124	37.1
A_PB1	945	131	T	0	0	131	37.6
A_PB1	946	138	A	0	0	138	37.6
A_PB1	947	134	G	0	0	134	36.3
A_PB1	948	115	G	0	0	115	35.5
A_PB1	949	115	A	0	0	115	37.2
A_PB1	950	118	T	0	0	118	35.7
A_PB1	951	140	G	0	0	140	37.5
A_PB1	952	121	T	0	0	121	36.6
A_PB1	953	124	T	0	0	124	35.9
A_PB1	954	122	T	0	0	122	36.8
A_PB1	955	127	C	0	0	127	37.8
A_PB1	956	122	T	0	0	122	35.9
A_PB1	957	129	G	0	0	129	34.8
A_PB1	958	116	G	0	0	116	36.6
A_PB1	959	136	C	0	0	136	36.7
A_PB1	960	119	A	0	0	119	36.4
A_PB1	961	127	A	0	0	127	35.2
A_PB1	962	127	T	0	0	127	37.1
A_PB1	963	121	G	0	0	121	34.4
A_PB1	964	109	A	0	0	109	34.7
A_PB1	965	122	T	0	0	122	36.0
A_PB1	966	132	A	0	0	132	36.3
A_PB1	967	119	A	0	0	119	36.1
A_PB1	968	123	C	0	0	123	35.1
A_PB1	969	114	A	0	0	114	37.0
A_PB1	970	129	T	0	0	129	35.8
A_PB1	971	109	A	0	0	109	34.5
A_PB1	972	125	T	0	0	125	34.9
A_PB1	973	127	A	0	0	127	34.2
A_PB1	974	118	T	0	0	118	36.6
A_PB1	975	123	A	0	0	123	34.4
A_PB1	976	113	A	0	0	113	36.5
A_PB1	977	130	C	0	0	130	36.8
A_PB1	978	114	A	0	0	114	35.7
A_PB1	979	108	A	0	0	108	35.1
A_PB1	980	124	G	0	0	124	35.0
A_PB1	981	118	G	0	0	118	35.7
A_PB1	982	112	A	0	0	112	34.6
A_PB1	983	114	A	0	0	114	36.7
A_PB1	984	113	C	0	0	113	34.0
A_PB1	985	108	C	0	0	108	37.1
A_PB1	986	110	A	0	0	110	35.8
A_PB1	987	107	A	0	0	107	37.7
A_PB1	988	109	C	0	0	109	35.0
A_PB1	989	113	C	0	0	113	35.4
A_PB1	990	120	T	0	0	120	34.3
A_PB1	991	125	G	0	0	125	37.0
A_PB1	992	111	A	0	0	111	34.2
A_PB1	993	111	A	0	0	111	36.0
A_PB1	994	111	T	0	0	111	36.7
A_PB1	995	123	G	0	0	123	37.0
A_PB1	996	106	G	0	0	106	35.2
A_PB1	997	120	T	0	0	120	34.9
A_PB1	998	119	T	0	0	119	35.4
A_PB1	999	113	C	0	0	113	35.4
A_PB1	1000	113	A	0	0	113	35.5
A_PB1	1001	112	G	0	0	112	34.8
A_PB1	1002	110	G	0	0	110	37.2
A_PB1	1003	115	A	0	0	115	35.5
A_PB1	1004	118	A	0	0	118	35.0
A_PB1	1005	112	T	0	0	112	37.0
A_PB1	1006	105	G	0	0	105	37.1
A_PB1	1007	116	T	0	0	116	36.8
A_PB1	1008	115	C	0	0	115	35.2
A_PB1	1009	104	T	0	0	104	34.9
A_PB1	1010	108	T	0	0	108	35.9
A_PB1	1011	117	G	0	0	117	35.0
A_PB1	1012	108	A	0	0	108	34.0
A_PB1	1013	119	G	0	0	119	34.1
A_PB1	1014	106	C	0	0	106	36.7
A_PB1	1015	107	A	0	0	107	35.3
A_PB1	1016	116	T	0	0	116	36.4
A_PB1	1017	114	T	0	0	114	37.6
A_PB1	1018	110	G	0	0	110	35.8
A_PB1	1019	107	C	0	0	107	37.6
A_PB1	1020	101	A	0	0	101	34.8
A_PB1	1021	116	C	0	0	116	34.9
A_PB1	1022	99	C	0	0	99	36.5
A_PB1	1023	101	T	0	0	101	34.3
A_PB1	1024	107	A	0	0	107	34.3
A_PB1	1025	109	T	0	0	109	36.7
A_PB1	1026	101	A	0	0	101	36.4
A_PB1	1027	102	A	0	0	102	36.9
A_PB1	1028	100	T	0	0	100	34.1
A_PB1	1029	106	G	0	0	106	37.6
A_PB1	1030	106	T	0	0	106	34.0
A_PB1	1031	107	T	0	0	107	36.4
A_PB1	1032	116	C	0	0	116	36.9
A_PB1	1033	93	T	0	0	93	35.3
A_PB1	1034	98	C	0	0	98	37.6
A_PB1	1035	107	A	0	0	107	35.0
A_PB1	1036	104	A	0	0	104	35.1
A_PB1	1037	110	A	0	0	110	36.8
A_PB1	1038	92	T	0	0	92	37.1
A_PB1	1039	94	A	0	0	94	36.5
A_PB1	1040	103	A	0	0	103	34.2
A_PB1	1041	94	A	0	0	94	35.5
A_PB1	1042	110	A	0	0	110	36.9
A_PB1	1043	105	T	0	0	105	34.9
A_PB1	1044	103	G	0	0	103	35.9
A_PB1	1045	95	G	0	0	95	35.9
A_PB1	1046	89	C	0	0	89	35.9
A_PB1	1047	94	A	0	0	94	34.1
A_PB1	1048	97	A	0	0	97	35.2
A_PB1	1049	99	G	0	0	99	34.8
A_PB1	1050	93	A	0	0	93	36.5
A_PB1	1051	100	C	0	0	100	35.9
A_PB1	1052	88	T	0	0	88	35.0
A_PB1	1053	95	A	0	0	95	34.2
A_PB1	1054	89	G	0	0	89	37.4
A_PB1	1055	87	G	0	0	87	34.1
A_PB1	1056	90	G	0	0	90	37.9
A_PB1	1057	90	A	0	0	90	34.9
A_PB1	1058	101	A	0	0	101	38.0
A_PB1	1059	94	A	0	0	94	37.5
A_PB1	1060	94	G	0	0	94	35.9
A_PB1	1061	91	G	0	0	91	34.8
A_PB1	1062	92	G	0	0	92	35.7
A_PB1	1063	92	T	0	0	92	37.2
A_PB1	1064	94	A	0	0	94	37.1
A_PB1	1065	85	C	0	0	85	37.8
A_PB1	1066	89	A	0	0	89	35.0
A_PB1	1067	84	T	0	0	84	37.5
A_PB1	1068	89	G	0	0	89	36.0
A_PB1	1069	89	T	0	0	89	35.4
A_PB1	1070	90	T	0	0	90	35.7
A_PB1	1071	79	C	0	0	79	34.4
A_PB1	1072	84	G	0	0	84	34.6
A_PB1	1073	84	A	0	0	84	37.3
A_PB1	1074	82	A	0	0	82	36.1
A_PB1	1075	84	A	0	0	84	36.9
A_PB1	1076	82	G	0	0	82	35.4
A_PB1	1077	88	T	0	0	88	35.2
A_PB1	1078	84	A	0	0	84	37.2
A_PB1	1079	88	A	0	0	88	36.4
A_PB1	1080	76	G	0	0	76	36.9
A_PB1	1081	82	A	0	0	82	35.5
A_PB1	1082	88	G	0	0	88	34.7
A_PB1	1083	85	C	0	0	85	34.3
A_PB1	1084	77	A	0	0	77	36.2
A_PB1	1085	76	T	0	0	76	35.0
A_PB1	1086	79	G	0	0	79	37.3
A_PB1	1087	78	A	0	0	78	37.5
A_PB1	1088	82	A	0	0	82	36.9
A_PB1	1089	72	G	0	0	72	37.7
A_PB1	1090	76	C	0	0	76	35.8
A_PB1	1091	80	T	0	0	80	34.0
A_PB1	1092	78	C	0	0	78	35.2
A_PB1	1093	78	C	0	0	78	37.1
A_PB1	1094	82	G	0	0	82	35.7
A_PB1	1095	67	A	0	0	67	36.1
A_PB1	1096	82	A	0	0	82	35.7
A_PB1	1097	78	C	0	0	78	35.3
A_PB1	1098	73	A	0	0	73	34.0
A_PB1	1099	72	C	0	0	72	34.8
A_PB1	1100	86	A	0	0	86	34.4
A_PB1	1101	78	A	0	0	78	34.5
A_PB1	1102	83	A	0	0	83	35.4
A_PB1	1103	69	T	0	0	69	37.1
A_PB1	1104	71	A	0	0	71	34.4
A_PB1	1105	63	C	0	0	63	35.7
A_PB1	1106	73	C	0	0	73	35.7
A_PB1	1107	67	A	0	0	67	37.0
A_PB1	1108	72	G	0	0	72	35.3
A_PB1	1109	65	C	0	0	65	34.0
A_PB1	1110	70	A	0	0	70	35.3
A_PB1	1111	73	G	0	0	73	37.5
A_PB1	1112	74	A	0	0	74	35.7
A_PB1	1113	65	A	0	0	65	36.3
A_PB1	1114	81	A	0	0	81	37.5
A_PB1	1115	78	T	0	0	78	36.3
A_PB1	1116	67	G	0	0	67	36.4
A_PB1	1117	71	C	0	0	71	34.9
A_PB1	1118	68	T	0	0	68	36.5
A_PB1	1119	72	A	0	0	72	35.3
A_PB1	1120	64	G	0	0	64	35.8
A_PB1	1121	68	C	0	0	68	35.4
A_PB1	1122	62	A	0	0	62	35.6
A_PB1	1123	73	A	0	0	73	37.6
A_PB1	1124	69	G	0	0	69	35.8
A_PB1	1125	68	C	0	0	68	34.5
A_PB1	1126	70	A	0	0	70	38.0
A_PB1	1127	66	T	0	0	66	34.0
A_PB1	1128	71	T	0	0	71	35.0
A_PB1	1129	66	G	0	0	66	35.7
A_PB1	1130	69	A	0	0	69	35.2
A_PB1	1131	63	T	0	0	63	36.5
A_PB1	1132	67	C	0	0	67	35.0
A_PB1	1133	63	T	0	0	63	36.1
A_PB1	1134	66	G	0	0	66	35.3
A_PB1	1135	68	A	0	0	68	37.3
A_PB1	1136	70	A	0	0	70	36.3
A_PB1	1137	71	G	0	0	71	36.1
A_PB1	1138	68	T	0	0	68	34.9
A_PB1	1139	66	A	0	0	66	34.6
A_PB1	1140	69	T	0	0	69	35.6
A_PB1	1141	66	T	0	0	66	35.2
A_PB1	1142	65	T	0	0	65	37.3
A_PB1	1143	61	C	0	0	61	34.4
A_PB1	1144	66	A	0	0	66	37.1
A_PB1	1145	68	A	0	0	68	37.5
A_PB1	1146	72	T	0	0	72	37.3
A_PB1	1147	75	G	0	0	75	36.3
A_PB1	1148	64	A	0	0	64	34.9
A_PB1	1149	70	G	0	0	70	35.7
A_PB1	1150	62	T	0	0	62	36.7
A_PB1	1151	62	C	0	0	62	38.0
A_PB1	1152	63	A	0	0	63	34.3
A_PB1	1153	63	A	0	0	63	37.7
A_PB1	1154	72	C	0	0	72	36.2
A_PB1	1155	64	A	0	0	64	35.8
A_PB1	1156	67	A	0	0	67	34.8
A_PB1	1157	68	G	0	0	68	36.5
A_PB1	1158	64	A	0	0	64	36.4
A_PB1	1159	71	A	0	0	71	34.3
A_PB1	1160	70	A	0	0	70	36.9
A_PB1	1161	65	G	0	0	65	34.0
A_PB1	1162	65	A	0	0	65	37.6
A_PB1	1163	70	A	0	0	70	35.6
A_PB1	1164	76	A	0	0	76	37.2
A_PB1	1165	78	A	0	0	78	34.3
A_PB1	1166	68	T	0	0	68	36.2
A_PB1	1167	65	A	0	0	65	36.7
A_PB1	1168	61	G	0	0	61	35.6
A_PB1	1169	62	A	0	0	62	35.8
A_PB1	1170	68	G	0	0	68	34.1
A_PB1	1171	64	A	0	0	64	35.4
A_PB1	1172	63	A	0	0	63	35.0
A_PB1	1173	65	G	0	0	65	36.5
A_PB1	1174	64	A	0	0	64	36.6
A_PB1	1175	70	T	0	0	70	34.3
A_PB1	1176	70	A	0	0	70	34.7
A_PB1	1177	73	A	0	0	73	34.2
A_PB1	1178	69	G	0	0	69	34.4
A_PB1	1179	66	A	0	0	66	36.0
A_PB1	1180	65	C	0	0	65	34.8
A_PB1	1181	75	C	0	0	75	34.7
A_PB1	1182	74	T	0	0	74	34.5
A_PB1	1183	65	C	0	0	65	34.5
A_PB1	1184	66	T	0	0	66	35.9
A_PB1	1185	74	T	0	0	74	35.7
A_PB1	1186	67	C	0	0	67	35.1
A_PB1	1187	70	T	0	0	70	35.2
A_PB1	1188	72	A	0	0	72	35.8
A_PB1	1189	75	A	0	0	75	36.9
A_PB1	1190	71	T	0	0	71	36.5
A_PB1	1191	70	A	0	0	70	35.7
A_PB1	1192	73	G	0	0	73	35.4
A_PB1	1193	76	A	0	0	76	35.1
A_PB1	1194	69	T	0	0	69	34.7
A_PB1	1195	85	G	0	0	85	34.1
A_PB1	1196	67	G	0	0	67	35.5
A_PB1	1197	68	T	0	0	68	34.1
A_PB1	1198	65	A	0	0	65	37.4
A_PB1	1199	73	C	0	0	73	36.9
A_PB1	1200	76	A	0	0	76	35.8
A_PB1	1201	76	G	0	0	76	36.3
A_PB1	1202	76	C	0	0	76	34.5
A_PB1	1203	79	C	0	0	79	34.7
A_PB1	1204	75	T	0	0	75	34.5
A_PB1	1205	78	C	0	0	78	36.7
A_PB1	1206	77	A	0	0	77	37.4
A_PB1	1207	75	T	0	0	75	35.6
A_PB1	1208	77	T	0	0	77	37.5
A_PB1	1209	76	A	0	0	76	34.7
A_PB1	1210	76	A	0	0	76	37.1
A_PB1	1211	69	G	0	0	69	34.3
A_PB1	1212	82	C	0	0	82	37.7
A_PB1	1213	75	C	0	0	75	36.3
A_PB1	1214	70	C	0	0	70	37.7
A_PB1	1215	79	A	0	0	79	34.3
A_PB1	1216	84	G	0	0	84	35.9
A_PB1	1217	83	G	0	0	83	34.2
A_PB1	1218	77	A	0	0	77	34.8
A_PB1	1219	77	A	0	0	77	34.8
A_PB1	1220	76	T	0	0	76	34.8
A_PB1	1221	89	G	0	0	89	37.1
A_PB1	1222	80	A	0	0	80	34.4
A_PB1	1223	74	T	0	0	74	37.4
A_PB1	1224	71	G	0	0	71	35.5
A_PB1	1225	79	A	0	0	79	34.0
A_PB1	1226	83	T	0	0	83	37.2
A_PB1	1227	86	G	0	0	86	36.3
A_PB1	1228	80	G	0	0	80	35.4
A_PB1	1229	78	G	0	0	78	37.8
A_PB1	1230	78	C	0	0	78	36.1
A_PB1	1231	79	A	0	0	79	34.7
A_PB1	1232	92	T	0	0	92	34.6
A_PB1	1233	78	G	0	0	78	34.4
A_PB1	1234	89	T	0	0	89	35.0
A_PB1	1235	90	T	0	0	90	35.5
A_PB1	1236	83	C	0	0	83	34.4
A_PB1	1237	87	A	0	0	87	34.2
A_PB1	1238	93	A	0	0	93	36.6
A_PB1	1239	83	T	0	0	83	36.0
A_PB1	1240	78	A	0	0	78	35.1
A_PB1	1241	85	T	0	0	85	36.0
A_PB1	1242	86	G	0	0	86	35.8
A_PB1	1243	85	C	0	0	85	34.8
A_PB1	1244	82	T	0	0	82	34.1
A_PB1	1245	89	G	0	0	89	34.1
A_PB1	1246	89	A	0	0	89	37.7
A_PB1	1247	90	G	0	0	90	36.3
A_PB1	1248	81	T	0	0	81	37.0
A_PB1	1249	88	A	0	0	88	36.1
A_PB1	1250	86	C	0	0	86	35.8
A_PB1	1251	97	A	0	0	97	37.3
A_PB1	1252	84	G	0	0	84	37.0
A_PB1	1253	84	T	0	0	84	36.2
A_PB1	1254	90	T	0	0	90	34.8
A_PB1	1255	85	T	0	0	85	36.9
A_PB1	1256	91	T	0	0	91	35.0
A_PB1	1257	96	G	0	0	96	37.5
A_PB1	1258	95	G	0	0	95	35.5
A_PB1	1259	89	G	0	0	89	37.9
A_PB1	1260	83	A	0	0	83	35.8
A_PB1	1261	85	G	0	0	85	36.4
A_PB1	1262	85	T	0	0	85	36.4
A_PB1	1263	112	T	0	0	112	34.8
A_PB1	1264	81	T	0	0	81	35.0
A_PB1	1265	85	C	0	0	85	35.2
A_PB1	1266	96	G	0	0	96	36.3
A_PB1	1267	86	A	0	0	86	34.2
A_PB1	1268	90	T	0	0	90	34.8
A_PB1	1269	92	T	0	0	92	36.3
A_PB1	1270	91	C	0	0	91	36.3
A_PB1	1271	96	T	0	0	96	37.8
A_PB1	1272	89	A	0	0	89	36.1
A_PB1	1273	91	A	0	0	91	34.1
A_PB1	1274	84	A	0	0	84	35.5
A_PB1	1275	95	T	0	0	95	35.4
A_PB1	1276	103	C	0	0	103	34.6
A_PB1	1277	88	T	0	0	88	36.4
A_PB1	1278	81	A	0	0	81	34.2
A_PB1	1279	89	G	0	0	89	38.0
A_PB1	1280	91	G	0	0	91	36.9
A_PB1	1281	93	A	0	0	93	35.9
A_PB1	1282	98	C	0	0	98	35.8
A_PB1	1283	88	A	0	0	88	37.7
A_PB1	1284	101	A	0	0	101	37.3
A_PB1	1285	93	A	0	0	93	35.6
A_PB1	1286	100	G	0	0	100	37.4
A_PB1	1287	91	G	0	0	91	37.4
A_PB1	1288	87	A	0	0	87	37.6
A_PB1	1289	98	G	0	0	98	37.3
A_PB1	1290	101	G	0	0	101	36.2
A_PB1	1291	100	T	0	0	100	37.8
A_PB1	1292	95	A	0	0	95	36.2
A_PB1	1293	92	C	0	0	92	37.0
A_PB1	1294	91	A	0	0	91	35.4
A_PB1	1295	108	C	0	0	108	34.0
A_PB1	1296	94	C	0	0	94	34.8
A_PB1	1297	97	A	0	0	97	36.8
A_PB1	1298	98	A	0	0	98	34.5
A_PB1	1299	94	A	0	0	94	37.9
A_PB1	1300	95	A	0	0	95	35.7
A_PB1	1301	96	C	0	0	96	36.5
A_PB1	1302	99	A	0	0	99	34.2
A_PB1	1303	88	A	0	0	88	35.4
A_PB1	1304	97	C	0	0	97	36.3
A_PB1	1305	83	A	0	0	83	34.1
A_PB1	1306	94	T	0	0	94	37.4
A_PB1	1307	92	A	0	0	92	37.4
A_PB1	1308	102	C	0	0	102	35.7
A_PB1	1309	99	T	0	0	99	34.8
A_PB1	1310	110	G	0	0	110	34.9
A_PB1	1311	94	G	0	0	94	35.6
A_PB1	1312	100	T	0	0	100	37.5
A_PB1	1313	103	G	0	0	103	35.6
A_PB1	1314	100	G	0	0	100	37.3
A_PB1	1315	96	G	0	0	96	35.7
A_PB1	1316	101	A	0	0	101	34.4
A_PB1	1317	106	C	0	0	106	34.1
A_PB1	1318	99	G	0	0	99	35.1
A_PB1	1319	108	G	0	0	108	37.3
A_PB1	1320	92	A	0	0	92	35.2
A_PB1	1321	101	C	0	0	101	36.1
A_PB1	1322	95	T	0	0	95	35.6
A_PB1	1323	101	C	0	0	101	37.1
A_PB1	1324	93	C	0	0	93	34.5
A_PB1	1325	92	A	0	0	92	36.1
A_PB1	1326	97	A	0	0	97	36.4
A_PB1	1327	104	T	0	0	104	34.8
A_PB1	1328	100	C	0	0	100	37.1
A_PB1	1329	102	C	0	0	102	36.0
A_PB1	1330	96	T	0	0	96	34.0
A_PB1	1331	102	C	0	0	102	36.1
A_PB1	1332	90	T	0	0	90	35.4
A_PB1	1333	95	G	0	0	95	34.8
A_PB1	1334	94	A	0	0	94	36.6
A_PB1	1335	96	T	0	0	96	37.5
A_PB1	1336	95	G	0	0	95	36.4
A_PB1	1337	88	A	0	0	88	37.9
A_PB1	1338	100	C	0	0	100	34.5
A_PB1	1339	104	T	0	0	104	37.9
A_PB1	1340	99	T	0	0	99	35.7
A_PB1	1341	103	T	0	0	103	35.2
A_PB1	1342	99	G	0	0	99	36.9
A_PB1	1343	95	C	0	0	95	37.0
A_PB1	1344	109	T	0	0	109	37.2
A_PB1	1345	102	C	0	0	102	36.7
A_PB1	1346	102	T	0	0	102	36.3
A_PB1	1347	94	C	0	0	94	36.6
A_PB1	1348	96	A	0	0	96	36.1
A_PB1	1349	104	T	0	0	104	35.5
A_PB1	1350	97	A	0	0	97	34.5
A_PB1	1351	98	G	0	0	98	37.1
A_PB1	1352	103	T	0	0	103	34.5
A_PB1	1353	101	G	0	0	101	37.3
A_PB1	1354	102	A	0	0	102	36.2
A_PB1	1355	101	A	0	0	101	35.0
A_PB1	1356	108	T	0	0	108	36.3
A_PB1	1357	99	G	0	0	99	37.0
A_PB1	1358	98	C	0	0	98	37.4
A_PB1	1359	112	T	0	0	112	35.1
A_PB1	1360	97	C	0	0	97	35.9
A_PB1	1361	94	C	0	0	94	35.5
A_PB1	1362	100	G	0	0	100	37.9
A_PB1	1363	101	A	0	0	101	36.0
A_PB1	1364	99	A	0	0	99	36.9
A_PB1	1365	102	T	0	0	102	34.3
A_PB1	1366	90	C	0	0	90	35.1
A_PB1	1367	97	A	0	0	97	38.0
A_PB1	1368	98	T	0	0	98	36.4
A_PB1	1369	102	G	0	0	102	37.1
A_PB1	1370	92	A	0	0	92	37.8
A_PB1	1371	95	G	0	0	95	37.8
A_PB1	1372	90	G	0	0	90	37.1
A_PB1	1373	102	G	0	0	102	35.3
A_PB1	1374	103	A	0	0	103	34.0
A_PB1	1375	98	A	0	0	98	34.5
A_PB1	1376	91	T	0	0	91	36.2
A_PB1	1377	95	A	0	0	95	35.5
A_PB1	1378	95	C	0	0	95	37.2
A_PB1	1379	98	A	0	0	98	36.7
A_PB1	1380	94	A	0	0	94	36.9
A_PB1	1381	94	G	0	0	94	37.4
A_PB1	1382	103	C	0	0	103	36.3
A_PB1	1383	95	A	0	0	95	35.9
A_PB1	1384	94	G	0	0	94	37.7
A_PB1	1385	96	G	0	0	96	36.8
A_PB1	1386	91	G	0	0	91	34.9
A_PB1	1387	109	G	0	0	109	36.4
A_PB1	1388	94	T	0	0	94	37.0
A_PB1	1389	87	A	0	0	87	37.9
A_PB1	1390	95	G	0	0	95	38.0
A_PB1	1391	111	A	0	0	111	36.5
A_PB1	1392	98	C	0	0	98	35.9
A_PB1	1393	95	A	0	0	95	36.6
A_PB1	1394	103	G	0	0	103	37.4
A_PB1	1395	99	A	0	0	99	35.1
A_PB1	1396	95	T	0	0	95	37.6
A_PB1	1397	92	T	0	0	92	37.6
A_PB1	1398	87	C	0	0	87	37.4
A_PB1	1399	91	T	0	0	91	36.9
A_PB1	1400	90	A	0	0	90	37.0
A_PB1	1401	98	T	0	0	98	36.8
A_PB1	1402	90	A	0	0	90	37.9
A_PB1	1403	92	G	0	0	92	34.5
A_PB1	1404	88	A	0	0	88	34.7
A_PB1	1405	102	A	0	0	102	35.6
A_PB1	1406	95	C	0	0	95	35.8
A_PB1	1407	94	C	0	0	94	37.2
A_PB1	1408	86	T	0	0	86	35.6
A_PB1	1409	94	G	0	0	94	36.6
A_PB1	1410	99	C	0	0	99	36.4
A_PB1	1411	89	A	0	0	89	36.8
A_PB1	1412	97	A	0	0	97	34.2
A_PB1	1413	95	G	0	0	95	37.8
A_PB1	1414	95	C	0	0	95	34.0
A_PB1	1415	107	T	0	0	107	35.4
A_PB1	1416	103	G	0	0	103	37.1
A_PB1	1417	95	G	0	0	95	37.2
A_PB1	1418	96	T	0	0	96	35.1
A_PB1	1419	97	C	0	0	97	37.4
A_PB1	1420	95	G	0	0	95	37.2
A_PB1	1421	95	G	0	0	95	36.6
A_PB1	1422	91	A	0	0	91	36.6
A_PB1	1423	87	A	0	0	87	38.0
A_PB1	1424	101	T	0	0	101	36.6
A_PB1	1425	91	C	0	0	91	36.5
A_PB1	1426	103	A	0	0	103	37.1
A_PB1	1427	103	A	0	0	103	34.5
A_PB1	1428	97	C	0	0	97	34.3
A_PB1	1429	100	A	0	0	100	35.1
A_PB1	1430	97	T	0	0	97	35.4
A_PB1	1431	104	G	0	0	104	35.5
A_PB1	1432	88	A	0	0	88	35.7
A_PB1	1433	100	G	0	0	100	35.7
A_PB1	1434	93	C	0	0	93	37.9
A_PB1	1435	101	A	0	0	101	34.1
A_PB1	1436	94	A	0	0	94	34.5
A_PB1	1437	110	A	0	0	110	35.7
A_PB1	1438	102	A	0	0	102	37.1
A_PB1	1439	98	A	0	0	98	35.8
A_PB1	1440	95	G	0	0	95	35.9
A_PB1	1441	86	A	0	0	86	37.3
A_PB1	1442	97	A	0	0	97	34.9
A_PB1	1443	96	G	0	0	96	36.2
A_PB1	1444	85	T	0	0	85	37.8
A_PB1	1445	84	C	0	0	84	35.1
A_PB1	1446	95	C	0	0	95	34.5
A_PB1	1447	96	T	0	0	96	34.7
A_PB1	1448	92	A	0	0	92	35.0
A_PB1	1449	97	C	0	0	97	36.5
A_PB1	1450	100	A	0	0	100	34.4
A_PB1	1451	99	T	0	0	99	36.8
A_PB1	1452	94	A	0	0	94	37.2
A_PB1	1453	100	A	0	0	100	34.4
A_PB1	1454	101	A	0	0	101	37.4
A_PB1	1455	94	C	0	0	94	36.5
A_PB1	1456	87	A	0	0	87	35.4
A_PB1	1457	89	G	0	0	89	35.0
A_PB1	1458	98	G	0	0	98	35.6
A_PB1	1459	97	A	0	0	97	35.9
A_PB1	1460	100	C	0	0	100	37.9
A_PB1	1461	91	A	0	0	91	36.2
A_PB1	1462	103	G	0	0	103	34.6
A_PB1	1463	100	G	0	0	100	36.9
A_PB1	1464	97	A	0	0	97	36.3
A_PB1	1465	97	A	0	0	97	37.8
A_PB1	1466	101	C	0	0	101	38.0
A_PB1	1467	111	A	0	0	111	35.3
A_PB1	1468	99	T	0	0	99	37.6
A_PB1	1469	91	T	0	0	91	36.6
A_PB1	1470	101	T	0	0	101	35.7
A_PB1	1471	98	G	0	0	98	36.8
A_PB1	1472	90	A	0	0	90	37.3
A_PB1	1473	103	A	0	0	103	36.2
A_PB1	1474	97	T	0	0	97	37.0
A_PB1	1475	103	T	0	0	103	37.3
A_PB1	1476	96	C	0	0	96	35.6
A_PB1	1477	105	A	0	0	105	36.0
A_PB1	1478	97	C	0	0	97	34.2
A_PB1	1479	102	A	0	0	102	37.0
A_PB1	1480	99	A	0	0	99	35.0
A_PB1	1481	106	G	0	0	106	35.6
A_PB1	1482	92	T	0	0	92	37.7
A_PB1	1483	100	T	0	0	100	37.1
A_PB1	1484	115	T	0	0	115	36.8
A_PB1	1485	95	T	0	0	95	36.8
A_PB1	1486	98	T	0	0	98	34.5
A_PB1	1487	100	T	0	0	100	37.5
A_PB1	1488	98	C	0	0	98	36.7
A_PB1	1489	100	T	0	0	100	34.5
A_PB1	1490	102	A	0	0	102	36.9
A_PB1	1491	104	C	0	0	104	34.9
A_PB1	1492	102	C	0	0	102	35.2
A_PB1	1493	105	G	0	0	105	34.2
A_PB1	1494	104	C	0	0	104	37.1
A_PB1	1495	99	T	0	0	99	34.5
A_PB1	1496	105	A	0	0	105	34.5
A_PB1	1497	111	T	0	0	111	37.4
A_PB1	1498	98	G	0	0	98	37.6
A_PB1	1499	92	G	0	0	92	36.4
A_PB1	1500	108	A	0	0	108	37.2
A_PB1	1501	108	T	0	0	108	34.9
A_PB1	1502	105	T	0	0	105	34.4
A_PB1	1503	98	T	0	0	98	37.3
A_PB1	1504	110	G	0	0	110	36.4
A_PB1	1505	113	T	0	0	113	37.6
A_PB1	1506	114	A	0	0	114	36.1
A_PB1	1507	113	G	0	0	113	36.0
A_PB1	1508	104	C	0	0	104	36.6
A_PB1	1509	102	C	0	0	102	37.1
A_PB1	1510	108	A	0	0	108	34.5
A_PB1	1511	103	A	0	0	103	35.1
A_PB1	1512	95	C	0	0	95	36.6
A_PB1	1513	102	T	0	0	102	37.3
A_PB1	1514	118	T	0	0	118	34.6
A_PB1	1515	105	C	0	0	105	34.5
A_PB1	1516	109	A	0	0	109	35.3
A_PB1	1517	113	G	0	0	113	34.6
A_PB1	1518	116	T	0	0	116	37.4
A_PB1	1519	109	A	0	0	109	37.6
A_PB1	1520	118	T	0	0	118	36.7
A_PB1	1521	104	G	0	0	104	34.1
A_PB1	1522	112	G	0	0	112	36.6
A_PB1	1523	121	A	0	0	121	36.5
A_PB1	1524	111	G	0	0	111	37.6
A_PB1	1525	121	T	0	0	121	34.2
A_PB1	1526	113	T	0	0	113	36.5
A_PB1	1527	119	G	0	0	119	35.0
A_PB1	1528	115	C	0	0	115	36.1
A_PB1	1529	114	C	0	0	114	34.1
A_PB1	1530	102	C	0	0	102	37.6
A_PB1	1531	108	A	0	0	108	36.3
A_PB1	1532	116	G	0	0	116	36.3
A_PB1	1533	116	C	0	0	116	35.2
A_PB1	1534	114	T	0	0	114	34.3
A_PB1	1535	124	T	0	0	124	35.1
A_PB1	1536	117	T	0	0	117	36.7
A_PB1	1537	114	G	0	0	114	37.8
A_PB1	1538	116	G	0	0	116	34.3
A_PB1	1539	119	A	0	0	119	34.3
A_PB1	1540	123	G	0	0	123	38.0
A_PB1	1541	118	T	0	0	118	37.6
A_PB1	1542	116	G	0	0	116	35.9
A_PB1	1543	107	T	0	0	107	37.0
A_PB1	1544	116	C	0	0	116	34.3
A_PB1	1545	123	T	0	0	123	37.6
A_PB1	1546	115	G	0	0	115	36.3
A_PB1	1547	123	G	0	0	123	34.7
A_PB1	1548	117	G	0	0	117	37.3
A_PB1	1549	119	A	0	0	119	37.1
A_PB1	1550	124	T	0	0	124	37.2
A_PB1	1551	123	C	0	0	123	37.5
A_PB1	1552	122	A	0	0	122	36.6
A_PB1	1553	144	A	0	0	144	34.4
A_PB1	1554	124	T	0	0	124	35.7
A_PB1	1555	115	G	0	0	115	35.0
A_PB1	1556	120	A	0	0	120	37.4
A_PB1	1557	120	A	0	0	120	35.6
A_PB1	1558	118	T	0	0	118	37.5
A_PB1	1559	122	C	0	0	122	34.6
A_PB1	1560	124	T	0	0	124	35.6
A_PB1	1561	120	G	0	0	120	35.8
A_PB1	1562	120	C	0	0	120	36.3
A_PB1	1563	130	A	0	0	130	36.2
A_PB1	1564	113	G	0	0	113	37.5
A_PB1	1565	123	A	0	0	123	36.3
A_PB1	1566	119	C	0	0	119	37.2
A_PB1	1567	128	A	0	0	128	35.3
A_PB1	1568	123	T	0	0	123	34.3
A_PB1	1569	119	G	0	0	119	37.5
A_PB1	1570	145	A	0	0	145	35.2
A_PB1	1571	140	G	0	0	140	36.4
A_PB1	1572	132	C	0	0	132	37.0
A_PB1	1573	134	A	0	0	134	36.5
A_PB1	1574	125	T	0	0	125	34.2
A_PB1	1575	134	T	0	0	134	34.2
A_PB1	1576	133	G	0	0	133	38.0
A_PB1	1577	134	G	0	0	134	36.2
A_PB1	1578	142	A	0	0	142	34.3
A_PB1	1579	125	G	0	0	125	35.9
A_PB1	1580	128	T	0	0	128	35.5
A_PB1	1581	132	A	0	0	132	37.1
A_PB1	1582	129	A	0	0	129	36.9
A_PB1	1583	128	C	0	0	128	34.1
A_PB1	1584	127	A	0	0	127	36.2
A_PB1	1585	133	G	0	0	133	37.1
A_PB1	1586	127	T	0	0	127	34.3
A_PB1	1587	125	G	0	0	125	37.6
A_PB1	1588	116	A	0	0	116	37.2
A_PB1	1589	134	T	0	0	134	35.2
A_PB1	1590	138	A	0	0	138	34.4
A_PB1	1591	132	A	0	0	132	34.7
A_PB1	1592	138	A	0	0	138	34.3
A_PB1	1593	132	G	0	0	132	36.9
A_PB1	1594	146	A	0	0	146	35.3
A_PB1	1595	138	A	0	0	138	37.1
A_PB1	1596	142	C	0	0	142	36.7
A_PB1	1597	120	A	0	0	120	34.6
A_PB1	1598	134	A	0	0	134	35.3
A_PB1	1599	140	C	0	0	140	37.7
A_PB1	1600	129	A	0	0	129	34.9
A_PB1	1601	123	T	0	0	123	34.8
A_PB1	1602	135	G	0	0	135	37.5
A_PB1	1603	117	A	0	0	117	37.6
A_PB1	1604	133	T	0	0	133	34.7
A_PB1	1605	125	C	0	0	125	36.6
A_PB1	1606	148	A	0	0	148	36.3
A_PB1	1607	135	A	0	0	135	37.8
A_PB1	1608	116	C	0	0	116	36.7
A_PB1	1609	138	A	0	0	138	34.5
A_PB1	1610	132	A	0	0	132	37.9
A_PB1	1611	142	T	0	0	142	34.8
A_PB1	1612	132	G	0	0	132	37.3
A_PB1	1613	142	A	0	0	142	35.7
A_PB1	1614	133	T	0	0	133	37.7
A_PB1	1615	138	C	0	0	138	34.7
A_PB1	1616	129	T	0	0	129	35.9
A_PB1	1617	132	T	0	0	132	36.7
A_PB1	1618	140	G	0	0	140	37.8
A_PB1	1619	128	G	0	0	128	35.9
A_PB1	1620	142	A	0	0	142	36.3
A_PB1	1621	136	C	0	0	136	37.0
A_PB1	1622	132	C	0	0	132	34.6
A_PB1	1623	130	A	0	0	130	35.5
A_PB1	1624	146	G	0	0	146	34.1
A_PB1	1625	122	C	0	0	122	37.8
A_PB1	1626	128	A	0	0	128	34.0
A_PB1	1627	121	A	0	0	121	37.9
A_PB1	1628	149	C	0	0	149	36.1
A_PB1	1629	144	A	0	0	144	35.4
A_PB1	1630	140	G	0	0	140	37.7
A_PB1	1631	140	C	0	0	140	34.6
A_PB1	1632	139	T	0	0	139	37.9
A_PB1	1633	141	C	0	0	141	35.5
A_PB1	1634	133	A	0	0	133	34.6
A_PB1	1635	126	A	0	0	126	37.7
A_PB1	1636	130	A	0	0	130	36.2
A_PB1	1637	121	T	0	0	121	37.0
A_PB1	1638	125	G	0	0	125	36.2
A_PB1	1639	126	G	0	0	126	37.2
A_PB1	1640	126	C	0	0	126	35.4
A_PB1	1641	136	T	0	0	136	37.2
A_PB1	1642	127	C	0	0	127	35.9
A_PB1	1643	125	T	0	0	125	36.2
A_PB1	1644	119	T	0	0	119	36.7
A_PB1	1645	138	C	0	0	138	34.2
A_PB1	1646	138	A	0	0	138	36.2
A_PB1	1647	142	G	0	0	142	37.5
A_PB1	1648	132	C	0	0	132	36.0
A_PB1	1649	127	T	0	0	127	35.5
A_PB1	1650	134	A	0	0	134	35.3
A_PB1	1651	126	T	0	0	126	37.7
A_PB1	1652	124	T	0	0	124	37.3
A_PB1	1653	130	C	0	0	130	34.2
A_PB1	1654	119	A	0	0	119	37.2
A_PB1	1655	131	T	0	0	131	37.6
A_PB1	1656	135	C	0	0	135	36.3
A_PB1	1657	121	A	0	0	121	36.0
A_PB1	1658	126	A	0	0	126	37.5
A_PB1	1659	122	G	0	0	122	37.8
A_PB1	1660	127	G	0	0	127	34.5
A_PB1	1661	121	A	0	0	121	37.1
A_PB1	1662	127	T	0	0	127	37.6
A_PB1	1663	132	T	0	0	132	36.1
A_PB1	1664	126	A	0	0	126	36.8
A_PB1	1665	121	C	0	0	121	34.2
A_PB1	1666	137	A	0	0	137	36.1
A_PB1	1667	115	G	0	0	115	37.1
A_PB1	1668	128	A	0	0	128	35.7
A_PB1	1669	125	T	0	0	125	34.9
A_PB1	1670	128	A	0	0	128	35.8
A_PB1	1671	126	C	0	0	126	35.1
A_PB1	1672	122	A	0	0	122	36.2
A_PB1	1673	120	C	0	0	120	34.4
A_PB1	1674	123	A	0	0	123	34.9
A_PB1	1675	134	T	0	0	134	34.4
A_PB1	1676	123	A	0	0	123	37.3
A_PB1	1677	115	C	0	0	115	34.5
A_PB1	1678	120	C	0	0	120	36.5
A_PB1	1679	133	G	0	0	133	37.1
A_PB1	1680	121	A	0	0	121	36.1
A_PB1	1681	106	T	0	0	106	37.9
A_PB1	1682	122	G	0	0	122	35.3
A_PB1	1683	112	T	0	0	112	35.9
A_PB1	1684	118	C	0	0	118	37.9
A_PB1	1685	119	A	0	0	119	37.1
A_PB1	1686	116	C	0	0	116	36.6
A_PB1	1687	114	A	0	0	114	35.5
A_PB1	1688	118	G	0	0	118	35.6
A_PB1	1689	108	A	0	0	108	34.2
A_PB1	1690	110	G	0	0	110	37.8
A_PB1	1691	123	G	0	0	123	34.2
A_PB1	1692	118	A	0	0	118	37.9
A_PB1	1693	111	G	0	0	111	37.5
A_PB1	1694	120	A	0	0	120	34.5
A_PB1	1695	117	C	0	0	117	35.5
A_PB1	1696	114	A	0	0	114	37.1
A_PB1	1697	109	C	0	0	109	36.7
A_PB1	1698	95	A	0	0	95	34.6
A_PB1	1699	115	C	0	0	115	35.5
A_PB1	1700	124	A	0	0	124	36.9
A_PB1	1701	118	A	0	0	118	34.6
A_PB1	1702	109	A	0	0	109	36.7
A_PB1	1703	121	T	0	0	121	37.2
A_PB1	1704	106	T	0	0	106	36.4
A_PB1	1705	107	C	0	0	107	36.6
A_PB1	1706	116	A	0	0	116	37.8
A_PB1	1707	112	G	0	0	112	34.8
A_PB1	1708	108	A	0	0	108	36.5
A_PB1	1709	109	C	0	0	109	37.8
A_PB1	1710	107	A	0	0	107	37.3
A_PB1	1711	108	A	0	0	108	34.6
A_PB1	1712	113	G	0	0	113	37.5
A_PB1	1713	113	G	0	0	113	36.6
A_PB1	1714	105	A	0	0	105	37.3
A_PB1	1715	104	G	0	0	104	34.8
A_PB1	1716	117	G	0	0	117	37.8
A_PB1	1717	124	T	0	0	124	35.7
A_PB1	1718	113	C	0	0	113	36.1
A_PB1	1719	111	A	0	0	111	37.7
A_PB1	1720	102	T	0	0	102	37.7
A_PB1	1721	103	T	0	0	103	37.8
A_PB1	1722	100	C	0	0	100	35.3
A_PB1	1723	117	G	0	0	117	37.4
A_PB1	1724	101	A	0	0	101	37.4
A_PB1	1725	104	G	0	0	104	36.1
A_PB1	1726	105	C	0	0	105	36.0
A_PB1	1727	108	T	0	0	108	34.2
A_PB1	1728	100	G	0	0	100	34.1
A_PB1	1729	114	A	0	0	114	37.9
A_PB1	1730	114	A	0	0	114	34.3
A_PB1	1731	114	G	0	0	114	36.2
A_PB1	1732	101	A	0	0	101	36.3
A_PB1	1733	94	A	0	0	94	37.4
A_PB1	1734	95	G	0	0	95	36.9
A_PB1	1735	104	T	0	0	104	34.6
A_PB1	1736	90	T	0	0	90	35.3
A_PB1	1737	109	G	0	0	109	35.1
A_PB1	1738	96	T	0	0	96	37.9
A_PB1	1739	105	G	0	0	105	36.3
A_PB1	1740	87	G	0	0	87	37.4
A_PB1	1741	97	G	0	0	97	36.5
A_PB1	1742	87	A	0	0	87	37.6
A_PB1	1743	98	A	0	0	98	35.4
A_PB1	1744	90	C	0	0	90	37.0
A_PB1	1745	97	A	0	0	97	37.1
A_PB1	1746	90	G	0	0	90	34.2
A_PB1	1747	103	A	0	0	103	37.0
A_PB1	1748	95	C	0	0	95	35.4
A_PB1	1749	95	C	0	0	95	36.6
A_PB1	1750	91	C	0	0	91	37.7
A_PB1	1751	90	G	0	0	90	34.5
A_PB1	1752	95	C	0	0	95	37.9
A_PB1	1753	87	T	0	0	87	35.7
A_PB1	1754	83	C	0	0	83	37.7
A_PB1	1755	97	A	0	0	97	34.2
A_PB1	1756	88	A	0	0	88	36.7
A_PB1	1757	107	A	0	0	107	34.0
A_PB1	1758	95	A	0	0	95	35.3
A_PB1	1759	98	G	0	0	98	36.2
A_PB1	1760	83	C	0	0	83	35.5
A_PB1	1761	92	A	0	0	92	36.1
A_PB1	1762	97	G	0	0	97	37.0
A_PB1	1763	89	G	0	0	89	36.5
A_PB1	1764	79	A	0	0	79	35.4
A_PB1	1765	88	C	0	0	88	36.4
A_PB1	1766	86	T	0	0	86	35.7
A_PB1	1767	84	G	0	0	84	36.8
A_PB1	1768	81	C	0	0	81	37.6
A_PB1	1769	83	T	0	0	83	37.8
A_PB1	1770	87	G	0	0	87	38.0
A_PB1	1771	83	G	0	0	83	35.4
A_PB1	1772	93	T	0	0	93	34.6
A_PB1	1773	93	C	0	0	93	37.8
A_PB1	1774	89	T	0	0	89	37.0
A_PB1	1775	96	C	0	0	96	35.3
A_PB1	1776	93	A	0	0	93	37.8
A_PB1	1777	92	G	0	0	92	35.4
A_PB1	1778	78	A	0	0	78	35.4
A_PB1	1779	88	T	0	0	88	36.1
A_PB1	1780	74	G	0	0	74	35.2
A_PB1	1781	86	G	0	0	86	35.9
A_PB1	1782	74	A	0	0	74	36.7
A_PB1	1783	80	G	0	0	80	34.7
A_PB1	1784	78	G	0	0	78	37.7
A_PB1	1785	77	A	0	0	77	34.6
A_PB1	1786	81	C	0	0	81	35.4
A_PB1	1787	75	C	0	0	75	36.9
A_PB1	1788	91	A	0	0	91	35.1
A_PB1	1789	83	A	0	0	83	37.5
A_PB1	1790	79	A	0	0	79	35.3
A_PB1	1791	75	T	0	0	75	38.0
A_PB1	1792	84	C	0	0	84	34.8
A_PB1	1793	85	T	0	0	85	35.0
A_PB1	1794	70	A	0	0	70	36.9
A_PB1	1795	78	T	0	0	78	37.4
A_PB1	1796	83	A	0	0	83	34.1
A_PB1	1797	86	C	0	0	86	36.1
A_PB1	1798	82	A	0	0	82	36.0
A_PB1	1799	87	A	0	0	87	35.3
A_PB1	1800	84	T	0	0	84	37.6
A_PB1	1801	84	A	0	0	84	37.6
A_PB1	1802	91	T	0	0	91	35.5
A_PB1	1803	77	T	0	0	77	37.7
A_PB1	1804	85	C	0	0	85	36.1
A_PB1	1805	80	G	0	0	80	36.2
A_PB1	1806	78	G	0	0	78	35.3
A_PB1	1807	80	A	0	0	80	36.1
A_PB1	1808	77	A	0	0	77	37.2
A_PB1	1809	72	T	0	0	72	34.3
A_PB1	1810	85	C	0	0	85	35.6
A_PB1	1811	82	T	0	0	82	37.5
A_PB1	1812	90	T	0	0	90	35.8
A_PB1	1813	79	C	0	0	79	35.2
A_PB1	1814	80	A	0	0	80	36.8
A_PB1	1815	83	C	0	0	83	34.1
A_PB1	1816	86	A	0	0	86	36.3
A_PB1	1817	81	T	0	0	81	37.2
A_PB1	1818	80	T	0	0	80	35.9
A_PB1	1819	90	C	0	0	90	36.9
A_PB1	1820	74	C	0	0	74	34.5
A_PB1	1821	80	A	0	0	80	35.7
A_PB1	1822	81	G	0	0	81	36.1
A_PB1	1823	71	A	0	0	71	36.5
A_PB1	1824	81	A	0	0	81	35.2
A_PB1	1825	76	G	0	0	76	35.0
A_PB1	1826	79	T	0	0	79	36.1
A_PB1	1827	80	C	0	0	80	35.6
A_PB1	1828	79	T	0	0	79	34.9
A_PB1	1829	76	G	0	0	76	34.2
A_PB1	1830	77	C	0	0	77	35.0
A_PB1	1831	81	T	0	0	81	37.3
A_PB1	1832	82	T	0	0	82	35.3
A_PB1	1833	92	G	0	0	92	36.7
A_PB1	1834	84	A	0	0	84	36.5
A_PB1	1835	84	A	0	0	84	36.4
A_PB1	1836	84	A	0	0	84	37.8
A_PB1	1837	89	T	0	0	89	34.7
A_PB1	1838	79	G	0	0	79	37.7
A_PB1	1839	86	G	0	0	86	36.4
A_PB1	1840	82	G	0	0	82	37.0
A_PB1	1841	81	A	0	0	81	37.0
A_PB1	1842	76	G	0	0	76	36.3
A_PB1	1843	81	C	0	0	81	35.1
A_PB1	1844	75	T	0	0	75	34.2
A_PB1	1845	78	A	0	0	78	34.6
A_PB1	1846	82	A	0	0	82	36.6
A_PB1	1847	75	T	0	0	75	37.6
A_PB1	1848	80	G	0	0	80	35.8
A_PB1	1849	82	G	0	0	82	36.0
A_PB1	1850	75	A	0	0	75	34.9
A_PB1	1851	82	C	0	0	82	36.0
A_PB1	1852	79	G	0	0	79	35.4
A_PB1	1853	83	A	0	0	83	37.3
A_PB1	1854	86	A	0	0	86	34.3
A_PB1	1855	78	G	0	0	78	37.2
A_PB1	1856	82	A	0	0	82	37.1
A_PB1	1857	73	C	0	0	73	37.2
A_PB1	1858	86	T	0	0	86	37.2
A_PB1	1859	88	A	0	0	88	37.9
A_PB1	1860	83	T	0	0	83	34.9
A_PB1	1861	88	C	0	0	88	37.1
A_PB1	1862	86	A	0	0	86	35.9
A_PB1	1863	91	G	0	0	91	35.6
A_PB1	1864	86	G	0	0	86	35.5
A_PB1	1865	83	G	0	0	83	34.1
A_PB1	1866	83	A	0	0	83	36.5
A_PB1	1867	100	A	0	0	100	37.8
A_PB1	1868	77	G	0	0	77	35.8
A_PB1	1869	77	G	0	0	77	36.4
A_PB1	1870	85	C	0	0	85	37.7
A_PB1	1871	96	T	0	0	96	34.3
A_PB1	1872	88	T	0	0	88	35.3
A_PB1	1873	87	T	0	0	87	37.7
A_PB1	1874	88	G	0	0	88	36.4
A_PB1	1875	75	T	0	0	75	36.4
A_PB1	1876	93	A	0	0	93	37.8
A_PB1	1877	73	A	0	0	73	37.2
A_PB1	1878	89	T	0	0	89	37.5
A_PB1	1879	90	C	0	0	90	35.1
A_PB1	1880	89	C	0	0	89	37.4
A_PB1	1881	88	C	0	0	88	34.5
A_PB1	1882	88	C	0	0	88	35.3
A_PB1	1883	102	T	0	0	102	36.6
A_PB1	1884	75	G	0	0	75	34.1
A_PB1	1885	86	A	0	0	86	36.6
A_PB1	1886	93	A	0	0	93	37.5
A_PB1	1887	92	C	0	0	92	34.5
A_PB1	1888	85	C	0	0	85	35.3
A_PB1	1889	84	C	0	0	84	35.7
A_PB1	1890	87	G	0	0	87	34.8
A_PB1	1891	86	T	0	0	86	35.7
A_PB1	1892	91	T	0	0	91	35.3
A_PB1	1893	90	T	0	0	90	35.3
A_PB1	1894	86	G	0	0	86	35.6
A_PB1	1895	90	T	0	0	90	36.3
A_PB1	1896	84	C	0	0	84	37.9
A_PB1	1897	100	A	0	0	100	36.9
A_PB1	1898	83	G	0	0	83	35.8
A_PB1	1899	87	C	0	0	87	34.4
A_PB1	1900	83	C	0	0	83	37.8
A_PB1	1901	85	A	0	0	85	37.7
A_PB1	1902	85	C	0	0	85	36.0
A_PB1	1903	95	A	0	0	95	34.1
A_PB1	1904	83	A	0	0	83	36.4
A_PB1	1905	88	G	0	0	88	37.1
A_PB1	1906	94	G	0	0	94	37.2
A_PB1	1907	83	A	0	0	83	34.3
A_PB1	1908	89	A	0	0	89	35.8
A_PB1	1909	102	A	0	0	102	37.9
A_PB1	1910	91	T	0	0	91	35.2
A_PB1	1911	90	A	0	0	90	37.8
A_PB1	1912	93	G	0	0	93	35.5
A_PB1	1913	82	A	0	0	82	34.5
A_PB1	1914	84	G	0	0	84	35.4
A_PB1	1915	94	T	0	0	94	37.7
A_PB1	1916	87	C	0	0	87	37.4
A_PB1	1917	85	T	0	0	85	36.5
A_PB1	1918	90	G	0	0	90	36.6
A_PB1	1919	97	T	0	0	97	34.4
A_PB1	1920	91	G	0	0	91	36.3
A_PB1	1921	91	A	0	0	91	37.3
A_PB1	1922	89	A	0	0	89	34.8
A_PB1	1923	90	C	0	0	90	35.6
A_PB1	1924	87	A	0	0	87	36.0
A_PB1	1925	91	A	0	0	91	36.5
A_PB1	1926	96	C	0	0	96	36.1
A_PB1	1927	96	G	0	0	96	36.6
A_PB1	1928	85	C	0	0	85	37.5
A_PB1	1929	91	T	0	0	91	36.1
A_PB1	1930	92	G	0	0	92	37.1
A_PB1	1931	92	T	0	0	92	35.7
A_PB1	1932	94	G	0	0	94	36.2
A_PB1	1933	94	G	0	0	94	36.8
A_PB1	1934	94	T	0	0	94	34.9
A_PB1	1935	91	G	0	0	91	34.9
A_PB1	1936	91	A	0	0	91	36.4
A_PB1	1937	92	T	0	0	92	36.8
A_PB1	1938	93	G	0	0	93	37.1
A_PB1	1939	87	C	0	0	87	34.9
A_PB1	1940	92	C	0	0	92	35.3
A_PB1	1941	89	A	0	0	89	35.4
A_PB1	1942	87	G	0	0	87	34.9
A_PB1	1943	90	C	0	0	90	34.3
A_PB1	1944	99	T	0	0	99	34.2
A_PB1	1945	91	C	0	0	91	36.5
A_PB1	1946	91	A	0	0	91	35.8
A_PB1	1947	87	T	0	0	87	37.9
A_PB1	1948	89	G	0	0	89	34.9
A_PB1	1949	101	G	0	0	101	36.4
A_PB1	1950	91	C	0	0	91	37.8
A_PB1	1951	86	C	0	0	86	37.2
A_PB1	1952	94	C	0	0	94	37.9
A_PB1	1953	83	G	0	0	83	35.1
A_PB1	1954	84	G	0	0	84	34.6
A_PB1	1955	92	C	0	0	92	35.1
A_PB1	1956	96	C	0	0	96	36.4
A_PB1	1957	79	A	0	0	79	34.6
A_PB1	1958	95	A	0	0	95	34.3
A_PB1	1959	85	G	0	0	85	37.0
A_PB1	1960	96	A	0	0	96	34.2
A_PB1	1961	94	G	0	0	94	36.1
A_PB1	1962	96	C	0	0	96	36.5
A_PB1	1963	94	A	0	0	94	35.0
A_PB1	1964	97	T	0	0	97	35.0
A_PB1	1965	98	G	0	0	98	37.0
A_PB1	1966	89	G	0	0	89	37.8
A_PB1	1967	91	A	0	0	91	35.0
A_PB1	1968	94	A	0	0	94	37.5
A_PB1	1969	89	T	0	0	89	36.9
A_PB1	1970	99	A	0	0	99	35.3
A_PB1	1971	91	T	0	0	91	36.5
A_PB1	1972	92	G	0	0	92	36.9
A_PB1	1973	88	A	0	0	88	35.1
A_PB1	1974	90	T	0	0	90	36.4
A_PB1	1975	87	G	0	0	87	35.4
A_PB1	1976	84	C	0	0	84	35.2
A_PB1	1977	91	T	0	0	91	38.0
A_PB1	1978	87	G	0	0	87	37.6
A_PB1	1979	92	T	0	0	92	35.2
A_PB1	1980	96	T	0	0	96	34.1
A_PB1	1981	88	G	0	0	88	34.4
A_PB1	1982	87	C	0	0	87	36.5
A_PB1	1983	89	C	0	0	89	35.4
A_PB1	1984	87	A	0	0	87	34.3
A_PB1	1985	82	C	0	0	82	36.0
A_PB1	1986	87	C	0	0	87	35.5
A_PB1	1987	87	A	0	0	87	38.0
A_PB1	1988	80	C	0	0	80	36.5
A_PB1	1989	92	T	0	0	92	36.8
A_PB1	1990	86	C	0	0	86	37.9
A_PB1	1991	92	A	0	0	92	37.6
A_PB1	1992	88	C	0	0	88	34.7
A_PB1	1993	83	T	0	0	83	35.3
A_PB1	1994	82	C	0	0	82	36.8
A_PB1	1995	83	C	0	0	83	35.6
A_PB1	1996	85	T	0	0	85	36.9
A_PB1	1997	85	G	0	0	85	36.6
A_PB1	1998	82	G	0	0	82	35.0
A_PB1	1999	89	A	0	0	89	35.0
A_PB1	2000	94	T	0	0	94	37.2
A_PB1	2001	82	A	0	0	82	37.6
A_PB1	2002	80	C	0	0	80	36.9
A_PB1	2003	88	C	0	0	88	37.5
A_PB1	2004	95	G	0	0	95	36.5
A_PB1	2005	81	A	0	0	81	35.3
A_PB1	2006	80	A	0	0	80	36.9
A_PB1	2007	83	G	0	0	83	35.5
A_PB1	2008	93	A	0	0	93	37.3
A_PB1	2009	90	G	0	0	90	36.7
A_PB1	2010	84	G	0	0	84	35.5
A_PB1	2011	88	A	0	0	88	35.8
A_PB1	2012	84	A	0	0	84	34.9
A_PB1	2013	82	C	0	0	82	34.8
A_PB1	2014	78	C	0	0	78	35.4
A_PB1	2015	82	G	0	0	82	36.9
A_PB1	2016	83	C	0	0	83	34.1
A_PB1	2017	84	T	0	0	84	37.7
A_PB1	2018	82	C	0	0	82	37.1
A_PB1	2019	86	C	0	0	86	35.9
A_PB1	2020	80	A	0	0	80	37.1
A_PB1	2021	85	T	0	0	85	34.7
A_PB1	2022	86	T	0	0	86	35.5
A_PB1	2023	82	C	0	0	82	36.6
A_PB1	2024	92	T	0	0	92	35.3
A_PB1	2025	85	C	0	0	85	34.0
A_PB1	2026	78	A	0	0	78	37.8
A_PB1	2027	84	A	0	0	84	36.0
A_PB1	2028	84	T	0	0	84	37.9
A_PB1	2029	83	A	0	0	83	36.9
A_PB1	2030	80	C	0	0	80	34.8
A_PB1	2031	73	A	0	0	73	37.4
A_PB1	2032	85	A	0	0	85	35.4
A_PB1	2033	87	G	0	0	87	35.0
A_PB1	2034	79	C	0	0	79	34.8
A_PB1	2035	83	C	0	0	83	37.4
A_PB1	2036	79	A	0	0	79	35.5
A_PB1	2037	85	A	0	0	85	34.8
A_PB1	2038	84	A	0	0	84	36.5
A_PB1	2039	91	G	0	0	91	37.5
A_PB1	2040	80	G	0	0	80	36.8
A_PB1	2041	80	G	0	0	80	35.7
A_PB1	2042	79	G	0	0	79	34.4
A_PB1	2043	83	A	0	0	83	35.7
A_PB1	2044	76	A	0	0	76	37.6
A_PB1	2045	72	T	0	0	72	34.4
A_PB1	2046	71	C	0	0	71	37.6
A_PB1	2047	79	C	0	0	79	36.2
A_PB1	2048	71	T	0	0	71	34.2
A_PB1	2049	77	T	0	0	77	37.3
A_PB1	2050	71	G	0	0	71	37.1
A_PB1	2051	79	A	0	0	79	35.9
A_PB1	2052	82	A	0	0	82	34.2
A_PB1	2053	74	G	0	0	74	34.6
A_PB1	2054	76	A	0	0	76	34.9
A_PB1	2055	67	C	0	0	67	35.1
A_PB1	2056	78	G	0	0	78	37.4
A_PB1	2057	81	A	0	0	81	35.2
A_PB1	2058	75	A	0	0	75	36.6
A_PB1	2059	81	C	0	0	81	34.3
A_PB1	2060	74	A	0	0	74	35.9
A_PB1	2061	72	G	0	0	72	37.5
A_PB1	2062	71	A	0	0	71	36.3
A_PB1	2063	78	T	0	0	78	37.9
A_PB1	2064	84	G	0	0	84	35.1
A_PB1	2065	73	T	0	0	73	34.6
A_PB1	2066	73	A	0	0	73	36.1
A_PB1	2067	81	T	0	0	81	34.1
A_PB1	2068	76	C	0	0	76	36.8
A_PB1	2069	80	A	0	0	80	37.0
A_PB1	2070	75	A	0	0	75	38.0
A_PB1	2071	79	A	0	0	79	36.1
A_PB1	2072	75	A	0	0	75	34.8
A_PB1	2073	78	G	0	0	78	35.3
A_PB1	2074	69	T	0	0	69	35.2
A_PB1	2075	77	G	0	0	77	35.9
A_PB1	2076	71	C	0	0	71	37.0
A_PB1	2077	69	T	0	0	69	37.6
A_PB1	2078	79	G	0	0	79	37.3
A_PB1	2079	78	C	0	0	78	35.3
A_PB1	2080	79	A	0	0	79	36.8
A_PB1	2081	74	A	0	0	74	36.6
A_PB1	2082	76	C	0	0	76	35.2
A_PB1	2083	72	C	0	0	72	35.6
A_PB1	2084	76	T	0	0	76	36.8
A_PB1	2085	82	G	0	0	82	35.0
A_PB1	2086	77	T	0	0	77	36.6
A_PB1	2087	81	T	0	0	81	37.8
A_PB1	2088	76	C	0	0	76	36.8
A_PB1	2089	71	G	0	0	71	36.5
A_PB1	2090	75	A	0	0	75	37.4
A_PB1	2091	76	A	0	0	76	35.5
A_PB1	2092	77	A	0	0	77	36.7
A_PB1	2093	75	A	0	0	75	37.0
A_PB1	2094	78	A	0	0	78	35.8
A_PB1	2095	75	T	0	0	75	35.5
A_PB1	2096	72	T	0	0	72	36.4
A_PB1	2097	77	C	0	0	77	35.4
A_PB1	2098	80	T	0	0	80	35.7
A_PB1	2099	71	T	0	0	71	36.5
A_PB1	2100	83	C	0	0	83	35.6
A_PB1	2101	82	C	0	0	82	35.1
A_PB1	2102	82	C	0	0	82	34.4
A_PB1	2103	84	T	0	0	84	35.6
A_PB1	2104	73	A	0	0	73	36.3
A_PB1	2105	71	G	0	0	71	34.3
A_PB1	2106	86	C	0	0	86	34.3
A_PB1	2107	79	A	0	0	79	34.5
A_PB1	2108	81	G	0	0	81	35.0
A_PB1	2109	72	T	0	0	72	35.8
A_PB1	2110	78	T	0	0	78	35.0
A_PB1	2111	74	C	0	0	74	35.9
A_PB1	2112	74	A	0	0	74	34.4
A_PB1	2113	76	T	0	0	76	35.3
A_PB1	2114	77	A	0	0	77	37.2
A_PB1	2115	74	C	0	0	74	37.9
A_PB1	2116	79	A	0	0	79	34.0
A_PB1	2117	77	G	0	0	77	34.8
A_PB1	2118	77	G	0	0	77	37.2
A_PB1	2119	81	A	0	0	81	35.7
A_PB1	2120	78	G	0	0	78	34.0
A_PB1	2121	72	G	0	0	72	35.4
A_PB1	2122	81	C	0	0	81	36.5
A_PB1	2123	86	C	0	0	86	37.3
A_PB1	2124	77	A	0	0	77	35.2
A_PB1	2125	78	G	0	0	78	37.4
A_PB1	2126	85	T	0	0	85	35.8
A_PB1	2127	69	T	0	0	69	37.0
A_PB1	2128	88	G	0	0	88	37.9
A_PB1	2129	81	G	0	0	81	35.8
A_PB1	2130	83	A	0	0	83	36.4
A_PB1	2131	71	A	0	0	71	35.0
A_PB1	2132	88	T	0	0	88	37.5
A_PB1	2133	78	T	0	0	78	34.5
A_PB1	2134	97	T	0	0	97	37.0
A_PB1	2135	85	C	0	0	85	36.2
A_PB1	2136	83	C	0	0	83	37.5
A_PB1	2137	79	A	0	0	79	37.7
A_PB1	2138	88	G	0	0	88	37.7
A_PB1	2139	88	C	0	0	88	36.6
A_PB1	2140	92	A	0	0	92	36.5
A_PB1	2141	78	T	0	0	78	34.0
A_PB1	2142	84	G	0	0	84	37.8
A_PB1	2143	81	G	0	0	81	34.7
A_PB1	2144	89	T	0	0	89	37.6
A_PB1	2145	82	G	0	0	82	37.4
A_PB1	2146	77	G	0	0	77	35.4
A_PB1	2147	88	A	0	0	88	35.0
A_PB1	2148	83	G	0	0	83	37.8
A_PB1	2149	76	G	0	0	76	35.0
A_PB1	2150	83	C	0	0	83	35.8
A_PB1	2151	81	C	0	0	81	34.3
A_PB1	2152	89	A	0	0	89	34.7
A_PB1	2153	76	T	0	0	76	35.8
A_PB1	2154	75	G	0	0	75	35.8
A_PB1	2155	89	G	0	0	89	34.5
A_PB1	2156	79	T	0	0	79	35.8
A_PB1	2157	79	T	0	0	79	37.3
A_PB1	2158	85	T	0	0	85	35.8
A_PB1	2159	74	C	0	0	74	35.2
A_PB1	2160	75	T	0	0	75	37.3
A_PB1	2161	78	A	0	0	78	38.0
A_PB1	2162	71	G	0	0	71	37.8
A_PB1	2163	71	G	0	0	71	36.0
A_PB1	2164	74	G	0	0	74	37.4
A_PB1	2165	66	C	0	0	66	35.8
A_PB1	2166	76	C	0	0	76	35.2
A_PB1	2167	72	C	0	0	72	36.5
A_PB1	2168	71	G	0	0	71	37.0
A_PB1	2169	82	A	0	0	82	35.3
A_PB1	2170	84	A	0	0	84	34.4
A_PB1	2171	69	T	0	0	69	34.2
A_PB1	2172	75	T	0	0	75	37.7
A_PB1	2173	63	G	0	0	63	34.2
A_PB1	2174	70	A	0	0	70	34.6
A_PB1	2175	73	C	0	0	73	34.2
A_PB1	2176	70	G	0	0	70	36.5
A_PB1	2177	64	C	0	0	64	37.5
A_PB1	2178	73	A	0	0	73	36.1
A_PB1	2179	64	C	0	0	64	34.3
A_PB1	2180	74	G	0	0	74	37.5
A_PB1	2181	64	A	0	0	64	37.0
A_PB1	2182	67	A	0	0	67	34.4
A_PB1	2183	73	T	0	0	73	34.6
A_PB1	2184	68	T	0	0	68	37.8
A_PB1	2185	66	G	0	0	66	35.0
A_PB1	2186	67	A	0	0	67	34.5
A_PB1	2187	71	C	0	0	71	34.4
A_PB1	2188	68	T	0	0	68	37.7
A_PB1	2189	62	T	0	0	62	37.5
A_PB1	2190	63	C	0	0	63	36.0
A_PB1	2191	58	G	0	0	58	37.5
A_PB1	2192	60	A	0	0	60	37.1
A_PB1	2193	59	A	0	0	59	37.9
A_PB1	2194	58	T	0	0	58	35.2
A_PB1	2195	59	C	0	0	59	34.8
A_PB1	2196	64	T	0	0	64	34.7
A_PB1	2197	58	G	0	0	58	34.0
A_PB1	2198	59	G	0	0	59	36.1
A_PB1	2199	58	A	0	0	58	34.6
A_PB1	2200	57	C	0	0	57	36.5
A_PB1	2201	61	G	0	0	61	35.0
A_PB1	2202	62	G	0	0	62	35.9
A_PB1	2203	55	A	0	0	55	35.8
A_PB1	2204	54	T	0	0	54	35.9
A_PB1	2205	63	T	0	0	63	36.9
A_PB1	2206	60	A	0	0	60	37.0
A_PB1	2207	60	A	0	0	60	36.4
A_PB1	2208	53	G	0	0	53	37.8
A_PB1	2209	52	A	0	0	52	36.4
A_PB1	2210	51	A	0	0	51	36.5
A_PB1	2211	51	G	0	0	51	34.1
A_PB1	2212	52	G	0	0	52	34.7
A_PB1	2213	49	A	0	0	49	35.4
A_PB1	2214	52	G	0	0	52	37.6
A_PB1	2215	51	G	0	0	51	35.9
A_PB1	2216	55	A	0	0	55	37.3
A_PB1	2217	44	G	0	0	44	36.4
A_PB1	2218	48	T	0	0	48	34.4
A_PB1	2219	46	T	0	0	46	35.1
A_PB1	2220	44	T	0	0	44	36.2
A_PB1	2221	49	G	0	0	49	35.7
A_PB1	2222	46	C	0	0	46	36.6
A_PB1	2223	43	T	0	0	43	34.4
A_PB1	2224	44	G	0	0	44	37.4
A_PB1	2225	45	A	0	0	45	34.4
A_PB1	2226	42	G	0	0	42	36.0
A_PB1	2227	42	A	0	0	42	37.5
A_PB1	2228	44	T	0	0	44	35.8
A_PB1	2229	39	C	0	0	39	35.3
A_PB1	2230	41	A	0	0	41	35.0
A_PB1	2231	41	T	0	0	41	36.8
A_PB1	2232	35	G	0	0	35	36.1
A_PB1	2233	36	A	0	0	36	36.5
A_PB1	2234	36	A	0	0	36	37.2
A_PB1	2235	36	G	0	0	36	36.5
A_PB1	2236	34	A	0	0	34	36.5
A_PB1	2237	33	T	0	0	33	36.4
A_PB1	2238	33	C	0	0	33	36.0
A_PB1	2239	31	T	0	0	31	36.6
A_PB1	2240	34	G	0	0	34	37.2
A_PB1	2241	29	T	0	0	29	34.1
A_PB1	2242	29	T	0	0	29	34.5
A_PB1	2243	27	C	0	0	27	35.2
A_PB1	2244	25	C	0	0	25	37.2
A_PB1	2245	27	A	0	0	27	34.2
A_PB1	2246	29	C	0	0	29	35.7
A_PB1	2247	23	C	0	0	23	34.4
A_PB1	2248	25	A	0	0	25	34.2
A_PB1	2249	24	T	0	0	24	35.4
A_PB1	2250	23	T	0	0	23	37.4
A_PB1	2251	19	G	0	0	19	34.3
A_PB1	2252	20	A	0	0	20	37.1
A_PB1	2253	18	A	0	0	18	36.4
A_PB1	2254	18	G	0	0	18	36.7
A_PB1	2255	20	A	0	0	20	35.4
A_PB1	2256	19	G	0	0	19	37.7
A_PB1	2257	18	C	0	0	18	34.9
A_PB1	2258	16	T	0	0	16	35.4
A_PB1	2259	15	C	0	0	15	37.5
A_PB1	2260	14	A	0	0	14	34.6
A_PB1	2261	14	G	0	0	14	34.8
A_PB1	2262	11	A	0	0	11	35.8
A_PB1	2263	11	C	0	0	11	37.4
A_PB1	2264	9	G	0	0	9	36.7
A_PB1	2265	9	G	0	0	9	37.0
A_PB1	2266	7	C	0	0	7	36.8
A_PB1	2267	6	A	0	0	6	35.3
A_PB1	2268	5	G	0	0	5	38.0
A_PB1	2269	5	A	0	0	5	34.9
A_PB1	2270	4	A	0	0	4	37.4
A_PB1	2271	3	A	0	0	3	34.0
A_PB1	2272	2	T	0	0	2	37.8
A_PB1	2273	1	A	0	0	1	35.2
A_PB1	2274	0	G	0	0	0	37.2
