Reference_Name	Position	Coverage Depth	Consensus	Deletions	Ambiguous	Consensus_Count	Consensus_Average_Quality
A_PB2	1	1	A	0	0	1	36.1
A_PB2	2	2	T	0	0	2	35.2
A_PB2	3	2	G	0	0	2	37.8
A_PB2	4	3	G	0	0	3	37.5
A_PB2	5	4	A	0	0	4	37.8
A_PB2	6	5	G	0	0	5	35.2
A_PB2	7	5	A	0	0	5	35.5
A_PB2	8	6	G	0	0	6	36.1
A_PB2	9	6	A	0	0	6	36.2
A_PB2	10	8	A	0	0	8	34.5
A_PB2	11	8	T	0	0	8	34.3
A_PB2	12	10	A	0	0	10	34.8
A_PB2	13	9	A	0	0	9	35.7
A_PB2	14	12	A	0	0	12	35.2
A_PB2	15	12	A	0	0	12	34.7
A_PB2	16	12	G	0	0	12	36.9
A_PB2	17	15	A	0	0	15	36.6
A_PB2	18	15	A	0	0	15	34.1
A_PB2	19	16	C	0	0	16	36.8
A_PB2	20	16	T	0	0	16	38.0
A_PB2	21	18	A	0	0	18	37.8
A_PB2	22	18	A	0	0	18	34.7
A_PB2	23	21	G	0	0	21	37.6
A_PB2	24	19	A	0	0	19	35.3
A_PB2	25	19	G	0	0	19	35.0
A_PB2	26	22	A	0	0	22	37.8
A_PB2	27	21	T	0	0	21	37.7
A_PB2	28	25	C	0	0	25	37.7
A_PB2	29	23	T	0	0	23	34.5
A_PB2	30	25	A	0	0	25	34.5
A_PB2	31	26	A	0	0	26	37.3
A_PB2	32	25	T	0	0	25	34.1
A_PB2	33	26	G	0	0	26	37.7
A_PB2	34	26	T	0	0	26	37.1
A_PB2	35	30	C	0	0	30	36.1
A_PB2	36	32	A	0	0	32	37.8
A_PB2	37	30	C	0	0	30	36.8
A_PB2	38	36	A	0	0	36	37.3
A_PB2	39	34	G	0	0	34	35.2
A_PB2	40	38	T	0	0	38	37.7
A_PB2	41	37	C	0	0	37	35.6
A_PB2	42	34	T	0	0	34	35.4
A_PB2	43	33	C	0	0	33	34.6
A_PB2	44	39	G	0	0	39	37.0
A_PB2	45	40	C	0	0	40	36.6
A_PB2	46	42	A	0	0	42	37.8
A_PB2	47	42	C	0	0	42	37.3
A_PB2	48	42	T	0	0	42	36.1
A_PB2	49	48	C	0	0	48	36.9
A_PB2	50	51	G	0	0	51	35.0
A_PB2	51	47	C	0	0	47	35.2
A_PB2	52	45	G	0	0	45	37.0
A_PB2	53	42	A	0	0	42	35.2
A_PB2	54	44	G	0	0	44	35.0
A_PB2	55	46	A	0	0	46	34.4
A_PB2	56	46	T	0	0	46	35.8
A_PB2	57	55	A	0	0	55	37.1
A_PB2	58	58	C	0	0	58	37.7
A_PB2	59	49	T	0	0	49	35.6
A_PB2	60	53	G	0	0	53	37.5
A_PB2	61	59	A	0	0	59	37.7
A_PB2	62	53	C	0	0	53	34.7
A_PB2	63	54	C	0	0	54	34.6
A_PB2	64	61	A	0	0	61	37.3
A_PB2	65	54	A	0	0	54	36.4
A_PB2	66	54	A	0	0	54	35.8
A_PB2	67	64	A	0	0	64	36.1
A_PB2	68	60	C	0	0	60	34.9
A_PB2	69	57	C	0	0	57	36.7
A_PB2	70	69	A	0	0	69	35.0
A_PB2	71	63	C	0	0	63	35.5
A_PB2	72	71	T	0	0	71	36.1
A_PB2	73	71	G	0	0	71	37.2
A_PB2	74	63	T	0	0	63	37.5
A_PB2	75	66	T	0	0	66	36.0
A_PB2	76	66	G	0	0	66	34.5
A_PB2	77	78	A	0	0	78	36.4
A_PB2	78	68	C	0	0	68	37.9
A_PB2	79	78	C	0	0	78	35.1
A_PB2	80	78	A	0	0	78	37.7
A_PB2	81	67	C	0	0	67	35.5
A_PB2	82	70	A	0	0	70	37.6
A_PB2	83	74	T	0	0	74	36.0
A_PB2	84	87	G	0	0	87	37.6
A_PB2	85	83	G	0	0	83	37.0
A_PB2	86	76	C	0	0	76	35.5
A_PB2	87	83	C	0	0	83	37.8
A_PB2	88	85	A	0	0	85	37.9
A_PB2	89	82	T	0	0	82	37.5
A_PB2	90	89	A	0	0	89	37.7
A_PB2	91	77	A	0	0	77	35.8
A_PB2	92	79	T	0	0	79	36.2
A_PB2	93	80	C	0	0	80	37.8
A_PB2	94	87	A	0	0	87	36.9
A_PB2	95	97	A	0	0	97	36.2
A_PB2	96	93	A	0	0	93	37.1
A_PB2	97	86	A	0	0	86	36.0
A_PB2	98	91	A	0	0	91	37.7
A_PB2	99	92	G	0	0	92	35.7
A_PB2	100	91	T	0	0	91	37.3
A_PB2	101	91	A	0	0	91	36.4
A_PB2	102	103	C	0	0	103	34.1
A_PB2	103	106	A	0	0	106	36.8
A_PB2	104	107	C	0	0	107	36.2
A_PB2	105	93	A	0	0	93	36.1
A_PB2	106	100	T	0	0	100	37.0
A_PB2	107	100	C	0	0	100	34.8
A_PB2	108	102	G	0	0	102	36.1
A_PB2	109	92	G	0	0	92	35.9
A_PB2	110	119	G	0	0	119	37.7
A_PB2	111	112	A	0	0	112	34.5
A_PB2	112	100	A	0	0	100	36.4
A_PB2	113	103	G	0	0	103	37.3
A_PB2	114	110	G	0	0	110	37.7
A_PB2	115	98	C	0	0	98	35.6
A_PB2	116	113	A	0	0	113	37.2
A_PB2	117	109	A	0	0	109	35.7
A_PB2	118	117	G	0	0	117	34.6
A_PB2	119	114	A	0	0	114	35.1
A_PB2	120	108	G	0	0	108	36.3
A_PB2	121	103	A	0	0	103	37.5
A_PB2	122	106	A	0	0	106	36.1
A_PB2	123	116	G	0	0	116	35.1
A_PB2	124	111	A	0	0	111	34.3
A_PB2	125	114	A	0	0	114	36.6
A_PB2	126	95	C	0	0	95	35.4
A_PB2	127	118	C	0	0	118	36.8
A_PB2	128	113	C	0	0	113	37.5
A_PB2	129	135	C	0	0	135	34.6
A_PB2	130	124	G	0	0	124	37.0
A_PB2	131	120	C	0	0	120	37.7
A_PB2	132	119	A	0	0	119	35.2
A_PB2	133	126	C	0	0	126	35.3
A_PB2	134	129	T	0	0	129	35.3
A_PB2	135	131	C	0	0	131	35.0
A_PB2	136	119	A	0	0	119	35.7
A_PB2	137	131	G	0	0	131	35.6
A_PB2	138	106	A	0	0	106	36.5
A_PB2	139	130	A	0	0	130	34.8
A_PB2	140	130	T	0	0	130	37.7
A_PB2	141	133	G	0	0	133	35.7
A_PB2	142	130	A	0	0	130	34.3
A_PB2	143	129	A	0	0	129	35.7
A_PB2	144	113	A	0	0	113	37.9
A_PB2	145	122	T	0	0	122	34.7
A_PB2	146	131	G	0	0	131	36.4
A_PB2	147	130	G	0	0	130	35.7
A_PB2	148	123	A	0	0	123	36.1
A_PB2	149	126	T	0	0	126	36.9
A_PB2	150	123	G	0	0	123	36.3
A_PB2	151	119	A	0	0	119	36.9
A_PB2	152	127	T	0	0	127	37.9
A_PB2	153	134	G	0	0	134	35.5
A_PB2	154	119	G	0	0	119	37.4
A_PB2	155	117	C	0	0	117	36.5
A_PB2	156	136	A	0	0	136	36.3
A_PB2	157	124	A	0	0	124	35.1
A_PB2	158	126	T	0	0	126	37.9
A_PB2	159	136	G	0	0	136	37.1
A_PB2	160	124	A	0	0	124	38.0
A_PB2	161	117	A	0	0	117	35.7
A_PB2	162	119	A	0	0	119	34.3
A_PB2	163	118	T	0	0	118	36.2
A_PB2	164	135	A	0	0	135	37.2
A_PB2	165	115	T	0	0	115	34.8
A_PB2	166	120	C	0	0	120	37.0
A_PB2	167	115	C	0	0	115	36.2
A_PB2	168	123	A	0	0	123	34.0
A_PB2	169	117	A	0	0	117	36.4
A_PB2	170	120	T	0	0	120	36.6
A_PB2	171	124	T	0	0	124	36.0
A_PB2	172	121	A	0	0	121	36.7
A_PB2	173	115	C	0	0	115	36.4
A_PB2	174	126	A	0	0	126	34.2
A_PB2	175	113	G	0	0	113	37.9
A_PB2	176	117	C	0	0	117	36.7
A_PB2	177	128	A	0	0	128	35.9
A_PB2	178	128	G	0	0	128	36.9
A_PB2	179	123	A	0	0	123	34.7
A_PB2	180	125	T	0	0	125	36.6
A_PB2	181	114	A	0	0	114	35.0
A_PB2	182	127	A	0	0	127	37.9
A_PB2	183	112	G	0	0	112	36.6
A_PB2	184	113	C	0	0	113	37.5
A_PB2	185	116	G	0	0	116	34.8
A_PB2	186	123	A	0	0	123	36.7
A_PB2	187	111	A	0	0	111	36.8
A_PB2	188	126	T	0	0	126	34.8
A_PB2	189	111	A	0	0	111	36.1
A_PB2	190	119	A	0	0	119	36.5
A_PB2	191	123	T	0	0	123	34.7
A_PB2	192	134	G	0	0	134	34.9
A_PB2	193	124	G	0	0	124	37.9
A_PB2	194	127	A	0	0	127	34.6
A_PB2	195	122	A	0	0	122	37.5
A_PB2	196	110	A	0	0	110	36.1
A_PB2	197	129	T	0	0	129	36.7
A_PB2	198	120	G	0	0	120	36.4
A_PB2	199	124	A	0	0	124	35.7
A_PB2	200	129	T	0	0	129	37.7
A_PB2	201	116	C	0	0	116	35.2
A_PB2	202	122	C	0	0	122	37.7
A_PB2	203	139	C	0	0	139	34.5
A_PB2	204	115	T	0	0	115	37.0
A_PB2	205	120	G	0	0	120	37.6
A_PB2	206	116	A	0	0	116	36.1
A_PB2	207	116	G	0	0	116	35.8
A_PB2	208	118	A	0	0	118	35.8
A_PB2	209	127	G	0	0	127	34.0
A_PB2	210	120	G	0	0	120	36.2
A_PB2	211	119	A	0	0	119	34.2
A_PB2	212	121	A	0	0	121	35.0
A_PB2	213	126	T	0	0	126	34.3
A_PB2	214	113	G	0	0	113	34.5
A_PB2	215	139	A	0	0	139	37.6
A_PB2	216	117	A	0	0	117	37.3
A_PB2	217	114	C	0	0	114	34.0
A_PB2	218	121	A	0	0	121	35.4
A_PB2	219	122	A	0	0	122	36.5
A_PB2	220	137	G	0	0	137	36.2
A_PB2	221	128	G	0	0	128	37.9
A_PB2	222	106	G	0	0	106	34.9
A_PB2	223	133	C	0	0	133	37.4
A_PB2	224	122	A	0	0	122	34.7
A_PB2	225	122	A	0	0	122	37.9
A_PB2	226	111	A	0	0	111	37.4
A_PB2	227	122	C	0	0	122	37.0
A_PB2	228	131	T	0	0	131	34.6
A_PB2	229	124	C	0	0	124	37.7
A_PB2	230	126	T	0	0	126	36.0
A_PB2	231	115	C	0	0	115	36.6
A_PB2	232	124	T	0	0	124	34.2
A_PB2	233	131	G	0	0	131	36.6
A_PB2	234	125	G	0	0	125	34.8
A_PB2	235	123	A	0	0	123	37.7
A_PB2	236	122	G	0	0	122	34.7
A_PB2	237	130	C	0	0	130	35.1
A_PB2	238	132	A	0	0	132	36.1
A_PB2	239	131	A	0	0	131	36.3
A_PB2	240	131	A	0	0	131	36.6
A_PB2	241	123	A	0	0	123	37.7
A_PB2	242	139	C	0	0	139	35.4
A_PB2	243	138	A	0	0	138	37.0
A_PB2	244	116	A	0	0	116	34.2
A_PB2	245	130	A	0	0	130	36.5
A_PB2	246	128	C	0	0	128	35.4
A_PB2	247	140	G	0	0	140	36.7
A_PB2	248	127	A	0	0	127	34.2
A_PB2	249	119	T	0	0	119	36.6
A_PB2	250	148	G	0	0	148	35.0
A_PB2	251	136	C	0	0	136	37.2
A_PB2	252	118	C	0	0	118	34.1
A_PB2	253	128	G	0	0	128	36.1
A_PB2	254	132	G	0	0	132	35.0
A_PB2	255	122	A	0	0	122	37.7
A_PB2	256	122	T	0	0	122	36.1
A_PB2	257	142	C	0	0	142	35.0
A_PB2	258	133	A	0	0	133	34.3
A_PB2	259	132	G	0	0	132	37.1
A_PB2	260	135	A	0	0	135	34.9
A_PB2	261	136	C	0	0	136	35.0
A_PB2	262	140	C	0	0	140	36.8
A_PB2	263	150	G	0	0	150	36.8
A_PB2	264	138	A	0	0	138	34.4
A_PB2	265	139	G	0	0	139	36.8
A_PB2	266	128	T	0	0	128	37.2
A_PB2	267	140	G	0	0	140	37.1
A_PB2	268	130	A	0	0	130	37.0
A_PB2	269	125	T	0	0	125	36.8
A_PB2	270	148	G	0	0	148	37.4
A_PB2	271	131	G	0	0	131	37.2
A_PB2	272	139	T	0	0	139	37.8
A_PB2	273	135	A	0	0	135	34.2
A_PB2	274	151	T	0	0	151	37.5
A_PB2	275	130	C	0	0	130	37.9
A_PB2	276	147	A	0	0	147	35.7
A_PB2	277	142	C	0	0	142	36.7
A_PB2	278	139	C	0	0	139	34.1
A_PB2	279	136	C	0	0	136	34.8
A_PB2	280	144	C	0	0	144	35.9
A_PB2	281	139	T	0	0	139	37.3
A_PB2	282	130	G	0	0	130	37.6
A_PB2	283	160	G	0	0	160	36.3
A_PB2	284	137	C	0	0	137	37.2
A_PB2	285	128	T	0	0	128	36.2
A_PB2	286	134	G	0	0	134	37.1
A_PB2	287	138	T	0	0	138	36.4
A_PB2	288	131	G	0	0	131	37.1
A_PB2	289	137	A	0	0	137	37.7
A_PB2	290	134	C	0	0	134	34.3
A_PB2	291	133	A	0	0	133	37.8
A_PB2	292	151	T	0	0	151	36.8
A_PB2	293	139	G	0	0	139	34.5
A_PB2	294	150	G	0	0	150	34.1
A_PB2	295	148	T	0	0	148	34.6
A_PB2	296	149	G	0	0	149	35.2
A_PB2	297	158	G	0	0	158	36.4
A_PB2	298	152	A	0	0	152	37.5
A_PB2	299	155	A	0	0	155	36.5
A_PB2	300	138	C	0	0	138	37.5
A_PB2	301	151	A	0	0	151	34.1
A_PB2	302	156	G	0	0	156	35.1
A_PB2	303	162	G	0	0	162	37.5
A_PB2	304	171	A	0	0	171	36.9
A_PB2	305	139	A	0	0	139	36.4
A_PB2	306	150	C	0	0	150	38.0
A_PB2	307	141	G	0	0	141	34.7
A_PB2	308	151	G	0	0	151	37.0
A_PB2	309	141	A	0	0	141	38.0
A_PB2	310	146	C	0	0	146	34.6
A_PB2	311	143	C	0	0	143	36.3
A_PB2	312	151	A	0	0	151	37.8
A_PB2	313	158	A	0	0	158	34.3
A_PB2	314	155	C	0	0	155	36.5
A_PB2	315	143	A	0	0	143	37.8
A_PB2	316	147	A	0	0	147	36.3
A_PB2	317	153	C	0	0	153	35.5
A_PB2	318	159	A	0	0	159	35.8
A_PB2	319	149	A	0	0	149	34.3
A_PB2	320	163	G	0	0	163	34.7
A_PB2	321	156	T	0	0	156	35.8
A_PB2	322	152	A	0	0	152	37.4
A_PB2	323	147	C	0	0	147	35.7
A_PB2	324	153	A	0	0	153	37.1
A_PB2	325	160	G	0	0	160	36.1
A_PB2	326	152	T	0	0	152	35.8
A_PB2	327	159	C	0	0	159	37.2
A_PB2	328	162	C	0	0	162	34.3
A_PB2	329	159	A	0	0	159	34.8
A_PB2	330	143	C	0	0	143	37.8
A_PB2	331	164	T	0	0	164	34.7
A_PB2	332	172	A	0	0	172	36.1
A_PB2	333	152	C	0	0	152	35.4
A_PB2	334	158	C	0	0	158	37.3
A_PB2	335	152	C	0	0	152	34.7
A_PB2	336	159	A	0	0	159	36.9
A_PB2	337	173	A	0	0	173	34.2
A_PB2	338	159	A	0	0	159	37.5
A_PB2	339	176	G	0	0	176	34.7
A_PB2	340	162	G	0	0	162	36.2
A_PB2	341	165	T	0	0	165	34.6
A_PB2	342	162	A	0	0	162	36.5
A_PB2	343	162	T	0	0	162	35.3
A_PB2	344	169	A	0	0	169	35.0
A_PB2	345	157	T	0	0	157	37.4
A_PB2	346	154	A	0	0	154	37.4
A_PB2	347	161	A	0	0	161	36.2
A_PB2	348	160	A	0	0	160	37.3
A_PB2	349	161	A	0	0	161	34.9
A_PB2	350	160	C	0	0	160	36.7
A_PB2	351	181	T	0	0	181	37.6
A_PB2	352	169	T	0	0	169	34.3
A_PB2	353	165	A	0	0	165	34.9
A_PB2	354	190	T	0	0	190	35.0
A_PB2	355	165	T	0	0	165	36.4
A_PB2	356	166	T	0	0	166	36.9
A_PB2	357	152	C	0	0	152	36.7
A_PB2	358	167	G	0	0	167	36.7
A_PB2	359	160	A	0	0	160	37.1
A_PB2	360	154	A	0	0	154	36.4
A_PB2	361	173	A	0	0	173	35.1
A_PB2	362	146	A	0	0	146	34.1
A_PB2	363	168	A	0	0	168	34.9
A_PB2	364	159	G	0	0	159	37.5
A_PB2	365	165	T	0	0	165	35.0
A_PB2	366	166	T	0	0	166	35.1
A_PB2	367	153	G	0	0	153	37.9
A_PB2	368	163	A	0	0	163	36.7
A_PB2	369	144	A	0	0	144	35.5
A_PB2	370	174	A	0	0	174	36.5
A_PB2	371	196	G	0	0	196	37.0
A_PB2	372	166	G	0	0	166	37.0
A_PB2	373	167	T	0	0	167	36.6
A_PB2	374	171	T	0	0	171	34.5
A_PB2	375	157	G	0	0	157	35.5
A_PB2	376	164	A	0	0	164	35.7
A_PB2	377	157	A	0	0	157	36.9
A_PB2	378	163	A	0	0	163	36.8
A_PB2	379	179	C	0	0	179	36.5
A_PB2	380	165	A	0	0	165	37.5
A_PB2	381	176	C	0	0	176	36.3
A_PB2	382	157	G	0	0	157	34.2
A_PB2	383	171	G	0	0	171	35.7
A_PB2	384	166	G	0	0	166	34.5
A_PB2	385	173	A	0	0	173	34.7
A_PB2	386	178	C	0	0	178	37.5
A_PB2	387	156	C	0	0	156	34.1
A_PB2	388	166	T	0	0	166	37.6
A_PB2	389	176	T	0	0	176	36.0
A_PB2	390	160	T	0	0	160	36.0
A_PB2	391	186	G	0	0	186	34.8
A_PB2	392	167	G	0	0	167	36.4
A_PB2	393	163	C	0	0	163	37.3
A_PB2	394	167	C	0	0	167	35.9
A_PB2	395	163	C	0	0	163	34.9
A_PB2	396	165	T	0	0	165	35.6
A_PB2	397	176	G	0	0	176	35.0
A_PB2	398	165	T	0	0	165	36.3
A_PB2	399	170	G	0	0	170	37.5
A_PB2	400	164	C	0	0	164	37.8
A_PB2	401	176	A	0	0	176	36.5
A_PB2	402	169	C	0	0	169	35.2
A_PB2	403	186	T	0	0	186	34.1
A_PB2	404	166	T	0	0	166	37.3
A_PB2	405	154	C	0	0	154	36.5
A_PB2	406	165	A	0	0	165	37.8
A_PB2	407	164	G	0	0	164	34.6
A_PB2	408	160	A	0	0	160	35.3
A_PB2	409	154	A	0	0	154	37.1
A_PB2	410	178	A	0	0	178	35.2
A_PB2	411	170	C	0	0	170	35.9
A_PB2	412	166	C	0	0	166	37.4
A_PB2	413	169	A	0	0	169	34.3
A_PB2	414	157	A	0	0	157	37.8
A_PB2	415	158	G	0	0	158	35.2
A_PB2	416	165	T	0	0	165	35.2
A_PB2	417	158	T	0	0	158	34.9
A_PB2	418	166	A	0	0	166	34.1
A_PB2	419	148	A	0	0	148	36.7
A_PB2	420	181	G	0	0	181	35.3
A_PB2	421	178	A	0	0	178	37.6
A_PB2	422	173	T	0	0	173	35.2
A_PB2	423	159	A	0	0	159	36.5
A_PB2	424	154	A	0	0	154	35.3
A_PB2	425	169	G	0	0	169	35.2
A_PB2	426	170	A	0	0	170	37.5
A_PB2	427	173	C	0	0	173	35.9
A_PB2	428	178	G	0	0	178	37.8
A_PB2	429	161	G	0	0	161	35.1
A_PB2	430	164	A	0	0	164	37.9
A_PB2	431	168	G	0	0	168	35.5
A_PB2	432	160	G	0	0	160	35.7
A_PB2	433	167	G	0	0	167	37.1
A_PB2	434	174	T	0	0	174	37.0
A_PB2	435	157	C	0	0	157	35.0
A_PB2	436	170	G	0	0	170	35.9
A_PB2	437	154	A	0	0	154	35.4
A_PB2	438	167	T	0	0	167	36.4
A_PB2	439	147	A	0	0	147	36.7
A_PB2	440	168	T	0	0	168	35.3
A_PB2	441	167	A	0	0	167	35.8
A_PB2	442	150	A	0	0	150	36.7
A_PB2	443	167	A	0	0	167	36.8
A_PB2	444	157	C	0	0	157	37.7
A_PB2	445	173	C	0	0	173	35.9
A_PB2	446	145	C	0	0	145	37.9
A_PB2	447	154	G	0	0	154	36.2
A_PB2	448	159	G	0	0	159	34.6
A_PB2	449	152	G	0	0	152	34.5
A_PB2	450	147	C	0	0	147	36.0
A_PB2	451	147	C	0	0	147	35.6
A_PB2	452	142	A	0	0	142	36.1
A_PB2	453	141	T	0	0	141	36.0
A_PB2	454	157	G	0	0	157	34.1
A_PB2	455	148	C	0	0	148	35.6
A_PB2	456	132	T	0	0	132	34.8
A_PB2	457	154	G	0	0	154	37.3
A_PB2	458	143	A	0	0	143	37.3
A_PB2	459	147	C	0	0	147	35.6
A_PB2	460	145	C	0	0	145	37.4
A_PB2	461	174	T	0	0	174	36.3
A_PB2	462	134	C	0	0	134	35.6
A_PB2	463	161	A	0	0	161	35.5
A_PB2	464	156	G	0	0	156	37.2
A_PB2	465	149	T	0	0	149	35.1
A_PB2	466	159	G	0	0	159	37.8
A_PB2	467	147	C	0	0	147	37.6
A_PB2	468	141	C	0	0	141	34.7
A_PB2	469	138	A	0	0	138	36.6
A_PB2	470	138	A	0	0	138	36.8
A_PB2	471	142	A	0	0	142	37.0
A_PB2	472	133	G	0	0	133	35.1
A_PB2	473	144	A	0	0	144	36.8
A_PB2	474	144	G	0	0	144	38.0
A_PB2	475	140	G	0	0	140	36.5
A_PB2	476	135	C	0	0	135	37.4
A_PB2	477	131	G	0	0	131	34.6
A_PB2	478	139	C	0	0	139	34.0
A_PB2	479	150	A	0	0	150	37.2
A_PB2	480	135	G	0	0	135	37.7
A_PB2	481	143	G	0	0	143	35.9
A_PB2	482	146	A	0	0	146	35.0
A_PB2	483	130	T	0	0	130	34.9
A_PB2	484	147	G	0	0	147	37.7
A_PB2	485	150	T	0	0	150	35.9
A_PB2	486	122	A	0	0	122	34.2
A_PB2	487	117	A	0	0	117	35.3
A_PB2	488	132	T	0	0	132	36.0
A_PB2	489	132	C	0	0	132	35.9
A_PB2	490	136	A	0	0	136	36.0
A_PB2	491	143	T	0	0	143	35.1
A_PB2	492	144	G	0	0	144	34.0
A_PB2	493	133	G	0	0	133	35.0
A_PB2	494	130	A	0	0	130	35.8
A_PB2	495	131	A	0	0	131	34.1
A_PB2	496	139	G	0	0	139	35.0
A_PB2	497	122	T	0	0	122	37.4
A_PB2	498	137	C	0	0	137	34.6
A_PB2	499	114	G	0	0	114	35.4
A_PB2	500	122	T	0	0	122	34.4
A_PB2	501	128	C	0	0	128	35.0
A_PB2	502	120	T	0	0	120	37.0
A_PB2	503	117	T	0	0	117	37.9
A_PB2	504	123	C	0	0	123	36.6
A_PB2	505	125	C	0	0	125	36.4
A_PB2	506	111	C	0	0	111	36.6
A_PB2	507	131	A	0	0	131	35.0
A_PB2	508	130	A	0	0	130	35.1
A_PB2	509	124	A	0	0	124	34.0
A_PB2	510	116	T	0	0	116	34.8
A_PB2	511	122	G	0	0	122	35.4
A_PB2	512	117	A	0	0	117	35.9
A_PB2	513	122	A	0	0	122	36.6
A_PB2	514	107	G	0	0	107	36.5
A_PB2	515	118	T	0	0	118	36.7
A_PB2	516	105	G	0	0	105	36.5
A_PB2	517	117	G	0	0	117	35.6
A_PB2	518	123	G	0	0	123	34.5
A_PB2	519	112	A	0	0	112	34.6
A_PB2	520	122	G	0	0	122	34.2
A_PB2	521	109	C	0	0	109	36.1
A_PB2	522	129	A	0	0	129	34.0
A_PB2	523	111	A	0	0	111	37.2
A_PB2	524	100	G	0	0	100	37.6
A_PB2	525	118	G	0	0	118	36.8
A_PB2	526	115	A	0	0	115	37.6
A_PB2	527	108	T	0	0	108	37.9
A_PB2	528	104	A	0	0	104	35.7
A_PB2	529	107	T	0	0	107	37.6
A_PB2	530	114	T	0	0	114	37.8
A_PB2	531	110	G	0	0	110	37.7
A_PB2	532	99	A	0	0	99	34.1
A_PB2	533	126	C	0	0	126	35.0
A_PB2	534	123	G	0	0	123	37.5
A_PB2	535	111	T	0	0	111	36.3
A_PB2	536	109	C	0	0	109	34.0
A_PB2	537	102	G	0	0	102	35.7
A_PB2	538	107	G	0	0	107	36.4
A_PB2	539	92	A	0	0	92	34.7
A_PB2	540	105	G	0	0	105	34.7
A_PB2	541	108	T	0	0	108	36.9
A_PB2	542	116	C	0	0	116	35.7
A_PB2	543	103	A	0	0	103	35.1
A_PB2	544	114	C	0	0	114	36.5
A_PB2	545	112	A	0	0	112	34.8
A_PB2	546	100	A	0	0	100	36.2
A_PB2	547	99	C	0	0	99	34.9
A_PB2	548	105	T	0	0	105	35.6
A_PB2	549	96	G	0	0	96	35.2
A_PB2	550	104	A	0	0	104	36.4
A_PB2	551	116	C	0	0	116	34.1
A_PB2	552	99	G	0	0	99	36.8
A_PB2	553	107	A	0	0	107	35.9
A_PB2	554	111	T	0	0	111	34.4
A_PB2	555	100	A	0	0	100	34.2
A_PB2	556	105	A	0	0	105	37.6
A_PB2	557	94	C	0	0	94	36.0
A_PB2	558	87	A	0	0	87	37.7
A_PB2	559	98	A	0	0	98	35.6
A_PB2	560	108	A	0	0	108	37.1
A_PB2	561	108	G	0	0	108	37.7
A_PB2	562	103	G	0	0	103	35.6
A_PB2	563	106	A	0	0	106	36.4
A_PB2	564	105	G	0	0	105	37.1
A_PB2	565	114	A	0	0	114	36.5
A_PB2	566	105	A	0	0	105	36.4
A_PB2	567	111	A	0	0	111	34.9
A_PB2	568	113	A	0	0	113	35.5
A_PB2	569	90	A	0	0	90	35.7
A_PB2	570	87	G	0	0	87	37.4
A_PB2	571	110	G	0	0	110	36.6
A_PB2	572	108	A	0	0	108	35.8
A_PB2	573	111	A	0	0	111	37.6
A_PB2	574	98	G	0	0	98	35.4
A_PB2	575	92	A	0	0	92	37.3
A_PB2	576	96	A	0	0	96	36.5
A_PB2	577	103	C	0	0	103	35.2
A_PB2	578	94	T	0	0	94	34.4
A_PB2	579	96	C	0	0	96	34.9
A_PB2	580	100	C	0	0	100	35.3
A_PB2	581	98	A	0	0	98	35.3
A_PB2	582	97	G	0	0	97	37.5
A_PB2	583	107	G	0	0	107	34.3
A_PB2	584	105	A	0	0	105	35.0
A_PB2	585	85	C	0	0	85	35.6
A_PB2	586	98	T	0	0	98	36.5
A_PB2	587	95	G	0	0	95	34.6
A_PB2	588	93	C	0	0	93	37.0
A_PB2	589	93	A	0	0	93	36.0
A_PB2	590	95	A	0	0	95	36.7
A_PB2	591	96	A	0	0	96	34.2
A_PB2	592	101	A	0	0	101	36.6
A_PB2	593	111	T	0	0	111	37.3
A_PB2	594	100	C	0	0	100	35.6
A_PB2	595	94	G	0	0	94	34.9
A_PB2	596	94	C	0	0	94	35.6
A_PB2	597	94	T	0	0	94	34.9
A_PB2	598	103	C	0	0	103	34.2
A_PB2	599	96	C	0	0	96	34.0
A_PB2	600	86	T	0	0	86	36.8
A_PB2	601	100	C	0	0	100	34.2
A_PB2	602	102	T	0	0	102	37.4
A_PB2	603	104	G	0	0	104	36.4
A_PB2	604	104	A	0	0	104	36.4
A_PB2	605	97	T	0	0	97	35.0
A_PB2	606	104	G	0	0	104	36.8
A_PB2	607	91	G	0	0	91	34.9
A_PB2	608	98	T	0	0	98	35.5
A_PB2	609	101	T	0	0	101	37.5
A_PB2	610	104	G	0	0	104	37.9
A_PB2	611	88	C	0	0	88	34.9
A_PB2	612	97	A	0	0	97	37.3
A_PB2	613	102	T	0	0	102	34.6
A_PB2	614	110	A	0	0	110	36.8
A_PB2	615	110	C	0	0	110	38.0
A_PB2	616	106	A	0	0	106	36.7
A_PB2	617	84	T	0	0	84	35.6
A_PB2	618	110	G	0	0	110	36.8
A_PB2	619	103	C	0	0	103	37.9
A_PB2	620	95	T	0	0	95	35.5
A_PB2	621	99	A	0	0	99	35.4
A_PB2	622	105	G	0	0	105	37.9
A_PB2	623	97	A	0	0	97	34.7
A_PB2	624	92	A	0	0	92	34.9
A_PB2	625	105	A	0	0	105	34.3
A_PB2	626	104	G	0	0	104	35.1
A_PB2	627	113	A	0	0	113	37.5
A_PB2	628	99	G	0	0	99	36.4
A_PB2	629	105	A	0	0	105	36.3
A_PB2	630	105	G	0	0	105	37.3
A_PB2	631	105	T	0	0	105	37.3
A_PB2	632	95	T	0	0	95	35.4
A_PB2	633	100	G	0	0	100	37.6
A_PB2	634	113	G	0	0	113	34.0
A_PB2	635	96	T	0	0	96	35.4
A_PB2	636	112	T	0	0	112	35.8
A_PB2	637	99	C	0	0	99	34.2
A_PB2	638	119	G	0	0	119	35.2
A_PB2	639	104	C	0	0	104	36.9
A_PB2	640	105	A	0	0	105	36.9
A_PB2	641	105	A	0	0	105	35.5
A_PB2	642	97	G	0	0	97	35.5
A_PB2	643	100	A	0	0	100	35.3
A_PB2	644	100	C	0	0	100	36.7
A_PB2	645	104	G	0	0	104	37.4
A_PB2	646	102	A	0	0	102	34.6
A_PB2	647	100	G	0	0	100	35.2
A_PB2	648	107	G	0	0	107	35.7
A_PB2	649	102	T	0	0	102	35.0
A_PB2	650	109	T	0	0	109	35.7
A_PB2	651	113	T	0	0	113	37.7
A_PB2	652	111	C	0	0	111	34.8
A_PB2	653	96	T	0	0	96	35.4
A_PB2	654	101	C	0	0	101	35.6
A_PB2	655	109	C	0	0	109	36.9
A_PB2	656	116	C	0	0	116	35.9
A_PB2	657	115	A	0	0	115	36.6
A_PB2	658	115	G	0	0	115	38.0
A_PB2	659	106	T	0	0	106	35.6
A_PB2	660	111	T	0	0	111	34.2
A_PB2	661	113	G	0	0	113	37.7
A_PB2	662	95	C	0	0	95	36.4
A_PB2	663	119	T	0	0	119	36.8
A_PB2	664	109	G	0	0	109	37.1
A_PB2	665	104	G	0	0	104	36.0
A_PB2	666	102	T	0	0	102	37.3
A_PB2	667	115	G	0	0	115	34.2
A_PB2	668	109	G	0	0	109	37.1
A_PB2	669	112	G	0	0	112	34.5
A_PB2	670	107	A	0	0	107	34.9
A_PB2	671	115	C	0	0	115	35.4
A_PB2	672	110	A	0	0	110	35.5
A_PB2	673	112	A	0	0	112	34.1
A_PB2	674	106	G	0	0	106	37.3
A_PB2	675	114	C	0	0	114	35.8
A_PB2	676	116	A	0	0	116	36.4
A_PB2	677	115	G	0	0	115	37.9
A_PB2	678	118	T	0	0	118	37.1
A_PB2	679	106	G	0	0	106	35.3
A_PB2	680	115	T	0	0	115	37.5
A_PB2	681	108	C	0	0	108	34.5
A_PB2	682	107	T	0	0	107	35.2
A_PB2	683	116	A	0	0	116	35.7
A_PB2	684	127	C	0	0	127	35.9
A_PB2	685	123	A	0	0	123	36.4
A_PB2	686	119	T	0	0	119	36.2
A_PB2	687	118	T	0	0	118	37.7
A_PB2	688	100	G	0	0	100	36.9
A_PB2	689	123	A	0	0	123	36.2
A_PB2	690	110	G	0	0	110	35.1
A_PB2	691	119	G	0	0	119	34.1
A_PB2	692	115	T	0	0	115	36.3
A_PB2	693	112	G	0	0	112	37.5
A_PB2	694	105	C	0	0	105	37.5
A_PB2	695	115	T	0	0	115	34.5
A_PB2	696	127	G	0	0	127	37.6
A_PB2	697	112	C	0	0	112	34.6
A_PB2	698	116	A	0	0	116	36.9
A_PB2	699	112	T	0	0	112	35.5
A_PB2	700	117	T	0	0	117	35.0
A_PB2	701	118	T	0	0	118	34.5
A_PB2	702	120	G	0	0	120	35.3
A_PB2	703	109	A	0	0	109	37.2
A_PB2	704	121	C	0	0	121	37.5
A_PB2	705	105	C	0	0	105	35.1
A_PB2	706	121	C	0	0	121	36.8
A_PB2	707	107	A	0	0	107	34.1
A_PB2	708	125	G	0	0	125	37.7
A_PB2	709	113	G	0	0	113	36.8
A_PB2	710	115	G	0	0	115	34.5
A_PB2	711	112	G	0	0	112	37.3
A_PB2	712	112	A	0	0	112	35.1
A_PB2	713	114	C	0	0	114	36.6
A_PB2	714	106	A	0	0	106	37.3
A_PB2	715	105	T	0	0	105	35.9
A_PB2	716	129	G	0	0	129	37.0
A_PB2	717	107	C	0	0	107	37.9
A_PB2	718	118	T	0	0	118	37.7
A_PB2	719	118	G	0	0	118	35.0
A_PB2	720	137	G	0	0	137	37.2
A_PB2	721	117	G	0	0	117	36.8
A_PB2	722	134	A	0	0	134	34.1
A_PB2	723	108	G	0	0	108	35.5
A_PB2	724	125	C	0	0	125	35.0
A_PB2	725	120	A	0	0	120	37.1
A_PB2	726	107	G	0	0	107	36.8
A_PB2	727	112	A	0	0	112	35.6
A_PB2	728	114	T	0	0	114	35.3
A_PB2	729	121	G	0	0	121	37.2
A_PB2	730	110	T	0	0	110	36.3
A_PB2	731	116	A	0	0	116	36.8
A_PB2	732	118	C	0	0	118	36.8
A_PB2	733	112	A	0	0	112	37.3
A_PB2	734	126	C	0	0	126	35.3
A_PB2	735	125	T	0	0	125	37.7
A_PB2	736	100	C	0	0	100	37.4
A_PB2	737	117	C	0	0	117	38.0
A_PB2	738	109	G	0	0	109	35.4
A_PB2	739	105	G	0	0	105	34.7
A_PB2	740	129	G	0	0	129	35.3
A_PB2	741	114	A	0	0	114	35.6
A_PB2	742	99	G	0	0	99	35.8
A_PB2	743	115	G	0	0	115	35.8
A_PB2	744	120	A	0	0	120	35.4
A_PB2	745	113	G	0	0	113	38.0
A_PB2	746	110	A	0	0	110	35.6
A_PB2	747	111	A	0	0	111	37.1
A_PB2	748	106	G	0	0	106	36.9
A_PB2	749	110	T	0	0	110	35.0
A_PB2	750	112	G	0	0	112	36.8
A_PB2	751	117	A	0	0	117	35.8
A_PB2	752	112	G	0	0	112	37.1
A_PB2	753	112	G	0	0	112	36.9
A_PB2	754	115	A	0	0	115	36.4
A_PB2	755	114	A	0	0	114	36.3
A_PB2	756	104	C	0	0	104	37.4
A_PB2	757	126	G	0	0	126	36.8
A_PB2	758	114	A	0	0	114	35.2
A_PB2	759	125	T	0	0	125	36.1
A_PB2	760	112	G	0	0	112	36.1
A_PB2	761	116	A	0	0	116	34.4
A_PB2	762	132	T	0	0	132	37.5
A_PB2	763	106	G	0	0	106	36.9
A_PB2	764	101	T	0	0	101	34.1
A_PB2	765	119	A	0	0	119	37.3
A_PB2	766	107	G	0	0	107	35.9
A_PB2	767	114	A	0	0	114	36.7
A_PB2	768	104	C	0	0	104	35.0
A_PB2	769	101	C	0	0	101	35.9
A_PB2	770	101	A	0	0	101	34.6
A_PB2	771	111	A	0	0	111	34.5
A_PB2	772	102	A	0	0	102	36.1
A_PB2	773	106	G	0	0	106	37.9
A_PB2	774	123	C	0	0	123	34.8
A_PB2	775	114	T	0	0	114	35.4
A_PB2	776	101	T	0	0	101	34.3
A_PB2	777	108	G	0	0	108	37.3
A_PB2	778	115	A	0	0	115	36.2
A_PB2	779	107	T	0	0	107	34.4
A_PB2	780	101	C	0	0	101	36.6
A_PB2	781	107	A	0	0	107	36.3
A_PB2	782	104	T	0	0	104	37.9
A_PB2	783	119	T	0	0	119	35.1
A_PB2	784	103	G	0	0	103	35.0
A_PB2	785	99	C	0	0	99	34.6
A_PB2	786	111	T	0	0	111	34.4
A_PB2	787	115	G	0	0	115	37.9
A_PB2	788	94	C	0	0	94	36.9
A_PB2	789	109	C	0	0	109	36.1
A_PB2	790	114	A	0	0	114	37.3
A_PB2	791	109	G	0	0	109	35.5
A_PB2	792	106	G	0	0	106	35.7
A_PB2	793	108	A	0	0	108	35.8
A_PB2	794	98	A	0	0	98	35.3
A_PB2	795	112	T	0	0	112	37.3
A_PB2	796	102	A	0	0	102	34.5
A_PB2	797	105	T	0	0	105	34.3
A_PB2	798	106	A	0	0	106	36.7
A_PB2	799	99	G	0	0	99	34.2
A_PB2	800	99	T	0	0	99	36.2
A_PB2	801	95	A	0	0	95	35.2
A_PB2	802	103	A	0	0	103	34.1
A_PB2	803	104	G	0	0	104	36.8
A_PB2	804	105	A	0	0	105	37.5
A_PB2	805	104	A	0	0	104	35.8
A_PB2	806	109	G	0	0	109	36.0
A_PB2	807	90	A	0	0	90	35.4
A_PB2	808	94	G	0	0	94	34.8
A_PB2	809	104	C	0	0	104	34.2
A_PB2	810	108	A	0	0	108	36.3
A_PB2	811	99	A	0	0	99	35.9
A_PB2	812	88	C	0	0	88	35.6
A_PB2	813	110	A	0	0	110	37.3
A_PB2	814	96	G	0	0	96	37.4
A_PB2	815	109	T	0	0	109	36.5
A_PB2	816	108	A	0	0	108	34.1
A_PB2	817	110	T	0	0	110	35.2
A_PB2	818	98	C	0	0	98	37.3
A_PB2	819	112	A	0	0	112	37.6
A_PB2	820	101	G	0	0	101	36.1
A_PB2	821	103	C	0	0	103	34.3
A_PB2	822	106	A	0	0	106	34.8
A_PB2	823	99	G	0	0	99	35.0
A_PB2	824	95	A	0	0	95	36.3
A_PB2	825	95	T	0	0	95	36.9
A_PB2	826	91	C	0	0	91	36.3
A_PB2	827	103	C	0	0	103	37.6
A_PB2	828	101	A	0	0	101	34.5
A_PB2	829	94	T	0	0	94	36.6
A_PB2	830	97	T	0	0	97	34.2
A_PB2	831	96	A	0	0	96	36.9
A_PB2	832	97	G	0	0	97	37.4
A_PB2	833	95	C	0	0	95	36.9
A_PB2	834	101	A	0	0	101	34.9
A_PB2	835	105	T	0	0	105	35.0
A_PB2	836	105	C	0	0	105	37.8
A_PB2	837	93	T	0	0	93	34.0
A_PB2	838	94	C	0	0	94	36.3
A_PB2	839	98	T	0	0	98	34.2
A_PB2	840	98	A	0	0	98	34.4
A_PB2	841	102	T	0	0	102	36.3
A_PB2	842	93	T	0	0	93	37.4
A_PB2	843	101	G	0	0	101	34.1
A_PB2	844	98	G	0	0	98	37.3
A_PB2	845	87	A	0	0	87	36.6
A_PB2	846	96	G	0	0	96	35.3
A_PB2	847	96	A	0	0	96	36.0
A_PB2	848	88	T	0	0	88	37.0
A_PB2	849	96	G	0	0	96	34.7
A_PB2	850	97	T	0	0	97	35.9
A_PB2	851	92	G	0	0	92	35.5
A_PB2	852	112	T	0	0	112	36.5
A_PB2	853	95	C	0	0	95	35.8
A_PB2	854	104	A	0	0	104	37.6
A_PB2	855	89	C	0	0	89	37.2
A_PB2	856	90	A	0	0	90	37.0
A_PB2	857	90	G	0	0	90	37.0
A_PB2	858	89	C	0	0	89	35.0
A_PB2	859	101	A	0	0	101	37.0
A_PB2	860	93	C	0	0	93	36.8
A_PB2	861	101	A	0	0	101	36.1
A_PB2	862	97	C	0	0	97	36.6
A_PB2	863	82	A	0	0	82	37.3
A_PB2	864	104	A	0	0	104	37.4
A_PB2	865	92	A	0	0	92	36.8
A_PB2	866	94	T	0	0	94	35.5
A_PB2	867	93	T	0	0	93	37.0
A_PB2	868	106	G	0	0	106	34.0
A_PB2	869	107	G	0	0	107	35.7
A_PB2	870	96	G	0	0	96	34.8
A_PB2	871	108	G	0	0	108	36.5
A_PB2	872	96	G	0	0	96	36.7
A_PB2	873	102	A	0	0	102	34.1
A_PB2	874	98	A	0	0	98	37.2
A_PB2	875	95	T	0	0	95	37.8
A_PB2	876	99	A	0	0	99	37.7
A_PB2	877	94	A	0	0	94	37.0
A_PB2	878	107	G	0	0	107	37.6
A_PB2	879	98	G	0	0	98	34.5
A_PB2	880	107	A	0	0	107	36.1
A_PB2	881	113	T	0	0	113	36.2
A_PB2	882	100	G	0	0	100	34.5
A_PB2	883	109	G	0	0	109	35.9
A_PB2	884	97	T	0	0	97	34.6
A_PB2	885	98	A	0	0	98	36.3
A_PB2	886	101	G	0	0	101	35.6
A_PB2	887	110	A	0	0	110	36.5
A_PB2	888	104	C	0	0	104	34.5
A_PB2	889	114	A	0	0	114	36.0
A_PB2	890	108	T	0	0	108	34.4
A_PB2	891	98	C	0	0	98	35.7
A_PB2	892	104	C	0	0	104	37.3
A_PB2	893	101	T	0	0	101	34.9
A_PB2	894	101	T	0	0	101	35.1
A_PB2	895	120	C	0	0	120	36.1
A_PB2	896	99	G	0	0	99	37.9
A_PB2	897	93	G	0	0	93	35.5
A_PB2	898	109	C	0	0	109	36.8
A_PB2	899	102	A	0	0	102	34.5
A_PB2	900	113	A	0	0	113	34.1
A_PB2	901	101	A	0	0	101	36.7
A_PB2	902	108	A	0	0	108	34.9
A_PB2	903	114	T	0	0	114	34.2
A_PB2	904	114	C	0	0	114	35.1
A_PB2	905	106	C	0	0	106	34.3
A_PB2	906	108	A	0	0	108	34.4
A_PB2	907	105	A	0	0	105	36.0
A_PB2	908	114	C	0	0	114	35.4
A_PB2	909	114	A	0	0	114	37.8
A_PB2	910	105	G	0	0	105	36.6
A_PB2	911	107	A	0	0	107	34.7
A_PB2	912	105	G	0	0	105	34.4
A_PB2	913	123	G	0	0	123	35.4
A_PB2	914	107	A	0	0	107	36.6
A_PB2	915	119	A	0	0	119	34.2
A_PB2	916	123	C	0	0	123	37.9
A_PB2	917	113	A	0	0	113	37.5
A_PB2	918	113	A	0	0	113	34.0
A_PB2	919	124	G	0	0	124	36.4
A_PB2	920	113	C	0	0	113	34.6
A_PB2	921	124	C	0	0	124	35.8
A_PB2	922	116	G	0	0	116	34.5
A_PB2	923	109	T	0	0	109	36.4
A_PB2	924	122	G	0	0	122	36.3
A_PB2	925	121	G	0	0	121	35.9
A_PB2	926	114	A	0	0	114	38.0
A_PB2	927	119	T	0	0	119	35.8
A_PB2	928	127	A	0	0	127	36.5
A_PB2	929	120	T	0	0	120	35.3
A_PB2	930	118	A	0	0	118	37.1
A_PB2	931	111	T	0	0	111	37.6
A_PB2	932	114	G	0	0	114	37.1
A_PB2	933	118	C	0	0	118	37.0
A_PB2	934	120	A	0	0	120	37.7
A_PB2	935	122	A	0	0	122	37.1
A_PB2	936	118	G	0	0	118	34.5
A_PB2	937	129	G	0	0	129	34.6
A_PB2	938	117	C	0	0	117	37.9
A_PB2	939	118	A	0	0	118	37.0
A_PB2	940	113	G	0	0	113	34.4
A_PB2	941	117	C	0	0	117	34.8
A_PB2	942	136	A	0	0	136	36.8
A_PB2	943	108	A	0	0	108	36.7
A_PB2	944	130	T	0	0	130	35.2
A_PB2	945	130	G	0	0	130	34.9
A_PB2	946	132	G	0	0	132	37.6
A_PB2	947	120	G	0	0	120	36.7
A_PB2	948	135	C	0	0	135	36.7
A_PB2	949	119	T	0	0	119	36.7
A_PB2	950	128	T	0	0	128	35.0
A_PB2	951	133	G	0	0	133	37.5
A_PB2	952	134	A	0	0	134	36.7
A_PB2	953	127	G	0	0	127	34.5
A_PB2	954	116	G	0	0	116	37.2
A_PB2	955	122	A	0	0	122	36.7
A_PB2	956	140	T	0	0	140	35.6
A_PB2	957	153	T	0	0	153	34.9
A_PB2	958	136	A	0	0	136	37.7
A_PB2	959	129	G	0	0	129	34.8
A_PB2	960	119	C	0	0	119	34.5
A_PB2	961	140	T	0	0	140	35.8
A_PB2	962	124	C	0	0	124	37.1
A_PB2	963	137	A	0	0	137	34.5
A_PB2	964	133	T	0	0	133	36.3
A_PB2	965	130	C	0	0	130	37.0
A_PB2	966	146	T	0	0	146	35.5
A_PB2	967	120	T	0	0	120	34.8
A_PB2	968	124	T	0	0	124	36.3
A_PB2	969	133	C	0	0	133	35.5
A_PB2	970	135	A	0	0	135	34.9
A_PB2	971	141	G	0	0	141	36.6
A_PB2	972	139	C	0	0	139	35.5
A_PB2	973	152	T	0	0	152	35.5
A_PB2	974	143	T	0	0	143	35.0
A_PB2	975	143	T	0	0	143	34.4
A_PB2	976	147	G	0	0	147	35.6
A_PB2	977	142	G	0	0	142	35.4
A_PB2	978	140	T	0	0	140	34.4
A_PB2	979	135	G	0	0	135	36.4
A_PB2	980	142	G	0	0	142	34.9
A_PB2	981	148	A	0	0	148	37.9
A_PB2	982	142	T	0	0	142	35.6
A_PB2	983	140	T	0	0	140	37.3
A_PB2	984	151	C	0	0	151	35.0
A_PB2	985	157	A	0	0	157	36.8
A_PB2	986	157	C	0	0	157	37.3
A_PB2	987	145	T	0	0	145	37.6
A_PB2	988	135	T	0	0	135	34.7
A_PB2	989	152	T	0	0	152	36.3
A_PB2	990	142	T	0	0	142	34.3
A_PB2	991	143	A	0	0	143	36.0
A_PB2	992	151	A	0	0	151	34.2
A_PB2	993	145	A	0	0	145	35.8
A_PB2	994	157	A	0	0	157	37.4
A_PB2	995	142	G	0	0	142	34.8
A_PB2	996	147	A	0	0	147	35.6
A_PB2	997	163	A	0	0	163	34.1
A_PB2	998	147	C	0	0	147	35.1
A_PB2	999	159	A	0	0	159	35.0
A_PB2	1000	165	A	0	0	165	37.7
A_PB2	1001	158	G	0	0	158	36.8
A_PB2	1002	158	T	0	0	158	36.9
A_PB2	1003	134	G	0	0	134	35.1
A_PB2	1004	171	G	0	0	171	37.3
A_PB2	1005	146	A	0	0	146	36.5
A_PB2	1006	165	T	0	0	165	35.0
A_PB2	1007	145	C	0	0	145	37.3
A_PB2	1008	152	G	0	0	152	36.1
A_PB2	1009	169	T	0	0	169	35.6
A_PB2	1010	177	C	0	0	177	36.3
A_PB2	1011	156	A	0	0	156	34.7
A_PB2	1012	163	G	0	0	163	35.1
A_PB2	1013	148	T	0	0	148	34.1
A_PB2	1014	170	C	0	0	170	35.2
A_PB2	1015	160	A	0	0	160	35.2
A_PB2	1016	173	A	0	0	173	37.0
A_PB2	1017	165	A	0	0	165	35.3
A_PB2	1018	167	A	0	0	167	35.2
A_PB2	1019	152	A	0	0	152	36.8
A_PB2	1020	168	A	0	0	168	35.3
A_PB2	1021	186	G	0	0	186	37.9
A_PB2	1022	153	A	0	0	153	36.4
A_PB2	1023	163	A	0	0	163	34.2
A_PB2	1024	181	G	0	0	181	37.0
A_PB2	1025	166	A	0	0	166	36.1
A_PB2	1026	159	A	0	0	159	36.7
A_PB2	1027	154	G	0	0	154	34.5
A_PB2	1028	160	A	0	0	160	37.1
A_PB2	1029	159	A	0	0	159	34.2
A_PB2	1030	164	G	0	0	164	37.3
A_PB2	1031	173	T	0	0	173	35.1
A_PB2	1032	171	G	0	0	171	36.7
A_PB2	1033	161	C	0	0	161	34.3
A_PB2	1034	161	T	0	0	161	35.5
A_PB2	1035	159	A	0	0	159	36.3
A_PB2	1036	159	A	0	0	159	37.4
A_PB2	1037	171	C	0	0	171	35.3
A_PB2	1038	185	A	0	0	185	35.1
A_PB2	1039	156	G	0	0	156	35.5
A_PB2	1040	155	G	0	0	155	37.2
A_PB2	1041	150	C	0	0	150	35.8
A_PB2	1042	166	A	0	0	166	37.4
A_PB2	1043	159	A	0	0	159	35.3
A_PB2	1044	173	C	0	0	173	34.3
A_PB2	1045	158	C	0	0	158	34.7
A_PB2	1046	172	T	0	0	172	34.0
A_PB2	1047	184	T	0	0	184	34.6
A_PB2	1048	169	C	0	0	169	35.7
A_PB2	1049	164	A	0	0	164	35.6
A_PB2	1050	167	A	0	0	167	36.1
A_PB2	1051	185	A	0	0	185	34.4
A_PB2	1052	168	C	0	0	168	34.1
A_PB2	1053	170	A	0	0	170	37.6
A_PB2	1054	152	T	0	0	152	37.6
A_PB2	1055	180	T	0	0	180	36.0
A_PB2	1056	157	G	0	0	157	34.7
A_PB2	1057	157	A	0	0	157	36.4
A_PB2	1058	163	A	0	0	163	36.9
A_PB2	1059	166	A	0	0	166	36.4
A_PB2	1060	167	A	0	0	167	37.4
A_PB2	1061	168	T	0	0	168	35.1
A_PB2	1062	165	A	0	0	165	36.9
A_PB2	1063	172	A	0	0	172	37.6
A_PB2	1064	170	G	0	0	170	37.7
A_PB2	1065	170	A	0	0	170	36.7
A_PB2	1066	178	G	0	0	178	38.0
A_PB2	1067	157	T	0	0	157	36.8
A_PB2	1068	203	A	0	0	203	36.4
A_PB2	1069	146	C	0	0	146	35.3
A_PB2	1070	164	A	0	0	164	36.3
A_PB2	1071	179	T	0	0	179	37.1
A_PB2	1072	169	G	0	0	169	35.6
A_PB2	1073	165	A	0	0	165	36.4
A_PB2	1074	161	G	0	0	161	37.6
A_PB2	1075	182	G	0	0	182	36.7
A_PB2	1076	173	G	0	0	173	37.7
A_PB2	1077	159	G	0	0	159	35.1
A_PB2	1078	180	T	0	0	180	34.5
A_PB2	1079	196	A	0	0	196	37.1
A_PB2	1080	167	T	0	0	167	37.5
A_PB2	1081	165	G	0	0	165	36.6
A_PB2	1082	170	A	0	0	170	35.7
A_PB2	1083	163	A	0	0	163	35.6
A_PB2	1084	173	G	0	0	173	36.1
A_PB2	1085	173	A	0	0	173	37.6
A_PB2	1086	156	G	0	0	156	36.6
A_PB2	1087	170	T	0	0	170	36.6
A_PB2	1088	160	T	0	0	160	36.0
A_PB2	1089	163	C	0	0	163	34.6
A_PB2	1090	163	A	0	0	163	37.8
A_PB2	1091	154	C	0	0	154	36.0
A_PB2	1092	163	A	0	0	163	34.5
A_PB2	1093	156	A	0	0	156	35.7
A_PB2	1094	165	T	0	0	165	36.9
A_PB2	1095	165	G	0	0	165	36.5
A_PB2	1096	167	G	0	0	167	36.3
A_PB2	1097	166	T	0	0	166	34.5
A_PB2	1098	180	T	0	0	180	34.9
A_PB2	1099	161	G	0	0	161	35.1
A_PB2	1100	154	G	0	0	154	37.3
A_PB2	1101	189	G	0	0	189	34.5
A_PB2	1102	176	A	0	0	176	36.5
A_PB2	1103	154	G	0	0	154	36.5
A_PB2	1104	169	A	0	0	169	37.9
A_PB2	1105	165	A	0	0	165	36.0
A_PB2	1106	169	G	0	0	169	35.7
A_PB2	1107	152	A	0	0	152	34.8
A_PB2	1108	160	G	0	0	160	34.6
A_PB2	1109	142	C	0	0	142	34.1
A_PB2	1110	164	A	0	0	164	36.6
A_PB2	1111	167	A	0	0	167	35.6
A_PB2	1112	167	C	0	0	167	34.1
A_PB2	1113	150	G	0	0	150	34.6
A_PB2	1114	164	G	0	0	164	37.3
A_PB2	1115	152	C	0	0	152	35.3
A_PB2	1116	141	C	0	0	141	34.5
A_PB2	1117	163	A	0	0	163	34.0
A_PB2	1118	154	T	0	0	154	35.4
A_PB2	1119	154	T	0	0	154	35.9
A_PB2	1120	164	C	0	0	164	37.8
A_PB2	1121	155	T	0	0	155	34.1
A_PB2	1122	157	C	0	0	157	36.8
A_PB2	1123	162	A	0	0	162	36.3
A_PB2	1124	155	G	0	0	155	34.9
A_PB2	1125	157	G	0	0	157	36.8
A_PB2	1126	154	A	0	0	154	34.9
A_PB2	1127	156	A	0	0	156	37.7
A_PB2	1128	145	A	0	0	145	34.0
A_PB2	1129	167	G	0	0	167	36.1
A_PB2	1130	154	C	0	0	154	34.5
A_PB2	1131	133	A	0	0	133	38.0
A_PB2	1132	154	A	0	0	154	37.4
A_PB2	1133	156	C	0	0	156	34.8
A_PB2	1134	147	C	0	0	147	35.5
A_PB2	1135	153	A	0	0	153	35.2
A_PB2	1136	150	G	0	0	150	36.1
A_PB2	1137	148	A	0	0	148	34.4
A_PB2	1138	155	A	0	0	155	36.6
A_PB2	1139	155	G	0	0	155	35.9
A_PB2	1140	147	G	0	0	147	34.0
A_PB2	1141	132	C	0	0	132	35.7
A_PB2	1142	150	T	0	0	150	34.5
A_PB2	1143	146	G	0	0	146	36.9
A_PB2	1144	161	A	0	0	161	34.6
A_PB2	1145	147	T	0	0	147	36.0
A_PB2	1146	137	C	0	0	137	35.8
A_PB2	1147	138	C	0	0	138	36.6
A_PB2	1148	147	A	0	0	147	37.8
A_PB2	1149	145	G	0	0	145	34.8
A_PB2	1150	130	C	0	0	130	35.3
A_PB2	1151	150	T	0	0	150	35.1
A_PB2	1152	147	A	0	0	147	37.5
A_PB2	1153	149	A	0	0	149	36.2
A_PB2	1154	136	T	0	0	136	35.5
A_PB2	1155	145	A	0	0	145	37.4
A_PB2	1156	152	G	0	0	152	37.2
A_PB2	1157	141	T	0	0	141	36.8
A_PB2	1158	152	A	0	0	152	35.7
A_PB2	1159	135	A	0	0	135	36.8
A_PB2	1160	141	G	0	0	141	37.6
A_PB2	1161	130	T	0	0	130	36.3
A_PB2	1162	134	G	0	0	134	37.4
A_PB2	1163	140	G	0	0	140	34.3
A_PB2	1164	148	G	0	0	148	37.5
A_PB2	1165	146	A	0	0	146	36.2
A_PB2	1166	135	G	0	0	135	37.9
A_PB2	1167	152	A	0	0	152	34.7
A_PB2	1168	132	G	0	0	132	34.4
A_PB2	1169	129	A	0	0	129	35.1
A_PB2	1170	154	C	0	0	154	37.0
A_PB2	1171	144	G	0	0	144	37.7
A_PB2	1172	137	A	0	0	137	34.5
A_PB2	1173	129	G	0	0	129	35.0
A_PB2	1174	137	C	0	0	137	37.1
A_PB2	1175	134	A	0	0	134	37.1
A_PB2	1176	131	G	0	0	131	36.5
A_PB2	1177	139	T	0	0	139	35.5
A_PB2	1178	130	C	0	0	130	35.7
A_PB2	1179	148	A	0	0	148	34.1
A_PB2	1180	129	A	0	0	129	34.7
A_PB2	1181	140	T	0	0	140	37.0
A_PB2	1182	138	T	0	0	138	34.2
A_PB2	1183	143	G	0	0	143	35.4
A_PB2	1184	130	C	0	0	130	35.3
A_PB2	1185	140	T	0	0	140	35.0
A_PB2	1186	138	G	0	0	138	37.0
A_PB2	1187	123	A	0	0	123	35.6
A_PB2	1188	137	A	0	0	137	34.6
A_PB2	1189	116	G	0	0	116	37.8
A_PB2	1190	142	C	0	0	142	34.1
A_PB2	1191	129	A	0	0	129	36.7
A_PB2	1192	131	A	0	0	131	35.9
A_PB2	1193	125	T	0	0	125	36.7
A_PB2	1194	120	A	0	0	120	34.6
A_PB2	1195	145	A	0	0	145	35.3
A_PB2	1196	121	T	0	0	121	34.8
A_PB2	1197	128	T	0	0	128	37.1
A_PB2	1198	135	G	0	0	135	37.9
A_PB2	1199	125	T	0	0	125	35.6
A_PB2	1200	115	G	0	0	115	37.8
A_PB2	1201	116	G	0	0	116	35.9
A_PB2	1202	134	C	0	0	134	35.6
A_PB2	1203	128	C	0	0	128	37.5
A_PB2	1204	145	A	0	0	145	36.9
A_PB2	1205	128	T	0	0	128	35.9
A_PB2	1206	130	G	0	0	130	36.7
A_PB2	1207	137	G	0	0	137	36.1
A_PB2	1208	129	T	0	0	129	37.2
A_PB2	1209	132	A	0	0	132	35.5
A_PB2	1210	135	T	0	0	135	34.8
A_PB2	1211	118	T	0	0	118	37.6
A_PB2	1212	112	C	0	0	112	36.2
A_PB2	1213	126	T	0	0	126	34.4
A_PB2	1214	118	C	0	0	118	35.4
A_PB2	1215	115	A	0	0	115	37.8
A_PB2	1216	123	C	0	0	123	34.6
A_PB2	1217	124	A	0	0	124	35.3
A_PB2	1218	112	A	0	0	112	37.2
A_PB2	1219	123	G	0	0	123	34.0
A_PB2	1220	131	A	0	0	131	36.1
A_PB2	1221	125	G	0	0	125	36.3
A_PB2	1222	123	G	0	0	123	35.0
A_PB2	1223	135	A	0	0	135	34.1
A_PB2	1224	126	C	0	0	126	35.4
A_PB2	1225	132	T	0	0	132	36.3
A_PB2	1226	135	G	0	0	135	37.0
A_PB2	1227	118	C	0	0	118	36.6
A_PB2	1228	111	A	0	0	111	37.3
A_PB2	1229	134	T	0	0	134	35.4
A_PB2	1230	116	G	0	0	116	37.5
A_PB2	1231	128	A	0	0	128	36.9
A_PB2	1232	132	T	0	0	132	37.5
A_PB2	1233	115	T	0	0	115	35.3
A_PB2	1234	119	A	0	0	119	35.1
A_PB2	1235	124	A	0	0	124	34.9
A_PB2	1236	127	A	0	0	127	37.4
A_PB2	1237	127	G	0	0	127	35.8
A_PB2	1238	108	C	0	0	108	35.7
A_PB2	1239	112	A	0	0	112	35.0
A_PB2	1240	132	G	0	0	132	34.2
A_PB2	1241	131	T	0	0	131	37.1
A_PB2	1242	114	T	0	0	114	36.0
A_PB2	1243	118	A	0	0	118	34.5
A_PB2	1244	125	G	0	0	125	34.5
A_PB2	1245	122	A	0	0	122	36.6
A_PB2	1246	112	G	0	0	112	37.9
A_PB2	1247	129	G	0	0	129	34.5
A_PB2	1248	128	T	0	0	128	37.3
A_PB2	1249	115	G	0	0	115	35.1
A_PB2	1250	126	A	0	0	126	37.9
A_PB2	1251	112	C	0	0	112	36.7
A_PB2	1252	123	C	0	0	123	34.6
A_PB2	1253	117	T	0	0	117	34.2
A_PB2	1254	123	G	0	0	123	35.4
A_PB2	1255	109	A	0	0	109	34.0
A_PB2	1256	125	A	0	0	125	36.6
A_PB2	1257	121	T	0	0	121	35.1
A_PB2	1258	114	T	0	0	114	37.8
A_PB2	1259	119	T	0	0	119	34.7
A_PB2	1260	135	T	0	0	135	37.7
A_PB2	1261	116	G	0	0	116	34.4
A_PB2	1262	118	T	0	0	118	34.8
A_PB2	1263	118	C	0	0	118	34.2
A_PB2	1264	122	A	0	0	122	36.2
A_PB2	1265	135	A	0	0	135	34.2
A_PB2	1266	121	T	0	0	121	37.7
A_PB2	1267	111	A	0	0	111	36.4
A_PB2	1268	126	G	0	0	126	36.1
A_PB2	1269	121	G	0	0	121	34.4
A_PB2	1270	134	G	0	0	134	37.7
A_PB2	1271	124	C	0	0	124	35.7
A_PB2	1272	123	G	0	0	123	34.7
A_PB2	1273	126	A	0	0	126	37.4
A_PB2	1274	134	A	0	0	134	34.2
A_PB2	1275	118	C	0	0	118	36.4
A_PB2	1276	117	C	0	0	117	36.6
A_PB2	1277	122	A	0	0	122	37.7
A_PB2	1278	124	G	0	0	124	34.8
A_PB2	1279	122	C	0	0	122	35.8
A_PB2	1280	126	G	0	0	126	34.6
A_PB2	1281	120	A	0	0	120	35.4
A_PB2	1282	129	C	0	0	129	35.8
A_PB2	1283	132	T	0	0	132	35.7
A_PB2	1284	132	A	0	0	132	36.8
A_PB2	1285	126	A	0	0	126	36.2
A_PB2	1286	132	A	0	0	132	34.7
A_PB2	1287	126	C	0	0	126	35.7
A_PB2	1288	119	C	0	0	119	36.3
A_PB2	1289	126	C	0	0	126	36.7
A_PB2	1290	129	A	0	0	129	37.3
A_PB2	1291	114	A	0	0	114	36.6
A_PB2	1292	128	T	0	0	128	35.1
A_PB2	1293	135	G	0	0	135	34.8
A_PB2	1294	140	C	0	0	140	35.1
A_PB2	1295	139	A	0	0	139	37.4
A_PB2	1296	129	T	0	0	129	35.1
A_PB2	1297	115	C	0	0	115	34.7
A_PB2	1298	121	A	0	0	121	36.9
A_PB2	1299	127	A	0	0	127	35.2
A_PB2	1300	120	C	0	0	120	35.3
A_PB2	1301	118	T	0	0	118	37.0
A_PB2	1302	127	C	0	0	127	36.4
A_PB2	1303	138	T	0	0	138	35.9
A_PB2	1304	117	T	0	0	117	34.5
A_PB2	1305	124	G	0	0	124	37.1
A_PB2	1306	132	A	0	0	132	35.1
A_PB2	1307	127	G	0	0	127	37.9
A_PB2	1308	131	G	0	0	131	36.7
A_PB2	1309	127	C	0	0	127	36.8
A_PB2	1310	116	A	0	0	116	34.7
A_PB2	1311	132	T	0	0	132	38.0
A_PB2	1312	111	T	0	0	111	34.3
A_PB2	1313	124	T	0	0	124	35.4
A_PB2	1314	117	C	0	0	117	36.8
A_PB2	1315	112	C	0	0	112	36.0
A_PB2	1316	124	A	0	0	124	37.0
A_PB2	1317	118	A	0	0	118	37.1
A_PB2	1318	132	A	0	0	132	36.2
A_PB2	1319	132	A	0	0	132	37.9
A_PB2	1320	133	G	0	0	133	35.7
A_PB2	1321	123	G	0	0	123	34.8
A_PB2	1322	122	A	0	0	122	35.2
A_PB2	1323	136	T	0	0	136	35.3
A_PB2	1324	126	G	0	0	126	34.1
A_PB2	1325	132	C	0	0	132	37.2
A_PB2	1326	133	A	0	0	133	34.1
A_PB2	1327	140	A	0	0	140	37.2
A_PB2	1328	119	A	0	0	119	35.7
A_PB2	1329	128	G	0	0	128	34.2
A_PB2	1330	137	G	0	0	137	34.0
A_PB2	1331	124	T	0	0	124	37.9
A_PB2	1332	127	G	0	0	127	37.2
A_PB2	1333	121	C	0	0	121	35.8
A_PB2	1334	123	T	0	0	123	35.9
A_PB2	1335	140	T	0	0	140	35.7
A_PB2	1336	138	T	0	0	138	36.7
A_PB2	1337	121	T	0	0	121	34.8
A_PB2	1338	138	C	0	0	138	35.6
A_PB2	1339	132	C	0	0	132	36.1
A_PB2	1340	131	A	0	0	131	34.5
A_PB2	1341	140	A	0	0	140	34.1
A_PB2	1342	132	A	0	0	132	35.3
A_PB2	1343	118	A	0	0	118	37.2
A_PB2	1344	132	T	0	0	132	36.8
A_PB2	1345	122	T	0	0	122	34.8
A_PB2	1346	128	G	0	0	128	36.6
A_PB2	1347	149	G	0	0	149	34.8
A_PB2	1348	120	G	0	0	120	37.5
A_PB2	1349	116	G	0	0	116	35.7
A_PB2	1350	135	A	0	0	135	36.6
A_PB2	1351	127	A	0	0	127	36.1
A_PB2	1352	127	T	0	0	127	34.0
A_PB2	1353	119	T	0	0	119	36.2
A_PB2	1354	125	G	0	0	125	34.1
A_PB2	1355	125	A	0	0	125	36.1
A_PB2	1356	129	A	0	0	129	36.1
A_PB2	1357	131	C	0	0	131	36.8
A_PB2	1358	125	C	0	0	125	35.5
A_PB2	1359	121	C	0	0	121	37.7
A_PB2	1360	133	A	0	0	133	37.7
A_PB2	1361	135	T	0	0	135	34.5
A_PB2	1362	124	T	0	0	124	36.9
A_PB2	1363	125	G	0	0	125	38.0
A_PB2	1364	141	A	0	0	141	34.5
A_PB2	1365	121	C	0	0	121	36.2
A_PB2	1366	123	A	0	0	123	36.2
A_PB2	1367	125	A	0	0	125	37.7
A_PB2	1368	135	T	0	0	135	36.1
A_PB2	1369	131	G	0	0	131	36.4
A_PB2	1370	131	T	0	0	131	34.2
A_PB2	1371	119	G	0	0	119	35.0
A_PB2	1372	133	A	0	0	133	34.1
A_PB2	1373	133	T	0	0	133	35.7
A_PB2	1374	124	G	0	0	124	37.0
A_PB2	1375	131	G	0	0	131	35.7
A_PB2	1376	132	G	0	0	132	34.9
A_PB2	1377	122	A	0	0	122	37.5
A_PB2	1378	125	A	0	0	125	34.9
A_PB2	1379	121	T	0	0	121	34.4
A_PB2	1380	120	G	0	0	120	36.1
A_PB2	1381	108	A	0	0	108	36.2
A_PB2	1382	120	T	0	0	120	36.5
A_PB2	1383	121	C	0	0	121	36.9
A_PB2	1384	125	G	0	0	125	35.8
A_PB2	1385	120	G	0	0	120	37.4
A_PB2	1386	132	G	0	0	132	37.5
A_PB2	1387	127	G	0	0	127	35.1
A_PB2	1388	135	T	0	0	135	35.9
A_PB2	1389	128	A	0	0	128	36.0
A_PB2	1390	121	A	0	0	121	35.5
A_PB2	1391	112	T	0	0	112	37.8
A_PB2	1392	113	G	0	0	113	36.4
A_PB2	1393	122	C	0	0	122	34.6
A_PB2	1394	119	C	0	0	119	34.3
A_PB2	1395	130	C	0	0	130	37.6
A_PB2	1396	122	G	0	0	122	35.6
A_PB2	1397	114	A	0	0	114	34.0
A_PB2	1398	128	C	0	0	128	35.0
A_PB2	1399	135	A	0	0	135	37.1
A_PB2	1400	112	T	0	0	112	34.2
A_PB2	1401	122	G	0	0	122	34.6
A_PB2	1402	109	A	0	0	109	37.5
A_PB2	1403	131	C	0	0	131	37.2
A_PB2	1404	126	C	0	0	126	35.6
A_PB2	1405	129	C	0	0	129	35.2
A_PB2	1406	138	C	0	0	138	34.9
A_PB2	1407	106	A	0	0	106	37.6
A_PB2	1408	116	A	0	0	116	36.0
A_PB2	1409	117	G	0	0	117	34.4
A_PB2	1410	110	T	0	0	110	37.0
A_PB2	1411	114	A	0	0	114	35.5
A_PB2	1412	116	C	0	0	116	35.8
A_PB2	1413	110	T	0	0	110	35.7
A_PB2	1414	125	G	0	0	125	34.5
A_PB2	1415	119	A	0	0	119	35.6
A_PB2	1416	124	G	0	0	124	36.5
A_PB2	1417	122	A	0	0	122	37.2
A_PB2	1418	106	T	0	0	106	37.3
A_PB2	1419	109	G	0	0	109	37.0
A_PB2	1420	115	T	0	0	115	35.8
A_PB2	1421	112	C	0	0	112	37.2
A_PB2	1422	114	G	0	0	114	37.9
A_PB2	1423	106	C	0	0	106	35.4
A_PB2	1424	125	T	0	0	125	36.5
A_PB2	1425	104	G	0	0	104	36.8
A_PB2	1426	96	A	0	0	96	37.9
A_PB2	1427	111	G	0	0	111	37.8
A_PB2	1428	106	G	0	0	106	37.4
A_PB2	1429	107	G	0	0	107	37.0
A_PB2	1430	109	G	0	0	109	37.2
A_PB2	1431	111	A	0	0	111	36.8
A_PB2	1432	98	A	0	0	98	36.7
A_PB2	1433	110	T	0	0	110	36.9
A_PB2	1434	107	A	0	0	107	35.4
A_PB2	1435	101	A	0	0	101	34.3
A_PB2	1436	102	G	0	0	102	36.8
A_PB2	1437	96	A	0	0	96	37.0
A_PB2	1438	108	G	0	0	108	37.7
A_PB2	1439	95	T	0	0	95	36.6
A_PB2	1440	99	C	0	0	99	36.8
A_PB2	1441	111	A	0	0	111	35.1
A_PB2	1442	104	G	0	0	104	37.2
A_PB2	1443	105	T	0	0	105	36.7
A_PB2	1444	106	A	0	0	106	37.2
A_PB2	1445	97	A	0	0	97	34.5
A_PB2	1446	105	G	0	0	105	34.7
A_PB2	1447	95	A	0	0	95	35.9
A_PB2	1448	99	T	0	0	99	37.7
A_PB2	1449	97	G	0	0	97	36.7
A_PB2	1450	104	G	0	0	104	35.2
A_PB2	1451	109	G	0	0	109	36.8
A_PB2	1452	98	A	0	0	98	34.2
A_PB2	1453	86	G	0	0	86	36.0
A_PB2	1454	90	T	0	0	90	35.7
A_PB2	1455	107	A	0	0	107	34.8
A_PB2	1456	92	G	0	0	92	34.2
A_PB2	1457	93	A	0	0	93	37.2
A_PB2	1458	100	T	0	0	100	34.8
A_PB2	1459	107	G	0	0	107	36.1
A_PB2	1460	92	A	0	0	92	35.4
A_PB2	1461	98	A	0	0	98	35.8
A_PB2	1462	97	T	0	0	97	37.6
A_PB2	1463	102	A	0	0	102	37.4
A_PB2	1464	94	C	0	0	94	37.1
A_PB2	1465	99	T	0	0	99	35.8
A_PB2	1466	95	C	0	0	95	35.4
A_PB2	1467	95	A	0	0	95	36.8
A_PB2	1468	90	A	0	0	90	35.5
A_PB2	1469	98	G	0	0	98	36.4
A_PB2	1470	96	T	0	0	96	37.4
A_PB2	1471	95	A	0	0	95	35.2
A_PB2	1472	98	C	0	0	98	34.1
A_PB2	1473	86	A	0	0	86	37.0
A_PB2	1474	86	G	0	0	86	36.0
A_PB2	1475	103	A	0	0	103	35.2
A_PB2	1476	86	G	0	0	86	34.8
A_PB2	1477	94	C	0	0	94	35.3
A_PB2	1478	87	G	0	0	87	37.7
A_PB2	1479	93	A	0	0	93	35.1
A_PB2	1480	85	G	0	0	85	37.5
A_PB2	1481	91	T	0	0	91	36.6
A_PB2	1482	94	A	0	0	94	34.1
A_PB2	1483	88	G	0	0	88	35.4
A_PB2	1484	95	T	0	0	95	34.4
A_PB2	1485	85	A	0	0	85	37.8
A_PB2	1486	106	G	0	0	106	35.2
A_PB2	1487	93	T	0	0	93	36.1
A_PB2	1488	95	A	0	0	95	35.5
A_PB2	1489	83	A	0	0	83	36.1
A_PB2	1490	88	G	0	0	88	37.2
A_PB2	1491	83	C	0	0	83	36.5
A_PB2	1492	79	A	0	0	79	36.8
A_PB2	1493	93	T	0	0	93	37.4
A_PB2	1494	87	C	0	0	87	34.3
A_PB2	1495	91	G	0	0	91	35.3
A_PB2	1496	81	A	0	0	81	34.4
A_PB2	1497	92	C	0	0	92	35.8
A_PB2	1498	85	C	0	0	85	36.8
A_PB2	1499	90	G	0	0	90	36.2
A_PB2	1500	85	G	0	0	85	35.7
A_PB2	1501	87	T	0	0	87	35.7
A_PB2	1502	98	T	0	0	98	36.3
A_PB2	1503	85	T	0	0	85	36.8
A_PB2	1504	78	T	0	0	78	36.5
A_PB2	1505	78	T	0	0	78	38.0
A_PB2	1506	85	A	0	0	85	34.4
A_PB2	1507	89	A	0	0	89	35.2
A_PB2	1508	80	G	0	0	80	37.4
A_PB2	1509	84	A	0	0	84	37.4
A_PB2	1510	80	G	0	0	80	35.6
A_PB2	1511	81	T	0	0	81	37.3
A_PB2	1512	84	T	0	0	84	35.8
A_PB2	1513	87	C	0	0	87	37.5
A_PB2	1514	79	G	0	0	79	37.8
A_PB2	1515	79	A	0	0	79	36.7
A_PB2	1516	90	G	0	0	90	37.5
A_PB2	1517	77	A	0	0	77	34.6
A_PB2	1518	84	C	0	0	84	36.6
A_PB2	1519	82	C	0	0	82	36.1
A_PB2	1520	80	A	0	0	80	37.5
A_PB2	1521	85	A	0	0	85	37.0
A_PB2	1522	84	C	0	0	84	34.3
A_PB2	1523	80	G	0	0	80	37.9
A_PB2	1524	78	G	0	0	78	34.4
A_PB2	1525	85	G	0	0	85	36.4
A_PB2	1526	83	G	0	0	83	36.8
A_PB2	1527	90	G	0	0	90	35.9
A_PB2	1528	79	A	0	0	79	34.7
A_PB2	1529	90	A	0	0	90	37.1
A_PB2	1530	85	C	0	0	85	34.2
A_PB2	1531	83	G	0	0	83	37.4
A_PB2	1532	76	T	0	0	76	35.6
A_PB2	1533	86	A	0	0	86	37.7
A_PB2	1534	75	C	0	0	75	34.2
A_PB2	1535	74	T	0	0	74	36.1
A_PB2	1536	88	A	0	0	88	35.4
A_PB2	1537	81	T	0	0	81	34.6
A_PB2	1538	80	T	0	0	80	38.0
A_PB2	1539	97	A	0	0	97	34.3
A_PB2	1540	81	T	0	0	81	36.5
A_PB2	1541	85	C	0	0	85	37.4
A_PB2	1542	87	A	0	0	87	37.0
A_PB2	1543	84	C	0	0	84	36.2
A_PB2	1544	81	C	0	0	81	36.7
A_PB2	1545	82	C	0	0	82	36.2
A_PB2	1546	87	G	0	0	87	36.8
A_PB2	1547	81	A	0	0	81	34.4
A_PB2	1548	84	A	0	0	84	34.2
A_PB2	1549	75	G	0	0	75	34.2
A_PB2	1550	86	A	0	0	86	34.5
A_PB2	1551	83	G	0	0	83	37.9
A_PB2	1552	86	G	0	0	86	37.2
A_PB2	1553	87	T	0	0	87	37.1
A_PB2	1554	92	C	0	0	92	34.0
A_PB2	1555	71	A	0	0	71	37.9
A_PB2	1556	87	G	0	0	87	34.9
A_PB2	1557	91	T	0	0	91	34.9
A_PB2	1558	93	G	0	0	93	37.3
A_PB2	1559	89	A	0	0	89	37.0
A_PB2	1560	84	G	0	0	84	36.0
A_PB2	1561	91	A	0	0	91	35.3
A_PB2	1562	78	C	0	0	78	37.6
A_PB2	1563	84	A	0	0	84	36.6
A_PB2	1564	85	C	0	0	85	34.7
A_PB2	1565	91	A	0	0	91	35.8
A_PB2	1566	83	A	0	0	83	37.1
A_PB2	1567	90	G	0	0	90	36.7
A_PB2	1568	85	G	0	0	85	34.3
A_PB2	1569	84	A	0	0	84	35.6
A_PB2	1570	86	A	0	0	86	37.9
A_PB2	1571	91	C	0	0	91	37.8
A_PB2	1572	96	G	0	0	96	37.0
A_PB2	1573	93	G	0	0	93	35.0
A_PB2	1574	95	A	0	0	95	34.3
A_PB2	1575	102	G	0	0	102	35.7
A_PB2	1576	83	A	0	0	83	34.9
A_PB2	1577	100	A	0	0	100	35.8
A_PB2	1578	99	A	0	0	99	35.3
A_PB2	1579	94	C	0	0	94	36.5
A_PB2	1580	87	T	0	0	87	35.9
A_PB2	1581	91	G	0	0	91	35.7
A_PB2	1582	98	A	0	0	98	36.1
A_PB2	1583	100	C	0	0	100	36.3
A_PB2	1584	94	A	0	0	94	37.6
A_PB2	1585	94	A	0	0	94	37.4
A_PB2	1586	92	T	0	0	92	35.7
A_PB2	1587	92	C	0	0	92	35.7
A_PB2	1588	100	A	0	0	100	37.8
A_PB2	1589	107	C	0	0	107	34.6
A_PB2	1590	105	T	0	0	105	36.0
A_PB2	1591	103	T	0	0	103	37.1
A_PB2	1592	110	A	0	0	110	36.5
A_PB2	1593	106	T	0	0	106	36.5
A_PB2	1594	95	T	0	0	95	35.2
A_PB2	1595	106	C	0	0	106	34.2
A_PB2	1596	93	G	0	0	93	35.8
A_PB2	1597	108	T	0	0	108	36.1
A_PB2	1598	108	C	0	0	108	35.4
A_PB2	1599	89	A	0	0	89	36.5
A_PB2	1600	100	T	0	0	100	36.5
A_PB2	1601	102	C	0	0	102	38.0
A_PB2	1602	100	A	0	0	100	37.1
A_PB2	1603	105	A	0	0	105	36.4
A_PB2	1604	119	T	0	0	119	37.1
A_PB2	1605	114	G	0	0	114	35.6
A_PB2	1606	116	A	0	0	116	35.7
A_PB2	1607	105	T	0	0	105	36.8
A_PB2	1608	114	G	0	0	114	34.1
A_PB2	1609	110	T	0	0	110	34.4
A_PB2	1610	109	G	0	0	109	36.6
A_PB2	1611	106	G	0	0	106	36.4
A_PB2	1612	114	G	0	0	114	36.1
A_PB2	1613	110	A	0	0	110	36.7
A_PB2	1614	109	G	0	0	109	36.3
A_PB2	1615	112	A	0	0	112	34.3
A_PB2	1616	118	T	0	0	118	35.1
A_PB2	1617	104	C	0	0	104	35.5
A_PB2	1618	107	A	0	0	107	35.1
A_PB2	1619	120	A	0	0	120	34.4
A_PB2	1620	113	T	0	0	113	37.3
A_PB2	1621	115	G	0	0	115	36.5
A_PB2	1622	111	G	0	0	111	37.1
A_PB2	1623	109	T	0	0	109	34.6
A_PB2	1624	118	C	0	0	118	37.4
A_PB2	1625	105	C	0	0	105	35.1
A_PB2	1626	112	T	0	0	112	35.7
A_PB2	1627	124	G	0	0	124	34.9
A_PB2	1628	119	A	0	0	119	36.8
A_PB2	1629	119	G	0	0	119	37.4
A_PB2	1630	127	T	0	0	127	37.2
A_PB2	1631	118	C	0	0	118	36.6
A_PB2	1632	134	G	0	0	134	35.9
A_PB2	1633	112	G	0	0	112	36.5
A_PB2	1634	129	T	0	0	129	34.1
A_PB2	1635	115	G	0	0	115	37.2
A_PB2	1636	114	T	0	0	114	34.6
A_PB2	1637	121	T	0	0	121	34.7
A_PB2	1638	129	G	0	0	129	36.6
A_PB2	1639	124	G	0	0	124	34.7
A_PB2	1640	128	T	0	0	128	37.6
A_PB2	1641	123	C	0	0	123	34.1
A_PB2	1642	117	A	0	0	117	35.4
A_PB2	1643	126	A	0	0	126	35.8
A_PB2	1644	132	T	0	0	132	38.0
A_PB2	1645	116	A	0	0	116	36.6
A_PB2	1646	126	C	0	0	126	35.7
A_PB2	1647	127	T	0	0	127	35.1
A_PB2	1648	144	T	0	0	144	36.1
A_PB2	1649	124	A	0	0	124	34.2
A_PB2	1650	127	C	0	0	127	38.0
A_PB2	1651	136	C	0	0	136	36.0
A_PB2	1652	143	A	0	0	143	37.3
A_PB2	1653	135	G	0	0	135	38.0
A_PB2	1654	156	T	0	0	156	36.8
A_PB2	1655	141	G	0	0	141	37.5
A_PB2	1656	141	G	0	0	141	34.4
A_PB2	1657	119	A	0	0	119	35.7
A_PB2	1658	118	T	0	0	118	36.5
A_PB2	1659	137	A	0	0	137	36.5
A_PB2	1660	134	A	0	0	134	34.1
A_PB2	1661	138	T	0	0	138	37.9
A_PB2	1662	140	T	0	0	140	35.0
A_PB2	1663	132	A	0	0	132	35.9
A_PB2	1664	141	G	0	0	141	38.0
A_PB2	1665	146	A	0	0	146	36.0
A_PB2	1666	134	A	0	0	134	35.0
A_PB2	1667	138	A	0	0	138	35.4
A_PB2	1668	130	C	0	0	130	34.9
A_PB2	1669	152	T	0	0	152	35.6
A_PB2	1670	133	G	0	0	133	36.9
A_PB2	1671	157	G	0	0	157	37.2
A_PB2	1672	130	G	0	0	130	37.9
A_PB2	1673	144	A	0	0	144	34.9
A_PB2	1674	143	A	0	0	143	35.6
A_PB2	1675	146	A	0	0	146	37.7
A_PB2	1676	140	C	0	0	140	34.3
A_PB2	1677	140	T	0	0	140	36.3
A_PB2	1678	143	G	0	0	143	36.9
A_PB2	1679	124	T	0	0	124	36.1
A_PB2	1680	136	A	0	0	136	36.1
A_PB2	1681	148	A	0	0	148	36.4
A_PB2	1682	145	A	0	0	145	35.6
A_PB2	1683	151	A	0	0	151	36.0
A_PB2	1684	147	A	0	0	147	37.9
A_PB2	1685	142	T	0	0	142	36.9
A_PB2	1686	151	T	0	0	151	37.7
A_PB2	1687	164	C	0	0	164	37.1
A_PB2	1688	148	A	0	0	148	34.8
A_PB2	1689	134	A	0	0	134	37.7
A_PB2	1690	149	T	0	0	149	36.3
A_PB2	1691	158	G	0	0	158	36.5
A_PB2	1692	126	G	0	0	126	36.5
A_PB2	1693	151	T	0	0	151	34.3
A_PB2	1694	138	C	0	0	138	37.6
A_PB2	1695	148	A	0	0	148	36.0
A_PB2	1696	155	C	0	0	155	35.3
A_PB2	1697	168	A	0	0	168	34.1
A_PB2	1698	143	G	0	0	143	34.1
A_PB2	1699	147	G	0	0	147	36.6
A_PB2	1700	151	A	0	0	151	35.2
A_PB2	1701	155	T	0	0	155	36.2
A_PB2	1702	135	C	0	0	135	37.3
A_PB2	1703	155	C	0	0	155	34.9
A_PB2	1704	153	C	0	0	153	34.5
A_PB2	1705	157	A	0	0	157	35.4
A_PB2	1706	154	C	0	0	154	34.4
A_PB2	1707	149	A	0	0	149	34.2
A_PB2	1708	156	A	0	0	156	36.7
A_PB2	1709	137	T	0	0	137	37.3
A_PB2	1710	148	G	0	0	148	35.6
A_PB2	1711	151	T	0	0	151	37.6
A_PB2	1712	152	T	0	0	152	34.1
A_PB2	1713	150	G	0	0	150	36.4
A_PB2	1714	146	T	0	0	146	36.9
A_PB2	1715	158	A	0	0	158	37.9
A_PB2	1716	153	T	0	0	153	35.1
A_PB2	1717	147	A	0	0	147	36.0
A_PB2	1718	152	A	0	0	152	36.6
A_PB2	1719	141	T	0	0	141	35.6
A_PB2	1720	146	A	0	0	146	36.9
A_PB2	1721	151	A	0	0	151	34.8
A_PB2	1722	161	G	0	0	161	37.7
A_PB2	1723	136	A	0	0	136	35.8
A_PB2	1724	160	T	0	0	160	36.5
A_PB2	1725	142	G	0	0	142	35.1
A_PB2	1726	148	G	0	0	148	34.5
A_PB2	1727	134	A	0	0	134	37.8
A_PB2	1728	146	A	0	0	146	36.6
A_PB2	1729	138	T	0	0	138	35.7
A_PB2	1730	141	T	0	0	141	37.1
A_PB2	1731	153	C	0	0	153	34.2
A_PB2	1732	154	G	0	0	154	35.6
A_PB2	1733	166	A	0	0	166	36.9
A_PB2	1734	148	G	0	0	148	35.6
A_PB2	1735	148	C	0	0	148	35.1
A_PB2	1736	155	C	0	0	155	37.3
A_PB2	1737	146	A	0	0	146	34.9
A_PB2	1738	158	T	0	0	158	35.9
A_PB2	1739	164	T	0	0	164	36.3
A_PB2	1740	148	C	0	0	148	36.2
A_PB2	1741	150	C	0	0	150	36.3
A_PB2	1742	152	A	0	0	152	38.0
A_PB2	1743	142	G	0	0	142	36.7
A_PB2	1744	148	T	0	0	148	38.0
A_PB2	1745	147	C	0	0	147	37.6
A_PB2	1746	147	T	0	0	147	36.5
A_PB2	1747	159	C	0	0	159	35.6
A_PB2	1748	137	T	0	0	137	34.2
A_PB2	1749	157	A	0	0	157	37.4
A_PB2	1750	148	G	0	0	148	38.0
A_PB2	1751	141	T	0	0	141	34.4
A_PB2	1752	146	C	0	0	146	34.6
A_PB2	1753	147	C	0	0	147	35.5
A_PB2	1754	139	C	0	0	139	35.4
A_PB2	1755	142	T	0	0	142	37.4
A_PB2	1756	148	A	0	0	148	37.4
A_PB2	1757	161	A	0	0	161	36.3
A_PB2	1758	160	G	0	0	160	34.0
A_PB2	1759	159	G	0	0	159	36.2
A_PB2	1760	158	C	0	0	158	36.0
A_PB2	1761	172	A	0	0	172	36.1
A_PB2	1762	160	G	0	0	160	37.6
A_PB2	1763	157	C	0	0	157	37.8
A_PB2	1764	156	C	0	0	156	36.8
A_PB2	1765	143	A	0	0	143	34.4
A_PB2	1766	144	G	0	0	144	34.7
A_PB2	1767	164	A	0	0	164	35.0
A_PB2	1768	139	G	0	0	139	37.8
A_PB2	1769	151	G	0	0	151	35.4
A_PB2	1770	146	T	0	0	146	34.1
A_PB2	1771	149	C	0	0	149	37.1
A_PB2	1772	141	A	0	0	141	34.9
A_PB2	1773	155	A	0	0	155	37.5
A_PB2	1774	154	T	0	0	154	35.2
A_PB2	1775	146	A	0	0	146	35.3
A_PB2	1776	145	C	0	0	145	35.6
A_PB2	1777	167	A	0	0	167	34.2
A_PB2	1778	143	G	0	0	143	34.5
A_PB2	1779	143	T	0	0	143	35.6
A_PB2	1780	143	G	0	0	143	36.0
A_PB2	1781	152	G	0	0	152	37.7
A_PB2	1782	148	G	0	0	148	34.1
A_PB2	1783	137	T	0	0	137	34.2
A_PB2	1784	146	T	0	0	146	35.9
A_PB2	1785	135	T	0	0	135	34.8
A_PB2	1786	141	G	0	0	141	36.3
A_PB2	1787	177	T	0	0	177	36.9
A_PB2	1788	150	G	0	0	150	35.4
A_PB2	1789	148	A	0	0	148	37.3
A_PB2	1790	160	G	0	0	160	36.7
A_PB2	1791	142	A	0	0	142	34.6
A_PB2	1792	148	A	0	0	148	35.8
A_PB2	1793	173	C	0	0	173	36.6
A_PB2	1794	135	A	0	0	135	34.6
A_PB2	1795	122	C	0	0	122	37.9
A_PB2	1796	153	T	0	0	153	37.2
A_PB2	1797	134	A	0	0	134	35.5
A_PB2	1798	135	T	0	0	135	36.4
A_PB2	1799	144	T	0	0	144	34.1
A_PB2	1800	146	C	0	0	146	37.9
A_PB2	1801	155	C	0	0	155	35.1
A_PB2	1802	150	A	0	0	150	35.3
A_PB2	1803	141	G	0	0	141	38.0
A_PB2	1804	143	C	0	0	143	37.9
A_PB2	1805	138	A	0	0	138	34.3
A_PB2	1806	143	A	0	0	143	35.5
A_PB2	1807	154	A	0	0	154	35.7
A_PB2	1808	151	T	0	0	151	35.4
A_PB2	1809	147	G	0	0	147	35.7
A_PB2	1810	150	A	0	0	150	37.4
A_PB2	1811	147	G	0	0	147	36.5
A_PB2	1812	133	A	0	0	133	34.3
A_PB2	1813	136	G	0	0	136	37.8
A_PB2	1814	135	A	0	0	135	35.9
A_PB2	1815	146	T	0	0	146	37.9
A_PB2	1816	147	G	0	0	147	35.6
A_PB2	1817	149	T	0	0	149	37.8
A_PB2	1818	136	G	0	0	136	34.3
A_PB2	1819	153	C	0	0	153	36.9
A_PB2	1820	154	T	0	0	154	36.1
A_PB2	1821	145	T	0	0	145	36.5
A_PB2	1822	146	G	0	0	146	35.9
A_PB2	1823	149	G	0	0	149	37.5
A_PB2	1824	137	A	0	0	137	36.5
A_PB2	1825	142	A	0	0	142	36.3
A_PB2	1826	138	C	0	0	138	35.8
A_PB2	1827	142	A	0	0	142	36.5
A_PB2	1828	132	T	0	0	132	35.6
A_PB2	1829	128	T	0	0	128	37.0
A_PB2	1830	142	T	0	0	142	37.2
A_PB2	1831	141	G	0	0	141	35.9
A_PB2	1832	126	A	0	0	126	36.1
A_PB2	1833	131	C	0	0	131	37.1
A_PB2	1834	136	A	0	0	136	36.0
A_PB2	1835	136	C	0	0	136	36.8
A_PB2	1836	131	T	0	0	131	35.8
A_PB2	1837	144	G	0	0	144	35.6
A_PB2	1838	137	T	0	0	137	34.4
A_PB2	1839	124	T	0	0	124	37.3
A_PB2	1840	127	C	0	0	127	34.4
A_PB2	1841	128	A	0	0	128	37.6
A_PB2	1842	153	G	0	0	153	37.1
A_PB2	1843	138	A	0	0	138	34.7
A_PB2	1844	127	T	0	0	127	35.7
A_PB2	1845	120	A	0	0	120	38.0
A_PB2	1846	144	G	0	0	144	35.9
A_PB2	1847	130	T	0	0	130	34.9
A_PB2	1848	128	A	0	0	128	36.3
A_PB2	1849	134	A	0	0	134	36.7
A_PB2	1850	147	A	0	0	147	34.2
A_PB2	1851	132	A	0	0	132	36.9
A_PB2	1852	139	C	0	0	139	35.7
A_PB2	1853	132	T	0	0	132	37.6
A_PB2	1854	140	C	0	0	140	36.5
A_PB2	1855	136	C	0	0	136	35.7
A_PB2	1856	133	T	0	0	133	36.3
A_PB2	1857	130	C	0	0	130	36.6
A_PB2	1858	126	C	0	0	126	35.1
A_PB2	1859	133	C	0	0	133	36.4
A_PB2	1860	142	C	0	0	142	35.7
A_PB2	1861	138	T	0	0	138	35.0
A_PB2	1862	131	T	0	0	131	37.0
A_PB2	1863	135	T	0	0	135	34.1
A_PB2	1864	124	G	0	0	124	34.5
A_PB2	1865	125	C	0	0	125	36.0
A_PB2	1866	126	T	0	0	126	37.6
A_PB2	1867	125	G	0	0	125	36.1
A_PB2	1868	150	C	0	0	150	37.9
A_PB2	1869	136	C	0	0	136	35.1
A_PB2	1870	131	G	0	0	131	35.1
A_PB2	1871	139	C	0	0	139	37.1
A_PB2	1872	128	C	0	0	128	35.1
A_PB2	1873	130	C	0	0	130	35.3
A_PB2	1874	146	C	0	0	146	37.6
A_PB2	1875	140	A	0	0	140	37.8
A_PB2	1876	137	C	0	0	137	37.9
A_PB2	1877	144	C	0	0	144	36.9
A_PB2	1878	139	G	0	0	139	34.9
A_PB2	1879	140	G	0	0	140	37.9
A_PB2	1880	137	A	0	0	137	36.4
A_PB2	1881	146	A	0	0	146	37.2
A_PB2	1882	136	C	0	0	136	36.0
A_PB2	1883	132	A	0	0	132	37.3
A_PB2	1884	127	A	0	0	127	37.9
A_PB2	1885	126	A	0	0	126	38.0
A_PB2	1886	144	G	0	0	144	34.5
A_PB2	1887	140	T	0	0	140	36.9
A_PB2	1888	128	A	0	0	128	34.7
A_PB2	1889	149	G	0	0	149	37.0
A_PB2	1890	134	G	0	0	134	37.7
A_PB2	1891	139	A	0	0	139	34.3
A_PB2	1892	143	T	0	0	143	35.3
A_PB2	1893	144	G	0	0	144	34.5
A_PB2	1894	137	C	0	0	137	35.3
A_PB2	1895	145	A	0	0	145	37.4
A_PB2	1896	156	G	0	0	156	35.1
A_PB2	1897	136	T	0	0	136	36.3
A_PB2	1898	127	T	0	0	127	34.3
A_PB2	1899	145	C	0	0	145	37.6
A_PB2	1900	146	T	0	0	146	37.4
A_PB2	1901	140	C	0	0	140	34.8
A_PB2	1902	132	C	0	0	132	35.9
A_PB2	1903	144	T	0	0	144	36.8
A_PB2	1904	147	C	0	0	147	36.2
A_PB2	1905	139	C	0	0	139	36.1
A_PB2	1906	138	C	0	0	138	36.2
A_PB2	1907	141	T	0	0	141	34.2
A_PB2	1908	133	G	0	0	133	37.6
A_PB2	1909	140	A	0	0	140	36.5
A_PB2	1910	155	C	0	0	155	36.4
A_PB2	1911	147	T	0	0	147	34.3
A_PB2	1912	137	G	0	0	137	37.0
A_PB2	1913	146	T	0	0	146	37.7
A_PB2	1914	126	G	0	0	126	37.6
A_PB2	1915	141	A	0	0	141	37.8
A_PB2	1916	157	A	0	0	157	34.5
A_PB2	1917	145	T	0	0	145	36.3
A_PB2	1918	138	G	0	0	138	35.6
A_PB2	1919	135	T	0	0	135	34.4
A_PB2	1920	149	A	0	0	149	36.9
A_PB2	1921	130	A	0	0	130	35.4
A_PB2	1922	150	G	0	0	150	36.2
A_PB2	1923	151	A	0	0	151	35.9
A_PB2	1924	150	G	0	0	150	37.1
A_PB2	1925	151	G	0	0	151	36.1
A_PB2	1926	147	A	0	0	147	37.6
A_PB2	1927	151	T	0	0	151	37.3
A_PB2	1928	153	C	0	0	153	36.4
A_PB2	1929	133	A	0	0	133	36.6
A_PB2	1930	141	G	0	0	141	37.2
A_PB2	1931	138	G	0	0	138	35.8
A_PB2	1932	150	A	0	0	150	35.3
A_PB2	1933	147	A	0	0	147	36.1
A_PB2	1934	135	T	0	0	135	35.6
A_PB2	1935	142	G	0	0	142	37.8
A_PB2	1936	136	A	0	0	136	36.3
A_PB2	1937	149	G	0	0	149	34.6
A_PB2	1938	144	G	0	0	144	36.2
A_PB2	1939	159	A	0	0	159	36.6
A_PB2	1940	152	T	0	0	152	34.5
A_PB2	1941	163	A	0	0	163	37.6
A_PB2	1942	142	C	0	0	142	34.8
A_PB2	1943	137	T	0	0	137	35.2
A_PB2	1944	148	G	0	0	148	36.2
A_PB2	1945	147	G	0	0	147	37.5
A_PB2	1946	154	T	0	0	154	34.9
A_PB2	1947	151	A	0	0	151	36.1
A_PB2	1948	134	A	0	0	134	37.5
A_PB2	1949	146	G	0	0	146	36.9
A_PB2	1950	141	A	0	0	141	36.8
A_PB2	1951	147	G	0	0	147	35.1
A_PB2	1952	148	G	0	0	148	36.9
A_PB2	1953	148	C	0	0	148	37.0
A_PB2	1954	153	A	0	0	153	37.3
A_PB2	1955	145	A	0	0	145	34.2
A_PB2	1956	133	T	0	0	133	36.6
A_PB2	1957	143	T	0	0	143	36.4
A_PB2	1958	149	C	0	0	149	34.4
A_PB2	1959	144	A	0	0	144	35.3
A_PB2	1960	143	C	0	0	143	34.2
A_PB2	1961	159	C	0	0	159	35.4
A_PB2	1962	149	A	0	0	149	37.4
A_PB2	1963	133	G	0	0	133	37.3
A_PB2	1964	149	T	0	0	149	37.3
A_PB2	1965	151	C	0	0	151	35.9
A_PB2	1966	151	T	0	0	151	35.5
A_PB2	1967	164	T	0	0	164	34.5
A_PB2	1968	154	C	0	0	154	34.2
A_PB2	1969	153	A	0	0	153	36.5
A_PB2	1970	156	A	0	0	156	37.9
A_PB2	1971	145	T	0	0	145	37.1
A_PB2	1972	153	T	0	0	153	37.3
A_PB2	1973	140	A	0	0	140	36.8
A_PB2	1974	160	C	0	0	160	36.6
A_PB2	1975	156	A	0	0	156	37.6
A_PB2	1976	154	A	0	0	154	36.0
A_PB2	1977	162	C	0	0	162	34.6
A_PB2	1978	165	A	0	0	165	37.8
A_PB2	1979	158	A	0	0	158	37.5
A_PB2	1980	157	G	0	0	157	35.5
A_PB2	1981	159	G	0	0	159	37.8
A_PB2	1982	139	C	0	0	139	35.4
A_PB2	1983	151	C	0	0	151	35.1
A_PB2	1984	147	A	0	0	147	36.2
A_PB2	1985	162	C	0	0	162	34.4
A_PB2	1986	154	C	0	0	154	36.2
A_PB2	1987	147	A	0	0	147	35.2
A_PB2	1988	163	A	0	0	163	34.5
A_PB2	1989	154	G	0	0	154	37.4
A_PB2	1990	146	A	0	0	146	37.9
A_PB2	1991	160	G	0	0	160	35.5
A_PB2	1992	158	G	0	0	158	34.8
A_PB2	1993	159	C	0	0	159	36.1
A_PB2	1994	156	T	0	0	156	36.0
A_PB2	1995	140	C	0	0	140	34.4
A_PB2	1996	141	A	0	0	141	38.0
A_PB2	1997	137	C	0	0	137	34.4
A_PB2	1998	166	A	0	0	166	34.5
A_PB2	1999	153	G	0	0	153	36.2
A_PB2	2000	146	T	0	0	146	34.9
A_PB2	2001	156	T	0	0	156	37.4
A_PB2	2002	147	C	0	0	147	35.8
A_PB2	2003	158	T	0	0	158	34.4
A_PB2	2004	154	C	0	0	154	35.2
A_PB2	2005	150	G	0	0	150	36.9
A_PB2	2006	142	G	0	0	142	34.3
A_PB2	2007	137	G	0	0	137	36.5
A_PB2	2008	145	A	0	0	145	37.5
A_PB2	2009	150	A	0	0	150	34.2
A_PB2	2010	151	A	0	0	151	35.7
A_PB2	2011	172	G	0	0	172	37.3
A_PB2	2012	165	A	0	0	165	35.8
A_PB2	2013	149	T	0	0	149	37.3
A_PB2	2014	144	G	0	0	144	35.3
A_PB2	2015	149	C	0	0	149	34.5
A_PB2	2016	146	A	0	0	146	34.5
A_PB2	2017	158	G	0	0	158	37.3
A_PB2	2018	169	G	0	0	169	37.1
A_PB2	2019	149	T	0	0	149	37.4
A_PB2	2020	152	G	0	0	152	37.7
A_PB2	2021	145	C	0	0	145	35.4
A_PB2	2022	158	A	0	0	158	37.6
A_PB2	2023	150	T	0	0	150	37.8
A_PB2	2024	156	T	0	0	156	37.4
A_PB2	2025	142	G	0	0	142	37.9
A_PB2	2026	152	A	0	0	152	35.3
A_PB2	2027	160	C	0	0	160	35.9
A_PB2	2028	124	C	0	0	124	34.3
A_PB2	2029	156	G	0	0	156	34.0
A_PB2	2030	154	A	0	0	154	37.6
A_PB2	2031	147	A	0	0	147	36.3
A_PB2	2032	160	G	0	0	160	34.8
A_PB2	2033	153	A	0	0	153	36.1
A_PB2	2034	144	T	0	0	144	35.6
A_PB2	2035	168	C	0	0	168	36.9
A_PB2	2036	151	C	0	0	151	35.1
A_PB2	2037	155	A	0	0	155	37.0
A_PB2	2038	134	G	0	0	134	36.7
A_PB2	2039	144	A	0	0	144	36.7
A_PB2	2040	168	T	0	0	168	35.0
A_PB2	2041	145	G	0	0	145	36.5
A_PB2	2042	155	A	0	0	155	34.3
A_PB2	2043	146	A	0	0	146	35.8
A_PB2	2044	142	G	0	0	142	37.1
A_PB2	2045	153	G	0	0	153	35.4
A_PB2	2046	145	C	0	0	145	37.3
A_PB2	2047	144	A	0	0	144	34.6
A_PB2	2048	165	C	0	0	165	37.7
A_PB2	2049	151	A	0	0	151	34.1
A_PB2	2050	140	G	0	0	140	34.6
A_PB2	2051	133	C	0	0	133	37.5
A_PB2	2052	146	T	0	0	146	35.6
A_PB2	2053	132	G	0	0	132	35.7
A_PB2	2054	154	G	0	0	154	35.5
A_PB2	2055	147	A	0	0	147	35.3
A_PB2	2056	134	G	0	0	134	35.0
A_PB2	2057	133	T	0	0	133	37.8
A_PB2	2058	150	G	0	0	150	36.7
A_PB2	2059	142	G	0	0	142	36.0
A_PB2	2060	137	A	0	0	137	37.9
A_PB2	2061	132	G	0	0	132	35.0
A_PB2	2062	139	T	0	0	139	34.5
A_PB2	2063	128	C	0	0	128	36.0
A_PB2	2064	133	T	0	0	133	34.7
A_PB2	2065	121	G	0	0	121	36.2
A_PB2	2066	130	C	0	0	130	35.9
A_PB2	2067	143	T	0	0	143	38.0
A_PB2	2068	139	G	0	0	139	36.6
A_PB2	2069	130	T	0	0	130	35.7
A_PB2	2070	136	T	0	0	136	37.1
A_PB2	2071	131	T	0	0	131	37.4
A_PB2	2072	139	T	0	0	139	37.7
A_PB2	2073	121	A	0	0	121	35.7
A_PB2	2074	127	A	0	0	127	35.5
A_PB2	2075	128	G	0	0	128	34.5
A_PB2	2076	118	A	0	0	118	34.8
A_PB2	2077	141	G	0	0	141	34.2
A_PB2	2078	113	G	0	0	113	36.8
A_PB2	2079	127	A	0	0	127	37.4
A_PB2	2080	127	T	0	0	127	34.8
A_PB2	2081	136	T	0	0	136	35.7
A_PB2	2082	127	C	0	0	127	36.1
A_PB2	2083	119	C	0	0	119	35.0
A_PB2	2084	117	T	0	0	117	38.0
A_PB2	2085	123	C	0	0	123	37.0
A_PB2	2086	118	A	0	0	118	35.2
A_PB2	2087	114	T	0	0	114	34.6
A_PB2	2088	121	T	0	0	121	36.7
A_PB2	2089	118	T	0	0	118	37.3
A_PB2	2090	118	T	0	0	118	34.6
A_PB2	2091	121	G	0	0	121	35.4
A_PB2	2092	119	G	0	0	119	34.3
A_PB2	2093	130	G	0	0	130	34.9
A_PB2	2094	129	C	0	0	129	34.5
A_PB2	2095	125	A	0	0	125	35.5
A_PB2	2096	114	A	0	0	114	37.4
A_PB2	2097	118	A	0	0	118	35.4
A_PB2	2098	118	G	0	0	118	35.7
A_PB2	2099	114	A	0	0	114	37.1
A_PB2	2100	117	A	0	0	117	36.5
A_PB2	2101	104	G	0	0	104	35.9
A_PB2	2102	108	A	0	0	108	35.0
A_PB2	2103	110	C	0	0	110	38.0
A_PB2	2104	117	A	0	0	117	37.3
A_PB2	2105	121	A	0	0	121	36.1
A_PB2	2106	111	G	0	0	111	34.8
A_PB2	2107	94	A	0	0	94	37.1
A_PB2	2108	114	G	0	0	114	36.8
A_PB2	2109	124	A	0	0	124	37.2
A_PB2	2110	107	T	0	0	107	36.8
A_PB2	2111	120	A	0	0	120	34.8
A_PB2	2112	117	T	0	0	117	35.0
A_PB2	2113	104	G	0	0	104	36.3
A_PB2	2114	125	G	0	0	125	36.4
A_PB2	2115	106	C	0	0	106	34.5
A_PB2	2116	111	C	0	0	111	35.1
A_PB2	2117	103	C	0	0	103	36.5
A_PB2	2118	103	A	0	0	103	35.3
A_PB2	2119	99	G	0	0	99	36.2
A_PB2	2120	116	C	0	0	116	37.8
A_PB2	2121	117	A	0	0	117	34.8
A_PB2	2122	101	T	0	0	101	36.9
A_PB2	2123	103	T	0	0	103	36.5
A_PB2	2124	99	G	0	0	99	34.7
A_PB2	2125	107	A	0	0	107	36.8
A_PB2	2126	99	G	0	0	99	34.1
A_PB2	2127	114	C	0	0	114	36.2
A_PB2	2128	113	A	0	0	113	34.8
A_PB2	2129	104	T	0	0	104	35.3
A_PB2	2130	100	C	0	0	100	37.1
A_PB2	2131	104	A	0	0	104	36.2
A_PB2	2132	97	A	0	0	97	38.0
A_PB2	2133	100	T	0	0	100	35.5
A_PB2	2134	100	G	0	0	100	36.3
A_PB2	2135	102	A	0	0	102	37.9
A_PB2	2136	90	G	0	0	90	35.7
A_PB2	2137	94	C	0	0	94	36.5
A_PB2	2138	98	T	0	0	98	36.9
A_PB2	2139	103	G	0	0	103	36.1
A_PB2	2140	91	A	0	0	91	35.3
A_PB2	2141	94	G	0	0	94	35.7
A_PB2	2142	96	C	0	0	96	34.4
A_PB2	2143	96	A	0	0	96	34.7
A_PB2	2144	94	A	0	0	94	37.1
A_PB2	2145	99	T	0	0	99	36.9
A_PB2	2146	88	C	0	0	88	36.6
A_PB2	2147	92	T	0	0	92	35.5
A_PB2	2148	90	T	0	0	90	37.8
A_PB2	2149	95	G	0	0	95	37.9
A_PB2	2150	92	C	0	0	92	34.3
A_PB2	2151	83	A	0	0	83	36.7
A_PB2	2152	79	A	0	0	79	36.8
A_PB2	2153	89	A	0	0	89	36.0
A_PB2	2154	80	G	0	0	80	35.1
A_PB2	2155	79	G	0	0	79	35.4
A_PB2	2156	81	G	0	0	81	34.1
A_PB2	2157	80	A	0	0	80	34.4
A_PB2	2158	77	G	0	0	77	35.3
A_PB2	2159	79	A	0	0	79	34.4
A_PB2	2160	76	G	0	0	76	34.1
A_PB2	2161	72	A	0	0	72	37.8
A_PB2	2162	83	A	0	0	83	34.6
A_PB2	2163	71	G	0	0	71	37.0
A_PB2	2164	66	G	0	0	66	34.7
A_PB2	2165	80	C	0	0	80	34.6
A_PB2	2166	77	T	0	0	77	36.5
A_PB2	2167	71	A	0	0	71	36.6
A_PB2	2168	63	A	0	0	63	35.7
A_PB2	2169	75	T	0	0	75	36.6
A_PB2	2170	70	G	0	0	70	35.7
A_PB2	2171	65	T	0	0	65	35.0
A_PB2	2172	61	G	0	0	61	37.9
A_PB2	2173	69	C	0	0	69	34.7
A_PB2	2174	71	T	0	0	71	36.9
A_PB2	2175	69	A	0	0	69	35.9
A_PB2	2176	68	A	0	0	68	37.0
A_PB2	2177	61	T	0	0	61	36.7
A_PB2	2178	70	T	0	0	70	35.0
A_PB2	2179	57	G	0	0	57	37.4
A_PB2	2180	61	G	0	0	61	36.7
A_PB2	2181	56	G	0	0	56	34.2
A_PB2	2182	57	C	0	0	57	34.7
A_PB2	2183	59	A	0	0	59	36.4
A_PB2	2184	64	A	0	0	64	34.8
A_PB2	2185	62	G	0	0	62	34.3
A_PB2	2186	62	G	0	0	62	34.5
A_PB2	2187	62	A	0	0	62	36.3
A_PB2	2188	54	G	0	0	54	38.0
A_PB2	2189	55	A	0	0	55	34.6
A_PB2	2190	54	C	0	0	54	34.5
A_PB2	2191	46	G	0	0	46	37.9
A_PB2	2192	58	T	0	0	58	37.1
A_PB2	2193	53	A	0	0	53	35.1
A_PB2	2194	54	G	0	0	54	36.1
A_PB2	2195	54	T	0	0	54	37.0
A_PB2	2196	45	G	0	0	45	35.2
A_PB2	2197	52	T	0	0	52	34.6
A_PB2	2198	44	T	0	0	44	37.6
A_PB2	2199	44	G	0	0	44	37.0
A_PB2	2200	45	G	0	0	45	35.8
A_PB2	2201	50	T	0	0	50	35.0
A_PB2	2202	45	G	0	0	45	37.3
A_PB2	2203	48	A	0	0	48	34.7
A_PB2	2204	46	T	0	0	46	36.0
A_PB2	2205	46	G	0	0	46	37.0
A_PB2	2206	47	A	0	0	47	35.6
A_PB2	2207	42	A	0	0	42	35.2
A_PB2	2208	42	A	0	0	42	34.7
A_PB2	2209	47	C	0	0	47	35.1
A_PB2	2210	44	G	0	0	44	34.3
A_PB2	2211	40	G	0	0	40	37.0
A_PB2	2212	45	A	0	0	45	35.4
A_PB2	2213	42	A	0	0	42	34.6
A_PB2	2214	38	A	0	0	38	35.1
A_PB2	2215	39	C	0	0	39	37.1
A_PB2	2216	39	G	0	0	39	34.4
A_PB2	2217	34	G	0	0	34	36.7
A_PB2	2218	36	G	0	0	36	36.8
A_PB2	2219	35	A	0	0	35	34.3
A_PB2	2220	34	C	0	0	34	35.7
A_PB2	2221	37	T	0	0	37	34.8
A_PB2	2222	35	C	0	0	35	34.8
A_PB2	2223	34	T	0	0	34	35.5
A_PB2	2224	36	A	0	0	36	35.3
A_PB2	2225	33	G	0	0	33	37.5
A_PB2	2226	35	C	0	0	35	34.1
A_PB2	2227	37	A	0	0	37	36.5
A_PB2	2228	29	T	0	0	29	36.2
A_PB2	2229	35	A	0	0	35	35.5
A_PB2	2230	28	C	0	0	28	35.8
A_PB2	2231	31	T	0	0	31	35.3
A_PB2	2232	35	T	0	0	35	35.2
A_PB2	2233	34	A	0	0	34	35.3
A_PB2	2234	28	C	0	0	28	34.6
A_PB2	2235	26	T	0	0	26	34.2
A_PB2	2236	27	G	0	0	27	37.6
A_PB2	2237	27	A	0	0	27	37.6
A_PB2	2238	27	C	0	0	27	36.8
A_PB2	2239	25	A	0	0	25	37.4
A_PB2	2240	26	G	0	0	26	34.9
A_PB2	2241	22	C	0	0	22	36.0
A_PB2	2242	25	C	0	0	25	34.5
A_PB2	2243	23	A	0	0	23	37.6
A_PB2	2244	24	G	0	0	24	35.0
A_PB2	2245	23	A	0	0	23	34.7
A_PB2	2246	22	C	0	0	22	37.2
A_PB2	2247	23	A	0	0	23	35.6
A_PB2	2248	25	G	0	0	25	37.0
A_PB2	2249	22	C	0	0	22	34.6
A_PB2	2250	18	G	0	0	18	36.2
A_PB2	2251	19	A	0	0	19	37.8
A_PB2	2252	19	C	0	0	19	34.4
A_PB2	2253	17	C	0	0	17	34.8
A_PB2	2254	19	A	0	0	19	35.8
A_PB2	2255	16	A	0	0	16	34.7
A_PB2	2256	17	A	0	0	17	34.1
A_PB2	2257	16	A	0	0	16	37.5
A_PB2	2258	15	G	0	0	15	37.1
A_PB2	2259	15	A	0	0	15	36.0
A_PB2	2260	13	A	0	0	13	36.4
A_PB2	2261	13	T	0	0	13	37.4
A_PB2	2262	11	T	0	0	11	36.7
A_PB2	2263	11	C	0	0	11	35.0
A_PB2	2264	11	G	0	0	11	37.9
A_PB2	2265	10	G	0	0	10	37.8
A_PB2	2266	10	A	0	0	10	35.4
A_PB2	2267	10	T	0	0	10	37.0
A_PB2	2268	9	G	0	0	9	35.3
A_PB2	2269	8	G	0	0	8	35.4
A_PB2	2270	7	C	0	0	7	34.8
A_PB2	2271	6	C	0	0	6	35.4
A_PB2	2272	6	A	0	0	6	35.8
A_PB2	2273	5	T	0	0	5	36.1
A_PB2	2274	4	C	0	0	4	36.1
A_PB2	2275	4	A	0	0	4	37.0
A_PB2	2276	3	A	0	0	3	34.2
A_PB2	2277	2	T	0	0	2	37.9
A_PB2	2278	1	T	0	0	1	34.9
A_PB2	2279	1	A	0	0	1	35.0
A_PB2	2280	0	G	0	0	0	34.6
