Reference_Name	Position	Coverage Depth	Consensus	Deletions	Ambiguous	Consensus_Count	Consensus_Average_Quality
A_HA	1	21	A	0	0	21	36.2
A_HA	2	41	T	0	0	41	36.6
A_HA	3	59	G	0	0	59	36.1
A_HA	4	86	G	0	0	86	36.7
A_HA	5	104	A	0	0	104	34.6
A_HA	6	129	G	0	0	129	36.7
A_HA	7	145	A	0	0	145	35.4
A_HA	8	190	A	0	0	190	36.2
A_HA	9	193	C	0	0	193	37.3
A_HA	10	207	A	0	0	207	36.2
A_HA	11	218	T	0	0	218	36.7
A_HA	12	235	A	0	0	235	37.7
A_HA	13	273	G	0	0	273	37.4
A_HA	14	306	T	0	0	306	35.6
A_HA	15	305	A	0	0	305	37.8
A_HA	16	347	C	0	0	347	37.5
A_HA	17	381	T	0	0	381	35.0
A_HA	18	371	A	0	0	371	36.6
A_HA	19	375	C	0	0	375	37.5
A_HA	20	441	T	0	0	441	34.6
A_HA	21	427	T	0	0	427	36.5
A_HA	22	479	C	0	0	479	36.5
A_HA	23	471	T	0	0	471	36.9
A_HA	24	590	T	0	0	590	34.7
A_HA	25	551	G	0	0	551	34.9
A_HA	26	598	C	0	0	598	37.0
A_HA	27	598	A	0	0	598	34.1
A_HA	28	595	A	0	0	595	35.5
A_HA	29	558	T	0	0	558	34.9
A_HA	30	687	A	0	0	687	37.7
A_HA	31	669	G	0	0	669	34.1
A_HA	32	709	T	0	0	709	37.3
A_HA	33	780	T	0	0	780	35.2
A_HA	34	727	A	0	0	727	37.7
A_HA	35	743	G	0	0	743	35.3
A_HA	36	674	C	0	0	674	36.1
A_HA	37	883	C	0	0	883	36.5
A_HA	38	882	T	0	0	882	34.7
A_HA	39	974	T	0	0	974	35.6
A_HA	40	964	G	0	0	964	34.8
A_HA	41	857	T	0	0	857	35.6
A_HA	42	977	T	0	0	977	36.3
A_HA	43	883	A	0	0	883	35.8
A_HA	44	1079	A	0	0	1079	35.0
A_HA	45	1063	A	0	0	1063	37.1
A_HA	46	1062	A	0	0	1062	36.4
A_HA	47	1161	G	0	0	1161	37.2
A_HA	48	1049	T	0	0	1049	34.5
A_HA	49	1144	G	0	0	1144	34.2
A_HA	50	1139	A	0	0	1139	36.0
A_HA	51	1247	T	0	0	1247	37.5
A_HA	52	1191	C	0	0	1191	35.1
A_HA	53	1191	A	0	0	1191	37.9
A_HA	54	1390	G	0	0	1390	34.4
A_HA	55	1327	A	0	0	1327	36.6
A_HA	56	1299	T	0	0	1299	37.9
A_HA	57	1229	T	0	0	1229	36.0
A_HA	58	1303	T	0	0	1303	34.0
A_HA	59	1327	G	0	0	1327	35.4
A_HA	60	1289	C	0	0	1289	37.2
A_HA	61	1383	A	0	0	1383	36.8
A_HA	62	1451	T	0	0	1451	34.6
A_HA	63	1545	T	0	0	1545	36.3
A_HA	64	1473	G	0	0	1473	35.2
A_HA	65	1575	G	0	0	1575	36.8
A_HA	66	1610	T	0	0	1610	34.4
A_HA	67	1525	T	0	0	1525	36.0
A_HA	68	1583	A	0	0	1583	36.2
A_HA	69	1671	C	0	0	1671	34.6
A_HA	70	1773	C	0	0	1773	35.7
A_HA	71	1623	A	0	0	1623	34.2
A_HA	72	1706	T	0	0	1706	34.4
A_HA	73	1738	G	0	0	1738	36.1
A_HA	74	1734	C	0	0	1734	36.8
A_HA	75	1774	A	0	0	1774	34.3
A_HA	76	1796	A	0	0	1796	36.8
A_HA	77	1905	A	0	0	1905	35.5
A_HA	78	1985	C	0	0	1985	35.0
A_HA	79	1956	A	0	0	1956	36.6
A_HA	80	1839	A	0	0	1839	35.6
A_HA	81	1945	T	0	0	1945	37.9
A_HA	82	1802	T	0	0	1802	36.2
A_HA	83	2075	C	0	0	2075	36.8
A_HA	84	2038	G	0	0	2038	34.5
A_HA	85	2135	A	0	0	2135	35.3
A_HA	86	2222	C	0	0	2222	37.0
A_HA	87	1980	A	0	0	1980	34.2
A_HA	88	2191	G	0	0	2191	36.8
A_HA	89	2330	A	0	0	2330	35.6
A_HA	90	2434	G	0	0	2434	37.7
A_HA	91	2194	C	0	0	2194	35.0
A_HA	92	2100	A	0	0	2100	36.7
A_HA	93	2213	A	0	0	2213	36.0
A_HA	94	2086	G	0	0	2086	37.4
A_HA	95	2253	T	0	0	2253	38.0
A_HA	96	2301	T	0	0	2301	36.1
A_HA	97	2363	G	0	0	2363	36.3
A_HA	98	2448	A	0	0	2448	35.2
A_HA	99	2164	C	0	0	2164	37.7
A_HA	100	2262	A	0	0	2262	35.7
A_HA	101	2374	C	0	0	2374	34.6
A_HA	102	2579	G	0	0	2579	35.5
A_HA	103	2559	A	0	0	2559	35.6
A_HA	104	2501	T	0	0	2501	37.7
A_HA	105	2475	A	0	0	2475	35.1
A_HA	106	2711	A	0	0	2711	37.3
A_HA	107	2226	T	0	0	2226	34.2
A_HA	108	2412	G	0	0	2412	34.7
A_HA	109	2405	G	0	0	2405	35.4
A_HA	110	2212	A	0	0	2212	36.3
A_HA	111	2560	A	0	0	2560	35.6
A_HA	112	2458	A	0	0	2458	36.0
A_HA	113	2611	A	0	0	2611	36.5
A_HA	114	2419	G	0	0	2419	36.2
A_HA	115	2537	A	0	0	2537	37.3
A_HA	116	2407	A	0	0	2407	34.7
A_HA	117	2540	C	0	0	2540	37.9
A_HA	118	2715	G	0	0	2715	34.7
A_HA	119	1950	T	0	0	1950	36.0
A_HA	120	2308	C	0	0	2308	37.4
A_HA	121	2211	A	0	0	2211	35.5
A_HA	122	2217	C	0	0	2217	38.0
A_HA	123	2453	T	0	0	2453	36.9
A_HA	124	2140	G	0	0	2140	37.3
A_HA	125	2236	T	0	0	2236	36.6
A_HA	126	2199	T	0	0	2199	36.2
A_HA	127	2160	A	0	0	2160	35.7
A_HA	128	2277	C	0	0	2277	34.1
A_HA	129	2384	A	0	0	2384	36.1
A_HA	130	2467	C	0	0	2467	37.5
A_HA	131	2414	A	0	0	2414	34.6
A_HA	132	2577	T	0	0	2577	34.2
A_HA	133	1884	G	0	0	1884	36.8
A_HA	134	2402	C	0	0	2402	35.9
A_HA	135	2310	C	0	0	2310	37.3
A_HA	136	2228	C	0	0	2228	34.9
A_HA	137	2063	A	0	0	2063	37.8
A_HA	138	2093	A	0	0	2093	35.8
A_HA	139	2436	G	0	0	2436	36.4
A_HA	140	2167	A	0	0	2167	36.5
A_HA	141	2280	C	0	0	2280	35.5
A_HA	142	2209	A	0	0	2209	34.4
A_HA	143	2155	T	0	0	2155	37.1
A_HA	144	2333	A	0	0	2333	37.8
A_HA	145	2237	C	0	0	2237	36.8
A_HA	146	2065	T	0	0	2065	37.3
A_HA	147	2001	G	0	0	2001	37.5
A_HA	148	2174	G	0	0	2174	37.7
A_HA	149	2247	A	0	0	2247	35.9
A_HA	150	2019	A	0	0	2019	34.1
A_HA	151	2134	A	0	0	2134	35.2
A_HA	152	2206	A	0	0	2206	34.8
A_HA	153	1970	A	0	0	1970	35.0
A_HA	154	2212	A	0	0	2212	36.9
A_HA	155	2236	C	0	0	2236	36.7
A_HA	156	2432	A	0	0	2432	37.4
A_HA	157	2210	C	0	0	2210	34.8
A_HA	158	2132	A	0	0	2132	36.0
A_HA	159	2199	C	0	0	2199	36.4
A_HA	160	2256	A	0	0	2256	34.7
A_HA	161	1976	A	0	0	1976	36.7
A_HA	162	2071	C	0	0	2071	37.8
A_HA	163	1818	G	0	0	1818	35.1
A_HA	164	1923	G	0	0	1923	36.8
A_HA	165	1868	G	0	0	1868	35.6
A_HA	166	1761	A	0	0	1761	35.1
A_HA	167	2043	A	0	0	2043	34.4
A_HA	168	2090	G	0	0	2090	36.7
A_HA	169	2048	C	0	0	2048	36.7
A_HA	170	1980	T	0	0	1980	34.8
A_HA	171	2146	C	0	0	2146	36.9
A_HA	172	2229	T	0	0	2229	36.7
A_HA	173	2103	G	0	0	2103	36.9
A_HA	174	2201	T	0	0	2201	35.2
A_HA	175	2225	G	0	0	2225	35.5
A_HA	176	1823	A	0	0	1823	37.3
A_HA	177	1885	T	0	0	1885	34.0
A_HA	178	1990	T	0	0	1990	36.7
A_HA	179	2038	T	0	0	2038	34.4
A_HA	180	2108	A	0	0	2108	37.7
A_HA	181	1835	A	0	0	1835	37.6
A_HA	182	2056	A	0	0	2056	36.0
A_HA	183	2106	T	0	0	2106	37.8
A_HA	184	1837	G	0	0	1837	35.5
A_HA	185	2052	G	0	0	2052	36.4
A_HA	186	2011	G	0	0	2011	35.8
A_HA	187	1953	G	0	0	1953	37.7
A_HA	188	2117	T	0	0	2117	34.9
A_HA	189	1794	G	0	0	1794	35.5
A_HA	190	2249	A	0	0	2249	37.3
A_HA	191	2028	A	0	0	2028	34.8
A_HA	192	2061	G	0	0	2061	35.1
A_HA	193	1871	C	0	0	1871	37.0
A_HA	194	1956	C	0	0	1956	36.0
A_HA	195	2138	A	0	0	2138	34.1
A_HA	196	2307	C	0	0	2307	35.1
A_HA	197	2126	T	0	0	2126	37.4
A_HA	198	1992	G	0	0	1992	35.5
A_HA	199	2280	A	0	0	2280	36.3
A_HA	200	2009	T	0	0	2009	36.5
A_HA	201	1886	T	0	0	1886	37.4
A_HA	202	2037	T	0	0	2037	35.7
A_HA	203	1916	T	0	0	1916	34.1
A_HA	204	2089	A	0	0	2089	37.3
A_HA	205	2044	A	0	0	2044	35.7
A_HA	206	2112	A	0	0	2112	34.5
A_HA	207	2244	G	0	0	2244	34.1
A_HA	208	2414	G	0	0	2414	35.9
A_HA	209	2013	A	0	0	2013	36.5
A_HA	210	2083	T	0	0	2083	37.6
A_HA	211	2012	T	0	0	2012	34.7
A_HA	212	2067	G	0	0	2067	34.7
A_HA	213	2273	T	0	0	2273	34.5
A_HA	214	2077	A	0	0	2077	36.6
A_HA	215	2248	G	0	0	2248	36.7
A_HA	216	2372	T	0	0	2372	35.0
A_HA	217	2034	G	0	0	2034	35.2
A_HA	218	2141	T	0	0	2141	36.7
A_HA	219	2201	A	0	0	2201	34.2
A_HA	220	2225	G	0	0	2225	37.3
A_HA	221	2239	C	0	0	2239	35.2
A_HA	222	2360	T	0	0	2360	35.4
A_HA	223	2493	G	0	0	2493	36.6
A_HA	224	2147	G	0	0	2147	36.9
A_HA	225	2111	A	0	0	2111	35.4
A_HA	226	2124	T	0	0	2124	34.4
A_HA	227	2282	G	0	0	2282	36.1
A_HA	228	2427	G	0	0	2427	34.3
A_HA	229	2562	C	0	0	2562	34.4
A_HA	230	2161	T	0	0	2161	37.2
A_HA	231	2144	C	0	0	2144	35.7
A_HA	232	2371	C	0	0	2371	34.2
A_HA	233	2240	T	0	0	2240	36.1
A_HA	234	2302	C	0	0	2302	35.5
A_HA	235	2409	G	0	0	2409	37.3
A_HA	236	2495	G	0	0	2495	34.6
A_HA	237	2158	A	0	0	2158	35.6
A_HA	238	2269	A	0	0	2269	36.9
A_HA	239	2321	A	0	0	2321	36.3
A_HA	240	2292	C	0	0	2292	37.2
A_HA	241	2444	C	0	0	2444	37.4
A_HA	242	2304	C	0	0	2304	36.7
A_HA	243	2297	A	0	0	2297	35.7
A_HA	244	2156	A	0	0	2156	36.5
A_HA	245	2642	T	0	0	2642	37.5
A_HA	246	2448	G	0	0	2448	36.7
A_HA	247	2714	T	0	0	2714	37.9
A_HA	248	2360	G	0	0	2360	34.4
A_HA	249	2788	C	0	0	2788	37.0
A_HA	250	2668	G	0	0	2668	36.8
A_HA	251	2388	A	0	0	2388	35.5
A_HA	252	2533	C	0	0	2533	35.6
A_HA	253	2640	G	0	0	2640	36.4
A_HA	254	2628	A	0	0	2628	35.0
A_HA	255	2884	A	0	0	2884	36.1
A_HA	256	2528	T	0	0	2528	34.1
A_HA	257	2562	T	0	0	2562	35.8
A_HA	258	2502	C	0	0	2502	34.8
A_HA	259	2786	A	0	0	2786	34.7
A_HA	260	2887	T	0	0	2887	36.7
A_HA	261	2745	C	0	0	2745	36.4
A_HA	262	3179	A	0	0	3179	34.2
A_HA	263	2804	G	0	0	2804	37.8
A_HA	264	2595	A	0	0	2595	37.7
A_HA	265	2622	G	0	0	2622	34.8
A_HA	266	3085	T	0	0	3085	35.1
A_HA	267	2983	G	0	0	2983	37.1
A_HA	268	2707	C	0	0	2707	34.6
A_HA	269	2960	C	0	0	2960	36.2
A_HA	270	2672	G	0	0	2672	37.3
A_HA	271	2909	G	0	0	2909	37.6
A_HA	272	2695	A	0	0	2695	35.6
A_HA	273	2863	A	0	0	2863	34.0
A_HA	274	2740	T	0	0	2740	36.8
A_HA	275	3184	G	0	0	3184	34.1
A_HA	276	2833	G	0	0	2833	35.7
A_HA	277	3233	T	0	0	3233	34.0
A_HA	278	2976	C	0	0	2976	35.9
A_HA	279	2924	C	0	0	2924	34.4
A_HA	280	3066	T	0	0	3066	36.1
A_HA	281	2975	A	0	0	2975	37.8
A_HA	282	3283	C	0	0	3283	37.4
A_HA	283	2917	A	0	0	2917	37.9
A_HA	284	2822	T	0	0	2822	34.8
A_HA	285	3367	A	0	0	3367	36.3
A_HA	286	3452	G	0	0	3452	37.9
A_HA	287	3088	T	0	0	3088	35.9
A_HA	288	3020	G	0	0	3020	37.4
A_HA	289	3041	G	0	0	3041	35.6
A_HA	290	3244	A	0	0	3244	34.6
A_HA	291	3568	G	0	0	3568	36.6
A_HA	292	3381	C	0	0	3381	34.1
A_HA	293	3233	G	0	0	3233	35.8
A_HA	294	3109	G	0	0	3109	37.8
A_HA	295	3203	G	0	0	3203	34.9
A_HA	296	3089	C	0	0	3089	35.3
A_HA	297	3111	T	0	0	3111	36.0
A_HA	298	3218	A	0	0	3218	35.3
A_HA	299	3288	A	0	0	3288	37.5
A_HA	300	2860	C	0	0	2860	37.4
A_HA	301	3301	C	0	0	3301	36.8
A_HA	302	3254	C	0	0	3254	36.6
A_HA	303	3099	A	0	0	3099	35.2
A_HA	304	3206	G	0	0	3206	35.3
A_HA	305	3393	C	0	0	3393	35.7
A_HA	306	3225	T	0	0	3225	36.3
A_HA	307	3110	A	0	0	3110	35.6
A_HA	308	3518	A	0	0	3518	37.0
A_HA	309	3182	T	0	0	3182	38.0
A_HA	310	3429	G	0	0	3429	36.7
A_HA	311	3710	A	0	0	3710	36.9
A_HA	312	3532	C	0	0	3532	36.4
A_HA	313	3465	C	0	0	3465	36.9
A_HA	314	3595	T	0	0	3595	35.0
A_HA	315	3273	C	0	0	3273	36.7
A_HA	316	3279	T	0	0	3279	37.6
A_HA	317	3265	G	0	0	3265	37.8
A_HA	318	3049	T	0	0	3049	35.3
A_HA	319	3419	T	0	0	3419	37.0
A_HA	320	3263	A	0	0	3263	37.3
A_HA	321	3324	C	0	0	3324	36.0
A_HA	322	3568	C	0	0	3568	34.6
A_HA	323	3293	C	0	0	3293	34.2
A_HA	324	3673	A	0	0	3673	36.7
A_HA	325	3384	G	0	0	3384	37.2
A_HA	326	3511	G	0	0	3511	37.7
A_HA	327	3572	G	0	0	3572	36.5
A_HA	328	3646	A	0	0	3646	37.3
A_HA	329	3005	G	0	0	3005	35.5
A_HA	330	3615	C	0	0	3615	37.9
A_HA	331	3286	C	0	0	3286	36.0
A_HA	332	4113	T	0	0	4113	37.0
A_HA	333	3329	C	0	0	3329	36.9
A_HA	334	3335	A	0	0	3335	37.0
A_HA	335	3710	A	0	0	3710	34.2
A_HA	336	3555	T	0	0	3555	35.0
A_HA	337	3752	G	0	0	3752	36.5
A_HA	338	3569	A	0	0	3569	34.8
A_HA	339	3376	C	0	0	3376	36.4
A_HA	340	3705	T	0	0	3705	34.0
A_HA	341	3814	A	0	0	3814	34.1
A_HA	342	3436	T	0	0	3436	35.7
A_HA	343	3683	G	0	0	3683	35.6
A_HA	344	3693	A	0	0	3693	35.4
A_HA	345	3330	A	0	0	3330	35.7
A_HA	346	3837	G	0	0	3837	36.7
A_HA	347	3735	A	0	0	3735	34.6
A_HA	348	3490	A	0	0	3490	36.2
A_HA	349	3449	C	0	0	3449	37.2
A_HA	350	3900	T	0	0	3900	36.1
A_HA	351	3305	G	0	0	3305	37.7
A_HA	352	3690	A	0	0	3690	36.8
A_HA	353	4279	A	0	0	4279	35.7
A_HA	354	3411	A	0	0	3411	35.9
A_HA	355	3366	C	0	0	3366	37.0
A_HA	356	3603	A	0	0	3603	37.0
A_HA	357	3481	C	0	0	3481	34.8
A_HA	358	3121	A	0	0	3121	37.6
A_HA	359	3960	T	0	0	3960	35.1
A_HA	360	3564	G	0	0	3564	37.7
A_HA	361	3613	T	0	0	3613	35.4
A_HA	362	3588	T	0	0	3588	35.4
A_HA	363	3518	G	0	0	3518	35.4
A_HA	364	3490	A	0	0	3490	38.0
A_HA	365	3886	G	0	0	3886	34.8
A_HA	366	3518	C	0	0	3518	35.4
A_HA	367	3407	A	0	0	3407	35.9
A_HA	368	3302	G	0	0	3302	35.0
A_HA	369	3242	A	0	0	3242	37.8
A_HA	370	3689	A	0	0	3689	37.5
A_HA	371	3462	T	0	0	3462	36.1
A_HA	372	3190	A	0	0	3190	36.9
A_HA	373	3403	A	0	0	3403	37.1
A_HA	374	3293	A	0	0	3293	36.3
A_HA	375	3407	T	0	0	3407	36.9
A_HA	376	3261	C	0	0	3261	35.5
A_HA	377	3313	A	0	0	3313	37.4
A_HA	378	3319	T	0	0	3319	35.3
A_HA	379	3617	T	0	0	3617	36.8
A_HA	380	3260	T	0	0	3260	36.1
A_HA	381	3388	T	0	0	3388	35.5
A_HA	382	3334	G	0	0	3334	35.2
A_HA	383	3424	A	0	0	3424	34.9
A_HA	384	3387	G	0	0	3387	34.8
A_HA	385	3500	A	0	0	3500	37.8
A_HA	386	3086	A	0	0	3086	36.5
A_HA	387	3299	G	0	0	3299	34.0
A_HA	388	3243	A	0	0	3243	35.8
A_HA	389	3469	T	0	0	3469	36.4
A_HA	390	2960	T	0	0	2960	36.6
A_HA	391	2997	C	0	0	2997	37.9
A_HA	392	3079	A	0	0	3079	35.3
A_HA	393	3245	G	0	0	3245	36.3
A_HA	394	2906	A	0	0	2906	37.3
A_HA	395	2925	T	0	0	2925	35.2
A_HA	396	3156	C	0	0	3156	37.2
A_HA	397	3089	A	0	0	3089	37.4
A_HA	398	3230	T	0	0	3230	36.5
A_HA	399	2895	T	0	0	2895	37.2
A_HA	400	3200	C	0	0	3200	38.0
A_HA	401	3100	C	0	0	3100	34.3
A_HA	402	3145	C	0	0	3145	34.0
A_HA	403	3002	A	0	0	3002	35.2
A_HA	404	3264	A	0	0	3264	37.0
A_HA	405	2967	G	0	0	2967	36.9
A_HA	406	3113	A	0	0	3113	36.5
A_HA	407	3193	G	0	0	3193	34.9
A_HA	408	2848	T	0	0	2848	35.2
A_HA	409	2710	T	0	0	2710	35.6
A_HA	410	2948	C	0	0	2948	37.2
A_HA	411	2856	C	0	0	2856	37.9
A_HA	412	2874	T	0	0	2874	35.8
A_HA	413	2500	G	0	0	2500	35.0
A_HA	414	2793	G	0	0	2793	37.2
A_HA	415	2753	C	0	0	2753	36.6
A_HA	416	3462	C	0	0	3462	34.4
A_HA	417	2850	A	0	0	2850	35.6
A_HA	418	3028	A	0	0	3028	37.7
A_HA	419	2966	A	0	0	2966	34.5
A_HA	420	2998	T	0	0	2998	37.1
A_HA	421	3267	C	0	0	3267	37.0
A_HA	422	2493	A	0	0	2493	35.2
A_HA	423	2943	T	0	0	2943	37.0
A_HA	424	2862	G	0	0	2862	35.5
A_HA	425	2704	A	0	0	2704	36.3
A_HA	426	3129	A	0	0	3129	35.5
A_HA	427	2779	A	0	0	2779	37.2
A_HA	428	3040	C	0	0	3040	34.4
A_HA	429	3044	A	0	0	3044	34.1
A_HA	430	2527	T	0	0	2527	35.0
A_HA	431	3070	C	0	0	3070	35.7
A_HA	432	2726	A	0	0	2726	37.6
A_HA	433	2722	C	0	0	2722	37.1
A_HA	434	2713	T	0	0	2713	36.3
A_HA	435	2844	A	0	0	2844	37.9
A_HA	436	2794	G	0	0	2794	34.2
A_HA	437	2890	G	0	0	2890	34.8
A_HA	438	2567	G	0	0	2567	36.2
A_HA	439	2588	G	0	0	2588	34.7
A_HA	440	2629	T	0	0	2629	37.2
A_HA	441	2777	G	0	0	2777	36.8
A_HA	442	2741	A	0	0	2741	35.7
A_HA	443	2636	G	0	0	2636	35.7
A_HA	444	2628	C	0	0	2628	35.9
A_HA	445	2766	G	0	0	2766	36.1
A_HA	446	2896	C	0	0	2896	34.1
A_HA	447	2826	A	0	0	2826	34.1
A_HA	448	2630	G	0	0	2630	37.4
A_HA	449	2970	C	0	0	2970	38.0
A_HA	450	2888	T	0	0	2888	35.3
A_HA	451	2800	T	0	0	2800	34.6
A_HA	452	2612	G	0	0	2612	34.3
A_HA	453	2619	T	0	0	2619	35.6
A_HA	454	2943	C	0	0	2943	37.6
A_HA	455	2930	C	0	0	2930	34.7
A_HA	456	2360	A	0	0	2360	34.1
A_HA	457	2627	T	0	0	2627	38.0
A_HA	458	2632	A	0	0	2632	34.5
A_HA	459	2706	C	0	0	2706	34.4
A_HA	460	2479	C	0	0	2479	36.6
A_HA	461	2642	A	0	0	2642	35.6
A_HA	462	2749	G	0	0	2749	35.1
A_HA	463	2648	G	0	0	2648	37.2
A_HA	464	2497	G	0	0	2497	37.3
A_HA	465	2763	A	0	0	2763	37.6
A_HA	466	2582	G	0	0	2582	35.1
A_HA	467	2724	C	0	0	2724	34.2
A_HA	468	2775	G	0	0	2775	36.8
A_HA	469	2796	C	0	0	2796	36.5
A_HA	470	2687	C	0	0	2687	37.2
A_HA	471	2580	C	0	0	2580	36.5
A_HA	472	2537	T	0	0	2537	35.7
A_HA	473	2614	C	0	0	2614	36.1
A_HA	474	2397	C	0	0	2397	36.0
A_HA	475	2851	T	0	0	2851	34.8
A_HA	476	2667	T	0	0	2667	36.8
A_HA	477	2371	T	0	0	2371	36.4
A_HA	478	2423	T	0	0	2423	37.1
A_HA	479	2746	T	0	0	2746	34.2
A_HA	480	2692	C	0	0	2692	36.9
A_HA	481	2343	A	0	0	2343	37.4
A_HA	482	2712	G	0	0	2712	36.2
A_HA	483	2638	A	0	0	2638	36.3
A_HA	484	2630	A	0	0	2630	37.2
A_HA	485	2729	A	0	0	2729	37.0
A_HA	486	2597	T	0	0	2597	37.2
A_HA	487	2569	G	0	0	2569	35.0
A_HA	488	2620	T	0	0	2620	36.4
A_HA	489	2464	G	0	0	2464	35.5
A_HA	490	2793	G	0	0	2793	36.0
A_HA	491	2409	T	0	0	2409	35.4
A_HA	492	2512	G	0	0	2512	37.8
A_HA	493	2575	T	0	0	2575	36.6
A_HA	494	2706	G	0	0	2706	37.7
A_HA	495	2453	G	0	0	2453	36.5
A_HA	496	2677	C	0	0	2677	34.1
A_HA	497	2419	T	0	0	2419	34.4
A_HA	498	2591	T	0	0	2591	36.4
A_HA	499	2806	A	0	0	2806	34.2
A_HA	500	2694	T	0	0	2694	37.3
A_HA	501	2909	C	0	0	2909	36.6
A_HA	502	2731	A	0	0	2731	36.4
A_HA	503	2690	A	0	0	2690	37.8
A_HA	504	2874	A	0	0	2874	35.3
A_HA	505	2541	A	0	0	2541	37.9
A_HA	506	2915	A	0	0	2915	36.4
A_HA	507	2515	G	0	0	2515	35.8
A_HA	508	2842	A	0	0	2842	35.9
A_HA	509	2784	A	0	0	2784	36.5
A_HA	510	2639	C	0	0	2639	36.9
A_HA	511	2888	G	0	0	2888	36.5
A_HA	512	3090	A	0	0	3090	37.0
A_HA	513	2820	T	0	0	2820	35.6
A_HA	514	2630	G	0	0	2630	36.1
A_HA	515	2602	C	0	0	2602	34.9
A_HA	516	2870	A	0	0	2870	34.2
A_HA	517	2755	T	0	0	2755	37.2
A_HA	518	2597	A	0	0	2597	37.9
A_HA	519	2532	C	0	0	2532	34.3
A_HA	520	2661	C	0	0	2661	37.6
A_HA	521	2815	C	0	0	2815	34.1
A_HA	522	2828	A	0	0	2828	36.2
A_HA	523	2864	A	0	0	2864	36.1
A_HA	524	2443	C	0	0	2443	35.2
A_HA	525	3005	A	0	0	3005	36.6
A_HA	526	2944	A	0	0	2944	36.4
A_HA	527	2744	T	0	0	2744	37.5
A_HA	528	2581	A	0	0	2581	34.8
A_HA	529	3007	A	0	0	3007	37.8
A_HA	530	2924	A	0	0	2924	35.4
A_HA	531	2872	G	0	0	2872	34.8
A_HA	532	2671	A	0	0	2671	34.6
A_HA	533	2514	T	0	0	2514	34.1
A_HA	534	2719	A	0	0	2719	37.3
A_HA	535	2985	A	0	0	2985	38.0
A_HA	536	2818	G	0	0	2818	34.6
A_HA	537	2705	C	0	0	2705	36.1
A_HA	538	2899	T	0	0	2899	34.0
A_HA	539	2405	A	0	0	2405	35.4
A_HA	540	2781	C	0	0	2781	37.7
A_HA	541	2774	A	0	0	2774	37.6
A_HA	542	2898	A	0	0	2898	35.3
A_HA	543	2876	T	0	0	2876	35.7
A_HA	544	2849	A	0	0	2849	34.6
A_HA	545	2714	A	0	0	2714	34.8
A_HA	546	2744	T	0	0	2744	36.4
A_HA	547	2899	A	0	0	2899	36.1
A_HA	548	2777	C	0	0	2777	37.5
A_HA	549	2663	T	0	0	2663	36.1
A_HA	550	2908	A	0	0	2908	36.6
A_HA	551	3003	A	0	0	3003	34.4
A_HA	552	2600	T	0	0	2600	35.4
A_HA	553	2508	C	0	0	2508	34.4
A_HA	554	2833	G	0	0	2833	37.1
A_HA	555	2804	G	0	0	2804	35.6
A_HA	556	2680	G	0	0	2680	37.5
A_HA	557	2813	A	0	0	2813	35.5
A_HA	558	2571	A	0	0	2571	36.3
A_HA	559	2961	G	0	0	2961	36.1
A_HA	560	2604	A	0	0	2604	35.6
A_HA	561	2630	T	0	0	2630	34.9
A_HA	562	2583	C	0	0	2583	34.4
A_HA	563	2805	T	0	0	2805	36.8
A_HA	564	2709	C	0	0	2709	35.9
A_HA	565	2801	T	0	0	2801	37.9
A_HA	566	2609	T	0	0	2609	34.9
A_HA	567	2638	G	0	0	2638	34.2
A_HA	568	2748	A	0	0	2748	34.0
A_HA	569	2757	T	0	0	2757	37.1
A_HA	570	2928	A	0	0	2928	35.5
A_HA	571	2867	C	0	0	2867	36.0
A_HA	572	2810	T	0	0	2810	35.3
A_HA	573	3008	G	0	0	3008	34.5
A_HA	574	2803	T	0	0	2803	36.3
A_HA	575	2337	G	0	0	2337	35.1
A_HA	576	2548	G	0	0	2548	37.6
A_HA	577	2571	G	0	0	2571	35.7
A_HA	578	2769	G	0	0	2769	37.7
A_HA	579	2574	G	0	0	2574	35.8
A_HA	580	2830	A	0	0	2830	36.2
A_HA	581	2708	T	0	0	2708	34.3
A_HA	582	2611	T	0	0	2611	36.1
A_HA	583	2527	C	0	0	2527	35.2
A_HA	584	2856	A	0	0	2856	36.4
A_HA	585	2691	T	0	0	2691	36.8
A_HA	586	2964	C	0	0	2964	37.0
A_HA	587	2715	A	0	0	2715	35.7
A_HA	588	2441	T	0	0	2441	37.8
A_HA	589	2501	T	0	0	2501	35.5
A_HA	590	2420	C	0	0	2420	35.2
A_HA	591	2586	C	0	0	2586	36.1
A_HA	592	2846	A	0	0	2846	36.9
A_HA	593	2811	A	0	0	2811	36.5
A_HA	594	2500	C	0	0	2500	35.6
A_HA	595	2490	A	0	0	2490	34.5
A_HA	596	2719	A	0	0	2719	36.9
A_HA	597	2445	T	0	0	2445	37.5
A_HA	598	2356	G	0	0	2356	35.6
A_HA	599	2527	C	0	0	2527	35.1
A_HA	600	2522	A	0	0	2522	37.5
A_HA	601	2320	G	0	0	2320	34.0
A_HA	602	2563	A	0	0	2563	35.5
A_HA	603	2247	A	0	0	2247	36.3
A_HA	604	2425	G	0	0	2425	36.6
A_HA	605	2443	A	0	0	2443	34.5
A_HA	606	2571	G	0	0	2571	37.9
A_HA	607	2461	C	0	0	2461	34.5
A_HA	608	2313	A	0	0	2313	36.6
A_HA	609	2426	G	0	0	2426	37.0
A_HA	610	2316	A	0	0	2316	36.1
A_HA	611	2360	C	0	0	2360	36.7
A_HA	612	2320	A	0	0	2320	35.5
A_HA	613	2523	A	0	0	2523	34.7
A_HA	614	2470	A	0	0	2470	34.2
A_HA	615	2253	T	0	0	2253	35.3
A_HA	616	2035	C	0	0	2035	35.2
A_HA	617	2289	T	0	0	2289	37.9
A_HA	618	2435	C	0	0	2435	37.7
A_HA	619	2384	T	0	0	2384	37.9
A_HA	620	2167	A	0	0	2167	36.4
A_HA	621	2326	C	0	0	2326	35.8
A_HA	622	2321	A	0	0	2321	35.8
A_HA	623	2210	A	0	0	2210	34.8
A_HA	624	2195	A	0	0	2195	37.4
A_HA	625	2201	A	0	0	2201	34.2
A_HA	626	2226	A	0	0	2226	36.6
A_HA	627	2247	C	0	0	2247	35.1
A_HA	628	2055	C	0	0	2055	36.0
A_HA	629	2343	C	0	0	2343	35.9
A_HA	630	1984	A	0	0	1984	37.3
A_HA	631	2255	A	0	0	2255	35.9
A_HA	632	2420	C	0	0	2420	34.4
A_HA	633	2267	C	0	0	2267	35.3
A_HA	634	1883	A	0	0	1883	35.5
A_HA	635	2127	C	0	0	2127	35.4
A_HA	636	1976	C	0	0	1976	36.4
A_HA	637	2004	T	0	0	2004	36.4
A_HA	638	2086	A	0	0	2086	36.4
A_HA	639	2091	C	0	0	2091	37.7
A_HA	640	1822	A	0	0	1822	36.1
A_HA	641	2298	T	0	0	2298	37.9
A_HA	642	2061	T	0	0	2061	35.3
A_HA	643	1853	T	0	0	1853	36.0
A_HA	644	2162	C	0	0	2162	35.3
A_HA	645	1687	A	0	0	1687	35.5
A_HA	646	1757	G	0	0	1757	34.7
A_HA	647	1920	T	0	0	1920	35.5
A_HA	648	2098	T	0	0	2098	37.1
A_HA	649	2094	G	0	0	2094	34.0
A_HA	650	1977	G	0	0	1977	37.6
A_HA	651	2076	A	0	0	2076	36.5
A_HA	652	2062	A	0	0	2062	34.9
A_HA	653	2004	C	0	0	2004	34.8
A_HA	654	1936	A	0	0	1936	34.7
A_HA	655	2043	T	0	0	2043	34.4
A_HA	656	2069	C	0	0	2069	35.1
A_HA	657	1904	A	0	0	1904	34.2
A_HA	658	1921	A	0	0	1921	37.7
A_HA	659	1944	C	0	0	1944	37.1
A_HA	660	2123	T	0	0	2123	35.9
A_HA	661	1982	T	0	0	1982	35.5
A_HA	662	1797	T	0	0	1797	37.0
A_HA	663	1986	A	0	0	1986	35.6
A_HA	664	1683	A	0	0	1683	36.5
A_HA	665	1815	A	0	0	1815	34.1
A_HA	666	1654	C	0	0	1654	35.2
A_HA	667	1864	C	0	0	1864	35.3
A_HA	668	1683	A	0	0	1683	35.0
A_HA	669	1734	G	0	0	1734	36.1
A_HA	670	1778	A	0	0	1778	37.1
A_HA	671	1816	G	0	0	1816	35.3
A_HA	672	1914	G	0	0	1914	37.7
A_HA	673	1913	T	0	0	1913	36.5
A_HA	674	1701	T	0	0	1701	34.1
A_HA	675	1755	G	0	0	1755	34.8
A_HA	676	1717	G	0	0	1717	36.4
A_HA	677	1826	C	0	0	1826	37.9
A_HA	678	1789	A	0	0	1789	35.4
A_HA	679	1907	C	0	0	1907	36.7
A_HA	680	1902	C	0	0	1902	34.4
A_HA	681	1796	A	0	0	1796	35.3
A_HA	682	1838	A	0	0	1838	36.2
A_HA	683	1903	A	0	0	1903	36.4
A_HA	684	1707	A	0	0	1707	35.9
A_HA	685	1711	A	0	0	1711	35.6
A_HA	686	1516	T	0	0	1516	37.8
A_HA	687	1744	A	0	0	1744	34.7
A_HA	688	1627	G	0	0	1627	35.7
A_HA	689	1503	C	0	0	1503	36.0
A_HA	690	1835	T	0	0	1835	37.0
A_HA	691	1882	A	0	0	1882	36.6
A_HA	692	1806	C	0	0	1806	34.2
A_HA	693	1780	T	0	0	1780	36.4
A_HA	694	1800	A	0	0	1800	36.5
A_HA	695	1724	G	0	0	1724	35.2
A_HA	696	1880	A	0	0	1880	35.1
A_HA	697	1667	T	0	0	1667	37.8
A_HA	698	1962	C	0	0	1962	34.5
A_HA	699	1683	C	0	0	1683	34.3
A_HA	700	1810	C	0	0	1810	37.6
A_HA	701	1612	A	0	0	1612	36.6
A_HA	702	1737	A	0	0	1737	34.7
A_HA	703	1703	G	0	0	1703	34.4
A_HA	704	1720	T	0	0	1720	36.0
A_HA	705	1864	A	0	0	1864	35.7
A_HA	706	1649	A	0	0	1649	36.2
A_HA	707	1733	A	0	0	1733	36.6
A_HA	708	1767	C	0	0	1767	34.1
A_HA	709	1812	G	0	0	1812	35.7
A_HA	710	1903	G	0	0	1903	34.8
A_HA	711	1728	G	0	0	1728	37.6
A_HA	712	1894	C	0	0	1894	36.8
A_HA	713	1919	A	0	0	1919	35.8
A_HA	714	1863	A	0	0	1863	34.7
A_HA	715	1829	C	0	0	1829	34.2
A_HA	716	1850	G	0	0	1850	34.6
A_HA	717	1793	T	0	0	1793	34.3
A_HA	718	1987	G	0	0	1987	36.6
A_HA	719	1914	G	0	0	1914	36.1
A_HA	720	1756	A	0	0	1756	36.5
A_HA	721	1853	A	0	0	1853	37.4
A_HA	722	2044	G	0	0	2044	34.1
A_HA	723	1931	A	0	0	1931	37.2
A_HA	724	1860	A	0	0	1860	37.4
A_HA	725	2178	T	0	0	2178	37.1
A_HA	726	1896	G	0	0	1896	35.5
A_HA	727	1851	G	0	0	1851	36.6
A_HA	728	2049	A	0	0	2049	36.0
A_HA	729	1798	C	0	0	1798	37.5
A_HA	730	2111	T	0	0	2111	36.9
A_HA	731	1820	T	0	0	1820	37.1
A_HA	732	2119	C	0	0	2119	34.4
A_HA	733	2079	T	0	0	2079	36.1
A_HA	734	1897	T	0	0	1897	36.9
A_HA	735	1881	C	0	0	1881	35.7
A_HA	736	2278	T	0	0	2278	34.5
A_HA	737	2096	G	0	0	2096	35.8
A_HA	738	2043	G	0	0	2043	37.7
A_HA	739	1976	A	0	0	1976	37.8
A_HA	740	2061	C	0	0	2061	36.1
A_HA	741	2205	A	0	0	2205	36.6
A_HA	742	2233	A	0	0	2233	34.9
A_HA	743	2208	T	0	0	2208	36.3
A_HA	744	2040	C	0	0	2040	34.8
A_HA	745	2223	T	0	0	2223	35.9
A_HA	746	2325	T	0	0	2325	35.8
A_HA	747	2257	A	0	0	2257	34.2
A_HA	748	2463	A	0	0	2463	35.4
A_HA	749	2416	A	0	0	2416	35.3
A_HA	750	2391	A	0	0	2391	36.4
A_HA	751	2182	C	0	0	2182	36.7
A_HA	752	2307	C	0	0	2307	34.7
A_HA	753	2303	A	0	0	2303	37.4
A_HA	754	2251	G	0	0	2251	34.8
A_HA	755	2576	A	0	0	2576	37.0
A_HA	756	2398	T	0	0	2398	34.4
A_HA	757	2548	G	0	0	2548	34.9
A_HA	758	2277	A	0	0	2277	36.3
A_HA	759	2270	T	0	0	2270	34.4
A_HA	760	2390	G	0	0	2390	34.4
A_HA	761	2685	C	0	0	2685	35.8
A_HA	762	2250	A	0	0	2250	35.4
A_HA	763	2358	A	0	0	2358	37.5
A_HA	764	2651	T	0	0	2651	34.4
A_HA	765	2578	C	0	0	2578	34.0
A_HA	766	2470	C	0	0	2470	37.2
A_HA	767	2495	A	0	0	2495	36.1
A_HA	768	2506	T	0	0	2506	34.5
A_HA	769	2618	T	0	0	2618	35.4
A_HA	770	2388	T	0	0	2388	36.7
A_HA	771	2692	C	0	0	2692	37.5
A_HA	772	2600	G	0	0	2600	37.3
A_HA	773	2625	A	0	0	2625	34.5
A_HA	774	2755	G	0	0	2755	36.0
A_HA	775	3060	A	0	0	3060	34.9
A_HA	776	2662	G	0	0	2662	37.7
A_HA	777	2702	T	0	0	2702	37.7
A_HA	778	2789	A	0	0	2789	36.9
A_HA	779	2827	A	0	0	2827	35.3
A_HA	780	2630	C	0	0	2630	34.8
A_HA	781	2831	G	0	0	2831	34.4
A_HA	782	3189	G	0	0	3189	35.3
A_HA	783	3168	A	0	0	3168	37.1
A_HA	784	2702	A	0	0	2702	37.2
A_HA	785	2903	A	0	0	2903	36.4
A_HA	786	2605	T	0	0	2605	34.5
A_HA	787	2840	T	0	0	2840	37.8
A_HA	788	2863	T	0	0	2863	34.7
A_HA	789	2861	C	0	0	2861	37.3
A_HA	790	2764	A	0	0	2764	37.0
A_HA	791	2878	T	0	0	2878	37.9
A_HA	792	3102	T	0	0	3102	37.9
A_HA	793	3071	G	0	0	3071	36.5
A_HA	794	3078	C	0	0	3078	36.8
A_HA	795	2872	T	0	0	2872	37.8
A_HA	796	2686	C	0	0	2686	35.6
A_HA	797	2820	C	0	0	2820	36.0
A_HA	798	2989	A	0	0	2989	36.9
A_HA	799	2892	G	0	0	2892	34.2
A_HA	800	2998	A	0	0	2998	35.2
A_HA	801	3087	A	0	0	3087	37.6
A_HA	802	2911	T	0	0	2911	37.4
A_HA	803	2865	A	0	0	2865	37.8
A_HA	804	2960	T	0	0	2960	35.6
A_HA	805	3350	G	0	0	3350	35.0
A_HA	806	3001	C	0	0	3001	37.7
A_HA	807	2974	A	0	0	2974	36.8
A_HA	808	3031	T	0	0	3031	37.3
A_HA	809	3089	A	0	0	3089	34.1
A_HA	810	3099	C	0	0	3099	37.5
A_HA	811	2995	A	0	0	2995	35.8
A_HA	812	3330	A	0	0	3330	34.4
A_HA	813	3127	A	0	0	3127	35.5
A_HA	814	3257	A	0	0	3257	34.4
A_HA	815	3234	T	0	0	3234	37.3
A_HA	816	3019	T	0	0	3019	35.7
A_HA	817	3087	G	0	0	3087	37.4
A_HA	818	3085	T	0	0	3085	34.7
A_HA	819	3138	C	0	0	3138	35.2
A_HA	820	3280	A	0	0	3280	37.4
A_HA	821	3424	A	0	0	3424	34.8
A_HA	822	3207	G	0	0	3207	35.2
A_HA	823	3074	A	0	0	3074	35.7
A_HA	824	3465	A	0	0	3465	35.5
A_HA	825	2999	A	0	0	2999	36.5
A_HA	826	2908	G	0	0	2908	34.2
A_HA	827	3028	G	0	0	3028	37.4
A_HA	828	3207	G	0	0	3207	37.9
A_HA	829	2846	G	0	0	2846	37.5
A_HA	830	3235	A	0	0	3235	34.6
A_HA	831	2758	C	0	0	2758	36.0
A_HA	832	3267	T	0	0	3267	34.6
A_HA	833	3295	C	0	0	3295	34.2
A_HA	834	3198	A	0	0	3198	35.8
A_HA	835	3483	A	0	0	3483	37.5
A_HA	836	3369	C	0	0	3369	36.8
A_HA	837	3370	A	0	0	3370	35.4
A_HA	838	3443	A	0	0	3443	37.8
A_HA	839	3222	T	0	0	3222	36.4
A_HA	840	3036	T	0	0	3036	36.3
A_HA	841	3294	A	0	0	3294	37.7
A_HA	842	2779	T	0	0	2779	36.3
A_HA	843	3274	G	0	0	3274	34.5
A_HA	844	3183	A	0	0	3183	34.7
A_HA	845	3212	A	0	0	3212	37.6
A_HA	846	3422	A	0	0	3422	37.0
A_HA	847	3391	A	0	0	3391	37.3
A_HA	848	2785	G	0	0	2785	34.8
A_HA	849	3250	T	0	0	3250	36.7
A_HA	850	3183	G	0	0	3183	37.2
A_HA	851	3268	G	0	0	3268	37.3
A_HA	852	3177	A	0	0	3177	35.7
A_HA	853	3052	A	0	0	3052	37.8
A_HA	854	3113	T	0	0	3113	35.8
A_HA	855	3230	G	0	0	3230	35.4
A_HA	856	3071	G	0	0	3071	36.8
A_HA	857	3095	A	0	0	3095	37.0
A_HA	858	3117	A	0	0	3117	37.3
A_HA	859	3523	T	0	0	3523	36.4
A_HA	860	2931	A	0	0	2931	37.3
A_HA	861	3386	T	0	0	3386	36.7
A_HA	862	3422	G	0	0	3422	35.6
A_HA	863	3198	G	0	0	3198	36.5
A_HA	864	3105	C	0	0	3105	37.5
A_HA	865	3179	C	0	0	3179	35.5
A_HA	866	2961	A	0	0	2961	36.7
A_HA	867	3086	C	0	0	3086	35.7
A_HA	868	3027	T	0	0	3027	34.1
A_HA	869	3424	G	0	0	3424	37.9
A_HA	870	3091	C	0	0	3091	36.9
A_HA	871	3672	A	0	0	3672	35.0
A_HA	872	2923	A	0	0	2923	37.6
A_HA	873	3167	C	0	0	3167	34.0
A_HA	874	2891	A	0	0	2891	37.5
A_HA	875	3394	C	0	0	3394	36.6
A_HA	876	3049	C	0	0	3049	36.2
A_HA	877	3144	A	0	0	3144	35.7
A_HA	878	3295	A	0	0	3295	37.9
A_HA	879	3532	A	0	0	3532	36.6
A_HA	880	3045	T	0	0	3045	37.1
A_HA	881	3521	G	0	0	3521	37.9
A_HA	882	3160	T	0	0	3160	34.8
A_HA	883	2980	C	0	0	2980	34.8
A_HA	884	3207	A	0	0	3207	34.1
A_HA	885	2993	A	0	0	2993	35.9
A_HA	886	3126	A	0	0	3126	34.5
A_HA	887	2947	C	0	0	2947	35.8
A_HA	888	2831	C	0	0	2831	36.9
A_HA	889	3378	C	0	0	3378	35.1
A_HA	890	3092	C	0	0	3092	36.1
A_HA	891	2755	A	0	0	2755	35.2
A_HA	892	3128	G	0	0	3128	37.4
A_HA	893	3002	T	0	0	3002	35.4
A_HA	894	3149	A	0	0	3149	37.6
A_HA	895	2992	G	0	0	2992	36.2
A_HA	896	3134	G	0	0	3134	36.7
A_HA	897	3139	T	0	0	3139	35.1
A_HA	898	3134	G	0	0	3134	35.5
A_HA	899	2915	C	0	0	2915	35.9
A_HA	900	2884	G	0	0	2884	34.5
A_HA	901	2913	A	0	0	2913	35.2
A_HA	902	2949	T	0	0	2949	37.9
A_HA	903	2808	A	0	0	2808	37.0
A_HA	904	3126	A	0	0	3126	36.4
A_HA	905	2948	A	0	0	2948	36.3
A_HA	906	2676	T	0	0	2676	35.2
A_HA	907	2639	T	0	0	2639	36.6
A_HA	908	3337	C	0	0	3337	36.5
A_HA	909	3114	T	0	0	3114	34.2
A_HA	910	3082	A	0	0	3082	34.9
A_HA	911	2710	G	0	0	2710	37.1
A_HA	912	2816	T	0	0	2816	36.3
A_HA	913	3176	A	0	0	3176	37.0
A_HA	914	2780	T	0	0	2780	34.5
A_HA	915	2853	G	0	0	2853	37.5
A_HA	916	2787	C	0	0	2787	36.7
A_HA	917	3223	C	0	0	3223	36.6
A_HA	918	2874	A	0	0	2874	36.4
A_HA	919	2881	T	0	0	2881	34.6
A_HA	920	2698	T	0	0	2698	36.2
A_HA	921	2858	C	0	0	2858	37.3
A_HA	922	2788	C	0	0	2788	35.5
A_HA	923	3425	A	0	0	3425	37.2
A_HA	924	2748	C	0	0	2748	35.0
A_HA	925	3011	A	0	0	3011	37.8
A_HA	926	2859	A	0	0	2859	36.9
A_HA	927	2933	C	0	0	2933	37.6
A_HA	928	2968	A	0	0	2968	36.9
A_HA	929	3055	T	0	0	3055	34.6
A_HA	930	2598	A	0	0	2598	37.3
A_HA	931	3056	C	0	0	3056	35.3
A_HA	932	3102	A	0	0	3102	36.9
A_HA	933	2678	T	0	0	2678	34.0
A_HA	934	2735	C	0	0	2735	35.3
A_HA	935	2972	C	0	0	2972	34.1
A_HA	936	3033	T	0	0	3033	36.4
A_HA	937	3111	C	0	0	3111	34.9
A_HA	938	2859	T	0	0	2859	36.2
A_HA	939	2839	C	0	0	2839	37.2
A_HA	940	2859	A	0	0	2859	37.9
A_HA	941	2895	C	0	0	2895	36.7
A_HA	942	3028	C	0	0	3028	36.5
A_HA	943	2840	A	0	0	2840	36.5
A_HA	944	2803	T	0	0	2803	36.8
A_HA	945	3169	T	0	0	3169	35.6
A_HA	946	2709	G	0	0	2709	35.4
A_HA	947	2684	G	0	0	2684	35.8
A_HA	948	2649	G	0	0	2649	37.7
A_HA	949	2932	G	0	0	2932	37.4
A_HA	950	2821	A	0	0	2821	35.8
A_HA	951	2623	A	0	0	2623	35.7
A_HA	952	2608	T	0	0	2608	37.7
A_HA	953	2828	G	0	0	2828	35.1
A_HA	954	2730	C	0	0	2730	34.1
A_HA	955	3115	C	0	0	3115	36.6
A_HA	956	2986	C	0	0	2986	34.5
A_HA	957	2914	C	0	0	2914	36.8
A_HA	958	3065	A	0	0	3065	36.5
A_HA	959	2693	A	0	0	2693	35.1
A_HA	960	2934	A	0	0	2934	34.9
A_HA	961	2906	T	0	0	2906	37.2
A_HA	962	2862	A	0	0	2862	34.8
A_HA	963	2765	C	0	0	2765	35.9
A_HA	964	3152	G	0	0	3152	35.5
A_HA	965	3084	T	0	0	3084	35.9
A_HA	966	2907	G	0	0	2907	34.3
A_HA	967	2955	A	0	0	2955	35.6
A_HA	968	3054	A	0	0	3054	37.0
A_HA	969	2915	G	0	0	2915	37.6
A_HA	970	3102	T	0	0	3102	35.0
A_HA	971	3133	C	0	0	3133	35.4
A_HA	972	2969	A	0	0	2969	37.5
A_HA	973	2802	A	0	0	2802	34.9
A_HA	974	2814	A	0	0	2814	36.4
A_HA	975	2968	C	0	0	2968	34.4
A_HA	976	2616	A	0	0	2616	34.7
A_HA	977	2856	A	0	0	2856	37.4
A_HA	978	3051	G	0	0	3051	34.7
A_HA	979	3148	T	0	0	3148	36.3
A_HA	980	2910	T	0	0	2910	35.3
A_HA	981	3331	G	0	0	3331	36.4
A_HA	982	3246	G	0	0	3246	37.2
A_HA	983	2825	T	0	0	2825	35.4
A_HA	984	3064	C	0	0	3064	35.3
A_HA	985	2957	C	0	0	2957	36.0
A_HA	986	2993	T	0	0	2993	36.5
A_HA	987	3418	T	0	0	3418	36.0
A_HA	988	2973	G	0	0	2973	36.6
A_HA	989	3275	C	0	0	3275	37.6
A_HA	990	3112	G	0	0	3112	34.3
A_HA	991	3132	A	0	0	3132	36.0
A_HA	992	3429	C	0	0	3429	37.7
A_HA	993	3109	T	0	0	3109	34.3
A_HA	994	3490	G	0	0	3490	34.0
A_HA	995	3694	G	0	0	3694	34.1
A_HA	996	2956	G	0	0	2956	36.4
A_HA	997	2948	C	0	0	2948	37.5
A_HA	998	2930	T	0	0	2930	34.8
A_HA	999	3366	C	0	0	3366	34.6
A_HA	1000	3425	A	0	0	3425	34.4
A_HA	1001	2958	G	0	0	2958	37.3
A_HA	1002	3026	A	0	0	3026	37.6
A_HA	1003	2861	A	0	0	2861	36.5
A_HA	1004	3173	A	0	0	3173	35.5
A_HA	1005	2970	T	0	0	2970	36.1
A_HA	1006	3226	A	0	0	3226	36.0
A_HA	1007	3023	G	0	0	3023	37.1
A_HA	1008	2936	T	0	0	2936	34.9
A_HA	1009	3431	C	0	0	3431	34.0
A_HA	1010	3229	C	0	0	3229	37.1
A_HA	1011	3657	T	0	0	3657	34.5
A_HA	1012	2975	C	0	0	2975	36.8
A_HA	1013	3101	T	0	0	3101	36.5
A_HA	1014	3297	A	0	0	3297	36.1
A_HA	1015	3278	A	0	0	3278	36.9
A_HA	1016	3132	G	0	0	3132	37.3
A_HA	1017	3580	A	0	0	3580	35.0
A_HA	1018	3123	G	0	0	3123	34.9
A_HA	1019	3529	A	0	0	3529	35.2
A_HA	1020	3751	A	0	0	3751	36.1
A_HA	1021	3110	A	0	0	3110	34.5
A_HA	1022	3582	A	0	0	3582	37.6
A_HA	1023	3201	G	0	0	3201	36.5
A_HA	1024	3415	A	0	0	3415	36.0
A_HA	1025	3323	G	0	0	3323	34.5
A_HA	1026	3549	A	0	0	3549	37.6
A_HA	1027	3128	A	0	0	3128	37.7
A_HA	1028	3318	G	0	0	3318	38.0
A_HA	1029	3041	A	0	0	3041	34.7
A_HA	1030	3389	A	0	0	3389	37.3
A_HA	1031	3275	A	0	0	3275	35.1
A_HA	1032	3591	A	0	0	3591	37.0
A_HA	1033	3462	A	0	0	3462	36.2
A_HA	1034	3245	G	0	0	3245	35.0
A_HA	1035	3277	A	0	0	3277	34.2
A_HA	1036	3225	G	0	0	3225	37.2
A_HA	1037	3172	G	0	0	3172	37.7
A_HA	1038	3217	T	0	0	3217	35.9
A_HA	1039	3523	C	0	0	3523	37.8
A_HA	1040	3263	T	0	0	3263	35.7
A_HA	1041	3314	G	0	0	3314	37.4
A_HA	1042	3295	T	0	0	3295	37.3
A_HA	1043	3085	T	0	0	3085	36.6
A_HA	1044	3165	T	0	0	3165	35.5
A_HA	1045	3129	G	0	0	3129	34.1
A_HA	1046	3544	G	0	0	3544	34.6
A_HA	1047	3454	G	0	0	3454	35.1
A_HA	1048	3390	G	0	0	3390	35.8
A_HA	1049	3729	C	0	0	3729	37.2
A_HA	1050	3141	G	0	0	3141	36.1
A_HA	1051	2875	A	0	0	2875	37.2
A_HA	1052	3242	T	0	0	3242	37.1
A_HA	1053	3287	A	0	0	3287	35.4
A_HA	1054	3205	G	0	0	3205	37.0
A_HA	1055	3253	C	0	0	3253	36.1
A_HA	1056	3204	A	0	0	3204	35.1
A_HA	1057	3423	G	0	0	3423	35.1
A_HA	1058	3390	G	0	0	3390	36.7
A_HA	1059	2851	G	0	0	2851	37.7
A_HA	1060	2947	T	0	0	2947	36.1
A_HA	1061	3179	T	0	0	3179	36.6
A_HA	1062	2690	T	0	0	2690	37.2
A_HA	1063	2840	A	0	0	2840	36.4
A_HA	1064	3462	T	0	0	3462	37.1
A_HA	1065	3237	A	0	0	3237	35.6
A_HA	1066	3183	G	0	0	3183	34.1
A_HA	1067	3288	A	0	0	3288	37.0
A_HA	1068	3234	G	0	0	3234	34.9
A_HA	1069	3200	G	0	0	3200	35.6
A_HA	1070	2889	G	0	0	2889	34.8
A_HA	1071	3204	A	0	0	3204	37.6
A_HA	1072	3081	G	0	0	3081	36.2
A_HA	1073	3533	G	0	0	3533	35.7
A_HA	1074	3165	A	0	0	3165	36.5
A_HA	1075	2898	T	0	0	2898	35.8
A_HA	1076	2914	G	0	0	2914	37.9
A_HA	1077	2958	G	0	0	2958	37.4
A_HA	1078	3206	C	0	0	3206	36.9
A_HA	1079	3018	A	0	0	3018	34.5
A_HA	1080	3020	G	0	0	3020	35.0
A_HA	1081	3451	G	0	0	3451	37.8
A_HA	1082	2976	G	0	0	2976	36.5
A_HA	1083	3056	A	0	0	3056	34.1
A_HA	1084	3199	A	0	0	3199	35.0
A_HA	1085	3095	T	0	0	3095	34.6
A_HA	1086	2819	G	0	0	2819	37.7
A_HA	1087	2984	G	0	0	2984	34.7
A_HA	1088	2994	T	0	0	2994	34.3
A_HA	1089	3070	T	0	0	3070	36.3
A_HA	1090	2863	G	0	0	2863	37.3
A_HA	1091	3116	A	0	0	3116	34.3
A_HA	1092	2822	T	0	0	2822	35.2
A_HA	1093	2999	G	0	0	2999	37.3
A_HA	1094	2906	G	0	0	2906	36.1
A_HA	1095	2749	T	0	0	2749	37.5
A_HA	1096	2915	T	0	0	2915	34.3
A_HA	1097	2755	G	0	0	2755	34.3
A_HA	1098	2837	G	0	0	2837	35.1
A_HA	1099	2583	T	0	0	2583	34.2
A_HA	1100	2863	A	0	0	2863	34.6
A_HA	1101	2846	T	0	0	2846	37.1
A_HA	1102	2685	G	0	0	2685	36.8
A_HA	1103	3113	G	0	0	3113	35.2
A_HA	1104	2670	G	0	0	2670	36.9
A_HA	1105	2765	T	0	0	2765	37.1
A_HA	1106	2735	A	0	0	2735	36.4
A_HA	1107	2769	C	0	0	2769	36.2
A_HA	1108	2856	C	0	0	2856	36.4
A_HA	1109	2826	A	0	0	2826	36.9
A_HA	1110	2586	T	0	0	2586	37.0
A_HA	1111	2669	C	0	0	2669	37.4
A_HA	1112	2730	A	0	0	2730	37.3
A_HA	1113	2944	T	0	0	2944	36.2
A_HA	1114	2299	A	0	0	2299	35.9
A_HA	1115	2668	G	0	0	2668	34.7
A_HA	1116	2655	C	0	0	2655	35.5
A_HA	1117	2262	A	0	0	2262	36.6
A_HA	1118	2476	A	0	0	2476	34.1
A_HA	1119	2370	T	0	0	2370	35.5
A_HA	1120	2573	G	0	0	2573	35.8
A_HA	1121	2230	A	0	0	2230	35.6
A_HA	1122	2316	G	0	0	2316	35.2
A_HA	1123	2382	C	0	0	2382	34.7
A_HA	1124	2308	A	0	0	2308	37.5
A_HA	1125	2266	G	0	0	2266	34.3
A_HA	1126	2500	G	0	0	2500	37.2
A_HA	1127	2281	G	0	0	2281	37.6
A_HA	1128	2394	A	0	0	2394	36.7
A_HA	1129	2441	A	0	0	2441	37.6
A_HA	1130	2298	G	0	0	2298	35.6
A_HA	1131	2282	T	0	0	2282	34.5
A_HA	1132	2276	G	0	0	2276	36.8
A_HA	1133	2381	G	0	0	2381	37.6
A_HA	1134	2235	G	0	0	2235	36.0
A_HA	1135	2241	T	0	0	2241	35.3
A_HA	1136	2166	A	0	0	2166	35.5
A_HA	1137	2239	C	0	0	2239	34.5
A_HA	1138	2146	G	0	0	2146	38.0
A_HA	1139	2021	C	0	0	2021	34.8
A_HA	1140	2172	T	0	0	2172	37.9
A_HA	1141	2159	G	0	0	2159	36.9
A_HA	1142	2041	C	0	0	2041	37.6
A_HA	1143	2305	G	0	0	2305	34.3
A_HA	1144	2017	G	0	0	2017	37.5
A_HA	1145	2059	A	0	0	2059	37.6
A_HA	1146	1991	C	0	0	1991	37.3
A_HA	1147	1897	A	0	0	1897	34.0
A_HA	1148	1981	A	0	0	1981	34.3
A_HA	1149	2184	A	0	0	2184	36.7
A_HA	1150	2109	G	0	0	2109	37.1
A_HA	1151	2125	A	0	0	2125	37.4
A_HA	1152	1985	A	0	0	1985	36.4
A_HA	1153	2260	T	0	0	2260	37.8
A_HA	1154	1911	C	0	0	1911	36.7
A_HA	1155	2036	C	0	0	2036	35.6
A_HA	1156	1878	A	0	0	1878	34.6
A_HA	1157	1948	C	0	0	1948	37.5
A_HA	1158	2272	C	0	0	2272	35.9
A_HA	1159	1887	C	0	0	1887	34.5
A_HA	1160	1964	A	0	0	1964	35.9
A_HA	1161	2244	A	0	0	2244	34.9
A_HA	1162	1828	A	0	0	1828	35.9
A_HA	1163	1835	A	0	0	1835	35.0
A_HA	1164	1829	G	0	0	1829	34.5
A_HA	1165	2056	G	0	0	2056	35.3
A_HA	1166	1990	C	0	0	1990	37.6
A_HA	1167	1789	A	0	0	1789	36.7
A_HA	1168	1885	A	0	0	1885	37.5
A_HA	1169	2081	T	0	0	2081	36.5
A_HA	1170	1760	A	0	0	1760	35.3
A_HA	1171	1927	G	0	0	1927	37.7
A_HA	1172	1920	A	0	0	1920	36.5
A_HA	1173	1862	T	0	0	1862	37.8
A_HA	1174	1767	G	0	0	1767	36.6
A_HA	1175	1782	G	0	0	1782	34.3
A_HA	1176	1830	A	0	0	1830	36.3
A_HA	1177	1702	G	0	0	1702	36.5
A_HA	1178	1891	T	0	0	1891	34.2
A_HA	1179	1866	T	0	0	1866	35.5
A_HA	1180	1729	A	0	0	1729	36.7
A_HA	1181	1610	C	0	0	1610	36.4
A_HA	1182	1833	C	0	0	1833	35.0
A_HA	1183	1746	A	0	0	1746	35.2
A_HA	1184	1587	A	0	0	1587	35.4
A_HA	1185	1833	T	0	0	1833	37.7
A_HA	1186	1626	A	0	0	1626	37.5
A_HA	1187	1630	A	0	0	1630	36.3
A_HA	1188	1850	G	0	0	1850	35.7
A_HA	1189	1688	G	0	0	1688	35.7
A_HA	1190	1650	T	0	0	1650	36.8
A_HA	1191	1749	C	0	0	1749	35.8
A_HA	1192	1745	A	0	0	1745	35.3
A_HA	1193	1693	A	0	0	1693	37.7
A_HA	1194	1834	C	0	0	1834	37.9
A_HA	1195	1618	T	0	0	1618	37.3
A_HA	1196	1764	C	0	0	1764	35.2
A_HA	1197	1715	A	0	0	1715	37.3
A_HA	1198	1868	A	0	0	1868	34.1
A_HA	1199	1898	T	0	0	1898	36.6
A_HA	1200	1888	C	0	0	1888	38.0
A_HA	1201	1784	A	0	0	1784	34.0
A_HA	1202	1862	T	0	0	1862	34.3
A_HA	1203	1662	T	0	0	1662	36.2
A_HA	1204	1871	G	0	0	1871	34.8
A_HA	1205	1812	A	0	0	1812	36.8
A_HA	1206	1707	C	0	0	1707	36.4
A_HA	1207	1809	A	0	0	1809	36.0
A_HA	1208	1734	A	0	0	1734	36.7
A_HA	1209	1794	A	0	0	1794	35.6
A_HA	1210	1828	A	0	0	1828	35.3
A_HA	1211	1811	T	0	0	1811	34.6
A_HA	1212	1754	G	0	0	1754	37.3
A_HA	1213	1737	A	0	0	1737	35.4
A_HA	1214	1944	A	0	0	1944	34.7
A_HA	1215	1862	C	0	0	1862	35.4
A_HA	1216	1980	A	0	0	1980	37.0
A_HA	1217	1895	C	0	0	1895	36.2
A_HA	1218	1866	T	0	0	1866	36.8
A_HA	1219	1809	C	0	0	1809	37.7
A_HA	1220	1934	A	0	0	1934	35.1
A_HA	1221	1929	A	0	0	1929	35.9
A_HA	1222	1799	T	0	0	1799	36.7
A_HA	1223	2063	T	0	0	2063	36.7
A_HA	1224	1947	T	0	0	1947	34.3
A_HA	1225	1830	G	0	0	1830	36.4
A_HA	1226	2058	A	0	0	2058	37.8
A_HA	1227	1790	G	0	0	1790	35.5
A_HA	1228	2061	G	0	0	2061	37.6
A_HA	1229	2024	C	0	0	2024	37.6
A_HA	1230	1900	A	0	0	1900	36.5
A_HA	1231	2076	G	0	0	2076	36.6
A_HA	1232	1896	T	0	0	1896	35.4
A_HA	1233	1911	T	0	0	1911	34.1
A_HA	1234	2239	G	0	0	2239	36.3
A_HA	1235	1997	G	0	0	1997	38.0
A_HA	1236	2064	A	0	0	2064	38.0
A_HA	1237	1944	A	0	0	1944	37.0
A_HA	1238	1899	G	0	0	1899	37.5
A_HA	1239	2002	G	0	0	2002	35.5
A_HA	1240	2114	G	0	0	2114	37.4
A_HA	1241	2015	A	0	0	2015	37.3
A_HA	1242	2158	G	0	0	2158	34.2
A_HA	1243	2285	T	0	0	2285	34.7
A_HA	1244	2113	T	0	0	2113	36.5
A_HA	1245	1954	T	0	0	1954	35.9
A_HA	1246	2104	A	0	0	2104	34.6
A_HA	1247	2056	A	0	0	2056	36.2
A_HA	1248	2383	T	0	0	2383	35.2
A_HA	1249	2148	A	0	0	2148	34.3
A_HA	1250	2053	A	0	0	2053	35.0
A_HA	1251	2038	C	0	0	2038	36.2
A_HA	1252	2328	T	0	0	2328	37.1
A_HA	1253	2033	T	0	0	2033	36.8
A_HA	1254	2170	A	0	0	2170	37.9
A_HA	1255	2494	G	0	0	2494	37.4
A_HA	1256	2444	A	0	0	2444	36.9
A_HA	1257	2482	A	0	0	2482	34.1
A_HA	1258	2288	A	0	0	2288	37.6
A_HA	1259	2325	G	0	0	2325	34.9
A_HA	1260	2403	G	0	0	2403	37.5
A_HA	1261	2272	A	0	0	2272	34.2
A_HA	1262	2271	G	0	0	2271	36.7
A_HA	1263	2510	G	0	0	2510	37.3
A_HA	1264	2476	A	0	0	2476	34.9
A_HA	1265	2119	T	0	0	2119	37.3
A_HA	1266	2559	A	0	0	2559	34.7
A_HA	1267	2338	G	0	0	2338	34.9
A_HA	1268	2346	A	0	0	2346	34.4
A_HA	1269	2388	G	0	0	2388	35.9
A_HA	1270	2509	A	0	0	2509	35.3
A_HA	1271	2336	A	0	0	2336	35.9
A_HA	1272	2272	T	0	0	2272	34.2
A_HA	1273	2624	T	0	0	2624	38.0
A_HA	1274	2643	T	0	0	2643	35.3
A_HA	1275	2587	G	0	0	2587	36.2
A_HA	1276	2341	A	0	0	2341	34.9
A_HA	1277	2427	A	0	0	2427	35.4
A_HA	1278	2475	C	0	0	2475	35.6
A_HA	1279	2501	A	0	0	2501	35.3
A_HA	1280	2379	A	0	0	2379	34.9
A_HA	1281	2420	G	0	0	2420	37.8
A_HA	1282	2245	A	0	0	2245	34.5
A_HA	1283	2406	A	0	0	2406	35.5
A_HA	1284	2395	A	0	0	2395	34.1
A_HA	1285	2601	A	0	0	2601	36.6
A_HA	1286	2529	T	0	0	2529	34.6
A_HA	1287	2542	G	0	0	2542	34.8
A_HA	1288	2648	G	0	0	2648	34.7
A_HA	1289	2388	A	0	0	2388	36.5
A_HA	1290	2418	A	0	0	2418	37.5
A_HA	1291	2510	G	0	0	2510	34.3
A_HA	1292	2559	A	0	0	2559	36.8
A_HA	1293	2565	C	0	0	2565	36.9
A_HA	1294	2659	G	0	0	2659	35.1
A_HA	1295	2504	G	0	0	2504	37.9
A_HA	1296	2627	A	0	0	2627	35.5
A_HA	1297	2556	T	0	0	2556	36.0
A_HA	1298	2407	T	0	0	2407	36.3
A_HA	1299	2773	C	0	0	2773	35.4
A_HA	1300	2791	C	0	0	2791	34.7
A_HA	1301	2576	T	0	0	2576	35.6
A_HA	1302	2504	A	0	0	2504	37.2
A_HA	1303	2661	G	0	0	2661	34.4
A_HA	1304	2643	A	0	0	2643	35.2
A_HA	1305	2479	T	0	0	2479	34.1
A_HA	1306	2283	G	0	0	2283	37.1
A_HA	1307	2662	T	0	0	2662	35.8
A_HA	1308	2749	C	0	0	2749	35.7
A_HA	1309	2654	T	0	0	2654	35.8
A_HA	1310	2624	G	0	0	2624	35.8
A_HA	1311	3028	G	0	0	3028	34.8
A_HA	1312	2512	A	0	0	2512	36.4
A_HA	1313	2599	C	0	0	2599	35.7
A_HA	1314	2464	C	0	0	2464	37.7
A_HA	1315	2503	T	0	0	2503	35.6
A_HA	1316	2590	A	0	0	2590	36.8
A_HA	1317	2561	T	0	0	2561	37.6
A_HA	1318	2783	A	0	0	2783	36.5
A_HA	1319	2564	A	0	0	2564	35.3
A_HA	1320	2689	T	0	0	2689	35.0
A_HA	1321	2987	G	0	0	2987	37.9
A_HA	1322	2669	C	0	0	2669	37.2
A_HA	1323	2716	T	0	0	2716	37.3
A_HA	1324	2968	G	0	0	2968	36.8
A_HA	1325	2666	A	0	0	2666	37.6
A_HA	1326	2839	A	0	0	2839	35.7
A_HA	1327	2703	C	0	0	2703	36.4
A_HA	1328	2660	T	0	0	2660	36.9
A_HA	1329	3062	T	0	0	3062	34.6
A_HA	1330	2742	C	0	0	2742	37.2
A_HA	1331	2829	T	0	0	2829	35.6
A_HA	1332	2851	A	0	0	2851	35.2
A_HA	1333	2944	G	0	0	2944	36.9
A_HA	1334	2633	T	0	0	2633	36.5
A_HA	1335	2638	T	0	0	2638	35.6
A_HA	1336	2848	C	0	0	2848	37.3
A_HA	1337	2489	T	0	0	2489	35.7
A_HA	1338	2625	C	0	0	2625	36.9
A_HA	1339	2726	A	0	0	2726	37.3
A_HA	1340	2554	T	0	0	2554	35.5
A_HA	1341	2413	G	0	0	2413	35.9
A_HA	1342	2530	G	0	0	2530	35.2
A_HA	1343	2813	A	0	0	2813	36.6
A_HA	1344	2822	A	0	0	2822	37.5
A_HA	1345	2627	A	0	0	2627	37.8
A_HA	1346	2532	A	0	0	2532	35.0
A_HA	1347	2588	C	0	0	2588	35.5
A_HA	1348	2664	G	0	0	2664	36.8
A_HA	1349	2519	A	0	0	2519	35.0
A_HA	1350	2686	G	0	0	2686	36.7
A_HA	1351	2641	A	0	0	2641	35.4
A_HA	1352	2861	G	0	0	2861	36.1
A_HA	1353	2590	G	0	0	2590	35.5
A_HA	1354	2696	A	0	0	2696	35.9
A_HA	1355	3003	C	0	0	3003	35.5
A_HA	1356	2925	T	0	0	2925	36.0
A_HA	1357	2583	C	0	0	2583	35.6
A_HA	1358	2594	T	0	0	2594	37.4
A_HA	1359	2985	A	0	0	2985	34.9
A_HA	1360	2324	G	0	0	2324	37.5
A_HA	1361	2587	A	0	0	2587	37.1
A_HA	1362	2644	T	0	0	2644	36.9
A_HA	1363	2380	T	0	0	2380	34.3
A_HA	1364	2818	T	0	0	2818	37.9
A_HA	1365	2387	C	0	0	2387	34.0
A_HA	1366	2585	C	0	0	2585	37.0
A_HA	1367	2806	A	0	0	2806	37.5
A_HA	1368	2475	T	0	0	2475	34.4
A_HA	1369	2592	G	0	0	2592	36.5
A_HA	1370	2474	A	0	0	2474	37.2
A_HA	1371	2737	T	0	0	2737	37.0
A_HA	1372	2846	T	0	0	2846	34.7
A_HA	1373	2755	C	0	0	2755	35.7
A_HA	1374	2575	A	0	0	2575	36.0
A_HA	1375	2307	A	0	0	2307	37.8
A_HA	1376	2552	A	0	0	2552	35.6
A_HA	1377	2425	T	0	0	2425	35.8
A_HA	1378	2693	G	0	0	2693	34.2
A_HA	1379	2869	T	0	0	2869	36.9
A_HA	1380	2406	C	0	0	2406	36.4
A_HA	1381	2480	A	0	0	2480	36.3
A_HA	1382	2563	A	0	0	2563	35.9
A_HA	1383	2809	G	0	0	2809	36.2
A_HA	1384	2611	A	0	0	2611	34.1
A_HA	1385	2580	A	0	0	2580	37.7
A_HA	1386	2331	C	0	0	2331	35.5
A_HA	1387	2336	C	0	0	2336	34.2
A_HA	1388	2674	T	0	0	2674	36.2
A_HA	1389	2659	T	0	0	2659	37.6
A_HA	1390	2485	T	0	0	2485	37.5
A_HA	1391	2539	A	0	0	2539	36.4
A_HA	1392	2654	T	0	0	2654	37.9
A_HA	1393	2467	G	0	0	2467	35.3
A_HA	1394	2531	A	0	0	2531	37.0
A_HA	1395	2441	C	0	0	2441	37.1
A_HA	1396	2303	A	0	0	2303	34.6
A_HA	1397	2523	A	0	0	2523	35.8
A_HA	1398	2570	A	0	0	2570	36.9
A_HA	1399	2741	G	0	0	2741	37.4
A_HA	1400	2365	T	0	0	2365	37.6
A_HA	1401	2784	C	0	0	2784	37.5
A_HA	1402	2893	A	0	0	2893	36.2
A_HA	1403	2683	G	0	0	2683	37.9
A_HA	1404	2444	A	0	0	2444	35.9
A_HA	1405	2510	T	0	0	2510	35.3
A_HA	1406	2327	T	0	0	2327	35.5
A_HA	1407	2465	A	0	0	2465	37.7
A_HA	1408	2729	C	0	0	2729	37.6
A_HA	1409	2563	A	0	0	2563	38.0
A_HA	1410	2852	G	0	0	2852	35.3
A_HA	1411	2752	C	0	0	2752	34.3
A_HA	1412	2846	T	0	0	2846	35.7
A_HA	1413	2697	T	0	0	2697	34.9
A_HA	1414	2648	A	0	0	2648	34.3
A_HA	1415	2827	G	0	0	2827	37.1
A_HA	1416	2452	G	0	0	2452	35.0
A_HA	1417	2685	G	0	0	2685	35.8
A_HA	1418	2631	A	0	0	2631	34.4
A_HA	1419	2495	T	0	0	2495	37.9
A_HA	1420	2770	A	0	0	2770	36.3
A_HA	1421	2396	A	0	0	2396	36.8
A_HA	1422	2889	T	0	0	2889	34.3
A_HA	1423	2639	G	0	0	2639	34.6
A_HA	1424	2540	C	0	0	2540	35.7
A_HA	1425	2536	A	0	0	2536	36.7
A_HA	1426	2572	A	0	0	2572	34.8
A_HA	1427	2707	A	0	0	2707	36.9
A_HA	1428	2381	G	0	0	2381	34.1
A_HA	1429	2547	G	0	0	2547	35.4
A_HA	1430	2600	A	0	0	2600	34.9
A_HA	1431	2914	G	0	0	2914	35.6
A_HA	1432	2485	C	0	0	2485	35.0
A_HA	1433	2755	T	0	0	2755	37.2
A_HA	1434	2790	G	0	0	2790	36.2
A_HA	1435	2580	G	0	0	2580	35.8
A_HA	1436	2760	G	0	0	2760	37.0
A_HA	1437	2728	T	0	0	2728	37.8
A_HA	1438	2767	A	0	0	2767	35.1
A_HA	1439	2548	A	0	0	2548	34.6
A_HA	1440	2890	C	0	0	2890	36.9
A_HA	1441	2664	G	0	0	2664	34.2
A_HA	1442	3063	G	0	0	3063	35.0
A_HA	1443	2653	C	0	0	2653	37.4
A_HA	1444	2630	T	0	0	2630	36.6
A_HA	1445	2669	G	0	0	2669	35.2
A_HA	1446	3032	T	0	0	3032	35.2
A_HA	1447	2840	T	0	0	2840	37.3
A_HA	1448	2848	T	0	0	2848	36.6
A_HA	1449	2579	C	0	0	2579	36.1
A_HA	1450	2731	G	0	0	2731	37.7
A_HA	1451	2900	A	0	0	2900	37.9
A_HA	1452	2511	A	0	0	2511	34.2
A_HA	1453	2902	T	0	0	2902	37.4
A_HA	1454	2787	T	0	0	2787	35.6
A_HA	1455	2577	C	0	0	2577	37.7
A_HA	1456	2808	T	0	0	2808	35.7
A_HA	1457	2711	A	0	0	2711	36.5
A_HA	1458	2667	T	0	0	2667	34.1
A_HA	1459	3174	C	0	0	3174	36.9
A_HA	1460	2757	A	0	0	2757	37.6
A_HA	1461	2953	C	0	0	2953	37.2
A_HA	1462	2812	A	0	0	2812	35.2
A_HA	1463	3013	A	0	0	3013	36.0
A_HA	1464	2791	A	0	0	2791	34.0
A_HA	1465	2644	T	0	0	2644	34.1
A_HA	1466	3291	G	0	0	3291	36.2
A_HA	1467	2847	T	0	0	2847	35.5
A_HA	1468	3120	G	0	0	3120	37.6
A_HA	1469	2797	A	0	0	2797	36.1
A_HA	1470	2833	T	0	0	2833	34.7
A_HA	1471	3038	A	0	0	3038	35.7
A_HA	1472	3123	A	0	0	3123	34.1
A_HA	1473	3396	T	0	0	3396	35.0
A_HA	1474	2879	G	0	0	2879	35.6
A_HA	1475	3205	A	0	0	3205	37.4
A_HA	1476	2924	A	0	0	2924	36.9
A_HA	1477	3066	T	0	0	3066	35.6
A_HA	1478	2983	G	0	0	2983	34.6
A_HA	1479	3088	T	0	0	3088	34.9
A_HA	1480	2983	A	0	0	2983	35.2
A_HA	1481	3388	T	0	0	3388	36.4
A_HA	1482	3005	G	0	0	3005	36.1
A_HA	1483	3248	G	0	0	3248	36.1
A_HA	1484	3419	A	0	0	3419	36.5
A_HA	1485	3013	A	0	0	3013	37.8
A_HA	1486	2971	A	0	0	2971	36.1
A_HA	1487	3214	G	0	0	3214	35.1
A_HA	1488	3425	T	0	0	3425	37.6
A_HA	1489	3197	G	0	0	3197	36.9
A_HA	1490	3115	T	0	0	3115	37.3
A_HA	1491	3184	G	0	0	3184	35.8
A_HA	1492	3478	A	0	0	3478	34.1
A_HA	1493	3103	G	0	0	3103	35.3
A_HA	1494	3541	A	0	0	3541	36.7
A_HA	1495	3337	A	0	0	3337	34.6
A_HA	1496	3439	A	0	0	3439	36.8
A_HA	1497	3353	T	0	0	3353	34.3
A_HA	1498	3102	G	0	0	3102	37.0
A_HA	1499	3595	G	0	0	3595	34.8
A_HA	1500	3129	G	0	0	3129	34.8
A_HA	1501	3340	A	0	0	3340	34.4
A_HA	1502	3602	C	0	0	3602	35.5
A_HA	1503	3769	G	0	0	3769	36.0
A_HA	1504	3664	T	0	0	3664	35.8
A_HA	1505	3307	A	0	0	3307	34.2
A_HA	1506	3678	T	0	0	3678	35.4
A_HA	1507	4082	G	0	0	4082	37.1
A_HA	1508	3636	A	0	0	3636	37.7
A_HA	1509	3605	C	0	0	3605	37.3
A_HA	1510	3184	T	0	0	3184	37.1
A_HA	1511	3316	A	0	0	3316	36.9
A_HA	1512	3435	C	0	0	3435	36.6
A_HA	1513	3091	C	0	0	3091	37.8
A_HA	1514	3679	C	0	0	3679	37.7
A_HA	1515	3794	T	0	0	3794	34.9
A_HA	1516	3538	C	0	0	3538	35.5
A_HA	1517	3531	A	0	0	3531	35.9
A_HA	1518	3832	G	0	0	3832	36.9
A_HA	1519	3419	T	0	0	3419	37.3
A_HA	1520	3385	A	0	0	3385	37.2
A_HA	1521	3616	T	0	0	3616	36.6
A_HA	1522	3448	T	0	0	3448	36.0
A_HA	1523	3406	C	0	0	3406	37.9
A_HA	1524	3633	A	0	0	3633	37.2
A_HA	1525	3273	G	0	0	3273	34.6
A_HA	1526	3857	A	0	0	3857	36.8
A_HA	1527	3715	A	0	0	3715	36.1
A_HA	1528	3585	G	0	0	3585	35.3
A_HA	1529	3303	A	0	0	3303	36.0
A_HA	1530	3395	A	0	0	3395	34.8
A_HA	1531	3672	G	0	0	3672	38.0
A_HA	1532	3579	C	0	0	3579	35.6
A_HA	1533	3847	A	0	0	3847	36.2
A_HA	1534	3612	A	0	0	3612	34.8
A_HA	1535	3651	G	0	0	3651	35.7
A_HA	1536	3851	A	0	0	3851	36.5
A_HA	1537	3327	T	0	0	3327	35.9
A_HA	1538	3379	T	0	0	3379	36.6
A_HA	1539	3347	A	0	0	3347	34.1
A_HA	1540	3643	A	0	0	3643	36.5
A_HA	1541	3372	A	0	0	3372	35.9
A_HA	1542	3804	A	0	0	3804	37.0
A_HA	1543	3599	A	0	0	3599	35.7
A_HA	1544	3501	G	0	0	3501	37.5
A_HA	1545	3338	A	0	0	3338	35.1
A_HA	1546	3669	G	0	0	3669	37.7
A_HA	1547	3546	A	0	0	3546	35.2
A_HA	1548	3958	A	0	0	3958	37.5
A_HA	1549	4004	G	0	0	4004	35.1
A_HA	1550	3150	A	0	0	3150	35.1
A_HA	1551	3679	A	0	0	3679	37.6
A_HA	1552	3594	A	0	0	3594	37.6
A_HA	1553	3958	T	0	0	3958	36.7
A_HA	1554	3468	A	0	0	3468	36.2
A_HA	1555	3531	A	0	0	3531	36.1
A_HA	1556	3970	G	0	0	3970	36.1
A_HA	1557	3323	C	0	0	3323	36.6
A_HA	1558	3733	G	0	0	3733	37.9
A_HA	1559	3583	G	0	0	3583	34.9
A_HA	1560	3607	A	0	0	3607	35.5
A_HA	1561	3483	G	0	0	3483	36.1
A_HA	1562	3537	T	0	0	3537	37.8
A_HA	1563	3533	G	0	0	3533	35.2
A_HA	1564	3582	A	0	0	3582	35.1
A_HA	1565	3865	A	0	0	3865	37.2
A_HA	1566	3503	A	0	0	3503	36.4
A_HA	1567	3785	T	0	0	3785	35.0
A_HA	1568	3234	T	0	0	3234	34.3
A_HA	1569	3820	A	0	0	3820	34.4
A_HA	1570	3116	G	0	0	3116	35.8
A_HA	1571	3575	A	0	0	3575	35.8
A_HA	1572	3648	A	0	0	3648	36.6
A_HA	1573	3293	T	0	0	3293	37.8
A_HA	1574	3267	C	0	0	3267	34.5
A_HA	1575	3398	A	0	0	3398	35.2
A_HA	1576	3240	G	0	0	3240	34.8
A_HA	1577	3152	T	0	0	3152	36.4
A_HA	1578	3390	A	0	0	3390	37.8
A_HA	1579	3431	G	0	0	3431	36.4
A_HA	1580	3884	G	0	0	3884	37.9
A_HA	1581	3366	A	0	0	3366	37.7
A_HA	1582	3250	A	0	0	3250	38.0
A_HA	1583	3512	C	0	0	3512	36.3
A_HA	1584	3310	T	0	0	3310	36.2
A_HA	1585	3317	T	0	0	3317	37.1
A_HA	1586	3059	A	0	0	3059	37.6
A_HA	1587	3149	C	0	0	3149	37.1
A_HA	1588	3134	C	0	0	3134	34.9
A_HA	1589	3309	A	0	0	3309	35.1
A_HA	1590	3385	G	0	0	3385	36.4
A_HA	1591	3086	A	0	0	3086	36.3
A_HA	1592	3230	T	0	0	3230	35.4
A_HA	1593	3033	A	0	0	3033	34.3
A_HA	1594	3065	C	0	0	3065	35.1
A_HA	1595	3078	T	0	0	3078	37.3
A_HA	1596	2923	G	0	0	2923	36.2
A_HA	1597	3330	T	0	0	3330	35.1
A_HA	1598	2868	C	0	0	2868	37.5
A_HA	1599	2894	A	0	0	2894	35.5
A_HA	1600	3027	A	0	0	3027	35.1
A_HA	1601	3284	T	0	0	3284	34.2
A_HA	1602	2707	T	0	0	2707	34.7
A_HA	1603	3109	T	0	0	3109	37.6
A_HA	1604	2783	A	0	0	2783	35.2
A_HA	1605	3211	T	0	0	3211	35.1
A_HA	1606	2710	T	0	0	2710	35.7
A_HA	1607	3086	C	0	0	3086	37.3
A_HA	1608	3004	A	0	0	3004	35.3
A_HA	1609	3040	A	0	0	3040	36.6
A_HA	1610	2369	C	0	0	2369	37.8
A_HA	1611	2846	A	0	0	2846	35.9
A_HA	1612	2769	G	0	0	2769	37.7
A_HA	1613	2773	C	0	0	2773	38.0
A_HA	1614	2590	G	0	0	2590	34.6
A_HA	1615	2264	G	0	0	2264	35.5
A_HA	1616	2715	C	0	0	2715	36.8
A_HA	1617	2292	A	0	0	2292	35.4
A_HA	1618	2467	A	0	0	2467	35.2
A_HA	1619	2312	G	0	0	2312	36.1
A_HA	1620	2320	T	0	0	2320	36.6
A_HA	1621	2157	T	0	0	2157	35.7
A_HA	1622	2170	C	0	0	2170	35.6
A_HA	1623	2081	C	0	0	2081	34.9
A_HA	1624	1952	C	0	0	1952	34.3
A_HA	1625	2115	T	0	0	2115	35.0
A_HA	1626	2049	A	0	0	2049	37.6
A_HA	1627	2073	G	0	0	2073	34.4
A_HA	1628	1906	C	0	0	1906	34.3
A_HA	1629	1880	A	0	0	1880	36.4
A_HA	1630	1966	C	0	0	1966	36.4
A_HA	1631	1712	T	0	0	1712	36.7
A_HA	1632	1775	G	0	0	1775	34.6
A_HA	1633	1861	G	0	0	1861	35.8
A_HA	1634	1903	C	0	0	1903	35.8
A_HA	1635	1446	A	0	0	1446	37.3
A_HA	1636	1640	A	0	0	1640	38.0
A_HA	1637	1499	T	0	0	1499	34.4
A_HA	1638	1548	C	0	0	1548	37.5
A_HA	1639	1676	A	0	0	1676	36.7
A_HA	1640	1471	T	0	0	1471	35.4
A_HA	1641	1644	G	0	0	1644	36.4
A_HA	1642	1496	A	0	0	1496	37.4
A_HA	1643	1366	T	0	0	1366	37.0
A_HA	1644	1377	G	0	0	1377	34.3
A_HA	1645	1222	G	0	0	1222	35.9
A_HA	1646	1417	C	0	0	1417	36.2
A_HA	1647	1251	T	0	0	1251	37.6
A_HA	1648	1310	G	0	0	1310	34.7
A_HA	1649	1357	G	0	0	1357	37.4
A_HA	1650	1139	T	0	0	1139	35.1
A_HA	1651	1207	C	0	0	1207	35.8
A_HA	1652	1191	T	0	0	1191	34.8
A_HA	1653	1329	A	0	0	1329	35.6
A_HA	1654	1164	T	0	0	1164	35.4
A_HA	1655	1055	C	0	0	1055	36.3
A_HA	1656	1067	T	0	0	1067	37.8
A_HA	1657	1099	T	0	0	1099	37.1
A_HA	1658	976	T	0	0	976	36.4
A_HA	1659	924	A	0	0	924	34.5
A_HA	1660	947	T	0	0	947	34.6
A_HA	1661	1088	G	0	0	1088	35.2
A_HA	1662	893	G	0	0	893	35.3
A_HA	1663	848	A	0	0	848	35.6
A_HA	1664	774	T	0	0	774	34.8
A_HA	1665	801	G	0	0	801	35.2
A_HA	1666	862	T	0	0	862	37.1
A_HA	1667	850	G	0	0	850	34.9
A_HA	1668	848	C	0	0	848	34.3
A_HA	1669	731	T	0	0	731	34.3
A_HA	1670	786	C	0	0	786	35.2
A_HA	1671	706	C	0	0	706	34.8
A_HA	1672	676	A	0	0	676	35.8
A_HA	1673	663	A	0	0	663	34.2
A_HA	1674	635	T	0	0	635	36.2
A_HA	1675	607	G	0	0	607	35.6
A_HA	1676	538	G	0	0	538	34.4
A_HA	1677	549	G	0	0	549	37.6
A_HA	1678	489	T	0	0	489	36.8
A_HA	1679	537	C	0	0	537	35.6
A_HA	1680	458	G	0	0	458	36.1
A_HA	1681	451	T	0	0	451	35.9
A_HA	1682	470	T	0	0	470	34.4
A_HA	1683	431	A	0	0	431	35.3
A_HA	1684	456	C	0	0	456	37.3
A_HA	1685	425	A	0	0	425	37.1
A_HA	1686	355	A	0	0	355	35.0
A_HA	1687	354	T	0	0	354	37.7
A_HA	1688	314	G	0	0	314	36.1
A_HA	1689	314	C	0	0	314	36.4
A_HA	1690	293	A	0	0	293	37.5
A_HA	1691	262	G	0	0	262	34.7
A_HA	1692	282	A	0	0	282	34.1
A_HA	1693	219	A	0	0	219	34.1
A_HA	1694	198	T	0	0	198	34.8
A_HA	1695	179	T	0	0	179	34.1
A_HA	1696	161	T	0	0	161	37.8
A_HA	1697	143	G	0	0	143	36.5
A_HA	1698	136	C	0	0	136	36.9
A_HA	1699	108	A	0	0	108	34.2
A_HA	1700	80	T	0	0	80	35.6
A_HA	1701	65	T	0	0	65	36.5
A_HA	1702	43	T	0	0	43	35.4
A_HA	1703	20	A	0	0	20	35.7
A_HA	1704	0	G	0	0	0	37.2
