Reference_Name	Position	Coverage Depth	Consensus	Deletions	Ambiguous	Consensus_Count	Consensus_Average_Quality
A_MP	1	66	A	0	0	66	34.1
A_MP	2	133	T	0	0	133	34.5
A_MP	3	172	G	0	0	172	37.1
A_MP	4	250	A	0	0	250	36.7
A_MP	5	335	G	0	0	335	35.6
A_MP	6	363	T	0	0	363	34.0
A_MP	7	443	C	0	0	443	37.7
A_MP	8	585	T	0	0	585	37.6
A_MP	9	549	T	0	0	549	36.8
A_MP	10	661	C	0	0	661	35.0
A_MP	11	628	T	0	0	628	35.9
A_MP	12	751	A	0	0	751	35.8
A_MP	13	923	A	0	0	923	34.7
A_MP	14	903	C	0	0	903	37.6
A_MP	15	1041	C	0	0	1041	37.6
A_MP	16	1156	G	0	0	1156	35.3
A_MP	17	1263	A	0	0	1263	36.9
A_MP	18	1243	G	0	0	1243	36.3
A_MP	19	1367	G	0	0	1367	34.5
A_MP	20	1323	T	0	0	1323	36.1
A_MP	21	1344	C	0	0	1344	37.5
A_MP	22	1517	G	0	0	1517	35.8
A_MP	23	1700	A	0	0	1700	36.3
A_MP	24	1678	A	0	0	1678	36.4
A_MP	25	1636	A	0	0	1636	34.4
A_MP	26	1863	C	0	0	1863	36.1
A_MP	27	1689	G	0	0	1689	37.2
A_MP	28	1827	T	0	0	1827	37.1
A_MP	29	1972	A	0	0	1972	37.3
A_MP	30	1999	C	0	0	1999	34.4
A_MP	31	2101	G	0	0	2101	35.2
A_MP	32	2199	T	0	0	2199	35.1
A_MP	33	2197	T	0	0	2197	37.7
A_MP	34	2304	C	0	0	2304	37.7
A_MP	35	2312	T	0	0	2312	35.0
A_MP	36	2522	C	0	0	2522	36.2
A_MP	37	2365	T	0	0	2365	37.5
A_MP	38	2405	C	0	0	2405	35.3
A_MP	39	2539	T	0	0	2539	35.8
A_MP	40	2869	A	0	0	2869	37.0
A_MP	41	2883	T	0	0	2883	36.8
A_MP	42	2641	C	0	0	2641	36.9
A_MP	43	2767	G	0	0	2767	35.6
A_MP	44	3065	T	0	0	3065	36.3
A_MP	45	2826	C	0	0	2826	36.0
A_MP	46	2969	C	0	0	2969	35.6
A_MP	47	3316	C	0	0	3316	37.2
A_MP	48	3023	G	0	0	3023	37.0
A_MP	49	3160	T	0	0	3160	35.8
A_MP	50	3283	C	0	0	3283	36.3
A_MP	51	3365	G	0	0	3365	35.8
A_MP	52	3167	G	0	0	3167	37.2
A_MP	53	3288	G	0	0	3288	36.0
A_MP	54	3764	C	0	0	3764	36.9
A_MP	55	3700	C	0	0	3700	37.0
A_MP	56	3930	C	0	0	3930	34.5
A_MP	57	3795	C	0	0	3795	36.2
A_MP	58	3525	C	0	0	3525	34.5
A_MP	59	3700	T	0	0	3700	37.5
A_MP	60	3735	C	0	0	3735	34.0
A_MP	61	3961	A	0	0	3961	35.3
A_MP	62	3900	A	0	0	3900	34.5
A_MP	63	3633	A	0	0	3633	34.1
A_MP	64	3675	G	0	0	3675	35.3
A_MP	65	3932	C	0	0	3932	35.5
A_MP	66	3929	C	0	0	3929	36.9
A_MP	67	3731	G	0	0	3731	37.4
A_MP	68	3668	A	0	0	3668	36.1
A_MP	69	3663	G	0	0	3663	35.3
A_MP	70	4153	A	0	0	4153	34.5
A_MP	71	3620	T	0	0	3620	37.1
A_MP	72	3721	C	0	0	3721	35.0
A_MP	73	3624	G	0	0	3624	34.8
A_MP	74	3781	C	0	0	3781	35.7
A_MP	75	4165	G	0	0	4165	34.7
A_MP	76	3745	C	0	0	3745	34.2
A_MP	77	3538	A	0	0	3538	36.7
A_MP	78	3767	G	0	0	3767	37.0
A_MP	79	3488	A	0	0	3488	36.3
A_MP	80	3587	G	0	0	3587	34.1
A_MP	81	3973	A	0	0	3973	34.7
A_MP	82	3873	C	0	0	3873	34.2
A_MP	83	3951	T	0	0	3951	37.9
A_MP	84	3988	T	0	0	3988	34.3
A_MP	85	3719	G	0	0	3719	37.0
A_MP	86	4095	A	0	0	4095	35.4
A_MP	87	3905	A	0	0	3905	36.4
A_MP	88	3622	G	0	0	3622	35.1
A_MP	89	4019	A	0	0	4019	36.5
A_MP	90	4050	T	0	0	4050	35.3
A_MP	91	3959	G	0	0	3959	34.9
A_MP	92	4036	T	0	0	4036	37.9
A_MP	93	4390	C	0	0	4390	36.2
A_MP	94	4094	T	0	0	4094	38.0
A_MP	95	3827	T	0	0	3827	34.5
A_MP	96	4473	T	0	0	4473	35.6
A_MP	97	4034	G	0	0	4034	34.5
A_MP	98	4412	C	0	0	4412	37.2
A_MP	99	4616	A	0	0	4616	36.3
A_MP	100	4138	G	0	0	4138	34.7
A_MP	101	4525	G	0	0	4525	37.1
A_MP	102	4212	G	0	0	4212	36.8
A_MP	103	4312	A	0	0	4312	34.8
A_MP	104	4179	A	0	0	4179	37.4
A_MP	105	4286	G	0	0	4286	35.6
A_MP	106	4655	A	0	0	4655	35.6
A_MP	107	4449	A	0	0	4449	36.6
A_MP	108	5044	C	0	0	5044	37.1
A_MP	109	4658	A	0	0	4658	35.7
A_MP	110	4268	C	0	0	4268	35.7
A_MP	111	4155	C	0	0	4155	35.0
A_MP	112	4902	G	0	0	4902	37.5
A_MP	113	4873	A	0	0	4873	34.4
A_MP	114	3999	T	0	0	3999	35.1
A_MP	115	4700	C	0	0	4700	37.8
A_MP	116	4466	T	0	0	4466	36.1
A_MP	117	4741	T	0	0	4741	36.8
A_MP	118	5124	G	0	0	5124	34.1
A_MP	119	4660	A	0	0	4660	36.8
A_MP	120	5131	G	0	0	5131	36.9
A_MP	121	5023	G	0	0	5023	34.2
A_MP	122	5031	C	0	0	5031	35.7
A_MP	123	5089	T	0	0	5089	37.2
A_MP	124	5860	C	0	0	5860	37.0
A_MP	125	4732	T	0	0	4732	36.2
A_MP	126	5598	C	0	0	5598	36.8
A_MP	127	5021	A	0	0	5021	34.2
A_MP	128	5323	T	0	0	5323	37.4
A_MP	129	4917	G	0	0	4917	37.0
A_MP	130	4699	G	0	0	4699	36.2
A_MP	131	5081	A	0	0	5081	34.6
A_MP	132	5320	A	0	0	5320	35.9
A_MP	133	5617	T	0	0	5617	37.4
A_MP	134	5176	G	0	0	5176	35.2
A_MP	135	4901	G	0	0	4901	37.2
A_MP	136	5266	C	0	0	5266	36.4
A_MP	137	5283	T	0	0	5283	37.3
A_MP	138	5181	A	0	0	5181	37.8
A_MP	139	5006	A	0	0	5006	34.3
A_MP	140	4865	A	0	0	4865	37.6
A_MP	141	5583	G	0	0	5583	36.7
A_MP	142	5193	A	0	0	5193	35.4
A_MP	143	5542	C	0	0	5542	34.9
A_MP	144	5077	A	0	0	5077	37.9
A_MP	145	5318	A	0	0	5318	34.6
A_MP	146	5232	G	0	0	5232	37.2
A_MP	147	5566	A	0	0	5566	34.0
A_MP	148	5947	C	0	0	5947	36.2
A_MP	149	5625	C	0	0	5625	36.0
A_MP	150	4902	A	0	0	4902	35.8
A_MP	151	5458	A	0	0	5458	35.9
A_MP	152	5272	T	0	0	5272	34.7
A_MP	153	4902	C	0	0	4902	37.3
A_MP	154	5410	C	0	0	5410	36.2
A_MP	155	5674	T	0	0	5674	34.5
A_MP	156	5638	G	0	0	5638	37.9
A_MP	157	5332	T	0	0	5332	34.1
A_MP	158	5003	C	0	0	5003	38.0
A_MP	159	5051	A	0	0	5051	34.1
A_MP	160	4710	C	0	0	4710	37.4
A_MP	161	5689	C	0	0	5689	35.2
A_MP	162	5457	T	0	0	5457	36.7
A_MP	163	5766	C	0	0	5766	36.0
A_MP	164	5118	T	0	0	5118	35.5
A_MP	165	4917	G	0	0	4917	35.3
A_MP	166	4940	A	0	0	4940	37.8
A_MP	167	4950	C	0	0	4950	36.4
A_MP	168	4850	T	0	0	4850	37.9
A_MP	169	5679	A	0	0	5679	34.2
A_MP	170	4876	A	0	0	4876	35.8
A_MP	171	5199	G	0	0	5199	34.9
A_MP	172	4826	G	0	0	4826	34.3
A_MP	173	4486	G	0	0	4486	37.0
A_MP	174	4559	G	0	0	4559	34.8
A_MP	175	5490	A	0	0	5490	36.9
A_MP	176	4863	T	0	0	4863	35.6
A_MP	177	4659	T	0	0	4659	37.7
A_MP	178	5098	T	0	0	5098	36.3
A_MP	179	5206	T	0	0	5206	36.5
A_MP	180	4521	G	0	0	4521	37.4
A_MP	181	4828	G	0	0	4828	37.9
A_MP	182	4840	G	0	0	4840	35.8
A_MP	183	4293	A	0	0	4293	36.7
A_MP	184	4427	T	0	0	4427	36.7
A_MP	185	4714	T	0	0	4714	34.7
A_MP	186	4305	T	0	0	4305	35.7
A_MP	187	4025	G	0	0	4025	36.2
A_MP	188	4656	T	0	0	4656	37.7
A_MP	189	4039	G	0	0	4039	34.2
A_MP	190	4433	T	0	0	4433	36.4
A_MP	191	4437	T	0	0	4437	34.2
A_MP	192	4040	C	0	0	4040	35.2
A_MP	193	3698	A	0	0	3698	37.3
A_MP	194	4123	C	0	0	4123	37.8
A_MP	195	4548	G	0	0	4548	36.4
A_MP	196	4550	C	0	0	4550	36.9
A_MP	197	4274	T	0	0	4274	36.8
A_MP	198	4062	C	0	0	4062	34.9
A_MP	199	3781	A	0	0	3781	34.1
A_MP	200	3366	C	0	0	3366	37.4
A_MP	201	3743	C	0	0	3743	35.4
A_MP	202	3869	G	0	0	3869	37.8
A_MP	203	3586	T	0	0	3586	36.7
A_MP	204	3707	G	0	0	3707	36.1
A_MP	205	3662	C	0	0	3662	37.6
A_MP	206	3213	C	0	0	3213	34.3
A_MP	207	3784	C	0	0	3784	35.4
A_MP	208	3669	A	0	0	3669	35.8
A_MP	209	3696	G	0	0	3696	37.1
A_MP	210	3134	T	0	0	3134	36.2
A_MP	211	3511	G	0	0	3511	37.5
A_MP	212	3569	A	0	0	3569	36.3
A_MP	213	3728	G	0	0	3728	37.9
A_MP	214	3426	C	0	0	3426	34.6
A_MP	215	3512	G	0	0	3512	35.6
A_MP	216	2937	A	0	0	2937	35.2
A_MP	217	3525	G	0	0	3525	36.8
A_MP	218	3734	G	0	0	3734	34.2
A_MP	219	3113	A	0	0	3113	34.8
A_MP	220	3345	C	0	0	3345	37.4
A_MP	221	3208	T	0	0	3208	36.3
A_MP	222	3730	G	0	0	3730	36.3
A_MP	223	3465	C	0	0	3465	35.0
A_MP	224	3083	A	0	0	3083	35.2
A_MP	225	3322	G	0	0	3322	37.0
A_MP	226	3422	C	0	0	3422	35.6
A_MP	227	3426	G	0	0	3426	36.3
A_MP	228	3165	T	0	0	3165	34.7
A_MP	229	2960	A	0	0	2960	35.3
A_MP	230	3074	G	0	0	3074	36.5
A_MP	231	3442	A	0	0	3442	34.3
A_MP	232	3069	C	0	0	3069	36.9
A_MP	233	3071	G	0	0	3071	35.8
A_MP	234	3269	C	0	0	3269	35.8
A_MP	235	3410	T	0	0	3410	36.8
A_MP	236	3139	T	0	0	3139	37.8
A_MP	237	3227	T	0	0	3227	36.8
A_MP	238	2987	G	0	0	2987	36.1
A_MP	239	3354	T	0	0	3354	36.1
A_MP	240	3336	C	0	0	3336	35.3
A_MP	241	3303	C	0	0	3303	37.6
A_MP	242	3102	A	0	0	3102	35.9
A_MP	243	3284	A	0	0	3284	34.9
A_MP	244	3346	A	0	0	3346	35.9
A_MP	245	3017	A	0	0	3017	36.2
A_MP	246	2860	T	0	0	2860	37.8
A_MP	247	3229	G	0	0	3229	37.2
A_MP	248	3364	C	0	0	3364	36.1
A_MP	249	3113	T	0	0	3113	35.3
A_MP	250	3410	C	0	0	3410	37.4
A_MP	251	3449	T	0	0	3449	34.6
A_MP	252	3524	A	0	0	3524	37.0
A_MP	253	3384	A	0	0	3384	34.5
A_MP	254	3343	G	0	0	3343	37.8
A_MP	255	3581	T	0	0	3581	36.2
A_MP	256	3295	G	0	0	3295	35.6
A_MP	257	3328	G	0	0	3328	37.3
A_MP	258	3297	A	0	0	3297	36.6
A_MP	259	3462	A	0	0	3462	37.0
A_MP	260	3266	A	0	0	3266	37.6
A_MP	261	3226	T	0	0	3226	37.2
A_MP	262	3564	G	0	0	3564	34.4
A_MP	263	3652	G	0	0	3652	37.2
A_MP	264	3947	A	0	0	3947	36.9
A_MP	265	3471	G	0	0	3471	37.7
A_MP	266	3510	A	0	0	3510	34.2
A_MP	267	3727	C	0	0	3727	37.0
A_MP	268	3823	C	0	0	3823	34.1
A_MP	269	3751	C	0	0	3751	35.1
A_MP	270	3599	A	0	0	3599	35.9
A_MP	271	3797	A	0	0	3797	36.6
A_MP	272	3605	A	0	0	3605	35.3
A_MP	273	3703	C	0	0	3703	37.6
A_MP	274	3602	A	0	0	3602	37.5
A_MP	275	3431	A	0	0	3431	36.0
A_MP	276	3564	C	0	0	3564	34.2
A_MP	277	3539	A	0	0	3539	37.9
A_MP	278	3364	T	0	0	3364	34.0
A_MP	279	3780	G	0	0	3780	36.4
A_MP	280	3821	G	0	0	3821	36.8
A_MP	281	3577	A	0	0	3577	35.6
A_MP	282	3578	C	0	0	3578	35.0
A_MP	283	3688	A	0	0	3688	34.0
A_MP	284	3394	G	0	0	3394	36.4
A_MP	285	3762	G	0	0	3762	37.5
A_MP	286	4044	G	0	0	4044	34.3
A_MP	287	3663	C	0	0	3663	37.0
A_MP	288	3674	A	0	0	3674	34.6
A_MP	289	4284	G	0	0	4284	34.9
A_MP	290	4106	T	0	0	4106	37.5
A_MP	291	3976	C	0	0	3976	37.0
A_MP	292	3812	A	0	0	3812	36.9
A_MP	293	3479	A	0	0	3479	36.6
A_MP	294	3520	G	0	0	3520	35.2
A_MP	295	3869	T	0	0	3869	34.4
A_MP	296	3497	T	0	0	3497	36.1
A_MP	297	3518	G	0	0	3518	35.3
A_MP	298	3644	T	0	0	3644	37.4
A_MP	299	3786	A	0	0	3786	36.5
A_MP	300	3579	C	0	0	3579	34.6
A_MP	301	3516	A	0	0	3516	35.2
A_MP	302	3925	G	0	0	3925	36.3
A_MP	303	3704	G	0	0	3704	34.8
A_MP	304	3508	A	0	0	3508	34.2
A_MP	305	3510	A	0	0	3510	34.3
A_MP	306	3696	A	0	0	3696	36.3
A_MP	307	3611	C	0	0	3611	37.2
A_MP	308	3338	T	0	0	3338	36.1
A_MP	309	3319	G	0	0	3319	35.9
A_MP	310	3514	A	0	0	3514	34.7
A_MP	311	3502	A	0	0	3502	35.1
A_MP	312	3216	G	0	0	3216	36.9
A_MP	313	3380	A	0	0	3380	36.7
A_MP	314	3712	G	0	0	3712	37.5
A_MP	315	3455	A	0	0	3455	35.2
A_MP	316	3526	G	0	0	3526	37.9
A_MP	317	3119	A	0	0	3119	35.6
A_MP	318	3201	G	0	0	3201	36.4
A_MP	319	2721	A	0	0	2721	35.8
A_MP	320	3132	T	0	0	3132	37.4
A_MP	321	3913	A	0	0	3913	36.5
A_MP	322	3062	A	0	0	3062	35.1
A_MP	323	3343	C	0	0	3343	34.2
A_MP	324	3226	A	0	0	3226	34.3
A_MP	325	3274	T	0	0	3274	36.6
A_MP	326	3373	T	0	0	3373	37.6
A_MP	327	3201	C	0	0	3201	34.6
A_MP	328	3036	C	0	0	3036	37.9
A_MP	329	3689	A	0	0	3689	37.9
A_MP	330	3178	T	0	0	3178	37.2
A_MP	331	2938	G	0	0	2938	37.6
A_MP	332	3129	G	0	0	3129	34.9
A_MP	333	3194	G	0	0	3194	36.0
A_MP	334	3142	G	0	0	3142	37.6
A_MP	335	2910	C	0	0	2910	36.0
A_MP	336	3025	T	0	0	3025	34.0
A_MP	337	2848	A	0	0	2848	35.6
A_MP	338	2992	A	0	0	2992	36.5
A_MP	339	3016	A	0	0	3016	35.2
A_MP	340	3092	G	0	0	3092	37.4
A_MP	341	2988	A	0	0	2988	36.7
A_MP	342	3278	A	0	0	3278	34.1
A_MP	343	3063	G	0	0	3063	36.9
A_MP	344	2860	T	0	0	2860	37.7
A_MP	345	3090	T	0	0	3090	37.5
A_MP	346	3001	G	0	0	3001	37.6
A_MP	347	3291	C	0	0	3291	37.7
A_MP	348	3013	A	0	0	3013	35.8
A_MP	349	2722	C	0	0	2722	37.4
A_MP	350	2836	T	0	0	2836	37.2
A_MP	351	3015	C	0	0	3015	34.2
A_MP	352	3036	A	0	0	3036	36.6
A_MP	353	3302	G	0	0	3302	35.0
A_MP	354	2992	T	0	0	2992	35.2
A_MP	355	3190	T	0	0	3190	37.1
A_MP	356	3176	A	0	0	3176	35.4
A_MP	357	3209	C	0	0	3209	37.3
A_MP	358	3229	T	0	0	3229	36.9
A_MP	359	3349	C	0	0	3349	35.5
A_MP	360	3274	A	0	0	3274	34.6
A_MP	361	2857	A	0	0	2857	34.2
A_MP	362	3342	C	0	0	3342	36.9
A_MP	363	3213	C	0	0	3213	37.1
A_MP	364	3042	G	0	0	3042	36.3
A_MP	365	3173	G	0	0	3173	35.2
A_MP	366	3577	T	0	0	3577	34.9
A_MP	367	3359	G	0	0	3359	34.9
A_MP	368	3416	C	0	0	3416	36.4
A_MP	369	3169	A	0	0	3169	36.5
A_MP	370	3176	C	0	0	3176	36.4
A_MP	371	3665	T	0	0	3665	34.5
A_MP	372	3244	T	0	0	3244	34.9
A_MP	373	3435	G	0	0	3435	34.9
A_MP	374	3192	C	0	0	3192	37.9
A_MP	375	3518	C	0	0	3518	34.8
A_MP	376	3480	A	0	0	3480	37.4
A_MP	377	3436	G	0	0	3436	36.7
A_MP	378	3697	T	0	0	3697	37.2
A_MP	379	3472	T	0	0	3472	34.7
A_MP	380	3445	G	0	0	3445	36.6
A_MP	381	3869	T	0	0	3869	36.2
A_MP	382	3952	A	0	0	3952	37.9
A_MP	383	3691	T	0	0	3691	36.8
A_MP	384	3903	G	0	0	3903	35.3
A_MP	385	3732	G	0	0	3732	37.6
A_MP	386	3873	G	0	0	3873	35.8
A_MP	387	3995	T	0	0	3995	36.5
A_MP	388	3460	C	0	0	3460	36.6
A_MP	389	3674	T	0	0	3674	37.6
A_MP	390	4041	C	0	0	4041	34.1
A_MP	391	3996	A	0	0	3996	35.3
A_MP	392	4098	T	0	0	4098	35.8
A_MP	393	4124	A	0	0	4124	35.7
A_MP	394	4237	T	0	0	4237	37.1
A_MP	395	3820	A	0	0	3820	37.5
A_MP	396	4324	C	0	0	4324	35.9
A_MP	397	4352	A	0	0	4352	36.6
A_MP	398	4534	A	0	0	4534	34.0
A_MP	399	4601	C	0	0	4601	36.4
A_MP	400	4481	A	0	0	4481	35.8
A_MP	401	4635	G	0	0	4635	34.7
A_MP	402	4165	G	0	0	4165	35.2
A_MP	403	4584	A	0	0	4584	36.7
A_MP	404	4882	T	0	0	4882	34.8
A_MP	405	4846	G	0	0	4846	37.1
A_MP	406	4618	G	0	0	4618	34.6
A_MP	407	4565	G	0	0	4565	34.2
A_MP	408	4690	G	0	0	4690	36.8
A_MP	409	4776	A	0	0	4776	35.0
A_MP	410	4011	C	0	0	4011	37.9
A_MP	411	5112	G	0	0	5112	36.4
A_MP	412	4862	G	0	0	4862	37.6
A_MP	413	4922	T	0	0	4922	34.2
A_MP	414	5490	G	0	0	5490	37.3
A_MP	415	4639	A	0	0	4639	34.2
A_MP	416	4782	C	0	0	4782	37.1
A_MP	417	5144	C	0	0	5144	36.5
A_MP	418	4687	G	0	0	4687	35.9
A_MP	419	5070	C	0	0	5070	34.3
A_MP	420	4719	A	0	0	4719	36.6
A_MP	421	4880	G	0	0	4880	35.2
A_MP	422	5195	A	0	0	5195	34.8
A_MP	423	5214	A	0	0	5214	36.8
A_MP	424	5254	G	0	0	5254	37.7
A_MP	425	4858	T	0	0	4858	34.7
A_MP	426	5973	G	0	0	5973	37.2
A_MP	427	5205	G	0	0	5205	34.0
A_MP	428	5420	C	0	0	5420	36.9
A_MP	429	4948	A	0	0	4948	37.3
A_MP	430	5319	T	0	0	5319	34.5
A_MP	431	5306	T	0	0	5306	35.5
A_MP	432	5269	G	0	0	5269	34.9
A_MP	433	4952	G	0	0	4952	37.9
A_MP	434	5638	G	0	0	5638	35.0
A_MP	435	5371	C	0	0	5371	35.4
A_MP	436	5674	C	0	0	5674	37.1
A_MP	437	5153	T	0	0	5153	35.3
A_MP	438	5112	A	0	0	5112	35.1
A_MP	439	5085	G	0	0	5085	36.4
A_MP	440	4901	T	0	0	4901	37.3
A_MP	441	4884	G	0	0	4884	34.3
A_MP	442	6155	T	0	0	6155	35.2
A_MP	443	4757	G	0	0	4757	36.7
A_MP	444	5021	T	0	0	5021	34.1
A_MP	445	5425	G	0	0	5425	36.2
A_MP	446	5473	C	0	0	5473	37.0
A_MP	447	5454	C	0	0	5454	34.3
A_MP	448	6059	A	0	0	6059	34.1
A_MP	449	5308	C	0	0	5308	35.9
A_MP	450	4728	C	0	0	4728	36.4
A_MP	451	5592	T	0	0	5592	34.7
A_MP	452	5244	G	0	0	5244	34.3
A_MP	453	5121	T	0	0	5121	36.3
A_MP	454	5352	G	0	0	5352	36.7
A_MP	455	5170	A	0	0	5170	34.9
A_MP	456	4750	G	0	0	4750	34.8
A_MP	457	5065	C	0	0	5065	34.6
A_MP	458	4931	A	0	0	4931	35.6
A_MP	459	4562	G	0	0	4562	34.4
A_MP	460	4887	A	0	0	4887	37.2
A_MP	461	5236	T	0	0	5236	37.9
A_MP	462	4508	T	0	0	4508	35.2
A_MP	463	4822	G	0	0	4822	35.5
A_MP	464	4430	C	0	0	4430	37.5
A_MP	465	4462	T	0	0	4462	37.7
A_MP	466	4395	G	0	0	4395	35.6
A_MP	467	4994	A	0	0	4994	37.0
A_MP	468	5253	T	0	0	5253	36.4
A_MP	469	5033	T	0	0	5033	37.9
A_MP	470	4602	C	0	0	4602	35.9
A_MP	471	4422	A	0	0	4422	35.6
A_MP	472	5155	C	0	0	5155	36.0
A_MP	473	5176	A	0	0	5176	36.4
A_MP	474	4579	G	0	0	4579	36.1
A_MP	475	4789	C	0	0	4789	36.3
A_MP	476	4513	A	0	0	4513	36.2
A_MP	477	4271	T	0	0	4271	34.4
A_MP	478	4605	C	0	0	4605	34.5
A_MP	479	5006	G	0	0	5006	34.1
A_MP	480	4256	G	0	0	4256	37.1
A_MP	481	4632	T	0	0	4632	36.1
A_MP	482	4640	C	0	0	4640	36.3
A_MP	483	4188	T	0	0	4188	35.6
A_MP	484	4307	C	0	0	4307	34.1
A_MP	485	4243	A	0	0	4243	35.8
A_MP	486	4763	C	0	0	4763	34.3
A_MP	487	4209	A	0	0	4209	37.7
A_MP	488	4231	G	0	0	4231	34.4
A_MP	489	4349	A	0	0	4349	34.8
A_MP	490	4287	C	0	0	4287	34.3
A_MP	491	4289	A	0	0	4289	36.1
A_MP	492	4341	G	0	0	4341	34.3
A_MP	493	4551	A	0	0	4551	35.8
A_MP	494	4552	T	0	0	4552	38.0
A_MP	495	3903	A	0	0	3903	35.8
A_MP	496	4179	G	0	0	4179	34.4
A_MP	497	4399	C	0	0	4399	35.0
A_MP	498	4152	T	0	0	4152	37.7
A_MP	499	4177	A	0	0	4177	35.8
A_MP	500	4297	C	0	0	4297	36.4
A_MP	501	4097	C	0	0	4097	35.6
A_MP	502	4004	A	0	0	4004	36.7
A_MP	503	3530	C	0	0	3530	37.3
A_MP	504	4252	C	0	0	4252	34.4
A_MP	505	3863	A	0	0	3863	34.2
A_MP	506	3866	C	0	0	3866	36.6
A_MP	507	3930	C	0	0	3930	36.0
A_MP	508	4103	A	0	0	4103	36.9
A_MP	509	4270	A	0	0	4270	36.7
A_MP	510	3904	C	0	0	3904	36.5
A_MP	511	3898	C	0	0	3898	35.3
A_MP	512	3861	C	0	0	3861	36.6
A_MP	513	4606	A	0	0	4606	37.2
A_MP	514	3911	C	0	0	3911	37.6
A_MP	515	3959	T	0	0	3959	37.6
A_MP	516	4251	G	0	0	4251	34.1
A_MP	517	4532	A	0	0	4532	36.5
A_MP	518	4073	T	0	0	4073	37.3
A_MP	519	3893	C	0	0	3893	37.2
A_MP	520	4131	A	0	0	4131	37.5
A_MP	521	4028	G	0	0	4028	36.6
A_MP	522	4060	A	0	0	4060	34.4
A_MP	523	3934	C	0	0	3934	34.9
A_MP	524	4188	A	0	0	4188	34.0
A_MP	525	3719	T	0	0	3719	36.9
A_MP	526	4046	G	0	0	4046	35.4
A_MP	527	3873	A	0	0	3873	36.6
A_MP	528	4059	A	0	0	4059	37.7
A_MP	529	3882	A	0	0	3882	37.0
A_MP	530	4008	A	0	0	4008	35.0
A_MP	531	4564	C	0	0	4564	37.9
A_MP	532	3904	A	0	0	3904	34.1
A_MP	533	4033	G	0	0	4033	36.6
A_MP	534	3940	A	0	0	3940	35.5
A_MP	535	4189	A	0	0	4189	38.0
A_MP	536	3845	T	0	0	3845	35.5
A_MP	537	3912	G	0	0	3912	35.3
A_MP	538	4517	G	0	0	4517	34.7
A_MP	539	3999	T	0	0	3999	37.4
A_MP	540	3989	T	0	0	3989	34.3
A_MP	541	4273	T	0	0	4273	37.1
A_MP	542	3639	T	0	0	3639	37.2
A_MP	543	4599	G	0	0	4599	36.8
A_MP	544	3915	G	0	0	3915	36.3
A_MP	545	4442	C	0	0	4442	35.9
A_MP	546	4334	C	0	0	4334	36.8
A_MP	547	4064	A	0	0	4064	36.4
A_MP	548	4348	G	0	0	4348	34.8
A_MP	549	3912	T	0	0	3912	35.8
A_MP	550	4300	A	0	0	4300	34.2
A_MP	551	4147	C	0	0	4147	37.0
A_MP	552	4252	T	0	0	4252	35.9
A_MP	553	4316	A	0	0	4316	34.6
A_MP	554	4031	C	0	0	4031	37.0
A_MP	555	4314	A	0	0	4314	34.1
A_MP	556	4402	G	0	0	4402	34.2
A_MP	557	4505	C	0	0	4505	37.0
A_MP	558	4135	T	0	0	4135	37.4
A_MP	559	4021	A	0	0	4021	35.3
A_MP	560	4269	A	0	0	4269	36.5
A_MP	561	4430	G	0	0	4430	36.4
A_MP	562	4270	G	0	0	4270	34.4
A_MP	563	4036	C	0	0	4036	35.1
A_MP	564	3641	T	0	0	3641	36.3
A_MP	565	4046	A	0	0	4046	35.5
A_MP	566	4467	T	0	0	4467	37.2
A_MP	567	3981	G	0	0	3981	36.5
A_MP	568	3896	G	0	0	3896	35.9
A_MP	569	4523	A	0	0	4523	37.8
A_MP	570	3900	G	0	0	3900	37.1
A_MP	571	4262	C	0	0	4262	37.2
A_MP	572	3999	A	0	0	3999	36.6
A_MP	573	4227	G	0	0	4227	36.6
A_MP	574	4141	A	0	0	4141	38.0
A_MP	575	4112	T	0	0	4112	36.9
A_MP	576	4137	G	0	0	4137	37.6
A_MP	577	4284	G	0	0	4284	36.8
A_MP	578	4303	C	0	0	4303	35.8
A_MP	579	3843	T	0	0	3843	35.7
A_MP	580	3563	G	0	0	3563	34.3
A_MP	581	3539	G	0	0	3539	34.9
A_MP	582	4167	A	0	0	4167	36.0
A_MP	583	3860	T	0	0	3860	37.3
A_MP	584	3662	C	0	0	3662	37.2
A_MP	585	4115	G	0	0	4115	37.6
A_MP	586	3748	A	0	0	3748	34.9
A_MP	587	4226	G	0	0	4226	35.6
A_MP	588	3266	T	0	0	3266	36.7
A_MP	589	3643	G	0	0	3643	37.7
A_MP	590	3646	A	0	0	3646	37.5
A_MP	591	3586	G	0	0	3586	36.7
A_MP	592	3601	C	0	0	3601	37.2
A_MP	593	3837	A	0	0	3837	36.6
A_MP	594	3517	A	0	0	3517	36.7
A_MP	595	4015	G	0	0	4015	35.7
A_MP	596	3623	C	0	0	3623	34.8
A_MP	597	3645	A	0	0	3645	35.2
A_MP	598	3406	G	0	0	3406	35.7
A_MP	599	3222	T	0	0	3222	37.4
A_MP	600	3281	G	0	0	3281	35.4
A_MP	601	3637	G	0	0	3637	34.7
A_MP	602	3343	A	0	0	3343	35.9
A_MP	603	3294	A	0	0	3294	34.4
A_MP	604	3326	G	0	0	3326	36.3
A_MP	605	3207	C	0	0	3207	37.9
A_MP	606	3156	C	0	0	3156	37.8
A_MP	607	2863	A	0	0	2863	38.0
A_MP	608	3050	T	0	0	3050	34.6
A_MP	609	2980	G	0	0	2980	35.3
A_MP	610	3126	G	0	0	3126	35.0
A_MP	611	2824	A	0	0	2824	36.0
A_MP	612	2888	G	0	0	2888	34.4
A_MP	613	3253	G	0	0	3253	37.2
A_MP	614	2968	T	0	0	2968	35.3
A_MP	615	3292	T	0	0	3292	35.2
A_MP	616	2717	G	0	0	2717	37.2
A_MP	617	2949	C	0	0	2949	34.5
A_MP	618	2855	T	0	0	2855	36.1
A_MP	619	3090	A	0	0	3090	35.0
A_MP	620	2680	G	0	0	2680	35.9
A_MP	621	2623	T	0	0	2623	34.5
A_MP	622	2920	C	0	0	2920	36.9
A_MP	623	2691	A	0	0	2691	36.4
A_MP	624	2512	G	0	0	2512	35.6
A_MP	625	2717	G	0	0	2717	34.2
A_MP	626	2763	C	0	0	2763	34.4
A_MP	627	2846	T	0	0	2846	34.7
A_MP	628	2637	A	0	0	2637	36.1
A_MP	629	2582	G	0	0	2582	36.8
A_MP	630	2801	G	0	0	2801	36.8
A_MP	631	2708	C	0	0	2708	36.7
A_MP	632	2529	A	0	0	2529	36.6
A_MP	633	2454	G	0	0	2454	37.3
A_MP	634	2627	A	0	0	2627	36.8
A_MP	635	2619	T	0	0	2619	37.1
A_MP	636	2427	G	0	0	2427	37.6
A_MP	637	2772	G	0	0	2772	35.5
A_MP	638	2949	T	0	0	2949	35.7
A_MP	639	2845	G	0	0	2845	34.4
A_MP	640	2690	C	0	0	2690	35.2
A_MP	641	2619	A	0	0	2619	34.4
A_MP	642	2678	G	0	0	2678	35.8
A_MP	643	2792	G	0	0	2792	35.1
A_MP	644	2458	C	0	0	2458	35.9
A_MP	645	2497	G	0	0	2497	36.6
A_MP	646	2496	A	0	0	2496	35.4
A_MP	647	2737	T	0	0	2737	35.6
A_MP	648	2712	G	0	0	2712	35.0
A_MP	649	2805	A	0	0	2805	37.1
A_MP	650	2693	G	0	0	2693	35.3
A_MP	651	2722	G	0	0	2722	37.8
A_MP	652	2784	A	0	0	2784	37.8
A_MP	653	2693	C	0	0	2693	37.0
A_MP	654	2471	C	0	0	2471	37.4
A_MP	655	2592	A	0	0	2592	34.8
A_MP	656	2745	T	0	0	2745	37.6
A_MP	657	2645	T	0	0	2645	35.6
A_MP	658	2976	G	0	0	2976	35.5
A_MP	659	2834	G	0	0	2834	34.3
A_MP	660	2755	A	0	0	2755	37.9
A_MP	661	2822	A	0	0	2822	35.1
A_MP	662	3197	C	0	0	3197	36.8
A_MP	663	3050	T	0	0	3050	34.1
A_MP	664	3034	C	0	0	3034	35.0
A_MP	665	3139	A	0	0	3139	34.5
A_MP	666	3432	T	0	0	3432	37.9
A_MP	667	3004	C	0	0	3004	37.6
A_MP	668	3220	C	0	0	3220	34.4
A_MP	669	3098	T	0	0	3098	37.5
A_MP	670	3130	A	0	0	3130	37.1
A_MP	671	3316	G	0	0	3316	37.2
A_MP	672	3241	C	0	0	3241	35.2
A_MP	673	3610	T	0	0	3610	37.7
A_MP	674	3214	C	0	0	3214	35.0
A_MP	675	3686	C	0	0	3686	36.2
A_MP	676	3397	A	0	0	3397	35.7
A_MP	677	3369	G	0	0	3369	37.7
A_MP	678	3811	T	0	0	3811	36.4
A_MP	679	3314	G	0	0	3314	35.9
A_MP	680	3987	C	0	0	3987	37.4
A_MP	681	3579	C	0	0	3579	34.6
A_MP	682	3846	G	0	0	3846	34.1
A_MP	683	3649	G	0	0	3649	35.1
A_MP	684	3783	T	0	0	3783	34.1
A_MP	685	3752	C	0	0	3752	37.0
A_MP	686	4144	T	0	0	4144	34.7
A_MP	687	4186	G	0	0	4186	34.3
A_MP	688	3743	A	0	0	3743	36.2
A_MP	689	3875	G	0	0	3875	34.8
A_MP	690	4002	A	0	0	4002	36.8
A_MP	691	3898	G	0	0	3898	36.8
A_MP	692	4236	A	0	0	4236	37.7
A_MP	693	4116	T	0	0	4116	36.2
A_MP	694	4110	G	0	0	4110	36.7
A_MP	695	4111	A	0	0	4111	37.9
A_MP	696	4218	T	0	0	4218	36.0
A_MP	697	4117	C	0	0	4117	35.1
A_MP	698	4155	T	0	0	4155	34.1
A_MP	699	4503	C	0	0	4503	34.8
A_MP	700	4468	C	0	0	4468	35.7
A_MP	701	4260	T	0	0	4260	35.8
A_MP	702	4042	T	0	0	4042	34.2
A_MP	703	4707	G	0	0	4707	35.0
A_MP	704	4532	A	0	0	4532	35.6
A_MP	705	4542	A	0	0	4542	34.1
A_MP	706	5236	A	0	0	5236	37.5
A_MP	707	4432	A	0	0	4432	35.8
A_MP	708	4252	T	0	0	4252	36.9
A_MP	709	4154	T	0	0	4154	36.1
A_MP	710	5010	T	0	0	5010	37.6
A_MP	711	4668	G	0	0	4668	34.9
A_MP	712	4649	C	0	0	4649	36.5
A_MP	713	4337	A	0	0	4337	35.9
A_MP	714	4740	G	0	0	4740	35.2
A_MP	715	4483	G	0	0	4483	37.8
A_MP	716	4842	C	0	0	4842	35.5
A_MP	717	4958	C	0	0	4958	37.2
A_MP	718	4843	T	0	0	4843	37.8
A_MP	719	4667	A	0	0	4667	37.4
A_MP	720	4877	C	0	0	4877	38.0
A_MP	721	4453	C	0	0	4453	37.4
A_MP	722	4463	A	0	0	4463	34.4
A_MP	723	4479	A	0	0	4479	35.9
A_MP	724	4598	A	0	0	4598	36.5
A_MP	725	4403	A	0	0	4403	35.5
A_MP	726	4640	A	0	0	4640	37.8
A_MP	727	4271	C	0	0	4271	34.2
A_MP	728	4670	G	0	0	4670	36.2
A_MP	729	4699	G	0	0	4699	36.2
A_MP	730	4843	A	0	0	4843	35.9
A_MP	731	4439	T	0	0	4439	35.4
A_MP	732	5261	G	0	0	5261	37.0
A_MP	733	5105	G	0	0	5105	35.0
A_MP	734	4326	G	0	0	4326	36.2
A_MP	735	4400	A	0	0	4400	34.5
A_MP	736	5130	G	0	0	5130	36.9
A_MP	737	4784	T	0	0	4784	37.4
A_MP	738	4497	G	0	0	4497	36.4
A_MP	739	4228	C	0	0	4228	34.9
A_MP	740	4377	A	0	0	4377	35.7
A_MP	741	4939	A	0	0	4939	36.4
A_MP	742	4167	C	0	0	4167	35.6
A_MP	743	4388	T	0	0	4388	35.0
A_MP	744	4255	G	0	0	4255	35.3
A_MP	745	4504	C	0	0	4504	34.7
A_MP	746	4739	A	0	0	4739	37.3
A_MP	747	4942	G	0	0	4942	37.3
A_MP	748	4194	C	0	0	4194	36.2
A_MP	749	5005	G	0	0	5005	35.6
A_MP	750	4266	A	0	0	4266	35.1
A_MP	751	4409	T	0	0	4409	38.0
A_MP	752	4383	T	0	0	4383	35.2
A_MP	753	4138	C	0	0	4138	35.1
A_MP	754	4762	A	0	0	4762	37.3
A_MP	755	4869	A	0	0	4869	36.2
A_MP	756	4347	G	0	0	4347	35.3
A_MP	757	4655	T	0	0	4655	34.2
A_MP	758	4104	G	0	0	4104	34.2
A_MP	759	4280	A	0	0	4280	36.8
A_MP	760	4505	T	0	0	4505	34.1
A_MP	761	4554	C	0	0	4554	35.7
A_MP	762	4796	C	0	0	4796	34.1
A_MP	763	5048	T	0	0	5048	36.6
A_MP	764	4257	C	0	0	4257	34.5
A_MP	765	4089	T	0	0	4089	36.3
A_MP	766	4535	C	0	0	4535	34.6
A_MP	767	4023	G	0	0	4023	36.6
A_MP	768	4302	T	0	0	4302	36.0
A_MP	769	4616	T	0	0	4616	36.6
A_MP	770	4209	A	0	0	4209	35.5
A_MP	771	4268	T	0	0	4268	34.6
A_MP	772	4469	T	0	0	4469	35.3
A_MP	773	4187	G	0	0	4187	35.8
A_MP	774	4549	C	0	0	4549	37.4
A_MP	775	4229	C	0	0	4229	35.3
A_MP	776	4299	G	0	0	4299	36.9
A_MP	777	4534	C	0	0	4534	37.3
A_MP	778	4193	A	0	0	4193	34.7
A_MP	779	4441	A	0	0	4441	36.3
A_MP	780	4022	G	0	0	4022	34.5
A_MP	781	4150	T	0	0	4150	37.4
A_MP	782	4265	A	0	0	4265	36.8
A_MP	783	4859	T	0	0	4859	35.4
A_MP	784	4330	C	0	0	4330	35.9
A_MP	785	4245	A	0	0	4245	35.1
A_MP	786	3885	T	0	0	3885	36.8
A_MP	787	4454	T	0	0	4454	34.5
A_MP	788	4581	G	0	0	4581	34.3
A_MP	789	4863	G	0	0	4863	35.8
A_MP	790	4330	G	0	0	4330	34.7
A_MP	791	4509	A	0	0	4509	35.0
A_MP	792	4559	T	0	0	4559	37.7
A_MP	793	4820	C	0	0	4820	34.1
A_MP	794	4316	T	0	0	4316	35.1
A_MP	795	4226	T	0	0	4226	36.1
A_MP	796	4485	G	0	0	4485	37.8
A_MP	797	4317	C	0	0	4317	35.3
A_MP	798	4808	A	0	0	4808	37.3
A_MP	799	4980	C	0	0	4980	35.1
A_MP	800	4716	T	0	0	4716	36.8
A_MP	801	4464	T	0	0	4464	34.5
A_MP	802	4241	G	0	0	4241	34.1
A_MP	803	4741	A	0	0	4741	35.3
A_MP	804	4348	T	0	0	4348	37.6
A_MP	805	4122	A	0	0	4122	35.1
A_MP	806	4502	T	0	0	4502	36.3
A_MP	807	4422	T	0	0	4422	36.4
A_MP	808	5140	G	0	0	5140	37.7
A_MP	809	4716	T	0	0	4716	37.6
A_MP	810	4676	G	0	0	4676	35.8
A_MP	811	4746	G	0	0	4746	36.0
A_MP	812	4962	A	0	0	4962	37.2
A_MP	813	4705	T	0	0	4705	36.8
A_MP	814	5017	T	0	0	5017	37.5
A_MP	815	5077	C	0	0	5077	37.5
A_MP	816	4627	T	0	0	4627	35.0
A_MP	817	4686	T	0	0	4686	34.2
A_MP	818	4367	G	0	0	4367	36.7
A_MP	819	5081	A	0	0	5081	35.1
A_MP	820	5329	T	0	0	5329	36.0
A_MP	821	4741	C	0	0	4741	35.3
A_MP	822	4663	G	0	0	4663	34.1
A_MP	823	4276	C	0	0	4276	34.1
A_MP	824	4576	C	0	0	4576	37.4
A_MP	825	4819	T	0	0	4819	36.4
A_MP	826	4434	T	0	0	4434	36.2
A_MP	827	5256	T	0	0	5256	35.4
A_MP	828	4935	T	0	0	4935	35.4
A_MP	829	4471	C	0	0	4471	34.7
A_MP	830	5567	T	0	0	5567	35.5
A_MP	831	5569	T	0	0	5569	35.9
A_MP	832	4760	C	0	0	4760	34.3
A_MP	833	4946	A	0	0	4946	37.3
A_MP	834	4814	A	0	0	4814	36.7
A_MP	835	5004	A	0	0	5004	37.9
A_MP	836	4857	T	0	0	4857	36.4
A_MP	837	4512	G	0	0	4512	35.3
A_MP	838	4513	C	0	0	4513	37.8
A_MP	839	4624	G	0	0	4624	37.1
A_MP	840	5072	T	0	0	5072	36.3
A_MP	841	4614	T	0	0	4614	36.9
A_MP	842	4762	T	0	0	4762	37.2
A_MP	843	5239	A	0	0	5239	36.0
A_MP	844	5509	T	0	0	5509	35.6
A_MP	845	5352	C	0	0	5352	34.7
A_MP	846	4883	G	0	0	4883	36.4
A_MP	847	4830	T	0	0	4830	35.2
A_MP	848	4927	C	0	0	4927	37.9
A_MP	849	4614	G	0	0	4614	34.0
A_MP	850	4855	C	0	0	4855	36.5
A_MP	851	5574	C	0	0	5574	37.0
A_MP	852	5269	T	0	0	5269	35.8
A_MP	853	5968	T	0	0	5968	37.7
A_MP	854	4967	A	0	0	4967	34.5
A_MP	855	4598	A	0	0	4598	34.1
A_MP	856	5024	A	0	0	5024	37.6
A_MP	857	4973	T	0	0	4973	37.8
A_MP	858	4327	A	0	0	4327	36.7
A_MP	859	4651	C	0	0	4651	37.9
A_MP	860	4964	G	0	0	4964	35.9
A_MP	861	4895	G	0	0	4895	36.2
A_MP	862	4800	T	0	0	4800	35.1
A_MP	863	4878	T	0	0	4878	34.6
A_MP	864	4380	C	0	0	4380	37.7
A_MP	865	4442	G	0	0	4442	36.5
A_MP	866	4757	A	0	0	4757	34.3
A_MP	867	4104	A	0	0	4104	36.4
A_MP	868	4999	A	0	0	4999	36.9
A_MP	869	4321	G	0	0	4321	34.7
A_MP	870	4408	G	0	0	4408	35.5
A_MP	871	4827	A	0	0	4827	37.1
A_MP	872	4283	G	0	0	4283	34.1
A_MP	873	4724	G	0	0	4724	37.6
A_MP	874	4288	G	0	0	4288	36.7
A_MP	875	4485	C	0	0	4485	37.9
A_MP	876	4086	C	0	0	4086	34.8
A_MP	877	4067	T	0	0	4067	34.1
A_MP	878	4489	T	0	0	4489	34.4
A_MP	879	4683	C	0	0	4683	36.0
A_MP	880	4115	T	0	0	4115	34.3
A_MP	881	3804	A	0	0	3804	36.3
A_MP	882	4092	C	0	0	4092	35.9
A_MP	883	3972	G	0	0	3972	37.0
A_MP	884	3706	G	0	0	3706	37.1
A_MP	885	3663	A	0	0	3663	36.7
A_MP	886	3434	A	0	0	3434	37.0
A_MP	887	3706	G	0	0	3706	34.4
A_MP	888	3369	G	0	0	3369	36.7
A_MP	889	3716	A	0	0	3716	35.5
A_MP	890	3953	G	0	0	3953	37.5
A_MP	891	3726	T	0	0	3726	34.4
A_MP	892	3632	A	0	0	3632	37.4
A_MP	893	3137	C	0	0	3137	36.2
A_MP	894	3129	C	0	0	3129	35.9
A_MP	895	3357	T	0	0	3357	37.5
A_MP	896	2796	G	0	0	2796	36.4
A_MP	897	3187	A	0	0	3187	35.1
A_MP	898	3323	G	0	0	3323	36.4
A_MP	899	3177	T	0	0	3177	34.2
A_MP	900	3205	C	0	0	3205	35.8
A_MP	901	3028	C	0	0	3028	36.2
A_MP	902	3142	A	0	0	3142	37.7
A_MP	903	3172	T	0	0	3172	36.2
A_MP	904	3566	G	0	0	3566	34.1
A_MP	905	3273	A	0	0	3273	34.3
A_MP	906	2849	G	0	0	2849	36.5
A_MP	907	3707	G	0	0	3707	36.7
A_MP	908	2850	G	0	0	2850	36.3
A_MP	909	3191	A	0	0	3191	34.4
A_MP	910	2893	A	0	0	2893	34.5
A_MP	911	2710	G	0	0	2710	35.2
A_MP	912	2989	A	0	0	2989	36.9
A_MP	913	2932	G	0	0	2932	35.7
A_MP	914	2477	T	0	0	2477	36.6
A_MP	915	3020	A	0	0	3020	37.9
A_MP	916	2687	C	0	0	2687	36.6
A_MP	917	2698	C	0	0	2698	35.1
A_MP	918	3174	G	0	0	3174	36.7
A_MP	919	2868	G	0	0	2868	37.9
A_MP	920	2582	C	0	0	2582	35.7
A_MP	921	2618	A	0	0	2618	35.7
A_MP	922	2125	G	0	0	2125	34.9
A_MP	923	2537	G	0	0	2537	36.1
A_MP	924	2556	A	0	0	2556	34.1
A_MP	925	2650	A	0	0	2650	36.8
A_MP	926	2505	C	0	0	2505	36.2
A_MP	927	2201	A	0	0	2201	35.3
A_MP	928	2622	G	0	0	2622	35.9
A_MP	929	2574	C	0	0	2574	35.8
A_MP	930	2406	A	0	0	2406	37.7
A_MP	931	2305	G	0	0	2305	37.0
A_MP	932	2504	A	0	0	2504	34.0
A_MP	933	2234	G	0	0	2234	35.6
A_MP	934	2057	T	0	0	2057	34.3
A_MP	935	2189	G	0	0	2189	34.1
A_MP	936	2220	C	0	0	2220	36.5
A_MP	937	2310	T	0	0	2310	37.0
A_MP	938	2144	G	0	0	2144	34.6
A_MP	939	1942	T	0	0	1942	35.2
A_MP	940	1901	G	0	0	1901	35.9
A_MP	941	1944	G	0	0	1944	34.8
A_MP	942	1890	G	0	0	1890	37.5
A_MP	943	1787	T	0	0	1787	37.7
A_MP	944	1723	G	0	0	1723	36.3
A_MP	945	1831	T	0	0	1831	34.2
A_MP	946	1583	T	0	0	1583	36.5
A_MP	947	1719	G	0	0	1719	37.0
A_MP	948	1607	A	0	0	1607	36.0
A_MP	949	1501	C	0	0	1501	37.3
A_MP	950	1684	G	0	0	1684	37.5
A_MP	951	1573	A	0	0	1573	36.7
A_MP	952	1358	T	0	0	1358	37.8
A_MP	953	1392	G	0	0	1392	37.8
A_MP	954	1364	G	0	0	1364	37.5
A_MP	955	1471	T	0	0	1471	34.2
A_MP	956	1349	C	0	0	1349	37.2
A_MP	957	1278	A	0	0	1278	35.2
A_MP	958	1249	T	0	0	1249	35.3
A_MP	959	1196	T	0	0	1196	34.0
A_MP	960	1161	T	0	0	1161	35.4
A_MP	961	1133	T	0	0	1133	34.9
A_MP	962	1052	G	0	0	1052	34.7
A_MP	963	1006	T	0	0	1006	36.3
A_MP	964	940	C	0	0	940	34.0
A_MP	965	903	A	0	0	903	37.4
A_MP	966	950	A	0	0	950	35.6
A_MP	967	975	C	0	0	975	34.7
A_MP	968	786	A	0	0	786	34.6
A_MP	969	739	T	0	0	739	34.1
A_MP	970	674	A	0	0	674	34.5
A_MP	971	684	G	0	0	684	36.7
A_MP	972	581	A	0	0	581	37.7
A_MP	973	551	G	0	0	551	37.7
A_MP	974	489	C	0	0	489	36.8
A_MP	975	418	T	0	0	418	36.3
A_MP	976	365	G	0	0	365	35.3
A_MP	977	300	G	0	0	300	37.0
A_MP	978	234	A	0	0	234	37.0
A_MP	979	179	G	0	0	179	37.6
A_MP	980	130	T	0	0	130	34.2
A_MP	981	63	A	0	0	63	34.3
A_MP	982	0	A	0	0	0	36.7
