Reference_Name	Position	Coverage Depth	Consensus	Deletions	Ambiguous	Consensus_Count	Consensus_Average_Quality
A_NA	1	30	A	0	0	30	37.4
A_NA	2	65	T	0	0	65	37.0
A_NA	3	86	G	0	0	86	37.9
A_NA	4	132	A	0	0	132	37.6
A_NA	5	163	A	0	0	163	34.6
A_NA	6	171	T	0	0	171	36.1
A_NA	7	214	C	0	0	214	35.8
A_NA	8	255	C	0	0	255	36.7
A_NA	9	277	A	0	0	277	37.0
A_NA	10	310	A	0	0	310	35.4
A_NA	11	330	A	0	0	330	37.1
A_NA	12	376	T	0	0	376	37.2
A_NA	13	404	C	0	0	404	36.3
A_NA	14	480	A	0	0	480	36.3
A_NA	15	476	A	0	0	476	35.5
A_NA	16	475	A	0	0	475	34.0
A_NA	17	487	G	0	0	487	36.1
A_NA	18	570	G	0	0	570	37.7
A_NA	19	536	A	0	0	536	35.1
A_NA	20	607	T	0	0	607	36.3
A_NA	21	649	A	0	0	649	37.7
A_NA	22	714	A	0	0	714	35.1
A_NA	23	625	T	0	0	625	36.8
A_NA	24	664	A	0	0	664	36.0
A_NA	25	705	A	0	0	705	36.7
A_NA	26	692	C	0	0	692	36.0
A_NA	27	717	C	0	0	717	35.6
A_NA	28	815	A	0	0	815	36.9
A_NA	29	787	C	0	0	787	35.4
A_NA	30	919	T	0	0	919	37.8
A_NA	31	985	G	0	0	985	37.5
A_NA	32	927	G	0	0	927	35.9
A_NA	33	926	A	0	0	926	36.1
A_NA	34	982	T	0	0	982	35.3
A_NA	35	1023	C	0	0	1023	37.0
A_NA	36	1115	A	0	0	1115	35.6
A_NA	37	926	A	0	0	926	36.4
A_NA	38	1058	T	0	0	1058	35.8
A_NA	39	1003	C	0	0	1003	38.0
A_NA	40	1163	T	0	0	1163	36.8
A_NA	41	1050	G	0	0	1050	36.9
A_NA	42	1205	T	0	0	1205	36.3
A_NA	43	1233	A	0	0	1233	34.4
A_NA	44	1138	T	0	0	1138	35.6
A_NA	45	1178	G	0	0	1178	34.3
A_NA	46	1226	G	0	0	1226	34.5
A_NA	47	1356	T	0	0	1356	35.2
A_NA	48	1260	A	0	0	1260	37.8
A_NA	49	1287	A	0	0	1287	35.6
A_NA	50	1292	T	0	0	1292	37.0
A_NA	51	1268	T	0	0	1268	35.0
A_NA	52	1320	G	0	0	1320	36.4
A_NA	53	1377	G	0	0	1377	34.2
A_NA	54	1385	G	0	0	1385	34.9
A_NA	55	1478	A	0	0	1478	37.1
A_NA	56	1464	T	0	0	1464	36.6
A_NA	57	1502	A	0	0	1502	37.0
A_NA	58	1608	G	0	0	1608	35.8
A_NA	59	1446	T	0	0	1446	37.7
A_NA	60	1631	C	0	0	1631	37.6
A_NA	61	1722	A	0	0	1722	34.9
A_NA	62	1753	G	0	0	1753	36.7
A_NA	63	1497	C	0	0	1497	38.0
A_NA	64	1781	T	0	0	1781	35.8
A_NA	65	1832	T	0	0	1832	35.3
A_NA	66	1831	G	0	0	1831	35.8
A_NA	67	1694	A	0	0	1694	35.9
A_NA	68	1733	T	0	0	1733	34.5
A_NA	69	1649	G	0	0	1649	36.2
A_NA	70	1766	C	0	0	1766	35.1
A_NA	71	1526	T	0	0	1526	37.8
A_NA	72	1904	G	0	0	1904	34.3
A_NA	73	2031	C	0	0	2031	35.1
A_NA	74	1929	A	0	0	1929	35.4
A_NA	75	1891	A	0	0	1891	34.4
A_NA	76	1964	A	0	0	1964	34.7
A_NA	77	1942	T	0	0	1942	37.5
A_NA	78	1997	T	0	0	1997	35.4
A_NA	79	2149	G	0	0	2149	35.1
A_NA	80	2207	G	0	0	2207	35.6
A_NA	81	2071	G	0	0	2071	36.7
A_NA	82	2117	A	0	0	2117	34.0
A_NA	83	2370	A	0	0	2370	35.0
A_NA	84	2295	C	0	0	2295	36.5
A_NA	85	2450	A	0	0	2450	36.7
A_NA	86	2100	T	0	0	2100	37.3
A_NA	87	2446	A	0	0	2446	35.9
A_NA	88	2229	A	0	0	2229	36.2
A_NA	89	2518	T	0	0	2518	36.0
A_NA	90	2355	C	0	0	2355	36.4
A_NA	91	2324	T	0	0	2324	37.6
A_NA	92	2398	C	0	0	2398	37.4
A_NA	93	2534	A	0	0	2534	36.2
A_NA	94	2424	A	0	0	2424	34.0
A_NA	95	2441	T	0	0	2441	34.1
A_NA	96	2378	A	0	0	2378	34.5
A_NA	97	2546	T	0	0	2546	35.2
A_NA	98	2379	G	0	0	2379	36.0
A_NA	99	2446	G	0	0	2446	36.8
A_NA	100	2316	G	0	0	2316	37.8
A_NA	101	2421	T	0	0	2421	35.7
A_NA	102	2375	T	0	0	2375	35.2
A_NA	103	2314	A	0	0	2314	36.6
A_NA	104	2575	G	0	0	2575	35.7
A_NA	105	2572	C	0	0	2572	34.8
A_NA	106	2555	C	0	0	2555	37.1
A_NA	107	2376	A	0	0	2376	37.9
A_NA	108	2559	T	0	0	2559	36.0
A_NA	109	2705	T	0	0	2705	37.5
A_NA	110	2600	C	0	0	2600	34.8
A_NA	111	2718	A	0	0	2718	35.7
A_NA	112	2611	A	0	0	2611	36.4
A_NA	113	2877	T	0	0	2877	35.6
A_NA	114	2563	C	0	0	2563	37.2
A_NA	115	2977	C	0	0	2977	36.6
A_NA	116	2648	A	0	0	2648	37.2
A_NA	117	2727	A	0	0	2727	36.2
A_NA	118	2658	A	0	0	2658	34.9
A_NA	119	2758	C	0	0	2758	37.5
A_NA	120	2504	A	0	0	2504	37.8
A_NA	121	2679	G	0	0	2679	36.7
A_NA	122	2930	G	0	0	2930	36.4
A_NA	123	2968	G	0	0	2968	37.5
A_NA	124	3161	A	0	0	3161	37.9
A_NA	125	2725	A	0	0	2725	36.8
A_NA	126	2972	T	0	0	2972	37.6
A_NA	127	2767	C	0	0	2767	35.4
A_NA	128	3265	A	0	0	3265	37.3
A_NA	129	2671	A	0	0	2671	37.3
A_NA	130	2979	T	0	0	2979	38.0
A_NA	131	3141	A	0	0	3141	36.4
A_NA	132	2999	C	0	0	2999	37.6
A_NA	133	2654	C	0	0	2654	34.8
A_NA	134	3083	A	0	0	3083	35.3
A_NA	135	3059	G	0	0	3059	34.1
A_NA	136	3275	C	0	0	3275	34.4
A_NA	137	3012	C	0	0	3012	37.8
A_NA	138	3414	T	0	0	3414	37.8
A_NA	139	3295	G	0	0	3295	35.8
A_NA	140	2994	A	0	0	2994	34.6
A_NA	141	3475	A	0	0	3475	37.5
A_NA	142	3392	C	0	0	3392	36.2
A_NA	143	3115	C	0	0	3115	34.0
A_NA	144	3361	A	0	0	3361	34.5
A_NA	145	3434	T	0	0	3434	35.7
A_NA	146	3411	G	0	0	3411	35.8
A_NA	147	3433	C	0	0	3433	34.8
A_NA	148	3476	A	0	0	3476	36.3
A_NA	149	3503	A	0	0	3503	34.9
A_NA	150	3311	T	0	0	3311	34.8
A_NA	151	3199	C	0	0	3199	35.6
A_NA	152	3233	A	0	0	3233	34.8
A_NA	153	3123	A	0	0	3123	37.9
A_NA	154	3646	A	0	0	3646	36.0
A_NA	155	3306	G	0	0	3306	35.5
A_NA	156	3880	C	0	0	3880	36.0
A_NA	157	3358	A	0	0	3358	35.2
A_NA	158	3460	T	0	0	3460	35.8
A_NA	159	3392	C	0	0	3392	35.8
A_NA	160	3477	A	0	0	3477	37.9
A_NA	161	4007	T	0	0	4007	34.6
A_NA	162	3905	T	0	0	3905	37.8
A_NA	163	3691	G	0	0	3691	34.7
A_NA	164	3868	C	0	0	3868	35.5
A_NA	165	3719	C	0	0	3719	35.5
A_NA	166	3857	T	0	0	3857	34.9
A_NA	167	3752	A	0	0	3752	36.5
A_NA	168	4040	T	0	0	4040	34.6
A_NA	169	3662	G	0	0	3662	37.4
A_NA	170	3543	A	0	0	3543	35.3
A_NA	171	3221	G	0	0	3221	34.3
A_NA	172	3456	A	0	0	3456	37.7
A_NA	173	3815	A	0	0	3815	36.5
A_NA	174	3922	C	0	0	3922	37.5
A_NA	175	3678	A	0	0	3678	36.0
A_NA	176	3885	A	0	0	3885	36.2
A_NA	177	3865	C	0	0	3865	37.5
A_NA	178	3899	A	0	0	3899	36.1
A_NA	179	3921	C	0	0	3921	36.6
A_NA	180	3915	C	0	0	3915	36.4
A_NA	181	4219	T	0	0	4219	37.1
A_NA	182	3378	G	0	0	3378	34.2
A_NA	183	4039	G	0	0	4039	34.9
A_NA	184	4176	G	0	0	4176	34.7
A_NA	185	4106	T	0	0	4106	37.1
A_NA	186	4460	A	0	0	4460	36.0
A_NA	187	3567	A	0	0	3567	36.2
A_NA	188	4123	A	0	0	4123	37.2
A_NA	189	3933	T	0	0	3933	36.7
A_NA	190	3956	C	0	0	3956	34.4
A_NA	191	4337	A	0	0	4337	36.1
A_NA	192	4035	G	0	0	4035	37.6
A_NA	193	3804	A	0	0	3804	37.9
A_NA	194	3784	C	0	0	3784	36.3
A_NA	195	4253	G	0	0	4253	36.1
A_NA	196	3636	T	0	0	3636	36.0
A_NA	197	4278	A	0	0	4278	37.9
A_NA	198	3982	T	0	0	3982	34.2
A_NA	199	3841	G	0	0	3841	37.8
A_NA	200	4446	T	0	0	4446	37.5
A_NA	201	4254	C	0	0	4254	37.6
A_NA	202	4253	A	0	0	4253	36.7
A_NA	203	3862	A	0	0	3862	37.2
A_NA	204	4008	C	0	0	4008	37.3
A_NA	205	3640	A	0	0	3640	35.6
A_NA	206	4121	T	0	0	4121	36.4
A_NA	207	4004	C	0	0	4004	35.9
A_NA	208	4398	A	0	0	4398	35.4
A_NA	209	3645	A	0	0	3645	34.8
A_NA	210	3975	C	0	0	3975	34.8
A_NA	211	3614	A	0	0	3614	36.0
A_NA	212	3519	A	0	0	3519	35.1
A_NA	213	3998	T	0	0	3998	36.2
A_NA	214	3545	A	0	0	3545	35.5
A_NA	215	3713	C	0	0	3713	36.5
A_NA	216	3928	C	0	0	3928	36.1
A_NA	217	4086	A	0	0	4086	37.3
A_NA	218	3865	A	0	0	3865	35.5
A_NA	219	3698	T	0	0	3698	34.3
A_NA	220	3876	T	0	0	3876	37.2
A_NA	221	3983	T	0	0	3983	37.7
A_NA	222	3673	T	0	0	3673	34.6
A_NA	223	3478	C	0	0	3478	35.6
A_NA	224	3679	T	0	0	3679	37.5
A_NA	225	3495	T	0	0	3495	35.2
A_NA	226	3628	G	0	0	3628	37.5
A_NA	227	3652	C	0	0	3652	35.7
A_NA	228	3502	T	0	0	3502	35.8
A_NA	229	3637	G	0	0	3637	36.1
A_NA	230	3610	A	0	0	3610	34.6
A_NA	231	3718	G	0	0	3718	37.3
A_NA	232	3632	C	0	0	3632	37.9
A_NA	233	3646	A	0	0	3646	35.0
A_NA	234	3514	G	0	0	3514	36.2
A_NA	235	3638	G	0	0	3638	35.1
A_NA	236	3739	C	0	0	3739	37.0
A_NA	237	4008	T	0	0	4008	35.9
A_NA	238	3458	G	0	0	3458	34.1
A_NA	239	3620	T	0	0	3620	36.1
A_NA	240	3815	T	0	0	3815	37.8
A_NA	241	3758	A	0	0	3758	37.0
A_NA	242	3546	C	0	0	3546	35.5
A_NA	243	3897	T	0	0	3897	35.3
A_NA	244	4014	T	0	0	4014	37.6
A_NA	245	3691	C	0	0	3691	37.8
A_NA	246	3751	G	0	0	3751	37.7
A_NA	247	3289	G	0	0	3289	36.5
A_NA	248	3288	T	0	0	3288	37.4
A_NA	249	3537	A	0	0	3537	37.6
A_NA	250	3525	A	0	0	3525	35.1
A_NA	251	3185	C	0	0	3185	35.0
A_NA	252	3418	A	0	0	3418	35.3
A_NA	253	3123	T	0	0	3123	34.5
A_NA	254	3551	T	0	0	3551	34.1
A_NA	255	3306	A	0	0	3306	34.8
A_NA	256	3555	G	0	0	3555	35.4
A_NA	257	3116	C	0	0	3116	34.3
A_NA	258	3598	G	0	0	3598	37.9
A_NA	259	3295	G	0	0	3295	36.8
A_NA	260	3399	G	0	0	3399	35.5
A_NA	261	3193	C	0	0	3193	37.5
A_NA	262	3537	A	0	0	3537	34.3
A_NA	263	3476	A	0	0	3476	35.2
A_NA	264	3258	T	0	0	3258	35.7
A_NA	265	3677	T	0	0	3677	34.2
A_NA	266	3344	C	0	0	3344	37.4
A_NA	267	3433	A	0	0	3433	34.2
A_NA	268	3606	T	0	0	3606	36.5
A_NA	269	3377	C	0	0	3377	37.4
A_NA	270	3442	T	0	0	3442	36.3
A_NA	271	3051	C	0	0	3051	35.1
A_NA	272	3125	T	0	0	3125	35.6
A_NA	273	3419	T	0	0	3419	36.8
A_NA	274	3137	T	0	0	3137	37.0
A_NA	275	3064	G	0	0	3064	35.9
A_NA	276	2948	C	0	0	2948	34.2
A_NA	277	2914	C	0	0	2914	36.9
A_NA	278	2909	C	0	0	2909	36.7
A_NA	279	3325	T	0	0	3325	37.8
A_NA	280	3179	A	0	0	3179	35.7
A_NA	281	2986	T	0	0	2986	35.8
A_NA	282	2913	T	0	0	2913	35.0
A_NA	283	3096	A	0	0	3096	34.0
A_NA	284	2866	G	0	0	2866	37.6
A_NA	285	3002	T	0	0	3002	37.9
A_NA	286	3141	G	0	0	3141	37.9
A_NA	287	3146	G	0	0	3146	36.5
A_NA	288	3144	G	0	0	3144	36.0
A_NA	289	3195	T	0	0	3195	38.0
A_NA	290	2916	G	0	0	2916	35.8
A_NA	291	2751	G	0	0	2751	37.0
A_NA	292	2978	G	0	0	2978	34.5
A_NA	293	3036	C	0	0	3036	35.4
A_NA	294	3558	T	0	0	3558	35.1
A_NA	295	3460	A	0	0	3460	36.5
A_NA	296	2964	T	0	0	2964	35.0
A_NA	297	3186	A	0	0	3186	36.5
A_NA	298	2877	T	0	0	2877	35.2
A_NA	299	2958	A	0	0	2958	34.3
A_NA	300	3011	C	0	0	3011	35.3
A_NA	301	3468	A	0	0	3468	34.2
A_NA	302	3104	G	0	0	3104	34.5
A_NA	303	2739	T	0	0	2739	35.4
A_NA	304	3105	A	0	0	3105	35.3
A_NA	305	3175	A	0	0	3175	37.6
A_NA	306	3077	G	0	0	3077	34.4
A_NA	307	3293	G	0	0	3293	37.7
A_NA	308	3111	A	0	0	3111	37.7
A_NA	309	2971	C	0	0	2971	34.2
A_NA	310	3438	A	0	0	3438	36.4
A_NA	311	2974	A	0	0	2974	36.9
A_NA	312	2833	C	0	0	2833	34.7
A_NA	313	2868	G	0	0	2868	36.5
A_NA	314	3301	G	0	0	3301	35.7
A_NA	315	2897	T	0	0	2897	37.7
A_NA	316	3141	A	0	0	3141	36.2
A_NA	317	2974	T	0	0	2974	34.4
A_NA	318	3255	A	0	0	3255	37.7
A_NA	319	2866	A	0	0	2866	36.6
A_NA	320	2867	G	0	0	2867	36.1
A_NA	321	3086	A	0	0	3086	35.5
A_NA	322	3338	A	0	0	3338	35.5
A_NA	323	2914	T	0	0	2914	36.0
A_NA	324	3228	T	0	0	3228	37.0
A_NA	325	3119	G	0	0	3119	36.2
A_NA	326	2926	G	0	0	2926	37.1
A_NA	327	2856	G	0	0	2856	35.3
A_NA	328	3249	T	0	0	3249	36.1
A_NA	329	2906	C	0	0	2906	34.8
A_NA	330	3014	C	0	0	3014	37.7
A_NA	331	3317	A	0	0	3317	36.6
A_NA	332	3267	A	0	0	3267	36.7
A_NA	333	3184	G	0	0	3184	36.0
A_NA	334	3311	G	0	0	3311	36.5
A_NA	335	2942	G	0	0	2942	35.3
A_NA	336	3145	G	0	0	3145	37.9
A_NA	337	2855	G	0	0	2855	35.5
A_NA	338	3431	A	0	0	3431	34.2
A_NA	339	2977	T	0	0	2977	36.7
A_NA	340	3136	G	0	0	3136	37.0
A_NA	341	3168	T	0	0	3168	36.3
A_NA	342	3174	G	0	0	3174	37.3
A_NA	343	2860	T	0	0	2860	36.9
A_NA	344	3211	T	0	0	3211	36.3
A_NA	345	3161	T	0	0	3161	35.1
A_NA	346	3271	G	0	0	3271	36.4
A_NA	347	3145	T	0	0	3145	37.4
A_NA	348	3085	T	0	0	3085	37.3
A_NA	349	3008	A	0	0	3008	34.2
A_NA	350	3242	T	0	0	3242	37.0
A_NA	351	3424	A	0	0	3424	35.4
A_NA	352	3255	A	0	0	3255	36.9
A_NA	353	3046	G	0	0	3046	36.7
A_NA	354	3322	G	0	0	3322	34.2
A_NA	355	3401	G	0	0	3401	36.3
A_NA	356	3365	A	0	0	3365	34.2
A_NA	357	3040	A	0	0	3040	35.7
A_NA	358	3553	C	0	0	3553	35.3
A_NA	359	3131	C	0	0	3131	35.9
A_NA	360	2963	G	0	0	2963	34.9
A_NA	361	3086	T	0	0	3086	37.0
A_NA	362	2976	T	0	0	2976	35.4
A_NA	363	3055	C	0	0	3055	35.3
A_NA	364	2910	A	0	0	2910	34.9
A_NA	365	3328	T	0	0	3328	37.2
A_NA	366	3298	C	0	0	3298	35.3
A_NA	367	3137	T	0	0	3137	36.9
A_NA	368	3182	C	0	0	3182	37.2
A_NA	369	3266	A	0	0	3266	34.3
A_NA	370	3321	T	0	0	3321	36.4
A_NA	371	3094	G	0	0	3094	36.2
A_NA	372	3124	C	0	0	3124	36.6
A_NA	373	3203	T	0	0	3203	35.0
A_NA	374	3091	C	0	0	3091	34.3
A_NA	375	3235	C	0	0	3235	36.4
A_NA	376	3354	C	0	0	3354	35.1
A_NA	377	3007	A	0	0	3007	36.7
A_NA	378	3114	C	0	0	3114	35.1
A_NA	379	3062	T	0	0	3062	36.0
A_NA	380	3160	T	0	0	3160	34.9
A_NA	381	3099	G	0	0	3099	34.3
A_NA	382	3338	G	0	0	3338	34.1
A_NA	383	3116	A	0	0	3116	37.8
A_NA	384	3183	A	0	0	3183	37.3
A_NA	385	3341	T	0	0	3341	35.7
A_NA	386	3141	G	0	0	3141	36.4
A_NA	387	3039	C	0	0	3039	37.3
A_NA	388	2995	A	0	0	2995	36.7
A_NA	389	3035	G	0	0	3035	35.5
A_NA	390	2950	A	0	0	2950	36.0
A_NA	391	3026	A	0	0	3026	35.9
A_NA	392	3000	C	0	0	3000	36.9
A_NA	393	3521	C	0	0	3521	34.6
A_NA	394	2891	T	0	0	2891	35.3
A_NA	395	2847	T	0	0	2847	35.1
A_NA	396	2732	T	0	0	2732	35.3
A_NA	397	3229	T	0	0	3229	37.0
A_NA	398	2841	T	0	0	2841	35.8
A_NA	399	3023	T	0	0	3023	37.1
A_NA	400	3013	C	0	0	3013	34.0
A_NA	401	3184	T	0	0	3184	36.3
A_NA	402	2848	G	0	0	2848	37.2
A_NA	403	2745	A	0	0	2745	35.5
A_NA	404	2860	C	0	0	2860	34.3
A_NA	405	2834	C	0	0	2834	34.3
A_NA	406	2725	C	0	0	2725	36.7
A_NA	407	2745	A	0	0	2745	34.5
A_NA	408	2931	G	0	0	2931	35.7
A_NA	409	2793	G	0	0	2793	36.3
A_NA	410	2697	G	0	0	2697	34.8
A_NA	411	2838	A	0	0	2838	35.4
A_NA	412	2821	G	0	0	2821	34.0
A_NA	413	2942	C	0	0	2942	36.8
A_NA	414	2728	T	0	0	2728	34.6
A_NA	415	2829	C	0	0	2829	37.1
A_NA	416	2903	T	0	0	2903	35.5
A_NA	417	2593	G	0	0	2593	37.9
A_NA	418	2686	C	0	0	2686	36.5
A_NA	419	2946	T	0	0	2946	37.5
A_NA	420	2703	G	0	0	2703	36.9
A_NA	421	2644	A	0	0	2644	37.5
A_NA	422	2629	A	0	0	2629	37.2
A_NA	423	2519	T	0	0	2519	34.4
A_NA	424	2856	G	0	0	2856	36.7
A_NA	425	2560	A	0	0	2560	36.3
A_NA	426	2683	C	0	0	2683	37.3
A_NA	427	2561	A	0	0	2561	37.6
A_NA	428	2796	A	0	0	2796	34.4
A_NA	429	2509	A	0	0	2509	34.1
A_NA	430	2429	C	0	0	2429	37.3
A_NA	431	2273	A	0	0	2273	37.9
A_NA	432	2810	T	0	0	2810	34.3
A_NA	433	2596	T	0	0	2596	35.7
A_NA	434	2684	C	0	0	2684	34.4
A_NA	435	2428	T	0	0	2428	37.6
A_NA	436	2277	A	0	0	2277	36.8
A_NA	437	2697	A	0	0	2697	37.0
A_NA	438	2265	T	0	0	2265	36.7
A_NA	439	2348	G	0	0	2348	34.1
A_NA	440	2246	G	0	0	2246	35.4
A_NA	441	2504	G	0	0	2504	37.4
A_NA	442	2097	A	0	0	2097	34.8
A_NA	443	2362	C	0	0	2362	34.6
A_NA	444	2188	C	0	0	2188	37.1
A_NA	445	2337	G	0	0	2337	35.2
A_NA	446	2221	T	0	0	2221	34.9
A_NA	447	2362	T	0	0	2362	35.0
A_NA	448	2303	A	0	0	2303	37.6
A_NA	449	2065	A	0	0	2065	36.6
A_NA	450	2039	G	0	0	2039	35.3
A_NA	451	2239	G	0	0	2239	34.6
A_NA	452	2052	A	0	0	2052	35.8
A_NA	453	1942	T	0	0	1942	36.9
A_NA	454	2026	A	0	0	2026	36.4
A_NA	455	1960	G	0	0	1960	34.4
A_NA	456	2162	A	0	0	2162	34.0
A_NA	457	2006	A	0	0	2006	36.3
A_NA	458	2122	G	0	0	2122	35.1
A_NA	459	2126	C	0	0	2126	34.7
A_NA	460	2148	C	0	0	2148	36.1
A_NA	461	2052	C	0	0	2052	34.1
A_NA	462	2376	C	0	0	2376	37.8
A_NA	463	2123	T	0	0	2123	36.0
A_NA	464	2033	A	0	0	2033	35.3
A_NA	465	2120	T	0	0	2120	37.4
A_NA	466	2154	A	0	0	2154	34.6
A_NA	467	1932	G	0	0	1932	34.6
A_NA	468	2071	A	0	0	2071	36.8
A_NA	469	2127	A	0	0	2127	35.0
A_NA	470	2081	C	0	0	2081	36.7
A_NA	471	1828	T	0	0	1828	36.5
A_NA	472	1949	T	0	0	1949	34.6
A_NA	473	1822	T	0	0	1822	35.5
A_NA	474	2107	G	0	0	2107	36.7
A_NA	475	1901	A	0	0	1901	36.4
A_NA	476	1741	T	0	0	1741	34.9
A_NA	477	1947	G	0	0	1947	36.4
A_NA	478	1929	A	0	0	1929	36.4
A_NA	479	1956	G	0	0	1956	36.8
A_NA	480	2070	T	0	0	2070	35.4
A_NA	481	1902	T	0	0	1902	36.5
A_NA	482	1881	G	0	0	1881	36.3
A_NA	483	1925	T	0	0	1925	35.3
A_NA	484	1869	C	0	0	1869	37.1
A_NA	485	1906	C	0	0	1906	34.3
A_NA	486	1653	C	0	0	1653	37.6
A_NA	487	1814	G	0	0	1814	35.5
A_NA	488	1857	T	0	0	1857	36.0
A_NA	489	1923	G	0	0	1923	37.8
A_NA	490	2110	G	0	0	2110	36.0
A_NA	491	1949	G	0	0	1949	35.1
A_NA	492	2011	T	0	0	2011	35.7
A_NA	493	1838	G	0	0	1838	35.5
A_NA	494	2056	A	0	0	2056	37.9
A_NA	495	1919	G	0	0	1919	35.0
A_NA	496	1857	G	0	0	1857	35.0
A_NA	497	1907	C	0	0	1907	36.3
A_NA	498	1966	T	0	0	1966	34.7
A_NA	499	1822	C	0	0	1822	37.8
A_NA	500	2074	C	0	0	2074	37.8
A_NA	501	2033	T	0	0	2033	34.4
A_NA	502	2094	T	0	0	2094	37.4
A_NA	503	1739	C	0	0	1739	36.1
A_NA	504	1887	C	0	0	1887	37.1
A_NA	505	2135	C	0	0	2135	36.6
A_NA	506	2000	C	0	0	2000	37.5
A_NA	507	1899	G	0	0	1899	35.2
A_NA	508	1990	T	0	0	1990	35.4
A_NA	509	1719	A	0	0	1719	37.1
A_NA	510	2110	C	0	0	2110	35.6
A_NA	511	2408	A	0	0	2408	37.9
A_NA	512	2219	A	0	0	2219	37.8
A_NA	513	1986	T	0	0	1986	34.7
A_NA	514	1972	T	0	0	1972	36.3
A_NA	515	2226	C	0	0	2226	34.8
A_NA	516	2185	A	0	0	2185	35.9
A_NA	517	2079	A	0	0	2079	34.8
A_NA	518	2471	G	0	0	2471	34.5
A_NA	519	2183	A	0	0	2183	35.2
A_NA	520	2130	T	0	0	2130	35.4
A_NA	521	2059	T	0	0	2059	36.5
A_NA	522	2318	T	0	0	2318	35.9
A_NA	523	2262	G	0	0	2262	34.8
A_NA	524	2324	A	0	0	2324	36.4
A_NA	525	2106	G	0	0	2106	34.9
A_NA	526	2194	T	0	0	2194	37.2
A_NA	527	2218	C	0	0	2218	34.6
A_NA	528	2541	T	0	0	2541	34.7
A_NA	529	2519	G	0	0	2519	34.2
A_NA	530	2341	T	0	0	2341	37.7
A_NA	531	2240	T	0	0	2240	34.5
A_NA	532	2398	G	0	0	2398	34.5
A_NA	533	2447	C	0	0	2447	36.7
A_NA	534	2535	T	0	0	2535	36.6
A_NA	535	2386	T	0	0	2386	36.2
A_NA	536	2361	G	0	0	2361	37.2
A_NA	537	2511	G	0	0	2511	34.1
A_NA	538	2257	T	0	0	2257	37.8
A_NA	539	2606	C	0	0	2606	34.1
A_NA	540	2559	G	0	0	2559	37.8
A_NA	541	2418	G	0	0	2418	34.1
A_NA	542	2545	C	0	0	2545	34.2
A_NA	543	2593	A	0	0	2593	37.9
A_NA	544	2555	A	0	0	2555	35.6
A_NA	545	2665	G	0	0	2665	34.1
A_NA	546	2527	T	0	0	2527	36.9
A_NA	547	2674	G	0	0	2674	36.9
A_NA	548	3121	C	0	0	3121	34.4
A_NA	549	3131	T	0	0	3131	36.3
A_NA	550	2895	T	0	0	2895	35.3
A_NA	551	2630	G	0	0	2630	34.3
A_NA	552	2844	T	0	0	2844	36.2
A_NA	553	3134	C	0	0	3134	34.7
A_NA	554	3045	A	0	0	3045	36.8
A_NA	555	2845	T	0	0	2845	37.7
A_NA	556	2845	G	0	0	2845	37.8
A_NA	557	2842	A	0	0	2842	36.8
A_NA	558	3002	T	0	0	3002	36.8
A_NA	559	3083	G	0	0	3083	34.5
A_NA	560	2894	G	0	0	2894	36.9
A_NA	561	2901	C	0	0	2901	35.5
A_NA	562	3227	A	0	0	3227	35.0
A_NA	563	2857	T	0	0	2857	35.6
A_NA	564	2984	C	0	0	2984	34.6
A_NA	565	3349	A	0	0	3349	35.0
A_NA	566	3241	G	0	0	3241	35.5
A_NA	567	2975	T	0	0	2975	35.1
A_NA	568	2751	T	0	0	2751	34.8
A_NA	569	3383	G	0	0	3383	35.8
A_NA	570	3149	G	0	0	3149	37.9
A_NA	571	3079	T	0	0	3079	37.5
A_NA	572	3316	T	0	0	3316	35.3
A_NA	573	3252	G	0	0	3252	36.9
A_NA	574	3119	A	0	0	3119	34.3
A_NA	575	2920	C	0	0	2920	37.8
A_NA	576	3727	A	0	0	3727	36.9
A_NA	577	3171	A	0	0	3171	36.3
A_NA	578	3221	T	0	0	3221	35.3
A_NA	579	3252	C	0	0	3252	34.7
A_NA	580	3424	G	0	0	3424	35.7
A_NA	581	3226	G	0	0	3226	37.1
A_NA	582	3505	T	0	0	3505	37.0
A_NA	583	3542	A	0	0	3542	36.9
A_NA	584	3113	T	0	0	3113	37.5
A_NA	585	3135	T	0	0	3135	36.4
A_NA	586	2646	T	0	0	2646	35.2
A_NA	587	3256	C	0	0	3256	35.7
A_NA	588	3479	T	0	0	3479	36.6
A_NA	589	3497	G	0	0	3497	36.5
A_NA	590	3618	G	0	0	3618	34.6
A_NA	591	3418	T	0	0	3418	37.7
A_NA	592	3256	C	0	0	3256	37.1
A_NA	593	3259	C	0	0	3259	35.1
A_NA	594	3395	A	0	0	3395	35.7
A_NA	595	3391	G	0	0	3391	35.5
A_NA	596	3408	A	0	0	3408	34.6
A_NA	597	3243	C	0	0	3243	35.9
A_NA	598	3288	A	0	0	3288	36.0
A_NA	599	3322	A	0	0	3322	35.8
A_NA	600	3376	T	0	0	3376	36.9
A_NA	601	3538	G	0	0	3538	34.7
A_NA	602	3460	G	0	0	3460	37.5
A_NA	603	3052	A	0	0	3052	37.9
A_NA	604	3500	G	0	0	3500	37.2
A_NA	605	3323	C	0	0	3323	36.3
A_NA	606	3659	T	0	0	3659	37.6
A_NA	607	3373	G	0	0	3373	35.3
A_NA	608	3610	T	0	0	3610	34.5
A_NA	609	3465	G	0	0	3465	34.2
A_NA	610	3659	G	0	0	3659	36.1
A_NA	611	3396	C	0	0	3396	37.5
A_NA	612	3677	T	0	0	3677	35.0
A_NA	613	3292	G	0	0	3292	36.0
A_NA	614	3515	T	0	0	3515	35.2
A_NA	615	3493	A	0	0	3493	36.6
A_NA	616	3363	T	0	0	3363	35.8
A_NA	617	3376	T	0	0	3376	35.0
A_NA	618	3335	G	0	0	3335	35.8
A_NA	619	3157	A	0	0	3157	34.8
A_NA	620	3553	A	0	0	3553	35.7
A_NA	621	3393	G	0	0	3393	37.7
A_NA	622	3604	T	0	0	3604	37.6
A_NA	623	3647	A	0	0	3647	37.5
A_NA	624	3481	C	0	0	3481	34.4
A_NA	625	3287	A	0	0	3287	35.8
A_NA	626	3563	A	0	0	3563	34.8
A_NA	627	3256	T	0	0	3256	34.4
A_NA	628	3441	G	0	0	3441	37.5
A_NA	629	3674	G	0	0	3674	34.8
A_NA	630	3421	C	0	0	3421	35.7
A_NA	631	3694	A	0	0	3694	34.3
A_NA	632	3797	T	0	0	3797	36.2
A_NA	633	3049	A	0	0	3049	36.9
A_NA	634	3317	A	0	0	3317	36.6
A_NA	635	3516	T	0	0	3516	36.7
A_NA	636	3478	A	0	0	3478	37.4
A_NA	637	3099	A	0	0	3099	37.6
A_NA	638	3172	C	0	0	3172	36.6
A_NA	639	3645	G	0	0	3645	36.4
A_NA	640	3602	G	0	0	3602	35.2
A_NA	641	3452	A	0	0	3452	37.2
A_NA	642	3422	T	0	0	3422	36.8
A_NA	643	3326	A	0	0	3326	34.1
A_NA	644	3241	C	0	0	3241	35.7
A_NA	645	3257	T	0	0	3257	35.6
A_NA	646	3172	A	0	0	3172	35.3
A_NA	647	3259	T	0	0	3259	35.0
A_NA	648	3426	C	0	0	3426	36.1
A_NA	649	3323	A	0	0	3323	37.6
A_NA	650	3316	A	0	0	3316	34.0
A_NA	651	3294	G	0	0	3294	37.0
A_NA	652	3127	A	0	0	3127	34.5
A_NA	653	3277	G	0	0	3277	34.9
A_NA	654	3335	T	0	0	3335	34.7
A_NA	655	3592	T	0	0	3592	37.9
A_NA	656	3019	G	0	0	3019	37.3
A_NA	657	3051	G	0	0	3051	34.7
A_NA	658	3355	A	0	0	3355	34.8
A_NA	659	3294	G	0	0	3294	37.9
A_NA	660	3102	A	0	0	3102	35.7
A_NA	661	3597	A	0	0	3597	36.4
A_NA	662	3097	A	0	0	3097	37.2
A_NA	663	3010	C	0	0	3010	34.5
A_NA	664	3690	A	0	0	3690	36.5
A_NA	665	3195	A	0	0	3195	37.7
A_NA	666	3513	C	0	0	3513	34.9
A_NA	667	3372	A	0	0	3372	34.5
A_NA	668	3534	T	0	0	3534	37.1
A_NA	669	3238	T	0	0	3238	36.2
A_NA	670	3158	T	0	0	3158	35.6
A_NA	671	3193	T	0	0	3193	34.5
A_NA	672	3269	G	0	0	3269	37.0
A_NA	673	3155	A	0	0	3155	35.1
A_NA	674	3438	G	0	0	3438	37.8
A_NA	675	3051	A	0	0	3051	34.0
A_NA	676	3068	A	0	0	3068	37.1
A_NA	677	3172	C	0	0	3172	37.4
A_NA	678	3398	T	0	0	3398	34.7
A_NA	679	3081	C	0	0	3081	34.5
A_NA	680	3183	A	0	0	3183	37.2
A_NA	681	3079	A	0	0	3079	35.9
A_NA	682	3043	G	0	0	3043	35.4
A_NA	683	3349	A	0	0	3349	36.8
A_NA	684	3115	A	0	0	3115	34.2
A_NA	685	3184	T	0	0	3184	35.0
A_NA	686	3410	C	0	0	3410	38.0
A_NA	687	2989	T	0	0	2989	34.6
A_NA	688	3304	G	0	0	3304	35.1
A_NA	689	3261	A	0	0	3261	36.6
A_NA	690	3344	A	0	0	3344	35.7
A_NA	691	3041	T	0	0	3041	34.3
A_NA	692	3377	G	0	0	3377	37.4
A_NA	693	3400	T	0	0	3400	36.1
A_NA	694	3263	G	0	0	3263	37.3
A_NA	695	2754	C	0	0	2754	36.3
A_NA	696	2952	G	0	0	2952	36.1
A_NA	697	3179	T	0	0	3179	35.4
A_NA	698	2967	G	0	0	2967	35.0
A_NA	699	3238	C	0	0	3238	37.0
A_NA	700	3621	G	0	0	3621	37.8
A_NA	701	3113	T	0	0	3113	36.7
A_NA	702	3100	A	0	0	3100	37.3
A_NA	703	3429	A	0	0	3429	35.9
A_NA	704	3136	A	0	0	3136	35.2
A_NA	705	3447	T	0	0	3447	37.4
A_NA	706	3230	G	0	0	3230	36.5
A_NA	707	3248	G	0	0	3248	34.5
A_NA	708	3319	C	0	0	3319	37.4
A_NA	709	3284	T	0	0	3284	34.3
A_NA	710	3253	C	0	0	3253	35.6
A_NA	711	3354	T	0	0	3354	37.8
A_NA	712	3097	T	0	0	3097	34.1
A_NA	713	3353	G	0	0	3353	37.8
A_NA	714	3616	C	0	0	3616	36.3
A_NA	715	3339	T	0	0	3339	37.7
A_NA	716	3670	T	0	0	3670	35.3
A_NA	717	3367	C	0	0	3367	36.1
A_NA	718	3317	A	0	0	3317	35.4
A_NA	719	3265	C	0	0	3265	35.1
A_NA	720	3508	T	0	0	3508	35.5
A_NA	721	3374	G	0	0	3374	36.4
A_NA	722	3116	T	0	0	3116	34.4
A_NA	723	3377	A	0	0	3377	35.4
A_NA	724	3258	A	0	0	3258	34.5
A_NA	725	3317	T	0	0	3317	34.4
A_NA	726	3569	G	0	0	3569	35.4
A_NA	727	3264	A	0	0	3264	37.0
A_NA	728	3301	C	0	0	3301	37.7
A_NA	729	3909	T	0	0	3909	37.8
A_NA	730	3521	G	0	0	3521	35.6
A_NA	731	3897	A	0	0	3897	35.3
A_NA	732	3308	T	0	0	3308	35.3
A_NA	733	3476	G	0	0	3476	37.7
A_NA	734	3440	G	0	0	3440	37.9
A_NA	735	3603	A	0	0	3603	36.5
A_NA	736	3516	C	0	0	3516	36.5
A_NA	737	3430	C	0	0	3430	36.3
A_NA	738	3498	A	0	0	3498	37.4
A_NA	739	3216	A	0	0	3216	36.5
A_NA	740	3217	G	0	0	3217	37.5
A_NA	741	3824	C	0	0	3824	35.4
A_NA	742	3276	A	0	0	3276	35.4
A_NA	743	3319	A	0	0	3319	37.3
A_NA	744	3970	T	0	0	3970	34.3
A_NA	745	3545	G	0	0	3545	35.3
A_NA	746	3669	G	0	0	3669	34.2
A_NA	747	3350	G	0	0	3350	37.4
A_NA	748	3675	C	0	0	3675	34.1
A_NA	749	3415	A	0	0	3415	36.8
A_NA	750	3517	G	0	0	3517	36.7
A_NA	751	3671	G	0	0	3671	37.5
A_NA	752	3352	C	0	0	3352	37.5
A_NA	753	3478	C	0	0	3478	34.8
A_NA	754	3460	T	0	0	3460	36.5
A_NA	755	4007	C	0	0	4007	36.1
A_NA	756	3346	A	0	0	3346	35.1
A_NA	757	3663	T	0	0	3663	35.7
A_NA	758	3954	A	0	0	3954	37.4
A_NA	759	4060	T	0	0	4060	35.1
A_NA	760	3997	A	0	0	3997	34.6
A_NA	761	3764	A	0	0	3764	37.5
A_NA	762	3663	A	0	0	3663	35.9
A_NA	763	3623	A	0	0	3623	37.7
A_NA	764	3616	T	0	0	3616	35.4
A_NA	765	3699	C	0	0	3699	36.1
A_NA	766	3674	T	0	0	3674	34.4
A_NA	767	3334	T	0	0	3334	36.5
A_NA	768	3430	C	0	0	3430	35.6
A_NA	769	3686	A	0	0	3686	36.5
A_NA	770	3894	A	0	0	3894	36.8
A_NA	771	3811	G	0	0	3811	37.5
A_NA	772	3700	A	0	0	3700	35.4
A_NA	773	3549	T	0	0	3549	34.7
A_NA	774	3319	A	0	0	3319	35.6
A_NA	775	3792	G	0	0	3792	35.5
A_NA	776	3731	A	0	0	3731	37.4
A_NA	777	3548	G	0	0	3548	34.1
A_NA	778	3815	A	0	0	3815	37.6
A_NA	779	3751	A	0	0	3751	34.6
A_NA	780	3492	A	0	0	3492	35.7
A_NA	781	3787	G	0	0	3787	35.0
A_NA	782	3910	G	0	0	3910	37.3
A_NA	783	3714	G	0	0	3714	36.5
A_NA	784	3510	A	0	0	3510	34.3
A_NA	785	3788	A	0	0	3788	37.5
A_NA	786	3287	A	0	0	3287	35.4
A_NA	787	3808	G	0	0	3808	36.8
A_NA	788	3669	T	0	0	3669	37.6
A_NA	789	3752	A	0	0	3752	34.6
A_NA	790	3490	G	0	0	3490	35.8
A_NA	791	3646	T	0	0	3646	34.1
A_NA	792	3462	C	0	0	3462	35.5
A_NA	793	3636	A	0	0	3636	34.1
A_NA	794	3778	A	0	0	3778	34.5
A_NA	795	3367	A	0	0	3367	35.7
A_NA	796	3689	T	0	0	3689	37.2
A_NA	797	3593	C	0	0	3593	35.8
A_NA	798	3416	A	0	0	3416	34.3
A_NA	799	3873	G	0	0	3873	34.5
A_NA	800	3569	T	0	0	3569	35.7
A_NA	801	3488	T	0	0	3488	35.3
A_NA	802	3514	G	0	0	3514	34.2
A_NA	803	3926	A	0	0	3926	35.6
A_NA	804	3263	A	0	0	3263	36.2
A_NA	805	3559	T	0	0	3559	36.8
A_NA	806	3241	T	0	0	3241	37.8
A_NA	807	3335	G	0	0	3335	35.0
A_NA	808	3407	A	0	0	3407	34.0
A_NA	809	3453	A	0	0	3453	35.1
A_NA	810	3531	T	0	0	3531	34.3
A_NA	811	3036	G	0	0	3036	36.9
A_NA	812	2990	C	0	0	2990	37.3
A_NA	813	3446	C	0	0	3446	36.4
A_NA	814	3338	C	0	0	3338	35.5
A_NA	815	3407	C	0	0	3407	34.4
A_NA	816	3165	T	0	0	3165	35.9
A_NA	817	3303	A	0	0	3303	37.1
A_NA	818	3086	A	0	0	3086	37.6
A_NA	819	3260	T	0	0	3260	34.1
A_NA	820	3147	T	0	0	3147	37.1
A_NA	821	3083	A	0	0	3083	36.0
A_NA	822	3215	C	0	0	3215	35.7
A_NA	823	2964	C	0	0	2964	34.7
A_NA	824	3432	A	0	0	3432	36.2
A_NA	825	3401	C	0	0	3401	35.0
A_NA	826	3562	T	0	0	3562	34.1
A_NA	827	3063	A	0	0	3063	35.8
A_NA	828	3283	C	0	0	3283	34.6
A_NA	829	3135	G	0	0	3135	34.9
A_NA	830	3072	A	0	0	3072	37.7
A_NA	831	3039	G	0	0	3039	35.5
A_NA	832	2941	G	0	0	2941	35.1
A_NA	833	2962	A	0	0	2962	34.1
A_NA	834	3160	A	0	0	3160	37.3
A_NA	835	2693	T	0	0	2693	34.9
A_NA	836	2902	G	0	0	2902	34.9
A_NA	837	3252	C	0	0	3252	34.5
A_NA	838	2851	T	0	0	2851	37.2
A_NA	839	2901	C	0	0	2901	37.2
A_NA	840	2772	C	0	0	2772	37.8
A_NA	841	2740	T	0	0	2740	36.2
A_NA	842	2625	G	0	0	2625	36.8
A_NA	843	3247	T	0	0	3247	35.0
A_NA	844	2692	T	0	0	2692	34.4
A_NA	845	2533	A	0	0	2533	37.6
A_NA	846	3117	C	0	0	3117	34.6
A_NA	847	2503	C	0	0	2503	36.4
A_NA	848	2734	C	0	0	2734	35.0
A_NA	849	2865	T	0	0	2865	34.3
A_NA	850	2476	G	0	0	2476	34.1
A_NA	851	2662	A	0	0	2662	38.0
A_NA	852	2682	T	0	0	2682	37.6
A_NA	853	2709	G	0	0	2709	36.9
A_NA	854	2607	C	0	0	2607	37.8
A_NA	855	2461	G	0	0	2461	37.2
A_NA	856	2419	G	0	0	2419	36.4
A_NA	857	2575	G	0	0	2575	35.4
A_NA	858	2493	T	0	0	2493	36.3
A_NA	859	2355	G	0	0	2355	37.5
A_NA	860	2419	A	0	0	2419	37.7
A_NA	861	2433	G	0	0	2433	36.8
A_NA	862	2944	A	0	0	2944	37.6
A_NA	863	2457	T	0	0	2457	35.9
A_NA	864	2613	T	0	0	2613	35.0
A_NA	865	2596	A	0	0	2596	35.8
A_NA	866	2468	T	0	0	2468	37.0
A_NA	867	2325	G	0	0	2325	35.0
A_NA	868	2128	T	0	0	2128	36.8
A_NA	869	2258	G	0	0	2258	34.7
A_NA	870	2008	T	0	0	2008	36.0
A_NA	871	2483	G	0	0	2483	37.9
A_NA	872	2418	T	0	0	2418	36.5
A_NA	873	2423	G	0	0	2423	35.0
A_NA	874	2262	T	0	0	2262	36.0
A_NA	875	2013	G	0	0	2013	35.4
A_NA	876	2229	C	0	0	2229	35.3
A_NA	877	2160	A	0	0	2160	36.8
A_NA	878	2076	G	0	0	2076	35.7
A_NA	879	2154	G	0	0	2154	36.3
A_NA	880	2076	G	0	0	2076	37.5
A_NA	881	2007	A	0	0	2007	36.5
A_NA	882	2202	C	0	0	2202	37.6
A_NA	883	2083	A	0	0	2083	37.6
A_NA	884	2062	A	0	0	2062	35.9
A_NA	885	2057	T	0	0	2057	35.7
A_NA	886	2108	T	0	0	2108	34.5
A_NA	887	1948	G	0	0	1948	34.2
A_NA	888	1992	G	0	0	1992	34.2
A_NA	889	1882	C	0	0	1882	36.7
A_NA	890	2303	A	0	0	2303	35.3
A_NA	891	2222	T	0	0	2222	34.8
A_NA	892	2072	G	0	0	2072	37.9
A_NA	893	1945	G	0	0	1945	34.9
A_NA	894	1916	C	0	0	1916	35.8
A_NA	895	1873	T	0	0	1873	36.7
A_NA	896	1927	C	0	0	1927	34.3
A_NA	897	1810	A	0	0	1810	37.9
A_NA	898	1911	A	0	0	1911	36.0
A_NA	899	2060	A	0	0	2060	37.9
A_NA	900	2064	C	0	0	2064	35.3
A_NA	901	2185	C	0	0	2185	34.3
A_NA	902	1970	G	0	0	1970	36.3
A_NA	903	1953	G	0	0	1953	36.2
A_NA	904	2147	C	0	0	2147	35.8
A_NA	905	1930	C	0	0	1930	35.7
A_NA	906	2177	G	0	0	2177	37.6
A_NA	907	1836	T	0	0	1836	34.7
A_NA	908	2087	G	0	0	2087	34.8
A_NA	909	2124	G	0	0	2124	37.0
A_NA	910	1925	G	0	0	1925	36.2
A_NA	911	2035	T	0	0	2035	34.7
A_NA	912	1825	A	0	0	1825	34.5
A_NA	913	2233	T	0	0	2233	37.7
A_NA	914	2106	C	0	0	2106	35.1
A_NA	915	2178	T	0	0	2178	37.0
A_NA	916	2095	T	0	0	2095	35.7
A_NA	917	1976	T	0	0	1976	37.0
A_NA	918	1870	T	0	0	1870	35.9
A_NA	919	1969	A	0	0	1969	36.9
A_NA	920	2259	A	0	0	2259	36.2
A_NA	921	2206	T	0	0	2206	36.7
A_NA	922	2025	C	0	0	2025	37.9
A_NA	923	2073	A	0	0	2073	34.7
A_NA	924	1987	A	0	0	1987	36.4
A_NA	925	1929	A	0	0	1929	36.2
A_NA	926	2227	A	0	0	2227	34.5
A_NA	927	2139	T	0	0	2139	34.0
A_NA	928	1864	C	0	0	1864	36.1
A_NA	929	2350	T	0	0	2350	34.2
A_NA	930	2014	G	0	0	2014	35.7
A_NA	931	1920	G	0	0	1920	36.2
A_NA	932	2120	A	0	0	2120	35.3
A_NA	933	2011	G	0	0	2011	34.6
A_NA	934	2275	T	0	0	2275	36.3
A_NA	935	2220	A	0	0	2220	35.9
A_NA	936	2275	T	0	0	2275	35.4
A_NA	937	2306	C	0	0	2306	35.2
A_NA	938	2170	A	0	0	2170	34.6
A_NA	939	2184	A	0	0	2184	35.4
A_NA	940	2304	A	0	0	2304	37.7
A_NA	941	2443	T	0	0	2443	35.9
A_NA	942	2143	A	0	0	2143	34.6
A_NA	943	2471	G	0	0	2471	36.4
A_NA	944	2220	G	0	0	2220	35.1
A_NA	945	2547	A	0	0	2547	37.0
A_NA	946	2339	T	0	0	2339	34.1
A_NA	947	2374	A	0	0	2374	35.2
A_NA	948	2213	T	0	0	2213	35.8
A_NA	949	2316	A	0	0	2316	34.3
A_NA	950	2416	T	0	0	2416	36.8
A_NA	951	2386	A	0	0	2386	37.3
A_NA	952	2620	T	0	0	2620	37.3
A_NA	953	2442	G	0	0	2442	34.8
A_NA	954	2280	C	0	0	2280	34.0
A_NA	955	2425	A	0	0	2425	35.8
A_NA	956	2394	G	0	0	2394	35.3
A_NA	957	2488	T	0	0	2488	36.6
A_NA	958	2652	G	0	0	2652	38.0
A_NA	959	2590	G	0	0	2590	35.5
A_NA	960	2486	G	0	0	2486	37.8
A_NA	961	2709	G	0	0	2709	37.4
A_NA	962	2379	T	0	0	2379	35.5
A_NA	963	2500	T	0	0	2500	37.8
A_NA	964	2487	T	0	0	2487	37.6
A_NA	965	2845	T	0	0	2845	34.1
A_NA	966	2687	C	0	0	2687	34.7
A_NA	967	2519	G	0	0	2519	35.8
A_NA	968	2821	G	0	0	2821	35.2
A_NA	969	2785	A	0	0	2785	34.9
A_NA	970	2691	G	0	0	2691	35.2
A_NA	971	2572	A	0	0	2572	38.0
A_NA	972	2443	C	0	0	2443	35.9
A_NA	973	2798	A	0	0	2798	37.1
A_NA	974	2679	A	0	0	2679	36.1
A_NA	975	2846	C	0	0	2846	36.9
A_NA	976	2451	C	0	0	2451	36.0
A_NA	977	2814	C	0	0	2814	36.7
A_NA	978	2791	C	0	0	2791	35.9
A_NA	979	2801	C	0	0	2801	36.2
A_NA	980	2982	G	0	0	2982	37.4
A_NA	981	2975	C	0	0	2975	36.5
A_NA	982	2523	C	0	0	2523	35.5
A_NA	983	2730	C	0	0	2730	37.6
A_NA	984	2610	C	0	0	2610	34.3
A_NA	985	2632	A	0	0	2632	36.5
A_NA	986	2822	A	0	0	2822	37.4
A_NA	987	2662	T	0	0	2662	35.3
A_NA	988	2600	G	0	0	2600	36.3
A_NA	989	3030	A	0	0	3030	34.9
A_NA	990	2820	T	0	0	2820	34.9
A_NA	991	3227	G	0	0	3227	35.3
A_NA	992	2548	G	0	0	2548	35.6
A_NA	993	3052	A	0	0	3052	36.1
A_NA	994	3015	A	0	0	3015	34.5
A_NA	995	3067	C	0	0	3067	37.1
A_NA	996	2770	A	0	0	2770	35.0
A_NA	997	2913	G	0	0	2913	36.7
A_NA	998	2763	G	0	0	2763	37.2
A_NA	999	2676	C	0	0	2676	36.1
A_NA	1000	3000	A	0	0	3000	34.4
A_NA	1001	2896	G	0	0	2896	36.2
A_NA	1002	2953	T	0	0	2953	35.8
A_NA	1003	2787	T	0	0	2787	35.8
A_NA	1004	2909	G	0	0	2909	37.0
A_NA	1005	2818	C	0	0	2818	37.7
A_NA	1006	2968	A	0	0	2968	36.2
A_NA	1007	3081	G	0	0	3081	36.9
A_NA	1008	2767	T	0	0	2767	36.0
A_NA	1009	2782	C	0	0	2782	34.7
A_NA	1010	3056	C	0	0	3056	35.0
A_NA	1011	3150	A	0	0	3150	36.5
A_NA	1012	2887	A	0	0	2887	34.3
A_NA	1013	2885	T	0	0	2885	35.7
A_NA	1014	2828	G	0	0	2828	34.6
A_NA	1015	2885	T	0	0	2885	35.1
A_NA	1016	2915	C	0	0	2915	34.6
A_NA	1017	2855	C	0	0	2855	36.5
A_NA	1018	2721	T	0	0	2721	36.4
A_NA	1019	2783	C	0	0	2783	36.1
A_NA	1020	2842	T	0	0	2842	37.3
A_NA	1021	2624	A	0	0	2624	36.5
A_NA	1022	2723	A	0	0	2723	37.9
A_NA	1023	2998	C	0	0	2998	36.7
A_NA	1024	2776	G	0	0	2776	36.4
A_NA	1025	3151	G	0	0	3151	35.4
A_NA	1026	3176	G	0	0	3176	36.4
A_NA	1027	2807	G	0	0	2807	34.6
A_NA	1028	2758	C	0	0	2758	36.5
A_NA	1029	3030	A	0	0	3030	34.9
A_NA	1030	3155	T	0	0	3155	36.0
A_NA	1031	2966	A	0	0	2966	36.6
A_NA	1032	2681	T	0	0	2681	35.0
A_NA	1033	3068	G	0	0	3068	35.2
A_NA	1034	2626	G	0	0	2626	36.2
A_NA	1035	2832	G	0	0	2832	36.1
A_NA	1036	2815	G	0	0	2815	35.2
A_NA	1037	2809	T	0	0	2809	35.7
A_NA	1038	2862	A	0	0	2862	35.4
A_NA	1039	2665	A	0	0	2665	37.0
A_NA	1040	3154	A	0	0	3154	34.6
A_NA	1041	3264	A	0	0	3264	36.3
A_NA	1042	2743	G	0	0	2743	34.5
A_NA	1043	2647	G	0	0	2647	34.3
A_NA	1044	2664	G	0	0	2664	36.6
A_NA	1045	3081	T	0	0	3081	37.0
A_NA	1046	2849	T	0	0	2849	37.1
A_NA	1047	2908	T	0	0	2908	34.5
A_NA	1048	2517	T	0	0	2517	34.8
A_NA	1049	2864	C	0	0	2864	36.4
A_NA	1050	2599	A	0	0	2599	37.6
A_NA	1051	2594	T	0	0	2594	37.5
A_NA	1052	2615	T	0	0	2615	35.0
A_NA	1053	2780	T	0	0	2780	34.2
A_NA	1054	2788	A	0	0	2788	34.3
A_NA	1055	2746	A	0	0	2746	35.9
A_NA	1056	3021	G	0	0	3021	35.9
A_NA	1057	2946	T	0	0	2946	35.6
A_NA	1058	2888	A	0	0	2888	37.5
A_NA	1059	2738	C	0	0	2738	37.4
A_NA	1060	2956	G	0	0	2956	37.3
A_NA	1061	2485	G	0	0	2485	36.3
A_NA	1062	2659	T	0	0	2659	34.3
A_NA	1063	2744	A	0	0	2744	34.2
A_NA	1064	2621	A	0	0	2621	37.0
A_NA	1065	2896	T	0	0	2896	37.9
A_NA	1066	2752	G	0	0	2752	35.6
A_NA	1067	2698	G	0	0	2698	37.6
A_NA	1068	2893	G	0	0	2893	34.2
A_NA	1069	2778	G	0	0	2778	35.7
A_NA	1070	2494	T	0	0	2494	38.0
A_NA	1071	2955	T	0	0	2955	35.2
A_NA	1072	2698	T	0	0	2698	36.8
A_NA	1073	2922	G	0	0	2922	34.7
A_NA	1074	2865	G	0	0	2865	37.1
A_NA	1075	2945	A	0	0	2945	36.6
A_NA	1076	3093	T	0	0	3093	34.2
A_NA	1077	2734	C	0	0	2734	36.6
A_NA	1078	3019	G	0	0	3019	36.8
A_NA	1079	2578	G	0	0	2578	34.8
A_NA	1080	2654	A	0	0	2654	34.5
A_NA	1081	2747	A	0	0	2747	35.1
A_NA	1082	2845	G	0	0	2845	35.1
A_NA	1083	2860	A	0	0	2860	35.7
A_NA	1084	2505	A	0	0	2505	37.7
A_NA	1085	2725	C	0	0	2725	36.0
A_NA	1086	2731	A	0	0	2731	37.4
A_NA	1087	2411	A	0	0	2411	35.5
A_NA	1088	2620	A	0	0	2620	35.8
A_NA	1089	2837	A	0	0	2837	37.4
A_NA	1090	2845	A	0	0	2845	34.2
A_NA	1091	3110	G	0	0	3110	35.8
A_NA	1092	2674	C	0	0	2674	36.1
A_NA	1093	3113	A	0	0	3113	36.4
A_NA	1094	2914	C	0	0	2914	36.6
A_NA	1095	2801	T	0	0	2801	34.5
A_NA	1096	2999	A	0	0	2999	34.7
A_NA	1097	2787	G	0	0	2787	35.5
A_NA	1098	2721	T	0	0	2721	36.6
A_NA	1099	3029	T	0	0	3029	35.8
A_NA	1100	2740	C	0	0	2740	34.8
A_NA	1101	2724	C	0	0	2724	36.0
A_NA	1102	3066	A	0	0	3066	36.4
A_NA	1103	2991	G	0	0	2991	34.4
A_NA	1104	2818	A	0	0	2818	36.3
A_NA	1105	2930	A	0	0	2930	34.0
A_NA	1106	2943	G	0	0	2943	34.6
A_NA	1107	3142	C	0	0	3142	34.2
A_NA	1108	2615	G	0	0	2615	36.0
A_NA	1109	2669	G	0	0	2669	37.4
A_NA	1110	2932	C	0	0	2932	34.4
A_NA	1111	2917	T	0	0	2917	34.9
A_NA	1112	2694	T	0	0	2694	37.7
A_NA	1113	3329	T	0	0	3329	35.9
A_NA	1114	2614	G	0	0	2614	34.2
A_NA	1115	3101	A	0	0	3101	35.3
A_NA	1116	3118	G	0	0	3118	37.4
A_NA	1117	3097	A	0	0	3097	37.2
A_NA	1118	2981	T	0	0	2981	37.7
A_NA	1119	3457	G	0	0	3457	36.1
A_NA	1120	2889	A	0	0	2889	34.6
A_NA	1121	3349	T	0	0	3349	37.2
A_NA	1122	3146	T	0	0	3146	37.3
A_NA	1123	2806	T	0	0	2806	35.8
A_NA	1124	3335	G	0	0	3335	34.7
A_NA	1125	2961	G	0	0	2961	34.8
A_NA	1126	3421	G	0	0	3421	37.6
A_NA	1127	3177	A	0	0	3177	35.5
A_NA	1128	3159	T	0	0	3159	35.1
A_NA	1129	3192	C	0	0	3192	34.2
A_NA	1130	3081	C	0	0	3081	34.6
A_NA	1131	3486	G	0	0	3486	34.1
A_NA	1132	3432	A	0	0	3432	37.1
A_NA	1133	3599	A	0	0	3599	37.5
A_NA	1134	3191	T	0	0	3191	36.1
A_NA	1135	3582	G	0	0	3582	37.4
A_NA	1136	3209	G	0	0	3209	36.9
A_NA	1137	3516	G	0	0	3516	34.7
A_NA	1138	3456	T	0	0	3456	35.2
A_NA	1139	3324	G	0	0	3324	34.5
A_NA	1140	3471	G	0	0	3471	35.4
A_NA	1141	3560	A	0	0	3560	35.5
A_NA	1142	3480	C	0	0	3480	38.0
A_NA	1143	3280	T	0	0	3280	36.3
A_NA	1144	3163	G	0	0	3163	34.7
A_NA	1145	3640	A	0	0	3640	36.8
A_NA	1146	3519	G	0	0	3519	37.4
A_NA	1147	3740	A	0	0	3740	35.6
A_NA	1148	3957	C	0	0	3957	34.2
A_NA	1149	3355	G	0	0	3355	35.0
A_NA	1150	3852	G	0	0	3852	34.1
A_NA	1151	3663	A	0	0	3663	34.1
A_NA	1152	4019	C	0	0	4019	37.6
A_NA	1153	3540	A	0	0	3540	37.8
A_NA	1154	3486	G	0	0	3486	36.7
A_NA	1155	3810	T	0	0	3810	37.9
A_NA	1156	3795	A	0	0	3795	37.8
A_NA	1157	3840	G	0	0	3840	36.1
A_NA	1158	4208	T	0	0	4208	34.7
A_NA	1159	4589	T	0	0	4589	34.2
A_NA	1160	3855	T	0	0	3855	34.7
A_NA	1161	4398	C	0	0	4398	37.3
A_NA	1162	3981	T	0	0	3981	35.2
A_NA	1163	3700	C	0	0	3700	37.7
A_NA	1164	3863	A	0	0	3863	34.9
A_NA	1165	4070	G	0	0	4070	36.7
A_NA	1166	4216	T	0	0	4216	36.4
A_NA	1167	3454	G	0	0	3454	37.0
A_NA	1168	3944	A	0	0	3944	34.8
A_NA	1169	3765	A	0	0	3765	36.3
A_NA	1170	3713	G	0	0	3713	35.9
A_NA	1171	3816	C	0	0	3816	36.2
A_NA	1172	3789	A	0	0	3789	37.5
A_NA	1173	4160	A	0	0	4160	34.3
A_NA	1174	4211	G	0	0	4211	35.0
A_NA	1175	4051	A	0	0	4051	37.2
A_NA	1176	3614	C	0	0	3614	36.1
A_NA	1177	4109	A	0	0	4109	37.3
A_NA	1178	4237	T	0	0	4237	37.8
A_NA	1179	3543	C	0	0	3543	37.9
A_NA	1180	4337	G	0	0	4337	37.4
A_NA	1181	4340	T	0	0	4340	35.4
A_NA	1182	3599	A	0	0	3599	35.5
A_NA	1183	4596	G	0	0	4596	36.0
A_NA	1184	3822	C	0	0	3822	36.7
A_NA	1185	3629	A	0	0	3629	35.3
A_NA	1186	4029	A	0	0	4029	34.5
A_NA	1187	4042	T	0	0	4042	35.8
A_NA	1188	4152	A	0	0	4152	37.2
A_NA	1189	3899	A	0	0	3899	34.6
A_NA	1190	3905	C	0	0	3905	36.3
A_NA	1191	4054	T	0	0	4054	35.8
A_NA	1192	4248	G	0	0	4248	34.2
A_NA	1193	4019	A	0	0	4019	36.2
A_NA	1194	3782	C	0	0	3782	36.0
A_NA	1195	3900	T	0	0	3900	36.4
A_NA	1196	4223	T	0	0	4223	38.0
A_NA	1197	4110	G	0	0	4110	36.5
A_NA	1198	4011	T	0	0	4011	36.8
A_NA	1199	4139	C	0	0	4139	37.5
A_NA	1200	3984	A	0	0	3984	36.2
A_NA	1201	4152	G	0	0	4152	35.8
A_NA	1202	3639	G	0	0	3639	34.6
A_NA	1203	4206	A	0	0	4206	36.9
A_NA	1204	3722	T	0	0	3722	35.7
A_NA	1205	3941	A	0	0	3941	34.6
A_NA	1206	4524	T	0	0	4524	37.3
A_NA	1207	3818	A	0	0	3818	37.1
A_NA	1208	4008	G	0	0	4008	37.2
A_NA	1209	4180	T	0	0	4180	36.0
A_NA	1210	4225	G	0	0	4225	35.1
A_NA	1211	3842	G	0	0	3842	36.5
A_NA	1212	3954	G	0	0	3954	35.4
A_NA	1213	4296	A	0	0	4296	35.3
A_NA	1214	3752	C	0	0	3752	34.0
A_NA	1215	4198	T	0	0	4198	35.5
A_NA	1216	3699	T	0	0	3699	37.5
A_NA	1217	3789	T	0	0	3789	34.8
A_NA	1218	3661	T	0	0	3661	34.5
A_NA	1219	4264	G	0	0	4264	36.8
A_NA	1220	3708	T	0	0	3708	37.0
A_NA	1221	4065	C	0	0	4065	34.4
A_NA	1222	3855	C	0	0	3855	35.7
A_NA	1223	3644	A	0	0	3644	36.9
A_NA	1224	3516	G	0	0	3516	36.2
A_NA	1225	3953	C	0	0	3953	35.1
A_NA	1226	3874	A	0	0	3874	35.7
A_NA	1227	3823	C	0	0	3823	38.0
A_NA	1228	3552	C	0	0	3552	37.6
A_NA	1229	3560	C	0	0	3560	37.3
A_NA	1230	3688	A	0	0	3688	36.5
A_NA	1231	3528	G	0	0	3528	36.7
A_NA	1232	3845	A	0	0	3845	36.7
A_NA	1233	3750	A	0	0	3750	36.2
A_NA	1234	3545	C	0	0	3545	37.2
A_NA	1235	3518	T	0	0	3518	37.5
A_NA	1236	3718	G	0	0	3718	34.8
A_NA	1237	3718	A	0	0	3718	35.6
A_NA	1238	3586	C	0	0	3586	36.5
A_NA	1239	3728	A	0	0	3728	36.1
A_NA	1240	3257	G	0	0	3257	35.0
A_NA	1241	3557	G	0	0	3557	37.8
A_NA	1242	3440	A	0	0	3440	35.5
A_NA	1243	3434	T	0	0	3434	36.7
A_NA	1244	3513	T	0	0	3513	34.0
A_NA	1245	3132	A	0	0	3132	36.1
A_NA	1246	3553	G	0	0	3553	34.2
A_NA	1247	3301	A	0	0	3301	37.1
A_NA	1248	3116	T	0	0	3116	35.9
A_NA	1249	3179	T	0	0	3179	34.8
A_NA	1250	3055	G	0	0	3055	34.7
A_NA	1251	3371	C	0	0	3371	37.9
A_NA	1252	3169	A	0	0	3169	36.7
A_NA	1253	3092	T	0	0	3092	36.7
A_NA	1254	3581	G	0	0	3581	36.5
A_NA	1255	3576	A	0	0	3576	37.8
A_NA	1256	3261	G	0	0	3261	37.7
A_NA	1257	3118	G	0	0	3118	36.1
A_NA	1258	2947	C	0	0	2947	36.7
A_NA	1259	2883	C	0	0	2883	36.8
A_NA	1260	3250	T	0	0	3250	37.4
A_NA	1261	3031	T	0	0	3031	35.5
A_NA	1262	3180	G	0	0	3180	37.8
A_NA	1263	3141	T	0	0	3141	37.9
A_NA	1264	3155	T	0	0	3155	37.0
A_NA	1265	2822	T	0	0	2822	37.5
A_NA	1266	3078	C	0	0	3078	37.8
A_NA	1267	3066	T	0	0	3066	34.2
A_NA	1268	2774	G	0	0	2774	34.3
A_NA	1269	2885	G	0	0	2885	36.0
A_NA	1270	2610	G	0	0	2610	35.0
A_NA	1271	2910	T	0	0	2910	34.8
A_NA	1272	2761	T	0	0	2761	34.2
A_NA	1273	2860	G	0	0	2860	35.4
A_NA	1274	2728	A	0	0	2728	35.1
A_NA	1275	2702	G	0	0	2702	37.3
A_NA	1276	2930	C	0	0	2930	35.9
A_NA	1277	3006	T	0	0	3006	36.6
A_NA	1278	2710	G	0	0	2710	36.7
A_NA	1279	2761	A	0	0	2761	35.1
A_NA	1280	2829	T	0	0	2829	34.6
A_NA	1281	2724	T	0	0	2724	35.3
A_NA	1282	2512	A	0	0	2512	37.8
A_NA	1283	2894	G	0	0	2894	35.0
A_NA	1284	2664	A	0	0	2664	36.2
A_NA	1285	2432	G	0	0	2432	37.0
A_NA	1286	2642	G	0	0	2642	36.4
A_NA	1287	2628	G	0	0	2628	36.5
A_NA	1288	2804	A	0	0	2804	36.7
A_NA	1289	2884	G	0	0	2884	35.0
A_NA	1290	2740	G	0	0	2740	36.9
A_NA	1291	2550	C	0	0	2550	37.5
A_NA	1292	2419	C	0	0	2419	37.0
A_NA	1293	2359	C	0	0	2359	35.5
A_NA	1294	2701	A	0	0	2701	36.0
A_NA	1295	2572	A	0	0	2572	35.9
A_NA	1296	2903	A	0	0	2903	36.9
A_NA	1297	2667	G	0	0	2667	36.4
A_NA	1298	2547	A	0	0	2547	36.1
A_NA	1299	2853	G	0	0	2853	36.4
A_NA	1300	2424	A	0	0	2424	37.9
A_NA	1301	2586	A	0	0	2586	34.9
A_NA	1302	2434	C	0	0	2434	34.6
A_NA	1303	2277	A	0	0	2277	37.6
A_NA	1304	2523	C	0	0	2523	34.2
A_NA	1305	2398	A	0	0	2398	34.2
A_NA	1306	2444	A	0	0	2444	35.0
A_NA	1307	2511	T	0	0	2511	35.2
A_NA	1308	2695	T	0	0	2695	37.1
A_NA	1309	2559	T	0	0	2559	35.5
A_NA	1310	2706	G	0	0	2706	36.2
A_NA	1311	2408	G	0	0	2408	34.9
A_NA	1312	2595	A	0	0	2595	37.6
A_NA	1313	2618	C	0	0	2618	36.6
A_NA	1314	2828	T	0	0	2828	35.7
A_NA	1315	2375	A	0	0	2375	35.0
A_NA	1316	2278	G	0	0	2278	37.3
A_NA	1317	2613	C	0	0	2613	35.2
A_NA	1318	2481	G	0	0	2481	34.1
A_NA	1319	2525	G	0	0	2525	34.3
A_NA	1320	2421	G	0	0	2421	35.9
A_NA	1321	2529	A	0	0	2529	35.8
A_NA	1322	2598	G	0	0	2598	36.4
A_NA	1323	2527	C	0	0	2527	36.9
A_NA	1324	2601	A	0	0	2601	37.8
A_NA	1325	2614	G	0	0	2614	35.2
A_NA	1326	2431	C	0	0	2431	37.2
A_NA	1327	2434	A	0	0	2434	36.1
A_NA	1328	2523	T	0	0	2523	36.8
A_NA	1329	2173	A	0	0	2173	35.6
A_NA	1330	2458	T	0	0	2458	37.1
A_NA	1331	2533	C	0	0	2533	35.4
A_NA	1332	2058	C	0	0	2058	36.7
A_NA	1333	2348	T	0	0	2348	34.3
A_NA	1334	2346	T	0	0	2346	35.6
A_NA	1335	2401	T	0	0	2401	36.3
A_NA	1336	2342	T	0	0	2342	37.7
A_NA	1337	2360	G	0	0	2360	37.2
A_NA	1338	2220	T	0	0	2220	35.7
A_NA	1339	2226	G	0	0	2226	35.3
A_NA	1340	2101	G	0	0	2101	34.9
A_NA	1341	2403	T	0	0	2403	34.8
A_NA	1342	2129	G	0	0	2129	36.6
A_NA	1343	2097	T	0	0	2097	37.4
A_NA	1344	2011	A	0	0	2011	34.6
A_NA	1345	1900	A	0	0	1900	36.8
A_NA	1346	1800	A	0	0	1800	36.3
A_NA	1347	1908	T	0	0	1908	34.7
A_NA	1348	1590	A	0	0	1590	37.7
A_NA	1349	1918	G	0	0	1918	37.7
A_NA	1350	1811	T	0	0	1811	36.7
A_NA	1351	1906	G	0	0	1906	37.1
A_NA	1352	1831	A	0	0	1831	35.7
A_NA	1353	1875	C	0	0	1875	36.6
A_NA	1354	1782	A	0	0	1782	36.9
A_NA	1355	1974	C	0	0	1974	37.1
A_NA	1356	1590	T	0	0	1590	34.8
A_NA	1357	1627	G	0	0	1627	34.8
A_NA	1358	1715	T	0	0	1715	35.4
A_NA	1359	1611	G	0	0	1611	36.2
A_NA	1360	1537	G	0	0	1537	34.0
A_NA	1361	1595	G	0	0	1595	34.0
A_NA	1362	1434	T	0	0	1434	37.9
A_NA	1363	1465	T	0	0	1465	34.7
A_NA	1364	1391	G	0	0	1391	34.2
A_NA	1365	1450	G	0	0	1450	37.8
A_NA	1366	1444	T	0	0	1444	36.3
A_NA	1367	1363	C	0	0	1363	36.7
A_NA	1368	1419	T	0	0	1419	36.4
A_NA	1369	1350	T	0	0	1350	37.9
A_NA	1370	1177	G	0	0	1177	35.0
A_NA	1371	1354	G	0	0	1354	37.5
A_NA	1372	1289	C	0	0	1289	35.1
A_NA	1373	1265	C	0	0	1265	37.6
A_NA	1374	1145	A	0	0	1145	37.8
A_NA	1375	1185	G	0	0	1185	34.6
A_NA	1376	1124	A	0	0	1124	37.2
A_NA	1377	980	C	0	0	980	37.0
A_NA	1378	1063	G	0	0	1063	36.6
A_NA	1379	1006	G	0	0	1006	36.3
A_NA	1380	948	T	0	0	948	37.8
A_NA	1381	888	G	0	0	888	37.3
A_NA	1382	851	C	0	0	851	37.4
A_NA	1383	861	T	0	0	861	36.8
A_NA	1384	787	G	0	0	787	34.8
A_NA	1385	836	A	0	0	836	35.3
A_NA	1386	845	G	0	0	845	37.0
A_NA	1387	764	T	0	0	764	34.3
A_NA	1388	734	T	0	0	734	36.1
A_NA	1389	709	G	0	0	709	34.9
A_NA	1390	633	C	0	0	633	35.9
A_NA	1391	608	C	0	0	608	35.2
A_NA	1392	574	A	0	0	574	35.1
A_NA	1393	535	T	0	0	535	37.7
A_NA	1394	498	T	0	0	498	36.7
A_NA	1395	496	C	0	0	496	35.7
A_NA	1396	447	A	0	0	447	35.6
A_NA	1397	380	C	0	0	380	38.0
A_NA	1398	382	C	0	0	382	37.2
A_NA	1399	374	A	0	0	374	34.5
A_NA	1400	330	T	0	0	330	37.6
A_NA	1401	269	T	0	0	269	34.4
A_NA	1402	267	G	0	0	267	36.7
A_NA	1403	243	A	0	0	243	35.3
A_NA	1404	176	C	0	0	176	35.9
A_NA	1405	166	A	0	0	166	36.6
A_NA	1406	121	A	0	0	121	35.7
A_NA	1407	99	G	0	0	99	35.4
A_NA	1408	62	T	0	0	62	37.4
A_NA	1409	30	A	0	0	30	37.8
A_NA	1410	0	G	0	0	0	36.9
