Reference_Name	Position	Coverage Depth	Consensus	Deletions	Ambiguous	Consensus_Count	Consensus_Average_Quality
A_NS	1	52	A	0	0	52	36.6
A_NS	2	100	T	0	0	100	37.2
A_NS	3	137	G	0	0	137	36.1
A_NS	4	174	G	0	0	174	35.5
A_NS	5	232	A	0	0	232	35.6
A_NS	6	283	T	0	0	283	37.9
A_NS	7	353	T	0	0	353	36.5
A_NS	8	333	C	0	0	333	37.3
A_NS	9	439	C	0	0	439	36.6
A_NS	10	397	A	0	0	397	36.5
A_NS	11	452	A	0	0	452	37.6
A_NS	12	559	C	0	0	559	38.0
A_NS	13	556	A	0	0	556	34.3
A_NS	14	561	C	0	0	561	36.2
A_NS	15	594	G	0	0	594	37.3
A_NS	16	600	A	0	0	600	35.8
A_NS	17	718	T	0	0	718	37.8
A_NS	18	757	A	0	0	757	35.0
A_NS	19	755	A	0	0	755	34.8
A_NS	20	816	C	0	0	816	36.9
A_NS	21	838	C	0	0	838	35.9
A_NS	22	772	T	0	0	772	35.8
A_NS	23	839	C	0	0	839	37.3
A_NS	24	892	G	0	0	892	34.6
A_NS	25	878	T	0	0	878	36.9
A_NS	26	923	T	0	0	923	34.4
A_NS	27	1002	C	0	0	1002	36.6
A_NS	28	952	C	0	0	952	36.9
A_NS	29	1050	A	0	0	1050	37.0
A_NS	30	1121	G	0	0	1121	36.7
A_NS	31	1106	G	0	0	1106	34.5
A_NS	32	1078	T	0	0	1078	34.8
A_NS	33	1128	A	0	0	1128	34.8
A_NS	34	1195	G	0	0	1195	36.1
A_NS	35	1089	A	0	0	1089	37.1
A_NS	36	1123	T	0	0	1123	37.7
A_NS	37	1240	T	0	0	1240	37.0
A_NS	38	1241	G	0	0	1241	34.3
A_NS	39	1294	C	0	0	1294	36.6
A_NS	40	1397	T	0	0	1397	36.0
A_NS	41	1414	A	0	0	1414	36.0
A_NS	42	1328	T	0	0	1328	37.3
A_NS	43	1431	C	0	0	1431	35.0
A_NS	44	1415	T	0	0	1415	37.3
A_NS	45	1531	A	0	0	1531	37.3
A_NS	46	1569	T	0	0	1569	36.8
A_NS	47	1563	G	0	0	1563	35.5
A_NS	48	1492	G	0	0	1492	34.6
A_NS	49	1793	C	0	0	1793	36.8
A_NS	50	1657	A	0	0	1657	37.0
A_NS	51	1797	C	0	0	1797	34.2
A_NS	52	1770	A	0	0	1770	35.1
A_NS	53	1638	T	0	0	1638	35.9
A_NS	54	1569	A	0	0	1569	35.7
A_NS	55	1860	A	0	0	1860	37.6
A_NS	56	1788	G	0	0	1788	35.9
A_NS	57	1730	A	0	0	1730	34.7
A_NS	58	1744	A	0	0	1744	37.8
A_NS	59	1817	A	0	0	1817	34.7
A_NS	60	1720	G	0	0	1720	34.4
A_NS	61	1734	C	0	0	1734	34.5
A_NS	62	1996	T	0	0	1996	34.9
A_NS	63	2062	G	0	0	2062	36.1
A_NS	64	2147	C	0	0	2147	35.5
A_NS	65	1955	T	0	0	1955	36.9
A_NS	66	1796	C	0	0	1796	37.2
A_NS	67	2031	A	0	0	2031	36.3
A_NS	68	2020	G	0	0	2020	37.1
A_NS	69	2311	C	0	0	2311	36.1
A_NS	70	1919	A	0	0	1919	36.4
A_NS	71	2141	T	0	0	2141	34.6
A_NS	72	2396	G	0	0	2396	36.8
A_NS	73	2085	A	0	0	2085	35.7
A_NS	74	1984	G	0	0	1984	34.6
A_NS	75	2368	A	0	0	2368	34.3
A_NS	76	2172	G	0	0	2172	34.7
A_NS	77	2345	A	0	0	2345	35.2
A_NS	78	2141	C	0	0	2141	37.0
A_NS	79	2440	A	0	0	2440	37.0
A_NS	80	2194	T	0	0	2194	36.9
A_NS	81	2180	G	0	0	2180	35.0
A_NS	82	2495	T	0	0	2495	37.8
A_NS	83	2930	G	0	0	2930	34.1
A_NS	84	2409	T	0	0	2409	37.6
A_NS	85	2621	G	0	0	2621	35.1
A_NS	86	2280	A	0	0	2280	35.2
A_NS	87	2326	T	0	0	2326	36.2
A_NS	88	2719	G	0	0	2719	36.5
A_NS	89	2605	C	0	0	2605	34.5
A_NS	90	2653	T	0	0	2653	36.0
A_NS	91	2520	C	0	0	2520	35.7
A_NS	92	2919	C	0	0	2919	36.8
A_NS	93	2884	C	0	0	2884	34.5
A_NS	94	2360	T	0	0	2360	37.5
A_NS	95	2661	T	0	0	2661	34.3
A_NS	96	2699	T	0	0	2699	37.4
A_NS	97	2963	G	0	0	2963	36.6
A_NS	98	2374	A	0	0	2374	36.1
A_NS	99	2559	T	0	0	2559	34.1
A_NS	100	2710	G	0	0	2710	36.8
A_NS	101	2693	A	0	0	2693	37.4
A_NS	102	2777	T	0	0	2777	36.1
A_NS	103	2838	A	0	0	2838	37.6
A_NS	104	2562	G	0	0	2562	35.9
A_NS	105	2619	A	0	0	2619	34.8
A_NS	106	2972	C	0	0	2972	34.0
A_NS	107	2636	T	0	0	2636	36.3
A_NS	108	2680	C	0	0	2680	35.9
A_NS	109	2684	A	0	0	2684	37.6
A_NS	110	2818	G	0	0	2818	34.9
A_NS	111	3012	A	0	0	3012	34.8
A_NS	112	2558	A	0	0	2558	34.4
A_NS	113	3032	G	0	0	3032	34.4
A_NS	114	2753	A	0	0	2753	36.0
A_NS	115	3087	G	0	0	3087	37.1
A_NS	116	2899	A	0	0	2899	36.1
A_NS	117	2728	T	0	0	2728	35.3
A_NS	118	2854	C	0	0	2854	35.4
A_NS	119	2503	A	0	0	2503	35.3
A_NS	120	2959	G	0	0	2959	35.5
A_NS	121	2679	A	0	0	2679	36.4
A_NS	122	2831	A	0	0	2831	34.3
A_NS	123	2646	G	0	0	2646	35.8
A_NS	124	2661	G	0	0	2661	34.5
A_NS	125	2558	C	0	0	2558	35.3
A_NS	126	2704	A	0	0	2704	35.1
A_NS	127	2692	T	0	0	2692	34.8
A_NS	128	2751	T	0	0	2751	36.1
A_NS	129	2710	A	0	0	2710	35.5
A_NS	130	2850	A	0	0	2850	34.8
A_NS	131	2599	A	0	0	2599	36.9
A_NS	132	2928	G	0	0	2928	35.8
A_NS	133	2674	G	0	0	2674	34.8
A_NS	134	2506	G	0	0	2506	37.4
A_NS	135	2609	A	0	0	2609	37.6
A_NS	136	2319	A	0	0	2319	34.2
A_NS	137	2932	G	0	0	2932	37.2
A_NS	138	2641	A	0	0	2641	37.5
A_NS	139	2757	G	0	0	2757	35.6
A_NS	140	2555	G	0	0	2555	36.2
A_NS	141	2827	C	0	0	2827	36.1
A_NS	142	3009	A	0	0	3009	35.6
A_NS	143	2933	G	0	0	2933	35.2
A_NS	144	2567	C	0	0	2567	36.5
A_NS	145	2867	A	0	0	2867	36.1
A_NS	146	2469	C	0	0	2469	36.3
A_NS	147	2457	A	0	0	2457	37.0
A_NS	148	2734	C	0	0	2734	36.6
A_NS	149	2586	T	0	0	2586	35.7
A_NS	150	2617	T	0	0	2617	37.7
A_NS	151	2502	G	0	0	2502	34.3
A_NS	152	2431	G	0	0	2431	37.4
A_NS	153	2592	A	0	0	2592	36.3
A_NS	154	2618	C	0	0	2618	34.9
A_NS	155	2652	T	0	0	2652	34.7
A_NS	156	2627	C	0	0	2627	36.2
A_NS	157	2414	G	0	0	2414	36.9
A_NS	158	2509	A	0	0	2509	37.7
A_NS	159	2592	C	0	0	2592	37.6
A_NS	160	2588	C	0	0	2588	34.3
A_NS	161	2597	T	0	0	2597	36.1
A_NS	162	2575	G	0	0	2575	36.9
A_NS	163	2463	C	0	0	2463	37.0
A_NS	164	2699	G	0	0	2699	36.9
A_NS	165	2813	A	0	0	2813	35.2
A_NS	166	2945	G	0	0	2945	37.7
A_NS	167	2555	T	0	0	2555	34.6
A_NS	168	2633	G	0	0	2633	36.5
A_NS	169	2756	G	0	0	2756	34.6
A_NS	170	2408	C	0	0	2408	37.7
A_NS	171	2594	C	0	0	2594	34.7
A_NS	172	2896	A	0	0	2896	37.7
A_NS	173	3013	C	0	0	3013	36.0
A_NS	174	2713	A	0	0	2713	34.2
A_NS	175	3212	A	0	0	3212	35.2
A_NS	176	2781	T	0	0	2781	38.0
A_NS	177	2745	G	0	0	2745	36.7
A_NS	178	3300	G	0	0	3300	36.2
A_NS	179	2954	A	0	0	2954	37.7
A_NS	180	3125	G	0	0	3125	35.5
A_NS	181	3011	G	0	0	3011	36.5
A_NS	182	3155	G	0	0	3155	34.6
A_NS	183	2814	C	0	0	2814	34.5
A_NS	184	2745	A	0	0	2745	34.8
A_NS	185	2867	A	0	0	2867	36.7
A_NS	186	2933	A	0	0	2933	35.2
A_NS	187	3058	A	0	0	3058	36.8
A_NS	188	2981	A	0	0	2981	34.4
A_NS	189	2810	G	0	0	2810	37.8
A_NS	190	3325	A	0	0	3325	36.8
A_NS	191	2881	T	0	0	2881	37.9
A_NS	192	2812	T	0	0	2812	36.1
A_NS	193	2908	G	0	0	2908	34.6
A_NS	194	3138	T	0	0	3138	37.1
A_NS	195	3266	T	0	0	3266	35.1
A_NS	196	3066	G	0	0	3066	37.1
A_NS	197	3848	A	0	0	3848	37.7
A_NS	198	3136	G	0	0	3136	36.5
A_NS	199	3108	G	0	0	3108	37.7
A_NS	200	3303	A	0	0	3303	34.3
A_NS	201	3207	C	0	0	3207	36.7
A_NS	202	3534	A	0	0	3534	34.7
A_NS	203	2992	T	0	0	2992	35.6
A_NS	204	3433	C	0	0	3433	35.7
A_NS	205	3203	C	0	0	3203	37.1
A_NS	206	3189	T	0	0	3189	34.0
A_NS	207	3595	A	0	0	3595	35.3
A_NS	208	3361	A	0	0	3361	37.6
A_NS	209	3389	A	0	0	3389	37.3
A_NS	210	3476	G	0	0	3476	35.7
A_NS	211	3686	A	0	0	3686	35.8
A_NS	212	3418	G	0	0	3418	35.0
A_NS	213	3210	T	0	0	3210	37.0
A_NS	214	3460	G	0	0	3460	36.1
A_NS	215	3567	A	0	0	3567	37.9
A_NS	216	3069	A	0	0	3069	36.4
A_NS	217	3769	A	0	0	3769	34.5
A_NS	218	3792	C	0	0	3792	36.9
A_NS	219	3643	G	0	0	3643	34.2
A_NS	220	3604	G	0	0	3604	37.7
A_NS	221	3498	A	0	0	3498	36.6
A_NS	222	3211	T	0	0	3211	35.9
A_NS	223	3179	G	0	0	3179	36.1
A_NS	224	3460	A	0	0	3460	35.9
A_NS	225	3572	A	0	0	3572	34.2
A_NS	226	3357	A	0	0	3357	36.7
A_NS	227	3349	A	0	0	3349	34.3
A_NS	228	3317	C	0	0	3317	35.1
A_NS	229	3478	C	0	0	3478	34.6
A_NS	230	2738	T	0	0	2738	35.9
A_NS	231	3215	C	0	0	3215	37.0
A_NS	232	3466	A	0	0	3466	34.5
A_NS	233	3457	A	0	0	3457	34.9
A_NS	234	2948	A	0	0	2948	34.3
A_NS	235	2827	A	0	0	2827	37.3
A_NS	236	3071	T	0	0	3071	37.1
A_NS	237	3130	T	0	0	3130	34.0
A_NS	238	3238	G	0	0	3238	35.1
A_NS	239	3054	C	0	0	3054	35.0
A_NS	240	2693	A	0	0	2693	35.1
A_NS	241	2839	A	0	0	2839	35.9
A_NS	242	2893	T	0	0	2893	35.9
A_NS	243	2488	T	0	0	2488	35.1
A_NS	244	2678	G	0	0	2678	34.6
A_NS	245	2932	C	0	0	2932	36.6
A_NS	246	2705	G	0	0	2705	35.0
A_NS	247	2677	T	0	0	2677	36.2
A_NS	248	2648	C	0	0	2648	35.2
A_NS	249	2759	C	0	0	2759	37.1
A_NS	250	2628	A	0	0	2628	35.9
A_NS	251	2808	G	0	0	2808	37.1
A_NS	252	2633	C	0	0	2633	34.2
A_NS	253	2421	C	0	0	2421	34.4
A_NS	254	2779	C	0	0	2779	35.3
A_NS	255	2424	T	0	0	2424	36.2
A_NS	256	2823	G	0	0	2823	35.7
A_NS	257	2495	T	0	0	2495	37.9
A_NS	258	2521	T	0	0	2521	35.6
A_NS	259	2449	C	0	0	2449	37.2
A_NS	260	2475	C	0	0	2475	37.7
A_NS	261	2314	T	0	0	2314	35.1
A_NS	262	2399	C	0	0	2399	37.7
A_NS	263	2377	G	0	0	2377	36.2
A_NS	264	2182	G	0	0	2182	37.9
A_NS	265	2285	T	0	0	2285	37.0
A_NS	266	2375	A	0	0	2375	36.9
A_NS	267	2137	C	0	0	2137	36.4
A_NS	268	2200	A	0	0	2200	37.6
A_NS	269	2127	T	0	0	2127	35.0
A_NS	270	1812	C	0	0	1812	37.2
A_NS	271	2229	A	0	0	2229	37.3
A_NS	272	2103	C	0	0	2103	35.2
A_NS	273	2106	T	0	0	2106	35.2
A_NS	274	2003	G	0	0	2003	34.9
A_NS	275	2081	A	0	0	2081	34.3
A_NS	276	2048	T	0	0	2048	36.8
A_NS	277	1849	A	0	0	1849	34.9
A_NS	278	2057	T	0	0	2057	37.1
A_NS	279	1970	G	0	0	1970	35.8
A_NS	280	2016	A	0	0	2016	36.8
A_NS	281	1834	G	0	0	1834	36.9
A_NS	282	1748	C	0	0	1748	34.4
A_NS	283	1886	A	0	0	1886	35.3
A_NS	284	1733	T	0	0	1733	36.5
A_NS	285	1915	A	0	0	1915	36.0
A_NS	286	1825	G	0	0	1825	34.1
A_NS	287	1794	A	0	0	1794	35.7
A_NS	288	1916	G	0	0	1916	36.1
A_NS	289	1623	G	0	0	1623	36.2
A_NS	290	1686	A	0	0	1686	36.9
A_NS	291	1905	A	0	0	1905	36.5
A_NS	292	1823	A	0	0	1823	35.5
A_NS	293	1976	T	0	0	1976	36.0
A_NS	294	1940	A	0	0	1940	34.5
A_NS	295	2068	A	0	0	2068	35.8
A_NS	296	1857	G	0	0	1857	35.2
A_NS	297	1627	C	0	0	1627	35.0
A_NS	298	1933	A	0	0	1933	36.2
A_NS	299	1965	G	0	0	1965	34.4
A_NS	300	1799	G	0	0	1799	37.9
A_NS	301	1757	G	0	0	1757	36.7
A_NS	302	1984	A	0	0	1984	36.3
A_NS	303	2202	G	0	0	2202	37.8
A_NS	304	2074	T	0	0	2074	37.5
A_NS	305	1949	G	0	0	1949	37.4
A_NS	306	1964	G	0	0	1964	35.1
A_NS	307	1916	T	0	0	1916	35.7
A_NS	308	1916	A	0	0	1916	37.7
A_NS	309	2043	C	0	0	2043	36.1
A_NS	310	1925	A	0	0	1925	37.0
A_NS	311	2160	T	0	0	2160	37.4
A_NS	312	2009	G	0	0	2009	35.5
A_NS	313	2096	C	0	0	2096	35.4
A_NS	314	2258	T	0	0	2258	37.2
A_NS	315	2065	C	0	0	2065	34.7
A_NS	316	2224	A	0	0	2224	36.4
A_NS	317	2298	T	0	0	2298	34.2
A_NS	318	2243	G	0	0	2243	35.7
A_NS	319	1983	C	0	0	1983	37.1
A_NS	320	2197	C	0	0	2197	38.0
A_NS	321	2307	A	0	0	2307	34.6
A_NS	322	2331	A	0	0	2331	34.7
A_NS	323	2112	G	0	0	2112	37.5
A_NS	324	2113	G	0	0	2113	34.4
A_NS	325	2266	C	0	0	2266	37.5
A_NS	326	2184	A	0	0	2184	35.2
A_NS	327	2393	G	0	0	2393	36.9
A_NS	328	2535	A	0	0	2535	35.1
A_NS	329	2233	A	0	0	2233	37.4
A_NS	330	2456	A	0	0	2456	35.6
A_NS	331	2276	A	0	0	2276	35.7
A_NS	332	2343	T	0	0	2343	37.0
A_NS	333	2129	A	0	0	2129	35.6
A_NS	334	2225	A	0	0	2225	34.7
A_NS	335	2487	C	0	0	2487	35.7
A_NS	336	2495	A	0	0	2495	37.7
A_NS	337	2303	G	0	0	2303	34.6
A_NS	338	2344	G	0	0	2344	36.8
A_NS	339	2460	G	0	0	2460	36.5
A_NS	340	2466	G	0	0	2466	35.1
A_NS	341	2213	G	0	0	2213	36.0
A_NS	342	2466	T	0	0	2466	36.4
A_NS	343	2439	C	0	0	2439	36.7
A_NS	344	2573	T	0	0	2573	36.0
A_NS	345	2513	G	0	0	2513	34.3
A_NS	346	2453	A	0	0	2453	35.1
A_NS	347	2256	T	0	0	2256	35.5
A_NS	348	2434	G	0	0	2434	35.7
A_NS	349	2326	G	0	0	2326	36.6
A_NS	350	2291	T	0	0	2291	35.3
A_NS	351	2157	G	0	0	2157	35.0
A_NS	352	2265	A	0	0	2265	36.8
A_NS	353	2379	A	0	0	2379	36.9
A_NS	354	2534	A	0	0	2534	36.6
A_NS	355	2425	A	0	0	2425	34.4
A_NS	356	2419	T	0	0	2419	37.6
A_NS	357	2300	G	0	0	2300	37.3
A_NS	358	2322	G	0	0	2322	37.4
A_NS	359	2364	A	0	0	2364	35.5
A_NS	360	2160	T	0	0	2160	36.9
A_NS	361	2145	C	0	0	2145	36.0
A_NS	362	2148	A	0	0	2148	35.9
A_NS	363	2473	G	0	0	2473	34.2
A_NS	364	2102	G	0	0	2102	35.7
A_NS	365	2148	C	0	0	2148	36.4
A_NS	366	2017	C	0	0	2017	36.3
A_NS	367	2175	A	0	0	2175	35.4
A_NS	368	2302	T	0	0	2302	34.6
A_NS	369	2291	C	0	0	2291	36.9
A_NS	370	2428	A	0	0	2428	36.8
A_NS	371	2102	T	0	0	2102	34.8
A_NS	372	2149	G	0	0	2149	37.3
A_NS	373	2315	G	0	0	2315	36.6
A_NS	374	2150	A	0	0	2150	36.2
A_NS	375	2249	C	0	0	2249	36.5
A_NS	376	2279	A	0	0	2279	35.8
A_NS	377	2201	A	0	0	2201	36.2
A_NS	378	2170	G	0	0	2170	37.5
A_NS	379	2044	A	0	0	2044	36.4
A_NS	380	2130	G	0	0	2130	36.0
A_NS	381	2090	G	0	0	2090	36.2
A_NS	382	2039	A	0	0	2039	34.9
A_NS	383	2091	T	0	0	2091	36.7
A_NS	384	2163	A	0	0	2163	34.3
A_NS	385	2022	A	0	0	2022	35.0
A_NS	386	2458	T	0	0	2458	36.7
A_NS	387	2036	A	0	0	2036	35.5
A_NS	388	2363	C	0	0	2363	36.6
A_NS	389	2048	T	0	0	2048	36.8
A_NS	390	2123	C	0	0	2123	37.2
A_NS	391	2148	A	0	0	2148	34.9
A_NS	392	2126	A	0	0	2126	37.0
A_NS	393	2191	G	0	0	2191	34.7
A_NS	394	2105	G	0	0	2105	35.6
A_NS	395	2120	C	0	0	2120	37.5
A_NS	396	2234	A	0	0	2234	36.2
A_NS	397	2338	A	0	0	2338	36.3
A_NS	398	2279	A	0	0	2279	35.4
A_NS	399	2125	C	0	0	2125	37.7
A_NS	400	2086	T	0	0	2086	35.3
A_NS	401	2059	T	0	0	2059	37.5
A_NS	402	2099	C	0	0	2099	36.9
A_NS	403	2331	T	0	0	2331	37.6
A_NS	404	2225	C	0	0	2225	37.2
A_NS	405	2630	T	0	0	2630	37.8
A_NS	406	2177	G	0	0	2177	37.1
A_NS	407	2221	T	0	0	2221	37.2
A_NS	408	2518	C	0	0	2518	34.4
A_NS	409	2448	C	0	0	2448	37.2
A_NS	410	2144	T	0	0	2144	35.2
A_NS	411	2216	A	0	0	2216	37.4
A_NS	412	2323	T	0	0	2323	36.0
A_NS	413	2413	T	0	0	2413	36.2
A_NS	414	2523	T	0	0	2523	35.5
A_NS	415	2596	A	0	0	2596	37.0
A_NS	416	2606	A	0	0	2606	34.4
A_NS	417	2462	T	0	0	2462	34.0
A_NS	418	2228	C	0	0	2228	36.9
A_NS	419	2698	A	0	0	2698	34.9
A_NS	420	2736	A	0	0	2736	37.6
A_NS	421	2638	C	0	0	2638	37.7
A_NS	422	2804	T	0	0	2804	34.8
A_NS	423	2700	G	0	0	2700	34.6
A_NS	424	2938	G	0	0	2938	36.8
A_NS	425	3091	A	0	0	3091	35.8
A_NS	426	3099	A	0	0	3099	36.4
A_NS	427	2906	A	0	0	2906	34.6
A_NS	428	3129	C	0	0	3129	36.0
A_NS	429	2800	A	0	0	2800	36.5
A_NS	430	3216	T	0	0	3216	37.5
A_NS	431	2951	T	0	0	2951	35.4
A_NS	432	2990	A	0	0	2990	36.1
A_NS	433	2987	G	0	0	2987	34.5
A_NS	434	3129	T	0	0	3129	36.9
A_NS	435	3142	C	0	0	3142	34.6
A_NS	436	3297	T	0	0	3297	37.7
A_NS	437	3032	C	0	0	3032	36.4
A_NS	438	2998	A	0	0	2998	36.6
A_NS	439	3161	C	0	0	3161	37.6
A_NS	440	3591	T	0	0	3591	37.9
A_NS	441	3222	G	0	0	3222	37.1
A_NS	442	3145	A	0	0	3145	37.0
A_NS	443	3124	G	0	0	3124	37.3
A_NS	444	3258	G	0	0	3258	35.7
A_NS	445	3360	G	0	0	3360	36.4
A_NS	446	3262	C	0	0	3262	36.6
A_NS	447	3650	T	0	0	3650	37.8
A_NS	448	3244	T	0	0	3244	35.6
A_NS	449	3661	T	0	0	3661	37.1
A_NS	450	3388	C	0	0	3388	34.8
A_NS	451	3231	A	0	0	3231	37.3
A_NS	452	3590	C	0	0	3590	35.5
A_NS	453	3382	A	0	0	3382	37.3
A_NS	454	3230	G	0	0	3230	36.3
A_NS	455	3263	A	0	0	3263	37.9
A_NS	456	2959	A	0	0	2959	34.9
A_NS	457	3384	G	0	0	3384	37.6
A_NS	458	3587	A	0	0	3587	35.4
A_NS	459	3713	T	0	0	3713	34.8
A_NS	460	3469	G	0	0	3469	35.7
A_NS	461	3633	G	0	0	3633	36.9
A_NS	462	3607	C	0	0	3607	37.9
A_NS	463	3310	G	0	0	3310	35.5
A_NS	464	3680	C	0	0	3680	36.4
A_NS	465	3310	C	0	0	3310	37.7
A_NS	466	3656	A	0	0	3656	36.3
A_NS	467	3506	T	0	0	3506	34.5
A_NS	468	3552	T	0	0	3552	35.1
A_NS	469	3725	G	0	0	3725	35.3
A_NS	470	3713	T	0	0	3713	36.9
A_NS	471	3217	G	0	0	3217	34.4
A_NS	472	3606	G	0	0	3606	36.4
A_NS	473	3098	C	0	0	3098	35.7
A_NS	474	3414	T	0	0	3414	35.0
A_NS	475	3524	G	0	0	3524	36.0
A_NS	476	3463	A	0	0	3463	36.2
A_NS	477	3858	A	0	0	3858	37.3
A_NS	478	3055	A	0	0	3055	35.6
A_NS	479	3212	T	0	0	3212	34.8
A_NS	480	3270	A	0	0	3270	35.3
A_NS	481	3334	T	0	0	3334	37.4
A_NS	482	3236	C	0	0	3236	36.6
A_NS	483	2892	T	0	0	2892	35.6
A_NS	484	3227	C	0	0	3227	35.1
A_NS	485	3399	C	0	0	3399	34.2
A_NS	486	3121	T	0	0	3121	37.6
A_NS	487	3064	A	0	0	3064	35.1
A_NS	488	3073	T	0	0	3073	34.7
A_NS	489	3027	T	0	0	3027	34.8
A_NS	490	3048	C	0	0	3048	34.7
A_NS	491	2965	C	0	0	2965	34.5
A_NS	492	2603	T	0	0	2603	35.3
A_NS	493	2773	T	0	0	2773	34.6
A_NS	494	2921	C	0	0	2921	34.6
A_NS	495	3165	C	0	0	3165	35.1
A_NS	496	2840	A	0	0	2840	34.3
A_NS	497	2694	T	0	0	2694	36.8
A_NS	498	2635	G	0	0	2635	34.5
A_NS	499	2846	C	0	0	2846	37.1
A_NS	500	2886	C	0	0	2886	34.9
A_NS	501	2740	A	0	0	2740	37.7
A_NS	502	2633	G	0	0	2633	34.4
A_NS	503	2627	G	0	0	2627	35.0
A_NS	504	2397	A	0	0	2397	34.4
A_NS	505	2692	C	0	0	2692	34.6
A_NS	506	2514	A	0	0	2514	37.8
A_NS	507	2792	T	0	0	2792	38.0
A_NS	508	2677	T	0	0	2677	34.9
A_NS	509	2683	C	0	0	2683	37.1
A_NS	510	2525	T	0	0	2525	35.3
A_NS	511	2596	A	0	0	2596	35.2
A_NS	512	2562	C	0	0	2562	34.9
A_NS	513	2235	A	0	0	2235	34.7
A_NS	514	2340	G	0	0	2340	37.1
A_NS	515	2261	A	0	0	2261	36.3
A_NS	516	2379	G	0	0	2379	36.2
A_NS	517	2636	G	0	0	2636	34.0
A_NS	518	2493	A	0	0	2493	35.6
A_NS	519	2261	T	0	0	2261	36.9
A_NS	520	2323	G	0	0	2323	34.2
A_NS	521	2404	T	0	0	2404	34.6
A_NS	522	2477	C	0	0	2477	38.0
A_NS	523	2666	A	0	0	2666	34.3
A_NS	524	2365	A	0	0	2365	36.7
A_NS	525	2701	A	0	0	2701	34.8
A_NS	526	2448	A	0	0	2448	34.5
A_NS	527	2196	A	0	0	2196	35.6
A_NS	528	2464	T	0	0	2464	34.8
A_NS	529	2191	G	0	0	2191	37.1
A_NS	530	2400	C	0	0	2400	36.5
A_NS	531	2165	A	0	0	2165	37.3
A_NS	532	2358	A	0	0	2358	37.7
A_NS	533	2431	T	0	0	2431	37.2
A_NS	534	2222	T	0	0	2222	34.0
A_NS	535	2334	G	0	0	2334	37.9
A_NS	536	2207	G	0	0	2207	34.3
A_NS	537	2412	A	0	0	2412	36.2
A_NS	538	2678	A	0	0	2678	36.5
A_NS	539	2355	T	0	0	2355	34.1
A_NS	540	2095	C	0	0	2095	37.4
A_NS	541	2493	C	0	0	2493	36.0
A_NS	542	2263	T	0	0	2263	37.3
A_NS	543	2382	C	0	0	2382	37.3
A_NS	544	2482	A	0	0	2482	34.0
A_NS	545	2494	T	0	0	2494	37.1
A_NS	546	2353	C	0	0	2353	34.5
A_NS	547	2399	G	0	0	2399	37.8
A_NS	548	2589	G	0	0	2589	34.1
A_NS	549	2532	T	0	0	2532	35.1
A_NS	550	2237	G	0	0	2237	37.4
A_NS	551	2406	G	0	0	2406	35.5
A_NS	552	2286	A	0	0	2286	35.5
A_NS	553	2365	C	0	0	2365	37.8
A_NS	554	2320	T	0	0	2320	34.0
A_NS	555	2497	T	0	0	2497	37.9
A_NS	556	2494	G	0	0	2494	37.3
A_NS	557	2701	A	0	0	2701	34.1
A_NS	558	2266	A	0	0	2266	37.9
A_NS	559	2582	T	0	0	2582	35.3
A_NS	560	2416	G	0	0	2416	34.9
A_NS	561	2608	G	0	0	2608	35.8
A_NS	562	2213	A	0	0	2213	35.6
A_NS	563	2663	A	0	0	2663	35.6
A_NS	564	2565	T	0	0	2565	34.4
A_NS	565	2267	G	0	0	2267	35.9
A_NS	566	2741	A	0	0	2741	36.0
A_NS	567	2707	T	0	0	2707	36.8
A_NS	568	2736	A	0	0	2736	36.3
A_NS	569	2586	A	0	0	2586	37.9
A_NS	570	2430	C	0	0	2430	36.9
A_NS	571	2483	T	0	0	2483	37.9
A_NS	572	2341	C	0	0	2341	37.7
A_NS	573	2592	A	0	0	2592	34.4
A_NS	574	2463	A	0	0	2463	37.6
A_NS	575	2435	T	0	0	2435	35.7
A_NS	576	2232	T	0	0	2232	34.3
A_NS	577	2862	C	0	0	2862	37.4
A_NS	578	2208	G	0	0	2208	35.3
A_NS	579	2364	A	0	0	2364	34.9
A_NS	580	2474	G	0	0	2474	34.2
A_NS	581	2393	C	0	0	2393	37.3
A_NS	582	2173	G	0	0	2173	34.7
A_NS	583	2266	T	0	0	2266	36.3
A_NS	584	2752	C	0	0	2752	36.6
A_NS	585	2355	T	0	0	2355	35.7
A_NS	586	2383	G	0	0	2383	35.5
A_NS	587	2307	A	0	0	2307	36.7
A_NS	588	2160	A	0	0	2160	34.5
A_NS	589	2340	A	0	0	2340	35.2
A_NS	590	2404	A	0	0	2404	35.0
A_NS	591	2601	T	0	0	2601	35.5
A_NS	592	2441	A	0	0	2441	36.1
A_NS	593	2405	T	0	0	2405	34.7
A_NS	594	1966	A	0	0	1966	35.5
A_NS	595	2442	C	0	0	2442	36.8
A_NS	596	2144	A	0	0	2144	36.6
A_NS	597	2257	G	0	0	2257	35.5
A_NS	598	2228	A	0	0	2228	37.9
A_NS	599	2216	G	0	0	2216	36.5
A_NS	600	2114	A	0	0	2114	37.7
A_NS	601	2093	T	0	0	2093	35.0
A_NS	602	2231	T	0	0	2231	36.0
A_NS	603	2196	C	0	0	2196	37.5
A_NS	604	2086	G	0	0	2086	37.4
A_NS	605	2016	C	0	0	2016	36.5
A_NS	606	2292	T	0	0	2292	36.2
A_NS	607	2154	T	0	0	2154	35.3
A_NS	608	2094	G	0	0	2094	34.5
A_NS	609	1847	G	0	0	1847	34.9
A_NS	610	1834	G	0	0	1834	36.8
A_NS	611	2308	G	0	0	2308	37.8
A_NS	612	1920	A	0	0	1920	36.4
A_NS	613	1818	G	0	0	1818	35.5
A_NS	614	1890	T	0	0	1890	36.0
A_NS	615	1817	C	0	0	1817	37.3
A_NS	616	1759	C	0	0	1759	37.6
A_NS	617	1772	G	0	0	1772	37.5
A_NS	618	2080	T	0	0	2080	35.7
A_NS	619	2026	G	0	0	2026	37.1
A_NS	620	1872	A	0	0	1872	37.6
A_NS	621	1938	T	0	0	1938	36.7
A_NS	622	1733	G	0	0	1733	34.8
A_NS	623	1721	A	0	0	1721	37.9
A_NS	624	1834	G	0	0	1834	34.6
A_NS	625	1855	A	0	0	1855	37.9
A_NS	626	1656	A	0	0	1656	35.6
A_NS	627	1648	T	0	0	1648	35.7
A_NS	628	1760	G	0	0	1760	36.7
A_NS	629	1723	G	0	0	1723	36.6
A_NS	630	1962	G	0	0	1962	37.4
A_NS	631	1736	G	0	0	1736	37.5
A_NS	632	1671	G	0	0	1671	37.0
A_NS	633	1444	A	0	0	1444	37.8
A_NS	634	1937	C	0	0	1937	36.0
A_NS	635	1687	C	0	0	1687	34.0
A_NS	636	1761	T	0	0	1761	37.9
A_NS	637	1881	C	0	0	1881	37.8
A_NS	638	1697	C	0	0	1697	37.5
A_NS	639	1782	A	0	0	1782	36.4
A_NS	640	1869	C	0	0	1869	34.2
A_NS	641	1884	T	0	0	1884	34.3
A_NS	642	1756	C	0	0	1756	37.9
A_NS	643	1622	C	0	0	1622	35.0
A_NS	644	2137	C	0	0	2137	35.4
A_NS	645	1948	T	0	0	1948	36.8
A_NS	646	1880	C	0	0	1880	35.7
A_NS	647	1818	C	0	0	1818	37.5
A_NS	648	2106	A	0	0	2106	34.9
A_NS	649	1699	A	0	0	1699	36.4
A_NS	650	1847	A	0	0	1847	34.3
A_NS	651	1878	G	0	0	1878	37.3
A_NS	652	1841	C	0	0	1841	36.5
A_NS	653	1772	A	0	0	1772	36.8
A_NS	654	2075	G	0	0	2075	35.4
A_NS	655	1930	A	0	0	1930	35.6
A_NS	656	1923	A	0	0	1923	34.1
A_NS	657	2258	A	0	0	2258	37.8
A_NS	658	2101	C	0	0	2101	37.2
A_NS	659	2296	G	0	0	2296	37.6
A_NS	660	2143	C	0	0	2143	34.8
A_NS	661	2264	T	0	0	2264	34.4
A_NS	662	2294	A	0	0	2294	35.6
A_NS	663	2072	C	0	0	2072	36.2
A_NS	664	2149	A	0	0	2149	34.9
A_NS	665	2445	T	0	0	2445	34.5
A_NS	666	2409	G	0	0	2409	36.7
A_NS	667	2369	G	0	0	2369	34.2
A_NS	668	2819	C	0	0	2819	35.6
A_NS	669	2145	G	0	0	2145	36.2
A_NS	670	2526	A	0	0	2526	35.9
A_NS	671	2739	G	0	0	2739	37.2
A_NS	672	2442	A	0	0	2442	34.7
A_NS	673	2437	A	0	0	2437	37.4
A_NS	674	2546	G	0	0	2546	34.2
A_NS	675	2664	A	0	0	2664	35.4
A_NS	676	2667	G	0	0	2667	34.5
A_NS	677	2919	T	0	0	2919	34.4
A_NS	678	2719	T	0	0	2719	37.0
A_NS	679	2766	G	0	0	2766	36.0
A_NS	680	2781	A	0	0	2781	34.6
A_NS	681	2962	G	0	0	2962	34.1
A_NS	682	2979	T	0	0	2979	34.7
A_NS	683	2810	C	0	0	2810	34.8
A_NS	684	2683	A	0	0	2683	37.6
A_NS	685	2911	G	0	0	2911	35.0
A_NS	686	2704	A	0	0	2704	35.3
A_NS	687	3013	A	0	0	3013	37.6
A_NS	688	2727	G	0	0	2727	35.5
A_NS	689	2843	T	0	0	2843	35.0
A_NS	690	2985	T	0	0	2985	36.4
A_NS	691	3076	T	0	0	3076	37.8
A_NS	692	3087	G	0	0	3087	36.1
A_NS	693	3074	A	0	0	3074	36.1
A_NS	694	3166	A	0	0	3166	35.3
A_NS	695	3180	G	0	0	3180	34.1
A_NS	696	3096	A	0	0	3096	37.5
A_NS	697	3019	G	0	0	3019	35.1
A_NS	698	3168	A	0	0	3168	36.5
A_NS	699	3446	T	0	0	3446	37.7
A_NS	700	3077	C	0	0	3077	34.7
A_NS	701	2955	A	0	0	2955	36.2
A_NS	702	3153	G	0	0	3153	35.8
A_NS	703	3029	A	0	0	3029	36.8
A_NS	704	2887	T	0	0	2887	36.6
A_NS	705	3454	G	0	0	3454	35.0
A_NS	706	3000	G	0	0	3000	34.9
A_NS	707	3575	C	0	0	3575	38.0
A_NS	708	3139	T	0	0	3139	37.8
A_NS	709	3594	A	0	0	3594	35.4
A_NS	710	3055	A	0	0	3055	37.5
A_NS	711	3285	T	0	0	3285	34.7
A_NS	712	3082	T	0	0	3082	34.7
A_NS	713	3140	G	0	0	3140	36.9
A_NS	714	3091	C	0	0	3091	34.6
A_NS	715	3143	A	0	0	3143	36.3
A_NS	716	3200	G	0	0	3200	34.6
A_NS	717	3321	A	0	0	3321	35.6
A_NS	718	3392	G	0	0	3392	37.0
A_NS	719	3219	T	0	0	3219	37.3
A_NS	720	3387	G	0	0	3387	34.1
A_NS	721	3070	C	0	0	3070	37.4
A_NS	722	3070	A	0	0	3070	37.4
A_NS	723	3360	G	0	0	3360	37.5
A_NS	724	3319	A	0	0	3319	36.8
A_NS	725	2992	A	0	0	2992	36.1
A_NS	726	2885	A	0	0	2885	35.0
A_NS	727	2989	C	0	0	2989	34.6
A_NS	728	3320	A	0	0	3320	36.4
A_NS	729	2985	T	0	0	2985	34.1
A_NS	730	3203	A	0	0	3203	34.2
A_NS	731	2843	T	0	0	2843	35.9
A_NS	732	2909	T	0	0	2909	37.7
A_NS	733	3199	A	0	0	3199	34.9
A_NS	734	2931	A	0	0	2931	37.2
A_NS	735	2889	C	0	0	2889	36.4
A_NS	736	2770	C	0	0	2770	34.7
A_NS	737	3124	A	0	0	3124	35.2
A_NS	738	2932	A	0	0	2932	36.1
A_NS	739	2831	A	0	0	2831	37.3
A_NS	740	2719	A	0	0	2719	36.4
A_NS	741	3004	C	0	0	3004	36.6
A_NS	742	2964	T	0	0	2964	37.6
A_NS	743	2957	G	0	0	2957	36.7
A_NS	744	2881	A	0	0	2881	35.2
A_NS	745	2640	G	0	0	2640	36.8
A_NS	746	2666	A	0	0	2666	34.2
A_NS	747	2889	A	0	0	2889	36.6
A_NS	748	2758	C	0	0	2758	34.4
A_NS	749	2811	A	0	0	2811	34.8
A_NS	750	2769	G	0	0	2769	34.4
A_NS	751	2788	C	0	0	2788	37.8
A_NS	752	2621	T	0	0	2621	37.2
A_NS	753	2634	T	0	0	2634	34.5
A_NS	754	2706	C	0	0	2706	34.7
A_NS	755	2688	G	0	0	2688	34.2
A_NS	756	3161	A	0	0	3161	34.4
A_NS	757	3178	G	0	0	3178	36.3
A_NS	758	2562	C	0	0	2562	34.3
A_NS	759	2726	A	0	0	2726	34.1
A_NS	760	2872	G	0	0	2872	36.3
A_NS	761	2834	A	0	0	2834	34.4
A_NS	762	2639	T	0	0	2639	36.5
A_NS	763	2627	A	0	0	2627	37.9
A_NS	764	2788	A	0	0	2788	34.7
A_NS	765	2759	C	0	0	2759	35.4
A_NS	766	2782	G	0	0	2782	35.9
A_NS	767	2647	T	0	0	2647	35.2
A_NS	768	2915	T	0	0	2915	34.1
A_NS	769	2688	C	0	0	2688	37.5
A_NS	770	2625	T	0	0	2625	36.2
A_NS	771	2522	T	0	0	2522	35.6
A_NS	772	2663	G	0	0	2663	36.7
A_NS	773	3049	C	0	0	3049	36.2
A_NS	774	2947	A	0	0	2947	35.8
A_NS	775	2714	G	0	0	2714	37.6
A_NS	776	2572	G	0	0	2572	37.8
A_NS	777	3052	C	0	0	3052	35.7
A_NS	778	2762	A	0	0	2762	37.9
A_NS	779	3108	T	0	0	3108	37.5
A_NS	780	2474	T	0	0	2474	36.7
A_NS	781	2905	G	0	0	2905	37.8
A_NS	782	2849	C	0	0	2849	38.0
A_NS	783	2818	A	0	0	2818	36.3
A_NS	784	2949	A	0	0	2949	34.0
A_NS	785	2926	C	0	0	2926	34.3
A_NS	786	2899	T	0	0	2899	34.1
A_NS	787	2873	T	0	0	2873	34.2
A_NS	788	2991	T	0	0	2991	35.9
A_NS	789	2751	T	0	0	2751	36.1
A_NS	790	2504	A	0	0	2504	37.1
A_NS	791	2601	C	0	0	2601	37.5
A_NS	792	2777	T	0	0	2777	34.3
A_NS	793	2523	T	0	0	2523	35.3
A_NS	794	2698	G	0	0	2698	37.5
A_NS	795	2739	A	0	0	2739	35.8
A_NS	796	2462	G	0	0	2462	37.4
A_NS	797	2205	G	0	0	2205	37.7
A_NS	798	2260	T	0	0	2260	35.9
A_NS	799	2121	T	0	0	2121	37.2
A_NS	800	2218	G	0	0	2218	34.7
A_NS	801	2248	A	0	0	2248	35.3
A_NS	802	1945	G	0	0	1945	34.6
A_NS	803	2007	A	0	0	2007	36.8
A_NS	804	1843	G	0	0	1843	36.3
A_NS	805	2029	T	0	0	2029	35.6
A_NS	806	1793	G	0	0	1793	36.8
A_NS	807	1785	A	0	0	1785	36.2
A_NS	808	1743	G	0	0	1743	35.2
A_NS	809	1595	A	0	0	1595	35.8
A_NS	810	1491	T	0	0	1491	34.0
A_NS	811	1641	A	0	0	1641	34.2
A_NS	812	1575	A	0	0	1575	35.6
A_NS	813	1537	G	0	0	1537	36.4
A_NS	814	1401	G	0	0	1401	36.1
A_NS	815	1540	A	0	0	1540	35.1
A_NS	816	1345	C	0	0	1345	37.3
A_NS	817	1216	A	0	0	1216	37.7
A_NS	818	1166	T	0	0	1166	36.0
A_NS	819	1063	T	0	0	1063	37.4
A_NS	820	1006	T	0	0	1006	37.5
A_NS	821	1090	T	0	0	1090	37.1
A_NS	822	880	C	0	0	880	36.0
A_NS	823	877	T	0	0	877	37.1
A_NS	824	783	T	0	0	783	36.1
A_NS	825	760	T	0	0	760	34.8
A_NS	826	614	T	0	0	614	36.4
A_NS	827	580	C	0	0	580	36.3
A_NS	828	530	A	0	0	530	37.5
A_NS	829	526	G	0	0	526	34.9
A_NS	830	447	C	0	0	447	36.7
A_NS	831	313	T	0	0	313	36.2
A_NS	832	302	T	0	0	302	35.6
A_NS	833	272	A	0	0	272	36.2
A_NS	834	193	T	0	0	193	34.4
A_NS	835	176	T	0	0	176	36.6
A_NS	836	91	T	0	0	91	34.5
A_NS	837	55	A	0	0	55	34.2
A_NS	838	0	G	0	0	0	37.5
