Reference_Name	Position	Coverage Depth	Consensus	Deletions	Ambiguous	Consensus_Count	Consensus_Average_Quality
A_PB1	1	22	A	0	0	22	34.9
A_PB1	2	46	T	0	0	46	36.4
A_PB1	3	77	G	0	0	77	35.1
A_PB1	4	96	G	0	0	96	34.9
A_PB1	5	106	A	0	0	106	37.8
A_PB1	6	147	T	0	0	147	36.0
A_PB1	7	156	G	0	0	156	36.4
A_PB1	8	184	T	0	0	184	34.2
A_PB1	9	195	C	0	0	195	34.4
A_PB1	10	211	A	0	0	211	37.0
A_PB1	11	277	A	0	0	277	37.4
A_PB1	12	299	T	0	0	299	36.4
A_PB1	13	294	C	0	0	294	36.7
A_PB1	14	350	C	0	0	350	35.6
A_PB1	15	384	G	0	0	384	34.4
A_PB1	16	371	A	0	0	371	36.5
A_PB1	17	390	C	0	0	390	37.5
A_PB1	18	433	T	0	0	433	35.7
A_PB1	19	512	T	0	0	512	37.1
A_PB1	20	470	T	0	0	470	36.8
A_PB1	21	554	A	0	0	554	37.0
A_PB1	22	490	C	0	0	490	37.3
A_PB1	23	596	T	0	0	596	37.7
A_PB1	24	580	T	0	0	580	37.4
A_PB1	25	642	T	0	0	642	36.8
A_PB1	26	643	T	0	0	643	35.1
A_PB1	27	685	C	0	0	685	37.7
A_PB1	28	708	T	0	0	708	35.1
A_PB1	29	717	T	0	0	717	34.8
A_PB1	30	747	G	0	0	747	36.3
A_PB1	31	706	A	0	0	706	37.3
A_PB1	32	733	A	0	0	733	35.4
A_PB1	33	828	A	0	0	828	34.2
A_PB1	34	958	G	0	0	958	34.3
A_PB1	35	849	T	0	0	849	34.1
A_PB1	36	861	T	0	0	861	37.6
A_PB1	37	1050	C	0	0	1050	37.3
A_PB1	38	975	C	0	0	975	37.8
A_PB1	39	960	A	0	0	960	34.5
A_PB1	40	930	G	0	0	930	37.1
A_PB1	41	1012	C	0	0	1012	35.4
A_PB1	42	1198	G	0	0	1198	34.5
A_PB1	43	970	C	0	0	970	37.5
A_PB1	44	914	A	0	0	914	34.7
A_PB1	45	1146	A	0	0	1146	37.2
A_PB1	46	1156	A	0	0	1156	36.2
A_PB1	47	1193	A	0	0	1193	35.0
A_PB1	48	1382	T	0	0	1382	38.0
A_PB1	49	1242	G	0	0	1242	34.1
A_PB1	50	1309	C	0	0	1309	37.7
A_PB1	51	1388	C	0	0	1388	35.4
A_PB1	52	1268	A	0	0	1268	37.5
A_PB1	53	1453	T	0	0	1453	35.1
A_PB1	54	1636	A	0	0	1636	35.9
A_PB1	55	1346	A	0	0	1346	37.9
A_PB1	56	1440	G	0	0	1440	34.1
A_PB1	57	1426	C	0	0	1426	37.6
A_PB1	58	1628	A	0	0	1628	37.6
A_PB1	59	1562	C	0	0	1562	35.3
A_PB1	60	1445	C	0	0	1445	36.9
A_PB1	61	1796	A	0	0	1796	35.8
A_PB1	62	1679	C	0	0	1679	35.7
A_PB1	63	1696	A	0	0	1696	35.3
A_PB1	64	1693	T	0	0	1693	34.3
A_PB1	65	1623	T	0	0	1623	36.1
A_PB1	66	1714	C	0	0	1714	35.7
A_PB1	67	1716	C	0	0	1716	35.4
A_PB1	68	1776	C	0	0	1776	36.1
A_PB1	69	1724	G	0	0	1724	35.6
A_PB1	70	1821	T	0	0	1821	37.1
A_PB1	71	2076	A	0	0	2076	34.6
A_PB1	72	1856	T	0	0	1856	36.0
A_PB1	73	1947	A	0	0	1947	37.3
A_PB1	74	2021	C	0	0	2021	34.9
A_PB1	75	1801	T	0	0	1801	34.5
A_PB1	76	2036	G	0	0	2036	37.4
A_PB1	77	1961	G	0	0	1961	37.2
A_PB1	78	1860	A	0	0	1860	35.7
A_PB1	79	2095	G	0	0	2095	36.8
A_PB1	80	2213	A	0	0	2213	36.6
A_PB1	81	2220	T	0	0	2220	36.9
A_PB1	82	2091	C	0	0	2091	34.9
A_PB1	83	2036	C	0	0	2036	37.3
A_PB1	84	2266	T	0	0	2266	35.3
A_PB1	85	2106	C	0	0	2106	37.9
A_PB1	86	2346	C	0	0	2346	35.8
A_PB1	87	2427	A	0	0	2427	37.5
A_PB1	88	2159	T	0	0	2159	35.4
A_PB1	89	2220	A	0	0	2220	37.3
A_PB1	90	2838	C	0	0	2838	37.5
A_PB1	91	2305	A	0	0	2305	36.0
A_PB1	92	2294	G	0	0	2294	37.7
A_PB1	93	2564	C	0	0	2564	37.6
A_PB1	94	2302	C	0	0	2302	35.3
A_PB1	95	2689	A	0	0	2689	34.2
A_PB1	96	2859	T	0	0	2859	34.3
A_PB1	97	2454	G	0	0	2454	35.9
A_PB1	98	2626	G	0	0	2626	37.8
A_PB1	99	2754	A	0	0	2754	37.1
A_PB1	100	2495	A	0	0	2495	36.5
A_PB1	101	2832	C	0	0	2832	34.8
A_PB1	102	2795	A	0	0	2795	35.2
A_PB1	103	2483	G	0	0	2483	37.9
A_PB1	104	2629	G	0	0	2629	37.1
A_PB1	105	2757	A	0	0	2757	34.4
A_PB1	106	2814	A	0	0	2814	37.8
A_PB1	107	2718	C	0	0	2718	34.9
A_PB1	108	2915	A	0	0	2915	36.9
A_PB1	109	2842	G	0	0	2842	37.8
A_PB1	110	3107	G	0	0	3107	37.1
A_PB1	111	3038	A	0	0	3038	37.4
A_PB1	112	3055	T	0	0	3055	36.9
A_PB1	113	2979	A	0	0	2979	35.2
A_PB1	114	2963	T	0	0	2963	36.5
A_PB1	115	2885	A	0	0	2885	34.2
A_PB1	116	2866	C	0	0	2866	35.2
A_PB1	117	3298	C	0	0	3298	35.5
A_PB1	118	3070	A	0	0	3070	37.1
A_PB1	119	3111	T	0	0	3111	36.4
A_PB1	120	3343	G	0	0	3343	36.9
A_PB1	121	3071	G	0	0	3071	36.6
A_PB1	122	3083	A	0	0	3083	36.1
A_PB1	123	3352	C	0	0	3352	37.3
A_PB1	124	3462	A	0	0	3462	35.5
A_PB1	125	3465	C	0	0	3465	34.1
A_PB1	126	3133	A	0	0	3133	36.2
A_PB1	127	3448	G	0	0	3448	37.1
A_PB1	128	3216	T	0	0	3216	34.2
A_PB1	129	3424	T	0	0	3424	34.7
A_PB1	130	3022	A	0	0	3022	34.7
A_PB1	131	3147	A	0	0	3147	34.5
A_PB1	132	3595	C	0	0	3595	37.9
A_PB1	133	3409	A	0	0	3409	37.9
A_PB1	134	3516	G	0	0	3516	35.8
A_PB1	135	3784	A	0	0	3784	37.4
A_PB1	136	3635	A	0	0	3635	36.4
A_PB1	137	3297	C	0	0	3297	35.5
A_PB1	138	3389	A	0	0	3389	36.9
A_PB1	139	3556	C	0	0	3556	34.1
A_PB1	140	3165	A	0	0	3165	37.9
A_PB1	141	3594	T	0	0	3594	36.2
A_PB1	142	3124	C	0	0	3124	36.9
A_PB1	143	3330	A	0	0	3330	35.9
A_PB1	144	3393	G	0	0	3393	34.8
A_PB1	145	3269	T	0	0	3269	34.2
A_PB1	146	3494	A	0	0	3494	34.7
A_PB1	147	3314	T	0	0	3314	35.2
A_PB1	148	3394	T	0	0	3394	35.0
A_PB1	149	3558	C	0	0	3558	34.8
A_PB1	150	3615	A	0	0	3615	34.5
A_PB1	151	3331	G	0	0	3331	36.3
A_PB1	152	3625	A	0	0	3625	34.6
A_PB1	153	2980	A	0	0	2980	36.5
A_PB1	154	3189	A	0	0	3189	37.7
A_PB1	155	3265	A	0	0	3265	37.8
A_PB1	156	3277	A	0	0	3277	37.8
A_PB1	157	3342	G	0	0	3342	34.4
A_PB1	158	3299	G	0	0	3299	35.2
A_PB1	159	3414	G	0	0	3414	35.8
A_PB1	160	3261	A	0	0	3261	37.0
A_PB1	161	3673	A	0	0	3673	36.0
A_PB1	162	3813	A	0	0	3813	35.8
A_PB1	163	3071	T	0	0	3071	35.1
A_PB1	164	3264	G	0	0	3264	34.5
A_PB1	165	3169	G	0	0	3169	35.0
A_PB1	166	3030	A	0	0	3030	37.7
A_PB1	167	3011	C	0	0	3011	35.3
A_PB1	168	3237	A	0	0	3237	34.2
A_PB1	169	3074	A	0	0	3074	36.4
A_PB1	170	3786	C	0	0	3786	36.1
A_PB1	171	3169	A	0	0	3169	34.3
A_PB1	172	3510	A	0	0	3510	37.2
A_PB1	173	3274	A	0	0	3274	37.9
A_PB1	174	3193	C	0	0	3193	36.8
A_PB1	175	3373	T	0	0	3373	35.3
A_PB1	176	3505	C	0	0	3505	34.0
A_PB1	177	3224	A	0	0	3224	37.7
A_PB1	178	3879	G	0	0	3879	35.5
A_PB1	179	3139	A	0	0	3139	35.1
A_PB1	180	3129	A	0	0	3129	37.7
A_PB1	181	3195	A	0	0	3195	35.5
A_PB1	182	3104	C	0	0	3104	37.3
A_PB1	183	3570	T	0	0	3570	37.6
A_PB1	184	3381	G	0	0	3381	35.0
A_PB1	185	3299	G	0	0	3299	38.0
A_PB1	186	3285	A	0	0	3285	37.8
A_PB1	187	3268	G	0	0	3268	35.3
A_PB1	188	3352	C	0	0	3352	37.2
A_PB1	189	3235	A	0	0	3235	35.0
A_PB1	190	3378	C	0	0	3378	35.8
A_PB1	191	3391	C	0	0	3391	34.8
A_PB1	192	3483	T	0	0	3483	36.6
A_PB1	193	3488	C	0	0	3488	34.5
A_PB1	194	2959	A	0	0	2959	34.7
A_PB1	195	3513	A	0	0	3513	34.7
A_PB1	196	3347	C	0	0	3347	34.2
A_PB1	197	2972	T	0	0	2972	35.4
A_PB1	198	3189	C	0	0	3189	36.3
A_PB1	199	3078	A	0	0	3078	35.9
A_PB1	200	3348	A	0	0	3348	37.1
A_PB1	201	3256	T	0	0	3256	36.0
A_PB1	202	3665	C	0	0	3665	36.5
A_PB1	203	3238	C	0	0	3238	35.3
A_PB1	204	3675	A	0	0	3675	36.9
A_PB1	205	3301	A	0	0	3301	34.9
A_PB1	206	2985	T	0	0	2985	34.1
A_PB1	207	3475	T	0	0	3475	37.3
A_PB1	208	3269	G	0	0	3269	36.4
A_PB1	209	3073	A	0	0	3073	35.9
A_PB1	210	3384	T	0	0	3384	35.0
A_PB1	211	3384	G	0	0	3384	34.0
A_PB1	212	3203	G	0	0	3203	34.8
A_PB1	213	3471	A	0	0	3471	34.2
A_PB1	214	3134	C	0	0	3134	37.8
A_PB1	215	3066	C	0	0	3066	36.3
A_PB1	216	3782	A	0	0	3782	35.4
A_PB1	217	3627	T	0	0	3627	36.1
A_PB1	218	3343	T	0	0	3343	34.7
A_PB1	219	3648	G	0	0	3648	35.1
A_PB1	220	3068	C	0	0	3068	37.7
A_PB1	221	3343	C	0	0	3343	35.1
A_PB1	222	3432	T	0	0	3432	35.7
A_PB1	223	3210	G	0	0	3210	36.6
A_PB1	224	3363	A	0	0	3363	37.9
A_PB1	225	3228	G	0	0	3228	34.2
A_PB1	226	3573	G	0	0	3573	37.8
A_PB1	227	3402	A	0	0	3402	35.8
A_PB1	228	3304	C	0	0	3304	35.2
A_PB1	229	3472	A	0	0	3472	35.5
A_PB1	230	3744	A	0	0	3744	35.1
A_PB1	231	3673	T	0	0	3673	37.0
A_PB1	232	3484	G	0	0	3484	35.3
A_PB1	233	3200	A	0	0	3200	37.6
A_PB1	234	3853	A	0	0	3853	34.4
A_PB1	235	3048	C	0	0	3048	37.3
A_PB1	236	3157	C	0	0	3157	35.2
A_PB1	237	3457	A	0	0	3457	36.9
A_PB1	238	3695	A	0	0	3695	34.5
A_PB1	239	3429	G	0	0	3429	34.6
A_PB1	240	3495	T	0	0	3495	35.1
A_PB1	241	3363	G	0	0	3363	38.0
A_PB1	242	3476	G	0	0	3476	34.8
A_PB1	243	3654	G	0	0	3654	37.0
A_PB1	244	3441	T	0	0	3441	35.7
A_PB1	245	3477	A	0	0	3477	35.6
A_PB1	246	3080	T	0	0	3080	36.6
A_PB1	247	3612	G	0	0	3612	35.7
A_PB1	248	3346	C	0	0	3346	35.1
A_PB1	249	4256	A	0	0	4256	34.0
A_PB1	250	3576	C	0	0	3576	35.7
A_PB1	251	3641	A	0	0	3641	35.6
A_PB1	252	3338	A	0	0	3338	36.1
A_PB1	253	3565	A	0	0	3565	35.1
A_PB1	254	3278	C	0	0	3278	37.9
A_PB1	255	3305	G	0	0	3305	34.6
A_PB1	256	3382	G	0	0	3382	37.8
A_PB1	257	3326	A	0	0	3326	37.0
A_PB1	258	3638	C	0	0	3638	34.1
A_PB1	259	2973	T	0	0	2973	35.8
A_PB1	260	3553	G	0	0	3553	35.1
A_PB1	261	3435	T	0	0	3435	36.3
A_PB1	262	3525	G	0	0	3525	37.3
A_PB1	263	3495	T	0	0	3495	34.5
A_PB1	264	3493	C	0	0	3493	35.8
A_PB1	265	3512	C	0	0	3512	37.6
A_PB1	266	3546	T	0	0	3546	35.2
A_PB1	267	3202	T	0	0	3202	34.8
A_PB1	268	3326	G	0	0	3326	34.5
A_PB1	269	3849	A	0	0	3849	36.2
A_PB1	270	3360	A	0	0	3360	35.1
A_PB1	271	3445	G	0	0	3445	35.8
A_PB1	272	4043	C	0	0	4043	35.6
A_PB1	273	3445	A	0	0	3445	37.4
A_PB1	274	3477	A	0	0	3477	35.7
A_PB1	275	3389	T	0	0	3389	36.7
A_PB1	276	3978	G	0	0	3978	34.2
A_PB1	277	3764	G	0	0	3764	35.7
A_PB1	278	3708	C	0	0	3708	34.1
A_PB1	279	3776	T	0	0	3776	36.6
A_PB1	280	3829	T	0	0	3829	35.0
A_PB1	281	3369	T	0	0	3369	35.3
A_PB1	282	4097	C	0	0	4097	36.8
A_PB1	283	3867	C	0	0	3867	34.2
A_PB1	284	3459	T	0	0	3459	35.3
A_PB1	285	3938	T	0	0	3938	35.6
A_PB1	286	4021	G	0	0	4021	34.6
A_PB1	287	3754	A	0	0	3754	34.9
A_PB1	288	3413	A	0	0	3413	37.4
A_PB1	289	3819	G	0	0	3819	35.0
A_PB1	290	3399	A	0	0	3399	36.4
A_PB1	291	3637	G	0	0	3637	34.2
A_PB1	292	3643	T	0	0	3643	37.8
A_PB1	293	4007	C	0	0	4007	35.8
A_PB1	294	3887	C	0	0	3887	36.0
A_PB1	295	3034	C	0	0	3034	34.6
A_PB1	296	3635	A	0	0	3635	37.5
A_PB1	297	3540	C	0	0	3540	36.0
A_PB1	298	3916	C	0	0	3916	35.3
A_PB1	299	3997	C	0	0	3997	34.5
A_PB1	300	3677	A	0	0	3677	35.3
A_PB1	301	3655	G	0	0	3655	36.3
A_PB1	302	3898	G	0	0	3898	37.5
A_PB1	303	3718	A	0	0	3718	35.6
A_PB1	304	3494	A	0	0	3494	37.0
A_PB1	305	3722	T	0	0	3722	36.3
A_PB1	306	3882	C	0	0	3882	37.8
A_PB1	307	3700	T	0	0	3700	34.4
A_PB1	308	3818	T	0	0	3818	35.7
A_PB1	309	3748	T	0	0	3748	35.8
A_PB1	310	3690	G	0	0	3690	35.3
A_PB1	311	3696	A	0	0	3696	35.5
A_PB1	312	3647	A	0	0	3647	36.8
A_PB1	313	3799	A	0	0	3799	36.1
A_PB1	314	3981	A	0	0	3981	36.4
A_PB1	315	4216	C	0	0	4216	35.1
A_PB1	316	3894	T	0	0	3894	35.1
A_PB1	317	3624	C	0	0	3624	36.5
A_PB1	318	3711	G	0	0	3711	34.2
A_PB1	319	3769	T	0	0	3769	37.9
A_PB1	320	3671	G	0	0	3671	37.2
A_PB1	321	4023	T	0	0	4023	37.4
A_PB1	322	4023	C	0	0	4023	34.1
A_PB1	323	3624	T	0	0	3624	36.3
A_PB1	324	3856	T	0	0	3856	34.5
A_PB1	325	3435	G	0	0	3435	35.4
A_PB1	326	3671	A	0	0	3671	36.0
A_PB1	327	4012	A	0	0	4012	36.6
A_PB1	328	4274	A	0	0	4274	38.0
A_PB1	329	3684	C	0	0	3684	35.8
A_PB1	330	4010	G	0	0	4010	37.3
A_PB1	331	3795	A	0	0	3795	34.6
A_PB1	332	3858	T	0	0	3858	36.9
A_PB1	333	3264	G	0	0	3264	37.3
A_PB1	334	3976	G	0	0	3976	37.0
A_PB1	335	3692	A	0	0	3692	35.8
A_PB1	336	3746	A	0	0	3746	35.9
A_PB1	337	3608	G	0	0	3608	37.5
A_PB1	338	3926	T	0	0	3926	34.8
A_PB1	339	3840	T	0	0	3840	36.6
A_PB1	340	3631	G	0	0	3631	35.6
A_PB1	341	4128	T	0	0	4128	37.1
A_PB1	342	3694	T	0	0	3694	35.3
A_PB1	343	3701	C	0	0	3701	36.0
A_PB1	344	3782	A	0	0	3782	36.9
A_PB1	345	3934	A	0	0	3934	36.3
A_PB1	346	3809	C	0	0	3809	34.6
A_PB1	347	3692	A	0	0	3692	37.1
A_PB1	348	3717	A	0	0	3717	35.8
A_PB1	349	3772	A	0	0	3772	35.2
A_PB1	350	4003	C	0	0	4003	34.0
A_PB1	351	4036	A	0	0	4036	37.4
A_PB1	352	3953	A	0	0	3953	37.9
A_PB1	353	3918	G	0	0	3918	36.5
A_PB1	354	3955	A	0	0	3955	36.2
A_PB1	355	3796	G	0	0	3796	37.1
A_PB1	356	3825	T	0	0	3825	34.1
A_PB1	357	3634	G	0	0	3634	37.5
A_PB1	358	3350	G	0	0	3350	34.4
A_PB1	359	3755	A	0	0	3755	37.2
A_PB1	360	3787	C	0	0	3787	36.9
A_PB1	361	4179	A	0	0	4179	34.4
A_PB1	362	3742	A	0	0	3742	37.6
A_PB1	363	3887	G	0	0	3887	36.8
A_PB1	364	3358	T	0	0	3358	37.9
A_PB1	365	3504	T	0	0	3504	36.4
A_PB1	366	3839	G	0	0	3839	37.3
A_PB1	367	3462	A	0	0	3462	36.9
A_PB1	368	3938	C	0	0	3938	37.6
A_PB1	369	3972	C	0	0	3972	36.8
A_PB1	370	3553	C	0	0	3553	34.9
A_PB1	371	3840	A	0	0	3840	35.4
A_PB1	372	3654	A	0	0	3654	34.5
A_PB1	373	3751	G	0	0	3751	36.0
A_PB1	374	4088	G	0	0	4088	35.4
A_PB1	375	3476	C	0	0	3476	35.4
A_PB1	376	3584	C	0	0	3584	37.0
A_PB1	377	3784	G	0	0	3784	36.7
A_PB1	378	3773	T	0	0	3773	34.8
A_PB1	379	3862	C	0	0	3862	34.6
A_PB1	380	3746	A	0	0	3746	37.9
A_PB1	381	3884	G	0	0	3884	35.6
A_PB1	382	3777	A	0	0	3777	35.6
A_PB1	383	3581	C	0	0	3581	35.9
A_PB1	384	3551	C	0	0	3551	34.7
A_PB1	385	3788	T	0	0	3788	36.8
A_PB1	386	4048	A	0	0	4048	35.9
A_PB1	387	3727	T	0	0	3727	37.7
A_PB1	388	3785	G	0	0	3785	35.5
A_PB1	389	4113	A	0	0	4113	36.0
A_PB1	390	3870	T	0	0	3870	36.5
A_PB1	391	3645	T	0	0	3645	36.2
A_PB1	392	3743	G	0	0	3743	37.0
A_PB1	393	4032	G	0	0	4032	38.0
A_PB1	394	3397	A	0	0	3397	35.4
A_PB1	395	3363	C	0	0	3363	34.1
A_PB1	396	3725	G	0	0	3725	34.4
A_PB1	397	3895	T	0	0	3895	34.9
A_PB1	398	3388	T	0	0	3388	34.4
A_PB1	399	3629	A	0	0	3629	37.4
A_PB1	400	3140	A	0	0	3140	34.8
A_PB1	401	3318	A	0	0	3318	34.9
A_PB1	402	4079	C	0	0	4079	34.8
A_PB1	403	3740	A	0	0	3740	37.1
A_PB1	404	3557	G	0	0	3557	34.2
A_PB1	405	3320	G	0	0	3320	37.9
A_PB1	406	3781	A	0	0	3781	35.9
A_PB1	407	3718	A	0	0	3718	35.1
A_PB1	408	3688	T	0	0	3688	35.7
A_PB1	409	3720	C	0	0	3720	37.7
A_PB1	410	3810	A	0	0	3810	37.4
A_PB1	411	3765	G	0	0	3765	37.3
A_PB1	412	3156	C	0	0	3156	36.7
A_PB1	413	3532	C	0	0	3532	34.8
A_PB1	414	3627	G	0	0	3627	34.9
A_PB1	415	3415	G	0	0	3415	36.8
A_PB1	416	3116	C	0	0	3116	34.0
A_PB1	417	3090	T	0	0	3090	36.2
A_PB1	418	3284	G	0	0	3284	36.6
A_PB1	419	3151	C	0	0	3151	36.8
A_PB1	420	3971	A	0	0	3971	34.3
A_PB1	421	3411	A	0	0	3411	36.6
A_PB1	422	3314	C	0	0	3314	35.9
A_PB1	423	3954	T	0	0	3954	37.1
A_PB1	424	3277	G	0	0	3277	35.2
A_PB1	425	3420	C	0	0	3420	35.5
A_PB1	426	3025	A	0	0	3025	36.3
A_PB1	427	3176	T	0	0	3176	37.5
A_PB1	428	3166	T	0	0	3166	36.9
A_PB1	429	3197	A	0	0	3197	37.6
A_PB1	430	2956	G	0	0	2956	35.3
A_PB1	431	3117	C	0	0	3117	34.6
A_PB1	432	3064	T	0	0	3064	36.7
A_PB1	433	3086	A	0	0	3086	35.4
A_PB1	434	3167	A	0	0	3167	35.2
A_PB1	435	3150	T	0	0	3150	36.5
A_PB1	436	2906	A	0	0	2906	37.5
A_PB1	437	2985	C	0	0	2985	37.8
A_PB1	438	3030	T	0	0	3030	34.9
A_PB1	439	3196	A	0	0	3196	37.5
A_PB1	440	3023	T	0	0	3023	34.1
A_PB1	441	3145	A	0	0	3145	35.1
A_PB1	442	3095	G	0	0	3095	37.9
A_PB1	443	3013	A	0	0	3013	34.4
A_PB1	444	2813	G	0	0	2813	35.0
A_PB1	445	3127	G	0	0	3127	37.6
A_PB1	446	3140	T	0	0	3140	35.2
A_PB1	447	2906	C	0	0	2906	36.0
A_PB1	448	2689	T	0	0	2689	35.3
A_PB1	449	3056	T	0	0	3056	34.5
A_PB1	450	3125	C	0	0	3125	34.6
A_PB1	451	3158	A	0	0	3158	36.5
A_PB1	452	2736	G	0	0	2736	35.7
A_PB1	453	2789	A	0	0	2789	36.3
A_PB1	454	3168	T	0	0	3168	37.8
A_PB1	455	2443	C	0	0	2443	34.4
A_PB1	456	3025	T	0	0	3025	36.0
A_PB1	457	3002	A	0	0	3002	35.2
A_PB1	458	2645	A	0	0	2645	34.4
A_PB1	459	2514	C	0	0	2514	37.1
A_PB1	460	3098	G	0	0	3098	35.9
A_PB1	461	2701	G	0	0	2701	36.0
A_PB1	462	3032	C	0	0	3032	36.7
A_PB1	463	2856	C	0	0	2856	36.4
A_PB1	464	2972	T	0	0	2972	38.0
A_PB1	465	2583	C	0	0	2583	36.4
A_PB1	466	2668	A	0	0	2668	34.8
A_PB1	467	2677	C	0	0	2677	36.7
A_PB1	468	2921	A	0	0	2921	34.6
A_PB1	469	2661	G	0	0	2661	35.6
A_PB1	470	2399	C	0	0	2399	35.3
A_PB1	471	2584	C	0	0	2584	37.1
A_PB1	472	2836	A	0	0	2836	37.4
A_PB1	473	2460	A	0	0	2460	36.1
A_PB1	474	2531	T	0	0	2531	37.8
A_PB1	475	2444	G	0	0	2444	34.5
A_PB1	476	2632	A	0	0	2632	36.1
A_PB1	477	2626	A	0	0	2626	35.8
A_PB1	478	2456	T	0	0	2456	36.4
A_PB1	479	2645	C	0	0	2645	34.9
A_PB1	480	2728	A	0	0	2728	35.6
A_PB1	481	2610	G	0	0	2610	36.9
A_PB1	482	2500	G	0	0	2500	37.7
A_PB1	483	2388	A	0	0	2388	35.1
A_PB1	484	2438	A	0	0	2438	35.4
A_PB1	485	2412	G	0	0	2412	36.4
A_PB1	486	2344	G	0	0	2344	37.2
A_PB1	487	2562	C	0	0	2562	34.9
A_PB1	488	2470	T	0	0	2470	35.4
A_PB1	489	2328	A	0	0	2328	35.8
A_PB1	490	2304	A	0	0	2304	36.7
A_PB1	491	2428	T	0	0	2428	34.8
A_PB1	492	2283	A	0	0	2283	36.2
A_PB1	493	2296	G	0	0	2296	36.0
A_PB1	494	2461	A	0	0	2461	35.2
A_PB1	495	2418	T	0	0	2418	37.6
A_PB1	496	2271	T	0	0	2271	36.6
A_PB1	497	2431	T	0	0	2431	36.7
A_PB1	498	2329	T	0	0	2329	34.5
A_PB1	499	2360	C	0	0	2360	38.0
A_PB1	500	2050	T	0	0	2050	37.7
A_PB1	501	2376	C	0	0	2376	34.6
A_PB1	502	2315	A	0	0	2315	36.9
A_PB1	503	2193	A	0	0	2193	36.6
A_PB1	504	2254	G	0	0	2254	36.2
A_PB1	505	1989	G	0	0	1989	36.9
A_PB1	506	2165	A	0	0	2165	36.8
A_PB1	507	2391	T	0	0	2391	36.3
A_PB1	508	2331	G	0	0	2331	37.5
A_PB1	509	2330	T	0	0	2330	37.1
A_PB1	510	2183	G	0	0	2183	36.5
A_PB1	511	2039	A	0	0	2039	36.2
A_PB1	512	2346	T	0	0	2346	34.9
A_PB1	513	2182	G	0	0	2182	35.4
A_PB1	514	2175	G	0	0	2175	37.6
A_PB1	515	2042	A	0	0	2042	34.3
A_PB1	516	2127	A	0	0	2127	37.0
A_PB1	517	2283	T	0	0	2283	37.8
A_PB1	518	2103	C	0	0	2103	35.2
A_PB1	519	2324	A	0	0	2324	37.7
A_PB1	520	2270	A	0	0	2270	35.7
A_PB1	521	2150	T	0	0	2150	34.8
A_PB1	522	2201	G	0	0	2201	34.9
A_PB1	523	2272	G	0	0	2272	36.6
A_PB1	524	2123	A	0	0	2123	36.8
A_PB1	525	2113	T	0	0	2113	37.1
A_PB1	526	2033	A	0	0	2033	37.0
A_PB1	527	2217	A	0	0	2217	34.7
A_PB1	528	2023	G	0	0	2023	36.8
A_PB1	529	2151	G	0	0	2151	34.1
A_PB1	530	2125	A	0	0	2125	34.2
A_PB1	531	2139	G	0	0	2139	34.6
A_PB1	532	2212	G	0	0	2212	37.1
A_PB1	533	2332	A	0	0	2332	35.5
A_PB1	534	1954	A	0	0	1954	34.2
A_PB1	535	2378	A	0	0	2378	37.9
A_PB1	536	2210	T	0	0	2210	37.4
A_PB1	537	2113	G	0	0	2113	36.3
A_PB1	538	2180	G	0	0	2180	34.2
A_PB1	539	2161	A	0	0	2161	35.2
A_PB1	540	2087	A	0	0	2087	34.8
A_PB1	541	2099	A	0	0	2099	36.9
A_PB1	542	2041	T	0	0	2041	34.2
A_PB1	543	2033	A	0	0	2033	35.7
A_PB1	544	2077	A	0	0	2077	35.9
A_PB1	545	2112	C	0	0	2112	34.5
A_PB1	546	2151	A	0	0	2151	35.1
A_PB1	547	1880	A	0	0	1880	37.4
A_PB1	548	2094	C	0	0	2094	36.2
A_PB1	549	2197	G	0	0	2197	34.5
A_PB1	550	2042	C	0	0	2042	37.1
A_PB1	551	2060	A	0	0	2060	35.4
A_PB1	552	2117	T	0	0	2117	37.6
A_PB1	553	2155	T	0	0	2155	37.3
A_PB1	554	2250	T	0	0	2250	35.2
A_PB1	555	2079	C	0	0	2079	37.3
A_PB1	556	2040	C	0	0	2040	34.9
A_PB1	557	1983	A	0	0	1983	34.6
A_PB1	558	2211	A	0	0	2211	36.4
A_PB1	559	2219	A	0	0	2219	36.9
A_PB1	560	1843	G	0	0	1843	34.4
A_PB1	561	2231	G	0	0	2231	37.0
A_PB1	562	2384	A	0	0	2384	35.9
A_PB1	563	2049	A	0	0	2049	36.9
A_PB1	564	2117	A	0	0	2117	37.6
A_PB1	565	2060	A	0	0	2060	37.5
A_PB1	566	2124	G	0	0	2124	35.6
A_PB1	567	2157	A	0	0	2157	37.2
A_PB1	568	2075	A	0	0	2075	34.2
A_PB1	569	2038	G	0	0	2038	34.7
A_PB1	570	1975	A	0	0	1975	35.9
A_PB1	571	2106	G	0	0	2106	35.4
A_PB1	572	2057	T	0	0	2057	37.9
A_PB1	573	2131	G	0	0	2131	34.8
A_PB1	574	2185	A	0	0	2185	34.8
A_PB1	575	2115	G	0	0	2115	36.8
A_PB1	576	1981	A	0	0	1981	36.8
A_PB1	577	2243	G	0	0	2243	37.4
A_PB1	578	2334	A	0	0	2334	37.4
A_PB1	579	2148	C	0	0	2148	37.6
A_PB1	580	2149	A	0	0	2149	36.2
A_PB1	581	2115	A	0	0	2115	37.7
A_PB1	582	2058	C	0	0	2058	34.1
A_PB1	583	2115	A	0	0	2115	37.9
A_PB1	584	2262	T	0	0	2262	35.2
A_PB1	585	2092	G	0	0	2092	34.1
A_PB1	586	2231	A	0	0	2231	35.2
A_PB1	587	2250	C	0	0	2250	36.0
A_PB1	588	2263	C	0	0	2263	37.3
A_PB1	589	2026	A	0	0	2026	35.9
A_PB1	590	2009	A	0	0	2009	35.8
A_PB1	591	2356	G	0	0	2356	34.8
A_PB1	592	2289	A	0	0	2289	37.3
A_PB1	593	2274	A	0	0	2274	34.6
A_PB1	594	2142	A	0	0	2142	35.1
A_PB1	595	2145	A	0	0	2145	36.7
A_PB1	596	2165	T	0	0	2165	36.9
A_PB1	597	1990	G	0	0	1990	36.9
A_PB1	598	2298	G	0	0	2298	34.4
A_PB1	599	2107	T	0	0	2107	35.0
A_PB1	600	2259	C	0	0	2259	36.5
A_PB1	601	2338	A	0	0	2338	35.6
A_PB1	602	2382	C	0	0	2382	35.4
A_PB1	603	2390	A	0	0	2390	34.4
A_PB1	604	2280	C	0	0	2280	37.9
A_PB1	605	2360	A	0	0	2360	35.2
A_PB1	606	2397	A	0	0	2397	35.2
A_PB1	607	2236	A	0	0	2236	35.6
A_PB1	608	2044	G	0	0	2044	35.9
A_PB1	609	2292	G	0	0	2292	37.9
A_PB1	610	2243	A	0	0	2243	37.7
A_PB1	611	2569	C	0	0	2569	36.4
A_PB1	612	2283	A	0	0	2283	36.0
A_PB1	613	2301	A	0	0	2301	36.8
A_PB1	614	2154	T	0	0	2154	35.4
A_PB1	615	2333	A	0	0	2333	35.9
A_PB1	616	2418	G	0	0	2418	34.9
A_PB1	617	2285	G	0	0	2285	35.9
A_PB1	618	2573	A	0	0	2573	34.2
A_PB1	619	2262	A	0	0	2262	35.9
A_PB1	620	2524	A	0	0	2524	34.3
A_PB1	621	2123	G	0	0	2123	37.8
A_PB1	622	2446	A	0	0	2446	36.1
A_PB1	623	2449	A	0	0	2449	36.1
A_PB1	624	2465	G	0	0	2465	36.4
A_PB1	625	2384	A	0	0	2384	34.5
A_PB1	626	2454	A	0	0	2454	34.3
A_PB1	627	2268	A	0	0	2268	38.0
A_PB1	628	2566	C	0	0	2566	35.3
A_PB1	629	2287	A	0	0	2287	35.7
A_PB1	630	2458	G	0	0	2458	36.7
A_PB1	631	2532	A	0	0	2532	35.9
A_PB1	632	2642	G	0	0	2642	37.1
A_PB1	633	2580	G	0	0	2580	35.9
A_PB1	634	2379	C	0	0	2379	37.7
A_PB1	635	2628	T	0	0	2628	35.3
A_PB1	636	2266	A	0	0	2266	34.3
A_PB1	637	2359	A	0	0	2359	34.7
A_PB1	638	2681	A	0	0	2681	37.1
A_PB1	639	2565	T	0	0	2565	37.7
A_PB1	640	2524	A	0	0	2524	36.3
A_PB1	641	2586	A	0	0	2586	35.9
A_PB1	642	2663	A	0	0	2663	37.9
A_PB1	643	2511	A	0	0	2511	34.7
A_PB1	644	2821	A	0	0	2821	37.9
A_PB1	645	2798	G	0	0	2798	36.0
A_PB1	646	2886	A	0	0	2886	35.9
A_PB1	647	2611	G	0	0	2611	36.0
A_PB1	648	2694	C	0	0	2694	37.1
A_PB1	649	2542	T	0	0	2542	36.0
A_PB1	650	2601	A	0	0	2601	37.5
A_PB1	651	2425	T	0	0	2425	37.3
A_PB1	652	2883	C	0	0	2883	35.9
A_PB1	653	2428	T	0	0	2428	37.5
A_PB1	654	2663	A	0	0	2663	37.9
A_PB1	655	2734	A	0	0	2734	34.9
A_PB1	656	2448	T	0	0	2448	35.1
A_PB1	657	2978	A	0	0	2978	34.3
A_PB1	658	2340	A	0	0	2340	37.3
A_PB1	659	3104	G	0	0	3104	35.0
A_PB1	660	2736	A	0	0	2736	35.9
A_PB1	661	2693	G	0	0	2693	36.9
A_PB1	662	2834	C	0	0	2834	34.3
A_PB1	663	2934	A	0	0	2934	37.8
A_PB1	664	2839	T	0	0	2839	35.4
A_PB1	665	2633	T	0	0	2633	36.6
A_PB1	666	3039	G	0	0	3039	34.2
A_PB1	667	2741	A	0	0	2741	35.0
A_PB1	668	2801	C	0	0	2801	35.6
A_PB1	669	2796	A	0	0	2796	34.9
A_PB1	670	2959	C	0	0	2959	36.7
A_PB1	671	2769	T	0	0	2769	36.3
A_PB1	672	2801	G	0	0	2801	36.1
A_PB1	673	2857	A	0	0	2857	37.3
A_PB1	674	2768	A	0	0	2768	36.6
A_PB1	675	2868	C	0	0	2868	36.5
A_PB1	676	2629	A	0	0	2629	34.5
A_PB1	677	2968	C	0	0	2968	36.6
A_PB1	678	2802	G	0	0	2802	36.1
A_PB1	679	2887	A	0	0	2887	37.7
A_PB1	680	2954	T	0	0	2954	35.5
A_PB1	681	2774	G	0	0	2774	35.5
A_PB1	682	2968	A	0	0	2968	37.5
A_PB1	683	2876	C	0	0	2876	34.1
A_PB1	684	2668	A	0	0	2668	36.4
A_PB1	685	2904	A	0	0	2904	37.5
A_PB1	686	2815	A	0	0	2815	37.4
A_PB1	687	3128	A	0	0	3128	35.5
A_PB1	688	2973	G	0	0	2973	34.6
A_PB1	689	2611	A	0	0	2611	36.7
A_PB1	690	3205	C	0	0	3205	37.9
A_PB1	691	3089	G	0	0	3089	34.7
A_PB1	692	3098	C	0	0	3098	34.9
A_PB1	693	2915	C	0	0	2915	36.5
A_PB1	694	3076	G	0	0	3076	37.1
A_PB1	695	2864	A	0	0	2864	35.6
A_PB1	696	3115	A	0	0	3115	36.0
A_PB1	697	2951	A	0	0	2951	35.1
A_PB1	698	2980	G	0	0	2980	36.7
A_PB1	699	2975	A	0	0	2975	37.6
A_PB1	700	3135	G	0	0	3135	38.0
A_PB1	701	3016	G	0	0	3016	35.6
A_PB1	702	3159	C	0	0	3159	37.6
A_PB1	703	3008	A	0	0	3008	37.0
A_PB1	704	2950	A	0	0	2950	34.2
A_PB1	705	3059	A	0	0	3059	37.9
A_PB1	706	2879	T	0	0	2879	36.7
A_PB1	707	2919	T	0	0	2919	34.3
A_PB1	708	3080	A	0	0	3080	35.4
A_PB1	709	3145	A	0	0	3145	34.1
A_PB1	710	2766	A	0	0	2766	34.4
A_PB1	711	3016	A	0	0	3016	36.5
A_PB1	712	3172	A	0	0	3172	37.7
A_PB1	713	3232	G	0	0	3232	36.6
A_PB1	714	3173	A	0	0	3173	34.4
A_PB1	715	3185	A	0	0	3185	34.3
A_PB1	716	3000	G	0	0	3000	37.8
A_PB1	717	3221	G	0	0	3221	37.8
A_PB1	718	2841	G	0	0	2841	36.1
A_PB1	719	3221	C	0	0	3221	34.2
A_PB1	720	3081	A	0	0	3081	37.0
A_PB1	721	3141	A	0	0	3141	34.1
A_PB1	722	3026	T	0	0	3026	35.6
A_PB1	723	3174	T	0	0	3174	35.1
A_PB1	724	2845	G	0	0	2845	36.5
A_PB1	725	3091	C	0	0	3091	36.7
A_PB1	726	3214	G	0	0	3214	35.9
A_PB1	727	3006	A	0	0	3006	35.7
A_PB1	728	2990	C	0	0	2990	37.0
A_PB1	729	3508	A	0	0	3508	37.7
A_PB1	730	2941	C	0	0	2941	34.1
A_PB1	731	2986	C	0	0	2986	35.5
A_PB1	732	3061	T	0	0	3061	34.8
A_PB1	733	2946	G	0	0	2946	34.8
A_PB1	734	3127	G	0	0	3127	34.1
A_PB1	735	3058	A	0	0	3058	37.2
A_PB1	736	3240	A	0	0	3240	35.8
A_PB1	737	2907	T	0	0	2907	35.1
A_PB1	738	3139	G	0	0	3139	35.4
A_PB1	739	2931	C	0	0	2931	34.9
A_PB1	740	3007	A	0	0	3007	37.4
A_PB1	741	2963	A	0	0	2963	35.8
A_PB1	742	2889	A	0	0	2889	35.4
A_PB1	743	2953	T	0	0	2953	36.9
A_PB1	744	2798	C	0	0	2798	34.7
A_PB1	745	2797	A	0	0	2797	35.2
A_PB1	746	3119	G	0	0	3119	37.7
A_PB1	747	2917	A	0	0	2917	35.7
A_PB1	748	2943	G	0	0	2943	36.0
A_PB1	749	3130	G	0	0	3130	36.3
A_PB1	750	2773	G	0	0	2773	35.0
A_PB1	751	2999	T	0	0	2999	34.1
A_PB1	752	2777	T	0	0	2777	36.7
A_PB1	753	3070	T	0	0	3070	37.4
A_PB1	754	2921	G	0	0	2921	36.3
A_PB1	755	3083	T	0	0	3083	37.1
A_PB1	756	3012	G	0	0	3012	34.5
A_PB1	757	3114	T	0	0	3114	37.9
A_PB1	758	2797	A	0	0	2797	36.2
A_PB1	759	3103	C	0	0	3103	34.6
A_PB1	760	2999	T	0	0	2999	36.5
A_PB1	761	2997	T	0	0	2997	36.0
A_PB1	762	3132	T	0	0	3132	35.6
A_PB1	763	3126	G	0	0	3126	36.8
A_PB1	764	3154	T	0	0	3154	36.5
A_PB1	765	2942	T	0	0	2942	37.4
A_PB1	766	3143	G	0	0	3143	35.0
A_PB1	767	2937	A	0	0	2937	37.8
A_PB1	768	3312	A	0	0	3312	36.5
A_PB1	769	3210	A	0	0	3210	35.7
A_PB1	770	2881	C	0	0	2881	34.1
A_PB1	771	3063	A	0	0	3063	37.1
A_PB1	772	3257	T	0	0	3257	37.2
A_PB1	773	2960	T	0	0	2960	37.0
A_PB1	774	2771	A	0	0	2771	34.2
A_PB1	775	3360	G	0	0	3360	35.2
A_PB1	776	2998	C	0	0	2998	36.4
A_PB1	777	2687	G	0	0	2687	37.3
A_PB1	778	2724	A	0	0	2724	34.1
A_PB1	779	2703	G	0	0	2703	36.2
A_PB1	780	3085	G	0	0	3085	34.8
A_PB1	781	2955	A	0	0	2955	38.0
A_PB1	782	3179	G	0	0	3179	36.3
A_PB1	783	3254	C	0	0	3254	34.6
A_PB1	784	2676	A	0	0	2676	34.0
A_PB1	785	2691	T	0	0	2691	37.8
A_PB1	786	2734	T	0	0	2734	36.1
A_PB1	787	2968	T	0	0	2968	36.4
A_PB1	788	3031	G	0	0	3031	35.9
A_PB1	789	2621	T	0	0	2621	34.2
A_PB1	790	3024	G	0	0	3024	36.0
A_PB1	791	2894	A	0	0	2894	35.3
A_PB1	792	3009	T	0	0	3009	34.9
A_PB1	793	2632	A	0	0	2632	36.1
A_PB1	794	2879	A	0	0	2879	34.4
A_PB1	795	3077	G	0	0	3077	37.0
A_PB1	796	2854	C	0	0	2854	36.1
A_PB1	797	3093	T	0	0	3093	35.1
A_PB1	798	2728	T	0	0	2728	35.5
A_PB1	799	2969	G	0	0	2969	34.2
A_PB1	800	2842	A	0	0	2842	36.1
A_PB1	801	3124	A	0	0	3124	36.5
A_PB1	802	2800	C	0	0	2800	34.6
A_PB1	803	2810	A	0	0	2810	36.6
A_PB1	804	3092	A	0	0	3092	37.9
A_PB1	805	2912	T	0	0	2912	36.6
A_PB1	806	3120	C	0	0	3120	35.2
A_PB1	807	2801	T	0	0	2801	35.0
A_PB1	808	3153	G	0	0	3153	34.2
A_PB1	809	2920	G	0	0	2920	35.1
A_PB1	810	2843	A	0	0	2843	37.8
A_PB1	811	2961	C	0	0	2961	34.8
A_PB1	812	2868	T	0	0	2868	37.9
A_PB1	813	2854	C	0	0	2854	37.8
A_PB1	814	3005	C	0	0	3005	35.9
A_PB1	815	3006	C	0	0	3006	37.1
A_PB1	816	2994	A	0	0	2994	37.8
A_PB1	817	2764	G	0	0	2764	34.9
A_PB1	818	2804	T	0	0	2804	37.2
A_PB1	819	2794	T	0	0	2794	36.4
A_PB1	820	2951	G	0	0	2951	36.6
A_PB1	821	2931	G	0	0	2931	37.5
A_PB1	822	2906	G	0	0	2906	34.5
A_PB1	823	3007	G	0	0	3007	36.5
A_PB1	824	2958	G	0	0	2958	34.4
A_PB1	825	3425	C	0	0	3425	34.4
A_PB1	826	2684	A	0	0	2684	37.4
A_PB1	827	3257	A	0	0	3257	36.4
A_PB1	828	2504	T	0	0	2504	36.1
A_PB1	829	3031	G	0	0	3031	37.6
A_PB1	830	2740	A	0	0	2740	37.4
A_PB1	831	2784	A	0	0	2784	37.4
A_PB1	832	2848	A	0	0	2848	34.7
A_PB1	833	2723	A	0	0	2723	34.1
A_PB1	834	3096	G	0	0	3096	36.9
A_PB1	835	2895	A	0	0	2895	37.1
A_PB1	836	2621	A	0	0	2621	35.9
A_PB1	837	2986	G	0	0	2986	37.8
A_PB1	838	2912	G	0	0	2912	36.6
A_PB1	839	2709	C	0	0	2709	35.4
A_PB1	840	2778	T	0	0	2778	34.7
A_PB1	841	2778	A	0	0	2778	37.4
A_PB1	842	3167	A	0	0	3167	37.5
A_PB1	843	3096	A	0	0	3096	36.8
A_PB1	844	3050	C	0	0	3050	34.2
A_PB1	845	2890	T	0	0	2890	37.4
A_PB1	846	2739	G	0	0	2739	36.7
A_PB1	847	2824	G	0	0	2824	36.1
A_PB1	848	2896	C	0	0	2896	37.1
A_PB1	849	2990	A	0	0	2990	36.8
A_PB1	850	2971	A	0	0	2971	37.1
A_PB1	851	2612	A	0	0	2612	35.4
A_PB1	852	2830	T	0	0	2830	36.1
A_PB1	853	3139	G	0	0	3139	36.2
A_PB1	854	3151	T	0	0	3151	36.4
A_PB1	855	2819	T	0	0	2819	36.1
A_PB1	856	2742	G	0	0	2742	34.2
A_PB1	857	2959	T	0	0	2959	36.8
A_PB1	858	2823	G	0	0	2823	37.2
A_PB1	859	2864	A	0	0	2864	36.8
A_PB1	860	3133	G	0	0	3133	35.1
A_PB1	861	2924	A	0	0	2924	35.1
A_PB1	862	2750	A	0	0	2750	35.5
A_PB1	863	2937	A	0	0	2937	37.7
A_PB1	864	3206	A	0	0	3206	35.5
A_PB1	865	2883	A	0	0	2883	34.0
A_PB1	866	3257	T	0	0	3257	35.4
A_PB1	867	3762	G	0	0	3762	35.5
A_PB1	868	3360	A	0	0	3360	35.1
A_PB1	869	3153	T	0	0	3153	35.2
A_PB1	870	2730	G	0	0	2730	36.3
A_PB1	871	3217	A	0	0	3217	34.0
A_PB1	872	3111	C	0	0	3111	36.3
A_PB1	873	2783	T	0	0	2783	34.9
A_PB1	874	3015	A	0	0	3015	36.6
A_PB1	875	3120	A	0	0	3120	34.7
A_PB1	876	2944	T	0	0	2944	35.1
A_PB1	877	3315	T	0	0	3315	37.3
A_PB1	878	3159	C	0	0	3159	35.4
A_PB1	879	2810	G	0	0	2810	37.3
A_PB1	880	3070	C	0	0	3070	37.5
A_PB1	881	3073	A	0	0	3073	36.9
A_PB1	882	3036	G	0	0	3036	37.9
A_PB1	883	3040	G	0	0	3040	37.7
A_PB1	884	2994	A	0	0	2994	36.1
A_PB1	885	3433	C	0	0	3433	36.7
A_PB1	886	2687	A	0	0	2687	36.0
A_PB1	887	3235	C	0	0	3235	34.4
A_PB1	888	3323	A	0	0	3323	37.1
A_PB1	889	3062	G	0	0	3062	34.2
A_PB1	890	3002	A	0	0	3002	35.9
A_PB1	891	3240	G	0	0	3240	36.2
A_PB1	892	2995	C	0	0	2995	36.8
A_PB1	893	3053	T	0	0	3053	35.6
A_PB1	894	3507	C	0	0	3507	36.8
A_PB1	895	3491	T	0	0	3491	35.4
A_PB1	896	3159	C	0	0	3159	35.3
A_PB1	897	3294	C	0	0	3294	35.8
A_PB1	898	3265	T	0	0	3265	36.3
A_PB1	899	3029	T	0	0	3029	36.4
A_PB1	900	3188	C	0	0	3188	35.3
A_PB1	901	3367	A	0	0	3367	35.4
A_PB1	902	3688	C	0	0	3688	35.0
A_PB1	903	2865	A	0	0	2865	34.6
A_PB1	904	3387	A	0	0	3387	34.5
A_PB1	905	3191	T	0	0	3191	35.9
A_PB1	906	3473	C	0	0	3473	36.5
A_PB1	907	3194	A	0	0	3194	34.7
A_PB1	908	3201	C	0	0	3201	35.7
A_PB1	909	3418	T	0	0	3418	36.8
A_PB1	910	3268	G	0	0	3268	37.3
A_PB1	911	3440	G	0	0	3440	36.0
A_PB1	912	2946	A	0	0	2946	35.6
A_PB1	913	3319	G	0	0	3319	37.1
A_PB1	914	3230	A	0	0	3230	35.7
A_PB1	915	3280	C	0	0	3280	37.0
A_PB1	916	3314	A	0	0	3314	36.7
A_PB1	917	3630	A	0	0	3630	36.0
A_PB1	918	3337	C	0	0	3337	37.3
A_PB1	919	3287	A	0	0	3287	37.6
A_PB1	920	3425	C	0	0	3425	34.1
A_PB1	921	3097	C	0	0	3097	36.3
A_PB1	922	3538	A	0	0	3538	34.8
A_PB1	923	3625	A	0	0	3625	34.1
A_PB1	924	3419	A	0	0	3419	37.7
A_PB1	925	3531	T	0	0	3531	36.9
A_PB1	926	3888	G	0	0	3888	34.6
A_PB1	927	3300	G	0	0	3300	34.7
A_PB1	928	3692	A	0	0	3692	35.4
A_PB1	929	4104	A	0	0	4104	34.3
A_PB1	930	3830	T	0	0	3830	36.2
A_PB1	931	3767	G	0	0	3767	37.8
A_PB1	932	3810	A	0	0	3810	35.9
A_PB1	933	3727	A	0	0	3727	37.5
A_PB1	934	3785	A	0	0	3785	37.9
A_PB1	935	3675	A	0	0	3675	34.4
A_PB1	936	3460	T	0	0	3460	36.9
A_PB1	937	3762	C	0	0	3762	34.1
A_PB1	938	3854	A	0	0	3854	34.8
A_PB1	939	3640	G	0	0	3640	34.8
A_PB1	940	3501	A	0	0	3501	37.2
A_PB1	941	3633	A	0	0	3633	34.2
A_PB1	942	3310	C	0	0	3310	34.9
A_PB1	943	3302	C	0	0	3302	34.8
A_PB1	944	3816	C	0	0	3816	36.4
A_PB1	945	3557	T	0	0	3557	34.7
A_PB1	946	3802	A	0	0	3802	36.1
A_PB1	947	3977	G	0	0	3977	36.3
A_PB1	948	3524	G	0	0	3524	35.3
A_PB1	949	3864	A	0	0	3864	35.7
A_PB1	950	3776	T	0	0	3776	36.8
A_PB1	951	3847	G	0	0	3847	36.5
A_PB1	952	3667	T	0	0	3667	37.8
A_PB1	953	3927	T	0	0	3927	35.0
A_PB1	954	4481	T	0	0	4481	37.5
A_PB1	955	3469	C	0	0	3469	37.3
A_PB1	956	3704	T	0	0	3704	35.3
A_PB1	957	3907	G	0	0	3907	34.8
A_PB1	958	3635	G	0	0	3635	34.9
A_PB1	959	4269	C	0	0	4269	35.7
A_PB1	960	3951	A	0	0	3951	36.1
A_PB1	961	3875	A	0	0	3875	38.0
A_PB1	962	3919	T	0	0	3919	36.1
A_PB1	963	4201	G	0	0	4201	34.1
A_PB1	964	4281	A	0	0	4281	37.5
A_PB1	965	3495	T	0	0	3495	35.8
A_PB1	966	4285	A	0	0	4285	34.3
A_PB1	967	4042	A	0	0	4042	36.8
A_PB1	968	4051	C	0	0	4051	34.5
A_PB1	969	4054	A	0	0	4054	34.9
A_PB1	970	4254	T	0	0	4254	34.7
A_PB1	971	4392	A	0	0	4392	36.6
A_PB1	972	3931	T	0	0	3931	35.2
A_PB1	973	4106	A	0	0	4106	34.3
A_PB1	974	3980	T	0	0	3980	34.4
A_PB1	975	4357	A	0	0	4357	37.3
A_PB1	976	3720	A	0	0	3720	37.3
A_PB1	977	3607	C	0	0	3607	37.9
A_PB1	978	3993	A	0	0	3993	34.2
A_PB1	979	4454	A	0	0	4454	37.2
A_PB1	980	3903	G	0	0	3903	36.9
A_PB1	981	4084	G	0	0	4084	35.4
A_PB1	982	4346	A	0	0	4346	36.5
A_PB1	983	4524	A	0	0	4524	34.7
A_PB1	984	4179	C	0	0	4179	36.7
A_PB1	985	4096	C	0	0	4096	34.8
A_PB1	986	3966	A	0	0	3966	37.3
A_PB1	987	4191	A	0	0	4191	34.1
A_PB1	988	4107	C	0	0	4107	34.1
A_PB1	989	4100	C	0	0	4100	36.8
A_PB1	990	4170	T	0	0	4170	34.9
A_PB1	991	4168	G	0	0	4168	36.6
A_PB1	992	4648	A	0	0	4648	37.7
A_PB1	993	3856	A	0	0	3856	34.2
A_PB1	994	4190	T	0	0	4190	37.1
A_PB1	995	3944	G	0	0	3944	36.9
A_PB1	996	3900	G	0	0	3900	35.3
A_PB1	997	3910	T	0	0	3910	36.6
A_PB1	998	4114	T	0	0	4114	37.1
A_PB1	999	4066	C	0	0	4066	35.4
A_PB1	1000	4088	A	0	0	4088	34.6
A_PB1	1001	4455	G	0	0	4455	35.7
A_PB1	1002	4003	G	0	0	4003	37.3
A_PB1	1003	4192	A	0	0	4192	35.7
A_PB1	1004	4055	A	0	0	4055	36.0
A_PB1	1005	3747	T	0	0	3747	37.7
A_PB1	1006	4206	G	0	0	4206	35.7
A_PB1	1007	4136	T	0	0	4136	37.9
A_PB1	1008	4173	C	0	0	4173	34.1
A_PB1	1009	4332	T	0	0	4332	37.4
A_PB1	1010	3958	T	0	0	3958	34.7
A_PB1	1011	4186	G	0	0	4186	34.1
A_PB1	1012	4242	A	0	0	4242	36.8
A_PB1	1013	4133	G	0	0	4133	35.3
A_PB1	1014	4693	C	0	0	4693	34.0
A_PB1	1015	4332	A	0	0	4332	35.6
A_PB1	1016	4604	T	0	0	4604	35.1
A_PB1	1017	4243	T	0	0	4243	36.7
A_PB1	1018	4039	G	0	0	4039	34.4
A_PB1	1019	4087	C	0	0	4087	34.4
A_PB1	1020	4559	A	0	0	4559	34.5
A_PB1	1021	3921	C	0	0	3921	36.3
A_PB1	1022	3873	C	0	0	3873	37.9
A_PB1	1023	4129	T	0	0	4129	35.3
A_PB1	1024	4263	A	0	0	4263	37.2
A_PB1	1025	4425	T	0	0	4425	35.0
A_PB1	1026	4417	A	0	0	4417	37.0
A_PB1	1027	4264	A	0	0	4264	37.5
A_PB1	1028	4222	T	0	0	4222	35.8
A_PB1	1029	3959	G	0	0	3959	34.5
A_PB1	1030	4162	T	0	0	4162	36.7
A_PB1	1031	4350	T	0	0	4350	36.1
A_PB1	1032	4056	C	0	0	4056	36.0
A_PB1	1033	4270	T	0	0	4270	35.4
A_PB1	1034	4078	C	0	0	4078	36.4
A_PB1	1035	3736	A	0	0	3736	37.9
A_PB1	1036	4247	A	0	0	4247	35.7
A_PB1	1037	3944	A	0	0	3944	36.1
A_PB1	1038	4051	T	0	0	4051	37.3
A_PB1	1039	4253	A	0	0	4253	35.5
A_PB1	1040	4159	A	0	0	4159	37.1
A_PB1	1041	4150	A	0	0	4150	36.2
A_PB1	1042	4077	A	0	0	4077	34.8
A_PB1	1043	4214	T	0	0	4214	37.7
A_PB1	1044	3912	G	0	0	3912	36.5
A_PB1	1045	4096	G	0	0	4096	35.7
A_PB1	1046	4238	C	0	0	4238	36.3
A_PB1	1047	4153	A	0	0	4153	36.0
A_PB1	1048	3960	A	0	0	3960	34.8
A_PB1	1049	3469	G	0	0	3469	34.8
A_PB1	1050	3662	A	0	0	3662	34.0
A_PB1	1051	3769	C	0	0	3769	37.3
A_PB1	1052	4110	T	0	0	4110	36.7
A_PB1	1053	3926	A	0	0	3926	35.7
A_PB1	1054	3692	G	0	0	3692	34.4
A_PB1	1055	4057	G	0	0	4057	35.2
A_PB1	1056	4176	G	0	0	4176	34.7
A_PB1	1057	3604	A	0	0	3604	34.3
A_PB1	1058	3825	A	0	0	3825	37.1
A_PB1	1059	3554	A	0	0	3554	35.6
A_PB1	1060	4308	G	0	0	4308	34.1
A_PB1	1061	3596	G	0	0	3596	35.3
A_PB1	1062	3726	G	0	0	3726	34.5
A_PB1	1063	3787	T	0	0	3787	36.5
A_PB1	1064	4351	A	0	0	4351	36.1
A_PB1	1065	3768	C	0	0	3768	37.6
A_PB1	1066	3890	A	0	0	3890	34.9
A_PB1	1067	3693	T	0	0	3693	36.5
A_PB1	1068	4029	G	0	0	4029	36.9
A_PB1	1069	4068	T	0	0	4068	36.7
A_PB1	1070	3956	T	0	0	3956	36.5
A_PB1	1071	3609	C	0	0	3609	35.6
A_PB1	1072	3858	G	0	0	3858	35.5
A_PB1	1073	3589	A	0	0	3589	36.7
A_PB1	1074	3786	A	0	0	3786	34.9
A_PB1	1075	4019	A	0	0	4019	37.2
A_PB1	1076	3638	G	0	0	3638	35.7
A_PB1	1077	3812	T	0	0	3812	35.0
A_PB1	1078	3971	A	0	0	3971	36.8
A_PB1	1079	3431	A	0	0	3431	35.1
A_PB1	1080	3625	G	0	0	3625	35.5
A_PB1	1081	4117	A	0	0	4117	35.7
A_PB1	1082	3931	G	0	0	3931	35.9
A_PB1	1083	3542	C	0	0	3542	34.8
A_PB1	1084	3796	A	0	0	3796	36.1
A_PB1	1085	3573	T	0	0	3573	37.2
A_PB1	1086	3937	G	0	0	3937	37.9
A_PB1	1087	3592	A	0	0	3592	35.1
A_PB1	1088	3568	A	0	0	3568	36.2
A_PB1	1089	3381	G	0	0	3381	37.7
A_PB1	1090	3669	C	0	0	3669	37.0
A_PB1	1091	3734	T	0	0	3734	35.4
A_PB1	1092	3440	C	0	0	3440	34.1
A_PB1	1093	3687	C	0	0	3687	36.5
A_PB1	1094	3624	G	0	0	3624	35.1
A_PB1	1095	3513	A	0	0	3513	37.2
A_PB1	1096	3563	A	0	0	3563	37.7
A_PB1	1097	3939	C	0	0	3939	36.0
A_PB1	1098	3534	A	0	0	3534	35.6
A_PB1	1099	3322	C	0	0	3322	37.2
A_PB1	1100	3369	A	0	0	3369	34.4
A_PB1	1101	3484	A	0	0	3484	36.0
A_PB1	1102	3218	A	0	0	3218	35.9
A_PB1	1103	3485	T	0	0	3485	34.8
A_PB1	1104	3588	A	0	0	3588	35.7
A_PB1	1105	3411	C	0	0	3411	35.5
A_PB1	1106	3324	C	0	0	3324	34.6
A_PB1	1107	3269	A	0	0	3269	38.0
A_PB1	1108	3583	G	0	0	3583	37.3
A_PB1	1109	3234	C	0	0	3234	35.6
A_PB1	1110	3321	A	0	0	3321	37.7
A_PB1	1111	3475	G	0	0	3475	34.2
A_PB1	1112	3236	A	0	0	3236	35.8
A_PB1	1113	3393	A	0	0	3393	35.9
A_PB1	1114	3251	A	0	0	3251	36.7
A_PB1	1115	2840	T	0	0	2840	35.6
A_PB1	1116	3293	G	0	0	3293	36.1
A_PB1	1117	3132	C	0	0	3132	35.5
A_PB1	1118	3807	T	0	0	3807	35.9
A_PB1	1119	3014	A	0	0	3014	37.5
A_PB1	1120	3068	G	0	0	3068	35.1
A_PB1	1121	3259	C	0	0	3259	34.6
A_PB1	1122	3501	A	0	0	3501	35.6
A_PB1	1123	3290	A	0	0	3290	36.4
A_PB1	1124	2929	G	0	0	2929	37.9
A_PB1	1125	3153	C	0	0	3153	36.1
A_PB1	1126	2827	A	0	0	2827	36.7
A_PB1	1127	3089	T	0	0	3089	37.6
A_PB1	1128	3203	T	0	0	3203	37.8
A_PB1	1129	3137	G	0	0	3137	37.4
A_PB1	1130	2971	A	0	0	2971	36.3
A_PB1	1131	3079	T	0	0	3079	35.6
A_PB1	1132	3070	C	0	0	3070	37.6
A_PB1	1133	3139	T	0	0	3139	36.8
A_PB1	1134	3013	G	0	0	3013	35.0
A_PB1	1135	2760	A	0	0	2760	37.3
A_PB1	1136	3264	A	0	0	3264	35.7
A_PB1	1137	2837	G	0	0	2837	37.3
A_PB1	1138	2803	T	0	0	2803	36.8
A_PB1	1139	2916	A	0	0	2916	34.0
A_PB1	1140	2813	T	0	0	2813	34.8
A_PB1	1141	2960	T	0	0	2960	37.1
A_PB1	1142	2704	T	0	0	2704	36.1
A_PB1	1143	2834	C	0	0	2834	34.2
A_PB1	1144	2620	A	0	0	2620	35.9
A_PB1	1145	2803	A	0	0	2803	36.6
A_PB1	1146	3063	T	0	0	3063	37.1
A_PB1	1147	2774	G	0	0	2774	34.9
A_PB1	1148	3200	A	0	0	3200	37.2
A_PB1	1149	2683	G	0	0	2683	36.9
A_PB1	1150	3043	T	0	0	3043	37.9
A_PB1	1151	3077	C	0	0	3077	36.9
A_PB1	1152	3016	A	0	0	3016	34.6
A_PB1	1153	2775	A	0	0	2775	35.7
A_PB1	1154	2849	C	0	0	2849	34.3
A_PB1	1155	2839	A	0	0	2839	37.0
A_PB1	1156	2933	A	0	0	2933	34.2
A_PB1	1157	2754	G	0	0	2754	37.5
A_PB1	1158	2905	A	0	0	2905	37.9
A_PB1	1159	2826	A	0	0	2826	37.3
A_PB1	1160	2757	A	0	0	2757	37.1
A_PB1	1161	2600	G	0	0	2600	34.3
A_PB1	1162	2755	A	0	0	2755	37.1
A_PB1	1163	2474	A	0	0	2474	36.2
A_PB1	1164	2853	A	0	0	2853	34.1
A_PB1	1165	2700	A	0	0	2700	34.8
A_PB1	1166	2660	T	0	0	2660	35.2
A_PB1	1167	2686	A	0	0	2686	34.6
A_PB1	1168	2530	G	0	0	2530	34.8
A_PB1	1169	2919	A	0	0	2919	34.7
A_PB1	1170	2360	G	0	0	2360	37.6
A_PB1	1171	2773	A	0	0	2773	35.0
A_PB1	1172	2548	A	0	0	2548	37.5
A_PB1	1173	2907	G	0	0	2907	34.9
A_PB1	1174	2751	A	0	0	2751	35.9
A_PB1	1175	2542	T	0	0	2542	36.8
A_PB1	1176	2737	A	0	0	2737	35.0
A_PB1	1177	2562	A	0	0	2562	34.4
A_PB1	1178	2829	G	0	0	2829	36.5
A_PB1	1179	2635	A	0	0	2635	37.2
A_PB1	1180	2537	C	0	0	2537	37.4
A_PB1	1181	2483	C	0	0	2483	35.6
A_PB1	1182	2689	T	0	0	2689	34.7
A_PB1	1183	2735	C	0	0	2735	34.5
A_PB1	1184	2328	T	0	0	2328	36.1
A_PB1	1185	2319	T	0	0	2319	34.6
A_PB1	1186	2684	C	0	0	2684	35.5
A_PB1	1187	2526	T	0	0	2526	34.5
A_PB1	1188	2355	A	0	0	2355	34.8
A_PB1	1189	2890	A	0	0	2890	37.0
A_PB1	1190	2434	T	0	0	2434	34.0
A_PB1	1191	2336	A	0	0	2336	36.3
A_PB1	1192	2441	G	0	0	2441	37.9
A_PB1	1193	2487	A	0	0	2487	36.8
A_PB1	1194	2371	T	0	0	2371	34.4
A_PB1	1195	2622	G	0	0	2622	36.3
A_PB1	1196	2266	G	0	0	2266	34.8
A_PB1	1197	2751	T	0	0	2751	35.7
A_PB1	1198	2694	A	0	0	2694	34.4
A_PB1	1199	2323	C	0	0	2323	37.3
A_PB1	1200	2424	A	0	0	2424	37.1
A_PB1	1201	2433	G	0	0	2433	37.6
A_PB1	1202	2810	C	0	0	2810	38.0
A_PB1	1203	2324	C	0	0	2324	36.5
A_PB1	1204	2497	T	0	0	2497	36.1
A_PB1	1205	2430	C	0	0	2430	37.5
A_PB1	1206	2367	A	0	0	2367	35.5
A_PB1	1207	2527	T	0	0	2527	36.5
A_PB1	1208	2424	T	0	0	2424	36.4
A_PB1	1209	2545	A	0	0	2545	37.1
A_PB1	1210	2565	A	0	0	2565	34.9
A_PB1	1211	2619	G	0	0	2619	36.9
A_PB1	1212	2399	C	0	0	2399	37.4
A_PB1	1213	2657	C	0	0	2657	36.9
A_PB1	1214	2475	C	0	0	2475	34.3
A_PB1	1215	2685	A	0	0	2685	37.7
A_PB1	1216	2618	G	0	0	2618	37.3
A_PB1	1217	2341	G	0	0	2341	36.9
A_PB1	1218	2424	A	0	0	2424	38.0
A_PB1	1219	2378	A	0	0	2378	34.3
A_PB1	1220	2430	T	0	0	2430	36.0
A_PB1	1221	2457	G	0	0	2457	36.0
A_PB1	1222	2476	A	0	0	2476	37.6
A_PB1	1223	2527	T	0	0	2527	37.8
A_PB1	1224	2729	G	0	0	2729	37.0
A_PB1	1225	2241	A	0	0	2241	35.2
A_PB1	1226	2593	T	0	0	2593	36.4
A_PB1	1227	2501	G	0	0	2501	34.9
A_PB1	1228	2550	G	0	0	2550	35.1
A_PB1	1229	2705	G	0	0	2705	36.8
A_PB1	1230	2590	C	0	0	2590	34.6
A_PB1	1231	2612	A	0	0	2612	34.2
A_PB1	1232	2477	T	0	0	2477	36.4
A_PB1	1233	2413	G	0	0	2413	37.4
A_PB1	1234	2562	T	0	0	2562	35.9
A_PB1	1235	2484	T	0	0	2484	35.8
A_PB1	1236	2377	C	0	0	2377	37.0
A_PB1	1237	2523	A	0	0	2523	36.0
A_PB1	1238	2539	A	0	0	2539	34.4
A_PB1	1239	2563	T	0	0	2563	34.6
A_PB1	1240	2728	A	0	0	2728	35.1
A_PB1	1241	2516	T	0	0	2516	36.3
A_PB1	1242	2930	G	0	0	2930	34.9
A_PB1	1243	2527	C	0	0	2527	34.3
A_PB1	1244	2863	T	0	0	2863	37.5
A_PB1	1245	2508	G	0	0	2508	34.9
A_PB1	1246	2763	A	0	0	2763	36.4
A_PB1	1247	2606	G	0	0	2606	34.9
A_PB1	1248	2461	T	0	0	2461	37.6
A_PB1	1249	2707	A	0	0	2707	34.3
A_PB1	1250	2529	C	0	0	2529	35.0
A_PB1	1251	2348	A	0	0	2348	36.7
A_PB1	1252	2526	G	0	0	2526	34.5
A_PB1	1253	2540	T	0	0	2540	36.3
A_PB1	1254	2355	T	0	0	2355	37.2
A_PB1	1255	2398	T	0	0	2398	37.9
A_PB1	1256	2758	T	0	0	2758	35.2
A_PB1	1257	2441	G	0	0	2441	35.9
A_PB1	1258	2637	G	0	0	2637	35.4
A_PB1	1259	2543	G	0	0	2543	36.0
A_PB1	1260	2563	A	0	0	2563	37.1
A_PB1	1261	2742	G	0	0	2742	36.0
A_PB1	1262	2502	T	0	0	2502	36.5
A_PB1	1263	2983	T	0	0	2983	34.9
A_PB1	1264	2745	T	0	0	2745	36.8
A_PB1	1265	2427	C	0	0	2427	35.3
A_PB1	1266	2507	G	0	0	2507	35.6
A_PB1	1267	2366	A	0	0	2366	35.4
A_PB1	1268	2720	T	0	0	2720	34.0
A_PB1	1269	2827	T	0	0	2827	37.3
A_PB1	1270	2590	C	0	0	2590	35.8
A_PB1	1271	2915	T	0	0	2915	34.9
A_PB1	1272	2748	A	0	0	2748	37.1
A_PB1	1273	2519	A	0	0	2519	37.9
A_PB1	1274	2556	A	0	0	2556	35.9
A_PB1	1275	2760	T	0	0	2760	35.6
A_PB1	1276	2852	C	0	0	2852	35.9
A_PB1	1277	2684	T	0	0	2684	36.3
A_PB1	1278	2627	A	0	0	2627	35.6
A_PB1	1279	2811	G	0	0	2811	36.9
A_PB1	1280	2792	G	0	0	2792	36.9
A_PB1	1281	2625	A	0	0	2625	37.0
A_PB1	1282	2878	C	0	0	2878	36.7
A_PB1	1283	2605	A	0	0	2605	37.5
A_PB1	1284	2597	A	0	0	2597	37.7
A_PB1	1285	2654	A	0	0	2654	34.6
A_PB1	1286	2877	G	0	0	2877	36.9
A_PB1	1287	2863	G	0	0	2863	35.0
A_PB1	1288	2560	A	0	0	2560	35.4
A_PB1	1289	2600	G	0	0	2600	34.5
A_PB1	1290	2570	G	0	0	2570	37.0
A_PB1	1291	2698	T	0	0	2698	34.4
A_PB1	1292	3108	A	0	0	3108	37.0
A_PB1	1293	2914	C	0	0	2914	36.7
A_PB1	1294	2760	A	0	0	2760	36.5
A_PB1	1295	2570	C	0	0	2570	37.7
A_PB1	1296	3002	C	0	0	3002	36.6
A_PB1	1297	2766	A	0	0	2766	34.3
A_PB1	1298	2768	A	0	0	2768	34.1
A_PB1	1299	2897	A	0	0	2897	34.7
A_PB1	1300	2996	A	0	0	2996	34.9
A_PB1	1301	2796	C	0	0	2796	36.0
A_PB1	1302	2286	A	0	0	2286	35.5
A_PB1	1303	2591	A	0	0	2591	35.0
A_PB1	1304	2875	C	0	0	2875	36.7
A_PB1	1305	2744	A	0	0	2744	35.3
A_PB1	1306	2717	T	0	0	2717	34.6
A_PB1	1307	3228	A	0	0	3228	37.0
A_PB1	1308	2927	C	0	0	2927	34.4
A_PB1	1309	2982	T	0	0	2982	36.1
A_PB1	1310	3188	G	0	0	3188	35.1
A_PB1	1311	2872	G	0	0	2872	37.1
A_PB1	1312	3008	T	0	0	3008	37.6
A_PB1	1313	2992	G	0	0	2992	37.9
A_PB1	1314	2763	G	0	0	2763	34.5
A_PB1	1315	2587	G	0	0	2587	38.0
A_PB1	1316	2873	A	0	0	2873	36.1
A_PB1	1317	2893	C	0	0	2893	34.8
A_PB1	1318	2920	G	0	0	2920	37.0
A_PB1	1319	2647	G	0	0	2647	35.0
A_PB1	1320	3111	A	0	0	3111	36.0
A_PB1	1321	2682	C	0	0	2682	36.9
A_PB1	1322	2589	T	0	0	2589	37.1
A_PB1	1323	2760	C	0	0	2760	36.8
A_PB1	1324	2580	C	0	0	2580	36.3
A_PB1	1325	2687	A	0	0	2687	34.8
A_PB1	1326	2729	A	0	0	2729	37.6
A_PB1	1327	3185	T	0	0	3185	37.3
A_PB1	1328	2898	C	0	0	2898	34.8
A_PB1	1329	2860	C	0	0	2860	34.3
A_PB1	1330	2653	T	0	0	2653	37.7
A_PB1	1331	2969	C	0	0	2969	34.7
A_PB1	1332	2807	T	0	0	2807	36.0
A_PB1	1333	2407	G	0	0	2407	34.9
A_PB1	1334	2878	A	0	0	2878	36.6
A_PB1	1335	2650	T	0	0	2650	37.9
A_PB1	1336	2776	G	0	0	2776	35.8
A_PB1	1337	2958	A	0	0	2958	34.2
A_PB1	1338	2758	C	0	0	2758	35.3
A_PB1	1339	2732	T	0	0	2732	36.6
A_PB1	1340	2853	T	0	0	2853	34.6
A_PB1	1341	2741	T	0	0	2741	36.1
A_PB1	1342	3036	G	0	0	3036	35.1
A_PB1	1343	3211	C	0	0	3211	35.1
A_PB1	1344	2951	T	0	0	2951	36.0
A_PB1	1345	2836	C	0	0	2836	37.5
A_PB1	1346	2594	T	0	0	2594	37.7
A_PB1	1347	3008	C	0	0	3008	34.6
A_PB1	1348	2810	A	0	0	2810	34.3
A_PB1	1349	2880	T	0	0	2880	37.8
A_PB1	1350	2892	A	0	0	2892	34.7
A_PB1	1351	2596	G	0	0	2596	35.1
A_PB1	1352	2795	T	0	0	2795	37.4
A_PB1	1353	2764	G	0	0	2764	35.2
A_PB1	1354	2940	A	0	0	2940	37.8
A_PB1	1355	2902	A	0	0	2902	34.6
A_PB1	1356	2772	T	0	0	2772	34.7
A_PB1	1357	2487	G	0	0	2487	36.7
A_PB1	1358	2785	C	0	0	2785	38.0
A_PB1	1359	2679	T	0	0	2679	37.8
A_PB1	1360	2990	C	0	0	2990	35.4
A_PB1	1361	3232	C	0	0	3232	34.5
A_PB1	1362	2735	G	0	0	2735	36.6
A_PB1	1363	2899	A	0	0	2899	34.3
A_PB1	1364	2756	A	0	0	2756	37.4
A_PB1	1365	2875	T	0	0	2875	35.1
A_PB1	1366	2616	C	0	0	2616	35.7
A_PB1	1367	2919	A	0	0	2919	34.7
A_PB1	1368	2917	T	0	0	2917	37.0
A_PB1	1369	2889	G	0	0	2889	36.9
A_PB1	1370	2810	A	0	0	2810	37.3
A_PB1	1371	2533	G	0	0	2533	37.7
A_PB1	1372	2678	G	0	0	2678	36.6
A_PB1	1373	2806	G	0	0	2806	34.4
A_PB1	1374	2682	A	0	0	2682	36.1
A_PB1	1375	2636	A	0	0	2636	37.8
A_PB1	1376	2693	T	0	0	2693	34.6
A_PB1	1377	2657	A	0	0	2657	36.0
A_PB1	1378	2681	C	0	0	2681	37.3
A_PB1	1379	2640	A	0	0	2640	35.8
A_PB1	1380	2902	A	0	0	2902	36.9
A_PB1	1381	3083	G	0	0	3083	35.1
A_PB1	1382	2726	C	0	0	2726	36.9
A_PB1	1383	2835	A	0	0	2835	36.5
A_PB1	1384	2608	G	0	0	2608	36.1
A_PB1	1385	2691	G	0	0	2691	37.8
A_PB1	1386	2798	G	0	0	2798	36.8
A_PB1	1387	2789	G	0	0	2789	37.2
A_PB1	1388	2547	T	0	0	2547	34.9
A_PB1	1389	2786	A	0	0	2786	37.3
A_PB1	1390	2929	G	0	0	2929	34.1
A_PB1	1391	2944	A	0	0	2944	37.5
A_PB1	1392	2864	C	0	0	2864	34.9
A_PB1	1393	2520	A	0	0	2520	36.4
A_PB1	1394	2989	G	0	0	2989	37.2
A_PB1	1395	2484	A	0	0	2484	37.9
A_PB1	1396	2645	T	0	0	2645	34.3
A_PB1	1397	2432	T	0	0	2432	36.9
A_PB1	1398	2833	C	0	0	2833	35.0
A_PB1	1399	2450	T	0	0	2450	37.4
A_PB1	1400	2707	A	0	0	2707	37.3
A_PB1	1401	2567	T	0	0	2567	34.4
A_PB1	1402	2383	A	0	0	2383	36.4
A_PB1	1403	2561	G	0	0	2561	36.9
A_PB1	1404	2174	A	0	0	2174	35.1
A_PB1	1405	2343	A	0	0	2343	34.2
A_PB1	1406	2873	C	0	0	2873	36.2
A_PB1	1407	2551	C	0	0	2551	37.3
A_PB1	1408	2479	T	0	0	2479	34.6
A_PB1	1409	2848	G	0	0	2848	35.0
A_PB1	1410	2396	C	0	0	2396	37.9
A_PB1	1411	2182	A	0	0	2182	37.9
A_PB1	1412	2565	A	0	0	2565	36.5
A_PB1	1413	2505	G	0	0	2505	37.0
A_PB1	1414	2421	C	0	0	2421	37.6
A_PB1	1415	2787	T	0	0	2787	37.2
A_PB1	1416	2472	G	0	0	2472	35.0
A_PB1	1417	2810	G	0	0	2810	36.0
A_PB1	1418	2740	T	0	0	2740	38.0
A_PB1	1419	2639	C	0	0	2639	37.6
A_PB1	1420	2370	G	0	0	2370	35.8
A_PB1	1421	2472	G	0	0	2472	37.8
A_PB1	1422	2429	A	0	0	2429	37.0
A_PB1	1423	2420	A	0	0	2420	37.6
A_PB1	1424	2681	T	0	0	2681	35.0
A_PB1	1425	2584	C	0	0	2584	37.9
A_PB1	1426	2404	A	0	0	2404	35.2
A_PB1	1427	2458	A	0	0	2458	34.3
A_PB1	1428	2278	C	0	0	2278	34.3
A_PB1	1429	2327	A	0	0	2327	35.6
A_PB1	1430	2635	T	0	0	2635	37.3
A_PB1	1431	2516	G	0	0	2516	37.1
A_PB1	1432	2474	A	0	0	2474	38.0
A_PB1	1433	2568	G	0	0	2568	34.4
A_PB1	1434	2217	C	0	0	2217	35.8
A_PB1	1435	2328	A	0	0	2328	36.8
A_PB1	1436	2526	A	0	0	2526	35.8
A_PB1	1437	2354	A	0	0	2354	34.2
A_PB1	1438	2252	A	0	0	2252	34.2
A_PB1	1439	2541	A	0	0	2541	35.1
A_PB1	1440	2535	G	0	0	2535	36.6
A_PB1	1441	2229	A	0	0	2229	35.0
A_PB1	1442	2413	A	0	0	2413	36.2
A_PB1	1443	2620	G	0	0	2620	37.2
A_PB1	1444	2376	T	0	0	2376	34.4
A_PB1	1445	2429	C	0	0	2429	37.1
A_PB1	1446	2454	C	0	0	2454	34.8
A_PB1	1447	2482	T	0	0	2482	36.6
A_PB1	1448	2447	A	0	0	2447	38.0
A_PB1	1449	2371	C	0	0	2371	34.4
A_PB1	1450	2268	A	0	0	2268	36.2
A_PB1	1451	2408	T	0	0	2408	36.8
A_PB1	1452	2498	A	0	0	2498	36.9
A_PB1	1453	2202	A	0	0	2202	36.3
A_PB1	1454	2457	A	0	0	2457	37.6
A_PB1	1455	2302	C	0	0	2302	35.9
A_PB1	1456	2555	A	0	0	2555	36.7
A_PB1	1457	2236	G	0	0	2236	36.7
A_PB1	1458	2400	G	0	0	2400	34.8
A_PB1	1459	2392	A	0	0	2392	34.6
A_PB1	1460	2062	C	0	0	2062	34.0
A_PB1	1461	2376	A	0	0	2376	35.4
A_PB1	1462	2346	G	0	0	2346	35.3
A_PB1	1463	2396	G	0	0	2396	34.7
A_PB1	1464	2228	A	0	0	2228	37.8
A_PB1	1465	2327	A	0	0	2327	34.9
A_PB1	1466	2309	C	0	0	2309	36.1
A_PB1	1467	2357	A	0	0	2357	37.3
A_PB1	1468	2474	T	0	0	2474	34.7
A_PB1	1469	2240	T	0	0	2240	37.4
A_PB1	1470	2143	T	0	0	2143	35.0
A_PB1	1471	2227	G	0	0	2227	35.5
A_PB1	1472	2291	A	0	0	2291	37.1
A_PB1	1473	2248	A	0	0	2248	37.0
A_PB1	1474	2335	T	0	0	2335	36.7
A_PB1	1475	2562	T	0	0	2562	35.5
A_PB1	1476	2367	C	0	0	2367	34.2
A_PB1	1477	2064	A	0	0	2064	37.6
A_PB1	1478	2508	C	0	0	2508	34.5
A_PB1	1479	2471	A	0	0	2471	37.3
A_PB1	1480	2472	A	0	0	2472	37.2
A_PB1	1481	2201	G	0	0	2201	37.0
A_PB1	1482	2566	T	0	0	2566	37.4
A_PB1	1483	2190	T	0	0	2190	36.7
A_PB1	1484	2269	T	0	0	2269	34.9
A_PB1	1485	2630	T	0	0	2630	35.9
A_PB1	1486	2397	T	0	0	2397	37.5
A_PB1	1487	2370	T	0	0	2370	36.1
A_PB1	1488	2267	C	0	0	2267	35.2
A_PB1	1489	2251	T	0	0	2251	34.4
A_PB1	1490	2420	A	0	0	2420	37.4
A_PB1	1491	2305	C	0	0	2305	34.6
A_PB1	1492	2019	C	0	0	2019	37.7
A_PB1	1493	2205	G	0	0	2205	35.0
A_PB1	1494	2398	C	0	0	2398	34.6
A_PB1	1495	2275	T	0	0	2275	37.7
A_PB1	1496	2575	A	0	0	2575	36.8
A_PB1	1497	2294	T	0	0	2294	36.5
A_PB1	1498	2492	G	0	0	2492	36.5
A_PB1	1499	2082	G	0	0	2082	34.4
A_PB1	1500	2180	A	0	0	2180	34.4
A_PB1	1501	2475	T	0	0	2475	34.8
A_PB1	1502	2151	T	0	0	2151	35.7
A_PB1	1503	2230	T	0	0	2230	36.7
A_PB1	1504	2416	G	0	0	2416	37.8
A_PB1	1505	2490	T	0	0	2490	35.8
A_PB1	1506	2348	A	0	0	2348	34.9
A_PB1	1507	2176	G	0	0	2176	36.5
A_PB1	1508	2462	C	0	0	2462	37.7
A_PB1	1509	2596	C	0	0	2596	35.4
A_PB1	1510	2318	A	0	0	2318	35.8
A_PB1	1511	2430	A	0	0	2430	34.1
A_PB1	1512	2529	C	0	0	2529	37.6
A_PB1	1513	2413	T	0	0	2413	37.0
A_PB1	1514	2456	T	0	0	2456	34.3
A_PB1	1515	2186	C	0	0	2186	37.2
A_PB1	1516	2479	A	0	0	2479	34.7
A_PB1	1517	2260	G	0	0	2260	36.0
A_PB1	1518	2435	T	0	0	2435	35.5
A_PB1	1519	2777	A	0	0	2777	34.1
A_PB1	1520	2449	T	0	0	2449	34.8
A_PB1	1521	2356	G	0	0	2356	36.1
A_PB1	1522	2509	G	0	0	2509	35.9
A_PB1	1523	2341	A	0	0	2341	36.3
A_PB1	1524	2336	G	0	0	2336	34.8
A_PB1	1525	2463	T	0	0	2463	34.4
A_PB1	1526	2281	T	0	0	2281	35.6
A_PB1	1527	2478	G	0	0	2478	35.9
A_PB1	1528	2793	C	0	0	2793	35.0
A_PB1	1529	2572	C	0	0	2572	37.5
A_PB1	1530	2423	C	0	0	2423	34.7
A_PB1	1531	2751	A	0	0	2751	34.6
A_PB1	1532	2535	G	0	0	2535	36.5
A_PB1	1533	2738	C	0	0	2738	36.5
A_PB1	1534	2396	T	0	0	2396	34.9
A_PB1	1535	2563	T	0	0	2563	35.1
A_PB1	1536	2424	T	0	0	2424	34.8
A_PB1	1537	2421	G	0	0	2421	36.8
A_PB1	1538	2597	G	0	0	2597	34.7
A_PB1	1539	2758	A	0	0	2758	35.3
A_PB1	1540	3092	G	0	0	3092	35.1
A_PB1	1541	2904	T	0	0	2904	36.5
A_PB1	1542	2377	G	0	0	2377	35.6
A_PB1	1543	2476	T	0	0	2476	36.6
A_PB1	1544	2768	C	0	0	2768	37.4
A_PB1	1545	2273	T	0	0	2273	34.2
A_PB1	1546	2859	G	0	0	2859	37.4
A_PB1	1547	2517	G	0	0	2517	37.7
A_PB1	1548	2487	G	0	0	2487	35.7
A_PB1	1549	2496	A	0	0	2496	35.7
A_PB1	1550	2739	T	0	0	2739	37.9
A_PB1	1551	2762	C	0	0	2762	34.7
A_PB1	1552	2751	A	0	0	2751	34.7
A_PB1	1553	3149	A	0	0	3149	36.7
A_PB1	1554	2708	T	0	0	2708	36.9
A_PB1	1555	2858	G	0	0	2858	36.0
A_PB1	1556	2609	A	0	0	2609	34.6
A_PB1	1557	3123	A	0	0	3123	37.8
A_PB1	1558	2718	T	0	0	2718	36.9
A_PB1	1559	2728	C	0	0	2728	34.6
A_PB1	1560	3011	T	0	0	3011	36.5
A_PB1	1561	2905	G	0	0	2905	36.3
A_PB1	1562	2659	C	0	0	2659	35.2
A_PB1	1563	2943	A	0	0	2943	34.0
A_PB1	1564	2750	G	0	0	2750	34.4
A_PB1	1565	2643	A	0	0	2643	37.4
A_PB1	1566	3071	C	0	0	3071	35.7
A_PB1	1567	3406	A	0	0	3406	36.6
A_PB1	1568	3019	T	0	0	3019	36.1
A_PB1	1569	2897	G	0	0	2897	35.4
A_PB1	1570	2959	A	0	0	2959	34.0
A_PB1	1571	2961	G	0	0	2961	36.3
A_PB1	1572	2857	C	0	0	2857	35.6
A_PB1	1573	3122	A	0	0	3122	34.7
A_PB1	1574	3146	T	0	0	3146	35.5
A_PB1	1575	3372	T	0	0	3372	37.8
A_PB1	1576	2960	G	0	0	2960	36.4
A_PB1	1577	2927	G	0	0	2927	34.1
A_PB1	1578	3045	A	0	0	3045	36.2
A_PB1	1579	3053	G	0	0	3053	35.1
A_PB1	1580	3257	T	0	0	3257	37.7
A_PB1	1581	3295	A	0	0	3295	36.9
A_PB1	1582	2891	A	0	0	2891	36.8
A_PB1	1583	2923	C	0	0	2923	35.9
A_PB1	1584	3168	A	0	0	3168	36.3
A_PB1	1585	3154	G	0	0	3154	34.4
A_PB1	1586	3064	T	0	0	3064	35.9
A_PB1	1587	3430	G	0	0	3430	34.8
A_PB1	1588	2857	A	0	0	2857	37.2
A_PB1	1589	3081	T	0	0	3081	37.2
A_PB1	1590	3162	A	0	0	3162	35.5
A_PB1	1591	3222	A	0	0	3222	34.5
A_PB1	1592	2954	A	0	0	2954	35.6
A_PB1	1593	3425	G	0	0	3425	36.9
A_PB1	1594	3205	A	0	0	3205	35.3
A_PB1	1595	3245	A	0	0	3245	36.4
A_PB1	1596	3306	C	0	0	3306	35.2
A_PB1	1597	3064	A	0	0	3064	35.7
A_PB1	1598	3429	A	0	0	3429	36.2
A_PB1	1599	3533	C	0	0	3533	34.7
A_PB1	1600	3390	A	0	0	3390	38.0
A_PB1	1601	3363	T	0	0	3363	35.0
A_PB1	1602	3740	G	0	0	3740	36.7
A_PB1	1603	3633	A	0	0	3633	36.0
A_PB1	1604	3899	T	0	0	3899	34.1
A_PB1	1605	3493	C	0	0	3493	34.0
A_PB1	1606	3449	A	0	0	3449	36.2
A_PB1	1607	3376	A	0	0	3376	35.5
A_PB1	1608	3369	C	0	0	3369	35.7
A_PB1	1609	3776	A	0	0	3776	34.6
A_PB1	1610	3676	A	0	0	3676	34.1
A_PB1	1611	3601	T	0	0	3601	35.8
A_PB1	1612	3470	G	0	0	3470	36.7
A_PB1	1613	3747	A	0	0	3747	37.1
A_PB1	1614	3856	T	0	0	3856	35.8
A_PB1	1615	3500	C	0	0	3500	36.6
A_PB1	1616	3468	T	0	0	3468	34.0
A_PB1	1617	3729	T	0	0	3729	34.7
A_PB1	1618	3447	G	0	0	3447	34.8
A_PB1	1619	3629	G	0	0	3629	37.2
A_PB1	1620	3276	A	0	0	3276	34.9
A_PB1	1621	3501	C	0	0	3501	36.9
A_PB1	1622	3873	C	0	0	3873	36.8
A_PB1	1623	3582	A	0	0	3582	37.6
A_PB1	1624	3504	G	0	0	3504	36.8
A_PB1	1625	3727	C	0	0	3727	34.2
A_PB1	1626	3389	A	0	0	3389	35.1
A_PB1	1627	3497	A	0	0	3497	38.0
A_PB1	1628	3678	C	0	0	3678	36.9
A_PB1	1629	3697	A	0	0	3697	34.7
A_PB1	1630	3965	G	0	0	3965	36.1
A_PB1	1631	3806	C	0	0	3806	34.8
A_PB1	1632	4002	T	0	0	4002	35.4
A_PB1	1633	3370	C	0	0	3370	35.7
A_PB1	1634	3576	A	0	0	3576	34.7
A_PB1	1635	3688	A	0	0	3688	34.8
A_PB1	1636	3786	A	0	0	3786	34.0
A_PB1	1637	4053	T	0	0	4053	35.0
A_PB1	1638	3709	G	0	0	3709	37.5
A_PB1	1639	3312	G	0	0	3312	34.3
A_PB1	1640	3746	C	0	0	3746	37.8
A_PB1	1641	3886	T	0	0	3886	35.7
A_PB1	1642	3614	C	0	0	3614	37.3
A_PB1	1643	4036	T	0	0	4036	34.7
A_PB1	1644	3655	T	0	0	3655	36.9
A_PB1	1645	3796	C	0	0	3796	34.7
A_PB1	1646	3935	A	0	0	3935	35.5
A_PB1	1647	4342	G	0	0	4342	34.4
A_PB1	1648	4266	C	0	0	4266	36.9
A_PB1	1649	3912	T	0	0	3912	36.5
A_PB1	1650	4063	A	0	0	4063	34.6
A_PB1	1651	4350	T	0	0	4350	34.3
A_PB1	1652	3345	T	0	0	3345	36.8
A_PB1	1653	4158	C	0	0	4158	37.1
A_PB1	1654	3780	A	0	0	3780	37.2
A_PB1	1655	4117	T	0	0	4117	37.0
A_PB1	1656	3605	C	0	0	3605	37.2
A_PB1	1657	4516	A	0	0	4516	36.1
A_PB1	1658	3704	A	0	0	3704	36.6
A_PB1	1659	4079	G	0	0	4079	36.1
A_PB1	1660	3944	G	0	0	3944	35.7
A_PB1	1661	3933	A	0	0	3933	37.0
A_PB1	1662	3825	T	0	0	3825	35.0
A_PB1	1663	3643	T	0	0	3643	34.9
A_PB1	1664	4310	A	0	0	4310	36.7
A_PB1	1665	4269	C	0	0	4269	35.6
A_PB1	1666	4295	A	0	0	4295	36.6
A_PB1	1667	3666	G	0	0	3666	35.0
A_PB1	1668	3873	A	0	0	3873	36.9
A_PB1	1669	4330	T	0	0	4330	34.4
A_PB1	1670	4162	A	0	0	4162	35.3
A_PB1	1671	4160	C	0	0	4160	35.8
A_PB1	1672	4240	A	0	0	4240	37.7
A_PB1	1673	3907	C	0	0	3907	34.2
A_PB1	1674	3754	A	0	0	3754	36.0
A_PB1	1675	4288	T	0	0	4288	36.2
A_PB1	1676	3898	A	0	0	3898	38.0
A_PB1	1677	4250	C	0	0	4250	36.2
A_PB1	1678	3789	C	0	0	3789	36.2
A_PB1	1679	4159	G	0	0	4159	35.3
A_PB1	1680	3983	A	0	0	3983	34.3
A_PB1	1681	3877	T	0	0	3877	35.5
A_PB1	1682	4286	G	0	0	4286	34.8
A_PB1	1683	4817	T	0	0	4817	36.8
A_PB1	1684	4039	C	0	0	4039	37.8
A_PB1	1685	4458	A	0	0	4458	36.5
A_PB1	1686	3784	C	0	0	3784	37.0
A_PB1	1687	4125	A	0	0	4125	37.4
A_PB1	1688	4048	G	0	0	4048	37.0
A_PB1	1689	4307	A	0	0	4307	35.7
A_PB1	1690	4249	G	0	0	4249	34.6
A_PB1	1691	4297	G	0	0	4297	34.6
A_PB1	1692	3801	A	0	0	3801	37.4
A_PB1	1693	4224	G	0	0	4224	35.5
A_PB1	1694	4103	A	0	0	4103	35.9
A_PB1	1695	4080	C	0	0	4080	34.9
A_PB1	1696	4385	A	0	0	4385	37.0
A_PB1	1697	3814	C	0	0	3814	35.6
A_PB1	1698	3951	A	0	0	3951	36.2
A_PB1	1699	4004	C	0	0	4004	37.4
A_PB1	1700	4147	A	0	0	4147	37.3
A_PB1	1701	3790	A	0	0	3790	37.8
A_PB1	1702	3753	A	0	0	3753	34.5
A_PB1	1703	3789	T	0	0	3789	37.1
A_PB1	1704	4182	T	0	0	4182	37.6
A_PB1	1705	3865	C	0	0	3865	36.1
A_PB1	1706	4132	A	0	0	4132	35.5
A_PB1	1707	3909	G	0	0	3909	36.4
A_PB1	1708	3466	A	0	0	3466	37.0
A_PB1	1709	4109	C	0	0	4109	37.9
A_PB1	1710	3861	A	0	0	3861	34.2
A_PB1	1711	3876	A	0	0	3876	36.8
A_PB1	1712	4045	G	0	0	4045	34.0
A_PB1	1713	4015	G	0	0	4015	37.0
A_PB1	1714	4010	A	0	0	4010	36.3
A_PB1	1715	4089	G	0	0	4089	35.3
A_PB1	1716	4031	G	0	0	4031	36.3
A_PB1	1717	4578	T	0	0	4578	37.7
A_PB1	1718	3892	C	0	0	3892	34.7
A_PB1	1719	3944	A	0	0	3944	34.4
A_PB1	1720	3837	T	0	0	3837	37.2
A_PB1	1721	4253	T	0	0	4253	37.5
A_PB1	1722	3815	C	0	0	3815	37.6
A_PB1	1723	3907	G	0	0	3907	36.0
A_PB1	1724	4222	A	0	0	4222	35.4
A_PB1	1725	4334	G	0	0	4334	37.0
A_PB1	1726	4003	C	0	0	4003	35.1
A_PB1	1727	3921	T	0	0	3921	36.2
A_PB1	1728	3595	G	0	0	3595	38.0
A_PB1	1729	4516	A	0	0	4516	37.4
A_PB1	1730	3973	A	0	0	3973	36.4
A_PB1	1731	3648	G	0	0	3648	36.9
A_PB1	1732	3983	A	0	0	3983	37.0
A_PB1	1733	3646	A	0	0	3646	35.1
A_PB1	1734	3797	G	0	0	3797	37.6
A_PB1	1735	3825	T	0	0	3825	35.1
A_PB1	1736	3470	T	0	0	3470	36.2
A_PB1	1737	3948	G	0	0	3948	35.3
A_PB1	1738	3491	T	0	0	3491	34.2
A_PB1	1739	3824	G	0	0	3824	37.6
A_PB1	1740	4211	G	0	0	4211	36.6
A_PB1	1741	3909	G	0	0	3909	36.3
A_PB1	1742	4087	A	0	0	4087	37.6
A_PB1	1743	3885	A	0	0	3885	34.2
A_PB1	1744	3726	C	0	0	3726	34.2
A_PB1	1745	4213	A	0	0	4213	35.9
A_PB1	1746	3635	G	0	0	3635	35.7
A_PB1	1747	3642	A	0	0	3642	37.6
A_PB1	1748	3853	C	0	0	3853	36.5
A_PB1	1749	3943	C	0	0	3943	37.8
A_PB1	1750	3870	C	0	0	3870	35.4
A_PB1	1751	3681	G	0	0	3681	37.6
A_PB1	1752	3635	C	0	0	3635	36.4
A_PB1	1753	3691	T	0	0	3691	36.2
A_PB1	1754	3808	C	0	0	3808	37.3
A_PB1	1755	3961	A	0	0	3961	35.5
A_PB1	1756	3618	A	0	0	3618	37.7
A_PB1	1757	3385	A	0	0	3385	34.1
A_PB1	1758	4008	A	0	0	4008	35.7
A_PB1	1759	4202	G	0	0	4202	37.6
A_PB1	1760	3951	C	0	0	3951	35.0
A_PB1	1761	3975	A	0	0	3975	34.5
A_PB1	1762	3422	G	0	0	3422	34.1
A_PB1	1763	3621	G	0	0	3621	34.4
A_PB1	1764	3437	A	0	0	3437	37.5
A_PB1	1765	3810	C	0	0	3810	37.0
A_PB1	1766	3118	T	0	0	3118	37.8
A_PB1	1767	3583	G	0	0	3583	34.4
A_PB1	1768	3364	C	0	0	3364	34.2
A_PB1	1769	3933	T	0	0	3933	34.3
A_PB1	1770	3421	G	0	0	3421	35.0
A_PB1	1771	3648	G	0	0	3648	34.3
A_PB1	1772	3328	T	0	0	3328	37.6
A_PB1	1773	3112	C	0	0	3112	36.4
A_PB1	1774	3387	T	0	0	3387	34.3
A_PB1	1775	3350	C	0	0	3350	36.4
A_PB1	1776	3744	A	0	0	3744	35.2
A_PB1	1777	3556	G	0	0	3556	35.4
A_PB1	1778	3662	A	0	0	3662	35.6
A_PB1	1779	3699	T	0	0	3699	37.0
A_PB1	1780	3324	G	0	0	3324	35.8
A_PB1	1781	3540	G	0	0	3540	35.5
A_PB1	1782	3393	A	0	0	3393	37.8
A_PB1	1783	3544	G	0	0	3544	36.2
A_PB1	1784	3192	G	0	0	3192	35.2
A_PB1	1785	3557	A	0	0	3557	36.8
A_PB1	1786	3439	C	0	0	3439	36.3
A_PB1	1787	3395	C	0	0	3395	37.8
A_PB1	1788	3208	A	0	0	3208	36.1
A_PB1	1789	3456	A	0	0	3456	38.0
A_PB1	1790	3172	A	0	0	3172	34.2
A_PB1	1791	3383	T	0	0	3383	35.6
A_PB1	1792	3421	C	0	0	3421	36.2
A_PB1	1793	3515	T	0	0	3515	34.7
A_PB1	1794	3678	A	0	0	3678	36.7
A_PB1	1795	3505	T	0	0	3505	35.5
A_PB1	1796	3430	A	0	0	3430	37.7
A_PB1	1797	3230	C	0	0	3230	37.5
A_PB1	1798	3311	A	0	0	3311	34.9
A_PB1	1799	3157	A	0	0	3157	35.9
A_PB1	1800	3156	T	0	0	3156	36.8
A_PB1	1801	3388	A	0	0	3388	37.4
A_PB1	1802	3365	T	0	0	3365	36.0
A_PB1	1803	3190	T	0	0	3190	35.9
A_PB1	1804	3484	C	0	0	3484	36.7
A_PB1	1805	3021	G	0	0	3021	37.9
A_PB1	1806	3194	G	0	0	3194	37.6
A_PB1	1807	3669	A	0	0	3669	34.9
A_PB1	1808	3202	A	0	0	3202	34.6
A_PB1	1809	3099	T	0	0	3099	37.7
A_PB1	1810	3194	C	0	0	3194	34.2
A_PB1	1811	3063	T	0	0	3063	36.6
A_PB1	1812	3233	T	0	0	3233	36.5
A_PB1	1813	3229	C	0	0	3229	34.3
A_PB1	1814	3378	A	0	0	3378	34.3
A_PB1	1815	3034	C	0	0	3034	36.6
A_PB1	1816	3023	A	0	0	3023	36.4
A_PB1	1817	3381	T	0	0	3381	34.3
A_PB1	1818	2984	T	0	0	2984	36.1
A_PB1	1819	3573	C	0	0	3573	37.3
A_PB1	1820	3191	C	0	0	3191	37.6
A_PB1	1821	2976	A	0	0	2976	37.5
A_PB1	1822	3126	G	0	0	3126	35.3
A_PB1	1823	3533	A	0	0	3533	37.9
A_PB1	1824	3211	A	0	0	3211	37.3
A_PB1	1825	3092	G	0	0	3092	37.0
A_PB1	1826	3337	T	0	0	3337	36.0
A_PB1	1827	3358	C	0	0	3358	36.8
A_PB1	1828	3141	T	0	0	3141	35.1
A_PB1	1829	2856	G	0	0	2856	37.5
A_PB1	1830	3096	C	0	0	3096	37.5
A_PB1	1831	3056	T	0	0	3056	37.8
A_PB1	1832	2817	T	0	0	2817	36.3
A_PB1	1833	3020	G	0	0	3020	35.0
A_PB1	1834	3218	A	0	0	3218	37.0
A_PB1	1835	3091	A	0	0	3091	37.5
A_PB1	1836	3087	A	0	0	3087	35.5
A_PB1	1837	2904	T	0	0	2904	35.7
A_PB1	1838	3171	G	0	0	3171	36.6
A_PB1	1839	3216	G	0	0	3216	34.3
A_PB1	1840	3107	G	0	0	3107	35.7
A_PB1	1841	3392	A	0	0	3392	35.5
A_PB1	1842	3347	G	0	0	3347	36.3
A_PB1	1843	3081	C	0	0	3081	37.8
A_PB1	1844	3054	T	0	0	3054	37.8
A_PB1	1845	3234	A	0	0	3234	35.1
A_PB1	1846	3133	A	0	0	3133	35.5
A_PB1	1847	3099	T	0	0	3099	34.1
A_PB1	1848	3276	G	0	0	3276	35.8
A_PB1	1849	3312	G	0	0	3312	37.1
A_PB1	1850	2892	A	0	0	2892	37.6
A_PB1	1851	3123	C	0	0	3123	35.3
A_PB1	1852	3336	G	0	0	3336	37.3
A_PB1	1853	3172	A	0	0	3172	34.4
A_PB1	1854	3034	A	0	0	3034	34.1
A_PB1	1855	3088	G	0	0	3088	35.4
A_PB1	1856	2949	A	0	0	2949	35.8
A_PB1	1857	3199	C	0	0	3199	36.3
A_PB1	1858	3026	T	0	0	3026	34.2
A_PB1	1859	3127	A	0	0	3127	34.9
A_PB1	1860	3082	T	0	0	3082	36.7
A_PB1	1861	2889	C	0	0	2889	36.0
A_PB1	1862	3077	A	0	0	3077	37.6
A_PB1	1863	3102	G	0	0	3102	37.5
A_PB1	1864	2931	G	0	0	2931	35.5
A_PB1	1865	3209	G	0	0	3209	35.9
A_PB1	1866	2706	A	0	0	2706	34.3
A_PB1	1867	3318	A	0	0	3318	37.0
A_PB1	1868	2982	G	0	0	2982	34.1
A_PB1	1869	3013	G	0	0	3013	37.5
A_PB1	1870	3052	C	0	0	3052	34.2
A_PB1	1871	3133	T	0	0	3133	36.0
A_PB1	1872	2989	T	0	0	2989	37.5
A_PB1	1873	2997	T	0	0	2997	35.3
A_PB1	1874	2855	G	0	0	2855	35.6
A_PB1	1875	2836	T	0	0	2836	34.8
A_PB1	1876	3482	A	0	0	3482	34.1
A_PB1	1877	3071	A	0	0	3071	34.4
A_PB1	1878	2819	T	0	0	2819	34.5
A_PB1	1879	3215	C	0	0	3215	37.9
A_PB1	1880	3018	C	0	0	3018	34.5
A_PB1	1881	3670	C	0	0	3670	34.6
A_PB1	1882	2995	C	0	0	2995	34.7
A_PB1	1883	3280	T	0	0	3280	37.0
A_PB1	1884	3237	G	0	0	3237	36.7
A_PB1	1885	3281	A	0	0	3281	37.5
A_PB1	1886	2990	A	0	0	2990	37.6
A_PB1	1887	3313	C	0	0	3313	36.8
A_PB1	1888	3189	C	0	0	3189	37.1
A_PB1	1889	3333	C	0	0	3333	37.1
A_PB1	1890	3307	G	0	0	3307	36.2
A_PB1	1891	2733	T	0	0	2733	34.3
A_PB1	1892	3131	T	0	0	3131	34.1
A_PB1	1893	3115	T	0	0	3115	36.6
A_PB1	1894	3091	G	0	0	3091	35.9
A_PB1	1895	3262	T	0	0	3262	37.4
A_PB1	1896	3511	C	0	0	3511	36.5
A_PB1	1897	3200	A	0	0	3200	36.4
A_PB1	1898	3110	G	0	0	3110	36.3
A_PB1	1899	3318	C	0	0	3318	34.6
A_PB1	1900	3168	C	0	0	3168	34.9
A_PB1	1901	3021	A	0	0	3021	34.5
A_PB1	1902	3181	C	0	0	3181	37.0
A_PB1	1903	3228	A	0	0	3228	37.2
A_PB1	1904	3217	A	0	0	3217	37.8
A_PB1	1905	3015	G	0	0	3015	34.6
A_PB1	1906	3261	G	0	0	3261	36.0
A_PB1	1907	3225	A	0	0	3225	37.4
A_PB1	1908	3237	A	0	0	3237	35.3
A_PB1	1909	3135	A	0	0	3135	37.1
A_PB1	1910	3153	T	0	0	3153	36.5
A_PB1	1911	3401	A	0	0	3401	35.2
A_PB1	1912	3083	G	0	0	3083	35.0
A_PB1	1913	2933	A	0	0	2933	37.8
A_PB1	1914	2946	G	0	0	2946	34.0
A_PB1	1915	3301	T	0	0	3301	37.1
A_PB1	1916	3214	C	0	0	3214	36.0
A_PB1	1917	2874	T	0	0	2874	37.4
A_PB1	1918	3265	G	0	0	3265	37.2
A_PB1	1919	3046	T	0	0	3046	37.9
A_PB1	1920	3340	G	0	0	3340	35.7
A_PB1	1921	2856	A	0	0	2856	36.0
A_PB1	1922	2982	A	0	0	2982	34.0
A_PB1	1923	3318	C	0	0	3318	34.7
A_PB1	1924	3329	A	0	0	3329	34.2
A_PB1	1925	3330	A	0	0	3330	34.1
A_PB1	1926	3027	C	0	0	3027	36.1
A_PB1	1927	3038	G	0	0	3038	35.3
A_PB1	1928	3286	C	0	0	3286	34.8
A_PB1	1929	3049	T	0	0	3049	37.0
A_PB1	1930	3283	G	0	0	3283	35.8
A_PB1	1931	3279	T	0	0	3279	37.8
A_PB1	1932	3162	G	0	0	3162	34.3
A_PB1	1933	3486	G	0	0	3486	34.7
A_PB1	1934	3675	T	0	0	3675	36.2
A_PB1	1935	3285	G	0	0	3285	36.8
A_PB1	1936	3516	A	0	0	3516	34.8
A_PB1	1937	3164	T	0	0	3164	34.7
A_PB1	1938	3219	G	0	0	3219	36.3
A_PB1	1939	3004	C	0	0	3004	37.4
A_PB1	1940	3181	C	0	0	3181	34.7
A_PB1	1941	3344	A	0	0	3344	37.8
A_PB1	1942	3540	G	0	0	3540	34.5
A_PB1	1943	3343	C	0	0	3343	36.6
A_PB1	1944	3672	T	0	0	3672	34.8
A_PB1	1945	3161	C	0	0	3161	35.0
A_PB1	1946	3276	A	0	0	3276	37.3
A_PB1	1947	3350	T	0	0	3350	34.7
A_PB1	1948	3239	G	0	0	3239	35.6
A_PB1	1949	3332	G	0	0	3332	37.9
A_PB1	1950	3335	C	0	0	3335	37.3
A_PB1	1951	3185	C	0	0	3185	37.3
A_PB1	1952	3333	C	0	0	3333	36.5
A_PB1	1953	3418	G	0	0	3418	37.8
A_PB1	1954	3216	G	0	0	3216	36.5
A_PB1	1955	3352	C	0	0	3352	35.7
A_PB1	1956	3424	C	0	0	3424	35.3
A_PB1	1957	3132	A	0	0	3132	34.8
A_PB1	1958	3163	A	0	0	3163	36.0
A_PB1	1959	3208	G	0	0	3208	36.5
A_PB1	1960	3039	A	0	0	3039	37.3
A_PB1	1961	2948	G	0	0	2948	34.3
A_PB1	1962	3200	C	0	0	3200	37.4
A_PB1	1963	3018	A	0	0	3018	35.8
A_PB1	1964	3601	T	0	0	3601	37.2
A_PB1	1965	2898	G	0	0	2898	36.6
A_PB1	1966	3513	G	0	0	3513	34.6
A_PB1	1967	3243	A	0	0	3243	36.7
A_PB1	1968	3471	A	0	0	3471	36.4
A_PB1	1969	3546	T	0	0	3546	34.2
A_PB1	1970	3217	A	0	0	3217	35.4
A_PB1	1971	3271	T	0	0	3271	34.9
A_PB1	1972	3214	G	0	0	3214	37.1
A_PB1	1973	3404	A	0	0	3404	37.7
A_PB1	1974	3214	T	0	0	3214	37.0
A_PB1	1975	3370	G	0	0	3370	36.4
A_PB1	1976	3525	C	0	0	3525	35.4
A_PB1	1977	3179	T	0	0	3179	35.8
A_PB1	1978	2901	G	0	0	2901	35.0
A_PB1	1979	3477	T	0	0	3477	36.6
A_PB1	1980	2975	T	0	0	2975	37.9
A_PB1	1981	3052	G	0	0	3052	34.3
A_PB1	1982	3273	C	0	0	3273	36.6
A_PB1	1983	3266	C	0	0	3266	35.9
A_PB1	1984	3219	A	0	0	3219	35.1
A_PB1	1985	2994	C	0	0	2994	36.5
A_PB1	1986	3046	C	0	0	3046	37.7
A_PB1	1987	3113	A	0	0	3113	37.3
A_PB1	1988	3014	C	0	0	3014	37.8
A_PB1	1989	3061	T	0	0	3061	37.2
A_PB1	1990	3212	C	0	0	3212	36.7
A_PB1	1991	2968	A	0	0	2968	34.1
A_PB1	1992	3335	C	0	0	3335	34.4
A_PB1	1993	2974	T	0	0	2974	36.4
A_PB1	1994	3304	C	0	0	3304	34.6
A_PB1	1995	3437	C	0	0	3437	35.3
A_PB1	1996	3117	T	0	0	3117	35.7
A_PB1	1997	3062	G	0	0	3062	35.7
A_PB1	1998	3324	G	0	0	3324	36.8
A_PB1	1999	2948	A	0	0	2948	34.9
A_PB1	2000	3121	T	0	0	3121	36.1
A_PB1	2001	3298	A	0	0	3298	36.1
A_PB1	2002	3146	C	0	0	3146	35.0
A_PB1	2003	2940	C	0	0	2940	34.3
A_PB1	2004	3008	G	0	0	3008	34.4
A_PB1	2005	2914	A	0	0	2914	37.9
A_PB1	2006	3040	A	0	0	3040	34.7
A_PB1	2007	3087	G	0	0	3087	37.4
A_PB1	2008	3279	A	0	0	3279	36.8
A_PB1	2009	2802	G	0	0	2802	37.6
A_PB1	2010	3169	G	0	0	3169	36.4
A_PB1	2011	3141	A	0	0	3141	37.9
A_PB1	2012	3156	A	0	0	3156	35.3
A_PB1	2013	3194	C	0	0	3194	36.5
A_PB1	2014	3029	C	0	0	3029	35.4
A_PB1	2015	2882	G	0	0	2882	34.3
A_PB1	2016	3110	C	0	0	3110	35.5
A_PB1	2017	2863	T	0	0	2863	37.9
A_PB1	2018	3138	C	0	0	3138	34.5
A_PB1	2019	3048	C	0	0	3048	37.7
A_PB1	2020	3095	A	0	0	3095	37.1
A_PB1	2021	3191	T	0	0	3191	34.5
A_PB1	2022	3198	T	0	0	3198	34.8
A_PB1	2023	2970	C	0	0	2970	35.4
A_PB1	2024	3329	T	0	0	3329	36.4
A_PB1	2025	2923	C	0	0	2923	35.4
A_PB1	2026	3148	A	0	0	3148	37.4
A_PB1	2027	3037	A	0	0	3037	37.7
A_PB1	2028	2878	T	0	0	2878	37.7
A_PB1	2029	3014	A	0	0	3014	37.2
A_PB1	2030	2814	C	0	0	2814	37.4
A_PB1	2031	2866	A	0	0	2866	35.1
A_PB1	2032	2984	A	0	0	2984	35.4
A_PB1	2033	2720	G	0	0	2720	35.4
A_PB1	2034	3108	C	0	0	3108	35.7
A_PB1	2035	3138	C	0	0	3138	35.6
A_PB1	2036	2742	A	0	0	2742	35.6
A_PB1	2037	2527	A	0	0	2527	36.8
A_PB1	2038	2701	A	0	0	2701	34.0
A_PB1	2039	2691	G	0	0	2691	37.6
A_PB1	2040	3163	G	0	0	3163	37.4
A_PB1	2041	2783	G	0	0	2783	36.6
A_PB1	2042	2882	G	0	0	2882	36.9
A_PB1	2043	2881	A	0	0	2881	36.6
A_PB1	2044	2843	A	0	0	2843	35.0
A_PB1	2045	2637	T	0	0	2637	37.5
A_PB1	2046	3043	C	0	0	3043	37.0
A_PB1	2047	3079	C	0	0	3079	35.3
A_PB1	2048	2591	T	0	0	2591	34.5
A_PB1	2049	2783	T	0	0	2783	37.1
A_PB1	2050	3076	G	0	0	3076	37.9
A_PB1	2051	2933	A	0	0	2933	35.8
A_PB1	2052	2923	A	0	0	2923	34.4
A_PB1	2053	2703	G	0	0	2703	34.2
A_PB1	2054	2799	A	0	0	2799	35.8
A_PB1	2055	2890	C	0	0	2890	34.8
A_PB1	2056	2665	G	0	0	2665	36.1
A_PB1	2057	2553	A	0	0	2553	37.9
A_PB1	2058	2560	A	0	0	2560	35.1
A_PB1	2059	2891	C	0	0	2891	36.5
A_PB1	2060	2581	A	0	0	2581	37.9
A_PB1	2061	2741	G	0	0	2741	37.6
A_PB1	2062	2787	A	0	0	2787	34.7
A_PB1	2063	2560	T	0	0	2560	36.1
A_PB1	2064	2699	G	0	0	2699	35.5
A_PB1	2065	2566	T	0	0	2566	35.0
A_PB1	2066	2466	A	0	0	2466	34.2
A_PB1	2067	2450	T	0	0	2450	37.7
A_PB1	2068	2353	C	0	0	2353	37.7
A_PB1	2069	2523	A	0	0	2523	35.6
A_PB1	2070	2483	A	0	0	2483	34.2
A_PB1	2071	2469	A	0	0	2469	37.1
A_PB1	2072	2387	A	0	0	2387	35.4
A_PB1	2073	2603	G	0	0	2603	36.7
A_PB1	2074	2512	T	0	0	2512	34.8
A_PB1	2075	2599	G	0	0	2599	35.4
A_PB1	2076	2491	C	0	0	2491	35.4
A_PB1	2077	2312	T	0	0	2312	34.3
A_PB1	2078	2700	G	0	0	2700	35.2
A_PB1	2079	2351	C	0	0	2351	37.5
A_PB1	2080	2197	A	0	0	2197	34.4
A_PB1	2081	2496	A	0	0	2496	37.2
A_PB1	2082	2338	C	0	0	2338	37.9
A_PB1	2083	2463	C	0	0	2463	36.7
A_PB1	2084	2420	T	0	0	2420	35.9
A_PB1	2085	2362	G	0	0	2362	34.6
A_PB1	2086	2294	T	0	0	2294	34.5
A_PB1	2087	2139	T	0	0	2139	35.3
A_PB1	2088	2424	C	0	0	2424	35.0
A_PB1	2089	2637	G	0	0	2637	37.2
A_PB1	2090	2283	A	0	0	2283	37.0
A_PB1	2091	2383	A	0	0	2383	37.8
A_PB1	2092	2283	A	0	0	2283	36.3
A_PB1	2093	2347	A	0	0	2347	35.2
A_PB1	2094	2079	A	0	0	2079	36.4
A_PB1	2095	2337	T	0	0	2337	35.7
A_PB1	2096	2287	T	0	0	2287	37.0
A_PB1	2097	2410	C	0	0	2410	34.5
A_PB1	2098	2359	T	0	0	2359	35.9
A_PB1	2099	2189	T	0	0	2189	36.7
A_PB1	2100	2376	C	0	0	2376	34.3
A_PB1	2101	2215	C	0	0	2215	36.4
A_PB1	2102	2185	C	0	0	2185	35.2
A_PB1	2103	2067	T	0	0	2067	34.4
A_PB1	2104	2246	A	0	0	2246	36.5
A_PB1	2105	2111	G	0	0	2111	35.3
A_PB1	2106	2222	C	0	0	2222	36.7
A_PB1	2107	2149	A	0	0	2149	37.8
A_PB1	2108	2202	G	0	0	2202	34.8
A_PB1	2109	2141	T	0	0	2141	34.4
A_PB1	2110	2032	T	0	0	2032	37.6
A_PB1	2111	2305	C	0	0	2305	34.8
A_PB1	2112	2129	A	0	0	2129	37.2
A_PB1	2113	2015	T	0	0	2015	35.9
A_PB1	2114	2154	A	0	0	2154	35.7
A_PB1	2115	2084	C	0	0	2084	36.9
A_PB1	2116	2090	A	0	0	2090	34.2
A_PB1	2117	2082	G	0	0	2082	37.6
A_PB1	2118	2002	G	0	0	2002	35.2
A_PB1	2119	2241	A	0	0	2241	37.9
A_PB1	2120	2102	G	0	0	2102	37.1
A_PB1	2121	1993	G	0	0	1993	36.9
A_PB1	2122	1822	C	0	0	1822	35.3
A_PB1	2123	2029	C	0	0	2029	35.3
A_PB1	2124	1956	A	0	0	1956	37.8
A_PB1	2125	1957	G	0	0	1957	36.7
A_PB1	2126	2014	T	0	0	2014	36.2
A_PB1	2127	1876	T	0	0	1876	37.2
A_PB1	2128	2124	G	0	0	2124	34.1
A_PB1	2129	1991	G	0	0	1991	34.9
A_PB1	2130	2103	A	0	0	2103	37.8
A_PB1	2131	2061	A	0	0	2061	34.8
A_PB1	2132	1818	T	0	0	1818	34.7
A_PB1	2133	2107	T	0	0	2107	36.7
A_PB1	2134	2031	T	0	0	2031	35.2
A_PB1	2135	1843	C	0	0	1843	35.0
A_PB1	2136	2043	C	0	0	2043	34.3
A_PB1	2137	2059	A	0	0	2059	36.0
A_PB1	2138	2088	G	0	0	2088	36.4
A_PB1	2139	1953	C	0	0	1953	35.4
A_PB1	2140	1786	A	0	0	1786	35.8
A_PB1	2141	2006	T	0	0	2006	35.0
A_PB1	2142	1802	G	0	0	1802	34.5
A_PB1	2143	1758	G	0	0	1758	34.6
A_PB1	2144	1831	T	0	0	1831	35.1
A_PB1	2145	1841	G	0	0	1841	37.1
A_PB1	2146	1794	G	0	0	1794	35.9
A_PB1	2147	1867	A	0	0	1867	35.7
A_PB1	2148	1778	G	0	0	1778	34.7
A_PB1	2149	1838	G	0	0	1838	35.2
A_PB1	2150	1771	C	0	0	1771	34.7
A_PB1	2151	2025	C	0	0	2025	34.7
A_PB1	2152	1799	A	0	0	1799	36.8
A_PB1	2153	1713	T	0	0	1713	37.5
A_PB1	2154	1806	G	0	0	1806	35.0
A_PB1	2155	1891	G	0	0	1891	34.9
A_PB1	2156	1837	T	0	0	1837	37.4
A_PB1	2157	1610	T	0	0	1610	36.3
A_PB1	2158	1712	T	0	0	1712	37.9
A_PB1	2159	1709	C	0	0	1709	35.2
A_PB1	2160	1670	T	0	0	1670	35.9
A_PB1	2161	1639	A	0	0	1639	37.4
A_PB1	2162	1650	G	0	0	1650	35.3
A_PB1	2163	1755	G	0	0	1755	35.1
A_PB1	2164	1541	G	0	0	1541	34.2
A_PB1	2165	1687	C	0	0	1687	35.8
A_PB1	2166	1550	C	0	0	1550	36.7
A_PB1	2167	1504	C	0	0	1504	34.1
A_PB1	2168	1689	G	0	0	1689	34.5
A_PB1	2169	1477	A	0	0	1477	35.4
A_PB1	2170	1446	A	0	0	1446	35.6
A_PB1	2171	1536	T	0	0	1536	36.1
A_PB1	2172	1449	T	0	0	1449	35.4
A_PB1	2173	1475	G	0	0	1475	36.5
A_PB1	2174	1447	A	0	0	1447	37.4
A_PB1	2175	1505	C	0	0	1505	34.2
A_PB1	2176	1383	G	0	0	1383	34.1
A_PB1	2177	1465	C	0	0	1465	35.9
A_PB1	2178	1423	A	0	0	1423	34.5
A_PB1	2179	1445	C	0	0	1445	36.2
A_PB1	2180	1361	G	0	0	1361	35.4
A_PB1	2181	1391	A	0	0	1391	37.0
A_PB1	2182	1408	A	0	0	1408	36.0
A_PB1	2183	1401	T	0	0	1401	35.3
A_PB1	2184	1357	T	0	0	1357	36.0
A_PB1	2185	1368	G	0	0	1368	36.2
A_PB1	2186	1354	A	0	0	1354	34.8
A_PB1	2187	1246	C	0	0	1246	36.6
A_PB1	2188	1255	T	0	0	1255	35.0
A_PB1	2189	1333	T	0	0	1333	36.8
A_PB1	2190	1245	C	0	0	1245	35.5
A_PB1	2191	1287	G	0	0	1287	36.9
A_PB1	2192	1362	A	0	0	1362	36.8
A_PB1	2193	1169	A	0	0	1169	37.5
A_PB1	2194	1290	T	0	0	1290	37.3
A_PB1	2195	1295	C	0	0	1295	37.7
A_PB1	2196	1270	T	0	0	1270	35.1
A_PB1	2197	1190	G	0	0	1190	34.1
A_PB1	2198	1170	G	0	0	1170	34.5
A_PB1	2199	1293	A	0	0	1293	37.5
A_PB1	2200	1244	C	0	0	1244	36.5
A_PB1	2201	1152	G	0	0	1152	35.6
A_PB1	2202	1207	G	0	0	1207	34.8
A_PB1	2203	1091	A	0	0	1091	36.4
A_PB1	2204	1092	T	0	0	1092	34.5
A_PB1	2205	1051	T	0	0	1051	37.7
A_PB1	2206	1169	A	0	0	1169	34.1
A_PB1	2207	1113	A	0	0	1113	34.0
A_PB1	2208	1045	G	0	0	1045	37.2
A_PB1	2209	1063	A	0	0	1063	34.3
A_PB1	2210	1073	A	0	0	1073	34.1
A_PB1	2211	1055	G	0	0	1055	34.1
A_PB1	2212	1007	G	0	0	1007	35.1
A_PB1	2213	1094	A	0	0	1094	35.9
A_PB1	2214	1026	G	0	0	1026	35.8
A_PB1	2215	935	G	0	0	935	36.7
A_PB1	2216	939	A	0	0	939	37.4
A_PB1	2217	1045	G	0	0	1045	34.6
A_PB1	2218	980	T	0	0	980	34.3
A_PB1	2219	866	T	0	0	866	35.8
A_PB1	2220	951	T	0	0	951	35.0
A_PB1	2221	957	G	0	0	957	36.1
A_PB1	2222	977	C	0	0	977	37.3
A_PB1	2223	947	T	0	0	947	35.2
A_PB1	2224	922	G	0	0	922	36.3
A_PB1	2225	909	A	0	0	909	36.7
A_PB1	2226	931	G	0	0	931	36.1
A_PB1	2227	939	A	0	0	939	34.4
A_PB1	2228	839	T	0	0	839	37.2
A_PB1	2229	785	C	0	0	785	37.0
A_PB1	2230	866	A	0	0	866	36.8
A_PB1	2231	832	T	0	0	832	35.5
A_PB1	2232	771	G	0	0	771	36.7
A_PB1	2233	714	A	0	0	714	36.1
A_PB1	2234	748	A	0	0	748	34.1
A_PB1	2235	734	G	0	0	734	34.5
A_PB1	2236	791	A	0	0	791	37.0
A_PB1	2237	687	T	0	0	687	35.4
A_PB1	2238	671	C	0	0	671	34.9
A_PB1	2239	657	T	0	0	657	34.5
A_PB1	2240	707	G	0	0	707	35.4
A_PB1	2241	630	T	0	0	630	37.7
A_PB1	2242	580	T	0	0	580	34.1
A_PB1	2243	609	C	0	0	609	34.5
A_PB1	2244	541	C	0	0	541	37.0
A_PB1	2245	555	A	0	0	555	35.5
A_PB1	2246	594	C	0	0	594	34.8
A_PB1	2247	581	C	0	0	581	37.5
A_PB1	2248	575	A	0	0	575	35.1
A_PB1	2249	522	T	0	0	522	36.5
A_PB1	2250	548	T	0	0	548	34.8
A_PB1	2251	529	G	0	0	529	35.1
A_PB1	2252	483	A	0	0	483	37.3
A_PB1	2253	428	A	0	0	428	34.1
A_PB1	2254	395	G	0	0	395	36.0
A_PB1	2255	393	A	0	0	393	35.9
A_PB1	2256	417	G	0	0	417	35.6
A_PB1	2257	351	C	0	0	351	34.7
A_PB1	2258	298	T	0	0	298	35.5
A_PB1	2259	293	C	0	0	293	37.2
A_PB1	2260	291	A	0	0	291	37.6
A_PB1	2261	293	G	0	0	293	36.7
A_PB1	2262	238	A	0	0	238	35.4
A_PB1	2263	277	C	0	0	277	34.5
A_PB1	2264	215	G	0	0	215	34.5
A_PB1	2265	188	G	0	0	188	34.4
A_PB1	2266	175	C	0	0	175	36.3
A_PB1	2267	155	A	0	0	155	36.2
A_PB1	2268	123	G	0	0	123	35.7
A_PB1	2269	117	A	0	0	117	34.0
A_PB1	2270	93	A	0	0	93	34.6
A_PB1	2271	68	A	0	0	68	36.3
A_PB1	2272	42	T	0	0	42	35.1
A_PB1	2273	23	A	0	0	23	34.4
A_PB1	2274	0	G	0	0	0	34.5
