Reference_Name	Position	Coverage Depth	Consensus	Deletions	Ambiguous	Consensus_Count	Consensus_Average_Quality
A_PB2	1	16	A	0	0	16	37.3
A_PB2	2	34	T	0	0	34	35.7
A_PB2	3	56	G	0	0	56	35.4
A_PB2	4	73	G	0	0	73	36.6
A_PB2	5	96	A	0	0	96	37.8
A_PB2	6	95	G	0	0	95	37.8
A_PB2	7	135	A	0	0	135	35.4
A_PB2	8	136	G	0	0	136	37.2
A_PB2	9	133	A	0	0	133	34.3
A_PB2	10	159	A	0	0	159	35.5
A_PB2	11	166	T	0	0	166	36.0
A_PB2	12	210	A	0	0	210	36.1
A_PB2	13	212	A	0	0	212	36.4
A_PB2	14	244	A	0	0	244	35.2
A_PB2	15	217	A	0	0	217	34.2
A_PB2	16	251	G	0	0	251	34.4
A_PB2	17	273	A	0	0	273	34.9
A_PB2	18	265	A	0	0	265	36.6
A_PB2	19	300	C	0	0	300	35.8
A_PB2	20	325	T	0	0	325	36.5
A_PB2	21	362	A	0	0	362	35.8
A_PB2	22	378	A	0	0	378	37.0
A_PB2	23	369	G	0	0	369	36.5
A_PB2	24	378	A	0	0	378	34.6
A_PB2	25	440	G	0	0	440	37.5
A_PB2	26	375	A	0	0	375	37.3
A_PB2	27	396	T	0	0	396	34.1
A_PB2	28	435	C	0	0	435	34.0
A_PB2	29	496	T	0	0	496	35.9
A_PB2	30	487	A	0	0	487	37.2
A_PB2	31	455	A	0	0	455	36.3
A_PB2	32	466	T	0	0	466	34.4
A_PB2	33	498	G	0	0	498	36.3
A_PB2	34	466	T	0	0	466	37.6
A_PB2	35	550	C	0	0	550	37.1
A_PB2	36	586	A	0	0	586	34.5
A_PB2	37	525	C	0	0	525	37.5
A_PB2	38	568	A	0	0	568	37.1
A_PB2	39	591	G	0	0	591	35.8
A_PB2	40	670	T	0	0	670	37.4
A_PB2	41	532	C	0	0	532	34.4
A_PB2	42	660	T	0	0	660	36.3
A_PB2	43	648	C	0	0	648	35.2
A_PB2	44	583	G	0	0	583	37.7
A_PB2	45	666	C	0	0	666	36.4
A_PB2	46	630	A	0	0	630	37.7
A_PB2	47	668	C	0	0	668	34.5
A_PB2	48	747	T	0	0	747	36.4
A_PB2	49	744	C	0	0	744	36.6
A_PB2	50	746	G	0	0	746	36.0
A_PB2	51	741	C	0	0	741	36.4
A_PB2	52	731	G	0	0	731	34.5
A_PB2	53	785	A	0	0	785	36.2
A_PB2	54	758	G	0	0	758	35.8
A_PB2	55	723	A	0	0	723	34.8
A_PB2	56	730	T	0	0	730	34.9
A_PB2	57	817	A	0	0	817	34.8
A_PB2	58	870	C	0	0	870	37.6
A_PB2	59	837	T	0	0	837	34.9
A_PB2	60	848	G	0	0	848	35.2
A_PB2	61	853	A	0	0	853	34.7
A_PB2	62	908	C	0	0	908	34.9
A_PB2	63	873	C	0	0	873	35.8
A_PB2	64	902	A	0	0	902	37.4
A_PB2	65	945	A	0	0	945	37.4
A_PB2	66	885	A	0	0	885	35.7
A_PB2	67	959	A	0	0	959	34.7
A_PB2	68	1084	C	0	0	1084	37.2
A_PB2	69	936	C	0	0	936	37.2
A_PB2	70	826	A	0	0	826	35.0
A_PB2	71	925	C	0	0	925	37.4
A_PB2	72	1049	T	0	0	1049	34.2
A_PB2	73	1029	G	0	0	1029	35.4
A_PB2	74	1098	T	0	0	1098	35.4
A_PB2	75	1073	T	0	0	1073	34.2
A_PB2	76	1161	G	0	0	1161	34.4
A_PB2	77	1159	A	0	0	1159	35.2
A_PB2	78	1120	C	0	0	1120	35.1
A_PB2	79	1190	C	0	0	1190	34.4
A_PB2	80	1101	A	0	0	1101	36.4
A_PB2	81	1045	C	0	0	1045	34.1
A_PB2	82	1308	A	0	0	1308	34.5
A_PB2	83	1326	T	0	0	1326	37.9
A_PB2	84	1183	G	0	0	1183	36.7
A_PB2	85	1294	G	0	0	1294	35.8
A_PB2	86	1296	C	0	0	1296	36.8
A_PB2	87	1300	C	0	0	1300	36.7
A_PB2	88	1226	A	0	0	1226	36.7
A_PB2	89	1320	T	0	0	1320	36.2
A_PB2	90	1329	A	0	0	1329	37.1
A_PB2	91	1470	A	0	0	1470	34.2
A_PB2	92	1425	T	0	0	1425	36.1
A_PB2	93	1390	C	0	0	1390	37.0
A_PB2	94	1372	A	0	0	1372	36.2
A_PB2	95	1253	A	0	0	1253	34.9
A_PB2	96	1465	A	0	0	1465	36.7
A_PB2	97	1495	A	0	0	1495	36.9
A_PB2	98	1487	A	0	0	1487	35.7
A_PB2	99	1429	G	0	0	1429	34.1
A_PB2	100	1564	T	0	0	1564	36.8
A_PB2	101	1426	A	0	0	1426	34.9
A_PB2	102	1345	C	0	0	1345	35.6
A_PB2	103	1483	A	0	0	1483	35.8
A_PB2	104	1710	C	0	0	1710	35.1
A_PB2	105	1551	A	0	0	1551	37.9
A_PB2	106	1575	T	0	0	1575	34.1
A_PB2	107	1604	C	0	0	1604	34.5
A_PB2	108	1648	G	0	0	1648	37.9
A_PB2	109	1581	G	0	0	1581	36.8
A_PB2	110	1769	G	0	0	1769	34.1
A_PB2	111	1684	A	0	0	1684	36.5
A_PB2	112	1602	A	0	0	1602	38.0
A_PB2	113	1730	G	0	0	1730	37.0
A_PB2	114	1689	G	0	0	1689	37.9
A_PB2	115	1925	C	0	0	1925	35.7
A_PB2	116	1733	A	0	0	1733	36.0
A_PB2	117	1771	A	0	0	1771	36.6
A_PB2	118	1754	G	0	0	1754	35.1
A_PB2	119	1851	A	0	0	1851	36.7
A_PB2	120	1839	G	0	0	1839	35.2
A_PB2	121	1955	A	0	0	1955	37.9
A_PB2	122	2053	A	0	0	2053	35.6
A_PB2	123	1883	G	0	0	1883	36.3
A_PB2	124	2143	A	0	0	2143	36.0
A_PB2	125	2111	A	0	0	2111	36.4
A_PB2	126	1967	C	0	0	1967	35.1
A_PB2	127	2089	C	0	0	2089	35.8
A_PB2	128	2147	C	0	0	2147	35.8
A_PB2	129	1977	C	0	0	1977	35.0
A_PB2	130	1980	G	0	0	1980	37.5
A_PB2	131	1928	C	0	0	1928	37.2
A_PB2	132	1928	A	0	0	1928	37.0
A_PB2	133	2031	C	0	0	2031	36.1
A_PB2	134	2240	T	0	0	2240	35.7
A_PB2	135	2166	C	0	0	2166	37.8
A_PB2	136	2326	A	0	0	2326	37.3
A_PB2	137	2205	G	0	0	2205	36.1
A_PB2	138	2478	A	0	0	2478	35.9
A_PB2	139	2356	A	0	0	2356	35.9
A_PB2	140	2297	T	0	0	2297	36.3
A_PB2	141	2281	G	0	0	2281	36.8
A_PB2	142	2218	A	0	0	2218	37.0
A_PB2	143	2183	A	0	0	2183	34.0
A_PB2	144	2152	A	0	0	2152	35.2
A_PB2	145	2148	T	0	0	2148	37.8
A_PB2	146	2269	G	0	0	2269	34.6
A_PB2	147	2407	G	0	0	2407	34.9
A_PB2	148	2256	A	0	0	2256	36.5
A_PB2	149	2243	T	0	0	2243	36.8
A_PB2	150	2308	G	0	0	2308	34.8
A_PB2	151	2230	A	0	0	2230	36.5
A_PB2	152	2777	T	0	0	2777	35.5
A_PB2	153	2417	G	0	0	2417	35.9
A_PB2	154	2461	G	0	0	2461	34.6
A_PB2	155	2424	C	0	0	2424	35.5
A_PB2	156	2103	A	0	0	2103	35.2
A_PB2	157	2579	A	0	0	2579	37.2
A_PB2	158	2379	T	0	0	2379	34.1
A_PB2	159	2372	G	0	0	2372	35.9
A_PB2	160	2300	A	0	0	2300	37.2
A_PB2	161	2482	A	0	0	2482	34.3
A_PB2	162	2194	A	0	0	2194	36.6
A_PB2	163	2343	T	0	0	2343	35.4
A_PB2	164	2503	A	0	0	2503	36.7
A_PB2	165	2413	T	0	0	2413	35.0
A_PB2	166	2670	C	0	0	2670	37.3
A_PB2	167	2489	C	0	0	2489	37.8
A_PB2	168	2192	A	0	0	2192	34.6
A_PB2	169	2352	A	0	0	2352	37.0
A_PB2	170	2168	T	0	0	2168	34.5
A_PB2	171	2564	T	0	0	2564	35.8
A_PB2	172	2292	A	0	0	2292	34.8
A_PB2	173	2296	C	0	0	2296	35.5
A_PB2	174	2484	A	0	0	2484	37.9
A_PB2	175	2457	G	0	0	2457	36.6
A_PB2	176	2155	C	0	0	2155	36.2
A_PB2	177	2489	A	0	0	2489	36.2
A_PB2	178	2209	G	0	0	2209	34.6
A_PB2	179	2886	A	0	0	2886	37.4
A_PB2	180	2652	T	0	0	2652	36.3
A_PB2	181	2718	A	0	0	2718	37.4
A_PB2	182	2265	A	0	0	2265	36.5
A_PB2	183	2686	G	0	0	2686	36.4
A_PB2	184	2540	C	0	0	2540	34.3
A_PB2	185	2679	G	0	0	2679	37.6
A_PB2	186	2994	A	0	0	2994	37.7
A_PB2	187	2718	A	0	0	2718	36.8
A_PB2	188	2423	T	0	0	2423	34.1
A_PB2	189	2695	A	0	0	2695	35.2
A_PB2	190	2684	A	0	0	2684	36.1
A_PB2	191	2754	T	0	0	2754	35.1
A_PB2	192	2456	G	0	0	2456	35.4
A_PB2	193	2846	G	0	0	2846	34.8
A_PB2	194	2755	A	0	0	2755	34.7
A_PB2	195	2598	A	0	0	2598	36.3
A_PB2	196	2525	A	0	0	2525	37.0
A_PB2	197	2658	T	0	0	2658	37.9
A_PB2	198	2624	G	0	0	2624	34.9
A_PB2	199	2666	A	0	0	2666	34.9
A_PB2	200	2658	T	0	0	2658	37.1
A_PB2	201	2518	C	0	0	2518	36.2
A_PB2	202	2610	C	0	0	2610	38.0
A_PB2	203	2777	C	0	0	2777	34.2
A_PB2	204	2435	T	0	0	2435	37.1
A_PB2	205	2744	G	0	0	2744	35.2
A_PB2	206	2888	A	0	0	2888	37.3
A_PB2	207	2589	G	0	0	2589	35.6
A_PB2	208	2725	A	0	0	2725	36.7
A_PB2	209	2675	G	0	0	2675	37.4
A_PB2	210	2852	G	0	0	2852	37.2
A_PB2	211	2961	A	0	0	2961	34.2
A_PB2	212	2640	A	0	0	2640	37.1
A_PB2	213	2859	T	0	0	2859	35.8
A_PB2	214	2705	G	0	0	2705	37.8
A_PB2	215	2709	A	0	0	2709	35.7
A_PB2	216	2752	A	0	0	2752	37.6
A_PB2	217	2399	C	0	0	2399	38.0
A_PB2	218	2716	A	0	0	2716	36.3
A_PB2	219	2765	A	0	0	2765	34.7
A_PB2	220	2948	G	0	0	2948	37.3
A_PB2	221	2602	G	0	0	2602	35.6
A_PB2	222	2759	G	0	0	2759	36.1
A_PB2	223	2674	C	0	0	2674	37.9
A_PB2	224	2975	A	0	0	2975	34.7
A_PB2	225	3037	A	0	0	3037	35.9
A_PB2	226	2632	A	0	0	2632	36.3
A_PB2	227	2785	C	0	0	2785	36.7
A_PB2	228	2667	T	0	0	2667	35.0
A_PB2	229	2824	C	0	0	2824	36.9
A_PB2	230	2662	T	0	0	2662	36.6
A_PB2	231	2670	C	0	0	2670	37.6
A_PB2	232	2774	T	0	0	2774	36.1
A_PB2	233	2805	G	0	0	2805	34.4
A_PB2	234	2548	G	0	0	2548	37.0
A_PB2	235	2595	A	0	0	2595	34.7
A_PB2	236	2673	G	0	0	2673	37.5
A_PB2	237	2856	C	0	0	2856	36.5
A_PB2	238	2708	A	0	0	2708	35.8
A_PB2	239	2634	A	0	0	2634	35.8
A_PB2	240	2853	A	0	0	2853	35.6
A_PB2	241	2576	A	0	0	2576	36.2
A_PB2	242	2818	C	0	0	2818	34.3
A_PB2	243	2777	A	0	0	2777	35.4
A_PB2	244	2870	A	0	0	2870	36.8
A_PB2	245	2775	A	0	0	2775	36.1
A_PB2	246	2840	C	0	0	2840	34.1
A_PB2	247	2809	G	0	0	2809	36.6
A_PB2	248	2588	A	0	0	2588	34.3
A_PB2	249	2726	T	0	0	2726	35.9
A_PB2	250	2852	G	0	0	2852	37.0
A_PB2	251	2571	C	0	0	2571	37.5
A_PB2	252	2948	C	0	0	2948	36.1
A_PB2	253	2897	G	0	0	2897	36.0
A_PB2	254	2818	G	0	0	2818	36.7
A_PB2	255	2988	A	0	0	2988	37.5
A_PB2	256	2695	T	0	0	2695	35.9
A_PB2	257	2778	C	0	0	2778	35.8
A_PB2	258	3126	A	0	0	3126	35.3
A_PB2	259	2686	G	0	0	2686	36.9
A_PB2	260	2754	A	0	0	2754	35.9
A_PB2	261	2796	C	0	0	2796	35.9
A_PB2	262	2985	C	0	0	2985	35.8
A_PB2	263	2765	G	0	0	2765	35.1
A_PB2	264	2682	A	0	0	2682	36.2
A_PB2	265	3117	G	0	0	3117	36.9
A_PB2	266	2792	T	0	0	2792	36.0
A_PB2	267	2789	G	0	0	2789	37.4
A_PB2	268	2750	A	0	0	2750	37.7
A_PB2	269	2786	T	0	0	2786	37.9
A_PB2	270	2797	G	0	0	2797	36.8
A_PB2	271	2807	G	0	0	2807	36.9
A_PB2	272	2624	T	0	0	2624	37.8
A_PB2	273	2709	A	0	0	2709	37.5
A_PB2	274	2576	T	0	0	2576	35.1
A_PB2	275	2716	C	0	0	2716	37.0
A_PB2	276	2630	A	0	0	2630	34.7
A_PB2	277	2631	C	0	0	2631	37.1
A_PB2	278	2692	C	0	0	2692	36.6
A_PB2	279	2776	C	0	0	2776	36.1
A_PB2	280	2914	C	0	0	2914	36.5
A_PB2	281	2941	T	0	0	2941	37.8
A_PB2	282	2842	G	0	0	2842	35.6
A_PB2	283	2487	G	0	0	2487	37.6
A_PB2	284	3371	C	0	0	3371	34.4
A_PB2	285	2861	T	0	0	2861	37.5
A_PB2	286	2691	G	0	0	2691	37.5
A_PB2	287	2565	T	0	0	2565	34.0
A_PB2	288	2587	G	0	0	2587	34.7
A_PB2	289	2665	A	0	0	2665	35.3
A_PB2	290	2550	C	0	0	2550	35.9
A_PB2	291	2488	A	0	0	2488	35.2
A_PB2	292	2671	T	0	0	2671	37.1
A_PB2	293	2776	G	0	0	2776	35.4
A_PB2	294	2507	G	0	0	2507	35.2
A_PB2	295	2996	T	0	0	2996	37.6
A_PB2	296	2589	G	0	0	2589	35.0
A_PB2	297	2619	G	0	0	2619	36.7
A_PB2	298	2587	A	0	0	2587	36.8
A_PB2	299	2459	A	0	0	2459	37.2
A_PB2	300	3018	C	0	0	3018	34.8
A_PB2	301	2533	A	0	0	2533	35.8
A_PB2	302	2783	G	0	0	2783	37.7
A_PB2	303	2984	G	0	0	2984	35.0
A_PB2	304	2720	A	0	0	2720	35.2
A_PB2	305	2593	A	0	0	2593	34.2
A_PB2	306	2370	C	0	0	2370	35.3
A_PB2	307	2420	G	0	0	2420	34.9
A_PB2	308	2540	G	0	0	2540	36.6
A_PB2	309	2853	A	0	0	2853	35.0
A_PB2	310	2834	C	0	0	2834	36.7
A_PB2	311	2543	C	0	0	2543	35.7
A_PB2	312	2564	A	0	0	2564	34.7
A_PB2	313	2410	A	0	0	2410	37.0
A_PB2	314	2666	C	0	0	2666	37.7
A_PB2	315	2816	A	0	0	2816	34.8
A_PB2	316	2676	A	0	0	2676	34.9
A_PB2	317	2859	C	0	0	2859	35.6
A_PB2	318	2934	A	0	0	2934	35.5
A_PB2	319	2412	A	0	0	2412	37.0
A_PB2	320	2723	G	0	0	2723	36.5
A_PB2	321	2795	T	0	0	2795	36.1
A_PB2	322	2565	A	0	0	2565	35.7
A_PB2	323	2617	C	0	0	2617	36.3
A_PB2	324	2435	A	0	0	2435	37.6
A_PB2	325	2510	G	0	0	2510	34.1
A_PB2	326	2748	T	0	0	2748	36.0
A_PB2	327	2613	C	0	0	2613	35.2
A_PB2	328	2560	C	0	0	2560	38.0
A_PB2	329	2709	A	0	0	2709	36.4
A_PB2	330	2670	C	0	0	2670	35.1
A_PB2	331	2664	T	0	0	2664	36.1
A_PB2	332	2464	A	0	0	2464	34.9
A_PB2	333	2525	C	0	0	2525	34.0
A_PB2	334	2460	C	0	0	2460	35.9
A_PB2	335	2307	C	0	0	2307	34.2
A_PB2	336	2764	A	0	0	2764	37.3
A_PB2	337	2473	A	0	0	2473	37.6
A_PB2	338	2510	A	0	0	2510	37.1
A_PB2	339	2283	G	0	0	2283	37.7
A_PB2	340	2497	G	0	0	2497	36.5
A_PB2	341	2764	T	0	0	2764	35.6
A_PB2	342	2584	A	0	0	2584	37.0
A_PB2	343	2437	T	0	0	2437	37.7
A_PB2	344	2704	A	0	0	2704	35.5
A_PB2	345	2558	T	0	0	2558	34.5
A_PB2	346	2271	A	0	0	2271	34.7
A_PB2	347	2927	A	0	0	2927	37.9
A_PB2	348	2443	A	0	0	2443	37.9
A_PB2	349	2544	A	0	0	2544	34.7
A_PB2	350	3126	C	0	0	3126	34.6
A_PB2	351	2498	T	0	0	2498	34.6
A_PB2	352	2388	T	0	0	2388	35.3
A_PB2	353	2503	A	0	0	2503	34.9
A_PB2	354	2623	T	0	0	2623	34.3
A_PB2	355	2608	T	0	0	2608	35.7
A_PB2	356	2681	T	0	0	2681	35.3
A_PB2	357	2782	C	0	0	2782	36.1
A_PB2	358	2474	G	0	0	2474	35.2
A_PB2	359	2417	A	0	0	2417	35.4
A_PB2	360	2460	A	0	0	2460	37.7
A_PB2	361	2763	A	0	0	2763	34.9
A_PB2	362	2455	A	0	0	2455	35.8
A_PB2	363	2550	A	0	0	2550	35.9
A_PB2	364	2504	G	0	0	2504	35.0
A_PB2	365	2535	T	0	0	2535	34.5
A_PB2	366	2542	T	0	0	2542	35.6
A_PB2	367	2838	G	0	0	2838	37.0
A_PB2	368	2496	A	0	0	2496	34.7
A_PB2	369	2584	A	0	0	2584	37.3
A_PB2	370	2594	A	0	0	2594	36.5
A_PB2	371	2861	G	0	0	2861	35.7
A_PB2	372	2667	G	0	0	2667	35.9
A_PB2	373	3079	T	0	0	3079	35.7
A_PB2	374	2853	T	0	0	2853	35.4
A_PB2	375	2503	G	0	0	2503	37.8
A_PB2	376	2707	A	0	0	2707	37.5
A_PB2	377	2551	A	0	0	2551	37.6
A_PB2	378	2624	A	0	0	2624	37.9
A_PB2	379	2397	C	0	0	2397	34.1
A_PB2	380	2510	A	0	0	2510	34.0
A_PB2	381	2655	C	0	0	2655	37.9
A_PB2	382	2606	G	0	0	2606	36.3
A_PB2	383	2707	G	0	0	2707	37.7
A_PB2	384	2772	G	0	0	2772	36.0
A_PB2	385	2651	A	0	0	2651	37.0
A_PB2	386	2936	C	0	0	2936	37.5
A_PB2	387	2528	C	0	0	2528	38.0
A_PB2	388	3206	T	0	0	3206	35.9
A_PB2	389	2686	T	0	0	2686	34.5
A_PB2	390	3022	T	0	0	3022	37.2
A_PB2	391	2448	G	0	0	2448	35.8
A_PB2	392	2938	G	0	0	2938	36.1
A_PB2	393	2959	C	0	0	2959	37.5
A_PB2	394	2953	C	0	0	2953	37.0
A_PB2	395	2797	C	0	0	2797	35.9
A_PB2	396	2879	T	0	0	2879	37.9
A_PB2	397	2813	G	0	0	2813	35.2
A_PB2	398	2839	T	0	0	2839	37.1
A_PB2	399	2885	G	0	0	2885	35.7
A_PB2	400	2852	C	0	0	2852	36.6
A_PB2	401	2958	A	0	0	2958	34.8
A_PB2	402	3018	C	0	0	3018	34.2
A_PB2	403	2867	T	0	0	2867	36.7
A_PB2	404	2988	T	0	0	2988	36.1
A_PB2	405	2630	C	0	0	2630	35.8
A_PB2	406	2969	A	0	0	2969	36.6
A_PB2	407	2795	G	0	0	2795	34.5
A_PB2	408	2745	A	0	0	2745	35.0
A_PB2	409	2829	A	0	0	2829	34.5
A_PB2	410	2666	A	0	0	2666	34.8
A_PB2	411	2864	C	0	0	2864	37.2
A_PB2	412	2702	C	0	0	2702	36.5
A_PB2	413	3021	A	0	0	3021	34.0
A_PB2	414	3193	A	0	0	3193	36.9
A_PB2	415	3118	G	0	0	3118	36.2
A_PB2	416	2866	T	0	0	2866	36.5
A_PB2	417	2992	T	0	0	2992	37.2
A_PB2	418	3138	A	0	0	3138	34.2
A_PB2	419	2799	A	0	0	2799	36.2
A_PB2	420	3016	G	0	0	3016	36.2
A_PB2	421	2871	A	0	0	2871	35.6
A_PB2	422	2759	T	0	0	2759	38.0
A_PB2	423	3017	A	0	0	3017	34.9
A_PB2	424	2837	A	0	0	2837	35.2
A_PB2	425	3072	G	0	0	3072	36.7
A_PB2	426	3259	A	0	0	3259	37.9
A_PB2	427	2873	C	0	0	2873	37.5
A_PB2	428	3044	G	0	0	3044	35.4
A_PB2	429	3181	G	0	0	3181	35.0
A_PB2	430	3220	A	0	0	3220	37.7
A_PB2	431	3148	G	0	0	3148	36.7
A_PB2	432	3744	G	0	0	3744	35.1
A_PB2	433	3578	G	0	0	3578	35.2
A_PB2	434	3127	T	0	0	3127	37.5
A_PB2	435	3146	C	0	0	3146	36.1
A_PB2	436	3271	G	0	0	3271	35.8
A_PB2	437	3041	A	0	0	3041	36.7
A_PB2	438	3088	T	0	0	3088	36.0
A_PB2	439	3478	A	0	0	3478	34.4
A_PB2	440	3425	T	0	0	3425	36.9
A_PB2	441	3035	A	0	0	3035	36.7
A_PB2	442	3033	A	0	0	3033	36.4
A_PB2	443	3377	A	0	0	3377	35.9
A_PB2	444	3303	C	0	0	3303	34.6
A_PB2	445	3159	C	0	0	3159	37.7
A_PB2	446	2949	C	0	0	2949	36.0
A_PB2	447	2869	G	0	0	2869	35.3
A_PB2	448	3221	G	0	0	3221	36.9
A_PB2	449	3279	G	0	0	3279	36.6
A_PB2	450	3128	C	0	0	3128	36.5
A_PB2	451	3095	C	0	0	3095	34.4
A_PB2	452	2771	A	0	0	2771	35.6
A_PB2	453	3332	T	0	0	3332	37.4
A_PB2	454	3263	G	0	0	3263	37.9
A_PB2	455	3378	C	0	0	3378	37.4
A_PB2	456	2853	T	0	0	2853	37.0
A_PB2	457	3124	G	0	0	3124	37.2
A_PB2	458	3275	A	0	0	3275	34.8
A_PB2	459	3590	C	0	0	3590	34.7
A_PB2	460	3474	C	0	0	3474	35.9
A_PB2	461	3522	T	0	0	3522	36.2
A_PB2	462	3462	C	0	0	3462	35.5
A_PB2	463	3512	A	0	0	3512	37.4
A_PB2	464	3600	G	0	0	3600	36.1
A_PB2	465	3588	T	0	0	3588	37.0
A_PB2	466	3522	G	0	0	3522	36.3
A_PB2	467	3529	C	0	0	3529	34.5
A_PB2	468	3582	C	0	0	3582	35.4
A_PB2	469	3644	A	0	0	3644	36.0
A_PB2	470	3315	A	0	0	3315	37.8
A_PB2	471	3448	A	0	0	3448	37.6
A_PB2	472	3539	G	0	0	3539	35.3
A_PB2	473	3168	A	0	0	3168	37.3
A_PB2	474	3625	G	0	0	3625	35.7
A_PB2	475	3608	G	0	0	3608	34.6
A_PB2	476	3374	C	0	0	3374	36.8
A_PB2	477	3465	G	0	0	3465	36.1
A_PB2	478	3345	C	0	0	3345	35.7
A_PB2	479	3256	A	0	0	3256	35.2
A_PB2	480	3705	G	0	0	3705	36.7
A_PB2	481	3436	G	0	0	3436	36.5
A_PB2	482	3345	A	0	0	3345	34.7
A_PB2	483	3522	T	0	0	3522	35.8
A_PB2	484	3392	G	0	0	3392	36.5
A_PB2	485	3501	T	0	0	3501	34.5
A_PB2	486	3505	A	0	0	3505	35.1
A_PB2	487	3391	A	0	0	3391	35.4
A_PB2	488	3760	T	0	0	3760	36.3
A_PB2	489	3896	C	0	0	3896	35.7
A_PB2	490	3644	A	0	0	3644	35.1
A_PB2	491	3488	T	0	0	3488	37.4
A_PB2	492	3647	G	0	0	3647	35.1
A_PB2	493	3594	G	0	0	3594	35.2
A_PB2	494	3642	A	0	0	3642	34.5
A_PB2	495	3873	A	0	0	3873	37.9
A_PB2	496	3836	G	0	0	3836	36.6
A_PB2	497	3393	T	0	0	3393	35.1
A_PB2	498	3708	C	0	0	3708	37.3
A_PB2	499	3766	G	0	0	3766	35.8
A_PB2	500	4165	T	0	0	4165	34.4
A_PB2	501	3860	C	0	0	3860	37.5
A_PB2	502	3795	T	0	0	3795	34.9
A_PB2	503	3804	T	0	0	3804	37.5
A_PB2	504	4066	C	0	0	4066	37.0
A_PB2	505	4124	C	0	0	4124	36.7
A_PB2	506	3907	C	0	0	3907	34.7
A_PB2	507	3906	A	0	0	3906	36.6
A_PB2	508	3554	A	0	0	3554	34.3
A_PB2	509	3910	A	0	0	3910	34.4
A_PB2	510	3697	T	0	0	3697	36.7
A_PB2	511	3729	G	0	0	3729	37.5
A_PB2	512	3583	A	0	0	3583	37.7
A_PB2	513	3844	A	0	0	3844	34.9
A_PB2	514	4114	G	0	0	4114	35.5
A_PB2	515	3616	T	0	0	3616	37.3
A_PB2	516	4119	G	0	0	4119	34.8
A_PB2	517	3898	G	0	0	3898	34.8
A_PB2	518	3915	G	0	0	3915	35.2
A_PB2	519	3781	A	0	0	3781	37.1
A_PB2	520	3855	G	0	0	3855	34.8
A_PB2	521	4286	C	0	0	4286	38.0
A_PB2	522	3910	A	0	0	3910	36.3
A_PB2	523	3717	A	0	0	3717	35.3
A_PB2	524	3562	G	0	0	3562	35.7
A_PB2	525	3912	G	0	0	3912	36.2
A_PB2	526	4453	A	0	0	4453	35.7
A_PB2	527	3579	T	0	0	3579	36.6
A_PB2	528	3840	A	0	0	3840	34.9
A_PB2	529	4067	T	0	0	4067	37.7
A_PB2	530	3782	T	0	0	3782	36.5
A_PB2	531	3888	G	0	0	3888	35.6
A_PB2	532	3407	A	0	0	3407	35.9
A_PB2	533	3837	C	0	0	3837	37.8
A_PB2	534	3738	G	0	0	3738	35.4
A_PB2	535	4256	T	0	0	4256	34.3
A_PB2	536	3794	C	0	0	3794	36.0
A_PB2	537	3853	G	0	0	3853	37.0
A_PB2	538	3471	G	0	0	3471	35.6
A_PB2	539	3914	A	0	0	3914	37.2
A_PB2	540	3655	G	0	0	3655	34.3
A_PB2	541	3653	T	0	0	3653	36.5
A_PB2	542	4007	C	0	0	4007	34.6
A_PB2	543	4126	A	0	0	4126	35.4
A_PB2	544	3949	C	0	0	3949	37.0
A_PB2	545	3937	A	0	0	3937	34.9
A_PB2	546	3704	A	0	0	3704	36.3
A_PB2	547	4024	C	0	0	4024	35.5
A_PB2	548	3935	T	0	0	3935	34.2
A_PB2	549	3725	G	0	0	3725	36.0
A_PB2	550	4049	A	0	0	4049	35.4
A_PB2	551	3756	C	0	0	3756	35.6
A_PB2	552	3901	G	0	0	3901	34.8
A_PB2	553	3933	A	0	0	3933	35.5
A_PB2	554	3943	T	0	0	3943	37.7
A_PB2	555	3830	A	0	0	3830	34.0
A_PB2	556	3891	A	0	0	3891	37.0
A_PB2	557	4089	C	0	0	4089	37.9
A_PB2	558	3450	A	0	0	3450	35.7
A_PB2	559	4077	A	0	0	4077	35.9
A_PB2	560	3947	A	0	0	3947	36.5
A_PB2	561	4196	G	0	0	4196	35.7
A_PB2	562	3773	G	0	0	3773	36.8
A_PB2	563	3835	A	0	0	3835	34.3
A_PB2	564	3795	G	0	0	3795	36.8
A_PB2	565	3631	A	0	0	3631	36.1
A_PB2	566	3684	A	0	0	3684	34.0
A_PB2	567	3688	A	0	0	3688	35.9
A_PB2	568	3620	A	0	0	3620	34.2
A_PB2	569	3678	A	0	0	3678	35.4
A_PB2	570	3956	G	0	0	3956	35.2
A_PB2	571	3447	G	0	0	3447	37.5
A_PB2	572	3692	A	0	0	3692	35.9
A_PB2	573	3904	A	0	0	3904	35.5
A_PB2	574	3386	G	0	0	3386	36.5
A_PB2	575	3896	A	0	0	3896	34.4
A_PB2	576	3242	A	0	0	3242	36.2
A_PB2	577	3597	C	0	0	3597	34.9
A_PB2	578	3809	T	0	0	3809	34.7
A_PB2	579	3529	C	0	0	3529	37.4
A_PB2	580	3817	C	0	0	3817	35.4
A_PB2	581	3613	A	0	0	3613	36.3
A_PB2	582	3608	G	0	0	3608	35.5
A_PB2	583	3486	G	0	0	3486	36.2
A_PB2	584	3618	A	0	0	3618	34.5
A_PB2	585	3446	C	0	0	3446	36.4
A_PB2	586	3643	T	0	0	3643	36.1
A_PB2	587	3428	G	0	0	3428	34.5
A_PB2	588	3350	C	0	0	3350	37.4
A_PB2	589	3501	A	0	0	3501	35.0
A_PB2	590	3516	A	0	0	3516	35.7
A_PB2	591	3573	A	0	0	3573	36.6
A_PB2	592	3532	A	0	0	3532	37.8
A_PB2	593	3311	T	0	0	3311	36.3
A_PB2	594	3396	C	0	0	3396	37.0
A_PB2	595	3979	G	0	0	3979	37.8
A_PB2	596	3938	C	0	0	3938	34.3
A_PB2	597	3204	T	0	0	3204	37.4
A_PB2	598	3922	C	0	0	3922	36.3
A_PB2	599	3436	C	0	0	3436	36.8
A_PB2	600	3453	T	0	0	3453	37.4
A_PB2	601	3507	C	0	0	3507	34.2
A_PB2	602	3312	T	0	0	3312	37.8
A_PB2	603	3471	G	0	0	3471	37.3
A_PB2	604	3522	A	0	0	3522	35.5
A_PB2	605	3457	T	0	0	3457	36.2
A_PB2	606	3617	G	0	0	3617	35.2
A_PB2	607	3156	G	0	0	3156	37.8
A_PB2	608	3238	T	0	0	3238	35.4
A_PB2	609	3352	T	0	0	3352	37.1
A_PB2	610	3480	G	0	0	3480	35.9
A_PB2	611	3252	C	0	0	3252	37.8
A_PB2	612	3497	A	0	0	3497	36.6
A_PB2	613	3451	T	0	0	3451	36.9
A_PB2	614	2978	A	0	0	2978	35.0
A_PB2	615	3331	C	0	0	3331	35.7
A_PB2	616	3603	A	0	0	3603	35.2
A_PB2	617	3685	T	0	0	3685	34.3
A_PB2	618	3185	G	0	0	3185	36.1
A_PB2	619	3321	C	0	0	3321	36.0
A_PB2	620	3165	T	0	0	3165	37.4
A_PB2	621	3515	A	0	0	3515	34.5
A_PB2	622	3283	G	0	0	3283	34.6
A_PB2	623	3306	A	0	0	3306	36.4
A_PB2	624	3430	A	0	0	3430	34.3
A_PB2	625	3216	A	0	0	3216	36.9
A_PB2	626	3399	G	0	0	3399	36.5
A_PB2	627	3102	A	0	0	3102	35.3
A_PB2	628	3279	G	0	0	3279	35.3
A_PB2	629	3150	A	0	0	3150	35.9
A_PB2	630	2982	G	0	0	2982	36.8
A_PB2	631	2919	T	0	0	2919	34.4
A_PB2	632	3519	T	0	0	3519	37.7
A_PB2	633	3112	G	0	0	3112	34.3
A_PB2	634	2876	G	0	0	2876	36.9
A_PB2	635	3440	T	0	0	3440	37.3
A_PB2	636	3273	T	0	0	3273	34.1
A_PB2	637	2933	C	0	0	2933	37.4
A_PB2	638	3401	G	0	0	3401	36.4
A_PB2	639	3137	C	0	0	3137	37.5
A_PB2	640	3227	A	0	0	3227	34.2
A_PB2	641	3085	A	0	0	3085	36.1
A_PB2	642	2785	G	0	0	2785	35.8
A_PB2	643	3101	A	0	0	3101	36.5
A_PB2	644	3014	C	0	0	3014	34.3
A_PB2	645	2822	G	0	0	2822	37.0
A_PB2	646	3217	A	0	0	3217	37.7
A_PB2	647	2649	G	0	0	2649	36.2
A_PB2	648	3268	G	0	0	3268	35.8
A_PB2	649	3022	T	0	0	3022	37.6
A_PB2	650	2610	T	0	0	2610	36.1
A_PB2	651	3029	T	0	0	3029	35.5
A_PB2	652	2759	C	0	0	2759	36.0
A_PB2	653	2621	T	0	0	2621	36.7
A_PB2	654	2883	C	0	0	2883	34.1
A_PB2	655	2826	C	0	0	2826	35.1
A_PB2	656	2893	C	0	0	2893	36.9
A_PB2	657	2672	A	0	0	2672	35.6
A_PB2	658	2939	G	0	0	2939	37.9
A_PB2	659	2849	T	0	0	2849	36.4
A_PB2	660	2977	T	0	0	2977	36.4
A_PB2	661	2889	G	0	0	2889	34.6
A_PB2	662	2622	C	0	0	2622	37.2
A_PB2	663	2657	T	0	0	2657	35.5
A_PB2	664	2746	G	0	0	2746	34.3
A_PB2	665	2571	G	0	0	2571	35.2
A_PB2	666	2617	T	0	0	2617	34.4
A_PB2	667	2800	G	0	0	2800	34.7
A_PB2	668	2745	G	0	0	2745	34.8
A_PB2	669	2575	G	0	0	2575	37.7
A_PB2	670	2719	A	0	0	2719	34.8
A_PB2	671	2644	C	0	0	2644	35.8
A_PB2	672	2878	A	0	0	2878	37.1
A_PB2	673	2588	A	0	0	2588	34.3
A_PB2	674	2571	G	0	0	2571	34.7
A_PB2	675	2694	C	0	0	2694	37.7
A_PB2	676	2763	A	0	0	2763	36.2
A_PB2	677	2707	G	0	0	2707	37.6
A_PB2	678	2590	T	0	0	2590	34.7
A_PB2	679	2509	G	0	0	2509	36.3
A_PB2	680	2564	T	0	0	2564	34.9
A_PB2	681	2189	C	0	0	2189	37.9
A_PB2	682	2597	T	0	0	2597	35.8
A_PB2	683	2666	A	0	0	2666	37.7
A_PB2	684	2569	C	0	0	2569	35.9
A_PB2	685	2332	A	0	0	2332	36.2
A_PB2	686	2530	T	0	0	2530	37.4
A_PB2	687	2739	T	0	0	2739	35.2
A_PB2	688	2653	G	0	0	2653	37.5
A_PB2	689	2596	A	0	0	2596	37.5
A_PB2	690	2637	G	0	0	2637	34.8
A_PB2	691	2620	G	0	0	2620	35.5
A_PB2	692	2406	T	0	0	2406	34.6
A_PB2	693	2631	G	0	0	2631	36.9
A_PB2	694	2478	C	0	0	2478	35.6
A_PB2	695	2552	T	0	0	2552	36.9
A_PB2	696	2553	G	0	0	2553	35.7
A_PB2	697	2675	C	0	0	2675	37.5
A_PB2	698	2357	A	0	0	2357	36.9
A_PB2	699	2653	T	0	0	2653	37.9
A_PB2	700	2540	T	0	0	2540	34.6
A_PB2	701	2598	T	0	0	2598	34.1
A_PB2	702	2457	G	0	0	2457	35.8
A_PB2	703	2673	A	0	0	2673	36.6
A_PB2	704	2542	C	0	0	2542	36.2
A_PB2	705	2490	C	0	0	2490	37.5
A_PB2	706	2161	C	0	0	2161	36.2
A_PB2	707	2591	A	0	0	2591	35.5
A_PB2	708	2485	G	0	0	2485	36.2
A_PB2	709	2368	G	0	0	2368	37.9
A_PB2	710	2481	G	0	0	2481	37.1
A_PB2	711	2600	G	0	0	2600	37.0
A_PB2	712	2520	A	0	0	2520	36.0
A_PB2	713	2380	C	0	0	2380	34.7
A_PB2	714	2601	A	0	0	2601	37.2
A_PB2	715	2363	T	0	0	2363	37.0
A_PB2	716	2374	G	0	0	2374	34.0
A_PB2	717	2445	C	0	0	2445	34.0
A_PB2	718	2298	T	0	0	2298	36.4
A_PB2	719	2374	G	0	0	2374	36.8
A_PB2	720	2454	G	0	0	2454	37.8
A_PB2	721	2629	G	0	0	2629	34.3
A_PB2	722	2157	A	0	0	2157	35.5
A_PB2	723	2575	G	0	0	2575	36.8
A_PB2	724	2191	C	0	0	2191	35.9
A_PB2	725	2514	A	0	0	2514	34.7
A_PB2	726	2209	G	0	0	2209	34.3
A_PB2	727	2549	A	0	0	2549	36.9
A_PB2	728	2213	T	0	0	2213	34.7
A_PB2	729	2310	G	0	0	2310	36.2
A_PB2	730	2244	T	0	0	2244	36.5
A_PB2	731	2316	A	0	0	2316	35.9
A_PB2	732	2364	C	0	0	2364	35.6
A_PB2	733	2429	A	0	0	2429	36.4
A_PB2	734	2319	C	0	0	2319	36.4
A_PB2	735	2375	T	0	0	2375	35.1
A_PB2	736	2579	C	0	0	2579	37.9
A_PB2	737	2545	C	0	0	2545	35.5
A_PB2	738	2260	G	0	0	2260	35.7
A_PB2	739	2140	G	0	0	2140	35.2
A_PB2	740	2305	G	0	0	2305	36.0
A_PB2	741	2445	A	0	0	2445	35.3
A_PB2	742	2551	G	0	0	2551	35.9
A_PB2	743	2328	G	0	0	2328	36.5
A_PB2	744	2509	A	0	0	2509	34.4
A_PB2	745	2210	G	0	0	2210	36.9
A_PB2	746	2380	A	0	0	2380	35.4
A_PB2	747	2266	A	0	0	2266	37.0
A_PB2	748	2464	G	0	0	2464	34.7
A_PB2	749	2222	T	0	0	2222	37.9
A_PB2	750	2342	G	0	0	2342	34.4
A_PB2	751	2140	A	0	0	2140	35.8
A_PB2	752	2547	G	0	0	2547	37.8
A_PB2	753	2392	G	0	0	2392	35.8
A_PB2	754	1982	A	0	0	1982	36.3
A_PB2	755	2252	A	0	0	2252	35.3
A_PB2	756	2465	C	0	0	2465	36.9
A_PB2	757	2566	G	0	0	2566	36.3
A_PB2	758	2558	A	0	0	2558	34.2
A_PB2	759	2441	T	0	0	2441	36.0
A_PB2	760	2383	G	0	0	2383	35.0
A_PB2	761	2280	A	0	0	2280	36.8
A_PB2	762	2526	T	0	0	2526	35.9
A_PB2	763	2414	G	0	0	2414	36.0
A_PB2	764	2148	T	0	0	2148	35.1
A_PB2	765	2371	A	0	0	2371	35.8
A_PB2	766	2445	G	0	0	2445	37.2
A_PB2	767	2293	A	0	0	2293	35.4
A_PB2	768	2374	C	0	0	2374	35.7
A_PB2	769	2353	C	0	0	2353	34.3
A_PB2	770	2241	A	0	0	2241	37.3
A_PB2	771	2489	A	0	0	2489	34.4
A_PB2	772	2469	A	0	0	2469	35.3
A_PB2	773	2420	G	0	0	2420	36.9
A_PB2	774	2535	C	0	0	2535	35.5
A_PB2	775	2709	T	0	0	2709	34.3
A_PB2	776	2352	T	0	0	2352	35.7
A_PB2	777	2656	G	0	0	2656	36.0
A_PB2	778	2451	A	0	0	2451	37.5
A_PB2	779	2459	T	0	0	2459	36.7
A_PB2	780	2396	C	0	0	2396	36.9
A_PB2	781	2561	A	0	0	2561	34.2
A_PB2	782	2249	T	0	0	2249	37.5
A_PB2	783	2678	T	0	0	2678	36.2
A_PB2	784	2347	G	0	0	2347	37.3
A_PB2	785	2435	C	0	0	2435	36.0
A_PB2	786	2160	T	0	0	2160	36.6
A_PB2	787	2423	G	0	0	2423	35.6
A_PB2	788	2508	C	0	0	2508	36.2
A_PB2	789	2293	C	0	0	2293	34.6
A_PB2	790	2307	A	0	0	2307	35.9
A_PB2	791	2465	G	0	0	2465	35.9
A_PB2	792	2169	G	0	0	2169	34.6
A_PB2	793	2745	A	0	0	2745	36.2
A_PB2	794	2359	A	0	0	2359	37.6
A_PB2	795	2404	T	0	0	2404	37.7
A_PB2	796	2544	A	0	0	2544	35.6
A_PB2	797	2436	T	0	0	2436	35.9
A_PB2	798	2630	A	0	0	2630	37.3
A_PB2	799	2318	G	0	0	2318	35.5
A_PB2	800	2446	T	0	0	2446	37.6
A_PB2	801	2730	A	0	0	2730	35.0
A_PB2	802	2687	A	0	0	2687	34.8
A_PB2	803	2696	G	0	0	2696	35.9
A_PB2	804	2880	A	0	0	2880	34.5
A_PB2	805	2768	A	0	0	2768	37.1
A_PB2	806	2341	G	0	0	2341	36.2
A_PB2	807	2510	A	0	0	2510	37.6
A_PB2	808	2503	G	0	0	2503	35.3
A_PB2	809	2637	C	0	0	2637	37.8
A_PB2	810	2923	A	0	0	2923	37.4
A_PB2	811	2573	A	0	0	2573	37.1
A_PB2	812	2372	C	0	0	2372	37.0
A_PB2	813	2410	A	0	0	2410	37.1
A_PB2	814	2658	G	0	0	2658	36.8
A_PB2	815	2659	T	0	0	2659	36.9
A_PB2	816	2534	A	0	0	2534	36.4
A_PB2	817	2261	T	0	0	2261	36.7
A_PB2	818	2594	C	0	0	2594	34.7
A_PB2	819	2690	A	0	0	2690	37.9
A_PB2	820	3004	G	0	0	3004	35.8
A_PB2	821	2612	C	0	0	2612	35.0
A_PB2	822	2573	A	0	0	2573	34.2
A_PB2	823	2739	G	0	0	2739	36.3
A_PB2	824	2720	A	0	0	2720	37.9
A_PB2	825	2381	T	0	0	2381	36.6
A_PB2	826	2511	C	0	0	2511	37.9
A_PB2	827	2661	C	0	0	2661	35.3
A_PB2	828	2506	A	0	0	2506	36.4
A_PB2	829	2514	T	0	0	2514	36.3
A_PB2	830	2577	T	0	0	2577	35.4
A_PB2	831	2950	A	0	0	2950	35.1
A_PB2	832	2716	G	0	0	2716	36.1
A_PB2	833	2452	C	0	0	2452	36.8
A_PB2	834	2950	A	0	0	2950	37.8
A_PB2	835	2772	T	0	0	2772	36.0
A_PB2	836	2528	C	0	0	2528	35.9
A_PB2	837	2859	T	0	0	2859	37.8
A_PB2	838	2536	C	0	0	2536	36.7
A_PB2	839	2690	T	0	0	2690	34.2
A_PB2	840	2399	A	0	0	2399	36.7
A_PB2	841	2880	T	0	0	2880	37.3
A_PB2	842	2604	T	0	0	2604	36.1
A_PB2	843	2688	G	0	0	2688	36.3
A_PB2	844	2778	G	0	0	2778	37.9
A_PB2	845	2971	A	0	0	2971	36.5
A_PB2	846	2807	G	0	0	2807	35.4
A_PB2	847	2618	A	0	0	2618	35.9
A_PB2	848	2649	T	0	0	2649	35.0
A_PB2	849	2514	G	0	0	2514	37.1
A_PB2	850	2629	T	0	0	2629	35.2
A_PB2	851	2560	G	0	0	2560	35.6
A_PB2	852	2533	T	0	0	2533	37.8
A_PB2	853	2818	C	0	0	2818	37.7
A_PB2	854	2749	A	0	0	2749	36.8
A_PB2	855	2788	C	0	0	2788	37.9
A_PB2	856	2508	A	0	0	2508	36.0
A_PB2	857	2530	G	0	0	2530	34.8
A_PB2	858	2442	C	0	0	2442	35.5
A_PB2	859	2566	A	0	0	2566	34.1
A_PB2	860	2502	C	0	0	2502	37.7
A_PB2	861	2576	A	0	0	2576	36.1
A_PB2	862	2553	C	0	0	2553	36.7
A_PB2	863	2666	A	0	0	2666	35.7
A_PB2	864	2878	A	0	0	2878	36.6
A_PB2	865	2625	A	0	0	2625	36.7
A_PB2	866	2591	T	0	0	2591	36.5
A_PB2	867	3069	T	0	0	3069	34.5
A_PB2	868	2513	G	0	0	2513	34.3
A_PB2	869	2905	G	0	0	2905	36.5
A_PB2	870	2826	G	0	0	2826	34.4
A_PB2	871	2667	G	0	0	2667	37.8
A_PB2	872	2827	G	0	0	2827	35.4
A_PB2	873	2623	A	0	0	2623	34.7
A_PB2	874	2757	A	0	0	2757	37.2
A_PB2	875	2651	T	0	0	2651	35.1
A_PB2	876	2441	A	0	0	2441	36.0
A_PB2	877	2560	A	0	0	2560	37.6
A_PB2	878	2617	G	0	0	2617	36.8
A_PB2	879	2413	G	0	0	2413	35.1
A_PB2	880	2838	A	0	0	2838	37.1
A_PB2	881	2527	T	0	0	2527	35.6
A_PB2	882	2628	G	0	0	2628	37.2
A_PB2	883	2501	G	0	0	2501	36.2
A_PB2	884	2393	T	0	0	2393	36.4
A_PB2	885	2766	A	0	0	2766	35.2
A_PB2	886	2748	G	0	0	2748	35.9
A_PB2	887	2487	A	0	0	2487	37.5
A_PB2	888	2706	C	0	0	2706	34.2
A_PB2	889	2580	A	0	0	2580	36.1
A_PB2	890	2599	T	0	0	2599	34.6
A_PB2	891	2605	C	0	0	2605	36.3
A_PB2	892	2795	C	0	0	2795	35.3
A_PB2	893	2291	T	0	0	2291	35.4
A_PB2	894	2563	T	0	0	2563	36.0
A_PB2	895	2315	C	0	0	2315	36.4
A_PB2	896	2703	G	0	0	2703	35.5
A_PB2	897	2612	G	0	0	2612	36.9
A_PB2	898	2457	C	0	0	2457	34.7
A_PB2	899	2633	A	0	0	2633	36.2
A_PB2	900	2614	A	0	0	2614	36.0
A_PB2	901	2503	A	0	0	2503	35.9
A_PB2	902	2610	A	0	0	2610	37.3
A_PB2	903	2662	T	0	0	2662	37.8
A_PB2	904	2324	C	0	0	2324	37.1
A_PB2	905	2419	C	0	0	2419	35.6
A_PB2	906	2353	A	0	0	2353	35.4
A_PB2	907	2444	A	0	0	2444	35.6
A_PB2	908	2272	C	0	0	2272	35.0
A_PB2	909	2437	A	0	0	2437	35.9
A_PB2	910	2698	G	0	0	2698	35.6
A_PB2	911	2711	A	0	0	2711	35.1
A_PB2	912	2394	G	0	0	2394	37.3
A_PB2	913	2303	G	0	0	2303	34.8
A_PB2	914	2266	A	0	0	2266	35.8
A_PB2	915	2685	A	0	0	2685	34.7
A_PB2	916	2435	C	0	0	2435	37.8
A_PB2	917	2431	A	0	0	2431	35.3
A_PB2	918	2362	A	0	0	2362	36.5
A_PB2	919	2362	G	0	0	2362	36.9
A_PB2	920	2359	C	0	0	2359	37.9
A_PB2	921	2374	C	0	0	2374	34.2
A_PB2	922	2393	G	0	0	2393	36.2
A_PB2	923	2245	T	0	0	2245	35.9
A_PB2	924	2503	G	0	0	2503	37.7
A_PB2	925	2376	G	0	0	2376	36.3
A_PB2	926	2506	A	0	0	2506	35.7
A_PB2	927	2365	T	0	0	2365	34.1
A_PB2	928	2241	A	0	0	2241	37.0
A_PB2	929	2562	T	0	0	2562	37.1
A_PB2	930	2171	A	0	0	2171	34.8
A_PB2	931	2529	T	0	0	2529	37.5
A_PB2	932	2606	G	0	0	2606	35.3
A_PB2	933	2395	C	0	0	2395	36.3
A_PB2	934	2291	A	0	0	2291	35.5
A_PB2	935	2346	A	0	0	2346	36.9
A_PB2	936	2347	G	0	0	2347	35.0
A_PB2	937	2400	G	0	0	2400	37.0
A_PB2	938	2412	C	0	0	2412	34.2
A_PB2	939	2382	A	0	0	2382	34.9
A_PB2	940	2154	G	0	0	2154	37.1
A_PB2	941	2541	C	0	0	2541	37.6
A_PB2	942	2463	A	0	0	2463	35.6
A_PB2	943	1957	A	0	0	1957	35.9
A_PB2	944	2476	T	0	0	2476	37.5
A_PB2	945	2214	G	0	0	2214	35.3
A_PB2	946	2244	G	0	0	2244	36.8
A_PB2	947	2260	G	0	0	2260	35.6
A_PB2	948	2167	C	0	0	2167	37.3
A_PB2	949	1993	T	0	0	1993	37.7
A_PB2	950	2061	T	0	0	2061	37.0
A_PB2	951	2105	G	0	0	2105	37.3
A_PB2	952	2167	A	0	0	2167	34.9
A_PB2	953	2237	G	0	0	2237	36.0
A_PB2	954	2374	G	0	0	2374	36.0
A_PB2	955	2274	A	0	0	2274	35.1
A_PB2	956	2252	T	0	0	2252	35.7
A_PB2	957	2202	T	0	0	2202	36.8
A_PB2	958	2426	A	0	0	2426	35.8
A_PB2	959	2324	G	0	0	2324	37.1
A_PB2	960	2225	C	0	0	2225	38.0
A_PB2	961	2125	T	0	0	2125	34.7
A_PB2	962	2417	C	0	0	2417	35.5
A_PB2	963	2294	A	0	0	2294	38.0
A_PB2	964	2259	T	0	0	2259	37.6
A_PB2	965	1956	C	0	0	1956	36.0
A_PB2	966	2338	T	0	0	2338	37.5
A_PB2	967	2065	T	0	0	2065	36.9
A_PB2	968	2222	T	0	0	2222	36.8
A_PB2	969	2256	C	0	0	2256	35.6
A_PB2	970	2107	A	0	0	2107	35.0
A_PB2	971	2185	G	0	0	2185	35.9
A_PB2	972	2414	C	0	0	2414	34.3
A_PB2	973	1914	T	0	0	1914	34.5
A_PB2	974	2053	T	0	0	2053	34.3
A_PB2	975	2108	T	0	0	2108	35.2
A_PB2	976	2108	G	0	0	2108	35.2
A_PB2	977	1926	G	0	0	1926	36.0
A_PB2	978	2091	T	0	0	2091	34.1
A_PB2	979	2166	G	0	0	2166	35.3
A_PB2	980	2091	G	0	0	2091	38.0
A_PB2	981	2009	A	0	0	2009	37.9
A_PB2	982	2104	T	0	0	2104	36.0
A_PB2	983	2076	T	0	0	2076	37.6
A_PB2	984	1917	C	0	0	1917	35.8
A_PB2	985	2098	A	0	0	2098	37.8
A_PB2	986	2088	C	0	0	2088	37.5
A_PB2	987	2071	T	0	0	2071	36.7
A_PB2	988	2258	T	0	0	2258	37.8
A_PB2	989	2034	T	0	0	2034	36.8
A_PB2	990	2091	T	0	0	2091	36.6
A_PB2	991	2058	A	0	0	2058	34.1
A_PB2	992	2137	A	0	0	2137	34.9
A_PB2	993	2045	A	0	0	2045	36.7
A_PB2	994	2088	A	0	0	2088	37.3
A_PB2	995	2231	G	0	0	2231	35.4
A_PB2	996	2061	A	0	0	2061	35.8
A_PB2	997	2090	A	0	0	2090	34.7
A_PB2	998	2068	C	0	0	2068	37.1
A_PB2	999	2082	A	0	0	2082	36.3
A_PB2	1000	1872	A	0	0	1872	34.7
A_PB2	1001	1765	G	0	0	1765	35.6
A_PB2	1002	2054	T	0	0	2054	35.9
A_PB2	1003	2129	G	0	0	2129	35.8
A_PB2	1004	2214	G	0	0	2214	35.2
A_PB2	1005	1999	A	0	0	1999	34.7
A_PB2	1006	1925	T	0	0	1925	35.5
A_PB2	1007	2024	C	0	0	2024	36.9
A_PB2	1008	2258	G	0	0	2258	35.7
A_PB2	1009	2214	T	0	0	2214	36.6
A_PB2	1010	2128	C	0	0	2128	35.3
A_PB2	1011	2066	A	0	0	2066	34.7
A_PB2	1012	2055	G	0	0	2055	34.1
A_PB2	1013	2050	T	0	0	2050	34.0
A_PB2	1014	2124	C	0	0	2124	34.0
A_PB2	1015	2156	A	0	0	2156	36.2
A_PB2	1016	1970	A	0	0	1970	37.5
A_PB2	1017	2151	A	0	0	2151	37.5
A_PB2	1018	2034	A	0	0	2034	37.3
A_PB2	1019	2100	A	0	0	2100	36.5
A_PB2	1020	2289	A	0	0	2289	37.0
A_PB2	1021	2066	G	0	0	2066	37.5
A_PB2	1022	1985	A	0	0	1985	34.9
A_PB2	1023	2152	A	0	0	2152	36.0
A_PB2	1024	2044	G	0	0	2044	36.3
A_PB2	1025	2222	A	0	0	2222	34.8
A_PB2	1026	2202	A	0	0	2202	35.3
A_PB2	1027	2233	G	0	0	2233	34.8
A_PB2	1028	2144	A	0	0	2144	37.3
A_PB2	1029	2127	A	0	0	2127	34.7
A_PB2	1030	2151	G	0	0	2151	34.9
A_PB2	1031	2078	T	0	0	2078	35.4
A_PB2	1032	2041	G	0	0	2041	35.4
A_PB2	1033	2348	C	0	0	2348	34.6
A_PB2	1034	2254	T	0	0	2254	35.5
A_PB2	1035	1973	A	0	0	1973	34.9
A_PB2	1036	2046	A	0	0	2046	34.6
A_PB2	1037	2193	C	0	0	2193	34.7
A_PB2	1038	2141	A	0	0	2141	34.3
A_PB2	1039	2074	G	0	0	2074	35.7
A_PB2	1040	2177	G	0	0	2177	37.3
A_PB2	1041	2115	C	0	0	2115	34.7
A_PB2	1042	2301	A	0	0	2301	34.1
A_PB2	1043	2118	A	0	0	2118	36.5
A_PB2	1044	2264	C	0	0	2264	35.9
A_PB2	1045	1948	C	0	0	1948	35.2
A_PB2	1046	2525	T	0	0	2525	35.0
A_PB2	1047	2358	T	0	0	2358	34.6
A_PB2	1048	2212	C	0	0	2212	36.1
A_PB2	1049	2183	A	0	0	2183	37.4
A_PB2	1050	2447	A	0	0	2447	35.9
A_PB2	1051	2102	A	0	0	2102	34.5
A_PB2	1052	2356	C	0	0	2356	34.3
A_PB2	1053	2375	A	0	0	2375	37.1
A_PB2	1054	2261	T	0	0	2261	37.6
A_PB2	1055	2234	T	0	0	2234	36.5
A_PB2	1056	2367	G	0	0	2367	34.2
A_PB2	1057	2400	A	0	0	2400	34.7
A_PB2	1058	2304	A	0	0	2304	37.3
A_PB2	1059	2261	A	0	0	2261	34.9
A_PB2	1060	2278	A	0	0	2278	37.9
A_PB2	1061	2380	T	0	0	2380	36.0
A_PB2	1062	2669	A	0	0	2669	37.7
A_PB2	1063	2503	A	0	0	2503	34.5
A_PB2	1064	2359	G	0	0	2359	34.2
A_PB2	1065	2257	A	0	0	2257	35.4
A_PB2	1066	2602	G	0	0	2602	35.0
A_PB2	1067	2137	T	0	0	2137	34.7
A_PB2	1068	2521	A	0	0	2521	37.6
A_PB2	1069	2707	C	0	0	2707	34.3
A_PB2	1070	2424	A	0	0	2424	37.3
A_PB2	1071	2356	T	0	0	2356	34.4
A_PB2	1072	2268	G	0	0	2268	35.7
A_PB2	1073	2721	A	0	0	2721	35.7
A_PB2	1074	2487	G	0	0	2487	36.0
A_PB2	1075	2464	G	0	0	2464	37.3
A_PB2	1076	2528	G	0	0	2528	36.5
A_PB2	1077	2403	G	0	0	2403	37.1
A_PB2	1078	2956	T	0	0	2956	36.9
A_PB2	1079	2599	A	0	0	2599	36.8
A_PB2	1080	2419	T	0	0	2419	35.2
A_PB2	1081	2655	G	0	0	2655	37.6
A_PB2	1082	2681	A	0	0	2681	37.0
A_PB2	1083	2442	A	0	0	2442	35.4
A_PB2	1084	2544	G	0	0	2544	38.0
A_PB2	1085	2432	A	0	0	2432	34.2
A_PB2	1086	2566	G	0	0	2566	35.5
A_PB2	1087	2492	T	0	0	2492	35.3
A_PB2	1088	2561	T	0	0	2561	34.3
A_PB2	1089	2717	C	0	0	2717	35.1
A_PB2	1090	2792	A	0	0	2792	34.8
A_PB2	1091	2504	C	0	0	2504	37.2
A_PB2	1092	2759	A	0	0	2759	35.1
A_PB2	1093	2844	A	0	0	2844	35.5
A_PB2	1094	2758	T	0	0	2758	34.8
A_PB2	1095	2825	G	0	0	2825	35.2
A_PB2	1096	2696	G	0	0	2696	36.1
A_PB2	1097	2598	T	0	0	2598	34.3
A_PB2	1098	2661	T	0	0	2661	35.8
A_PB2	1099	2884	G	0	0	2884	37.7
A_PB2	1100	2702	G	0	0	2702	35.0
A_PB2	1101	2872	G	0	0	2872	37.6
A_PB2	1102	2748	A	0	0	2748	35.7
A_PB2	1103	2760	G	0	0	2760	37.7
A_PB2	1104	2826	A	0	0	2826	34.5
A_PB2	1105	3007	A	0	0	3007	34.5
A_PB2	1106	2649	G	0	0	2649	35.6
A_PB2	1107	2918	A	0	0	2918	35.2
A_PB2	1108	2747	G	0	0	2747	35.3
A_PB2	1109	3259	C	0	0	3259	34.4
A_PB2	1110	2982	A	0	0	2982	34.8
A_PB2	1111	3129	A	0	0	3129	34.4
A_PB2	1112	3158	C	0	0	3158	34.1
A_PB2	1113	2569	G	0	0	2569	37.7
A_PB2	1114	3505	G	0	0	3505	35.2
A_PB2	1115	2775	C	0	0	2775	35.8
A_PB2	1116	2787	C	0	0	2787	35.6
A_PB2	1117	3081	A	0	0	3081	35.5
A_PB2	1118	3008	T	0	0	3008	36.4
A_PB2	1119	3185	T	0	0	3185	36.3
A_PB2	1120	3217	C	0	0	3217	35.6
A_PB2	1121	3265	T	0	0	3265	35.8
A_PB2	1122	2739	C	0	0	2739	37.5
A_PB2	1123	2974	A	0	0	2974	36.5
A_PB2	1124	3354	G	0	0	3354	37.0
A_PB2	1125	2928	G	0	0	2928	35.4
A_PB2	1126	3160	A	0	0	3160	36.8
A_PB2	1127	2903	A	0	0	2903	37.4
A_PB2	1128	2738	A	0	0	2738	34.3
A_PB2	1129	3180	G	0	0	3180	36.2
A_PB2	1130	3144	C	0	0	3144	36.0
A_PB2	1131	3321	A	0	0	3321	37.3
A_PB2	1132	3288	A	0	0	3288	34.6
A_PB2	1133	3351	C	0	0	3351	35.5
A_PB2	1134	3146	C	0	0	3146	35.9
A_PB2	1135	3357	A	0	0	3357	34.2
A_PB2	1136	3390	G	0	0	3390	34.6
A_PB2	1137	3683	A	0	0	3683	36.6
A_PB2	1138	3108	A	0	0	3108	36.7
A_PB2	1139	3142	G	0	0	3142	36.1
A_PB2	1140	3114	G	0	0	3114	37.7
A_PB2	1141	3083	C	0	0	3083	37.5
A_PB2	1142	3574	T	0	0	3574	34.3
A_PB2	1143	3249	G	0	0	3249	34.4
A_PB2	1144	3105	A	0	0	3105	34.3
A_PB2	1145	3543	T	0	0	3543	35.9
A_PB2	1146	3182	C	0	0	3182	34.2
A_PB2	1147	3075	C	0	0	3075	36.3
A_PB2	1148	3630	A	0	0	3630	34.3
A_PB2	1149	3596	G	0	0	3596	37.0
A_PB2	1150	3224	C	0	0	3224	37.6
A_PB2	1151	3511	T	0	0	3511	35.0
A_PB2	1152	3311	A	0	0	3311	34.2
A_PB2	1153	3860	A	0	0	3860	35.8
A_PB2	1154	3512	T	0	0	3512	37.0
A_PB2	1155	3455	A	0	0	3455	35.5
A_PB2	1156	3704	G	0	0	3704	36.3
A_PB2	1157	3766	T	0	0	3766	37.7
A_PB2	1158	3641	A	0	0	3641	35.1
A_PB2	1159	3858	A	0	0	3858	37.5
A_PB2	1160	3539	G	0	0	3539	36.7
A_PB2	1161	3542	T	0	0	3542	37.5
A_PB2	1162	3776	G	0	0	3776	36.1
A_PB2	1163	3305	G	0	0	3305	36.2
A_PB2	1164	3360	G	0	0	3360	36.5
A_PB2	1165	3778	A	0	0	3778	34.5
A_PB2	1166	3861	G	0	0	3861	34.7
A_PB2	1167	3282	A	0	0	3282	35.5
A_PB2	1168	3406	G	0	0	3406	35.3
A_PB2	1169	3622	A	0	0	3622	35.0
A_PB2	1170	3750	C	0	0	3750	35.2
A_PB2	1171	3929	G	0	0	3929	36.7
A_PB2	1172	3616	A	0	0	3616	37.7
A_PB2	1173	3343	G	0	0	3343	34.3
A_PB2	1174	3155	C	0	0	3155	35.9
A_PB2	1175	3600	A	0	0	3600	35.8
A_PB2	1176	3359	G	0	0	3359	34.9
A_PB2	1177	3373	T	0	0	3373	36.2
A_PB2	1178	3756	C	0	0	3756	36.9
A_PB2	1179	3701	A	0	0	3701	34.5
A_PB2	1180	3959	A	0	0	3959	36.8
A_PB2	1181	3257	T	0	0	3257	35.8
A_PB2	1182	3377	T	0	0	3377	37.7
A_PB2	1183	3592	G	0	0	3592	35.5
A_PB2	1184	3754	C	0	0	3754	37.1
A_PB2	1185	3616	T	0	0	3616	35.1
A_PB2	1186	3988	G	0	0	3988	36.1
A_PB2	1187	3435	A	0	0	3435	37.8
A_PB2	1188	3756	A	0	0	3756	35.0
A_PB2	1189	4143	G	0	0	4143	36.7
A_PB2	1190	3703	C	0	0	3703	36.6
A_PB2	1191	3782	A	0	0	3782	37.8
A_PB2	1192	3845	A	0	0	3845	36.8
A_PB2	1193	3590	T	0	0	3590	34.4
A_PB2	1194	3642	A	0	0	3642	34.4
A_PB2	1195	3940	A	0	0	3940	35.8
A_PB2	1196	3779	T	0	0	3779	35.7
A_PB2	1197	3624	T	0	0	3624	36.3
A_PB2	1198	3883	G	0	0	3883	35.9
A_PB2	1199	3347	T	0	0	3347	35.1
A_PB2	1200	3747	G	0	0	3747	35.3
A_PB2	1201	3709	G	0	0	3709	35.5
A_PB2	1202	3773	C	0	0	3773	35.9
A_PB2	1203	3725	C	0	0	3725	35.7
A_PB2	1204	3747	A	0	0	3747	36.7
A_PB2	1205	3875	T	0	0	3875	34.1
A_PB2	1206	4018	G	0	0	4018	35.2
A_PB2	1207	3994	G	0	0	3994	37.1
A_PB2	1208	3594	T	0	0	3594	37.7
A_PB2	1209	3630	A	0	0	3630	34.0
A_PB2	1210	3519	T	0	0	3519	36.3
A_PB2	1211	4083	T	0	0	4083	35.7
A_PB2	1212	3434	C	0	0	3434	37.8
A_PB2	1213	3382	T	0	0	3382	37.6
A_PB2	1214	3824	C	0	0	3824	37.8
A_PB2	1215	3590	A	0	0	3590	37.8
A_PB2	1216	3683	C	0	0	3683	34.6
A_PB2	1217	3822	A	0	0	3822	35.8
A_PB2	1218	3713	A	0	0	3713	34.1
A_PB2	1219	3402	G	0	0	3402	35.5
A_PB2	1220	3636	A	0	0	3636	36.0
A_PB2	1221	3740	G	0	0	3740	36.8
A_PB2	1222	3625	G	0	0	3625	36.8
A_PB2	1223	3799	A	0	0	3799	38.0
A_PB2	1224	3575	C	0	0	3575	35.7
A_PB2	1225	3871	T	0	0	3871	37.1
A_PB2	1226	3751	G	0	0	3751	37.2
A_PB2	1227	3921	C	0	0	3921	37.1
A_PB2	1228	3622	A	0	0	3622	36.8
A_PB2	1229	3110	T	0	0	3110	36.5
A_PB2	1230	3345	G	0	0	3345	37.5
A_PB2	1231	3451	A	0	0	3451	36.8
A_PB2	1232	3604	T	0	0	3604	36.7
A_PB2	1233	3759	T	0	0	3759	35.0
A_PB2	1234	3738	A	0	0	3738	36.3
A_PB2	1235	3696	A	0	0	3696	35.1
A_PB2	1236	3812	A	0	0	3812	37.4
A_PB2	1237	3749	G	0	0	3749	38.0
A_PB2	1238	3540	C	0	0	3540	34.7
A_PB2	1239	3937	A	0	0	3937	37.0
A_PB2	1240	3871	G	0	0	3871	35.7
A_PB2	1241	3292	T	0	0	3292	35.7
A_PB2	1242	4237	T	0	0	4237	34.1
A_PB2	1243	4004	A	0	0	4004	37.7
A_PB2	1244	3466	G	0	0	3466	36.8
A_PB2	1245	3404	A	0	0	3404	36.2
A_PB2	1246	3441	G	0	0	3441	34.4
A_PB2	1247	3347	G	0	0	3347	37.1
A_PB2	1248	3579	T	0	0	3579	34.2
A_PB2	1249	3989	G	0	0	3989	36.2
A_PB2	1250	3575	A	0	0	3575	34.2
A_PB2	1251	3749	C	0	0	3749	36.8
A_PB2	1252	3715	C	0	0	3715	37.5
A_PB2	1253	3598	T	0	0	3598	36.5
A_PB2	1254	3936	G	0	0	3936	36.0
A_PB2	1255	3768	A	0	0	3768	35.9
A_PB2	1256	3786	A	0	0	3786	35.9
A_PB2	1257	3733	T	0	0	3733	36.8
A_PB2	1258	3612	T	0	0	3612	37.7
A_PB2	1259	3874	T	0	0	3874	35.7
A_PB2	1260	3476	T	0	0	3476	37.7
A_PB2	1261	3481	G	0	0	3481	36.4
A_PB2	1262	3406	T	0	0	3406	35.0
A_PB2	1263	3334	C	0	0	3334	36.8
A_PB2	1264	3483	A	0	0	3483	34.9
A_PB2	1265	3398	A	0	0	3398	36.8
A_PB2	1266	3692	T	0	0	3692	34.9
A_PB2	1267	3797	A	0	0	3797	34.8
A_PB2	1268	3826	G	0	0	3826	34.7
A_PB2	1269	3398	G	0	0	3398	36.9
A_PB2	1270	3763	G	0	0	3763	37.4
A_PB2	1271	3847	C	0	0	3847	34.4
A_PB2	1272	3162	G	0	0	3162	36.3
A_PB2	1273	3579	A	0	0	3579	36.6
A_PB2	1274	3594	A	0	0	3594	35.0
A_PB2	1275	3493	C	0	0	3493	36.2
A_PB2	1276	3337	C	0	0	3337	37.9
A_PB2	1277	3448	A	0	0	3448	34.4
A_PB2	1278	3502	G	0	0	3502	37.0
A_PB2	1279	3190	C	0	0	3190	36.3
A_PB2	1280	3365	G	0	0	3365	36.9
A_PB2	1281	3385	A	0	0	3385	35.8
A_PB2	1282	3336	C	0	0	3336	37.0
A_PB2	1283	3244	T	0	0	3244	37.0
A_PB2	1284	3165	A	0	0	3165	37.2
A_PB2	1285	3296	A	0	0	3296	37.6
A_PB2	1286	3225	A	0	0	3225	34.2
A_PB2	1287	3637	C	0	0	3637	37.7
A_PB2	1288	3261	C	0	0	3261	35.8
A_PB2	1289	3538	C	0	0	3538	37.4
A_PB2	1290	3265	A	0	0	3265	37.0
A_PB2	1291	3310	A	0	0	3310	34.5
A_PB2	1292	3544	T	0	0	3544	34.9
A_PB2	1293	3095	G	0	0	3095	36.3
A_PB2	1294	3297	C	0	0	3297	35.1
A_PB2	1295	3331	A	0	0	3331	35.1
A_PB2	1296	2979	T	0	0	2979	35.1
A_PB2	1297	3246	C	0	0	3246	34.5
A_PB2	1298	3192	A	0	0	3192	37.6
A_PB2	1299	3350	A	0	0	3350	35.9
A_PB2	1300	3627	C	0	0	3627	34.1
A_PB2	1301	3347	T	0	0	3347	34.2
A_PB2	1302	3104	C	0	0	3104	37.8
A_PB2	1303	3340	T	0	0	3340	34.6
A_PB2	1304	2893	T	0	0	2893	36.7
A_PB2	1305	3435	G	0	0	3435	35.0
A_PB2	1306	3564	A	0	0	3564	36.1
A_PB2	1307	3462	G	0	0	3462	35.7
A_PB2	1308	3462	G	0	0	3462	34.3
A_PB2	1309	2963	C	0	0	2963	34.1
A_PB2	1310	3311	A	0	0	3311	35.5
A_PB2	1311	3516	T	0	0	3516	34.5
A_PB2	1312	3433	T	0	0	3433	36.3
A_PB2	1313	3205	T	0	0	3205	36.3
A_PB2	1314	3487	C	0	0	3487	34.9
A_PB2	1315	3130	C	0	0	3130	37.8
A_PB2	1316	3349	A	0	0	3349	35.3
A_PB2	1317	3372	A	0	0	3372	35.4
A_PB2	1318	3289	A	0	0	3289	35.6
A_PB2	1319	3181	A	0	0	3181	35.2
A_PB2	1320	3063	G	0	0	3063	35.8
A_PB2	1321	3000	G	0	0	3000	38.0
A_PB2	1322	3389	A	0	0	3389	36.0
A_PB2	1323	2658	T	0	0	2658	35.5
A_PB2	1324	2913	G	0	0	2913	35.8
A_PB2	1325	3345	C	0	0	3345	35.6
A_PB2	1326	3310	A	0	0	3310	36.3
A_PB2	1327	3044	A	0	0	3044	34.9
A_PB2	1328	3192	A	0	0	3192	37.9
A_PB2	1329	2939	G	0	0	2939	35.8
A_PB2	1330	3117	G	0	0	3117	35.4
A_PB2	1331	3151	T	0	0	3151	37.1
A_PB2	1332	2961	G	0	0	2961	36.7
A_PB2	1333	3050	C	0	0	3050	35.6
A_PB2	1334	2993	T	0	0	2993	34.4
A_PB2	1335	3098	T	0	0	3098	35.6
A_PB2	1336	2882	T	0	0	2882	35.3
A_PB2	1337	2800	T	0	0	2800	34.8
A_PB2	1338	3072	C	0	0	3072	37.2
A_PB2	1339	2712	C	0	0	2712	34.9
A_PB2	1340	2761	A	0	0	2761	35.6
A_PB2	1341	3141	A	0	0	3141	37.5
A_PB2	1342	2894	A	0	0	2894	37.3
A_PB2	1343	3285	A	0	0	3285	34.7
A_PB2	1344	2988	T	0	0	2988	37.3
A_PB2	1345	3148	T	0	0	3148	37.6
A_PB2	1346	2979	G	0	0	2979	37.1
A_PB2	1347	2882	G	0	0	2882	35.3
A_PB2	1348	3111	G	0	0	3111	35.8
A_PB2	1349	2736	G	0	0	2736	35.4
A_PB2	1350	2779	A	0	0	2779	36.6
A_PB2	1351	3016	A	0	0	3016	34.6
A_PB2	1352	2916	T	0	0	2916	35.0
A_PB2	1353	2787	T	0	0	2787	37.0
A_PB2	1354	3077	G	0	0	3077	34.8
A_PB2	1355	2856	A	0	0	2856	34.2
A_PB2	1356	3158	A	0	0	3158	34.3
A_PB2	1357	2875	C	0	0	2875	37.1
A_PB2	1358	3165	C	0	0	3165	36.8
A_PB2	1359	2953	C	0	0	2953	37.4
A_PB2	1360	2729	A	0	0	2729	34.4
A_PB2	1361	2914	T	0	0	2914	34.5
A_PB2	1362	2940	T	0	0	2940	37.8
A_PB2	1363	3141	G	0	0	3141	37.4
A_PB2	1364	3095	A	0	0	3095	36.9
A_PB2	1365	3404	C	0	0	3404	37.7
A_PB2	1366	2718	A	0	0	2718	34.4
A_PB2	1367	3202	A	0	0	3202	37.2
A_PB2	1368	2928	T	0	0	2928	34.9
A_PB2	1369	2545	G	0	0	2545	34.5
A_PB2	1370	3091	T	0	0	3091	35.5
A_PB2	1371	3109	G	0	0	3109	35.0
A_PB2	1372	2788	A	0	0	2788	36.4
A_PB2	1373	2882	T	0	0	2882	35.7
A_PB2	1374	2842	G	0	0	2842	34.1
A_PB2	1375	2716	G	0	0	2716	34.6
A_PB2	1376	2711	G	0	0	2711	37.8
A_PB2	1377	2682	A	0	0	2682	37.4
A_PB2	1378	2811	A	0	0	2811	36.8
A_PB2	1379	2643	T	0	0	2643	36.1
A_PB2	1380	2911	G	0	0	2911	35.5
A_PB2	1381	2709	A	0	0	2709	34.3
A_PB2	1382	3033	T	0	0	3033	36.5
A_PB2	1383	2660	C	0	0	2660	34.9
A_PB2	1384	3217	G	0	0	3217	37.2
A_PB2	1385	2962	G	0	0	2962	37.3
A_PB2	1386	2997	G	0	0	2997	38.0
A_PB2	1387	2895	G	0	0	2895	35.2
A_PB2	1388	2835	T	0	0	2835	34.8
A_PB2	1389	3007	A	0	0	3007	35.3
A_PB2	1390	3038	A	0	0	3038	37.5
A_PB2	1391	3236	T	0	0	3236	36.5
A_PB2	1392	2598	G	0	0	2598	37.3
A_PB2	1393	2853	C	0	0	2853	35.0
A_PB2	1394	2828	C	0	0	2828	36.7
A_PB2	1395	3090	C	0	0	3090	35.4
A_PB2	1396	2764	G	0	0	2764	35.1
A_PB2	1397	2956	A	0	0	2956	34.8
A_PB2	1398	2915	C	0	0	2915	36.9
A_PB2	1399	3100	A	0	0	3100	35.8
A_PB2	1400	2858	T	0	0	2858	35.1
A_PB2	1401	3180	G	0	0	3180	37.6
A_PB2	1402	3053	A	0	0	3053	34.9
A_PB2	1403	3007	C	0	0	3007	36.3
A_PB2	1404	2806	C	0	0	2806	35.2
A_PB2	1405	2788	C	0	0	2788	37.3
A_PB2	1406	3057	C	0	0	3057	35.4
A_PB2	1407	2787	A	0	0	2787	35.5
A_PB2	1408	3188	A	0	0	3188	37.1
A_PB2	1409	3119	G	0	0	3119	34.8
A_PB2	1410	2927	T	0	0	2927	36.1
A_PB2	1411	3103	A	0	0	3103	37.2
A_PB2	1412	3137	C	0	0	3137	34.4
A_PB2	1413	2858	T	0	0	2858	37.1
A_PB2	1414	3009	G	0	0	3009	34.8
A_PB2	1415	2832	A	0	0	2832	37.5
A_PB2	1416	2900	G	0	0	2900	34.1
A_PB2	1417	3017	A	0	0	3017	36.8
A_PB2	1418	2849	T	0	0	2849	35.0
A_PB2	1419	2996	G	0	0	2996	36.9
A_PB2	1420	3027	T	0	0	3027	35.2
A_PB2	1421	3006	C	0	0	3006	34.1
A_PB2	1422	3009	G	0	0	3009	36.1
A_PB2	1423	3013	C	0	0	3013	36.3
A_PB2	1424	3009	T	0	0	3009	34.5
A_PB2	1425	3008	G	0	0	3008	37.4
A_PB2	1426	3153	A	0	0	3153	36.8
A_PB2	1427	3172	G	0	0	3172	35.4
A_PB2	1428	2990	G	0	0	2990	35.6
A_PB2	1429	2931	G	0	0	2931	34.9
A_PB2	1430	2858	G	0	0	2858	34.2
A_PB2	1431	2752	A	0	0	2752	34.5
A_PB2	1432	3118	A	0	0	3118	35.8
A_PB2	1433	2969	T	0	0	2969	34.9
A_PB2	1434	2897	A	0	0	2897	35.2
A_PB2	1435	2976	A	0	0	2976	35.5
A_PB2	1436	3006	G	0	0	3006	36.4
A_PB2	1437	3065	A	0	0	3065	34.9
A_PB2	1438	2845	G	0	0	2845	37.5
A_PB2	1439	2768	T	0	0	2768	37.7
A_PB2	1440	2913	C	0	0	2913	36.3
A_PB2	1441	3025	A	0	0	3025	37.2
A_PB2	1442	2949	G	0	0	2949	37.9
A_PB2	1443	3158	T	0	0	3158	34.8
A_PB2	1444	3060	A	0	0	3060	37.4
A_PB2	1445	3212	A	0	0	3212	36.7
A_PB2	1446	3113	G	0	0	3113	36.4
A_PB2	1447	3069	A	0	0	3069	37.0
A_PB2	1448	3171	T	0	0	3171	34.6
A_PB2	1449	3327	G	0	0	3327	37.8
A_PB2	1450	3272	G	0	0	3272	35.1
A_PB2	1451	2952	G	0	0	2952	38.0
A_PB2	1452	2826	A	0	0	2826	36.4
A_PB2	1453	3091	G	0	0	3091	37.6
A_PB2	1454	2849	T	0	0	2849	37.0
A_PB2	1455	2754	A	0	0	2754	35.1
A_PB2	1456	3138	G	0	0	3138	36.4
A_PB2	1457	3018	A	0	0	3018	34.9
A_PB2	1458	2828	T	0	0	2828	36.6
A_PB2	1459	2748	G	0	0	2748	36.8
A_PB2	1460	3108	A	0	0	3108	36.0
A_PB2	1461	2755	A	0	0	2755	36.3
A_PB2	1462	3317	T	0	0	3317	36.0
A_PB2	1463	3444	A	0	0	3444	34.5
A_PB2	1464	3383	C	0	0	3383	36.6
A_PB2	1465	2931	T	0	0	2931	36.9
A_PB2	1466	3039	C	0	0	3039	34.4
A_PB2	1467	3315	A	0	0	3315	34.6
A_PB2	1468	3273	A	0	0	3273	35.1
A_PB2	1469	3140	G	0	0	3140	34.4
A_PB2	1470	2981	T	0	0	2981	37.1
A_PB2	1471	3133	A	0	0	3133	36.8
A_PB2	1472	2987	C	0	0	2987	35.5
A_PB2	1473	3080	A	0	0	3080	34.7
A_PB2	1474	2699	G	0	0	2699	34.4
A_PB2	1475	3062	A	0	0	3062	37.1
A_PB2	1476	3037	G	0	0	3037	36.1
A_PB2	1477	3201	C	0	0	3201	34.4
A_PB2	1478	2769	G	0	0	2769	36.4
A_PB2	1479	3295	A	0	0	3295	37.9
A_PB2	1480	2949	G	0	0	2949	37.3
A_PB2	1481	3586	T	0	0	3586	34.4
A_PB2	1482	3000	A	0	0	3000	35.7
A_PB2	1483	3119	G	0	0	3119	37.1
A_PB2	1484	2863	T	0	0	2863	35.9
A_PB2	1485	2993	A	0	0	2993	37.6
A_PB2	1486	2808	G	0	0	2808	37.0
A_PB2	1487	2870	T	0	0	2870	37.7
A_PB2	1488	3374	A	0	0	3374	36.2
A_PB2	1489	3138	A	0	0	3138	36.7
A_PB2	1490	2902	G	0	0	2902	34.5
A_PB2	1491	3314	C	0	0	3314	36.0
A_PB2	1492	3228	A	0	0	3228	35.2
A_PB2	1493	2919	T	0	0	2919	34.4
A_PB2	1494	3148	C	0	0	3148	35.5
A_PB2	1495	2972	G	0	0	2972	35.0
A_PB2	1496	3106	A	0	0	3106	37.5
A_PB2	1497	2886	C	0	0	2886	36.9
A_PB2	1498	3053	C	0	0	3053	36.8
A_PB2	1499	2859	G	0	0	2859	37.4
A_PB2	1500	3022	G	0	0	3022	36.1
A_PB2	1501	2780	T	0	0	2780	36.3
A_PB2	1502	2963	T	0	0	2963	35.2
A_PB2	1503	2854	T	0	0	2854	34.2
A_PB2	1504	3152	T	0	0	3152	34.7
A_PB2	1505	3053	T	0	0	3053	34.1
A_PB2	1506	2856	A	0	0	2856	35.9
A_PB2	1507	2665	A	0	0	2665	34.3
A_PB2	1508	2953	G	0	0	2953	34.9
A_PB2	1509	2881	A	0	0	2881	35.2
A_PB2	1510	3140	G	0	0	3140	37.0
A_PB2	1511	3065	T	0	0	3065	37.3
A_PB2	1512	3138	T	0	0	3138	36.2
A_PB2	1513	3499	C	0	0	3499	34.1
A_PB2	1514	2807	G	0	0	2807	34.1
A_PB2	1515	3143	A	0	0	3143	37.7
A_PB2	1516	3368	G	0	0	3368	36.5
A_PB2	1517	2801	A	0	0	2801	36.3
A_PB2	1518	3040	C	0	0	3040	34.4
A_PB2	1519	2942	C	0	0	2942	36.3
A_PB2	1520	3123	A	0	0	3123	34.2
A_PB2	1521	2910	A	0	0	2910	37.2
A_PB2	1522	3206	C	0	0	3206	36.7
A_PB2	1523	2872	G	0	0	2872	37.7
A_PB2	1524	2734	G	0	0	2734	34.3
A_PB2	1525	2950	G	0	0	2950	36.7
A_PB2	1526	3026	G	0	0	3026	35.9
A_PB2	1527	3104	G	0	0	3104	37.6
A_PB2	1528	2900	A	0	0	2900	36.9
A_PB2	1529	2864	A	0	0	2864	37.4
A_PB2	1530	3033	C	0	0	3033	37.0
A_PB2	1531	2857	G	0	0	2857	37.9
A_PB2	1532	2751	T	0	0	2751	37.1
A_PB2	1533	2699	A	0	0	2699	37.2
A_PB2	1534	3184	C	0	0	3184	36.7
A_PB2	1535	2696	T	0	0	2696	35.9
A_PB2	1536	2726	A	0	0	2726	36.3
A_PB2	1537	2943	T	0	0	2943	34.3
A_PB2	1538	2803	T	0	0	2803	34.1
A_PB2	1539	2853	A	0	0	2853	37.3
A_PB2	1540	3015	T	0	0	3015	36.7
A_PB2	1541	3105	C	0	0	3105	34.0
A_PB2	1542	3056	A	0	0	3056	35.2
A_PB2	1543	3027	C	0	0	3027	36.9
A_PB2	1544	2896	C	0	0	2896	34.8
A_PB2	1545	2804	C	0	0	2804	36.2
A_PB2	1546	3022	G	0	0	3022	36.2
A_PB2	1547	2991	A	0	0	2991	35.3
A_PB2	1548	2944	A	0	0	2944	36.7
A_PB2	1549	2699	G	0	0	2699	35.5
A_PB2	1550	2494	A	0	0	2494	35.7
A_PB2	1551	2915	G	0	0	2915	36.6
A_PB2	1552	3061	G	0	0	3061	34.3
A_PB2	1553	2827	T	0	0	2827	36.6
A_PB2	1554	2782	C	0	0	2782	35.2
A_PB2	1555	2790	A	0	0	2790	34.2
A_PB2	1556	2333	G	0	0	2333	36.3
A_PB2	1557	2788	T	0	0	2788	37.3
A_PB2	1558	2663	G	0	0	2663	35.5
A_PB2	1559	2778	A	0	0	2778	37.0
A_PB2	1560	2844	G	0	0	2844	38.0
A_PB2	1561	2639	A	0	0	2639	35.0
A_PB2	1562	2850	C	0	0	2850	36.7
A_PB2	1563	2630	A	0	0	2630	34.5
A_PB2	1564	2521	C	0	0	2521	37.6
A_PB2	1565	2527	A	0	0	2527	35.4
A_PB2	1566	2386	A	0	0	2386	34.1
A_PB2	1567	2740	G	0	0	2740	35.6
A_PB2	1568	2976	G	0	0	2976	36.2
A_PB2	1569	2471	A	0	0	2471	34.2
A_PB2	1570	2687	A	0	0	2687	37.3
A_PB2	1571	2462	C	0	0	2462	34.9
A_PB2	1572	2781	G	0	0	2781	36.6
A_PB2	1573	2511	G	0	0	2511	36.4
A_PB2	1574	2646	A	0	0	2646	37.5
A_PB2	1575	2391	G	0	0	2391	34.9
A_PB2	1576	2261	A	0	0	2261	37.4
A_PB2	1577	2563	A	0	0	2563	34.6
A_PB2	1578	2590	A	0	0	2590	35.6
A_PB2	1579	2773	C	0	0	2773	34.6
A_PB2	1580	2644	T	0	0	2644	36.7
A_PB2	1581	2478	G	0	0	2478	35.6
A_PB2	1582	2389	A	0	0	2389	37.9
A_PB2	1583	2627	C	0	0	2627	37.2
A_PB2	1584	2353	A	0	0	2353	36.5
A_PB2	1585	2551	A	0	0	2551	36.7
A_PB2	1586	2353	T	0	0	2353	34.6
A_PB2	1587	2532	C	0	0	2532	35.8
A_PB2	1588	2636	A	0	0	2636	36.1
A_PB2	1589	2368	C	0	0	2368	36.9
A_PB2	1590	2303	T	0	0	2303	34.9
A_PB2	1591	2376	T	0	0	2376	35.7
A_PB2	1592	2248	A	0	0	2248	36.2
A_PB2	1593	2277	T	0	0	2277	36.2
A_PB2	1594	2439	T	0	0	2439	34.8
A_PB2	1595	2257	C	0	0	2257	37.5
A_PB2	1596	2292	G	0	0	2292	37.0
A_PB2	1597	2486	T	0	0	2486	37.9
A_PB2	1598	2371	C	0	0	2371	34.4
A_PB2	1599	2596	A	0	0	2596	34.6
A_PB2	1600	2178	T	0	0	2178	35.7
A_PB2	1601	2238	C	0	0	2238	34.4
A_PB2	1602	2111	A	0	0	2111	36.5
A_PB2	1603	2156	A	0	0	2156	36.1
A_PB2	1604	2381	T	0	0	2381	34.9
A_PB2	1605	2371	G	0	0	2371	35.0
A_PB2	1606	2095	A	0	0	2095	35.3
A_PB2	1607	2116	T	0	0	2116	36.2
A_PB2	1608	2414	G	0	0	2414	36.9
A_PB2	1609	2106	T	0	0	2106	36.9
A_PB2	1610	2129	G	0	0	2129	37.4
A_PB2	1611	2209	G	0	0	2209	34.9
A_PB2	1612	2335	G	0	0	2335	36.7
A_PB2	1613	2196	A	0	0	2196	35.1
A_PB2	1614	2282	G	0	0	2282	35.9
A_PB2	1615	2192	A	0	0	2192	34.5
A_PB2	1616	2249	T	0	0	2249	37.4
A_PB2	1617	2030	C	0	0	2030	34.3
A_PB2	1618	2228	A	0	0	2228	35.9
A_PB2	1619	2105	A	0	0	2105	37.2
A_PB2	1620	2131	T	0	0	2131	34.8
A_PB2	1621	2048	G	0	0	2048	36.6
A_PB2	1622	1972	G	0	0	1972	35.5
A_PB2	1623	2012	T	0	0	2012	35.6
A_PB2	1624	2328	C	0	0	2328	36.5
A_PB2	1625	1839	C	0	0	1839	37.6
A_PB2	1626	1868	T	0	0	1868	35.2
A_PB2	1627	2112	G	0	0	2112	34.7
A_PB2	1628	1758	A	0	0	1758	36.9
A_PB2	1629	1917	G	0	0	1917	35.0
A_PB2	1630	1898	T	0	0	1898	36.2
A_PB2	1631	1978	C	0	0	1978	36.7
A_PB2	1632	1939	G	0	0	1939	35.9
A_PB2	1633	1980	G	0	0	1980	34.4
A_PB2	1634	2028	T	0	0	2028	36.8
A_PB2	1635	2078	G	0	0	2078	34.6
A_PB2	1636	1884	T	0	0	1884	36.9
A_PB2	1637	2086	T	0	0	2086	36.6
A_PB2	1638	2125	G	0	0	2125	34.7
A_PB2	1639	1763	G	0	0	1763	37.3
A_PB2	1640	1721	T	0	0	1721	37.2
A_PB2	1641	1958	C	0	0	1958	34.4
A_PB2	1642	2000	A	0	0	2000	34.3
A_PB2	1643	1806	A	0	0	1806	37.9
A_PB2	1644	1950	T	0	0	1950	35.6
A_PB2	1645	1847	A	0	0	1847	37.7
A_PB2	1646	2088	C	0	0	2088	34.8
A_PB2	1647	1978	T	0	0	1978	34.6
A_PB2	1648	1820	T	0	0	1820	36.4
A_PB2	1649	1889	A	0	0	1889	35.0
A_PB2	1650	1813	C	0	0	1813	35.2
A_PB2	1651	1719	C	0	0	1719	34.3
A_PB2	1652	1815	A	0	0	1815	34.1
A_PB2	1653	1776	G	0	0	1776	35.5
A_PB2	1654	1781	T	0	0	1781	35.2
A_PB2	1655	1581	G	0	0	1581	36.5
A_PB2	1656	2151	G	0	0	2151	35.5
A_PB2	1657	1924	A	0	0	1924	34.8
A_PB2	1658	1909	T	0	0	1909	35.7
A_PB2	1659	1908	A	0	0	1908	35.1
A_PB2	1660	1883	A	0	0	1883	36.0
A_PB2	1661	1769	T	0	0	1769	36.1
A_PB2	1662	1971	T	0	0	1971	36.5
A_PB2	1663	1799	A	0	0	1799	36.7
A_PB2	1664	1616	G	0	0	1616	36.8
A_PB2	1665	1902	A	0	0	1902	37.3
A_PB2	1666	1872	A	0	0	1872	35.2
A_PB2	1667	1889	A	0	0	1889	37.1
A_PB2	1668	1659	C	0	0	1659	36.3
A_PB2	1669	2019	T	0	0	2019	36.9
A_PB2	1670	2129	G	0	0	2129	37.5
A_PB2	1671	1727	G	0	0	1727	37.8
A_PB2	1672	1980	G	0	0	1980	37.3
A_PB2	1673	1782	A	0	0	1782	36.5
A_PB2	1674	1742	A	0	0	1742	34.3
A_PB2	1675	1793	A	0	0	1793	35.0
A_PB2	1676	1856	C	0	0	1856	37.9
A_PB2	1677	1952	T	0	0	1952	37.5
A_PB2	1678	1707	G	0	0	1707	34.7
A_PB2	1679	1825	T	0	0	1825	36.3
A_PB2	1680	1826	A	0	0	1826	36.2
A_PB2	1681	1775	A	0	0	1775	36.8
A_PB2	1682	1770	A	0	0	1770	35.3
A_PB2	1683	1850	A	0	0	1850	36.6
A_PB2	1684	1750	A	0	0	1750	37.1
A_PB2	1685	1915	T	0	0	1915	35.3
A_PB2	1686	1776	T	0	0	1776	34.4
A_PB2	1687	1726	C	0	0	1726	36.9
A_PB2	1688	1817	A	0	0	1817	37.3
A_PB2	1689	1846	A	0	0	1846	37.7
A_PB2	1690	1869	T	0	0	1869	37.2
A_PB2	1691	1796	G	0	0	1796	34.0
A_PB2	1692	1756	G	0	0	1756	37.4
A_PB2	1693	1779	T	0	0	1779	37.4
A_PB2	1694	1986	C	0	0	1986	36.1
A_PB2	1695	1760	A	0	0	1760	36.6
A_PB2	1696	1931	C	0	0	1931	35.2
A_PB2	1697	1865	A	0	0	1865	35.4
A_PB2	1698	1926	G	0	0	1926	38.0
A_PB2	1699	1983	G	0	0	1983	34.0
A_PB2	1700	1901	A	0	0	1901	34.3
A_PB2	1701	1867	T	0	0	1867	36.0
A_PB2	1702	1808	C	0	0	1808	36.1
A_PB2	1703	1776	C	0	0	1776	37.0
A_PB2	1704	1906	C	0	0	1906	35.9
A_PB2	1705	1854	A	0	0	1854	38.0
A_PB2	1706	2046	C	0	0	2046	34.8
A_PB2	1707	1980	A	0	0	1980	34.0
A_PB2	1708	1806	A	0	0	1806	37.7
A_PB2	1709	1767	T	0	0	1767	36.6
A_PB2	1710	2004	G	0	0	2004	36.7
A_PB2	1711	1866	T	0	0	1866	35.0
A_PB2	1712	2011	T	0	0	2011	34.6
A_PB2	1713	2128	G	0	0	2128	36.1
A_PB2	1714	2096	T	0	0	2096	34.3
A_PB2	1715	1755	A	0	0	1755	37.2
A_PB2	1716	1915	T	0	0	1915	36.8
A_PB2	1717	1906	A	0	0	1906	35.9
A_PB2	1718	2098	A	0	0	2098	35.3
A_PB2	1719	1925	T	0	0	1925	34.8
A_PB2	1720	1745	A	0	0	1745	34.3
A_PB2	1721	2296	A	0	0	2296	35.7
A_PB2	1722	2214	G	0	0	2214	37.4
A_PB2	1723	1931	A	0	0	1931	36.9
A_PB2	1724	1872	T	0	0	1872	34.9
A_PB2	1725	2153	G	0	0	2153	34.2
A_PB2	1726	2040	G	0	0	2040	37.9
A_PB2	1727	2161	A	0	0	2161	35.2
A_PB2	1728	2020	A	0	0	2020	37.0
A_PB2	1729	2125	T	0	0	2125	34.2
A_PB2	1730	2057	T	0	0	2057	34.3
A_PB2	1731	2223	C	0	0	2223	35.5
A_PB2	1732	2050	G	0	0	2050	36.8
A_PB2	1733	2149	A	0	0	2149	35.1
A_PB2	1734	2126	G	0	0	2126	35.6
A_PB2	1735	1978	C	0	0	1978	36.9
A_PB2	1736	2126	C	0	0	2126	36.3
A_PB2	1737	2044	A	0	0	2044	36.6
A_PB2	1738	2113	T	0	0	2113	36.1
A_PB2	1739	2283	T	0	0	2283	34.6
A_PB2	1740	2013	C	0	0	2013	36.0
A_PB2	1741	2161	C	0	0	2161	36.6
A_PB2	1742	2194	A	0	0	2194	34.9
A_PB2	1743	2154	G	0	0	2154	36.3
A_PB2	1744	2016	T	0	0	2016	35.6
A_PB2	1745	2178	C	0	0	2178	36.2
A_PB2	1746	2335	T	0	0	2335	36.5
A_PB2	1747	2270	C	0	0	2270	34.8
A_PB2	1748	2074	T	0	0	2074	36.7
A_PB2	1749	2324	A	0	0	2324	34.1
A_PB2	1750	2251	G	0	0	2251	36.7
A_PB2	1751	2161	T	0	0	2161	37.5
A_PB2	1752	2332	C	0	0	2332	35.1
A_PB2	1753	2453	C	0	0	2453	37.8
A_PB2	1754	2384	C	0	0	2384	35.0
A_PB2	1755	2103	T	0	0	2103	36.0
A_PB2	1756	2188	A	0	0	2188	35.4
A_PB2	1757	2210	A	0	0	2210	34.3
A_PB2	1758	2415	G	0	0	2415	35.0
A_PB2	1759	2341	G	0	0	2341	36.5
A_PB2	1760	2352	C	0	0	2352	37.7
A_PB2	1761	2490	A	0	0	2490	34.4
A_PB2	1762	2506	G	0	0	2506	34.1
A_PB2	1763	2514	C	0	0	2514	37.7
A_PB2	1764	2297	C	0	0	2297	37.5
A_PB2	1765	2325	A	0	0	2325	34.2
A_PB2	1766	2356	G	0	0	2356	34.6
A_PB2	1767	2344	A	0	0	2344	36.7
A_PB2	1768	2522	G	0	0	2522	35.9
A_PB2	1769	2409	G	0	0	2409	34.7
A_PB2	1770	2285	T	0	0	2285	37.7
A_PB2	1771	2370	C	0	0	2370	36.7
A_PB2	1772	2759	A	0	0	2759	37.2
A_PB2	1773	2685	A	0	0	2685	34.4
A_PB2	1774	2669	T	0	0	2669	37.2
A_PB2	1775	2718	A	0	0	2718	35.7
A_PB2	1776	2676	C	0	0	2676	34.4
A_PB2	1777	2523	A	0	0	2523	34.2
A_PB2	1778	2587	G	0	0	2587	37.6
A_PB2	1779	2383	T	0	0	2383	36.8
A_PB2	1780	2818	G	0	0	2818	36.1
A_PB2	1781	2636	G	0	0	2636	35.5
A_PB2	1782	2457	G	0	0	2457	35.2
A_PB2	1783	2518	T	0	0	2518	34.5
A_PB2	1784	2697	T	0	0	2697	34.3
A_PB2	1785	2882	T	0	0	2882	34.8
A_PB2	1786	2795	G	0	0	2795	36.8
A_PB2	1787	2409	T	0	0	2409	37.8
A_PB2	1788	2678	G	0	0	2678	36.9
A_PB2	1789	2593	A	0	0	2593	36.1
A_PB2	1790	2773	G	0	0	2773	37.0
A_PB2	1791	2897	A	0	0	2897	34.4
A_PB2	1792	3039	A	0	0	3039	37.2
A_PB2	1793	2963	C	0	0	2963	36.5
A_PB2	1794	2741	A	0	0	2741	37.7
A_PB2	1795	2997	C	0	0	2997	36.1
A_PB2	1796	2923	T	0	0	2923	37.8
A_PB2	1797	2635	A	0	0	2635	35.2
A_PB2	1798	2614	T	0	0	2614	34.4
A_PB2	1799	2740	T	0	0	2740	37.1
A_PB2	1800	3003	C	0	0	3003	34.5
A_PB2	1801	2813	C	0	0	2813	34.4
A_PB2	1802	2992	A	0	0	2992	35.9
A_PB2	1803	2749	G	0	0	2749	34.9
A_PB2	1804	3039	C	0	0	3039	34.5
A_PB2	1805	3160	A	0	0	3160	35.9
A_PB2	1806	3184	A	0	0	3184	36.8
A_PB2	1807	2847	A	0	0	2847	35.7
A_PB2	1808	3064	T	0	0	3064	37.9
A_PB2	1809	3115	G	0	0	3115	35.9
A_PB2	1810	2725	A	0	0	2725	37.7
A_PB2	1811	2790	G	0	0	2790	35.7
A_PB2	1812	2872	A	0	0	2872	36.1
A_PB2	1813	2959	G	0	0	2959	35.7
A_PB2	1814	3032	A	0	0	3032	34.9
A_PB2	1815	2719	T	0	0	2719	34.1
A_PB2	1816	3073	G	0	0	3073	36.5
A_PB2	1817	2979	T	0	0	2979	36.2
A_PB2	1818	3156	G	0	0	3156	34.4
A_PB2	1819	3454	C	0	0	3454	36.5
A_PB2	1820	2825	T	0	0	2825	34.4
A_PB2	1821	3203	T	0	0	3203	37.7
A_PB2	1822	3020	G	0	0	3020	34.4
A_PB2	1823	2870	G	0	0	2870	34.6
A_PB2	1824	2906	A	0	0	2906	36.9
A_PB2	1825	3189	A	0	0	3189	34.6
A_PB2	1826	2999	C	0	0	2999	34.9
A_PB2	1827	2886	A	0	0	2886	35.4
A_PB2	1828	2964	T	0	0	2964	36.3
A_PB2	1829	3252	T	0	0	3252	36.5
A_PB2	1830	2877	T	0	0	2877	37.0
A_PB2	1831	2991	G	0	0	2991	37.4
A_PB2	1832	3411	A	0	0	3411	34.9
A_PB2	1833	2946	C	0	0	2946	36.9
A_PB2	1834	3274	A	0	0	3274	36.6
A_PB2	1835	3129	C	0	0	3129	36.2
A_PB2	1836	3258	T	0	0	3258	36.4
A_PB2	1837	3149	G	0	0	3149	35.1
A_PB2	1838	2891	T	0	0	2891	37.0
A_PB2	1839	3117	T	0	0	3117	35.2
A_PB2	1840	3171	C	0	0	3171	36.5
A_PB2	1841	3026	A	0	0	3026	35.1
A_PB2	1842	3299	G	0	0	3299	34.4
A_PB2	1843	3169	A	0	0	3169	37.8
A_PB2	1844	3132	T	0	0	3132	37.2
A_PB2	1845	3056	A	0	0	3056	34.8
A_PB2	1846	3396	G	0	0	3396	35.5
A_PB2	1847	2928	T	0	0	2928	37.0
A_PB2	1848	2969	A	0	0	2969	35.5
A_PB2	1849	3177	A	0	0	3177	35.2
A_PB2	1850	3085	A	0	0	3085	34.9
A_PB2	1851	2927	A	0	0	2927	34.2
A_PB2	1852	3242	C	0	0	3242	36.8
A_PB2	1853	3389	T	0	0	3389	34.9
A_PB2	1854	3194	C	0	0	3194	34.3
A_PB2	1855	3338	C	0	0	3338	36.0
A_PB2	1856	3472	T	0	0	3472	35.5
A_PB2	1857	3177	C	0	0	3177	37.6
A_PB2	1858	3521	C	0	0	3521	34.3
A_PB2	1859	3321	C	0	0	3321	34.2
A_PB2	1860	3114	C	0	0	3114	34.5
A_PB2	1861	3130	T	0	0	3130	34.2
A_PB2	1862	3235	T	0	0	3235	37.6
A_PB2	1863	3291	T	0	0	3291	36.0
A_PB2	1864	3486	G	0	0	3486	34.1
A_PB2	1865	3127	C	0	0	3127	36.0
A_PB2	1866	3231	T	0	0	3231	36.3
A_PB2	1867	3251	G	0	0	3251	34.5
A_PB2	1868	3542	C	0	0	3542	37.0
A_PB2	1869	3270	C	0	0	3270	37.5
A_PB2	1870	3621	G	0	0	3621	35.2
A_PB2	1871	3179	C	0	0	3179	37.6
A_PB2	1872	3458	C	0	0	3458	37.1
A_PB2	1873	3245	C	0	0	3245	35.6
A_PB2	1874	3138	C	0	0	3138	35.2
A_PB2	1875	3235	A	0	0	3235	34.8
A_PB2	1876	3203	C	0	0	3203	37.5
A_PB2	1877	3255	C	0	0	3255	37.1
A_PB2	1878	3341	G	0	0	3341	34.7
A_PB2	1879	3063	G	0	0	3063	34.6
A_PB2	1880	3232	A	0	0	3232	36.9
A_PB2	1881	3381	A	0	0	3381	36.2
A_PB2	1882	3814	C	0	0	3814	35.9
A_PB2	1883	3578	A	0	0	3578	36.1
A_PB2	1884	3086	A	0	0	3086	35.0
A_PB2	1885	3496	A	0	0	3496	34.2
A_PB2	1886	3552	G	0	0	3552	34.7
A_PB2	1887	3219	T	0	0	3219	35.8
A_PB2	1888	3589	A	0	0	3589	36.5
A_PB2	1889	3342	G	0	0	3342	36.1
A_PB2	1890	3233	G	0	0	3233	35.4
A_PB2	1891	3025	A	0	0	3025	36.8
A_PB2	1892	3024	T	0	0	3024	34.3
A_PB2	1893	3236	G	0	0	3236	36.4
A_PB2	1894	3474	C	0	0	3474	36.3
A_PB2	1895	3497	A	0	0	3497	37.9
A_PB2	1896	3561	G	0	0	3561	37.9
A_PB2	1897	3264	T	0	0	3264	36.4
A_PB2	1898	3090	T	0	0	3090	34.1
A_PB2	1899	3334	C	0	0	3334	35.8
A_PB2	1900	3238	T	0	0	3238	37.6
A_PB2	1901	3365	C	0	0	3365	36.6
A_PB2	1902	3739	C	0	0	3739	37.1
A_PB2	1903	3404	T	0	0	3404	35.6
A_PB2	1904	3272	C	0	0	3272	35.5
A_PB2	1905	3555	C	0	0	3555	35.7
A_PB2	1906	3494	C	0	0	3494	37.7
A_PB2	1907	3301	T	0	0	3301	35.4
A_PB2	1908	3197	G	0	0	3197	37.9
A_PB2	1909	3402	A	0	0	3402	36.9
A_PB2	1910	3110	C	0	0	3110	35.6
A_PB2	1911	3006	T	0	0	3006	36.3
A_PB2	1912	2971	G	0	0	2971	38.0
A_PB2	1913	3559	T	0	0	3559	35.6
A_PB2	1914	3086	G	0	0	3086	37.0
A_PB2	1915	2933	A	0	0	2933	36.1
A_PB2	1916	3081	A	0	0	3081	34.8
A_PB2	1917	3356	T	0	0	3356	37.5
A_PB2	1918	3413	G	0	0	3413	35.5
A_PB2	1919	3224	T	0	0	3224	34.2
A_PB2	1920	3100	A	0	0	3100	34.6
A_PB2	1921	3151	A	0	0	3151	34.2
A_PB2	1922	3079	G	0	0	3079	36.6
A_PB2	1923	3103	A	0	0	3103	36.2
A_PB2	1924	3351	G	0	0	3351	35.8
A_PB2	1925	3571	G	0	0	3571	37.6
A_PB2	1926	3542	A	0	0	3542	34.5
A_PB2	1927	3227	T	0	0	3227	36.7
A_PB2	1928	3678	C	0	0	3678	34.9
A_PB2	1929	3055	A	0	0	3055	35.4
A_PB2	1930	3022	G	0	0	3022	35.9
A_PB2	1931	2949	G	0	0	2949	35.6
A_PB2	1932	3254	A	0	0	3254	37.6
A_PB2	1933	3329	A	0	0	3329	37.4
A_PB2	1934	3193	T	0	0	3193	34.5
A_PB2	1935	3071	G	0	0	3071	37.8
A_PB2	1936	2642	A	0	0	2642	36.7
A_PB2	1937	3025	G	0	0	3025	36.6
A_PB2	1938	3439	G	0	0	3439	37.5
A_PB2	1939	3341	A	0	0	3341	35.5
A_PB2	1940	3234	T	0	0	3234	35.9
A_PB2	1941	2984	A	0	0	2984	37.7
A_PB2	1942	3219	C	0	0	3219	35.5
A_PB2	1943	3157	T	0	0	3157	37.7
A_PB2	1944	3040	G	0	0	3040	37.5
A_PB2	1945	2992	G	0	0	2992	34.3
A_PB2	1946	3197	T	0	0	3197	36.4
A_PB2	1947	3184	A	0	0	3184	35.4
A_PB2	1948	3070	A	0	0	3070	35.4
A_PB2	1949	3298	G	0	0	3298	34.1
A_PB2	1950	3372	A	0	0	3372	36.0
A_PB2	1951	3275	G	0	0	3275	36.7
A_PB2	1952	3191	G	0	0	3191	35.8
A_PB2	1953	3185	C	0	0	3185	34.9
A_PB2	1954	2784	A	0	0	2784	36.6
A_PB2	1955	2835	A	0	0	2835	35.1
A_PB2	1956	3005	T	0	0	3005	34.0
A_PB2	1957	3044	T	0	0	3044	36.6
A_PB2	1958	2955	C	0	0	2955	37.2
A_PB2	1959	2987	A	0	0	2987	34.2
A_PB2	1960	2964	C	0	0	2964	37.0
A_PB2	1961	2911	C	0	0	2911	34.1
A_PB2	1962	3162	A	0	0	3162	35.0
A_PB2	1963	2937	G	0	0	2937	36.1
A_PB2	1964	3371	T	0	0	3371	34.2
A_PB2	1965	3027	C	0	0	3027	37.7
A_PB2	1966	3261	T	0	0	3261	37.1
A_PB2	1967	2894	T	0	0	2894	37.2
A_PB2	1968	2918	C	0	0	2918	36.5
A_PB2	1969	2965	A	0	0	2965	35.2
A_PB2	1970	2887	A	0	0	2887	35.2
A_PB2	1971	2875	T	0	0	2875	35.3
A_PB2	1972	2873	T	0	0	2873	35.1
A_PB2	1973	2829	A	0	0	2829	35.1
A_PB2	1974	2896	C	0	0	2896	36.1
A_PB2	1975	2765	A	0	0	2765	34.8
A_PB2	1976	3024	A	0	0	3024	37.9
A_PB2	1977	3224	C	0	0	3224	37.6
A_PB2	1978	3210	A	0	0	3210	36.6
A_PB2	1979	3005	A	0	0	3005	35.2
A_PB2	1980	2786	G	0	0	2786	34.4
A_PB2	1981	2705	G	0	0	2705	35.0
A_PB2	1982	3065	C	0	0	3065	35.1
A_PB2	1983	3118	C	0	0	3118	37.6
A_PB2	1984	3030	A	0	0	3030	36.2
A_PB2	1985	2969	C	0	0	2969	35.4
A_PB2	1986	3230	C	0	0	3230	34.8
A_PB2	1987	3070	A	0	0	3070	35.7
A_PB2	1988	3314	A	0	0	3314	35.9
A_PB2	1989	3297	G	0	0	3297	36.3
A_PB2	1990	3134	A	0	0	3134	35.9
A_PB2	1991	2670	G	0	0	2670	36.7
A_PB2	1992	2880	G	0	0	2880	35.5
A_PB2	1993	3125	C	0	0	3125	37.7
A_PB2	1994	3013	T	0	0	3013	34.6
A_PB2	1995	3122	C	0	0	3122	37.4
A_PB2	1996	3095	A	0	0	3095	35.6
A_PB2	1997	2883	C	0	0	2883	35.1
A_PB2	1998	2835	A	0	0	2835	37.2
A_PB2	1999	2957	G	0	0	2957	35.5
A_PB2	2000	3214	T	0	0	3214	37.2
A_PB2	2001	3427	T	0	0	3427	36.6
A_PB2	2002	3000	C	0	0	3000	35.4
A_PB2	2003	3537	T	0	0	3537	34.7
A_PB2	2004	2793	C	0	0	2793	36.3
A_PB2	2005	3209	G	0	0	3209	35.2
A_PB2	2006	3452	G	0	0	3452	35.8
A_PB2	2007	3026	G	0	0	3026	36.1
A_PB2	2008	3454	A	0	0	3454	34.6
A_PB2	2009	3023	A	0	0	3023	37.2
A_PB2	2010	3304	A	0	0	3304	37.0
A_PB2	2011	3018	G	0	0	3018	36.7
A_PB2	2012	3202	A	0	0	3202	38.0
A_PB2	2013	2945	T	0	0	2945	37.3
A_PB2	2014	2997	G	0	0	2997	35.6
A_PB2	2015	3341	C	0	0	3341	35.2
A_PB2	2016	3091	A	0	0	3091	36.6
A_PB2	2017	3358	G	0	0	3358	34.3
A_PB2	2018	2949	G	0	0	2949	35.1
A_PB2	2019	2902	T	0	0	2902	35.8
A_PB2	2020	3030	G	0	0	3030	37.0
A_PB2	2021	3272	C	0	0	3272	34.7
A_PB2	2022	2985	A	0	0	2985	34.3
A_PB2	2023	3173	T	0	0	3173	38.0
A_PB2	2024	2964	T	0	0	2964	35.7
A_PB2	2025	3491	G	0	0	3491	34.0
A_PB2	2026	2917	A	0	0	2917	37.9
A_PB2	2027	3171	C	0	0	3171	37.6
A_PB2	2028	3134	C	0	0	3134	35.1
A_PB2	2029	3510	G	0	0	3510	35.1
A_PB2	2030	3006	A	0	0	3006	35.8
A_PB2	2031	3248	A	0	0	3248	35.9
A_PB2	2032	2867	G	0	0	2867	38.0
A_PB2	2033	3027	A	0	0	3027	37.8
A_PB2	2034	3003	T	0	0	3003	35.5
A_PB2	2035	2740	C	0	0	2740	34.4
A_PB2	2036	3261	C	0	0	3261	37.0
A_PB2	2037	3082	A	0	0	3082	34.4
A_PB2	2038	2829	G	0	0	2829	36.3
A_PB2	2039	2887	A	0	0	2887	37.9
A_PB2	2040	3144	T	0	0	3144	37.1
A_PB2	2041	3011	G	0	0	3011	37.0
A_PB2	2042	3353	A	0	0	3353	35.6
A_PB2	2043	2862	A	0	0	2862	35.9
A_PB2	2044	3216	G	0	0	3216	37.9
A_PB2	2045	3544	G	0	0	3544	36.0
A_PB2	2046	3116	C	0	0	3116	36.6
A_PB2	2047	3570	A	0	0	3570	34.7
A_PB2	2048	2964	C	0	0	2964	35.4
A_PB2	2049	3056	A	0	0	3056	36.4
A_PB2	2050	3102	G	0	0	3102	36.2
A_PB2	2051	3291	C	0	0	3291	37.2
A_PB2	2052	3133	T	0	0	3133	36.1
A_PB2	2053	3001	G	0	0	3001	37.6
A_PB2	2054	3300	G	0	0	3300	35.1
A_PB2	2055	3235	A	0	0	3235	37.6
A_PB2	2056	3033	G	0	0	3033	36.7
A_PB2	2057	3149	T	0	0	3149	35.3
A_PB2	2058	3355	G	0	0	3355	34.3
A_PB2	2059	3089	G	0	0	3089	37.6
A_PB2	2060	3017	A	0	0	3017	35.5
A_PB2	2061	3238	G	0	0	3238	36.8
A_PB2	2062	3002	T	0	0	3002	35.2
A_PB2	2063	3131	C	0	0	3131	35.3
A_PB2	2064	3148	T	0	0	3148	34.3
A_PB2	2065	2999	G	0	0	2999	36.6
A_PB2	2066	3249	C	0	0	3249	37.1
A_PB2	2067	3128	T	0	0	3128	34.5
A_PB2	2068	3531	G	0	0	3531	35.2
A_PB2	2069	3070	T	0	0	3070	34.6
A_PB2	2070	3570	T	0	0	3570	37.0
A_PB2	2071	3162	T	0	0	3162	35.1
A_PB2	2072	3435	T	0	0	3435	37.1
A_PB2	2073	3475	A	0	0	3475	37.0
A_PB2	2074	3405	A	0	0	3405	36.6
A_PB2	2075	3224	G	0	0	3224	37.9
A_PB2	2076	3288	A	0	0	3288	37.8
A_PB2	2077	3610	G	0	0	3610	34.2
A_PB2	2078	3611	G	0	0	3611	36.0
A_PB2	2079	3416	A	0	0	3416	37.9
A_PB2	2080	3497	T	0	0	3497	35.0
A_PB2	2081	3395	T	0	0	3395	34.9
A_PB2	2082	3379	C	0	0	3379	37.4
A_PB2	2083	3227	C	0	0	3227	34.4
A_PB2	2084	3394	T	0	0	3394	37.7
A_PB2	2085	3161	C	0	0	3161	36.0
A_PB2	2086	3573	A	0	0	3573	36.8
A_PB2	2087	3081	T	0	0	3081	34.1
A_PB2	2088	3764	T	0	0	3764	35.2
A_PB2	2089	3511	T	0	0	3511	36.1
A_PB2	2090	3256	T	0	0	3256	34.9
A_PB2	2091	3712	G	0	0	3712	38.0
A_PB2	2092	3690	G	0	0	3690	34.8
A_PB2	2093	3588	G	0	0	3588	37.0
A_PB2	2094	3282	C	0	0	3282	36.9
A_PB2	2095	3406	A	0	0	3406	34.8
A_PB2	2096	3315	A	0	0	3315	35.2
A_PB2	2097	3768	A	0	0	3768	36.8
A_PB2	2098	3448	G	0	0	3448	37.5
A_PB2	2099	3037	A	0	0	3037	37.4
A_PB2	2100	3420	A	0	0	3420	34.8
A_PB2	2101	3497	G	0	0	3497	36.8
A_PB2	2102	3661	A	0	0	3661	34.4
A_PB2	2103	3352	C	0	0	3352	36.1
A_PB2	2104	3628	A	0	0	3628	36.1
A_PB2	2105	3644	A	0	0	3644	35.5
A_PB2	2106	3409	G	0	0	3409	35.4
A_PB2	2107	3393	A	0	0	3393	36.4
A_PB2	2108	3634	G	0	0	3634	37.7
A_PB2	2109	3182	A	0	0	3182	37.0
A_PB2	2110	3356	T	0	0	3356	34.5
A_PB2	2111	3209	A	0	0	3209	35.4
A_PB2	2112	3749	T	0	0	3749	37.7
A_PB2	2113	3135	G	0	0	3135	36.1
A_PB2	2114	3516	G	0	0	3516	37.6
A_PB2	2115	3390	C	0	0	3390	37.6
A_PB2	2116	3387	C	0	0	3387	35.0
A_PB2	2117	3516	C	0	0	3516	34.4
A_PB2	2118	3744	A	0	0	3744	34.3
A_PB2	2119	3473	G	0	0	3473	36.8
A_PB2	2120	3387	C	0	0	3387	37.8
A_PB2	2121	3871	A	0	0	3871	35.9
A_PB2	2122	3615	T	0	0	3615	35.9
A_PB2	2123	4189	T	0	0	4189	34.9
A_PB2	2124	3260	G	0	0	3260	34.9
A_PB2	2125	3552	A	0	0	3552	35.5
A_PB2	2126	3326	G	0	0	3326	36.7
A_PB2	2127	3663	C	0	0	3663	34.9
A_PB2	2128	3598	A	0	0	3598	36.0
A_PB2	2129	3662	T	0	0	3662	36.5
A_PB2	2130	3523	C	0	0	3523	35.7
A_PB2	2131	3546	A	0	0	3546	37.5
A_PB2	2132	3959	A	0	0	3959	36.1
A_PB2	2133	3819	T	0	0	3819	35.0
A_PB2	2134	3567	G	0	0	3567	36.9
A_PB2	2135	3360	A	0	0	3360	34.8
A_PB2	2136	3220	G	0	0	3220	37.0
A_PB2	2137	3825	C	0	0	3825	35.9
A_PB2	2138	3465	T	0	0	3465	34.7
A_PB2	2139	3296	G	0	0	3296	34.9
A_PB2	2140	3562	A	0	0	3562	37.4
A_PB2	2141	3970	G	0	0	3970	36.0
A_PB2	2142	3477	C	0	0	3477	34.4
A_PB2	2143	3827	A	0	0	3827	36.6
A_PB2	2144	4094	A	0	0	4094	37.2
A_PB2	2145	3551	T	0	0	3551	36.9
A_PB2	2146	3878	C	0	0	3878	34.9
A_PB2	2147	3756	T	0	0	3756	35.5
A_PB2	2148	3681	T	0	0	3681	36.2
A_PB2	2149	3677	G	0	0	3677	36.2
A_PB2	2150	3219	C	0	0	3219	37.6
A_PB2	2151	3248	A	0	0	3248	37.6
A_PB2	2152	3299	A	0	0	3299	35.4
A_PB2	2153	3260	A	0	0	3260	36.4
A_PB2	2154	3212	G	0	0	3212	34.9
A_PB2	2155	3376	G	0	0	3376	36.4
A_PB2	2156	3343	G	0	0	3343	34.3
A_PB2	2157	3565	A	0	0	3565	37.6
A_PB2	2158	3331	G	0	0	3331	35.5
A_PB2	2159	3181	A	0	0	3181	34.8
A_PB2	2160	3038	G	0	0	3038	36.1
A_PB2	2161	3085	A	0	0	3085	37.9
A_PB2	2162	3129	A	0	0	3129	35.3
A_PB2	2163	3365	G	0	0	3365	34.7
A_PB2	2164	3096	G	0	0	3096	37.8
A_PB2	2165	2909	C	0	0	2909	37.0
A_PB2	2166	3117	T	0	0	3117	35.9
A_PB2	2167	3105	A	0	0	3105	37.8
A_PB2	2168	2817	A	0	0	2817	37.5
A_PB2	2169	2707	T	0	0	2707	36.2
A_PB2	2170	2775	G	0	0	2775	35.2
A_PB2	2171	2649	T	0	0	2649	37.3
A_PB2	2172	2850	G	0	0	2850	35.6
A_PB2	2173	2789	C	0	0	2789	34.8
A_PB2	2174	2589	T	0	0	2589	34.1
A_PB2	2175	2997	A	0	0	2997	35.8
A_PB2	2176	2488	A	0	0	2488	34.1
A_PB2	2177	2671	T	0	0	2671	36.6
A_PB2	2178	2503	T	0	0	2503	37.1
A_PB2	2179	2461	G	0	0	2461	35.3
A_PB2	2180	2601	G	0	0	2601	37.4
A_PB2	2181	2526	G	0	0	2526	35.9
A_PB2	2182	2680	C	0	0	2680	36.3
A_PB2	2183	2596	A	0	0	2596	36.2
A_PB2	2184	2672	A	0	0	2672	34.4
A_PB2	2185	2277	G	0	0	2277	36.3
A_PB2	2186	2460	G	0	0	2460	35.3
A_PB2	2187	2209	A	0	0	2209	34.9
A_PB2	2188	2488	G	0	0	2488	37.5
A_PB2	2189	2307	A	0	0	2307	37.8
A_PB2	2190	2315	C	0	0	2315	36.4
A_PB2	2191	2080	G	0	0	2080	37.6
A_PB2	2192	2145	T	0	0	2145	35.3
A_PB2	2193	2050	A	0	0	2050	35.5
A_PB2	2194	2155	G	0	0	2155	35.2
A_PB2	2195	2098	T	0	0	2098	36.0
A_PB2	2196	2112	G	0	0	2112	35.1
A_PB2	2197	1911	T	0	0	1911	37.9
A_PB2	2198	2011	T	0	0	2011	34.0
A_PB2	2199	1884	G	0	0	1884	35.1
A_PB2	2200	1882	G	0	0	1882	36.3
A_PB2	2201	1941	T	0	0	1941	37.8
A_PB2	2202	1981	G	0	0	1981	38.0
A_PB2	2203	1890	A	0	0	1890	34.8
A_PB2	2204	1720	T	0	0	1720	38.0
A_PB2	2205	1713	G	0	0	1713	36.4
A_PB2	2206	1635	A	0	0	1635	36.4
A_PB2	2207	1698	A	0	0	1698	36.0
A_PB2	2208	1793	A	0	0	1793	35.6
A_PB2	2209	1647	C	0	0	1647	36.2
A_PB2	2210	1579	G	0	0	1579	36.1
A_PB2	2211	1666	G	0	0	1666	37.7
A_PB2	2212	1591	A	0	0	1591	35.2
A_PB2	2213	1554	A	0	0	1554	35.3
A_PB2	2214	1595	A	0	0	1595	34.2
A_PB2	2215	1600	C	0	0	1600	36.8
A_PB2	2216	1469	G	0	0	1469	37.6
A_PB2	2217	1506	G	0	0	1506	34.2
A_PB2	2218	1204	G	0	0	1204	36.2
A_PB2	2219	1282	A	0	0	1282	36.6
A_PB2	2220	1396	C	0	0	1396	34.7
A_PB2	2221	1330	T	0	0	1330	37.7
A_PB2	2222	1463	C	0	0	1463	35.6
A_PB2	2223	1347	T	0	0	1347	37.1
A_PB2	2224	1247	A	0	0	1247	36.1
A_PB2	2225	1152	G	0	0	1152	36.6
A_PB2	2226	1301	C	0	0	1301	37.4
A_PB2	2227	1192	A	0	0	1192	35.7
A_PB2	2228	1227	T	0	0	1227	36.6
A_PB2	2229	1102	A	0	0	1102	37.5
A_PB2	2230	1115	C	0	0	1115	37.2
A_PB2	2231	1030	T	0	0	1030	35.0
A_PB2	2232	1021	T	0	0	1021	34.1
A_PB2	2233	1001	A	0	0	1001	37.8
A_PB2	2234	897	C	0	0	897	36.8
A_PB2	2235	946	T	0	0	946	34.2
A_PB2	2236	988	G	0	0	988	36.4
A_PB2	2237	805	A	0	0	805	34.8
A_PB2	2238	865	C	0	0	865	35.7
A_PB2	2239	854	A	0	0	854	35.7
A_PB2	2240	893	G	0	0	893	35.2
A_PB2	2241	769	C	0	0	769	35.6
A_PB2	2242	731	C	0	0	731	37.7
A_PB2	2243	717	A	0	0	717	35.5
A_PB2	2244	788	G	0	0	788	35.2
A_PB2	2245	692	A	0	0	692	37.6
A_PB2	2246	773	C	0	0	773	37.3
A_PB2	2247	679	A	0	0	679	37.9
A_PB2	2248	609	G	0	0	609	36.1
A_PB2	2249	639	C	0	0	639	35.9
A_PB2	2250	605	G	0	0	605	34.7
A_PB2	2251	594	A	0	0	594	36.1
A_PB2	2252	521	C	0	0	521	37.3
A_PB2	2253	562	C	0	0	562	37.8
A_PB2	2254	524	A	0	0	524	37.4
A_PB2	2255	456	A	0	0	456	35.1
A_PB2	2256	446	A	0	0	446	35.1
A_PB2	2257	414	A	0	0	414	35.3
A_PB2	2258	426	G	0	0	426	34.6
A_PB2	2259	443	A	0	0	443	36.0
A_PB2	2260	399	A	0	0	399	36.0
A_PB2	2261	367	T	0	0	367	34.8
A_PB2	2262	325	T	0	0	325	37.6
A_PB2	2263	339	C	0	0	339	34.9
A_PB2	2264	292	G	0	0	292	37.4
A_PB2	2265	279	G	0	0	279	35.7
A_PB2	2266	244	A	0	0	244	36.7
A_PB2	2267	244	T	0	0	244	36.9
A_PB2	2268	244	G	0	0	244	37.1
A_PB2	2269	196	G	0	0	196	36.7
A_PB2	2270	188	C	0	0	188	36.9
A_PB2	2271	185	C	0	0	185	36.7
A_PB2	2272	143	A	0	0	143	37.3
A_PB2	2273	132	T	0	0	132	35.2
A_PB2	2274	119	C	0	0	119	37.2
A_PB2	2275	87	A	0	0	87	36.6
A_PB2	2276	75	A	0	0	75	36.4
A_PB2	2277	56	T	0	0	56	36.6
A_PB2	2278	36	T	0	0	36	36.6
A_PB2	2279	18	A	0	0	18	37.3
A_PB2	2280	0	G	0	0	0	35.9
